-2.0000e+02 -2.0000e+02 2.3718e+00
-2.0000e+02 -1.9000e+02 7.3471e-01
-2.0000e+02 -1.8000e+02 1.9170e+00
-2.0000e+02 -1.7000e+02 -1.6578e+00
-2.0000e+02 -1.6000e+02 9.0502e-02
-2.0000e+02 -1.5000e+02 -9.5666e-01
-2.0000e+02 -1.4000e+02 -1.7774e+00
-2.0000e+02 -1.3000e+02 -1.4237e+00
-2.0000e+02 -1.2000e+02 2.1735e-02
-2.0000e+02 -1.1000e+02 -2.2421e+00
-2.0000e+02 -1.0000e+02 -7.2110e-01
-2.0000e+02 -9.0000e+01 -1.3653e+00
-2.0000e+02 -8.0000e+01 1.6404e+00
-2.0000e+02 -7.0000e+01 -4.8568e-01
-2.0000e+02 -6.0000e+01 1.1066e-01
-2.0000e+02 -5.0000e+01 -1.8014e+00
-2.0000e+02 -4.0000e+01 -7.6709e-01
-2.0000e+02 -3.0000e+01 -1.4479e+00
-2.0000e+02 -2.0000e+01 -2.5531e-02
-2.0000e+02 -1.0000e+01 -3.9714e-02
-2.0000e+02 0.0000e+00 -2.0463e+00
-2.0000e+02 1.0000e+01 1.4551e+00
-2.0000e+02 2.0000e+01 -3.3129e+00
-2.0000e+02 3.0000e+01 -8.3803e-01
-2.0000e+02 4.0000e+01 2.5223e+00
-2.0000e+02 5.0000e+01 -1.2422e+00
-2.0000e+02 6.0000e+01 -5.5150e-01
-2.0000e+02 7.0000e+01 1.7282e+00
-2.0000e+02 8.0000e+01 -2.4537e+00
-2.0000e+02 9.0000e+01 8.8129e-01
-2.0000e+02 1.0000e+02 1.9016e+00
-2.0000e+02 1.1000e+02 1.2275e+00
-2.0000e+02 1.2000e+02 -5.3118e-01
-2.0000e+02 1.3000e+02 -2.1037e+00
-2.0000e+02 1.4000e+02 8.6209e-01
-2.0000e+02 1.5000e+02 -3.0422e-01
-2.0000e+02 1.6000e+02 -1.2462e+00
-2.0000e+02 1.7000e+02 9.1804e-01
-2.0000e+02 1.8000e+02 5.7683e-02
-2.0000e+02 1.9000e+02 1.5133e-01
-2.0000e+02 2.0000e+02 -1.5039e+00
-1.9000e+02 -2.0000e+02 -4.0912e-01
-1.9000e+02 -1.9000e+02 1.1369e+00
-1.9000e+02 -1.8000e+02 -2.6636e-01
-1.9000e+02 -1.7000e+02 -5.0744e-01
-1.9000e+02 -1.6000e+02 -2.2449e-01
-1.9000e+02 -1.5000e+02 1.1285e+00
-1.9000e+02 -1.4000e+02 -1.6762e+00
-1.9000e+02 -1.3000e+02 1.7769e+00
-1.9000e+02 -1.2000e+02 1.2464e+00
-1.9000e+02 -1.1000e+02 -1.9534e-01
-1.9000e+02 -1.0000e+02 1.6176e+00
-1.9000e+02 -9.0000e+01 3.9249e-01
-1.9000e+02 -8.0000e+01 5.7823e-01
-1.9000e+02 -7.0000e+01 -4.2010e-01
-1.9000e+02 -6.0000e+01 -9.1001e-01
-1.9000e+02 -5.0000e+01 -2.3516e+00
-1.9000e+02 -4.0000e+01 1.2641e+00
-1.9000e+02 -3.0000e+01 3.7292e-01
-1.9000e+02 -2.0000e+01 5.8760e-02
-1.9000e+02 -1.0000e+01 -2.3185e+00
-1.9000e+02 0.0000e+00 -1.0894e+00
-1.9000e+02 1.0000e+01 8.6003e-01
-1.9000e+02 2.0000e+01 4.7178e-01
-1.9000e+02 3.0000e+01 -9.0146e-01
-1.9000e+02 4.0000e+01 -2.1859e+00
-1.9000e+02 5.0000e+01 9.7993e-01
-1.9000e+02 6.0000e+01 1.4336e+00
-1.9000e+02 7.0000e+01 2.2048e+00
-1.9000e+02 8.0000e+01 -2.8174e+00
-1.9000e+02 9.0000e+01 3.7902e+00
-1.9000e+02 1.0000e+02 1.4509e+00
-1.9000e+02 1.1000e+02 1.7223e+00
-1.9000e+02 1.2000e+02 -2.6752e+00
-1.9000e+02 1.3000e+02 6.3389e-01
-1.9000e+02 1.4000e+02 1.4404e-01
-1.9000e+02 1.5000e+02 1.7386e+00
-1.9000e+02 1.6000e+02 4.7251e-01
-1.9000e+02 1.7000e+02 1.6040e+00
-1.9000e+02 1.8000e+02 1.1952e-01
-1.9000e+02 1.9000e+02 1.3301e-01
-1.9000e+02 2.0000e+02 -1.6140e+00
-1.8000e+02 -2.0000e+02 -6.3650e-01
-1.8000e+02 -1.9000e+02 -9.8391e-01
-1.8000e+02 -1.8000e+02 -1.5366e+00
-1.8000e+02 -1.7000e+02 -2.9342e-01
-1.8000e+02 -1.6000e+02 1.6711e+00
-1.8000e+02 -1.5000e+02 -1.6902e-01
-1.8000e+02 -1.4000e+02 6.5426e-01
-1.8000e+02 -1.3000e+02 9.8501e-01
-1.8000e+02 -1.2000e+02 2.4693e+00
-1.8000e+02 -1.1000e+02 2.0561e+00
-1.8000e+02 -1.0000e+02 -3.8952e+00
-1.8000e+02 -9.0000e+01 -2.2714e+00
-1.8000e+02 -8.0000e+01 -1.1198e+00
-1.8000e+02 -7.0000e+01 -1.4961e+00
-1.8000e+02 -6.0000e+01 -4.6207e+00
-1.8000e+02 -5.0000e+01 -2.5546e-01
-1.8000e+02 -4.0000e+01 -1.3140e+00
-1.8000e+02 -3.0000e+01 -4.3987e-01
-1.8000e+02 -2.0000e+01 3.0355e+00
-1.8000e+02 -1.0000e+01 -3.1749e-01
-1.8000e+02 0.0000e+00 -8.7507e-02
-1.8000e+02 1.0000e+01 -1.3117e-01
-1.8000e+02 2.0000e+01 -6.9581e-01
-1.8000e+02 3.0000e+01 -3.3538e+00
-1.8000e+02 4.0000e+01 1.8968e-01
-1.8000e+02 5.0000e+01 -1.2502e+00
-1.8000e+02 6.0000e+01 3.2643e-01
-1.8000e+02 7.0000e+01 1.0487e-01
-1.8000e+02 8.0000e+01 1.9084e+00
-1.8000e+02 9.0000e+01 1.9389e+00
-1.8000e+02 1.0000e+02 4.2787e+00
-1.8000e+02 1.1000e+02 9.9827e-01
-1.8000e+02 1.2000e+02 -1.6312e+00
-1.8000e+02 1.3000e+02 2.1075e+00
-1.8000e+02 1.4000e+02 -5.8523e-01
-1.8000e+02 1.5000e+02 5.1171e-01
-1.8000e+02 1.6000e+02 -1.1387e-01
-1.8000e+02 1.7000e+02 7.9016e-01
-1.8000e+02 1.8000e+02 -5.5226e-01
-1.8000e+02 1.9000e+02 1.9292e+00
-1.8000e+02 2.0000e+02 1.4548e+00
-1.7000e+02 -2.0000e+02 -8.6423e-01
-1.7000e+02 -1.9000e+02 -2.3388e+00
-1.7000e+02 -1.8000e+02 1.0892e+00
-1.7000e+02 -1.7000e+02 -1.0846e+00
-1.7000e+02 -1.6000e+02 -1.9518e+00
-1.7000e+02 -1.5000e+02 -1.2180e+00
-1.7000e+02 -1.4000e+02 1.1514e+00
-1.7000e+02 -1.3000e+02 3.5758e+00
-1.7000e+02 -1.2000e+02 8.3535e-01
-1.7000e+02 -1.1000e+02 1.3746e+00
-1.7000e+02 -1.0000e+02 -6.9051e-01
-1.7000e+02 -9.0000e+01 1.1890e+00
-1.7000e+02 -8.0000e+01 6.9568e-02
-1.7000e+02 -7.0000e+01 -9.4142e-02
-1.7000e+02 -6.0000e+01 1.6405e-01
-1.7000e+02 -5.0000e+01 -1.3807e+00
-1.7000e+02 -4.0000e+01 -1.0574e+00
-1.7000e+02 -3.0000e+01 -1.6978e+00
-1.7000e+02 -2.0000e+01 -6.4019e-01
-1.7000e+02 -1.0000e+01 1.1721e+00
-1.7000e+02 0.0000e+00 -2.7922e+00
-1.7000e+02 1.0000e+01 -2.0615e+00
-1.7000e+02 2.0000e+01 7.9890e-01
-1.7000e+02 3.0000e+01 -2.0680e+00
-1.7000e+02 4.0000e+01 -9.9741e-01
-1.7000e+02 5.0000e+01 -3.1946e-01
-1.7000e+02 6.0000e+01 8.6073e-01
-1.7000e+02 7.0000e+01 3.9640e-01
-1.7000e+02 8.0000e+01 -7.1493e-01
-1.7000e+02 9.0000e+01 7.9298e-01
-1.7000e+02 1.0000e+02 -1.4182e+00
-1.7000e+02 1.1000e+02 1.3131e+00
-1.7000e+02 1.2000e+02 -2.3605e+00
-1.7000e+02 1.3000e+02 -9.0043e-01
-1.7000e+02 1.4000e+02 1.7050e+00
-1.7000e+02 1.5000e+02 -4.9161e-01
-1.7000e+02 1.6000e+02 -1.3041e+00
-1.7000e+02 1.7000e+02 2.1533e-01
-1.7000e+02 1.8000e+02 -2.0464e-01
-1.7000e+02 1.9000e+02 8.4267e-01
-1.7000e+02 2.0000e+02 2.6212e+00
-1.6000e+02 -2.0000e+02 6.4036e-02
-1.6000e+02 -1.9000e+02 1.3671e+00
-1.6000e+02 -1.8000e+02 6.1805e-01
-1.6000e+02 -1.7000e+02 7.3351e-02
-1.6000e+02 -1.6000e+02 1.5547e-01
-1.6000e+02 -1.5000e+02 -6.8328e-01
-1.6000e+02 -1.4000e+02 -1.0226e+00
-1.6000e+02 -1.3000e+02 5.7671e-01
-1.6000e+02 -1.2000e+02 2.1499e+00
-1.6000e+02 -1.1000e+02 1.4442e+00
-1.6000e+02 -1.0000e+02 1.1672e+00
-1.6000e+02 -9.0000e+01 4.8217e-01
-1.6000e+02 -8.0000e+01 -4.2506e+00
-1.6000e+02 -7.0000e+01 -6.1061e-01
-1.6000e+02 -6.0000e+01 -1.1107e-01
-1.6000e+02 -5.0000e+01 -5.7781e-01
-1.6000e+02 -4.0000e+01 9.4905e-03
-1.6000e+02 -3.0000e+01 -5.5265e-01
-1.6000e+02 -2.0000e+01 -1.3943e+00
-1.6000e+02 -1.0000e+01 -4.0117e+00
-1.6000e+02 0.0000e+00 -7.4025e-01
-1.6000e+02 1.0000e+01 2.3566e+00
-1.6000e+02 2.0000e+01 -1.3016e+00
-1.6000e+02 3.0000e+01 2.2267e+00
-1.6000e+02 4.0000e+01 -3.6193e-01
-1.6000e+02 5.0000e+01 5.0210e-02
-1.6000e+02 6.0000e+01 2.3640e+00
-1.6000e+02 7.0000e+01 2.3139e+00
-1.6000e+02 8.0000e+01 -3.9538e-01
-1.6000e+02 9.0000e+01 -7.1348e-01
-1.6000e+02 1.0000e+02 1.1362e-01
-1.6000e+02 1.1000e+02 1.8067e+00
-1.6000e+02 1.2000e+02 -2.0700e+00
-1.6000e+02 1.3000e+02 1.2041e-02
-1.6000e+02 1.4000e+02 -1.2604e-01
-1.6000e+02 1.5000e+02 5.5499e-01
-1.6000e+02 1.6000e+02 -2.4090e-01
-1.6000e+02 1.7000e+02 2.6761e-01
-1.6000e+02 1.8000e+02 2.2366e+00
-1.6000e+02 1.9000e+02 -1.1961e+00
-1.6000e+02 2.0000e+02 -1.1912e+00
-1.5000e+02 -2.0000e+02 8.7446e-01
-1.5000e+02 -1.9000e+02 -1.2590e+00
-1.5000e+02 -1.8000e+02 1.0130e+00
-1.5000e+02 -1.7000e+02 -1.5131e+00
-1.5000e+02 -1.6000e+02 1.6906e-01
-1.5000e+02 -1.5000e+02 -2.0986e+00
-1.5000e+02 -1.4000e+02 -2.6245e+00
-1.5000e+02 -1.3000e+02 -1.3354e+00
-1.5000e+02 -1.2000e+02 4.7111e+00
-1.5000e+02 -1.1000e+02 1.1123e+00
-1.5000e+02 -1.0000e+02 2.8540e-01
-1.5000e+02 -9.0000e+01 -2.1540e+00
-1.5000e+02 -8.0000e+01 -9.0938e-01
-1.5000e+02 -7.0000e+01 1.7888e-02
-1.5000e+02 -6.0000e+01 5.9208e-01
-1.5000e+02 -5.0000e+01 7.6350e-01
-1.5000e+02 -4.0000e+01 -7.7129e-01
-1.5000e+02 -3.0000e+01 7.6993e-01
-1.5000e+02 -2.0000e+01 -8.9833e-01
-1.5000e+02 -1.0000e+01 1.7291e+00
-1.5000e+02 0.0000e+00 -9.4862e-01
-1.5000e+02 1.0000e+01 -4.2213e-01
-1.5000e+02 2.0000e+01 -1.2544e+00
-1.5000e+02 3.0000e+01 1.1842e-01
-1.5000e+02 4.0000e+01 -4.3195e-01
-1.5000e+02 5.0000e+01 5.9442e-02
-1.5000e+02 6.0000e+01 6.1566e-01
-1.5000e+02 7.0000e+01 1.4894e+00
-1.5000e+02 8.0000e+01 3.8772e-01
-1.5000e+02 9.0000e+01 9.1359e-02
-1.5000e+02 1.0000e+02 1.6439e+00
-1.5000e+02 1.1000e+02 -5.7701e-01
-1.5000e+02 1.2000e+02 -7.0108e-01
-1.5000e+02 1.3000e+02 6.5738e-01
-1.5000e+02 1.4000e+02 -2.7582e-01
-1.5000e+02 1.5000e+02 8.8289e-01
-1.5000e+02 1.6000e+02 1.3567e-01
-1.5000e+02 1.7000e+02 -9.4927e-01
-1.5000e+02 1.8000e+02 -5.4145e-01
-1.5000e+02 1.9000e+02 -2.0920e+00
-1.5000e+02 2.0000e+02 -8.7312e-01
-1.4000e+02 -2.0000e+02 1.5363e+00
-1.4000e+02 -1.9000e+02 1.1157e+00
-1.4000e+02 -1.8000e+02 2.7662e-01
-1.4000e+02 -1.7000e+02 2.5863e-03
-1.4000e+02 -1.6000e+02 -2.2388e+00
-1.4000e+02 -1.5000e+02 2.4676e-02
-1.4000e+02 -1.4000e+02 -1.7213e+00
-1.4000e+02 -1.3000e+02 -8.4659e-01
-1.4000e+02 -1.2000e+02 1.8319e-01
-1.4000e+02 -1.1000e+02 -3.4816e-01
-1.4000e+02 -1.0000e+02 9.3810e-01
-1.4000e+02 -9.0000e+01 -1.7533e+00
-1.4000e+02 -8.0000e+01 -1.5234e+00
-1.4000e+02 -7.0000e+01 1.7704e+00
-1.4000e+02 -6.0000e+01 -7.0496e-01
-1.4000e+02 -5.0000e+01 -3.9218e+00
-1.4000e+02 -4.0000e+01 -1.2306e+00
-1.4000e+02 -3.0000e+01 -1.0611e-01
-1.4000e+02 -2.0000e+01 -6.6351e-01
-1.4000e+02 -1.0000e+01 -3.3581e+00
-1.4000e+02 0.0000e+00 -3.3203e+00
-1.4000e+02 1.0000e+01 9.9897e-02
-1.4000e+02 2.0000e+01 1.1327e+00
-1.4000e+02 3.0000e+01 -1.8002e+00
-1.4000e+02 4.0000e+01 6.5188e-01
-1.4000e+02 5.0000e+01 -9.2749e-01
-1.4000e+02 6.0000e+01 -8.7183e-01
-1.4000e+02 7.0000e+01 -8.0257e-01
-1.4000e+02 8.0000e+01 3.3146e+00
-1.4000e+02 9.0000e+01 -1.9165e+00
-1.4000e+02 1.0000e+02 2.5266e-01
-1.4000e+02 1.1000e+02 -6.6958e-01
-1.4000e+02 1.2000e+02 2.3496e+00
-1.4000e+02 1.3000e+02 1.3042e+00
-1.4000e+02 1.4000e+02 1.5299e+00
-1.4000e+02 1.5000e+02 -1.6474e+00
-1.4000e+02 1.6000e+02 1.8582e+00
-1.4000e+02 1.7000e+02 1.2293e+00
-1.4000e+02 1.8000e+02 -6.8929e-01
-1.4000e+02 1.9000e+02 -1.2334e+00
-1.4000e+02 2.0000e+02 1.7651e+00
-1.3000e+02 -2.0000e+02 -3.2253e+00
-1.3000e+02 -1.9000e+02 -6.0765e-01
-1.3000e+02 -1.8000e+02 -1.4156e-01
-1.3000e+02 -1.7000e+02 1.3594e+00
-1.3000e+02 -1.6000e+02 2.7004e+00
-1.3000e+02 -1.5000e+02 -4.7245e-01
-1.3000e+02 -1.4000e+02 3.4980e-01
-1.3000e+02 -1.3000e+02 -2.4682e+00
-1.3000e+02 -1.2000e+02 -1.0601e+00
-1.3000e+02 -1.1000e+02 3.3158e+00
-1.3000e+02 -1.0000e+02 1.8463e+00
-1.3000e+02 -9.0000e+01 -3.5092e-01
-1.3000e+02 -8.0000e+01 2.5952e+00
-1.3000e+02 -7.0000e+01 7.0622e-01
-1.3000e+02 -6.0000e+01 -3.4460e+00
-1.3000e+02 -5.0000e+01 2.1044e+00
-1.3000e+02 -4.0000e+01 -1.4799e+00
-1.3000e+02 -3.0000e+01 -5.0409e-01
-1.3000e+02 -2.0000e+01 5.9339e-01
-1.3000e+02 -1.0000e+01 -9.6455e-01
-1.3000e+02 0.0000e+00 -1.9121e-01
-1.3000e+02 1.0000e+01 1.0434e+00
-1.3000e+02 2.0000e+01 -1.4275e+00
-1.3000e+02 3.0000e+01 -4.3663e-03
-1.3000e+02 4.0000e+01 -1.9524e-01
-1.3000e+02 5.0000e+01 -1.6384e+00
-1.3000e+02 6.0000e+01 7.5416e-01
-1.3000e+02 7.0000e+01 9.3771e-02
-1.3000e+02 8.0000e+01 6.1547e-01
-1.3000e+02 9.0000e+01 -1.1818e+00
-1.3000e+02 1.0000e+02 1.6190e-01
-1.3000e+02 1.1000e+02 -1.3852e+00
-1.3000e+02 1.2000e+02 -7.0464e-01
-1.3000e+02 1.3000e+02 -2.7199e+00
-1.3000e+02 1.4000e+02 1.5228e+00
-1.3000e+02 1.5000e+02 -5.4740e-01
-1.3000e+02 1.6000e+02 1.3108e+00
-1.3000e+02 1.7000e+02 -2.8841e-01
-1.3000e+02 1.8000e+02 1.4386e+00
-1.3000e+02 1.9000e+02 1.1394e+00
-1.3000e+02 2.0000e+02 9.5993e-01
-1.2000e+02 -2.0000e+02 -3.4991e-02
-1.2000e+02 -1.9000e+02 -7.1359e-02
-1.2000e+02 -1.8000e+02 -2.4803e+00
-1.2000e+02 -1.7000e+02 1.5597e+00
-1.2000e+02 -1.6000e+02 1.5816e+00
-1.2000e+02 -1.5000e+02 9.6841e-01
-1.2000e+02 -1.4000e+02 -2.4109e+00
-1.2000e+02 -1.3000e+02 5.5466e-01
-1.2000e+02 -1.2000e+02 1.2978e+00
-1.2000e+02 -1.1000e+02 -1.6369e-01
-1.2000e+02 -1.0000e+02 2.1722e+00
-1.2000e+02 -9.0000e+01 -9.5817e-03
-1.2000e+02 -8.0000e+01 -1.8443e+00
-1.2000e+02 -7.0000e+01 -1.1602e+00
-1.2000e+02 -6.0000e+01 -5.3389e-01
-1.2000e+02 -5.0000e+01 -1.2372e+00
-1.2000e+02 -4.0000e+01 -3.2816e+00
-1.2000e+02 -3.0000e+01 2.1845e-01
-1.2000e+02 -2.0000e+01 -3.7064e+00
-1.2000e+02 -1.0000e+01 -5.2805e+00
-1.2000e+02 0.0000e+00 -2.5722e-01
-1.2000e+02 1.0000e+01 1.3406e+00
-1.2000e+02 2.0000e+01 1.1762e-01
-1.2000e+02 3.0000e+01 -8.4179e-01
-1.2000e+02 4.0000e+01 -1.7497e+00
-1.2000e+02 5.0000e+01 -4.9774e-01
-1.2000e+02 6.0000e+01 -2.9537e+00
-1.2000e+02 7.0000e+01 -1.6030e+00
-1.2000e+02 8.0000e+01 -4.1341e-01
-1.2000e+02 9.0000e+01 1.3488e+00
-1.2000e+02 1.0000e+02 1.9440e+00
-1.2000e+02 1.1000e+02 2.2588e-01
-1.2000e+02 1.2000e+02 -6.2088e-01
-1.2000e+02 1.3000e+02 -4.0951e-01
-1.2000e+02 1.4000e+02 1.3977e+00
-1.2000e+02 1.5000e+02 2.3816e-01
-1.2000e+02 1.6000e+02 -2.0597e+00
-1.2000e+02 1.7000e+02 2.1802e+00
-1.2000e+02 1.8000e+02 -5.0207e-01
-1.2000e+02 1.9000e+02 -5.8918e-01
-1.2000e+02 2.0000e+02 7.4487e-01
-1.1000e+02 -2.0000e+02 8.7921e-01
-1.1000e+02 -1.9000e+02 -9.3787e-01
-1.1000e+02 -1.8000e+02 -7.3957e-01
-1.1000e+02 -1.7000e+02 3.8020e-01
-1.1000e+02 -1.6000e+02 -1.6271e+00
-1.1000e+02 -1.5000e+02 -6.8882e-01
-1.1000e+02 -1.4000e+02 9.0888e-01
-1.1000e+02 -1.3000e+02 1.1041e+00
-1.1000e+02 -1.2000e+02 -1.0737e+00
-1.1000e+02 -1.1000e+02 -1.0789e+00
-1.1000e+02 -1.0000e+02 -6.2302e-02
-1.1000e+02 -9.0000e+01 -2.5143e+00
-1.1000e+02 -8.0000e+01 -3.4362e+00
-1.1000e+02 -7.0000e+01 7.2943e-02
-1.1000e+02 -6.0000e+01 -2.3626e-01
-1.1000e+02 -5.0000e+01 -5.4707e-01
-1.1000e+02 -4.0000e+01 -5.1017e+00
-1.1000e+02 -3.0000e+01 -1.9692e+00
-1.1000e+02 -2.0000e+01 -2.3226e+00
-1.1000e+02 -1.0000e+01 9.0332e-02
-1.1000e+02 0.0000e+00 2.5106e+00
-1.1000e+02 1.0000e+01 -2.5235e-02
-1.1000e+02 2.0000e+01 -7.2049e-01
-1.1000e+02 3.0000e+01 -1.1191e+00
-1.1000e+02 4.0000e+01 -3.9106e+00
-1.1000e+02 5.0000e+01 8.1270e-02
-1.1000e+02 6.0000e+01 -1.1260e+00
-1.1000e+02 7.0000e+01 -1.4664e+00
-1.1000e+02 8.0000e+01 5.2133e-01
-1.1000e+02 9.0000e+01 -2.3101e+00
-1.1000e+02 1.0000e+02 -3.5262e-01
-1.1000e+02 1.1000e+02 1.0523e+00
-1.1000e+02 1.2000e+02 1.9372e+00
-1.1000e+02 1.3000e+02 1.5106e+00
-1.1000e+02 1.4000e+02 1.9262e-01
-1.1000e+02 1.5000e+02 -1.0697e+00
-1.1000e+02 1.6000e+02 3.1297e+00
-1.1000e+02 1.7000e+02 5.9701e-01
-1.1000e+02 1.8000e+02 -8.7962e-01
-1.1000e+02 1.9000e+02 -8.4847e-01
-1.1000e+02 2.0000e+02 4.1016e+00
-1.0000e+02 -2.0000e+02 -1.6458e+00
-1.0000e+02 -1.9000e+02 3.0010e-02
-1.0000e+02 -1.8000e+02 -3.8543e-01
-1.0000e+02 -1.7000e+02 1.0697e+00
-1.0000e+02 -1.6000e+02 -7.5294e-01
-1.0000e+02 -1.5000e+02 9.1580e-01
-1.0000e+02 -1.4000e+02 -1.4113e+00
-1.0000e+02 -1.3000e+02 2.7944e+00
-1.0000e+02 -1.2000e+02 -5.2583e-01
-1.0000e+02 -1.1000e+02 -1.9966e-01
-1.0000e+02 -1.0000e+02 -1.0804e+00
-1.0000e+02 -9.0000e+01 -2.8243e+00
-1.0000e+02 -8.0000e+01 -1.3768e+00
-1.0000e+02 -7.0000e+01 -1.5653e+00
-1.0000e+02 -6.0000e+01 -3.0566e+00
-1.0000e+02 -5.0000e+01 -4.2863e+00
-1.0000e+02 -4.0000e+01 -5.2401e+00
-1.0000e+02 -3.0000e+01 -8.8216e-01
-1.0000e+02 -2.0000e+01 -4.1497e+00
-1.0000e+02 -1.0000e+01 -5.5190e+00
-1.0000e+02 0.0000e+00 -5.4690e+00
-1.0000e+02 1.0000e+01 -3.0687e+00
-1.0000e+02 2.0000e+01 -1.0554e+00
-1.0000e+02 3.0000e+01 -3.3750e+00
-1.0000e+02 4.0000e+01 -2.1373e+00
-1.0000e+02 5.0000e+01 8.9744e-01
-1.0000e+02 6.0000e+01 -3.9462e+00
-1.0000e+02 7.0000e+01 -2.6136e+00
-1.0000e+02 8.0000e+01 -3.0864e+00
-1.0000e+02 9.0000e+01 -2.2173e+00
-1.0000e+02 1.0000e+02 -1.2876e+00
-1.0000e+02 1.1000e+02 7.0597e-01
-1.0000e+02 1.2000e+02 -1.1904e+00
-1.0000e+02 1.3000e+02 3.5925e-01
-1.0000e+02 1.4000e+02 6.9149e-01
-1.0000e+02 1.5000e+02 -2.9361e-01
-1.0000e+02 1.6000e+02 -2.5393e+00
-1.0000e+02 1.7000e+02 -1.2504e+00
-1.0000e+02 1.8000e+02 -1.8553e+00
-1.0000e+02 1.9000e+02 9.6255e-01
-1.0000e+02 2.0000e+02 -1.9770e+00
-9.0000e+01 -2.0000e+02 2.4984e+00
-9.0000e+01 -1.9000e+02 -2.1409e-01
-9.0000e+01 -1.8000e+02 -2.7066e+00
-9.0000e+01 -1.7000e+02 6.1241e-01
-9.0000e+01 -1.6000e+02 1.7897e+00
-9.0000e+01 -1.5000e+02 3.0090e+00
-9.0000e+01 -1.4000e+02 1.7457e+00
-9.0000e+01 -1.3000e+02 -7.1077e-01
-9.0000e+01 -1.2000e+02 -4.4144e-01
-9.0000e+01 -1.1000e+02 2.6302e-01
-9.0000e+01 -1.0000e+02 -1.1932e+00
-9.0000e+01 -9.0000e+01 4.6237e-01
-9.0000e+01 -8.0000e+01 -3.0273e-01
-9.0000e+01 -7.0000e+01 -2.6013e+00
-9.0000e+01 -6.0000e+01 -1.6709e+00
-9.0000e+01 -5.0000e+01 -2.5740e+00
-9.0000e+01 -4.0000e+01 -3.0176e+00
-9.0000e+01 -3.0000e+01 -5.6028e+00
-9.0000e+01 -2.0000e+01 -4.1985e+00
-9.0000e+01 -1.0000e+01 -2.6138e+00
-9.0000e+01 0.0000e+00 -4.5419e-01
-9.0000e+01 1.0000e+01 -3.6479e+00
-9.0000e+01 2.0000e+01 -8.6530e+00
-9.0000e+01 3.0000e+01 -5.2709e+00
-9.0000e+01 4.0000e+01 -3.4200e+00
-9.0000e+01 5.0000e+01 -2.3277e+00
-9.0000e+01 6.0000e+01 -4.2971e+00
-9.0000e+01 7.0000e+01 -4.1176e+00
-9.0000e+01 8.0000e+01 -2.1525e+00
-9.0000e+01 9.0000e+01 -6.6114e-02
-9.0000e+01 1.0000e+02 -1.4628e+00
-9.0000e+01 1.1000e+02 -4.0426e+00
-9.0000e+01 1.2000e+02 -1.8181e+00
-9.0000e+01 1.3000e+02 -1.6420e+00
-9.0000e+01 1.4000e+02 -5.9250e-01
-9.0000e+01 1.5000e+02 -2.9785e+00
-9.0000e+01 1.6000e+02 8.9357e-01
-9.0000e+01 1.7000e+02 -2.5190e+00
-9.0000e+01 1.8000e+02 -9.4517e-01
-9.0000e+01 1.9000e+02 1.1189e+00
-9.0000e+01 2.0000e+02 -1.6641e+00
-8.0000e+01 -2.0000e+02 -2.2774e-01
-8.0000e+01 -1.9000e+02 2.0720e+00
-8.0000e+01 -1.8000e+02 -1.9212e+00
-8.0000e+01 -1.7000e+02 1.9296e+00
-8.0000e+01 -1.6000e+02 -2.0679e+00
-8.0000e+01 -1.5000e+02 1.6468e+00
-8.0000e+01 -1.4000e+02 -2.8372e+00
-8.0000e+01 -1.3000e+02 9.4241e-01
-8.0000e+01 -1.2000e+02 -8.3497e-01
-8.0000e+01 -1.1000e+02 -2.6945e+00
-8.0000e+01 -1.0000e+02 2.6336e+00
-8.0000e+01 -9.0000e+01 -1.1413e-01
-8.0000e+01 -8.0000e+01 -2.5751e+00
-8.0000e+01 -7.0000e+01 -2.2413e+00
-8.0000e+01 -6.0000e+01 -1.2369e-01
-8.0000e+01 -5.0000e+01 -1.8690e+00
-8.0000e+01 -4.0000e+01 -4.3360e+00
-8.0000e+01 -3.0000e+01 -3.6824e+00
-8.0000e+01 -2.0000e+01 -4.5447e+00
-8.0000e+01 -1.0000e+01 -3.2915e+00
-8.0000e+01 0.0000e+00 -5.3474e+00
-8.0000e+01 1.0000e+01 -5.6903e+00
-8.0000e+01 2.0000e+01 -4.7417e+00
-8.0000e+01 3.0000e+01 -3.8116e+00
-8.0000e+01 4.0000e+01 -5.1136e+00
-8.0000e+01 5.0000e+01 -3.4175e+00
-8.0000e+01 6.0000e+01 -2.8191e+00
-8.0000e+01 7.0000e+01 -4.6005e+00
-8.0000e+01 8.0000e+01 -7.1291e-01
-8.0000e+01 9.0000e+01 -3.7990e+00
-8.0000e+01 1.0000e+02 -2.0109e+00
-8.0000e+01 1.1000e+02 -2.2669e+00
-8.0000e+01 1.2000e+02 -1.7667e+00
-8.0000e+01 1.3000e+02 -2.7050e-01
-8.0000e+01 1.4000e+02 3.1659e+00
-8.0000e+01 1.5000e+02 1.1346e-01
-8.0000e+01 1.6000e+02 1.1202e+00
-8.0000e+01 1.7000e+02 5.3133e-01
-8.0000e+01 1.8000e+02 -3.0895e+00
-8.0000e+01 1.9000e+02 -7.4449e-01
-8.0000e+01 2.0000e+02 1.7774e+00
-7.0000e+01 -2.0000e+02 -2.0998e-02
-7.0000e+01 -1.9000e+02 1.9695e+00
-7.0000e+01 -1.8000e+02 -4.5982e-01
-7.0000e+01 -1.7000e+02 -5.8057e-01
-7.0000e+01 -1.6000e+02 -2.7810e+00
-7.0000e+01 -1.5000e+02 -2.3433e+00
-7.0000e+01 -1.4000e+02 1.9152e+00
-7.0000e+01 -1.3000e+02 -3.4537e-01
-7.0000e+01 -1.2000e+02 3.4235e+00
-7.0000e+01 -1.1000e+02 -1.2286e+00
-7.0000e+01 -1.0000e+02 -2.3557e+00
-7.0000e+01 -9.0000e+01 -1.3977e+00
-7.0000e+01 -8.0000e+01 -2.9408e+00
-7.0000e+01 -7.0000e+01 -3.2870e+00
-7.0000e+01 -6.0000e+01 -5.1088e+00
-7.0000e+01 -5.0000e+01 -7.1957e+00
-7.0000e+01 -4.0000e+01 -5.4110e+00
-7.0000e+01 -3.0000e+01 -6.6680e+00
-7.0000e+01 -2.0000e+01 -4.6014e+00
-7.0000e+01 -1.0000e+01 -8.5250e+00
-7.0000e+01 0.0000e+00 -6.6138e+00
-7.0000e+01 1.0000e+01 -7.1529e+00
-7.0000e+01 2.0000e+01 -6.1854e+00
-7.0000e+01 3.0000e+01 -6.6425e+00
-7.0000e+01 4.0000e+01 -4.7681e+00
-7.0000e+01 5.0000e+01 -3.7341e+00
-7.0000e+01 6.0000e+01 -6.1360e+00
-7.0000e+01 7.0000e+01 -2.5385e+00
-7.0000e+01 8.0000e+01 -4.2679e+00
-7.0000e+01 9.0000e+01 -1.6144e+00
-7.0000e+01 1.0000e+02 -1.7238e+00
-7.0000e+01 1.1000e+02 2.8634e-01
-7.0000e+01 1.2000e+02 3.8421e-01
-7.0000e+01 1.3000e+02 -2.9736e+00
-7.0000e+01 1.4000e+02 -1.2901e+00
-7.0000e+01 1.5000e+02 -2.0185e+00
-7.0000e+01 1.6000e+02 -9.2182e-01
-7.0000e+01 1.7000e+02 3.1146e-01
-7.0000e+01 1.8000e+02 6.1537e-01
-7.0000e+01 1.9000e+02 4.2012e-01
-7.0000e+01 2.0000e+02 3.1607e+00
-6.0000e+01 -2.0000e+02 -2.1717e+00
-6.0000e+01 -1.9000e+02 8.8213e-01
-6.0000e+01 -1.8000e+02 8.6258e-01
-6.0000e+01 -1.7000e+02 -7.3310e-01
-6.0000e+01 -1.6000e+02 -1.3365e+00
-6.0000e+01 -1.5000e+02 -1.2438e+00
-6.0000e+01 -1.4000e+02 -1.4020e+00
-6.0000e+01 -1.3000e+02 -1.5756e-01
-6.0000e+01 -1.2000e+02 -3.0978e+00
-6.0000e+01 -1.1000e+02 -3.4556e-01
-6.0000e+01 -1.0000e+02 -2.3543e+00
-6.0000e+01 -9.0000e+01 -1.1230e+00
-6.0000e+01 -8.0000e+01 -4.6308e+00
-6.0000e+01 -7.0000e+01 -6.2898e+00
-6.0000e+01 -6.0000e+01 -5.4176e+00
-6.0000e+01 -5.0000e+01 -8.6821e+00
-6.0000e+01 -4.0000e+01 -7.0489e+00
-6.0000e+01 -3.0000e+01 -7.1755e+00
-6.0000e+01 -2.0000e+01 -8.3487e+00
-6.0000e+01 -1.0000e+01 -6.5043e+00
-6.0000e+01 0.0000e+00 -7.2894e+00
-6.0000e+01 1.0000e+01 -8.4591e+00
-6.0000e+01 2.0000e+01 -7.3525e+00
-6.0000e+01 3.0000e+01 -5.4923e+00
-6.0000e+01 4.0000e+01 -6.1948e+00
-6.0000e+01 5.0000e+01 -6.5838e+00
-6.0000e+01 6.0000e+01 -4.3265e+00
-6.0000e+01 7.0000e+01 -2.4336e+00
-6.0000e+01 8.0000e+01 -3.4548e+00
-6.0000e+01 9.0000e+01 -2.1158e+00
-6.0000e+01 1.0000e+02 -1.9019e+00
-6.0000e+01 1.1000e+02 -1.8980e+00
-6.0000e+01 1.2000e+02 -4.5985e+00
-6.0000e+01 1.3000e+02 1.5737e-01
-6.0000e+01 1.4000e+02 -6.1963e-01
-6.0000e+01 1.5000e+02 7.7727e-02
-6.0000e+01 1.6000e+02 1.8339e+00
-6.0000e+01 1.7000e+02 -1.2752e-01
-6.0000e+01 1.8000e+02 -1.6660e-02
-6.0000e+01 1.9000e+02 3.4178e-01
-6.0000e+01 2.0000e+02 -2.4030e+00
-5.0000e+01 -2.0000e+02 -4.2712e-01
-5.0000e+01 -1.9000e+02 -2.5656e+00
-5.0000e+01 -1.8000e+02 6.2887e-01
-5.0000e+01 -1.7000e+02 2.7050e-01
-5.0000e+01 -1.6000e+02 3.9029e-01
-5.0000e+01 -1.5000e+02 6.4880e-01
-5.0000e+01 -1.4000e+02 1.6690e-01
-5.0000e+01 -1.3000e+02 -9.3089e-01
-5.0000e+01 -1.2000e+02 2.1847e+00
-5.0000e+01 -1.1000e+02 -1.9237e+00
-5.0000e+01 -1.0000e+02 -4.4941e+00
-5.0000e+01 -9.0000e+01 -5.4094e-01
-5.0000e+01 -8.0000e+01 -6.8060e+00
-5.0000e+01 -7.0000e+01 -6.7145e+00
-5.0000e+01 -6.0000e+01 -5.6991e+00
-5.0000e+01 -5.0000e+01 -4.7095e+00
-5.0000e+01 -4.0000e+01 -8.1103e+00
-5.0000e+01 -3.0000e+01 -7.9308e+00
-5.0000e+01 -2.0000e+01 -8.2676e+00
-5.0000e+01 -1.0000e+01 -9.2917e+00
-5.0000e+01 0.0000e+00 -8.0352e+00
-5.0000e+01 1.0000e+01 -1.1157e+01
-5.0000e+01 2.0000e+01 -9.3134e+00
-5.0000e+01 3.0000e+01 -1.0078e+01
-5.0000e+01 4.0000e+01 -6.4871e+00
-5.0000e+01 5.0000e+01 -5.3051e+00
-5.0000e+01 6.0000e+01 -4.8045e+00
-5.0000e+01 7.0000e+01 -6.6350e+00
-5.0000e+01 8.0000e+01 -5.2707e+00
-5.0000e+01 9.0000e+01 -2.6569e+00
-5.0000e+01 1.0000e+02 -3.0530e+00
-5.0000e+01 1.1000e+02 -3.6731e+00
-5.0000e+01 1.2000e+02 6.8845e-01
-5.0000e+01 1.3000e+02 -8.5010e-01
-5.0000e+01 1.4000e+02 -1.2394e+00
-5.0000e+01 1.5000e+02 5.8544e-01
-5.0000e+01 1.6000e+02 -4.1327e-01
-5.0000e+01 1.7000e+02 2.0169e+00
-5.0000e+01 1.8000e+02 -1.0584e+00
-5.0000e+01 1.9000e+02 -2.6366e-01
-5.0000e+01 2.0000e+02 6.7848e-02
-4.0000e+01 -2.0000e+02 -2.2556e+00
-4.0000e+01 -1.9000e+02 -1.2688e+00
-4.0000e+01 -1.8000e+02 9.6324e-01
-4.0000e+01 -1.7000e+02 3.5962e+00
-4.0000e+01 -1.6000e+02 -2.5846e+00
-4.0000e+01 -1.5000e+02 -1.2126e-01
-4.0000e+01 -1.4000e+02 1.2286e+00
-4.0000e+01 -1.3000e+02 1.8741e+00
-4.0000e+01 -1.2000e+02 -2.0525e+00
-4.0000e+01 -1.1000e+02 -1.4030e+00
-4.0000e+01 -1.0000e+02 -9.4818e-01
-4.0000e+01 -9.0000e+01 -3.6020e+00
-4.0000e+01 -8.0000e+01 -4.5703e+00
-4.0000e+01 -7.0000e+01 -7.7973e+00
-4.0000e+01 -6.0000e+01 -5.4695e+00
-4.0000e+01 -5.0000e+01 -6.8094e+00
-4.0000e+01 -4.0000e+01 -1.1235e+01
-4.0000e+01 -3.0000e+01 -1.1493e+01
-4.0000e+01 -2.0000e+01 -1.1394e+01
-4.0000e+01 -1.0000e+01 -1.0461e+01
-4.0000e+01 0.0000e+00 -1.0393e+01
-4.0000e+01 1.0000e+01 -1.3788e+01
-4.0000e+01 2.0000e+01 -1.0341e+01
-4.0000e+01 3.0000e+01 -1.0298e+01
-4.0000e+01 4.0000e+01 -6.9133e+00
-4.0000e+01 5.0000e+01 -7.5817e+00
-4.0000e+01 6.0000e+01 -7.5117e+00
-4.0000e+01 7.0000e+01 -1.0796e+00
-4.0000e+01 8.0000e+01 -1.3042e+00
-4.0000e+01 9.0000e+01 -3.3632e+00
-4.0000e+01 1.0000e+02 -1.8171e+00
-4.0000e+01 1.1000e+02 -4.8385e+00
-4.0000e+01 1.2000e+02 1.6218e+00
-4.0000e+01 1.3000e+02 4.6747e-01
-4.0000e+01 1.4000e+02 3.7051e-01
-4.0000e+01 1.5000e+02 -1.7356e+00
-4.0000e+01 1.6000e+02 -6.3085e-01
-4.0000e+01 1.7000e+02 1.3246e+00
-4.0000e+01 1.8000e+02 9.8703e-01
-4.0000e+01 1.9000e+02 1.4634e+00
-4.0000e+01 2.0000e+02 -5.1541e-01
-3.0000e+01 -2.0000e+02 -2.3998e+00
-3.0000e+01 -1.9000e+02 5.9610e-01
-3.0000e+01 -1.8000e+02 -1.1217e+00
-3.0000e+01 -1.7000e+02 2.2463e-01
-3.0000e+01 -1.6000e+02 1.0638e+00
-3.0000e+01 -1.5000e+02 2.0356e+00
-3.0000e+01 -1.4000e+02 -3.5898e+00
-3.0000e+01 -1.3000e+02 1.3813e+00
-3.0000e+01 -1.2000e+02 -1.1793e+00
-3.0000e+01 -1.1000e+02 -9.0792e-01
-3.0000e+01 -1.0000e+02 -2.9006e+00
-3.0000e+01 -9.0000e+01 -1.1955e+00
-3.0000e+01 -8.0000e+01 -1.8386e+00
-3.0000e+01 -7.0000e+01 -7.2631e+00
-3.0000e+01 -6.0000e+01 -6.5425e+00
-3.0000e+01 -5.0000e+01 -8.0551e+00
-3.0000e+01 -4.0000e+01 -1.1499e+01
-3.0000e+01 -3.0000e+01 -1.1385e+01
-3.0000e+01 -2.0000e+01 -1.3349e+01
-3.0000e+01 -1.0000e+01 -1.2352e+01
-3.0000e+01 0.0000e+00 -1.2098e+01
-3.0000e+01 1.0000e+01 -1.3798e+01
-3.0000e+01 2.0000e+01 -1.2925e+01
-3.0000e+01 3.0000e+01 -1.2880e+01
-3.0000e+01 4.0000e+01 -1.2149e+01
-3.0000e+01 5.0000e+01 -9.4958e+00
-3.0000e+01 6.0000e+01 -1.1538e+01
-3.0000e+01 7.0000e+01 -6.1328e+00
-3.0000e+01 8.0000e+01 -6.7304e+00
-3.0000e+01 9.0000e+01 -2.8567e+00
-3.0000e+01 1.0000e+02 -1.5310e+00
-3.0000e+01 1.1000e+02 -3.9086e-01
-3.0000e+01 1.2000e+02 7.8507e-01
-3.0000e+01 1.3000e+02 1.0189e+00
-3.0000e+01 1.4000e+02 -6.3138e-01
-3.0000e+01 1.5000e+02 3.0081e+00
-3.0000e+01 1.6000e+02 -1.7103e+00
-3.0000e+01 1.7000e+02 -5.4952e-01
-3.0000e+01 1.8000e+02 -1.4934e+00
-3.0000e+01 1.9000e+02 -9.8854e-01
-3.0000e+01 2.0000e+02 -3.0811e-01
-2.0000e+01 -2.0000e+02 -1.9349e+00
-2.0000e+01 -1.9000e+02 -4.0022e+00
-2.0000e+01 -1.8000e+02 2.2792e+00
-2.0000e+01 -1.7000e+02 -1.4339e+00
-2.0000e+01 -1.6000e+02 1.0318e+00
-2.0000e+01 -1.5000e+02 1.6712e+00
-2.0000e+01 -1.4000e+02 1.4235e+00
-2.0000e+01 -1.3000e+02 -2.6399e+00
-2.0000e+01 -1.2000e+02 -3.3484e-01
-2.0000e+01 -1.1000e+02 -3.5882e+00
-2.0000e+01 -1.0000e+02 -3.4653e+00
-2.0000e+01 -9.0000e+01 -1.2851e+00
-2.0000e+01 -8.0000e+01 -3.5215e+00
-2.0000e+01 -7.0000e+01 -7.5597e+00
-2.0000e+01 -6.0000e+01 -9.3988e+00
-2.0000e+01 -5.0000e+01 -8.5720e+00
-2.0000e+01 -4.0000e+01 -9.4043e+00
-2.0000e+01 -3.0000e+01 -1.4919e+01
-2.0000e+01 -2.0000e+01 -1.5036e+01
-2.0000e+01 -1.0000e+01 -1.4083e+01
-2.0000e+01 0.0000e+00 -1.4207e+01
-2.0000e+01 1.0000e+01 -1.1436e+01
-2.0000e+01 2.0000e+01 -1.4002e+01
-2.0000e+01 3.0000e+01 -1.1977e+01
-2.0000e+01 4.0000e+01 -1.3413e+01
-2.0000e+01 5.0000e+01 -1.2987e+01
-2.0000e+01 6.0000e+01 -5.3361e+00
-2.0000e+01 7.0000e+01 -3.4440e+00
-2.0000e+01 8.0000e+01 -4.2228e+00
-2.0000e+01 9.0000e+01 -6.1766e+00
-2.0000e+01 1.0000e+02 -6.4547e-01
-2.0000e+01 1.1000e+02 -2.8180e+00
-2.0000e+01 1.2000e+02 -1.9647e+00
-2.0000e+01 1.3000e+02 -6.3142e-01
-2.0000e+01 1.4000e+02 -2.2082e+00
-2.0000e+01 1.5000e+02 4.4118e-01
-2.0000e+01 1.6000e+02 -1.4936e+00
-2.0000e+01 1.7000e+02 -1.1784e+00
-2.0000e+01 1.8000e+02 -1.4665e+00
-2.0000e+01 1.9000e+02 -1.9445e+00
-2.0000e+01 2.0000e+02 -3.0097e+00
-1.0000e+01 -2.0000e+02 1.6719e+00
-1.0000e+01 -1.9000e+02 -3.5053e+00
-1.0000e+01 -1.8000e+02 -3.2440e+00
-1.0000e+01 -1.7000e+02 6.2560e-01
-1.0000e+01 -1.6000e+02 -1.1522e+00
-1.0000e+01 -1.5000e+02 -5.9476e-01
-1.0000e+01 -1.4000e+02 2.6768e+00
-1.0000e+01 -1.3000e+02 -2.6515e-01
-1.0000e+01 -1.2000e+02 -1.1266e+00
-1.0000e+01 -1.1000e+02 -9.0357e-01
-1.0000e+01 -1.0000e+02 -6.3091e+00
-1.0000e+01 -9.0000e+01 -4.8392e+00
-1.0000e+01 -8.0000e+01 -5.0251e+00
-1.0000e+01 -7.0000e+01 -6.1218e+00
-1.0000e+01 -6.0000e+01 -1.1004e+01
-1.0000e+01 -5.0000e+01 -9.2837e+00
-1.0000e+01 -4.0000e+01 -1.3476e+01
-1.0000e+01 -3.0000e+01 -1.2072e+01
-1.0000e+01 -2.0000e+01 -1.3500e+01
-1.0000e+01 -1.0000e+01 -1.6344e+01
-1.0000e+01 0.0000e+00 -1.4203e+01
-1.0000e+01 1.0000e+01 -1.6251e+01
-1.0000e+01 2.0000e+01 -1.3342e+01
-1.0000e+01 3.0000e+01 -1.2845e+01
-1.0000e+01 4.0000e+01 -1.1039e+01
-1.0000e+01 5.0000e+01 -1.0012e+01
-1.0000e+01 6.0000e+01 -1.0487e+01
-1.0000e+01 7.0000e+01 -6.3593e+00
-1.0000e+01 8.0000e+01 -4.9168e+00
-1.0000e+01 9.0000e+01 -5.5882e+00
-1.0000e+01 1.0000e+02 -1.6768e-01
-1.0000e+01 1.1000e+02 -1.4811e+00
-1.0000e+01 1.2000e+02 1.3974e+00
-1.0000e+01 1.3000e+02 4.0203e-02
-1.0000e+01 1.4000e+02 9.4830e-02
-1.0000e+01 1.5000e+02 4.6584e-01
-1.0000e+01 1.6000e+02 -3.0720e+00
-1.0000e+01 1.7000e+02 1.2220e+00
-1.0000e+01 1.8000e+02 -3.5093e-01
-1.0000e+01 1.9000e+02 -6.8307e-01
-1.0000e+01 2.0000e+02 -1.7076e+00
0.0000e+00 -2.0000e+02 -5.2054e-01
0.0000e+00 -1.9000e+02 1.0100e+00
0.0000e+00 -1.8000e+02 -1.9334e+00
0.0000e+00 -1.7000e+02 3.8591e-01
0.0000e+00 -1.6000e+02 -9.9779e-01
0.0000e+00 -1.5000e+02 1.2434e+00
0.0000e+00 -1.4000e+02 -1.6828e+00
0.0000e+00 -1.3000e+02 -1.2030e+00
0.0000e+00 -1.2000e+02 3.2181e-01
0.0000e+00 -1.1000e+02 -3.4708e+00
0.0000e+00 -1.0000e+02 -2.0247e+00
0.0000e+00 -9.0000e+01 -5.7681e+00
0.0000e+00 -8.0000e+01 -4.7548e+00
0.0000e+00 -7.0000e+01 -4.3660e+00
0.0000e+00 -6.0000e+01 -1.0207e+01
0.0000e+00 -5.0000e+01 -1.0915e+01
0.0000e+00 -4.0000e+01 -1.1349e+01
0.0000e+00 -3.0000e+01 -1.5314e+01
0.0000e+00 -2.0000e+01 -1.4929e+01
0.0000e+00 -1.0000e+01 -1.6444e+01
0.0000e+00 0.0000e+00 -1.5633e+01
0.0000e+00 1.0000e+01 -1.7460e+01
0.0000e+00 2.0000e+01 -1.3315e+01
0.0000e+00 3.0000e+01 -1.2559e+01
0.0000e+00 4.0000e+01 -1.1814e+01
0.0000e+00 5.0000e+01 -1.0688e+01
0.0000e+00 6.0000e+01 -8.5454e+00
0.0000e+00 7.0000e+01 -5.0696e+00
0.0000e+00 8.0000e+01 -5.0649e+00
0.0000e+00 9.0000e+01 -3.9024e+00
0.0000e+00 1.0000e+02 -4.6200e+00
0.0000e+00 1.1000e+02 -2.4800e+00
0.0000e+00 1.2000e+02 -1.4707e+00
0.0000e+00 1.3000e+02 1.0835e+00
0.0000e+00 1.4000e+02 7.8860e-01
0.0000e+00 1.5000e+02 1.9478e+00
0.0000e+00 1.6000e+02 -1.2619e+00
0.0000e+00 1.7000e+02 -4.4603e+00
0.0000e+00 1.8000e+02 -1.3215e+00
0.0000e+00 1.9000e+02 -7.3296e-02
0.0000e+00 2.0000e+02 8.5547e-01
1.0000e+01 -2.0000e+02 1.2081e+00
1.0000e+01 -1.9000e+02 2.7760e-01
1.0000e+01 -1.8000e+02 -5.1238e-01
1.0000e+01 -1.7000e+02 -6.8076e-02
1.0000e+01 -1.6000e+02 7.8249e-01
1.0000e+01 -1.5000e+02 -1.7457e+00
1.0000e+01 -1.4000e+02 -1.6990e+00
1.0000e+01 -1.3000e+02 -2.1293e+00
1.0000e+01 -1.2000e+02 -4.2185e+00
1.0000e+01 -1.1000e+02 -4.3519e-01
1.0000e+01 -1.0000e+02 -2.2171e+00
1.0000e+01 -9.0000e+01 -3.1225e+00
1.0000e+01 -8.0000e+01 -5.8358e+00
1.0000e+01 -7.0000e+01 -6.5297e+00
1.0000e+01 -6.0000e+01 -9.7254e+00
1.0000e+01 -5.0000e+01 -1.0398e+01
1.0000e+01 -4.0000e+01 -1.0882e+01
1.0000e+01 -3.0000e+01 -1.2686e+01
1.0000e+01 -2.0000e+01 -1.3419e+01
1.0000e+01 -1.0000e+01 -1.6093e+01
1.0000e+01 0.0000e+00 -1.5335e+01
1.0000e+01 1.0000e+01 -1.3834e+01
1.0000e+01 2.0000e+01 -1.3745e+01
1.0000e+01 3.0000e+01 -1.2886e+01
1.0000e+01 4.0000e+01 -1.0860e+01
1.0000e+01 5.0000e+01 -7.8812e+00
1.0000e+01 6.0000e+01 -8.2031e+00
1.0000e+01 7.0000e+01 -7.0399e+00
1.0000e+01 8.0000e+01 -6.4665e+00
1.0000e+01 9.0000e+01 -4.8816e+00
1.0000e+01 1.0000e+02 -4.6445e+00
1.0000e+01 1.1000e+02 -3.3635e+00
1.0000e+01 1.2000e+02 -3.1537e+00
1.0000e+01 1.3000e+02 -7.2906e-01
1.0000e+01 1.4000e+02 6.0109e-03
1.0000e+01 1.5000e+02 -4.8481e-01
1.0000e+01 1.6000e+02 -1.8188e+00
1.0000e+01 1.7000e+02 1.5357e+00
1.0000e+01 1.8000e+02 8.9839e-01
1.0000e+01 1.9000e+02 2.9122e+00
1.0000e+01 2.0000e+02 -6.2009e-01
2.0000e+01 -2.0000e+02 -7.6876e-01
2.0000e+01 -1.9000e+02 2.3378e+00
2.0000e+01 -1.8000e+02 4.1657e-01
2.0000e+01 -1.7000e+02 -1.4620e+00
2.0000e+01 -1.6000e+02 -1.1353e+00
2.0000e+01 -1.5000e+02 7.5577e-01
2.0000e+01 -1.4000e+02 1.4727e+00
2.0000e+01 -1.3000e+02 -5.9589e-01
2.0000e+01 -1.2000e+02 -3.0954e+00
2.0000e+01 -1.1000e+02 -2.1923e+00
2.0000e+01 -1.0000e+02 -2.6857e+00
2.0000e+01 -9.0000e+01 -5.1784e+00
2.0000e+01 -8.0000e+01 -3.2493e+00
2.0000e+01 -7.0000e+01 -5.5896e+00
2.0000e+01 -6.0000e+01 -8.5950e+00
2.0000e+01 -5.0000e+01 -1.1047e+01
2.0000e+01 -4.0000e+01 -1.2919e+01
2.0000e+01 -3.0000e+01 -1.3556e+01
2.0000e+01 -2.0000e+01 -1.4189e+01
2.0000e+01 -1.0000e+01 -1.3873e+01
2.0000e+01 0.0000e+00 -1.2954e+01
2.0000e+01 1.0000e+01 -1.2821e+01
2.0000e+01 2.0000e+01 -1.3688e+01
2.0000e+01 3.0000e+01 -1.1859e+01
2.0000e+01 4.0000e+01 -1.5600e+01
2.0000e+01 5.0000e+01 -9.0301e+00
2.0000e+01 6.0000e+01 -8.6345e+00
2.0000e+01 7.0000e+01 -7.7793e+00
2.0000e+01 8.0000e+01 -3.7164e-01
2.0000e+01 9.0000e+01 -1.5168e+00
2.0000e+01 1.0000e+02 -8.7271e-01
2.0000e+01 1.1000e+02 -2.1063e+00
2.0000e+01 1.2000e+02 -2.6151e-01
2.0000e+01 1.3000e+02 -4.6119e+00
2.0000e+01 1.4000e+02 -1.4249e+00
2.0000e+01 1.5000e+02 -1.2378e+00
2.0000e+01 1.6000e+02 -2.7300e-01
2.0000e+01 1.7000e+02 8.1501e-01
2.0000e+01 1.8000e+02 -1.6477e+00
2.0000e+01 1.9000e+02 2.6594e+00
2.0000e+01 2.0000e+02 -2.0411e+00
3.0000e+01 -2.0000e+02 -2.8405e+00
3.0000e+01 -1.9000e+02 -9.7567e-01
3.0000e+01 -1.8000e+02 3.9205e-01
3.0000e+01 -1.7000e+02 -1.1122e+00
3.0000e+01 -1.6000e+02 2.7227e+00
3.0000e+01 -1.5000e+02 -3.2199e-01
3.0000e+01 -1.4000e+02 -1.8846e+00
3.0000e+01 -1.3000e+02 -2.4990e+00
3.0000e+01 -1.2000e+02 -4.6378e-01
3.0000e+01 -1.1000e+02 8.4564e-02
3.0000e+01 -1.0000e+02 -3.0979e+00
3.0000e+01 -9.0000e+01 -2.6880e+00
3.0000e+01 -8.0000e+01 -5.5296e+00
3.0000e+01 -7.0000e+01 -4.6308e+00
3.0000e+01 -6.0000e+01 -6.6813e+00
3.0000e+01 -5.0000e+01 -8.8924e+00
3.0000e+01 -4.0000e+01 -8.7860e+00
3.0000e+01 -3.0000e+01 -1.0577e+01
3.0000e+01 -2.0000e+01 -1.2977e+01
3.0000e+01 -1.0000e+01 -1.3402e+01
3.0000e+01 0.0000e+00 -1.2851e+01
3.0000e+01 1.0000e+01 -9.4115e+00
3.0000e+01 2.0000e+01 -1.2648e+01
3.0000e+01 3.0000e+01 -1.1047e+01
3.0000e+01 4.0000e+01 -9.5110e+00
3.0000e+01 5.0000e+01 -1.0396e+01
3.0000e+01 6.0000e+01 -7.1046e+00
3.0000e+01 7.0000e+01 -6.5260e+00
3.0000e+01 8.0000e+01 -3.9374e+00
3.0000e+01 9.0000e+01 -2.6172e+00
3.0000e+01 1.0000e+02 -1.8729e+00
3.0000e+01 1.1000e+02 -1.8773e+00
3.0000e+01 1.2000e+02 -4.0994e+00
3.0000e+01 1.3000e+02 -1.7534e-01
3.0000e+01 1.4000e+02 -1.0019e-01
3.0000e+01 1.5000e+02 -3.7650e+00
3.0000e+01 1.6000e+02 -2.4584e+00
3.0000e+01 1.7000e+02 -6.0638e-02
3.0000e+01 1.8000e+02 7.7502e-02
3.0000e+01 1.9000e+02 -2.0103e+00
3.0000e+01 2.0000e+02 -5.8601e-01
4.0000e+01 -2.0000e+02 -5.6203e-01
4.0000e+01 -1.9000e+02 -5.8309e-01
4.0000e+01 -1.8000e+02 -1.7752e+00
4.0000e+01 -1.7000e+02 -1.2119e+00
4.0000e+01 -1.6000e+02 4.5803e-02
4.0000e+01 -1.5000e+02 -8.7369e-01
4.0000e+01 -1.4000e+02 -2.2456e-01
4.0000e+01 -1.3000e+02 -1.9470e+00
4.0000e+01 -1.2000e+02 -2.4459e+00
4.0000e+01 -1.1000e+02 -4.1481e+00
4.0000e+01 -1.0000e+02 -3.8186e+00
4.0000e+01 -9.0000e+01 -4.6572e+00
4.0000e+01 -8.0000e+01 -4.9481e+00
4.0000e+01 -7.0000e+01 -2.9025e+00
4.0000e+01 -6.0000e+01 -6.2584e+00
4.0000e+01 -5.0000e+01 -7.9487e+00
4.0000e+01 -4.0000e+01 -9.8492e+00
4.0000e+01 -3.0000e+01 -1.1889e+01
4.0000e+01 -2.0000e+01 -8.0096e+00
4.0000e+01 -1.0000e+01 -9.4186e+00
4.0000e+01 0.0000e+00 -1.0746e+01
4.0000e+01 1.0000e+01 -1.0785e+01
4.0000e+01 2.0000e+01 -1.1340e+01
4.0000e+01 3.0000e+01 -1.0258e+01
4.0000e+01 4.0000e+01 -6.6809e+00
4.0000e+01 5.0000e+01 -1.0197e+01
4.0000e+01 6.0000e+01 -6.2384e+00
4.0000e+01 7.0000e+01 -7.3105e+00
4.0000e+01 8.0000e+01 -4.5568e+00
4.0000e+01 9.0000e+01 -3.6221e+00
4.0000e+01 1.0000e+02 -4.0439e+00
4.0000e+01 1.1000e+02 -3.7883e+00
4.0000e+01 1.2000e+02 -1.3664e-01
4.0000e+01 1.3000e+02 -1.9847e+00
4.0000e+01 1.4000e+02 1.3641e+00
4.0000e+01 1.5000e+02 1.5422e+00
4.0000e+01 1.6000e+02 -3.1175e-01
4.0000e+01 1.7000e+02 1.4250e+00
4.0000e+01 1.8000e+02 -1.7118e+00
4.0000e+01 1.9000e+02 6.0806e-01
4.0000e+01 2.0000e+02 -8.7999e-02
5.0000e+01 -2.0000e+02 3.2025e+00
5.0000e+01 -1.9000e+02 -1.4105e+00
5.0000e+01 -1.8000e+02 -1.4381e+00
5.0000e+01 -1.7000e+02 1.6059e-01
5.0000e+01 -1.6000e+02 -3.0812e+00
5.0000e+01 -1.5000e+02 2.5901e-01
5.0000e+01 -1.4000e+02 -7.6508e-01
5.0000e+01 -1.3000e+02 2.6350e+00
5.0000e+01 -1.2000e+02 1.7390e+00
5.0000e+01 -1.1000e+02 -1.4828e+00
5.0000e+01 -1.0000e+02 -2.5475e+00
5.0000e+01 -9.0000e+01 -2.9159e+00
5.0000e+01 -8.0000e+01 -5.2402e+00
5.0000e+01 -7.0000e+01 -4.3796e+00
5.0000e+01 -6.0000e+01 -7.4673e+00
5.0000e+01 -5.0000e+01 -6.1610e+00
5.0000e+01 -4.0000e+01 -5.7443e+00
5.0000e+01 -3.0000e+01 -1.0259e+01
5.0000e+01 -2.0000e+01 -9.1909e+00
5.0000e+01 -1.0000e+01 -9.1416e+00
5.0000e+01 0.0000e+00 -1.0178e+01
5.0000e+01 1.0000e+01 -1.1870e+01
5.0000e+01 2.0000e+01 -1.2038e+01
5.0000e+01 3.0000e+01 -7.5913e+00
5.0000e+01 4.0000e+01 -7.4292e+00
5.0000e+01 5.0000e+01 -5.4602e+00
5.0000e+01 6.0000e+01 -4.9998e+00
5.0000e+01 7.0000e+01 -1.6268e+00
5.0000e+01 8.0000e+01 -6.2469e+00
5.0000e+01 9.0000e+01 -2.8258e+00
5.0000e+01 1.0000e+02 -2.3817e+00
5.0000e+01 1.1000e+02 -2.6253e+00
5.0000e+01 1.2000e+02 8.7610e-01
5.0000e+01 1.3000e+02 -2.0094e+00
5.0000e+01 1.4000e+02 1.2681e+00
5.0000e+01 1.5000e+02 1.8560e+00
5.0000e+01 1.6000e+02 -1.8408e+00
5.0000e+01 1.7000e+02 -1.7035e-01
5.0000e+01 1.8000e+02 1.9270e+00
5.0000e+01 1.9000e+02 -1.0193e+00
5.0000e+01 2.0000e+02 3.1787e+00
6.0000e+01 -2.0000e+02 1.7059e+00
6.0000e+01 -1.9000e+02 1.4499e-01
6.0000e+01 -1.8000e+02 4.4006e-01
6.0000e+01 -1.7000e+02 8.3336e-01
6.0000e+01 -1.6000e+02 -2.5696e+00
6.0000e+01 -1.5000e+02 -1.2518e-01
6.0000e+01 -1.4000e+02 2.5203e-01
6.0000e+01 -1.3000e+02 4.8874e-01
6.0000e+01 -1.2000e+02 -1.6635e+00
6.0000e+01 -1.1000e+02 -1.6515e+00
6.0000e+01 -1.0000e+02 5.9324e-01
6.0000e+01 -9.0000e+01 -4.2202e+00
6.0000e+01 -8.0000e+01 -3.5890e+00
6.0000e+01 -7.0000e+01 -4.0658e+00
6.0000e+01 -6.0000e+01 -6.2459e+00
6.0000e+01 -5.0000e+01 -5.3104e+00
6.0000e+01 -4.0000e+01 -6.2477e+00
6.0000e+01 -3.0000e+01 -6.8839e+00
6.0000e+01 -2.0000e+01 -1.0158e+01
6.0000e+01 -1.0000e+01 -6.6374e+00
6.0000e+01 0.0000e+00 -9.7619e+00
6.0000e+01 1.0000e+01 -1.1880e+01
6.0000e+01 2.0000e+01 -9.6337e+00
6.0000e+01 3.0000e+01 -7.2914e+00
6.0000e+01 4.0000e+01 -6.2401e+00
6.0000e+01 5.0000e+01 -5.6170e+00
6.0000e+01 6.0000e+01 -3.7982e+00
6.0000e+01 7.0000e+01 -2.9765e+00
6.0000e+01 8.0000e+01 -3.7147e+00
6.0000e+01 9.0000e+01 -1.0487e+00
6.0000e+01 1.0000e+02 -3.9416e+00
6.0000e+01 1.1000e+02 -3.8666e+00
6.0000e+01 1.2000e+02 -1.1564e+00
6.0000e+01 1.3000e+02 -5.8158e-03
6.0000e+01 1.4000e+02 1.8089e-01
6.0000e+01 1.5000e+02 -1.1221e+00
6.0000e+01 1.6000e+02 -5.6975e-01
6.0000e+01 1.7000e+02 -1.0106e+00
6.0000e+01 1.8000e+02 -1.5757e-01
6.0000e+01 1.9000e+02 -1.5570e+00
6.0000e+01 2.0000e+02 -4.2115e-01
7.0000e+01 -2.0000e+02 1.5157e+00
7.0000e+01 -1.9000e+02 -6.4319e-01
7.0000e+01 -1.8000e+02 1.0031e+00
7.0000e+01 -1.7000e+02 3.6519e+00
7.0000e+01 -1.6000e+02 -2.3852e-01
7.0000e+01 -1.5000e+02 -9.7013e-01
7.0000e+01 -1.4000e+02 2.1508e-01
7.0000e+01 -1.3000e+02 -1.7465e+00
7.0000e+01 -1.2000e+02 8.3503e-01
7.0000e+01 -1.1000e+02 -3.6593e+00
7.0000e+01 -1.0000e+02 -4.3895e-01
7.0000e+01 -9.0000e+01 5.9104e-01
7.0000e+01 -8.0000e+01 -9.2677e-01
7.0000e+01 -7.0000e+01 -5.1693e+00
7.0000e+01 -6.0000e+01 -5.2980e+00
7.0000e+01 -5.0000e+01 -3.6848e+00
7.0000e+01 -4.0000e+01 -8.2512e+00
7.0000e+01 -3.0000e+01 -7.5017e+00
7.0000e+01 -2.0000e+01 -5.6031e+00
7.0000e+01 -1.0000e+01 -7.8092e+00
7.0000e+01 0.0000e+00 -6.4953e+00
7.0000e+01 1.0000e+01 -5.3113e+00
7.0000e+01 2.0000e+01 -6.1799e+00
7.0000e+01 3.0000e+01 -5.7435e+00
7.0000e+01 4.0000e+01 -5.5297e+00
7.0000e+01 5.0000e+01 -6.2031e+00
7.0000e+01 6.0000e+01 -2.9633e+00
7.0000e+01 7.0000e+01 -2.6949e+00
7.0000e+01 8.0000e+01 -2.3298e+00
7.0000e+01 9.0000e+01 -1.5593e+00
7.0000e+01 1.0000e+02 -3.1858e+00
7.0000e+01 1.1000e+02 -2.5638e+00
7.0000e+01 1.2000e+02 1.2674e+00
7.0000e+01 1.3000e+02 -3.9827e-01
7.0000e+01 1.4000e+02 -5.8792e-01
7.0000e+01 1.5000e+02 1.1929e+00
7.0000e+01 1.6000e+02 -1.2139e-01
7.0000e+01 1.7000e+02 -1.7277e-01
7.0000e+01 1.8000e+02 -2.2363e+00
7.0000e+01 1.9000e+02 2.3882e-01
7.0000e+01 2.0000e+02 -1.3790e+00
8.0000e+01 -2.0000e+02 -3.4800e+00
8.0000e+01 -1.9000e+02 1.2294e+00
8.0000e+01 -1.8000e+02 -7.2570e-01
8.0000e+01 -1.7000e+02 2.3706e+00
8.0000e+01 -1.6000e+02 1.6456e+00
8.0000e+01 -1.5000e+02 -5.1239e-01
8.0000e+01 -1.4000e+02 -7.4902e-01
8.0000e+01 -1.3000e+02 1.8563e+00
8.0000e+01 -1.2000e+02 9.4697e-01
8.0000e+01 -1.1000e+02 -1.7147e+00
8.0000e+01 -1.0000e+02 9.7397e-01
8.0000e+01 -9.0000e+01 -1.0218e+00
8.0000e+01 -8.0000e+01 -2.8272e+00
8.0000e+01 -7.0000e+01 -2.6950e+00
8.0000e+01 -6.0000e+01 1.6719e+00
8.0000e+01 -5.0000e+01 -2.7934e+00
8.0000e+01 -4.0000e+01 -3.1750e+00
8.0000e+01 -3.0000e+01 -2.4611e+00
8.0000e+01 -2.0000e+01 -6.2869e+00
8.0000e+01 -1.0000e+01 -9.2207e+00
8.0000e+01 0.0000e+00 -6.1367e+00
8.0000e+01 1.0000e+01 -5.3151e+00
8.0000e+01 2.0000e+01 -5.2125e+00
8.0000e+01 3.0000e+01 -6.0194e+00
8.0000e+01 4.0000e+01 -2.4449e+00
8.0000e+01 5.0000e+01 -3.5898e+00
8.0000e+01 6.0000e+01 -3.9747e+00
8.0000e+01 7.0000e+01 -3.0074e+00
8.0000e+01 8.0000e+01 -2.1566e+00
8.0000e+01 9.0000e+01 -1.3286e+00
8.0000e+01 1.0000e+02 4.1196e-01
8.0000e+01 1.1000e+02 2.6640e-01
8.0000e+01 1.2000e+02 -9.6662e-01
8.0000e+01 1.3000e+02 9.1345e-01
8.0000e+01 1.4000e+02 1.1699e-01
8.0000e+01 1.5000e+02 1.1939e+00
8.0000e+01 1.6000e+02 1.6964e+00
8.0000e+01 1.7000e+02 -2.4666e-01
8.0000e+01 1.8000e+02 3.1799e+00
8.0000e+01 1.9000e+02 1.0974e+00
8.0000e+01 2.0000e+02 6.9578e-01
9.0000e+01 -2.0000e+02 1.8876e+00
9.0000e+01 -1.9000e+02 1.4612e+00
9.0000e+01 -1.8000e+02 -1.8743e+00
9.0000e+01 -1.7000e+02 -8.1897e-01
9.0000e+01 -1.6000e+02 1.0633e+00
9.0000e+01 -1.5000e+02 -2.5090e+00
9.0000e+01 -1.4000e+02 -5.4908e-01
9.0000e+01 -1.3000e+02 8.8696e-02
9.0000e+01 -1.2000e+02 -3.6367e+00
9.0000e+01 -1.1000e+02 -1.8116e+00
9.0000e+01 -1.0000e+02 1.2450e+00
9.0000e+01 -9.0000e+01 -2.2279e+00
9.0000e+01 -8.0000e+01 -1.8644e+00
9.0000e+01 -7.0000e+01 -2.3809e+00
9.0000e+01 -6.0000e+01 -1.8263e+00
9.0000e+01 -5.0000e+01 -2.1266e+00
9.0000e+01 -4.0000e+01 -2.9941e+00
9.0000e+01 -3.0000e+01 -2.8087e+00
9.0000e+01 -2.0000e+01 -5.0825e+00
9.0000e+01 -1.0000e+01 -5.3216e+00
9.0000e+01 0.0000e+00 -6.1021e+00
9.0000e+01 1.0000e+01 -3.5491e+00
9.0000e+01 2.0000e+01 -5.5140e+00
9.0000e+01 3.0000e+01 -2.4382e+00
9.0000e+01 4.0000e+01 -4.0953e+00
9.0000e+01 5.0000e+01 -1.4231e+00
9.0000e+01 6.0000e+01 -4.4619e+00
9.0000e+01 7.0000e+01 -4.7381e+00
9.0000e+01 8.0000e+01 1.1669e+00
9.0000e+01 9.0000e+01 -2.4932e+00
9.0000e+01 1.0000e+02 9.0114e-01
9.0000e+01 1.1000e+02 6.9101e-01
9.0000e+01 1.2000e+02 3.1829e+00
9.0000e+01 1.3000e+02 1.4148e+00
9.0000e+01 1.4000e+02 -5.7356e-01
9.0000e+01 1.5000e+02 -5.1163e-01
9.0000e+01 1.6000e+02 3.7910e-01
9.0000e+01 1.7000e+02 -1.0391e+00
9.0000e+01 1.8000e+02 -1.3622e+00
9.0000e+01 1.9000e+02 -9.3652e-01
9.0000e+01 2.0000e+02 -1.1755e+00
1.0000e+02 -2.0000e+02 -2.3599e-01
1.0000e+02 -1.9000e+02 6.4331e-01
1.0000e+02 -1.8000e+02 -3.0037e-01
1.0000e+02 -1.7000e+02 -9.1940e-02
1.0000e+02 -1.6000e+02 1.8776e+00
1.0000e+02 -1.5000e+02 -5.1163e-01
1.0000e+02 -1.4000e+02 -1.8288e+00
1.0000e+02 -1.3000e+02 2.8587e+00
1.0000e+02 -1.2000e+02 -8.6623e-01
1.0000e+02 -1.1000e+02 2.8795e-01
1.0000e+02 -1.0000e+02 2.6958e+00
1.0000e+02 -9.0000e+01 1.6406e-01
1.0000e+02 -8.0000e+01 -2.3020e+00
1.0000e+02 -7.0000e+01 -1.6739e+00
1.0000e+02 -6.0000e+01 -3.1994e+00
1.0000e+02 -5.0000e+01 -2.4593e+00
1.0000e+02 -4.0000e+01 -3.7848e-01
1.0000e+02 -3.0000e+01 -3.2074e+00
1.0000e+02 -2.0000e+01 -2.2285e+00
1.0000e+02 -1.0000e+01 -3.2328e+00
1.0000e+02 0.0000e+00 -2.8541e+00
1.0000e+02 1.0000e+01 -2.4010e+00
1.0000e+02 2.0000e+01 -2.8480e+00
1.0000e+02 3.0000e+01 -3.1627e+00
1.0000e+02 4.0000e+01 -2.6468e+00
1.0000e+02 5.0000e+01 -4.9650e-01
1.0000e+02 6.0000e+01 -9.8715e-01
1.0000e+02 7.0000e+01 -7.9383e-01
1.0000e+02 8.0000e+01 -1.6771e+00
1.0000e+02 9.0000e+01 -1.6620e+00
1.0000e+02 1.0000e+02 1.5440e+00
1.0000e+02 1.1000e+02 1.6640e+00
1.0000e+02 1.2000e+02 2.8048e+00
1.0000e+02 1.3000e+02 -1.5022e+00
1.0000e+02 1.4000e+02 1.2131e+00
1.0000e+02 1.5000e+02 2.9390e+00
1.0000e+02 1.6000e+02 2.7682e+00
1.0000e+02 1.7000e+02 -1.6068e+00
1.0000e+02 1.8000e+02 -1.1054e+00
1.0000e+02 1.9000e+02 -4.8957e-01
1.0000e+02 2.0000e+02 -3.0231e+00
1.1000e+02 -2.0000e+02 -1.2064e-01
1.1000e+02 -1.9000e+02 5.3340e-01
1.1000e+02 -1.8000e+02 1.5447e+00
1.1000e+02 -1.7000e+02 5.1822e-01
1.1000e+02 -1.6000e+02 5.4322e-01
1.1000e+02 -1.5000e+02 -3.0206e-01
1.1000e+02 -1.4000e+02 1.0528e+00
1.1000e+02 -1.3000e+02 7.8623e-01
1.1000e+02 -1.2000e+02 -1.7117e+00
1.1000e+02 -1.1000e+02 2.0951e+00
1.1000e+02 -1.0000e+02 -4.9553e-02
1.1000e+02 -9.0000e+01 -2.6282e+00
1.1000e+02 -8.0000e+01 1.2777e+00
1.1000e+02 -7.0000e+01 -1.7332e+00
1.1000e+02 -6.0000e+01 -1.9634e+00
1.1000e+02 -5.0000e+01 -1.1269e+00
1.1000e+02 -4.0000e+01 -6.1845e-01
1.1000e+02 -3.0000e+01 6.6244e-01
1.1000e+02 -2.0000e+01 -3.9146e+00
1.1000e+02 -1.0000e+01 -1.6883e+00
1.1000e+02 0.0000e+00 -1.6390e+00
1.1000e+02 1.0000e+01 -1.0814e+00
1.1000e+02 2.0000e+01 -1.2446e+00
1.1000e+02 3.0000e+01 -2.8793e+00
1.1000e+02 4.0000e+01 -1.0968e+00
1.1000e+02 5.0000e+01 -1.2161e+00
1.1000e+02 6.0000e+01 -1.4682e+00
1.1000e+02 7.0000e+01 -1.5694e+00
1.1000e+02 8.0000e+01 -2.0058e+00
1.1000e+02 9.0000e+01 8.9270e-02
1.1000e+02 1.0000e+02 -5.0039e-01
1.1000e+02 1.1000e+02 5.1820e-01
1.1000e+02 1.2000e+02 2.1267e+00
1.1000e+02 1.3000e+02 -1.2074e+00
1.1000e+02 1.4000e+02 2.2385e+00
1.1000e+02 1.5000e+02 6.8718e-01
1.1000e+02 1.6000e+02 -2.0343e+00
1.1000e+02 1.7000e+02 1.4028e+00
1.1000e+02 1.8000e+02 -9.0241e-01
1.1000e+02 1.9000e+02 2.0344e-01
1.1000e+02 2.0000e+02 2.8427e+00
1.2000e+02 -2.0000e+02 3.4326e-01
1.2000e+02 -1.9000e+02 9.8604e-01
1.2000e+02 -1.8000e+02 1.6522e+00
1.2000e+02 -1.7000e+02 -3.0495e-01
1.2000e+02 -1.6000e+02 3.1734e-01
1.2000e+02 -1.5000e+02 -2.8138e+00
1.2000e+02 -1.4000e+02 7.9748e-02
1.2000e+02 -1.3000e+02 -2.9348e+00
1.2000e+02 -1.2000e+02 -2.8844e-01
1.2000e+02 -1.1000e+02 3.6267e-01
1.2000e+02 -1.0000e+02 -1.2826e+00
1.2000e+02 -9.0000e+01 -2.5108e+00
1.2000e+02 -8.0000e+01 -2.5643e-01
1.2000e+02 -7.0000e+01 2.0877e+00
1.2000e+02 -6.0000e+01 -1.3442e+00
1.2000e+02 -5.0000e+01 5.1100e-02
1.2000e+02 -4.0000e+01 -2.5056e+00
1.2000e+02 -3.0000e+01 -1.7758e+00
1.2000e+02 -2.0000e+01 -2.2891e+00
1.2000e+02 -1.0000e+01 -1.4056e+00
1.2000e+02 0.0000e+00 -1.7511e+00
1.2000e+02 1.0000e+01 -2.5368e+00
1.2000e+02 2.0000e+01 -1.0774e+00
1.2000e+02 3.0000e+01 -2.5328e+00
1.2000e+02 4.0000e+01 -1.4650e+00
1.2000e+02 5.0000e+01 -9.8742e-01
1.2000e+02 6.0000e+01 -5.4506e-01
1.2000e+02 7.0000e+01 -2.3897e-01
1.2000e+02 8.0000e+01 7.0672e-01
1.2000e+02 9.0000e+01 9.0448e-01
1.2000e+02 1.0000e+02 -2.6966e-01
1.2000e+02 1.1000e+02 -1.6898e+00
1.2000e+02 1.2000e+02 -5.6383e-02
1.2000e+02 1.3000e+02 -1.5189e+00
1.2000e+02 1.4000e+02 -9.5111e-01
1.2000e+02 1.5000e+02 5.8502e-01
1.2000e+02 1.6000e+02 1.4601e-01
1.2000e+02 1.7000e+02 -3.1946e-01
1.2000e+02 1.8000e+02 1.3760e+00
1.2000e+02 1.9000e+02 -1.0420e+00
1.2000e+02 2.0000e+02 -1.7412e+00
1.3000e+02 -2.0000e+02 1.5369e+00
1.3000e+02 -1.9000e+02 -9.7353e-01
1.3000e+02 -1.8000e+02 3.5600e+00
1.3000e+02 -1.7000e+02 -1.0650e-01
1.3000e+02 -1.6000e+02 1.7500e+00
1.3000e+02 -1.5000e+02 1.1757e+00
1.3000e+02 -1.4000e+02 5.6859e-01
1.3000e+02 -1.3000e+02 1.5476e+00
1.3000e+02 -1.2000e+02 -1.4582e-01
1.3000e+02 -1.1000e+02 -6.7058e-02
1.3000e+02 -1.0000e+02 -7.7458e-02
1.3000e+02 -9.0000e+01 -1.9638e+00
1.3000e+02 -8.0000e+01 -1.7536e+00
1.3000e+02 -7.0000e+01 5.8850e-01
1.3000e+02 -6.0000e+01 1.2426e+00
1.3000e+02 -5.0000e+01 -2.4046e+00
1.3000e+02 -4.0000e+01 -2.2154e+00
1.3000e+02 -3.0000e+01 -1.0866e+00
1.3000e+02 -2.0000e+01 -1.7965e+00
1.3000e+02 -1.0000e+01 2.8234e-01
1.3000e+02 0.0000e+00 -1.1784e+00
1.3000e+02 1.0000e+01 -1.8927e+00
1.3000e+02 2.0000e+01 2.7827e-01
1.3000e+02 3.0000e+01 -1.6667e+00
1.3000e+02 4.0000e+01 3.7942e+00
1.3000e+02 5.0000e+01 -1.4524e+00
1.3000e+02 6.0000e+01 -7.4782e-01
1.3000e+02 7.0000e+01 4.2042e-01
1.3000e+02 8.0000e+01 -1.3705e+00
1.3000e+02 9.0000e+01 7.8640e-01
1.3000e+02 1.0000e+02 3.1425e-02
1.3000e+02 1.1000e+02 -1.2118e+00
1.3000e+02 1.2000e+02 -3.1385e-01
1.3000e+02 1.3000e+02 -1.0357e+00
1.3000e+02 1.4000e+02 6.2893e-01
1.3000e+02 1.5000e+02 -6.8469e-01
1.3000e+02 1.6000e+02 -2.4550e+00
1.3000e+02 1.7000e+02 -2.5439e+00
1.3000e+02 1.8000e+02 1.1149e+00
1.3000e+02 1.9000e+02 1.7325e+00
1.3000e+02 2.0000e+02 1.4963e+00
1.4000e+02 -2.0000e+02 -3.0017e+00
1.4000e+02 -1.9000e+02 -9.8875e-01
1.4000e+02 -1.8000e+02 1.0203e+00
1.4000e+02 -1.7000e+02 -3.2336e-01
1.4000e+02 -1.6000e+02 1.5446e+00
1.4000e+02 -1.5000e+02 1.4302e+00
1.4000e+02 -1.4000e+02 1.4958e+00
1.4000e+02 -1.3000e+02 -8.2016e-01
1.4000e+02 -1.2000e+02 -3.0832e-01
1.4000e+02 -1.1000e+02 8.4586e-01
1.4000e+02 -1.0000e+02 1.6511e+00
1.4000e+02 -9.0000e+01 -2.4936e-01
1.4000e+02 -8.0000e+01 2.1488e-01
1.4000e+02 -7.0000e+01 4.1407e-01
1.4000e+02 -6.0000e+01 2.1884e-01
1.4000e+02 -5.0000e+01 3.0555e-01
1.4000e+02 -4.0000e+01 5.5489e-02
1.4000e+02 -3.0000e+01 -9.0478e-01
1.4000e+02 -2.0000e+01 -1.4330e+00
1.4000e+02 -1.0000e+01 8.8847e-01
1.4000e+02 0.0000e+00 -1.6816e+00
1.4000e+02 1.0000e+01 -1.1222e+00
1.4000e+02 2.0000e+01 -1.0870e+00
1.4000e+02 3.0000e+01 8.9477e-01
1.4000e+02 4.0000e+01 -9.9252e-02
1.4000e+02 5.0000e+01 -2.3789e+00
1.4000e+02 6.0000e+01 -1.3335e+00
1.4000e+02 7.0000e+01 -1.2504e+00
1.4000e+02 8.0000e+01 4.3586e-01
1.4000e+02 9.0000e+01 -1.0152e-02
1.4000e+02 1.0000e+02 -1.3668e+00
1.4000e+02 1.1000e+02 -2.5101e-01
1.4000e+02 1.2000e+02 4.1649e+00
1.4000e+02 1.3000e+02 1.6167e+00
1.4000e+02 1.4000e+02 -1.9082e+00
1.4000e+02 1.5000e+02 2.0299e+00
1.4000e+02 1.6000e+02 -8.7767e-01
1.4000e+02 1.7000e+02 1.0056e+00
1.4000e+02 1.8000e+02 1.7988e+00
1.4000e+02 1.9000e+02 -8.0900e-01
1.4000e+02 2.0000e+02 -5.8314e-01
1.5000e+02 -2.0000e+02 1.4864e+00
1.5000e+02 -1.9000e+02 1.3666e+00
1.5000e+02 -1.8000e+02 -1.5364e+00
1.5000e+02 -1.7000e+02 5.4487e-01
1.5000e+02 -1.6000e+02 1.5741e+00
1.5000e+02 -1.5000e+02 1.4098e+00
1.5000e+02 -1.4000e+02 -1.7049e+00
1.5000e+02 -1.3000e+02 -6.8603e-01
1.5000e+02 -1.2000e+02 1.6562e-01
1.5000e+02 -1.1000e+02 6.2546e-02
1.5000e+02 -1.0000e+02 -1.3302e+00
1.5000e+02 -9.0000e+01 -2.1512e+00
1.5000e+02 -8.0000e+01 -1.8904e-01
1.5000e+02 -7.0000e+01 -5.8820e-01
1.5000e+02 -6.0000e+01 -2.8675e+00
1.5000e+02 -5.0000e+01 -2.3105e+00
1.5000e+02 -4.0000e+01 -4.0429e-01
1.5000e+02 -3.0000e+01 -1.3883e+00
1.5000e+02 -2.0000e+01 -1.5628e+00
1.5000e+02 -1.0000e+01 1.3807e+00
1.5000e+02 0.0000e+00 -2.4476e+00
1.5000e+02 1.0000e+01 -6.7391e-01
1.5000e+02 2.0000e+01 6.4272e-01
1.5000e+02 3.0000e+01 1.0186e+00
1.5000e+02 4.0000e+01 -4.3830e-01
1.5000e+02 5.0000e+01 1.2707e+00
1.5000e+02 6.0000e+01 8.4330e-01
1.5000e+02 7.0000e+01 -2.0414e+00
1.5000e+02 8.0000e+01 1.5555e+00
1.5000e+02 9.0000e+01 -5.4049e-01
1.5000e+02 1.0000e+02 -2.0346e+00
1.5000e+02 1.1000e+02 1.5585e+00
1.5000e+02 1.2000e+02 2.8652e+00
1.5000e+02 1.3000e+02 1.0435e+00
1.5000e+02 1.4000e+02 1.1288e-02
1.5000e+02 1.5000e+02 -2.0506e+00
1.5000e+02 1.6000e+02 -3.1839e-01
1.5000e+02 1.7000e+02 -1.7106e+00
1.5000e+02 1.8000e+02 -6.5678e-01
1.5000e+02 1.9000e+02 6.8264e-01
1.5000e+02 2.0000e+02 9.1115e-01
1.6000e+02 -2.0000e+02 -1.8800e+00
1.6000e+02 -1.9000e+02 -1.6203e+00
1.6000e+02 -1.8000e+02 -3.5253e-02
1.6000e+02 -1.7000e+02 -1.1585e+00
1.6000e+02 -1.6000e+02 1.0136e-01
1.6000e+02 -1.5000e+02 1.1840e+00
1.6000e+02 -1.4000e+02 6.7457e-01
1.6000e+02 -1.3000e+02 -5.4914e-02
1.6000e+02 -1.2000e+02 2.4429e+00
1.6000e+02 -1.1000e+02 5.2912e-01
1.6000e+02 -1.0000e+02 -2.9628e+00
1.6000e+02 -9.0000e+01 -2.6817e-01
1.6000e+02 -8.0000e+01 -3.8226e-03
1.6000e+02 -7.0000e+01 -2.5326e+00
1.6000e+02 -6.0000e+01 -1.6721e+00
1.6000e+02 -5.0000e+01 -2.7035e+00
1.6000e+02 -4.0000e+01 -6.8711e-01
1.6000e+02 -3.0000e+01 1.9990e+00
1.6000e+02 -2.0000e+01 -2.0505e-01
1.6000e+02 -1.0000e+01 -2.5991e-01
1.6000e+02 0.0000e+00 -2.3116e+00
1.6000e+02 1.0000e+01 -3.1488e+00
1.6000e+02 2.0000e+01 -1.2160e+00
1.6000e+02 3.0000e+01 6.1841e-01
1.6000e+02 4.0000e+01 -8.2309e-01
1.6000e+02 5.0000e+01 -6.2706e-01
1.6000e+02 6.0000e+01 4.7081e-02
1.6000e+02 7.0000e+01 1.2446e+00
1.6000e+02 8.0000e+01 1.6486e+00
1.6000e+02 9.0000e+01 -1.2119e+00
1.6000e+02 1.0000e+02 -8.4940e-02
1.6000e+02 1.1000e+02 -2.3217e-01
1.6000e+02 1.2000e+02 3.2690e+00
1.6000e+02 1.3000e+02 2.5279e+00
1.6000e+02 1.4000e+02 -2.5776e+00
1.6000e+02 1.5000e+02 -2.1680e-02
1.6000e+02 1.6000e+02 -1.0423e+00
1.6000e+02 1.7000e+02 2.0488e+00
1.6000e+02 1.8000e+02 7.4477e-01
1.6000e+02 1.9000e+02 -7.5482e-01
1.6000e+02 2.0000e+02 9.3971e-02
1.7000e+02 -2.0000e+02 1.7202e+00
1.7000e+02 -1.9000e+02 -1.3888e+00
1.7000e+02 -1.8000e+02 -2.2825e-01
1.7000e+02 -1.7000e+02 -4.8774e-01
1.7000e+02 -1.6000e+02 -1.8821e-01
1.7000e+02 -1.5000e+02 4.1183e-01
1.7000e+02 -1.4000e+02 2.0058e+00
1.7000e+02 -1.3000e+02 -5.6599e-01
1.7000e+02 -1.2000e+02 -5.1763e-01
1.7000e+02 -1.1000e+02 -3.3632e-01
1.7000e+02 -1.0000e+02 2.6296e+00
1.7000e+02 -9.0000e+01 -2.6815e+00
1.7000e+02 -8.0000e+01 -2.5667e+00
1.7000e+02 -7.0000e+01 -1.0769e+00
1.7000e+02 -6.0000e+01 9.5786e-01
1.7000e+02 -5.0000e+01 -1.4033e-01
1.7000e+02 -4.0000e+01 -1.7751e+00
1.7000e+02 -3.0000e+01 -2.2990e-01
1.7000e+02 -2.0000e+01 3.7790e-01
1.7000e+02 -1.0000e+01 1.7758e-01
1.7000e+02 0.0000e+00 2.2210e+00
1.7000e+02 1.0000e+01 -3.8441e+00
1.7000e+02 2.0000e+01 -1.6064e+00
1.7000e+02 3.0000e+01 -2.3922e+00
1.7000e+02 4.0000e+01 2.1464e+00
1.7000e+02 5.0000e+01 -1.3775e+00
1.7000e+02 6.0000e+01 -1.5951e-01
1.7000e+02 7.0000e+01 -7.1802e-01
1.7000e+02 8.0000e+01 5.8726e-01
1.7000e+02 9.0000e+01 -2.7112e-01
1.7000e+02 1.0000e+02 -1.1007e-01
1.7000e+02 1.1000e+02 -9.8478e-01
1.7000e+02 1.2000e+02 -3.3420e+00
1.7000e+02 1.3000e+02 -4.2432e-01
1.7000e+02 1.4000e+02 4.4994e-01
1.7000e+02 1.5000e+02 -3.3515e-01
1.7000e+02 1.6000e+02 7.1414e-01
1.7000e+02 1.7000e+02 4.4663e-01
1.7000e+02 1.8000e+02 1.9517e-01
1.7000e+02 1.9000e+02 4.0820e-01
1.7000e+02 2.0000e+02 -1.9316e+00
1.8000e+02 -2.0000e+02 -9.5593e-01
1.8000e+02 -1.9000e+02 1.9871e+00
1.8000e+02 -1.8000e+02 5.0217e-01
1.8000e+02 -1.7000e+02 1.9200e+00
1.8000e+02 -1.6000e+02 -5.4499e-01
1.8000e+02 -1.5000e+02 8.9170e-02
1.8000e+02 -1.4000e+02 -9.3155e-01
1.8000e+02 -1.3000e+02 -7.1750e-01
1.8000e+02 -1.2000e+02 -1.1466e+00
1.8000e+02 -1.1000e+02 -1.3036e+00
1.8000e+02 -1.0000e+02 8.6863e-01
1.8000e+02 -9.0000e+01 1.2812e+00
1.8000e+02 -8.0000e+01 -3.6731e+00
1.8000e+02 -7.0000e+01 4.3480e-01
1.8000e+02 -6.0000e+01 1.9538e+00
1.8000e+02 -5.0000e+01 1.1165e+00
1.8000e+02 -4.0000e+01 1.0318e+00
1.8000e+02 -3.0000e+01 -7.1530e-01
1.8000e+02 -2.0000e+01 1.3625e-01
1.8000e+02 -1.0000e+01 4.0722e+00
1.8000e+02 0.0000e+00 -2.0895e+00
1.8000e+02 1.0000e+01 -6.7381e-01
1.8000e+02 2.0000e+01 -6.5712e-01
1.8000e+02 3.0000e+01 -3.1825e+00
1.8000e+02 4.0000e+01 -7.0030e-01
1.8000e+02 5.0000e+01 -2.1301e+00
1.8000e+02 6.0000e+01 -9.4711e-01
1.8000e+02 7.0000e+01 -1.0678e+00
1.8000e+02 8.0000e+01 1.4574e+00
1.8000e+02 9.0000e+01 -1.0856e+00
1.8000e+02 1.0000e+02 4.8834e-01
1.8000e+02 1.1000e+02 3.6233e-01
1.8000e+02 1.2000e+02 4.7196e-01
1.8000e+02 1.3000e+02 8.4122e-01
1.8000e+02 1.4000e+02 2.3554e-01
1.8000e+02 1.5000e+02 4.7128e-01
1.8000e+02 1.6000e+02 -2.5717e+00
1.8000e+02 1.7000e+02 7.6555e-03
1.8000e+02 1.8000e+02 -3.4504e+00
1.8000e+02 1.9000e+02 -1.9033e+00
1.8000e+02 2.0000e+02 -1.0468e+00
1.9000e+02 -2.0000e+02 2.9280e+00
1.9000e+02 -1.9000e+02 -1.0580e+00
1.9000e+02 -1.8000e+02 1.5901e+00
1.9000e+02 -1.7000e+02 4.1781e-01
1.9000e+02 -1.6000e+02 2.1782e+00
1.9000e+02 -1.5000e+02 -1.9840e-01
1.9000e+02 -1.4000e+02 -9.7456e-01
1.9000e+02 -1.3000e+02 1.3452e+00
1.9000e+02 -1.2000e+02 3.4355e-02
1.9000e+02 -1.1000e+02 -6.2179e-01
1.9000e+02 -1.0000e+02 -9.7561e-01
1.9000e+02 -9.0000e+01 -6.7336e-01
1.9000e+02 -8.0000e+01 2.7231e+00
1.9000e+02 -7.0000e+01 -2.1309e+00
1.9000e+02 -6.0000e+01 -2.2041e+00
1.9000e+02 -5.0000e+01 -2.0810e+00
1.9000e+02 -4.0000e+01 1.6351e-01
1.9000e+02 -3.0000e+01 -2.9533e+00
1.9000e+02 -2.0000e+01 1.8387e+00
1.9000e+02 -1.0000e+01 -3.7125e-01
1.9000e+02 0.0000e+00 9.3069e-02
1.9000e+02 1.0000e+01 4.4467e+00
1.9000e+02 2.0000e+01 4.0924e-01
1.9000e+02 3.0000e+01 -9.2837e-01
1.9000e+02 4.0000e+01 -2.3537e+00
1.9000e+02 5.0000e+01 -1.7741e+00
1.9000e+02 6.0000e+01 -7.8623e-01
1.9000e+02 7.0000e+01 1.1078e+00
1.9000e+02 8.0000e+01 -6.8351e-01
1.9000e+02 9.0000e+01 9.3178e-01
1.9000e+02 1.0000e+02 -1.7628e+00
1.9000e+02 1.1000e+02 9.1531e-01
1.9000e+02 1.2000e+02 5.4829e-01
1.9000e+02 1.3000e+02 2.1186e+00
1.9000e+02 1.4000e+02 -1.0318e+00
1.9000e+02 1.5000e+02 5.9747e-01
1.9000e+02 1.6000e+02 5.6327e-01
1.9000e+02 1.7000e+02 -9.8826e-01
1.9000e+02 1.8000e+02 -8.1642e-01
1.9000e+02 1.9000e+02 -4.1380e-01
1.9000e+02 2.0000e+02 1.8488e-01
2.0000e+02 -2.0000e+02 6.8246e-01
2.0000e+02 -1.9000e+02 -2.6680e-02
2.0000e+02 -1.8000e+02 -1.0473e+00
2.0000e+02 -1.7000e+02 -1.1972e+00
2.0000e+02 -1.6000e+02 2.7432e-01
2.0000e+02 -1.5000e+02 6.9389e-02
2.0000e+02 -1.4000e+02 -3.7632e-01
2.0000e+02 -1.3000e+02 2.3528e-01
2.0000e+02 -1.2000e+02 -1.6872e+00
2.0000e+02 -1.1000e+02 -1.0613e+00
2.0000e+02 -1.0000e+02 -2.2639e+00
2.0000e+02 -9.0000e+01 -9.8573e-01
2.0000e+02 -8.0000e+01 -1.9914e-01
2.0000e+02 -7.0000e+01 -1.1936e+00
2.0000e+02 -6.0000e+01 2.3467e-01
2.0000e+02 -5.0000e+01 -2.5218e-01
2.0000e+02 -4.0000e+01 -1.2311e+00
2.0000e+02 -3.0000e+01 9.8715e-01
2.0000e+02 -2.0000e+01 1.0657e+00
2.0000e+02 -1.0000e+01 1.2200e+00
2.0000e+02 0.0000e+00 2.6461e-01
2.0000e+02 1.0000e+01 -3.2167e-01
2.0000e+02 2.0000e+01 3.7183e-01
2.0000e+02 3.0000e+01 4.5254e-01
2.0000e+02 4.0000e+01 1.2237e+00
2.0000e+02 5.0000e+01 1.6068e+00
2.0000e+02 6.0000e+01 1.2549e-02
2.0000e+02 7.0000e+01 -3.1591e-01
2.0000e+02 8.0000e+01 7.3865e-01
2.0000e+02 9.0000e+01 2.3398e+00
2.0000e+02 1.0000e+02 7.6496e-01
2.0000e+02 1.1000e+02 3.4488e+00
2.0000e+02 1.2000e+02 1.6389e+00
2.0000e+02 1.3000e+02 -8.9017e-01
2.0000e+02 1.4000e+02 -1.0637e-01
2.0000e+02 1.5000e+02 1.4541e+00
2.0000e+02 1.6000e+02 3.0204e-01
2.0000e+02 1.7000e+02 -1.1093e+00
2.0000e+02 1.8000e+02 1.6475e+00
2.0000e+02 1.9000e+02 -2.9785e-01
2.0000e+02 2.0000e+02 -2.2986e+00
