-2.0000e+02 -2.0000e+02 2.8536e+00
-2.0000e+02 -1.9000e+02 -3.3360e-01
-2.0000e+02 -1.8000e+02 3.8323e-01
-2.0000e+02 -1.7000e+02 -2.9681e-01
-2.0000e+02 -1.6000e+02 6.5834e-01
-2.0000e+02 -1.5000e+02 2.1170e-01
-2.0000e+02 -1.4000e+02 -9.1557e-01
-2.0000e+02 -1.3000e+02 6.5731e-01
-2.0000e+02 -1.2000e+02 -8.7252e-01
-2.0000e+02 -1.1000e+02 -2.2497e+00
-2.0000e+02 -1.0000e+02 3.8424e-01
-2.0000e+02 -9.0000e+01 -7.6579e-01
-2.0000e+02 -8.0000e+01 8.0599e-01
-2.0000e+02 -7.0000e+01 -2.8478e-01
-2.0000e+02 -6.0000e+01 2.9898e+00
-2.0000e+02 -5.0000e+01 -1.2429e+00
-2.0000e+02 -4.0000e+01 -2.1563e-01
-2.0000e+02 -3.0000e+01 5.0504e-01
-2.0000e+02 -2.0000e+01 -9.7220e-01
-2.0000e+02 -1.0000e+01 5.2639e-01
-2.0000e+02 0.0000e+00 -3.7787e-01
-2.0000e+02 1.0000e+01 -1.8154e+00
-2.0000e+02 2.0000e+01 9.3006e-02
-2.0000e+02 3.0000e+01 1.0638e+00
-2.0000e+02 4.0000e+01 -2.1120e+00
-2.0000e+02 5.0000e+01 -5.9258e-01
-2.0000e+02 6.0000e+01 -1.8284e+00
-2.0000e+02 7.0000e+01 4.6451e-01
-2.0000e+02 8.0000e+01 -3.7295e-01
-2.0000e+02 9.0000e+01 -3.1836e-01
-2.0000e+02 1.0000e+02 1.4425e+00
-2.0000e+02 1.1000e+02 -5.6944e-01
-2.0000e+02 1.2000e+02 -8.2825e-01
-2.0000e+02 1.3000e+02 -1.5307e+00
-2.0000e+02 1.4000e+02 2.8243e+00
-2.0000e+02 1.5000e+02 -1.0815e+00
-2.0000e+02 1.6000e+02 2.6261e+00
-2.0000e+02 1.7000e+02 -4.2780e-01
-2.0000e+02 1.8000e+02 8.2685e-01
-2.0000e+02 1.9000e+02 -6.2776e-02
-2.0000e+02 2.0000e+02 5.7989e-02
-1.9000e+02 -2.0000e+02 -2.8278e+00
-1.9000e+02 -1.9000e+02 1.3313e+00
-1.9000e+02 -1.8000e+02 -1.3938e+00
-1.9000e+02 -1.7000e+02 -8.2207e-01
-1.9000e+02 -1.6000e+02 -3.0581e-01
-1.9000e+02 -1.5000e+02 -4.0879e-01
-1.9000e+02 -1.4000e+02 1.4854e+00
-1.9000e+02 -1.3000e+02 -2.2253e-01
-1.9000e+02 -1.2000e+02 -1.8834e+00
-1.9000e+02 -1.1000e+02 -2.9005e+00
-1.9000e+02 -1.0000e+02 -1.1952e+00
-1.9000e+02 -9.0000e+01 -4.6749e-01
-1.9000e+02 -8.0000e+01 5.6380e-01
-1.9000e+02 -7.0000e+01 5.5562e-01
-1.9000e+02 -6.0000e+01 1.3466e+00
-1.9000e+02 -5.0000e+01 1.4134e+00
-1.9000e+02 -4.0000e+01 2.7688e-01
-1.9000e+02 -3.0000e+01 -2.4550e+00
-1.9000e+02 -2.0000e+01 1.7510e+00
-1.9000e+02 -1.0000e+01 1.0566e+00
-1.9000e+02 0.0000e+00 -2.9024e-01
-1.9000e+02 1.0000e+01 -1.5835e+00
-1.9000e+02 2.0000e+01 7.1007e-01
-1.9000e+02 3.0000e+01 -1.8264e+00
-1.9000e+02 4.0000e+01 -8.9738e-01
-1.9000e+02 5.0000e+01 -3.9679e-01
-1.9000e+02 6.0000e+01 3.7598e-01
-1.9000e+02 7.0000e+01 1.4826e+00
-1.9000e+02 8.0000e+01 -2.7164e-01
-1.9000e+02 9.0000e+01 1.9416e+00
-1.9000e+02 1.0000e+02 5.0578e-01
-1.9000e+02 1.1000e+02 -1.1619e+00
-1.9000e+02 1.2000e+02 1.2170e-01
-1.9000e+02 1.3000e+02 -1.3886e+00
-1.9000e+02 1.4000e+02 -4.6314e-01
-1.9000e+02 1.5000e+02 1.7253e+00
-1.9000e+02 1.6000e+02 -1.4534e+00
-1.9000e+02 1.7000e+02 2.3717e+00
-1.9000e+02 1.8000e+02 1.5012e+00
-1.9000e+02 1.9000e+02 -1.5568e+00
-1.9000e+02 2.0000e+02 -7.6553e-02
-1.8000e+02 -2.0000e+02 1.3041e+00
-1.8000e+02 -1.9000e+02 -2.7805e+00
-1.8000e+02 -1.8000e+02 -1.0624e+00
-1.8000e+02 -1.7000e+02 -1.4811e+00
-1.8000e+02 -1.6000e+02 1.2223e+00
-1.8000e+02 -1.5000e+02 -9.4471e-01
-1.8000e+02 -1.4000e+02 2.5729e-01
-1.8000e+02 -1.3000e+02 -2.6498e-01
-1.8000e+02 -1.2000e+02 1.9349e-01
-1.8000e+02 -1.1000e+02 -5.3517e-02
-1.8000e+02 -1.0000e+02 1.7619e+00
-1.8000e+02 -9.0000e+01 -4.9861e-01
-1.8000e+02 -8.0000e+01 -4.0172e+00
-1.8000e+02 -7.0000e+01 -3.0511e+00
-1.8000e+02 -6.0000e+01 1.1838e+00
-1.8000e+02 -5.0000e+01 8.2305e-01
-1.8000e+02 -4.0000e+01 -3.8684e-01
-1.8000e+02 -3.0000e+01 -1.5066e+00
-1.8000e+02 -2.0000e+01 -1.3990e+00
-1.8000e+02 -1.0000e+01 -8.6119e-02
-1.8000e+02 0.0000e+00 1.3501e-01
-1.8000e+02 1.0000e+01 -1.2711e+00
-1.8000e+02 2.0000e+01 2.8417e+00
-1.8000e+02 3.0000e+01 1.7870e+00
-1.8000e+02 4.0000e+01 1.5243e+00
-1.8000e+02 5.0000e+01 -2.1247e+00
-1.8000e+02 6.0000e+01 7.9439e-01
-1.8000e+02 7.0000e+01 -6.7590e-01
-1.8000e+02 8.0000e+01 -7.5636e-01
-1.8000e+02 9.0000e+01 1.2965e+00
-1.8000e+02 1.0000e+02 -8.9563e-01
-1.8000e+02 1.1000e+02 2.2655e+00
-1.8000e+02 1.2000e+02 1.1112e+00
-1.8000e+02 1.3000e+02 -1.5733e+00
-1.8000e+02 1.4000e+02 1.5153e+00
-1.8000e+02 1.5000e+02 9.8005e-01
-1.8000e+02 1.6000e+02 1.7514e+00
-1.8000e+02 1.7000e+02 1.5069e-01
-1.8000e+02 1.8000e+02 1.0030e+00
-1.8000e+02 1.9000e+02 4.2143e-01
-1.8000e+02 2.0000e+02 -6.0176e-01
-1.7000e+02 -2.0000e+02 2.1632e+00
-1.7000e+02 -1.9000e+02 9.0575e-02
-1.7000e+02 -1.8000e+02 1.0544e+00
-1.7000e+02 -1.7000e+02 -4.0686e-01
-1.7000e+02 -1.6000e+02 -4.5695e-01
-1.7000e+02 -1.5000e+02 2.3605e+00
-1.7000e+02 -1.4000e+02 -2.0158e+00
-1.7000e+02 -1.3000e+02 1.1341e+00
-1.7000e+02 -1.2000e+02 -5.7521e-01
-1.7000e+02 -1.1000e+02 1.4011e+00
-1.7000e+02 -1.0000e+02 -2.8471e+00
-1.7000e+02 -9.0000e+01 4.8179e+00
-1.7000e+02 -8.0000e+01 -1.1087e+00
-1.7000e+02 -7.0000e+01 1.2431e+00
-1.7000e+02 -6.0000e+01 -2.4203e-01
-1.7000e+02 -5.0000e+01 2.7723e+00
-1.7000e+02 -4.0000e+01 9.5197e-02
-1.7000e+02 -3.0000e+01 9.0413e-01
-1.7000e+02 -2.0000e+01 6.8205e-01
-1.7000e+02 -1.0000e+01 2.0345e+00
-1.7000e+02 0.0000e+00 -2.6397e-01
-1.7000e+02 1.0000e+01 2.9975e+00
-1.7000e+02 2.0000e+01 -1.9624e+00
-1.7000e+02 3.0000e+01 1.9313e+00
-1.7000e+02 4.0000e+01 -7.2089e-01
-1.7000e+02 5.0000e+01 1.0301e-01
-1.7000e+02 6.0000e+01 2.3505e+00
-1.7000e+02 7.0000e+01 8.9891e-01
-1.7000e+02 8.0000e+01 -2.0328e-01
-1.7000e+02 9.0000e+01 -4.3487e+00
-1.7000e+02 1.0000e+02 6.6526e-01
-1.7000e+02 1.1000e+02 4.0085e-01
-1.7000e+02 1.2000e+02 1.8255e+00
-1.7000e+02 1.3000e+02 8.2068e-01
-1.7000e+02 1.4000e+02 -1.2747e-02
-1.7000e+02 1.5000e+02 -2.3546e+00
-1.7000e+02 1.6000e+02 -2.7040e-01
-1.7000e+02 1.7000e+02 9.6966e-01
-1.7000e+02 1.8000e+02 3.5383e-02
-1.7000e+02 1.9000e+02 -5.4585e-01
-1.7000e+02 2.0000e+02 -2.1505e+00
-1.6000e+02 -2.0000e+02 6.4084e-01
-1.6000e+02 -1.9000e+02 9.6395e-01
-1.6000e+02 -1.8000e+02 -3.2182e+00
-1.6000e+02 -1.7000e+02 -1.2870e+00
-1.6000e+02 -1.6000e+02 -2.3784e+00
-1.6000e+02 -1.5000e+02 2.3211e-01
-1.6000e+02 -1.4000e+02 -1.7157e-01
-1.6000e+02 -1.3000e+02 3.6183e-01
-1.6000e+02 -1.2000e+02 1.4467e+00
-1.6000e+02 -1.1000e+02 2.6763e+00
-1.6000e+02 -1.0000e+02 1.2457e+00
-1.6000e+02 -9.0000e+01 1.5218e+00
-1.6000e+02 -8.0000e+01 -1.5309e-01
-1.6000e+02 -7.0000e+01 -1.2386e+00
-1.6000e+02 -6.0000e+01 3.5377e+00
-1.6000e+02 -5.0000e+01 -2.4325e-01
-1.6000e+02 -4.0000e+01 -5.3723e-01
-1.6000e+02 -3.0000e+01 -1.0930e+00
-1.6000e+02 -2.0000e+01 -2.1907e+00
-1.6000e+02 -1.0000e+01 1.7045e-01
-1.6000e+02 0.0000e+00 -5.0796e-02
-1.6000e+02 1.0000e+01 2.1911e+00
-1.6000e+02 2.0000e+01 -6.2295e-01
-1.6000e+02 3.0000e+01 -1.2650e-01
-1.6000e+02 4.0000e+01 -9.7684e-01
-1.6000e+02 5.0000e+01 -1.3373e+00
-1.6000e+02 6.0000e+01 -5.2384e-01
-1.6000e+02 7.0000e+01 -1.4605e+00
-1.6000e+02 8.0000e+01 -1.5687e+00
-1.6000e+02 9.0000e+01 6.1655e-01
-1.6000e+02 1.0000e+02 -9.5963e-01
-1.6000e+02 1.1000e+02 -1.5566e+00
-1.6000e+02 1.2000e+02 1.1099e+00
-1.6000e+02 1.3000e+02 -2.1337e-02
-1.6000e+02 1.4000e+02 -1.5641e+00
-1.6000e+02 1.5000e+02 2.4548e+00
-1.6000e+02 1.6000e+02 1.5352e+00
-1.6000e+02 1.7000e+02 -1.5734e-01
-1.6000e+02 1.8000e+02 4.4446e-01
-1.6000e+02 1.9000e+02 -2.2765e-01
-1.6000e+02 2.0000e+02 1.9502e+00
-1.5000e+02 -2.0000e+02 3.3486e+00
-1.5000e+02 -1.9000e+02 2.2954e+00
-1.5000e+02 -1.8000e+02 2.8887e+00
-1.5000e+02 -1.7000e+02 -1.1707e+00
-1.5000e+02 -1.6000e+02 -8.5034e-01
-1.5000e+02 -1.5000e+02 8.9423e-01
-1.5000e+02 -1.4000e+02 -8.1536e-01
-1.5000e+02 -1.3000e+02 -3.6821e-02
-1.5000e+02 -1.2000e+02 -2.3869e+00
-1.5000e+02 -1.1000e+02 -1.1887e+00
-1.5000e+02 -1.0000e+02 1.2452e+00
-1.5000e+02 -9.0000e+01 -7.9825e-02
-1.5000e+02 -8.0000e+01 -2.3560e+00
-1.5000e+02 -7.0000e+01 -2.8326e+00
-1.5000e+02 -6.0000e+01 2.8094e-01
-1.5000e+02 -5.0000e+01 2.3394e+00
-1.5000e+02 -4.0000e+01 -1.1120e+00
-1.5000e+02 -3.0000e+01 -5.0851e-01
-1.5000e+02 -2.0000e+01 -2.0379e+00
-1.5000e+02 -1.0000e+01 2.0225e+00
-1.5000e+02 0.0000e+00 6.4000e-01
-1.5000e+02 1.0000e+01 4.9715e-01
-1.5000e+02 2.0000e+01 -9.6742e-02
-1.5000e+02 3.0000e+01 -1.6411e+00
-1.5000e+02 4.0000e+01 -3.7258e+00
-1.5000e+02 5.0000e+01 -1.3184e+00
-1.5000e+02 6.0000e+01 -2.6297e-01
-1.5000e+02 7.0000e+01 7.7960e-01
-1.5000e+02 8.0000e+01 1.0593e-01
-1.5000e+02 9.0000e+01 1.7536e+00
-1.5000e+02 1.0000e+02 -1.2219e+00
-1.5000e+02 1.1000e+02 -2.8298e+00
-1.5000e+02 1.2000e+02 -8.7778e-01
-1.5000e+02 1.3000e+02 1.3552e+00
-1.5000e+02 1.4000e+02 -9.1518e-01
-1.5000e+02 1.5000e+02 -6.3294e-01
-1.5000e+02 1.6000e+02 5.7975e-01
-1.5000e+02 1.7000e+02 8.0614e-01
-1.5000e+02 1.8000e+02 5.8516e-01
-1.5000e+02 1.9000e+02 1.2294e+00
-1.5000e+02 2.0000e+02 3.3050e+00
-1.4000e+02 -2.0000e+02 -1.0652e+00
-1.4000e+02 -1.9000e+02 4.5311e-01
-1.4000e+02 -1.8000e+02 1.4900e+00
-1.4000e+02 -1.7000e+02 -6.3279e-01
-1.4000e+02 -1.6000e+02 4.0547e-01
-1.4000e+02 -1.5000e+02 5.4077e-01
-1.4000e+02 -1.4000e+02 -8.1310e-01
-1.4000e+02 -1.3000e+02 -1.6514e+00
-1.4000e+02 -1.2000e+02 -3.2833e-02
-1.4000e+02 -1.1000e+02 -4.1156e-01
-1.4000e+02 -1.0000e+02 -1.9285e+00
-1.4000e+02 -9.0000e+01 -1.4943e-01
-1.4000e+02 -8.0000e+01 -2.7457e+00
-1.4000e+02 -7.0000e+01 -8.7341e-01
-1.4000e+02 -6.0000e+01 -6.9161e-01
-1.4000e+02 -5.0000e+01 -1.0366e+00
-1.4000e+02 -4.0000e+01 1.7218e+00
-1.4000e+02 -3.0000e+01 3.0785e-01
-1.4000e+02 -2.0000e+01 4.3016e-02
-1.4000e+02 -1.0000e+01 -2.1724e+00
-1.4000e+02 0.0000e+00 -2.2081e+00
-1.4000e+02 1.0000e+01 -1.0400e+00
-1.4000e+02 2.0000e+01 9.5784e-01
-1.4000e+02 3.0000e+01 -1.1855e+00
-1.4000e+02 4.0000e+01 -1.3948e+00
-1.4000e+02 5.0000e+01 -2.0285e+00
-1.4000e+02 6.0000e+01 -1.1199e-01
-1.4000e+02 7.0000e+01 7.7659e-01
-1.4000e+02 8.0000e+01 9.4837e-01
-1.4000e+02 9.0000e+01 -3.5990e-01
-1.4000e+02 1.0000e+02 7.8657e-02
-1.4000e+02 1.1000e+02 1.8142e+00
-1.4000e+02 1.2000e+02 2.0451e-01
-1.4000e+02 1.3000e+02 -2.2445e-01
-1.4000e+02 1.4000e+02 1.6499e+00
-1.4000e+02 1.5000e+02 2.3403e+00
-1.4000e+02 1.6000e+02 1.0417e+00
-1.4000e+02 1.7000e+02 1.2873e-01
-1.4000e+02 1.8000e+02 -3.0140e+00
-1.4000e+02 1.9000e+02 2.2943e-01
-1.4000e+02 2.0000e+02 -1.6978e+00
-1.3000e+02 -2.0000e+02 -2.2042e+00
-1.3000e+02 -1.9000e+02 -1.3003e+00
-1.3000e+02 -1.8000e+02 -5.2221e-01
-1.3000e+02 -1.7000e+02 2.3318e+00
-1.3000e+02 -1.6000e+02 1.5608e+00
-1.3000e+02 -1.5000e+02 5.2221e-01
-1.3000e+02 -1.4000e+02 -9.3948e-01
-1.3000e+02 -1.3000e+02 2.2767e+00
-1.3000e+02 -1.2000e+02 -5.5399e-01
-1.3000e+02 -1.1000e+02 8.0103e-01
-1.3000e+02 -1.0000e+02 1.8300e+00
-1.3000e+02 -9.0000e+01 -9.8904e-01
-1.3000e+02 -8.0000e+01 -4.7809e-01
-1.3000e+02 -7.0000e+01 1.6212e+00
-1.3000e+02 -6.0000e+01 2.2415e+00
-1.3000e+02 -5.0000e+01 -6.5286e-01
-1.3000e+02 -4.0000e+01 9.1677e-01
-1.3000e+02 -3.0000e+01 -5.2765e-01
-1.3000e+02 -2.0000e+01 1.6283e+00
-1.3000e+02 -1.0000e+01 -1.7103e+00
-1.3000e+02 0.0000e+00 -2.2848e+00
-1.3000e+02 1.0000e+01 -3.2432e+00
-1.3000e+02 2.0000e+01 -5.4162e-01
-1.3000e+02 3.0000e+01 1.0187e+00
-1.3000e+02 4.0000e+01 -1.8769e+00
-1.3000e+02 5.0000e+01 -3.1259e+00
-1.3000e+02 6.0000e+01 -2.3669e+00
-1.3000e+02 7.0000e+01 1.3858e+00
-1.3000e+02 8.0000e+01 -8.3689e-01
-1.3000e+02 9.0000e+01 -2.0967e+00
-1.3000e+02 1.0000e+02 2.5643e+00
-1.3000e+02 1.1000e+02 2.8951e-02
-1.3000e+02 1.2000e+02 -2.1593e+00
-1.3000e+02 1.3000e+02 -2.0794e+00
-1.3000e+02 1.4000e+02 -3.0219e-01
-1.3000e+02 1.5000e+02 -2.6709e+00
-1.3000e+02 1.6000e+02 1.5512e+00
-1.3000e+02 1.7000e+02 -1.1159e+00
-1.3000e+02 1.8000e+02 -1.6593e+00
-1.3000e+02 1.9000e+02 1.3408e+00
-1.3000e+02 2.0000e+02 2.9192e-01
-1.2000e+02 -2.0000e+02 9.0558e-03
-1.2000e+02 -1.9000e+02 -1.1470e+00
-1.2000e+02 -1.8000e+02 4.7598e-01
-1.2000e+02 -1.7000e+02 -1.7705e+00
-1.2000e+02 -1.6000e+02 -2.1053e+00
-1.2000e+02 -1.5000e+02 -1.0436e+00
-1.2000e+02 -1.4000e+02 9.9798e-01
-1.2000e+02 -1.3000e+02 -1.6272e+00
-1.2000e+02 -1.2000e+02 2.4026e+00
-1.2000e+02 -1.1000e+02 6.7579e-01
-1.2000e+02 -1.0000e+02 -1.8523e-01
-1.2000e+02 -9.0000e+01 -1.7701e+00
-1.2000e+02 -8.0000e+01 -2.1468e+00
-1.2000e+02 -7.0000e+01 -3.0181e+00
-1.2000e+02 -6.0000e+01 1.6454e+00
-1.2000e+02 -5.0000e+01 1.2628e-01
-1.2000e+02 -4.0000e+01 -2.4512e+00
-1.2000e+02 -3.0000e+01 -2.0767e+00
-1.2000e+02 -2.0000e+01 1.3214e+00
-1.2000e+02 -1.0000e+01 4.5199e-01
-1.2000e+02 0.0000e+00 -1.6804e+00
-1.2000e+02 1.0000e+01 -1.1463e+00
-1.2000e+02 2.0000e+01 -1.5793e+00
-1.2000e+02 3.0000e+01 2.3795e-01
-1.2000e+02 4.0000e+01 -2.1017e-01
-1.2000e+02 5.0000e+01 -2.1978e+00
-1.2000e+02 6.0000e+01 5.1022e-01
-1.2000e+02 7.0000e+01 2.5158e-01
-1.2000e+02 8.0000e+01 -4.0557e-01
-1.2000e+02 9.0000e+01 -1.1169e+00
-1.2000e+02 1.0000e+02 -7.5681e-01
-1.2000e+02 1.1000e+02 -2.5857e+00
-1.2000e+02 1.2000e+02 -2.3309e+00
-1.2000e+02 1.3000e+02 -1.5591e+00
-1.2000e+02 1.4000e+02 -7.8291e-02
-1.2000e+02 1.5000e+02 -3.5968e+00
-1.2000e+02 1.6000e+02 -3.7428e-01
-1.2000e+02 1.7000e+02 -1.0204e+00
-1.2000e+02 1.8000e+02 4.6454e-01
-1.2000e+02 1.9000e+02 1.9834e+00
-1.2000e+02 2.0000e+02 1.6782e+00
-1.1000e+02 -2.0000e+02 2.3146e+00
-1.1000e+02 -1.9000e+02 -2.4674e+00
-1.1000e+02 -1.8000e+02 -9.3855e-01
-1.1000e+02 -1.7000e+02 -1.4547e+00
-1.1000e+02 -1.6000e+02 -7.4363e-01
-1.1000e+02 -1.5000e+02 1.6360e-01
-1.1000e+02 -1.4000e+02 -9.5003e-01
-1.1000e+02 -1.3000e+02 1.1490e+00
-1.1000e+02 -1.2000e+02 -5.1941e+00
-1.1000e+02 -1.1000e+02 4.2268e-01
-1.1000e+02 -1.0000e+02 -7.1289e-01
-1.1000e+02 -9.0000e+01 -7.1186e-01
-1.1000e+02 -8.0000e+01 -1.9054e+00
-1.1000e+02 -7.0000e+01 -2.6378e+00
-1.1000e+02 -6.0000e+01 -4.6556e-03
-1.1000e+02 -5.0000e+01 -2.6855e-01
-1.1000e+02 -4.0000e+01 5.7130e-01
-1.1000e+02 -3.0000e+01 -3.0590e+00
-1.1000e+02 -2.0000e+01 -1.4229e+00
-1.1000e+02 -1.0000e+01 -2.9044e+00
-1.1000e+02 0.0000e+00 -1.0294e-01
-1.1000e+02 1.0000e+01 -2.5157e+00
-1.1000e+02 2.0000e+01 -1.7069e+00
-1.1000e+02 3.0000e+01 -4.1740e+00
-1.1000e+02 4.0000e+01 -2.2724e-01
-1.1000e+02 5.0000e+01 -1.9087e+00
-1.1000e+02 6.0000e+01 -3.8902e+00
-1.1000e+02 7.0000e+01 1.3701e+00
-1.1000e+02 8.0000e+01 -2.6269e-01
-1.1000e+02 9.0000e+01 -1.2275e+00
-1.1000e+02 1.0000e+02 -6.7943e-01
-1.1000e+02 1.1000e+02 -1.0490e+00
-1.1000e+02 1.2000e+02 -1.3245e+00
-1.1000e+02 1.3000e+02 -2.8683e-01
-1.1000e+02 1.4000e+02 -7.7201e-01
-1.1000e+02 1.5000e+02 -1.4747e+00
-1.1000e+02 1.6000e+02 6.4985e-01
-1.1000e+02 1.7000e+02 -1.0982e+00
-1.1000e+02 1.8000e+02 2.1915e+00
-1.1000e+02 1.9000e+02 -2.2593e-01
-1.1000e+02 2.0000e+02 -2.1433e+00
-1.0000e+02 -2.0000e+02 -7.9469e-01
-1.0000e+02 -1.9000e+02 -1.4510e+00
-1.0000e+02 -1.8000e+02 2.8652e+00
-1.0000e+02 -1.7000e+02 1.9761e+00
-1.0000e+02 -1.6000e+02 2.3842e+00
-1.0000e+02 -1.5000e+02 -7.8454e-01
-1.0000e+02 -1.4000e+02 -2.4894e+00
-1.0000e+02 -1.3000e+02 -1.5213e-01
-1.0000e+02 -1.2000e+02 1.9423e+00
-1.0000e+02 -1.1000e+02 -2.6017e+00
-1.0000e+02 -1.0000e+02 -1.9613e+00
-1.0000e+02 -9.0000e+01 3.9818e-01
-1.0000e+02 -8.0000e+01 1.6239e+00
-1.0000e+02 -7.0000e+01 -1.0871e+00
-1.0000e+02 -6.0000e+01 -3.8629e+00
-1.0000e+02 -5.0000e+01 -1.8563e+00
-1.0000e+02 -4.0000e+01 -1.2683e+00
-1.0000e+02 -3.0000e+01 -2.9065e+00
-1.0000e+02 -2.0000e+01 -1.9604e+00
-1.0000e+02 -1.0000e+01 -5.4033e-01
-1.0000e+02 0.0000e+00 -3.7975e+00
-1.0000e+02 1.0000e+01 -2.4663e+00
-1.0000e+02 2.0000e+01 -3.8866e+00
-1.0000e+02 3.0000e+01 -2.5172e+00
-1.0000e+02 4.0000e+01 -3.5968e+00
-1.0000e+02 5.0000e+01 -2.7654e+00
-1.0000e+02 6.0000e+01 -2.0339e+00
-1.0000e+02 7.0000e+01 -5.1446e+00
-1.0000e+02 8.0000e+01 -2.5063e+00
-1.0000e+02 9.0000e+01 -3.8253e-01
-1.0000e+02 1.0000e+02 -2.0397e+00
-1.0000e+02 1.1000e+02 -1.6018e+00
-1.0000e+02 1.2000e+02 -1.9199e+00
-1.0000e+02 1.3000e+02 -1.6275e+00
-1.0000e+02 1.4000e+02 -5.8175e-01
-1.0000e+02 1.5000e+02 -7.9020e-01
-1.0000e+02 1.6000e+02 4.0884e-01
-1.0000e+02 1.7000e+02 -8.7297e-01
-1.0000e+02 1.8000e+02 -4.3145e-01
-1.0000e+02 1.9000e+02 -1.7385e+00
-1.0000e+02 2.0000e+02 -2.5960e+00
-9.0000e+01 -2.0000e+02 -3.7224e+00
-9.0000e+01 -1.9000e+02 -1.1011e+00
-9.0000e+01 -1.8000e+02 -4.3184e-01
-9.0000e+01 -1.7000e+02 -1.1373e+00
-9.0000e+01 -1.6000e+02 -4.9489e-01
-9.0000e+01 -1.5000e+02 -8.4357e-01
-9.0000e+01 -1.4000e+02 1.5540e+00
-9.0000e+01 -1.3000e+02 -3.3847e+00
-9.0000e+01 -1.2000e+02 -9.2774e-01
-9.0000e+01 -1.1000e+02 -3.8485e+00
-9.0000e+01 -1.0000e+02 -1.0093e+00
-9.0000e+01 -9.0000e+01 -1.2964e+00
-9.0000e+01 -8.0000e+01 -1.6581e+00
-9.0000e+01 -7.0000e+01 -3.0374e+00
-9.0000e+01 -6.0000e+01 -4.2794e+00
-9.0000e+01 -5.0000e+01 -1.8706e+00
-9.0000e+01 -4.0000e+01 -5.4391e+00
-9.0000e+01 -3.0000e+01 -4.0335e+00
-9.0000e+01 -2.0000e+01 -5.7967e+00
-9.0000e+01 -1.0000e+01 -2.7535e+00
-9.0000e+01 0.0000e+00 -4.0182e+00
-9.0000e+01 1.0000e+01 -1.4892e+00
-9.0000e+01 2.0000e+01 -4.5039e+00
-9.0000e+01 3.0000e+01 -3.2763e+00
-9.0000e+01 4.0000e+01 -2.6822e+00
-9.0000e+01 5.0000e+01 -6.3304e+00
-9.0000e+01 6.0000e+01 -1.8062e+00
-9.0000e+01 7.0000e+01 -9.7169e-01
-9.0000e+01 8.0000e+01 -1.6011e+00
-9.0000e+01 9.0000e+01 -2.6701e+00
-9.0000e+01 1.0000e+02 -2.1328e+00
-9.0000e+01 1.1000e+02 1.1397e+00
-9.0000e+01 1.2000e+02 -9.2545e-01
-9.0000e+01 1.3000e+02 -1.6626e-01
-9.0000e+01 1.4000e+02 2.0828e+00
-9.0000e+01 1.5000e+02 4.9746e-02
-9.0000e+01 1.6000e+02 -1.6863e+00
-9.0000e+01 1.7000e+02 -4.2948e-01
-9.0000e+01 1.8000e+02 9.4874e-01
-9.0000e+01 1.9000e+02 -2.7085e+00
-9.0000e+01 2.0000e+02 7.5988e-01
-8.0000e+01 -2.0000e+02 6.2089e-02
-8.0000e+01 -1.9000e+02 1.4279e+00
-8.0000e+01 -1.8000e+02 1.4183e+00
-8.0000e+01 -1.7000e+02 2.9406e-01
-8.0000e+01 -1.6000e+02 2.4419e+00
-8.0000e+01 -1.5000e+02 1.0167e+00
-8.0000e+01 -1.4000e+02 -3.6198e-01
-8.0000e+01 -1.3000e+02 1.2804e+00
-8.0000e+01 -1.2000e+02 -3.5776e+00
-8.0000e+01 -1.1000e+02 -1.0214e+00
-8.0000e+01 -1.0000e+02 -2.4162e+00
-8.0000e+01 -9.0000e+01 -2.9214e+00
-8.0000e+01 -8.0000e+01 -1.5354e+00
-8.0000e+01 -7.0000e+01 -2.8611e+00
-8.0000e+01 -6.0000e+01 -3.2817e+00
-8.0000e+01 -5.0000e+01 -2.7741e+00
-8.0000e+01 -4.0000e+01 -6.8526e-01
-8.0000e+01 -3.0000e+01 -4.8597e+00
-8.0000e+01 -2.0000e+01 -5.2950e+00
-8.0000e+01 -1.0000e+01 -6.0675e+00
-8.0000e+01 0.0000e+00 -5.7076e+00
-8.0000e+01 1.0000e+01 -3.7499e+00
-8.0000e+01 2.0000e+01 -6.1141e+00
-8.0000e+01 3.0000e+01 -5.6829e+00
-8.0000e+01 4.0000e+01 -4.2019e+00
-8.0000e+01 5.0000e+01 -2.1740e+00
-8.0000e+01 6.0000e+01 -4.2693e+00
-8.0000e+01 7.0000e+01 -1.5065e+00
-8.0000e+01 8.0000e+01 7.1619e-02
-8.0000e+01 9.0000e+01 -1.2773e-01
-8.0000e+01 1.0000e+02 9.8641e-01
-8.0000e+01 1.1000e+02 1.0612e+00
-8.0000e+01 1.2000e+02 -1.3981e+00
-8.0000e+01 1.3000e+02 -8.7991e-01
-8.0000e+01 1.4000e+02 -1.5440e+00
-8.0000e+01 1.5000e+02 2.8533e-01
-8.0000e+01 1.6000e+02 -2.5181e+00
-8.0000e+01 1.7000e+02 5.0685e-04
-8.0000e+01 1.8000e+02 -1.6109e+00
-8.0000e+01 1.9000e+02 4.3686e+00
-8.0000e+01 2.0000e+02 -3.9111e+00
-7.0000e+01 -2.0000e+02 1.3001e+00
-7.0000e+01 -1.9000e+02 -7.4196e-01
-7.0000e+01 -1.8000e+02 1.6993e+00
-7.0000e+01 -1.7000e+02 -1.0304e+00
-7.0000e+01 -1.6000e+02 -1.6755e+00
-7.0000e+01 -1.5000e+02 -6.7712e-01
-7.0000e+01 -1.4000e+02 1.2406e+00
-7.0000e+01 -1.3000e+02 -1.2953e+00
-7.0000e+01 -1.2000e+02 -8.8260e-01
-7.0000e+01 -1.1000e+02 -1.6046e+00
-7.0000e+01 -1.0000e+02 7.2011e-01
-7.0000e+01 -9.0000e+01 -5.3181e-02
-7.0000e+01 -8.0000e+01 7.1005e-01
-7.0000e+01 -7.0000e+01 -3.1333e+00
-7.0000e+01 -6.0000e+01 -4.9948e+00
-7.0000e+01 -5.0000e+01 -2.1286e+00
-7.0000e+01 -4.0000e+01 -4.6138e+00
-7.0000e+01 -3.0000e+01 -6.2280e+00
-7.0000e+01 -2.0000e+01 -8.8920e+00
-7.0000e+01 -1.0000e+01 -1.1364e+01
-7.0000e+01 0.0000e+00 -5.9818e+00
-7.0000e+01 1.0000e+01 -6.9132e+00
-7.0000e+01 2.0000e+01 -4.0097e+00
-7.0000e+01 3.0000e+01 -5.3858e+00
-7.0000e+01 4.0000e+01 -6.8489e+00
-7.0000e+01 5.0000e+01 -6.7407e+00
-7.0000e+01 6.0000e+01 -4.4264e+00
-7.0000e+01 7.0000e+01 -1.7481e+00
-7.0000e+01 8.0000e+01 -1.0006e-01
-7.0000e+01 9.0000e+01 -3.9291e+00
-7.0000e+01 1.0000e+02 -8.8349e-01
-7.0000e+01 1.1000e+02 -1.0964e+00
-7.0000e+01 1.2000e+02 -1.1128e+00
-7.0000e+01 1.3000e+02 -9.7787e-01
-7.0000e+01 1.4000e+02 -9.1967e-01
-7.0000e+01 1.5000e+02 -4.3209e-02
-7.0000e+01 1.6000e+02 3.4847e-01
-7.0000e+01 1.7000e+02 -3.3836e-01
-7.0000e+01 1.8000e+02 -1.6124e+00
-7.0000e+01 1.9000e+02 -2.2257e+00
-7.0000e+01 2.0000e+02 -1.7138e+00
-6.0000e+01 -2.0000e+02 -6.5811e-01
-6.0000e+01 -1.9000e+02 -1.6090e+00
-6.0000e+01 -1.8000e+02 -2.5531e-01
-6.0000e+01 -1.7000e+02 -4.0506e-01
-6.0000e+01 -1.6000e+02 6.4175e-01
-6.0000e+01 -1.5000e+02 7.3087e-01
-6.0000e+01 -1.4000e+02 -2.6141e+00
-6.0000e+01 -1.3000e+02 2.3799e+00
-6.0000e+01 -1.2000e+02 6.3626e-01
-6.0000e+01 -1.1000e+02 -5.4215e+00
-6.0000e+01 -1.0000e+02 -1.7979e+00
-6.0000e+01 -9.0000e+01 -2.6505e+00
-6.0000e+01 -8.0000e+01 -4.9769e-01
-6.0000e+01 -7.0000e+01 -5.7162e+00
-6.0000e+01 -6.0000e+01 -1.9703e+00
-6.0000e+01 -5.0000e+01 -6.6085e+00
-6.0000e+01 -4.0000e+01 -7.4507e+00
-6.0000e+01 -3.0000e+01 -6.1492e+00
-6.0000e+01 -2.0000e+01 -6.5858e+00
-6.0000e+01 -1.0000e+01 -5.9721e+00
-6.0000e+01 0.0000e+00 -9.3518e+00
-6.0000e+01 1.0000e+01 -6.2646e+00
-6.0000e+01 2.0000e+01 -9.5609e+00
-6.0000e+01 3.0000e+01 -8.6084e+00
-6.0000e+01 4.0000e+01 -5.4311e+00
-6.0000e+01 5.0000e+01 -6.8564e+00
-6.0000e+01 6.0000e+01 -4.9530e+00
-6.0000e+01 7.0000e+01 -4.3740e+00
-6.0000e+01 8.0000e+01 -5.4664e+00
-6.0000e+01 9.0000e+01 -1.3398e+00
-6.0000e+01 1.0000e+02 -4.6398e+00
-6.0000e+01 1.1000e+02 7.9965e-01
-6.0000e+01 1.2000e+02 -2.8113e-01
-6.0000e+01 1.3000e+02 -3.5779e+00
-6.0000e+01 1.4000e+02 -7.4811e-01
-6.0000e+01 1.5000e+02 1.5239e+00
-6.0000e+01 1.6000e+02 7.3524e-02
-6.0000e+01 1.7000e+02 -9.6827e-01
-6.0000e+01 1.8000e+02 1.5183e+00
-6.0000e+01 1.9000e+02 -1.5302e+00
-6.0000e+01 2.0000e+02 5.2239e-01
-5.0000e+01 -2.0000e+02 -4.0259e-01
-5.0000e+01 -1.9000e+02 3.7649e-01
-5.0000e+01 -1.8000e+02 7.3499e-01
-5.0000e+01 -1.7000e+02 -3.5703e+00
-5.0000e+01 -1.6000e+02 2.1342e+00
-5.0000e+01 -1.5000e+02 -2.9898e-01
-5.0000e+01 -1.4000e+02 -1.1439e+00
-5.0000e+01 -1.3000e+02 -3.2743e-01
-5.0000e+01 -1.2000e+02 1.0404e+00
-5.0000e+01 -1.1000e+02 -2.0607e+00
-5.0000e+01 -1.0000e+02 -1.9798e+00
-5.0000e+01 -9.0000e+01 -3.7237e+00
-5.0000e+01 -8.0000e+01 -3.5030e+00
-5.0000e+01 -7.0000e+01 -5.9445e+00
-5.0000e+01 -6.0000e+01 -7.8268e+00
-5.0000e+01 -5.0000e+01 -6.2881e+00
-5.0000e+01 -4.0000e+01 -7.9869e+00
-5.0000e+01 -3.0000e+01 -6.8042e+00
-5.0000e+01 -2.0000e+01 -1.0684e+01
-5.0000e+01 -1.0000e+01 -8.6921e+00
-5.0000e+01 0.0000e+00 -1.0252e+01
-5.0000e+01 1.0000e+01 -1.1997e+01
-5.0000e+01 2.0000e+01 -8.0271e+00
-5.0000e+01 3.0000e+01 -1.1446e+01
-5.0000e+01 4.0000e+01 -9.9260e+00
-5.0000e+01 5.0000e+01 -7.1394e+00
-5.0000e+01 6.0000e+01 -9.3804e+00
-5.0000e+01 7.0000e+01 -2.8105e+00
-5.0000e+01 8.0000e+01 -2.9476e+00
-5.0000e+01 9.0000e+01 -5.6361e+00
-5.0000e+01 1.0000e+02 -3.5758e+00
-5.0000e+01 1.1000e+02 2.0008e-01
-5.0000e+01 1.2000e+02 -7.6920e-01
-5.0000e+01 1.3000e+02 -1.6507e+00
-5.0000e+01 1.4000e+02 -2.3139e+00
-5.0000e+01 1.5000e+02 -1.4592e+00
-5.0000e+01 1.6000e+02 3.0687e-01
-5.0000e+01 1.7000e+02 1.0902e+00
-5.0000e+01 1.8000e+02 1.7158e+00
-5.0000e+01 1.9000e+02 3.0344e+00
-5.0000e+01 2.0000e+02 2.4042e+00
-4.0000e+01 -2.0000e+02 -1.2970e+00
-4.0000e+01 -1.9000e+02 -7.7635e-01
-4.0000e+01 -1.8000e+02 1.9117e-01
-4.0000e+01 -1.7000e+02 -4.3517e+00
-4.0000e+01 -1.6000e+02 2.7698e+00
-4.0000e+01 -1.5000e+02 -2.6730e+00
-4.0000e+01 -1.4000e+02 -9.7337e-01
-4.0000e+01 -1.3000e+02 1.4922e+00
-4.0000e+01 -1.2000e+02 -2.3164e+00
-4.0000e+01 -1.1000e+02 -1.7971e+00
-4.0000e+01 -1.0000e+02 -5.1187e+00
-4.0000e+01 -9.0000e+01 -3.5849e+00
-4.0000e+01 -8.0000e+01 -2.2925e+00
-4.0000e+01 -7.0000e+01 -4.7441e+00
-4.0000e+01 -6.0000e+01 -6.0079e+00
-4.0000e+01 -5.0000e+01 -8.1066e+00
-4.0000e+01 -4.0000e+01 -1.1416e+01
-4.0000e+01 -3.0000e+01 -1.2104e+01
-4.0000e+01 -2.0000e+01 -8.0891e+00
-4.0000e+01 -1.0000e+01 -1.1136e+01
-4.0000e+01 0.0000e+00 -1.2900e+01
-4.0000e+01 1.0000e+01 -1.3065e+01
-4.0000e+01 2.0000e+01 -1.1693e+01
-4.0000e+01 3.0000e+01 -1.0710e+01
-4.0000e+01 4.0000e+01 -7.6471e+00
-4.0000e+01 5.0000e+01 -6.8261e+00
-4.0000e+01 6.0000e+01 -4.4469e+00
-4.0000e+01 7.0000e+01 -1.9442e+00
-4.0000e+01 8.0000e+01 -4.6996e+00
-4.0000e+01 9.0000e+01 -3.9508e+00
-4.0000e+01 1.0000e+02 1.0448e-01
-4.0000e+01 1.1000e+02 -3.6891e+00
-4.0000e+01 1.2000e+02 3.7863e+00
-4.0000e+01 1.3000e+02 1.2697e+00
-4.0000e+01 1.4000e+02 6.5896e-01
-4.0000e+01 1.5000e+02 -1.1279e+00
-4.0000e+01 1.6000e+02 -1.3786e+00
-4.0000e+01 1.7000e+02 -1.9629e+00
-4.0000e+01 1.8000e+02 -4.0960e-01
-4.0000e+01 1.9000e+02 2.2026e+00
-4.0000e+01 2.0000e+02 2.0363e+00
-3.0000e+01 -2.0000e+02 -1.5283e+00
-3.0000e+01 -1.9000e+02 -8.1142e-01
-3.0000e+01 -1.8000e+02 -1.4403e+00
-3.0000e+01 -1.7000e+02 -9.7506e-01
-3.0000e+01 -1.6000e+02 -2.6413e+00
-3.0000e+01 -1.5000e+02 9.5274e-02
-3.0000e+01 -1.4000e+02 -4.3662e-01
-3.0000e+01 -1.3000e+02 -3.0093e-01
-3.0000e+01 -1.2000e+02 -8.6334e-01
-3.0000e+01 -1.1000e+02 -2.3560e+00
-3.0000e+01 -1.0000e+02 -4.4700e+00
-3.0000e+01 -9.0000e+01 -2.5836e+00
-3.0000e+01 -8.0000e+01 -4.9600e+00
-3.0000e+01 -7.0000e+01 -4.6003e+00
-3.0000e+01 -6.0000e+01 -6.1377e+00
-3.0000e+01 -5.0000e+01 -1.1416e+01
-3.0000e+01 -4.0000e+01 -8.4397e+00
-3.0000e+01 -3.0000e+01 -1.0109e+01
-3.0000e+01 -2.0000e+01 -1.1670e+01
-3.0000e+01 -1.0000e+01 -1.3532e+01
-3.0000e+01 0.0000e+00 -1.4091e+01
-3.0000e+01 1.0000e+01 -1.1002e+01
-3.0000e+01 2.0000e+01 -1.0458e+01
-3.0000e+01 3.0000e+01 -1.2614e+01
-3.0000e+01 4.0000e+01 -9.5513e+00
-3.0000e+01 5.0000e+01 -8.3377e+00
-3.0000e+01 6.0000e+01 -6.5275e+00
-3.0000e+01 7.0000e+01 -5.4326e+00
-3.0000e+01 8.0000e+01 -3.8633e+00
-3.0000e+01 9.0000e+01 -4.8650e+00
-3.0000e+01 1.0000e+02 -1.3977e+00
-3.0000e+01 1.1000e+02 -1.5192e+00
-3.0000e+01 1.2000e+02 -1.5438e+00
-3.0000e+01 1.3000e+02 8.2800e-01
-3.0000e+01 1.4000e+02 -3.2876e+00
-3.0000e+01 1.5000e+02 3.1500e-01
-3.0000e+01 1.6000e+02 -4.0182e-01
-3.0000e+01 1.7000e+02 -1.2453e+00
-3.0000e+01 1.8000e+02 -4.3066e-02
-3.0000e+01 1.9000e+02 1.7914e-01
-3.0000e+01 2.0000e+02 3.8458e-03
-2.0000e+01 -2.0000e+02 5.8338e-01
-2.0000e+01 -1.9000e+02 -3.6904e+00
-2.0000e+01 -1.8000e+02 -6.1467e-01
-2.0000e+01 -1.7000e+02 -6.8015e-01
-2.0000e+01 -1.6000e+02 -2.9551e+00
-2.0000e+01 -1.5000e+02 -3.3420e+00
-2.0000e+01 -1.4000e+02 -2.9508e+00
-2.0000e+01 -1.3000e+02 2.1422e+00
-2.0000e+01 -1.2000e+02 6.7730e-01
-2.0000e+01 -1.1000e+02 -2.7533e+00
-2.0000e+01 -1.0000e+02 -6.0641e-01
-2.0000e+01 -9.0000e+01 -6.5554e+00
-2.0000e+01 -8.0000e+01 -3.8316e+00
-2.0000e+01 -7.0000e+01 -7.8919e+00
-2.0000e+01 -6.0000e+01 -9.2543e+00
-2.0000e+01 -5.0000e+01 -8.8576e+00
-2.0000e+01 -4.0000e+01 -1.3557e+01
-2.0000e+01 -3.0000e+01 -1.3026e+01
-2.0000e+01 -2.0000e+01 -1.2383e+01
-2.0000e+01 -1.0000e+01 -1.6790e+01
-2.0000e+01 0.0000e+00 -1.6256e+01
-2.0000e+01 1.0000e+01 -1.4110e+01
-2.0000e+01 2.0000e+01 -1.2510e+01
-2.0000e+01 3.0000e+01 -1.0951e+01
-2.0000e+01 4.0000e+01 -6.6751e+00
-2.0000e+01 5.0000e+01 -8.4125e+00
-2.0000e+01 6.0000e+01 -8.1898e+00
-2.0000e+01 7.0000e+01 -4.9961e+00
-2.0000e+01 8.0000e+01 -5.8332e+00
-2.0000e+01 9.0000e+01 -3.8927e+00
-2.0000e+01 1.0000e+02 -5.2079e+00
-2.0000e+01 1.1000e+02 -3.7893e+00
-2.0000e+01 1.2000e+02 -1.0650e-01
-2.0000e+01 1.3000e+02 -3.2093e-01
-2.0000e+01 1.4000e+02 -6.7279e-02
-2.0000e+01 1.5000e+02 -2.2639e+00
-2.0000e+01 1.6000e+02 6.9852e-01
-2.0000e+01 1.7000e+02 -1.7438e+00
-2.0000e+01 1.8000e+02 -8.9701e-01
-2.0000e+01 1.9000e+02 -4.4902e-01
-2.0000e+01 2.0000e+02 -4.3179e-01
-1.0000e+01 -2.0000e+02 -1.9623e+00
-1.0000e+01 -1.9000e+02 1.7562e+00
-1.0000e+01 -1.8000e+02 -2.6774e+00
-1.0000e+01 -1.7000e+02 9.9507e-01
-1.0000e+01 -1.6000e+02 2.9641e+00
-1.0000e+01 -1.5000e+02 -2.4596e+00
-1.0000e+01 -1.4000e+02 7.6099e-01
-1.0000e+01 -1.3000e+02 -3.0071e+00
-1.0000e+01 -1.2000e+02 -1.7211e+00
-1.0000e+01 -1.1000e+02 -2.7961e+00
-1.0000e+01 -1.0000e+02 -5.1796e+00
-1.0000e+01 -9.0000e+01 -4.2217e+00
-1.0000e+01 -8.0000e+01 -6.6464e+00
-1.0000e+01 -7.0000e+01 -8.1845e+00
-1.0000e+01 -6.0000e+01 -8.1554e+00
-1.0000e+01 -5.0000e+01 -1.1105e+01
-1.0000e+01 -4.0000e+01 -1.1844e+01
-1.0000e+01 -3.0000e+01 -1.4211e+01
-1.0000e+01 -2.0000e+01 -1.2505e+01
-1.0000e+01 -1.0000e+01 -1.3290e+01
-1.0000e+01 0.0000e+00 -1.6328e+01
-1.0000e+01 1.0000e+01 -1.4623e+01
-1.0000e+01 2.0000e+01 -1.4108e+01
-1.0000e+01 3.0000e+01 -1.1874e+01
-1.0000e+01 4.0000e+01 -1.1821e+01
-1.0000e+01 5.0000e+01 -1.0709e+01
-1.0000e+01 6.0000e+01 -4.6569e+00
-1.0000e+01 7.0000e+01 -5.7589e+00
-1.0000e+01 8.0000e+01 -6.4802e+00
-1.0000e+01 9.0000e+01 -5.7262e+00
-1.0000e+01 1.0000e+02 -3.6090e+00
-1.0000e+01 1.1000e+02 -1.0703e+00
-1.0000e+01 1.2000e+02 -1.7671e+00
-1.0000e+01 1.3000e+02 -2.3597e+00
-1.0000e+01 1.4000e+02 -2.4711e+00
-1.0000e+01 1.5000e+02 4.2297e-01
-1.0000e+01 1.6000e+02 1.0590e+00
-1.0000e+01 1.7000e+02 -1.7335e+00
-1.0000e+01 1.8000e+02 2.3659e+00
-1.0000e+01 1.9000e+02 1.2863e+00
-1.0000e+01 2.0000e+02 4.5280e-01
0.0000e+00 -2.0000e+02 -1.6985e-01
0.0000e+00 -1.9000e+02 2.3859e-01
0.0000e+00 -1.8000e+02 2.7058e-01
0.0000e+00 -1.7000e+02 3.0912e+00
0.0000e+00 -1.6000e+02 9.3747e-01
0.0000e+00 -1.5000e+02 -2.0335e+00
0.0000e+00 -1.4000e+02 1.4399e+00
0.0000e+00 -1.3000e+02 3.0610e-01
0.0000e+00 -1.2000e+02 1.0440e+00
0.0000e+00 -1.1000e+02 -4.0673e+00
0.0000e+00 -1.0000e+02 -3.1225e+00
0.0000e+00 -9.0000e+01 -7.7397e-01
0.0000e+00 -8.0000e+01 -5.9210e+00
0.0000e+00 -7.0000e+01 -7.9704e+00
0.0000e+00 -6.0000e+01 -9.7846e+00
0.0000e+00 -5.0000e+01 -9.2387e+00
0.0000e+00 -4.0000e+01 -1.0469e+01
0.0000e+00 -3.0000e+01 -1.2098e+01
0.0000e+00 -2.0000e+01 -1.2947e+01
0.0000e+00 -1.0000e+01 -1.3669e+01
0.0000e+00 0.0000e+00 -1.4029e+01
0.0000e+00 1.0000e+01 -1.5696e+01
0.0000e+00 2.0000e+01 -1.4805e+01
0.0000e+00 3.0000e+01 -1.2342e+01
0.0000e+00 4.0000e+01 -1.4648e+01
0.0000e+00 5.0000e+01 -9.5126e+00
0.0000e+00 6.0000e+01 -8.0104e+00
0.0000e+00 7.0000e+01 -6.0881e+00
0.0000e+00 8.0000e+01 -7.2673e+00
0.0000e+00 9.0000e+01 -3.2500e+00
0.0000e+00 1.0000e+02 -2.7282e+00
0.0000e+00 1.1000e+02 -3.6392e+00
0.0000e+00 1.2000e+02 -3.5610e+00
0.0000e+00 1.3000e+02 -8.8814e-01
0.0000e+00 1.4000e+02 -1.0212e+00
0.0000e+00 1.5000e+02 -2.2883e+00
0.0000e+00 1.6000e+02 -1.4110e+00
0.0000e+00 1.7000e+02 -8.1682e-01
0.0000e+00 1.8000e+02 3.0686e+00
0.0000e+00 1.9000e+02 -1.3990e+00
0.0000e+00 2.0000e+02 3.5054e+00
1.0000e+01 -2.0000e+02 2.7344e+00
1.0000e+01 -1.9000e+02 2.8998e+00
1.0000e+01 -1.8000e+02 -3.9473e+00
1.0000e+01 -1.7000e+02 -2.3732e+00
1.0000e+01 -1.6000e+02 -1.2382e+00
1.0000e+01 -1.5000e+02 -1.9420e-01
1.0000e+01 -1.4000e+02 -1.8388e+00
1.0000e+01 -1.3000e+02 -1.5159e+00
1.0000e+01 -1.2000e+02 -6.7961e-01
1.0000e+01 -1.1000e+02 -8.4491e-01
1.0000e+01 -1.0000e+02 -4.4116e+00
1.0000e+01 -9.0000e+01 -4.9531e+00
1.0000e+01 -8.0000e+01 -6.3463e+00
1.0000e+01 -7.0000e+01 -7.9013e+00
1.0000e+01 -6.0000e+01 -7.6770e+00
1.0000e+01 -5.0000e+01 -9.9620e+00
1.0000e+01 -4.0000e+01 -1.0501e+01
1.0000e+01 -3.0000e+01 -1.2220e+01
1.0000e+01 -2.0000e+01 -1.2663e+01
1.0000e+01 -1.0000e+01 -1.4466e+01
1.0000e+01 0.0000e+00 -1.4985e+01
1.0000e+01 1.0000e+01 -1.6002e+01
1.0000e+01 2.0000e+01 -1.5123e+01
1.0000e+01 3.0000e+01 -1.2989e+01
1.0000e+01 4.0000e+01 -9.7279e+00
1.0000e+01 5.0000e+01 -1.0636e+01
1.0000e+01 6.0000e+01 -9.1673e+00
1.0000e+01 7.0000e+01 -8.2492e+00
1.0000e+01 8.0000e+01 -6.0169e+00
1.0000e+01 9.0000e+01 -3.4255e+00
1.0000e+01 1.0000e+02 -5.3725e+00
1.0000e+01 1.1000e+02 -4.0555e+00
1.0000e+01 1.2000e+02 3.2790e-01
1.0000e+01 1.3000e+02 -5.6012e-01
1.0000e+01 1.4000e+02 -2.4963e-02
1.0000e+01 1.5000e+02 -2.8506e+00
1.0000e+01 1.6000e+02 1.5117e+00
1.0000e+01 1.7000e+02 1.3834e+00
1.0000e+01 1.8000e+02 2.8221e+00
1.0000e+01 1.9000e+02 2.7237e-02
1.0000e+01 2.0000e+02 -1.3204e+00
2.0000e+01 -2.0000e+02 1.0800e-02
2.0000e+01 -1.9000e+02 8.3055e-01
2.0000e+01 -1.8000e+02 1.6133e-01
2.0000e+01 -1.7000e+02 -8.1080e-01
2.0000e+01 -1.6000e+02 6.8479e-01
2.0000e+01 -1.5000e+02 -2.5960e-01
2.0000e+01 -1.4000e+02 -1.3497e+00
2.0000e+01 -1.3000e+02 -2.0706e+00
2.0000e+01 -1.2000e+02 -3.3373e+00
2.0000e+01 -1.1000e+02 -4.8403e+00
2.0000e+01 -1.0000e+02 -1.8009e+00
2.0000e+01 -9.0000e+01 -4.9524e+00
2.0000e+01 -8.0000e+01 -4.7811e+00
2.0000e+01 -7.0000e+01 -7.8309e+00
2.0000e+01 -6.0000e+01 -6.4229e+00
2.0000e+01 -5.0000e+01 -8.4921e+00
2.0000e+01 -4.0000e+01 -1.4349e+01
2.0000e+01 -3.0000e+01 -1.0219e+01
2.0000e+01 -2.0000e+01 -1.2058e+01
2.0000e+01 -1.0000e+01 -1.3553e+01
2.0000e+01 0.0000e+00 -1.5539e+01
2.0000e+01 1.0000e+01 -1.0695e+01
2.0000e+01 2.0000e+01 -1.4430e+01
2.0000e+01 3.0000e+01 -1.0986e+01
2.0000e+01 4.0000e+01 -1.2339e+01
2.0000e+01 5.0000e+01 -1.1107e+01
2.0000e+01 6.0000e+01 -7.2557e+00
2.0000e+01 7.0000e+01 -8.0055e+00
2.0000e+01 8.0000e+01 -6.0502e+00
2.0000e+01 9.0000e+01 -6.8797e+00
2.0000e+01 1.0000e+02 -3.1356e+00
2.0000e+01 1.1000e+02 -2.9349e+00
2.0000e+01 1.2000e+02 -1.8290e+00
2.0000e+01 1.3000e+02 2.9591e-01
2.0000e+01 1.4000e+02 4.1392e-01
2.0000e+01 1.5000e+02 -8.0759e-01
2.0000e+01 1.6000e+02 1.8982e+00
2.0000e+01 1.7000e+02 -4.7434e-01
2.0000e+01 1.8000e+02 2.0247e+00
2.0000e+01 1.9000e+02 7.8651e-02
2.0000e+01 2.0000e+02 -1.3387e+00
3.0000e+01 -2.0000e+02 9.7150e-01
3.0000e+01 -1.9000e+02 6.6359e-01
3.0000e+01 -1.8000e+02 -2.8016e-01
3.0000e+01 -1.7000e+02 -1.8323e+00
3.0000e+01 -1.6000e+02 1.1973e-01
3.0000e+01 -1.5000e+02 9.5070e-01
3.0000e+01 -1.4000e+02 -2.4241e+00
3.0000e+01 -1.3000e+02 -1.5854e+00
3.0000e+01 -1.2000e+02 -1.3416e+00
3.0000e+01 -1.1000e+02 -3.9470e+00
3.0000e+01 -1.0000e+02 -6.3586e+00
3.0000e+01 -9.0000e+01 -4.3425e+00
3.0000e+01 -8.0000e+01 -5.0416e+00
3.0000e+01 -7.0000e+01 -4.4952e+00
3.0000e+01 -6.0000e+01 -8.6467e+00
3.0000e+01 -5.0000e+01 -1.0037e+01
3.0000e+01 -4.0000e+01 -7.6030e+00
3.0000e+01 -3.0000e+01 -1.2377e+01
3.0000e+01 -2.0000e+01 -1.1467e+01
3.0000e+01 -1.0000e+01 -1.3477e+01
3.0000e+01 0.0000e+00 -1.3121e+01
3.0000e+01 1.0000e+01 -1.2018e+01
3.0000e+01 2.0000e+01 -1.2192e+01
3.0000e+01 3.0000e+01 -1.0710e+01
3.0000e+01 4.0000e+01 -1.3416e+01
3.0000e+01 5.0000e+01 -8.4178e+00
3.0000e+01 6.0000e+01 -1.0829e+01
3.0000e+01 7.0000e+01 -3.8222e+00
3.0000e+01 8.0000e+01 -6.6588e+00
3.0000e+01 9.0000e+01 -5.2313e+00
3.0000e+01 1.0000e+02 -3.5024e+00
3.0000e+01 1.1000e+02 -3.1063e-01
3.0000e+01 1.2000e+02 -3.4239e+00
3.0000e+01 1.3000e+02 -2.3843e+00
3.0000e+01 1.4000e+02 1.7733e+00
3.0000e+01 1.5000e+02 1.4922e+00
3.0000e+01 1.6000e+02 -1.8034e+00
3.0000e+01 1.7000e+02 -1.3008e+00
3.0000e+01 1.8000e+02 -1.0904e+00
3.0000e+01 1.9000e+02 2.2121e+00
3.0000e+01 2.0000e+02 -1.0188e-01
4.0000e+01 -2.0000e+02 2.5247e+00
4.0000e+01 -1.9000e+02 7.3631e-01
4.0000e+01 -1.8000e+02 -9.5410e-03
4.0000e+01 -1.7000e+02 1.2727e+00
4.0000e+01 -1.6000e+02 1.1845e+00
4.0000e+01 -1.5000e+02 -1.9370e-01
4.0000e+01 -1.4000e+02 -1.1302e+00
4.0000e+01 -1.3000e+02 -3.4190e-01
4.0000e+01 -1.2000e+02 9.0307e-01
4.0000e+01 -1.1000e+02 1.6800e-01
4.0000e+01 -1.0000e+02 -4.8574e+00
4.0000e+01 -9.0000e+01 -2.3711e+00
4.0000e+01 -8.0000e+01 -4.7948e+00
4.0000e+01 -7.0000e+01 -6.0808e+00
4.0000e+01 -6.0000e+01 -6.6173e+00
4.0000e+01 -5.0000e+01 -5.5751e+00
4.0000e+01 -4.0000e+01 -9.5900e+00
4.0000e+01 -3.0000e+01 -9.9886e+00
4.0000e+01 -2.0000e+01 -9.5877e+00
4.0000e+01 -1.0000e+01 -1.1617e+01
4.0000e+01 0.0000e+00 -1.1610e+01
4.0000e+01 1.0000e+01 -9.5192e+00
4.0000e+01 2.0000e+01 -8.7528e+00
4.0000e+01 3.0000e+01 -9.6009e+00
4.0000e+01 4.0000e+01 -7.4939e+00
4.0000e+01 5.0000e+01 -7.8843e+00
4.0000e+01 6.0000e+01 -6.9887e+00
4.0000e+01 7.0000e+01 -6.2715e+00
4.0000e+01 8.0000e+01 -5.1960e+00
4.0000e+01 9.0000e+01 -3.7598e+00
4.0000e+01 1.0000e+02 -2.1505e+00
4.0000e+01 1.1000e+02 -3.3872e+00
4.0000e+01 1.2000e+02 -1.4956e+00
4.0000e+01 1.3000e+02 -2.6005e+00
4.0000e+01 1.4000e+02 2.2475e-01
4.0000e+01 1.5000e+02 -2.5014e+00
4.0000e+01 1.6000e+02 -3.5367e-01
4.0000e+01 1.7000e+02 -1.7487e+00
4.0000e+01 1.8000e+02 -9.3983e-01
4.0000e+01 1.9000e+02 -5.3610e-01
4.0000e+01 2.0000e+02 5.5912e-02
5.0000e+01 -2.0000e+02 1.2315e+00
5.0000e+01 -1.9000e+02 1.1599e+00
5.0000e+01 -1.8000e+02 3.4122e+00
5.0000e+01 -1.7000e+02 -6.4196e-01
5.0000e+01 -1.6000e+02 -2.6151e-01
5.0000e+01 -1.5000e+02 8.8393e-01
5.0000e+01 -1.4000e+02 -2.7599e+00
5.0000e+01 -1.3000e+02 7.5544e-01
5.0000e+01 -1.2000e+02 -1.8226e-01
5.0000e+01 -1.1000e+02 -1.1503e+00
5.0000e+01 -1.0000e+02 -1.2306e+00
5.0000e+01 -9.0000e+01 -4.4114e+00
5.0000e+01 -8.0000e+01 -8.7530e-01
5.0000e+01 -7.0000e+01 -2.5854e+00
5.0000e+01 -6.0000e+01 -4.7946e+00
5.0000e+01 -5.0000e+01 -4.7646e+00
5.0000e+01 -4.0000e+01 -8.0669e+00
5.0000e+01 -3.0000e+01 -6.9001e+00
5.0000e+01 -2.0000e+01 -8.2374e+00
5.0000e+01 -1.0000e+01 -1.0254e+01
5.0000e+01 0.0000e+00 -9.3305e+00
5.0000e+01 1.0000e+01 -1.1173e+01
5.0000e+01 2.0000e+01 -9.2145e+00
5.0000e+01 3.0000e+01 -8.5270e+00
5.0000e+01 4.0000e+01 -6.6030e+00
5.0000e+01 5.0000e+01 -6.5316e+00
5.0000e+01 6.0000e+01 -7.3606e+00
5.0000e+01 7.0000e+01 -6.3236e+00
5.0000e+01 8.0000e+01 -2.2617e+00
5.0000e+01 9.0000e+01 -1.1779e+00
5.0000e+01 1.0000e+02 -2.3416e+00
5.0000e+01 1.1000e+02 -2.2723e+00
5.0000e+01 1.2000e+02 -3.6027e+00
5.0000e+01 1.3000e+02 1.2693e+00
5.0000e+01 1.4000e+02 -2.3886e+00
5.0000e+01 1.5000e+02 1.2142e+00
5.0000e+01 1.6000e+02 1.0664e+00
5.0000e+01 1.7000e+02 -1.2195e+00
5.0000e+01 1.8000e+02 1.1011e+00
5.0000e+01 1.9000e+02 -7.4850e-01
5.0000e+01 2.0000e+02 3.6525e+00
6.0000e+01 -2.0000e+02 -1.0155e+00
6.0000e+01 -1.9000e+02 4.3767e-01
6.0000e+01 -1.8000e+02 -4.7458e-01
6.0000e+01 -1.7000e+02 2.6240e+00
6.0000e+01 -1.6000e+02 8.4829e-01
6.0000e+01 -1.5000e+02 -1.0514e+00
6.0000e+01 -1.4000e+02 -1.1197e+00
6.0000e+01 -1.3000e+02 -1.1873e+00
6.0000e+01 -1.2000e+02 6.9428e-01
6.0000e+01 -1.1000e+02 1.4572e+00
6.0000e+01 -1.0000e+02 -1.4639e+00
6.0000e+01 -9.0000e+01 -3.9374e+00
6.0000e+01 -8.0000e+01 -3.3421e+00
6.0000e+01 -7.0000e+01 -2.9994e+00
6.0000e+01 -6.0000e+01 -4.3886e+00
6.0000e+01 -5.0000e+01 -5.2442e+00
6.0000e+01 -4.0000e+01 -7.5702e+00
6.0000e+01 -3.0000e+01 -7.5319e+00
6.0000e+01 -2.0000e+01 -7.7561e+00
6.0000e+01 -1.0000e+01 -8.2324e+00
6.0000e+01 0.0000e+00 -7.5498e+00
6.0000e+01 1.0000e+01 -7.3983e+00
6.0000e+01 2.0000e+01 -9.0155e+00
6.0000e+01 3.0000e+01 -1.0019e+01
6.0000e+01 4.0000e+01 -4.3604e+00
6.0000e+01 5.0000e+01 -7.3933e+00
6.0000e+01 6.0000e+01 -2.9342e+00
6.0000e+01 7.0000e+01 -1.8685e+00
6.0000e+01 8.0000e+01 -2.8082e+00
6.0000e+01 9.0000e+01 -2.6703e+00
6.0000e+01 1.0000e+02 -8.2425e-01
6.0000e+01 1.1000e+02 -3.8035e-01
6.0000e+01 1.2000e+02 -8.7425e-02
6.0000e+01 1.3000e+02 1.1713e+00
6.0000e+01 1.4000e+02 2.2696e-01
6.0000e+01 1.5000e+02 -3.2952e+00
6.0000e+01 1.6000e+02 4.5467e-01
6.0000e+01 1.7000e+02 -9.0239e-01
6.0000e+01 1.8000e+02 -1.8942e+00
6.0000e+01 1.9000e+02 -9.9110e-01
6.0000e+01 2.0000e+02 2.3861e+00
7.0000e+01 -2.0000e+02 -1.4813e+00
7.0000e+01 -1.9000e+02 3.2830e-01
7.0000e+01 -1.8000e+02 -1.5232e+00
7.0000e+01 -1.7000e+02 2.3680e+00
7.0000e+01 -1.6000e+02 2.1020e+00
7.0000e+01 -1.5000e+02 1.2157e+00
7.0000e+01 -1.4000e+02 1.0115e+00
7.0000e+01 -1.3000e+02 3.1149e-01
7.0000e+01 -1.2000e+02 5.4560e-01
7.0000e+01 -1.1000e+02 3.2463e-01
7.0000e+01 -1.0000e+02 -1.7327e+00
7.0000e+01 -9.0000e+01 -2.5560e+00
7.0000e+01 -8.0000e+01 -4.9465e+00
7.0000e+01 -7.0000e+01 -5.3549e+00
7.0000e+01 -6.0000e+01 -2.3162e+00
7.0000e+01 -5.0000e+01 -4.4858e+00
7.0000e+01 -4.0000e+01 -4.8073e+00
7.0000e+01 -3.0000e+01 -5.2041e+00
7.0000e+01 -2.0000e+01 -6.5893e+00
7.0000e+01 -1.0000e+01 -9.2341e+00
7.0000e+01 0.0000e+00 -3.8202e+00
7.0000e+01 1.0000e+01 -6.2334e+00
7.0000e+01 2.0000e+01 -7.3669e+00
7.0000e+01 3.0000e+01 -4.7454e+00
7.0000e+01 4.0000e+01 -3.5000e+00
7.0000e+01 5.0000e+01 -3.8302e+00
7.0000e+01 6.0000e+01 -3.0219e+00
7.0000e+01 7.0000e+01 -2.3583e+00
7.0000e+01 8.0000e+01 -3.1265e+00
7.0000e+01 9.0000e+01 -1.6530e+00
7.0000e+01 1.0000e+02 -1.2145e+00
7.0000e+01 1.1000e+02 -3.0608e+00
7.0000e+01 1.2000e+02 1.8110e+00
7.0000e+01 1.3000e+02 1.5598e+00
7.0000e+01 1.4000e+02 -1.5546e-01
7.0000e+01 1.5000e+02 -8.5987e-02
7.0000e+01 1.6000e+02 -2.8393e+00
7.0000e+01 1.7000e+02 -2.6207e+00
7.0000e+01 1.8000e+02 -1.0114e+00
7.0000e+01 1.9000e+02 2.3729e+00
7.0000e+01 2.0000e+02 -9.5086e-01
8.0000e+01 -2.0000e+02 -4.9121e+00
8.0000e+01 -1.9000e+02 -1.5249e+00
8.0000e+01 -1.8000e+02 -2.3836e+00
8.0000e+01 -1.7000e+02 2.1116e+00
8.0000e+01 -1.6000e+02 2.7692e-01
8.0000e+01 -1.5000e+02 7.2700e-01
8.0000e+01 -1.4000e+02 2.2308e+00
8.0000e+01 -1.3000e+02 -1.5116e+00
8.0000e+01 -1.2000e+02 2.9924e+00
8.0000e+01 -1.1000e+02 -3.8389e+00
8.0000e+01 -1.0000e+02 -1.1791e+00
8.0000e+01 -9.0000e+01 -2.8954e+00
8.0000e+01 -8.0000e+01 -2.9417e+00
8.0000e+01 -7.0000e+01 -3.2182e+00
8.0000e+01 -6.0000e+01 -3.0155e+00
8.0000e+01 -5.0000e+01 -2.5955e+00
8.0000e+01 -4.0000e+01 -4.9384e+00
8.0000e+01 -3.0000e+01 -4.1749e+00
8.0000e+01 -2.0000e+01 -4.4751e+00
8.0000e+01 -1.0000e+01 -3.8406e+00
8.0000e+01 0.0000e+00 -6.8845e+00
8.0000e+01 1.0000e+01 -2.5113e+00
8.0000e+01 2.0000e+01 -4.5497e+00
8.0000e+01 3.0000e+01 -2.8226e+00
8.0000e+01 4.0000e+01 -7.1834e+00
8.0000e+01 5.0000e+01 -6.9927e+00
8.0000e+01 6.0000e+01 -2.8837e+00
8.0000e+01 7.0000e+01 -3.5948e+00
8.0000e+01 8.0000e+01 -1.4214e+00
8.0000e+01 9.0000e+01 -4.3367e+00
8.0000e+01 1.0000e+02 -2.8667e-01
8.0000e+01 1.1000e+02 -8.9152e-01
8.0000e+01 1.2000e+02 -1.4226e+00
8.0000e+01 1.3000e+02 1.1008e+00
8.0000e+01 1.4000e+02 -1.4579e+00
8.0000e+01 1.5000e+02 -1.1187e+00
8.0000e+01 1.6000e+02 3.1169e+00
8.0000e+01 1.7000e+02 -3.4729e-01
8.0000e+01 1.8000e+02 4.3193e-01
8.0000e+01 1.9000e+02 1.3099e+00
8.0000e+01 2.0000e+02 -1.2765e+00
9.0000e+01 -2.0000e+02 3.5690e+00
9.0000e+01 -1.9000e+02 6.5324e-01
9.0000e+01 -1.8000e+02 -1.0070e+00
9.0000e+01 -1.7000e+02 1.4475e+00
9.0000e+01 -1.6000e+02 1.8389e+00
9.0000e+01 -1.5000e+02 2.3676e-01
9.0000e+01 -1.4000e+02 -4.3071e-01
9.0000e+01 -1.3000e+02 -2.0763e+00
9.0000e+01 -1.2000e+02 -1.1587e+00
9.0000e+01 -1.1000e+02 -1.3876e+00
9.0000e+01 -1.0000e+02 1.9707e+00
9.0000e+01 -9.0000e+01 -8.8457e-01
9.0000e+01 -8.0000e+01 -9.1431e-01
9.0000e+01 -7.0000e+01 -4.9835e+00
9.0000e+01 -6.0000e+01 -1.7647e+00
9.0000e+01 -5.0000e+01 -8.9661e-01
9.0000e+01 -4.0000e+01 -2.6105e+00
9.0000e+01 -3.0000e+01 -4.6002e+00
9.0000e+01 -2.0000e+01 -3.3980e+00
9.0000e+01 -1.0000e+01 -3.7540e+00
9.0000e+01 0.0000e+00 -6.9461e+00
9.0000e+01 1.0000e+01 -5.5084e+00
9.0000e+01 2.0000e+01 -5.4702e+00
9.0000e+01 3.0000e+01 -7.2262e+00
9.0000e+01 4.0000e+01 -1.5708e+00
9.0000e+01 5.0000e+01 -3.0955e+00
9.0000e+01 6.0000e+01 -3.1056e+00
9.0000e+01 7.0000e+01 -3.2063e+00
9.0000e+01 8.0000e+01 -4.1702e-01
9.0000e+01 9.0000e+01 -3.6622e+00
9.0000e+01 1.0000e+02 -2.3854e+00
9.0000e+01 1.1000e+02 -1.2287e+00
9.0000e+01 1.2000e+02 -7.3861e-01
9.0000e+01 1.3000e+02 2.7366e-01
9.0000e+01 1.4000e+02 -8.9708e-01
9.0000e+01 1.5000e+02 -1.5038e+00
9.0000e+01 1.6000e+02 8.5656e-01
9.0000e+01 1.7000e+02 -4.8532e-01
9.0000e+01 1.8000e+02 -9.5585e-01
9.0000e+01 1.9000e+02 1.1656e+00
9.0000e+01 2.0000e+02 8.9419e-02
1.0000e+02 -2.0000e+02 3.5148e-01
1.0000e+02 -1.9000e+02 -1.7835e+00
1.0000e+02 -1.8000e+02 -1.6950e+00
1.0000e+02 -1.7000e+02 -1.6822e+00
1.0000e+02 -1.6000e+02 -3.4741e-01
1.0000e+02 -1.5000e+02 -1.5799e+00
1.0000e+02 -1.4000e+02 6.5847e-01
1.0000e+02 -1.3000e+02 1.2606e+00
1.0000e+02 -1.2000e+02 1.2243e+00
1.0000e+02 -1.1000e+02 -8.5961e-01
1.0000e+02 -1.0000e+02 -1.7307e+00
1.0000e+02 -9.0000e+01 -1.0651e+00
1.0000e+02 -8.0000e+01 -1.1949e+00
1.0000e+02 -7.0000e+01 -1.2471e+00
1.0000e+02 -6.0000e+01 -2.4466e+00
1.0000e+02 -5.0000e+01 3.1178e-01
1.0000e+02 -4.0000e+01 -7.8134e-01
1.0000e+02 -3.0000e+01 -3.2503e+00
1.0000e+02 -2.0000e+01 -2.0331e+00
1.0000e+02 -1.0000e+01 -3.1416e-02
1.0000e+02 0.0000e+00 -4.1740e+00
1.0000e+02 1.0000e+01 -2.3008e+00
1.0000e+02 2.0000e+01 -2.2847e+00
1.0000e+02 3.0000e+01 -3.6184e+00
1.0000e+02 4.0000e+01 -3.6320e-01
1.0000e+02 5.0000e+01 -4.2613e+00
1.0000e+02 6.0000e+01 -2.4399e+00
1.0000e+02 7.0000e+01 -5.1155e-01
1.0000e+02 8.0000e+01 3.9874e-01
1.0000e+02 9.0000e+01 -2.8918e+00
1.0000e+02 1.0000e+02 -1.4632e-01
1.0000e+02 1.1000e+02 3.6610e-01
1.0000e+02 1.2000e+02 -1.8180e+00
1.0000e+02 1.3000e+02 1.2343e+00
1.0000e+02 1.4000e+02 3.2110e-01
1.0000e+02 1.5000e+02 1.0898e+00
1.0000e+02 1.6000e+02 2.6179e+00
1.0000e+02 1.7000e+02 -1.7039e+00
1.0000e+02 1.8000e+02 6.8137e-01
1.0000e+02 1.9000e+02 2.8827e+00
1.0000e+02 2.0000e+02 1.4388e+00
1.1000e+02 -2.0000e+02 2.2753e-01
1.1000e+02 -1.9000e+02 7.0350e-01
1.1000e+02 -1.8000e+02 1.0270e+00
1.1000e+02 -1.7000e+02 1.4023e+00
1.1000e+02 -1.6000e+02 -1.2356e+00
1.1000e+02 -1.5000e+02 -1.5026e+00
1.1000e+02 -1.4000e+02 1.9402e-02
1.1000e+02 -1.3000e+02 1.2482e+00
1.1000e+02 -1.2000e+02 -1.1614e+00
1.1000e+02 -1.1000e+02 -1.1250e+00
1.1000e+02 -1.0000e+02 -3.2217e+00
1.1000e+02 -9.0000e+01 1.1442e+00
1.1000e+02 -8.0000e+01 1.4365e+00
1.1000e+02 -7.0000e+01 -1.3548e+00
1.1000e+02 -6.0000e+01 -2.4470e+00
1.1000e+02 -5.0000e+01 -4.0218e+00
1.1000e+02 -4.0000e+01 -3.9880e+00
1.1000e+02 -3.0000e+01 -1.0303e-01
1.1000e+02 -2.0000e+01 -3.5330e+00
1.1000e+02 -1.0000e+01 -3.5943e+00
1.1000e+02 0.0000e+00 -2.4413e+00
1.1000e+02 1.0000e+01 -5.6624e-03
1.1000e+02 2.0000e+01 -2.4115e+00
1.1000e+02 3.0000e+01 -1.9842e+00
1.1000e+02 4.0000e+01 -2.2689e+00
1.1000e+02 5.0000e+01 1.7166e-01
1.1000e+02 6.0000e+01 -2.4050e+00
1.1000e+02 7.0000e+01 1.8498e+00
1.1000e+02 8.0000e+01 -1.1988e+00
1.1000e+02 9.0000e+01 -2.1007e+00
1.1000e+02 1.0000e+02 -2.9790e+00
1.1000e+02 1.1000e+02 9.2376e-02
1.1000e+02 1.2000e+02 -2.0472e+00
1.1000e+02 1.3000e+02 1.0279e+00
1.1000e+02 1.4000e+02 -1.2640e+00
1.1000e+02 1.5000e+02 -1.1747e+00
1.1000e+02 1.6000e+02 -1.6835e+00
1.1000e+02 1.7000e+02 6.0346e-01
1.1000e+02 1.8000e+02 -1.0404e+00
1.1000e+02 1.9000e+02 7.6445e-02
1.1000e+02 2.0000e+02 -1.0749e+00
1.2000e+02 -2.0000e+02 1.5991e-01
1.2000e+02 -1.9000e+02 -1.7828e+00
1.2000e+02 -1.8000e+02 -4.1619e-01
1.2000e+02 -1.7000e+02 -1.8845e-01
1.2000e+02 -1.6000e+02 -2.4807e+00
1.2000e+02 -1.5000e+02 -4.4308e-02
1.2000e+02 -1.4000e+02 -9.0823e-01
1.2000e+02 -1.3000e+02 -6.6710e-01
1.2000e+02 -1.2000e+02 2.5789e+00
1.2000e+02 -1.1000e+02 5.5207e-02
1.2000e+02 -1.0000e+02 -1.4241e+00
1.2000e+02 -9.0000e+01 -1.3411e+00
1.2000e+02 -8.0000e+01 -2.6408e+00
1.2000e+02 -7.0000e+01 2.6691e-01
1.2000e+02 -6.0000e+01 -9.2047e-01
1.2000e+02 -5.0000e+01 -4.5179e-01
1.2000e+02 -4.0000e+01 -9.4425e-01
1.2000e+02 -3.0000e+01 -1.4450e+00
1.2000e+02 -2.0000e+01 -3.3060e+00
1.2000e+02 -1.0000e+01 -1.4963e+00
1.2000e+02 0.0000e+00 -2.5116e+00
1.2000e+02 1.0000e+01 -3.2932e+00
1.2000e+02 2.0000e+01 -5.5359e-02
1.2000e+02 3.0000e+01 -1.3994e+00
1.2000e+02 4.0000e+01 -1.3603e+00
1.2000e+02 5.0000e+01 -2.3806e+00
1.2000e+02 6.0000e+01 -3.7687e+00
1.2000e+02 7.0000e+01 -1.8751e+00
1.2000e+02 8.0000e+01 -5.0034e-01
1.2000e+02 9.0000e+01 6.4908e-01
1.2000e+02 1.0000e+02 2.7137e+00
1.2000e+02 1.1000e+02 8.9817e-02
1.2000e+02 1.2000e+02 1.2178e+00
1.2000e+02 1.3000e+02 9.0659e-01
1.2000e+02 1.4000e+02 -2.4920e+00
1.2000e+02 1.5000e+02 1.1260e+00
1.2000e+02 1.6000e+02 1.2494e+00
1.2000e+02 1.7000e+02 1.5086e+00
1.2000e+02 1.8000e+02 -1.5532e+00
1.2000e+02 1.9000e+02 -1.3267e+00
1.2000e+02 2.0000e+02 -2.4207e-01
1.3000e+02 -2.0000e+02 -4.5944e-01
1.3000e+02 -1.9000e+02 1.6768e+00
1.3000e+02 -1.8000e+02 1.3304e+00
1.3000e+02 -1.7000e+02 -5.8829e-02
1.3000e+02 -1.6000e+02 -1.3128e-01
1.3000e+02 -1.5000e+02 -7.0820e-01
1.3000e+02 -1.4000e+02 -2.1050e+00
1.3000e+02 -1.3000e+02 3.6092e-01
1.3000e+02 -1.2000e+02 2.2045e-01
1.3000e+02 -1.1000e+02 5.8632e-01
1.3000e+02 -1.0000e+02 -1.7858e+00
1.3000e+02 -9.0000e+01 -1.3926e+00
1.3000e+02 -8.0000e+01 -1.7250e+00
1.3000e+02 -7.0000e+01 4.8305e-01
1.3000e+02 -6.0000e+01 -2.2508e+00
1.3000e+02 -5.0000e+01 -4.0804e-01
1.3000e+02 -4.0000e+01 -2.2091e+00
1.3000e+02 -3.0000e+01 -2.4286e+00
1.3000e+02 -2.0000e+01 3.6724e-01
1.3000e+02 -1.0000e+01 -1.2174e+00
1.3000e+02 0.0000e+00 -4.0810e-01
1.3000e+02 1.0000e+01 2.7211e-01
1.3000e+02 2.0000e+01 -1.4380e+00
1.3000e+02 3.0000e+01 -1.7030e+00
1.3000e+02 4.0000e+01 -2.0856e+00
1.3000e+02 5.0000e+01 6.4860e-02
1.3000e+02 6.0000e+01 -7.0479e-01
1.3000e+02 7.0000e+01 -6.0981e-01
1.3000e+02 8.0000e+01 -1.2166e-01
1.3000e+02 9.0000e+01 1.6297e-01
1.3000e+02 1.0000e+02 1.0757e+00
1.3000e+02 1.1000e+02 1.7878e+00
1.3000e+02 1.2000e+02 4.6276e-01
1.3000e+02 1.3000e+02 2.3098e+00
1.3000e+02 1.4000e+02 -2.6124e-01
1.3000e+02 1.5000e+02 8.5571e-01
1.3000e+02 1.6000e+02 3.5351e-01
1.3000e+02 1.7000e+02 1.0071e-01
1.3000e+02 1.8000e+02 -9.9235e-01
1.3000e+02 1.9000e+02 -3.1337e+00
1.3000e+02 2.0000e+02 -1.6403e+00
1.4000e+02 -2.0000e+02 -1.3250e+00
1.4000e+02 -1.9000e+02 -1.9235e+00
1.4000e+02 -1.8000e+02 -2.0192e+00
1.4000e+02 -1.7000e+02 -1.6693e+00
1.4000e+02 -1.6000e+02 -8.6293e-01
1.4000e+02 -1.5000e+02 -1.0943e+00
1.4000e+02 -1.4000e+02 8.8164e-01
1.4000e+02 -1.3000e+02 1.2319e+00
1.4000e+02 -1.2000e+02 -5.8932e-01
1.4000e+02 -1.1000e+02 -1.1834e+00
1.4000e+02 -1.0000e+02 1.5408e+00
1.4000e+02 -9.0000e+01 -8.1832e-01
1.4000e+02 -8.0000e+01 7.0121e-01
1.4000e+02 -7.0000e+01 -2.0727e+00
1.4000e+02 -6.0000e+01 -1.9229e+00
1.4000e+02 -5.0000e+01 -1.8387e+00
1.4000e+02 -4.0000e+01 -2.8875e+00
1.4000e+02 -3.0000e+01 6.1630e-01
1.4000e+02 -2.0000e+01 -2.1239e+00
1.4000e+02 -1.0000e+01 1.3822e-01
1.4000e+02 0.0000e+00 -5.6273e-01
1.4000e+02 1.0000e+01 -2.0952e+00
1.4000e+02 2.0000e+01 -1.5276e+00
1.4000e+02 3.0000e+01 -5.0271e-02
1.4000e+02 4.0000e+01 7.1937e-01
1.4000e+02 5.0000e+01 4.1245e+00
1.4000e+02 6.0000e+01 -2.8968e-02
1.4000e+02 7.0000e+01 -2.2421e+00
1.4000e+02 8.0000e+01 1.1621e+00
1.4000e+02 9.0000e+01 -1.9951e+00
1.4000e+02 1.0000e+02 8.9778e-01
1.4000e+02 1.1000e+02 -3.0416e-01
1.4000e+02 1.2000e+02 -5.0010e-01
1.4000e+02 1.3000e+02 -2.9895e-01
1.4000e+02 1.4000e+02 9.8532e-01
1.4000e+02 1.5000e+02 -1.3130e+00
1.4000e+02 1.6000e+02 -7.1935e-01
1.4000e+02 1.7000e+02 -2.4533e-01
1.4000e+02 1.8000e+02 2.1608e+00
1.4000e+02 1.9000e+02 -1.0177e+00
1.4000e+02 2.0000e+02 4.5052e-01
1.5000e+02 -2.0000e+02 -2.8467e+00
1.5000e+02 -1.9000e+02 -1.7313e+00
1.5000e+02 -1.8000e+02 -1.2602e+00
1.5000e+02 -1.7000e+02 -1.0110e+00
1.5000e+02 -1.6000e+02 -1.4280e+00
1.5000e+02 -1.5000e+02 -6.9575e-02
1.5000e+02 -1.4000e+02 1.0403e+00
1.5000e+02 -1.3000e+02 -2.4533e+00
1.5000e+02 -1.2000e+02 -6.9735e-02
1.5000e+02 -1.1000e+02 -5.3187e-01
1.5000e+02 -1.0000e+02 5.5076e-01
1.5000e+02 -9.0000e+01 -2.2612e+00
1.5000e+02 -8.0000e+01 4.5832e-01
1.5000e+02 -7.0000e+01 4.8343e-01
1.5000e+02 -6.0000e+01 -4.4171e+00
1.5000e+02 -5.0000e+01 8.8391e-01
1.5000e+02 -4.0000e+01 -2.4150e+00
1.5000e+02 -3.0000e+01 -2.4920e+00
1.5000e+02 -2.0000e+01 -2.2301e+00
1.5000e+02 -1.0000e+01 -1.1892e+00
1.5000e+02 0.0000e+00 -1.5528e+00
1.5000e+02 1.0000e+01 1.0446e+00
1.5000e+02 2.0000e+01 -9.2336e-01
1.5000e+02 3.0000e+01 -1.5118e+00
1.5000e+02 4.0000e+01 2.2676e+00
1.5000e+02 5.0000e+01 -2.3190e+00
1.5000e+02 6.0000e+01 -4.6486e-01
1.5000e+02 7.0000e+01 -3.2741e-01
1.5000e+02 8.0000e+01 9.8573e-01
1.5000e+02 9.0000e+01 -1.0588e+00
1.5000e+02 1.0000e+02 -2.9273e+00
1.5000e+02 1.1000e+02 7.8614e-01
1.5000e+02 1.2000e+02 1.8318e-01
1.5000e+02 1.3000e+02 1.6045e+00
1.5000e+02 1.4000e+02 -2.7544e-02
1.5000e+02 1.5000e+02 7.9963e-01
1.5000e+02 1.6000e+02 -2.2405e+00
1.5000e+02 1.7000e+02 1.6473e+00
1.5000e+02 1.8000e+02 1.8681e+00
1.5000e+02 1.9000e+02 -1.6282e+00
1.5000e+02 2.0000e+02 7.3392e-01
1.6000e+02 -2.0000e+02 -5.6045e-01
1.6000e+02 -1.9000e+02 -1.8193e+00
1.6000e+02 -1.8000e+02 -2.6468e+00
1.6000e+02 -1.7000e+02 3.7262e-01
1.6000e+02 -1.6000e+02 -1.9650e+00
1.6000e+02 -1.5000e+02 1.0371e+00
1.6000e+02 -1.4000e+02 1.0238e-01
1.6000e+02 -1.3000e+02 -3.6493e-01
1.6000e+02 -1.2000e+02 2.1994e-01
1.6000e+02 -1.1000e+02 2.1294e-01
1.6000e+02 -1.0000e+02 -2.2641e+00
1.6000e+02 -9.0000e+01 4.3568e-01
1.6000e+02 -8.0000e+01 1.0661e+00
1.6000e+02 -7.0000e+01 -2.5980e-01
1.6000e+02 -6.0000e+01 2.9943e-03
1.6000e+02 -5.0000e+01 4.5000e-01
1.6000e+02 -4.0000e+01 -5.4586e-01
1.6000e+02 -3.0000e+01 6.0062e-01
1.6000e+02 -2.0000e+01 1.0578e+00
1.6000e+02 -1.0000e+01 -1.4157e+00
1.6000e+02 0.0000e+00 -5.0521e-01
1.6000e+02 1.0000e+01 -3.1093e+00
1.6000e+02 2.0000e+01 1.3940e+00
1.6000e+02 3.0000e+01 3.8526e-01
1.6000e+02 4.0000e+01 -1.2194e+00
1.6000e+02 5.0000e+01 -1.4666e-01
1.6000e+02 6.0000e+01 -1.5007e-01
1.6000e+02 7.0000e+01 1.6202e-01
1.6000e+02 8.0000e+01 3.8792e-01
1.6000e+02 9.0000e+01 -6.3751e-01
1.6000e+02 1.0000e+02 -7.2638e-01
1.6000e+02 1.1000e+02 1.8959e+00
1.6000e+02 1.2000e+02 -1.0843e+00
1.6000e+02 1.3000e+02 1.1099e+00
1.6000e+02 1.4000e+02 8.9478e-01
1.6000e+02 1.5000e+02 -1.7264e+00
1.6000e+02 1.6000e+02 -7.9346e-01
1.6000e+02 1.7000e+02 -1.6131e+00
1.6000e+02 1.8000e+02 -1.5974e+00
1.6000e+02 1.9000e+02 2.4185e+00
1.6000e+02 2.0000e+02 2.1699e+00
1.7000e+02 -2.0000e+02 2.1002e+00
1.7000e+02 -1.9000e+02 -2.2974e+00
1.7000e+02 -1.8000e+02 -3.2412e+00
1.7000e+02 -1.7000e+02 -7.2755e-01
1.7000e+02 -1.6000e+02 2.6123e-02
1.7000e+02 -1.5000e+02 5.7688e-01
1.7000e+02 -1.4000e+02 3.0062e+00
1.7000e+02 -1.3000e+02 4.4169e-02
1.7000e+02 -1.2000e+02 -1.5346e+00
1.7000e+02 -1.1000e+02 1.6073e-01
1.7000e+02 -1.0000e+02 7.5178e-01
1.7000e+02 -9.0000e+01 8.6134e-01
1.7000e+02 -8.0000e+01 -1.3902e+00
1.7000e+02 -7.0000e+01 -1.3862e+00
1.7000e+02 -6.0000e+01 -1.8982e+00
1.7000e+02 -5.0000e+01 -2.0876e+00
1.7000e+02 -4.0000e+01 -2.8801e-01
1.7000e+02 -3.0000e+01 -1.0079e+00
1.7000e+02 -2.0000e+01 -7.1149e-01
1.7000e+02 -1.0000e+01 -1.2825e+00
1.7000e+02 0.0000e+00 -2.1530e-01
1.7000e+02 1.0000e+01 -7.7998e-01
1.7000e+02 2.0000e+01 -1.4584e+00
1.7000e+02 3.0000e+01 -9.2783e-01
1.7000e+02 4.0000e+01 3.8661e-01
1.7000e+02 5.0000e+01 -9.2360e-01
1.7000e+02 6.0000e+01 4.2485e-01
1.7000e+02 7.0000e+01 1.7665e+00
1.7000e+02 8.0000e+01 -1.3103e+00
1.7000e+02 9.0000e+01 6.6571e-01
1.7000e+02 1.0000e+02 -1.8303e+00
1.7000e+02 1.1000e+02 -8.2256e-01
1.7000e+02 1.2000e+02 2.6372e+00
1.7000e+02 1.3000e+02 2.3591e+00
1.7000e+02 1.4000e+02 2.4060e-01
1.7000e+02 1.5000e+02 -7.3569e-01
1.7000e+02 1.6000e+02 9.9505e-01
1.7000e+02 1.7000e+02 7.5221e-02
1.7000e+02 1.8000e+02 1.9533e+00
1.7000e+02 1.9000e+02 -2.0727e+00
1.7000e+02 2.0000e+02 -8.0610e-01
1.8000e+02 -2.0000e+02 -1.0276e+00
1.8000e+02 -1.9000e+02 5.9186e-01
1.8000e+02 -1.8000e+02 7.2409e-01
1.8000e+02 -1.7000e+02 9.1174e-01
1.8000e+02 -1.6000e+02 -8.2412e-02
1.8000e+02 -1.5000e+02 -6.3813e-01
1.8000e+02 -1.4000e+02 -1.0594e+00
1.8000e+02 -1.3000e+02 -4.7552e-01
1.8000e+02 -1.2000e+02 -5.3490e-01
1.8000e+02 -1.1000e+02 -3.8729e-01
1.8000e+02 -1.0000e+02 1.9044e+00
1.8000e+02 -9.0000e+01 4.3493e+00
1.8000e+02 -8.0000e+01 -1.1888e-01
1.8000e+02 -7.0000e+01 9.3757e-01
1.8000e+02 -6.0000e+01 4.8270e-01
1.8000e+02 -5.0000e+01 -6.6925e-01
1.8000e+02 -4.0000e+01 -1.1752e+00
1.8000e+02 -3.0000e+01 2.0810e+00
1.8000e+02 -2.0000e+01 -2.0234e-02
1.8000e+02 -1.0000e+01 5.6218e-02
1.8000e+02 0.0000e+00 -2.8453e-01
1.8000e+02 1.0000e+01 -1.9769e+00
1.8000e+02 2.0000e+01 -6.8381e-01
1.8000e+02 3.0000e+01 -1.3269e+00
1.8000e+02 4.0000e+01 -4.4468e-01
1.8000e+02 5.0000e+01 -1.1691e+00
1.8000e+02 6.0000e+01 3.7359e-01
1.8000e+02 7.0000e+01 -2.5867e-01
1.8000e+02 8.0000e+01 -3.7048e-02
1.8000e+02 9.0000e+01 2.6048e-02
1.8000e+02 1.0000e+02 4.7494e-01
1.8000e+02 1.1000e+02 -8.8388e-01
1.8000e+02 1.2000e+02 4.5106e-01
1.8000e+02 1.3000e+02 3.3242e+00
1.8000e+02 1.4000e+02 3.6342e+00
1.8000e+02 1.5000e+02 -2.7559e+00
1.8000e+02 1.6000e+02 2.1962e+00
1.8000e+02 1.7000e+02 -5.1864e-01
1.8000e+02 1.8000e+02 -1.5236e+00
1.8000e+02 1.9000e+02 6.4216e-01
1.8000e+02 2.0000e+02 -2.0742e-02
1.9000e+02 -2.0000e+02 -1.9848e+00
1.9000e+02 -1.9000e+02 -1.5469e+00
1.9000e+02 -1.8000e+02 7.0078e-01
1.9000e+02 -1.7000e+02 8.0176e-01
1.9000e+02 -1.6000e+02 7.8738e-01
1.9000e+02 -1.5000e+02 4.0984e-02
1.9000e+02 -1.4000e+02 1.0750e+00
1.9000e+02 -1.3000e+02 -2.7636e+00
1.9000e+02 -1.2000e+02 1.6156e+00
1.9000e+02 -1.1000e+02 -1.1399e+00
1.9000e+02 -1.0000e+02 1.2292e+00
1.9000e+02 -9.0000e+01 -4.3286e-01
1.9000e+02 -8.0000e+01 8.6202e-01
1.9000e+02 -7.0000e+01 2.3823e+00
1.9000e+02 -6.0000e+01 1.5841e+00
1.9000e+02 -5.0000e+01 -2.4703e+00
1.9000e+02 -4.0000e+01 5.8958e-01
1.9000e+02 -3.0000e+01 4.2383e-02
1.9000e+02 -2.0000e+01 -4.8938e-01
1.9000e+02 -1.0000e+01 -4.4467e-03
1.9000e+02 0.0000e+00 2.5071e-01
1.9000e+02 1.0000e+01 5.9818e-01
1.9000e+02 2.0000e+01 -2.0558e+00
1.9000e+02 3.0000e+01 2.4508e+00
1.9000e+02 4.0000e+01 3.0748e+00
1.9000e+02 5.0000e+01 -4.0705e-01
1.9000e+02 6.0000e+01 7.5770e-01
1.9000e+02 7.0000e+01 1.3314e+00
1.9000e+02 8.0000e+01 2.1264e+00
1.9000e+02 9.0000e+01 -8.8937e-01
1.9000e+02 1.0000e+02 -1.2814e+00
1.9000e+02 1.1000e+02 -2.9701e-01
1.9000e+02 1.2000e+02 -9.3404e-01
1.9000e+02 1.3000e+02 1.2638e+00
1.9000e+02 1.4000e+02 8.1755e-01
1.9000e+02 1.5000e+02 -1.4656e-01
1.9000e+02 1.6000e+02 -1.2692e+00
1.9000e+02 1.7000e+02 1.8037e+00
1.9000e+02 1.8000e+02 3.6426e-02
1.9000e+02 1.9000e+02 1.9757e-01
1.9000e+02 2.0000e+02 2.3643e+00
2.0000e+02 -2.0000e+02 -2.0530e+00
2.0000e+02 -1.9000e+02 2.2013e+00
2.0000e+02 -1.8000e+02 1.2242e+00
2.0000e+02 -1.7000e+02 1.0046e+00
2.0000e+02 -1.6000e+02 -1.0019e+00
2.0000e+02 -1.5000e+02 5.5109e-01
2.0000e+02 -1.4000e+02 -2.3598e+00
2.0000e+02 -1.3000e+02 4.3550e-01
2.0000e+02 -1.2000e+02 1.2997e+00
2.0000e+02 -1.1000e+02 1.8073e+00
2.0000e+02 -1.0000e+02 7.9058e-01
2.0000e+02 -9.0000e+01 -1.2908e+00
2.0000e+02 -8.0000e+01 2.4280e+00
2.0000e+02 -7.0000e+01 2.7636e+00
2.0000e+02 -6.0000e+01 1.0643e+00
2.0000e+02 -5.0000e+01 3.5061e-01
2.0000e+02 -4.0000e+01 -7.1375e-01
2.0000e+02 -3.0000e+01 2.2551e+00
2.0000e+02 -2.0000e+01 -5.5496e-01
2.0000e+02 -1.0000e+01 1.0319e+00
2.0000e+02 0.0000e+00 5.5354e-01
2.0000e+02 1.0000e+01 6.9008e-01
2.0000e+02 2.0000e+01 -2.5537e-01
2.0000e+02 3.0000e+01 2.5236e-01
2.0000e+02 4.0000e+01 2.4720e+00
2.0000e+02 5.0000e+01 -1.4284e+00
2.0000e+02 6.0000e+01 6.7555e-01
2.0000e+02 7.0000e+01 -2.5723e+00
2.0000e+02 8.0000e+01 1.3887e+00
2.0000e+02 9.0000e+01 -2.7289e-01
2.0000e+02 1.0000e+02 8.4456e-01
2.0000e+02 1.1000e+02 1.1072e+00
2.0000e+02 1.2000e+02 4.4437e-01
2.0000e+02 1.3000e+02 -2.0748e+00
2.0000e+02 1.4000e+02 -3.2496e+00
2.0000e+02 1.5000e+02 7.0425e-01
2.0000e+02 1.6000e+02 -2.0423e-01
2.0000e+02 1.7000e+02 -1.7032e+00
2.0000e+02 1.8000e+02 1.4508e+00
2.0000e+02 1.9000e+02 -3.7686e-01
2.0000e+02 2.0000e+02 1.6699e+00
