-2.0000e+02 -2.0000e+02 2.2081e+00
-2.0000e+02 -1.9000e+02 2.8019e+00
-2.0000e+02 -1.8000e+02 -2.0538e-01
-2.0000e+02 -1.7000e+02 -6.6957e-01
-2.0000e+02 -1.6000e+02 1.5005e+00
-2.0000e+02 -1.5000e+02 -5.4929e-01
-2.0000e+02 -1.4000e+02 1.8725e+00
-2.0000e+02 -1.3000e+02 1.0720e+00
-2.0000e+02 -1.2000e+02 4.2663e-01
-2.0000e+02 -1.1000e+02 -1.4140e+00
-2.0000e+02 -1.0000e+02 -1.3407e+00
-2.0000e+02 -9.0000e+01 2.4815e-01
-2.0000e+02 -8.0000e+01 -1.1655e+00
-2.0000e+02 -7.0000e+01 1.5128e-01
-2.0000e+02 -6.0000e+01 1.4173e+00
-2.0000e+02 -5.0000e+01 8.5117e-01
-2.0000e+02 -4.0000e+01 1.4719e+00
-2.0000e+02 -3.0000e+01 -1.9427e+00
-2.0000e+02 -2.0000e+01 -1.9625e+00
-2.0000e+02 -1.0000e+01 -4.1509e-01
-2.0000e+02 0.0000e+00 1.1801e+00
-2.0000e+02 1.0000e+01 2.9698e+00
-2.0000e+02 2.0000e+01 5.9613e-01
-2.0000e+02 3.0000e+01 -1.1144e+00
-2.0000e+02 4.0000e+01 4.2289e-01
-2.0000e+02 5.0000e+01 7.9708e-01
-2.0000e+02 6.0000e+01 5.7784e-01
-2.0000e+02 7.0000e+01 -3.4451e-01
-2.0000e+02 8.0000e+01 -7.8880e-02
-2.0000e+02 9.0000e+01 -2.0783e+00
-2.0000e+02 1.0000e+02 1.6031e+00
-2.0000e+02 1.1000e+02 1.8987e+00
-2.0000e+02 1.2000e+02 -2.3982e+00
-2.0000e+02 1.3000e+02 8.0104e-01
-2.0000e+02 1.4000e+02 -5.6214e-01
-2.0000e+02 1.5000e+02 1.4433e+00
-2.0000e+02 1.6000e+02 -1.9021e+00
-2.0000e+02 1.7000e+02 -1.5874e+00
-2.0000e+02 1.8000e+02 -1.6209e-01
-2.0000e+02 1.9000e+02 5.3308e-02
-2.0000e+02 2.0000e+02 3.2775e-02
-1.9000e+02 -2.0000e+02 1.2125e-01
-1.9000e+02 -1.9000e+02 -2.1808e+00
-1.9000e+02 -1.8000e+02 2.1104e+00
-1.9000e+02 -1.7000e+02 4.6128e+00
-1.9000e+02 -1.6000e+02 3.2634e+00
-1.9000e+02 -1.5000e+02 -5.8902e-01
-1.9000e+02 -1.4000e+02 1.6841e+00
-1.9000e+02 -1.3000e+02 1.4413e+00
-1.9000e+02 -1.2000e+02 -7.2293e-01
-1.9000e+02 -1.1000e+02 -2.6374e+00
-1.9000e+02 -1.0000e+02 2.2392e+00
-1.9000e+02 -9.0000e+01 -7.4213e-01
-1.9000e+02 -8.0000e+01 9.4495e-01
-1.9000e+02 -7.0000e+01 -1.7784e-01
-1.9000e+02 -6.0000e+01 5.4674e-01
-1.9000e+02 -5.0000e+01 -7.0043e-01
-1.9000e+02 -4.0000e+01 -4.4092e-01
-1.9000e+02 -3.0000e+01 -1.6160e+00
-1.9000e+02 -2.0000e+01 2.1836e+00
-1.9000e+02 -1.0000e+01 1.4055e+00
-1.9000e+02 0.0000e+00 3.4044e-02
-1.9000e+02 1.0000e+01 -2.9533e-01
-1.9000e+02 2.0000e+01 1.5057e+00
-1.9000e+02 3.0000e+01 -1.1810e-01
-1.9000e+02 4.0000e+01 2.1444e+00
-1.9000e+02 5.0000e+01 -8.9216e-01
-1.9000e+02 6.0000e+01 -2.4134e-01
-1.9000e+02 7.0000e+01 -1.8451e-01
-1.9000e+02 8.0000e+01 6.5700e-01
-1.9000e+02 9.0000e+01 -7.8688e-01
-1.9000e+02 1.0000e+02 1.1524e+00
-1.9000e+02 1.1000e+02 2.7556e+00
-1.9000e+02 1.2000e+02 -6.6493e-02
-1.9000e+02 1.3000e+02 -1.2840e+00
-1.9000e+02 1.4000e+02 9.5428e-01
-1.9000e+02 1.5000e+02 1.8707e+00
-1.9000e+02 1.6000e+02 1.9402e+00
-1.9000e+02 1.7000e+02 3.1731e-01
-1.9000e+02 1.8000e+02 4.5928e-01
-1.9000e+02 1.9000e+02 -1.4813e+00
-1.9000e+02 2.0000e+02 -2.0099e+00
-1.8000e+02 -2.0000e+02 -7.6693e-01
-1.8000e+02 -1.9000e+02 -8.1133e-01
-1.8000e+02 -1.8000e+02 3.1205e+00
-1.8000e+02 -1.7000e+02 -1.1287e+00
-1.8000e+02 -1.6000e+02 4.7126e-01
-1.8000e+02 -1.5000e+02 -2.2241e+00
-1.8000e+02 -1.4000e+02 1.3987e+00
-1.8000e+02 -1.3000e+02 1.5551e-01
-1.8000e+02 -1.2000e+02 -1.6333e+00
-1.8000e+02 -1.1000e+02 -8.8663e-01
-1.8000e+02 -1.0000e+02 1.9032e+00
-1.8000e+02 -9.0000e+01 -9.2553e-01
-1.8000e+02 -8.0000e+01 -2.0407e+00
-1.8000e+02 -7.0000e+01 7.4217e-01
-1.8000e+02 -6.0000e+01 -2.9470e-01
-1.8000e+02 -5.0000e+01 -1.2469e+00
-1.8000e+02 -4.0000e+01 -1.4156e+00
-1.8000e+02 -3.0000e+01 3.2837e+00
-1.8000e+02 -2.0000e+01 -1.3586e+00
-1.8000e+02 -1.0000e+01 -1.8471e+00
-1.8000e+02 0.0000e+00 4.5752e+00
-1.8000e+02 1.0000e+01 -4.5722e-01
-1.8000e+02 2.0000e+01 -2.0323e-01
-1.8000e+02 3.0000e+01 -2.3437e-01
-1.8000e+02 4.0000e+01 1.6472e+00
-1.8000e+02 5.0000e+01 1.5485e+00
-1.8000e+02 6.0000e+01 -1.2736e+00
-1.8000e+02 7.0000e+01 7.4140e-01
-1.8000e+02 8.0000e+01 -1.0801e+00
-1.8000e+02 9.0000e+01 2.7229e+00
-1.8000e+02 1.0000e+02 -1.2515e+00
-1.8000e+02 1.1000e+02 1.2561e+00
-1.8000e+02 1.2000e+02 2.7396e+00
-1.8000e+02 1.3000e+02 -6.7523e-01
-1.8000e+02 1.4000e+02 -8.1500e-01
-1.8000e+02 1.5000e+02 4.4162e-02
-1.8000e+02 1.6000e+02 -1.2358e+00
-1.8000e+02 1.7000e+02 -3.0013e-01
-1.8000e+02 1.8000e+02 -3.8688e+00
-1.8000e+02 1.9000e+02 1.0130e+00
-1.8000e+02 2.0000e+02 2.6821e+00
-1.7000e+02 -2.0000e+02 -1.4120e+00
-1.7000e+02 -1.9000e+02 -1.3874e+00
-1.7000e+02 -1.8000e+02 -3.5585e+00
-1.7000e+02 -1.7000e+02 1.5727e+00
-1.7000e+02 -1.6000e+02 4.3776e+00
-1.7000e+02 -1.5000e+02 1.6139e-01
-1.7000e+02 -1.4000e+02 -1.1277e-01
-1.7000e+02 -1.3000e+02 -1.4739e+00
-1.7000e+02 -1.2000e+02 7.6436e-01
-1.7000e+02 -1.1000e+02 1.9891e+00
-1.7000e+02 -1.0000e+02 -2.2196e-01
-1.7000e+02 -9.0000e+01 -2.5752e+00
-1.7000e+02 -8.0000e+01 3.0956e+00
-1.7000e+02 -7.0000e+01 3.2910e+00
-1.7000e+02 -6.0000e+01 -2.3796e-01
-1.7000e+02 -5.0000e+01 -6.9610e-01
-1.7000e+02 -4.0000e+01 5.0373e-01
-1.7000e+02 -3.0000e+01 -2.4145e+00
-1.7000e+02 -2.0000e+01 2.0474e-01
-1.7000e+02 -1.0000e+01 1.6338e+00
-1.7000e+02 0.0000e+00 -3.1387e-01
-1.7000e+02 1.0000e+01 -1.1567e+00
-1.7000e+02 2.0000e+01 -2.3988e+00
-1.7000e+02 3.0000e+01 1.2105e+00
-1.7000e+02 4.0000e+01 2.1196e-01
-1.7000e+02 5.0000e+01 1.3841e+00
-1.7000e+02 6.0000e+01 5.3266e-01
-1.7000e+02 7.0000e+01 -2.6154e-01
-1.7000e+02 8.0000e+01 3.6474e+00
-1.7000e+02 9.0000e+01 -9.9640e-01
-1.7000e+02 1.0000e+02 -4.0396e-01
-1.7000e+02 1.1000e+02 5.4198e-01
-1.7000e+02 1.2000e+02 2.5784e+00
-1.7000e+02 1.3000e+02 3.4489e-01
-1.7000e+02 1.4000e+02 -1.1336e-01
-1.7000e+02 1.5000e+02 -1.1734e+00
-1.7000e+02 1.6000e+02 -4.2852e+00
-1.7000e+02 1.7000e+02 4.6777e-01
-1.7000e+02 1.8000e+02 6.1149e-01
-1.7000e+02 1.9000e+02 9.8407e-01
-1.7000e+02 2.0000e+02 -2.7454e+00
-1.6000e+02 -2.0000e+02 5.1538e-01
-1.6000e+02 -1.9000e+02 1.2903e-01
-1.6000e+02 -1.8000e+02 1.1335e+00
-1.6000e+02 -1.7000e+02 3.6410e+00
-1.6000e+02 -1.6000e+02 1.2528e+00
-1.6000e+02 -1.5000e+02 1.9827e+00
-1.6000e+02 -1.4000e+02 -3.4292e-02
-1.6000e+02 -1.3000e+02 -5.5962e-01
-1.6000e+02 -1.2000e+02 -4.3666e-02
-1.6000e+02 -1.1000e+02 -2.6509e+00
-1.6000e+02 -1.0000e+02 5.2296e-02
-1.6000e+02 -9.0000e+01 4.6942e-01
-1.6000e+02 -8.0000e+01 1.9665e+00
-1.6000e+02 -7.0000e+01 -1.2040e-01
-1.6000e+02 -6.0000e+01 2.1227e-01
-1.6000e+02 -5.0000e+01 6.9216e-01
-1.6000e+02 -4.0000e+01 1.2813e+00
-1.6000e+02 -3.0000e+01 -1.4363e+00
-1.6000e+02 -2.0000e+01 -5.9141e-01
-1.6000e+02 -1.0000e+01 -2.4723e-01
-1.6000e+02 0.0000e+00 -2.1679e-01
-1.6000e+02 1.0000e+01 -7.7324e-01
-1.6000e+02 2.0000e+01 -5.9803e-01
-1.6000e+02 3.0000e+01 -1.0475e-01
-1.6000e+02 4.0000e+01 -2.3176e+00
-1.6000e+02 5.0000e+01 -3.5902e+00
-1.6000e+02 6.0000e+01 -5.1167e-01
-1.6000e+02 7.0000e+01 -3.5745e-01
-1.6000e+02 8.0000e+01 -1.1626e+00
-1.6000e+02 9.0000e+01 -3.3329e+00
-1.6000e+02 1.0000e+02 -2.7887e+00
-1.6000e+02 1.1000e+02 1.7897e+00
-1.6000e+02 1.2000e+02 4.1029e-01
-1.6000e+02 1.3000e+02 -2.5249e+00
-1.6000e+02 1.4000e+02 1.3186e+00
-1.6000e+02 1.5000e+02 1.9661e+00
-1.6000e+02 1.6000e+02 3.9547e-01
-1.6000e+02 1.7000e+02 -5.6475e-01
-1.6000e+02 1.8000e+02 5.7593e-01
-1.6000e+02 1.9000e+02 1.6694e+00
-1.6000e+02 2.0000e+02 -1.5972e+00
-1.5000e+02 -2.0000e+02 -6.0258e-02
-1.5000e+02 -1.9000e+02 7.6010e-01
-1.5000e+02 -1.8000e+02 6.7257e-01
-1.5000e+02 -1.7000e+02 -1.1642e+00
-1.5000e+02 -1.6000e+02 1.9637e+00
-1.5000e+02 -1.5000e+02 -4.4937e-01
-1.5000e+02 -1.4000e+02 1.2847e+00
-1.5000e+02 -1.3000e+02 -2.1934e+00
-1.5000e+02 -1.2000e+02 -1.0270e+00
-1.5000e+02 -1.1000e+02 -9.9398e-01
-1.5000e+02 -1.0000e+02 -1.7280e+00
-1.5000e+02 -9.0000e+01 -2.0656e-01
-1.5000e+02 -8.0000e+01 -1.3278e+00
-1.5000e+02 -7.0000e+01 1.3922e+00
-1.5000e+02 -6.0000e+01 -1.1086e+00
-1.5000e+02 -5.0000e+01 1.9784e+00
-1.5000e+02 -4.0000e+01 -2.3325e+00
-1.5000e+02 -3.0000e+01 -1.1124e+00
-1.5000e+02 -2.0000e+01 4.5502e-01
-1.5000e+02 -1.0000e+01 -1.4338e+00
-1.5000e+02 0.0000e+00 -2.4679e+00
-1.5000e+02 1.0000e+01 3.1531e-01
-1.5000e+02 2.0000e+01 -3.8164e+00
-1.5000e+02 3.0000e+01 -4.2418e-01
-1.5000e+02 4.0000e+01 -1.3424e+00
-1.5000e+02 5.0000e+01 1.4555e+00
-1.5000e+02 6.0000e+01 1.7209e+00
-1.5000e+02 7.0000e+01 -1.9790e+00
-1.5000e+02 8.0000e+01 1.1246e+00
-1.5000e+02 9.0000e+01 -3.1006e-01
-1.5000e+02 1.0000e+02 -5.6866e-02
-1.5000e+02 1.1000e+02 -2.7223e+00
-1.5000e+02 1.2000e+02 2.2766e+00
-1.5000e+02 1.3000e+02 -1.6196e+00
-1.5000e+02 1.4000e+02 5.9171e-01
-1.5000e+02 1.5000e+02 1.2044e+00
-1.5000e+02 1.6000e+02 2.9010e-01
-1.5000e+02 1.7000e+02 1.1200e+00
-1.5000e+02 1.8000e+02 -4.5198e-01
-1.5000e+02 1.9000e+02 3.4691e-01
-1.5000e+02 2.0000e+02 -2.6989e+00
-1.4000e+02 -2.0000e+02 2.7661e+00
-1.4000e+02 -1.9000e+02 1.8957e+00
-1.4000e+02 -1.8000e+02 1.7364e+00
-1.4000e+02 -1.7000e+02 3.1252e-01
-1.4000e+02 -1.6000e+02 -9.6746e-01
-1.4000e+02 -1.5000e+02 -1.3426e-03
-1.4000e+02 -1.4000e+02 2.5229e+00
-1.4000e+02 -1.3000e+02 3.2864e-01
-1.4000e+02 -1.2000e+02 -1.0666e+00
-1.4000e+02 -1.1000e+02 1.6659e-01
-1.4000e+02 -1.0000e+02 3.1241e+00
-1.4000e+02 -9.0000e+01 1.3816e+00
-1.4000e+02 -8.0000e+01 1.9289e+00
-1.4000e+02 -7.0000e+01 1.2641e+00
-1.4000e+02 -6.0000e+01 5.2010e-02
-1.4000e+02 -5.0000e+01 1.1566e-01
-1.4000e+02 -4.0000e+01 -1.3372e+00
-1.4000e+02 -3.0000e+01 1.6692e-01
-1.4000e+02 -2.0000e+01 -7.7685e-01
-1.4000e+02 -1.0000e+01 -5.6575e-01
-1.4000e+02 0.0000e+00 -2.0883e+00
-1.4000e+02 1.0000e+01 -2.7119e+00
-1.4000e+02 2.0000e+01 -1.3211e+00
-1.4000e+02 3.0000e+01 -3.5631e+00
-1.4000e+02 4.0000e+01 2.3438e+00
-1.4000e+02 5.0000e+01 -8.2639e-01
-1.4000e+02 6.0000e+01 -1.8068e+00
-1.4000e+02 7.0000e+01 -3.3021e+00
-1.4000e+02 8.0000e+01 -2.2609e+00
-1.4000e+02 9.0000e+01 9.9499e-01
-1.4000e+02 1.0000e+02 1.1229e+00
-1.4000e+02 1.1000e+02 1.0956e+00
-1.4000e+02 1.2000e+02 -2.0357e+00
-1.4000e+02 1.3000e+02 -1.3513e+00
-1.4000e+02 1.4000e+02 1.1999e+00
-1.4000e+02 1.5000e+02 -7.2677e-01
-1.4000e+02 1.6000e+02 -1.7452e+00
-1.4000e+02 1.7000e+02 -1.0194e+00
-1.4000e+02 1.8000e+02 -7.2247e-01
-1.4000e+02 1.9000e+02 -6.2048e-01
-1.4000e+02 2.0000e+02 1.4353e-01
-1.3000e+02 -2.0000e+02 -7.0397e-01
-1.3000e+02 -1.9000e+02 1.7179e+00
-1.3000e+02 -1.8000e+02 -7.6854e-02
-1.3000e+02 -1.7000e+02 -2.2271e-01
-1.3000e+02 -1.6000e+02 -1.8514e+00
-1.3000e+02 -1.5000e+02 3.1700e-01
-1.3000e+02 -1.4000e+02 2.4907e-01
-1.3000e+02 -1.3000e+02 3.2564e-01
-1.3000e+02 -1.2000e+02 1.2627e+00
-1.3000e+02 -1.1000e+02 -2.9482e-01
-1.3000e+02 -1.0000e+02 -1.3262e-02
-1.3000e+02 -9.0000e+01 1.5033e+00
-1.3000e+02 -8.0000e+01 8.9400e-01
-1.3000e+02 -7.0000e+01 -1.5663e+00
-1.3000e+02 -6.0000e+01 -2.2743e+00
-1.3000e+02 -5.0000e+01 -3.0204e-01
-1.3000e+02 -4.0000e+01 1.1695e+00
-1.3000e+02 -3.0000e+01 -5.2720e-01
-1.3000e+02 -2.0000e+01 -2.3787e+00
-1.3000e+02 -1.0000e+01 -2.4622e-01
-1.3000e+02 0.0000e+00 -1.9365e+00
-1.3000e+02 1.0000e+01 -1.4430e+00
-1.3000e+02 2.0000e+01 -1.6171e+00
-1.3000e+02 3.0000e+01 -1.0197e+00
-1.3000e+02 4.0000e+01 -1.4170e+00
-1.3000e+02 5.0000e+01 3.0449e-01
-1.3000e+02 6.0000e+01 2.4338e-01
-1.3000e+02 7.0000e+01 -9.4370e-01
-1.3000e+02 8.0000e+01 -3.9580e-01
-1.3000e+02 9.0000e+01 1.6399e-01
-1.3000e+02 1.0000e+02 7.5900e-01
-1.3000e+02 1.1000e+02 4.6173e-01
-1.3000e+02 1.2000e+02 1.2322e+00
-1.3000e+02 1.3000e+02 -1.0540e+00
-1.3000e+02 1.4000e+02 1.0881e+00
-1.3000e+02 1.5000e+02 -5.7040e-01
-1.3000e+02 1.6000e+02 -5.9388e-01
-1.3000e+02 1.7000e+02 -1.5927e+00
-1.3000e+02 1.8000e+02 -3.2613e+00
-1.3000e+02 1.9000e+02 -1.8866e-01
-1.3000e+02 2.0000e+02 -2.4871e+00
-1.2000e+02 -2.0000e+02 1.9895e+00
-1.2000e+02 -1.9000e+02 -3.8157e+00
-1.2000e+02 -1.8000e+02 3.8846e-01
-1.2000e+02 -1.7000e+02 -4.7040e-01
-1.2000e+02 -1.6000e+02 2.3601e+00
-1.2000e+02 -1.5000e+02 -8.1690e-01
-1.2000e+02 -1.4000e+02 6.4139e-01
-1.2000e+02 -1.3000e+02 3.0952e-01
-1.2000e+02 -1.2000e+02 -1.1194e-02
-1.2000e+02 -1.1000e+02 -3.4672e-01
-1.2000e+02 -1.0000e+02 6.0583e-01
-1.2000e+02 -9.0000e+01 -1.7039e+00
-1.2000e+02 -8.0000e+01 -1.4893e+00
-1.2000e+02 -7.0000e+01 2.2876e+00
-1.2000e+02 -6.0000e+01 -1.2126e+00
-1.2000e+02 -5.0000e+01 -2.8195e+00
-1.2000e+02 -4.0000e+01 9.0418e-02
-1.2000e+02 -3.0000e+01 -9.5491e-01
-1.2000e+02 -2.0000e+01 -2.1717e+00
-1.2000e+02 -1.0000e+01 -3.5422e+00
-1.2000e+02 0.0000e+00 -2.1408e+00
-1.2000e+02 1.0000e+01 -2.1215e+00
-1.2000e+02 2.0000e+01 1.5136e-02
-1.2000e+02 3.0000e+01 -1.5163e+00
-1.2000e+02 4.0000e+01 -1.7003e+00
-1.2000e+02 5.0000e+01 -1.1335e+00
-1.2000e+02 6.0000e+01 8.5249e-01
-1.2000e+02 7.0000e+01 7.5038e-01
-1.2000e+02 8.0000e+01 -6.0988e-01
-1.2000e+02 9.0000e+01 1.2567e-01
-1.2000e+02 1.0000e+02 1.7626e+00
-1.2000e+02 1.1000e+02 1.4132e-01
-1.2000e+02 1.2000e+02 -2.6123e+00
-1.2000e+02 1.3000e+02 -2.3132e+00
-1.2000e+02 1.4000e+02 -1.1294e+00
-1.2000e+02 1.5000e+02 -1.5392e+00
-1.2000e+02 1.6000e+02 -1.1697e+00
-1.2000e+02 1.7000e+02 1.3654e+00
-1.2000e+02 1.8000e+02 6.8644e-01
-1.2000e+02 1.9000e+02 1.5623e+00
-1.2000e+02 2.0000e+02 1.8480e+00
-1.1000e+02 -2.0000e+02 -6.3879e-01
-1.1000e+02 -1.9000e+02 2.5112e+00
-1.1000e+02 -1.8000e+02 -1.7044e-01
-1.1000e+02 -1.7000e+02 -1.4058e+00
-1.1000e+02 -1.6000e+02 1.6431e+00
-1.1000e+02 -1.5000e+02 6.4578e-01
-1.1000e+02 -1.4000e+02 -4.7399e-01
-1.1000e+02 -1.3000e+02 1.0749e+00
-1.1000e+02 -1.2000e+02 -1.0839e-01
-1.1000e+02 -1.1000e+02 6.4898e-01
-1.1000e+02 -1.0000e+02 -1.6692e-02
-1.1000e+02 -9.0000e+01 8.5280e-02
-1.1000e+02 -8.0000e+01 -2.0073e+00
-1.1000e+02 -7.0000e+01 -2.0636e-01
-1.1000e+02 -6.0000e+01 1.1411e+00
-1.1000e+02 -5.0000e+01 -2.3830e+00
-1.1000e+02 -4.0000e+01 7.9542e-01
-1.1000e+02 -3.0000e+01 -2.8263e-01
-1.1000e+02 -2.0000e+01 -3.8403e+00
-1.1000e+02 -1.0000e+01 1.7883e-01
-1.1000e+02 0.0000e+00 -1.7137e+00
-1.1000e+02 1.0000e+01 -1.1485e+00
-1.1000e+02 2.0000e+01 -3.6193e+00
-1.1000e+02 3.0000e+01 -1.0513e+00
-1.1000e+02 4.0000e+01 -3.1378e+00
-1.1000e+02 5.0000e+01 -1.0143e+00
-1.1000e+02 6.0000e+01 -1.9949e-01
-1.1000e+02 7.0000e+01 -1.1035e+00
-1.1000e+02 8.0000e+01 -1.5238e+00
-1.1000e+02 9.0000e+01 -2.4076e+00
-1.1000e+02 1.0000e+02 -1.0746e+00
-1.1000e+02 1.1000e+02 1.0740e+00
-1.1000e+02 1.2000e+02 -6.2146e-01
-1.1000e+02 1.3000e+02 -1.8642e+00
-1.1000e+02 1.4000e+02 -3.0524e+00
-1.1000e+02 1.5000e+02 6.1437e-01
-1.1000e+02 1.6000e+02 -2.7788e-01
-1.1000e+02 1.7000e+02 -1.1916e+00
-1.1000e+02 1.8000e+02 -5.1908e-01
-1.1000e+02 1.9000e+02 -2.7280e+00
-1.1000e+02 2.0000e+02 -1.0923e-01
-1.0000e+02 -2.0000e+02 2.6266e-01
-1.0000e+02 -1.9000e+02 -1.0121e+00
-1.0000e+02 -1.8000e+02 -2.5814e+00
-1.0000e+02 -1.7000e+02 2.2540e+00
-1.0000e+02 -1.6000e+02 -1.5443e+00
-1.0000e+02 -1.5000e+02 -2.6578e-01
-1.0000e+02 -1.4000e+02 3.9016e-01
-1.0000e+02 -1.3000e+02 -2.2652e+00
-1.0000e+02 -1.2000e+02 1.3572e+00
-1.0000e+02 -1.1000e+02 -3.1203e+00
-1.0000e+02 -1.0000e+02 -5.8808e-01
-1.0000e+02 -9.0000e+01 -1.6344e+00
-1.0000e+02 -8.0000e+01 -7.1502e-01
-1.0000e+02 -7.0000e+01 -2.2842e-01
-1.0000e+02 -6.0000e+01 -1.8195e+00
-1.0000e+02 -5.0000e+01 -1.8649e+00
-1.0000e+02 -4.0000e+01 -8.6231e-02
-1.0000e+02 -3.0000e+01 -1.5514e+00
-1.0000e+02 -2.0000e+01 -1.7568e+00
-1.0000e+02 -1.0000e+01 -3.7274e+00
-1.0000e+02 0.0000e+00 -3.7805e+00
-1.0000e+02 1.0000e+01 -1.6911e+00
-1.0000e+02 2.0000e+01 -6.6007e-01
-1.0000e+02 3.0000e+01 -1.2025e+00
-1.0000e+02 4.0000e+01 -2.9453e+00
-1.0000e+02 5.0000e+01 -2.3648e+00
-1.0000e+02 6.0000e+01 -9.4397e-01
-1.0000e+02 7.0000e+01 -2.1523e+00
-1.0000e+02 8.0000e+01 -3.6785e+00
-1.0000e+02 9.0000e+01 -1.0800e+00
-1.0000e+02 1.0000e+02 -3.3475e-01
-1.0000e+02 1.1000e+02 -3.4835e+00
-1.0000e+02 1.2000e+02 -1.7888e+00
-1.0000e+02 1.3000e+02 -1.3518e-01
-1.0000e+02 1.4000e+02 -1.3728e+00
-1.0000e+02 1.5000e+02 -1.0622e+00
-1.0000e+02 1.6000e+02 -1.2660e+00
-1.0000e+02 1.7000e+02 8.9786e-01
-1.0000e+02 1.8000e+02 -1.6006e-01
-1.0000e+02 1.9000e+02 -1.2111e+00
-1.0000e+02 2.0000e+02 -3.2520e+00
-9.0000e+01 -2.0000e+02 1.3326e+00
-9.0000e+01 -1.9000e+02 -4.6624e-01
-9.0000e+01 -1.8000e+02 2.5945e-01
-9.0000e+01 -1.7000e+02 -9.6293e-01
-9.0000e+01 -1.6000e+02 -2.5168e+00
-9.0000e+01 -1.5000e+02 2.1078e+00
-9.0000e+01 -1.4000e+02 1.5702e+00
-9.0000e+01 -1.3000e+02 -1.5374e-01
-9.0000e+01 -1.2000e+02 -3.9485e-01
-9.0000e+01 -1.1000e+02 -5.7032e-01
-9.0000e+01 -1.0000e+02 -2.8440e+00
-9.0000e+01 -9.0000e+01 1.6755e-01
-9.0000e+01 -8.0000e+01 -2.3898e+00
-9.0000e+01 -7.0000e+01 -1.7000e+00
-9.0000e+01 -6.0000e+01 -3.0064e-01
-9.0000e+01 -5.0000e+01 -2.1213e+00
-9.0000e+01 -4.0000e+01 4.0695e-01
-9.0000e+01 -3.0000e+01 -4.5630e+00
-9.0000e+01 -2.0000e+01 -4.5255e+00
-9.0000e+01 -1.0000e+01 -1.1732e+00
-9.0000e+01 0.0000e+00 -3.1123e+00
-9.0000e+01 1.0000e+01 -1.3364e+00
-9.0000e+01 2.0000e+01 -3.8280e+00
-9.0000e+01 3.0000e+01 -3.5068e+00
-9.0000e+01 4.0000e+01 -4.6685e+00
-9.0000e+01 5.0000e+01 -1.8124e+00
-9.0000e+01 6.0000e+01 -2.6738e+00
-9.0000e+01 7.0000e+01 -6.4275e+00
-9.0000e+01 8.0000e+01 -5.4906e+00
-9.0000e+01 9.0000e+01 -4.5569e-01
-9.0000e+01 1.0000e+02 -1.3744e+00
-9.0000e+01 1.1000e+02 -2.4212e+00
-9.0000e+01 1.2000e+02 1.6392e+00
-9.0000e+01 1.3000e+02 9.8814e-01
-9.0000e+01 1.4000e+02 5.8126e-01
-9.0000e+01 1.5000e+02 -8.7145e-01
-9.0000e+01 1.6000e+02 3.2260e+00
-9.0000e+01 1.7000e+02 1.9590e+00
-9.0000e+01 1.8000e+02 -7.8278e-01
-9.0000e+01 1.9000e+02 -8.6147e-01
-9.0000e+01 2.0000e+02 9.7145e-01
-8.0000e+01 -2.0000e+02 1.8181e+00
-8.0000e+01 -1.9000e+02 9.8743e-01
-8.0000e+01 -1.8000e+02 -8.5658e-01
-8.0000e+01 -1.7000e+02 7.8843e-01
-8.0000e+01 -1.6000e+02 -7.5344e-01
-8.0000e+01 -1.5000e+02 -1.3057e-01
-8.0000e+01 -1.4000e+02 -4.4131e-01
-8.0000e+01 -1.3000e+02 -4.6184e-01
-8.0000e+01 -1.2000e+02 1.7380e+00
-8.0000e+01 -1.1000e+02 8.2700e-01
-8.0000e+01 -1.0000e+02 -2.5284e+00
-8.0000e+01 -9.0000e+01 -2.6115e+00
-8.0000e+01 -8.0000e+01 -3.8083e+00
-8.0000e+01 -7.0000e+01 -1.1351e+00
-8.0000e+01 -6.0000e+01 -4.6115e+00
-8.0000e+01 -5.0000e+01 -3.8366e+00
-8.0000e+01 -4.0000e+01 -4.1104e+00
-8.0000e+01 -3.0000e+01 -6.3205e+00
-8.0000e+01 -2.0000e+01 -9.1974e+00
-8.0000e+01 -1.0000e+01 -5.7445e+00
-8.0000e+01 0.0000e+00 -7.1603e+00
-8.0000e+01 1.0000e+01 -6.7453e+00
-8.0000e+01 2.0000e+01 -6.2745e+00
-8.0000e+01 3.0000e+01 -7.4601e+00
-8.0000e+01 4.0000e+01 -3.9233e+00
-8.0000e+01 5.0000e+01 -3.4375e+00
-8.0000e+01 6.0000e+01 -9.5471e-01
-8.0000e+01 7.0000e+01 -1.1668e+00
-8.0000e+01 8.0000e+01 1.3334e+00
-8.0000e+01 9.0000e+01 5.4827e-01
-8.0000e+01 1.0000e+02 6.9871e-01
-8.0000e+01 1.1000e+02 1.4768e+00
-8.0000e+01 1.2000e+02 7.3431e-01
-8.0000e+01 1.3000e+02 -2.3110e-01
-8.0000e+01 1.4000e+02 -1.4282e+00
-8.0000e+01 1.5000e+02 -1.9223e+00
-8.0000e+01 1.6000e+02 -3.9978e-01
-8.0000e+01 1.7000e+02 -1.2263e-01
-8.0000e+01 1.8000e+02 3.4928e-01
-8.0000e+01 1.9000e+02 2.5603e-01
-8.0000e+01 2.0000e+02 1.5199e+00
-7.0000e+01 -2.0000e+02 -1.8054e+00
-7.0000e+01 -1.9000e+02 1.6195e+00
-7.0000e+01 -1.8000e+02 4.1693e-01
-7.0000e+01 -1.7000e+02 -1.1174e+00
-7.0000e+01 -1.6000e+02 7.1201e-02
-7.0000e+01 -1.5000e+02 3.7871e-01
-7.0000e+01 -1.4000e+02 -1.5692e+00
-7.0000e+01 -1.3000e+02 -2.1552e+00
-7.0000e+01 -1.2000e+02 8.8453e-01
-7.0000e+01 -1.1000e+02 -2.1656e+00
-7.0000e+01 -1.0000e+02 -4.4189e+00
-7.0000e+01 -9.0000e+01 -3.6456e+00
-7.0000e+01 -8.0000e+01 -9.4528e-01
-7.0000e+01 -7.0000e+01 -4.3631e+00
-7.0000e+01 -6.0000e+01 -4.8551e+00
-7.0000e+01 -5.0000e+01 -3.5305e+00
-7.0000e+01 -4.0000e+01 -3.7913e+00
-7.0000e+01 -3.0000e+01 -5.8947e+00
-7.0000e+01 -2.0000e+01 -7.7587e+00
-7.0000e+01 -1.0000e+01 -3.9781e+00
-7.0000e+01 0.0000e+00 -7.0920e+00
-7.0000e+01 1.0000e+01 -7.1862e+00
-7.0000e+01 2.0000e+01 -8.2992e+00
-7.0000e+01 3.0000e+01 -5.1786e+00
-7.0000e+01 4.0000e+01 -5.4986e+00
-7.0000e+01 5.0000e+01 -6.2539e+00
-7.0000e+01 6.0000e+01 -3.2363e+00
-7.0000e+01 7.0000e+01 -3.3891e+00
-7.0000e+01 8.0000e+01 -3.1976e+00
-7.0000e+01 9.0000e+01 -2.8905e-01
-7.0000e+01 1.0000e+02 -8.6524e-01
-7.0000e+01 1.1000e+02 -1.4704e+00
-7.0000e+01 1.2000e+02 2.9584e+00
-7.0000e+01 1.3000e+02 1.2318e+00
-7.0000e+01 1.4000e+02 -9.0998e-01
-7.0000e+01 1.5000e+02 4.3745e-01
-7.0000e+01 1.6000e+02 4.9731e-01
-7.0000e+01 1.7000e+02 -1.7168e+00
-7.0000e+01 1.8000e+02 2.6747e+00
-7.0000e+01 1.9000e+02 -7.4989e-01
-7.0000e+01 2.0000e+02 2.2025e-01
-6.0000e+01 -2.0000e+02 -2.5165e+00
-6.0000e+01 -1.9000e+02 8.8039e-01
-6.0000e+01 -1.8000e+02 -1.2686e+00
-6.0000e+01 -1.7000e+02 9.3914e-01
-6.0000e+01 -1.6000e+02 1.5693e+00
-6.0000e+01 -1.5000e+02 -3.7806e+00
-6.0000e+01 -1.4000e+02 -2.5551e+00
-6.0000e+01 -1.3000e+02 1.1107e+00
-6.0000e+01 -1.2000e+02 -9.3589e-01
-6.0000e+01 -1.1000e+02 -1.1161e+00
-6.0000e+01 -1.0000e+02 -1.0229e+00
-6.0000e+01 -9.0000e+01 -2.7413e+00
-6.0000e+01 -8.0000e+01 -1.4497e+00
-6.0000e+01 -7.0000e+01 -2.1135e+00
-6.0000e+01 -6.0000e+01 -8.2476e+00
-6.0000e+01 -5.0000e+01 -6.5527e+00
-6.0000e+01 -4.0000e+01 -7.3378e+00
-6.0000e+01 -3.0000e+01 -5.5868e+00
-6.0000e+01 -2.0000e+01 -8.0565e+00
-6.0000e+01 -1.0000e+01 -7.7243e+00
-6.0000e+01 0.0000e+00 -9.1897e+00
-6.0000e+01 1.0000e+01 -5.1173e+00
-6.0000e+01 2.0000e+01 -7.0122e+00
-6.0000e+01 3.0000e+01 -7.1105e+00
-6.0000e+01 4.0000e+01 -6.9353e+00
-6.0000e+01 5.0000e+01 -7.9551e+00
-6.0000e+01 6.0000e+01 -2.7980e+00
-6.0000e+01 7.0000e+01 -3.4628e+00
-6.0000e+01 8.0000e+01 -3.7599e+00
-6.0000e+01 9.0000e+01 -4.8944e+00
-6.0000e+01 1.0000e+02 -1.7606e-01
-6.0000e+01 1.1000e+02 -4.0698e+00
-6.0000e+01 1.2000e+02 8.8207e-01
-6.0000e+01 1.3000e+02 -1.4268e+00
-6.0000e+01 1.4000e+02 1.1213e+00
-6.0000e+01 1.5000e+02 -1.1453e+00
-6.0000e+01 1.6000e+02 -6.1412e-02
-6.0000e+01 1.7000e+02 2.3847e+00
-6.0000e+01 1.8000e+02 -1.0431e+00
-6.0000e+01 1.9000e+02 4.8019e-01
-6.0000e+01 2.0000e+02 -1.8620e+00
-5.0000e+01 -2.0000e+02 -4.0371e-01
-5.0000e+01 -1.9000e+02 -3.0447e+00
-5.0000e+01 -1.8000e+02 -1.0099e+00
-5.0000e+01 -1.7000e+02 1.3436e+00
-5.0000e+01 -1.6000e+02 -1.0495e+00
-5.0000e+01 -1.5000e+02 -1.0322e+00
-5.0000e+01 -1.4000e+02 -7.9410e-01
-5.0000e+01 -1.3000e+02 -1.5385e-01
-5.0000e+01 -1.2000e+02 -2.7103e+00
-5.0000e+01 -1.1000e+02 -2.5582e+00
-5.0000e+01 -1.0000e+02 7.4383e-01
-5.0000e+01 -9.0000e+01 -1.5553e+00
-5.0000e+01 -8.0000e+01 -3.4768e+00
-5.0000e+01 -7.0000e+01 -5.1355e+00
-5.0000e+01 -6.0000e+01 -6.4661e+00
-5.0000e+01 -5.0000e+01 -8.6824e+00
-5.0000e+01 -4.0000e+01 -6.1319e+00
-5.0000e+01 -3.0000e+01 -8.7188e+00
-5.0000e+01 -2.0000e+01 -8.9356e+00
-5.0000e+01 -1.0000e+01 -9.5512e+00
-5.0000e+01 0.0000e+00 -8.3644e+00
-5.0000e+01 1.0000e+01 -1.0353e+01
-5.0000e+01 2.0000e+01 -9.3769e+00
-5.0000e+01 3.0000e+01 -8.3234e+00
-5.0000e+01 4.0000e+01 -1.0011e+01
-5.0000e+01 5.0000e+01 -5.8445e+00
-5.0000e+01 6.0000e+01 -4.4518e+00
-5.0000e+01 7.0000e+01 -6.1978e+00
-5.0000e+01 8.0000e+01 -6.1978e+00
-5.0000e+01 9.0000e+01 -2.0736e+00
-5.0000e+01 1.0000e+02 -1.2804e+00
-5.0000e+01 1.1000e+02 -1.7277e+00
-5.0000e+01 1.2000e+02 -3.2821e-01
-5.0000e+01 1.3000e+02 -7.2663e-01
-5.0000e+01 1.4000e+02 9.0955e-03
-5.0000e+01 1.5000e+02 8.4133e-01
-5.0000e+01 1.6000e+02 1.7520e-01
-5.0000e+01 1.7000e+02 6.6045e-01
-5.0000e+01 1.8000e+02 -4.1060e-01
-5.0000e+01 1.9000e+02 1.2148e+00
-5.0000e+01 2.0000e+02 -2.5344e+00
-4.0000e+01 -2.0000e+02 1.6459e+00
-4.0000e+01 -1.9000e+02 -1.4481e+00
-4.0000e+01 -1.8000e+02 3.7143e+00
-4.0000e+01 -1.7000e+02 -1.4758e+00
-4.0000e+01 -1.6000e+02 -2.2042e+00
-4.0000e+01 -1.5000e+02 1.6771e-01
-4.0000e+01 -1.4000e+02 -3.5648e-01
-4.0000e+01 -1.3000e+02 -1.5484e-01
-4.0000e+01 -1.2000e+02 -1.5441e+00
-4.0000e+01 -1.1000e+02 -6.1141e-01
-4.0000e+01 -1.0000e+02 -5.0121e+00
-4.0000e+01 -9.0000e+01 -4.3126e+00
-4.0000e+01 -8.0000e+01 -5.3931e+00
-4.0000e+01 -7.0000e+01 -3.4744e+00
-4.0000e+01 -6.0000e+01 -8.2580e+00
-4.0000e+01 -5.0000e+01 -9.7892e+00
-4.0000e+01 -4.0000e+01 -1.0028e+01
-4.0000e+01 -3.0000e+01 -1.1149e+01
-4.0000e+01 -2.0000e+01 -9.4635e+00
-4.0000e+01 -1.0000e+01 -1.1789e+01
-4.0000e+01 0.0000e+00 -8.8447e+00
-4.0000e+01 1.0000e+01 -1.2570e+01
-4.0000e+01 2.0000e+01 -8.4827e+00
-4.0000e+01 3.0000e+01 -7.4054e+00
-4.0000e+01 4.0000e+01 -7.5041e+00
-4.0000e+01 5.0000e+01 -5.5149e+00
-4.0000e+01 6.0000e+01 -7.3844e+00
-4.0000e+01 7.0000e+01 -5.3655e+00
-4.0000e+01 8.0000e+01 -6.2893e+00
-4.0000e+01 9.0000e+01 -3.4104e+00
-4.0000e+01 1.0000e+02 -2.6064e+00
-4.0000e+01 1.1000e+02 -1.7465e+00
-4.0000e+01 1.2000e+02 6.1091e-01
-4.0000e+01 1.3000e+02 -1.3587e+00
-4.0000e+01 1.4000e+02 -2.8214e+00
-4.0000e+01 1.5000e+02 5.4987e-01
-4.0000e+01 1.6000e+02 -2.3613e+00
-4.0000e+01 1.7000e+02 1.9586e+00
-4.0000e+01 1.8000e+02 1.9566e+00
-4.0000e+01 1.9000e+02 -3.3106e-01
-4.0000e+01 2.0000e+02 2.3402e+00
-3.0000e+01 -2.0000e+02 -1.3646e+00
-3.0000e+01 -1.9000e+02 7.7675e-01
-3.0000e+01 -1.8000e+02 -8.9702e-01
-3.0000e+01 -1.7000e+02 9.6978e-01
-3.0000e+01 -1.6000e+02 -6.2748e-01
-3.0000e+01 -1.5000e+02 1.3156e+00
-3.0000e+01 -1.4000e+02 -5.8050e-01
-3.0000e+01 -1.3000e+02 -1.6285e+00
-3.0000e+01 -1.2000e+02 -2.4079e-01
-3.0000e+01 -1.1000e+02 -2.7653e+00
-3.0000e+01 -1.0000e+02 -2.1668e+00
-3.0000e+01 -9.0000e+01 -3.4854e+00
-3.0000e+01 -8.0000e+01 -5.4134e+00
-3.0000e+01 -7.0000e+01 -6.1316e+00
-3.0000e+01 -6.0000e+01 -7.6058e+00
-3.0000e+01 -5.0000e+01 -9.2486e+00
-3.0000e+01 -4.0000e+01 -1.1554e+01
-3.0000e+01 -3.0000e+01 -1.3795e+01
-3.0000e+01 -2.0000e+01 -1.3324e+01
-3.0000e+01 -1.0000e+01 -1.1810e+01
-3.0000e+01 0.0000e+00 -1.2124e+01
-3.0000e+01 1.0000e+01 -1.3560e+01
-3.0000e+01 2.0000e+01 -1.0579e+01
-3.0000e+01 3.0000e+01 -1.0492e+01
-3.0000e+01 4.0000e+01 -1.1276e+01
-3.0000e+01 5.0000e+01 -1.0067e+01
-3.0000e+01 6.0000e+01 -5.3093e+00
-3.0000e+01 7.0000e+01 -5.6903e+00
-3.0000e+01 8.0000e+01 -5.3463e+00
-3.0000e+01 9.0000e+01 -3.0002e+00
-3.0000e+01 1.0000e+02 -2.3242e+00
-3.0000e+01 1.1000e+02 -1.6677e+00
-3.0000e+01 1.2000e+02 -1.9052e+00
-3.0000e+01 1.3000e+02 -2.4830e+00
-3.0000e+01 1.4000e+02 -3.9106e+00
-3.0000e+01 1.5000e+02 1.2407e+00
-3.0000e+01 1.6000e+02 3.6970e+00
-3.0000e+01 1.7000e+02 5.4210e-01
-3.0000e+01 1.8000e+02 3.4790e-01
-3.0000e+01 1.9000e+02 1.5089e+00
-3.0000e+01 2.0000e+02 -1.3126e-01
-2.0000e+01 -2.0000e+02 2.2150e+00
-2.0000e+01 -1.9000e+02 -9.6020e-01
-2.0000e+01 -1.8000e+02 3.9643e-01
-2.0000e+01 -1.7000e+02 -1.0025e+00
-2.0000e+01 -1.6000e+02 -2.0745e+00
-2.0000e+01 -1.5000e+02 -8.5362e-01
-2.0000e+01 -1.4000e+02 -2.7931e+00
-2.0000e+01 -1.3000e+02 -2.8470e+00
-2.0000e+01 -1.2000e+02 -3.7296e+00
-2.0000e+01 -1.1000e+02 -4.7994e+00
-2.0000e+01 -1.0000e+02 -4.3155e+00
-2.0000e+01 -9.0000e+01 -3.9985e+00
-2.0000e+01 -8.0000e+01 -4.7118e+00
-2.0000e+01 -7.0000e+01 -7.5152e+00
-2.0000e+01 -6.0000e+01 -8.1237e+00
-2.0000e+01 -5.0000e+01 -8.3873e+00
-2.0000e+01 -4.0000e+01 -1.1898e+01
-2.0000e+01 -3.0000e+01 -1.2055e+01
-2.0000e+01 -2.0000e+01 -1.2905e+01
-2.0000e+01 -1.0000e+01 -1.6447e+01
-2.0000e+01 0.0000e+00 -1.2803e+01
-2.0000e+01 1.0000e+01 -1.4605e+01
-2.0000e+01 2.0000e+01 -1.2617e+01
-2.0000e+01 3.0000e+01 -1.1072e+01
-2.0000e+01 4.0000e+01 -1.1129e+01
-2.0000e+01 5.0000e+01 -9.4532e+00
-2.0000e+01 6.0000e+01 -6.9959e+00
-2.0000e+01 7.0000e+01 -7.2878e+00
-2.0000e+01 8.0000e+01 -5.5084e+00
-2.0000e+01 9.0000e+01 -6.5524e+00
-2.0000e+01 1.0000e+02 -9.1679e-01
-2.0000e+01 1.1000e+02 2.2768e+00
-2.0000e+01 1.2000e+02 -7.9342e-01
-2.0000e+01 1.3000e+02 1.1612e-01
-2.0000e+01 1.4000e+02 9.3633e-01
-2.0000e+01 1.5000e+02 -1.8158e+00
-2.0000e+01 1.6000e+02 2.5286e+00
-2.0000e+01 1.7000e+02 -9.9038e-01
-2.0000e+01 1.8000e+02 -2.8032e+00
-2.0000e+01 1.9000e+02 -1.5636e-01
-2.0000e+01 2.0000e+02 -3.3868e+00
-1.0000e+01 -2.0000e+02 -5.5167e-01
-1.0000e+01 -1.9000e+02 3.0820e-01
-1.0000e+01 -1.8000e+02 -2.6497e+00
-1.0000e+01 -1.7000e+02 -3.6057e-01
-1.0000e+01 -1.6000e+02 1.1892e-01
-1.0000e+01 -1.5000e+02 -7.8040e-01
-1.0000e+01 -1.4000e+02 -2.3707e+00
-1.0000e+01 -1.3000e+02 -2.9885e+00
-1.0000e+01 -1.2000e+02 1.2499e+00
-1.0000e+01 -1.1000e+02 -1.4141e+00
-1.0000e+01 -1.0000e+02 -1.4498e+00
-1.0000e+01 -9.0000e+01 -6.2992e+00
-1.0000e+01 -8.0000e+01 -7.4070e+00
-1.0000e+01 -7.0000e+01 -8.1251e+00
-1.0000e+01 -6.0000e+01 -8.1745e+00
-1.0000e+01 -5.0000e+01 -8.2541e+00
-1.0000e+01 -4.0000e+01 -1.1802e+01
-1.0000e+01 -3.0000e+01 -1.4044e+01
-1.0000e+01 -2.0000e+01 -1.4797e+01
-1.0000e+01 -1.0000e+01 -1.3349e+01
-1.0000e+01 0.0000e+00 -1.6625e+01
-1.0000e+01 1.0000e+01 -1.4813e+01
-1.0000e+01 2.0000e+01 -1.4220e+01
-1.0000e+01 3.0000e+01 -1.3115e+01
-1.0000e+01 4.0000e+01 -7.8874e+00
-1.0000e+01 5.0000e+01 -1.0345e+01
-1.0000e+01 6.0000e+01 -6.3482e+00
-1.0000e+01 7.0000e+01 -6.2397e+00
-1.0000e+01 8.0000e+01 -4.9744e+00
-1.0000e+01 9.0000e+01 -4.0154e+00
-1.0000e+01 1.0000e+02 -2.4645e+00
-1.0000e+01 1.1000e+02 -2.5336e+00
-1.0000e+01 1.2000e+02 -3.9422e+00
-1.0000e+01 1.3000e+02 -1.8436e+00
-1.0000e+01 1.4000e+02 3.5680e-01
-1.0000e+01 1.5000e+02 -1.5953e+00
-1.0000e+01 1.6000e+02 -9.7591e-01
-1.0000e+01 1.7000e+02 1.6602e+00
-1.0000e+01 1.8000e+02 -1.9748e+00
-1.0000e+01 1.9000e+02 -2.3717e-01
-1.0000e+01 2.0000e+02 -1.2247e+00
0.0000e+00 -2.0000e+02 1.7707e+00
0.0000e+00 -1.9000e+02 2.8816e+00
0.0000e+00 -1.8000e+02 -2.0552e+00
0.0000e+00 -1.7000e+02 -2.3040e+00
0.0000e+00 -1.6000e+02 2.2632e+00
0.0000e+00 -1.5000e+02 1.3541e-01
0.0000e+00 -1.4000e+02 -2.5815e+00
0.0000e+00 -1.3000e+02 -3.3199e-01
0.0000e+00 -1.2000e+02 -7.1227e-01
0.0000e+00 -1.1000e+02 -2.5379e+00
0.0000e+00 -1.0000e+02 -6.7037e+00
0.0000e+00 -9.0000e+01 -7.1548e-01
0.0000e+00 -8.0000e+01 -5.5777e+00
0.0000e+00 -7.0000e+01 -7.3736e+00
0.0000e+00 -6.0000e+01 -8.4702e+00
0.0000e+00 -5.0000e+01 -9.5229e+00
0.0000e+00 -4.0000e+01 -1.2851e+01
0.0000e+00 -3.0000e+01 -1.1223e+01
0.0000e+00 -2.0000e+01 -1.2617e+01
0.0000e+00 -1.0000e+01 -1.3890e+01
0.0000e+00 0.0000e+00 -1.4526e+01
0.0000e+00 1.0000e+01 -1.6030e+01
0.0000e+00 2.0000e+01 -1.4772e+01
0.0000e+00 3.0000e+01 -1.2185e+01
0.0000e+00 4.0000e+01 -1.2332e+01
0.0000e+00 5.0000e+01 -7.9752e+00
0.0000e+00 6.0000e+01 -8.2790e+00
0.0000e+00 7.0000e+01 -7.8514e+00
0.0000e+00 8.0000e+01 -5.4435e+00
0.0000e+00 9.0000e+01 -3.0245e+00
0.0000e+00 1.0000e+02 -2.4733e+00
0.0000e+00 1.1000e+02 -2.9512e+00
0.0000e+00 1.2000e+02 -7.3203e-01
0.0000e+00 1.3000e+02 8.8573e-01
0.0000e+00 1.4000e+02 -1.5138e+00
0.0000e+00 1.5000e+02 -3.3968e-01
0.0000e+00 1.6000e+02 -1.6369e+00
0.0000e+00 1.7000e+02 8.3379e-01
0.0000e+00 1.8000e+02 -4.3399e+00
0.0000e+00 1.9000e+02 5.6157e-01
0.0000e+00 2.0000e+02 1.1033e+00
1.0000e+01 -2.0000e+02 -1.4738e+00
1.0000e+01 -1.9000e+02 -1.3874e+00
1.0000e+01 -1.8000e+02 1.6233e-01
1.0000e+01 -1.7000e+02 9.3508e-01
1.0000e+01 -1.6000e+02 9.0445e-01
1.0000e+01 -1.5000e+02 -1.4146e+00
1.0000e+01 -1.4000e+02 7.0674e-01
1.0000e+01 -1.3000e+02 -2.2456e+00
1.0000e+01 -1.2000e+02 -5.3015e-01
1.0000e+01 -1.1000e+02 -2.6040e+00
1.0000e+01 -1.0000e+02 -2.3540e+00
1.0000e+01 -9.0000e+01 -5.1893e+00
1.0000e+01 -8.0000e+01 -5.8963e+00
1.0000e+01 -7.0000e+01 -6.8917e+00
1.0000e+01 -6.0000e+01 -8.8807e+00
1.0000e+01 -5.0000e+01 -9.9716e+00
1.0000e+01 -4.0000e+01 -8.7342e+00
1.0000e+01 -3.0000e+01 -1.1583e+01
1.0000e+01 -2.0000e+01 -1.2602e+01
1.0000e+01 -1.0000e+01 -1.4570e+01
1.0000e+01 0.0000e+00 -1.6558e+01
1.0000e+01 1.0000e+01 -1.4537e+01
1.0000e+01 2.0000e+01 -1.6510e+01
1.0000e+01 3.0000e+01 -1.1853e+01
1.0000e+01 4.0000e+01 -1.2657e+01
1.0000e+01 5.0000e+01 -1.0782e+01
1.0000e+01 6.0000e+01 -7.3596e+00
1.0000e+01 7.0000e+01 -5.9787e+00
1.0000e+01 8.0000e+01 -8.6481e+00
1.0000e+01 9.0000e+01 -4.3361e+00
1.0000e+01 1.0000e+02 -1.2844e+00
1.0000e+01 1.1000e+02 -2.6530e+00
1.0000e+01 1.2000e+02 -2.1415e+00
1.0000e+01 1.3000e+02 -2.3433e+00
1.0000e+01 1.4000e+02 -1.7909e+00
1.0000e+01 1.5000e+02 -4.9165e-01
1.0000e+01 1.6000e+02 -1.8280e+00
1.0000e+01 1.7000e+02 -7.0930e-01
1.0000e+01 1.8000e+02 1.4346e+00
1.0000e+01 1.9000e+02 -1.0649e+00
1.0000e+01 2.0000e+02 1.8688e+00
2.0000e+01 -2.0000e+02 -7.3618e-01
2.0000e+01 -1.9000e+02 1.1870e+00
2.0000e+01 -1.8000e+02 9.1836e-01
2.0000e+01 -1.7000e+02 -1.2623e+00
2.0000e+01 -1.6000e+02 1.4586e-01
2.0000e+01 -1.5000e+02 -2.3316e+00
2.0000e+01 -1.4000e+02 -1.8783e-01
2.0000e+01 -1.3000e+02 -3.7879e-01
2.0000e+01 -1.2000e+02 -1.5193e+00
2.0000e+01 -1.1000e+02 -1.3338e+00
2.0000e+01 -1.0000e+02 -4.2853e+00
2.0000e+01 -9.0000e+01 -5.5089e+00
2.0000e+01 -8.0000e+01 -4.7902e+00
2.0000e+01 -7.0000e+01 -8.5418e+00
2.0000e+01 -6.0000e+01 -5.8733e+00
2.0000e+01 -5.0000e+01 -9.4086e+00
2.0000e+01 -4.0000e+01 -9.7322e+00
2.0000e+01 -3.0000e+01 -1.2677e+01
2.0000e+01 -2.0000e+01 -1.2588e+01
2.0000e+01 -1.0000e+01 -1.4234e+01
2.0000e+01 0.0000e+00 -1.2688e+01
2.0000e+01 1.0000e+01 -1.4377e+01
2.0000e+01 2.0000e+01 -1.2104e+01
2.0000e+01 3.0000e+01 -1.1578e+01
2.0000e+01 4.0000e+01 -1.0721e+01
2.0000e+01 5.0000e+01 -1.2534e+01
2.0000e+01 6.0000e+01 -1.0090e+01
2.0000e+01 7.0000e+01 -6.6779e+00
2.0000e+01 8.0000e+01 -5.3261e+00
2.0000e+01 9.0000e+01 -4.5690e+00
2.0000e+01 1.0000e+02 -3.2866e+00
2.0000e+01 1.1000e+02 -4.2668e+00
2.0000e+01 1.2000e+02 3.1560e-01
2.0000e+01 1.3000e+02 1.5818e+00
2.0000e+01 1.4000e+02 -1.6551e+00
2.0000e+01 1.5000e+02 1.8900e+00
2.0000e+01 1.6000e+02 2.9694e+00
2.0000e+01 1.7000e+02 -1.0087e+00
2.0000e+01 1.8000e+02 -1.0053e+00
2.0000e+01 1.9000e+02 -8.8045e-01
2.0000e+01 2.0000e+02 -2.5827e+00
3.0000e+01 -2.0000e+02 -7.5707e-01
3.0000e+01 -1.9000e+02 5.0236e-01
3.0000e+01 -1.8000e+02 1.6519e+00
3.0000e+01 -1.7000e+02 -1.3849e+00
3.0000e+01 -1.6000e+02 1.2788e+00
3.0000e+01 -1.5000e+02 -5.3582e-01
3.0000e+01 -1.4000e+02 -3.4694e+00
3.0000e+01 -1.3000e+02 -2.5084e+00
3.0000e+01 -1.2000e+02 1.2023e+00
3.0000e+01 -1.1000e+02 -8.3801e-01
3.0000e+01 -1.0000e+02 -5.7857e+00
3.0000e+01 -9.0000e+01 -3.9723e+00
3.0000e+01 -8.0000e+01 -4.4140e+00
3.0000e+01 -7.0000e+01 -5.2044e+00
3.0000e+01 -6.0000e+01 -9.2624e+00
3.0000e+01 -5.0000e+01 -7.9853e+00
3.0000e+01 -4.0000e+01 -1.0348e+01
3.0000e+01 -3.0000e+01 -1.5273e+01
3.0000e+01 -2.0000e+01 -1.1472e+01
3.0000e+01 -1.0000e+01 -1.2178e+01
3.0000e+01 0.0000e+00 -1.4943e+01
3.0000e+01 1.0000e+01 -1.1604e+01
3.0000e+01 2.0000e+01 -1.2256e+01
3.0000e+01 3.0000e+01 -1.2196e+01
3.0000e+01 4.0000e+01 -1.0593e+01
3.0000e+01 5.0000e+01 -8.3787e+00
3.0000e+01 6.0000e+01 -8.9966e+00
3.0000e+01 7.0000e+01 -7.5547e+00
3.0000e+01 8.0000e+01 -4.4802e+00
3.0000e+01 9.0000e+01 -4.9627e+00
3.0000e+01 1.0000e+02 -1.0273e+00
3.0000e+01 1.1000e+02 -3.5536e+00
3.0000e+01 1.2000e+02 -3.9035e+00
3.0000e+01 1.3000e+02 -9.5434e-01
3.0000e+01 1.4000e+02 -4.0604e+00
3.0000e+01 1.5000e+02 4.3913e-01
3.0000e+01 1.6000e+02 -3.8379e+00
3.0000e+01 1.7000e+02 -2.2514e-01
3.0000e+01 1.8000e+02 -1.6150e-01
3.0000e+01 1.9000e+02 3.5290e+00
3.0000e+01 2.0000e+02 -1.0456e+00
4.0000e+01 -2.0000e+02 7.5274e-01
4.0000e+01 -1.9000e+02 9.6907e-01
4.0000e+01 -1.8000e+02 2.7690e-01
4.0000e+01 -1.7000e+02 -1.9083e+00
4.0000e+01 -1.6000e+02 -1.5034e+00
4.0000e+01 -1.5000e+02 -5.8719e-01
4.0000e+01 -1.4000e+02 -3.8136e-01
4.0000e+01 -1.3000e+02 1.9725e+00
4.0000e+01 -1.2000e+02 -2.6450e+00
4.0000e+01 -1.1000e+02 -3.0617e+00
4.0000e+01 -1.0000e+02 -7.6810e-01
4.0000e+01 -9.0000e+01 -3.1732e+00
4.0000e+01 -8.0000e+01 -7.0497e+00
4.0000e+01 -7.0000e+01 -6.0345e+00
4.0000e+01 -6.0000e+01 -5.1617e+00
4.0000e+01 -5.0000e+01 -6.9836e+00
4.0000e+01 -4.0000e+01 -1.0789e+01
4.0000e+01 -3.0000e+01 -8.5868e+00
4.0000e+01 -2.0000e+01 -1.2601e+01
4.0000e+01 -1.0000e+01 -1.1747e+01
4.0000e+01 0.0000e+00 -1.0869e+01
4.0000e+01 1.0000e+01 -1.2073e+01
4.0000e+01 2.0000e+01 -9.5484e+00
4.0000e+01 3.0000e+01 -9.2491e+00
4.0000e+01 4.0000e+01 -9.6937e+00
4.0000e+01 5.0000e+01 -6.4798e+00
4.0000e+01 6.0000e+01 -7.6048e+00
4.0000e+01 7.0000e+01 -7.8525e+00
4.0000e+01 8.0000e+01 -6.1874e+00
4.0000e+01 9.0000e+01 -4.2925e+00
4.0000e+01 1.0000e+02 -3.8235e+00
4.0000e+01 1.1000e+02 -2.1734e+00
4.0000e+01 1.2000e+02 -1.7248e+00
4.0000e+01 1.3000e+02 1.0986e-01
4.0000e+01 1.4000e+02 -6.0103e-01
4.0000e+01 1.5000e+02 -2.0729e+00
4.0000e+01 1.6000e+02 1.9495e-01
4.0000e+01 1.7000e+02 -1.4317e+00
4.0000e+01 1.8000e+02 -1.0239e+00
4.0000e+01 1.9000e+02 -1.6215e+00
4.0000e+01 2.0000e+02 -1.6011e+00
5.0000e+01 -2.0000e+02 -1.7657e+00
5.0000e+01 -1.9000e+02 2.4081e+00
5.0000e+01 -1.8000e+02 -1.0447e+00
5.0000e+01 -1.7000e+02 7.5258e-01
5.0000e+01 -1.6000e+02 -2.7902e+00
5.0000e+01 -1.5000e+02 -2.4047e+00
5.0000e+01 -1.4000e+02 -1.0867e+00
5.0000e+01 -1.3000e+02 1.0644e+00
5.0000e+01 -1.2000e+02 -2.3193e+00
5.0000e+01 -1.1000e+02 1.8260e-02
5.0000e+01 -1.0000e+02 -4.2010e+00
5.0000e+01 -9.0000e+01 -9.1325e-01
5.0000e+01 -8.0000e+01 -3.2560e+00
5.0000e+01 -7.0000e+01 -6.5637e+00
5.0000e+01 -6.0000e+01 -2.6315e+00
5.0000e+01 -5.0000e+01 -4.8712e+00
5.0000e+01 -4.0000e+01 -8.4913e+00
5.0000e+01 -3.0000e+01 -1.2112e+01
5.0000e+01 -2.0000e+01 -1.1155e+01
5.0000e+01 -1.0000e+01 -1.1080e+01
5.0000e+01 0.0000e+00 -8.1018e+00
5.0000e+01 1.0000e+01 -1.0847e+01
5.0000e+01 2.0000e+01 -6.9928e+00
5.0000e+01 3.0000e+01 -9.5329e+00
5.0000e+01 4.0000e+01 -1.0332e+01
5.0000e+01 5.0000e+01 -6.3266e+00
5.0000e+01 6.0000e+01 -5.4548e+00
5.0000e+01 7.0000e+01 -4.5619e+00
5.0000e+01 8.0000e+01 -7.0687e+00
5.0000e+01 9.0000e+01 -3.8776e+00
5.0000e+01 1.0000e+02 -7.5304e-01
5.0000e+01 1.1000e+02 -7.0272e+00
5.0000e+01 1.2000e+02 4.4587e-01
5.0000e+01 1.3000e+02 -6.9129e-01
5.0000e+01 1.4000e+02 1.0895e-01
5.0000e+01 1.5000e+02 1.4752e-01
5.0000e+01 1.6000e+02 2.0053e+00
5.0000e+01 1.7000e+02 1.4502e+00
5.0000e+01 1.8000e+02 -2.1480e+00
5.0000e+01 1.9000e+02 7.4137e-01
5.0000e+01 2.0000e+02 -9.0862e-01
6.0000e+01 -2.0000e+02 -3.0429e+00
6.0000e+01 -1.9000e+02 6.8038e-01
6.0000e+01 -1.8000e+02 7.3499e-01
6.0000e+01 -1.7000e+02 1.5613e-01
6.0000e+01 -1.6000e+02 -1.1464e+00
6.0000e+01 -1.5000e+02 -1.1709e+00
6.0000e+01 -1.4000e+02 -2.2072e+00
6.0000e+01 -1.3000e+02 -1.6659e+00
6.0000e+01 -1.2000e+02 -2.4802e+00
6.0000e+01 -1.1000e+02 2.7134e+00
6.0000e+01 -1.0000e+02 -1.4467e+00
6.0000e+01 -9.0000e+01 -2.7050e+00
6.0000e+01 -8.0000e+01 -7.7124e-01
6.0000e+01 -7.0000e+01 -4.4046e+00
6.0000e+01 -6.0000e+01 -4.0102e+00
6.0000e+01 -5.0000e+01 -5.4891e+00
6.0000e+01 -4.0000e+01 -5.7644e+00
6.0000e+01 -3.0000e+01 -9.6924e+00
6.0000e+01 -2.0000e+01 -7.4988e+00
6.0000e+01 -1.0000e+01 -7.3670e+00
6.0000e+01 0.0000e+00 -1.0815e+01
6.0000e+01 1.0000e+01 -6.8696e+00
6.0000e+01 2.0000e+01 -9.1371e+00
6.0000e+01 3.0000e+01 -9.2541e+00
6.0000e+01 4.0000e+01 -7.8372e+00
6.0000e+01 5.0000e+01 -7.2325e+00
6.0000e+01 6.0000e+01 -5.2134e+00
6.0000e+01 7.0000e+01 -4.5996e+00
6.0000e+01 8.0000e+01 -2.8623e+00
6.0000e+01 9.0000e+01 -2.2651e+00
6.0000e+01 1.0000e+02 -4.5749e+00
6.0000e+01 1.1000e+02 3.9396e-01
6.0000e+01 1.2000e+02 -2.0005e+00
6.0000e+01 1.3000e+02 2.7863e+00
6.0000e+01 1.4000e+02 1.8396e-01
6.0000e+01 1.5000e+02 -1.7159e+00
6.0000e+01 1.6000e+02 2.1499e+00
6.0000e+01 1.7000e+02 3.7009e-01
6.0000e+01 1.8000e+02 1.7903e-02
6.0000e+01 1.9000e+02 3.3761e-01
6.0000e+01 2.0000e+02 -1.7137e+00
7.0000e+01 -2.0000e+02 2.6927e+00
7.0000e+01 -1.9000e+02 9.6216e-01
7.0000e+01 -1.8000e+02 -9.9385e-01
7.0000e+01 -1.7000e+02 -5.7274e-01
7.0000e+01 -1.6000e+02 -1.6484e+00
7.0000e+01 -1.5000e+02 1.9970e-01
7.0000e+01 -1.4000e+02 -2.5415e+00
7.0000e+01 -1.3000e+02 -1.0292e+00
7.0000e+01 -1.2000e+02 8.3435e-01
7.0000e+01 -1.1000e+02 -3.7800e-01
7.0000e+01 -1.0000e+02 2.5452e-01
7.0000e+01 -9.0000e+01 1.1942e-01
7.0000e+01 -8.0000e+01 -1.4776e+00
7.0000e+01 -7.0000e+01 -2.8414e+00
7.0000e+01 -6.0000e+01 -4.0785e+00
7.0000e+01 -5.0000e+01 -5.1889e+00
7.0000e+01 -4.0000e+01 -7.8571e+00
7.0000e+01 -3.0000e+01 -4.8059e+00
7.0000e+01 -2.0000e+01 -6.5758e+00
7.0000e+01 -1.0000e+01 -9.7297e+00
7.0000e+01 0.0000e+00 -7.8637e+00
7.0000e+01 1.0000e+01 -6.2948e+00
7.0000e+01 2.0000e+01 -7.3232e+00
7.0000e+01 3.0000e+01 -5.6458e+00
7.0000e+01 4.0000e+01 -7.0467e+00
7.0000e+01 5.0000e+01 -2.4794e+00
7.0000e+01 6.0000e+01 -3.7074e+00
7.0000e+01 7.0000e+01 -2.4071e+00
7.0000e+01 8.0000e+01 -2.0657e+00
7.0000e+01 9.0000e+01 -3.0266e+00
7.0000e+01 1.0000e+02 -2.5062e+00
7.0000e+01 1.1000e+02 -6.0417e-01
7.0000e+01 1.2000e+02 -9.7359e-01
7.0000e+01 1.3000e+02 -2.8772e-01
7.0000e+01 1.4000e+02 7.7745e-01
7.0000e+01 1.5000e+02 -3.1536e+00
7.0000e+01 1.6000e+02 -2.8263e+00
7.0000e+01 1.7000e+02 -2.8747e+00
7.0000e+01 1.8000e+02 -4.5074e-01
7.0000e+01 1.9000e+02 1.5771e+00
7.0000e+01 2.0000e+02 3.8748e+00
8.0000e+01 -2.0000e+02 -1.8423e+00
8.0000e+01 -1.9000e+02 8.2688e-01
8.0000e+01 -1.8000e+02 -5.5723e-01
8.0000e+01 -1.7000e+02 -4.1733e-01
8.0000e+01 -1.6000e+02 1.2296e+00
8.0000e+01 -1.5000e+02 9.6801e-01
8.0000e+01 -1.4000e+02 1.4097e+00
8.0000e+01 -1.3000e+02 1.1027e-01
8.0000e+01 -1.2000e+02 -7.7028e-01
8.0000e+01 -1.1000e+02 -2.3015e+00
8.0000e+01 -1.0000e+02 -3.4382e+00
8.0000e+01 -9.0000e+01 -2.2876e+00
8.0000e+01 -8.0000e+01 -2.4727e+00
8.0000e+01 -7.0000e+01 -2.0795e+00
8.0000e+01 -6.0000e+01 -1.5128e+00
8.0000e+01 -5.0000e+01 -5.3342e+00
8.0000e+01 -4.0000e+01 -4.9266e+00
8.0000e+01 -3.0000e+01 -5.1506e+00
8.0000e+01 -2.0000e+01 -5.5543e+00
8.0000e+01 -1.0000e+01 -4.8156e+00
8.0000e+01 0.0000e+00 -6.8002e+00
8.0000e+01 1.0000e+01 -7.5056e+00
8.0000e+01 2.0000e+01 -6.2424e+00
8.0000e+01 3.0000e+01 -4.8933e+00
8.0000e+01 4.0000e+01 -4.3068e+00
8.0000e+01 5.0000e+01 -4.8354e+00
8.0000e+01 6.0000e+01 -2.3407e+00
8.0000e+01 7.0000e+01 -1.5093e+00
8.0000e+01 8.0000e+01 -3.7129e+00
8.0000e+01 9.0000e+01 -9.7020e-03
8.0000e+01 1.0000e+02 -1.9337e+00
8.0000e+01 1.1000e+02 -1.1617e-01
8.0000e+01 1.2000e+02 4.3145e-01
8.0000e+01 1.3000e+02 1.2518e+00
8.0000e+01 1.4000e+02 -2.2347e+00
8.0000e+01 1.5000e+02 5.3879e-02
8.0000e+01 1.6000e+02 -9.6937e-01
8.0000e+01 1.7000e+02 -1.1043e+00
8.0000e+01 1.8000e+02 -2.2714e+00
8.0000e+01 1.9000e+02 1.6871e-01
8.0000e+01 2.0000e+02 -7.9500e-01
9.0000e+01 -2.0000e+02 -2.2931e+00
9.0000e+01 -1.9000e+02 4.2824e-01
9.0000e+01 -1.8000e+02 2.3329e+00
9.0000e+01 -1.7000e+02 -1.9188e+00
9.0000e+01 -1.6000e+02 -1.0206e+00
9.0000e+01 -1.5000e+02 -1.1652e+00
9.0000e+01 -1.4000e+02 -8.1825e-01
9.0000e+01 -1.3000e+02 -8.0083e-01
9.0000e+01 -1.2000e+02 -1.4662e+00
9.0000e+01 -1.1000e+02 2.8375e+00
9.0000e+01 -1.0000e+02 -3.6936e+00
9.0000e+01 -9.0000e+01 -1.9596e+00
9.0000e+01 -8.0000e+01 -2.0235e+00
9.0000e+01 -7.0000e+01 -2.1766e+00
9.0000e+01 -6.0000e+01 -5.0910e+00
9.0000e+01 -5.0000e+01 -2.5725e+00
9.0000e+01 -4.0000e+01 -5.6990e+00
9.0000e+01 -3.0000e+01 -2.4045e+00
9.0000e+01 -2.0000e+01 -2.9910e+00
9.0000e+01 -1.0000e+01 -2.0018e+00
9.0000e+01 0.0000e+00 -4.4004e+00
9.0000e+01 1.0000e+01 -1.7169e+00
9.0000e+01 2.0000e+01 -8.9579e-01
9.0000e+01 3.0000e+01 -5.4021e+00
9.0000e+01 4.0000e+01 -1.2593e+00
9.0000e+01 5.0000e+01 -2.0225e+00
9.0000e+01 6.0000e+01 -1.3743e+00
9.0000e+01 7.0000e+01 -3.6582e+00
9.0000e+01 8.0000e+01 -2.1944e+00
9.0000e+01 9.0000e+01 -7.2514e-01
9.0000e+01 1.0000e+02 -8.1435e-01
9.0000e+01 1.1000e+02 2.2638e+00
9.0000e+01 1.2000e+02 1.2542e+00
9.0000e+01 1.3000e+02 9.5064e-01
9.0000e+01 1.4000e+02 -4.8219e-01
9.0000e+01 1.5000e+02 1.5768e+00
9.0000e+01 1.6000e+02 1.4451e+00
9.0000e+01 1.7000e+02 -6.5902e-02
9.0000e+01 1.8000e+02 2.4259e+00
9.0000e+01 1.9000e+02 -1.4240e-01
9.0000e+01 2.0000e+02 -9.0838e-01
1.0000e+02 -2.0000e+02 1.8675e+00
1.0000e+02 -1.9000e+02 3.0981e+00
1.0000e+02 -1.8000e+02 -2.1928e+00
1.0000e+02 -1.7000e+02 2.8624e+00
1.0000e+02 -1.6000e+02 -3.3008e+00
1.0000e+02 -1.5000e+02 -9.9684e-03
1.0000e+02 -1.4000e+02 -1.9654e+00
1.0000e+02 -1.3000e+02 2.2871e-01
1.0000e+02 -1.2000e+02 -5.2101e-01
1.0000e+02 -1.1000e+02 -2.5746e-01
1.0000e+02 -1.0000e+02 -1.1397e+00
1.0000e+02 -9.0000e+01 1.4066e+00
1.0000e+02 -8.0000e+01 -2.5427e+00
1.0000e+02 -7.0000e+01 -1.9489e+00
1.0000e+02 -6.0000e+01 -1.4796e+00
1.0000e+02 -5.0000e+01 -7.2453e-01
1.0000e+02 -4.0000e+01 -1.2260e-01
1.0000e+02 -3.0000e+01 -3.5982e+00
1.0000e+02 -2.0000e+01 -4.3267e+00
1.0000e+02 -1.0000e+01 -2.1075e+00
1.0000e+02 0.0000e+00 -3.9617e+00
1.0000e+02 1.0000e+01 -1.7529e+00
1.0000e+02 2.0000e+01 -9.6820e-01
1.0000e+02 3.0000e+01 -3.1992e+00
1.0000e+02 4.0000e+01 -1.1571e+00
1.0000e+02 5.0000e+01 -1.8095e+00
1.0000e+02 6.0000e+01 -1.3089e+00
1.0000e+02 7.0000e+01 1.1256e+00
1.0000e+02 8.0000e+01 -6.3880e-01
1.0000e+02 9.0000e+01 -1.0127e+00
1.0000e+02 1.0000e+02 3.0010e-01
1.0000e+02 1.1000e+02 -2.4619e+00
1.0000e+02 1.2000e+02 -1.2227e+00
1.0000e+02 1.3000e+02 -3.0445e+00
1.0000e+02 1.4000e+02 -1.1361e+00
1.0000e+02 1.5000e+02 -4.3809e-01
1.0000e+02 1.6000e+02 1.1758e+00
1.0000e+02 1.7000e+02 -5.6988e-01
1.0000e+02 1.8000e+02 6.8103e-02
1.0000e+02 1.9000e+02 -3.1614e-01
1.0000e+02 2.0000e+02 3.1641e+00
1.1000e+02 -2.0000e+02 1.0402e+00
1.1000e+02 -1.9000e+02 4.3434e-01
1.1000e+02 -1.8000e+02 -1.1678e+00
1.1000e+02 -1.7000e+02 1.0936e+00
1.1000e+02 -1.6000e+02 -6.7930e-01
1.1000e+02 -1.5000e+02 -1.3648e+00
1.1000e+02 -1.4000e+02 1.2045e+00
1.1000e+02 -1.3000e+02 -1.1790e+00
1.1000e+02 -1.2000e+02 -2.6684e+00
1.1000e+02 -1.1000e+02 -3.9363e-01
1.1000e+02 -1.0000e+02 -4.9604e-01
1.1000e+02 -9.0000e+01 -1.8567e+00
1.1000e+02 -8.0000e+01 -4.7526e-01
1.1000e+02 -7.0000e+01 -1.7822e+00
1.1000e+02 -6.0000e+01 -1.6650e+00
1.1000e+02 -5.0000e+01 -1.9673e+00
1.1000e+02 -4.0000e+01 1.5915e+00
1.1000e+02 -3.0000e+01 -2.2282e+00
1.1000e+02 -2.0000e+01 -4.8300e+00
1.1000e+02 -1.0000e+01 -1.4641e+00
1.1000e+02 0.0000e+00 -1.5594e+00
1.1000e+02 1.0000e+01 -3.6328e+00
1.1000e+02 2.0000e+01 -2.1081e+00
1.1000e+02 3.0000e+01 -4.6958e+00
1.1000e+02 4.0000e+01 -4.0681e+00
1.1000e+02 5.0000e+01 -3.1413e+00
1.1000e+02 6.0000e+01 -1.5954e+00
1.1000e+02 7.0000e+01 -2.8839e+00
1.1000e+02 8.0000e+01 -1.4764e+00
1.1000e+02 9.0000e+01 -2.4364e-01
1.1000e+02 1.0000e+02 8.4966e-01
1.1000e+02 1.1000e+02 1.4126e+00
1.1000e+02 1.2000e+02 -8.0783e-01
1.1000e+02 1.3000e+02 2.4906e-01
1.1000e+02 1.4000e+02 -1.1873e+00
1.1000e+02 1.5000e+02 1.1579e+00
1.1000e+02 1.6000e+02 -1.6405e-02
1.1000e+02 1.7000e+02 -1.3123e+00
1.1000e+02 1.8000e+02 1.2157e+00
1.1000e+02 1.9000e+02 -1.5107e+00
1.1000e+02 2.0000e+02 4.2814e-01
1.2000e+02 -2.0000e+02 1.3102e-02
1.2000e+02 -1.9000e+02 3.1873e+00
1.2000e+02 -1.8000e+02 1.8985e+00
1.2000e+02 -1.7000e+02 1.5040e+00
1.2000e+02 -1.6000e+02 -1.9394e+00
1.2000e+02 -1.5000e+02 -3.2582e+00
1.2000e+02 -1.4000e+02 -6.9445e-02
1.2000e+02 -1.3000e+02 -2.5803e+00
1.2000e+02 -1.2000e+02 -1.7770e-01
1.2000e+02 -1.1000e+02 -1.6575e+00
1.2000e+02 -1.0000e+02 -4.6066e+00
1.2000e+02 -9.0000e+01 4.4768e-01
1.2000e+02 -8.0000e+01 -5.5773e-02
1.2000e+02 -7.0000e+01 -2.6309e+00
1.2000e+02 -6.0000e+01 -5.8812e-01
1.2000e+02 -5.0000e+01 -1.0660e+00
1.2000e+02 -4.0000e+01 1.0969e-01
1.2000e+02 -3.0000e+01 -1.4408e-01
1.2000e+02 -2.0000e+01 -1.1959e+00
1.2000e+02 -1.0000e+01 -8.3321e-02
1.2000e+02 0.0000e+00 -1.2209e+00
1.2000e+02 1.0000e+01 9.1649e-01
1.2000e+02 2.0000e+01 -1.3210e+00
1.2000e+02 3.0000e+01 -4.5278e+00
1.2000e+02 4.0000e+01 -2.8607e-01
1.2000e+02 5.0000e+01 -9.7573e-03
1.2000e+02 6.0000e+01 -8.4333e-01
1.2000e+02 7.0000e+01 -1.8773e-01
1.2000e+02 8.0000e+01 -1.3878e+00
1.2000e+02 9.0000e+01 -1.7983e+00
1.2000e+02 1.0000e+02 -2.0259e+00
1.2000e+02 1.1000e+02 7.6058e-01
1.2000e+02 1.2000e+02 9.9769e-01
1.2000e+02 1.3000e+02 1.7362e+00
1.2000e+02 1.4000e+02 -9.2054e-02
1.2000e+02 1.5000e+02 2.6523e-01
1.2000e+02 1.6000e+02 -3.8179e-01
1.2000e+02 1.7000e+02 1.1410e-01
1.2000e+02 1.8000e+02 1.5260e+00
1.2000e+02 1.9000e+02 1.2937e+00
1.2000e+02 2.0000e+02 1.5422e+00
1.3000e+02 -2.0000e+02 1.8880e-01
1.3000e+02 -1.9000e+02 -1.3975e+00
1.3000e+02 -1.8000e+02 1.7323e+00
1.3000e+02 -1.7000e+02 4.1740e-01
1.3000e+02 -1.6000e+02 6.9375e-02
1.3000e+02 -1.5000e+02 -1.7247e+00
1.3000e+02 -1.4000e+02 2.1796e-01
1.3000e+02 -1.3000e+02 2.7768e-01
1.3000e+02 -1.2000e+02 8.6577e-01
1.3000e+02 -1.1000e+02 1.3659e-01
1.3000e+02 -1.0000e+02 -1.4267e+00
1.3000e+02 -9.0000e+01 -2.2663e-01
1.3000e+02 -8.0000e+01 1.9548e+00
1.3000e+02 -7.0000e+01 1.4550e+00
1.3000e+02 -6.0000e+01 2.2561e-01
1.3000e+02 -5.0000e+01 1.0131e+00
1.3000e+02 -4.0000e+01 1.1032e+00
1.3000e+02 -3.0000e+01 -2.9314e+00
1.3000e+02 -2.0000e+01 -1.1881e+00
1.3000e+02 -1.0000e+01 -1.0915e+00
1.3000e+02 0.0000e+00 3.1436e-01
1.3000e+02 1.0000e+01 -1.8877e+00
1.3000e+02 2.0000e+01 -1.0687e+00
1.3000e+02 3.0000e+01 -4.4442e-01
1.3000e+02 4.0000e+01 -3.1599e-01
1.3000e+02 5.0000e+01 -8.1479e-01
1.3000e+02 6.0000e+01 -3.2526e+00
1.3000e+02 7.0000e+01 -8.0795e-01
1.3000e+02 8.0000e+01 -2.0783e+00
1.3000e+02 9.0000e+01 -1.5228e+00
1.3000e+02 1.0000e+02 -1.3176e+00
1.3000e+02 1.1000e+02 1.1070e+00
1.3000e+02 1.2000e+02 1.0785e+00
1.3000e+02 1.3000e+02 -4.1441e-01
1.3000e+02 1.4000e+02 2.3376e+00
1.3000e+02 1.5000e+02 1.0133e+00
1.3000e+02 1.6000e+02 -1.4829e+00
1.3000e+02 1.7000e+02 7.1429e-01
1.3000e+02 1.8000e+02 1.4356e+00
1.3000e+02 1.9000e+02 -1.3132e+00
1.3000e+02 2.0000e+02 -8.2253e-01
1.4000e+02 -2.0000e+02 -8.0858e-01
1.4000e+02 -1.9000e+02 -2.4016e+00
1.4000e+02 -1.8000e+02 1.5913e-02
1.4000e+02 -1.7000e+02 2.2316e+00
1.4000e+02 -1.6000e+02 -1.0461e+00
1.4000e+02 -1.5000e+02 5.0154e-01
1.4000e+02 -1.4000e+02 2.0677e+00
1.4000e+02 -1.3000e+02 8.7433e-02
1.4000e+02 -1.2000e+02 -1.1098e+00
1.4000e+02 -1.1000e+02 -6.2022e-01
1.4000e+02 -1.0000e+02 3.9933e-01
1.4000e+02 -9.0000e+01 3.1032e+00
1.4000e+02 -8.0000e+01 4.9674e-01
1.4000e+02 -7.0000e+01 -3.9451e-01
1.4000e+02 -6.0000e+01 -1.5089e+00
1.4000e+02 -5.0000e+01 -1.5906e+00
1.4000e+02 -4.0000e+01 1.6683e+00
1.4000e+02 -3.0000e+01 -1.0732e+00
1.4000e+02 -2.0000e+01 -9.7027e-01
1.4000e+02 -1.0000e+01 6.1105e-03
1.4000e+02 0.0000e+00 1.3688e+00
1.4000e+02 1.0000e+01 3.9112e+00
1.4000e+02 2.0000e+01 2.2255e+00
1.4000e+02 3.0000e+01 -7.4510e-02
1.4000e+02 4.0000e+01 4.7885e-01
1.4000e+02 5.0000e+01 -5.5405e-01
1.4000e+02 6.0000e+01 -2.4742e+00
1.4000e+02 7.0000e+01 -1.6707e+00
1.4000e+02 8.0000e+01 2.0408e+00
1.4000e+02 9.0000e+01 -9.4568e-01
1.4000e+02 1.0000e+02 -1.1541e+00
1.4000e+02 1.1000e+02 -1.3385e+00
1.4000e+02 1.2000e+02 9.7383e-01
1.4000e+02 1.3000e+02 2.2508e+00
1.4000e+02 1.4000e+02 1.5422e+00
1.4000e+02 1.5000e+02 -1.5939e+00
1.4000e+02 1.6000e+02 -7.5567e-01
1.4000e+02 1.7000e+02 4.2215e-01
1.4000e+02 1.8000e+02 -3.2399e+00
1.4000e+02 1.9000e+02 2.8679e+00
1.4000e+02 2.0000e+02 -1.2282e+00
1.5000e+02 -2.0000e+02 4.6341e+00
1.5000e+02 -1.9000e+02 -1.7107e-02
1.5000e+02 -1.8000e+02 6.6242e-01
1.5000e+02 -1.7000e+02 -8.0948e-01
1.5000e+02 -1.6000e+02 2.6639e-01
1.5000e+02 -1.5000e+02 3.3181e+00
1.5000e+02 -1.4000e+02 4.1612e-01
1.5000e+02 -1.3000e+02 -1.2431e+00
1.5000e+02 -1.2000e+02 -5.2842e-01
1.5000e+02 -1.1000e+02 -3.3645e-01
1.5000e+02 -1.0000e+02 -1.3026e-01
1.5000e+02 -9.0000e+01 -8.2369e-01
1.5000e+02 -8.0000e+01 3.9938e-01
1.5000e+02 -7.0000e+01 3.3441e-01
1.5000e+02 -6.0000e+01 1.0924e+00
1.5000e+02 -5.0000e+01 7.1883e-02
1.5000e+02 -4.0000e+01 -2.3252e+00
1.5000e+02 -3.0000e+01 -2.1106e-01
1.5000e+02 -2.0000e+01 -4.9322e-01
1.5000e+02 -1.0000e+01 9.2760e-01
1.5000e+02 0.0000e+00 1.1759e-01
1.5000e+02 1.0000e+01 1.3809e+00
1.5000e+02 2.0000e+01 -3.0142e-01
1.5000e+02 3.0000e+01 -2.9754e+00
1.5000e+02 4.0000e+01 -1.6615e-01
1.5000e+02 5.0000e+01 5.8977e-01
1.5000e+02 6.0000e+01 -3.0023e-01
1.5000e+02 7.0000e+01 3.1660e-01
1.5000e+02 8.0000e+01 1.0854e+00
1.5000e+02 9.0000e+01 3.1363e-01
1.5000e+02 1.0000e+02 5.1610e-01
1.5000e+02 1.1000e+02 -1.9501e+00
1.5000e+02 1.2000e+02 -4.1578e-01
1.5000e+02 1.3000e+02 -5.3475e-01
1.5000e+02 1.4000e+02 1.1618e+00
1.5000e+02 1.5000e+02 6.8425e-02
1.5000e+02 1.6000e+02 -4.0521e-01
1.5000e+02 1.7000e+02 -9.6873e-01
1.5000e+02 1.8000e+02 -2.0491e+00
1.5000e+02 1.9000e+02 -2.0425e+00
1.5000e+02 2.0000e+02 1.8997e+00
1.6000e+02 -2.0000e+02 -4.5370e-01
1.6000e+02 -1.9000e+02 -2.0143e+00
1.6000e+02 -1.8000e+02 4.6695e-01
1.6000e+02 -1.7000e+02 -1.2322e+00
1.6000e+02 -1.6000e+02 -3.3554e+00
1.6000e+02 -1.5000e+02 5.2693e-01
1.6000e+02 -1.4000e+02 -2.5867e+00
1.6000e+02 -1.3000e+02 5.4476e-01
1.6000e+02 -1.2000e+02 8.6558e-01
1.6000e+02 -1.1000e+02 -6.0183e-01
1.6000e+02 -1.0000e+02 1.2644e+00
1.6000e+02 -9.0000e+01 -2.1357e+00
1.6000e+02 -8.0000e+01 -6.0950e-01
1.6000e+02 -7.0000e+01 -4.6700e-01
1.6000e+02 -6.0000e+01 -1.9115e+00
1.6000e+02 -5.0000e+01 -7.0703e-01
1.6000e+02 -4.0000e+01 -1.6902e+00
1.6000e+02 -3.0000e+01 -2.5889e+00
1.6000e+02 -2.0000e+01 -1.6935e+00
1.6000e+02 -1.0000e+01 -2.0734e+00
1.6000e+02 0.0000e+00 -2.9827e+00
1.6000e+02 1.0000e+01 -1.5206e+00
1.6000e+02 2.0000e+01 6.5193e-02
1.6000e+02 3.0000e+01 1.6986e+00
1.6000e+02 4.0000e+01 1.6575e+00
1.6000e+02 5.0000e+01 1.6341e+00
1.6000e+02 6.0000e+01 4.2236e-01
1.6000e+02 7.0000e+01 -3.5587e+00
1.6000e+02 8.0000e+01 1.0266e+00
1.6000e+02 9.0000e+01 -1.4519e+00
1.6000e+02 1.0000e+02 -5.6875e-02
1.6000e+02 1.1000e+02 1.1080e+00
1.6000e+02 1.2000e+02 -2.7046e+00
1.6000e+02 1.3000e+02 1.1212e+00
1.6000e+02 1.4000e+02 1.6541e-01
1.6000e+02 1.5000e+02 1.4248e+00
1.6000e+02 1.6000e+02 -1.4674e+00
1.6000e+02 1.7000e+02 -6.5080e-01
1.6000e+02 1.8000e+02 -7.4168e-01
1.6000e+02 1.9000e+02 8.4736e-02
1.6000e+02 2.0000e+02 -1.2176e+00
1.7000e+02 -2.0000e+02 -9.3071e-01
1.7000e+02 -1.9000e+02 7.1062e-01
1.7000e+02 -1.8000e+02 1.5912e+00
1.7000e+02 -1.7000e+02 -3.9625e-01
1.7000e+02 -1.6000e+02 -7.2457e-01
1.7000e+02 -1.5000e+02 -1.4248e-01
1.7000e+02 -1.4000e+02 -1.1930e+00
1.7000e+02 -1.3000e+02 2.7381e-01
1.7000e+02 -1.2000e+02 3.9742e-01
1.7000e+02 -1.1000e+02 2.8307e+00
1.7000e+02 -1.0000e+02 1.6405e+00
1.7000e+02 -9.0000e+01 -1.8775e-01
1.7000e+02 -8.0000e+01 9.2226e-01
1.7000e+02 -7.0000e+01 -6.5499e-01
1.7000e+02 -6.0000e+01 1.6268e+00
1.7000e+02 -5.0000e+01 -2.6552e+00
1.7000e+02 -4.0000e+01 -3.0899e+00
1.7000e+02 -3.0000e+01 -1.1583e+00
1.7000e+02 -2.0000e+01 -1.5284e+00
1.7000e+02 -1.0000e+01 4.5186e-02
1.7000e+02 0.0000e+00 -9.1595e-01
1.7000e+02 1.0000e+01 1.4367e+00
1.7000e+02 2.0000e+01 1.3506e+00
1.7000e+02 3.0000e+01 -1.7091e+00
1.7000e+02 4.0000e+01 1.1315e+00
1.7000e+02 5.0000e+01 -2.0259e-01
1.7000e+02 6.0000e+01 2.9095e+00
1.7000e+02 7.0000e+01 8.0782e-01
1.7000e+02 8.0000e+01 6.3959e-01
1.7000e+02 9.0000e+01 -2.3855e+00
1.7000e+02 1.0000e+02 -3.5926e-01
1.7000e+02 1.1000e+02 -1.2117e+00
1.7000e+02 1.2000e+02 -4.6127e-01
1.7000e+02 1.3000e+02 -1.1935e+00
1.7000e+02 1.4000e+02 -1.8447e+00
1.7000e+02 1.5000e+02 6.8309e-01
1.7000e+02 1.6000e+02 -1.5781e+00
1.7000e+02 1.7000e+02 2.8247e-01
1.7000e+02 1.8000e+02 1.0623e+00
1.7000e+02 1.9000e+02 -7.6364e-01
1.7000e+02 2.0000e+02 -1.7704e+00
1.8000e+02 -2.0000e+02 -1.2031e+00
1.8000e+02 -1.9000e+02 -2.3823e-01
1.8000e+02 -1.8000e+02 -4.1121e-01
1.8000e+02 -1.7000e+02 -1.7260e-01
1.8000e+02 -1.6000e+02 1.3185e+00
1.8000e+02 -1.5000e+02 -3.2841e+00
1.8000e+02 -1.4000e+02 1.3974e+00
1.8000e+02 -1.3000e+02 2.1529e+00
1.8000e+02 -1.2000e+02 -8.9074e-01
1.8000e+02 -1.1000e+02 -1.4301e+00
1.8000e+02 -1.0000e+02 -1.4394e+00
1.8000e+02 -9.0000e+01 1.1866e+00
1.8000e+02 -8.0000e+01 -1.5762e+00
1.8000e+02 -7.0000e+01 -3.1412e+00
1.8000e+02 -6.0000e+01 -4.7628e-02
1.8000e+02 -5.0000e+01 -1.8065e+00
1.8000e+02 -4.0000e+01 -5.1294e-01
1.8000e+02 -3.0000e+01 1.6177e+00
1.8000e+02 -2.0000e+01 7.8598e-01
1.8000e+02 -1.0000e+01 -4.9614e-01
1.8000e+02 0.0000e+00 2.6895e+00
1.8000e+02 1.0000e+01 -5.1233e-01
1.8000e+02 2.0000e+01 -1.3164e+00
1.8000e+02 3.0000e+01 1.2812e+00
1.8000e+02 4.0000e+01 -9.6359e-01
1.8000e+02 5.0000e+01 -1.5004e+00
1.8000e+02 6.0000e+01 1.5987e+00
1.8000e+02 7.0000e+01 1.0749e+00
1.8000e+02 8.0000e+01 -1.4147e+00
1.8000e+02 9.0000e+01 2.8182e-01
1.8000e+02 1.0000e+02 2.6528e+00
1.8000e+02 1.1000e+02 -3.3842e+00
1.8000e+02 1.2000e+02 5.5475e-01
1.8000e+02 1.3000e+02 1.3991e+00
1.8000e+02 1.4000e+02 1.8639e+00
1.8000e+02 1.5000e+02 -1.3494e+00
1.8000e+02 1.6000e+02 1.0500e-01
1.8000e+02 1.7000e+02 3.4578e+00
1.8000e+02 1.8000e+02 -8.0771e-01
1.8000e+02 1.9000e+02 -1.5427e-01
1.8000e+02 2.0000e+02 2.9513e+00
1.9000e+02 -2.0000e+02 4.8005e-01
1.9000e+02 -1.9000e+02 8.8320e-01
1.9000e+02 -1.8000e+02 3.2124e+00
1.9000e+02 -1.7000e+02 -1.2420e+00
1.9000e+02 -1.6000e+02 -1.7720e+00
1.9000e+02 -1.5000e+02 -6.2488e-01
1.9000e+02 -1.4000e+02 -3.2144e+00
1.9000e+02 -1.3000e+02 1.5588e-02
1.9000e+02 -1.2000e+02 -2.9503e+00
1.9000e+02 -1.1000e+02 -4.0427e-02
1.9000e+02 -1.0000e+02 5.2389e-02
1.9000e+02 -9.0000e+01 8.3148e-01
1.9000e+02 -8.0000e+01 3.9960e-01
1.9000e+02 -7.0000e+01 -1.0727e+00
1.9000e+02 -6.0000e+01 -1.4007e+00
1.9000e+02 -5.0000e+01 -6.1151e-01
1.9000e+02 -4.0000e+01 6.9906e-01
1.9000e+02 -3.0000e+01 3.4308e-01
1.9000e+02 -2.0000e+01 5.1545e-01
1.9000e+02 -1.0000e+01 -4.0271e-01
1.9000e+02 0.0000e+00 -7.7459e-01
1.9000e+02 1.0000e+01 -6.5568e-01
1.9000e+02 2.0000e+01 1.3182e+00
1.9000e+02 3.0000e+01 3.2287e-01
1.9000e+02 4.0000e+01 -7.0764e-01
1.9000e+02 5.0000e+01 -5.7301e-02
1.9000e+02 6.0000e+01 -2.6156e+00
1.9000e+02 7.0000e+01 9.8929e-01
1.9000e+02 8.0000e+01 -6.9808e-01
1.9000e+02 9.0000e+01 8.2445e-01
1.9000e+02 1.0000e+02 8.6031e-01
1.9000e+02 1.1000e+02 -1.0640e+00
1.9000e+02 1.2000e+02 3.0182e-01
1.9000e+02 1.3000e+02 3.2511e-01
1.9000e+02 1.4000e+02 -2.4581e-01
1.9000e+02 1.5000e+02 1.0670e+00
1.9000e+02 1.6000e+02 -1.7686e+00
1.9000e+02 1.7000e+02 1.5806e-01
1.9000e+02 1.8000e+02 -9.4466e-01
1.9000e+02 1.9000e+02 1.3584e+00
1.9000e+02 2.0000e+02 1.0351e-01
2.0000e+02 -2.0000e+02 9.4683e-01
2.0000e+02 -1.9000e+02 4.0840e-01
2.0000e+02 -1.8000e+02 -2.0094e+00
2.0000e+02 -1.7000e+02 1.1634e+00
2.0000e+02 -1.6000e+02 1.5130e+00
2.0000e+02 -1.5000e+02 1.7358e-01
2.0000e+02 -1.4000e+02 8.3609e-01
2.0000e+02 -1.3000e+02 1.5852e+00
2.0000e+02 -1.2000e+02 -1.4513e+00
2.0000e+02 -1.1000e+02 -5.8249e-01
2.0000e+02 -1.0000e+02 1.4317e-01
2.0000e+02 -9.0000e+01 -5.2277e-01
2.0000e+02 -8.0000e+01 1.6831e+00
2.0000e+02 -7.0000e+01 -2.5632e+00
2.0000e+02 -6.0000e+01 4.5321e-01
2.0000e+02 -5.0000e+01 -4.3506e-01
2.0000e+02 -4.0000e+01 -1.7122e-01
2.0000e+02 -3.0000e+01 -1.5366e+00
2.0000e+02 -2.0000e+01 1.4154e-01
2.0000e+02 -1.0000e+01 -8.1636e-01
2.0000e+02 0.0000e+00 -5.8738e-02
2.0000e+02 1.0000e+01 5.4662e-02
2.0000e+02 2.0000e+01 -1.2754e+00
2.0000e+02 3.0000e+01 2.0585e+00
2.0000e+02 4.0000e+01 2.6159e+00
2.0000e+02 5.0000e+01 1.0776e+00
2.0000e+02 6.0000e+01 2.2337e-01
2.0000e+02 7.0000e+01 2.2450e+00
2.0000e+02 8.0000e+01 6.4883e-01
2.0000e+02 9.0000e+01 3.9334e-01
2.0000e+02 1.0000e+02 -6.9284e-01
2.0000e+02 1.1000e+02 -1.2840e-01
2.0000e+02 1.2000e+02 -1.3961e+00
2.0000e+02 1.3000e+02 3.3399e-01
2.0000e+02 1.4000e+02 1.3270e+00
2.0000e+02 1.5000e+02 2.2166e+00
2.0000e+02 1.6000e+02 -2.7278e+00
2.0000e+02 1.7000e+02 -2.4386e-01
2.0000e+02 1.8000e+02 3.4170e-01
2.0000e+02 1.9000e+02 1.9618e+00
2.0000e+02 2.0000e+02 -4.1830e-01
