-2.0000e+02 -2.0000e+02 4.7903e+00
-2.0000e+02 -1.9000e+02 -4.3895e+00
-2.0000e+02 -1.8000e+02 8.6651e-01
-2.0000e+02 -1.7000e+02 -1.1605e-01
-2.0000e+02 -1.6000e+02 8.1881e-01
-2.0000e+02 -1.5000e+02 -9.0523e-01
-2.0000e+02 -1.4000e+02 -4.6034e-01
-2.0000e+02 -1.3000e+02 2.7545e-01
-2.0000e+02 -1.2000e+02 -1.3173e+00
-2.0000e+02 -1.1000e+02 1.3259e-01
-2.0000e+02 -1.0000e+02 2.6252e+00
-2.0000e+02 -9.0000e+01 -2.9043e+00
-2.0000e+02 -8.0000e+01 3.4591e-01
-2.0000e+02 -7.0000e+01 1.9208e+00
-2.0000e+02 -6.0000e+01 -1.0717e+00
-2.0000e+02 -5.0000e+01 2.7622e+00
-2.0000e+02 -4.0000e+01 9.5380e-01
-2.0000e+02 -3.0000e+01 6.7529e-01
-2.0000e+02 -2.0000e+01 -1.0700e+00
-2.0000e+02 -1.0000e+01 2.3421e+00
-2.0000e+02 0.0000e+00 -9.2746e-01
-2.0000e+02 1.0000e+01 -8.9089e-02
-2.0000e+02 2.0000e+01 -1.3807e+00
-2.0000e+02 3.0000e+01 1.6523e+00
-2.0000e+02 4.0000e+01 1.0981e+00
-2.0000e+02 5.0000e+01 4.0520e-01
-2.0000e+02 6.0000e+01 -2.9640e-01
-2.0000e+02 7.0000e+01 3.6862e-01
-2.0000e+02 8.0000e+01 -3.8932e+00
-2.0000e+02 9.0000e+01 2.1290e+00
-2.0000e+02 1.0000e+02 7.6665e-01
-2.0000e+02 1.1000e+02 -1.8468e+00
-2.0000e+02 1.2000e+02 1.3217e+00
-2.0000e+02 1.3000e+02 5.9645e-01
-2.0000e+02 1.4000e+02 1.7673e-01
-2.0000e+02 1.5000e+02 5.2149e-01
-2.0000e+02 1.6000e+02 1.5066e-01
-2.0000e+02 1.7000e+02 3.0820e+00
-2.0000e+02 1.8000e+02 -7.3098e-01
-2.0000e+02 1.9000e+02 -2.5279e-02
-2.0000e+02 2.0000e+02 -3.6819e+00
-1.9000e+02 -2.0000e+02 -2.0560e+00
-1.9000e+02 -1.9000e+02 1.5303e+00
-1.9000e+02 -1.8000e+02 3.7489e+00
-1.9000e+02 -1.7000e+02 -1.5201e+00
-1.9000e+02 -1.6000e+02 -4.0071e-01
-1.9000e+02 -1.5000e+02 -3.1942e-01
-1.9000e+02 -1.4000e+02 2.4442e-01
-1.9000e+02 -1.3000e+02 -1.7955e-01
-1.9000e+02 -1.2000e+02 1.4569e+00
-1.9000e+02 -1.1000e+02 7.3062e-01
-1.9000e+02 -1.0000e+02 -8.1760e-01
-1.9000e+02 -9.0000e+01 1.2727e-01
-1.9000e+02 -8.0000e+01 9.3304e-01
-1.9000e+02 -7.0000e+01 4.3113e-02
-1.9000e+02 -6.0000e+01 -3.8122e-01
-1.9000e+02 -5.0000e+01 5.9275e+00
-1.9000e+02 -4.0000e+01 1.3780e+00
-1.9000e+02 -3.0000e+01 2.8073e-01
-1.9000e+02 -2.0000e+01 -8.8519e-01
-1.9000e+02 -1.0000e+01 -3.3891e-01
-1.9000e+02 0.0000e+00 -2.2670e+00
-1.9000e+02 1.0000e+01 -4.1843e-01
-1.9000e+02 2.0000e+01 3.4337e+00
-1.9000e+02 3.0000e+01 -8.4331e-01
-1.9000e+02 4.0000e+01 -2.6809e+00
-1.9000e+02 5.0000e+01 -1.6693e+00
-1.9000e+02 6.0000e+01 2.8015e+00
-1.9000e+02 7.0000e+01 -3.9725e+00
-1.9000e+02 8.0000e+01 1.7182e-01
-1.9000e+02 9.0000e+01 1.8060e+00
-1.9000e+02 1.0000e+02 -7.8761e-01
-1.9000e+02 1.1000e+02 1.5082e+00
-1.9000e+02 1.2000e+02 2.1313e+00
-1.9000e+02 1.3000e+02 2.6295e+00
-1.9000e+02 1.4000e+02 7.9469e-01
-1.9000e+02 1.5000e+02 -1.9647e+00
-1.9000e+02 1.6000e+02 -4.0645e-01
-1.9000e+02 1.7000e+02 -1.6005e+00
-1.9000e+02 1.8000e+02 8.1669e-01
-1.9000e+02 1.9000e+02 -1.2496e+00
-1.9000e+02 2.0000e+02 -4.8869e-01
-1.8000e+02 -2.0000e+02 -1.9374e+00
-1.8000e+02 -1.9000e+02 1.0499e+00
-1.8000e+02 -1.8000e+02 -1.4043e+00
-1.8000e+02 -1.7000e+02 -1.9377e-01
-1.8000e+02 -1.6000e+02 1.1037e+00
-1.8000e+02 -1.5000e+02 -1.9941e+00
-1.8000e+02 -1.4000e+02 -1.4950e-01
-1.8000e+02 -1.3000e+02 1.3290e+00
-1.8000e+02 -1.2000e+02 -5.8431e-01
-1.8000e+02 -1.1000e+02 -1.8089e+00
-1.8000e+02 -1.0000e+02 1.7393e+00
-1.8000e+02 -9.0000e+01 8.8663e-01
-1.8000e+02 -8.0000e+01 8.3007e-01
-1.8000e+02 -7.0000e+01 1.4300e+00
-1.8000e+02 -6.0000e+01 -8.9332e-01
-1.8000e+02 -5.0000e+01 2.5611e-01
-1.8000e+02 -4.0000e+01 -4.4614e-01
-1.8000e+02 -3.0000e+01 2.9766e-01
-1.8000e+02 -2.0000e+01 -1.4610e+00
-1.8000e+02 -1.0000e+01 3.4238e+00
-1.8000e+02 0.0000e+00 2.0930e+00
-1.8000e+02 1.0000e+01 -7.5536e-01
-1.8000e+02 2.0000e+01 -3.8046e+00
-1.8000e+02 3.0000e+01 -1.3898e-02
-1.8000e+02 4.0000e+01 1.9348e+00
-1.8000e+02 5.0000e+01 3.3149e-02
-1.8000e+02 6.0000e+01 9.4689e-01
-1.8000e+02 7.0000e+01 2.9286e-01
-1.8000e+02 8.0000e+01 2.2425e+00
-1.8000e+02 9.0000e+01 3.9139e-01
-1.8000e+02 1.0000e+02 1.2541e-01
-1.8000e+02 1.1000e+02 -8.9058e-01
-1.8000e+02 1.2000e+02 4.5533e+00
-1.8000e+02 1.3000e+02 1.5632e+00
-1.8000e+02 1.4000e+02 2.8823e+00
-1.8000e+02 1.5000e+02 8.6183e-01
-1.8000e+02 1.6000e+02 1.0192e+00
-1.8000e+02 1.7000e+02 5.8235e-01
-1.8000e+02 1.8000e+02 1.4111e+00
-1.8000e+02 1.9000e+02 2.0478e+00
-1.8000e+02 2.0000e+02 -2.7614e+00
-1.7000e+02 -2.0000e+02 1.3634e+00
-1.7000e+02 -1.9000e+02 -3.4830e-01
-1.7000e+02 -1.8000e+02 2.5738e-01
-1.7000e+02 -1.7000e+02 6.1623e-01
-1.7000e+02 -1.6000e+02 -8.3299e-01
-1.7000e+02 -1.5000e+02 -1.6270e+00
-1.7000e+02 -1.4000e+02 -3.3556e-01
-1.7000e+02 -1.3000e+02 -2.5709e+00
-1.7000e+02 -1.2000e+02 3.0915e-01
-1.7000e+02 -1.1000e+02 3.5810e-01
-1.7000e+02 -1.0000e+02 -2.0882e+00
-1.7000e+02 -9.0000e+01 -6.1416e-01
-1.7000e+02 -8.0000e+01 -1.3305e-01
-1.7000e+02 -7.0000e+01 2.5407e-01
-1.7000e+02 -6.0000e+01 -3.7086e+00
-1.7000e+02 -5.0000e+01 3.5880e-01
-1.7000e+02 -4.0000e+01 -1.9038e+00
-1.7000e+02 -3.0000e+01 -1.8511e+00
-1.7000e+02 -2.0000e+01 7.8529e-01
-1.7000e+02 -1.0000e+01 -9.0810e-01
-1.7000e+02 0.0000e+00 -1.0846e+00
-1.7000e+02 1.0000e+01 1.3978e+00
-1.7000e+02 2.0000e+01 -9.8378e-01
-1.7000e+02 3.0000e+01 4.5531e+00
-1.7000e+02 4.0000e+01 -4.1141e+00
-1.7000e+02 5.0000e+01 -9.1728e-01
-1.7000e+02 6.0000e+01 1.3433e+00
-1.7000e+02 7.0000e+01 -1.2177e+00
-1.7000e+02 8.0000e+01 7.1148e-01
-1.7000e+02 9.0000e+01 1.7193e+00
-1.7000e+02 1.0000e+02 1.3295e-01
-1.7000e+02 1.1000e+02 -1.0408e+00
-1.7000e+02 1.2000e+02 -8.3105e-01
-1.7000e+02 1.3000e+02 -1.3928e+00
-1.7000e+02 1.4000e+02 -2.2468e+00
-1.7000e+02 1.5000e+02 1.3269e-01
-1.7000e+02 1.6000e+02 -7.9163e-01
-1.7000e+02 1.7000e+02 2.4821e-01
-1.7000e+02 1.8000e+02 -1.5632e+00
-1.7000e+02 1.9000e+02 -1.5139e+00
-1.7000e+02 2.0000e+02 2.7620e+00
-1.6000e+02 -2.0000e+02 1.4626e+00
-1.6000e+02 -1.9000e+02 -8.1183e-01
-1.6000e+02 -1.8000e+02 2.0093e+00
-1.6000e+02 -1.7000e+02 -6.3635e-01
-1.6000e+02 -1.6000e+02 2.0509e+00
-1.6000e+02 -1.5000e+02 -3.4844e-01
-1.6000e+02 -1.4000e+02 -1.6393e+00
-1.6000e+02 -1.3000e+02 -3.9686e-01
-1.6000e+02 -1.2000e+02 -7.2455e-02
-1.6000e+02 -1.1000e+02 -1.0428e+00
-1.6000e+02 -1.0000e+02 5.6136e-01
-1.6000e+02 -9.0000e+01 -1.6337e+00
-1.6000e+02 -8.0000e+01 -7.1539e-01
-1.6000e+02 -7.0000e+01 6.9999e-01
-1.6000e+02 -6.0000e+01 1.9515e+00
-1.6000e+02 -5.0000e+01 -5.1048e-02
-1.6000e+02 -4.0000e+01 -2.4944e-01
-1.6000e+02 -3.0000e+01 1.7563e-01
-1.6000e+02 -2.0000e+01 6.1076e-01
-1.6000e+02 -1.0000e+01 -2.4716e+00
-1.6000e+02 0.0000e+00 -2.8904e+00
-1.6000e+02 1.0000e+01 9.3890e-01
-1.6000e+02 2.0000e+01 -2.0357e+00
-1.6000e+02 3.0000e+01 -2.7556e+00
-1.6000e+02 4.0000e+01 -1.2455e+00
-1.6000e+02 5.0000e+01 1.9360e+00
-1.6000e+02 6.0000e+01 -2.3405e+00
-1.6000e+02 7.0000e+01 1.7939e+00
-1.6000e+02 8.0000e+01 -1.0477e+00
-1.6000e+02 9.0000e+01 -3.2377e+00
-1.6000e+02 1.0000e+02 -2.2018e+00
-1.6000e+02 1.1000e+02 -5.8322e-01
-1.6000e+02 1.2000e+02 7.7174e-01
-1.6000e+02 1.3000e+02 -9.6691e-01
-1.6000e+02 1.4000e+02 1.5542e-01
-1.6000e+02 1.5000e+02 -7.7828e-01
-1.6000e+02 1.6000e+02 1.2119e+00
-1.6000e+02 1.7000e+02 -9.0773e-01
-1.6000e+02 1.8000e+02 -1.6429e+00
-1.6000e+02 1.9000e+02 7.8207e-01
-1.6000e+02 2.0000e+02 -8.6266e-01
-1.5000e+02 -2.0000e+02 9.0809e-01
-1.5000e+02 -1.9000e+02 -6.6599e-01
-1.5000e+02 -1.8000e+02 1.6016e+00
-1.5000e+02 -1.7000e+02 -1.8388e+00
-1.5000e+02 -1.6000e+02 -4.4767e-01
-1.5000e+02 -1.5000e+02 1.1738e+00
-1.5000e+02 -1.4000e+02 -2.6061e-01
-1.5000e+02 -1.3000e+02 5.7197e-01
-1.5000e+02 -1.2000e+02 9.3571e-01
-1.5000e+02 -1.1000e+02 8.6182e-01
-1.5000e+02 -1.0000e+02 2.1672e+00
-1.5000e+02 -9.0000e+01 -2.0260e+00
-1.5000e+02 -8.0000e+01 -2.3744e+00
-1.5000e+02 -7.0000e+01 -4.3058e-01
-1.5000e+02 -6.0000e+01 -1.7779e-01
-1.5000e+02 -5.0000e+01 -6.9212e-01
-1.5000e+02 -4.0000e+01 5.2372e-01
-1.5000e+02 -3.0000e+01 -2.8375e+00
-1.5000e+02 -2.0000e+01 -6.7764e-01
-1.5000e+02 -1.0000e+01 1.5922e+00
-1.5000e+02 0.0000e+00 3.1254e-01
-1.5000e+02 1.0000e+01 -7.0383e-02
-1.5000e+02 2.0000e+01 -1.0681e+00
-1.5000e+02 3.0000e+01 -1.6385e+00
-1.5000e+02 4.0000e+01 4.2972e-01
-1.5000e+02 5.0000e+01 2.4078e-01
-1.5000e+02 6.0000e+01 -1.9928e+00
-1.5000e+02 7.0000e+01 -3.6553e-01
-1.5000e+02 8.0000e+01 1.2171e+00
-1.5000e+02 9.0000e+01 3.2827e+00
-1.5000e+02 1.0000e+02 -2.4111e+00
-1.5000e+02 1.1000e+02 6.5248e-01
-1.5000e+02 1.2000e+02 -4.3874e-01
-1.5000e+02 1.3000e+02 2.0425e+00
-1.5000e+02 1.4000e+02 1.5990e+00
-1.5000e+02 1.5000e+02 -1.0502e+00
-1.5000e+02 1.6000e+02 -6.4237e-01
-1.5000e+02 1.7000e+02 1.4950e-01
-1.5000e+02 1.8000e+02 3.6520e+00
-1.5000e+02 1.9000e+02 -1.4175e+00
-1.5000e+02 2.0000e+02 -3.0818e+00
-1.4000e+02 -2.0000e+02 -1.6488e-01
-1.4000e+02 -1.9000e+02 -1.5351e+00
-1.4000e+02 -1.8000e+02 5.9945e-01
-1.4000e+02 -1.7000e+02 2.7099e+00
-1.4000e+02 -1.6000e+02 1.6944e+00
-1.4000e+02 -1.5000e+02 -1.5178e+00
-1.4000e+02 -1.4000e+02 -3.9170e-01
-1.4000e+02 -1.3000e+02 2.3302e+00
-1.4000e+02 -1.2000e+02 1.2450e-01
-1.4000e+02 -1.1000e+02 -1.7175e+00
-1.4000e+02 -1.0000e+02 -1.1629e+00
-1.4000e+02 -9.0000e+01 -2.3051e+00
-1.4000e+02 -8.0000e+01 1.4094e+00
-1.4000e+02 -7.0000e+01 1.2423e+00
-1.4000e+02 -6.0000e+01 -1.9601e+00
-1.4000e+02 -5.0000e+01 -9.5904e-01
-1.4000e+02 -4.0000e+01 -1.5826e+00
-1.4000e+02 -3.0000e+01 -3.5832e+00
-1.4000e+02 -2.0000e+01 1.9341e-01
-1.4000e+02 -1.0000e+01 -9.1513e-01
-1.4000e+02 0.0000e+00 5.3125e-01
-1.4000e+02 1.0000e+01 -1.6047e+00
-1.4000e+02 2.0000e+01 1.5385e+00
-1.4000e+02 3.0000e+01 1.8560e-01
-1.4000e+02 4.0000e+01 -9.8128e-01
-1.4000e+02 5.0000e+01 3.2160e-01
-1.4000e+02 6.0000e+01 -1.5790e+00
-1.4000e+02 7.0000e+01 -2.3264e+00
-1.4000e+02 8.0000e+01 -1.7960e+00
-1.4000e+02 9.0000e+01 -1.3658e+00
-1.4000e+02 1.0000e+02 -1.1677e+00
-1.4000e+02 1.1000e+02 2.9197e+00
-1.4000e+02 1.2000e+02 1.2236e+00
-1.4000e+02 1.3000e+02 -1.7328e+00
-1.4000e+02 1.4000e+02 -1.7792e+00
-1.4000e+02 1.5000e+02 -8.0038e-01
-1.4000e+02 1.6000e+02 -2.5786e+00
-1.4000e+02 1.7000e+02 -2.1917e+00
-1.4000e+02 1.8000e+02 -4.1200e-02
-1.4000e+02 1.9000e+02 -2.9568e-01
-1.4000e+02 2.0000e+02 -8.5609e-01
-1.3000e+02 -2.0000e+02 1.0435e+00
-1.3000e+02 -1.9000e+02 7.2147e-01
-1.3000e+02 -1.8000e+02 1.8736e+00
-1.3000e+02 -1.7000e+02 6.3738e-01
-1.3000e+02 -1.6000e+02 -3.3918e+00
-1.3000e+02 -1.5000e+02 -1.4682e+00
-1.3000e+02 -1.4000e+02 1.2671e+00
-1.3000e+02 -1.3000e+02 3.0998e+00
-1.3000e+02 -1.2000e+02 2.3221e+00
-1.3000e+02 -1.1000e+02 -2.3102e+00
-1.3000e+02 -1.0000e+02 -2.2040e+00
-1.3000e+02 -9.0000e+01 -1.2505e-01
-1.3000e+02 -8.0000e+01 1.2023e+00
-1.3000e+02 -7.0000e+01 -6.9202e-01
-1.3000e+02 -6.0000e+01 -2.3475e+00
-1.3000e+02 -5.0000e+01 -1.7853e+00
-1.3000e+02 -4.0000e+01 -1.4171e+00
-1.3000e+02 -3.0000e+01 -6.5618e-02
-1.3000e+02 -2.0000e+01 -1.9299e+00
-1.3000e+02 -1.0000e+01 -6.8741e-01
-1.3000e+02 0.0000e+00 1.0898e+00
-1.3000e+02 1.0000e+01 -9.0487e-01
-1.3000e+02 2.0000e+01 -1.6108e-01
-1.3000e+02 3.0000e+01 -1.0761e+00
-1.3000e+02 4.0000e+01 3.7990e-02
-1.3000e+02 5.0000e+01 -5.9060e-01
-1.3000e+02 6.0000e+01 -3.2150e-01
-1.3000e+02 7.0000e+01 -3.1440e-01
-1.3000e+02 8.0000e+01 4.4498e-01
-1.3000e+02 9.0000e+01 1.7246e+00
-1.3000e+02 1.0000e+02 -1.5077e+00
-1.3000e+02 1.1000e+02 -2.0464e+00
-1.3000e+02 1.2000e+02 1.5467e+00
-1.3000e+02 1.3000e+02 -1.3706e-01
-1.3000e+02 1.4000e+02 -1.6164e-01
-1.3000e+02 1.5000e+02 2.3102e+00
-1.3000e+02 1.6000e+02 8.3553e-01
-1.3000e+02 1.7000e+02 1.7294e+00
-1.3000e+02 1.8000e+02 -2.4000e-01
-1.3000e+02 1.9000e+02 -3.1972e+00
-1.3000e+02 2.0000e+02 1.7482e+00
-1.2000e+02 -2.0000e+02 -2.0424e-01
-1.2000e+02 -1.9000e+02 -7.0561e-01
-1.2000e+02 -1.8000e+02 -1.1212e+00
-1.2000e+02 -1.7000e+02 -1.2605e+00
-1.2000e+02 -1.6000e+02 1.4106e+00
-1.2000e+02 -1.5000e+02 -2.3424e+00
-1.2000e+02 -1.4000e+02 1.2005e+00
-1.2000e+02 -1.3000e+02 -7.2594e-02
-1.2000e+02 -1.2000e+02 -1.4129e+00
-1.2000e+02 -1.1000e+02 -1.0784e+00
-1.2000e+02 -1.0000e+02 -4.8758e-01
-1.2000e+02 -9.0000e+01 -1.0010e+00
-1.2000e+02 -8.0000e+01 -3.0469e-01
-1.2000e+02 -7.0000e+01 -1.6762e-01
-1.2000e+02 -6.0000e+01 -9.9447e-01
-1.2000e+02 -5.0000e+01 -1.4309e-01
-1.2000e+02 -4.0000e+01 -2.7145e-01
-1.2000e+02 -3.0000e+01 -2.2331e+00
-1.2000e+02 -2.0000e+01 -2.4885e-01
-1.2000e+02 -1.0000e+01 -3.8147e+00
-1.2000e+02 0.0000e+00 -2.2191e+00
-1.2000e+02 1.0000e+01 2.1205e-02
-1.2000e+02 2.0000e+01 -2.3918e+00
-1.2000e+02 3.0000e+01 -2.7983e+00
-1.2000e+02 4.0000e+01 3.2891e-01
-1.2000e+02 5.0000e+01 -1.5514e+00
-1.2000e+02 6.0000e+01 1.1191e-01
-1.2000e+02 7.0000e+01 -1.1797e+00
-1.2000e+02 8.0000e+01 -7.9539e-02
-1.2000e+02 9.0000e+01 -1.8144e+00
-1.2000e+02 1.0000e+02 8.9091e-01
-1.2000e+02 1.1000e+02 4.3811e-01
-1.2000e+02 1.2000e+02 -1.1150e+00
-1.2000e+02 1.3000e+02 2.5745e-01
-1.2000e+02 1.4000e+02 -2.1976e+00
-1.2000e+02 1.5000e+02 -3.0688e+00
-1.2000e+02 1.6000e+02 2.9993e-01
-1.2000e+02 1.7000e+02 -2.6508e-01
-1.2000e+02 1.8000e+02 1.8464e+00
-1.2000e+02 1.9000e+02 9.1637e-01
-1.2000e+02 2.0000e+02 1.4297e+00
-1.1000e+02 -2.0000e+02 -3.7099e-01
-1.1000e+02 -1.9000e+02 8.4013e-03
-1.1000e+02 -1.8000e+02 -1.7406e+00
-1.1000e+02 -1.7000e+02 -3.5682e+00
-1.1000e+02 -1.6000e+02 -2.0713e-01
-1.1000e+02 -1.5000e+02 -1.3256e+00
-1.1000e+02 -1.4000e+02 -6.5102e-01
-1.1000e+02 -1.3000e+02 6.9243e-01
-1.1000e+02 -1.2000e+02 1.3206e+00
-1.1000e+02 -1.1000e+02 3.3887e+00
-1.1000e+02 -1.0000e+02 -1.6611e+00
-1.1000e+02 -9.0000e+01 6.2491e-01
-1.1000e+02 -8.0000e+01 -1.3783e+00
-1.1000e+02 -7.0000e+01 -2.8946e-01
-1.1000e+02 -6.0000e+01 -4.2037e-01
-1.1000e+02 -5.0000e+01 -1.6190e+00
-1.1000e+02 -4.0000e+01 -4.6971e+00
-1.1000e+02 -3.0000e+01 -2.4066e+00
-1.1000e+02 -2.0000e+01 -2.1146e+00
-1.1000e+02 -1.0000e+01 1.7350e+00
-1.1000e+02 0.0000e+00 -9.6498e-02
-1.1000e+02 1.0000e+01 -3.3458e-01
-1.1000e+02 2.0000e+01 1.3205e-03
-1.1000e+02 3.0000e+01 -1.9061e+00
-1.1000e+02 4.0000e+01 -3.0838e+00
-1.1000e+02 5.0000e+01 -2.7236e+00
-1.1000e+02 6.0000e+01 -1.7874e+00
-1.1000e+02 7.0000e+01 -2.0184e+00
-1.1000e+02 8.0000e+01 -2.5222e+00
-1.1000e+02 9.0000e+01 1.2052e+00
-1.1000e+02 1.0000e+02 3.1016e-01
-1.1000e+02 1.1000e+02 -2.1964e-01
-1.1000e+02 1.2000e+02 -3.0533e+00
-1.1000e+02 1.3000e+02 -1.1697e+00
-1.1000e+02 1.4000e+02 5.5628e-01
-1.1000e+02 1.5000e+02 8.0378e-01
-1.1000e+02 1.6000e+02 1.5795e+00
-1.1000e+02 1.7000e+02 -4.3225e-01
-1.1000e+02 1.8000e+02 -4.4933e+00
-1.1000e+02 1.9000e+02 -1.6367e+00
-1.1000e+02 2.0000e+02 8.8407e-01
-1.0000e+02 -2.0000e+02 -1.3761e+00
-1.0000e+02 -1.9000e+02 -2.2579e+00
-1.0000e+02 -1.8000e+02 -1.8244e-01
-1.0000e+02 -1.7000e+02 5.9067e-01
-1.0000e+02 -1.6000e+02 3.7587e+00
-1.0000e+02 -1.5000e+02 6.1026e-01
-1.0000e+02 -1.4000e+02 -5.8883e-01
-1.0000e+02 -1.3000e+02 -1.5164e+00
-1.0000e+02 -1.2000e+02 2.3757e+00
-1.0000e+02 -1.1000e+02 -1.8928e+00
-1.0000e+02 -1.0000e+02 -3.9807e+00
-1.0000e+02 -9.0000e+01 -5.5838e-01
-1.0000e+02 -8.0000e+01 -7.6500e-01
-1.0000e+02 -7.0000e+01 5.1447e-01
-1.0000e+02 -6.0000e+01 -3.7498e-01
-1.0000e+02 -5.0000e+01 -5.3027e+00
-1.0000e+02 -4.0000e+01 -3.0230e+00
-1.0000e+02 -3.0000e+01 -3.0063e+00
-1.0000e+02 -2.0000e+01 -2.4940e+00
-1.0000e+02 -1.0000e+01 -2.1450e+00
-1.0000e+02 0.0000e+00 -5.7966e+00
-1.0000e+02 1.0000e+01 -4.4380e+00
-1.0000e+02 2.0000e+01 -3.0431e+00
-1.0000e+02 3.0000e+01 -4.1879e+00
-1.0000e+02 4.0000e+01 -1.3321e+00
-1.0000e+02 5.0000e+01 -1.7497e+00
-1.0000e+02 6.0000e+01 -2.5074e+00
-1.0000e+02 7.0000e+01 -5.4732e+00
-1.0000e+02 8.0000e+01 3.0083e-01
-1.0000e+02 9.0000e+01 -2.8604e+00
-1.0000e+02 1.0000e+02 -2.2056e+00
-1.0000e+02 1.1000e+02 -1.7700e+00
-1.0000e+02 1.2000e+02 -2.1314e+00
-1.0000e+02 1.3000e+02 5.8010e-01
-1.0000e+02 1.4000e+02 1.4565e+00
-1.0000e+02 1.5000e+02 8.7877e-01
-1.0000e+02 1.6000e+02 1.0555e-01
-1.0000e+02 1.7000e+02 -3.3036e+00
-1.0000e+02 1.8000e+02 1.2249e+00
-1.0000e+02 1.9000e+02 3.5912e-01
-1.0000e+02 2.0000e+02 1.6562e+00
-9.0000e+01 -2.0000e+02 1.1382e+00
-9.0000e+01 -1.9000e+02 9.4094e-01
-9.0000e+01 -1.8000e+02 -2.3244e-01
-9.0000e+01 -1.7000e+02 6.9802e-01
-9.0000e+01 -1.6000e+02 -4.8414e-01
-9.0000e+01 -1.5000e+02 1.4484e+00
-9.0000e+01 -1.4000e+02 8.9325e-01
-9.0000e+01 -1.3000e+02 1.3591e+00
-9.0000e+01 -1.2000e+02 1.3116e-01
-9.0000e+01 -1.1000e+02 -1.1625e+00
-9.0000e+01 -1.0000e+02 -1.2868e+00
-9.0000e+01 -9.0000e+01 -1.5987e+00
-9.0000e+01 -8.0000e+01 -1.7989e+00
-9.0000e+01 -7.0000e+01 -1.9216e+00
-9.0000e+01 -6.0000e+01 -2.6962e+00
-9.0000e+01 -5.0000e+01 -4.0375e+00
-9.0000e+01 -4.0000e+01 -4.1273e+00
-9.0000e+01 -3.0000e+01 -4.2538e+00
-9.0000e+01 -2.0000e+01 -4.4515e+00
-9.0000e+01 -1.0000e+01 -7.4740e+00
-9.0000e+01 0.0000e+00 -6.1945e+00
-9.0000e+01 1.0000e+01 -4.1308e+00
-9.0000e+01 2.0000e+01 -5.0940e+00
-9.0000e+01 3.0000e+01 -2.6381e+00
-9.0000e+01 4.0000e+01 -2.8864e+00
-9.0000e+01 5.0000e+01 -2.8786e+00
-9.0000e+01 6.0000e+01 -2.8737e+00
-9.0000e+01 7.0000e+01 -6.5849e-01
-9.0000e+01 8.0000e+01 -2.4277e+00
-9.0000e+01 9.0000e+01 -2.2687e+00
-9.0000e+01 1.0000e+02 -1.5195e+00
-9.0000e+01 1.1000e+02 -3.0471e+00
-9.0000e+01 1.2000e+02 -8.0769e-01
-9.0000e+01 1.3000e+02 -8.6589e-02
-9.0000e+01 1.4000e+02 1.9316e+00
-9.0000e+01 1.5000e+02 -5.7534e-01
-9.0000e+01 1.6000e+02 -1.0146e+00
-9.0000e+01 1.7000e+02 7.5544e-02
-9.0000e+01 1.8000e+02 -1.6444e+00
-9.0000e+01 1.9000e+02 -1.2014e+00
-9.0000e+01 2.0000e+02 2.7428e+00
-8.0000e+01 -2.0000e+02 1.9495e-02
-8.0000e+01 -1.9000e+02 -9.9752e-01
-8.0000e+01 -1.8000e+02 -1.3594e+00
-8.0000e+01 -1.7000e+02 -2.6116e-01
-8.0000e+01 -1.6000e+02 -5.8640e-02
-8.0000e+01 -1.5000e+02 -4.9950e-01
-8.0000e+01 -1.4000e+02 -3.3023e-01
-8.0000e+01 -1.3000e+02 -1.2909e+00
-8.0000e+01 -1.2000e+02 -6.0363e-01
-8.0000e+01 -1.1000e+02 2.5828e+00
-8.0000e+01 -1.0000e+02 -3.2029e+00
-8.0000e+01 -9.0000e+01 -1.3104e+00
-8.0000e+01 -8.0000e+01 -1.0017e+00
-8.0000e+01 -7.0000e+01 -5.1919e-01
-8.0000e+01 -6.0000e+01 -2.3850e+00
-8.0000e+01 -5.0000e+01 -4.9697e+00
-8.0000e+01 -4.0000e+01 -5.7089e+00
-8.0000e+01 -3.0000e+01 -5.2693e+00
-8.0000e+01 -2.0000e+01 -6.7657e+00
-8.0000e+01 -1.0000e+01 -5.1827e+00
-8.0000e+01 0.0000e+00 -5.4537e+00
-8.0000e+01 1.0000e+01 -5.3313e+00
-8.0000e+01 2.0000e+01 -4.2085e+00
-8.0000e+01 3.0000e+01 -3.1523e+00
-8.0000e+01 4.0000e+01 -4.6788e+00
-8.0000e+01 5.0000e+01 -3.7664e+00
-8.0000e+01 6.0000e+01 -3.1754e+00
-8.0000e+01 7.0000e+01 2.5091e+00
-8.0000e+01 8.0000e+01 -2.0257e+00
-8.0000e+01 9.0000e+01 -4.3745e+00
-8.0000e+01 1.0000e+02 3.7654e-02
-8.0000e+01 1.1000e+02 5.0996e-01
-8.0000e+01 1.2000e+02 2.3293e+00
-8.0000e+01 1.3000e+02 -7.0751e-01
-8.0000e+01 1.4000e+02 2.6967e-01
-8.0000e+01 1.5000e+02 4.4302e+00
-8.0000e+01 1.6000e+02 3.5775e+00
-8.0000e+01 1.7000e+02 -8.2659e-02
-8.0000e+01 1.8000e+02 2.0568e+00
-8.0000e+01 1.9000e+02 -3.9828e+00
-8.0000e+01 2.0000e+02 -1.6036e+00
-7.0000e+01 -2.0000e+02 1.0005e+00
-7.0000e+01 -1.9000e+02 -2.0558e+00
-7.0000e+01 -1.8000e+02 -9.0439e-01
-7.0000e+01 -1.7000e+02 1.7597e+00
-7.0000e+01 -1.6000e+02 1.9628e+00
-7.0000e+01 -1.5000e+02 -1.2587e+00
-7.0000e+01 -1.4000e+02 1.4327e+00
-7.0000e+01 -1.3000e+02 1.4842e+00
-7.0000e+01 -1.2000e+02 1.3738e-01
-7.0000e+01 -1.1000e+02 -6.3530e-01
-7.0000e+01 -1.0000e+02 -1.8406e+00
-7.0000e+01 -9.0000e+01 8.2770e-01
-7.0000e+01 -8.0000e+01 -2.3245e+00
-7.0000e+01 -7.0000e+01 -1.2160e+00
-7.0000e+01 -6.0000e+01 -5.4283e+00
-7.0000e+01 -5.0000e+01 -5.9299e+00
-7.0000e+01 -4.0000e+01 -5.4932e+00
-7.0000e+01 -3.0000e+01 -4.3941e+00
-7.0000e+01 -2.0000e+01 -5.9972e+00
-7.0000e+01 -1.0000e+01 -5.6607e+00
-7.0000e+01 0.0000e+00 -4.0783e+00
-7.0000e+01 1.0000e+01 -7.9836e+00
-7.0000e+01 2.0000e+01 -8.6634e+00
-7.0000e+01 3.0000e+01 -5.6189e+00
-7.0000e+01 4.0000e+01 -5.2414e+00
-7.0000e+01 5.0000e+01 -3.7749e+00
-7.0000e+01 6.0000e+01 -3.5074e+00
-7.0000e+01 7.0000e+01 -2.2253e+00
-7.0000e+01 8.0000e+01 -9.5549e-01
-7.0000e+01 9.0000e+01 -8.4613e-01
-7.0000e+01 1.0000e+02 -6.1090e-01
-7.0000e+01 1.1000e+02 -1.6282e+00
-7.0000e+01 1.2000e+02 1.3207e+00
-7.0000e+01 1.3000e+02 -1.8244e+00
-7.0000e+01 1.4000e+02 -3.1868e-01
-7.0000e+01 1.5000e+02 7.6986e-01
-7.0000e+01 1.6000e+02 -2.5506e+00
-7.0000e+01 1.7000e+02 -3.2701e-01
-7.0000e+01 1.8000e+02 -4.7080e-01
-7.0000e+01 1.9000e+02 -9.2200e-01
-7.0000e+01 2.0000e+02 2.0450e-01
-6.0000e+01 -2.0000e+02 -1.6269e-01
-6.0000e+01 -1.9000e+02 2.4502e+00
-6.0000e+01 -1.8000e+02 -5.6953e-01
-6.0000e+01 -1.7000e+02 -1.5721e+00
-6.0000e+01 -1.6000e+02 -1.0979e+00
-6.0000e+01 -1.5000e+02 -4.6166e-01
-6.0000e+01 -1.4000e+02 -1.5768e+00
-6.0000e+01 -1.3000e+02 -6.5974e-01
-6.0000e+01 -1.2000e+02 -1.3180e+00
-6.0000e+01 -1.1000e+02 4.3835e-02
-6.0000e+01 -1.0000e+02 -5.2118e+00
-6.0000e+01 -9.0000e+01 -1.6276e+00
-6.0000e+01 -8.0000e+01 -4.0572e+00
-6.0000e+01 -7.0000e+01 -4.7485e+00
-6.0000e+01 -6.0000e+01 -6.5407e+00
-6.0000e+01 -5.0000e+01 -6.4884e+00
-6.0000e+01 -4.0000e+01 -5.9161e+00
-6.0000e+01 -3.0000e+01 -5.6394e+00
-6.0000e+01 -2.0000e+01 -7.1806e+00
-6.0000e+01 -1.0000e+01 -9.2538e+00
-6.0000e+01 0.0000e+00 -9.0225e+00
-6.0000e+01 1.0000e+01 -6.9965e+00
-6.0000e+01 2.0000e+01 -1.0415e+01
-6.0000e+01 3.0000e+01 -8.5327e+00
-6.0000e+01 4.0000e+01 -6.1745e+00
-6.0000e+01 5.0000e+01 -4.4179e+00
-6.0000e+01 6.0000e+01 -4.2475e+00
-6.0000e+01 7.0000e+01 -4.4436e+00
-6.0000e+01 8.0000e+01 -5.3709e+00
-6.0000e+01 9.0000e+01 -5.7713e+00
-6.0000e+01 1.0000e+02 -1.2242e+00
-6.0000e+01 1.1000e+02 1.0843e+00
-6.0000e+01 1.2000e+02 -1.5368e+00
-6.0000e+01 1.3000e+02 6.1408e-01
-6.0000e+01 1.4000e+02 -9.3907e-01
-6.0000e+01 1.5000e+02 -1.5786e+00
-6.0000e+01 1.6000e+02 8.7273e-01
-6.0000e+01 1.7000e+02 -1.0454e-01
-6.0000e+01 1.8000e+02 1.4248e+00
-6.0000e+01 1.9000e+02 -2.2030e-01
-6.0000e+01 2.0000e+02 -1.3456e+00
-5.0000e+01 -2.0000e+02 1.0132e+00
-5.0000e+01 -1.9000e+02 -2.4962e+00
-5.0000e+01 -1.8000e+02 5.3451e-01
-5.0000e+01 -1.7000e+02 3.4616e-01
-5.0000e+01 -1.6000e+02 -1.4890e+00
-5.0000e+01 -1.5000e+02 -2.4809e+00
-5.0000e+01 -1.4000e+02 -4.2842e+00
-5.0000e+01 -1.3000e+02 2.5279e-01
-5.0000e+01 -1.2000e+02 -1.7145e+00
-5.0000e+01 -1.1000e+02 -2.2561e+00
-5.0000e+01 -1.0000e+02 -1.3270e+00
-5.0000e+01 -9.0000e+01 -1.9658e+00
-5.0000e+01 -8.0000e+01 -3.1115e+00
-5.0000e+01 -7.0000e+01 -3.8317e+00
-5.0000e+01 -6.0000e+01 -5.6089e+00
-5.0000e+01 -5.0000e+01 -6.3808e+00
-5.0000e+01 -4.0000e+01 -8.2885e+00
-5.0000e+01 -3.0000e+01 -1.1572e+01
-5.0000e+01 -2.0000e+01 -8.7929e+00
-5.0000e+01 -1.0000e+01 -8.7069e+00
-5.0000e+01 0.0000e+00 -1.1616e+01
-5.0000e+01 1.0000e+01 -9.5844e+00
-5.0000e+01 2.0000e+01 -9.9521e+00
-5.0000e+01 3.0000e+01 -9.2971e+00
-5.0000e+01 4.0000e+01 -9.3275e+00
-5.0000e+01 5.0000e+01 -8.5769e+00
-5.0000e+01 6.0000e+01 -6.2010e+00
-5.0000e+01 7.0000e+01 -7.1783e+00
-5.0000e+01 8.0000e+01 -3.2228e+00
-5.0000e+01 9.0000e+01 -8.5826e-02
-5.0000e+01 1.0000e+02 -4.9219e+00
-5.0000e+01 1.1000e+02 -8.1292e-01
-5.0000e+01 1.2000e+02 -4.3850e+00
-5.0000e+01 1.3000e+02 -1.7765e-01
-5.0000e+01 1.4000e+02 -2.6467e+00
-5.0000e+01 1.5000e+02 -2.6966e+00
-5.0000e+01 1.6000e+02 -2.2898e+00
-5.0000e+01 1.7000e+02 1.6331e+00
-5.0000e+01 1.8000e+02 1.4042e+00
-5.0000e+01 1.9000e+02 -1.4399e+00
-5.0000e+01 2.0000e+02 6.1958e-01
-4.0000e+01 -2.0000e+02 -7.0399e-02
-4.0000e+01 -1.9000e+02 1.4561e+00
-4.0000e+01 -1.8000e+02 3.8548e+00
-4.0000e+01 -1.7000e+02 2.5408e+00
-4.0000e+01 -1.6000e+02 3.4996e-01
-4.0000e+01 -1.5000e+02 3.2647e-01
-4.0000e+01 -1.4000e+02 -1.5115e-01
-4.0000e+01 -1.3000e+02 -2.6436e+00
-4.0000e+01 -1.2000e+02 -2.9781e-01
-4.0000e+01 -1.1000e+02 -2.2319e+00
-4.0000e+01 -1.0000e+02 -2.9566e+00
-4.0000e+01 -9.0000e+01 -1.4532e+00
-4.0000e+01 -8.0000e+01 -2.9078e+00
-4.0000e+01 -7.0000e+01 -5.4709e+00
-4.0000e+01 -6.0000e+01 -7.5209e+00
-4.0000e+01 -5.0000e+01 -5.0506e+00
-4.0000e+01 -4.0000e+01 -7.7737e+00
-4.0000e+01 -3.0000e+01 -1.0250e+01
-4.0000e+01 -2.0000e+01 -8.9702e+00
-4.0000e+01 -1.0000e+01 -9.0755e+00
-4.0000e+01 0.0000e+00 -1.4088e+01
-4.0000e+01 1.0000e+01 -1.1497e+01
-4.0000e+01 2.0000e+01 -8.4949e+00
-4.0000e+01 3.0000e+01 -1.1850e+01
-4.0000e+01 4.0000e+01 -9.1135e+00
-4.0000e+01 5.0000e+01 -7.1954e+00
-4.0000e+01 6.0000e+01 -5.7189e+00
-4.0000e+01 7.0000e+01 -4.6532e+00
-4.0000e+01 8.0000e+01 -3.7320e+00
-4.0000e+01 9.0000e+01 -1.1580e+00
-4.0000e+01 1.0000e+02 -2.6205e+00
-4.0000e+01 1.1000e+02 -3.0676e+00
-4.0000e+01 1.2000e+02 -4.5422e-01
-4.0000e+01 1.3000e+02 -7.5237e-01
-4.0000e+01 1.4000e+02 -2.9680e-01
-4.0000e+01 1.5000e+02 -1.1975e+00
-4.0000e+01 1.6000e+02 -1.3132e-01
-4.0000e+01 1.7000e+02 -2.2070e+00
-4.0000e+01 1.8000e+02 -7.1824e-01
-4.0000e+01 1.9000e+02 3.3681e+00
-4.0000e+01 2.0000e+02 -1.5505e+00
-3.0000e+01 -2.0000e+02 1.7774e+00
-3.0000e+01 -1.9000e+02 1.6957e-01
-3.0000e+01 -1.8000e+02 1.5380e+00
-3.0000e+01 -1.7000e+02 -3.2727e-01
-3.0000e+01 -1.6000e+02 -4.6957e-01
-3.0000e+01 -1.5000e+02 1.7419e+00
-3.0000e+01 -1.4000e+02 -2.0341e+00
-3.0000e+01 -1.3000e+02 2.4578e-01
-3.0000e+01 -1.2000e+02 -5.7663e-01
-3.0000e+01 -1.1000e+02 -1.7493e+00
-3.0000e+01 -1.0000e+02 -3.9355e+00
-3.0000e+01 -9.0000e+01 -3.4856e+00
-3.0000e+01 -8.0000e+01 -4.6173e+00
-3.0000e+01 -7.0000e+01 -4.8838e+00
-3.0000e+01 -6.0000e+01 -9.9930e+00
-3.0000e+01 -5.0000e+01 -8.3337e+00
-3.0000e+01 -4.0000e+01 -8.9793e+00
-3.0000e+01 -3.0000e+01 -1.2613e+01
-3.0000e+01 -2.0000e+01 -8.5948e+00
-3.0000e+01 -1.0000e+01 -1.2413e+01
-3.0000e+01 0.0000e+00 -1.1584e+01
-3.0000e+01 1.0000e+01 -1.1453e+01
-3.0000e+01 2.0000e+01 -1.3074e+01
-3.0000e+01 3.0000e+01 -9.6034e+00
-3.0000e+01 4.0000e+01 -1.0059e+01
-3.0000e+01 5.0000e+01 -4.6117e+00
-3.0000e+01 6.0000e+01 -6.2325e+00
-3.0000e+01 7.0000e+01 -8.7518e+00
-3.0000e+01 8.0000e+01 -6.3617e+00
-3.0000e+01 9.0000e+01 -3.2089e+00
-3.0000e+01 1.0000e+02 -1.0298e+00
-3.0000e+01 1.1000e+02 -3.0480e+00
-3.0000e+01 1.2000e+02 -1.8150e+00
-3.0000e+01 1.3000e+02 2.5224e+00
-3.0000e+01 1.4000e+02 -3.1992e+00
-3.0000e+01 1.5000e+02 7.0620e-01
-3.0000e+01 1.6000e+02 -1.6189e+00
-3.0000e+01 1.7000e+02 1.1132e-01
-3.0000e+01 1.8000e+02 5.4272e-01
-3.0000e+01 1.9000e+02 6.6662e-01
-3.0000e+01 2.0000e+02 4.2881e+00
-2.0000e+01 -2.0000e+02 1.7007e+00
-2.0000e+01 -1.9000e+02 -2.4087e-01
-2.0000e+01 -1.8000e+02 1.5397e+00
-2.0000e+01 -1.7000e+02 2.1041e+00
-2.0000e+01 -1.6000e+02 -9.7653e-01
-2.0000e+01 -1.5000e+02 7.1701e-01
-2.0000e+01 -1.4000e+02 -2.0357e-01
-2.0000e+01 -1.3000e+02 1.4502e+00
-2.0000e+01 -1.2000e+02 -1.9185e+00
-2.0000e+01 -1.1000e+02 -3.7948e+00
-2.0000e+01 -1.0000e+02 -3.8333e+00
-2.0000e+01 -9.0000e+01 -1.2795e+00
-2.0000e+01 -8.0000e+01 -3.5918e+00
-2.0000e+01 -7.0000e+01 -9.2554e+00
-2.0000e+01 -6.0000e+01 -8.7384e+00
-2.0000e+01 -5.0000e+01 -1.0353e+01
-2.0000e+01 -4.0000e+01 -9.1330e+00
-2.0000e+01 -3.0000e+01 -1.3786e+01
-2.0000e+01 -2.0000e+01 -1.4223e+01
-2.0000e+01 -1.0000e+01 -1.4625e+01
-2.0000e+01 0.0000e+00 -1.5285e+01
-2.0000e+01 1.0000e+01 -1.5442e+01
-2.0000e+01 2.0000e+01 -1.2573e+01
-2.0000e+01 3.0000e+01 -1.0802e+01
-2.0000e+01 4.0000e+01 -1.2472e+01
-2.0000e+01 5.0000e+01 -1.1129e+01
-2.0000e+01 6.0000e+01 -9.5753e+00
-2.0000e+01 7.0000e+01 -6.7995e+00
-2.0000e+01 8.0000e+01 -1.3487e+00
-2.0000e+01 9.0000e+01 -3.9428e+00
-2.0000e+01 1.0000e+02 -1.3020e+00
-2.0000e+01 1.1000e+02 -3.1976e-01
-2.0000e+01 1.2000e+02 1.4543e+00
-2.0000e+01 1.3000e+02 -2.3502e+00
-2.0000e+01 1.4000e+02 -1.6674e+00
-2.0000e+01 1.5000e+02 -7.5887e-02
-2.0000e+01 1.6000e+02 -4.7026e-01
-2.0000e+01 1.7000e+02 -6.5984e-01
-2.0000e+01 1.8000e+02 -2.3259e-01
-2.0000e+01 1.9000e+02 -1.5001e+00
-2.0000e+01 2.0000e+02 -2.3937e+00
-1.0000e+01 -2.0000e+02 8.8328e-01
-1.0000e+01 -1.9000e+02 1.0912e+00
-1.0000e+01 -1.8000e+02 -3.0795e+00
-1.0000e+01 -1.7000e+02 -1.1494e+00
-1.0000e+01 -1.6000e+02 2.8220e+00
-1.0000e+01 -1.5000e+02 3.7294e-01
-1.0000e+01 -1.4000e+02 7.5006e-01
-1.0000e+01 -1.3000e+02 1.4341e+00
-1.0000e+01 -1.2000e+02 -1.4290e+00
-1.0000e+01 -1.1000e+02 -1.9297e+00
-1.0000e+01 -1.0000e+02 -3.2493e+00
-1.0000e+01 -9.0000e+01 -5.5121e+00
-1.0000e+01 -8.0000e+01 -5.4761e+00
-1.0000e+01 -7.0000e+01 -5.3667e+00
-1.0000e+01 -6.0000e+01 -1.0348e+01
-1.0000e+01 -5.0000e+01 -1.1867e+01
-1.0000e+01 -4.0000e+01 -1.2374e+01
-1.0000e+01 -3.0000e+01 -1.2593e+01
-1.0000e+01 -2.0000e+01 -1.3579e+01
-1.0000e+01 -1.0000e+01 -1.3553e+01
-1.0000e+01 0.0000e+00 -1.6965e+01
-1.0000e+01 1.0000e+01 -1.4761e+01
-1.0000e+01 2.0000e+01 -1.4360e+01
-1.0000e+01 3.0000e+01 -1.2905e+01
-1.0000e+01 4.0000e+01 -1.1896e+01
-1.0000e+01 5.0000e+01 -1.2331e+01
-1.0000e+01 6.0000e+01 -6.9491e+00
-1.0000e+01 7.0000e+01 -9.1890e+00
-1.0000e+01 8.0000e+01 -3.3900e+00
-1.0000e+01 9.0000e+01 -4.1146e+00
-1.0000e+01 1.0000e+02 -2.6983e+00
-1.0000e+01 1.1000e+02 -3.2447e+00
-1.0000e+01 1.2000e+02 -2.5149e+00
-1.0000e+01 1.3000e+02 -4.3766e-01
-1.0000e+01 1.4000e+02 -2.0240e+00
-1.0000e+01 1.5000e+02 -1.7799e+00
-1.0000e+01 1.6000e+02 1.6849e+00
-1.0000e+01 1.7000e+02 -2.2996e+00
-1.0000e+01 1.8000e+02 2.0042e+00
-1.0000e+01 1.9000e+02 -6.6875e-01
-1.0000e+01 2.0000e+02 -3.9140e-01
0.0000e+00 -2.0000e+02 -2.0803e+00
0.0000e+00 -1.9000e+02 9.6791e-01
0.0000e+00 -1.8000e+02 -3.0466e+00
0.0000e+00 -1.7000e+02 1.8311e-01
0.0000e+00 -1.6000e+02 1.8727e-01
0.0000e+00 -1.5000e+02 -8.5890e-01
0.0000e+00 -1.4000e+02 -4.8654e-02
0.0000e+00 -1.3000e+02 -1.3751e-01
0.0000e+00 -1.2000e+02 -1.4321e+00
0.0000e+00 -1.1000e+02 -2.5183e+00
0.0000e+00 -1.0000e+02 -1.5393e+00
0.0000e+00 -9.0000e+01 -3.5406e+00
0.0000e+00 -8.0000e+01 -3.3591e+00
0.0000e+00 -7.0000e+01 -8.3484e+00
0.0000e+00 -6.0000e+01 -9.3189e+00
0.0000e+00 -5.0000e+01 -1.0005e+01
0.0000e+00 -4.0000e+01 -1.2934e+01
0.0000e+00 -3.0000e+01 -1.3321e+01
0.0000e+00 -2.0000e+01 -1.4415e+01
0.0000e+00 -1.0000e+01 -1.4855e+01
0.0000e+00 0.0000e+00 -1.4876e+01
0.0000e+00 1.0000e+01 -1.4133e+01
0.0000e+00 2.0000e+01 -1.3371e+01
0.0000e+00 3.0000e+01 -1.2264e+01
0.0000e+00 4.0000e+01 -1.1928e+01
0.0000e+00 5.0000e+01 -1.2140e+01
0.0000e+00 6.0000e+01 -7.0646e+00
0.0000e+00 7.0000e+01 -8.1071e+00
0.0000e+00 8.0000e+01 -5.6091e+00
0.0000e+00 9.0000e+01 -5.4244e+00
0.0000e+00 1.0000e+02 6.8936e-02
0.0000e+00 1.1000e+02 -3.4170e+00
0.0000e+00 1.2000e+02 -4.8218e+00
0.0000e+00 1.3000e+02 -4.4200e+00
0.0000e+00 1.4000e+02 -3.3229e-01
0.0000e+00 1.5000e+02 -5.0253e+00
0.0000e+00 1.6000e+02 2.0498e+00
0.0000e+00 1.7000e+02 -3.4692e+00
0.0000e+00 1.8000e+02 2.2925e+00
0.0000e+00 1.9000e+02 -1.4964e+00
0.0000e+00 2.0000e+02 1.3280e+00
1.0000e+01 -2.0000e+02 -8.1050e-03
1.0000e+01 -1.9000e+02 1.0608e+00
1.0000e+01 -1.8000e+02 -2.6497e+00
1.0000e+01 -1.7000e+02 -1.1507e+00
1.0000e+01 -1.6000e+02 1.2778e-01
1.0000e+01 -1.5000e+02 -6.8056e-01
1.0000e+01 -1.4000e+02 6.9730e-01
1.0000e+01 -1.3000e+02 -1.7308e+00
1.0000e+01 -1.2000e+02 -1.3139e+00
1.0000e+01 -1.1000e+02 -4.0646e+00
1.0000e+01 -1.0000e+02 -5.0709e+00
1.0000e+01 -9.0000e+01 -5.1500e+00
1.0000e+01 -8.0000e+01 -7.7464e+00
1.0000e+01 -7.0000e+01 -5.3164e+00
1.0000e+01 -6.0000e+01 -7.1307e+00
1.0000e+01 -5.0000e+01 -9.5634e+00
1.0000e+01 -4.0000e+01 -1.2660e+01
1.0000e+01 -3.0000e+01 -1.1652e+01
1.0000e+01 -2.0000e+01 -1.3730e+01
1.0000e+01 -1.0000e+01 -1.1719e+01
1.0000e+01 0.0000e+00 -1.5048e+01
1.0000e+01 1.0000e+01 -1.5825e+01
1.0000e+01 2.0000e+01 -1.3532e+01
1.0000e+01 3.0000e+01 -1.2215e+01
1.0000e+01 4.0000e+01 -1.1366e+01
1.0000e+01 5.0000e+01 -1.1667e+01
1.0000e+01 6.0000e+01 -1.0313e+01
1.0000e+01 7.0000e+01 -6.7678e+00
1.0000e+01 8.0000e+01 -4.3226e+00
1.0000e+01 9.0000e+01 -6.7642e+00
1.0000e+01 1.0000e+02 -2.3236e+00
1.0000e+01 1.1000e+02 -4.0398e+00
1.0000e+01 1.2000e+02 -1.9170e+00
1.0000e+01 1.3000e+02 1.6906e+00
1.0000e+01 1.4000e+02 -1.2876e-01
1.0000e+01 1.5000e+02 1.4149e+00
1.0000e+01 1.6000e+02 -2.3439e+00
1.0000e+01 1.7000e+02 -3.0826e+00
1.0000e+01 1.8000e+02 -7.1336e-01
1.0000e+01 1.9000e+02 -1.2642e-01
1.0000e+01 2.0000e+02 5.3428e-01
2.0000e+01 -2.0000e+02 -1.2152e+00
2.0000e+01 -1.9000e+02 -1.4438e+00
2.0000e+01 -1.8000e+02 1.4914e+00
2.0000e+01 -1.7000e+02 4.9098e-01
2.0000e+01 -1.6000e+02 1.0825e+00
2.0000e+01 -1.5000e+02 -2.8173e-01
2.0000e+01 -1.4000e+02 -7.4774e-03
2.0000e+01 -1.3000e+02 2.2695e+00
2.0000e+01 -1.2000e+02 -1.4028e+00
2.0000e+01 -1.1000e+02 -1.7444e+00
2.0000e+01 -1.0000e+02 -3.0208e+00
2.0000e+01 -9.0000e+01 -3.8060e+00
2.0000e+01 -8.0000e+01 -4.7853e+00
2.0000e+01 -7.0000e+01 -5.2903e+00
2.0000e+01 -6.0000e+01 -9.7955e+00
2.0000e+01 -5.0000e+01 -9.7088e+00
2.0000e+01 -4.0000e+01 -1.0399e+01
2.0000e+01 -3.0000e+01 -1.4390e+01
2.0000e+01 -2.0000e+01 -1.0771e+01
2.0000e+01 -1.0000e+01 -1.2814e+01
2.0000e+01 0.0000e+00 -1.3261e+01
2.0000e+01 1.0000e+01 -1.3714e+01
2.0000e+01 2.0000e+01 -1.3782e+01
2.0000e+01 3.0000e+01 -1.1061e+01
2.0000e+01 4.0000e+01 -1.0566e+01
2.0000e+01 5.0000e+01 -9.5076e+00
2.0000e+01 6.0000e+01 -7.7441e+00
2.0000e+01 7.0000e+01 -6.3294e+00
2.0000e+01 8.0000e+01 -8.1897e+00
2.0000e+01 9.0000e+01 -4.4064e+00
2.0000e+01 1.0000e+02 -3.2986e+00
2.0000e+01 1.1000e+02 -2.0856e+00
2.0000e+01 1.2000e+02 -2.0749e+00
2.0000e+01 1.3000e+02 -1.9303e+00
2.0000e+01 1.4000e+02 -1.4167e+00
2.0000e+01 1.5000e+02 2.6787e+00
2.0000e+01 1.6000e+02 -1.0051e+00
2.0000e+01 1.7000e+02 2.4339e+00
2.0000e+01 1.8000e+02 5.4692e-02
2.0000e+01 1.9000e+02 -5.6983e-01
2.0000e+01 2.0000e+02 2.1291e+00
3.0000e+01 -2.0000e+02 1.8489e-01
3.0000e+01 -1.9000e+02 -1.5859e+00
3.0000e+01 -1.8000e+02 -1.2040e+00
3.0000e+01 -1.7000e+02 7.3616e-01
3.0000e+01 -1.6000e+02 -1.3906e+00
3.0000e+01 -1.5000e+02 2.0622e+00
3.0000e+01 -1.4000e+02 -2.0672e+00
3.0000e+01 -1.3000e+02 3.3972e-01
3.0000e+01 -1.2000e+02 -1.4519e+00
3.0000e+01 -1.1000e+02 -3.3267e+00
3.0000e+01 -1.0000e+02 -6.2077e+00
3.0000e+01 -9.0000e+01 -3.5255e+00
3.0000e+01 -8.0000e+01 -3.4536e+00
3.0000e+01 -7.0000e+01 -6.6748e+00
3.0000e+01 -6.0000e+01 -6.3785e+00
3.0000e+01 -5.0000e+01 -8.4848e+00
3.0000e+01 -4.0000e+01 -6.6117e+00
3.0000e+01 -3.0000e+01 -1.2192e+01
3.0000e+01 -2.0000e+01 -1.0853e+01
3.0000e+01 -1.0000e+01 -1.2976e+01
3.0000e+01 0.0000e+00 -1.2913e+01
3.0000e+01 1.0000e+01 -1.2698e+01
3.0000e+01 2.0000e+01 -1.3252e+01
3.0000e+01 3.0000e+01 -1.2808e+01
3.0000e+01 4.0000e+01 -1.1888e+01
3.0000e+01 5.0000e+01 -7.0162e+00
3.0000e+01 6.0000e+01 -9.3218e+00
3.0000e+01 7.0000e+01 -6.6673e+00
3.0000e+01 8.0000e+01 -4.3555e+00
3.0000e+01 9.0000e+01 -3.4688e+00
3.0000e+01 1.0000e+02 -2.7150e+00
3.0000e+01 1.1000e+02 -4.6738e+00
3.0000e+01 1.2000e+02 -1.6306e+00
3.0000e+01 1.3000e+02 7.6625e-01
3.0000e+01 1.4000e+02 -2.9840e+00
3.0000e+01 1.5000e+02 -3.0791e+00
3.0000e+01 1.6000e+02 3.6310e+00
3.0000e+01 1.7000e+02 -1.5218e+00
3.0000e+01 1.8000e+02 -1.1207e+00
3.0000e+01 1.9000e+02 4.5979e-01
3.0000e+01 2.0000e+02 -3.9493e-01
4.0000e+01 -2.0000e+02 -7.1026e-01
4.0000e+01 -1.9000e+02 9.9503e-01
4.0000e+01 -1.8000e+02 2.1254e+00
4.0000e+01 -1.7000e+02 2.6190e+00
4.0000e+01 -1.6000e+02 2.3373e-01
4.0000e+01 -1.5000e+02 -3.4212e+00
4.0000e+01 -1.4000e+02 -2.8320e+00
4.0000e+01 -1.3000e+02 1.3621e+00
4.0000e+01 -1.2000e+02 -8.7465e-01
4.0000e+01 -1.1000e+02 5.5146e-01
4.0000e+01 -1.0000e+02 -2.2631e+00
4.0000e+01 -9.0000e+01 -3.1710e+00
4.0000e+01 -8.0000e+01 -7.1316e-01
4.0000e+01 -7.0000e+01 -4.4345e+00
4.0000e+01 -6.0000e+01 -5.0044e+00
4.0000e+01 -5.0000e+01 -8.0962e+00
4.0000e+01 -4.0000e+01 -9.0951e+00
4.0000e+01 -3.0000e+01 -1.0315e+01
4.0000e+01 -2.0000e+01 -1.1917e+01
4.0000e+01 -1.0000e+01 -9.7242e+00
4.0000e+01 0.0000e+00 -1.3611e+01
4.0000e+01 1.0000e+01 -9.8257e+00
4.0000e+01 2.0000e+01 -8.5234e+00
4.0000e+01 3.0000e+01 -8.6310e+00
4.0000e+01 4.0000e+01 -8.1808e+00
4.0000e+01 5.0000e+01 -6.7474e+00
4.0000e+01 6.0000e+01 -8.1830e+00
4.0000e+01 7.0000e+01 -8.5617e+00
4.0000e+01 8.0000e+01 -3.4596e+00
4.0000e+01 9.0000e+01 -3.9181e+00
4.0000e+01 1.0000e+02 -1.8289e+00
4.0000e+01 1.1000e+02 -1.4461e+00
4.0000e+01 1.2000e+02 -8.2623e-01
4.0000e+01 1.3000e+02 -2.2152e+00
4.0000e+01 1.4000e+02 -6.3083e-01
4.0000e+01 1.5000e+02 -4.3593e-01
4.0000e+01 1.6000e+02 -3.1544e+00
4.0000e+01 1.7000e+02 1.1138e-01
4.0000e+01 1.8000e+02 -1.3596e+00
4.0000e+01 1.9000e+02 -3.1709e+00
4.0000e+01 2.0000e+02 -5.0448e-01
5.0000e+01 -2.0000e+02 1.2013e-01
5.0000e+01 -1.9000e+02 -3.5336e-01
5.0000e+01 -1.8000e+02 -6.1623e-01
5.0000e+01 -1.7000e+02 -8.8941e-01
5.0000e+01 -1.6000e+02 -1.3110e+00
5.0000e+01 -1.5000e+02 -9.2986e-01
5.0000e+01 -1.4000e+02 -1.9778e+00
5.0000e+01 -1.3000e+02 3.6431e-01
5.0000e+01 -1.2000e+02 2.4719e-01
5.0000e+01 -1.1000e+02 -4.6490e+00
5.0000e+01 -1.0000e+02 -4.1223e+00
5.0000e+01 -9.0000e+01 -1.2198e+00
5.0000e+01 -8.0000e+01 -4.0690e+00
5.0000e+01 -7.0000e+01 -3.9687e+00
5.0000e+01 -6.0000e+01 -3.9976e+00
5.0000e+01 -5.0000e+01 -4.6911e+00
5.0000e+01 -4.0000e+01 -8.6034e+00
5.0000e+01 -3.0000e+01 -8.1474e+00
5.0000e+01 -2.0000e+01 -1.0912e+01
5.0000e+01 -1.0000e+01 -1.0870e+01
5.0000e+01 0.0000e+00 -8.8193e+00
5.0000e+01 1.0000e+01 -8.9311e+00
5.0000e+01 2.0000e+01 -8.0204e+00
5.0000e+01 3.0000e+01 -8.7797e+00
5.0000e+01 4.0000e+01 -8.4066e+00
5.0000e+01 5.0000e+01 -8.1892e+00
5.0000e+01 6.0000e+01 -2.9729e+00
5.0000e+01 7.0000e+01 -5.9382e+00
5.0000e+01 8.0000e+01 -1.5583e+00
5.0000e+01 9.0000e+01 -3.4350e+00
5.0000e+01 1.0000e+02 -1.3074e+00
5.0000e+01 1.1000e+02 -2.5732e+00
5.0000e+01 1.2000e+02 -1.6702e+00
5.0000e+01 1.3000e+02 2.4429e-01
5.0000e+01 1.4000e+02 -2.3013e+00
5.0000e+01 1.5000e+02 -5.4071e-01
5.0000e+01 1.6000e+02 -1.1897e+00
5.0000e+01 1.7000e+02 -5.7378e-01
5.0000e+01 1.8000e+02 -1.4188e+00
5.0000e+01 1.9000e+02 -8.8540e-02
5.0000e+01 2.0000e+02 -3.0914e-01
6.0000e+01 -2.0000e+02 -1.1456e+00
6.0000e+01 -1.9000e+02 1.4357e+00
6.0000e+01 -1.8000e+02 -2.7418e+00
6.0000e+01 -1.7000e+02 -2.0236e-01
6.0000e+01 -1.6000e+02 -8.0036e-01
6.0000e+01 -1.5000e+02 -2.1653e+00
6.0000e+01 -1.4000e+02 1.9728e+00
6.0000e+01 -1.3000e+02 -1.9667e+00
6.0000e+01 -1.2000e+02 1.8359e-01
6.0000e+01 -1.1000e+02 -2.3085e+00
6.0000e+01 -1.0000e+02 -1.3792e+00
6.0000e+01 -9.0000e+01 -3.6659e+00
6.0000e+01 -8.0000e+01 -2.8835e+00
6.0000e+01 -7.0000e+01 -4.2678e+00
6.0000e+01 -6.0000e+01 -7.8049e+00
6.0000e+01 -5.0000e+01 -3.4699e+00
6.0000e+01 -4.0000e+01 -7.0931e+00
6.0000e+01 -3.0000e+01 -7.7131e+00
6.0000e+01 -2.0000e+01 -7.4221e+00
6.0000e+01 -1.0000e+01 -9.7779e+00
6.0000e+01 0.0000e+00 -7.4559e+00
6.0000e+01 1.0000e+01 -1.0355e+01
6.0000e+01 2.0000e+01 -6.7449e+00
6.0000e+01 3.0000e+01 -7.9653e+00
6.0000e+01 4.0000e+01 -9.9904e+00
6.0000e+01 5.0000e+01 -7.3025e+00
6.0000e+01 6.0000e+01 -4.1754e+00
6.0000e+01 7.0000e+01 -3.9944e+00
6.0000e+01 8.0000e+01 -6.1472e+00
6.0000e+01 9.0000e+01 -3.2346e+00
6.0000e+01 1.0000e+02 -3.3331e+00
6.0000e+01 1.1000e+02 -9.0056e-02
6.0000e+01 1.2000e+02 -5.0186e-03
6.0000e+01 1.3000e+02 -7.8857e-01
6.0000e+01 1.4000e+02 1.8654e+00
6.0000e+01 1.5000e+02 -1.0581e+00
6.0000e+01 1.6000e+02 1.1005e+00
6.0000e+01 1.7000e+02 -1.1430e-01
6.0000e+01 1.8000e+02 7.0405e-01
6.0000e+01 1.9000e+02 -3.1120e+00
6.0000e+01 2.0000e+02 1.0174e+00
7.0000e+01 -2.0000e+02 -5.8727e-01
7.0000e+01 -1.9000e+02 4.3226e-02
7.0000e+01 -1.8000e+02 -7.5235e-01
7.0000e+01 -1.7000e+02 2.7397e-01
7.0000e+01 -1.6000e+02 -3.8435e-01
7.0000e+01 -1.5000e+02 -1.5433e+00
7.0000e+01 -1.4000e+02 -1.9518e+00
7.0000e+01 -1.3000e+02 -3.1238e+00
7.0000e+01 -1.2000e+02 -2.9917e+00
7.0000e+01 -1.1000e+02 -2.6919e-01
7.0000e+01 -1.0000e+02 -1.2863e+00
7.0000e+01 -9.0000e+01 -2.4228e+00
7.0000e+01 -8.0000e+01 -3.6433e+00
7.0000e+01 -7.0000e+01 -1.6297e+00
7.0000e+01 -6.0000e+01 -3.8884e+00
7.0000e+01 -5.0000e+01 -7.7546e+00
7.0000e+01 -4.0000e+01 -4.2839e+00
7.0000e+01 -3.0000e+01 -9.0923e+00
7.0000e+01 -2.0000e+01 -5.5603e+00
7.0000e+01 -1.0000e+01 -6.8047e+00
7.0000e+01 0.0000e+00 -8.6296e+00
7.0000e+01 1.0000e+01 -8.5745e+00
7.0000e+01 2.0000e+01 -6.1761e+00
7.0000e+01 3.0000e+01 -5.7361e+00
7.0000e+01 4.0000e+01 -7.5743e+00
7.0000e+01 5.0000e+01 -3.6548e+00
7.0000e+01 6.0000e+01 -3.9653e+00
7.0000e+01 7.0000e+01 -1.5612e+00
7.0000e+01 8.0000e+01 -2.7194e+00
7.0000e+01 9.0000e+01 -1.6617e+00
7.0000e+01 1.0000e+02 -1.1198e+00
7.0000e+01 1.1000e+02 1.3317e+00
7.0000e+01 1.2000e+02 1.6487e+00
7.0000e+01 1.3000e+02 -2.6311e-01
7.0000e+01 1.4000e+02 -1.5749e+00
7.0000e+01 1.5000e+02 -1.3981e+00
7.0000e+01 1.6000e+02 1.0501e+00
7.0000e+01 1.7000e+02 -2.0567e-01
7.0000e+01 1.8000e+02 1.3420e+00
7.0000e+01 1.9000e+02 4.8343e-01
7.0000e+01 2.0000e+02 -4.6152e-01
8.0000e+01 -2.0000e+02 1.6141e+00
8.0000e+01 -1.9000e+02 -1.6054e+00
8.0000e+01 -1.8000e+02 1.6724e-01
8.0000e+01 -1.7000e+02 -1.4255e+00
8.0000e+01 -1.6000e+02 1.5069e+00
8.0000e+01 -1.5000e+02 -1.3797e+00
8.0000e+01 -1.4000e+02 1.0942e+00
8.0000e+01 -1.3000e+02 -3.5861e-01
8.0000e+01 -1.2000e+02 7.0682e-01
8.0000e+01 -1.1000e+02 5.5398e-01
8.0000e+01 -1.0000e+02 -1.3832e+00
8.0000e+01 -9.0000e+01 -1.3056e+00
8.0000e+01 -8.0000e+01 -3.0244e+00
8.0000e+01 -7.0000e+01 -3.4722e+00
8.0000e+01 -6.0000e+01 -2.5549e+00
8.0000e+01 -5.0000e+01 -2.7117e+00
8.0000e+01 -4.0000e+01 -3.0397e+00
8.0000e+01 -3.0000e+01 -4.2889e+00
8.0000e+01 -2.0000e+01 -5.9699e+00
8.0000e+01 -1.0000e+01 -5.3363e+00
8.0000e+01 0.0000e+00 -5.6870e+00
8.0000e+01 1.0000e+01 -3.5966e+00
8.0000e+01 2.0000e+01 -6.3651e+00
8.0000e+01 3.0000e+01 -5.4992e+00
8.0000e+01 4.0000e+01 -4.2981e+00
8.0000e+01 5.0000e+01 -5.2417e+00
8.0000e+01 6.0000e+01 -3.0742e+00
8.0000e+01 7.0000e+01 -3.1982e+00
8.0000e+01 8.0000e+01 -2.3209e+00
8.0000e+01 9.0000e+01 -3.7955e+00
8.0000e+01 1.0000e+02 -3.2611e+00
8.0000e+01 1.1000e+02 -4.5197e-01
8.0000e+01 1.2000e+02 5.6588e-02
8.0000e+01 1.3000e+02 -1.2405e+00
8.0000e+01 1.4000e+02 1.1196e+00
8.0000e+01 1.5000e+02 1.7865e+00
8.0000e+01 1.6000e+02 2.7195e+00
8.0000e+01 1.7000e+02 3.7968e+00
8.0000e+01 1.8000e+02 2.1470e-01
8.0000e+01 1.9000e+02 -1.7841e+00
8.0000e+01 2.0000e+02 -1.1994e-01
9.0000e+01 -2.0000e+02 -2.1667e+00
9.0000e+01 -1.9000e+02 -1.7478e+00
9.0000e+01 -1.8000e+02 -2.8039e-01
9.0000e+01 -1.7000e+02 1.4807e+00
9.0000e+01 -1.6000e+02 -1.9809e+00
9.0000e+01 -1.5000e+02 8.9775e-01
9.0000e+01 -1.4000e+02 -1.4521e+00
9.0000e+01 -1.3000e+02 -1.5007e+00
9.0000e+01 -1.2000e+02 -1.6717e-01
9.0000e+01 -1.1000e+02 1.6553e+00
9.0000e+01 -1.0000e+02 -1.7078e+00
9.0000e+01 -9.0000e+01 -7.9982e-02
9.0000e+01 -8.0000e+01 -1.0517e-01
9.0000e+01 -7.0000e+01 -4.1204e+00
9.0000e+01 -6.0000e+01 -3.1868e+00
9.0000e+01 -5.0000e+01 -1.4582e+00
9.0000e+01 -4.0000e+01 -3.4593e+00
9.0000e+01 -3.0000e+01 -5.3816e+00
9.0000e+01 -2.0000e+01 -1.2097e+00
9.0000e+01 -1.0000e+01 -4.0128e+00
9.0000e+01 0.0000e+00 -5.5179e+00
9.0000e+01 1.0000e+01 -4.8052e+00
9.0000e+01 2.0000e+01 -5.5910e+00
9.0000e+01 3.0000e+01 -3.2366e+00
9.0000e+01 4.0000e+01 -4.0117e+00
9.0000e+01 5.0000e+01 -5.5980e+00
9.0000e+01 6.0000e+01 -5.7960e-01
9.0000e+01 7.0000e+01 -2.8050e+00
9.0000e+01 8.0000e+01 -2.5583e+00
9.0000e+01 9.0000e+01 -1.8962e-01
9.0000e+01 1.0000e+02 -7.6493e-02
9.0000e+01 1.1000e+02 -1.0124e+00
9.0000e+01 1.2000e+02 -3.3632e+00
9.0000e+01 1.3000e+02 1.1443e-01
9.0000e+01 1.4000e+02 -1.8961e+00
9.0000e+01 1.5000e+02 4.4260e-02
9.0000e+01 1.6000e+02 2.6188e+00
9.0000e+01 1.7000e+02 2.1707e+00
9.0000e+01 1.8000e+02 6.4226e-01
9.0000e+01 1.9000e+02 2.0508e+00
9.0000e+01 2.0000e+02 2.5886e+00
1.0000e+02 -2.0000e+02 -3.4074e+00
1.0000e+02 -1.9000e+02 -1.3287e+00
1.0000e+02 -1.8000e+02 1.3651e+00
1.0000e+02 -1.7000e+02 -2.7892e-01
1.0000e+02 -1.6000e+02 1.4217e+00
1.0000e+02 -1.5000e+02 -8.2897e-01
1.0000e+02 -1.4000e+02 5.0976e-01
1.0000e+02 -1.3000e+02 -8.3636e-01
1.0000e+02 -1.2000e+02 -2.4206e+00
1.0000e+02 -1.1000e+02 -2.5720e+00
1.0000e+02 -1.0000e+02 1.6128e+00
1.0000e+02 -9.0000e+01 -2.5059e+00
1.0000e+02 -8.0000e+01 8.5266e-02
1.0000e+02 -7.0000e+01 -5.9848e+00
1.0000e+02 -6.0000e+01 -4.5942e+00
1.0000e+02 -5.0000e+01 1.5249e+00
1.0000e+02 -4.0000e+01 -1.5677e+00
1.0000e+02 -3.0000e+01 -2.0528e+00
1.0000e+02 -2.0000e+01 -4.4206e+00
1.0000e+02 -1.0000e+01 -4.3944e+00
1.0000e+02 0.0000e+00 -3.3067e+00
1.0000e+02 1.0000e+01 -4.1768e+00
1.0000e+02 2.0000e+01 -2.8518e+00
1.0000e+02 3.0000e+01 -1.2984e+00
1.0000e+02 4.0000e+01 -6.5207e-01
1.0000e+02 5.0000e+01 -3.4760e+00
1.0000e+02 6.0000e+01 -5.4256e+00
1.0000e+02 7.0000e+01 -4.1712e+00
1.0000e+02 8.0000e+01 1.0077e+00
1.0000e+02 9.0000e+01 6.3841e-01
1.0000e+02 1.0000e+02 -2.7526e-01
1.0000e+02 1.1000e+02 6.4813e-01
1.0000e+02 1.2000e+02 -9.7322e-01
1.0000e+02 1.3000e+02 7.8042e-01
1.0000e+02 1.4000e+02 -7.6972e-01
1.0000e+02 1.5000e+02 -2.7270e+00
1.0000e+02 1.6000e+02 3.3853e-01
1.0000e+02 1.7000e+02 -8.0278e-01
1.0000e+02 1.8000e+02 -2.5531e-01
1.0000e+02 1.9000e+02 -2.8833e+00
1.0000e+02 2.0000e+02 -1.3682e+00
1.1000e+02 -2.0000e+02 -1.7545e-01
1.1000e+02 -1.9000e+02 2.4692e+00
1.1000e+02 -1.8000e+02 4.6318e-01
1.1000e+02 -1.7000e+02 -2.7266e+00
1.1000e+02 -1.6000e+02 1.0014e+00
1.1000e+02 -1.5000e+02 -8.6387e-01
1.1000e+02 -1.4000e+02 1.6769e+00
1.1000e+02 -1.3000e+02 -1.7872e-01
1.1000e+02 -1.2000e+02 -2.6063e+00
1.1000e+02 -1.1000e+02 -1.3647e+00
1.1000e+02 -1.0000e+02 7.4918e-01
1.1000e+02 -9.0000e+01 1.9107e+00
1.1000e+02 -8.0000e+01 4.5944e-01
1.1000e+02 -7.0000e+01 -3.1476e+00
1.1000e+02 -6.0000e+01 -1.8826e+00
1.1000e+02 -5.0000e+01 -2.1213e+00
1.1000e+02 -4.0000e+01 -8.9815e-01
1.1000e+02 -3.0000e+01 -4.8424e+00
1.1000e+02 -2.0000e+01 -2.2383e+00
1.1000e+02 -1.0000e+01 -4.0223e+00
1.1000e+02 0.0000e+00 5.3111e-01
1.1000e+02 1.0000e+01 -3.1627e+00
1.1000e+02 2.0000e+01 -1.4201e+00
1.1000e+02 3.0000e+01 -4.9687e-02
1.1000e+02 4.0000e+01 -2.8063e+00
1.1000e+02 5.0000e+01 -3.2060e+00
1.1000e+02 6.0000e+01 -1.7975e+00
1.1000e+02 7.0000e+01 -4.4091e-01
1.1000e+02 8.0000e+01 -2.5714e+00
1.1000e+02 9.0000e+01 -5.2471e-02
1.1000e+02 1.0000e+02 1.1977e+00
1.1000e+02 1.1000e+02 -5.1702e-01
1.1000e+02 1.2000e+02 -1.1080e+00
1.1000e+02 1.3000e+02 3.8228e-01
1.1000e+02 1.4000e+02 4.2315e-01
1.1000e+02 1.5000e+02 -1.1966e+00
1.1000e+02 1.6000e+02 -9.6933e-01
1.1000e+02 1.7000e+02 -9.7956e-01
1.1000e+02 1.8000e+02 1.4589e+00
1.1000e+02 1.9000e+02 -7.9928e-02
1.1000e+02 2.0000e+02 2.0602e+00
1.2000e+02 -2.0000e+02 1.8353e+00
1.2000e+02 -1.9000e+02 8.7049e-01
1.2000e+02 -1.8000e+02 -3.2349e-01
1.2000e+02 -1.7000e+02 9.1610e-01
1.2000e+02 -1.6000e+02 2.4627e+00
1.2000e+02 -1.5000e+02 -1.2890e+00
1.2000e+02 -1.4000e+02 8.9593e-01
1.2000e+02 -1.3000e+02 -1.2905e+00
1.2000e+02 -1.2000e+02 2.5947e+00
1.2000e+02 -1.1000e+02 1.6619e+00
1.2000e+02 -1.0000e+02 1.0700e+00
1.2000e+02 -9.0000e+01 -1.6846e+00
1.2000e+02 -8.0000e+01 -3.0645e+00
1.2000e+02 -7.0000e+01 2.5310e+00
1.2000e+02 -6.0000e+01 -4.7454e-01
1.2000e+02 -5.0000e+01 -6.2673e-01
1.2000e+02 -4.0000e+01 8.2193e-02
1.2000e+02 -3.0000e+01 -1.7373e+00
1.2000e+02 -2.0000e+01 -8.2095e-01
1.2000e+02 -1.0000e+01 -2.2244e+00
1.2000e+02 0.0000e+00 -1.0039e+00
1.2000e+02 1.0000e+01 -2.5578e+00
1.2000e+02 2.0000e+01 -1.6701e+00
1.2000e+02 3.0000e+01 -1.2952e+00
1.2000e+02 4.0000e+01 -7.5037e-02
1.2000e+02 5.0000e+01 -4.2784e+00
1.2000e+02 6.0000e+01 1.4602e+00
1.2000e+02 7.0000e+01 -1.0256e+00
1.2000e+02 8.0000e+01 -9.4907e-01
1.2000e+02 9.0000e+01 -7.0124e-01
1.2000e+02 1.0000e+02 -2.6179e+00
1.2000e+02 1.1000e+02 9.2461e-01
1.2000e+02 1.2000e+02 -1.1015e+00
1.2000e+02 1.3000e+02 -2.0555e+00
1.2000e+02 1.4000e+02 1.1708e+00
1.2000e+02 1.5000e+02 -1.5474e+00
1.2000e+02 1.6000e+02 9.8489e-01
1.2000e+02 1.7000e+02 -6.7776e-01
1.2000e+02 1.8000e+02 -2.1168e-01
1.2000e+02 1.9000e+02 -4.9770e-01
1.2000e+02 2.0000e+02 7.7788e-01
1.3000e+02 -2.0000e+02 -6.4317e-01
1.3000e+02 -1.9000e+02 -9.7762e-01
1.3000e+02 -1.8000e+02 1.5403e+00
1.3000e+02 -1.7000e+02 3.9432e-01
1.3000e+02 -1.6000e+02 1.3616e+00
1.3000e+02 -1.5000e+02 -1.1655e+00
1.3000e+02 -1.4000e+02 -6.8591e-01
1.3000e+02 -1.3000e+02 -1.1088e+00
1.3000e+02 -1.2000e+02 1.5532e-01
1.3000e+02 -1.1000e+02 1.6886e+00
1.3000e+02 -1.0000e+02 1.7925e-01
1.3000e+02 -9.0000e+01 -4.3419e-04
1.3000e+02 -8.0000e+01 3.3486e+00
1.3000e+02 -7.0000e+01 -3.1507e-01
1.3000e+02 -6.0000e+01 -4.1643e-01
1.3000e+02 -5.0000e+01 1.8529e-01
1.3000e+02 -4.0000e+01 -5.2144e-01
1.3000e+02 -3.0000e+01 -6.6813e-01
1.3000e+02 -2.0000e+01 -1.1161e+00
1.3000e+02 -1.0000e+01 -1.9983e+00
1.3000e+02 0.0000e+00 -2.6917e+00
1.3000e+02 1.0000e+01 -1.7340e+00
1.3000e+02 2.0000e+01 -2.9326e+00
1.3000e+02 3.0000e+01 -1.3186e+00
1.3000e+02 4.0000e+01 3.0037e-02
1.3000e+02 5.0000e+01 -1.4630e+00
1.3000e+02 6.0000e+01 -7.7871e-01
1.3000e+02 7.0000e+01 -2.3932e-01
1.3000e+02 8.0000e+01 -1.3480e+00
1.3000e+02 9.0000e+01 1.6621e+00
1.3000e+02 1.0000e+02 -9.4832e-01
1.3000e+02 1.1000e+02 4.6237e-01
1.3000e+02 1.2000e+02 1.1081e+00
1.3000e+02 1.3000e+02 2.7704e-01
1.3000e+02 1.4000e+02 4.5727e-01
1.3000e+02 1.5000e+02 2.4674e+00
1.3000e+02 1.6000e+02 1.2348e+00
1.3000e+02 1.7000e+02 -2.0934e-01
1.3000e+02 1.8000e+02 1.4518e+00
1.3000e+02 1.9000e+02 8.5616e-01
1.3000e+02 2.0000e+02 -2.5913e+00
1.4000e+02 -2.0000e+02 -7.8528e-01
1.4000e+02 -1.9000e+02 5.5762e-01
1.4000e+02 -1.8000e+02 8.8038e-01
1.4000e+02 -1.7000e+02 7.6872e-01
1.4000e+02 -1.6000e+02 8.8328e-01
1.4000e+02 -1.5000e+02 9.9245e-01
1.4000e+02 -1.4000e+02 1.7249e+00
1.4000e+02 -1.3000e+02 2.2496e+00
1.4000e+02 -1.2000e+02 1.0710e+00
1.4000e+02 -1.1000e+02 4.1900e-01
1.4000e+02 -1.0000e+02 -2.6131e+00
1.4000e+02 -9.0000e+01 1.8741e+00
1.4000e+02 -8.0000e+01 -2.9214e-01
1.4000e+02 -7.0000e+01 8.5722e-01
1.4000e+02 -6.0000e+01 9.7532e-01
1.4000e+02 -5.0000e+01 -2.5306e+00
1.4000e+02 -4.0000e+01 1.5707e+00
1.4000e+02 -3.0000e+01 -4.5111e-01
1.4000e+02 -2.0000e+01 -4.5210e-01
1.4000e+02 -1.0000e+01 1.8751e+00
1.4000e+02 0.0000e+00 -2.6581e+00
1.4000e+02 1.0000e+01 1.3189e+00
1.4000e+02 2.0000e+01 -1.7959e+00
1.4000e+02 3.0000e+01 1.0169e+00
1.4000e+02 4.0000e+01 -9.2521e-01
1.4000e+02 5.0000e+01 -8.6694e-01
1.4000e+02 6.0000e+01 -1.5793e+00
1.4000e+02 7.0000e+01 -3.9393e-01
1.4000e+02 8.0000e+01 -3.0051e+00
1.4000e+02 9.0000e+01 8.5157e-01
1.4000e+02 1.0000e+02 -2.2972e+00
1.4000e+02 1.1000e+02 -1.8794e+00
1.4000e+02 1.2000e+02 1.7285e+00
1.4000e+02 1.3000e+02 3.7650e+00
1.4000e+02 1.4000e+02 6.3730e-01
1.4000e+02 1.5000e+02 3.0881e-01
1.4000e+02 1.6000e+02 -2.5060e-01
1.4000e+02 1.7000e+02 1.7941e+00
1.4000e+02 1.8000e+02 -3.8929e-01
1.4000e+02 1.9000e+02 -5.2545e-01
1.4000e+02 2.0000e+02 -5.3508e-01
1.5000e+02 -2.0000e+02 8.9090e-01
1.5000e+02 -1.9000e+02 -1.3198e+00
1.5000e+02 -1.8000e+02 1.6306e+00
1.5000e+02 -1.7000e+02 3.4961e-01
1.5000e+02 -1.6000e+02 -6.4976e-01
1.5000e+02 -1.5000e+02 9.2305e-01
1.5000e+02 -1.4000e+02 -2.3900e-02
1.5000e+02 -1.3000e+02 -1.7574e+00
1.5000e+02 -1.2000e+02 -8.4955e-02
1.5000e+02 -1.1000e+02 1.2535e-01
1.5000e+02 -1.0000e+02 -6.9657e-01
1.5000e+02 -9.0000e+01 1.1862e+00
1.5000e+02 -8.0000e+01 -1.1930e+00
1.5000e+02 -7.0000e+01 9.8672e-01
1.5000e+02 -6.0000e+01 -6.0994e-01
1.5000e+02 -5.0000e+01 -1.4951e+00
1.5000e+02 -4.0000e+01 3.4811e-01
1.5000e+02 -3.0000e+01 9.6480e-01
1.5000e+02 -2.0000e+01 2.2389e+00
1.5000e+02 -1.0000e+01 -2.5709e+00
1.5000e+02 0.0000e+00 -1.5406e+00
1.5000e+02 1.0000e+01 1.0351e+00
1.5000e+02 2.0000e+01 6.2997e-01
1.5000e+02 3.0000e+01 6.5331e-01
1.5000e+02 4.0000e+01 -1.6265e+00
1.5000e+02 5.0000e+01 -1.8684e+00
1.5000e+02 6.0000e+01 -4.1424e+00
1.5000e+02 7.0000e+01 3.0754e-01
1.5000e+02 8.0000e+01 -1.3878e+00
1.5000e+02 9.0000e+01 -2.0752e+00
1.5000e+02 1.0000e+02 2.2761e+00
1.5000e+02 1.1000e+02 -6.4897e-01
1.5000e+02 1.2000e+02 -1.0841e+00
1.5000e+02 1.3000e+02 -1.3575e+00
1.5000e+02 1.4000e+02 1.3271e+00
1.5000e+02 1.5000e+02 -1.2405e-01
1.5000e+02 1.6000e+02 -2.1109e+00
1.5000e+02 1.7000e+02 -1.6867e+00
1.5000e+02 1.8000e+02 1.4480e+00
1.5000e+02 1.9000e+02 3.0150e-01
1.5000e+02 2.0000e+02 4.7762e-01
1.6000e+02 -2.0000e+02 -2.3791e+00
1.6000e+02 -1.9000e+02 2.6554e+00
1.6000e+02 -1.8000e+02 -1.1735e+00
1.6000e+02 -1.7000e+02 -1.3288e+00
1.6000e+02 -1.6000e+02 9.1189e-01
1.6000e+02 -1.5000e+02 2.7890e+00
1.6000e+02 -1.4000e+02 -8.3071e-01
1.6000e+02 -1.3000e+02 3.6833e-01
1.6000e+02 -1.2000e+02 -2.5812e-01
1.6000e+02 -1.1000e+02 3.0340e-02
1.6000e+02 -1.0000e+02 -1.9572e+00
1.6000e+02 -9.0000e+01 -6.1045e-01
1.6000e+02 -8.0000e+01 1.4876e+00
1.6000e+02 -7.0000e+01 2.7600e+00
1.6000e+02 -6.0000e+01 4.6385e-01
1.6000e+02 -5.0000e+01 -2.0664e+00
1.6000e+02 -4.0000e+01 -1.5238e-01
1.6000e+02 -3.0000e+01 -5.5303e-01
1.6000e+02 -2.0000e+01 -2.7261e+00
1.6000e+02 -1.0000e+01 -4.6690e-01
1.6000e+02 0.0000e+00 4.9443e-01
1.6000e+02 1.0000e+01 -1.7940e+00
1.6000e+02 2.0000e+01 4.0246e-01
1.6000e+02 3.0000e+01 -2.3953e-01
1.6000e+02 4.0000e+01 -1.6629e+00
1.6000e+02 5.0000e+01 9.2720e-01
1.6000e+02 6.0000e+01 -2.8351e-01
1.6000e+02 7.0000e+01 2.3028e+00
1.6000e+02 8.0000e+01 1.6199e+00
1.6000e+02 9.0000e+01 -2.3280e-01
1.6000e+02 1.0000e+02 -2.5487e+00
1.6000e+02 1.1000e+02 2.1832e+00
1.6000e+02 1.2000e+02 2.1055e+00
1.6000e+02 1.3000e+02 1.3310e-01
1.6000e+02 1.4000e+02 5.9362e-01
1.6000e+02 1.5000e+02 -6.6435e-01
1.6000e+02 1.6000e+02 3.9334e+00
1.6000e+02 1.7000e+02 5.7255e-01
1.6000e+02 1.8000e+02 1.0245e+00
1.6000e+02 1.9000e+02 -6.6014e-01
1.6000e+02 2.0000e+02 1.6400e+00
1.7000e+02 -2.0000e+02 -2.7688e+00
1.7000e+02 -1.9000e+02 -1.3844e+00
1.7000e+02 -1.8000e+02 -1.4024e+00
1.7000e+02 -1.7000e+02 1.6606e+00
1.7000e+02 -1.6000e+02 -1.5999e+00
1.7000e+02 -1.5000e+02 6.8549e-02
1.7000e+02 -1.4000e+02 -2.5548e+00
1.7000e+02 -1.3000e+02 -9.5045e-01
1.7000e+02 -1.2000e+02 5.2479e-01
1.7000e+02 -1.1000e+02 1.9325e+00
1.7000e+02 -1.0000e+02 1.1264e+00
1.7000e+02 -9.0000e+01 -3.2845e-01
1.7000e+02 -8.0000e+01 -3.3781e-01
1.7000e+02 -7.0000e+01 -1.1929e+00
1.7000e+02 -6.0000e+01 -5.5418e-01
1.7000e+02 -5.0000e+01 -8.3842e-01
1.7000e+02 -4.0000e+01 2.0540e+00
1.7000e+02 -3.0000e+01 -2.1330e+00
1.7000e+02 -2.0000e+01 -1.0363e+00
1.7000e+02 -1.0000e+01 -1.4030e+00
1.7000e+02 0.0000e+00 -9.8640e-01
1.7000e+02 1.0000e+01 -4.5336e+00
1.7000e+02 2.0000e+01 8.8567e-01
1.7000e+02 3.0000e+01 -2.1171e-01
1.7000e+02 4.0000e+01 -1.9511e+00
1.7000e+02 5.0000e+01 1.5630e+00
1.7000e+02 6.0000e+01 1.4397e+00
1.7000e+02 7.0000e+01 -1.5615e+00
1.7000e+02 8.0000e+01 -1.1695e+00
1.7000e+02 9.0000e+01 -3.8932e-01
1.7000e+02 1.0000e+02 6.7966e-01
1.7000e+02 1.1000e+02 8.9443e-01
1.7000e+02 1.2000e+02 2.3893e-01
1.7000e+02 1.3000e+02 -1.9439e+00
1.7000e+02 1.4000e+02 -1.5020e+00
1.7000e+02 1.5000e+02 -1.1016e+00
1.7000e+02 1.6000e+02 -1.1537e+00
1.7000e+02 1.7000e+02 -1.2920e+00
1.7000e+02 1.8000e+02 8.0146e-01
1.7000e+02 1.9000e+02 8.1478e-01
1.7000e+02 2.0000e+02 6.0049e-01
1.8000e+02 -2.0000e+02 -9.2258e-01
1.8000e+02 -1.9000e+02 -3.6195e+00
1.8000e+02 -1.8000e+02 -9.2027e-01
1.8000e+02 -1.7000e+02 -2.6945e+00
1.8000e+02 -1.6000e+02 1.8685e+00
1.8000e+02 -1.5000e+02 4.3527e-01
1.8000e+02 -1.4000e+02 -8.5473e-01
1.8000e+02 -1.3000e+02 1.4463e+00
1.8000e+02 -1.2000e+02 -1.9923e-01
1.8000e+02 -1.1000e+02 1.1272e+00
1.8000e+02 -1.0000e+02 -1.4287e+00
1.8000e+02 -9.0000e+01 4.5142e-01
1.8000e+02 -8.0000e+01 -2.2722e+00
1.8000e+02 -7.0000e+01 -2.8327e+00
1.8000e+02 -6.0000e+01 1.9102e+00
1.8000e+02 -5.0000e+01 -7.4632e-01
1.8000e+02 -4.0000e+01 -6.5459e-01
1.8000e+02 -3.0000e+01 -9.7726e-01
1.8000e+02 -2.0000e+01 -2.5847e+00
1.8000e+02 -1.0000e+01 1.0368e-01
1.8000e+02 0.0000e+00 -7.6612e-01
1.8000e+02 1.0000e+01 3.9165e-01
1.8000e+02 2.0000e+01 -1.0889e-01
1.8000e+02 3.0000e+01 2.2810e+00
1.8000e+02 4.0000e+01 3.4927e+00
1.8000e+02 5.0000e+01 -5.3898e-01
1.8000e+02 6.0000e+01 -1.5433e+00
1.8000e+02 7.0000e+01 3.0136e+00
1.8000e+02 8.0000e+01 2.0011e+00
1.8000e+02 9.0000e+01 -3.0082e+00
1.8000e+02 1.0000e+02 1.5076e+00
1.8000e+02 1.1000e+02 -9.4404e-01
1.8000e+02 1.2000e+02 1.2961e+00
1.8000e+02 1.3000e+02 6.4192e-01
1.8000e+02 1.4000e+02 8.5080e-01
1.8000e+02 1.5000e+02 -2.2874e+00
1.8000e+02 1.6000e+02 1.1088e-01
1.8000e+02 1.7000e+02 -8.7661e-01
1.8000e+02 1.8000e+02 -5.4053e-01
1.8000e+02 1.9000e+02 -1.0382e+00
1.8000e+02 2.0000e+02 1.3019e-01
1.9000e+02 -2.0000e+02 -2.0772e+00
1.9000e+02 -1.9000e+02 -5.1130e-01
1.9000e+02 -1.8000e+02 -2.9836e-01
1.9000e+02 -1.7000e+02 -1.8774e+00
1.9000e+02 -1.6000e+02 -6.0755e-01
1.9000e+02 -1.5000e+02 -1.2071e+00
1.9000e+02 -1.4000e+02 -4.7472e+00
1.9000e+02 -1.3000e+02 1.3117e+00
1.9000e+02 -1.2000e+02 -1.4419e+00
1.9000e+02 -1.1000e+02 2.1347e+00
1.9000e+02 -1.0000e+02 -1.0710e+00
1.9000e+02 -9.0000e+01 -2.4794e+00
1.9000e+02 -8.0000e+01 -1.7792e+00
1.9000e+02 -7.0000e+01 2.4641e-01
1.9000e+02 -6.0000e+01 -2.8845e+00
1.9000e+02 -5.0000e+01 -1.0423e+00
1.9000e+02 -4.0000e+01 1.7522e+00
1.9000e+02 -3.0000e+01 -1.5879e+00
1.9000e+02 -2.0000e+01 1.4363e-01
1.9000e+02 -1.0000e+01 -1.5921e+00
1.9000e+02 0.0000e+00 1.7695e+00
1.9000e+02 1.0000e+01 1.5535e+00
1.9000e+02 2.0000e+01 -4.7870e-01
1.9000e+02 3.0000e+01 -7.4115e-01
1.9000e+02 4.0000e+01 -8.4561e-01
1.9000e+02 5.0000e+01 2.1194e+00
1.9000e+02 6.0000e+01 -2.1755e+00
1.9000e+02 7.0000e+01 -2.3977e+00
1.9000e+02 8.0000e+01 -9.3269e-01
1.9000e+02 9.0000e+01 -1.0241e+00
1.9000e+02 1.0000e+02 -1.2154e-01
1.9000e+02 1.1000e+02 -2.4810e+00
1.9000e+02 1.2000e+02 1.7962e+00
1.9000e+02 1.3000e+02 4.7958e-01
1.9000e+02 1.4000e+02 1.1435e+00
1.9000e+02 1.5000e+02 5.7431e-01
1.9000e+02 1.6000e+02 1.6754e+00
1.9000e+02 1.7000e+02 -2.1842e-02
1.9000e+02 1.8000e+02 1.6076e+00
1.9000e+02 1.9000e+02 3.8574e+00
1.9000e+02 2.0000e+02 -1.5848e+00
2.0000e+02 -2.0000e+02 1.2203e+00
2.0000e+02 -1.9000e+02 -1.6897e-01
2.0000e+02 -1.8000e+02 7.7237e-01
2.0000e+02 -1.7000e+02 6.9099e-01
2.0000e+02 -1.6000e+02 -7.3525e-01
2.0000e+02 -1.5000e+02 7.6001e-02
2.0000e+02 -1.4000e+02 1.1107e+00
2.0000e+02 -1.3000e+02 -9.9187e-01
2.0000e+02 -1.2000e+02 9.9057e-01
2.0000e+02 -1.1000e+02 3.7127e+00
2.0000e+02 -1.0000e+02 -3.2272e+00
2.0000e+02 -9.0000e+01 -1.2659e-01
2.0000e+02 -8.0000e+01 3.4923e-01
2.0000e+02 -7.0000e+01 1.5576e-01
2.0000e+02 -6.0000e+01 -1.8981e-02
2.0000e+02 -5.0000e+01 -1.6189e+00
2.0000e+02 -4.0000e+01 -1.4082e+00
2.0000e+02 -3.0000e+01 1.3332e+00
2.0000e+02 -2.0000e+01 2.0744e+00
2.0000e+02 -1.0000e+01 9.2295e-01
2.0000e+02 0.0000e+00 -3.2504e-01
2.0000e+02 1.0000e+01 -1.9377e+00
2.0000e+02 2.0000e+01 4.4332e+00
2.0000e+02 3.0000e+01 3.6035e-01
2.0000e+02 4.0000e+01 1.5522e+00
2.0000e+02 5.0000e+01 2.4173e+00
2.0000e+02 6.0000e+01 1.1311e+00
2.0000e+02 7.0000e+01 -2.6114e+00
2.0000e+02 8.0000e+01 -6.6718e-01
2.0000e+02 9.0000e+01 -5.7832e-01
2.0000e+02 1.0000e+02 8.2845e-01
2.0000e+02 1.1000e+02 -3.2683e+00
2.0000e+02 1.2000e+02 -2.4125e+00
2.0000e+02 1.3000e+02 -4.5802e-01
2.0000e+02 1.4000e+02 -7.5826e-01
2.0000e+02 1.5000e+02 -2.6527e+00
2.0000e+02 1.6000e+02 1.9391e+00
2.0000e+02 1.7000e+02 1.1209e+00
2.0000e+02 1.8000e+02 2.3655e+00
2.0000e+02 1.9000e+02 -4.8285e-01
2.0000e+02 2.0000e+02 2.4976e-01
