-2.0000e+02 -2.0000e+02 -3.8781e-01
-2.0000e+02 -1.9000e+02 3.9587e-02
-2.0000e+02 -1.8000e+02 9.8523e-01
-2.0000e+02 -1.7000e+02 2.4148e+00
-2.0000e+02 -1.6000e+02 3.3331e-01
-2.0000e+02 -1.5000e+02 5.0220e-01
-2.0000e+02 -1.4000e+02 -2.1213e+00
-2.0000e+02 -1.3000e+02 -3.0837e+00
-2.0000e+02 -1.2000e+02 -3.1546e+00
-2.0000e+02 -1.1000e+02 -1.6994e-01
-2.0000e+02 -1.0000e+02 6.9887e-02
-2.0000e+02 -9.0000e+01 7.8721e-01
-2.0000e+02 -8.0000e+01 1.4677e+00
-2.0000e+02 -7.0000e+01 3.6232e+00
-2.0000e+02 -6.0000e+01 -2.2258e+00
-2.0000e+02 -5.0000e+01 -8.6394e-01
-2.0000e+02 -4.0000e+01 1.8221e+00
-2.0000e+02 -3.0000e+01 1.3110e+00
-2.0000e+02 -2.0000e+01 3.2443e-01
-2.0000e+02 -1.0000e+01 1.3584e+00
-2.0000e+02 0.0000e+00 2.0695e+00
-2.0000e+02 1.0000e+01 -1.2422e+00
-2.0000e+02 2.0000e+01 1.2653e+00
-2.0000e+02 3.0000e+01 1.9619e+00
-2.0000e+02 4.0000e+01 3.6118e-01
-2.0000e+02 5.0000e+01 -1.1824e-01
-2.0000e+02 6.0000e+01 -2.4954e+00
-2.0000e+02 7.0000e+01 1.3370e-01
-2.0000e+02 8.0000e+01 1.5702e+00
-2.0000e+02 9.0000e+01 -7.4277e-01
-2.0000e+02 1.0000e+02 -3.6848e-01
-2.0000e+02 1.1000e+02 -2.1697e-01
-2.0000e+02 1.2000e+02 8.8225e-01
-2.0000e+02 1.3000e+02 1.9087e+00
-2.0000e+02 1.4000e+02 -7.5090e-01
-2.0000e+02 1.5000e+02 -1.9166e-01
-2.0000e+02 1.6000e+02 -5.2562e-01
-2.0000e+02 1.7000e+02 4.5063e-01
-2.0000e+02 1.8000e+02 -2.7393e-01
-2.0000e+02 1.9000e+02 1.1067e+00
-2.0000e+02 2.0000e+02 -9.4890e-01
-1.9000e+02 -2.0000e+02 -5.9855e-01
-1.9000e+02 -1.9000e+02 -2.6646e+00
-1.9000e+02 -1.8000e+02 1.6711e+00
-1.9000e+02 -1.7000e+02 7.4378e-01
-1.9000e+02 -1.6000e+02 -1.1590e+00
-1.9000e+02 -1.5000e+02 7.2933e-01
-1.9000e+02 -1.4000e+02 -4.9834e-01
-1.9000e+02 -1.3000e+02 -1.8300e+00
-1.9000e+02 -1.2000e+02 -1.3917e+00
-1.9000e+02 -1.1000e+02 -9.7906e-01
-1.9000e+02 -1.0000e+02 2.6599e+00
-1.9000e+02 -9.0000e+01 1.4085e+00
-1.9000e+02 -8.0000e+01 6.7021e-02
-1.9000e+02 -7.0000e+01 1.1139e+00
-1.9000e+02 -6.0000e+01 1.3171e+00
-1.9000e+02 -5.0000e+01 1.0208e+00
-1.9000e+02 -4.0000e+01 2.6686e+00
-1.9000e+02 -3.0000e+01 -1.7878e+00
-1.9000e+02 -2.0000e+01 7.7301e-01
-1.9000e+02 -1.0000e+01 5.8846e-01
-1.9000e+02 0.0000e+00 -1.1220e+00
-1.9000e+02 1.0000e+01 -1.4504e+00
-1.9000e+02 2.0000e+01 1.7980e-01
-1.9000e+02 3.0000e+01 3.2214e-01
-1.9000e+02 4.0000e+01 -8.3456e-01
-1.9000e+02 5.0000e+01 9.1372e-01
-1.9000e+02 6.0000e+01 -1.2399e-01
-1.9000e+02 7.0000e+01 -1.1456e+00
-1.9000e+02 8.0000e+01 2.5499e-01
-1.9000e+02 9.0000e+01 1.0521e+00
-1.9000e+02 1.0000e+02 -2.2846e-01
-1.9000e+02 1.1000e+02 7.6727e-01
-1.9000e+02 1.2000e+02 1.7632e+00
-1.9000e+02 1.3000e+02 -1.2025e+00
-1.9000e+02 1.4000e+02 -4.2117e-01
-1.9000e+02 1.5000e+02 -5.9824e-02
-1.9000e+02 1.6000e+02 -9.0611e-01
-1.9000e+02 1.7000e+02 2.9999e+00
-1.9000e+02 1.8000e+02 -2.5221e+00
-1.9000e+02 1.9000e+02 -1.0375e-02
-1.9000e+02 2.0000e+02 5.0120e-01
-1.8000e+02 -2.0000e+02 1.0454e+00
-1.8000e+02 -1.9000e+02 -6.5958e-02
-1.8000e+02 -1.8000e+02 -3.5828e+00
-1.8000e+02 -1.7000e+02 1.4534e+00
-1.8000e+02 -1.6000e+02 -2.4900e+00
-1.8000e+02 -1.5000e+02 -4.0458e-01
-1.8000e+02 -1.4000e+02 -1.1021e+00
-1.8000e+02 -1.3000e+02 2.1378e+00
-1.8000e+02 -1.2000e+02 1.5232e+00
-1.8000e+02 -1.1000e+02 2.9382e+00
-1.8000e+02 -1.0000e+02 -2.8501e-01
-1.8000e+02 -9.0000e+01 -3.2691e-01
-1.8000e+02 -8.0000e+01 2.6077e+00
-1.8000e+02 -7.0000e+01 -1.5528e-01
-1.8000e+02 -6.0000e+01 2.6994e-01
-1.8000e+02 -5.0000e+01 1.1631e-01
-1.8000e+02 -4.0000e+01 -1.4334e+00
-1.8000e+02 -3.0000e+01 -1.7115e+00
-1.8000e+02 -2.0000e+01 -2.4719e-01
-1.8000e+02 -1.0000e+01 9.5209e-01
-1.8000e+02 0.0000e+00 8.8822e-02
-1.8000e+02 1.0000e+01 3.0681e+00
-1.8000e+02 2.0000e+01 -7.0364e-01
-1.8000e+02 3.0000e+01 2.3859e-01
-1.8000e+02 4.0000e+01 -4.9694e-01
-1.8000e+02 5.0000e+01 1.1748e+00
-1.8000e+02 6.0000e+01 7.9811e-01
-1.8000e+02 7.0000e+01 -1.5110e+00
-1.8000e+02 8.0000e+01 -4.8172e-01
-1.8000e+02 9.0000e+01 -2.3381e-01
-1.8000e+02 1.0000e+02 2.5728e-01
-1.8000e+02 1.1000e+02 -4.7581e-01
-1.8000e+02 1.2000e+02 1.9147e+00
-1.8000e+02 1.3000e+02 -2.0301e-01
-1.8000e+02 1.4000e+02 -1.0246e+00
-1.8000e+02 1.5000e+02 5.5412e-01
-1.8000e+02 1.6000e+02 1.2615e+00
-1.8000e+02 1.7000e+02 -1.7291e+00
-1.8000e+02 1.8000e+02 -2.3886e+00
-1.8000e+02 1.9000e+02 -7.8630e-02
-1.8000e+02 2.0000e+02 -2.6145e+00
-1.7000e+02 -2.0000e+02 -2.0119e+00
-1.7000e+02 -1.9000e+02 -7.3700e-02
-1.7000e+02 -1.8000e+02 -4.5434e-01
-1.7000e+02 -1.7000e+02 8.9697e-01
-1.7000e+02 -1.6000e+02 1.5128e-01
-1.7000e+02 -1.5000e+02 1.1430e-01
-1.7000e+02 -1.4000e+02 9.4576e-01
-1.7000e+02 -1.3000e+02 -4.5009e-01
-1.7000e+02 -1.2000e+02 -1.9022e+00
-1.7000e+02 -1.1000e+02 -2.5493e-01
-1.7000e+02 -1.0000e+02 1.2340e+00
-1.7000e+02 -9.0000e+01 4.9506e-01
-1.7000e+02 -8.0000e+01 -9.0966e-01
-1.7000e+02 -7.0000e+01 -1.3388e+00
-1.7000e+02 -6.0000e+01 -1.7238e+00
-1.7000e+02 -5.0000e+01 -2.0883e+00
-1.7000e+02 -4.0000e+01 -6.1192e-02
-1.7000e+02 -3.0000e+01 1.9210e+00
-1.7000e+02 -2.0000e+01 -2.8325e+00
-1.7000e+02 -1.0000e+01 -1.1878e+00
-1.7000e+02 0.0000e+00 3.2879e-02
-1.7000e+02 1.0000e+01 4.5478e-01
-1.7000e+02 2.0000e+01 1.9692e-01
-1.7000e+02 3.0000e+01 -8.6819e-01
-1.7000e+02 4.0000e+01 2.7342e+00
-1.7000e+02 5.0000e+01 -1.7577e-01
-1.7000e+02 6.0000e+01 -1.4892e+00
-1.7000e+02 7.0000e+01 1.9381e+00
-1.7000e+02 8.0000e+01 1.6197e+00
-1.7000e+02 9.0000e+01 2.5276e-01
-1.7000e+02 1.0000e+02 -4.2081e-01
-1.7000e+02 1.1000e+02 -2.2494e+00
-1.7000e+02 1.2000e+02 6.3458e-01
-1.7000e+02 1.3000e+02 -1.2506e-01
-1.7000e+02 1.4000e+02 8.0261e-01
-1.7000e+02 1.5000e+02 -5.4950e-02
-1.7000e+02 1.6000e+02 4.0436e-01
-1.7000e+02 1.7000e+02 -1.0668e+00
-1.7000e+02 1.8000e+02 3.9327e-01
-1.7000e+02 1.9000e+02 -2.5891e+00
-1.7000e+02 2.0000e+02 -9.2533e-01
-1.6000e+02 -2.0000e+02 -9.9592e-01
-1.6000e+02 -1.9000e+02 -1.8440e+00
-1.6000e+02 -1.8000e+02 -1.5297e+00
-1.6000e+02 -1.7000e+02 -1.6502e+00
-1.6000e+02 -1.6000e+02 1.1421e+00
-1.6000e+02 -1.5000e+02 -1.0024e+00
-1.6000e+02 -1.4000e+02 3.4495e-01
-1.6000e+02 -1.3000e+02 -1.1650e+00
-1.6000e+02 -1.2000e+02 1.2328e-01
-1.6000e+02 -1.1000e+02 1.6340e+00
-1.6000e+02 -1.0000e+02 3.7735e+00
-1.6000e+02 -9.0000e+01 -1.2047e+00
-1.6000e+02 -8.0000e+01 -2.4666e+00
-1.6000e+02 -7.0000e+01 1.6907e-01
-1.6000e+02 -6.0000e+01 -7.6999e-02
-1.6000e+02 -5.0000e+01 -1.4775e-01
-1.6000e+02 -4.0000e+01 -1.4640e+00
-1.6000e+02 -3.0000e+01 1.0859e+00
-1.6000e+02 -2.0000e+01 2.2725e+00
-1.6000e+02 -1.0000e+01 3.6736e-01
-1.6000e+02 0.0000e+00 1.2238e+00
-1.6000e+02 1.0000e+01 1.3114e-01
-1.6000e+02 2.0000e+01 -2.4307e+00
-1.6000e+02 3.0000e+01 2.3093e+00
-1.6000e+02 4.0000e+01 -4.5415e-01
-1.6000e+02 5.0000e+01 5.8746e-01
-1.6000e+02 6.0000e+01 1.9103e+00
-1.6000e+02 7.0000e+01 7.0236e-01
-1.6000e+02 8.0000e+01 9.6857e-01
-1.6000e+02 9.0000e+01 -6.4621e-01
-1.6000e+02 1.0000e+02 -3.6423e-01
-1.6000e+02 1.1000e+02 2.3702e+00
-1.6000e+02 1.2000e+02 2.7189e+00
-1.6000e+02 1.3000e+02 -2.5328e-01
-1.6000e+02 1.4000e+02 1.2217e+00
-1.6000e+02 1.5000e+02 -2.8746e+00
-1.6000e+02 1.6000e+02 9.3567e-01
-1.6000e+02 1.7000e+02 -5.1136e-01
-1.6000e+02 1.8000e+02 9.7990e-01
-1.6000e+02 1.9000e+02 1.4307e+00
-1.6000e+02 2.0000e+02 2.1453e+00
-1.5000e+02 -2.0000e+02 1.5005e-01
-1.5000e+02 -1.9000e+02 5.6646e-02
-1.5000e+02 -1.8000e+02 1.5097e+00
-1.5000e+02 -1.7000e+02 -2.3437e+00
-1.5000e+02 -1.6000e+02 -3.2469e-01
-1.5000e+02 -1.5000e+02 9.2778e-01
-1.5000e+02 -1.4000e+02 1.6278e+00
-1.5000e+02 -1.3000e+02 1.9267e+00
-1.5000e+02 -1.2000e+02 2.0649e-01
-1.5000e+02 -1.1000e+02 4.5984e-01
-1.5000e+02 -1.0000e+02 1.8066e+00
-1.5000e+02 -9.0000e+01 -1.5876e+00
-1.5000e+02 -8.0000e+01 7.9931e-01
-1.5000e+02 -7.0000e+01 -4.7234e-01
-1.5000e+02 -6.0000e+01 1.2449e+00
-1.5000e+02 -5.0000e+01 -1.0742e+00
-1.5000e+02 -4.0000e+01 -2.3975e+00
-1.5000e+02 -3.0000e+01 -3.2024e+00
-1.5000e+02 -2.0000e+01 -1.1207e+00
-1.5000e+02 -1.0000e+01 -1.8188e+00
-1.5000e+02 0.0000e+00 -6.7248e-01
-1.5000e+02 1.0000e+01 -1.9062e+00
-1.5000e+02 2.0000e+01 1.6213e+00
-1.5000e+02 3.0000e+01 -1.8566e+00
-1.5000e+02 4.0000e+01 1.3835e+00
-1.5000e+02 5.0000e+01 1.8106e+00
-1.5000e+02 6.0000e+01 -1.3480e+00
-1.5000e+02 7.0000e+01 -4.0213e+00
-1.5000e+02 8.0000e+01 1.1464e+00
-1.5000e+02 9.0000e+01 2.9304e-01
-1.5000e+02 1.0000e+02 8.6350e-01
-1.5000e+02 1.1000e+02 -3.5556e-01
-1.5000e+02 1.2000e+02 1.0609e+00
-1.5000e+02 1.3000e+02 1.3739e+00
-1.5000e+02 1.4000e+02 4.0717e-01
-1.5000e+02 1.5000e+02 8.8813e-01
-1.5000e+02 1.6000e+02 1.7929e-01
-1.5000e+02 1.7000e+02 -2.6873e-01
-1.5000e+02 1.8000e+02 -1.1416e+00
-1.5000e+02 1.9000e+02 3.0265e+00
-1.5000e+02 2.0000e+02 7.1696e-01
-1.4000e+02 -2.0000e+02 -1.5491e-01
-1.4000e+02 -1.9000e+02 -3.3932e+00
-1.4000e+02 -1.8000e+02 1.0669e+00
-1.4000e+02 -1.7000e+02 1.2026e+00
-1.4000e+02 -1.6000e+02 -8.2411e-02
-1.4000e+02 -1.5000e+02 1.6772e+00
-1.4000e+02 -1.4000e+02 1.5692e+00
-1.4000e+02 -1.3000e+02 3.0080e-01
-1.4000e+02 -1.2000e+02 1.3963e+00
-1.4000e+02 -1.1000e+02 -1.4092e+00
-1.4000e+02 -1.0000e+02 -4.3953e-01
-1.4000e+02 -9.0000e+01 1.8841e+00
-1.4000e+02 -8.0000e+01 7.4593e-03
-1.4000e+02 -7.0000e+01 -1.6357e+00
-1.4000e+02 -6.0000e+01 -9.2129e-01
-1.4000e+02 -5.0000e+01 5.9221e-01
-1.4000e+02 -4.0000e+01 -1.1567e-01
-1.4000e+02 -3.0000e+01 1.5103e+00
-1.4000e+02 -2.0000e+01 -2.1552e+00
-1.4000e+02 -1.0000e+01 -3.7317e+00
-1.4000e+02 0.0000e+00 -5.2292e+00
-1.4000e+02 1.0000e+01 -6.8786e-02
-1.4000e+02 2.0000e+01 1.1675e+00
-1.4000e+02 3.0000e+01 -8.8404e-01
-1.4000e+02 4.0000e+01 -8.1982e-01
-1.4000e+02 5.0000e+01 2.5564e+00
-1.4000e+02 6.0000e+01 2.4870e-01
-1.4000e+02 7.0000e+01 -2.1478e+00
-1.4000e+02 8.0000e+01 2.6490e-01
-1.4000e+02 9.0000e+01 -3.1732e+00
-1.4000e+02 1.0000e+02 2.0461e+00
-1.4000e+02 1.1000e+02 -8.1787e-01
-1.4000e+02 1.2000e+02 -8.8933e-01
-1.4000e+02 1.3000e+02 1.1028e+00
-1.4000e+02 1.4000e+02 -6.3601e-01
-1.4000e+02 1.5000e+02 -1.0087e+00
-1.4000e+02 1.6000e+02 -1.0608e+00
-1.4000e+02 1.7000e+02 -1.4839e+00
-1.4000e+02 1.8000e+02 -1.4227e-01
-1.4000e+02 1.9000e+02 -1.6360e+00
-1.4000e+02 2.0000e+02 -1.6641e-01
-1.3000e+02 -2.0000e+02 5.9708e-02
-1.3000e+02 -1.9000e+02 -1.1000e+00
-1.3000e+02 -1.8000e+02 3.1589e-01
-1.3000e+02 -1.7000e+02 1.3184e+00
-1.3000e+02 -1.6000e+02 9.5526e-01
-1.3000e+02 -1.5000e+02 -5.9143e-01
-1.3000e+02 -1.4000e+02 -8.1455e-01
-1.3000e+02 -1.3000e+02 3.0668e-02
-1.3000e+02 -1.2000e+02 -1.1910e+00
-1.3000e+02 -1.1000e+02 4.5701e-01
-1.3000e+02 -1.0000e+02 -1.3339e+00
-1.3000e+02 -9.0000e+01 -2.1495e+00
-1.3000e+02 -8.0000e+01 2.3175e+00
-1.3000e+02 -7.0000e+01 -7.9727e-01
-1.3000e+02 -6.0000e+01 -2.7776e-02
-1.3000e+02 -5.0000e+01 -2.2207e+00
-1.3000e+02 -4.0000e+01 -1.8511e+00
-1.3000e+02 -3.0000e+01 -3.6626e+00
-1.3000e+02 -2.0000e+01 5.1106e-01
-1.3000e+02 -1.0000e+01 -1.1847e-01
-1.3000e+02 0.0000e+00 3.8684e-01
-1.3000e+02 1.0000e+01 -2.0658e+00
-1.3000e+02 2.0000e+01 -9.3194e-01
-1.3000e+02 3.0000e+01 -2.6017e+00
-1.3000e+02 4.0000e+01 1.2292e+00
-1.3000e+02 5.0000e+01 -6.3691e-01
-1.3000e+02 6.0000e+01 -1.0454e+00
-1.3000e+02 7.0000e+01 -1.5323e+00
-1.3000e+02 8.0000e+01 -3.1934e-01
-1.3000e+02 9.0000e+01 -1.1643e+00
-1.3000e+02 1.0000e+02 8.5187e-01
-1.3000e+02 1.1000e+02 4.0655e-01
-1.3000e+02 1.2000e+02 -2.4469e-01
-1.3000e+02 1.3000e+02 1.1526e+00
-1.3000e+02 1.4000e+02 -1.2726e-01
-1.3000e+02 1.5000e+02 -8.8998e-01
-1.3000e+02 1.6000e+02 -1.5270e+00
-1.3000e+02 1.7000e+02 1.8816e-01
-1.3000e+02 1.8000e+02 -1.2167e+00
-1.3000e+02 1.9000e+02 -8.2869e-01
-1.3000e+02 2.0000e+02 2.2181e+00
-1.2000e+02 -2.0000e+02 1.5002e+00
-1.2000e+02 -1.9000e+02 -2.4637e-01
-1.2000e+02 -1.8000e+02 3.6872e-01
-1.2000e+02 -1.7000e+02 -1.6050e+00
-1.2000e+02 -1.6000e+02 -7.9280e-01
-1.2000e+02 -1.5000e+02 -8.6723e-01
-1.2000e+02 -1.4000e+02 -1.8687e+00
-1.2000e+02 -1.3000e+02 9.0793e-01
-1.2000e+02 -1.2000e+02 4.8476e-01
-1.2000e+02 -1.1000e+02 7.5587e-01
-1.2000e+02 -1.0000e+02 -1.0924e+00
-1.2000e+02 -9.0000e+01 -1.3985e+00
-1.2000e+02 -8.0000e+01 -1.5733e+00
-1.2000e+02 -7.0000e+01 5.2011e-01
-1.2000e+02 -6.0000e+01 -1.1422e+00
-1.2000e+02 -5.0000e+01 -2.8703e+00
-1.2000e+02 -4.0000e+01 3.2497e-01
-1.2000e+02 -3.0000e+01 -4.0835e-01
-1.2000e+02 -2.0000e+01 -1.6927e+00
-1.2000e+02 -1.0000e+01 -1.9674e+00
-1.2000e+02 0.0000e+00 -1.9147e+00
-1.2000e+02 1.0000e+01 -2.9326e+00
-1.2000e+02 2.0000e+01 -1.9034e+00
-1.2000e+02 3.0000e+01 6.2121e-01
-1.2000e+02 4.0000e+01 -1.2348e+00
-1.2000e+02 5.0000e+01 -3.5317e+00
-1.2000e+02 6.0000e+01 -2.2654e-01
-1.2000e+02 7.0000e+01 -8.4522e-01
-1.2000e+02 8.0000e+01 1.6909e+00
-1.2000e+02 9.0000e+01 -6.4786e-01
-1.2000e+02 1.0000e+02 5.1352e-01
-1.2000e+02 1.1000e+02 4.2510e+00
-1.2000e+02 1.2000e+02 9.5686e-02
-1.2000e+02 1.3000e+02 4.9726e-01
-1.2000e+02 1.4000e+02 -1.8513e+00
-1.2000e+02 1.5000e+02 -1.5562e+00
-1.2000e+02 1.6000e+02 9.8170e-01
-1.2000e+02 1.7000e+02 6.9930e-01
-1.2000e+02 1.8000e+02 -3.3042e+00
-1.2000e+02 1.9000e+02 -2.6662e+00
-1.2000e+02 2.0000e+02 -1.7534e-02
-1.1000e+02 -2.0000e+02 -1.2276e+00
-1.1000e+02 -1.9000e+02 1.4612e+00
-1.1000e+02 -1.8000e+02 -9.5091e-01
-1.1000e+02 -1.7000e+02 4.0394e-01
-1.1000e+02 -1.6000e+02 5.7290e-01
-1.1000e+02 -1.5000e+02 1.0319e+00
-1.1000e+02 -1.4000e+02 -5.5738e-01
-1.1000e+02 -1.3000e+02 1.1718e-01
-1.1000e+02 -1.2000e+02 2.9345e-01
-1.1000e+02 -1.1000e+02 -1.1302e-02
-1.1000e+02 -1.0000e+02 -1.1462e+00
-1.1000e+02 -9.0000e+01 1.5567e+00
-1.1000e+02 -8.0000e+01 2.6035e-01
-1.1000e+02 -7.0000e+01 9.2086e-01
-1.1000e+02 -6.0000e+01 -1.8740e-01
-1.1000e+02 -5.0000e+01 3.0175e-01
-1.1000e+02 -4.0000e+01 -2.2559e+00
-1.1000e+02 -3.0000e+01 -3.6470e+00
-1.1000e+02 -2.0000e+01 -2.5622e-01
-1.1000e+02 -1.0000e+01 -1.3831e+00
-1.1000e+02 0.0000e+00 -2.7336e+00
-1.1000e+02 1.0000e+01 -2.9216e+00
-1.1000e+02 2.0000e+01 -4.2280e+00
-1.1000e+02 3.0000e+01 8.0878e-01
-1.1000e+02 4.0000e+01 -1.7121e+00
-1.1000e+02 5.0000e+01 1.6557e+00
-1.1000e+02 6.0000e+01 -2.6416e+00
-1.1000e+02 7.0000e+01 -2.3488e-01
-1.1000e+02 8.0000e+01 -1.5685e+00
-1.1000e+02 9.0000e+01 -2.2538e+00
-1.1000e+02 1.0000e+02 1.8623e+00
-1.1000e+02 1.1000e+02 -1.1547e+00
-1.1000e+02 1.2000e+02 -7.3270e-01
-1.1000e+02 1.3000e+02 -1.3834e+00
-1.1000e+02 1.4000e+02 1.6497e+00
-1.1000e+02 1.5000e+02 -4.9633e-02
-1.1000e+02 1.6000e+02 -2.1589e+00
-1.1000e+02 1.7000e+02 9.4282e-01
-1.1000e+02 1.8000e+02 3.3443e+00
-1.1000e+02 1.9000e+02 -9.5215e-01
-1.1000e+02 2.0000e+02 3.5503e+00
-1.0000e+02 -2.0000e+02 -3.5074e-01
-1.0000e+02 -1.9000e+02 -1.4720e+00
-1.0000e+02 -1.8000e+02 -4.1968e+00
-1.0000e+02 -1.7000e+02 3.9535e+00
-1.0000e+02 -1.6000e+02 -4.0406e+00
-1.0000e+02 -1.5000e+02 -8.0293e-01
-1.0000e+02 -1.4000e+02 -6.0529e-01
-1.0000e+02 -1.3000e+02 -3.9966e-01
-1.0000e+02 -1.2000e+02 3.6609e+00
-1.0000e+02 -1.1000e+02 1.5158e+00
-1.0000e+02 -1.0000e+02 1.5587e+00
-1.0000e+02 -9.0000e+01 -7.6516e-01
-1.0000e+02 -8.0000e+01 -2.1196e+00
-1.0000e+02 -7.0000e+01 -6.6066e-01
-1.0000e+02 -6.0000e+01 -5.0989e+00
-1.0000e+02 -5.0000e+01 -3.3609e+00
-1.0000e+02 -4.0000e+01 -4.4109e+00
-1.0000e+02 -3.0000e+01 -5.5105e+00
-1.0000e+02 -2.0000e+01 -1.8394e+00
-1.0000e+02 -1.0000e+01 -3.2697e-01
-1.0000e+02 0.0000e+00 -1.8773e+00
-1.0000e+02 1.0000e+01 -1.6714e+00
-1.0000e+02 2.0000e+01 -2.4856e+00
-1.0000e+02 3.0000e+01 -1.9567e-01
-1.0000e+02 4.0000e+01 -4.3316e-01
-1.0000e+02 5.0000e+01 -2.2077e+00
-1.0000e+02 6.0000e+01 -2.1828e+00
-1.0000e+02 7.0000e+01 -3.2192e+00
-1.0000e+02 8.0000e+01 -4.4595e+00
-1.0000e+02 9.0000e+01 -2.7579e+00
-1.0000e+02 1.0000e+02 1.6794e-01
-1.0000e+02 1.1000e+02 -1.4181e+00
-1.0000e+02 1.2000e+02 1.1077e+00
-1.0000e+02 1.3000e+02 4.6508e-02
-1.0000e+02 1.4000e+02 2.2072e+00
-1.0000e+02 1.5000e+02 1.7223e+00
-1.0000e+02 1.6000e+02 -3.6096e+00
-1.0000e+02 1.7000e+02 -1.1564e+00
-1.0000e+02 1.8000e+02 -2.3581e+00
-1.0000e+02 1.9000e+02 -1.6375e+00
-1.0000e+02 2.0000e+02 2.1099e+00
-9.0000e+01 -2.0000e+02 2.5315e+00
-9.0000e+01 -1.9000e+02 3.4466e-01
-9.0000e+01 -1.8000e+02 3.7540e-01
-9.0000e+01 -1.7000e+02 1.7310e+00
-9.0000e+01 -1.6000e+02 5.7236e-01
-9.0000e+01 -1.5000e+02 3.7115e+00
-9.0000e+01 -1.4000e+02 5.0071e-01
-9.0000e+01 -1.3000e+02 3.4508e-01
-9.0000e+01 -1.2000e+02 -1.8942e+00
-9.0000e+01 -1.1000e+02 -3.3309e+00
-9.0000e+01 -1.0000e+02 -1.0534e+00
-9.0000e+01 -9.0000e+01 -1.9499e+00
-9.0000e+01 -8.0000e+01 -1.8893e+00
-9.0000e+01 -7.0000e+01 -3.2032e+00
-9.0000e+01 -6.0000e+01 -1.4136e+00
-9.0000e+01 -5.0000e+01 -4.1876e+00
-9.0000e+01 -4.0000e+01 -4.8763e+00
-9.0000e+01 -3.0000e+01 -6.5104e+00
-9.0000e+01 -2.0000e+01 -5.1669e+00
-9.0000e+01 -1.0000e+01 -5.3147e+00
-9.0000e+01 0.0000e+00 -7.3241e+00
-9.0000e+01 1.0000e+01 -3.8353e+00
-9.0000e+01 2.0000e+01 -3.1235e+00
-9.0000e+01 3.0000e+01 -2.5102e+00
-9.0000e+01 4.0000e+01 -1.1832e+00
-9.0000e+01 5.0000e+01 -1.5098e+00
-9.0000e+01 6.0000e+01 6.4157e-02
-9.0000e+01 7.0000e+01 3.4756e-01
-9.0000e+01 8.0000e+01 -2.9063e-01
-9.0000e+01 9.0000e+01 1.0409e+00
-9.0000e+01 1.0000e+02 1.6820e+00
-9.0000e+01 1.1000e+02 5.7383e-01
-9.0000e+01 1.2000e+02 -2.6219e+00
-9.0000e+01 1.3000e+02 -1.4592e+00
-9.0000e+01 1.4000e+02 1.1701e+00
-9.0000e+01 1.5000e+02 2.6257e+00
-9.0000e+01 1.6000e+02 -1.6430e+00
-9.0000e+01 1.7000e+02 2.8425e-01
-9.0000e+01 1.8000e+02 2.4106e+00
-9.0000e+01 1.9000e+02 5.6201e-01
-9.0000e+01 2.0000e+02 1.7847e-01
-8.0000e+01 -2.0000e+02 6.0764e-01
-8.0000e+01 -1.9000e+02 4.5093e-01
-8.0000e+01 -1.8000e+02 1.7979e+00
-8.0000e+01 -1.7000e+02 5.3943e-01
-8.0000e+01 -1.6000e+02 8.2072e-01
-8.0000e+01 -1.5000e+02 -9.5765e-01
-8.0000e+01 -1.4000e+02 -1.3860e+00
-8.0000e+01 -1.3000e+02 -1.5223e+00
-8.0000e+01 -1.2000e+02 2.0088e+00
-8.0000e+01 -1.1000e+02 -2.4668e+00
-8.0000e+01 -1.0000e+02 -5.4302e-01
-8.0000e+01 -9.0000e+01 1.3896e+00
-8.0000e+01 -8.0000e+01 -1.3374e+00
-8.0000e+01 -7.0000e+01 -3.7878e+00
-8.0000e+01 -6.0000e+01 -1.7542e+00
-8.0000e+01 -5.0000e+01 -4.3911e+00
-8.0000e+01 -4.0000e+01 -5.1688e+00
-8.0000e+01 -3.0000e+01 -3.5372e+00
-8.0000e+01 -2.0000e+01 -6.1006e+00
-8.0000e+01 -1.0000e+01 -4.3781e+00
-8.0000e+01 0.0000e+00 -7.2977e+00
-8.0000e+01 1.0000e+01 -5.5935e+00
-8.0000e+01 2.0000e+01 -2.6645e+00
-8.0000e+01 3.0000e+01 -4.1256e+00
-8.0000e+01 4.0000e+01 -5.6496e+00
-8.0000e+01 5.0000e+01 -3.8782e+00
-8.0000e+01 6.0000e+01 -3.5353e+00
-8.0000e+01 7.0000e+01 -2.1558e+00
-8.0000e+01 8.0000e+01 -2.3137e+00
-8.0000e+01 9.0000e+01 -2.7473e+00
-8.0000e+01 1.0000e+02 -2.5195e+00
-8.0000e+01 1.1000e+02 -1.4335e+00
-8.0000e+01 1.2000e+02 -2.8700e-01
-8.0000e+01 1.3000e+02 -7.7595e-01
-8.0000e+01 1.4000e+02 1.6521e+00
-8.0000e+01 1.5000e+02 -9.8776e-01
-8.0000e+01 1.6000e+02 4.4520e-01
-8.0000e+01 1.7000e+02 -8.0871e-01
-8.0000e+01 1.8000e+02 -4.3911e-01
-8.0000e+01 1.9000e+02 9.8996e-02
-8.0000e+01 2.0000e+02 -1.9744e+00
-7.0000e+01 -2.0000e+02 -2.7622e-01
-7.0000e+01 -1.9000e+02 -1.0463e+00
-7.0000e+01 -1.8000e+02 3.1948e+00
-7.0000e+01 -1.7000e+02 -1.8128e+00
-7.0000e+01 -1.6000e+02 -2.7656e+00
-7.0000e+01 -1.5000e+02 2.3328e+00
-7.0000e+01 -1.4000e+02 3.1653e-01
-7.0000e+01 -1.3000e+02 -1.8612e+00
-7.0000e+01 -1.2000e+02 -1.8960e+00
-7.0000e+01 -1.1000e+02 -3.6697e-01
-7.0000e+01 -1.0000e+02 -3.7727e-01
-7.0000e+01 -9.0000e+01 -1.7689e+00
-7.0000e+01 -8.0000e+01 -2.6482e+00
-7.0000e+01 -7.0000e+01 -4.0095e+00
-7.0000e+01 -6.0000e+01 -4.3558e+00
-7.0000e+01 -5.0000e+01 -1.0820e+00
-7.0000e+01 -4.0000e+01 -4.8947e+00
-7.0000e+01 -3.0000e+01 -5.0806e+00
-7.0000e+01 -2.0000e+01 -5.7476e+00
-7.0000e+01 -1.0000e+01 -4.8013e+00
-7.0000e+01 0.0000e+00 -6.0096e+00
-7.0000e+01 1.0000e+01 -8.3948e+00
-7.0000e+01 2.0000e+01 -7.5272e+00
-7.0000e+01 3.0000e+01 -6.6745e+00
-7.0000e+01 4.0000e+01 -2.7810e+00
-7.0000e+01 5.0000e+01 -5.0983e+00
-7.0000e+01 6.0000e+01 -4.1119e-01
-7.0000e+01 7.0000e+01 -5.5745e-02
-7.0000e+01 8.0000e+01 -1.5751e+00
-7.0000e+01 9.0000e+01 -2.1320e+00
-7.0000e+01 1.0000e+02 -1.9801e+00
-7.0000e+01 1.1000e+02 -1.4328e-01
-7.0000e+01 1.2000e+02 -7.9693e-01
-7.0000e+01 1.3000e+02 9.0766e-01
-7.0000e+01 1.4000e+02 -1.3385e+00
-7.0000e+01 1.5000e+02 -1.4746e-01
-7.0000e+01 1.6000e+02 -3.1449e-01
-7.0000e+01 1.7000e+02 -9.7591e-01
-7.0000e+01 1.8000e+02 -1.6936e+00
-7.0000e+01 1.9000e+02 4.1115e-01
-7.0000e+01 2.0000e+02 -1.4844e+00
-6.0000e+01 -2.0000e+02 -1.7871e+00
-6.0000e+01 -1.9000e+02 -1.8011e+00
-6.0000e+01 -1.8000e+02 1.1613e+00
-6.0000e+01 -1.7000e+02 9.7225e-01
-6.0000e+01 -1.6000e+02 -2.1619e+00
-6.0000e+01 -1.5000e+02 -4.1598e-01
-6.0000e+01 -1.4000e+02 5.1707e-01
-6.0000e+01 -1.3000e+02 1.3406e+00
-6.0000e+01 -1.2000e+02 -6.7778e-01
-6.0000e+01 -1.1000e+02 -1.6122e-01
-6.0000e+01 -1.0000e+02 1.3757e-01
-6.0000e+01 -9.0000e+01 -4.5128e+00
-6.0000e+01 -8.0000e+01 -3.5290e+00
-6.0000e+01 -7.0000e+01 -2.9640e-01
-6.0000e+01 -6.0000e+01 -4.0961e+00
-6.0000e+01 -5.0000e+01 -7.9807e+00
-6.0000e+01 -4.0000e+01 -5.8046e+00
-6.0000e+01 -3.0000e+01 -5.8475e+00
-6.0000e+01 -2.0000e+01 -6.1738e+00
-6.0000e+01 -1.0000e+01 -1.0421e+01
-6.0000e+01 0.0000e+00 -9.2000e+00
-6.0000e+01 1.0000e+01 -1.0186e+01
-6.0000e+01 2.0000e+01 -7.7203e+00
-6.0000e+01 3.0000e+01 -9.3975e+00
-6.0000e+01 4.0000e+01 -8.9717e+00
-6.0000e+01 5.0000e+01 -4.3667e+00
-6.0000e+01 6.0000e+01 -3.5097e+00
-6.0000e+01 7.0000e+01 -4.0541e+00
-6.0000e+01 8.0000e+01 -3.4459e+00
-6.0000e+01 9.0000e+01 -3.1829e+00
-6.0000e+01 1.0000e+02 -3.2994e+00
-6.0000e+01 1.1000e+02 -1.6101e+00
-6.0000e+01 1.2000e+02 -1.7032e-01
-6.0000e+01 1.3000e+02 7.3129e-02
-6.0000e+01 1.4000e+02 2.3533e+00
-6.0000e+01 1.5000e+02 -1.9608e+00
-6.0000e+01 1.6000e+02 -2.4509e+00
-6.0000e+01 1.7000e+02 -2.2389e+00
-6.0000e+01 1.8000e+02 2.2913e+00
-6.0000e+01 1.9000e+02 -9.2732e-02
-6.0000e+01 2.0000e+02 -3.6132e-01
-5.0000e+01 -2.0000e+02 -3.0223e-01
-5.0000e+01 -1.9000e+02 1.4673e+00
-5.0000e+01 -1.8000e+02 1.1855e+00
-5.0000e+01 -1.7000e+02 -2.7429e+00
-5.0000e+01 -1.6000e+02 -1.0787e+00
-5.0000e+01 -1.5000e+02 1.9305e+00
-5.0000e+01 -1.4000e+02 6.8514e-02
-5.0000e+01 -1.3000e+02 -3.4856e+00
-5.0000e+01 -1.2000e+02 4.5188e-01
-5.0000e+01 -1.1000e+02 -1.0389e+00
-5.0000e+01 -1.0000e+02 -1.2857e+00
-5.0000e+01 -9.0000e+01 -1.4646e+00
-5.0000e+01 -8.0000e+01 -2.5913e+00
-5.0000e+01 -7.0000e+01 -2.7454e+00
-5.0000e+01 -6.0000e+01 -7.0246e+00
-5.0000e+01 -5.0000e+01 -9.9707e+00
-5.0000e+01 -4.0000e+01 -8.0910e+00
-5.0000e+01 -3.0000e+01 -7.7369e+00
-5.0000e+01 -2.0000e+01 -9.1644e+00
-5.0000e+01 -1.0000e+01 -1.0256e+01
-5.0000e+01 0.0000e+00 -9.5907e+00
-5.0000e+01 1.0000e+01 -1.1226e+01
-5.0000e+01 2.0000e+01 -8.5985e+00
-5.0000e+01 3.0000e+01 -8.1943e+00
-5.0000e+01 4.0000e+01 -8.3832e+00
-5.0000e+01 5.0000e+01 -6.0924e+00
-5.0000e+01 6.0000e+01 -3.7507e+00
-5.0000e+01 7.0000e+01 -6.0420e+00
-5.0000e+01 8.0000e+01 -4.6046e+00
-5.0000e+01 9.0000e+01 -1.2517e+00
-5.0000e+01 1.0000e+02 -1.7579e+00
-5.0000e+01 1.1000e+02 -1.4232e-01
-5.0000e+01 1.2000e+02 1.1333e+00
-5.0000e+01 1.3000e+02 1.3590e+00
-5.0000e+01 1.4000e+02 -1.9686e+00
-5.0000e+01 1.5000e+02 2.4718e+00
-5.0000e+01 1.6000e+02 -1.0043e+00
-5.0000e+01 1.7000e+02 -1.5549e+00
-5.0000e+01 1.8000e+02 -4.2854e-01
-5.0000e+01 1.9000e+02 1.3041e+00
-5.0000e+01 2.0000e+02 -1.2258e+00
-4.0000e+01 -2.0000e+02 4.8680e-01
-4.0000e+01 -1.9000e+02 -1.2462e+00
-4.0000e+01 -1.8000e+02 -1.5950e+00
-4.0000e+01 -1.7000e+02 -6.6714e-01
-4.0000e+01 -1.6000e+02 1.1942e+00
-4.0000e+01 -1.5000e+02 -2.2535e+00
-4.0000e+01 -1.4000e+02 -2.3504e+00
-4.0000e+01 -1.3000e+02 1.1706e+00
-4.0000e+01 -1.2000e+02 -4.5245e+00
-4.0000e+01 -1.1000e+02 -1.0878e+00
-4.0000e+01 -1.0000e+02 -1.3324e+00
-4.0000e+01 -9.0000e+01 -2.4646e+00
-4.0000e+01 -8.0000e+01 -5.0225e+00
-4.0000e+01 -7.0000e+01 -7.1237e+00
-4.0000e+01 -6.0000e+01 -3.9061e+00
-4.0000e+01 -5.0000e+01 -5.4440e+00
-4.0000e+01 -4.0000e+01 -9.6151e+00
-4.0000e+01 -3.0000e+01 -1.0440e+01
-4.0000e+01 -2.0000e+01 -1.1005e+01
-4.0000e+01 -1.0000e+01 -6.7581e+00
-4.0000e+01 0.0000e+00 -6.6752e+00
-4.0000e+01 1.0000e+01 -1.0901e+01
-4.0000e+01 2.0000e+01 -9.4009e+00
-4.0000e+01 3.0000e+01 -1.0772e+01
-4.0000e+01 4.0000e+01 -6.4019e+00
-4.0000e+01 5.0000e+01 -8.0342e+00
-4.0000e+01 6.0000e+01 -5.7454e+00
-4.0000e+01 7.0000e+01 -4.5591e+00
-4.0000e+01 8.0000e+01 -3.1593e+00
-4.0000e+01 9.0000e+01 -2.3675e+00
-4.0000e+01 1.0000e+02 -3.3749e+00
-4.0000e+01 1.1000e+02 -8.9725e-01
-4.0000e+01 1.2000e+02 -1.8311e+00
-4.0000e+01 1.3000e+02 -1.2082e+00
-4.0000e+01 1.4000e+02 -7.5047e-01
-4.0000e+01 1.5000e+02 -7.0378e-01
-4.0000e+01 1.6000e+02 -1.7483e-02
-4.0000e+01 1.7000e+02 -7.8012e-01
-4.0000e+01 1.8000e+02 1.9087e+00
-4.0000e+01 1.9000e+02 -2.7024e+00
-4.0000e+01 2.0000e+02 2.9280e-01
-3.0000e+01 -2.0000e+02 -1.8133e+00
-3.0000e+01 -1.9000e+02 2.0085e+00
-3.0000e+01 -1.8000e+02 9.1196e-01
-3.0000e+01 -1.7000e+02 1.1213e+00
-3.0000e+01 -1.6000e+02 1.8945e+00
-3.0000e+01 -1.5000e+02 -1.2762e-01
-3.0000e+01 -1.4000e+02 2.1855e+00
-3.0000e+01 -1.3000e+02 -2.3558e+00
-3.0000e+01 -1.2000e+02 -4.2315e+00
-3.0000e+01 -1.1000e+02 -6.9805e-01
-3.0000e+01 -1.0000e+02 -1.8138e+00
-3.0000e+01 -9.0000e+01 -2.8421e+00
-3.0000e+01 -8.0000e+01 -6.4572e+00
-3.0000e+01 -7.0000e+01 -4.9436e+00
-3.0000e+01 -6.0000e+01 -8.8552e+00
-3.0000e+01 -5.0000e+01 -8.2255e+00
-3.0000e+01 -4.0000e+01 -1.0588e+01
-3.0000e+01 -3.0000e+01 -1.2156e+01
-3.0000e+01 -2.0000e+01 -1.1221e+01
-3.0000e+01 -1.0000e+01 -1.4659e+01
-3.0000e+01 0.0000e+00 -1.0850e+01
-3.0000e+01 1.0000e+01 -1.1067e+01
-3.0000e+01 2.0000e+01 -1.1838e+01
-3.0000e+01 3.0000e+01 -1.0451e+01
-3.0000e+01 4.0000e+01 -1.2011e+01
-3.0000e+01 5.0000e+01 -9.0513e+00
-3.0000e+01 6.0000e+01 -6.9038e+00
-3.0000e+01 7.0000e+01 -5.5524e+00
-3.0000e+01 8.0000e+01 -3.8808e+00
-3.0000e+01 9.0000e+01 -2.2594e+00
-3.0000e+01 1.0000e+02 -3.6869e+00
-3.0000e+01 1.1000e+02 -1.0985e+00
-3.0000e+01 1.2000e+02 -2.2479e+00
-3.0000e+01 1.3000e+02 -5.4936e-01
-3.0000e+01 1.4000e+02 -6.9687e-01
-3.0000e+01 1.5000e+02 1.7376e+00
-3.0000e+01 1.6000e+02 1.6695e-02
-3.0000e+01 1.7000e+02 1.9267e+00
-3.0000e+01 1.8000e+02 -6.9710e-02
-3.0000e+01 1.9000e+02 -1.1207e-01
-3.0000e+01 2.0000e+02 -1.7883e-01
-2.0000e+01 -2.0000e+02 -1.0620e+00
-2.0000e+01 -1.9000e+02 -2.8775e+00
-2.0000e+01 -1.8000e+02 -3.0363e+00
-2.0000e+01 -1.7000e+02 -1.7984e-01
-2.0000e+01 -1.6000e+02 1.4115e+00
-2.0000e+01 -1.5000e+02 2.5697e-01
-2.0000e+01 -1.4000e+02 -1.7484e+00
-2.0000e+01 -1.3000e+02 5.9374e-01
-2.0000e+01 -1.2000e+02 -1.0546e+00
-2.0000e+01 -1.1000e+02 -2.8841e+00
-2.0000e+01 -1.0000e+02 -5.4589e+00
-2.0000e+01 -9.0000e+01 -1.7652e+00
-2.0000e+01 -8.0000e+01 -4.3372e+00
-2.0000e+01 -7.0000e+01 -6.5145e+00
-2.0000e+01 -6.0000e+01 -9.5539e+00
-2.0000e+01 -5.0000e+01 -8.9376e+00
-2.0000e+01 -4.0000e+01 -1.1279e+01
-2.0000e+01 -3.0000e+01 -1.3988e+01
-2.0000e+01 -2.0000e+01 -1.3338e+01
-2.0000e+01 -1.0000e+01 -1.2305e+01
-2.0000e+01 0.0000e+00 -1.6290e+01
-2.0000e+01 1.0000e+01 -1.5740e+01
-2.0000e+01 2.0000e+01 -1.1440e+01
-2.0000e+01 3.0000e+01 -1.3490e+01
-2.0000e+01 4.0000e+01 -1.1356e+01
-2.0000e+01 5.0000e+01 -1.0165e+01
-2.0000e+01 6.0000e+01 -9.3178e+00
-2.0000e+01 7.0000e+01 -3.3647e+00
-2.0000e+01 8.0000e+01 -4.6250e+00
-2.0000e+01 9.0000e+01 -2.1480e+00
-2.0000e+01 1.0000e+02 -9.6172e-01
-2.0000e+01 1.1000e+02 -4.4050e+00
-2.0000e+01 1.2000e+02 -2.5290e+00
-2.0000e+01 1.3000e+02 -2.5747e+00
-2.0000e+01 1.4000e+02 -6.3885e-01
-2.0000e+01 1.5000e+02 -6.2458e-01
-2.0000e+01 1.6000e+02 3.7755e-01
-2.0000e+01 1.7000e+02 -2.2382e+00
-2.0000e+01 1.8000e+02 -1.5601e+00
-2.0000e+01 1.9000e+02 -8.1004e-01
-2.0000e+01 2.0000e+02 8.8000e-01
-1.0000e+01 -2.0000e+02 7.7691e-01
-1.0000e+01 -1.9000e+02 -1.6981e+00
-1.0000e+01 -1.8000e+02 2.7950e+00
-1.0000e+01 -1.7000e+02 -2.1068e+00
-1.0000e+01 -1.6000e+02 1.4749e+00
-1.0000e+01 -1.5000e+02 -1.0479e+00
-1.0000e+01 -1.4000e+02 -1.5955e+00
-1.0000e+01 -1.3000e+02 -2.9664e+00
-1.0000e+01 -1.2000e+02 -4.0288e+00
-1.0000e+01 -1.1000e+02 -1.4850e+00
-1.0000e+01 -1.0000e+02 -2.9517e+00
-1.0000e+01 -9.0000e+01 -7.1762e+00
-1.0000e+01 -8.0000e+01 -5.3407e+00
-1.0000e+01 -7.0000e+01 -7.4702e+00
-1.0000e+01 -6.0000e+01 -9.6769e+00
-1.0000e+01 -5.0000e+01 -7.9649e+00
-1.0000e+01 -4.0000e+01 -1.0729e+01
-1.0000e+01 -3.0000e+01 -1.1031e+01
-1.0000e+01 -2.0000e+01 -1.3022e+01
-1.0000e+01 -1.0000e+01 -1.5080e+01
-1.0000e+01 0.0000e+00 -1.4327e+01
-1.0000e+01 1.0000e+01 -1.5116e+01
-1.0000e+01 2.0000e+01 -1.3916e+01
-1.0000e+01 3.0000e+01 -1.3089e+01
-1.0000e+01 4.0000e+01 -1.0250e+01
-1.0000e+01 5.0000e+01 -8.9147e+00
-1.0000e+01 6.0000e+01 -8.3787e+00
-1.0000e+01 7.0000e+01 -5.9695e+00
-1.0000e+01 8.0000e+01 -7.0177e+00
-1.0000e+01 9.0000e+01 -5.9726e+00
-1.0000e+01 1.0000e+02 -5.0674e+00
-1.0000e+01 1.1000e+02 -3.6680e+00
-1.0000e+01 1.2000e+02 -3.1839e+00
-1.0000e+01 1.3000e+02 -1.9575e+00
-1.0000e+01 1.4000e+02 -2.6948e+00
-1.0000e+01 1.5000e+02 -7.1255e-01
-1.0000e+01 1.6000e+02 -5.9631e-01
-1.0000e+01 1.7000e+02 1.0401e+00
-1.0000e+01 1.8000e+02 -4.2186e-01
-1.0000e+01 1.9000e+02 -2.0321e+00
-1.0000e+01 2.0000e+02 -1.8079e-01
0.0000e+00 -2.0000e+02 1.2831e+00
0.0000e+00 -1.9000e+02 -3.2353e-01
0.0000e+00 -1.8000e+02 2.9793e-01
0.0000e+00 -1.7000e+02 -2.5488e+00
0.0000e+00 -1.6000e+02 1.3632e+00
0.0000e+00 -1.5000e+02 8.7378e-01
0.0000e+00 -1.4000e+02 -8.5592e-01
0.0000e+00 -1.3000e+02 -2.5289e+00
0.0000e+00 -1.2000e+02 -4.0609e+00
0.0000e+00 -1.1000e+02 -1.3976e+00
0.0000e+00 -1.0000e+02 -4.2681e-01
0.0000e+00 -9.0000e+01 -1.6999e+00
0.0000e+00 -8.0000e+01 -7.2023e+00
0.0000e+00 -7.0000e+01 -5.1555e+00
0.0000e+00 -6.0000e+01 -9.2542e+00
0.0000e+00 -5.0000e+01 -9.1759e+00
0.0000e+00 -4.0000e+01 -1.0033e+01
0.0000e+00 -3.0000e+01 -1.3939e+01
0.0000e+00 -2.0000e+01 -1.3307e+01
0.0000e+00 -1.0000e+01 -1.6081e+01
0.0000e+00 0.0000e+00 -1.3585e+01
0.0000e+00 1.0000e+01 -1.5713e+01
0.0000e+00 2.0000e+01 -1.2742e+01
0.0000e+00 3.0000e+01 -1.3845e+01
0.0000e+00 4.0000e+01 -1.1561e+01
0.0000e+00 5.0000e+01 -1.2651e+01
0.0000e+00 6.0000e+01 -9.1315e+00
0.0000e+00 7.0000e+01 -7.7559e+00
0.0000e+00 8.0000e+01 -3.7077e+00
0.0000e+00 9.0000e+01 -6.8724e+00
0.0000e+00 1.0000e+02 -4.6860e+00
0.0000e+00 1.1000e+02 -2.5752e+00
0.0000e+00 1.2000e+02 5.7130e-01
0.0000e+00 1.3000e+02 -7.9995e-01
0.0000e+00 1.4000e+02 1.7278e+00
0.0000e+00 1.5000e+02 1.9382e-01
0.0000e+00 1.6000e+02 -6.5097e-01
0.0000e+00 1.7000e+02 2.2418e-01
0.0000e+00 1.8000e+02 1.5234e-01
0.0000e+00 1.9000e+02 -1.0534e-01
0.0000e+00 2.0000e+02 3.5088e+00
1.0000e+01 -2.0000e+02 9.3917e-01
1.0000e+01 -1.9000e+02 6.5905e-02
1.0000e+01 -1.8000e+02 -1.5662e+00
1.0000e+01 -1.7000e+02 -3.9030e+00
1.0000e+01 -1.6000e+02 -6.5020e-01
1.0000e+01 -1.5000e+02 2.5984e-01
1.0000e+01 -1.4000e+02 7.4033e-01
1.0000e+01 -1.3000e+02 -2.4377e+00
1.0000e+01 -1.2000e+02 -1.3252e+00
1.0000e+01 -1.1000e+02 -5.2283e+00
1.0000e+01 -1.0000e+02 -4.9219e+00
1.0000e+01 -9.0000e+01 -5.0883e+00
1.0000e+01 -8.0000e+01 -5.2777e+00
1.0000e+01 -7.0000e+01 -5.6629e+00
1.0000e+01 -6.0000e+01 -6.9412e+00
1.0000e+01 -5.0000e+01 -1.0060e+01
1.0000e+01 -4.0000e+01 -1.2451e+01
1.0000e+01 -3.0000e+01 -1.0641e+01
1.0000e+01 -2.0000e+01 -1.5562e+01
1.0000e+01 -1.0000e+01 -1.4776e+01
1.0000e+01 0.0000e+00 -1.4347e+01
1.0000e+01 1.0000e+01 -1.3669e+01
1.0000e+01 2.0000e+01 -1.2393e+01
1.0000e+01 3.0000e+01 -1.1456e+01
1.0000e+01 4.0000e+01 -1.1810e+01
1.0000e+01 5.0000e+01 -9.8201e+00
1.0000e+01 6.0000e+01 -8.0020e+00
1.0000e+01 7.0000e+01 -7.6467e+00
1.0000e+01 8.0000e+01 -5.3184e+00
1.0000e+01 9.0000e+01 -2.9922e+00
1.0000e+01 1.0000e+02 -1.8408e+00
1.0000e+01 1.1000e+02 1.1059e-01
1.0000e+01 1.2000e+02 -1.2180e+00
1.0000e+01 1.3000e+02 -2.0168e+00
1.0000e+01 1.4000e+02 1.1823e+00
1.0000e+01 1.5000e+02 3.9992e-01
1.0000e+01 1.6000e+02 -2.2361e+00
1.0000e+01 1.7000e+02 1.9277e+00
1.0000e+01 1.8000e+02 2.4723e+00
1.0000e+01 1.9000e+02 -6.2868e-01
1.0000e+01 2.0000e+02 1.0728e+00
2.0000e+01 -2.0000e+02 -1.4535e+00
2.0000e+01 -1.9000e+02 -2.4422e+00
2.0000e+01 -1.8000e+02 3.7687e-01
2.0000e+01 -1.7000e+02 1.7102e-01
2.0000e+01 -1.6000e+02 3.3780e-02
2.0000e+01 -1.5000e+02 1.0032e+00
2.0000e+01 -1.4000e+02 -1.3748e+00
2.0000e+01 -1.3000e+02 -1.4436e+00
2.0000e+01 -1.2000e+02 -4.8533e+00
2.0000e+01 -1.1000e+02 -1.6651e+00
2.0000e+01 -1.0000e+02 -1.3462e+00
2.0000e+01 -9.0000e+01 -3.6359e+00
2.0000e+01 -8.0000e+01 -5.2541e+00
2.0000e+01 -7.0000e+01 -6.9705e+00
2.0000e+01 -6.0000e+01 -9.2501e+00
2.0000e+01 -5.0000e+01 -1.0404e+01
2.0000e+01 -4.0000e+01 -1.1238e+01
2.0000e+01 -3.0000e+01 -1.1963e+01
2.0000e+01 -2.0000e+01 -1.0417e+01
2.0000e+01 -1.0000e+01 -1.5040e+01
2.0000e+01 0.0000e+00 -1.6219e+01
2.0000e+01 1.0000e+01 -1.1032e+01
2.0000e+01 2.0000e+01 -1.3040e+01
2.0000e+01 3.0000e+01 -1.5476e+01
2.0000e+01 4.0000e+01 -1.1411e+01
2.0000e+01 5.0000e+01 -1.0178e+01
2.0000e+01 6.0000e+01 -7.4035e+00
2.0000e+01 7.0000e+01 -8.3341e+00
2.0000e+01 8.0000e+01 -5.3685e+00
2.0000e+01 9.0000e+01 -5.3228e+00
2.0000e+01 1.0000e+02 -4.5485e+00
2.0000e+01 1.1000e+02 -3.5490e+00
2.0000e+01 1.2000e+02 -4.9751e+00
2.0000e+01 1.3000e+02 -3.3860e+00
2.0000e+01 1.4000e+02 -7.1322e-01
2.0000e+01 1.5000e+02 7.8885e-01
2.0000e+01 1.6000e+02 -4.6635e+00
2.0000e+01 1.7000e+02 1.0505e+00
2.0000e+01 1.8000e+02 4.9310e-01
2.0000e+01 1.9000e+02 -2.1383e-01
2.0000e+01 2.0000e+02 6.3732e-01
3.0000e+01 -2.0000e+02 -2.8705e-01
3.0000e+01 -1.9000e+02 -4.6805e-01
3.0000e+01 -1.8000e+02 -9.3435e-01
3.0000e+01 -1.7000e+02 -7.5104e-01
3.0000e+01 -1.6000e+02 1.6894e+00
3.0000e+01 -1.5000e+02 -1.4286e+00
3.0000e+01 -1.4000e+02 -5.1964e-01
3.0000e+01 -1.3000e+02 -1.4105e+00
3.0000e+01 -1.2000e+02 -8.7079e-01
3.0000e+01 -1.1000e+02 -2.4343e+00
3.0000e+01 -1.0000e+02 -2.0516e+00
3.0000e+01 -9.0000e+01 -3.8892e+00
3.0000e+01 -8.0000e+01 -5.9650e+00
3.0000e+01 -7.0000e+01 -6.1753e+00
3.0000e+01 -6.0000e+01 -9.1935e+00
3.0000e+01 -5.0000e+01 -9.8010e+00
3.0000e+01 -4.0000e+01 -1.1056e+01
3.0000e+01 -3.0000e+01 -1.1286e+01
3.0000e+01 -2.0000e+01 -1.2633e+01
3.0000e+01 -1.0000e+01 -1.0632e+01
3.0000e+01 0.0000e+00 -1.2794e+01
3.0000e+01 1.0000e+01 -1.4318e+01
3.0000e+01 2.0000e+01 -1.3083e+01
3.0000e+01 3.0000e+01 -1.0747e+01
3.0000e+01 4.0000e+01 -1.3046e+01
3.0000e+01 5.0000e+01 -8.1569e+00
3.0000e+01 6.0000e+01 -8.1705e+00
3.0000e+01 7.0000e+01 -5.1775e+00
3.0000e+01 8.0000e+01 -5.6265e+00
3.0000e+01 9.0000e+01 -3.5581e+00
3.0000e+01 1.0000e+02 -2.1248e+00
3.0000e+01 1.1000e+02 -8.2066e-01
3.0000e+01 1.2000e+02 -7.9119e-01
3.0000e+01 1.3000e+02 -2.8514e+00
3.0000e+01 1.4000e+02 -9.4572e-01
3.0000e+01 1.5000e+02 2.0166e-02
3.0000e+01 1.6000e+02 -4.8237e-01
3.0000e+01 1.7000e+02 9.9723e-02
3.0000e+01 1.8000e+02 -2.1867e+00
3.0000e+01 1.9000e+02 1.8558e-01
3.0000e+01 2.0000e+02 2.1327e+00
4.0000e+01 -2.0000e+02 1.3765e+00
4.0000e+01 -1.9000e+02 4.1040e-01
4.0000e+01 -1.8000e+02 -1.5009e+00
4.0000e+01 -1.7000e+02 1.4476e+00
4.0000e+01 -1.6000e+02 2.0968e+00
4.0000e+01 -1.5000e+02 -1.9160e+00
4.0000e+01 -1.4000e+02 -4.7594e+00
4.0000e+01 -1.3000e+02 6.4713e-01
4.0000e+01 -1.2000e+02 -5.1507e-01
4.0000e+01 -1.1000e+02 -3.0122e+00
4.0000e+01 -1.0000e+02 2.8390e-01
4.0000e+01 -9.0000e+01 -2.8398e+00
4.0000e+01 -8.0000e+01 -7.2057e+00
4.0000e+01 -7.0000e+01 -5.0308e+00
4.0000e+01 -6.0000e+01 -5.9722e+00
4.0000e+01 -5.0000e+01 -7.4893e+00
4.0000e+01 -4.0000e+01 -1.2382e+01
4.0000e+01 -3.0000e+01 -8.7383e+00
4.0000e+01 -2.0000e+01 -1.0325e+01
4.0000e+01 -1.0000e+01 -1.0560e+01
4.0000e+01 0.0000e+00 -1.0855e+01
4.0000e+01 1.0000e+01 -1.2647e+01
4.0000e+01 2.0000e+01 -1.0757e+01
4.0000e+01 3.0000e+01 -7.8332e+00
4.0000e+01 4.0000e+01 -1.1823e+01
4.0000e+01 5.0000e+01 -1.0001e+01
4.0000e+01 6.0000e+01 -6.4630e+00
4.0000e+01 7.0000e+01 -5.7259e+00
4.0000e+01 8.0000e+01 -4.5741e+00
4.0000e+01 9.0000e+01 1.1329e+00
4.0000e+01 1.0000e+02 -4.9562e+00
4.0000e+01 1.1000e+02 -6.0802e-02
4.0000e+01 1.2000e+02 -1.3127e+00
4.0000e+01 1.3000e+02 -6.7954e-01
4.0000e+01 1.4000e+02 5.0468e-01
4.0000e+01 1.5000e+02 -2.6804e-01
4.0000e+01 1.6000e+02 -2.5646e+00
4.0000e+01 1.7000e+02 1.4307e-01
4.0000e+01 1.8000e+02 4.5771e-01
4.0000e+01 1.9000e+02 1.8798e+00
4.0000e+01 2.0000e+02 -8.1358e-01
5.0000e+01 -2.0000e+02 4.1780e-01
5.0000e+01 -1.9000e+02 -6.8829e-01
5.0000e+01 -1.8000e+02 1.3591e+00
5.0000e+01 -1.7000e+02 6.3611e-01
5.0000e+01 -1.6000e+02 -2.0216e+00
5.0000e+01 -1.5000e+02 -1.8723e+00
5.0000e+01 -1.4000e+02 -2.0312e-01
5.0000e+01 -1.3000e+02 4.6907e-01
5.0000e+01 -1.2000e+02 -1.4150e+00
5.0000e+01 -1.1000e+02 -7.0450e-01
5.0000e+01 -1.0000e+02 -1.7533e+00
5.0000e+01 -9.0000e+01 -3.6486e+00
5.0000e+01 -8.0000e+01 -2.5539e+00
5.0000e+01 -7.0000e+01 -5.7232e+00
5.0000e+01 -6.0000e+01 -4.4283e+00
5.0000e+01 -5.0000e+01 -8.2728e+00
5.0000e+01 -4.0000e+01 -7.4579e+00
5.0000e+01 -3.0000e+01 -5.9870e+00
5.0000e+01 -2.0000e+01 -1.0966e+01
5.0000e+01 -1.0000e+01 -1.0821e+01
5.0000e+01 0.0000e+00 -1.1775e+01
5.0000e+01 1.0000e+01 -8.8885e+00
5.0000e+01 2.0000e+01 -1.0087e+01
5.0000e+01 3.0000e+01 -7.6428e+00
5.0000e+01 4.0000e+01 -9.0030e+00
5.0000e+01 5.0000e+01 -8.9142e+00
5.0000e+01 6.0000e+01 -3.9925e+00
5.0000e+01 7.0000e+01 -2.7693e+00
5.0000e+01 8.0000e+01 -4.6739e+00
5.0000e+01 9.0000e+01 -2.6270e+00
5.0000e+01 1.0000e+02 -3.9174e+00
5.0000e+01 1.1000e+02 -4.4864e+00
5.0000e+01 1.2000e+02 -9.3062e-01
5.0000e+01 1.3000e+02 -1.3294e+00
5.0000e+01 1.4000e+02 1.1398e+00
5.0000e+01 1.5000e+02 1.1121e+00
5.0000e+01 1.6000e+02 2.3116e-01
5.0000e+01 1.7000e+02 9.3593e-01
5.0000e+01 1.8000e+02 -1.9279e-01
5.0000e+01 1.9000e+02 -6.0554e-01
5.0000e+01 2.0000e+02 1.5700e-01
6.0000e+01 -2.0000e+02 -1.9337e+00
6.0000e+01 -1.9000e+02 -1.0244e+00
6.0000e+01 -1.8000e+02 -4.8275e-01
6.0000e+01 -1.7000e+02 2.4681e+00
6.0000e+01 -1.6000e+02 3.5807e+00
6.0000e+01 -1.5000e+02 -1.0081e-01
6.0000e+01 -1.4000e+02 -1.6721e+00
6.0000e+01 -1.3000e+02 -2.4457e+00
6.0000e+01 -1.2000e+02 -1.2338e+00
6.0000e+01 -1.1000e+02 2.6224e-02
6.0000e+01 -1.0000e+02 -8.6587e-01
6.0000e+01 -9.0000e+01 -1.2587e+00
6.0000e+01 -8.0000e+01 -3.3349e+00
6.0000e+01 -7.0000e+01 -4.2345e+00
6.0000e+01 -6.0000e+01 -8.2792e+00
6.0000e+01 -5.0000e+01 -4.4454e+00
6.0000e+01 -4.0000e+01 -4.8941e+00
6.0000e+01 -3.0000e+01 -6.0438e+00
6.0000e+01 -2.0000e+01 -7.1011e+00
6.0000e+01 -1.0000e+01 -7.9230e+00
6.0000e+01 0.0000e+00 -7.5830e+00
6.0000e+01 1.0000e+01 -7.3534e+00
6.0000e+01 2.0000e+01 -7.4544e+00
6.0000e+01 3.0000e+01 -7.7946e+00
6.0000e+01 4.0000e+01 -6.2380e+00
6.0000e+01 5.0000e+01 -5.6271e+00
6.0000e+01 6.0000e+01 -6.2089e+00
6.0000e+01 7.0000e+01 -3.2022e+00
6.0000e+01 8.0000e+01 -2.5781e+00
6.0000e+01 9.0000e+01 -3.4702e+00
6.0000e+01 1.0000e+02 -3.2115e+00
6.0000e+01 1.1000e+02 -7.0594e-01
6.0000e+01 1.2000e+02 -1.3870e+00
6.0000e+01 1.3000e+02 -3.4490e+00
6.0000e+01 1.4000e+02 -1.8388e+00
6.0000e+01 1.5000e+02 -2.3493e+00
6.0000e+01 1.6000e+02 -4.1243e-01
6.0000e+01 1.7000e+02 -1.2835e+00
6.0000e+01 1.8000e+02 -7.5619e-01
6.0000e+01 1.9000e+02 -9.0275e-01
6.0000e+01 2.0000e+02 7.6560e-01
7.0000e+01 -2.0000e+02 -1.1676e+00
7.0000e+01 -1.9000e+02 -3.9868e-01
7.0000e+01 -1.8000e+02 -4.6653e-01
7.0000e+01 -1.7000e+02 3.2923e+00
7.0000e+01 -1.6000e+02 -4.7322e-01
7.0000e+01 -1.5000e+02 -2.0773e+00
7.0000e+01 -1.4000e+02 -1.1666e+00
7.0000e+01 -1.3000e+02 -3.3012e-01
7.0000e+01 -1.2000e+02 1.5920e+00
7.0000e+01 -1.1000e+02 -1.1571e+00
7.0000e+01 -1.0000e+02 -4.0206e-01
7.0000e+01 -9.0000e+01 -7.0389e-01
7.0000e+01 -8.0000e+01 -3.9554e+00
7.0000e+01 -7.0000e+01 -4.9669e+00
7.0000e+01 -6.0000e+01 -3.2711e+00
7.0000e+01 -5.0000e+01 -5.9797e+00
7.0000e+01 -4.0000e+01 -5.9179e+00
7.0000e+01 -3.0000e+01 -5.3394e+00
7.0000e+01 -2.0000e+01 -5.0278e+00
7.0000e+01 -1.0000e+01 -6.8495e+00
7.0000e+01 0.0000e+00 -6.8622e+00
7.0000e+01 1.0000e+01 -8.8885e+00
7.0000e+01 2.0000e+01 -4.8264e+00
7.0000e+01 3.0000e+01 -4.7097e+00
7.0000e+01 4.0000e+01 -3.5158e+00
7.0000e+01 5.0000e+01 -4.9027e+00
7.0000e+01 6.0000e+01 -6.7586e+00
7.0000e+01 7.0000e+01 -4.1938e+00
7.0000e+01 8.0000e+01 8.2719e-02
7.0000e+01 9.0000e+01 -2.0243e+00
7.0000e+01 1.0000e+02 -2.6116e+00
7.0000e+01 1.1000e+02 -1.2605e+00
7.0000e+01 1.2000e+02 -3.4804e+00
7.0000e+01 1.3000e+02 4.4764e-01
7.0000e+01 1.4000e+02 2.6427e-01
7.0000e+01 1.5000e+02 -5.0289e-01
7.0000e+01 1.6000e+02 2.7957e+00
7.0000e+01 1.7000e+02 -1.1665e+00
7.0000e+01 1.8000e+02 -4.8757e-01
7.0000e+01 1.9000e+02 -3.4544e+00
7.0000e+01 2.0000e+02 1.0665e+00
8.0000e+01 -2.0000e+02 1.3505e+00
8.0000e+01 -1.9000e+02 -5.4610e-01
8.0000e+01 -1.8000e+02 -2.9660e-01
8.0000e+01 -1.7000e+02 1.6391e+00
8.0000e+01 -1.6000e+02 -1.1928e+00
8.0000e+01 -1.5000e+02 5.8915e-02
8.0000e+01 -1.4000e+02 5.1439e-01
8.0000e+01 -1.3000e+02 -2.3880e+00
8.0000e+01 -1.2000e+02 -2.1239e+00
8.0000e+01 -1.1000e+02 -3.0117e+00
8.0000e+01 -1.0000e+02 1.2367e+00
8.0000e+01 -9.0000e+01 -2.6786e-01
8.0000e+01 -8.0000e+01 -8.0367e-01
8.0000e+01 -7.0000e+01 -1.6912e+00
8.0000e+01 -6.0000e+01 -2.4127e+00
8.0000e+01 -5.0000e+01 -2.6595e+00
8.0000e+01 -4.0000e+01 -4.4841e+00
8.0000e+01 -3.0000e+01 -4.2475e+00
8.0000e+01 -2.0000e+01 -3.9973e+00
8.0000e+01 -1.0000e+01 -6.4425e+00
8.0000e+01 0.0000e+00 -5.8670e+00
8.0000e+01 1.0000e+01 -5.0371e+00
8.0000e+01 2.0000e+01 -6.0627e+00
8.0000e+01 3.0000e+01 -6.0674e+00
8.0000e+01 4.0000e+01 -5.8772e+00
8.0000e+01 5.0000e+01 -4.5829e+00
8.0000e+01 6.0000e+01 -4.2412e+00
8.0000e+01 7.0000e+01 -3.6907e+00
8.0000e+01 8.0000e+01 -3.4382e+00
8.0000e+01 9.0000e+01 1.5721e-01
8.0000e+01 1.0000e+02 -3.2021e+00
8.0000e+01 1.1000e+02 -2.9745e+00
8.0000e+01 1.2000e+02 -2.6696e-01
8.0000e+01 1.3000e+02 -5.3503e-01
8.0000e+01 1.4000e+02 1.0528e+00
8.0000e+01 1.5000e+02 1.3885e+00
8.0000e+01 1.6000e+02 -2.3993e-01
8.0000e+01 1.7000e+02 1.5342e-01
8.0000e+01 1.8000e+02 1.4311e+00
8.0000e+01 1.9000e+02 -2.1617e+00
8.0000e+01 2.0000e+02 1.2955e-01
9.0000e+01 -2.0000e+02 -2.1802e+00
9.0000e+01 -1.9000e+02 1.2186e+00
9.0000e+01 -1.8000e+02 1.6327e+00
9.0000e+01 -1.7000e+02 1.7003e+00
9.0000e+01 -1.6000e+02 -8.8580e-01
9.0000e+01 -1.5000e+02 6.7078e-01
9.0000e+01 -1.4000e+02 1.3185e+00
9.0000e+01 -1.3000e+02 -2.9603e+00
9.0000e+01 -1.2000e+02 -1.5869e-01
9.0000e+01 -1.1000e+02 2.3226e-02
9.0000e+01 -1.0000e+02 -1.9225e+00
9.0000e+01 -9.0000e+01 6.6013e-01
9.0000e+01 -8.0000e+01 -9.3413e-01
9.0000e+01 -7.0000e+01 -1.1033e+00
9.0000e+01 -6.0000e+01 -3.5058e+00
9.0000e+01 -5.0000e+01 -5.0520e+00
9.0000e+01 -4.0000e+01 -3.4814e+00
9.0000e+01 -3.0000e+01 -3.8657e+00
9.0000e+01 -2.0000e+01 -4.0949e+00
9.0000e+01 -1.0000e+01 -4.3438e+00
9.0000e+01 0.0000e+00 -4.4488e+00
9.0000e+01 1.0000e+01 -3.4603e+00
9.0000e+01 2.0000e+01 -2.5112e+00
9.0000e+01 3.0000e+01 -3.4719e+00
9.0000e+01 4.0000e+01 -2.0411e+00
9.0000e+01 5.0000e+01 -5.8421e+00
9.0000e+01 6.0000e+01 -4.3136e+00
9.0000e+01 7.0000e+01 3.1621e-01
9.0000e+01 8.0000e+01 -4.0877e+00
9.0000e+01 9.0000e+01 8.5392e-01
9.0000e+01 1.0000e+02 2.2751e-01
9.0000e+01 1.1000e+02 -1.3524e+00
9.0000e+01 1.2000e+02 -2.0528e-01
9.0000e+01 1.3000e+02 -2.5898e-01
9.0000e+01 1.4000e+02 -1.3409e-01
9.0000e+01 1.5000e+02 1.8608e+00
9.0000e+01 1.6000e+02 2.1279e+00
9.0000e+01 1.7000e+02 -8.1023e-01
9.0000e+01 1.8000e+02 1.5567e+00
9.0000e+01 1.9000e+02 -5.4494e-01
9.0000e+01 2.0000e+02 1.2653e+00
1.0000e+02 -2.0000e+02 2.8046e-01
1.0000e+02 -1.9000e+02 -1.9506e+00
1.0000e+02 -1.8000e+02 -1.4902e+00
1.0000e+02 -1.7000e+02 -4.1188e-01
1.0000e+02 -1.6000e+02 -1.7325e+00
1.0000e+02 -1.5000e+02 -9.5313e-01
1.0000e+02 -1.4000e+02 6.8666e-01
1.0000e+02 -1.3000e+02 -1.6172e+00
1.0000e+02 -1.2000e+02 -8.7850e-01
1.0000e+02 -1.1000e+02 2.8251e-01
1.0000e+02 -1.0000e+02 -1.2431e+00
1.0000e+02 -9.0000e+01 8.1450e-02
1.0000e+02 -8.0000e+01 5.8825e-01
1.0000e+02 -7.0000e+01 -2.1059e+00
1.0000e+02 -6.0000e+01 -1.8037e+00
1.0000e+02 -5.0000e+01 -5.6985e+00
1.0000e+02 -4.0000e+01 -4.0806e+00
1.0000e+02 -3.0000e+01 -9.1537e-01
1.0000e+02 -2.0000e+01 -3.8866e+00
1.0000e+02 -1.0000e+01 -4.0837e+00
1.0000e+02 0.0000e+00 -1.8447e+00
1.0000e+02 1.0000e+01 -4.0869e+00
1.0000e+02 2.0000e+01 -1.6140e+00
1.0000e+02 3.0000e+01 -3.0482e+00
1.0000e+02 4.0000e+01 -2.3049e+00
1.0000e+02 5.0000e+01 -1.7201e+00
1.0000e+02 6.0000e+01 -2.7502e+00
1.0000e+02 7.0000e+01 -1.9019e+00
1.0000e+02 8.0000e+01 -5.3597e-01
1.0000e+02 9.0000e+01 -2.2200e+00
1.0000e+02 1.0000e+02 -2.1860e+00
1.0000e+02 1.1000e+02 1.1858e+00
1.0000e+02 1.2000e+02 -1.8333e+00
1.0000e+02 1.3000e+02 2.0717e+00
1.0000e+02 1.4000e+02 4.4181e-01
1.0000e+02 1.5000e+02 6.4002e-01
1.0000e+02 1.6000e+02 1.7740e+00
1.0000e+02 1.7000e+02 -1.5464e+00
1.0000e+02 1.8000e+02 1.6935e+00
1.0000e+02 1.9000e+02 1.6926e-01
1.0000e+02 2.0000e+02 -1.3449e+00
1.1000e+02 -2.0000e+02 -5.8132e-01
1.1000e+02 -1.9000e+02 -1.5455e+00
1.1000e+02 -1.8000e+02 -1.2662e+00
1.1000e+02 -1.7000e+02 -1.2129e+00
1.1000e+02 -1.6000e+02 1.3594e+00
1.1000e+02 -1.5000e+02 3.4228e+00
1.1000e+02 -1.4000e+02 -2.6826e+00
1.1000e+02 -1.3000e+02 8.3751e-01
1.1000e+02 -1.2000e+02 -2.6409e+00
1.1000e+02 -1.1000e+02 1.4085e+00
1.1000e+02 -1.0000e+02 5.4231e-01
1.1000e+02 -9.0000e+01 2.4707e+00
1.1000e+02 -8.0000e+01 2.5958e-01
1.1000e+02 -7.0000e+01 -2.6662e-01
1.1000e+02 -6.0000e+01 -1.4608e+00
1.1000e+02 -5.0000e+01 -7.3745e-01
1.1000e+02 -4.0000e+01 -3.7424e+00
1.1000e+02 -3.0000e+01 -4.6823e-01
1.1000e+02 -2.0000e+01 7.1654e-01
1.1000e+02 -1.0000e+01 -2.7968e+00
1.1000e+02 0.0000e+00 -3.0071e+00
1.1000e+02 1.0000e+01 -8.5830e-01
1.1000e+02 2.0000e+01 -1.4267e+00
1.1000e+02 3.0000e+01 -3.0411e+00
1.1000e+02 4.0000e+01 -8.6673e-01
1.1000e+02 5.0000e+01 -2.9754e+00
1.1000e+02 6.0000e+01 -2.0470e+00
1.1000e+02 7.0000e+01 -1.5468e+00
1.1000e+02 8.0000e+01 -1.9954e+00
1.1000e+02 9.0000e+01 -7.6265e-01
1.1000e+02 1.0000e+02 -6.4586e-02
1.1000e+02 1.1000e+02 -5.5037e-02
1.1000e+02 1.2000e+02 2.6666e+00
1.1000e+02 1.3000e+02 -1.8877e+00
1.1000e+02 1.4000e+02 -1.0772e+00
1.1000e+02 1.5000e+02 8.6979e-01
1.1000e+02 1.6000e+02 6.6592e-01
1.1000e+02 1.7000e+02 1.9744e+00
1.1000e+02 1.8000e+02 1.1424e+00
1.1000e+02 1.9000e+02 -5.7706e-01
1.1000e+02 2.0000e+02 2.7595e-01
1.2000e+02 -2.0000e+02 -1.9496e+00
1.2000e+02 -1.9000e+02 -8.7912e-02
1.2000e+02 -1.8000e+02 -3.5221e-01
1.2000e+02 -1.7000e+02 -2.3101e+00
1.2000e+02 -1.6000e+02 -1.0276e+00
1.2000e+02 -1.5000e+02 -4.4847e-01
1.2000e+02 -1.4000e+02 -7.1697e-01
1.2000e+02 -1.3000e+02 -9.0357e-01
1.2000e+02 -1.2000e+02 1.2239e+00
1.2000e+02 -1.1000e+02 5.7987e-01
1.2000e+02 -1.0000e+02 3.6025e-01
1.2000e+02 -9.0000e+01 -3.3459e+00
1.2000e+02 -8.0000e+01 -1.5978e+00
1.2000e+02 -7.0000e+01 -6.2277e-01
1.2000e+02 -6.0000e+01 -9.2939e-01
1.2000e+02 -5.0000e+01 -1.4748e+00
1.2000e+02 -4.0000e+01 -9.8142e-01
1.2000e+02 -3.0000e+01 -6.3278e-01
1.2000e+02 -2.0000e+01 -4.4272e+00
1.2000e+02 -1.0000e+01 -3.4443e-01
1.2000e+02 0.0000e+00 -4.0967e+00
1.2000e+02 1.0000e+01 -9.6351e-01
1.2000e+02 2.0000e+01 -1.1521e+00
1.2000e+02 3.0000e+01 -2.9840e+00
1.2000e+02 4.0000e+01 7.2719e-02
1.2000e+02 5.0000e+01 -2.2999e+00
1.2000e+02 6.0000e+01 6.6243e-01
1.2000e+02 7.0000e+01 -1.6097e+00
1.2000e+02 8.0000e+01 -1.3083e+00
1.2000e+02 9.0000e+01 1.5640e+00
1.2000e+02 1.0000e+02 -2.4354e+00
1.2000e+02 1.1000e+02 -7.2545e-01
1.2000e+02 1.2000e+02 7.0085e-01
1.2000e+02 1.3000e+02 -2.0051e+00
1.2000e+02 1.4000e+02 2.8497e-01
1.2000e+02 1.5000e+02 1.1471e+00
1.2000e+02 1.6000e+02 -1.0159e+00
1.2000e+02 1.7000e+02 2.9287e-01
1.2000e+02 1.8000e+02 -9.0191e-01
1.2000e+02 1.9000e+02 -3.4013e+00
1.2000e+02 2.0000e+02 -1.6340e-01
1.3000e+02 -2.0000e+02 2.0650e+00
1.3000e+02 -1.9000e+02 -2.6763e+00
1.3000e+02 -1.8000e+02 -1.1490e+00
1.3000e+02 -1.7000e+02 3.6581e-01
1.3000e+02 -1.6000e+02 1.5866e-02
1.3000e+02 -1.5000e+02 9.5814e-01
1.3000e+02 -1.4000e+02 7.7255e-01
1.3000e+02 -1.3000e+02 8.7781e-02
1.3000e+02 -1.2000e+02 -2.0249e+00
1.3000e+02 -1.1000e+02 -1.3191e+00
1.3000e+02 -1.0000e+02 9.6454e-01
1.3000e+02 -9.0000e+01 4.0334e-02
1.3000e+02 -8.0000e+01 -1.9444e-01
1.3000e+02 -7.0000e+01 -1.0131e+00
1.3000e+02 -6.0000e+01 1.1198e+00
1.3000e+02 -5.0000e+01 -3.3575e-01
1.3000e+02 -4.0000e+01 1.0186e+00
1.3000e+02 -3.0000e+01 1.8311e-01
1.3000e+02 -2.0000e+01 -1.8550e-01
1.3000e+02 -1.0000e+01 -2.0829e+00
1.3000e+02 0.0000e+00 -2.2864e+00
1.3000e+02 1.0000e+01 -2.7234e+00
1.3000e+02 2.0000e+01 2.3234e+00
1.3000e+02 3.0000e+01 3.6318e-01
1.3000e+02 4.0000e+01 -1.4262e+00
1.3000e+02 5.0000e+01 -1.6017e-01
1.3000e+02 6.0000e+01 -1.8610e-01
1.3000e+02 7.0000e+01 2.0184e-01
1.3000e+02 8.0000e+01 -2.0054e+00
1.3000e+02 9.0000e+01 -2.9537e+00
1.3000e+02 1.0000e+02 -2.5235e+00
1.3000e+02 1.1000e+02 -1.3801e+00
1.3000e+02 1.2000e+02 -2.5014e+00
1.3000e+02 1.3000e+02 -2.6954e-01
1.3000e+02 1.4000e+02 3.2216e+00
1.3000e+02 1.5000e+02 -9.9756e-01
1.3000e+02 1.6000e+02 -3.5144e+00
1.3000e+02 1.7000e+02 1.7867e+00
1.3000e+02 1.8000e+02 -6.8635e-01
1.3000e+02 1.9000e+02 -1.8746e+00
1.3000e+02 2.0000e+02 7.9214e-01
1.4000e+02 -2.0000e+02 4.1959e+00
1.4000e+02 -1.9000e+02 5.4860e-01
1.4000e+02 -1.8000e+02 4.3571e-01
1.4000e+02 -1.7000e+02 7.7884e-01
1.4000e+02 -1.6000e+02 6.1770e-01
1.4000e+02 -1.5000e+02 -1.2705e+00
1.4000e+02 -1.4000e+02 -2.8926e-01
1.4000e+02 -1.3000e+02 1.5603e+00
1.4000e+02 -1.2000e+02 -2.1827e+00
1.4000e+02 -1.1000e+02 2.7808e+00
1.4000e+02 -1.0000e+02 -9.1403e-01
1.4000e+02 -9.0000e+01 1.3215e+00
1.4000e+02 -8.0000e+01 5.4118e-01
1.4000e+02 -7.0000e+01 -1.2734e+00
1.4000e+02 -6.0000e+01 -2.8322e+00
1.4000e+02 -5.0000e+01 -1.9889e+00
1.4000e+02 -4.0000e+01 -3.5045e-01
1.4000e+02 -3.0000e+01 2.5853e+00
1.4000e+02 -2.0000e+01 8.2613e-01
1.4000e+02 -1.0000e+01 -2.8428e+00
1.4000e+02 0.0000e+00 -2.4693e-01
1.4000e+02 1.0000e+01 2.6224e-01
1.4000e+02 2.0000e+01 -1.6232e+00
1.4000e+02 3.0000e+01 -6.8901e-01
1.4000e+02 4.0000e+01 -4.1375e-01
1.4000e+02 5.0000e+01 9.6236e-01
1.4000e+02 6.0000e+01 -9.1412e-01
1.4000e+02 7.0000e+01 1.2528e+00
1.4000e+02 8.0000e+01 -7.0201e-01
1.4000e+02 9.0000e+01 -6.6441e-01
1.4000e+02 1.0000e+02 -1.2849e+00
1.4000e+02 1.1000e+02 -8.1328e-01
1.4000e+02 1.2000e+02 -2.7284e+00
1.4000e+02 1.3000e+02 -1.5944e+00
1.4000e+02 1.4000e+02 -1.2613e+00
1.4000e+02 1.5000e+02 -4.1667e-02
1.4000e+02 1.6000e+02 1.4258e+00
1.4000e+02 1.7000e+02 2.4894e+00
1.4000e+02 1.8000e+02 -2.8900e+00
1.4000e+02 1.9000e+02 4.9759e-01
1.4000e+02 2.0000e+02 1.0519e+00
1.5000e+02 -2.0000e+02 -1.0463e+00
1.5000e+02 -1.9000e+02 -9.4719e-01
1.5000e+02 -1.8000e+02 1.1235e+00
1.5000e+02 -1.7000e+02 8.2165e-01
1.5000e+02 -1.6000e+02 3.0459e+00
1.5000e+02 -1.5000e+02 -8.5603e-01
1.5000e+02 -1.4000e+02 2.7075e-01
1.5000e+02 -1.3000e+02 2.7527e-01
1.5000e+02 -1.2000e+02 9.4362e-01
1.5000e+02 -1.1000e+02 -9.3871e-01
1.5000e+02 -1.0000e+02 4.6441e-01
1.5000e+02 -9.0000e+01 1.7717e+00
1.5000e+02 -8.0000e+01 2.1454e+00
1.5000e+02 -7.0000e+01 -1.6855e+00
1.5000e+02 -6.0000e+01 1.2819e-01
1.5000e+02 -5.0000e+01 1.4115e-01
1.5000e+02 -4.0000e+01 -9.4123e-01
1.5000e+02 -3.0000e+01 3.4453e-01
1.5000e+02 -2.0000e+01 -2.4909e+00
1.5000e+02 -1.0000e+01 -2.0797e+00
1.5000e+02 0.0000e+00 -7.7124e-01
1.5000e+02 1.0000e+01 2.3521e+00
1.5000e+02 2.0000e+01 -7.9220e-01
1.5000e+02 3.0000e+01 9.1143e-01
1.5000e+02 4.0000e+01 -1.0009e+00
1.5000e+02 5.0000e+01 -1.5756e+00
1.5000e+02 6.0000e+01 -1.9157e-01
1.5000e+02 7.0000e+01 -9.6860e-01
1.5000e+02 8.0000e+01 -2.0900e+00
1.5000e+02 9.0000e+01 -2.0199e+00
1.5000e+02 1.0000e+02 -1.9307e-01
1.5000e+02 1.1000e+02 1.5831e+00
1.5000e+02 1.2000e+02 1.7424e+00
1.5000e+02 1.3000e+02 -1.0363e+00
1.5000e+02 1.4000e+02 -1.2186e+00
1.5000e+02 1.5000e+02 2.8600e-01
1.5000e+02 1.6000e+02 4.7220e-01
1.5000e+02 1.7000e+02 -3.1035e+00
1.5000e+02 1.8000e+02 -1.4847e+00
1.5000e+02 1.9000e+02 -4.0302e-01
1.5000e+02 2.0000e+02 1.6751e+00
1.6000e+02 -2.0000e+02 5.5811e-01
1.6000e+02 -1.9000e+02 -1.4185e+00
1.6000e+02 -1.8000e+02 -2.6494e+00
1.6000e+02 -1.7000e+02 -3.4413e+00
1.6000e+02 -1.6000e+02 -1.5904e+00
1.6000e+02 -1.5000e+02 -2.2208e-01
1.6000e+02 -1.4000e+02 -2.6124e+00
1.6000e+02 -1.3000e+02 1.7621e+00
1.6000e+02 -1.2000e+02 -1.8455e+00
1.6000e+02 -1.1000e+02 6.2995e-01
1.6000e+02 -1.0000e+02 1.1215e+00
1.6000e+02 -9.0000e+01 6.1932e-01
1.6000e+02 -8.0000e+01 1.6567e+00
1.6000e+02 -7.0000e+01 -1.3526e+00
1.6000e+02 -6.0000e+01 -4.1610e+00
1.6000e+02 -5.0000e+01 8.7766e-01
1.6000e+02 -4.0000e+01 3.7852e-01
1.6000e+02 -3.0000e+01 -1.4490e+00
1.6000e+02 -2.0000e+01 -1.3918e-01
1.6000e+02 -1.0000e+01 5.5176e-01
1.6000e+02 0.0000e+00 -3.0771e+00
1.6000e+02 1.0000e+01 -7.6812e-01
1.6000e+02 2.0000e+01 -2.4510e-02
1.6000e+02 3.0000e+01 -3.8234e-01
1.6000e+02 4.0000e+01 1.2352e-01
1.6000e+02 5.0000e+01 -2.5228e+00
1.6000e+02 6.0000e+01 -7.3745e-01
1.6000e+02 7.0000e+01 -1.9335e+00
1.6000e+02 8.0000e+01 -3.7544e+00
1.6000e+02 9.0000e+01 -5.9727e-01
1.6000e+02 1.0000e+02 1.3168e+00
1.6000e+02 1.1000e+02 -6.8085e-01
1.6000e+02 1.2000e+02 -9.9275e-01
1.6000e+02 1.3000e+02 6.8085e-02
1.6000e+02 1.4000e+02 1.0384e+00
1.6000e+02 1.5000e+02 1.5049e+00
1.6000e+02 1.6000e+02 -4.6144e-01
1.6000e+02 1.7000e+02 -1.3510e+00
1.6000e+02 1.8000e+02 2.4714e+00
1.6000e+02 1.9000e+02 -4.9896e-01
1.6000e+02 2.0000e+02 -8.6126e-01
1.7000e+02 -2.0000e+02 2.0320e+00
1.7000e+02 -1.9000e+02 1.0022e+00
1.7000e+02 -1.8000e+02 1.4545e+00
1.7000e+02 -1.7000e+02 -2.1301e+00
1.7000e+02 -1.6000e+02 -1.9056e+00
1.7000e+02 -1.5000e+02 -1.6770e+00
1.7000e+02 -1.4000e+02 1.9729e+00
1.7000e+02 -1.3000e+02 3.6618e-01
1.7000e+02 -1.2000e+02 2.7266e+00
1.7000e+02 -1.1000e+02 -3.5035e+00
1.7000e+02 -1.0000e+02 8.6254e-01
1.7000e+02 -9.0000e+01 -7.4552e-02
1.7000e+02 -8.0000e+01 -6.2243e-01
1.7000e+02 -7.0000e+01 1.0586e+00
1.7000e+02 -6.0000e+01 1.9106e+00
1.7000e+02 -5.0000e+01 -1.8997e-01
1.7000e+02 -4.0000e+01 -1.6438e+00
1.7000e+02 -3.0000e+01 -3.4904e+00
1.7000e+02 -2.0000e+01 2.1072e+00
1.7000e+02 -1.0000e+01 9.3903e-01
1.7000e+02 0.0000e+00 -6.8511e-01
1.7000e+02 1.0000e+01 -1.2755e+00
1.7000e+02 2.0000e+01 6.0829e-01
1.7000e+02 3.0000e+01 -1.0156e+00
1.7000e+02 4.0000e+01 1.8827e+00
1.7000e+02 5.0000e+01 2.3418e+00
1.7000e+02 6.0000e+01 1.6018e-01
1.7000e+02 7.0000e+01 1.2726e-01
1.7000e+02 8.0000e+01 -8.5896e-01
1.7000e+02 9.0000e+01 1.3363e+00
1.7000e+02 1.0000e+02 -2.1953e+00
1.7000e+02 1.1000e+02 6.1770e-01
1.7000e+02 1.2000e+02 2.8798e-02
1.7000e+02 1.3000e+02 3.4996e-01
1.7000e+02 1.4000e+02 1.1986e+00
1.7000e+02 1.5000e+02 2.8939e-01
1.7000e+02 1.6000e+02 4.5384e-01
1.7000e+02 1.7000e+02 -7.6880e-01
1.7000e+02 1.8000e+02 3.4439e-01
1.7000e+02 1.9000e+02 -1.4609e+00
1.7000e+02 2.0000e+02 -7.6655e-01
1.8000e+02 -2.0000e+02 -3.6893e-01
1.8000e+02 -1.9000e+02 -5.8112e-01
1.8000e+02 -1.8000e+02 -7.5065e-02
1.8000e+02 -1.7000e+02 1.4458e+00
1.8000e+02 -1.6000e+02 2.0259e+00
1.8000e+02 -1.5000e+02 -1.4176e+00
1.8000e+02 -1.4000e+02 -4.5701e+00
1.8000e+02 -1.3000e+02 1.6606e+00
1.8000e+02 -1.2000e+02 -2.1513e-01
1.8000e+02 -1.1000e+02 -9.9375e-01
1.8000e+02 -1.0000e+02 -1.2390e+00
1.8000e+02 -9.0000e+01 1.3988e+00
1.8000e+02 -8.0000e+01 -4.8104e-01
1.8000e+02 -7.0000e+01 5.9814e-01
1.8000e+02 -6.0000e+01 -2.0598e+00
1.8000e+02 -5.0000e+01 1.3829e-01
1.8000e+02 -4.0000e+01 7.3154e-01
1.8000e+02 -3.0000e+01 -2.2745e-01
1.8000e+02 -2.0000e+01 -5.9441e-01
1.8000e+02 -1.0000e+01 3.3797e+00
1.8000e+02 0.0000e+00 -3.0402e+00
1.8000e+02 1.0000e+01 6.9211e-01
1.8000e+02 2.0000e+01 2.0252e-01
1.8000e+02 3.0000e+01 -1.0149e+00
1.8000e+02 4.0000e+01 -3.7394e+00
1.8000e+02 5.0000e+01 1.5865e+00
1.8000e+02 6.0000e+01 1.0404e+00
1.8000e+02 7.0000e+01 -1.3391e+00
1.8000e+02 8.0000e+01 4.8308e-01
1.8000e+02 9.0000e+01 -1.1049e+00
1.8000e+02 1.0000e+02 1.5450e+00
1.8000e+02 1.1000e+02 8.0808e-01
1.8000e+02 1.2000e+02 -5.6243e-01
1.8000e+02 1.3000e+02 -2.5661e+00
1.8000e+02 1.4000e+02 -3.5472e-01
1.8000e+02 1.5000e+02 1.3443e+00
1.8000e+02 1.6000e+02 5.1544e-01
1.8000e+02 1.7000e+02 -6.8984e-01
1.8000e+02 1.8000e+02 2.0343e+00
1.8000e+02 1.9000e+02 -1.4019e+00
1.8000e+02 2.0000e+02 1.3862e-01
1.9000e+02 -2.0000e+02 1.8806e+00
1.9000e+02 -1.9000e+02 -1.1433e+00
1.9000e+02 -1.8000e+02 9.1316e-01
1.9000e+02 -1.7000e+02 -2.8057e+00
1.9000e+02 -1.6000e+02 -1.6527e+00
1.9000e+02 -1.5000e+02 2.9605e-01
1.9000e+02 -1.4000e+02 3.8569e-01
1.9000e+02 -1.3000e+02 2.5595e+00
1.9000e+02 -1.2000e+02 -1.6235e+00
1.9000e+02 -1.1000e+02 1.7438e+00
1.9000e+02 -1.0000e+02 -4.0209e-01
1.9000e+02 -9.0000e+01 -2.5296e-01
1.9000e+02 -8.0000e+01 3.0411e+00
1.9000e+02 -7.0000e+01 1.3134e+00
1.9000e+02 -6.0000e+01 2.6662e-01
1.9000e+02 -5.0000e+01 1.4918e+00
1.9000e+02 -4.0000e+01 1.6478e+00
1.9000e+02 -3.0000e+01 1.2138e+00
1.9000e+02 -2.0000e+01 -7.3758e-02
1.9000e+02 -1.0000e+01 1.8965e+00
1.9000e+02 0.0000e+00 6.9919e-01
1.9000e+02 1.0000e+01 1.9433e-01
1.9000e+02 2.0000e+01 8.1809e-02
1.9000e+02 3.0000e+01 -7.8999e-01
1.9000e+02 4.0000e+01 2.2987e+00
1.9000e+02 5.0000e+01 2.2781e-01
1.9000e+02 6.0000e+01 -2.7047e+00
1.9000e+02 7.0000e+01 2.4414e+00
1.9000e+02 8.0000e+01 3.5175e-01
1.9000e+02 9.0000e+01 -1.8232e-01
1.9000e+02 1.0000e+02 3.1450e+00
1.9000e+02 1.1000e+02 4.3272e-01
1.9000e+02 1.2000e+02 -1.8405e+00
1.9000e+02 1.3000e+02 -9.3911e-02
1.9000e+02 1.4000e+02 -2.5970e+00
1.9000e+02 1.5000e+02 1.0157e+00
1.9000e+02 1.6000e+02 -1.8227e+00
1.9000e+02 1.7000e+02 2.8011e+00
1.9000e+02 1.8000e+02 -2.5452e+00
1.9000e+02 1.9000e+02 1.5403e+00
1.9000e+02 2.0000e+02 -1.8479e+00
2.0000e+02 -2.0000e+02 1.5155e+00
2.0000e+02 -1.9000e+02 -7.2528e-01
2.0000e+02 -1.8000e+02 -2.5387e-01
2.0000e+02 -1.7000e+02 -4.4953e-01
2.0000e+02 -1.6000e+02 -4.6727e-01
2.0000e+02 -1.5000e+02 7.0866e-01
2.0000e+02 -1.4000e+02 2.1597e+00
2.0000e+02 -1.3000e+02 -9.3501e-01
2.0000e+02 -1.2000e+02 -1.9178e+00
2.0000e+02 -1.1000e+02 9.5664e-01
2.0000e+02 -1.0000e+02 -3.3010e+00
2.0000e+02 -9.0000e+01 1.3465e+00
2.0000e+02 -8.0000e+01 -1.0039e-01
2.0000e+02 -7.0000e+01 -9.8416e-01
2.0000e+02 -6.0000e+01 1.4718e+00
2.0000e+02 -5.0000e+01 3.1515e+00
2.0000e+02 -4.0000e+01 -1.2827e+00
2.0000e+02 -3.0000e+01 1.3930e-01
2.0000e+02 -2.0000e+01 -1.3145e+00
2.0000e+02 -1.0000e+01 -1.9984e+00
2.0000e+02 0.0000e+00 -1.5398e+00
2.0000e+02 1.0000e+01 1.2613e+00
2.0000e+02 2.0000e+01 1.2129e+00
2.0000e+02 3.0000e+01 -1.4666e+00
2.0000e+02 4.0000e+01 1.7010e+00
2.0000e+02 5.0000e+01 6.9794e-01
2.0000e+02 6.0000e+01 4.6967e-01
2.0000e+02 7.0000e+01 -3.0341e-01
2.0000e+02 8.0000e+01 3.1903e-01
2.0000e+02 9.0000e+01 -1.3509e+00
2.0000e+02 1.0000e+02 -1.9151e+00
2.0000e+02 1.1000e+02 1.6740e+00
2.0000e+02 1.2000e+02 1.3189e+00
2.0000e+02 1.3000e+02 -4.0797e+00
2.0000e+02 1.4000e+02 5.1237e-01
2.0000e+02 1.5000e+02 1.1863e+00
2.0000e+02 1.6000e+02 -6.5925e-01
2.0000e+02 1.7000e+02 -1.0704e+00
2.0000e+02 1.8000e+02 -1.8387e+00
2.0000e+02 1.9000e+02 -2.6232e+00
2.0000e+02 2.0000e+02 -1.8276e+00
