-2.0000e+02 -2.0000e+02 7.7164e-02
-2.0000e+02 -1.9000e+02 -2.7150e-01
-2.0000e+02 -1.8000e+02 1.7754e+00
-2.0000e+02 -1.7000e+02 2.1368e+00
-2.0000e+02 -1.6000e+02 -2.3642e+00
-2.0000e+02 -1.5000e+02 2.0358e+00
-2.0000e+02 -1.4000e+02 -9.6594e-01
-2.0000e+02 -1.3000e+02 -6.2687e-01
-2.0000e+02 -1.2000e+02 -1.5355e+00
-2.0000e+02 -1.1000e+02 6.6499e-01
-2.0000e+02 -1.0000e+02 -3.6505e+00
-2.0000e+02 -9.0000e+01 8.8991e-01
-2.0000e+02 -8.0000e+01 -2.1333e+00
-2.0000e+02 -7.0000e+01 1.5657e+00
-2.0000e+02 -6.0000e+01 -1.2552e+00
-2.0000e+02 -5.0000e+01 -4.8200e-02
-2.0000e+02 -4.0000e+01 -1.4020e+00
-2.0000e+02 -3.0000e+01 -1.8845e+00
-2.0000e+02 -2.0000e+01 -1.3918e+00
-2.0000e+02 -1.0000e+01 2.5114e-02
-2.0000e+02 0.0000e+00 6.7640e-02
-2.0000e+02 1.0000e+01 1.0074e+00
-2.0000e+02 2.0000e+01 1.1663e+00
-2.0000e+02 3.0000e+01 -5.6592e-01
-2.0000e+02 4.0000e+01 1.7863e-01
-2.0000e+02 5.0000e+01 -7.6326e-01
-2.0000e+02 6.0000e+01 -6.3880e-01
-2.0000e+02 7.0000e+01 1.4990e-01
-2.0000e+02 8.0000e+01 -1.9867e+00
-2.0000e+02 9.0000e+01 -3.3536e+00
-2.0000e+02 1.0000e+02 6.2995e-01
-2.0000e+02 1.1000e+02 -1.3567e+00
-2.0000e+02 1.2000e+02 4.9213e-01
-2.0000e+02 1.3000e+02 7.4603e-01
-2.0000e+02 1.4000e+02 4.8104e-01
-2.0000e+02 1.5000e+02 1.1725e+00
-2.0000e+02 1.6000e+02 1.6482e+00
-2.0000e+02 1.7000e+02 -2.3301e+00
-2.0000e+02 1.8000e+02 1.5355e+00
-2.0000e+02 1.9000e+02 -6.8291e-01
-2.0000e+02 2.0000e+02 7.3800e-01
-1.9000e+02 -2.0000e+02 2.8803e+00
-1.9000e+02 -1.9000e+02 -1.2729e-01
-1.9000e+02 -1.8000e+02 9.3541e-01
-1.9000e+02 -1.7000e+02 1.3829e+00
-1.9000e+02 -1.6000e+02 1.3829e+00
-1.9000e+02 -1.5000e+02 -2.6245e-01
-1.9000e+02 -1.4000e+02 1.3875e-01
-1.9000e+02 -1.3000e+02 2.2717e+00
-1.9000e+02 -1.2000e+02 -7.7278e-01
-1.9000e+02 -1.1000e+02 3.7792e-01
-1.9000e+02 -1.0000e+02 -5.1329e-01
-1.9000e+02 -9.0000e+01 2.3588e+00
-1.9000e+02 -8.0000e+01 1.2152e+00
-1.9000e+02 -7.0000e+01 3.3918e+00
-1.9000e+02 -6.0000e+01 5.9355e-01
-1.9000e+02 -5.0000e+01 4.1827e-01
-1.9000e+02 -4.0000e+01 6.0743e-01
-1.9000e+02 -3.0000e+01 -5.4700e-01
-1.9000e+02 -2.0000e+01 -4.0496e-02
-1.9000e+02 -1.0000e+01 -1.1407e-01
-1.9000e+02 0.0000e+00 -9.3186e-01
-1.9000e+02 1.0000e+01 1.5057e+00
-1.9000e+02 2.0000e+01 5.8634e-01
-1.9000e+02 3.0000e+01 -1.4102e+00
-1.9000e+02 4.0000e+01 -1.5615e+00
-1.9000e+02 5.0000e+01 1.3019e-01
-1.9000e+02 6.0000e+01 -1.0474e+00
-1.9000e+02 7.0000e+01 1.4315e+00
-1.9000e+02 8.0000e+01 1.6435e+00
-1.9000e+02 9.0000e+01 4.2640e+00
-1.9000e+02 1.0000e+02 -2.6990e+00
-1.9000e+02 1.1000e+02 3.4101e-01
-1.9000e+02 1.2000e+02 4.0440e-03
-1.9000e+02 1.3000e+02 -1.4833e+00
-1.9000e+02 1.4000e+02 -1.2794e-01
-1.9000e+02 1.5000e+02 -2.4025e+00
-1.9000e+02 1.6000e+02 -2.4050e+00
-1.9000e+02 1.7000e+02 2.1599e+00
-1.9000e+02 1.8000e+02 3.4880e-01
-1.9000e+02 1.9000e+02 6.8113e-01
-1.9000e+02 2.0000e+02 9.2642e-01
-1.8000e+02 -2.0000e+02 3.6343e+00
-1.8000e+02 -1.9000e+02 -3.3924e+00
-1.8000e+02 -1.8000e+02 1.1042e+00
-1.8000e+02 -1.7000e+02 7.6262e-01
-1.8000e+02 -1.6000e+02 -1.7611e+00
-1.8000e+02 -1.5000e+02 -1.3403e+00
-1.8000e+02 -1.4000e+02 -3.8468e-01
-1.8000e+02 -1.3000e+02 -1.7528e+00
-1.8000e+02 -1.2000e+02 1.2193e+00
-1.8000e+02 -1.1000e+02 -4.3074e+00
-1.8000e+02 -1.0000e+02 3.2157e-01
-1.8000e+02 -9.0000e+01 -2.1752e+00
-1.8000e+02 -8.0000e+01 -8.7548e-01
-1.8000e+02 -7.0000e+01 8.0976e-01
-1.8000e+02 -6.0000e+01 -3.6590e-02
-1.8000e+02 -5.0000e+01 1.1218e+00
-1.8000e+02 -4.0000e+01 -2.0718e+00
-1.8000e+02 -3.0000e+01 -2.2316e+00
-1.8000e+02 -2.0000e+01 -7.0052e-01
-1.8000e+02 -1.0000e+01 -4.9236e-01
-1.8000e+02 0.0000e+00 -2.8650e-01
-1.8000e+02 1.0000e+01 3.3817e-01
-1.8000e+02 2.0000e+01 -5.3492e-01
-1.8000e+02 3.0000e+01 1.0111e-01
-1.8000e+02 4.0000e+01 -4.0651e-01
-1.8000e+02 5.0000e+01 4.2272e-01
-1.8000e+02 6.0000e+01 1.4106e+00
-1.8000e+02 7.0000e+01 1.5755e+00
-1.8000e+02 8.0000e+01 -9.9488e-01
-1.8000e+02 9.0000e+01 -1.9446e+00
-1.8000e+02 1.0000e+02 -9.8780e-01
-1.8000e+02 1.1000e+02 1.7106e+00
-1.8000e+02 1.2000e+02 1.3259e+00
-1.8000e+02 1.3000e+02 6.3880e-01
-1.8000e+02 1.4000e+02 1.9668e-01
-1.8000e+02 1.5000e+02 -5.4441e-01
-1.8000e+02 1.6000e+02 -2.1717e+00
-1.8000e+02 1.7000e+02 -1.9568e-01
-1.8000e+02 1.8000e+02 6.8040e-01
-1.8000e+02 1.9000e+02 -2.8948e+00
-1.8000e+02 2.0000e+02 2.0151e+00
-1.7000e+02 -2.0000e+02 1.2968e-01
-1.7000e+02 -1.9000e+02 5.5410e-01
-1.7000e+02 -1.8000e+02 -5.2436e-01
-1.7000e+02 -1.7000e+02 -1.7627e+00
-1.7000e+02 -1.6000e+02 -1.0236e+00
-1.7000e+02 -1.5000e+02 2.6715e+00
-1.7000e+02 -1.4000e+02 4.9964e-01
-1.7000e+02 -1.3000e+02 -1.9804e+00
-1.7000e+02 -1.2000e+02 -1.8580e+00
-1.7000e+02 -1.1000e+02 8.0097e-01
-1.7000e+02 -1.0000e+02 1.7997e+00
-1.7000e+02 -9.0000e+01 -2.3545e-01
-1.7000e+02 -8.0000e+01 3.7652e-01
-1.7000e+02 -7.0000e+01 5.6394e-01
-1.7000e+02 -6.0000e+01 -1.2832e+00
-1.7000e+02 -5.0000e+01 -2.4925e+00
-1.7000e+02 -4.0000e+01 -2.1568e-01
-1.7000e+02 -3.0000e+01 -5.3537e-01
-1.7000e+02 -2.0000e+01 2.1567e-01
-1.7000e+02 -1.0000e+01 1.4643e+00
-1.7000e+02 0.0000e+00 3.9473e-01
-1.7000e+02 1.0000e+01 1.8286e-01
-1.7000e+02 2.0000e+01 -7.9355e-01
-1.7000e+02 3.0000e+01 -3.0899e+00
-1.7000e+02 4.0000e+01 -1.0330e+00
-1.7000e+02 5.0000e+01 8.8024e-01
-1.7000e+02 6.0000e+01 1.7775e+00
-1.7000e+02 7.0000e+01 1.9786e-01
-1.7000e+02 8.0000e+01 1.6004e+00
-1.7000e+02 9.0000e+01 -5.8344e-01
-1.7000e+02 1.0000e+02 5.5321e-01
-1.7000e+02 1.1000e+02 -2.2543e-01
-1.7000e+02 1.2000e+02 -2.1225e+00
-1.7000e+02 1.3000e+02 -1.1355e-01
-1.7000e+02 1.4000e+02 8.9892e-01
-1.7000e+02 1.5000e+02 1.4207e+00
-1.7000e+02 1.6000e+02 1.5202e-01
-1.7000e+02 1.7000e+02 -1.9527e+00
-1.7000e+02 1.8000e+02 -1.0155e+00
-1.7000e+02 1.9000e+02 2.9477e-02
-1.7000e+02 2.0000e+02 9.0035e-01
-1.6000e+02 -2.0000e+02 -1.0635e+00
-1.6000e+02 -1.9000e+02 -1.7647e+00
-1.6000e+02 -1.8000e+02 -4.2876e-01
-1.6000e+02 -1.7000e+02 1.8343e+00
-1.6000e+02 -1.6000e+02 -1.7066e-01
-1.6000e+02 -1.5000e+02 1.1254e+00
-1.6000e+02 -1.4000e+02 9.7179e-01
-1.6000e+02 -1.3000e+02 -2.1300e+00
-1.6000e+02 -1.2000e+02 1.5882e+00
-1.6000e+02 -1.1000e+02 -1.7914e+00
-1.6000e+02 -1.0000e+02 6.4928e-01
-1.6000e+02 -9.0000e+01 3.2004e-01
-1.6000e+02 -8.0000e+01 1.4462e+00
-1.6000e+02 -7.0000e+01 -6.5632e-01
-1.6000e+02 -6.0000e+01 -2.0115e-01
-1.6000e+02 -5.0000e+01 -1.7056e+00
-1.6000e+02 -4.0000e+01 2.2934e+00
-1.6000e+02 -3.0000e+01 -2.2990e+00
-1.6000e+02 -2.0000e+01 2.1011e-01
-1.6000e+02 -1.0000e+01 8.3098e-01
-1.6000e+02 0.0000e+00 2.5300e-01
-1.6000e+02 1.0000e+01 -1.7330e+00
-1.6000e+02 2.0000e+01 1.4864e+00
-1.6000e+02 3.0000e+01 -1.5473e+00
-1.6000e+02 4.0000e+01 1.4137e-01
-1.6000e+02 5.0000e+01 6.5780e-01
-1.6000e+02 6.0000e+01 -7.5691e-01
-1.6000e+02 7.0000e+01 1.2335e+00
-1.6000e+02 8.0000e+01 -2.0170e-01
-1.6000e+02 9.0000e+01 3.0378e+00
-1.6000e+02 1.0000e+02 -2.0677e-01
-1.6000e+02 1.1000e+02 -6.1102e-01
-1.6000e+02 1.2000e+02 5.5528e-01
-1.6000e+02 1.3000e+02 2.2392e+00
-1.6000e+02 1.4000e+02 -2.7274e+00
-1.6000e+02 1.5000e+02 -2.4239e+00
-1.6000e+02 1.6000e+02 7.7139e-01
-1.6000e+02 1.7000e+02 1.6097e+00
-1.6000e+02 1.8000e+02 -2.3314e+00
-1.6000e+02 1.9000e+02 1.1860e+00
-1.6000e+02 2.0000e+02 -2.8144e+00
-1.5000e+02 -2.0000e+02 1.6769e+00
-1.5000e+02 -1.9000e+02 -1.2528e+00
-1.5000e+02 -1.8000e+02 1.7931e+00
-1.5000e+02 -1.7000e+02 1.5624e+00
-1.5000e+02 -1.6000e+02 9.9940e-01
-1.5000e+02 -1.5000e+02 -1.6047e-01
-1.5000e+02 -1.4000e+02 -1.7552e+00
-1.5000e+02 -1.3000e+02 -1.5639e+00
-1.5000e+02 -1.2000e+02 1.0056e+00
-1.5000e+02 -1.1000e+02 -9.2428e-01
-1.5000e+02 -1.0000e+02 -2.4617e+00
-1.5000e+02 -9.0000e+01 -7.7143e-01
-1.5000e+02 -8.0000e+01 -6.4391e-02
-1.5000e+02 -7.0000e+01 -1.0718e+00
-1.5000e+02 -6.0000e+01 1.1309e-02
-1.5000e+02 -5.0000e+01 -1.4016e+00
-1.5000e+02 -4.0000e+01 5.2388e-01
-1.5000e+02 -3.0000e+01 -1.2766e+00
-1.5000e+02 -2.0000e+01 2.3055e+00
-1.5000e+02 -1.0000e+01 2.2400e+00
-1.5000e+02 0.0000e+00 2.9692e+00
-1.5000e+02 1.0000e+01 5.7160e-01
-1.5000e+02 2.0000e+01 2.0194e+00
-1.5000e+02 3.0000e+01 -1.8096e+00
-1.5000e+02 4.0000e+01 -1.8795e+00
-1.5000e+02 5.0000e+01 -1.1146e+00
-1.5000e+02 6.0000e+01 -4.4348e-01
-1.5000e+02 7.0000e+01 -7.5849e-01
-1.5000e+02 8.0000e+01 6.0707e-02
-1.5000e+02 9.0000e+01 -2.3459e+00
-1.5000e+02 1.0000e+02 -1.4252e+00
-1.5000e+02 1.1000e+02 -2.4951e+00
-1.5000e+02 1.2000e+02 -1.6264e+00
-1.5000e+02 1.3000e+02 1.1509e+00
-1.5000e+02 1.4000e+02 -1.6022e+00
-1.5000e+02 1.5000e+02 9.6383e-01
-1.5000e+02 1.6000e+02 -7.6214e-01
-1.5000e+02 1.7000e+02 6.6194e-01
-1.5000e+02 1.8000e+02 1.9706e+00
-1.5000e+02 1.9000e+02 2.0768e-01
-1.5000e+02 2.0000e+02 -2.4783e+00
-1.4000e+02 -2.0000e+02 -1.2361e+00
-1.4000e+02 -1.9000e+02 2.3724e+00
-1.4000e+02 -1.8000e+02 8.5453e-01
-1.4000e+02 -1.7000e+02 -1.7417e-01
-1.4000e+02 -1.6000e+02 -9.0378e-01
-1.4000e+02 -1.5000e+02 -4.9897e-01
-1.4000e+02 -1.4000e+02 6.5105e-01
-1.4000e+02 -1.3000e+02 -2.7745e+00
-1.4000e+02 -1.2000e+02 -2.0895e+00
-1.4000e+02 -1.1000e+02 1.2579e-01
-1.4000e+02 -1.0000e+02 4.3820e+00
-1.4000e+02 -9.0000e+01 -1.3866e+00
-1.4000e+02 -8.0000e+01 -4.1965e+00
-1.4000e+02 -7.0000e+01 2.7185e+00
-1.4000e+02 -6.0000e+01 1.2850e+00
-1.4000e+02 -5.0000e+01 -3.7975e+00
-1.4000e+02 -4.0000e+01 -9.5753e-01
-1.4000e+02 -3.0000e+01 -1.6939e+00
-1.4000e+02 -2.0000e+01 -1.7642e+00
-1.4000e+02 -1.0000e+01 -2.0106e+00
-1.4000e+02 0.0000e+00 -2.6819e+00
-1.4000e+02 1.0000e+01 -2.4932e-01
-1.4000e+02 2.0000e+01 -1.4992e-01
-1.4000e+02 3.0000e+01 -5.7034e-01
-1.4000e+02 4.0000e+01 5.3939e-01
-1.4000e+02 5.0000e+01 -1.8534e+00
-1.4000e+02 6.0000e+01 -1.4188e+00
-1.4000e+02 7.0000e+01 -6.4905e-01
-1.4000e+02 8.0000e+01 -9.6582e-01
-1.4000e+02 9.0000e+01 -2.1000e+00
-1.4000e+02 1.0000e+02 6.5214e-01
-1.4000e+02 1.1000e+02 -7.8716e-01
-1.4000e+02 1.2000e+02 -4.7179e-01
-1.4000e+02 1.3000e+02 -2.6875e-01
-1.4000e+02 1.4000e+02 9.6883e-02
-1.4000e+02 1.5000e+02 8.8208e-01
-1.4000e+02 1.6000e+02 8.4602e-01
-1.4000e+02 1.7000e+02 -6.8461e-03
-1.4000e+02 1.8000e+02 -1.0635e+00
-1.4000e+02 1.9000e+02 2.6189e+00
-1.4000e+02 2.0000e+02 -1.0332e+00
-1.3000e+02 -2.0000e+02 -6.6889e-02
-1.3000e+02 -1.9000e+02 -3.2723e+00
-1.3000e+02 -1.8000e+02 1.0150e+00
-1.3000e+02 -1.7000e+02 -1.8417e+00
-1.3000e+02 -1.6000e+02 1.6967e+00
-1.3000e+02 -1.5000e+02 -1.9863e+00
-1.3000e+02 -1.4000e+02 2.3376e-01
-1.3000e+02 -1.3000e+02 5.7679e-02
-1.3000e+02 -1.2000e+02 -2.1079e+00
-1.3000e+02 -1.1000e+02 -1.4862e+00
-1.3000e+02 -1.0000e+02 2.1382e-01
-1.3000e+02 -9.0000e+01 -1.0576e+00
-1.3000e+02 -8.0000e+01 1.4434e+00
-1.3000e+02 -7.0000e+01 -1.1967e+00
-1.3000e+02 -6.0000e+01 -9.8323e-01
-1.3000e+02 -5.0000e+01 -2.5979e-01
-1.3000e+02 -4.0000e+01 -2.3195e+00
-1.3000e+02 -3.0000e+01 1.3773e+00
-1.3000e+02 -2.0000e+01 -1.5046e+00
-1.3000e+02 -1.0000e+01 -2.4994e+00
-1.3000e+02 0.0000e+00 -3.0463e+00
-1.3000e+02 1.0000e+01 -3.4502e+00
-1.3000e+02 2.0000e+01 2.2042e+00
-1.3000e+02 3.0000e+01 1.1685e+00
-1.3000e+02 4.0000e+01 -6.3067e-01
-1.3000e+02 5.0000e+01 -1.9887e+00
-1.3000e+02 6.0000e+01 8.4356e-01
-1.3000e+02 7.0000e+01 -6.7574e-01
-1.3000e+02 8.0000e+01 -1.8859e+00
-1.3000e+02 9.0000e+01 1.2366e+00
-1.3000e+02 1.0000e+02 -8.4836e-01
-1.3000e+02 1.1000e+02 -1.3788e+00
-1.3000e+02 1.2000e+02 1.6403e+00
-1.3000e+02 1.3000e+02 -4.0726e-01
-1.3000e+02 1.4000e+02 2.1786e+00
-1.3000e+02 1.5000e+02 -1.5028e+00
-1.3000e+02 1.6000e+02 1.0883e+00
-1.3000e+02 1.7000e+02 1.2662e+00
-1.3000e+02 1.8000e+02 -9.8041e-01
-1.3000e+02 1.9000e+02 9.9304e-01
-1.3000e+02 2.0000e+02 -7.8446e-01
-1.2000e+02 -2.0000e+02 -9.9679e-01
-1.2000e+02 -1.9000e+02 9.5498e-01
-1.2000e+02 -1.8000e+02 6.8454e-01
-1.2000e+02 -1.7000e+02 -6.9688e-01
-1.2000e+02 -1.6000e+02 -1.7021e+00
-1.2000e+02 -1.5000e+02 4.9303e-01
-1.2000e+02 -1.4000e+02 1.0950e+00
-1.2000e+02 -1.3000e+02 -7.1194e-01
-1.2000e+02 -1.2000e+02 -1.3671e+00
-1.2000e+02 -1.1000e+02 5.9071e-01
-1.2000e+02 -1.0000e+02 -1.9088e+00
-1.2000e+02 -9.0000e+01 1.4416e-01
-1.2000e+02 -8.0000e+01 5.7531e-01
-1.2000e+02 -7.0000e+01 -1.6237e+00
-1.2000e+02 -6.0000e+01 -2.0522e+00
-1.2000e+02 -5.0000e+01 -9.6605e-01
-1.2000e+02 -4.0000e+01 -3.2456e+00
-1.2000e+02 -3.0000e+01 -8.1948e-01
-1.2000e+02 -2.0000e+01 -1.3047e+00
-1.2000e+02 -1.0000e+01 -3.6017e+00
-1.2000e+02 0.0000e+00 -4.0148e+00
-1.2000e+02 1.0000e+01 -2.3609e+00
-1.2000e+02 2.0000e+01 -2.7032e+00
-1.2000e+02 3.0000e+01 -3.7196e+00
-1.2000e+02 4.0000e+01 -2.9364e+00
-1.2000e+02 5.0000e+01 -3.0164e-01
-1.2000e+02 6.0000e+01 -3.6785e+00
-1.2000e+02 7.0000e+01 -3.6044e+00
-1.2000e+02 8.0000e+01 -3.9287e-02
-1.2000e+02 9.0000e+01 -1.0433e+00
-1.2000e+02 1.0000e+02 1.6423e+00
-1.2000e+02 1.1000e+02 1.4832e+00
-1.2000e+02 1.2000e+02 -1.9836e+00
-1.2000e+02 1.3000e+02 -2.4632e-02
-1.2000e+02 1.4000e+02 -9.1508e-01
-1.2000e+02 1.5000e+02 8.2480e-02
-1.2000e+02 1.6000e+02 1.0964e+00
-1.2000e+02 1.7000e+02 1.9130e+00
-1.2000e+02 1.8000e+02 1.1214e+00
-1.2000e+02 1.9000e+02 -1.2300e+00
-1.2000e+02 2.0000e+02 2.1228e-01
-1.1000e+02 -2.0000e+02 2.3398e-01
-1.1000e+02 -1.9000e+02 -4.8427e-01
-1.1000e+02 -1.8000e+02 -8.7461e-01
-1.1000e+02 -1.7000e+02 1.6521e+00
-1.1000e+02 -1.6000e+02 1.3685e+00
-1.1000e+02 -1.5000e+02 9.9362e-01
-1.1000e+02 -1.4000e+02 -7.7575e-01
-1.1000e+02 -1.3000e+02 -8.6242e-02
-1.1000e+02 -1.2000e+02 -1.3691e+00
-1.1000e+02 -1.1000e+02 -1.4963e+00
-1.1000e+02 -1.0000e+02 -2.2171e+00
-1.1000e+02 -9.0000e+01 5.0584e-01
-1.1000e+02 -8.0000e+01 -3.1017e+00
-1.1000e+02 -7.0000e+01 -1.6484e+00
-1.1000e+02 -6.0000e+01 -1.9230e+00
-1.1000e+02 -5.0000e+01 -2.5983e+00
-1.1000e+02 -4.0000e+01 -1.5593e+00
-1.1000e+02 -3.0000e+01 -1.7128e+00
-1.1000e+02 -2.0000e+01 -3.4544e-01
-1.1000e+02 -1.0000e+01 -2.7825e+00
-1.1000e+02 0.0000e+00 -9.1479e-01
-1.1000e+02 1.0000e+01 -7.2028e-01
-1.1000e+02 2.0000e+01 -1.7654e+00
-1.1000e+02 3.0000e+01 -3.4084e+00
-1.1000e+02 4.0000e+01 -2.7795e+00
-1.1000e+02 5.0000e+01 -2.5348e+00
-1.1000e+02 6.0000e+01 -6.0643e-01
-1.1000e+02 7.0000e+01 -3.5986e+00
-1.1000e+02 8.0000e+01 -7.2413e-01
-1.1000e+02 9.0000e+01 7.1574e-01
-1.1000e+02 1.0000e+02 -2.6592e-01
-1.1000e+02 1.1000e+02 -2.1897e+00
-1.1000e+02 1.2000e+02 -6.5336e-01
-1.1000e+02 1.3000e+02 -1.1328e+00
-1.1000e+02 1.4000e+02 -1.2012e+00
-1.1000e+02 1.5000e+02 1.1361e+00
-1.1000e+02 1.6000e+02 -8.7935e-01
-1.1000e+02 1.7000e+02 -5.4105e-01
-1.1000e+02 1.8000e+02 -6.9439e-01
-1.1000e+02 1.9000e+02 2.0209e+00
-1.1000e+02 2.0000e+02 -1.1016e+00
-1.0000e+02 -2.0000e+02 3.5750e-01
-1.0000e+02 -1.9000e+02 -3.5509e-02
-1.0000e+02 -1.8000e+02 -1.8194e+00
-1.0000e+02 -1.7000e+02 1.6650e+00
-1.0000e+02 -1.6000e+02 1.6558e+00
-1.0000e+02 -1.5000e+02 2.4283e+00
-1.0000e+02 -1.4000e+02 -1.7675e+00
-1.0000e+02 -1.3000e+02 -3.0995e+00
-1.0000e+02 -1.2000e+02 -1.7599e+00
-1.0000e+02 -1.1000e+02 -2.5588e+00
-1.0000e+02 -1.0000e+02 5.7843e-01
-1.0000e+02 -9.0000e+01 -1.2359e+00
-1.0000e+02 -8.0000e+01 -1.3638e+00
-1.0000e+02 -7.0000e+01 -1.4760e+00
-1.0000e+02 -6.0000e+01 -1.4701e+00
-1.0000e+02 -5.0000e+01 -2.3734e+00
-1.0000e+02 -4.0000e+01 -2.1306e+00
-1.0000e+02 -3.0000e+01 -3.1059e+00
-1.0000e+02 -2.0000e+01 -3.9410e+00
-1.0000e+02 -1.0000e+01 -3.1659e+00
-1.0000e+02 0.0000e+00 -6.3135e-01
-1.0000e+02 1.0000e+01 -3.4294e+00
-1.0000e+02 2.0000e+01 -3.9755e+00
-1.0000e+02 3.0000e+01 -3.8386e+00
-1.0000e+02 4.0000e+01 1.1695e+00
-1.0000e+02 5.0000e+01 -2.9581e+00
-1.0000e+02 6.0000e+01 -1.1956e+00
-1.0000e+02 7.0000e+01 -1.4500e+00
-1.0000e+02 8.0000e+01 -3.1710e+00
-1.0000e+02 9.0000e+01 1.1170e+00
-1.0000e+02 1.0000e+02 -7.7850e-02
-1.0000e+02 1.1000e+02 -3.3913e+00
-1.0000e+02 1.2000e+02 2.3160e+00
-1.0000e+02 1.3000e+02 -7.7465e-01
-1.0000e+02 1.4000e+02 1.1622e+00
-1.0000e+02 1.5000e+02 -2.8142e-01
-1.0000e+02 1.6000e+02 -2.2279e+00
-1.0000e+02 1.7000e+02 -6.2822e-01
-1.0000e+02 1.8000e+02 -1.3092e+00
-1.0000e+02 1.9000e+02 9.0205e-01
-1.0000e+02 2.0000e+02 -9.8788e-01
-9.0000e+01 -2.0000e+02 7.9179e-01
-9.0000e+01 -1.9000e+02 -2.6402e+00
-9.0000e+01 -1.8000e+02 1.4492e+00
-9.0000e+01 -1.7000e+02 -1.3676e+00
-9.0000e+01 -1.6000e+02 1.4394e+00
-9.0000e+01 -1.5000e+02 -3.6411e-01
-9.0000e+01 -1.4000e+02 -1.7000e+00
-9.0000e+01 -1.3000e+02 -1.5382e+00
-9.0000e+01 -1.2000e+02 3.6300e-01
-9.0000e+01 -1.1000e+02 -1.0589e+00
-9.0000e+01 -1.0000e+02 -9.9249e-01
-9.0000e+01 -9.0000e+01 -1.5597e+00
-9.0000e+01 -8.0000e+01 -2.5816e+00
-9.0000e+01 -7.0000e+01 -3.8731e-01
-9.0000e+01 -6.0000e+01 -3.8970e+00
-9.0000e+01 -5.0000e+01 -3.7287e+00
-9.0000e+01 -4.0000e+01 -2.9763e+00
-9.0000e+01 -3.0000e+01 -4.0568e+00
-9.0000e+01 -2.0000e+01 -5.1010e+00
-9.0000e+01 -1.0000e+01 -3.4992e+00
-9.0000e+01 0.0000e+00 -4.1363e+00
-9.0000e+01 1.0000e+01 -3.8790e+00
-9.0000e+01 2.0000e+01 -4.0659e+00
-9.0000e+01 3.0000e+01 -5.6970e-01
-9.0000e+01 4.0000e+01 -4.3126e+00
-9.0000e+01 5.0000e+01 -3.7950e+00
-9.0000e+01 6.0000e+01 -6.5470e+00
-9.0000e+01 7.0000e+01 -1.0935e+00
-9.0000e+01 8.0000e+01 -1.2692e+00
-9.0000e+01 9.0000e+01 -2.0592e+00
-9.0000e+01 1.0000e+02 1.9723e-01
-9.0000e+01 1.1000e+02 -6.3540e-01
-9.0000e+01 1.2000e+02 -1.5488e+00
-9.0000e+01 1.3000e+02 -2.0011e+00
-9.0000e+01 1.4000e+02 1.5097e-01
-9.0000e+01 1.5000e+02 -1.0365e-01
-9.0000e+01 1.6000e+02 -1.7301e+00
-9.0000e+01 1.7000e+02 6.8061e-01
-9.0000e+01 1.8000e+02 -6.3167e-01
-9.0000e+01 1.9000e+02 -6.2231e-01
-9.0000e+01 2.0000e+02 -9.5760e-01
-8.0000e+01 -2.0000e+02 4.3972e-01
-8.0000e+01 -1.9000e+02 -6.4804e-01
-8.0000e+01 -1.8000e+02 -1.3690e+00
-8.0000e+01 -1.7000e+02 -2.2446e+00
-8.0000e+01 -1.6000e+02 1.2791e+00
-8.0000e+01 -1.5000e+02 3.9732e+00
-8.0000e+01 -1.4000e+02 9.2496e-02
-8.0000e+01 -1.3000e+02 -2.5684e+00
-8.0000e+01 -1.2000e+02 1.1577e+00
-8.0000e+01 -1.1000e+02 -1.8769e+00
-8.0000e+01 -1.0000e+02 -3.4513e+00
-8.0000e+01 -9.0000e+01 -2.8918e+00
-8.0000e+01 -8.0000e+01 -7.8772e-02
-8.0000e+01 -7.0000e+01 -2.7095e+00
-8.0000e+01 -6.0000e+01 -2.1642e+00
-8.0000e+01 -5.0000e+01 -4.8243e+00
-8.0000e+01 -4.0000e+01 -6.8288e+00
-8.0000e+01 -3.0000e+01 -2.6378e+00
-8.0000e+01 -2.0000e+01 -7.3094e+00
-8.0000e+01 -1.0000e+01 -7.7596e+00
-8.0000e+01 0.0000e+00 -4.4655e+00
-8.0000e+01 1.0000e+01 -6.2358e+00
-8.0000e+01 2.0000e+01 -6.4796e+00
-8.0000e+01 3.0000e+01 -5.3987e+00
-8.0000e+01 4.0000e+01 -4.6727e+00
-8.0000e+01 5.0000e+01 -3.6946e+00
-8.0000e+01 6.0000e+01 -2.1501e+00
-8.0000e+01 7.0000e+01 -3.0823e+00
-8.0000e+01 8.0000e+01 9.6356e-01
-8.0000e+01 9.0000e+01 -3.4529e-01
-8.0000e+01 1.0000e+02 -2.2358e+00
-8.0000e+01 1.1000e+02 -1.5277e+00
-8.0000e+01 1.2000e+02 2.2645e-01
-8.0000e+01 1.3000e+02 -1.7611e+00
-8.0000e+01 1.4000e+02 1.8579e+00
-8.0000e+01 1.5000e+02 -6.4515e-01
-8.0000e+01 1.6000e+02 2.6079e+00
-8.0000e+01 1.7000e+02 2.8750e+00
-8.0000e+01 1.8000e+02 1.9189e+00
-8.0000e+01 1.9000e+02 1.4209e+00
-8.0000e+01 2.0000e+02 -1.6045e+00
-7.0000e+01 -2.0000e+02 -7.5158e-01
-7.0000e+01 -1.9000e+02 3.7299e-01
-7.0000e+01 -1.8000e+02 7.1812e-01
-7.0000e+01 -1.7000e+02 2.0858e+00
-7.0000e+01 -1.6000e+02 9.6624e-01
-7.0000e+01 -1.5000e+02 -2.8629e-01
-7.0000e+01 -1.4000e+02 1.0058e+00
-7.0000e+01 -1.3000e+02 -1.1124e+00
-7.0000e+01 -1.2000e+02 1.2419e+00
-7.0000e+01 -1.1000e+02 -1.7653e+00
-7.0000e+01 -1.0000e+02 -2.9155e+00
-7.0000e+01 -9.0000e+01 -3.1395e+00
-7.0000e+01 -8.0000e+01 -2.2292e+00
-7.0000e+01 -7.0000e+01 -3.7168e+00
-7.0000e+01 -6.0000e+01 -2.6936e+00
-7.0000e+01 -5.0000e+01 -3.1439e+00
-7.0000e+01 -4.0000e+01 -5.1196e+00
-7.0000e+01 -3.0000e+01 -8.6868e+00
-7.0000e+01 -2.0000e+01 -8.4846e+00
-7.0000e+01 -1.0000e+01 -6.0693e+00
-7.0000e+01 0.0000e+00 -5.2322e+00
-7.0000e+01 1.0000e+01 -6.1483e+00
-7.0000e+01 2.0000e+01 -7.2990e+00
-7.0000e+01 3.0000e+01 -5.6696e+00
-7.0000e+01 4.0000e+01 -6.5568e+00
-7.0000e+01 5.0000e+01 -4.9738e+00
-7.0000e+01 6.0000e+01 -4.2459e+00
-7.0000e+01 7.0000e+01 -2.6140e+00
-7.0000e+01 8.0000e+01 -2.9707e+00
-7.0000e+01 9.0000e+01 -3.2825e+00
-7.0000e+01 1.0000e+02 2.0328e-01
-7.0000e+01 1.1000e+02 8.6055e-01
-7.0000e+01 1.2000e+02 -1.0190e-01
-7.0000e+01 1.3000e+02 4.1148e-01
-7.0000e+01 1.4000e+02 -1.4771e+00
-7.0000e+01 1.5000e+02 1.6447e+00
-7.0000e+01 1.6000e+02 2.4361e+00
-7.0000e+01 1.7000e+02 2.7810e+00
-7.0000e+01 1.8000e+02 -5.2461e-01
-7.0000e+01 1.9000e+02 -9.4826e-01
-7.0000e+01 2.0000e+02 -2.5173e+00
-6.0000e+01 -2.0000e+02 -1.8975e+00
-6.0000e+01 -1.9000e+02 -9.1498e-02
-6.0000e+01 -1.8000e+02 -8.9016e-01
-6.0000e+01 -1.7000e+02 1.8049e+00
-6.0000e+01 -1.6000e+02 -2.6275e+00
-6.0000e+01 -1.5000e+02 -5.6346e-01
-6.0000e+01 -1.4000e+02 -1.9092e+00
-6.0000e+01 -1.3000e+02 -1.7054e+00
-6.0000e+01 -1.2000e+02 1.7837e-01
-6.0000e+01 -1.1000e+02 -1.7002e+00
-6.0000e+01 -1.0000e+02 -2.1519e+00
-6.0000e+01 -9.0000e+01 -1.7723e+00
-6.0000e+01 -8.0000e+01 -2.2509e+00
-6.0000e+01 -7.0000e+01 -4.2512e+00
-6.0000e+01 -6.0000e+01 -1.5036e+00
-6.0000e+01 -5.0000e+01 -8.2903e+00
-6.0000e+01 -4.0000e+01 -8.2245e+00
-6.0000e+01 -3.0000e+01 -6.1723e+00
-6.0000e+01 -2.0000e+01 -8.0141e+00
-6.0000e+01 -1.0000e+01 -7.8149e+00
-6.0000e+01 0.0000e+00 -8.1879e+00
-6.0000e+01 1.0000e+01 -9.1429e+00
-6.0000e+01 2.0000e+01 -1.0487e+01
-6.0000e+01 3.0000e+01 -6.4970e+00
-6.0000e+01 4.0000e+01 -7.1853e+00
-6.0000e+01 5.0000e+01 -2.5248e+00
-6.0000e+01 6.0000e+01 -5.4191e+00
-6.0000e+01 7.0000e+01 -3.6970e+00
-6.0000e+01 8.0000e+01 -3.3342e+00
-6.0000e+01 9.0000e+01 -2.7052e+00
-6.0000e+01 1.0000e+02 -9.2004e-01
-6.0000e+01 1.1000e+02 -2.1293e+00
-6.0000e+01 1.2000e+02 -1.5137e+00
-6.0000e+01 1.3000e+02 1.4139e+00
-6.0000e+01 1.4000e+02 -7.4479e-01
-6.0000e+01 1.5000e+02 1.0820e+00
-6.0000e+01 1.6000e+02 5.6173e-01
-6.0000e+01 1.7000e+02 8.1730e-01
-6.0000e+01 1.8000e+02 9.0051e-01
-6.0000e+01 1.9000e+02 5.4051e-01
-6.0000e+01 2.0000e+02 -2.0067e+00
-5.0000e+01 -2.0000e+02 -8.3554e-01
-5.0000e+01 -1.9000e+02 -3.6668e+00
-5.0000e+01 -1.8000e+02 -2.1724e+00
-5.0000e+01 -1.7000e+02 5.8850e-01
-5.0000e+01 -1.6000e+02 5.4310e-01
-5.0000e+01 -1.5000e+02 -7.4285e-01
-5.0000e+01 -1.4000e+02 1.6533e+00
-5.0000e+01 -1.3000e+02 7.2254e-01
-5.0000e+01 -1.2000e+02 6.5314e-01
-5.0000e+01 -1.1000e+02 -9.4180e-01
-5.0000e+01 -1.0000e+02 -4.1177e+00
-5.0000e+01 -9.0000e+01 -1.3971e+00
-5.0000e+01 -8.0000e+01 -1.1279e+00
-5.0000e+01 -7.0000e+01 -3.7449e+00
-5.0000e+01 -6.0000e+01 -5.5191e+00
-5.0000e+01 -5.0000e+01 -6.6726e+00
-5.0000e+01 -4.0000e+01 -8.8893e+00
-5.0000e+01 -3.0000e+01 -9.8953e+00
-5.0000e+01 -2.0000e+01 -9.3670e+00
-5.0000e+01 -1.0000e+01 -8.3241e+00
-5.0000e+01 0.0000e+00 -1.0075e+01
-5.0000e+01 1.0000e+01 -8.3111e+00
-5.0000e+01 2.0000e+01 -1.0030e+01
-5.0000e+01 3.0000e+01 -8.6292e+00
-5.0000e+01 4.0000e+01 -5.2331e+00
-5.0000e+01 5.0000e+01 -5.0726e+00
-5.0000e+01 6.0000e+01 -2.9309e+00
-5.0000e+01 7.0000e+01 -4.4735e+00
-5.0000e+01 8.0000e+01 -5.2447e+00
-5.0000e+01 9.0000e+01 -1.9073e+00
-5.0000e+01 1.0000e+02 1.8893e-01
-5.0000e+01 1.1000e+02 -2.1113e+00
-5.0000e+01 1.2000e+02 -2.0527e+00
-5.0000e+01 1.3000e+02 -1.7654e+00
-5.0000e+01 1.4000e+02 -3.2541e+00
-5.0000e+01 1.5000e+02 5.1668e-01
-5.0000e+01 1.6000e+02 -8.6888e-01
-5.0000e+01 1.7000e+02 -1.3046e+00
-5.0000e+01 1.8000e+02 6.9654e-01
-5.0000e+01 1.9000e+02 1.8432e+00
-5.0000e+01 2.0000e+02 1.2562e-02
-4.0000e+01 -2.0000e+02 6.1284e-01
-4.0000e+01 -1.9000e+02 -7.5471e-02
-4.0000e+01 -1.8000e+02 -1.8619e-02
-4.0000e+01 -1.7000e+02 9.9571e-01
-4.0000e+01 -1.6000e+02 -2.1659e+00
-4.0000e+01 -1.5000e+02 1.2833e+00
-4.0000e+01 -1.4000e+02 -3.0955e-01
-4.0000e+01 -1.3000e+02 4.9921e-01
-4.0000e+01 -1.2000e+02 -1.4271e+00
-4.0000e+01 -1.1000e+02 -5.4207e-01
-4.0000e+01 -1.0000e+02 -2.6588e+00
-4.0000e+01 -9.0000e+01 -2.3423e+00
-4.0000e+01 -8.0000e+01 -4.3705e+00
-4.0000e+01 -7.0000e+01 -7.3422e+00
-4.0000e+01 -6.0000e+01 -6.8366e+00
-4.0000e+01 -5.0000e+01 -1.0349e+01
-4.0000e+01 -4.0000e+01 -7.0938e+00
-4.0000e+01 -3.0000e+01 -1.0919e+01
-4.0000e+01 -2.0000e+01 -1.0138e+01
-4.0000e+01 -1.0000e+01 -9.0291e+00
-4.0000e+01 0.0000e+00 -1.0945e+01
-4.0000e+01 1.0000e+01 -1.2901e+01
-4.0000e+01 2.0000e+01 -9.8928e+00
-4.0000e+01 3.0000e+01 -1.0334e+01
-4.0000e+01 4.0000e+01 -7.5804e+00
-4.0000e+01 5.0000e+01 -8.1728e+00
-4.0000e+01 6.0000e+01 -5.6590e+00
-4.0000e+01 7.0000e+01 -5.9503e+00
-4.0000e+01 8.0000e+01 -1.9813e+00
-4.0000e+01 9.0000e+01 -3.4335e+00
-4.0000e+01 1.0000e+02 -2.8408e+00
-4.0000e+01 1.1000e+02 -2.9413e+00
-4.0000e+01 1.2000e+02 -1.9073e+00
-4.0000e+01 1.3000e+02 -1.1420e+00
-4.0000e+01 1.4000e+02 -3.7962e-01
-4.0000e+01 1.5000e+02 -2.2789e+00
-4.0000e+01 1.6000e+02 -1.2260e-02
-4.0000e+01 1.7000e+02 2.0804e+00
-4.0000e+01 1.8000e+02 -2.2688e-01
-4.0000e+01 1.9000e+02 1.1671e+00
-4.0000e+01 2.0000e+02 -1.1091e-01
-3.0000e+01 -2.0000e+02 -7.9540e-01
-3.0000e+01 -1.9000e+02 1.6525e+00
-3.0000e+01 -1.8000e+02 1.6019e+00
-3.0000e+01 -1.7000e+02 -2.3991e-01
-3.0000e+01 -1.6000e+02 5.5890e-01
-3.0000e+01 -1.5000e+02 1.9148e-01
-3.0000e+01 -1.4000e+02 -3.5053e+00
-3.0000e+01 -1.3000e+02 -5.1877e-01
-3.0000e+01 -1.2000e+02 -9.7114e-01
-3.0000e+01 -1.1000e+02 -7.3803e-01
-3.0000e+01 -1.0000e+02 -3.9723e+00
-3.0000e+01 -9.0000e+01 -2.1067e+00
-3.0000e+01 -8.0000e+01 -3.8857e+00
-3.0000e+01 -7.0000e+01 -4.8646e+00
-3.0000e+01 -6.0000e+01 -6.4349e+00
-3.0000e+01 -5.0000e+01 -1.0931e+01
-3.0000e+01 -4.0000e+01 -9.4743e+00
-3.0000e+01 -3.0000e+01 -1.3912e+01
-3.0000e+01 -2.0000e+01 -1.3164e+01
-3.0000e+01 -1.0000e+01 -1.4565e+01
-3.0000e+01 0.0000e+00 -1.2830e+01
-3.0000e+01 1.0000e+01 -1.1129e+01
-3.0000e+01 2.0000e+01 -1.3528e+01
-3.0000e+01 3.0000e+01 -1.1414e+01
-3.0000e+01 4.0000e+01 -1.0420e+01
-3.0000e+01 5.0000e+01 -8.4994e+00
-3.0000e+01 6.0000e+01 -7.0547e+00
-3.0000e+01 7.0000e+01 -7.9850e+00
-3.0000e+01 8.0000e+01 -3.2431e+00
-3.0000e+01 9.0000e+01 -3.2894e+00
-3.0000e+01 1.0000e+02 -5.7103e+00
-3.0000e+01 1.1000e+02 -2.0127e+00
-3.0000e+01 1.2000e+02 -2.5452e+00
-3.0000e+01 1.3000e+02 1.8543e+00
-3.0000e+01 1.4000e+02 -4.8719e+00
-3.0000e+01 1.5000e+02 -9.1504e-01
-3.0000e+01 1.6000e+02 6.2683e-01
-3.0000e+01 1.7000e+02 -2.4991e+00
-3.0000e+01 1.8000e+02 -1.6710e+00
-3.0000e+01 1.9000e+02 -5.3055e-01
-3.0000e+01 2.0000e+02 2.9831e+00
-2.0000e+01 -2.0000e+02 -1.1150e+00
-2.0000e+01 -1.9000e+02 -8.2073e-01
-2.0000e+01 -1.8000e+02 2.7574e+00
-2.0000e+01 -1.7000e+02 3.9540e-01
-2.0000e+01 -1.6000e+02 1.6715e+00
-2.0000e+01 -1.5000e+02 1.7342e+00
-2.0000e+01 -1.4000e+02 1.6077e+00
-2.0000e+01 -1.3000e+02 1.6268e+00
-2.0000e+01 -1.2000e+02 -8.7432e-01
-2.0000e+01 -1.1000e+02 -3.2414e+00
-2.0000e+01 -1.0000e+02 -1.8700e+00
-2.0000e+01 -9.0000e+01 -3.5846e+00
-2.0000e+01 -8.0000e+01 -6.3331e+00
-2.0000e+01 -7.0000e+01 -5.6733e+00
-2.0000e+01 -6.0000e+01 -7.5859e+00
-2.0000e+01 -5.0000e+01 -1.0744e+01
-2.0000e+01 -4.0000e+01 -1.2006e+01
-2.0000e+01 -3.0000e+01 -1.2263e+01
-2.0000e+01 -2.0000e+01 -1.2891e+01
-2.0000e+01 -1.0000e+01 -1.6212e+01
-2.0000e+01 0.0000e+00 -1.3277e+01
-2.0000e+01 1.0000e+01 -1.3068e+01
-2.0000e+01 2.0000e+01 -1.2447e+01
-2.0000e+01 3.0000e+01 -1.2934e+01
-2.0000e+01 4.0000e+01 -9.8588e+00
-2.0000e+01 5.0000e+01 -9.6702e+00
-2.0000e+01 6.0000e+01 -1.0251e+01
-2.0000e+01 7.0000e+01 -6.9395e+00
-2.0000e+01 8.0000e+01 -5.9105e+00
-2.0000e+01 9.0000e+01 -5.1651e+00
-2.0000e+01 1.0000e+02 -3.0998e+00
-2.0000e+01 1.1000e+02 -7.1720e-01
-2.0000e+01 1.2000e+02 -3.1661e+00
-2.0000e+01 1.3000e+02 1.7227e-01
-2.0000e+01 1.4000e+02 -4.1069e+00
-2.0000e+01 1.5000e+02 -1.7866e+00
-2.0000e+01 1.6000e+02 2.0974e-01
-2.0000e+01 1.7000e+02 1.0775e+00
-2.0000e+01 1.8000e+02 -1.6984e-01
-2.0000e+01 1.9000e+02 -5.1974e-01
-2.0000e+01 2.0000e+02 3.9166e+00
-1.0000e+01 -2.0000e+02 4.8060e-01
-1.0000e+01 -1.9000e+02 2.0958e+00
-1.0000e+01 -1.8000e+02 1.3696e+00
-1.0000e+01 -1.7000e+02 -3.6025e+00
-1.0000e+01 -1.6000e+02 -1.6786e+00
-1.0000e+01 -1.5000e+02 2.1660e-01
-1.0000e+01 -1.4000e+02 2.5143e+00
-1.0000e+01 -1.3000e+02 2.0579e+00
-1.0000e+01 -1.2000e+02 -1.9934e+00
-1.0000e+01 -1.1000e+02 -8.0878e-01
-1.0000e+01 -1.0000e+02 -2.2514e+00
-1.0000e+01 -9.0000e+01 -3.0731e+00
-1.0000e+01 -8.0000e+01 -8.8772e+00
-1.0000e+01 -7.0000e+01 -6.1567e+00
-1.0000e+01 -6.0000e+01 -8.8608e+00
-1.0000e+01 -5.0000e+01 -1.0556e+01
-1.0000e+01 -4.0000e+01 -9.5527e+00
-1.0000e+01 -3.0000e+01 -1.0471e+01
-1.0000e+01 -2.0000e+01 -1.6071e+01
-1.0000e+01 -1.0000e+01 -1.6580e+01
-1.0000e+01 0.0000e+00 -1.6379e+01
-1.0000e+01 1.0000e+01 -1.4672e+01
-1.0000e+01 2.0000e+01 -1.3664e+01
-1.0000e+01 3.0000e+01 -1.4470e+01
-1.0000e+01 4.0000e+01 -8.6324e+00
-1.0000e+01 5.0000e+01 -1.1982e+01
-1.0000e+01 6.0000e+01 -8.7594e+00
-1.0000e+01 7.0000e+01 -4.6575e+00
-1.0000e+01 8.0000e+01 -8.3365e+00
-1.0000e+01 9.0000e+01 -5.8165e+00
-1.0000e+01 1.0000e+02 -2.6569e+00
-1.0000e+01 1.1000e+02 -1.5113e+00
-1.0000e+01 1.2000e+02 -2.5188e+00
-1.0000e+01 1.3000e+02 -1.1457e+00
-1.0000e+01 1.4000e+02 -6.9055e-01
-1.0000e+01 1.5000e+02 4.8257e-01
-1.0000e+01 1.6000e+02 -2.4073e+00
-1.0000e+01 1.7000e+02 8.6229e-01
-1.0000e+01 1.8000e+02 -7.8442e-01
-1.0000e+01 1.9000e+02 -1.4977e-01
-1.0000e+01 2.0000e+02 -1.3211e+00
0.0000e+00 -2.0000e+02 3.7521e-01
0.0000e+00 -1.9000e+02 3.8320e+00
0.0000e+00 -1.8000e+02 -3.0690e-02
0.0000e+00 -1.7000e+02 -2.0977e-01
0.0000e+00 -1.6000e+02 -1.0800e+00
0.0000e+00 -1.5000e+02 -2.3001e+00
0.0000e+00 -1.4000e+02 -3.0605e+00
0.0000e+00 -1.3000e+02 -2.0078e+00
0.0000e+00 -1.2000e+02 -4.9227e-01
0.0000e+00 -1.1000e+02 -3.8771e+00
0.0000e+00 -1.0000e+02 -1.9402e+00
0.0000e+00 -9.0000e+01 -3.6783e+00
0.0000e+00 -8.0000e+01 -4.2072e+00
0.0000e+00 -7.0000e+01 -7.6542e+00
0.0000e+00 -6.0000e+01 -7.4062e+00
0.0000e+00 -5.0000e+01 -9.9900e+00
0.0000e+00 -4.0000e+01 -1.1711e+01
0.0000e+00 -3.0000e+01 -1.2366e+01
0.0000e+00 -2.0000e+01 -1.4431e+01
0.0000e+00 -1.0000e+01 -1.6700e+01
0.0000e+00 0.0000e+00 -1.6994e+01
0.0000e+00 1.0000e+01 -1.3446e+01
0.0000e+00 2.0000e+01 -1.2522e+01
0.0000e+00 3.0000e+01 -1.2049e+01
0.0000e+00 4.0000e+01 -1.3008e+01
0.0000e+00 5.0000e+01 -1.0253e+01
0.0000e+00 6.0000e+01 -9.8526e+00
0.0000e+00 7.0000e+01 -7.9151e+00
0.0000e+00 8.0000e+01 -5.0842e+00
0.0000e+00 9.0000e+01 -5.1837e+00
0.0000e+00 1.0000e+02 -3.6805e+00
0.0000e+00 1.1000e+02 -4.9146e+00
0.0000e+00 1.2000e+02 -2.6986e-01
0.0000e+00 1.3000e+02 -1.2904e+00
0.0000e+00 1.4000e+02 -1.6398e+00
0.0000e+00 1.5000e+02 -1.5145e+00
0.0000e+00 1.6000e+02 3.7348e-01
0.0000e+00 1.7000e+02 1.4568e+00
0.0000e+00 1.8000e+02 8.8964e-01
0.0000e+00 1.9000e+02 -6.9417e-01
0.0000e+00 2.0000e+02 1.3569e+00
1.0000e+01 -2.0000e+02 1.5913e+00
1.0000e+01 -1.9000e+02 3.7995e-01
1.0000e+01 -1.8000e+02 1.6333e-01
1.0000e+01 -1.7000e+02 -6.4829e-01
1.0000e+01 -1.6000e+02 -1.9583e+00
1.0000e+01 -1.5000e+02 1.9992e+00
1.0000e+01 -1.4000e+02 4.5060e-01
1.0000e+01 -1.3000e+02 -3.6080e+00
1.0000e+01 -1.2000e+02 3.0849e-01
1.0000e+01 -1.1000e+02 -1.8610e+00
1.0000e+01 -1.0000e+02 -3.8052e+00
1.0000e+01 -9.0000e+01 -3.8633e+00
1.0000e+01 -8.0000e+01 -5.4440e+00
1.0000e+01 -7.0000e+01 -7.0378e+00
1.0000e+01 -6.0000e+01 -5.4527e+00
1.0000e+01 -5.0000e+01 -8.6061e+00
1.0000e+01 -4.0000e+01 -1.1005e+01
1.0000e+01 -3.0000e+01 -1.0937e+01
1.0000e+01 -2.0000e+01 -1.2353e+01
1.0000e+01 -1.0000e+01 -1.3663e+01
1.0000e+01 0.0000e+00 -1.5329e+01
1.0000e+01 1.0000e+01 -1.4580e+01
1.0000e+01 2.0000e+01 -1.4507e+01
1.0000e+01 3.0000e+01 -1.0800e+01
1.0000e+01 4.0000e+01 -1.0347e+01
1.0000e+01 5.0000e+01 -9.9284e+00
1.0000e+01 6.0000e+01 -7.1641e+00
1.0000e+01 7.0000e+01 -5.6669e+00
1.0000e+01 8.0000e+01 -7.2600e+00
1.0000e+01 9.0000e+01 -4.8882e+00
1.0000e+01 1.0000e+02 -6.3635e-01
1.0000e+01 1.1000e+02 -1.2771e+00
1.0000e+01 1.2000e+02 -2.1381e+00
1.0000e+01 1.3000e+02 5.1484e-01
1.0000e+01 1.4000e+02 -1.0048e+00
1.0000e+01 1.5000e+02 -7.0057e-01
1.0000e+01 1.6000e+02 5.3366e-01
1.0000e+01 1.7000e+02 -3.3333e+00
1.0000e+01 1.8000e+02 8.2233e-01
1.0000e+01 1.9000e+02 9.7664e-01
1.0000e+01 2.0000e+02 6.0316e-01
2.0000e+01 -2.0000e+02 -4.4853e-01
2.0000e+01 -1.9000e+02 -2.3318e+00
2.0000e+01 -1.8000e+02 8.6941e-01
2.0000e+01 -1.7000e+02 -4.0469e-01
2.0000e+01 -1.6000e+02 -1.1020e+00
2.0000e+01 -1.5000e+02 -9.4931e-01
2.0000e+01 -1.4000e+02 -9.1888e-01
2.0000e+01 -1.3000e+02 -5.9285e-01
2.0000e+01 -1.2000e+02 -2.3745e+00
2.0000e+01 -1.1000e+02 1.4264e+00
2.0000e+01 -1.0000e+02 -3.8870e-01
2.0000e+01 -9.0000e+01 -2.0637e+00
2.0000e+01 -8.0000e+01 -3.1446e+00
2.0000e+01 -7.0000e+01 -5.2954e+00
2.0000e+01 -6.0000e+01 -1.1626e+01
2.0000e+01 -5.0000e+01 -1.0224e+01
2.0000e+01 -4.0000e+01 -9.5629e+00
2.0000e+01 -3.0000e+01 -1.0312e+01
2.0000e+01 -2.0000e+01 -1.1887e+01
2.0000e+01 -1.0000e+01 -1.3186e+01
2.0000e+01 0.0000e+00 -1.4365e+01
2.0000e+01 1.0000e+01 -1.4953e+01
2.0000e+01 2.0000e+01 -1.4605e+01
2.0000e+01 3.0000e+01 -1.2080e+01
2.0000e+01 4.0000e+01 -9.5758e+00
2.0000e+01 5.0000e+01 -1.2179e+01
2.0000e+01 6.0000e+01 -7.8032e+00
2.0000e+01 7.0000e+01 -6.8530e+00
2.0000e+01 8.0000e+01 -6.0553e+00
2.0000e+01 9.0000e+01 -6.5487e+00
2.0000e+01 1.0000e+02 -6.3487e+00
2.0000e+01 1.1000e+02 7.0798e-01
2.0000e+01 1.2000e+02 -3.8740e+00
2.0000e+01 1.3000e+02 -2.6170e+00
2.0000e+01 1.4000e+02 -2.9274e+00
2.0000e+01 1.5000e+02 -9.1464e-01
2.0000e+01 1.6000e+02 -1.1786e+00
2.0000e+01 1.7000e+02 2.7784e+00
2.0000e+01 1.8000e+02 2.3026e+00
2.0000e+01 1.9000e+02 -1.0015e+00
2.0000e+01 2.0000e+02 -6.9769e-01
3.0000e+01 -2.0000e+02 1.9186e+00
3.0000e+01 -1.9000e+02 -2.1645e+00
3.0000e+01 -1.8000e+02 2.5402e+00
3.0000e+01 -1.7000e+02 -1.4188e+00
3.0000e+01 -1.6000e+02 -1.9738e+00
3.0000e+01 -1.5000e+02 9.1843e-02
3.0000e+01 -1.4000e+02 -2.4415e+00
3.0000e+01 -1.3000e+02 -2.4802e+00
3.0000e+01 -1.2000e+02 -1.3519e+00
3.0000e+01 -1.1000e+02 -2.7805e+00
3.0000e+01 -1.0000e+02 -4.7932e+00
3.0000e+01 -9.0000e+01 -2.9636e+00
3.0000e+01 -8.0000e+01 -5.2831e+00
3.0000e+01 -7.0000e+01 -6.0980e+00
3.0000e+01 -6.0000e+01 -9.0594e+00
3.0000e+01 -5.0000e+01 -1.0136e+01
3.0000e+01 -4.0000e+01 -1.0677e+01
3.0000e+01 -3.0000e+01 -1.1864e+01
3.0000e+01 -2.0000e+01 -1.1039e+01
3.0000e+01 -1.0000e+01 -1.2421e+01
3.0000e+01 0.0000e+00 -1.0602e+01
3.0000e+01 1.0000e+01 -1.3656e+01
3.0000e+01 2.0000e+01 -1.1871e+01
3.0000e+01 3.0000e+01 -8.0108e+00
3.0000e+01 4.0000e+01 -1.2012e+01
3.0000e+01 5.0000e+01 -1.0562e+01
3.0000e+01 6.0000e+01 -8.1502e+00
3.0000e+01 7.0000e+01 -7.1792e+00
3.0000e+01 8.0000e+01 -3.4203e+00
3.0000e+01 9.0000e+01 -4.4241e+00
3.0000e+01 1.0000e+02 -5.2955e+00
3.0000e+01 1.1000e+02 -3.2200e+00
3.0000e+01 1.2000e+02 -1.2541e-01
3.0000e+01 1.3000e+02 1.2051e-01
3.0000e+01 1.4000e+02 -3.9140e-01
3.0000e+01 1.5000e+02 -3.2109e+00
3.0000e+01 1.6000e+02 1.4534e+00
3.0000e+01 1.7000e+02 -2.2871e+00
3.0000e+01 1.8000e+02 -2.4064e+00
3.0000e+01 1.9000e+02 4.3318e-01
3.0000e+01 2.0000e+02 -1.5254e+00
4.0000e+01 -2.0000e+02 -1.1976e+00
4.0000e+01 -1.9000e+02 -1.9289e+00
4.0000e+01 -1.8000e+02 8.8933e-01
4.0000e+01 -1.7000e+02 -2.0647e+00
4.0000e+01 -1.6000e+02 3.6200e-01
4.0000e+01 -1.5000e+02 1.2792e+00
4.0000e+01 -1.4000e+02 -1.4211e+00
4.0000e+01 -1.3000e+02 1.3408e-02
4.0000e+01 -1.2000e+02 -2.6791e-02
4.0000e+01 -1.1000e+02 -5.0475e+00
4.0000e+01 -1.0000e+02 -4.8830e+00
4.0000e+01 -9.0000e+01 -4.0766e+00
4.0000e+01 -8.0000e+01 -4.7135e+00
4.0000e+01 -7.0000e+01 -3.5147e+00
4.0000e+01 -6.0000e+01 -5.9515e+00
4.0000e+01 -5.0000e+01 -7.8944e+00
4.0000e+01 -4.0000e+01 -6.5257e+00
4.0000e+01 -3.0000e+01 -1.1782e+01
4.0000e+01 -2.0000e+01 -1.2163e+01
4.0000e+01 -1.0000e+01 -1.1739e+01
4.0000e+01 0.0000e+00 -1.2618e+01
4.0000e+01 1.0000e+01 -1.2014e+01
4.0000e+01 2.0000e+01 -9.3352e+00
4.0000e+01 3.0000e+01 -1.1456e+01
4.0000e+01 4.0000e+01 -1.0756e+01
4.0000e+01 5.0000e+01 -9.4837e+00
4.0000e+01 6.0000e+01 -8.0471e+00
4.0000e+01 7.0000e+01 -6.5107e+00
4.0000e+01 8.0000e+01 -4.8634e+00
4.0000e+01 9.0000e+01 -3.4339e+00
4.0000e+01 1.0000e+02 -1.1807e+00
4.0000e+01 1.1000e+02 -3.9791e+00
4.0000e+01 1.2000e+02 -2.8918e+00
4.0000e+01 1.3000e+02 -3.1598e+00
4.0000e+01 1.4000e+02 -2.1584e+00
4.0000e+01 1.5000e+02 5.7411e-01
4.0000e+01 1.6000e+02 -1.5442e+00
4.0000e+01 1.7000e+02 -2.0248e+00
4.0000e+01 1.8000e+02 2.8574e+00
4.0000e+01 1.9000e+02 1.3058e+00
4.0000e+01 2.0000e+02 -1.5762e-01
5.0000e+01 -2.0000e+02 -1.7281e+00
5.0000e+01 -1.9000e+02 -6.4250e-01
5.0000e+01 -1.8000e+02 -1.0388e+00
5.0000e+01 -1.7000e+02 3.1977e-01
5.0000e+01 -1.6000e+02 9.6836e-01
5.0000e+01 -1.5000e+02 -1.8786e+00
5.0000e+01 -1.4000e+02 -1.4751e+00
5.0000e+01 -1.3000e+02 -1.3341e+00
5.0000e+01 -1.2000e+02 -1.3589e+00
5.0000e+01 -1.1000e+02 -1.0564e+00
5.0000e+01 -1.0000e+02 -1.5815e+00
5.0000e+01 -9.0000e+01 -2.8170e+00
5.0000e+01 -8.0000e+01 -5.0929e+00
5.0000e+01 -7.0000e+01 -3.3948e+00
5.0000e+01 -6.0000e+01 -4.8618e+00
5.0000e+01 -5.0000e+01 -7.3230e+00
5.0000e+01 -4.0000e+01 -6.9535e+00
5.0000e+01 -3.0000e+01 -9.8635e+00
5.0000e+01 -2.0000e+01 -9.3146e+00
5.0000e+01 -1.0000e+01 -1.0289e+01
5.0000e+01 0.0000e+00 -9.8206e+00
5.0000e+01 1.0000e+01 -1.1179e+01
5.0000e+01 2.0000e+01 -1.2341e+01
5.0000e+01 3.0000e+01 -5.8322e+00
5.0000e+01 4.0000e+01 -7.2399e+00
5.0000e+01 5.0000e+01 -7.1589e+00
5.0000e+01 6.0000e+01 -6.5363e+00
5.0000e+01 7.0000e+01 -4.3632e+00
5.0000e+01 8.0000e+01 -4.9555e+00
5.0000e+01 9.0000e+01 -3.6256e+00
5.0000e+01 1.0000e+02 -2.4736e+00
5.0000e+01 1.1000e+02 -2.9349e+00
5.0000e+01 1.2000e+02 -4.2542e+00
5.0000e+01 1.3000e+02 7.9121e-01
5.0000e+01 1.4000e+02 -2.0957e-01
5.0000e+01 1.5000e+02 2.2768e+00
5.0000e+01 1.6000e+02 1.2101e+00
5.0000e+01 1.7000e+02 1.0451e+00
5.0000e+01 1.8000e+02 -2.0631e+00
5.0000e+01 1.9000e+02 3.8524e-01
5.0000e+01 2.0000e+02 -6.3580e-01
6.0000e+01 -2.0000e+02 -1.2574e+00
6.0000e+01 -1.9000e+02 2.8103e+00
6.0000e+01 -1.8000e+02 1.5066e+00
6.0000e+01 -1.7000e+02 -2.1385e+00
6.0000e+01 -1.6000e+02 -4.0940e-01
6.0000e+01 -1.5000e+02 -4.6326e-01
6.0000e+01 -1.4000e+02 -2.6111e+00
6.0000e+01 -1.3000e+02 -1.5315e+00
6.0000e+01 -1.2000e+02 1.3054e-01
6.0000e+01 -1.1000e+02 -4.0902e+00
6.0000e+01 -1.0000e+02 -3.6808e+00
6.0000e+01 -9.0000e+01 -3.4818e+00
6.0000e+01 -8.0000e+01 -5.8936e+00
6.0000e+01 -7.0000e+01 -5.5329e+00
6.0000e+01 -6.0000e+01 -1.9236e+00
6.0000e+01 -5.0000e+01 -9.0284e+00
6.0000e+01 -4.0000e+01 -7.6100e+00
6.0000e+01 -3.0000e+01 -7.4809e+00
6.0000e+01 -2.0000e+01 -8.2080e+00
6.0000e+01 -1.0000e+01 -9.0958e+00
6.0000e+01 0.0000e+00 -8.3250e+00
6.0000e+01 1.0000e+01 -8.1413e+00
6.0000e+01 2.0000e+01 -6.2609e+00
6.0000e+01 3.0000e+01 -7.9755e+00
6.0000e+01 4.0000e+01 -4.1531e+00
6.0000e+01 5.0000e+01 -4.6860e+00
6.0000e+01 6.0000e+01 -8.8424e+00
6.0000e+01 7.0000e+01 -1.9880e+00
6.0000e+01 8.0000e+01 -2.7361e+00
6.0000e+01 9.0000e+01 -2.3795e+00
6.0000e+01 1.0000e+02 -1.8437e+00
6.0000e+01 1.1000e+02 -2.5837e+00
6.0000e+01 1.2000e+02 5.6933e-01
6.0000e+01 1.3000e+02 9.9505e-01
6.0000e+01 1.4000e+02 -7.4654e-01
6.0000e+01 1.5000e+02 1.6884e+00
6.0000e+01 1.6000e+02 -2.0957e+00
6.0000e+01 1.7000e+02 -1.1008e+00
6.0000e+01 1.8000e+02 7.4270e-01
6.0000e+01 1.9000e+02 -5.3635e-01
6.0000e+01 2.0000e+02 8.3868e-02
7.0000e+01 -2.0000e+02 -5.4436e-01
7.0000e+01 -1.9000e+02 3.1503e-01
7.0000e+01 -1.8000e+02 -1.4135e+00
7.0000e+01 -1.7000e+02 1.2630e+00
7.0000e+01 -1.6000e+02 2.9125e+00
7.0000e+01 -1.5000e+02 -1.9245e+00
7.0000e+01 -1.4000e+02 1.5968e+00
7.0000e+01 -1.3000e+02 2.6102e+00
7.0000e+01 -1.2000e+02 -5.4199e-01
7.0000e+01 -1.1000e+02 7.1961e-01
7.0000e+01 -1.0000e+02 -3.6728e+00
7.0000e+01 -9.0000e+01 1.3467e-01
7.0000e+01 -8.0000e+01 -5.0105e+00
7.0000e+01 -7.0000e+01 -4.3997e+00
7.0000e+01 -6.0000e+01 -2.9229e+00
7.0000e+01 -5.0000e+01 -3.4266e+00
7.0000e+01 -4.0000e+01 -4.9195e+00
7.0000e+01 -3.0000e+01 -7.2447e+00
7.0000e+01 -2.0000e+01 -6.7510e+00
7.0000e+01 -1.0000e+01 -7.9750e+00
7.0000e+01 0.0000e+00 -6.8220e+00
7.0000e+01 1.0000e+01 -8.3080e+00
7.0000e+01 2.0000e+01 -6.4061e+00
7.0000e+01 3.0000e+01 -3.9726e+00
7.0000e+01 4.0000e+01 -5.7742e+00
7.0000e+01 5.0000e+01 -5.8819e+00
7.0000e+01 6.0000e+01 -3.3332e+00
7.0000e+01 7.0000e+01 -4.7523e+00
7.0000e+01 8.0000e+01 -4.4927e+00
7.0000e+01 9.0000e+01 -2.6704e+00
7.0000e+01 1.0000e+02 -2.7986e+00
7.0000e+01 1.1000e+02 -2.7280e+00
7.0000e+01 1.2000e+02 -1.2252e+00
7.0000e+01 1.3000e+02 5.6218e-01
7.0000e+01 1.4000e+02 1.5418e+00
7.0000e+01 1.5000e+02 -1.3563e+00
7.0000e+01 1.6000e+02 -3.4646e-01
7.0000e+01 1.7000e+02 -5.5103e-01
7.0000e+01 1.8000e+02 -1.0269e+00
7.0000e+01 1.9000e+02 -1.3620e+00
7.0000e+01 2.0000e+02 1.3162e+00
8.0000e+01 -2.0000e+02 1.0513e+00
8.0000e+01 -1.9000e+02 -3.3041e+00
8.0000e+01 -1.8000e+02 -4.9141e-01
8.0000e+01 -1.7000e+02 -2.3872e+00
8.0000e+01 -1.6000e+02 2.0440e+00
8.0000e+01 -1.5000e+02 2.8185e+00
8.0000e+01 -1.4000e+02 9.0574e-01
8.0000e+01 -1.3000e+02 9.5438e-01
8.0000e+01 -1.2000e+02 6.3215e-01
8.0000e+01 -1.1000e+02 -8.0847e-01
8.0000e+01 -1.0000e+02 7.7765e-01
8.0000e+01 -9.0000e+01 -1.3529e+00
8.0000e+01 -8.0000e+01 -3.6892e+00
8.0000e+01 -7.0000e+01 -3.2833e+00
8.0000e+01 -6.0000e+01 -2.2742e+00
8.0000e+01 -5.0000e+01 -2.7019e+00
8.0000e+01 -4.0000e+01 -6.0722e+00
8.0000e+01 -3.0000e+01 -1.7918e+00
8.0000e+01 -2.0000e+01 -4.4797e+00
8.0000e+01 -1.0000e+01 -5.0088e+00
8.0000e+01 0.0000e+00 -5.9547e+00
8.0000e+01 1.0000e+01 -4.8820e+00
8.0000e+01 2.0000e+01 -4.2683e+00
8.0000e+01 3.0000e+01 -4.3956e+00
8.0000e+01 4.0000e+01 -3.9234e+00
8.0000e+01 5.0000e+01 -1.9228e+00
8.0000e+01 6.0000e+01 -2.1983e+00
8.0000e+01 7.0000e+01 -8.9725e-01
8.0000e+01 8.0000e+01 -4.1129e+00
8.0000e+01 9.0000e+01 -1.2245e+00
8.0000e+01 1.0000e+02 -5.7528e-01
8.0000e+01 1.1000e+02 -1.2432e+00
8.0000e+01 1.2000e+02 1.2210e+00
8.0000e+01 1.3000e+02 -4.0626e-01
8.0000e+01 1.4000e+02 -1.0001e+00
8.0000e+01 1.5000e+02 -2.4582e+00
8.0000e+01 1.6000e+02 4.5565e-02
8.0000e+01 1.7000e+02 -1.1872e+00
8.0000e+01 1.8000e+02 1.0101e+00
8.0000e+01 1.9000e+02 4.7687e-01
8.0000e+01 2.0000e+02 3.2817e-01
9.0000e+01 -2.0000e+02 9.1219e-01
9.0000e+01 -1.9000e+02 -1.1515e+00
9.0000e+01 -1.8000e+02 -1.8226e+00
9.0000e+01 -1.7000e+02 2.0507e+00
9.0000e+01 -1.6000e+02 -6.2007e-01
9.0000e+01 -1.5000e+02 1.1629e+00
9.0000e+01 -1.4000e+02 4.1785e-01
9.0000e+01 -1.3000e+02 -4.1814e+00
9.0000e+01 -1.2000e+02 -1.9794e+00
9.0000e+01 -1.1000e+02 -4.2981e+00
9.0000e+01 -1.0000e+02 -7.2967e-01
9.0000e+01 -9.0000e+01 -1.7344e+00
9.0000e+01 -8.0000e+01 -1.2913e+00
9.0000e+01 -7.0000e+01 -1.1732e+00
9.0000e+01 -6.0000e+01 -2.6562e+00
9.0000e+01 -5.0000e+01 -3.2538e+00
9.0000e+01 -4.0000e+01 -1.1704e+00
9.0000e+01 -3.0000e+01 -6.2009e+00
9.0000e+01 -2.0000e+01 -4.2794e+00
9.0000e+01 -1.0000e+01 -5.4063e+00
9.0000e+01 0.0000e+00 -2.7236e+00
9.0000e+01 1.0000e+01 -2.8588e+00
9.0000e+01 2.0000e+01 -1.0628e+00
9.0000e+01 3.0000e+01 -6.3534e+00
9.0000e+01 4.0000e+01 -2.5245e+00
9.0000e+01 5.0000e+01 -2.3324e+00
9.0000e+01 6.0000e+01 -2.0181e+00
9.0000e+01 7.0000e+01 -2.7504e+00
9.0000e+01 8.0000e+01 -4.2642e-01
9.0000e+01 9.0000e+01 4.6654e-01
9.0000e+01 1.0000e+02 -2.4783e+00
9.0000e+01 1.1000e+02 2.1112e-01
9.0000e+01 1.2000e+02 1.6297e+00
9.0000e+01 1.3000e+02 -9.6835e-01
9.0000e+01 1.4000e+02 -1.0452e+00
9.0000e+01 1.5000e+02 -1.9847e-01
9.0000e+01 1.6000e+02 3.2499e-01
9.0000e+01 1.7000e+02 5.5171e-01
9.0000e+01 1.8000e+02 -2.2228e+00
9.0000e+01 1.9000e+02 -1.4800e+00
9.0000e+01 2.0000e+02 -5.1920e-01
1.0000e+02 -2.0000e+02 7.5751e-01
1.0000e+02 -1.9000e+02 -4.2740e+00
1.0000e+02 -1.8000e+02 -5.2468e-01
1.0000e+02 -1.7000e+02 9.6892e-02
1.0000e+02 -1.6000e+02 -6.4792e-01
1.0000e+02 -1.5000e+02 -9.0454e-01
1.0000e+02 -1.4000e+02 1.9121e+00
1.0000e+02 -1.3000e+02 -3.1906e-01
1.0000e+02 -1.2000e+02 1.1267e+00
1.0000e+02 -1.1000e+02 -4.3173e-03
1.0000e+02 -1.0000e+02 1.3626e+00
1.0000e+02 -9.0000e+01 6.6140e-01
1.0000e+02 -8.0000e+01 2.7848e-01
1.0000e+02 -7.0000e+01 -1.4840e+00
1.0000e+02 -6.0000e+01 -9.0039e-01
1.0000e+02 -5.0000e+01 -3.2418e+00
1.0000e+02 -4.0000e+01 -3.1729e+00
1.0000e+02 -3.0000e+01 -3.6677e+00
1.0000e+02 -2.0000e+01 -3.6842e+00
1.0000e+02 -1.0000e+01 -3.7764e+00
1.0000e+02 0.0000e+00 -4.0143e+00
1.0000e+02 1.0000e+01 -4.4376e-01
1.0000e+02 2.0000e+01 -4.1929e+00
1.0000e+02 3.0000e+01 -2.3216e+00
1.0000e+02 4.0000e+01 -4.0083e+00
1.0000e+02 5.0000e+01 -3.3155e+00
1.0000e+02 6.0000e+01 -1.4514e+00
1.0000e+02 7.0000e+01 -1.2791e+00
1.0000e+02 8.0000e+01 -8.1610e-01
1.0000e+02 9.0000e+01 -2.8059e+00
1.0000e+02 1.0000e+02 -1.5743e+00
1.0000e+02 1.1000e+02 -5.1120e+00
1.0000e+02 1.2000e+02 1.4557e+00
1.0000e+02 1.3000e+02 -1.6071e+00
1.0000e+02 1.4000e+02 2.3194e-01
1.0000e+02 1.5000e+02 5.0988e-01
1.0000e+02 1.6000e+02 -1.3745e-01
1.0000e+02 1.7000e+02 2.4654e+00
1.0000e+02 1.8000e+02 2.8669e+00
1.0000e+02 1.9000e+02 1.3434e+00
1.0000e+02 2.0000e+02 -5.3833e-01
1.1000e+02 -2.0000e+02 -1.1840e-01
1.1000e+02 -1.9000e+02 -7.7144e-01
1.1000e+02 -1.8000e+02 -1.7869e-01
1.1000e+02 -1.7000e+02 -1.3858e-01
1.1000e+02 -1.6000e+02 1.6021e+00
1.1000e+02 -1.5000e+02 -2.4976e+00
1.1000e+02 -1.4000e+02 3.0040e+00
1.1000e+02 -1.3000e+02 -1.0376e+00
1.1000e+02 -1.2000e+02 -3.0711e-01
1.1000e+02 -1.1000e+02 5.0995e-01
1.1000e+02 -1.0000e+02 -4.2214e+00
1.1000e+02 -9.0000e+01 -9.4096e-01
1.1000e+02 -8.0000e+01 -1.2517e+00
1.1000e+02 -7.0000e+01 -2.9755e+00
1.1000e+02 -6.0000e+01 9.9033e-03
1.1000e+02 -5.0000e+01 -1.2251e+00
1.1000e+02 -4.0000e+01 -1.4302e+00
1.1000e+02 -3.0000e+01 -2.5392e+00
1.1000e+02 -2.0000e+01 -3.2862e-01
1.1000e+02 -1.0000e+01 -3.6756e+00
1.1000e+02 0.0000e+00 -3.1414e-01
1.1000e+02 1.0000e+01 -1.4177e+00
1.1000e+02 2.0000e+01 -1.3241e+00
1.1000e+02 3.0000e+01 -8.2124e-01
1.1000e+02 4.0000e+01 -6.7140e-01
1.1000e+02 5.0000e+01 -1.4061e+00
1.1000e+02 6.0000e+01 -1.2362e+00
1.1000e+02 7.0000e+01 -1.9730e+00
1.1000e+02 8.0000e+01 -1.7900e+00
1.1000e+02 9.0000e+01 -2.2962e-01
1.1000e+02 1.0000e+02 1.1752e+00
1.1000e+02 1.1000e+02 4.7900e-02
1.1000e+02 1.2000e+02 8.8572e-01
1.1000e+02 1.3000e+02 5.6715e-01
1.1000e+02 1.4000e+02 -2.3768e+00
1.1000e+02 1.5000e+02 2.2886e-01
1.1000e+02 1.6000e+02 1.0282e-01
1.1000e+02 1.7000e+02 2.1447e+00
1.1000e+02 1.8000e+02 1.1937e+00
1.1000e+02 1.9000e+02 7.7003e-01
1.1000e+02 2.0000e+02 -6.0888e-01
1.2000e+02 -2.0000e+02 -7.5953e-01
1.2000e+02 -1.9000e+02 1.2780e+00
1.2000e+02 -1.8000e+02 7.7949e-01
1.2000e+02 -1.7000e+02 -6.3833e-01
1.2000e+02 -1.6000e+02 8.5137e-01
1.2000e+02 -1.5000e+02 4.3084e-01
1.2000e+02 -1.4000e+02 3.0219e+00
1.2000e+02 -1.3000e+02 -7.1755e-01
1.2000e+02 -1.2000e+02 -4.6363e-02
1.2000e+02 -1.1000e+02 1.0926e+00
1.2000e+02 -1.0000e+02 -2.9220e+00
1.2000e+02 -9.0000e+01 6.0221e-01
1.2000e+02 -8.0000e+01 -6.6662e-02
1.2000e+02 -7.0000e+01 -1.2440e+00
1.2000e+02 -6.0000e+01 -2.0060e+00
1.2000e+02 -5.0000e+01 3.3207e-01
1.2000e+02 -4.0000e+01 -1.2493e+00
1.2000e+02 -3.0000e+01 -1.4955e+00
1.2000e+02 -2.0000e+01 -3.8898e+00
1.2000e+02 -1.0000e+01 -2.9885e+00
1.2000e+02 0.0000e+00 -2.9845e+00
1.2000e+02 1.0000e+01 -6.7770e-01
1.2000e+02 2.0000e+01 -3.3935e+00
1.2000e+02 3.0000e+01 -1.6183e-01
1.2000e+02 4.0000e+01 -2.5711e+00
1.2000e+02 5.0000e+01 -2.1211e+00
1.2000e+02 6.0000e+01 4.1321e+00
1.2000e+02 7.0000e+01 -2.3250e+00
1.2000e+02 8.0000e+01 -6.2058e-03
1.2000e+02 9.0000e+01 -1.0421e+00
1.2000e+02 1.0000e+02 -1.1957e+00
1.2000e+02 1.1000e+02 -3.7576e-01
1.2000e+02 1.2000e+02 -5.3165e-01
1.2000e+02 1.3000e+02 -3.3936e+00
1.2000e+02 1.4000e+02 -1.0292e+00
1.2000e+02 1.5000e+02 4.7317e-01
1.2000e+02 1.6000e+02 -5.8347e-02
1.2000e+02 1.7000e+02 -6.4910e-02
1.2000e+02 1.8000e+02 -3.8470e-01
1.2000e+02 1.9000e+02 1.4365e-01
1.2000e+02 2.0000e+02 6.3926e-01
1.3000e+02 -2.0000e+02 -3.1569e+00
1.3000e+02 -1.9000e+02 1.9721e-02
1.3000e+02 -1.8000e+02 -6.1581e-01
1.3000e+02 -1.7000e+02 -1.5139e+00
1.3000e+02 -1.6000e+02 -1.2465e+00
1.3000e+02 -1.5000e+02 -5.1685e-01
1.3000e+02 -1.4000e+02 -1.7486e+00
1.3000e+02 -1.3000e+02 -6.1463e-01
1.3000e+02 -1.2000e+02 3.9270e-01
1.3000e+02 -1.1000e+02 -3.5680e-01
1.3000e+02 -1.0000e+02 1.3685e+00
1.3000e+02 -9.0000e+01 -3.0957e-01
1.3000e+02 -8.0000e+01 -1.5256e+00
1.3000e+02 -7.0000e+01 -2.7370e-01
1.3000e+02 -6.0000e+01 -2.8102e+00
1.3000e+02 -5.0000e+01 -1.9587e+00
1.3000e+02 -4.0000e+01 -1.8823e+00
1.3000e+02 -3.0000e+01 -3.0256e-01
1.3000e+02 -2.0000e+01 -7.9731e-01
1.3000e+02 -1.0000e+01 -1.2686e+00
1.3000e+02 0.0000e+00 -4.8519e+00
1.3000e+02 1.0000e+01 -1.0360e+00
1.3000e+02 2.0000e+01 -3.0673e+00
1.3000e+02 3.0000e+01 -6.8047e-01
1.3000e+02 4.0000e+01 -4.1604e+00
1.3000e+02 5.0000e+01 -2.3841e+00
1.3000e+02 6.0000e+01 -1.9717e-01
1.3000e+02 7.0000e+01 2.5379e-01
1.3000e+02 8.0000e+01 1.4474e+00
1.3000e+02 9.0000e+01 -6.4250e-01
1.3000e+02 1.0000e+02 -6.8471e-01
1.3000e+02 1.1000e+02 -1.8022e+00
1.3000e+02 1.2000e+02 3.3147e-01
1.3000e+02 1.3000e+02 1.0653e-02
1.3000e+02 1.4000e+02 -1.7020e+00
1.3000e+02 1.5000e+02 1.2727e+00
1.3000e+02 1.6000e+02 -1.7975e+00
1.3000e+02 1.7000e+02 -5.4184e-02
1.3000e+02 1.8000e+02 1.9956e+00
1.3000e+02 1.9000e+02 1.8318e-01
1.3000e+02 2.0000e+02 -1.4957e+00
1.4000e+02 -2.0000e+02 -1.2875e+00
1.4000e+02 -1.9000e+02 -4.8905e-01
1.4000e+02 -1.8000e+02 5.0656e-01
1.4000e+02 -1.7000e+02 -4.0367e-01
1.4000e+02 -1.6000e+02 -2.4844e+00
1.4000e+02 -1.5000e+02 9.3901e-02
1.4000e+02 -1.4000e+02 -9.9966e-01
1.4000e+02 -1.3000e+02 1.4570e+00
1.4000e+02 -1.2000e+02 -6.0122e-01
1.4000e+02 -1.1000e+02 -1.5509e-01
1.4000e+02 -1.0000e+02 -7.8752e-01
1.4000e+02 -9.0000e+01 5.7863e-01
1.4000e+02 -8.0000e+01 -1.0677e+00
1.4000e+02 -7.0000e+01 3.3507e-01
1.4000e+02 -6.0000e+01 -5.9692e-01
1.4000e+02 -5.0000e+01 -4.1529e-01
1.4000e+02 -4.0000e+01 -1.6242e+00
1.4000e+02 -3.0000e+01 2.0016e-01
1.4000e+02 -2.0000e+01 9.2437e-02
1.4000e+02 -1.0000e+01 -2.3151e+00
1.4000e+02 0.0000e+00 -5.5094e-01
1.4000e+02 1.0000e+01 -2.2520e+00
1.4000e+02 2.0000e+01 -4.4222e+00
1.4000e+02 3.0000e+01 2.5786e+00
1.4000e+02 4.0000e+01 -2.5082e+00
1.4000e+02 5.0000e+01 -1.4713e+00
1.4000e+02 6.0000e+01 -2.0939e+00
1.4000e+02 7.0000e+01 1.7106e+00
1.4000e+02 8.0000e+01 4.3800e-01
1.4000e+02 9.0000e+01 -1.4481e+00
1.4000e+02 1.0000e+02 -4.3780e+00
1.4000e+02 1.1000e+02 -1.3829e-01
1.4000e+02 1.2000e+02 4.4962e-01
1.4000e+02 1.3000e+02 -3.5846e-01
1.4000e+02 1.4000e+02 1.6368e+00
1.4000e+02 1.5000e+02 -9.6628e-01
1.4000e+02 1.6000e+02 2.2183e-01
1.4000e+02 1.7000e+02 -5.2503e-01
1.4000e+02 1.8000e+02 -9.7566e-01
1.4000e+02 1.9000e+02 -9.5242e-02
1.4000e+02 2.0000e+02 8.9282e-01
1.5000e+02 -2.0000e+02 -3.2523e-01
1.5000e+02 -1.9000e+02 8.1517e-01
1.5000e+02 -1.8000e+02 1.6869e-01
1.5000e+02 -1.7000e+02 1.5067e+00
1.5000e+02 -1.6000e+02 7.7159e-01
1.5000e+02 -1.5000e+02 2.6094e+00
1.5000e+02 -1.4000e+02 1.2318e+00
1.5000e+02 -1.3000e+02 8.2634e-01
1.5000e+02 -1.2000e+02 -4.9185e-02
1.5000e+02 -1.1000e+02 -8.9124e-01
1.5000e+02 -1.0000e+02 1.2860e+00
1.5000e+02 -9.0000e+01 3.2172e+00
1.5000e+02 -8.0000e+01 -4.1304e-01
1.5000e+02 -7.0000e+01 -1.2748e-01
1.5000e+02 -6.0000e+01 -3.4125e-01
1.5000e+02 -5.0000e+01 -2.0648e+00
1.5000e+02 -4.0000e+01 2.6584e-01
1.5000e+02 -3.0000e+01 -1.1701e+00
1.5000e+02 -2.0000e+01 2.7182e-01
1.5000e+02 -1.0000e+01 7.5616e-01
1.5000e+02 0.0000e+00 -8.1677e-01
1.5000e+02 1.0000e+01 1.1284e-01
1.5000e+02 2.0000e+01 -4.0609e-01
1.5000e+02 3.0000e+01 -2.8888e+00
1.5000e+02 4.0000e+01 -2.6312e+00
1.5000e+02 5.0000e+01 1.6803e+00
1.5000e+02 6.0000e+01 1.7175e+00
1.5000e+02 7.0000e+01 -6.2818e-01
1.5000e+02 8.0000e+01 6.0731e-01
1.5000e+02 9.0000e+01 -2.7804e-01
1.5000e+02 1.0000e+02 7.8616e-01
1.5000e+02 1.1000e+02 8.0276e-01
1.5000e+02 1.2000e+02 9.2325e-01
1.5000e+02 1.3000e+02 -9.2105e-01
1.5000e+02 1.4000e+02 -1.4986e+00
1.5000e+02 1.5000e+02 -7.8485e-01
1.5000e+02 1.6000e+02 -1.9040e+00
1.5000e+02 1.7000e+02 5.5880e-02
1.5000e+02 1.8000e+02 -2.0378e+00
1.5000e+02 1.9000e+02 9.5856e-01
1.5000e+02 2.0000e+02 1.2046e-01
1.6000e+02 -2.0000e+02 -6.7482e-01
1.6000e+02 -1.9000e+02 4.6718e-01
1.6000e+02 -1.8000e+02 -1.8222e+00
1.6000e+02 -1.7000e+02 -1.6024e+00
1.6000e+02 -1.6000e+02 2.0518e+00
1.6000e+02 -1.5000e+02 -1.4919e+00
1.6000e+02 -1.4000e+02 4.5819e-01
1.6000e+02 -1.3000e+02 -7.1921e-02
1.6000e+02 -1.2000e+02 4.5058e-02
1.6000e+02 -1.1000e+02 1.3820e+00
1.6000e+02 -1.0000e+02 8.2708e-02
1.6000e+02 -9.0000e+01 -3.7059e-02
1.6000e+02 -8.0000e+01 -3.4302e+00
1.6000e+02 -7.0000e+01 1.2761e+00
1.6000e+02 -6.0000e+01 -5.3762e-01
1.6000e+02 -5.0000e+01 -1.8821e+00
1.6000e+02 -4.0000e+01 -3.0924e+00
1.6000e+02 -3.0000e+01 -8.4421e-01
1.6000e+02 -2.0000e+01 -1.1443e+00
1.6000e+02 -1.0000e+01 -1.6974e+00
1.6000e+02 0.0000e+00 7.8911e-01
1.6000e+02 1.0000e+01 2.0987e+00
1.6000e+02 2.0000e+01 -9.9241e-01
1.6000e+02 3.0000e+01 2.0960e-01
1.6000e+02 4.0000e+01 -1.8170e+00
1.6000e+02 5.0000e+01 -7.3723e-01
1.6000e+02 6.0000e+01 -2.3318e+00
1.6000e+02 7.0000e+01 -2.6743e-01
1.6000e+02 8.0000e+01 2.6527e-01
1.6000e+02 9.0000e+01 -2.0970e+00
1.6000e+02 1.0000e+02 1.3552e+00
1.6000e+02 1.1000e+02 -8.4974e-01
1.6000e+02 1.2000e+02 4.3277e-01
1.6000e+02 1.3000e+02 -4.8883e-01
1.6000e+02 1.4000e+02 -2.9464e-01
1.6000e+02 1.5000e+02 1.6630e+00
1.6000e+02 1.6000e+02 -5.7163e-02
1.6000e+02 1.7000e+02 -3.3800e-01
1.6000e+02 1.8000e+02 3.9454e+00
1.6000e+02 1.9000e+02 2.2613e+00
1.6000e+02 2.0000e+02 2.9904e+00
1.7000e+02 -2.0000e+02 9.0690e-01
1.7000e+02 -1.9000e+02 -1.9417e+00
1.7000e+02 -1.8000e+02 -7.6084e-01
1.7000e+02 -1.7000e+02 4.0687e+00
1.7000e+02 -1.6000e+02 6.1274e-01
1.7000e+02 -1.5000e+02 -3.5698e+00
1.7000e+02 -1.4000e+02 1.8164e+00
1.7000e+02 -1.3000e+02 1.0594e+00
1.7000e+02 -1.2000e+02 -1.1402e+00
1.7000e+02 -1.1000e+02 1.3984e+00
1.7000e+02 -1.0000e+02 -5.7466e-01
1.7000e+02 -9.0000e+01 -8.9009e-01
1.7000e+02 -8.0000e+01 -3.9944e-01
1.7000e+02 -7.0000e+01 -4.7644e-01
1.7000e+02 -6.0000e+01 -1.9440e-01
1.7000e+02 -5.0000e+01 -3.1818e-01
1.7000e+02 -4.0000e+01 1.0400e+00
1.7000e+02 -3.0000e+01 1.6016e+00
1.7000e+02 -2.0000e+01 -2.7587e+00
1.7000e+02 -1.0000e+01 -5.8519e-01
1.7000e+02 0.0000e+00 -4.1174e-01
1.7000e+02 1.0000e+01 -1.6294e+00
1.7000e+02 2.0000e+01 -8.4875e-01
1.7000e+02 3.0000e+01 1.3581e+00
1.7000e+02 4.0000e+01 -2.6402e+00
1.7000e+02 5.0000e+01 -1.7897e-01
1.7000e+02 6.0000e+01 -1.9962e+00
1.7000e+02 7.0000e+01 7.9442e-01
1.7000e+02 8.0000e+01 1.5174e-01
1.7000e+02 9.0000e+01 -7.6690e-01
1.7000e+02 1.0000e+02 2.5823e-01
1.7000e+02 1.1000e+02 -2.7366e+00
1.7000e+02 1.2000e+02 1.1178e+00
1.7000e+02 1.3000e+02 -1.2501e+00
1.7000e+02 1.4000e+02 -3.8862e-01
1.7000e+02 1.5000e+02 9.4687e-01
1.7000e+02 1.6000e+02 -1.4154e+00
1.7000e+02 1.7000e+02 -1.6411e+00
1.7000e+02 1.8000e+02 -1.9077e+00
1.7000e+02 1.9000e+02 1.2811e+00
1.7000e+02 2.0000e+02 1.2756e+00
1.8000e+02 -2.0000e+02 -3.6614e-02
1.8000e+02 -1.9000e+02 -1.0393e+00
1.8000e+02 -1.8000e+02 2.5399e+00
1.8000e+02 -1.7000e+02 7.8029e-01
1.8000e+02 -1.6000e+02 -4.1952e-01
1.8000e+02 -1.5000e+02 8.4808e-01
1.8000e+02 -1.4000e+02 -1.0076e+00
1.8000e+02 -1.3000e+02 -9.8435e-01
1.8000e+02 -1.2000e+02 -2.4141e+00
1.8000e+02 -1.1000e+02 -3.1636e+00
1.8000e+02 -1.0000e+02 1.4305e+00
1.8000e+02 -9.0000e+01 -3.9362e+00
1.8000e+02 -8.0000e+01 -3.3022e-01
1.8000e+02 -7.0000e+01 -1.1373e+00
1.8000e+02 -6.0000e+01 -1.2785e+00
1.8000e+02 -5.0000e+01 -3.2998e+00
1.8000e+02 -4.0000e+01 -7.1682e-01
1.8000e+02 -3.0000e+01 3.1112e-01
1.8000e+02 -2.0000e+01 2.9387e+00
1.8000e+02 -1.0000e+01 3.7785e-01
1.8000e+02 0.0000e+00 -1.3763e+00
1.8000e+02 1.0000e+01 -1.6724e+00
1.8000e+02 2.0000e+01 -1.8367e+00
1.8000e+02 3.0000e+01 1.6626e+00
1.8000e+02 4.0000e+01 1.3570e-01
1.8000e+02 5.0000e+01 2.3581e+00
1.8000e+02 6.0000e+01 1.9507e-01
1.8000e+02 7.0000e+01 2.3783e+00
1.8000e+02 8.0000e+01 7.8140e-01
1.8000e+02 9.0000e+01 -2.0829e+00
1.8000e+02 1.0000e+02 1.4084e+00
1.8000e+02 1.1000e+02 3.7511e-01
1.8000e+02 1.2000e+02 -4.8503e-01
1.8000e+02 1.3000e+02 1.9257e+00
1.8000e+02 1.4000e+02 1.4824e+00
1.8000e+02 1.5000e+02 -8.1935e-01
1.8000e+02 1.6000e+02 -2.2759e+00
1.8000e+02 1.7000e+02 5.7642e-01
1.8000e+02 1.8000e+02 9.6909e-01
1.8000e+02 1.9000e+02 2.7665e+00
1.8000e+02 2.0000e+02 -2.3314e-01
1.9000e+02 -2.0000e+02 -2.1032e+00
1.9000e+02 -1.9000e+02 -2.8760e+00
1.9000e+02 -1.8000e+02 3.8731e-01
1.9000e+02 -1.7000e+02 2.7938e+00
1.9000e+02 -1.6000e+02 -3.0886e-01
1.9000e+02 -1.5000e+02 -1.5229e-01
1.9000e+02 -1.4000e+02 2.5611e-01
1.9000e+02 -1.3000e+02 5.8079e-01
1.9000e+02 -1.2000e+02 -5.5018e-01
1.9000e+02 -1.1000e+02 1.3678e-01
1.9000e+02 -1.0000e+02 2.7031e-01
1.9000e+02 -9.0000e+01 -2.9542e+00
1.9000e+02 -8.0000e+01 2.2107e+00
1.9000e+02 -7.0000e+01 -1.3765e+00
1.9000e+02 -6.0000e+01 -7.7404e-01
1.9000e+02 -5.0000e+01 2.4225e+00
1.9000e+02 -4.0000e+01 1.2040e+00
1.9000e+02 -3.0000e+01 2.0711e+00
1.9000e+02 -2.0000e+01 -1.7845e+00
1.9000e+02 -1.0000e+01 -7.9709e-01
1.9000e+02 0.0000e+00 -1.6618e-01
1.9000e+02 1.0000e+01 -1.8762e-01
1.9000e+02 2.0000e+01 -2.1677e+00
1.9000e+02 3.0000e+01 2.2325e+00
1.9000e+02 4.0000e+01 -2.2887e-01
1.9000e+02 5.0000e+01 -4.2497e-01
1.9000e+02 6.0000e+01 -7.1386e-03
1.9000e+02 7.0000e+01 6.5080e-01
1.9000e+02 8.0000e+01 -3.2488e-01
1.9000e+02 9.0000e+01 -1.3817e+00
1.9000e+02 1.0000e+02 -2.5774e+00
1.9000e+02 1.1000e+02 -4.3867e-01
1.9000e+02 1.2000e+02 7.4909e-01
1.9000e+02 1.3000e+02 -6.1367e-01
1.9000e+02 1.4000e+02 2.0851e+00
1.9000e+02 1.5000e+02 1.4338e+00
1.9000e+02 1.6000e+02 -2.0639e-01
1.9000e+02 1.7000e+02 1.9875e+00
1.9000e+02 1.8000e+02 1.9286e+00
1.9000e+02 1.9000e+02 7.7015e-01
1.9000e+02 2.0000e+02 -2.3144e+00
2.0000e+02 -2.0000e+02 1.4264e+00
2.0000e+02 -1.9000e+02 -7.9675e-02
2.0000e+02 -1.8000e+02 1.2288e-01
2.0000e+02 -1.7000e+02 4.9801e-01
2.0000e+02 -1.6000e+02 4.5170e-01
2.0000e+02 -1.5000e+02 1.0790e+00
2.0000e+02 -1.4000e+02 2.5662e-01
2.0000e+02 -1.3000e+02 -1.4055e+00
2.0000e+02 -1.2000e+02 1.0899e+00
2.0000e+02 -1.1000e+02 1.3793e+00
2.0000e+02 -1.0000e+02 2.0442e+00
2.0000e+02 -9.0000e+01 2.0459e-01
2.0000e+02 -8.0000e+01 -8.8519e-01
2.0000e+02 -7.0000e+01 1.4780e+00
2.0000e+02 -6.0000e+01 9.9212e-01
2.0000e+02 -5.0000e+01 3.7405e-01
2.0000e+02 -4.0000e+01 4.7838e-03
2.0000e+02 -3.0000e+01 1.7881e+00
2.0000e+02 -2.0000e+01 1.6588e-01
2.0000e+02 -1.0000e+01 -1.0740e+00
2.0000e+02 0.0000e+00 5.5275e-01
2.0000e+02 1.0000e+01 1.0295e+00
2.0000e+02 2.0000e+01 -1.7656e+00
2.0000e+02 3.0000e+01 1.7091e+00
2.0000e+02 4.0000e+01 3.7334e-01
2.0000e+02 5.0000e+01 -8.7213e-01
2.0000e+02 6.0000e+01 5.6901e-01
2.0000e+02 7.0000e+01 8.3575e-01
2.0000e+02 8.0000e+01 -1.1975e+00
2.0000e+02 9.0000e+01 1.8087e+00
2.0000e+02 1.0000e+02 -4.6820e-01
2.0000e+02 1.1000e+02 1.8946e+00
2.0000e+02 1.2000e+02 -1.4619e+00
2.0000e+02 1.3000e+02 -6.3941e-01
2.0000e+02 1.4000e+02 1.3130e+00
2.0000e+02 1.5000e+02 3.2258e-01
2.0000e+02 1.6000e+02 2.8245e+00
2.0000e+02 1.7000e+02 -2.6811e+00
2.0000e+02 1.8000e+02 -1.8878e+00
2.0000e+02 1.9000e+02 1.7449e-01
2.0000e+02 2.0000e+02 -6.0497e-01
