-2.0000e+02 -2.0000e+02 -3.5548e-01
-2.0000e+02 -1.9000e+02 -3.0280e-01
-2.0000e+02 -1.8000e+02 1.6054e+00
-2.0000e+02 -1.7000e+02 -2.2837e-01
-2.0000e+02 -1.6000e+02 -1.5570e+00
-2.0000e+02 -1.5000e+02 1.6199e+00
-2.0000e+02 -1.4000e+02 2.2101e-01
-2.0000e+02 -1.3000e+02 -2.3111e+00
-2.0000e+02 -1.2000e+02 2.4262e-01
-2.0000e+02 -1.1000e+02 -1.4949e+00
-2.0000e+02 -1.0000e+02 -3.8333e-01
-2.0000e+02 -9.0000e+01 1.3638e+00
-2.0000e+02 -8.0000e+01 1.2714e+00
-2.0000e+02 -7.0000e+01 -2.3510e+00
-2.0000e+02 -6.0000e+01 1.3553e-02
-2.0000e+02 -5.0000e+01 -2.0435e+00
-2.0000e+02 -4.0000e+01 6.9849e-01
-2.0000e+02 -3.0000e+01 -1.6939e+00
-2.0000e+02 -2.0000e+01 1.4472e+00
-2.0000e+02 -1.0000e+01 1.9413e-01
-2.0000e+02 0.0000e+00 -2.2299e+00
-2.0000e+02 1.0000e+01 2.3016e+00
-2.0000e+02 2.0000e+01 1.0565e+00
-2.0000e+02 3.0000e+01 -1.5223e+00
-2.0000e+02 4.0000e+01 -3.0990e-01
-2.0000e+02 5.0000e+01 1.0214e+00
-2.0000e+02 6.0000e+01 6.9560e-01
-2.0000e+02 7.0000e+01 -1.2603e+00
-2.0000e+02 8.0000e+01 -7.2568e-01
-2.0000e+02 9.0000e+01 3.0642e+00
-2.0000e+02 1.0000e+02 -1.5752e+00
-2.0000e+02 1.1000e+02 -7.3141e-01
-2.0000e+02 1.2000e+02 2.8298e+00
-2.0000e+02 1.3000e+02 1.3853e+00
-2.0000e+02 1.4000e+02 5.5666e-01
-2.0000e+02 1.5000e+02 1.9410e-01
-2.0000e+02 1.6000e+02 -1.5740e+00
-2.0000e+02 1.7000e+02 2.7020e-02
-2.0000e+02 1.8000e+02 1.1951e+00
-2.0000e+02 1.9000e+02 -1.1413e+00
-2.0000e+02 2.0000e+02 -1.2590e+00
-1.9000e+02 -2.0000e+02 -6.7011e-01
-1.9000e+02 -1.9000e+02 1.0066e+00
-1.9000e+02 -1.8000e+02 -3.6264e-01
-1.9000e+02 -1.7000e+02 1.1073e+00
-1.9000e+02 -1.6000e+02 7.5194e-01
-1.9000e+02 -1.5000e+02 2.1783e+00
-1.9000e+02 -1.4000e+02 2.2924e+00
-1.9000e+02 -1.3000e+02 2.3180e+00
-1.9000e+02 -1.2000e+02 8.1464e-01
-1.9000e+02 -1.1000e+02 -3.1376e+00
-1.9000e+02 -1.0000e+02 -3.7339e-02
-1.9000e+02 -9.0000e+01 1.3956e+00
-1.9000e+02 -8.0000e+01 7.8279e-01
-1.9000e+02 -7.0000e+01 1.6339e+00
-1.9000e+02 -6.0000e+01 -1.3080e+00
-1.9000e+02 -5.0000e+01 -2.1852e+00
-1.9000e+02 -4.0000e+01 1.1079e+00
-1.9000e+02 -3.0000e+01 -1.5152e+00
-1.9000e+02 -2.0000e+01 2.7586e-01
-1.9000e+02 -1.0000e+01 5.8343e-01
-1.9000e+02 0.0000e+00 -6.6035e-01
-1.9000e+02 1.0000e+01 -1.4265e+00
-1.9000e+02 2.0000e+01 7.7215e-01
-1.9000e+02 3.0000e+01 -1.8464e+00
-1.9000e+02 4.0000e+01 1.6500e+00
-1.9000e+02 5.0000e+01 1.9709e+00
-1.9000e+02 6.0000e+01 2.2741e+00
-1.9000e+02 7.0000e+01 -4.8565e-01
-1.9000e+02 8.0000e+01 -1.7879e+00
-1.9000e+02 9.0000e+01 -1.7207e+00
-1.9000e+02 1.0000e+02 -6.0645e-01
-1.9000e+02 1.1000e+02 -2.6288e+00
-1.9000e+02 1.2000e+02 -2.2851e-01
-1.9000e+02 1.3000e+02 9.5691e-01
-1.9000e+02 1.4000e+02 6.3783e-01
-1.9000e+02 1.5000e+02 -9.6757e-01
-1.9000e+02 1.6000e+02 6.1211e-01
-1.9000e+02 1.7000e+02 6.6965e-02
-1.9000e+02 1.8000e+02 -1.0146e+00
-1.9000e+02 1.9000e+02 1.7136e+00
-1.9000e+02 2.0000e+02 3.1882e-02
-1.8000e+02 -2.0000e+02 -1.3530e+00
-1.8000e+02 -1.9000e+02 1.9912e+00
-1.8000e+02 -1.8000e+02 2.2731e-01
-1.8000e+02 -1.7000e+02 -2.1957e+00
-1.8000e+02 -1.6000e+02 -6.8288e-01
-1.8000e+02 -1.5000e+02 -1.8173e+00
-1.8000e+02 -1.4000e+02 -1.6843e+00
-1.8000e+02 -1.3000e+02 -7.4010e-01
-1.8000e+02 -1.2000e+02 -1.0025e+00
-1.8000e+02 -1.1000e+02 1.0931e+00
-1.8000e+02 -1.0000e+02 -2.5992e-02
-1.8000e+02 -9.0000e+01 5.7710e-01
-1.8000e+02 -8.0000e+01 -1.6197e+00
-1.8000e+02 -7.0000e+01 1.8182e+00
-1.8000e+02 -6.0000e+01 1.8065e-01
-1.8000e+02 -5.0000e+01 -1.7576e+00
-1.8000e+02 -4.0000e+01 2.8258e+00
-1.8000e+02 -3.0000e+01 3.6563e-01
-1.8000e+02 -2.0000e+01 -1.2330e+00
-1.8000e+02 -1.0000e+01 2.2113e+00
-1.8000e+02 0.0000e+00 -7.0271e-01
-1.8000e+02 1.0000e+01 7.0336e-01
-1.8000e+02 2.0000e+01 -1.5294e+00
-1.8000e+02 3.0000e+01 1.2609e+00
-1.8000e+02 4.0000e+01 -2.4161e-01
-1.8000e+02 5.0000e+01 -4.7617e-01
-1.8000e+02 6.0000e+01 -2.4393e+00
-1.8000e+02 7.0000e+01 -5.6820e-01
-1.8000e+02 8.0000e+01 2.2990e+00
-1.8000e+02 9.0000e+01 -1.0738e+00
-1.8000e+02 1.0000e+02 1.7210e+00
-1.8000e+02 1.1000e+02 1.5864e+00
-1.8000e+02 1.2000e+02 -1.4921e-01
-1.8000e+02 1.3000e+02 -1.7019e+00
-1.8000e+02 1.4000e+02 -1.2804e+00
-1.8000e+02 1.5000e+02 3.4780e-01
-1.8000e+02 1.6000e+02 -1.0375e+00
-1.8000e+02 1.7000e+02 -1.9823e+00
-1.8000e+02 1.8000e+02 -6.9653e-01
-1.8000e+02 1.9000e+02 9.5178e-01
-1.8000e+02 2.0000e+02 -2.3512e+00
-1.7000e+02 -2.0000e+02 -1.2575e+00
-1.7000e+02 -1.9000e+02 -3.1081e+00
-1.7000e+02 -1.8000e+02 5.6311e-01
-1.7000e+02 -1.7000e+02 -9.6852e-01
-1.7000e+02 -1.6000e+02 -9.9997e-01
-1.7000e+02 -1.5000e+02 -3.5719e+00
-1.7000e+02 -1.4000e+02 -8.0199e-01
-1.7000e+02 -1.3000e+02 2.4096e+00
-1.7000e+02 -1.2000e+02 -2.7087e-02
-1.7000e+02 -1.1000e+02 5.9611e-02
-1.7000e+02 -1.0000e+02 -4.1383e-01
-1.7000e+02 -9.0000e+01 1.0158e+00
-1.7000e+02 -8.0000e+01 -8.8128e-01
-1.7000e+02 -7.0000e+01 1.4968e+00
-1.7000e+02 -6.0000e+01 -8.2430e-01
-1.7000e+02 -5.0000e+01 -1.5440e-01
-1.7000e+02 -4.0000e+01 3.3145e+00
-1.7000e+02 -3.0000e+01 -6.7125e-02
-1.7000e+02 -2.0000e+01 1.1288e+00
-1.7000e+02 -1.0000e+01 -8.4356e-01
-1.7000e+02 0.0000e+00 1.4262e+00
-1.7000e+02 1.0000e+01 -1.5330e+00
-1.7000e+02 2.0000e+01 1.3156e+00
-1.7000e+02 3.0000e+01 1.5558e+00
-1.7000e+02 4.0000e+01 -1.4355e+00
-1.7000e+02 5.0000e+01 2.1001e+00
-1.7000e+02 6.0000e+01 -7.1833e-02
-1.7000e+02 7.0000e+01 3.0046e-01
-1.7000e+02 8.0000e+01 -1.3163e+00
-1.7000e+02 9.0000e+01 5.7121e-01
-1.7000e+02 1.0000e+02 1.9696e+00
-1.7000e+02 1.1000e+02 2.0533e+00
-1.7000e+02 1.2000e+02 -1.0342e+00
-1.7000e+02 1.3000e+02 -3.1607e-01
-1.7000e+02 1.4000e+02 -3.1834e+00
-1.7000e+02 1.5000e+02 1.0602e+00
-1.7000e+02 1.6000e+02 6.9128e-01
-1.7000e+02 1.7000e+02 8.5261e-01
-1.7000e+02 1.8000e+02 8.8941e-01
-1.7000e+02 1.9000e+02 -2.2953e+00
-1.7000e+02 2.0000e+02 1.3256e-02
-1.6000e+02 -2.0000e+02 -4.0465e+00
-1.6000e+02 -1.9000e+02 -1.0315e-01
-1.6000e+02 -1.8000e+02 -9.1636e-01
-1.6000e+02 -1.7000e+02 1.9964e+00
-1.6000e+02 -1.6000e+02 -4.0783e-01
-1.6000e+02 -1.5000e+02 2.8859e-01
-1.6000e+02 -1.4000e+02 -6.4638e-01
-1.6000e+02 -1.3000e+02 1.5249e+00
-1.6000e+02 -1.2000e+02 1.7631e+00
-1.6000e+02 -1.1000e+02 5.4870e-01
-1.6000e+02 -1.0000e+02 -3.6172e+00
-1.6000e+02 -9.0000e+01 2.9676e+00
-1.6000e+02 -8.0000e+01 -1.0896e+00
-1.6000e+02 -7.0000e+01 -3.6346e-01
-1.6000e+02 -6.0000e+01 -3.8235e-01
-1.6000e+02 -5.0000e+01 -4.3057e-01
-1.6000e+02 -4.0000e+01 1.8343e+00
-1.6000e+02 -3.0000e+01 -2.7435e+00
-1.6000e+02 -2.0000e+01 -2.6659e-01
-1.6000e+02 -1.0000e+01 -3.4326e-01
-1.6000e+02 0.0000e+00 -1.6952e-01
-1.6000e+02 1.0000e+01 1.4153e+00
-1.6000e+02 2.0000e+01 -7.8915e-01
-1.6000e+02 3.0000e+01 -9.2886e-01
-1.6000e+02 4.0000e+01 -1.2812e+00
-1.6000e+02 5.0000e+01 -1.0742e-01
-1.6000e+02 6.0000e+01 -1.9137e+00
-1.6000e+02 7.0000e+01 -6.0922e-01
-1.6000e+02 8.0000e+01 -9.6155e-02
-1.6000e+02 9.0000e+01 8.0157e-01
-1.6000e+02 1.0000e+02 2.0728e-01
-1.6000e+02 1.1000e+02 3.7036e-01
-1.6000e+02 1.2000e+02 7.4349e-01
-1.6000e+02 1.3000e+02 -1.6794e-01
-1.6000e+02 1.4000e+02 -7.1807e-01
-1.6000e+02 1.5000e+02 -2.3400e+00
-1.6000e+02 1.6000e+02 8.2069e-01
-1.6000e+02 1.7000e+02 -6.4629e-02
-1.6000e+02 1.8000e+02 1.6444e+00
-1.6000e+02 1.9000e+02 -1.8430e+00
-1.6000e+02 2.0000e+02 -7.3172e-01
-1.5000e+02 -2.0000e+02 -1.6480e+00
-1.5000e+02 -1.9000e+02 -6.1690e-01
-1.5000e+02 -1.8000e+02 -1.0174e+00
-1.5000e+02 -1.7000e+02 -3.0930e-01
-1.5000e+02 -1.6000e+02 -1.7832e+00
-1.5000e+02 -1.5000e+02 -2.3102e-01
-1.5000e+02 -1.4000e+02 4.0004e-01
-1.5000e+02 -1.3000e+02 4.0503e-01
-1.5000e+02 -1.2000e+02 1.6915e+00
-1.5000e+02 -1.1000e+02 -5.2435e-01
-1.5000e+02 -1.0000e+02 -1.3136e+00
-1.5000e+02 -9.0000e+01 -8.7219e-01
-1.5000e+02 -8.0000e+01 -1.6012e+00
-1.5000e+02 -7.0000e+01 2.8118e+00
-1.5000e+02 -6.0000e+01 -2.1491e+00
-1.5000e+02 -5.0000e+01 -2.0208e+00
-1.5000e+02 -4.0000e+01 -8.8320e-02
-1.5000e+02 -3.0000e+01 8.3744e-01
-1.5000e+02 -2.0000e+01 -8.0054e-01
-1.5000e+02 -1.0000e+01 1.6097e+00
-1.5000e+02 0.0000e+00 7.7078e-01
-1.5000e+02 1.0000e+01 7.0897e-01
-1.5000e+02 2.0000e+01 5.5676e-01
-1.5000e+02 3.0000e+01 1.3743e+00
-1.5000e+02 4.0000e+01 -1.3245e+00
-1.5000e+02 5.0000e+01 -3.1320e+00
-1.5000e+02 6.0000e+01 1.4385e+00
-1.5000e+02 7.0000e+01 -2.2339e+00
-1.5000e+02 8.0000e+01 -2.7647e+00
-1.5000e+02 9.0000e+01 -7.6888e-02
-1.5000e+02 1.0000e+02 1.0460e+00
-1.5000e+02 1.1000e+02 -2.2982e-01
-1.5000e+02 1.2000e+02 -3.1130e+00
-1.5000e+02 1.3000e+02 4.2480e-01
-1.5000e+02 1.4000e+02 -5.4562e-01
-1.5000e+02 1.5000e+02 2.2533e+00
-1.5000e+02 1.6000e+02 3.5846e+00
-1.5000e+02 1.7000e+02 -8.0945e-01
-1.5000e+02 1.8000e+02 -1.2323e+00
-1.5000e+02 1.9000e+02 -3.1346e-01
-1.5000e+02 2.0000e+02 -1.3104e+00
-1.4000e+02 -2.0000e+02 4.0909e-01
-1.4000e+02 -1.9000e+02 -3.6039e+00
-1.4000e+02 -1.8000e+02 -2.2858e+00
-1.4000e+02 -1.7000e+02 -4.9066e-01
-1.4000e+02 -1.6000e+02 2.3554e+00
-1.4000e+02 -1.5000e+02 -7.8987e-01
-1.4000e+02 -1.4000e+02 -5.5878e-01
-1.4000e+02 -1.3000e+02 -8.6617e-01
-1.4000e+02 -1.2000e+02 -6.9180e-01
-1.4000e+02 -1.1000e+02 -1.6660e-01
-1.4000e+02 -1.0000e+02 5.4211e-01
-1.4000e+02 -9.0000e+01 -2.4114e+00
-1.4000e+02 -8.0000e+01 2.7642e+00
-1.4000e+02 -7.0000e+01 1.2907e+00
-1.4000e+02 -6.0000e+01 6.6649e-01
-1.4000e+02 -5.0000e+01 -3.0217e-01
-1.4000e+02 -4.0000e+01 2.4826e+00
-1.4000e+02 -3.0000e+01 -1.9013e+00
-1.4000e+02 -2.0000e+01 -2.0519e+00
-1.4000e+02 -1.0000e+01 -1.7134e+00
-1.4000e+02 0.0000e+00 -1.5998e-01
-1.4000e+02 1.0000e+01 -3.5045e-02
-1.4000e+02 2.0000e+01 -1.5804e+00
-1.4000e+02 3.0000e+01 -1.8726e+00
-1.4000e+02 4.0000e+01 -6.6332e-01
-1.4000e+02 5.0000e+01 1.1663e+00
-1.4000e+02 6.0000e+01 -8.7452e-01
-1.4000e+02 7.0000e+01 -2.7212e+00
-1.4000e+02 8.0000e+01 4.0810e-01
-1.4000e+02 9.0000e+01 -1.0580e+00
-1.4000e+02 1.0000e+02 -3.0472e-01
-1.4000e+02 1.1000e+02 -4.5155e-02
-1.4000e+02 1.2000e+02 -2.0532e+00
-1.4000e+02 1.3000e+02 -1.2845e+00
-1.4000e+02 1.4000e+02 -5.1062e-01
-1.4000e+02 1.5000e+02 7.4307e-01
-1.4000e+02 1.6000e+02 -1.5205e+00
-1.4000e+02 1.7000e+02 -2.1130e+00
-1.4000e+02 1.8000e+02 1.2317e+00
-1.4000e+02 1.9000e+02 2.0118e-01
-1.4000e+02 2.0000e+02 -1.4484e+00
-1.3000e+02 -2.0000e+02 -1.0734e+00
-1.3000e+02 -1.9000e+02 -1.3204e+00
-1.3000e+02 -1.8000e+02 -1.9120e+00
-1.3000e+02 -1.7000e+02 9.1384e-01
-1.3000e+02 -1.6000e+02 3.9054e-01
-1.3000e+02 -1.5000e+02 4.1489e-01
-1.3000e+02 -1.4000e+02 -1.3516e+00
-1.3000e+02 -1.3000e+02 2.5415e+00
-1.3000e+02 -1.2000e+02 -1.0722e+00
-1.3000e+02 -1.1000e+02 2.8008e-02
-1.3000e+02 -1.0000e+02 -1.3655e-01
-1.3000e+02 -9.0000e+01 2.5484e-01
-1.3000e+02 -8.0000e+01 1.0954e+00
-1.3000e+02 -7.0000e+01 -2.6718e+00
-1.3000e+02 -6.0000e+01 -1.8092e+00
-1.3000e+02 -5.0000e+01 -3.3082e-01
-1.3000e+02 -4.0000e+01 1.3982e+00
-1.3000e+02 -3.0000e+01 -1.6238e+00
-1.3000e+02 -2.0000e+01 -5.7136e-01
-1.3000e+02 -1.0000e+01 -6.4036e-01
-1.3000e+02 0.0000e+00 -8.1218e-01
-1.3000e+02 1.0000e+01 -1.2372e+00
-1.3000e+02 2.0000e+01 1.6289e+00
-1.3000e+02 3.0000e+01 -2.1212e+00
-1.3000e+02 4.0000e+01 1.1134e+00
-1.3000e+02 5.0000e+01 1.2461e+00
-1.3000e+02 6.0000e+01 -8.5763e-01
-1.3000e+02 7.0000e+01 -2.3228e+00
-1.3000e+02 8.0000e+01 -1.7042e+00
-1.3000e+02 9.0000e+01 -7.2548e-01
-1.3000e+02 1.0000e+02 -7.7648e-01
-1.3000e+02 1.1000e+02 1.4323e-01
-1.3000e+02 1.2000e+02 -2.1363e+00
-1.3000e+02 1.3000e+02 1.1725e+00
-1.3000e+02 1.4000e+02 -3.9703e-01
-1.3000e+02 1.5000e+02 -6.0465e-01
-1.3000e+02 1.6000e+02 -1.0001e+00
-1.3000e+02 1.7000e+02 -1.1472e+00
-1.3000e+02 1.8000e+02 -6.2274e-01
-1.3000e+02 1.9000e+02 1.6489e+00
-1.3000e+02 2.0000e+02 2.6839e+00
-1.2000e+02 -2.0000e+02 1.8171e+00
-1.2000e+02 -1.9000e+02 2.9440e-01
-1.2000e+02 -1.8000e+02 1.6155e-01
-1.2000e+02 -1.7000e+02 1.0470e+00
-1.2000e+02 -1.6000e+02 2.7943e+00
-1.2000e+02 -1.5000e+02 1.0150e+00
-1.2000e+02 -1.4000e+02 1.2919e+00
-1.2000e+02 -1.3000e+02 5.3347e-01
-1.2000e+02 -1.2000e+02 3.0373e+00
-1.2000e+02 -1.1000e+02 1.5038e+00
-1.2000e+02 -1.0000e+02 -1.9527e+00
-1.2000e+02 -9.0000e+01 -6.7210e-01
-1.2000e+02 -8.0000e+01 -9.8011e-01
-1.2000e+02 -7.0000e+01 1.3845e+00
-1.2000e+02 -6.0000e+01 -2.2742e+00
-1.2000e+02 -5.0000e+01 1.6129e+00
-1.2000e+02 -4.0000e+01 1.3885e+00
-1.2000e+02 -3.0000e+01 -2.7721e+00
-1.2000e+02 -2.0000e+01 4.7768e-02
-1.2000e+02 -1.0000e+01 2.9482e-01
-1.2000e+02 0.0000e+00 -1.6081e+00
-1.2000e+02 1.0000e+01 -3.3660e+00
-1.2000e+02 2.0000e+01 -7.2582e-01
-1.2000e+02 3.0000e+01 -3.2932e+00
-1.2000e+02 4.0000e+01 -1.9966e+00
-1.2000e+02 5.0000e+01 -1.4276e+00
-1.2000e+02 6.0000e+01 -1.6014e+00
-1.2000e+02 7.0000e+01 1.6518e+00
-1.2000e+02 8.0000e+01 1.8410e+00
-1.2000e+02 9.0000e+01 -1.6209e+00
-1.2000e+02 1.0000e+02 -1.5075e+00
-1.2000e+02 1.1000e+02 -7.6984e-01
-1.2000e+02 1.2000e+02 1.1993e+00
-1.2000e+02 1.3000e+02 2.6889e+00
-1.2000e+02 1.4000e+02 8.4738e-01
-1.2000e+02 1.5000e+02 2.0902e+00
-1.2000e+02 1.6000e+02 3.5530e+00
-1.2000e+02 1.7000e+02 1.3884e+00
-1.2000e+02 1.8000e+02 8.6522e-01
-1.2000e+02 1.9000e+02 1.0602e-01
-1.2000e+02 2.0000e+02 -1.1361e+00
-1.1000e+02 -2.0000e+02 -4.5553e-01
-1.1000e+02 -1.9000e+02 2.2863e-01
-1.1000e+02 -1.8000e+02 -1.0989e-01
-1.1000e+02 -1.7000e+02 -9.7178e-01
-1.1000e+02 -1.6000e+02 -1.2242e+00
-1.1000e+02 -1.5000e+02 2.2717e-01
-1.1000e+02 -1.4000e+02 -6.2548e-01
-1.1000e+02 -1.3000e+02 1.0061e+00
-1.1000e+02 -1.2000e+02 -1.1568e-01
-1.1000e+02 -1.1000e+02 1.3732e-01
-1.1000e+02 -1.0000e+02 9.0204e-01
-1.1000e+02 -9.0000e+01 -1.8214e+00
-1.1000e+02 -8.0000e+01 -3.9648e+00
-1.1000e+02 -7.0000e+01 -1.0868e-01
-1.1000e+02 -6.0000e+01 -1.5827e+00
-1.1000e+02 -5.0000e+01 -7.6304e-01
-1.1000e+02 -4.0000e+01 -1.7658e+00
-1.1000e+02 -3.0000e+01 -5.2315e-01
-1.1000e+02 -2.0000e+01 -1.9884e+00
-1.1000e+02 -1.0000e+01 -2.8371e+00
-1.1000e+02 0.0000e+00 -1.2351e+00
-1.1000e+02 1.0000e+01 -4.2964e+00
-1.1000e+02 2.0000e+01 -4.4402e+00
-1.1000e+02 3.0000e+01 -4.2013e+00
-1.1000e+02 4.0000e+01 -1.9201e+00
-1.1000e+02 5.0000e+01 -8.3813e-02
-1.1000e+02 6.0000e+01 -1.3140e-01
-1.1000e+02 7.0000e+01 -2.0860e+00
-1.1000e+02 8.0000e+01 1.7954e+00
-1.1000e+02 9.0000e+01 -7.1801e-01
-1.1000e+02 1.0000e+02 -2.0655e+00
-1.1000e+02 1.1000e+02 -8.7840e-01
-1.1000e+02 1.2000e+02 -2.2739e-01
-1.1000e+02 1.3000e+02 1.7832e+00
-1.1000e+02 1.4000e+02 -2.4906e+00
-1.1000e+02 1.5000e+02 2.2528e-01
-1.1000e+02 1.6000e+02 2.5878e+00
-1.1000e+02 1.7000e+02 -2.8614e-01
-1.1000e+02 1.8000e+02 4.5965e-01
-1.1000e+02 1.9000e+02 2.5452e+00
-1.1000e+02 2.0000e+02 -1.6736e+00
-1.0000e+02 -2.0000e+02 -1.5449e+00
-1.0000e+02 -1.9000e+02 4.5421e-03
-1.0000e+02 -1.8000e+02 -1.4295e+00
-1.0000e+02 -1.7000e+02 3.4728e-01
-1.0000e+02 -1.6000e+02 -1.5025e+00
-1.0000e+02 -1.5000e+02 -1.1707e+00
-1.0000e+02 -1.4000e+02 -4.3278e-01
-1.0000e+02 -1.3000e+02 -4.0269e-01
-1.0000e+02 -1.2000e+02 -7.8608e-02
-1.0000e+02 -1.1000e+02 -2.1289e+00
-1.0000e+02 -1.0000e+02 8.5119e-01
-1.0000e+02 -9.0000e+01 8.7522e-01
-1.0000e+02 -8.0000e+01 -7.1782e-01
-1.0000e+02 -7.0000e+01 -1.2141e+00
-1.0000e+02 -6.0000e+01 -2.1718e+00
-1.0000e+02 -5.0000e+01 -1.2688e+00
-1.0000e+02 -4.0000e+01 -5.5426e-01
-1.0000e+02 -3.0000e+01 -3.5785e+00
-1.0000e+02 -2.0000e+01 -2.9069e+00
-1.0000e+02 -1.0000e+01 -4.5451e+00
-1.0000e+02 0.0000e+00 -2.0637e+00
-1.0000e+02 1.0000e+01 -4.1234e+00
-1.0000e+02 2.0000e+01 -2.5049e+00
-1.0000e+02 3.0000e+01 -1.3356e+00
-1.0000e+02 4.0000e+01 -2.6150e+00
-1.0000e+02 5.0000e+01 -2.4887e+00
-1.0000e+02 6.0000e+01 -3.6043e-02
-1.0000e+02 7.0000e+01 2.2511e-01
-1.0000e+02 8.0000e+01 -7.9730e-01
-1.0000e+02 9.0000e+01 -3.4248e+00
-1.0000e+02 1.0000e+02 -7.6011e-03
-1.0000e+02 1.1000e+02 -2.4788e-02
-1.0000e+02 1.2000e+02 -8.5184e-01
-1.0000e+02 1.3000e+02 9.9793e-01
-1.0000e+02 1.4000e+02 2.6689e-01
-1.0000e+02 1.5000e+02 1.1559e+00
-1.0000e+02 1.6000e+02 -1.1817e+00
-1.0000e+02 1.7000e+02 -2.0630e+00
-1.0000e+02 1.8000e+02 4.4009e-01
-1.0000e+02 1.9000e+02 3.2731e-02
-1.0000e+02 2.0000e+02 5.0774e-01
-9.0000e+01 -2.0000e+02 -7.1820e-01
-9.0000e+01 -1.9000e+02 2.3219e+00
-9.0000e+01 -1.8000e+02 -1.7475e+00
-9.0000e+01 -1.7000e+02 1.1720e+00
-9.0000e+01 -1.6000e+02 -1.1535e+00
-9.0000e+01 -1.5000e+02 3.6618e-01
-9.0000e+01 -1.4000e+02 1.0213e+00
-9.0000e+01 -1.3000e+02 -3.2424e-02
-9.0000e+01 -1.2000e+02 5.5918e-01
-9.0000e+01 -1.1000e+02 -1.2324e+00
-9.0000e+01 -1.0000e+02 2.2157e+00
-9.0000e+01 -9.0000e+01 -3.7622e+00
-9.0000e+01 -8.0000e+01 -1.8970e+00
-9.0000e+01 -7.0000e+01 -4.0238e-01
-9.0000e+01 -6.0000e+01 -2.5587e+00
-9.0000e+01 -5.0000e+01 -4.1250e+00
-9.0000e+01 -4.0000e+01 -2.0836e+00
-9.0000e+01 -3.0000e+01 -3.9731e+00
-9.0000e+01 -2.0000e+01 -7.7924e+00
-9.0000e+01 -1.0000e+01 -4.3039e+00
-9.0000e+01 0.0000e+00 -3.3335e+00
-9.0000e+01 1.0000e+01 -3.7743e+00
-9.0000e+01 2.0000e+01 -4.3554e+00
-9.0000e+01 3.0000e+01 -2.2250e+00
-9.0000e+01 4.0000e+01 -6.1291e+00
-9.0000e+01 5.0000e+01 -3.1866e+00
-9.0000e+01 6.0000e+01 5.9813e-01
-9.0000e+01 7.0000e+01 2.4969e-01
-9.0000e+01 8.0000e+01 -1.5893e+00
-9.0000e+01 9.0000e+01 -6.5333e-01
-9.0000e+01 1.0000e+02 5.4249e-02
-9.0000e+01 1.1000e+02 -1.1970e+00
-9.0000e+01 1.2000e+02 1.8603e+00
-9.0000e+01 1.3000e+02 1.3756e+00
-9.0000e+01 1.4000e+02 -1.2407e+00
-9.0000e+01 1.5000e+02 3.0029e+00
-9.0000e+01 1.6000e+02 8.5960e-01
-9.0000e+01 1.7000e+02 -2.4988e+00
-9.0000e+01 1.8000e+02 -1.5320e+00
-9.0000e+01 1.9000e+02 -1.4384e+00
-9.0000e+01 2.0000e+02 1.1178e+00
-8.0000e+01 -2.0000e+02 -2.4534e+00
-8.0000e+01 -1.9000e+02 -5.2013e-01
-8.0000e+01 -1.8000e+02 -1.1387e+00
-8.0000e+01 -1.7000e+02 -1.1377e+00
-8.0000e+01 -1.6000e+02 8.3375e-01
-8.0000e+01 -1.5000e+02 2.8367e-01
-8.0000e+01 -1.4000e+02 -6.3043e-01
-8.0000e+01 -1.3000e+02 -1.4007e+00
-8.0000e+01 -1.2000e+02 -1.3918e+00
-8.0000e+01 -1.1000e+02 -6.5872e-01
-8.0000e+01 -1.0000e+02 -2.4195e+00
-8.0000e+01 -9.0000e+01 -1.2853e+00
-8.0000e+01 -8.0000e+01 -2.6286e+00
-8.0000e+01 -7.0000e+01 -2.0483e+00
-8.0000e+01 -6.0000e+01 -2.2560e+00
-8.0000e+01 -5.0000e+01 -4.0819e+00
-8.0000e+01 -4.0000e+01 -6.8393e+00
-8.0000e+01 -3.0000e+01 -5.5264e+00
-8.0000e+01 -2.0000e+01 -6.3865e+00
-8.0000e+01 -1.0000e+01 -4.7414e+00
-8.0000e+01 0.0000e+00 -6.1723e+00
-8.0000e+01 1.0000e+01 -5.3697e+00
-8.0000e+01 2.0000e+01 -3.8574e+00
-8.0000e+01 3.0000e+01 -6.6920e+00
-8.0000e+01 4.0000e+01 -4.1843e+00
-8.0000e+01 5.0000e+01 -4.8779e+00
-8.0000e+01 6.0000e+01 -2.1816e+00
-8.0000e+01 7.0000e+01 -2.6450e+00
-8.0000e+01 8.0000e+01 -2.1938e+00
-8.0000e+01 9.0000e+01 -1.5289e+00
-8.0000e+01 1.0000e+02 -1.1487e+00
-8.0000e+01 1.1000e+02 -2.6323e+00
-8.0000e+01 1.2000e+02 -1.3250e+00
-8.0000e+01 1.3000e+02 2.2451e+00
-8.0000e+01 1.4000e+02 -2.4550e-01
-8.0000e+01 1.5000e+02 -1.7054e+00
-8.0000e+01 1.6000e+02 9.4647e-01
-8.0000e+01 1.7000e+02 -2.0704e-01
-8.0000e+01 1.8000e+02 -1.1103e-01
-8.0000e+01 1.9000e+02 1.4166e+00
-8.0000e+01 2.0000e+02 -1.5809e+00
-7.0000e+01 -2.0000e+02 5.1288e-01
-7.0000e+01 -1.9000e+02 -1.4704e+00
-7.0000e+01 -1.8000e+02 -5.5289e-01
-7.0000e+01 -1.7000e+02 1.1633e+00
-7.0000e+01 -1.6000e+02 -4.8206e-01
-7.0000e+01 -1.5000e+02 -7.4321e-01
-7.0000e+01 -1.4000e+02 -3.2199e+00
-7.0000e+01 -1.3000e+02 -1.2612e+00
-7.0000e+01 -1.2000e+02 -5.8489e-01
-7.0000e+01 -1.1000e+02 -1.9119e+00
-7.0000e+01 -1.0000e+02 -1.6646e+00
-7.0000e+01 -9.0000e+01 1.1258e+00
-7.0000e+01 -8.0000e+01 -3.5734e+00
-7.0000e+01 -7.0000e+01 -2.1851e+00
-7.0000e+01 -6.0000e+01 -4.7742e+00
-7.0000e+01 -5.0000e+01 -7.0010e+00
-7.0000e+01 -4.0000e+01 -4.6559e+00
-7.0000e+01 -3.0000e+01 -4.3445e+00
-7.0000e+01 -2.0000e+01 -7.3251e+00
-7.0000e+01 -1.0000e+01 -9.5476e+00
-7.0000e+01 0.0000e+00 -8.4741e+00
-7.0000e+01 1.0000e+01 -5.0871e+00
-7.0000e+01 2.0000e+01 -3.8422e+00
-7.0000e+01 3.0000e+01 -7.6531e+00
-7.0000e+01 4.0000e+01 -5.4492e+00
-7.0000e+01 5.0000e+01 -3.5116e+00
-7.0000e+01 6.0000e+01 -4.2506e+00
-7.0000e+01 7.0000e+01 -2.6083e+00
-7.0000e+01 8.0000e+01 -1.0141e-01
-7.0000e+01 9.0000e+01 -1.6379e+00
-7.0000e+01 1.0000e+02 -3.4441e+00
-7.0000e+01 1.1000e+02 -1.8423e+00
-7.0000e+01 1.2000e+02 -5.2208e-01
-7.0000e+01 1.3000e+02 -1.2929e+00
-7.0000e+01 1.4000e+02 6.1438e-01
-7.0000e+01 1.5000e+02 3.0095e-01
-7.0000e+01 1.6000e+02 6.8258e-01
-7.0000e+01 1.7000e+02 6.4387e-01
-7.0000e+01 1.8000e+02 2.1822e+00
-7.0000e+01 1.9000e+02 7.4785e-01
-7.0000e+01 2.0000e+02 4.2611e-01
-6.0000e+01 -2.0000e+02 -1.6773e+00
-6.0000e+01 -1.9000e+02 -2.1382e+00
-6.0000e+01 -1.8000e+02 7.4683e-01
-6.0000e+01 -1.7000e+02 -1.2490e+00
-6.0000e+01 -1.6000e+02 -1.0858e+00
-6.0000e+01 -1.5000e+02 3.5289e-01
-6.0000e+01 -1.4000e+02 -1.5027e-01
-6.0000e+01 -1.3000e+02 -1.9530e+00
-6.0000e+01 -1.2000e+02 -1.0483e+00
-6.0000e+01 -1.1000e+02 -2.9822e+00
-6.0000e+01 -1.0000e+02 -4.1881e-01
-6.0000e+01 -9.0000e+01 -2.4238e+00
-6.0000e+01 -8.0000e+01 -3.2921e+00
-6.0000e+01 -7.0000e+01 -2.9663e+00
-6.0000e+01 -6.0000e+01 -7.2159e+00
-6.0000e+01 -5.0000e+01 -4.2364e+00
-6.0000e+01 -4.0000e+01 -1.0287e+01
-6.0000e+01 -3.0000e+01 -5.8165e+00
-6.0000e+01 -2.0000e+01 -8.3360e+00
-6.0000e+01 -1.0000e+01 -9.2799e+00
-6.0000e+01 0.0000e+00 -8.4806e+00
-6.0000e+01 1.0000e+01 -7.0915e+00
-6.0000e+01 2.0000e+01 -6.7517e+00
-6.0000e+01 3.0000e+01 -4.9753e+00
-6.0000e+01 4.0000e+01 -6.0113e+00
-6.0000e+01 5.0000e+01 -7.5683e+00
-6.0000e+01 6.0000e+01 -1.9815e+00
-6.0000e+01 7.0000e+01 -6.2255e+00
-6.0000e+01 8.0000e+01 -3.0867e+00
-6.0000e+01 9.0000e+01 -3.9522e+00
-6.0000e+01 1.0000e+02 -1.6825e+00
-6.0000e+01 1.1000e+02 -1.1918e+00
-6.0000e+01 1.2000e+02 -1.0258e-01
-6.0000e+01 1.3000e+02 -2.0338e+00
-6.0000e+01 1.4000e+02 -2.2356e+00
-6.0000e+01 1.5000e+02 -2.7078e+00
-6.0000e+01 1.6000e+02 8.7686e-01
-6.0000e+01 1.7000e+02 2.5890e+00
-6.0000e+01 1.8000e+02 3.1858e-01
-6.0000e+01 1.9000e+02 -4.3381e-01
-6.0000e+01 2.0000e+02 1.8053e+00
-5.0000e+01 -2.0000e+02 -2.4470e+00
-5.0000e+01 -1.9000e+02 -4.2064e-01
-5.0000e+01 -1.8000e+02 -7.4988e-01
-5.0000e+01 -1.7000e+02 7.1308e-01
-5.0000e+01 -1.6000e+02 -3.7686e+00
-5.0000e+01 -1.5000e+02 1.3189e+00
-5.0000e+01 -1.4000e+02 -1.0296e+00
-5.0000e+01 -1.3000e+02 -1.6422e+00
-5.0000e+01 -1.2000e+02 -1.4043e+00
-5.0000e+01 -1.1000e+02 -2.1302e+00
-5.0000e+01 -1.0000e+02 -3.2311e+00
-5.0000e+01 -9.0000e+01 -6.9098e+00
-5.0000e+01 -8.0000e+01 -4.6862e+00
-5.0000e+01 -7.0000e+01 1.8065e-01
-5.0000e+01 -6.0000e+01 -6.0442e+00
-5.0000e+01 -5.0000e+01 -5.6250e+00
-5.0000e+01 -4.0000e+01 -7.0311e+00
-5.0000e+01 -3.0000e+01 -8.6571e+00
-5.0000e+01 -2.0000e+01 -7.7249e+00
-5.0000e+01 -1.0000e+01 -1.2442e+01
-5.0000e+01 0.0000e+00 -9.5828e+00
-5.0000e+01 1.0000e+01 -7.3890e+00
-5.0000e+01 2.0000e+01 -1.0531e+01
-5.0000e+01 3.0000e+01 -9.1938e+00
-5.0000e+01 4.0000e+01 -8.9986e+00
-5.0000e+01 5.0000e+01 -6.7542e+00
-5.0000e+01 6.0000e+01 -6.1180e+00
-5.0000e+01 7.0000e+01 -3.7511e+00
-5.0000e+01 8.0000e+01 -5.3358e+00
-5.0000e+01 9.0000e+01 -3.9446e+00
-5.0000e+01 1.0000e+02 9.5733e-01
-5.0000e+01 1.1000e+02 -9.6093e-01
-5.0000e+01 1.2000e+02 -6.6006e-01
-5.0000e+01 1.3000e+02 1.7090e+00
-5.0000e+01 1.4000e+02 -3.8923e-01
-5.0000e+01 1.5000e+02 6.6177e-01
-5.0000e+01 1.6000e+02 -2.3431e+00
-5.0000e+01 1.7000e+02 -3.3781e+00
-5.0000e+01 1.8000e+02 -1.0080e+00
-5.0000e+01 1.9000e+02 -1.1053e+00
-5.0000e+01 2.0000e+02 -9.5087e-01
-4.0000e+01 -2.0000e+02 1.5348e+00
-4.0000e+01 -1.9000e+02 -2.2107e+00
-4.0000e+01 -1.8000e+02 1.8430e+00
-4.0000e+01 -1.7000e+02 -1.5240e+00
-4.0000e+01 -1.6000e+02 -5.4815e-01
-4.0000e+01 -1.5000e+02 -2.2790e+00
-4.0000e+01 -1.4000e+02 -2.9658e+00
-4.0000e+01 -1.3000e+02 -7.5082e-01
-4.0000e+01 -1.2000e+02 -3.8427e-01
-4.0000e+01 -1.1000e+02 -8.9082e-01
-4.0000e+01 -1.0000e+02 7.5837e-01
-4.0000e+01 -9.0000e+01 -4.4906e+00
-4.0000e+01 -8.0000e+01 -3.7946e+00
-4.0000e+01 -7.0000e+01 -4.7117e+00
-4.0000e+01 -6.0000e+01 -7.0230e+00
-4.0000e+01 -5.0000e+01 -5.3500e+00
-4.0000e+01 -4.0000e+01 -8.0659e+00
-4.0000e+01 -3.0000e+01 -1.1323e+01
-4.0000e+01 -2.0000e+01 -1.0865e+01
-4.0000e+01 -1.0000e+01 -1.1202e+01
-4.0000e+01 0.0000e+00 -1.0343e+01
-4.0000e+01 1.0000e+01 -1.1866e+01
-4.0000e+01 2.0000e+01 -1.2385e+01
-4.0000e+01 3.0000e+01 -8.3565e+00
-4.0000e+01 4.0000e+01 -9.4029e+00
-4.0000e+01 5.0000e+01 -6.1025e+00
-4.0000e+01 6.0000e+01 -7.1568e+00
-4.0000e+01 7.0000e+01 -5.5750e+00
-4.0000e+01 8.0000e+01 -6.2909e+00
-4.0000e+01 9.0000e+01 -6.5252e+00
-4.0000e+01 1.0000e+02 -2.7071e+00
-4.0000e+01 1.1000e+02 -4.4042e+00
-4.0000e+01 1.2000e+02 -1.1214e+00
-4.0000e+01 1.3000e+02 -7.3099e-01
-4.0000e+01 1.4000e+02 -1.5665e+00
-4.0000e+01 1.5000e+02 -2.2849e+00
-4.0000e+01 1.6000e+02 1.0953e+00
-4.0000e+01 1.7000e+02 2.1226e+00
-4.0000e+01 1.8000e+02 1.1053e-01
-4.0000e+01 1.9000e+02 1.8596e+00
-4.0000e+01 2.0000e+02 1.0356e+00
-3.0000e+01 -2.0000e+02 -2.5544e+00
-3.0000e+01 -1.9000e+02 -3.1669e+00
-3.0000e+01 -1.8000e+02 -7.4858e-02
-3.0000e+01 -1.7000e+02 5.6444e-02
-3.0000e+01 -1.6000e+02 1.2584e+00
-3.0000e+01 -1.5000e+02 -5.8643e-01
-3.0000e+01 -1.4000e+02 3.2215e-02
-3.0000e+01 -1.3000e+02 6.3472e-01
-3.0000e+01 -1.2000e+02 -2.3865e+00
-3.0000e+01 -1.1000e+02 -3.3111e+00
-3.0000e+01 -1.0000e+02 1.4648e+00
-3.0000e+01 -9.0000e+01 -3.0228e+00
-3.0000e+01 -8.0000e+01 -5.5454e+00
-3.0000e+01 -7.0000e+01 -5.2981e+00
-3.0000e+01 -6.0000e+01 -7.8003e+00
-3.0000e+01 -5.0000e+01 -1.0186e+01
-3.0000e+01 -4.0000e+01 -7.6314e+00
-3.0000e+01 -3.0000e+01 -1.1315e+01
-3.0000e+01 -2.0000e+01 -1.2300e+01
-3.0000e+01 -1.0000e+01 -9.8785e+00
-3.0000e+01 0.0000e+00 -1.1883e+01
-3.0000e+01 1.0000e+01 -1.0890e+01
-3.0000e+01 2.0000e+01 -1.2868e+01
-3.0000e+01 3.0000e+01 -1.0201e+01
-3.0000e+01 4.0000e+01 -1.1647e+01
-3.0000e+01 5.0000e+01 -8.5796e+00
-3.0000e+01 6.0000e+01 -6.8184e+00
-3.0000e+01 7.0000e+01 -8.8210e+00
-3.0000e+01 8.0000e+01 -2.2456e+00
-3.0000e+01 9.0000e+01 -3.9765e+00
-3.0000e+01 1.0000e+02 -2.2314e+00
-3.0000e+01 1.1000e+02 -1.3934e+00
-3.0000e+01 1.2000e+02 -4.6596e-02
-3.0000e+01 1.3000e+02 -1.9796e+00
-3.0000e+01 1.4000e+02 -8.4214e-02
-3.0000e+01 1.5000e+02 -5.4639e-01
-3.0000e+01 1.6000e+02 -8.7287e-01
-3.0000e+01 1.7000e+02 -5.3676e-01
-3.0000e+01 1.8000e+02 -8.4653e-01
-3.0000e+01 1.9000e+02 2.9608e+00
-3.0000e+01 2.0000e+02 -1.9085e-01
-2.0000e+01 -2.0000e+02 1.4687e+00
-2.0000e+01 -1.9000e+02 -2.8286e+00
-2.0000e+01 -1.8000e+02 -2.3698e+00
-2.0000e+01 -1.7000e+02 -3.4274e-01
-2.0000e+01 -1.6000e+02 3.0052e+00
-2.0000e+01 -1.5000e+02 3.0083e-01
-2.0000e+01 -1.4000e+02 2.8682e-01
-2.0000e+01 -1.3000e+02 -1.4490e+00
-2.0000e+01 -1.2000e+02 1.7100e-01
-2.0000e+01 -1.1000e+02 -1.7552e+00
-2.0000e+01 -1.0000e+02 -3.6673e+00
-2.0000e+01 -9.0000e+01 -2.8311e+00
-2.0000e+01 -8.0000e+01 -6.4194e+00
-2.0000e+01 -7.0000e+01 -8.1578e+00
-2.0000e+01 -6.0000e+01 -7.1746e+00
-2.0000e+01 -5.0000e+01 -1.0092e+01
-2.0000e+01 -4.0000e+01 -1.1344e+01
-2.0000e+01 -3.0000e+01 -1.2324e+01
-2.0000e+01 -2.0000e+01 -1.2912e+01
-2.0000e+01 -1.0000e+01 -1.6322e+01
-2.0000e+01 0.0000e+00 -1.5031e+01
-2.0000e+01 1.0000e+01 -1.4789e+01
-2.0000e+01 2.0000e+01 -1.0640e+01
-2.0000e+01 3.0000e+01 -1.1797e+01
-2.0000e+01 4.0000e+01 -1.0183e+01
-2.0000e+01 5.0000e+01 -7.7304e+00
-2.0000e+01 6.0000e+01 -6.0399e+00
-2.0000e+01 7.0000e+01 -5.0921e+00
-2.0000e+01 8.0000e+01 -5.6083e+00
-2.0000e+01 9.0000e+01 -4.2549e+00
-2.0000e+01 1.0000e+02 -4.1094e+00
-2.0000e+01 1.1000e+02 -8.1931e-01
-2.0000e+01 1.2000e+02 -2.5599e+00
-2.0000e+01 1.3000e+02 -1.9906e+00
-2.0000e+01 1.4000e+02 -8.3171e-01
-2.0000e+01 1.5000e+02 -1.6734e+00
-2.0000e+01 1.6000e+02 1.4766e+00
-2.0000e+01 1.7000e+02 2.6269e+00
-2.0000e+01 1.8000e+02 2.4895e+00
-2.0000e+01 1.9000e+02 2.3352e+00
-2.0000e+01 2.0000e+02 -5.6720e-01
-1.0000e+01 -2.0000e+02 -1.8124e+00
-1.0000e+01 -1.9000e+02 -2.6354e+00
-1.0000e+01 -1.8000e+02 9.4604e-01
-1.0000e+01 -1.7000e+02 -1.8583e+00
-1.0000e+01 -1.6000e+02 2.2235e-01
-1.0000e+01 -1.5000e+02 -2.4397e+00
-1.0000e+01 -1.4000e+02 1.1769e+00
-1.0000e+01 -1.3000e+02 -1.9836e+00
-1.0000e+01 -1.2000e+02 1.8960e+00
-1.0000e+01 -1.1000e+02 -9.0005e-01
-1.0000e+01 -1.0000e+02 -2.3440e+00
-1.0000e+01 -9.0000e+01 -5.8939e+00
-1.0000e+01 -8.0000e+01 -6.6765e+00
-1.0000e+01 -7.0000e+01 -7.6438e+00
-1.0000e+01 -6.0000e+01 -8.4032e+00
-1.0000e+01 -5.0000e+01 -1.1586e+01
-1.0000e+01 -4.0000e+01 -1.4754e+01
-1.0000e+01 -3.0000e+01 -1.2980e+01
-1.0000e+01 -2.0000e+01 -1.4799e+01
-1.0000e+01 -1.0000e+01 -1.4049e+01
-1.0000e+01 0.0000e+00 -1.5510e+01
-1.0000e+01 1.0000e+01 -1.2931e+01
-1.0000e+01 2.0000e+01 -1.2975e+01
-1.0000e+01 3.0000e+01 -1.3560e+01
-1.0000e+01 4.0000e+01 -1.4540e+01
-1.0000e+01 5.0000e+01 -8.2205e+00
-1.0000e+01 6.0000e+01 -8.0527e+00
-1.0000e+01 7.0000e+01 -8.5567e+00
-1.0000e+01 8.0000e+01 -5.4864e+00
-1.0000e+01 9.0000e+01 -3.7115e+00
-1.0000e+01 1.0000e+02 -5.6658e+00
-1.0000e+01 1.1000e+02 -1.6893e+00
-1.0000e+01 1.2000e+02 -7.2325e-01
-1.0000e+01 1.3000e+02 -2.4380e+00
-1.0000e+01 1.4000e+02 1.5639e+00
-1.0000e+01 1.5000e+02 -1.3221e+00
-1.0000e+01 1.6000e+02 -1.0378e-01
-1.0000e+01 1.7000e+02 1.1018e+00
-1.0000e+01 1.8000e+02 -2.4801e+00
-1.0000e+01 1.9000e+02 9.6125e-01
-1.0000e+01 2.0000e+02 -2.8111e-01
0.0000e+00 -2.0000e+02 1.8545e+00
0.0000e+00 -1.9000e+02 1.2704e-01
0.0000e+00 -1.8000e+02 -2.2462e+00
0.0000e+00 -1.7000e+02 9.6244e-01
0.0000e+00 -1.6000e+02 -7.4843e-02
0.0000e+00 -1.5000e+02 3.8665e-02
0.0000e+00 -1.4000e+02 -2.3915e+00
0.0000e+00 -1.3000e+02 -1.5104e+00
0.0000e+00 -1.2000e+02 -3.7251e-02
0.0000e+00 -1.1000e+02 -3.0058e+00
0.0000e+00 -1.0000e+02 -2.0796e+00
0.0000e+00 -9.0000e+01 -2.0489e+00
0.0000e+00 -8.0000e+01 -4.7609e+00
0.0000e+00 -7.0000e+01 -5.3779e+00
0.0000e+00 -6.0000e+01 -7.4983e+00
0.0000e+00 -5.0000e+01 -9.5654e+00
0.0000e+00 -4.0000e+01 -1.1516e+01
0.0000e+00 -3.0000e+01 -1.2699e+01
0.0000e+00 -2.0000e+01 -1.3579e+01
0.0000e+00 -1.0000e+01 -1.3777e+01
0.0000e+00 0.0000e+00 -1.4324e+01
0.0000e+00 1.0000e+01 -1.3791e+01
0.0000e+00 2.0000e+01 -1.5597e+01
0.0000e+00 3.0000e+01 -1.2261e+01
0.0000e+00 4.0000e+01 -1.3097e+01
0.0000e+00 5.0000e+01 -9.9322e+00
0.0000e+00 6.0000e+01 -1.1618e+01
0.0000e+00 7.0000e+01 -8.6386e+00
0.0000e+00 8.0000e+01 -4.9631e+00
0.0000e+00 9.0000e+01 -4.7096e+00
0.0000e+00 1.0000e+02 -2.2362e-01
0.0000e+00 1.1000e+02 -3.1625e+00
0.0000e+00 1.2000e+02 -2.0241e+00
0.0000e+00 1.3000e+02 -1.5557e-01
0.0000e+00 1.4000e+02 1.7315e-01
0.0000e+00 1.5000e+02 2.0266e+00
0.0000e+00 1.6000e+02 1.3229e+00
0.0000e+00 1.7000e+02 -9.3496e-01
0.0000e+00 1.8000e+02 -6.2543e-01
0.0000e+00 1.9000e+02 1.2803e+00
0.0000e+00 2.0000e+02 -7.1297e-01
1.0000e+01 -2.0000e+02 9.0269e-01
1.0000e+01 -1.9000e+02 -2.5527e+00
1.0000e+01 -1.8000e+02 -2.8578e+00
1.0000e+01 -1.7000e+02 -1.1875e+00
1.0000e+01 -1.6000e+02 9.8983e-01
1.0000e+01 -1.5000e+02 2.3623e-02
1.0000e+01 -1.4000e+02 1.1039e+00
1.0000e+01 -1.3000e+02 -3.3258e+00
1.0000e+01 -1.2000e+02 -2.2161e+00
1.0000e+01 -1.1000e+02 -2.8608e+00
1.0000e+01 -1.0000e+02 -2.2181e+00
1.0000e+01 -9.0000e+01 -3.6989e+00
1.0000e+01 -8.0000e+01 -5.1937e+00
1.0000e+01 -7.0000e+01 -6.2178e+00
1.0000e+01 -6.0000e+01 -8.2467e+00
1.0000e+01 -5.0000e+01 -1.1881e+01
1.0000e+01 -4.0000e+01 -1.0910e+01
1.0000e+01 -3.0000e+01 -1.0592e+01
1.0000e+01 -2.0000e+01 -1.3376e+01
1.0000e+01 -1.0000e+01 -1.3530e+01
1.0000e+01 0.0000e+00 -1.2969e+01
1.0000e+01 1.0000e+01 -1.2777e+01
1.0000e+01 2.0000e+01 -1.1353e+01
1.0000e+01 3.0000e+01 -1.1896e+01
1.0000e+01 4.0000e+01 -1.0465e+01
1.0000e+01 5.0000e+01 -1.0678e+01
1.0000e+01 6.0000e+01 -1.0019e+01
1.0000e+01 7.0000e+01 -5.1363e+00
1.0000e+01 8.0000e+01 -7.7772e+00
1.0000e+01 9.0000e+01 -4.2009e+00
1.0000e+01 1.0000e+02 -4.2360e+00
1.0000e+01 1.1000e+02 -2.0837e+00
1.0000e+01 1.2000e+02 2.3079e-01
1.0000e+01 1.3000e+02 -3.3308e-01
1.0000e+01 1.4000e+02 -1.0916e+00
1.0000e+01 1.5000e+02 -5.6490e-01
1.0000e+01 1.6000e+02 -4.9191e-01
1.0000e+01 1.7000e+02 -8.2885e-01
1.0000e+01 1.8000e+02 4.0894e-01
1.0000e+01 1.9000e+02 3.8849e-01
1.0000e+01 2.0000e+02 1.5345e+00
2.0000e+01 -2.0000e+02 8.6369e-01
2.0000e+01 -1.9000e+02 -1.0362e+00
2.0000e+01 -1.8000e+02 1.1209e+00
2.0000e+01 -1.7000e+02 -1.9467e-02
2.0000e+01 -1.6000e+02 -3.3601e+00
2.0000e+01 -1.5000e+02 -4.4227e-01
2.0000e+01 -1.4000e+02 -1.8902e+00
2.0000e+01 -1.3000e+02 -3.8453e+00
2.0000e+01 -1.2000e+02 -1.2031e+00
2.0000e+01 -1.1000e+02 2.5168e-01
2.0000e+01 -1.0000e+02 -2.3287e+00
2.0000e+01 -9.0000e+01 -3.1239e+00
2.0000e+01 -8.0000e+01 -5.5938e+00
2.0000e+01 -7.0000e+01 -4.0290e+00
2.0000e+01 -6.0000e+01 -5.7450e+00
2.0000e+01 -5.0000e+01 -6.6339e+00
2.0000e+01 -4.0000e+01 -1.3857e+01
2.0000e+01 -3.0000e+01 -1.1229e+01
2.0000e+01 -2.0000e+01 -1.3831e+01
2.0000e+01 -1.0000e+01 -1.4377e+01
2.0000e+01 0.0000e+00 -1.1039e+01
2.0000e+01 1.0000e+01 -1.3238e+01
2.0000e+01 2.0000e+01 -1.4462e+01
2.0000e+01 3.0000e+01 -1.1130e+01
2.0000e+01 4.0000e+01 -1.0232e+01
2.0000e+01 5.0000e+01 -1.1194e+01
2.0000e+01 6.0000e+01 -7.6296e+00
2.0000e+01 7.0000e+01 -7.7600e+00
2.0000e+01 8.0000e+01 -5.5447e+00
2.0000e+01 9.0000e+01 -4.8661e+00
2.0000e+01 1.0000e+02 -2.6818e+00
2.0000e+01 1.1000e+02 -2.7990e+00
2.0000e+01 1.2000e+02 -4.6091e-01
2.0000e+01 1.3000e+02 -1.1203e+00
2.0000e+01 1.4000e+02 1.2761e+00
2.0000e+01 1.5000e+02 -1.0891e+00
2.0000e+01 1.6000e+02 -1.8264e+00
2.0000e+01 1.7000e+02 -1.3777e+00
2.0000e+01 1.8000e+02 -3.1700e-02
2.0000e+01 1.9000e+02 -1.1898e+00
2.0000e+01 2.0000e+02 2.1625e+00
3.0000e+01 -2.0000e+02 -1.8730e-01
3.0000e+01 -1.9000e+02 -2.2678e+00
3.0000e+01 -1.8000e+02 1.0992e+00
3.0000e+01 -1.7000e+02 -9.8429e-01
3.0000e+01 -1.6000e+02 -6.1333e-01
3.0000e+01 -1.5000e+02 -2.4865e+00
3.0000e+01 -1.4000e+02 4.4666e-01
3.0000e+01 -1.3000e+02 -8.0144e-01
3.0000e+01 -1.2000e+02 -1.7030e+00
3.0000e+01 -1.1000e+02 -2.4377e+00
3.0000e+01 -1.0000e+02 -1.4259e+00
3.0000e+01 -9.0000e+01 -5.1279e-01
3.0000e+01 -8.0000e+01 -3.6962e+00
3.0000e+01 -7.0000e+01 -7.2786e+00
3.0000e+01 -6.0000e+01 -8.0451e+00
3.0000e+01 -5.0000e+01 -7.6801e+00
3.0000e+01 -4.0000e+01 -9.0500e+00
3.0000e+01 -3.0000e+01 -1.2271e+01
3.0000e+01 -2.0000e+01 -1.3451e+01
3.0000e+01 -1.0000e+01 -1.0001e+01
3.0000e+01 0.0000e+00 -1.3775e+01
3.0000e+01 1.0000e+01 -1.1878e+01
3.0000e+01 2.0000e+01 -1.2271e+01
3.0000e+01 3.0000e+01 -1.1883e+01
3.0000e+01 4.0000e+01 -9.5137e+00
3.0000e+01 5.0000e+01 -6.6950e+00
3.0000e+01 6.0000e+01 -8.2681e+00
3.0000e+01 7.0000e+01 -5.7462e+00
3.0000e+01 8.0000e+01 -6.0631e+00
3.0000e+01 9.0000e+01 -1.4375e+00
3.0000e+01 1.0000e+02 -2.5065e+00
3.0000e+01 1.1000e+02 -2.0790e+00
3.0000e+01 1.2000e+02 -3.6411e+00
3.0000e+01 1.3000e+02 -7.2058e-01
3.0000e+01 1.4000e+02 2.7430e+00
3.0000e+01 1.5000e+02 7.7675e-01
3.0000e+01 1.6000e+02 -1.5255e+00
3.0000e+01 1.7000e+02 3.0161e+00
3.0000e+01 1.8000e+02 2.6015e+00
3.0000e+01 1.9000e+02 1.8493e+00
3.0000e+01 2.0000e+02 7.0890e-01
4.0000e+01 -2.0000e+02 -9.4546e-01
4.0000e+01 -1.9000e+02 -3.4149e-01
4.0000e+01 -1.8000e+02 4.3233e-01
4.0000e+01 -1.7000e+02 8.4318e-01
4.0000e+01 -1.6000e+02 -2.9626e-01
4.0000e+01 -1.5000e+02 5.7078e-01
4.0000e+01 -1.4000e+02 1.0975e+00
4.0000e+01 -1.3000e+02 -1.4776e+00
4.0000e+01 -1.2000e+02 -3.8137e+00
4.0000e+01 -1.1000e+02 -4.1563e-01
4.0000e+01 -1.0000e+02 -9.0090e-01
4.0000e+01 -9.0000e+01 -2.2929e+00
4.0000e+01 -8.0000e+01 -4.1977e+00
4.0000e+01 -7.0000e+01 -2.7828e+00
4.0000e+01 -6.0000e+01 -7.1119e+00
4.0000e+01 -5.0000e+01 -7.8207e+00
4.0000e+01 -4.0000e+01 -9.5903e+00
4.0000e+01 -3.0000e+01 -1.1889e+01
4.0000e+01 -2.0000e+01 -1.0852e+01
4.0000e+01 -1.0000e+01 -1.1815e+01
4.0000e+01 0.0000e+00 -1.2949e+01
4.0000e+01 1.0000e+01 -1.2720e+01
4.0000e+01 2.0000e+01 -1.1853e+01
4.0000e+01 3.0000e+01 -9.9574e+00
4.0000e+01 4.0000e+01 -8.8737e+00
4.0000e+01 5.0000e+01 -5.5526e+00
4.0000e+01 6.0000e+01 -4.4234e+00
4.0000e+01 7.0000e+01 -5.5741e+00
4.0000e+01 8.0000e+01 -2.9628e+00
4.0000e+01 9.0000e+01 -2.6884e+00
4.0000e+01 1.0000e+02 -2.8064e+00
4.0000e+01 1.1000e+02 -1.1314e+00
4.0000e+01 1.2000e+02 -1.1512e+00
4.0000e+01 1.3000e+02 -2.5955e+00
4.0000e+01 1.4000e+02 -4.6936e+00
4.0000e+01 1.5000e+02 1.4168e+00
4.0000e+01 1.6000e+02 -2.0986e+00
4.0000e+01 1.7000e+02 4.2344e-01
4.0000e+01 1.8000e+02 1.4151e+00
4.0000e+01 1.9000e+02 -3.6235e-01
4.0000e+01 2.0000e+02 -2.8900e-01
5.0000e+01 -2.0000e+02 1.9186e+00
5.0000e+01 -1.9000e+02 -1.1051e+00
5.0000e+01 -1.8000e+02 -1.3693e+00
5.0000e+01 -1.7000e+02 -2.2540e-01
5.0000e+01 -1.6000e+02 1.5317e-01
5.0000e+01 -1.5000e+02 -8.4901e-01
5.0000e+01 -1.4000e+02 -1.6496e+00
5.0000e+01 -1.3000e+02 -4.5202e-01
5.0000e+01 -1.2000e+02 -2.7826e+00
5.0000e+01 -1.1000e+02 -3.0640e-01
5.0000e+01 -1.0000e+02 -1.1524e+00
5.0000e+01 -9.0000e+01 -5.4620e+00
5.0000e+01 -8.0000e+01 -5.2972e+00
5.0000e+01 -7.0000e+01 -4.4755e+00
5.0000e+01 -6.0000e+01 -4.2797e+00
5.0000e+01 -5.0000e+01 -6.9243e+00
5.0000e+01 -4.0000e+01 -7.2786e+00
5.0000e+01 -3.0000e+01 -8.3535e+00
5.0000e+01 -2.0000e+01 -1.0873e+01
5.0000e+01 -1.0000e+01 -1.1421e+01
5.0000e+01 0.0000e+00 -9.4383e+00
5.0000e+01 1.0000e+01 -8.8243e+00
5.0000e+01 2.0000e+01 -9.9572e+00
5.0000e+01 3.0000e+01 -8.3045e+00
5.0000e+01 4.0000e+01 -7.8507e+00
5.0000e+01 5.0000e+01 -4.4400e+00
5.0000e+01 6.0000e+01 -9.3972e+00
5.0000e+01 7.0000e+01 -3.8009e+00
5.0000e+01 8.0000e+01 -4.2604e+00
5.0000e+01 9.0000e+01 -2.9340e-01
5.0000e+01 1.0000e+02 -2.9556e+00
5.0000e+01 1.1000e+02 -7.4246e-01
5.0000e+01 1.2000e+02 1.9611e+00
5.0000e+01 1.3000e+02 6.1661e-01
5.0000e+01 1.4000e+02 5.5567e-01
5.0000e+01 1.5000e+02 -8.2953e-01
5.0000e+01 1.6000e+02 -1.1007e+00
5.0000e+01 1.7000e+02 -3.2901e-01
5.0000e+01 1.8000e+02 3.8568e+00
5.0000e+01 1.9000e+02 5.7101e-01
5.0000e+01 2.0000e+02 -1.4923e+00
6.0000e+01 -2.0000e+02 7.6724e-01
6.0000e+01 -1.9000e+02 6.5667e-01
6.0000e+01 -1.8000e+02 -3.8945e-01
6.0000e+01 -1.7000e+02 7.7248e-01
6.0000e+01 -1.6000e+02 2.0236e+00
6.0000e+01 -1.5000e+02 1.4989e-01
6.0000e+01 -1.4000e+02 1.2958e+00
6.0000e+01 -1.3000e+02 -2.8963e+00
6.0000e+01 -1.2000e+02 -2.0962e+00
6.0000e+01 -1.1000e+02 -3.9726e+00
6.0000e+01 -1.0000e+02 -9.5099e-01
6.0000e+01 -9.0000e+01 -3.7750e+00
6.0000e+01 -8.0000e+01 -2.3921e+00
6.0000e+01 -7.0000e+01 -9.6913e-01
6.0000e+01 -6.0000e+01 -3.6811e+00
6.0000e+01 -5.0000e+01 -3.4530e+00
6.0000e+01 -4.0000e+01 -8.8533e+00
6.0000e+01 -3.0000e+01 -6.3776e+00
6.0000e+01 -2.0000e+01 -8.2885e+00
6.0000e+01 -1.0000e+01 -6.9568e+00
6.0000e+01 0.0000e+00 -7.3929e+00
6.0000e+01 1.0000e+01 -7.0882e+00
6.0000e+01 2.0000e+01 -1.0109e+01
6.0000e+01 3.0000e+01 -8.8017e+00
6.0000e+01 4.0000e+01 -5.4773e+00
6.0000e+01 5.0000e+01 -4.1564e+00
6.0000e+01 6.0000e+01 -7.7013e+00
6.0000e+01 7.0000e+01 -5.0079e-01
6.0000e+01 8.0000e+01 -5.2419e+00
6.0000e+01 9.0000e+01 -1.3707e+00
6.0000e+01 1.0000e+02 -4.3503e+00
6.0000e+01 1.1000e+02 -5.8490e-01
6.0000e+01 1.2000e+02 -1.8285e+00
6.0000e+01 1.3000e+02 1.3216e-01
6.0000e+01 1.4000e+02 -9.1113e-02
6.0000e+01 1.5000e+02 -2.0112e+00
6.0000e+01 1.6000e+02 9.2803e-01
6.0000e+01 1.7000e+02 -5.3920e-01
6.0000e+01 1.8000e+02 -4.8691e-01
6.0000e+01 1.9000e+02 -1.2781e+00
6.0000e+01 2.0000e+02 -1.2831e+00
7.0000e+01 -2.0000e+02 1.1861e-02
7.0000e+01 -1.9000e+02 -5.5683e-01
7.0000e+01 -1.8000e+02 -3.4393e+00
7.0000e+01 -1.7000e+02 3.0379e-01
7.0000e+01 -1.6000e+02 8.7674e-01
7.0000e+01 -1.5000e+02 -2.1224e+00
7.0000e+01 -1.4000e+02 -1.6557e-01
7.0000e+01 -1.3000e+02 -4.9780e+00
7.0000e+01 -1.2000e+02 -2.8523e+00
7.0000e+01 -1.1000e+02 -1.5480e+00
7.0000e+01 -1.0000e+02 -1.1580e+00
7.0000e+01 -9.0000e+01 -1.9255e+00
7.0000e+01 -8.0000e+01 -6.3616e+00
7.0000e+01 -7.0000e+01 -1.2094e+00
7.0000e+01 -6.0000e+01 -1.8378e+00
7.0000e+01 -5.0000e+01 -2.3175e+00
7.0000e+01 -4.0000e+01 -6.9857e+00
7.0000e+01 -3.0000e+01 -3.7292e+00
7.0000e+01 -2.0000e+01 -9.1607e+00
7.0000e+01 -1.0000e+01 -9.0060e+00
7.0000e+01 0.0000e+00 -7.9803e+00
7.0000e+01 1.0000e+01 -6.4759e+00
7.0000e+01 2.0000e+01 -5.3608e+00
7.0000e+01 3.0000e+01 -3.9855e+00
7.0000e+01 4.0000e+01 -7.0132e+00
7.0000e+01 5.0000e+01 -4.7201e+00
7.0000e+01 6.0000e+01 -4.7448e+00
7.0000e+01 7.0000e+01 -6.1491e+00
7.0000e+01 8.0000e+01 -3.3772e+00
7.0000e+01 9.0000e+01 -2.7077e-01
7.0000e+01 1.0000e+02 7.3049e-01
7.0000e+01 1.1000e+02 -2.6834e+00
7.0000e+01 1.2000e+02 1.4400e+00
7.0000e+01 1.3000e+02 -2.1129e+00
7.0000e+01 1.4000e+02 2.5290e+00
7.0000e+01 1.5000e+02 -2.0688e+00
7.0000e+01 1.6000e+02 1.4441e+00
7.0000e+01 1.7000e+02 3.7500e-01
7.0000e+01 1.8000e+02 5.4768e-01
7.0000e+01 1.9000e+02 2.7661e+00
7.0000e+01 2.0000e+02 6.4379e-01
8.0000e+01 -2.0000e+02 1.2229e+00
8.0000e+01 -1.9000e+02 -1.4927e+00
8.0000e+01 -1.8000e+02 -8.2425e-01
8.0000e+01 -1.7000e+02 -1.5661e+00
8.0000e+01 -1.6000e+02 -2.2694e+00
8.0000e+01 -1.5000e+02 -9.8933e-02
8.0000e+01 -1.4000e+02 4.6688e-01
8.0000e+01 -1.3000e+02 1.5544e-01
8.0000e+01 -1.2000e+02 -1.7580e+00
8.0000e+01 -1.1000e+02 -2.5174e+00
8.0000e+01 -1.0000e+02 7.8827e-01
8.0000e+01 -9.0000e+01 -1.2708e+00
8.0000e+01 -8.0000e+01 -2.3575e+00
8.0000e+01 -7.0000e+01 -1.6396e+00
8.0000e+01 -6.0000e+01 -6.7160e+00
8.0000e+01 -5.0000e+01 -2.1672e+00
8.0000e+01 -4.0000e+01 -4.7085e+00
8.0000e+01 -3.0000e+01 -6.7506e+00
8.0000e+01 -2.0000e+01 -4.3249e+00
8.0000e+01 -1.0000e+01 -6.0393e+00
8.0000e+01 0.0000e+00 -3.6326e+00
8.0000e+01 1.0000e+01 -4.8850e+00
8.0000e+01 2.0000e+01 -3.4637e+00
8.0000e+01 3.0000e+01 -4.8295e+00
8.0000e+01 4.0000e+01 -5.2414e+00
8.0000e+01 5.0000e+01 -1.7290e+00
8.0000e+01 6.0000e+01 -3.4330e+00
8.0000e+01 7.0000e+01 -3.0802e+00
8.0000e+01 8.0000e+01 -8.1615e-01
8.0000e+01 9.0000e+01 -1.3989e-01
8.0000e+01 1.0000e+02 -3.2236e+00
8.0000e+01 1.1000e+02 -1.7802e+00
8.0000e+01 1.2000e+02 4.9083e-01
8.0000e+01 1.3000e+02 -1.6931e+00
8.0000e+01 1.4000e+02 -3.2792e+00
8.0000e+01 1.5000e+02 -2.1870e+00
8.0000e+01 1.6000e+02 1.8006e+00
8.0000e+01 1.7000e+02 6.2549e-01
8.0000e+01 1.8000e+02 2.3601e+00
8.0000e+01 1.9000e+02 -6.5453e-01
8.0000e+01 2.0000e+02 -1.7190e+00
9.0000e+01 -2.0000e+02 1.0557e+00
9.0000e+01 -1.9000e+02 1.0401e+00
9.0000e+01 -1.8000e+02 1.0134e+00
9.0000e+01 -1.7000e+02 1.5175e+00
9.0000e+01 -1.6000e+02 2.0296e-01
9.0000e+01 -1.5000e+02 3.3677e-01
9.0000e+01 -1.4000e+02 -1.5974e+00
9.0000e+01 -1.3000e+02 6.3813e-01
9.0000e+01 -1.2000e+02 1.3163e-02
9.0000e+01 -1.1000e+02 1.0864e+00
9.0000e+01 -1.0000e+02 1.0866e+00
9.0000e+01 -9.0000e+01 -3.6276e+00
9.0000e+01 -8.0000e+01 -2.7166e+00
9.0000e+01 -7.0000e+01 -2.7922e+00
9.0000e+01 -6.0000e+01 -1.3868e-01
9.0000e+01 -5.0000e+01 6.5730e-01
9.0000e+01 -4.0000e+01 -4.8174e+00
9.0000e+01 -3.0000e+01 -3.2333e+00
9.0000e+01 -2.0000e+01 -1.9063e+00
9.0000e+01 -1.0000e+01 -3.3863e+00
9.0000e+01 0.0000e+00 -3.3309e+00
9.0000e+01 1.0000e+01 -2.2500e+00
9.0000e+01 2.0000e+01 -1.7467e+00
9.0000e+01 3.0000e+01 -2.6896e+00
9.0000e+01 4.0000e+01 -6.1465e+00
9.0000e+01 5.0000e+01 -2.9838e+00
9.0000e+01 6.0000e+01 -1.9140e+00
9.0000e+01 7.0000e+01 4.0330e-01
9.0000e+01 8.0000e+01 -1.7365e+00
9.0000e+01 9.0000e+01 -2.0709e+00
9.0000e+01 1.0000e+02 -1.1868e+00
9.0000e+01 1.1000e+02 -7.0836e-01
9.0000e+01 1.2000e+02 2.6735e-01
9.0000e+01 1.3000e+02 -2.4280e+00
9.0000e+01 1.4000e+02 3.3607e+00
9.0000e+01 1.5000e+02 -3.8392e+00
9.0000e+01 1.6000e+02 -1.5182e+00
9.0000e+01 1.7000e+02 7.3604e-01
9.0000e+01 1.8000e+02 -2.0887e+00
9.0000e+01 1.9000e+02 3.5142e+00
9.0000e+01 2.0000e+02 1.3919e+00
1.0000e+02 -2.0000e+02 7.7983e-01
1.0000e+02 -1.9000e+02 -8.7758e-02
1.0000e+02 -1.8000e+02 -2.8350e+00
1.0000e+02 -1.7000e+02 2.5946e-01
1.0000e+02 -1.6000e+02 -3.7623e+00
1.0000e+02 -1.5000e+02 -5.5915e-01
1.0000e+02 -1.4000e+02 -8.7376e-01
1.0000e+02 -1.3000e+02 1.4622e+00
1.0000e+02 -1.2000e+02 2.4050e-01
1.0000e+02 -1.1000e+02 1.0128e+00
1.0000e+02 -1.0000e+02 -5.5147e-01
1.0000e+02 -9.0000e+01 -3.8782e-03
1.0000e+02 -8.0000e+01 -5.1805e-01
1.0000e+02 -7.0000e+01 -4.3971e+00
1.0000e+02 -6.0000e+01 -2.4136e+00
1.0000e+02 -5.0000e+01 4.9400e-01
1.0000e+02 -4.0000e+01 -2.4981e-01
1.0000e+02 -3.0000e+01 -3.8822e+00
1.0000e+02 -2.0000e+01 -3.3804e+00
1.0000e+02 -1.0000e+01 -4.4508e+00
1.0000e+02 0.0000e+00 -6.6598e+00
1.0000e+02 1.0000e+01 -5.1259e+00
1.0000e+02 2.0000e+01 -9.8452e-01
1.0000e+02 3.0000e+01 -3.7304e-02
1.0000e+02 4.0000e+01 -2.1557e+00
1.0000e+02 5.0000e+01 -2.3234e+00
1.0000e+02 6.0000e+01 -1.6024e+00
1.0000e+02 7.0000e+01 -9.8359e-01
1.0000e+02 8.0000e+01 1.5362e+00
1.0000e+02 9.0000e+01 -3.4563e-01
1.0000e+02 1.0000e+02 -1.5644e+00
1.0000e+02 1.1000e+02 -3.1878e-01
1.0000e+02 1.2000e+02 1.0416e+00
1.0000e+02 1.3000e+02 8.7794e-01
1.0000e+02 1.4000e+02 6.3830e-01
1.0000e+02 1.5000e+02 -2.3563e-01
1.0000e+02 1.6000e+02 9.1269e-01
1.0000e+02 1.7000e+02 1.6662e+00
1.0000e+02 1.8000e+02 -2.2182e+00
1.0000e+02 1.9000e+02 2.1213e+00
1.0000e+02 2.0000e+02 -3.2153e+00
1.1000e+02 -2.0000e+02 -1.0131e+00
1.1000e+02 -1.9000e+02 -1.8061e-01
1.1000e+02 -1.8000e+02 -1.9545e+00
1.1000e+02 -1.7000e+02 6.2571e-02
1.1000e+02 -1.6000e+02 -8.7645e-01
1.1000e+02 -1.5000e+02 -7.3627e-01
1.1000e+02 -1.4000e+02 -2.6579e+00
1.1000e+02 -1.3000e+02 -6.5796e-01
1.1000e+02 -1.2000e+02 -1.6162e+00
1.1000e+02 -1.1000e+02 -5.1757e-01
1.1000e+02 -1.0000e+02 -2.8131e+00
1.1000e+02 -9.0000e+01 3.6889e-01
1.1000e+02 -8.0000e+01 1.3474e+00
1.1000e+02 -7.0000e+01 1.3562e+00
1.1000e+02 -6.0000e+01 -2.6482e+00
1.1000e+02 -5.0000e+01 -2.4595e+00
1.1000e+02 -4.0000e+01 -7.0343e-01
1.1000e+02 -3.0000e+01 -1.0558e+00
1.1000e+02 -2.0000e+01 -2.6396e+00
1.1000e+02 -1.0000e+01 -2.8035e+00
1.1000e+02 0.0000e+00 -2.5000e+00
1.1000e+02 1.0000e+01 -3.4796e+00
1.1000e+02 2.0000e+01 -6.8653e+00
1.1000e+02 3.0000e+01 -4.2272e+00
1.1000e+02 4.0000e+01 1.8015e-02
1.1000e+02 5.0000e+01 -2.9561e+00
1.1000e+02 6.0000e+01 -4.0745e-01
1.1000e+02 7.0000e+01 -1.0506e-01
1.1000e+02 8.0000e+01 8.4286e-01
1.1000e+02 9.0000e+01 -1.9882e+00
1.1000e+02 1.0000e+02 2.2648e-01
1.1000e+02 1.1000e+02 -3.1486e-01
1.1000e+02 1.2000e+02 -1.5785e+00
1.1000e+02 1.3000e+02 -3.2087e+00
1.1000e+02 1.4000e+02 -2.5568e-01
1.1000e+02 1.5000e+02 2.4313e-01
1.1000e+02 1.6000e+02 -1.5111e+00
1.1000e+02 1.7000e+02 -1.1914e+00
1.1000e+02 1.8000e+02 -1.3706e+00
1.1000e+02 1.9000e+02 6.4997e-01
1.1000e+02 2.0000e+02 -3.7444e+00
1.2000e+02 -2.0000e+02 -2.1639e-01
1.2000e+02 -1.9000e+02 -2.1829e+00
1.2000e+02 -1.8000e+02 -2.6166e+00
1.2000e+02 -1.7000e+02 -1.1004e+00
1.2000e+02 -1.6000e+02 9.6488e-02
1.2000e+02 -1.5000e+02 1.2886e+00
1.2000e+02 -1.4000e+02 9.2789e-01
1.2000e+02 -1.3000e+02 -1.0890e-01
1.2000e+02 -1.2000e+02 -1.8545e+00
1.2000e+02 -1.1000e+02 -2.9676e+00
1.2000e+02 -1.0000e+02 7.3160e-01
1.2000e+02 -9.0000e+01 -5.1306e-01
1.2000e+02 -8.0000e+01 4.8866e-01
1.2000e+02 -7.0000e+01 -8.3519e-01
1.2000e+02 -6.0000e+01 -1.5011e-01
1.2000e+02 -5.0000e+01 7.4599e-01
1.2000e+02 -4.0000e+01 -3.8202e-01
1.2000e+02 -3.0000e+01 -2.0665e+00
1.2000e+02 -2.0000e+01 -1.0519e+00
1.2000e+02 -1.0000e+01 -2.5160e+00
1.2000e+02 0.0000e+00 1.2740e+00
1.2000e+02 1.0000e+01 1.1798e-01
1.2000e+02 2.0000e+01 -3.0943e+00
1.2000e+02 3.0000e+01 -1.1333e+00
1.2000e+02 4.0000e+01 -9.0122e-01
1.2000e+02 5.0000e+01 3.1412e-02
1.2000e+02 6.0000e+01 1.8849e+00
1.2000e+02 7.0000e+01 -4.9914e-01
1.2000e+02 8.0000e+01 1.1672e-01
1.2000e+02 9.0000e+01 -9.3801e-01
1.2000e+02 1.0000e+02 1.2034e+00
1.2000e+02 1.1000e+02 -3.6785e-01
1.2000e+02 1.2000e+02 -1.2265e+00
1.2000e+02 1.3000e+02 -6.0874e-01
1.2000e+02 1.4000e+02 -1.6725e+00
1.2000e+02 1.5000e+02 1.5955e+00
1.2000e+02 1.6000e+02 -1.1718e+00
1.2000e+02 1.7000e+02 -1.5003e+00
1.2000e+02 1.8000e+02 -1.5329e+00
1.2000e+02 1.9000e+02 -1.0946e+00
1.2000e+02 2.0000e+02 -1.9541e+00
1.3000e+02 -2.0000e+02 -2.5065e+00
1.3000e+02 -1.9000e+02 1.6310e+00
1.3000e+02 -1.8000e+02 -8.5836e-01
1.3000e+02 -1.7000e+02 -2.3884e+00
1.3000e+02 -1.6000e+02 -2.5723e-01
1.3000e+02 -1.5000e+02 -5.6828e-01
1.3000e+02 -1.4000e+02 -1.0746e+00
1.3000e+02 -1.3000e+02 2.8866e+00
1.3000e+02 -1.2000e+02 -1.4275e+00
1.3000e+02 -1.1000e+02 9.3393e-01
1.3000e+02 -1.0000e+02 4.1289e-01
1.3000e+02 -9.0000e+01 5.2589e-02
1.3000e+02 -8.0000e+01 -1.8211e-01
1.3000e+02 -7.0000e+01 7.7998e-01
1.3000e+02 -6.0000e+01 -8.0576e-01
1.3000e+02 -5.0000e+01 2.7680e-01
1.3000e+02 -4.0000e+01 -9.9067e-01
1.3000e+02 -3.0000e+01 -5.0792e+00
1.3000e+02 -2.0000e+01 -3.6464e+00
1.3000e+02 -1.0000e+01 -6.4351e-01
1.3000e+02 0.0000e+00 -5.8008e-01
1.3000e+02 1.0000e+01 -2.4479e+00
1.3000e+02 2.0000e+01 -2.7211e+00
1.3000e+02 3.0000e+01 -1.2664e+00
1.3000e+02 4.0000e+01 -3.5172e+00
1.3000e+02 5.0000e+01 -2.4784e+00
1.3000e+02 6.0000e+01 4.3205e-01
1.3000e+02 7.0000e+01 -1.5906e+00
1.3000e+02 8.0000e+01 -2.6661e+00
1.3000e+02 9.0000e+01 -9.0312e-01
1.3000e+02 1.0000e+02 2.5472e-01
1.3000e+02 1.1000e+02 -2.9538e-02
1.3000e+02 1.2000e+02 2.9054e+00
1.3000e+02 1.3000e+02 -3.3998e-01
1.3000e+02 1.4000e+02 1.6444e+00
1.3000e+02 1.5000e+02 2.0018e-02
1.3000e+02 1.6000e+02 2.5631e-02
1.3000e+02 1.7000e+02 -8.0147e-01
1.3000e+02 1.8000e+02 1.0364e+00
1.3000e+02 1.9000e+02 -4.5609e-01
1.3000e+02 2.0000e+02 -2.2483e+00
1.4000e+02 -2.0000e+02 -2.6177e+00
1.4000e+02 -1.9000e+02 -2.2283e+00
1.4000e+02 -1.8000e+02 -3.6221e-01
1.4000e+02 -1.7000e+02 2.0666e+00
1.4000e+02 -1.6000e+02 -3.7927e-01
1.4000e+02 -1.5000e+02 -8.7374e-01
1.4000e+02 -1.4000e+02 -3.1098e-01
1.4000e+02 -1.3000e+02 7.8324e-01
1.4000e+02 -1.2000e+02 5.2486e-01
1.4000e+02 -1.1000e+02 2.8166e+00
1.4000e+02 -1.0000e+02 -6.7406e-01
1.4000e+02 -9.0000e+01 -3.1044e+00
1.4000e+02 -8.0000e+01 -1.9912e+00
1.4000e+02 -7.0000e+01 4.7876e-01
1.4000e+02 -6.0000e+01 -6.4351e-01
1.4000e+02 -5.0000e+01 -1.0463e+00
1.4000e+02 -4.0000e+01 -2.4349e+00
1.4000e+02 -3.0000e+01 1.2810e+00
1.4000e+02 -2.0000e+01 -1.5178e+00
1.4000e+02 -1.0000e+01 -1.1320e+00
1.4000e+02 0.0000e+00 -2.1499e+00
1.4000e+02 1.0000e+01 -1.0701e+00
1.4000e+02 2.0000e+01 -1.0500e+00
1.4000e+02 3.0000e+01 -1.0651e+00
1.4000e+02 4.0000e+01 3.6334e-01
1.4000e+02 5.0000e+01 -1.0463e+00
1.4000e+02 6.0000e+01 -3.3266e+00
1.4000e+02 7.0000e+01 -9.8475e-01
1.4000e+02 8.0000e+01 1.1749e+00
1.4000e+02 9.0000e+01 2.1232e+00
1.4000e+02 1.0000e+02 2.2607e+00
1.4000e+02 1.1000e+02 -1.2661e+00
1.4000e+02 1.2000e+02 -1.4011e+00
1.4000e+02 1.3000e+02 4.0541e+00
1.4000e+02 1.4000e+02 1.7773e+00
1.4000e+02 1.5000e+02 -1.4164e-01
1.4000e+02 1.6000e+02 1.7347e+00
1.4000e+02 1.7000e+02 1.8875e+00
1.4000e+02 1.8000e+02 -2.1449e+00
1.4000e+02 1.9000e+02 2.1557e+00
1.4000e+02 2.0000e+02 -1.4655e+00
1.5000e+02 -2.0000e+02 -1.3167e+00
1.5000e+02 -1.9000e+02 -1.8518e+00
1.5000e+02 -1.8000e+02 -1.6094e+00
1.5000e+02 -1.7000e+02 2.2772e-01
1.5000e+02 -1.6000e+02 1.8534e-01
1.5000e+02 -1.5000e+02 -1.0557e+00
1.5000e+02 -1.4000e+02 -7.4820e-01
1.5000e+02 -1.3000e+02 -2.1659e-01
1.5000e+02 -1.2000e+02 -9.9708e-01
1.5000e+02 -1.1000e+02 9.9662e-01
1.5000e+02 -1.0000e+02 -2.3473e-01
1.5000e+02 -9.0000e+01 1.4096e+00
1.5000e+02 -8.0000e+01 -1.5093e-01
1.5000e+02 -7.0000e+01 -2.3714e-01
1.5000e+02 -6.0000e+01 -1.6084e+00
1.5000e+02 -5.0000e+01 -1.4778e+00
1.5000e+02 -4.0000e+01 1.8466e-01
1.5000e+02 -3.0000e+01 4.9121e-01
1.5000e+02 -2.0000e+01 -1.3897e+00
1.5000e+02 -1.0000e+01 6.6499e-01
1.5000e+02 0.0000e+00 -2.1425e+00
1.5000e+02 1.0000e+01 -1.2903e+00
1.5000e+02 2.0000e+01 -1.4390e+00
1.5000e+02 3.0000e+01 1.8322e+00
1.5000e+02 4.0000e+01 -3.4608e-01
1.5000e+02 5.0000e+01 4.7401e-01
1.5000e+02 6.0000e+01 -2.2297e+00
1.5000e+02 7.0000e+01 -1.1024e+00
1.5000e+02 8.0000e+01 -3.7244e+00
1.5000e+02 9.0000e+01 9.1003e-01
1.5000e+02 1.0000e+02 2.6458e+00
1.5000e+02 1.1000e+02 1.4272e+00
1.5000e+02 1.2000e+02 2.9681e+00
1.5000e+02 1.3000e+02 8.0007e-01
1.5000e+02 1.4000e+02 3.6387e-01
1.5000e+02 1.5000e+02 -2.8481e+00
1.5000e+02 1.6000e+02 3.1985e-01
1.5000e+02 1.7000e+02 1.1461e+00
1.5000e+02 1.8000e+02 -3.2429e-01
1.5000e+02 1.9000e+02 -2.5225e+00
1.5000e+02 2.0000e+02 -2.0403e+00
1.6000e+02 -2.0000e+02 1.7573e+00
1.6000e+02 -1.9000e+02 -2.9886e-01
1.6000e+02 -1.8000e+02 -8.3251e-01
1.6000e+02 -1.7000e+02 -1.9573e-01
1.6000e+02 -1.6000e+02 2.5854e-01
1.6000e+02 -1.5000e+02 -1.1902e+00
1.6000e+02 -1.4000e+02 1.4646e+00
1.6000e+02 -1.3000e+02 6.1345e-01
1.6000e+02 -1.2000e+02 -1.2300e+00
1.6000e+02 -1.1000e+02 1.7460e+00
1.6000e+02 -1.0000e+02 1.9941e+00
1.6000e+02 -9.0000e+01 2.1837e+00
1.6000e+02 -8.0000e+01 -9.1634e-01
1.6000e+02 -7.0000e+01 1.4525e+00
1.6000e+02 -6.0000e+01 2.0105e-01
1.6000e+02 -5.0000e+01 -9.7772e-01
1.6000e+02 -4.0000e+01 -5.8684e-02
1.6000e+02 -3.0000e+01 1.9560e+00
1.6000e+02 -2.0000e+01 2.6681e+00
1.6000e+02 -1.0000e+01 -3.1157e-01
1.6000e+02 0.0000e+00 -6.2186e-02
1.6000e+02 1.0000e+01 -1.0375e+00
1.6000e+02 2.0000e+01 3.2340e-02
1.6000e+02 3.0000e+01 -1.6737e+00
1.6000e+02 4.0000e+01 1.5019e-01
1.6000e+02 5.0000e+01 -1.8949e+00
1.6000e+02 6.0000e+01 -1.0138e+00
1.6000e+02 7.0000e+01 -1.2166e-01
1.6000e+02 8.0000e+01 -1.6634e+00
1.6000e+02 9.0000e+01 -5.9573e-01
1.6000e+02 1.0000e+02 -1.5717e+00
1.6000e+02 1.1000e+02 5.4494e-01
1.6000e+02 1.2000e+02 2.1987e-01
1.6000e+02 1.3000e+02 1.4535e-01
1.6000e+02 1.4000e+02 -5.8506e-01
1.6000e+02 1.5000e+02 -1.6885e+00
1.6000e+02 1.6000e+02 1.8413e+00
1.6000e+02 1.7000e+02 -3.9005e+00
1.6000e+02 1.8000e+02 -6.3500e-01
1.6000e+02 1.9000e+02 -1.8945e+00
1.6000e+02 2.0000e+02 2.6387e+00
1.7000e+02 -2.0000e+02 -2.4578e+00
1.7000e+02 -1.9000e+02 3.0186e+00
1.7000e+02 -1.8000e+02 1.0582e+00
1.7000e+02 -1.7000e+02 -5.2894e-01
1.7000e+02 -1.6000e+02 -8.5400e-03
1.7000e+02 -1.5000e+02 -7.2185e-01
1.7000e+02 -1.4000e+02 -1.2024e+00
1.7000e+02 -1.3000e+02 3.7231e-01
1.7000e+02 -1.2000e+02 4.6948e-01
1.7000e+02 -1.1000e+02 -6.0534e-01
1.7000e+02 -1.0000e+02 1.0984e-01
1.7000e+02 -9.0000e+01 3.2019e+00
1.7000e+02 -8.0000e+01 -6.0310e-01
1.7000e+02 -7.0000e+01 -3.1420e+00
1.7000e+02 -6.0000e+01 1.3435e+00
1.7000e+02 -5.0000e+01 -1.0602e+00
1.7000e+02 -4.0000e+01 -1.2508e+00
1.7000e+02 -3.0000e+01 -1.3532e+00
1.7000e+02 -2.0000e+01 -4.9990e-01
1.7000e+02 -1.0000e+01 1.4280e-01
1.7000e+02 0.0000e+00 -3.8182e-02
1.7000e+02 1.0000e+01 2.0892e+00
1.7000e+02 2.0000e+01 -2.0734e+00
1.7000e+02 3.0000e+01 1.0240e+00
1.7000e+02 4.0000e+01 1.1550e+00
1.7000e+02 5.0000e+01 -3.9804e-01
1.7000e+02 6.0000e+01 -7.7627e-01
1.7000e+02 7.0000e+01 -6.5699e-01
1.7000e+02 8.0000e+01 1.0462e+00
1.7000e+02 9.0000e+01 -2.4651e-02
1.7000e+02 1.0000e+02 1.4972e-01
1.7000e+02 1.1000e+02 2.6715e+00
1.7000e+02 1.2000e+02 5.6920e-01
1.7000e+02 1.3000e+02 -7.8565e-01
1.7000e+02 1.4000e+02 -1.3021e+00
1.7000e+02 1.5000e+02 1.1099e+00
1.7000e+02 1.6000e+02 -1.1432e+00
1.7000e+02 1.7000e+02 1.2721e+00
1.7000e+02 1.8000e+02 -2.1426e-01
1.7000e+02 1.9000e+02 1.1681e+00
1.7000e+02 2.0000e+02 -1.1467e+00
1.8000e+02 -2.0000e+02 1.5229e+00
1.8000e+02 -1.9000e+02 -8.6210e-01
1.8000e+02 -1.8000e+02 -1.6717e+00
1.8000e+02 -1.7000e+02 9.3848e-01
1.8000e+02 -1.6000e+02 -1.4509e+00
1.8000e+02 -1.5000e+02 -1.5774e+00
1.8000e+02 -1.4000e+02 7.6569e-01
1.8000e+02 -1.3000e+02 8.2172e-01
1.8000e+02 -1.2000e+02 1.5276e+00
1.8000e+02 -1.1000e+02 3.7591e+00
1.8000e+02 -1.0000e+02 8.3394e-01
1.8000e+02 -9.0000e+01 -1.0622e-01
1.8000e+02 -8.0000e+01 4.5931e-01
1.8000e+02 -7.0000e+01 2.3131e+00
1.8000e+02 -6.0000e+01 -2.6420e+00
1.8000e+02 -5.0000e+01 1.8175e+00
1.8000e+02 -4.0000e+01 1.6874e+00
1.8000e+02 -3.0000e+01 -1.6519e+00
1.8000e+02 -2.0000e+01 -1.1760e+00
1.8000e+02 -1.0000e+01 -1.1340e+00
1.8000e+02 0.0000e+00 1.7048e-01
1.8000e+02 1.0000e+01 -7.5082e-01
1.8000e+02 2.0000e+01 -1.5816e+00
1.8000e+02 3.0000e+01 -9.6290e-01
1.8000e+02 4.0000e+01 7.9683e-01
1.8000e+02 5.0000e+01 6.8032e-01
1.8000e+02 6.0000e+01 -1.1079e+00
1.8000e+02 7.0000e+01 -3.4553e-01
1.8000e+02 8.0000e+01 -1.0936e+00
1.8000e+02 9.0000e+01 2.8238e+00
1.8000e+02 1.0000e+02 -1.7382e+00
1.8000e+02 1.1000e+02 -1.3472e+00
1.8000e+02 1.2000e+02 3.0799e-01
1.8000e+02 1.3000e+02 -7.4826e-01
1.8000e+02 1.4000e+02 -9.0193e-01
1.8000e+02 1.5000e+02 2.7449e-01
1.8000e+02 1.6000e+02 3.6157e+00
1.8000e+02 1.7000e+02 -5.0569e-01
1.8000e+02 1.8000e+02 -3.2353e-01
1.8000e+02 1.9000e+02 -3.2558e+00
1.8000e+02 2.0000e+02 6.8344e-01
1.9000e+02 -2.0000e+02 -1.6053e-01
1.9000e+02 -1.9000e+02 -1.8230e-01
1.9000e+02 -1.8000e+02 -4.2951e-01
1.9000e+02 -1.7000e+02 -2.6932e+00
1.9000e+02 -1.6000e+02 -1.4697e-02
1.9000e+02 -1.5000e+02 5.5303e-01
1.9000e+02 -1.4000e+02 2.3964e+00
1.9000e+02 -1.3000e+02 1.9033e+00
1.9000e+02 -1.2000e+02 -9.7919e-01
1.9000e+02 -1.1000e+02 1.8296e+00
1.9000e+02 -1.0000e+02 1.3786e+00
1.9000e+02 -9.0000e+01 4.4102e-01
1.9000e+02 -8.0000e+01 2.8091e+00
1.9000e+02 -7.0000e+01 6.9730e-01
1.9000e+02 -6.0000e+01 7.1079e-01
1.9000e+02 -5.0000e+01 -2.8035e+00
1.9000e+02 -4.0000e+01 1.5293e+00
1.9000e+02 -3.0000e+01 -2.0781e+00
1.9000e+02 -2.0000e+01 1.6230e+00
1.9000e+02 -1.0000e+01 1.2695e+00
1.9000e+02 0.0000e+00 1.1344e-02
1.9000e+02 1.0000e+01 2.3177e+00
1.9000e+02 2.0000e+01 -4.1878e-02
1.9000e+02 3.0000e+01 -1.7467e+00
1.9000e+02 4.0000e+01 5.3501e-01
1.9000e+02 5.0000e+01 -2.9127e-01
1.9000e+02 6.0000e+01 -7.4478e-01
1.9000e+02 7.0000e+01 -6.4082e-01
1.9000e+02 8.0000e+01 -1.4212e-01
1.9000e+02 9.0000e+01 -5.7526e-02
1.9000e+02 1.0000e+02 -5.6106e-01
1.9000e+02 1.1000e+02 -2.3541e-01
1.9000e+02 1.2000e+02 -8.9682e-01
1.9000e+02 1.3000e+02 -4.3174e-01
1.9000e+02 1.4000e+02 -1.1112e+00
1.9000e+02 1.5000e+02 1.7249e-02
1.9000e+02 1.6000e+02 -1.1149e+00
1.9000e+02 1.7000e+02 5.6112e-01
1.9000e+02 1.8000e+02 7.7797e-01
1.9000e+02 1.9000e+02 -1.8594e+00
1.9000e+02 2.0000e+02 -1.5611e+00
2.0000e+02 -2.0000e+02 4.7762e-01
2.0000e+02 -1.9000e+02 8.0920e-01
2.0000e+02 -1.8000e+02 2.4183e+00
2.0000e+02 -1.7000e+02 -1.6011e+00
2.0000e+02 -1.6000e+02 5.2626e-01
2.0000e+02 -1.5000e+02 1.8943e+00
2.0000e+02 -1.4000e+02 3.3650e-01
2.0000e+02 -1.3000e+02 5.7928e-01
2.0000e+02 -1.2000e+02 1.6422e+00
2.0000e+02 -1.1000e+02 2.1388e+00
2.0000e+02 -1.0000e+02 1.2491e+00
2.0000e+02 -9.0000e+01 5.5462e-01
2.0000e+02 -8.0000e+01 -8.8754e-01
2.0000e+02 -7.0000e+01 8.6823e-01
2.0000e+02 -6.0000e+01 5.0567e-01
2.0000e+02 -5.0000e+01 7.9434e-01
2.0000e+02 -4.0000e+01 1.5545e+00
2.0000e+02 -3.0000e+01 2.7960e+00
2.0000e+02 -2.0000e+01 -1.2694e+00
2.0000e+02 -1.0000e+01 -2.3126e+00
2.0000e+02 0.0000e+00 -8.4735e-01
2.0000e+02 1.0000e+01 1.9516e+00
2.0000e+02 2.0000e+01 -1.8010e+00
2.0000e+02 3.0000e+01 6.4888e-01
2.0000e+02 4.0000e+01 3.0302e-01
2.0000e+02 5.0000e+01 3.3805e-01
2.0000e+02 6.0000e+01 8.6097e-01
2.0000e+02 7.0000e+01 -2.1438e+00
2.0000e+02 8.0000e+01 1.3728e+00
2.0000e+02 9.0000e+01 -7.4234e-01
2.0000e+02 1.0000e+02 -1.4027e+00
2.0000e+02 1.1000e+02 -2.6969e+00
2.0000e+02 1.2000e+02 1.2300e+00
2.0000e+02 1.3000e+02 -2.3246e+00
2.0000e+02 1.4000e+02 6.8613e-01
2.0000e+02 1.5000e+02 1.7689e+00
2.0000e+02 1.6000e+02 8.2193e-01
2.0000e+02 1.7000e+02 -8.1796e-02
2.0000e+02 1.8000e+02 -4.5651e-01
2.0000e+02 1.9000e+02 -2.0165e+00
2.0000e+02 2.0000e+02 -1.1913e-01
