-2.0000e+02 -2.0000e+02 1.4627e+00
-2.0000e+02 -1.9000e+02 -1.5673e+00
-2.0000e+02 -1.8000e+02 2.8021e-01
-2.0000e+02 -1.7000e+02 7.4354e-01
-2.0000e+02 -1.6000e+02 -1.9151e+00
-2.0000e+02 -1.5000e+02 2.3010e+00
-2.0000e+02 -1.4000e+02 5.6693e-01
-2.0000e+02 -1.3000e+02 -7.7937e-01
-2.0000e+02 -1.2000e+02 -9.5851e-01
-2.0000e+02 -1.1000e+02 7.1571e-01
-2.0000e+02 -1.0000e+02 1.8509e-01
-2.0000e+02 -9.0000e+01 1.7878e+00
-2.0000e+02 -8.0000e+01 8.5034e-01
-2.0000e+02 -7.0000e+01 -2.7684e+00
-2.0000e+02 -6.0000e+01 -2.2337e+00
-2.0000e+02 -5.0000e+01 -2.0001e-02
-2.0000e+02 -4.0000e+01 1.2206e+00
-2.0000e+02 -3.0000e+01 1.2513e+00
-2.0000e+02 -2.0000e+01 -1.0813e-01
-2.0000e+02 -1.0000e+01 5.3628e-01
-2.0000e+02 0.0000e+00 1.0398e+00
-2.0000e+02 1.0000e+01 3.3769e+00
-2.0000e+02 2.0000e+01 -2.3612e-01
-2.0000e+02 3.0000e+01 3.9037e-01
-2.0000e+02 4.0000e+01 -2.5425e-01
-2.0000e+02 5.0000e+01 7.7573e-01
-2.0000e+02 6.0000e+01 8.7689e-01
-2.0000e+02 7.0000e+01 -2.5851e-01
-2.0000e+02 8.0000e+01 -6.4438e-01
-2.0000e+02 9.0000e+01 7.1575e-01
-2.0000e+02 1.0000e+02 -7.4721e-01
-2.0000e+02 1.1000e+02 7.5287e-01
-2.0000e+02 1.2000e+02 -5.0041e-01
-2.0000e+02 1.3000e+02 4.8621e-01
-2.0000e+02 1.4000e+02 -1.1201e+00
-2.0000e+02 1.5000e+02 -1.3914e+00
-2.0000e+02 1.6000e+02 9.5161e-01
-2.0000e+02 1.7000e+02 2.4889e-01
-2.0000e+02 1.8000e+02 -3.5848e-01
-2.0000e+02 1.9000e+02 -1.8799e+00
-2.0000e+02 2.0000e+02 1.8882e+00
-1.9000e+02 -2.0000e+02 2.3261e+00
-1.9000e+02 -1.9000e+02 4.0087e-01
-1.9000e+02 -1.8000e+02 -5.8016e-02
-1.9000e+02 -1.7000e+02 9.0386e-01
-1.9000e+02 -1.6000e+02 -3.6544e-01
-1.9000e+02 -1.5000e+02 -2.5276e-01
-1.9000e+02 -1.4000e+02 -1.9503e+00
-1.9000e+02 -1.3000e+02 3.1402e-02
-1.9000e+02 -1.2000e+02 1.7969e-01
-1.9000e+02 -1.1000e+02 -3.0276e-01
-1.9000e+02 -1.0000e+02 -3.7368e-02
-1.9000e+02 -9.0000e+01 7.8667e-01
-1.9000e+02 -8.0000e+01 -6.5653e-01
-1.9000e+02 -7.0000e+01 3.6615e-01
-1.9000e+02 -6.0000e+01 4.5286e-01
-1.9000e+02 -5.0000e+01 -6.0561e-01
-1.9000e+02 -4.0000e+01 1.8209e+00
-1.9000e+02 -3.0000e+01 -1.0369e+00
-1.9000e+02 -2.0000e+01 -1.1209e+00
-1.9000e+02 -1.0000e+01 -5.1413e-01
-1.9000e+02 0.0000e+00 -5.2942e-01
-1.9000e+02 1.0000e+01 6.3086e-01
-1.9000e+02 2.0000e+01 -1.3891e+00
-1.9000e+02 3.0000e+01 -6.2511e-01
-1.9000e+02 4.0000e+01 -8.6380e-01
-1.9000e+02 5.0000e+01 2.3597e+00
-1.9000e+02 6.0000e+01 -9.7816e-01
-1.9000e+02 7.0000e+01 -9.4184e-01
-1.9000e+02 8.0000e+01 3.7112e-01
-1.9000e+02 9.0000e+01 -1.3893e+00
-1.9000e+02 1.0000e+02 9.2254e-01
-1.9000e+02 1.1000e+02 -1.1431e-01
-1.9000e+02 1.2000e+02 -1.1119e-01
-1.9000e+02 1.3000e+02 1.8191e+00
-1.9000e+02 1.4000e+02 2.7242e+00
-1.9000e+02 1.5000e+02 -1.2011e+00
-1.9000e+02 1.6000e+02 -2.6065e+00
-1.9000e+02 1.7000e+02 -6.9539e-01
-1.9000e+02 1.8000e+02 -9.6754e-01
-1.9000e+02 1.9000e+02 9.5260e-01
-1.9000e+02 2.0000e+02 -3.8613e-01
-1.8000e+02 -2.0000e+02 9.0701e-01
-1.8000e+02 -1.9000e+02 1.6069e+00
-1.8000e+02 -1.8000e+02 5.2922e-01
-1.8000e+02 -1.7000e+02 -1.0829e+00
-1.8000e+02 -1.6000e+02 -1.5866e+00
-1.8000e+02 -1.5000e+02 1.3338e+00
-1.8000e+02 -1.4000e+02 9.5531e-02
-1.8000e+02 -1.3000e+02 1.0488e-01
-1.8000e+02 -1.2000e+02 8.6402e-01
-1.8000e+02 -1.1000e+02 -1.8227e-01
-1.8000e+02 -1.0000e+02 -1.8786e+00
-1.8000e+02 -9.0000e+01 -1.8019e-01
-1.8000e+02 -8.0000e+01 -1.8665e-02
-1.8000e+02 -7.0000e+01 -3.5897e+00
-1.8000e+02 -6.0000e+01 -2.0993e+00
-1.8000e+02 -5.0000e+01 -5.4152e-01
-1.8000e+02 -4.0000e+01 1.2959e+00
-1.8000e+02 -3.0000e+01 1.0303e+00
-1.8000e+02 -2.0000e+01 -1.0978e+00
-1.8000e+02 -1.0000e+01 -3.4148e-01
-1.8000e+02 0.0000e+00 1.2540e+00
-1.8000e+02 1.0000e+01 8.9734e-01
-1.8000e+02 2.0000e+01 1.0979e+00
-1.8000e+02 3.0000e+01 -1.6768e+00
-1.8000e+02 4.0000e+01 1.7983e-02
-1.8000e+02 5.0000e+01 -2.4853e+00
-1.8000e+02 6.0000e+01 1.9027e+00
-1.8000e+02 7.0000e+01 -2.1813e-01
-1.8000e+02 8.0000e+01 -2.2484e+00
-1.8000e+02 9.0000e+01 1.6167e+00
-1.8000e+02 1.0000e+02 -8.8301e-01
-1.8000e+02 1.1000e+02 7.3201e-03
-1.8000e+02 1.2000e+02 1.1058e+00
-1.8000e+02 1.3000e+02 1.7060e+00
-1.8000e+02 1.4000e+02 -7.3087e-01
-1.8000e+02 1.5000e+02 1.7283e+00
-1.8000e+02 1.6000e+02 5.6643e-01
-1.8000e+02 1.7000e+02 7.4024e-01
-1.8000e+02 1.8000e+02 2.5042e+00
-1.8000e+02 1.9000e+02 8.8268e-01
-1.8000e+02 2.0000e+02 -4.0213e-01
-1.7000e+02 -2.0000e+02 -2.6996e+00
-1.7000e+02 -1.9000e+02 1.2607e+00
-1.7000e+02 -1.8000e+02 -6.4391e-01
-1.7000e+02 -1.7000e+02 -4.1313e-01
-1.7000e+02 -1.6000e+02 -6.9683e-01
-1.7000e+02 -1.5000e+02 -5.2281e-01
-1.7000e+02 -1.4000e+02 -1.0129e+00
-1.7000e+02 -1.3000e+02 -1.0796e+00
-1.7000e+02 -1.2000e+02 -2.7921e+00
-1.7000e+02 -1.1000e+02 -3.0565e+00
-1.7000e+02 -1.0000e+02 -2.2870e+00
-1.7000e+02 -9.0000e+01 6.3194e-01
-1.7000e+02 -8.0000e+01 -7.2197e-01
-1.7000e+02 -7.0000e+01 -5.0822e-01
-1.7000e+02 -6.0000e+01 4.1374e-01
-1.7000e+02 -5.0000e+01 2.0016e+00
-1.7000e+02 -4.0000e+01 -9.0966e-01
-1.7000e+02 -3.0000e+01 -3.2874e-01
-1.7000e+02 -2.0000e+01 -7.7459e-01
-1.7000e+02 -1.0000e+01 -2.0519e+00
-1.7000e+02 0.0000e+00 4.8519e-01
-1.7000e+02 1.0000e+01 1.5235e+00
-1.7000e+02 2.0000e+01 -3.4671e-01
-1.7000e+02 3.0000e+01 -1.1735e+00
-1.7000e+02 4.0000e+01 -3.9168e+00
-1.7000e+02 5.0000e+01 -1.5525e+00
-1.7000e+02 6.0000e+01 2.9768e-02
-1.7000e+02 7.0000e+01 1.9427e+00
-1.7000e+02 8.0000e+01 -2.2719e+00
-1.7000e+02 9.0000e+01 -8.3220e-01
-1.7000e+02 1.0000e+02 -3.1028e+00
-1.7000e+02 1.1000e+02 1.5797e-01
-1.7000e+02 1.2000e+02 4.0801e-01
-1.7000e+02 1.3000e+02 -1.5073e+00
-1.7000e+02 1.4000e+02 3.8913e-02
-1.7000e+02 1.5000e+02 -2.3123e+00
-1.7000e+02 1.6000e+02 9.8254e-01
-1.7000e+02 1.7000e+02 1.0379e-01
-1.7000e+02 1.8000e+02 -1.0060e+00
-1.7000e+02 1.9000e+02 -1.8432e+00
-1.7000e+02 2.0000e+02 -3.1076e-01
-1.6000e+02 -2.0000e+02 4.7618e-01
-1.6000e+02 -1.9000e+02 -1.8494e-01
-1.6000e+02 -1.8000e+02 9.2116e-01
-1.6000e+02 -1.7000e+02 1.0362e+00
-1.6000e+02 -1.6000e+02 -6.6413e-01
-1.6000e+02 -1.5000e+02 -1.4423e+00
-1.6000e+02 -1.4000e+02 2.0315e+00
-1.6000e+02 -1.3000e+02 2.0525e-01
-1.6000e+02 -1.2000e+02 -5.4128e-01
-1.6000e+02 -1.1000e+02 4.2997e-01
-1.6000e+02 -1.0000e+02 9.8113e-01
-1.6000e+02 -9.0000e+01 -3.4075e+00
-1.6000e+02 -8.0000e+01 -1.9475e+00
-1.6000e+02 -7.0000e+01 1.8774e+00
-1.6000e+02 -6.0000e+01 -1.5520e+00
-1.6000e+02 -5.0000e+01 -3.2944e+00
-1.6000e+02 -4.0000e+01 -3.2110e-01
-1.6000e+02 -3.0000e+01 -1.2399e+00
-1.6000e+02 -2.0000e+01 -6.6329e-01
-1.6000e+02 -1.0000e+01 1.4326e-01
-1.6000e+02 0.0000e+00 7.6626e-01
-1.6000e+02 1.0000e+01 -2.8792e+00
-1.6000e+02 2.0000e+01 -2.6825e+00
-1.6000e+02 3.0000e+01 2.1390e-01
-1.6000e+02 4.0000e+01 1.2399e-01
-1.6000e+02 5.0000e+01 -1.8030e+00
-1.6000e+02 6.0000e+01 -7.3274e-01
-1.6000e+02 7.0000e+01 -1.5173e+00
-1.6000e+02 8.0000e+01 1.1288e-01
-1.6000e+02 9.0000e+01 1.7042e+00
-1.6000e+02 1.0000e+02 -6.3388e-01
-1.6000e+02 1.1000e+02 2.8582e-01
-1.6000e+02 1.2000e+02 -8.3715e-01
-1.6000e+02 1.3000e+02 9.3804e-01
-1.6000e+02 1.4000e+02 3.0091e-01
-1.6000e+02 1.5000e+02 7.9540e-01
-1.6000e+02 1.6000e+02 -6.2457e-01
-1.6000e+02 1.7000e+02 2.8550e-01
-1.6000e+02 1.8000e+02 6.0222e-01
-1.6000e+02 1.9000e+02 -1.1892e+00
-1.6000e+02 2.0000e+02 -2.3504e+00
-1.5000e+02 -2.0000e+02 1.4501e+00
-1.5000e+02 -1.9000e+02 -7.0517e-01
-1.5000e+02 -1.8000e+02 -5.7455e-01
-1.5000e+02 -1.7000e+02 4.6744e-01
-1.5000e+02 -1.6000e+02 -2.3662e+00
-1.5000e+02 -1.5000e+02 -1.4091e+00
-1.5000e+02 -1.4000e+02 -4.7536e-01
-1.5000e+02 -1.3000e+02 -1.4803e+00
-1.5000e+02 -1.2000e+02 1.7144e+00
-1.5000e+02 -1.1000e+02 -8.4306e-01
-1.5000e+02 -1.0000e+02 -1.5721e+00
-1.5000e+02 -9.0000e+01 1.2632e+00
-1.5000e+02 -8.0000e+01 4.5203e+00
-1.5000e+02 -7.0000e+01 -4.0210e-02
-1.5000e+02 -6.0000e+01 -4.5930e-01
-1.5000e+02 -5.0000e+01 7.4083e-01
-1.5000e+02 -4.0000e+01 -1.7014e+00
-1.5000e+02 -3.0000e+01 -2.2584e+00
-1.5000e+02 -2.0000e+01 -1.7012e+00
-1.5000e+02 -1.0000e+01 -4.3536e-01
-1.5000e+02 0.0000e+00 -1.2195e+00
-1.5000e+02 1.0000e+01 3.1954e-01
-1.5000e+02 2.0000e+01 1.3760e+00
-1.5000e+02 3.0000e+01 -2.2733e+00
-1.5000e+02 4.0000e+01 -2.6503e+00
-1.5000e+02 5.0000e+01 -6.2260e-01
-1.5000e+02 6.0000e+01 -4.8020e-02
-1.5000e+02 7.0000e+01 7.6749e-01
-1.5000e+02 8.0000e+01 2.2227e-01
-1.5000e+02 9.0000e+01 1.8707e+00
-1.5000e+02 1.0000e+02 -6.0942e-01
-1.5000e+02 1.1000e+02 -1.8868e+00
-1.5000e+02 1.2000e+02 -1.7400e+00
-1.5000e+02 1.3000e+02 4.4926e-01
-1.5000e+02 1.4000e+02 2.7616e+00
-1.5000e+02 1.5000e+02 -4.1288e-01
-1.5000e+02 1.6000e+02 -3.3135e+00
-1.5000e+02 1.7000e+02 1.9282e+00
-1.5000e+02 1.8000e+02 2.3441e-01
-1.5000e+02 1.9000e+02 -1.7622e+00
-1.5000e+02 2.0000e+02 1.3233e+00
-1.4000e+02 -2.0000e+02 3.8268e-02
-1.4000e+02 -1.9000e+02 3.4749e-01
-1.4000e+02 -1.8000e+02 2.3120e-02
-1.4000e+02 -1.7000e+02 1.0627e-01
-1.4000e+02 -1.6000e+02 2.0596e+00
-1.4000e+02 -1.5000e+02 7.8771e-01
-1.4000e+02 -1.4000e+02 -1.4846e-01
-1.4000e+02 -1.3000e+02 1.1024e+00
-1.4000e+02 -1.2000e+02 5.2565e-01
-1.4000e+02 -1.1000e+02 5.4910e-01
-1.4000e+02 -1.0000e+02 -3.9954e-01
-1.4000e+02 -9.0000e+01 -2.7238e+00
-1.4000e+02 -8.0000e+01 1.6200e+00
-1.4000e+02 -7.0000e+01 -4.9885e-01
-1.4000e+02 -6.0000e+01 8.7358e-01
-1.4000e+02 -5.0000e+01 -2.7444e+00
-1.4000e+02 -4.0000e+01 6.8272e-01
-1.4000e+02 -3.0000e+01 5.1467e-01
-1.4000e+02 -2.0000e+01 -1.9545e+00
-1.4000e+02 -1.0000e+01 9.7233e-01
-1.4000e+02 0.0000e+00 -1.8016e+00
-1.4000e+02 1.0000e+01 5.0351e-02
-1.4000e+02 2.0000e+01 -2.8017e-01
-1.4000e+02 3.0000e+01 7.2216e-01
-1.4000e+02 4.0000e+01 -1.7203e+00
-1.4000e+02 5.0000e+01 -1.1665e+00
-1.4000e+02 6.0000e+01 -3.7975e-01
-1.4000e+02 7.0000e+01 2.0057e+00
-1.4000e+02 8.0000e+01 -1.9936e+00
-1.4000e+02 9.0000e+01 -1.1327e+00
-1.4000e+02 1.0000e+02 1.6259e+00
-1.4000e+02 1.1000e+02 -1.0274e-04
-1.4000e+02 1.2000e+02 -9.8377e-01
-1.4000e+02 1.3000e+02 5.8319e-01
-1.4000e+02 1.4000e+02 1.6306e+00
-1.4000e+02 1.5000e+02 1.3882e+00
-1.4000e+02 1.6000e+02 -2.7314e+00
-1.4000e+02 1.7000e+02 -9.8721e-01
-1.4000e+02 1.8000e+02 1.2701e+00
-1.4000e+02 1.9000e+02 -1.9511e+00
-1.4000e+02 2.0000e+02 2.6501e+00
-1.3000e+02 -2.0000e+02 -1.7221e+00
-1.3000e+02 -1.9000e+02 -1.3885e+00
-1.3000e+02 -1.8000e+02 1.2501e+00
-1.3000e+02 -1.7000e+02 2.3640e+00
-1.3000e+02 -1.6000e+02 -1.8317e-01
-1.3000e+02 -1.5000e+02 -4.0241e-01
-1.3000e+02 -1.4000e+02 1.2190e+00
-1.3000e+02 -1.3000e+02 1.4262e-01
-1.3000e+02 -1.2000e+02 7.6767e-01
-1.3000e+02 -1.1000e+02 9.8421e-02
-1.3000e+02 -1.0000e+02 -1.5415e+00
-1.3000e+02 -9.0000e+01 1.0205e-01
-1.3000e+02 -8.0000e+01 -1.0197e+00
-1.3000e+02 -7.0000e+01 -3.8993e+00
-1.3000e+02 -6.0000e+01 -1.3370e+00
-1.3000e+02 -5.0000e+01 -1.2755e+00
-1.3000e+02 -4.0000e+01 -1.1059e+00
-1.3000e+02 -3.0000e+01 -1.9182e-01
-1.3000e+02 -2.0000e+01 9.0884e-01
-1.3000e+02 -1.0000e+01 -2.4255e+00
-1.3000e+02 0.0000e+00 1.0981e-01
-1.3000e+02 1.0000e+01 -1.0759e+00
-1.3000e+02 2.0000e+01 -2.1114e+00
-1.3000e+02 3.0000e+01 2.6864e-01
-1.3000e+02 4.0000e+01 -2.6313e+00
-1.3000e+02 5.0000e+01 -5.3061e-01
-1.3000e+02 6.0000e+01 -1.6482e-01
-1.3000e+02 7.0000e+01 -2.2168e+00
-1.3000e+02 8.0000e+01 2.0680e+00
-1.3000e+02 9.0000e+01 -2.1034e+00
-1.3000e+02 1.0000e+02 8.3250e-02
-1.3000e+02 1.1000e+02 -8.5459e-01
-1.3000e+02 1.2000e+02 -3.6409e+00
-1.3000e+02 1.3000e+02 -7.0022e-01
-1.3000e+02 1.4000e+02 -1.4333e+00
-1.3000e+02 1.5000e+02 -1.1710e+00
-1.3000e+02 1.6000e+02 1.1600e+00
-1.3000e+02 1.7000e+02 -1.6298e+00
-1.3000e+02 1.8000e+02 -2.5529e-01
-1.3000e+02 1.9000e+02 -2.8149e+00
-1.3000e+02 2.0000e+02 -1.8486e+00
-1.2000e+02 -2.0000e+02 1.1926e+00
-1.2000e+02 -1.9000e+02 -1.8265e+00
-1.2000e+02 -1.8000e+02 2.3636e-01
-1.2000e+02 -1.7000e+02 -1.2611e+00
-1.2000e+02 -1.6000e+02 4.9212e-01
-1.2000e+02 -1.5000e+02 -2.8957e+00
-1.2000e+02 -1.4000e+02 -9.0993e-01
-1.2000e+02 -1.3000e+02 -3.3971e-01
-1.2000e+02 -1.2000e+02 3.4935e+00
-1.2000e+02 -1.1000e+02 5.7683e-01
-1.2000e+02 -1.0000e+02 1.2623e+00
-1.2000e+02 -9.0000e+01 -1.5004e+00
-1.2000e+02 -8.0000e+01 -3.0821e+00
-1.2000e+02 -7.0000e+01 -9.7155e-02
-1.2000e+02 -6.0000e+01 -4.8994e-01
-1.2000e+02 -5.0000e+01 -3.0833e+00
-1.2000e+02 -4.0000e+01 -2.3751e+00
-1.2000e+02 -3.0000e+01 -3.2993e-01
-1.2000e+02 -2.0000e+01 -1.4406e+00
-1.2000e+02 -1.0000e+01 -1.9934e+00
-1.2000e+02 0.0000e+00 -1.9907e+00
-1.2000e+02 1.0000e+01 -1.3135e+00
-1.2000e+02 2.0000e+01 -6.8356e-01
-1.2000e+02 3.0000e+01 3.1704e-01
-1.2000e+02 4.0000e+01 -1.1814e+00
-1.2000e+02 5.0000e+01 -6.3116e-01
-1.2000e+02 6.0000e+01 -1.6401e+00
-1.2000e+02 7.0000e+01 -1.1526e+00
-1.2000e+02 8.0000e+01 -1.7926e+00
-1.2000e+02 9.0000e+01 1.4977e+00
-1.2000e+02 1.0000e+02 7.3975e-01
-1.2000e+02 1.1000e+02 2.5823e+00
-1.2000e+02 1.2000e+02 -3.1880e+00
-1.2000e+02 1.3000e+02 1.3504e+00
-1.2000e+02 1.4000e+02 -2.4338e+00
-1.2000e+02 1.5000e+02 -7.4055e-01
-1.2000e+02 1.6000e+02 -6.6514e-01
-1.2000e+02 1.7000e+02 -2.7790e-02
-1.2000e+02 1.8000e+02 -4.2177e-01
-1.2000e+02 1.9000e+02 -5.9929e-01
-1.2000e+02 2.0000e+02 1.5316e+00
-1.1000e+02 -2.0000e+02 -2.4655e+00
-1.1000e+02 -1.9000e+02 -1.5650e+00
-1.1000e+02 -1.8000e+02 1.2752e+00
-1.1000e+02 -1.7000e+02 8.4179e-01
-1.1000e+02 -1.6000e+02 6.9317e-01
-1.1000e+02 -1.5000e+02 -8.1818e-01
-1.1000e+02 -1.4000e+02 -1.0898e+00
-1.1000e+02 -1.3000e+02 6.3508e-01
-1.1000e+02 -1.2000e+02 -3.2656e+00
-1.1000e+02 -1.1000e+02 4.7296e-01
-1.1000e+02 -1.0000e+02 2.8388e-02
-1.1000e+02 -9.0000e+01 -2.2972e+00
-1.1000e+02 -8.0000e+01 3.0188e-01
-1.1000e+02 -7.0000e+01 -2.1310e+00
-1.1000e+02 -6.0000e+01 -5.7769e-01
-1.1000e+02 -5.0000e+01 -1.9104e+00
-1.1000e+02 -4.0000e+01 -1.1147e-01
-1.1000e+02 -3.0000e+01 -1.8218e+00
-1.1000e+02 -2.0000e+01 -3.4500e+00
-1.1000e+02 -1.0000e+01 -2.4354e+00
-1.1000e+02 0.0000e+00 -4.5019e+00
-1.1000e+02 1.0000e+01 -1.9799e+00
-1.1000e+02 2.0000e+01 -2.2098e+00
-1.1000e+02 3.0000e+01 -1.6894e+00
-1.1000e+02 4.0000e+01 3.6300e-01
-1.1000e+02 5.0000e+01 -1.8661e+00
-1.1000e+02 6.0000e+01 -2.7653e+00
-1.1000e+02 7.0000e+01 -1.7606e+00
-1.1000e+02 8.0000e+01 -1.5763e+00
-1.1000e+02 9.0000e+01 -5.6350e-01
-1.1000e+02 1.0000e+02 -4.2053e+00
-1.1000e+02 1.1000e+02 -2.4079e+00
-1.1000e+02 1.2000e+02 -2.3129e+00
-1.1000e+02 1.3000e+02 -3.2999e+00
-1.1000e+02 1.4000e+02 -6.9565e-01
-1.1000e+02 1.5000e+02 -2.5537e-01
-1.1000e+02 1.6000e+02 1.1489e+00
-1.1000e+02 1.7000e+02 1.6354e+00
-1.1000e+02 1.8000e+02 -4.0578e-01
-1.1000e+02 1.9000e+02 -3.5565e+00
-1.1000e+02 2.0000e+02 -3.9997e-01
-1.0000e+02 -2.0000e+02 -1.5853e+00
-1.0000e+02 -1.9000e+02 -2.6257e+00
-1.0000e+02 -1.8000e+02 5.1456e-01
-1.0000e+02 -1.7000e+02 2.2905e+00
-1.0000e+02 -1.6000e+02 1.2130e+00
-1.0000e+02 -1.5000e+02 1.3795e+00
-1.0000e+02 -1.4000e+02 -3.8420e-01
-1.0000e+02 -1.3000e+02 -1.0406e+00
-1.0000e+02 -1.2000e+02 -2.7112e+00
-1.0000e+02 -1.1000e+02 -7.9195e-01
-1.0000e+02 -1.0000e+02 -2.0237e+00
-1.0000e+02 -9.0000e+01 1.3320e+00
-1.0000e+02 -8.0000e+01 -1.2823e+00
-1.0000e+02 -7.0000e+01 -1.0055e-01
-1.0000e+02 -6.0000e+01 -2.0090e+00
-1.0000e+02 -5.0000e+01 -7.8024e-01
-1.0000e+02 -4.0000e+01 -2.5540e+00
-1.0000e+02 -3.0000e+01 -2.3911e+00
-1.0000e+02 -2.0000e+01 -2.1393e+00
-1.0000e+02 -1.0000e+01 -3.7108e+00
-1.0000e+02 0.0000e+00 -4.5006e+00
-1.0000e+02 1.0000e+01 -2.3194e+00
-1.0000e+02 2.0000e+01 -2.1640e+00
-1.0000e+02 3.0000e+01 -3.8443e+00
-1.0000e+02 4.0000e+01 -6.7363e-01
-1.0000e+02 5.0000e+01 -3.5755e+00
-1.0000e+02 6.0000e+01 -2.6726e+00
-1.0000e+02 7.0000e+01 -3.6006e+00
-1.0000e+02 8.0000e+01 1.1602e+00
-1.0000e+02 9.0000e+01 2.7480e-01
-1.0000e+02 1.0000e+02 -2.1630e+00
-1.0000e+02 1.1000e+02 -9.2769e-01
-1.0000e+02 1.2000e+02 -8.6992e-01
-1.0000e+02 1.3000e+02 -1.4132e+00
-1.0000e+02 1.4000e+02 -4.1581e-01
-1.0000e+02 1.5000e+02 1.1031e+00
-1.0000e+02 1.6000e+02 1.3893e+00
-1.0000e+02 1.7000e+02 5.2703e-01
-1.0000e+02 1.8000e+02 6.6488e-01
-1.0000e+02 1.9000e+02 1.0385e-01
-1.0000e+02 2.0000e+02 3.1338e+00
-9.0000e+01 -2.0000e+02 -9.9831e-02
-9.0000e+01 -1.9000e+02 1.4443e+00
-9.0000e+01 -1.8000e+02 1.5268e+00
-9.0000e+01 -1.7000e+02 1.4441e+00
-9.0000e+01 -1.6000e+02 -1.8174e-01
-9.0000e+01 -1.5000e+02 1.8449e-01
-9.0000e+01 -1.4000e+02 8.8686e-01
-9.0000e+01 -1.3000e+02 6.7793e-01
-9.0000e+01 -1.2000e+02 -3.2831e+00
-9.0000e+01 -1.1000e+02 -1.8340e+00
-9.0000e+01 -1.0000e+02 -1.2261e+00
-9.0000e+01 -9.0000e+01 -3.7219e+00
-9.0000e+01 -8.0000e+01 -3.8821e+00
-9.0000e+01 -7.0000e+01 -4.0589e+00
-9.0000e+01 -6.0000e+01 -2.9224e+00
-9.0000e+01 -5.0000e+01 -2.0038e+00
-9.0000e+01 -4.0000e+01 -5.1890e+00
-9.0000e+01 -3.0000e+01 -3.4684e+00
-9.0000e+01 -2.0000e+01 -5.2670e+00
-9.0000e+01 -1.0000e+01 -3.0964e+00
-9.0000e+01 0.0000e+00 -3.0554e+00
-9.0000e+01 1.0000e+01 -1.3585e+00
-9.0000e+01 2.0000e+01 -4.6141e+00
-9.0000e+01 3.0000e+01 -4.3577e+00
-9.0000e+01 4.0000e+01 -6.9582e+00
-9.0000e+01 5.0000e+01 -3.8627e+00
-9.0000e+01 6.0000e+01 -1.9619e+00
-9.0000e+01 7.0000e+01 -1.7774e+00
-9.0000e+01 8.0000e+01 -2.8448e+00
-9.0000e+01 9.0000e+01 -2.8632e+00
-9.0000e+01 1.0000e+02 1.0575e+00
-9.0000e+01 1.1000e+02 -3.3043e-01
-9.0000e+01 1.2000e+02 -7.3983e-01
-9.0000e+01 1.3000e+02 2.5508e+00
-9.0000e+01 1.4000e+02 8.4278e-01
-9.0000e+01 1.5000e+02 8.0400e-03
-9.0000e+01 1.6000e+02 6.8841e-01
-9.0000e+01 1.7000e+02 1.0916e+00
-9.0000e+01 1.8000e+02 -1.3537e+00
-9.0000e+01 1.9000e+02 -6.4810e-01
-9.0000e+01 2.0000e+02 2.5855e+00
-8.0000e+01 -2.0000e+02 -1.3970e+00
-8.0000e+01 -1.9000e+02 2.3679e-01
-8.0000e+01 -1.8000e+02 2.1804e+00
-8.0000e+01 -1.7000e+02 2.3848e-01
-8.0000e+01 -1.6000e+02 2.0325e-01
-8.0000e+01 -1.5000e+02 1.4403e+00
-8.0000e+01 -1.4000e+02 3.5157e+00
-8.0000e+01 -1.3000e+02 5.8879e-01
-8.0000e+01 -1.2000e+02 -7.2769e-01
-8.0000e+01 -1.1000e+02 -7.7565e-01
-8.0000e+01 -1.0000e+02 7.9726e-01
-8.0000e+01 -9.0000e+01 -1.8499e+00
-8.0000e+01 -8.0000e+01 -4.7831e+00
-8.0000e+01 -7.0000e+01 -4.6790e+00
-8.0000e+01 -6.0000e+01 -3.3312e+00
-8.0000e+01 -5.0000e+01 -4.5296e+00
-8.0000e+01 -4.0000e+01 -3.5032e+00
-8.0000e+01 -3.0000e+01 -4.3037e+00
-8.0000e+01 -2.0000e+01 -7.2571e+00
-8.0000e+01 -1.0000e+01 -4.8839e+00
-8.0000e+01 0.0000e+00 -5.1847e+00
-8.0000e+01 1.0000e+01 -6.6373e+00
-8.0000e+01 2.0000e+01 -6.9977e+00
-8.0000e+01 3.0000e+01 -7.3587e+00
-8.0000e+01 4.0000e+01 -2.9743e+00
-8.0000e+01 5.0000e+01 -4.9258e+00
-8.0000e+01 6.0000e+01 -4.9436e+00
-8.0000e+01 7.0000e+01 -4.3145e+00
-8.0000e+01 8.0000e+01 -6.1337e-01
-8.0000e+01 9.0000e+01 1.0261e+00
-8.0000e+01 1.0000e+02 -1.8917e-02
-8.0000e+01 1.1000e+02 -1.2309e+00
-8.0000e+01 1.2000e+02 -2.9457e+00
-8.0000e+01 1.3000e+02 4.1862e-01
-8.0000e+01 1.4000e+02 -1.0135e+00
-8.0000e+01 1.5000e+02 2.8610e-01
-8.0000e+01 1.6000e+02 4.0586e-01
-8.0000e+01 1.7000e+02 1.0424e-03
-8.0000e+01 1.8000e+02 -3.6783e+00
-8.0000e+01 1.9000e+02 -5.0137e-01
-8.0000e+01 2.0000e+02 8.9139e-01
-7.0000e+01 -2.0000e+02 -1.0434e+00
-7.0000e+01 -1.9000e+02 -9.7269e-01
-7.0000e+01 -1.8000e+02 2.3267e+00
-7.0000e+01 -1.7000e+02 4.0123e-01
-7.0000e+01 -1.6000e+02 1.3740e+00
-7.0000e+01 -1.5000e+02 2.5295e-01
-7.0000e+01 -1.4000e+02 -1.2090e+00
-7.0000e+01 -1.3000e+02 -1.7892e-01
-7.0000e+01 -1.2000e+02 -2.7064e-01
-7.0000e+01 -1.1000e+02 -3.0525e+00
-7.0000e+01 -1.0000e+02 -2.1344e+00
-7.0000e+01 -9.0000e+01 -3.0590e+00
-7.0000e+01 -8.0000e+01 -3.4684e+00
-7.0000e+01 -7.0000e+01 -4.3013e+00
-7.0000e+01 -6.0000e+01 -5.0160e+00
-7.0000e+01 -5.0000e+01 -5.9454e+00
-7.0000e+01 -4.0000e+01 -7.1628e+00
-7.0000e+01 -3.0000e+01 -4.9122e+00
-7.0000e+01 -2.0000e+01 -5.4072e+00
-7.0000e+01 -1.0000e+01 -5.1829e+00
-7.0000e+01 0.0000e+00 -4.5654e+00
-7.0000e+01 1.0000e+01 -5.9915e+00
-7.0000e+01 2.0000e+01 -7.8197e+00
-7.0000e+01 3.0000e+01 -5.5844e+00
-7.0000e+01 4.0000e+01 -4.4152e+00
-7.0000e+01 5.0000e+01 -3.9545e+00
-7.0000e+01 6.0000e+01 -1.9924e+00
-7.0000e+01 7.0000e+01 -1.8051e+00
-7.0000e+01 8.0000e+01 -4.1024e+00
-7.0000e+01 9.0000e+01 -2.7258e+00
-7.0000e+01 1.0000e+02 -1.2567e+00
-7.0000e+01 1.1000e+02 -1.5480e+00
-7.0000e+01 1.2000e+02 -1.9427e+00
-7.0000e+01 1.3000e+02 1.2760e+00
-7.0000e+01 1.4000e+02 2.0755e+00
-7.0000e+01 1.5000e+02 -5.0496e-01
-7.0000e+01 1.6000e+02 -7.6500e-01
-7.0000e+01 1.7000e+02 1.0973e+00
-7.0000e+01 1.8000e+02 -1.0209e+00
-7.0000e+01 1.9000e+02 -1.2833e+00
-7.0000e+01 2.0000e+02 1.1682e+00
-6.0000e+01 -2.0000e+02 6.5744e-01
-6.0000e+01 -1.9000e+02 5.9901e-01
-6.0000e+01 -1.8000e+02 -3.3813e+00
-6.0000e+01 -1.7000e+02 4.8074e-01
-6.0000e+01 -1.6000e+02 -4.0246e-01
-6.0000e+01 -1.5000e+02 -1.6703e+00
-6.0000e+01 -1.4000e+02 -7.2329e-02
-6.0000e+01 -1.3000e+02 -8.1344e-01
-6.0000e+01 -1.2000e+02 -4.0265e+00
-6.0000e+01 -1.1000e+02 -1.3468e+00
-6.0000e+01 -1.0000e+02 -1.5968e+00
-6.0000e+01 -9.0000e+01 5.5496e-01
-6.0000e+01 -8.0000e+01 -6.0144e-01
-6.0000e+01 -7.0000e+01 -4.2822e+00
-6.0000e+01 -6.0000e+01 -4.6458e+00
-6.0000e+01 -5.0000e+01 -6.5457e+00
-6.0000e+01 -4.0000e+01 -7.6626e+00
-6.0000e+01 -3.0000e+01 -7.3986e+00
-6.0000e+01 -2.0000e+01 -6.4815e+00
-6.0000e+01 -1.0000e+01 -8.2160e+00
-6.0000e+01 0.0000e+00 -8.1735e+00
-6.0000e+01 1.0000e+01 -7.3441e+00
-6.0000e+01 2.0000e+01 -8.1029e+00
-6.0000e+01 3.0000e+01 -8.2140e+00
-6.0000e+01 4.0000e+01 -6.1809e+00
-6.0000e+01 5.0000e+01 -6.7272e+00
-6.0000e+01 6.0000e+01 -6.9622e+00
-6.0000e+01 7.0000e+01 -4.2154e+00
-6.0000e+01 8.0000e+01 -1.9509e+00
-6.0000e+01 9.0000e+01 -2.6060e+00
-6.0000e+01 1.0000e+02 -2.4887e+00
-6.0000e+01 1.1000e+02 3.0831e-02
-6.0000e+01 1.2000e+02 -2.2598e-01
-6.0000e+01 1.3000e+02 3.0190e-01
-6.0000e+01 1.4000e+02 -1.7906e+00
-6.0000e+01 1.5000e+02 -1.8602e-01
-6.0000e+01 1.6000e+02 -2.9523e+00
-6.0000e+01 1.7000e+02 -1.7671e+00
-6.0000e+01 1.8000e+02 1.4039e+00
-6.0000e+01 1.9000e+02 7.7970e-01
-6.0000e+01 2.0000e+02 1.2378e+00
-5.0000e+01 -2.0000e+02 6.5262e-01
-5.0000e+01 -1.9000e+02 -1.3245e+00
-5.0000e+01 -1.8000e+02 1.2450e+00
-5.0000e+01 -1.7000e+02 2.0511e-01
-5.0000e+01 -1.6000e+02 7.4196e-01
-5.0000e+01 -1.5000e+02 -1.0136e+00
-5.0000e+01 -1.4000e+02 -1.0306e+00
-5.0000e+01 -1.3000e+02 1.2935e+00
-5.0000e+01 -1.2000e+02 -3.4229e+00
-5.0000e+01 -1.1000e+02 -4.9172e-01
-5.0000e+01 -1.0000e+02 -3.0111e+00
-5.0000e+01 -9.0000e+01 -3.4169e+00
-5.0000e+01 -8.0000e+01 -3.0764e+00
-5.0000e+01 -7.0000e+01 -7.5150e+00
-5.0000e+01 -6.0000e+01 -6.2621e+00
-5.0000e+01 -5.0000e+01 -9.7944e+00
-5.0000e+01 -4.0000e+01 -8.2584e+00
-5.0000e+01 -3.0000e+01 -1.1766e+01
-5.0000e+01 -2.0000e+01 -9.9134e+00
-5.0000e+01 -1.0000e+01 -1.0534e+01
-5.0000e+01 0.0000e+00 -1.1945e+01
-5.0000e+01 1.0000e+01 -1.1007e+01
-5.0000e+01 2.0000e+01 -7.4991e+00
-5.0000e+01 3.0000e+01 -6.9989e+00
-5.0000e+01 4.0000e+01 -6.6714e+00
-5.0000e+01 5.0000e+01 -6.9132e+00
-5.0000e+01 6.0000e+01 -6.6573e+00
-5.0000e+01 7.0000e+01 -2.3753e+00
-5.0000e+01 8.0000e+01 -3.7226e+00
-5.0000e+01 9.0000e+01 -5.2225e+00
-5.0000e+01 1.0000e+02 -5.3935e-01
-5.0000e+01 1.1000e+02 2.8137e+00
-5.0000e+01 1.2000e+02 -2.7975e+00
-5.0000e+01 1.3000e+02 -6.5619e-01
-5.0000e+01 1.4000e+02 3.0734e-01
-5.0000e+01 1.5000e+02 -1.4129e+00
-5.0000e+01 1.6000e+02 7.0848e-01
-5.0000e+01 1.7000e+02 2.2295e+00
-5.0000e+01 1.8000e+02 1.8197e+00
-5.0000e+01 1.9000e+02 1.0807e+00
-5.0000e+01 2.0000e+02 6.2821e-01
-4.0000e+01 -2.0000e+02 8.6189e-01
-4.0000e+01 -1.9000e+02 -4.4714e+00
-4.0000e+01 -1.8000e+02 -2.9343e-01
-4.0000e+01 -1.7000e+02 -1.9569e+00
-4.0000e+01 -1.6000e+02 2.1335e+00
-4.0000e+01 -1.5000e+02 -3.1195e+00
-4.0000e+01 -1.4000e+02 -5.1411e-01
-4.0000e+01 -1.3000e+02 -1.8397e+00
-4.0000e+01 -1.2000e+02 -1.0878e+00
-4.0000e+01 -1.1000e+02 -2.3822e+00
-4.0000e+01 -1.0000e+02 -1.2746e+00
-4.0000e+01 -9.0000e+01 -2.2100e+00
-4.0000e+01 -8.0000e+01 -6.0720e+00
-4.0000e+01 -7.0000e+01 -4.6957e+00
-4.0000e+01 -6.0000e+01 -5.5451e+00
-4.0000e+01 -5.0000e+01 -3.9202e+00
-4.0000e+01 -4.0000e+01 -8.0029e+00
-4.0000e+01 -3.0000e+01 -8.2793e+00
-4.0000e+01 -2.0000e+01 -8.6455e+00
-4.0000e+01 -1.0000e+01 -1.1371e+01
-4.0000e+01 0.0000e+00 -1.3990e+01
-4.0000e+01 1.0000e+01 -1.3042e+01
-4.0000e+01 2.0000e+01 -1.0448e+01
-4.0000e+01 3.0000e+01 -1.0119e+01
-4.0000e+01 4.0000e+01 -1.0613e+01
-4.0000e+01 5.0000e+01 -6.2042e+00
-4.0000e+01 6.0000e+01 -7.3379e+00
-4.0000e+01 7.0000e+01 -3.8374e+00
-4.0000e+01 8.0000e+01 -5.9497e+00
-4.0000e+01 9.0000e+01 -1.8936e+00
-4.0000e+01 1.0000e+02 -1.9438e+00
-4.0000e+01 1.1000e+02 -1.7669e+00
-4.0000e+01 1.2000e+02 -1.4644e+00
-4.0000e+01 1.3000e+02 1.5427e+00
-4.0000e+01 1.4000e+02 -2.5658e+00
-4.0000e+01 1.5000e+02 1.9381e-01
-4.0000e+01 1.6000e+02 4.4260e-01
-4.0000e+01 1.7000e+02 1.9374e+00
-4.0000e+01 1.8000e+02 -2.2827e+00
-4.0000e+01 1.9000e+02 6.6714e-01
-4.0000e+01 2.0000e+02 1.0475e+00
-3.0000e+01 -2.0000e+02 -1.5122e+00
-3.0000e+01 -1.9000e+02 -1.2167e+00
-3.0000e+01 -1.8000e+02 -4.5160e-01
-3.0000e+01 -1.7000e+02 -1.0049e-01
-3.0000e+01 -1.6000e+02 -6.2828e-02
-3.0000e+01 -1.5000e+02 1.1538e-01
-3.0000e+01 -1.4000e+02 1.3472e-01
-3.0000e+01 -1.3000e+02 -1.4886e-01
-3.0000e+01 -1.2000e+02 -3.2445e-01
-3.0000e+01 -1.1000e+02 -1.5721e+00
-3.0000e+01 -1.0000e+02 -2.0136e+00
-3.0000e+01 -9.0000e+01 -3.2331e+00
-3.0000e+01 -8.0000e+01 -6.1355e+00
-3.0000e+01 -7.0000e+01 -8.1411e+00
-3.0000e+01 -6.0000e+01 -5.6348e+00
-3.0000e+01 -5.0000e+01 -7.6662e+00
-3.0000e+01 -4.0000e+01 -9.8893e+00
-3.0000e+01 -3.0000e+01 -1.1543e+01
-3.0000e+01 -2.0000e+01 -1.3052e+01
-3.0000e+01 -1.0000e+01 -1.3860e+01
-3.0000e+01 0.0000e+00 -1.3640e+01
-3.0000e+01 1.0000e+01 -1.2222e+01
-3.0000e+01 2.0000e+01 -1.3028e+01
-3.0000e+01 3.0000e+01 -1.2441e+01
-3.0000e+01 4.0000e+01 -9.6690e+00
-3.0000e+01 5.0000e+01 -7.7448e+00
-3.0000e+01 6.0000e+01 -5.2146e+00
-3.0000e+01 7.0000e+01 -5.7505e+00
-3.0000e+01 8.0000e+01 -4.6543e+00
-3.0000e+01 9.0000e+01 -1.6096e+00
-3.0000e+01 1.0000e+02 -3.5940e+00
-3.0000e+01 1.1000e+02 -1.2444e+00
-3.0000e+01 1.2000e+02 -1.9998e+00
-3.0000e+01 1.3000e+02 -3.3948e+00
-3.0000e+01 1.4000e+02 2.8345e+00
-3.0000e+01 1.5000e+02 -1.3675e+00
-3.0000e+01 1.6000e+02 9.5267e-01
-3.0000e+01 1.7000e+02 -3.4286e+00
-3.0000e+01 1.8000e+02 2.4416e+00
-3.0000e+01 1.9000e+02 -1.4267e+00
-3.0000e+01 2.0000e+02 -2.3876e+00
-2.0000e+01 -2.0000e+02 6.6038e-01
-2.0000e+01 -1.9000e+02 -2.4055e+00
-2.0000e+01 -1.8000e+02 2.1029e+00
-2.0000e+01 -1.7000e+02 -1.3521e+00
-2.0000e+01 -1.6000e+02 2.6431e+00
-2.0000e+01 -1.5000e+02 -4.7585e-01
-2.0000e+01 -1.4000e+02 9.3479e-01
-2.0000e+01 -1.3000e+02 1.4363e-01
-2.0000e+01 -1.2000e+02 -1.5377e+00
-2.0000e+01 -1.1000e+02 -2.7163e+00
-2.0000e+01 -1.0000e+02 -9.2547e-01
-2.0000e+01 -9.0000e+01 -7.1655e+00
-2.0000e+01 -8.0000e+01 -4.9536e+00
-2.0000e+01 -7.0000e+01 -5.6195e+00
-2.0000e+01 -6.0000e+01 -9.3486e+00
-2.0000e+01 -5.0000e+01 -1.2299e+01
-2.0000e+01 -4.0000e+01 -1.1190e+01
-2.0000e+01 -3.0000e+01 -1.1742e+01
-2.0000e+01 -2.0000e+01 -1.1595e+01
-2.0000e+01 -1.0000e+01 -1.3081e+01
-2.0000e+01 0.0000e+00 -1.4364e+01
-2.0000e+01 1.0000e+01 -1.4569e+01
-2.0000e+01 2.0000e+01 -1.3643e+01
-2.0000e+01 3.0000e+01 -1.3698e+01
-2.0000e+01 4.0000e+01 -1.0505e+01
-2.0000e+01 5.0000e+01 -9.4576e+00
-2.0000e+01 6.0000e+01 -6.8069e+00
-2.0000e+01 7.0000e+01 -5.2024e+00
-2.0000e+01 8.0000e+01 -4.5578e+00
-2.0000e+01 9.0000e+01 -2.8198e+00
-2.0000e+01 1.0000e+02 -4.7850e+00
-2.0000e+01 1.1000e+02 -3.4101e+00
-2.0000e+01 1.2000e+02 -5.6609e-01
-2.0000e+01 1.3000e+02 -1.0777e+00
-2.0000e+01 1.4000e+02 -1.9859e+00
-2.0000e+01 1.5000e+02 1.2420e+00
-2.0000e+01 1.6000e+02 -2.6819e+00
-2.0000e+01 1.7000e+02 -1.1519e+00
-2.0000e+01 1.8000e+02 -4.5494e-01
-2.0000e+01 1.9000e+02 1.3982e-02
-2.0000e+01 2.0000e+02 -3.0848e-01
-1.0000e+01 -2.0000e+02 2.0301e+00
-1.0000e+01 -1.9000e+02 1.1630e-01
-1.0000e+01 -1.8000e+02 -3.5040e+00
-1.0000e+01 -1.7000e+02 -1.7000e+00
-1.0000e+01 -1.6000e+02 1.2414e+00
-1.0000e+01 -1.5000e+02 -1.1946e+00
-1.0000e+01 -1.4000e+02 -1.2546e-01
-1.0000e+01 -1.3000e+02 -2.4305e+00
-1.0000e+01 -1.2000e+02 -8.8062e-01
-1.0000e+01 -1.1000e+02 -3.7209e+00
-1.0000e+01 -1.0000e+02 -3.3595e+00
-1.0000e+01 -9.0000e+01 -2.3231e+00
-1.0000e+01 -8.0000e+01 -5.4545e+00
-1.0000e+01 -7.0000e+01 -9.7829e+00
-1.0000e+01 -6.0000e+01 -1.0299e+01
-1.0000e+01 -5.0000e+01 -8.7651e+00
-1.0000e+01 -4.0000e+01 -1.3155e+01
-1.0000e+01 -3.0000e+01 -1.3969e+01
-1.0000e+01 -2.0000e+01 -1.1352e+01
-1.0000e+01 -1.0000e+01 -1.3633e+01
-1.0000e+01 0.0000e+00 -1.4218e+01
-1.0000e+01 1.0000e+01 -1.2711e+01
-1.0000e+01 2.0000e+01 -1.5388e+01
-1.0000e+01 3.0000e+01 -1.2270e+01
-1.0000e+01 4.0000e+01 -1.4979e+01
-1.0000e+01 5.0000e+01 -1.1035e+01
-1.0000e+01 6.0000e+01 -6.2181e+00
-1.0000e+01 7.0000e+01 -4.7184e+00
-1.0000e+01 8.0000e+01 -4.3693e+00
-1.0000e+01 9.0000e+01 -5.7425e+00
-1.0000e+01 1.0000e+02 -1.7753e+00
-1.0000e+01 1.1000e+02 -2.8916e+00
-1.0000e+01 1.2000e+02 -4.9749e+00
-1.0000e+01 1.3000e+02 7.7998e-01
-1.0000e+01 1.4000e+02 2.7002e+00
-1.0000e+01 1.5000e+02 -7.1889e-01
-1.0000e+01 1.6000e+02 -1.6090e+00
-1.0000e+01 1.7000e+02 2.2976e+00
-1.0000e+01 1.8000e+02 -1.0499e+00
-1.0000e+01 1.9000e+02 -4.9053e-01
-1.0000e+01 2.0000e+02 1.6803e+00
0.0000e+00 -2.0000e+02 -5.5903e-01
0.0000e+00 -1.9000e+02 -5.7098e-01
0.0000e+00 -1.8000e+02 -1.4358e+00
0.0000e+00 -1.7000e+02 3.2811e-01
0.0000e+00 -1.6000e+02 -3.4140e+00
0.0000e+00 -1.5000e+02 1.3112e+00
0.0000e+00 -1.4000e+02 -9.0835e-01
0.0000e+00 -1.3000e+02 -2.6890e+00
0.0000e+00 -1.2000e+02 -2.0800e+00
0.0000e+00 -1.1000e+02 -6.7103e-01
0.0000e+00 -1.0000e+02 -4.9145e+00
0.0000e+00 -9.0000e+01 -4.1082e+00
0.0000e+00 -8.0000e+01 -5.0505e+00
0.0000e+00 -7.0000e+01 -7.7004e+00
0.0000e+00 -6.0000e+01 -8.0732e+00
0.0000e+00 -5.0000e+01 -1.1547e+01
0.0000e+00 -4.0000e+01 -1.3625e+01
0.0000e+00 -3.0000e+01 -1.3240e+01
0.0000e+00 -2.0000e+01 -1.2700e+01
0.0000e+00 -1.0000e+01 -1.4143e+01
0.0000e+00 0.0000e+00 -1.5449e+01
0.0000e+00 1.0000e+01 -1.4238e+01
0.0000e+00 2.0000e+01 -1.5050e+01
0.0000e+00 3.0000e+01 -1.4276e+01
0.0000e+00 4.0000e+01 -1.2324e+01
0.0000e+00 5.0000e+01 -8.4886e+00
0.0000e+00 6.0000e+01 -9.5910e+00
0.0000e+00 7.0000e+01 -6.6140e+00
0.0000e+00 8.0000e+01 -5.0553e+00
0.0000e+00 9.0000e+01 -2.5422e+00
0.0000e+00 1.0000e+02 -1.3431e+00
0.0000e+00 1.1000e+02 -5.4310e-01
0.0000e+00 1.2000e+02 -3.8910e+00
0.0000e+00 1.3000e+02 2.4848e-01
0.0000e+00 1.4000e+02 1.0549e+00
0.0000e+00 1.5000e+02 1.9361e-01
0.0000e+00 1.6000e+02 -1.8010e+00
0.0000e+00 1.7000e+02 -1.1609e+00
0.0000e+00 1.8000e+02 -4.7631e-01
0.0000e+00 1.9000e+02 1.0692e-01
0.0000e+00 2.0000e+02 2.9214e-01
1.0000e+01 -2.0000e+02 -1.7622e+00
1.0000e+01 -1.9000e+02 -3.0654e+00
1.0000e+01 -1.8000e+02 1.0762e+00
1.0000e+01 -1.7000e+02 1.5857e+00
1.0000e+01 -1.6000e+02 -1.0398e+00
1.0000e+01 -1.5000e+02 9.3120e-01
1.0000e+01 -1.4000e+02 -9.9967e-01
1.0000e+01 -1.3000e+02 -1.1755e+00
1.0000e+01 -1.2000e+02 -3.6866e+00
1.0000e+01 -1.1000e+02 -1.3239e+00
1.0000e+01 -1.0000e+02 -3.2006e+00
1.0000e+01 -9.0000e+01 -6.2671e+00
1.0000e+01 -8.0000e+01 -3.6878e+00
1.0000e+01 -7.0000e+01 -9.4130e+00
1.0000e+01 -6.0000e+01 -8.9109e+00
1.0000e+01 -5.0000e+01 -9.4569e+00
1.0000e+01 -4.0000e+01 -1.2476e+01
1.0000e+01 -3.0000e+01 -1.3840e+01
1.0000e+01 -2.0000e+01 -1.1682e+01
1.0000e+01 -1.0000e+01 -1.6485e+01
1.0000e+01 0.0000e+00 -1.6785e+01
1.0000e+01 1.0000e+01 -1.7589e+01
1.0000e+01 2.0000e+01 -1.3388e+01
1.0000e+01 3.0000e+01 -1.0916e+01
1.0000e+01 4.0000e+01 -1.1816e+01
1.0000e+01 5.0000e+01 -7.6384e+00
1.0000e+01 6.0000e+01 -9.4495e+00
1.0000e+01 7.0000e+01 -6.7094e+00
1.0000e+01 8.0000e+01 -5.8582e+00
1.0000e+01 9.0000e+01 -4.0726e+00
1.0000e+01 1.0000e+02 -1.2912e+00
1.0000e+01 1.1000e+02 4.8321e-01
1.0000e+01 1.2000e+02 -4.7529e+00
1.0000e+01 1.3000e+02 -2.2841e+00
1.0000e+01 1.4000e+02 -1.3475e+00
1.0000e+01 1.5000e+02 9.3784e-03
1.0000e+01 1.6000e+02 -1.5228e+00
1.0000e+01 1.7000e+02 8.4759e-01
1.0000e+01 1.8000e+02 4.6187e-01
1.0000e+01 1.9000e+02 -1.6105e+00
1.0000e+01 2.0000e+02 1.6934e-01
2.0000e+01 -2.0000e+02 -1.3564e+00
2.0000e+01 -1.9000e+02 6.0393e-01
2.0000e+01 -1.8000e+02 -8.4496e-01
2.0000e+01 -1.7000e+02 2.6090e+00
2.0000e+01 -1.6000e+02 -1.5514e+00
2.0000e+01 -1.5000e+02 1.2177e+00
2.0000e+01 -1.4000e+02 2.4070e-01
2.0000e+01 -1.3000e+02 -9.5853e-01
2.0000e+01 -1.2000e+02 -4.3835e-01
2.0000e+01 -1.1000e+02 -1.6947e+00
2.0000e+01 -1.0000e+02 -2.4519e+00
2.0000e+01 -9.0000e+01 -4.0569e+00
2.0000e+01 -8.0000e+01 -6.4386e+00
2.0000e+01 -7.0000e+01 -5.2054e+00
2.0000e+01 -6.0000e+01 -9.6010e+00
2.0000e+01 -5.0000e+01 -1.2099e+01
2.0000e+01 -4.0000e+01 -1.1021e+01
2.0000e+01 -3.0000e+01 -1.0911e+01
2.0000e+01 -2.0000e+01 -1.2306e+01
2.0000e+01 -1.0000e+01 -1.3794e+01
2.0000e+01 0.0000e+00 -1.3962e+01
2.0000e+01 1.0000e+01 -1.2939e+01
2.0000e+01 2.0000e+01 -1.3868e+01
2.0000e+01 3.0000e+01 -1.4314e+01
2.0000e+01 4.0000e+01 -1.0570e+01
2.0000e+01 5.0000e+01 -8.4287e+00
2.0000e+01 6.0000e+01 -9.5036e+00
2.0000e+01 7.0000e+01 -7.0810e+00
2.0000e+01 8.0000e+01 -8.4425e+00
2.0000e+01 9.0000e+01 -4.3431e+00
2.0000e+01 1.0000e+02 -2.3999e+00
2.0000e+01 1.1000e+02 -8.3370e-02
2.0000e+01 1.2000e+02 -3.9596e+00
2.0000e+01 1.3000e+02 -1.0204e-01
2.0000e+01 1.4000e+02 4.1085e-01
2.0000e+01 1.5000e+02 -1.0656e+00
2.0000e+01 1.6000e+02 -8.7434e-01
2.0000e+01 1.7000e+02 1.1559e+00
2.0000e+01 1.8000e+02 5.6329e-01
2.0000e+01 1.9000e+02 -3.2624e+00
2.0000e+01 2.0000e+02 -2.7302e-01
3.0000e+01 -2.0000e+02 8.2434e-01
3.0000e+01 -1.9000e+02 2.9108e+00
3.0000e+01 -1.8000e+02 -4.6260e-01
3.0000e+01 -1.7000e+02 2.7511e-01
3.0000e+01 -1.6000e+02 -3.2100e-01
3.0000e+01 -1.5000e+02 -1.8439e+00
3.0000e+01 -1.4000e+02 9.3567e-01
3.0000e+01 -1.3000e+02 -5.7938e-02
3.0000e+01 -1.2000e+02 -2.2679e+00
3.0000e+01 -1.1000e+02 -5.0121e+00
3.0000e+01 -1.0000e+02 -2.1590e+00
3.0000e+01 -9.0000e+01 -3.7843e+00
3.0000e+01 -8.0000e+01 -4.8975e+00
3.0000e+01 -7.0000e+01 -7.9003e+00
3.0000e+01 -6.0000e+01 -7.3480e+00
3.0000e+01 -5.0000e+01 -8.9854e+00
3.0000e+01 -4.0000e+01 -8.2113e+00
3.0000e+01 -3.0000e+01 -1.1626e+01
3.0000e+01 -2.0000e+01 -1.3045e+01
3.0000e+01 -1.0000e+01 -1.2555e+01
3.0000e+01 0.0000e+00 -1.1048e+01
3.0000e+01 1.0000e+01 -1.4877e+01
3.0000e+01 2.0000e+01 -1.2097e+01
3.0000e+01 3.0000e+01 -1.1224e+01
3.0000e+01 4.0000e+01 -6.9155e+00
3.0000e+01 5.0000e+01 -8.7933e+00
3.0000e+01 6.0000e+01 -8.3141e+00
3.0000e+01 7.0000e+01 -5.2837e+00
3.0000e+01 8.0000e+01 -3.3772e+00
3.0000e+01 9.0000e+01 -5.2781e+00
3.0000e+01 1.0000e+02 -1.7806e+00
3.0000e+01 1.1000e+02 -3.4496e+00
3.0000e+01 1.2000e+02 -3.0577e+00
3.0000e+01 1.3000e+02 5.0093e-01
3.0000e+01 1.4000e+02 -1.3372e+00
3.0000e+01 1.5000e+02 -6.1941e-01
3.0000e+01 1.6000e+02 8.7002e-04
3.0000e+01 1.7000e+02 -1.7831e-02
3.0000e+01 1.8000e+02 2.6377e-01
3.0000e+01 1.9000e+02 1.0160e+00
3.0000e+01 2.0000e+02 4.1692e-01
4.0000e+01 -2.0000e+02 -1.6597e+00
4.0000e+01 -1.9000e+02 1.1004e-01
4.0000e+01 -1.8000e+02 -1.6451e-01
4.0000e+01 -1.7000e+02 -1.6079e-01
4.0000e+01 -1.6000e+02 -8.9914e-01
4.0000e+01 -1.5000e+02 5.6238e-01
4.0000e+01 -1.4000e+02 8.7001e-01
4.0000e+01 -1.3000e+02 1.5500e-01
4.0000e+01 -1.2000e+02 -7.8439e-01
4.0000e+01 -1.1000e+02 -4.5969e+00
4.0000e+01 -1.0000e+02 -4.1590e+00
4.0000e+01 -9.0000e+01 -1.6569e+00
4.0000e+01 -8.0000e+01 -8.1632e-01
4.0000e+01 -7.0000e+01 -5.6079e+00
4.0000e+01 -6.0000e+01 -6.0619e+00
4.0000e+01 -5.0000e+01 -6.2142e+00
4.0000e+01 -4.0000e+01 -9.6192e+00
4.0000e+01 -3.0000e+01 -9.1537e+00
4.0000e+01 -2.0000e+01 -1.0552e+01
4.0000e+01 -1.0000e+01 -1.0301e+01
4.0000e+01 0.0000e+00 -1.2003e+01
4.0000e+01 1.0000e+01 -1.2639e+01
4.0000e+01 2.0000e+01 -9.0577e+00
4.0000e+01 3.0000e+01 -1.0462e+01
4.0000e+01 4.0000e+01 -9.3928e+00
4.0000e+01 5.0000e+01 -8.9167e+00
4.0000e+01 6.0000e+01 -8.6791e+00
4.0000e+01 7.0000e+01 -3.3646e+00
4.0000e+01 8.0000e+01 -6.4796e+00
4.0000e+01 9.0000e+01 -4.2462e+00
4.0000e+01 1.0000e+02 -3.2767e+00
4.0000e+01 1.1000e+02 -3.0067e+00
4.0000e+01 1.2000e+02 -3.4187e-01
4.0000e+01 1.3000e+02 -6.8849e-01
4.0000e+01 1.4000e+02 -1.4213e+00
4.0000e+01 1.5000e+02 8.5039e-01
4.0000e+01 1.6000e+02 -1.0571e+00
4.0000e+01 1.7000e+02 9.1191e-01
4.0000e+01 1.8000e+02 2.3214e-02
4.0000e+01 1.9000e+02 7.9632e-01
4.0000e+01 2.0000e+02 2.0274e+00
5.0000e+01 -2.0000e+02 1.1997e+00
5.0000e+01 -1.9000e+02 1.1648e-01
5.0000e+01 -1.8000e+02 7.1643e-01
5.0000e+01 -1.7000e+02 -1.6228e+00
5.0000e+01 -1.6000e+02 8.7269e-01
5.0000e+01 -1.5000e+02 3.4821e-01
5.0000e+01 -1.4000e+02 9.5321e-01
5.0000e+01 -1.3000e+02 -1.7132e+00
5.0000e+01 -1.2000e+02 -5.0030e-01
5.0000e+01 -1.1000e+02 -2.4752e+00
5.0000e+01 -1.0000e+02 -4.8134e-02
5.0000e+01 -9.0000e+01 -1.6685e+00
5.0000e+01 -8.0000e+01 -2.7240e+00
5.0000e+01 -7.0000e+01 -5.4158e+00
5.0000e+01 -6.0000e+01 -6.6404e+00
5.0000e+01 -5.0000e+01 -5.2836e+00
5.0000e+01 -4.0000e+01 -8.9865e+00
5.0000e+01 -3.0000e+01 -9.2022e+00
5.0000e+01 -2.0000e+01 -7.4806e+00
5.0000e+01 -1.0000e+01 -1.0063e+01
5.0000e+01 0.0000e+00 -1.2180e+01
5.0000e+01 1.0000e+01 -8.1495e+00
5.0000e+01 2.0000e+01 -1.1574e+01
5.0000e+01 3.0000e+01 -8.2976e+00
5.0000e+01 4.0000e+01 -9.5203e+00
5.0000e+01 5.0000e+01 -7.0315e+00
5.0000e+01 6.0000e+01 -3.7314e+00
5.0000e+01 7.0000e+01 -2.6830e+00
5.0000e+01 8.0000e+01 -5.3847e+00
5.0000e+01 9.0000e+01 -3.9120e+00
5.0000e+01 1.0000e+02 -1.3401e+00
5.0000e+01 1.1000e+02 -2.2049e+00
5.0000e+01 1.2000e+02 -9.2352e-01
5.0000e+01 1.3000e+02 -3.3775e+00
5.0000e+01 1.4000e+02 -1.4319e+00
5.0000e+01 1.5000e+02 2.4253e-01
5.0000e+01 1.6000e+02 1.1457e+00
5.0000e+01 1.7000e+02 2.3251e-01
5.0000e+01 1.8000e+02 9.5980e-02
5.0000e+01 1.9000e+02 6.8403e-01
5.0000e+01 2.0000e+02 1.1187e+00
6.0000e+01 -2.0000e+02 2.4327e+00
6.0000e+01 -1.9000e+02 -9.3181e-01
6.0000e+01 -1.8000e+02 3.5627e+00
6.0000e+01 -1.7000e+02 -6.2529e-01
6.0000e+01 -1.6000e+02 -2.2648e+00
6.0000e+01 -1.5000e+02 1.1003e+00
6.0000e+01 -1.4000e+02 1.7096e+00
6.0000e+01 -1.3000e+02 -2.5164e-01
6.0000e+01 -1.2000e+02 -7.6151e-02
6.0000e+01 -1.1000e+02 4.2137e-01
6.0000e+01 -1.0000e+02 -5.4630e-01
6.0000e+01 -9.0000e+01 -1.7706e+00
6.0000e+01 -8.0000e+01 -3.7118e+00
6.0000e+01 -7.0000e+01 -5.4110e+00
6.0000e+01 -6.0000e+01 -6.8663e+00
6.0000e+01 -5.0000e+01 -5.6851e+00
6.0000e+01 -4.0000e+01 -3.2945e+00
6.0000e+01 -3.0000e+01 -7.0808e+00
6.0000e+01 -2.0000e+01 -9.8807e+00
6.0000e+01 -1.0000e+01 -8.5243e+00
6.0000e+01 0.0000e+00 -8.5626e+00
6.0000e+01 1.0000e+01 -8.9684e+00
6.0000e+01 2.0000e+01 -8.2706e+00
6.0000e+01 3.0000e+01 -7.6188e+00
6.0000e+01 4.0000e+01 -6.3132e+00
6.0000e+01 5.0000e+01 -1.1817e+01
6.0000e+01 6.0000e+01 -4.7017e+00
6.0000e+01 7.0000e+01 -3.0884e+00
6.0000e+01 8.0000e+01 -4.1318e+00
6.0000e+01 9.0000e+01 -3.5678e+00
6.0000e+01 1.0000e+02 -1.3010e+00
6.0000e+01 1.1000e+02 -2.3318e+00
6.0000e+01 1.2000e+02 -8.5862e-01
6.0000e+01 1.3000e+02 -3.1635e+00
6.0000e+01 1.4000e+02 -2.8580e+00
6.0000e+01 1.5000e+02 -3.5468e-01
6.0000e+01 1.6000e+02 2.0764e+00
6.0000e+01 1.7000e+02 -1.8384e+00
6.0000e+01 1.8000e+02 4.1357e-01
6.0000e+01 1.9000e+02 -6.6153e-01
6.0000e+01 2.0000e+02 -6.5989e-01
7.0000e+01 -2.0000e+02 -2.1872e+00
7.0000e+01 -1.9000e+02 -1.9146e+00
7.0000e+01 -1.8000e+02 -1.1061e+00
7.0000e+01 -1.7000e+02 8.2282e-01
7.0000e+01 -1.6000e+02 -2.0212e+00
7.0000e+01 -1.5000e+02 8.9315e-01
7.0000e+01 -1.4000e+02 8.3946e-01
7.0000e+01 -1.3000e+02 8.8995e-03
7.0000e+01 -1.2000e+02 -2.7503e+00
7.0000e+01 -1.1000e+02 1.3039e+00
7.0000e+01 -1.0000e+02 -2.0104e+00
7.0000e+01 -9.0000e+01 -5.5936e+00
7.0000e+01 -8.0000e+01 -3.0094e+00
7.0000e+01 -7.0000e+01 -2.7421e+00
7.0000e+01 -6.0000e+01 -2.8737e+00
7.0000e+01 -5.0000e+01 -4.3069e+00
7.0000e+01 -4.0000e+01 -7.1458e+00
7.0000e+01 -3.0000e+01 -5.1882e+00
7.0000e+01 -2.0000e+01 -7.0179e+00
7.0000e+01 -1.0000e+01 -5.8575e+00
7.0000e+01 0.0000e+00 -8.1022e+00
7.0000e+01 1.0000e+01 -4.9032e+00
7.0000e+01 2.0000e+01 -5.5681e+00
7.0000e+01 3.0000e+01 -8.6589e+00
7.0000e+01 4.0000e+01 -7.1411e+00
7.0000e+01 5.0000e+01 -4.0743e+00
7.0000e+01 6.0000e+01 -4.0144e+00
7.0000e+01 7.0000e+01 -2.4035e+00
7.0000e+01 8.0000e+01 -2.1643e+00
7.0000e+01 9.0000e+01 -2.4375e+00
7.0000e+01 1.0000e+02 -5.8164e+00
7.0000e+01 1.1000e+02 -3.5710e+00
7.0000e+01 1.2000e+02 -2.8121e+00
7.0000e+01 1.3000e+02 -9.6965e-01
7.0000e+01 1.4000e+02 3.4443e-01
7.0000e+01 1.5000e+02 -4.2292e-01
7.0000e+01 1.6000e+02 -3.1723e-01
7.0000e+01 1.7000e+02 1.1428e+00
7.0000e+01 1.8000e+02 -1.4115e-01
7.0000e+01 1.9000e+02 9.0956e-01
7.0000e+01 2.0000e+02 7.5497e-01
8.0000e+01 -2.0000e+02 1.2600e+00
8.0000e+01 -1.9000e+02 8.8903e-01
8.0000e+01 -1.8000e+02 -2.0025e+00
8.0000e+01 -1.7000e+02 -1.3456e+00
8.0000e+01 -1.6000e+02 -7.7787e-01
8.0000e+01 -1.5000e+02 -6.0597e-01
8.0000e+01 -1.4000e+02 -8.4803e-01
8.0000e+01 -1.3000e+02 2.4387e+00
8.0000e+01 -1.2000e+02 -1.5086e+00
8.0000e+01 -1.1000e+02 2.0934e-01
8.0000e+01 -1.0000e+02 9.3155e-01
8.0000e+01 -9.0000e+01 -3.3377e-01
8.0000e+01 -8.0000e+01 -3.9805e+00
8.0000e+01 -7.0000e+01 -3.8078e+00
8.0000e+01 -6.0000e+01 -2.2999e+00
8.0000e+01 -5.0000e+01 -4.2617e+00
8.0000e+01 -4.0000e+01 -3.7352e+00
8.0000e+01 -3.0000e+01 -4.4684e+00
8.0000e+01 -2.0000e+01 -3.9658e+00
8.0000e+01 -1.0000e+01 -4.2974e+00
8.0000e+01 0.0000e+00 -4.7807e+00
8.0000e+01 1.0000e+01 -5.8553e+00
8.0000e+01 2.0000e+01 -6.1711e+00
8.0000e+01 3.0000e+01 -3.7015e+00
8.0000e+01 4.0000e+01 -5.9916e+00
8.0000e+01 5.0000e+01 -2.7322e+00
8.0000e+01 6.0000e+01 8.7084e-01
8.0000e+01 7.0000e+01 -4.5077e+00
8.0000e+01 8.0000e+01 -2.9545e+00
8.0000e+01 9.0000e+01 7.8895e-02
8.0000e+01 1.0000e+02 -2.4529e+00
8.0000e+01 1.1000e+02 6.8871e-01
8.0000e+01 1.2000e+02 -2.1836e+00
8.0000e+01 1.3000e+02 2.2093e+00
8.0000e+01 1.4000e+02 1.2481e+00
8.0000e+01 1.5000e+02 -3.0416e+00
8.0000e+01 1.6000e+02 -8.3201e-01
8.0000e+01 1.7000e+02 -1.1000e+00
8.0000e+01 1.8000e+02 -1.2627e+00
8.0000e+01 1.9000e+02 -2.2843e+00
8.0000e+01 2.0000e+02 -5.7258e-01
9.0000e+01 -2.0000e+02 8.6763e-01
9.0000e+01 -1.9000e+02 -1.5964e-01
9.0000e+01 -1.8000e+02 -5.6166e-01
9.0000e+01 -1.7000e+02 -1.3641e+00
9.0000e+01 -1.6000e+02 1.2092e+00
9.0000e+01 -1.5000e+02 -2.0602e+00
9.0000e+01 -1.4000e+02 -1.8097e+00
9.0000e+01 -1.3000e+02 -1.0909e-01
9.0000e+01 -1.2000e+02 2.2230e-01
9.0000e+01 -1.1000e+02 9.8149e-01
9.0000e+01 -1.0000e+02 -1.3848e+00
9.0000e+01 -9.0000e+01 -1.6223e-01
9.0000e+01 -8.0000e+01 -1.1710e+00
9.0000e+01 -7.0000e+01 -2.3347e+00
9.0000e+01 -6.0000e+01 -1.0743e+00
9.0000e+01 -5.0000e+01 -3.0209e+00
9.0000e+01 -4.0000e+01 -4.1864e+00
9.0000e+01 -3.0000e+01 -5.7517e+00
9.0000e+01 -2.0000e+01 -2.6477e+00
9.0000e+01 -1.0000e+01 -3.8358e+00
9.0000e+01 0.0000e+00 -3.7256e+00
9.0000e+01 1.0000e+01 -1.3176e+00
9.0000e+01 2.0000e+01 -2.7093e+00
9.0000e+01 3.0000e+01 -3.4442e+00
9.0000e+01 4.0000e+01 -3.5594e+00
9.0000e+01 5.0000e+01 -4.0135e+00
9.0000e+01 6.0000e+01 -3.0468e+00
9.0000e+01 7.0000e+01 -3.4062e+00
9.0000e+01 8.0000e+01 -2.2178e+00
9.0000e+01 9.0000e+01 -1.6316e+00
9.0000e+01 1.0000e+02 -2.4123e+00
9.0000e+01 1.1000e+02 1.0996e+00
9.0000e+01 1.2000e+02 -9.1524e-01
9.0000e+01 1.3000e+02 -4.4545e-01
9.0000e+01 1.4000e+02 -7.2281e-01
9.0000e+01 1.5000e+02 -9.1366e-01
9.0000e+01 1.6000e+02 -1.3045e+00
9.0000e+01 1.7000e+02 -1.0009e+00
9.0000e+01 1.8000e+02 1.5585e-01
9.0000e+01 1.9000e+02 -3.4721e+00
9.0000e+01 2.0000e+02 5.0347e-01
1.0000e+02 -2.0000e+02 5.0835e-01
1.0000e+02 -1.9000e+02 -2.1328e+00
1.0000e+02 -1.8000e+02 -1.9612e+00
1.0000e+02 -1.7000e+02 1.7352e+00
1.0000e+02 -1.6000e+02 7.1453e-01
1.0000e+02 -1.5000e+02 -2.9359e+00
1.0000e+02 -1.4000e+02 -1.4480e+00
1.0000e+02 -1.3000e+02 -3.2767e+00
1.0000e+02 -1.2000e+02 -1.1496e+00
1.0000e+02 -1.1000e+02 -7.5557e-01
1.0000e+02 -1.0000e+02 4.7942e-01
1.0000e+02 -9.0000e+01 -9.5617e-01
1.0000e+02 -8.0000e+01 -1.6017e+00
1.0000e+02 -7.0000e+01 -1.7257e+00
1.0000e+02 -6.0000e+01 3.9839e-01
1.0000e+02 -5.0000e+01 -2.8589e-01
1.0000e+02 -4.0000e+01 -1.7650e+00
1.0000e+02 -3.0000e+01 -6.5483e+00
1.0000e+02 -2.0000e+01 -3.6764e+00
1.0000e+02 -1.0000e+01 -4.0250e+00
1.0000e+02 0.0000e+00 -3.7379e+00
1.0000e+02 1.0000e+01 -5.4512e+00
1.0000e+02 2.0000e+01 -4.1393e+00
1.0000e+02 3.0000e+01 -3.3595e+00
1.0000e+02 4.0000e+01 -3.0172e+00
1.0000e+02 5.0000e+01 -2.2183e+00
1.0000e+02 6.0000e+01 -2.9587e-01
1.0000e+02 7.0000e+01 -2.3724e+00
1.0000e+02 8.0000e+01 -6.7876e-01
1.0000e+02 9.0000e+01 -3.7838e-01
1.0000e+02 1.0000e+02 -5.6202e-01
1.0000e+02 1.1000e+02 2.8975e-01
1.0000e+02 1.2000e+02 3.0645e+00
1.0000e+02 1.3000e+02 -8.8340e-01
1.0000e+02 1.4000e+02 -1.3480e-02
1.0000e+02 1.5000e+02 -2.1269e+00
1.0000e+02 1.6000e+02 -1.4070e+00
1.0000e+02 1.7000e+02 3.1714e-01
1.0000e+02 1.8000e+02 6.2231e-01
1.0000e+02 1.9000e+02 -4.3412e-01
1.0000e+02 2.0000e+02 -2.5801e-01
1.1000e+02 -2.0000e+02 -2.4647e+00
1.1000e+02 -1.9000e+02 -7.3741e-01
1.1000e+02 -1.8000e+02 8.3619e-02
1.1000e+02 -1.7000e+02 9.5126e-01
1.1000e+02 -1.6000e+02 1.2563e+00
1.1000e+02 -1.5000e+02 -8.8266e-01
1.1000e+02 -1.4000e+02 -2.2239e+00
1.1000e+02 -1.3000e+02 -2.5590e-02
1.1000e+02 -1.2000e+02 6.0606e-01
1.1000e+02 -1.1000e+02 -1.8814e-01
1.1000e+02 -1.0000e+02 4.1009e+00
1.1000e+02 -9.0000e+01 -2.9693e+00
1.1000e+02 -8.0000e+01 -5.6106e-02
1.1000e+02 -7.0000e+01 1.3211e+00
1.1000e+02 -6.0000e+01 -2.3420e+00
1.1000e+02 -5.0000e+01 -3.0573e+00
1.1000e+02 -4.0000e+01 -2.2307e+00
1.1000e+02 -3.0000e+01 -1.9304e+00
1.1000e+02 -2.0000e+01 -1.1256e+00
1.1000e+02 -1.0000e+01 -8.4956e-01
1.1000e+02 0.0000e+00 -3.4157e+00
1.1000e+02 1.0000e+01 -2.0330e+00
1.1000e+02 2.0000e+01 -4.9025e+00
1.1000e+02 3.0000e+01 -1.6396e+00
1.1000e+02 4.0000e+01 -2.6170e+00
1.1000e+02 5.0000e+01 -1.0534e+00
1.1000e+02 6.0000e+01 -9.1578e-01
1.1000e+02 7.0000e+01 7.0708e-01
1.1000e+02 8.0000e+01 -4.2079e-01
1.1000e+02 9.0000e+01 -3.0494e+00
1.1000e+02 1.0000e+02 -2.4488e+00
1.1000e+02 1.1000e+02 1.1317e+00
1.1000e+02 1.2000e+02 1.8202e-02
1.1000e+02 1.3000e+02 -1.3670e-01
1.1000e+02 1.4000e+02 7.1294e-01
1.1000e+02 1.5000e+02 1.4972e+00
1.1000e+02 1.6000e+02 -2.4807e+00
1.1000e+02 1.7000e+02 -6.9184e-01
1.1000e+02 1.8000e+02 -1.8347e+00
1.1000e+02 1.9000e+02 2.5388e+00
1.1000e+02 2.0000e+02 5.8211e-01
1.2000e+02 -2.0000e+02 -8.1162e-02
1.2000e+02 -1.9000e+02 -9.5743e-01
1.2000e+02 -1.8000e+02 3.1644e-01
1.2000e+02 -1.7000e+02 3.0695e+00
1.2000e+02 -1.6000e+02 -1.7784e+00
1.2000e+02 -1.5000e+02 2.1634e+00
1.2000e+02 -1.4000e+02 -7.4332e-01
1.2000e+02 -1.3000e+02 -7.7339e-01
1.2000e+02 -1.2000e+02 3.5965e-01
1.2000e+02 -1.1000e+02 1.9129e+00
1.2000e+02 -1.0000e+02 -1.1378e+00
1.2000e+02 -9.0000e+01 -6.3308e-01
1.2000e+02 -8.0000e+01 -2.0871e+00
1.2000e+02 -7.0000e+01 -1.8576e+00
1.2000e+02 -6.0000e+01 -1.8760e+00
1.2000e+02 -5.0000e+01 -8.5272e-01
1.2000e+02 -4.0000e+01 5.9246e-01
1.2000e+02 -3.0000e+01 -9.6706e-01
1.2000e+02 -2.0000e+01 -1.7499e+00
1.2000e+02 -1.0000e+01 -7.4909e-01
1.2000e+02 0.0000e+00 -2.2486e+00
1.2000e+02 1.0000e+01 -1.3871e+00
1.2000e+02 2.0000e+01 -8.0344e-01
1.2000e+02 3.0000e+01 -1.9090e+00
1.2000e+02 4.0000e+01 1.1171e+00
1.2000e+02 5.0000e+01 1.9505e+00
1.2000e+02 6.0000e+01 -2.6167e+00
1.2000e+02 7.0000e+01 1.7575e+00
1.2000e+02 8.0000e+01 -2.0936e-01
1.2000e+02 9.0000e+01 4.3986e-02
1.2000e+02 1.0000e+02 -1.1242e+00
1.2000e+02 1.1000e+02 3.1805e+00
1.2000e+02 1.2000e+02 1.2556e+00
1.2000e+02 1.3000e+02 -5.4116e-01
1.2000e+02 1.4000e+02 3.4327e-01
1.2000e+02 1.5000e+02 1.1716e+00
1.2000e+02 1.6000e+02 -2.2529e+00
1.2000e+02 1.7000e+02 7.1863e-02
1.2000e+02 1.8000e+02 -2.7890e+00
1.2000e+02 1.9000e+02 -1.7917e+00
1.2000e+02 2.0000e+02 2.1246e+00
1.3000e+02 -2.0000e+02 -1.3209e+00
1.3000e+02 -1.9000e+02 -9.9961e-04
1.3000e+02 -1.8000e+02 -4.2027e-01
1.3000e+02 -1.7000e+02 -3.0188e-01
1.3000e+02 -1.6000e+02 6.2211e-01
1.3000e+02 -1.5000e+02 1.3901e+00
1.3000e+02 -1.4000e+02 -1.4373e+00
1.3000e+02 -1.3000e+02 -1.0615e+00
1.3000e+02 -1.2000e+02 3.7944e-01
1.3000e+02 -1.1000e+02 1.1790e+00
1.3000e+02 -1.0000e+02 -2.4007e+00
1.3000e+02 -9.0000e+01 1.0438e-01
1.3000e+02 -8.0000e+01 -1.0624e+00
1.3000e+02 -7.0000e+01 -3.2345e+00
1.3000e+02 -6.0000e+01 -2.9720e+00
1.3000e+02 -5.0000e+01 -2.0211e+00
1.3000e+02 -4.0000e+01 -9.1212e-01
1.3000e+02 -3.0000e+01 -2.3054e-01
1.3000e+02 -2.0000e+01 2.2014e+00
1.3000e+02 -1.0000e+01 -1.2209e-01
1.3000e+02 0.0000e+00 6.6160e-01
1.3000e+02 1.0000e+01 -3.6375e-01
1.3000e+02 2.0000e+01 -1.2438e-01
1.3000e+02 3.0000e+01 -7.7332e-01
1.3000e+02 4.0000e+01 -2.4796e+00
1.3000e+02 5.0000e+01 1.0016e-01
1.3000e+02 6.0000e+01 -7.7519e-01
1.3000e+02 7.0000e+01 -2.3979e+00
1.3000e+02 8.0000e+01 -9.0274e-01
1.3000e+02 9.0000e+01 1.1278e+00
1.3000e+02 1.0000e+02 -1.2928e+00
1.3000e+02 1.1000e+02 -1.9327e+00
1.3000e+02 1.2000e+02 1.7676e-01
1.3000e+02 1.3000e+02 -4.6196e-01
1.3000e+02 1.4000e+02 -2.6826e+00
1.3000e+02 1.5000e+02 -1.0312e-01
1.3000e+02 1.6000e+02 5.6261e-01
1.3000e+02 1.7000e+02 -1.1546e+00
1.3000e+02 1.8000e+02 9.6424e-01
1.3000e+02 1.9000e+02 -1.7448e-01
1.3000e+02 2.0000e+02 -1.0110e+00
1.4000e+02 -2.0000e+02 4.1421e-01
1.4000e+02 -1.9000e+02 1.5861e+00
1.4000e+02 -1.8000e+02 -3.0105e+00
1.4000e+02 -1.7000e+02 2.6071e-01
1.4000e+02 -1.6000e+02 -1.0764e+00
1.4000e+02 -1.5000e+02 -7.6716e-01
1.4000e+02 -1.4000e+02 -6.7021e-01
1.4000e+02 -1.3000e+02 -1.6737e+00
1.4000e+02 -1.2000e+02 -2.8537e+00
1.4000e+02 -1.1000e+02 1.4262e+00
1.4000e+02 -1.0000e+02 -1.5566e+00
1.4000e+02 -9.0000e+01 2.8543e+00
1.4000e+02 -8.0000e+01 -1.7740e+00
1.4000e+02 -7.0000e+01 -5.4615e-01
1.4000e+02 -6.0000e+01 -5.3545e-01
1.4000e+02 -5.0000e+01 -6.3001e-01
1.4000e+02 -4.0000e+01 -2.7817e+00
1.4000e+02 -3.0000e+01 -2.1833e+00
1.4000e+02 -2.0000e+01 1.3339e+00
1.4000e+02 -1.0000e+01 5.1837e-01
1.4000e+02 0.0000e+00 -1.6731e+00
1.4000e+02 1.0000e+01 9.7267e-01
1.4000e+02 2.0000e+01 -1.9512e+00
1.4000e+02 3.0000e+01 1.1779e+00
1.4000e+02 4.0000e+01 -4.9033e-01
1.4000e+02 5.0000e+01 -4.4393e+00
1.4000e+02 6.0000e+01 5.1387e-01
1.4000e+02 7.0000e+01 -1.1810e+00
1.4000e+02 8.0000e+01 -1.7541e+00
1.4000e+02 9.0000e+01 -1.5591e+00
1.4000e+02 1.0000e+02 1.5778e+00
1.4000e+02 1.1000e+02 8.5095e-01
1.4000e+02 1.2000e+02 1.4581e-01
1.4000e+02 1.3000e+02 -5.4020e-01
1.4000e+02 1.4000e+02 -6.0218e-01
1.4000e+02 1.5000e+02 -4.1758e+00
1.4000e+02 1.6000e+02 -2.0203e+00
1.4000e+02 1.7000e+02 1.5478e-01
1.4000e+02 1.8000e+02 -1.3096e+00
1.4000e+02 1.9000e+02 -1.8497e+00
1.4000e+02 2.0000e+02 -1.4011e+00
1.5000e+02 -2.0000e+02 -2.0997e+00
1.5000e+02 -1.9000e+02 1.9752e+00
1.5000e+02 -1.8000e+02 8.4237e-01
1.5000e+02 -1.7000e+02 -1.0264e+00
1.5000e+02 -1.6000e+02 7.8126e-01
1.5000e+02 -1.5000e+02 -1.5022e+00
1.5000e+02 -1.4000e+02 -1.0367e+00
1.5000e+02 -1.3000e+02 -2.1230e+00
1.5000e+02 -1.2000e+02 1.3984e+00
1.5000e+02 -1.1000e+02 -3.3253e-01
1.5000e+02 -1.0000e+02 -1.0655e+00
1.5000e+02 -9.0000e+01 -7.1445e-01
1.5000e+02 -8.0000e+01 2.6820e+00
1.5000e+02 -7.0000e+01 -1.2677e+00
1.5000e+02 -6.0000e+01 -2.2423e+00
1.5000e+02 -5.0000e+01 -1.4883e+00
1.5000e+02 -4.0000e+01 -4.1791e+00
1.5000e+02 -3.0000e+01 1.2066e+00
1.5000e+02 -2.0000e+01 -5.8932e-01
1.5000e+02 -1.0000e+01 -8.8685e-01
1.5000e+02 0.0000e+00 -2.6876e+00
1.5000e+02 1.0000e+01 -3.3227e+00
1.5000e+02 2.0000e+01 3.3500e-01
1.5000e+02 3.0000e+01 -8.6133e-01
1.5000e+02 4.0000e+01 8.8405e-01
1.5000e+02 5.0000e+01 -3.2765e-01
1.5000e+02 6.0000e+01 -1.3543e+00
1.5000e+02 7.0000e+01 -2.0400e+00
1.5000e+02 8.0000e+01 5.5124e-01
1.5000e+02 9.0000e+01 -2.6524e+00
1.5000e+02 1.0000e+02 1.3542e+00
1.5000e+02 1.1000e+02 4.4399e-01
1.5000e+02 1.2000e+02 -1.0957e+00
1.5000e+02 1.3000e+02 -1.0325e+00
1.5000e+02 1.4000e+02 4.0437e-02
1.5000e+02 1.5000e+02 1.0061e+00
1.5000e+02 1.6000e+02 4.0197e-01
1.5000e+02 1.7000e+02 1.5510e+00
1.5000e+02 1.8000e+02 -1.7085e+00
1.5000e+02 1.9000e+02 6.7143e-01
1.5000e+02 2.0000e+02 -1.3029e+00
1.6000e+02 -2.0000e+02 -2.1125e+00
1.6000e+02 -1.9000e+02 -2.5835e+00
1.6000e+02 -1.8000e+02 1.6310e+00
1.6000e+02 -1.7000e+02 -7.0815e-01
1.6000e+02 -1.6000e+02 -5.9427e-01
1.6000e+02 -1.5000e+02 -4.2029e-01
1.6000e+02 -1.4000e+02 -8.1370e-01
1.6000e+02 -1.3000e+02 3.0535e-01
1.6000e+02 -1.2000e+02 1.9610e-01
1.6000e+02 -1.1000e+02 4.2648e-01
1.6000e+02 -1.0000e+02 2.6962e+00
1.6000e+02 -9.0000e+01 9.8473e-01
1.6000e+02 -8.0000e+01 3.3826e-02
1.6000e+02 -7.0000e+01 -1.3227e+00
1.6000e+02 -6.0000e+01 -2.1709e+00
1.6000e+02 -5.0000e+01 3.9315e-01
1.6000e+02 -4.0000e+01 -1.8580e+00
1.6000e+02 -3.0000e+01 -4.0099e+00
1.6000e+02 -2.0000e+01 -1.9864e+00
1.6000e+02 -1.0000e+01 1.1298e+00
1.6000e+02 0.0000e+00 2.9597e-01
1.6000e+02 1.0000e+01 -3.8596e-01
1.6000e+02 2.0000e+01 -1.2665e+00
1.6000e+02 3.0000e+01 -1.0122e+00
1.6000e+02 4.0000e+01 -6.9157e-01
1.6000e+02 5.0000e+01 2.0852e-01
1.6000e+02 6.0000e+01 9.3594e-01
1.6000e+02 7.0000e+01 -8.9873e-01
1.6000e+02 8.0000e+01 5.9478e-01
1.6000e+02 9.0000e+01 6.7435e-01
1.6000e+02 1.0000e+02 4.8078e-01
1.6000e+02 1.1000e+02 -3.1669e+00
1.6000e+02 1.2000e+02 1.0945e+00
1.6000e+02 1.3000e+02 -1.5249e+00
1.6000e+02 1.4000e+02 3.2196e+00
1.6000e+02 1.5000e+02 -4.5811e-01
1.6000e+02 1.6000e+02 -1.2339e+00
1.6000e+02 1.7000e+02 -5.3820e-01
1.6000e+02 1.8000e+02 -2.0171e+00
1.6000e+02 1.9000e+02 -4.1770e-01
1.6000e+02 2.0000e+02 -2.5992e-01
1.7000e+02 -2.0000e+02 -4.2925e-01
1.7000e+02 -1.9000e+02 -1.9938e+00
1.7000e+02 -1.8000e+02 3.1991e+00
1.7000e+02 -1.7000e+02 -1.6471e+00
1.7000e+02 -1.6000e+02 2.0715e+00
1.7000e+02 -1.5000e+02 2.3801e+00
1.7000e+02 -1.4000e+02 -6.5101e+00
1.7000e+02 -1.3000e+02 2.4764e+00
1.7000e+02 -1.2000e+02 -1.7233e+00
1.7000e+02 -1.1000e+02 1.1554e+00
1.7000e+02 -1.0000e+02 -1.2787e+00
1.7000e+02 -9.0000e+01 -1.0291e+00
1.7000e+02 -8.0000e+01 3.0340e+00
1.7000e+02 -7.0000e+01 8.1440e-01
1.7000e+02 -6.0000e+01 -3.3901e+00
1.7000e+02 -5.0000e+01 -3.4749e-01
1.7000e+02 -4.0000e+01 1.3373e+00
1.7000e+02 -3.0000e+01 -1.2647e+00
1.7000e+02 -2.0000e+01 3.9377e-02
1.7000e+02 -1.0000e+01 -2.8358e+00
1.7000e+02 0.0000e+00 8.7572e-02
1.7000e+02 1.0000e+01 6.4750e-01
1.7000e+02 2.0000e+01 -6.1762e-01
1.7000e+02 3.0000e+01 2.5379e-02
1.7000e+02 4.0000e+01 6.1816e-01
1.7000e+02 5.0000e+01 -8.5386e-01
1.7000e+02 6.0000e+01 -1.7464e+00
1.7000e+02 7.0000e+01 -1.2660e+00
1.7000e+02 8.0000e+01 -6.5179e-01
1.7000e+02 9.0000e+01 -9.5008e-01
1.7000e+02 1.0000e+02 3.3367e+00
1.7000e+02 1.1000e+02 7.6348e-01
1.7000e+02 1.2000e+02 -2.4828e-01
1.7000e+02 1.3000e+02 -9.2451e-01
1.7000e+02 1.4000e+02 6.0725e-01
1.7000e+02 1.5000e+02 -1.4694e+00
1.7000e+02 1.6000e+02 -1.3784e+00
1.7000e+02 1.7000e+02 1.5388e+00
1.7000e+02 1.8000e+02 -3.4726e-01
1.7000e+02 1.9000e+02 1.9450e-01
1.7000e+02 2.0000e+02 3.3278e-01
1.8000e+02 -2.0000e+02 3.1361e+00
1.8000e+02 -1.9000e+02 -1.7315e+00
1.8000e+02 -1.8000e+02 1.4686e+00
1.8000e+02 -1.7000e+02 4.5276e-01
1.8000e+02 -1.6000e+02 6.5158e-01
1.8000e+02 -1.5000e+02 -1.6588e+00
1.8000e+02 -1.4000e+02 -8.8443e-01
1.8000e+02 -1.3000e+02 2.0977e-01
1.8000e+02 -1.2000e+02 -3.1009e+00
1.8000e+02 -1.1000e+02 1.2187e+00
1.8000e+02 -1.0000e+02 1.9146e+00
1.8000e+02 -9.0000e+01 3.2137e-01
1.8000e+02 -8.0000e+01 1.9165e+00
1.8000e+02 -7.0000e+01 1.2736e+00
1.8000e+02 -6.0000e+01 9.1582e-01
1.8000e+02 -5.0000e+01 -4.3520e-01
1.8000e+02 -4.0000e+01 2.0069e+00
1.8000e+02 -3.0000e+01 -7.4445e-01
1.8000e+02 -2.0000e+01 5.4583e-01
1.8000e+02 -1.0000e+01 -2.0707e+00
1.8000e+02 0.0000e+00 7.8581e-02
1.8000e+02 1.0000e+01 1.6875e+00
1.8000e+02 2.0000e+01 4.6474e-01
1.8000e+02 3.0000e+01 -3.7868e+00
1.8000e+02 4.0000e+01 2.3414e+00
1.8000e+02 5.0000e+01 1.3885e+00
1.8000e+02 6.0000e+01 -1.6958e-01
1.8000e+02 7.0000e+01 8.3539e-01
1.8000e+02 8.0000e+01 1.0455e-01
1.8000e+02 9.0000e+01 2.1205e+00
1.8000e+02 1.0000e+02 1.1412e-01
1.8000e+02 1.1000e+02 -8.0413e-02
1.8000e+02 1.2000e+02 -1.3841e+00
1.8000e+02 1.3000e+02 -3.2397e-01
1.8000e+02 1.4000e+02 -1.8298e+00
1.8000e+02 1.5000e+02 3.2374e+00
1.8000e+02 1.6000e+02 7.7258e-02
1.8000e+02 1.7000e+02 5.1818e-01
1.8000e+02 1.8000e+02 4.4117e-01
1.8000e+02 1.9000e+02 2.2769e-01
1.8000e+02 2.0000e+02 1.6212e+00
1.9000e+02 -2.0000e+02 -7.1085e-01
1.9000e+02 -1.9000e+02 -1.8701e+00
1.9000e+02 -1.8000e+02 -5.0227e-01
1.9000e+02 -1.7000e+02 -3.7768e-01
1.9000e+02 -1.6000e+02 3.4319e-01
1.9000e+02 -1.5000e+02 -6.6198e-01
1.9000e+02 -1.4000e+02 6.5975e-02
1.9000e+02 -1.3000e+02 3.1349e+00
1.9000e+02 -1.2000e+02 1.8170e+00
1.9000e+02 -1.1000e+02 -1.1096e+00
1.9000e+02 -1.0000e+02 1.9344e+00
1.9000e+02 -9.0000e+01 -1.7421e+00
1.9000e+02 -8.0000e+01 1.8988e+00
1.9000e+02 -7.0000e+01 -1.8787e+00
1.9000e+02 -6.0000e+01 -1.2409e+00
1.9000e+02 -5.0000e+01 3.8125e-01
1.9000e+02 -4.0000e+01 1.7159e+00
1.9000e+02 -3.0000e+01 -2.4811e-01
1.9000e+02 -2.0000e+01 2.7718e+00
1.9000e+02 -1.0000e+01 -1.9205e+00
1.9000e+02 0.0000e+00 4.0170e-01
1.9000e+02 1.0000e+01 -1.2382e+00
1.9000e+02 2.0000e+01 6.5277e-01
1.9000e+02 3.0000e+01 7.1212e-01
1.9000e+02 4.0000e+01 -2.2095e+00
1.9000e+02 5.0000e+01 1.2675e+00
1.9000e+02 6.0000e+01 -1.1544e-02
1.9000e+02 7.0000e+01 -9.5166e-01
1.9000e+02 8.0000e+01 1.0916e+00
1.9000e+02 9.0000e+01 -3.6030e-01
1.9000e+02 1.0000e+02 1.0046e+00
1.9000e+02 1.1000e+02 -2.3593e-01
1.9000e+02 1.2000e+02 2.6941e-02
1.9000e+02 1.3000e+02 -1.6996e+00
1.9000e+02 1.4000e+02 -3.2095e-01
1.9000e+02 1.5000e+02 9.2660e-01
1.9000e+02 1.6000e+02 -3.0718e+00
1.9000e+02 1.7000e+02 -9.5708e-01
1.9000e+02 1.8000e+02 1.5175e+00
1.9000e+02 1.9000e+02 1.5297e+00
1.9000e+02 2.0000e+02 -4.1897e-01
2.0000e+02 -2.0000e+02 4.7630e-01
2.0000e+02 -1.9000e+02 -6.2816e-01
2.0000e+02 -1.8000e+02 -1.0011e+00
2.0000e+02 -1.7000e+02 -1.5008e+00
2.0000e+02 -1.6000e+02 3.3766e+00
2.0000e+02 -1.5000e+02 -2.7732e+00
2.0000e+02 -1.4000e+02 1.1840e+00
2.0000e+02 -1.3000e+02 4.9285e-01
2.0000e+02 -1.2000e+02 1.2016e+00
2.0000e+02 -1.1000e+02 6.8022e-01
2.0000e+02 -1.0000e+02 1.6344e+00
2.0000e+02 -9.0000e+01 -1.2918e-02
2.0000e+02 -8.0000e+01 -8.5198e-01
2.0000e+02 -7.0000e+01 -1.7151e+00
2.0000e+02 -6.0000e+01 -2.9783e+00
2.0000e+02 -5.0000e+01 -3.6214e-01
2.0000e+02 -4.0000e+01 1.6585e+00
2.0000e+02 -3.0000e+01 1.6591e+00
2.0000e+02 -2.0000e+01 -3.5597e+00
2.0000e+02 -1.0000e+01 5.8488e-01
2.0000e+02 0.0000e+00 -5.6131e-01
2.0000e+02 1.0000e+01 2.7513e+00
2.0000e+02 2.0000e+01 1.0074e+00
2.0000e+02 3.0000e+01 -1.8730e+00
2.0000e+02 4.0000e+01 -1.3188e+00
2.0000e+02 5.0000e+01 4.2768e+00
2.0000e+02 6.0000e+01 6.1069e-01
2.0000e+02 7.0000e+01 -1.9116e+00
2.0000e+02 8.0000e+01 2.4583e-01
2.0000e+02 9.0000e+01 -1.4905e+00
2.0000e+02 1.0000e+02 9.0081e-01
2.0000e+02 1.1000e+02 -1.3748e-01
2.0000e+02 1.2000e+02 -7.9248e-01
2.0000e+02 1.3000e+02 -1.8115e+00
2.0000e+02 1.4000e+02 7.3177e-01
2.0000e+02 1.5000e+02 -2.8348e-01
2.0000e+02 1.6000e+02 -6.3057e-01
2.0000e+02 1.7000e+02 -1.8227e+00
2.0000e+02 1.8000e+02 1.1305e+00
2.0000e+02 1.9000e+02 9.1346e-01
2.0000e+02 2.0000e+02 9.9386e-02
