-2.0000e+02 -2.0000e+02 -8.1283e-01
-2.0000e+02 -1.9000e+02 1.1236e+00
-2.0000e+02 -1.8000e+02 -1.3672e+00
-2.0000e+02 -1.7000e+02 -6.0631e-01
-2.0000e+02 -1.6000e+02 1.0298e+00
-2.0000e+02 -1.5000e+02 -1.7428e+00
-2.0000e+02 -1.4000e+02 -4.1432e+00
-2.0000e+02 -1.3000e+02 -8.3262e-01
-2.0000e+02 -1.2000e+02 -1.5807e+00
-2.0000e+02 -1.1000e+02 -4.4271e-01
-2.0000e+02 -1.0000e+02 2.1246e+00
-2.0000e+02 -9.0000e+01 -5.3485e-01
-2.0000e+02 -8.0000e+01 -1.7627e+00
-2.0000e+02 -7.0000e+01 1.6284e+00
-2.0000e+02 -6.0000e+01 2.3823e-01
-2.0000e+02 -5.0000e+01 -3.8186e-01
-2.0000e+02 -4.0000e+01 1.1718e+00
-2.0000e+02 -3.0000e+01 -1.5089e+00
-2.0000e+02 -2.0000e+01 2.0766e+00
-2.0000e+02 -1.0000e+01 -9.6813e-01
-2.0000e+02 0.0000e+00 -7.6495e-01
-2.0000e+02 1.0000e+01 -1.1188e+00
-2.0000e+02 2.0000e+01 8.8939e-01
-2.0000e+02 3.0000e+01 -8.2655e-01
-2.0000e+02 4.0000e+01 -7.6702e-01
-2.0000e+02 5.0000e+01 -8.6175e-01
-2.0000e+02 6.0000e+01 1.9975e+00
-2.0000e+02 7.0000e+01 -1.0242e+00
-2.0000e+02 8.0000e+01 -8.9718e-01
-2.0000e+02 9.0000e+01 2.2693e+00
-2.0000e+02 1.0000e+02 -1.6271e-01
-2.0000e+02 1.1000e+02 2.3293e+00
-2.0000e+02 1.2000e+02 6.2806e-01
-2.0000e+02 1.3000e+02 1.3705e+00
-2.0000e+02 1.4000e+02 1.8754e+00
-2.0000e+02 1.5000e+02 -6.8185e-01
-2.0000e+02 1.6000e+02 -4.4216e-01
-2.0000e+02 1.7000e+02 -1.3293e+00
-2.0000e+02 1.8000e+02 3.5197e+00
-2.0000e+02 1.9000e+02 1.1904e+00
-2.0000e+02 2.0000e+02 -2.5184e+00
-1.9000e+02 -2.0000e+02 -8.1502e-02
-1.9000e+02 -1.9000e+02 7.3349e-01
-1.9000e+02 -1.8000e+02 -1.8841e+00
-1.9000e+02 -1.7000e+02 -1.3344e-01
-1.9000e+02 -1.6000e+02 2.2160e+00
-1.9000e+02 -1.5000e+02 -3.5077e-02
-1.9000e+02 -1.4000e+02 -7.3632e-01
-1.9000e+02 -1.3000e+02 2.0517e+00
-1.9000e+02 -1.2000e+02 4.5937e-01
-1.9000e+02 -1.1000e+02 -3.7189e-01
-1.9000e+02 -1.0000e+02 -1.3516e+00
-1.9000e+02 -9.0000e+01 7.0929e-02
-1.9000e+02 -8.0000e+01 1.3617e+00
-1.9000e+02 -7.0000e+01 7.2404e-01
-1.9000e+02 -6.0000e+01 2.1387e+00
-1.9000e+02 -5.0000e+01 -2.4964e-01
-1.9000e+02 -4.0000e+01 5.6696e-01
-1.9000e+02 -3.0000e+01 -2.5833e+00
-1.9000e+02 -2.0000e+01 -4.0219e-01
-1.9000e+02 -1.0000e+01 -2.3160e+00
-1.9000e+02 0.0000e+00 -6.9052e-01
-1.9000e+02 1.0000e+01 -1.7700e+00
-1.9000e+02 2.0000e+01 -4.8600e-01
-1.9000e+02 3.0000e+01 -4.5536e-01
-1.9000e+02 4.0000e+01 2.5253e+00
-1.9000e+02 5.0000e+01 -1.7698e+00
-1.9000e+02 6.0000e+01 1.2979e-01
-1.9000e+02 7.0000e+01 -2.1763e+00
-1.9000e+02 8.0000e+01 -1.3334e+00
-1.9000e+02 9.0000e+01 2.4869e+00
-1.9000e+02 1.0000e+02 1.9943e+00
-1.9000e+02 1.1000e+02 2.6106e+00
-1.9000e+02 1.2000e+02 -7.4977e-01
-1.9000e+02 1.3000e+02 2.4371e+00
-1.9000e+02 1.4000e+02 -1.5224e+00
-1.9000e+02 1.5000e+02 1.2637e+00
-1.9000e+02 1.6000e+02 1.5070e-01
-1.9000e+02 1.7000e+02 -1.0125e+00
-1.9000e+02 1.8000e+02 8.4901e-01
-1.9000e+02 1.9000e+02 2.3766e-01
-1.9000e+02 2.0000e+02 -2.3676e+00
-1.8000e+02 -2.0000e+02 1.3924e-01
-1.8000e+02 -1.9000e+02 -1.1960e+00
-1.8000e+02 -1.8000e+02 2.8737e+00
-1.8000e+02 -1.7000e+02 2.2179e+00
-1.8000e+02 -1.6000e+02 5.2799e-01
-1.8000e+02 -1.5000e+02 1.9240e+00
-1.8000e+02 -1.4000e+02 1.6272e+00
-1.8000e+02 -1.3000e+02 -7.6040e-01
-1.8000e+02 -1.2000e+02 -6.3667e-01
-1.8000e+02 -1.1000e+02 -9.5355e-01
-1.8000e+02 -1.0000e+02 -1.3663e+00
-1.8000e+02 -9.0000e+01 3.9423e+00
-1.8000e+02 -8.0000e+01 1.9505e-01
-1.8000e+02 -7.0000e+01 2.7481e+00
-1.8000e+02 -6.0000e+01 -7.9934e-01
-1.8000e+02 -5.0000e+01 7.6508e-01
-1.8000e+02 -4.0000e+01 -1.5999e-01
-1.8000e+02 -3.0000e+01 -4.1368e+00
-1.8000e+02 -2.0000e+01 -2.7508e+00
-1.8000e+02 -1.0000e+01 1.6136e+00
-1.8000e+02 0.0000e+00 -2.7070e+00
-1.8000e+02 1.0000e+01 -9.6188e-01
-1.8000e+02 2.0000e+01 -1.0972e+00
-1.8000e+02 3.0000e+01 -1.3691e+00
-1.8000e+02 4.0000e+01 2.8765e-01
-1.8000e+02 5.0000e+01 1.3207e+00
-1.8000e+02 6.0000e+01 -5.0761e+00
-1.8000e+02 7.0000e+01 7.4579e-01
-1.8000e+02 8.0000e+01 -1.6326e+00
-1.8000e+02 9.0000e+01 3.2957e+00
-1.8000e+02 1.0000e+02 3.0991e+00
-1.8000e+02 1.1000e+02 3.6961e-01
-1.8000e+02 1.2000e+02 2.4782e+00
-1.8000e+02 1.3000e+02 -2.2540e+00
-1.8000e+02 1.4000e+02 1.6484e+00
-1.8000e+02 1.5000e+02 2.0743e+00
-1.8000e+02 1.6000e+02 -1.4743e+00
-1.8000e+02 1.7000e+02 -2.8977e+00
-1.8000e+02 1.8000e+02 -5.1995e-01
-1.8000e+02 1.9000e+02 6.6960e-01
-1.8000e+02 2.0000e+02 1.7061e+00
-1.7000e+02 -2.0000e+02 1.5712e+00
-1.7000e+02 -1.9000e+02 2.0438e+00
-1.7000e+02 -1.8000e+02 -1.8530e+00
-1.7000e+02 -1.7000e+02 1.9165e+00
-1.7000e+02 -1.6000e+02 3.2923e+00
-1.7000e+02 -1.5000e+02 2.7335e-01
-1.7000e+02 -1.4000e+02 3.4153e-01
-1.7000e+02 -1.3000e+02 -1.3305e+00
-1.7000e+02 -1.2000e+02 6.8240e-02
-1.7000e+02 -1.1000e+02 -1.3227e-01
-1.7000e+02 -1.0000e+02 4.2824e+00
-1.7000e+02 -9.0000e+01 -2.3914e+00
-1.7000e+02 -8.0000e+01 -1.6794e+00
-1.7000e+02 -7.0000e+01 -1.0446e+00
-1.7000e+02 -6.0000e+01 1.6164e-01
-1.7000e+02 -5.0000e+01 4.0605e-01
-1.7000e+02 -4.0000e+01 -1.7598e-01
-1.7000e+02 -3.0000e+01 3.7929e-01
-1.7000e+02 -2.0000e+01 -1.5010e+00
-1.7000e+02 -1.0000e+01 -1.8111e+00
-1.7000e+02 0.0000e+00 1.3368e+00
-1.7000e+02 1.0000e+01 -1.3700e+00
-1.7000e+02 2.0000e+01 -6.7672e-01
-1.7000e+02 3.0000e+01 -9.9735e-01
-1.7000e+02 4.0000e+01 5.5763e-02
-1.7000e+02 5.0000e+01 1.8971e+00
-1.7000e+02 6.0000e+01 2.0832e+00
-1.7000e+02 7.0000e+01 1.6707e+00
-1.7000e+02 8.0000e+01 -6.6557e-01
-1.7000e+02 9.0000e+01 2.7951e-01
-1.7000e+02 1.0000e+02 -3.2612e-02
-1.7000e+02 1.1000e+02 -4.7859e-01
-1.7000e+02 1.2000e+02 -8.8410e-01
-1.7000e+02 1.3000e+02 -1.8988e-01
-1.7000e+02 1.4000e+02 2.4037e+00
-1.7000e+02 1.5000e+02 1.8363e-01
-1.7000e+02 1.6000e+02 2.5715e+00
-1.7000e+02 1.7000e+02 2.4879e-01
-1.7000e+02 1.8000e+02 -2.5470e+00
-1.7000e+02 1.9000e+02 1.0717e+00
-1.7000e+02 2.0000e+02 4.5120e-01
-1.6000e+02 -2.0000e+02 2.5012e+00
-1.6000e+02 -1.9000e+02 1.7272e-01
-1.6000e+02 -1.8000e+02 6.9799e-02
-1.6000e+02 -1.7000e+02 -7.8019e-01
-1.6000e+02 -1.6000e+02 2.2544e+00
-1.6000e+02 -1.5000e+02 -8.6555e-01
-1.6000e+02 -1.4000e+02 -9.0786e-01
-1.6000e+02 -1.3000e+02 8.5957e-01
-1.6000e+02 -1.2000e+02 2.3984e+00
-1.6000e+02 -1.1000e+02 -2.1099e+00
-1.6000e+02 -1.0000e+02 -4.7835e-01
-1.6000e+02 -9.0000e+01 -2.3894e+00
-1.6000e+02 -8.0000e+01 -1.5953e+00
-1.6000e+02 -7.0000e+01 -8.5768e-01
-1.6000e+02 -6.0000e+01 3.2146e-01
-1.6000e+02 -5.0000e+01 1.9000e+00
-1.6000e+02 -4.0000e+01 -9.4522e-01
-1.6000e+02 -3.0000e+01 -2.5381e+00
-1.6000e+02 -2.0000e+01 -2.5172e-02
-1.6000e+02 -1.0000e+01 -1.0296e+00
-1.6000e+02 0.0000e+00 3.5904e-01
-1.6000e+02 1.0000e+01 -6.5056e-01
-1.6000e+02 2.0000e+01 7.5475e-01
-1.6000e+02 3.0000e+01 7.1852e-01
-1.6000e+02 4.0000e+01 -1.0019e+00
-1.6000e+02 5.0000e+01 1.9280e+00
-1.6000e+02 6.0000e+01 2.1658e-02
-1.6000e+02 7.0000e+01 -1.2658e+00
-1.6000e+02 8.0000e+01 1.3125e-01
-1.6000e+02 9.0000e+01 -7.9840e-01
-1.6000e+02 1.0000e+02 -8.7434e-01
-1.6000e+02 1.1000e+02 -8.1282e-01
-1.6000e+02 1.2000e+02 2.9386e-01
-1.6000e+02 1.3000e+02 -2.9901e-01
-1.6000e+02 1.4000e+02 -2.4789e+00
-1.6000e+02 1.5000e+02 -1.8433e-01
-1.6000e+02 1.6000e+02 3.7390e-01
-1.6000e+02 1.7000e+02 2.4122e-01
-1.6000e+02 1.8000e+02 -8.7395e-01
-1.6000e+02 1.9000e+02 -3.0052e-01
-1.6000e+02 2.0000e+02 1.8367e-01
-1.5000e+02 -2.0000e+02 4.3941e-01
-1.5000e+02 -1.9000e+02 7.1721e-01
-1.5000e+02 -1.8000e+02 1.1502e+00
-1.5000e+02 -1.7000e+02 1.5641e+00
-1.5000e+02 -1.6000e+02 8.1269e-01
-1.5000e+02 -1.5000e+02 1.3368e+00
-1.5000e+02 -1.4000e+02 -9.2122e-01
-1.5000e+02 -1.3000e+02 7.9488e-01
-1.5000e+02 -1.2000e+02 -2.6630e+00
-1.5000e+02 -1.1000e+02 8.1333e-01
-1.5000e+02 -1.0000e+02 8.6996e-01
-1.5000e+02 -9.0000e+01 -3.0781e-02
-1.5000e+02 -8.0000e+01 4.0814e-01
-1.5000e+02 -7.0000e+01 2.3560e+00
-1.5000e+02 -6.0000e+01 -2.2092e+00
-1.5000e+02 -5.0000e+01 -2.1906e-01
-1.5000e+02 -4.0000e+01 -1.5765e+00
-1.5000e+02 -3.0000e+01 -1.7575e+00
-1.5000e+02 -2.0000e+01 -2.6601e+00
-1.5000e+02 -1.0000e+01 2.0658e-01
-1.5000e+02 0.0000e+00 -1.0353e+00
-1.5000e+02 1.0000e+01 -7.0058e-01
-1.5000e+02 2.0000e+01 -1.5115e+00
-1.5000e+02 3.0000e+01 1.8193e+00
-1.5000e+02 4.0000e+01 -1.7629e+00
-1.5000e+02 5.0000e+01 2.3445e-01
-1.5000e+02 6.0000e+01 6.5624e-01
-1.5000e+02 7.0000e+01 2.8777e+00
-1.5000e+02 8.0000e+01 -1.5146e+00
-1.5000e+02 9.0000e+01 3.4906e+00
-1.5000e+02 1.0000e+02 -1.1685e+00
-1.5000e+02 1.1000e+02 -1.6309e+00
-1.5000e+02 1.2000e+02 1.2342e+00
-1.5000e+02 1.3000e+02 1.5850e+00
-1.5000e+02 1.4000e+02 1.9645e+00
-1.5000e+02 1.5000e+02 1.2341e-02
-1.5000e+02 1.6000e+02 -1.6968e+00
-1.5000e+02 1.7000e+02 1.2983e+00
-1.5000e+02 1.8000e+02 -2.8259e+00
-1.5000e+02 1.9000e+02 -1.3067e+00
-1.5000e+02 2.0000e+02 8.2769e-01
-1.4000e+02 -2.0000e+02 8.8947e-01
-1.4000e+02 -1.9000e+02 2.3711e+00
-1.4000e+02 -1.8000e+02 1.8748e+00
-1.4000e+02 -1.7000e+02 5.3175e-01
-1.4000e+02 -1.6000e+02 4.7607e-01
-1.4000e+02 -1.5000e+02 -3.2746e-01
-1.4000e+02 -1.4000e+02 1.9779e+00
-1.4000e+02 -1.3000e+02 -4.0723e-01
-1.4000e+02 -1.2000e+02 -1.7907e+00
-1.4000e+02 -1.1000e+02 1.4954e+00
-1.4000e+02 -1.0000e+02 3.0159e-01
-1.4000e+02 -9.0000e+01 1.5419e+00
-1.4000e+02 -8.0000e+01 3.7135e-01
-1.4000e+02 -7.0000e+01 1.1220e+00
-1.4000e+02 -6.0000e+01 -1.6371e+00
-1.4000e+02 -5.0000e+01 -2.1947e+00
-1.4000e+02 -4.0000e+01 -1.5960e+00
-1.4000e+02 -3.0000e+01 -3.1915e+00
-1.4000e+02 -2.0000e+01 -3.3615e+00
-1.4000e+02 -1.0000e+01 1.2554e+00
-1.4000e+02 0.0000e+00 -2.4785e+00
-1.4000e+02 1.0000e+01 4.3823e-02
-1.4000e+02 2.0000e+01 -1.6105e+00
-1.4000e+02 3.0000e+01 -3.5820e+00
-1.4000e+02 4.0000e+01 -4.4861e+00
-1.4000e+02 5.0000e+01 9.2700e-01
-1.4000e+02 6.0000e+01 -1.3724e+00
-1.4000e+02 7.0000e+01 -2.9537e+00
-1.4000e+02 8.0000e+01 -2.5153e+00
-1.4000e+02 9.0000e+01 1.3021e+00
-1.4000e+02 1.0000e+02 -1.5509e+00
-1.4000e+02 1.1000e+02 8.7743e-01
-1.4000e+02 1.2000e+02 2.3938e+00
-1.4000e+02 1.3000e+02 1.5658e+00
-1.4000e+02 1.4000e+02 4.6497e-01
-1.4000e+02 1.5000e+02 1.0360e-01
-1.4000e+02 1.6000e+02 3.3941e+00
-1.4000e+02 1.7000e+02 -5.6468e-01
-1.4000e+02 1.8000e+02 3.9524e-01
-1.4000e+02 1.9000e+02 -1.2634e+00
-1.4000e+02 2.0000e+02 -1.9665e+00
-1.3000e+02 -2.0000e+02 -2.2426e-01
-1.3000e+02 -1.9000e+02 -2.0140e+00
-1.3000e+02 -1.8000e+02 6.0105e-01
-1.3000e+02 -1.7000e+02 -7.1802e-01
-1.3000e+02 -1.6000e+02 -8.1805e-01
-1.3000e+02 -1.5000e+02 -1.7855e-01
-1.3000e+02 -1.4000e+02 7.4248e-01
-1.3000e+02 -1.3000e+02 1.3625e-01
-1.3000e+02 -1.2000e+02 -9.4849e-01
-1.3000e+02 -1.1000e+02 -6.4547e-01
-1.3000e+02 -1.0000e+02 5.0227e-01
-1.3000e+02 -9.0000e+01 -1.4847e+00
-1.3000e+02 -8.0000e+01 1.8286e+00
-1.3000e+02 -7.0000e+01 -1.0165e+00
-1.3000e+02 -6.0000e+01 -2.7599e-01
-1.3000e+02 -5.0000e+01 -1.3705e+00
-1.3000e+02 -4.0000e+01 -6.0842e-01
-1.3000e+02 -3.0000e+01 6.5085e-01
-1.3000e+02 -2.0000e+01 -1.3987e+00
-1.3000e+02 -1.0000e+01 -1.6597e+00
-1.3000e+02 0.0000e+00 6.4990e-01
-1.3000e+02 1.0000e+01 8.7785e-02
-1.3000e+02 2.0000e+01 1.2197e+00
-1.3000e+02 3.0000e+01 -1.4685e+00
-1.3000e+02 4.0000e+01 -1.9638e+00
-1.3000e+02 5.0000e+01 -8.6642e-01
-1.3000e+02 6.0000e+01 -1.6165e+00
-1.3000e+02 7.0000e+01 1.0421e-01
-1.3000e+02 8.0000e+01 -1.8554e+00
-1.3000e+02 9.0000e+01 2.6950e+00
-1.3000e+02 1.0000e+02 2.0654e-01
-1.3000e+02 1.1000e+02 1.1026e+00
-1.3000e+02 1.2000e+02 1.0963e+00
-1.3000e+02 1.3000e+02 -3.0874e-01
-1.3000e+02 1.4000e+02 1.7045e+00
-1.3000e+02 1.5000e+02 -2.8996e-01
-1.3000e+02 1.6000e+02 -1.5676e+00
-1.3000e+02 1.7000e+02 3.8132e-01
-1.3000e+02 1.8000e+02 -2.3429e+00
-1.3000e+02 1.9000e+02 -8.2757e-01
-1.3000e+02 2.0000e+02 1.6959e+00
-1.2000e+02 -2.0000e+02 -1.4590e+00
-1.2000e+02 -1.9000e+02 2.7091e-01
-1.2000e+02 -1.8000e+02 1.4808e+00
-1.2000e+02 -1.7000e+02 -9.9832e-01
-1.2000e+02 -1.6000e+02 1.9701e+00
-1.2000e+02 -1.5000e+02 5.4681e-01
-1.2000e+02 -1.4000e+02 1.5871e+00
-1.2000e+02 -1.3000e+02 6.2568e-01
-1.2000e+02 -1.2000e+02 -4.0820e-01
-1.2000e+02 -1.1000e+02 -4.6505e-01
-1.2000e+02 -1.0000e+02 -5.2086e-01
-1.2000e+02 -9.0000e+01 -1.1640e+00
-1.2000e+02 -8.0000e+01 -2.9846e+00
-1.2000e+02 -7.0000e+01 -1.2366e+00
-1.2000e+02 -6.0000e+01 -1.7381e+00
-1.2000e+02 -5.0000e+01 -1.0761e+00
-1.2000e+02 -4.0000e+01 -3.6303e+00
-1.2000e+02 -3.0000e+01 -8.2551e-01
-1.2000e+02 -2.0000e+01 -1.6754e+00
-1.2000e+02 -1.0000e+01 -3.3386e+00
-1.2000e+02 0.0000e+00 1.0829e-01
-1.2000e+02 1.0000e+01 -1.3030e+00
-1.2000e+02 2.0000e+01 -6.4784e-01
-1.2000e+02 3.0000e+01 1.1573e+00
-1.2000e+02 4.0000e+01 -3.1523e+00
-1.2000e+02 5.0000e+01 -1.0795e+00
-1.2000e+02 6.0000e+01 -8.1002e-01
-1.2000e+02 7.0000e+01 6.0546e-01
-1.2000e+02 8.0000e+01 -1.9823e+00
-1.2000e+02 9.0000e+01 -1.8486e+00
-1.2000e+02 1.0000e+02 3.3146e+00
-1.2000e+02 1.1000e+02 -1.6618e+00
-1.2000e+02 1.2000e+02 -1.9485e+00
-1.2000e+02 1.3000e+02 -1.1844e+00
-1.2000e+02 1.4000e+02 7.1643e-01
-1.2000e+02 1.5000e+02 9.7593e-02
-1.2000e+02 1.6000e+02 2.4423e-01
-1.2000e+02 1.7000e+02 2.1477e+00
-1.2000e+02 1.8000e+02 2.5135e-01
-1.2000e+02 1.9000e+02 -1.5865e+00
-1.2000e+02 2.0000e+02 -1.8943e-01
-1.1000e+02 -2.0000e+02 -2.3936e+00
-1.1000e+02 -1.9000e+02 -1.2214e+00
-1.1000e+02 -1.8000e+02 1.2197e+00
-1.1000e+02 -1.7000e+02 -1.1336e+00
-1.1000e+02 -1.6000e+02 -1.4214e-01
-1.1000e+02 -1.5000e+02 -4.0817e+00
-1.1000e+02 -1.4000e+02 2.9705e+00
-1.1000e+02 -1.3000e+02 -2.0512e-01
-1.1000e+02 -1.2000e+02 2.7130e-01
-1.1000e+02 -1.1000e+02 -1.2682e+00
-1.1000e+02 -1.0000e+02 -1.6652e+00
-1.1000e+02 -9.0000e+01 -6.2846e-01
-1.1000e+02 -8.0000e+01 1.2352e-01
-1.1000e+02 -7.0000e+01 -9.9715e-01
-1.1000e+02 -6.0000e+01 -1.6443e-01
-1.1000e+02 -5.0000e+01 2.2575e+00
-1.1000e+02 -4.0000e+01 -8.3017e-01
-1.1000e+02 -3.0000e+01 7.7865e-01
-1.1000e+02 -2.0000e+01 -2.5768e+00
-1.1000e+02 -1.0000e+01 -1.5550e+00
-1.1000e+02 0.0000e+00 -2.5733e+00
-1.1000e+02 1.0000e+01 -5.7995e+00
-1.1000e+02 2.0000e+01 -1.0123e+00
-1.1000e+02 3.0000e+01 -3.0253e+00
-1.1000e+02 4.0000e+01 -1.0784e+00
-1.1000e+02 5.0000e+01 -1.8310e+00
-1.1000e+02 6.0000e+01 -5.8053e-01
-1.1000e+02 7.0000e+01 -1.2576e+00
-1.1000e+02 8.0000e+01 -4.4906e-01
-1.1000e+02 9.0000e+01 1.8914e+00
-1.1000e+02 1.0000e+02 -1.4410e+00
-1.1000e+02 1.1000e+02 2.7228e+00
-1.1000e+02 1.2000e+02 -1.0693e+00
-1.1000e+02 1.3000e+02 -2.7988e+00
-1.1000e+02 1.4000e+02 -1.0300e+00
-1.1000e+02 1.5000e+02 1.2903e+00
-1.1000e+02 1.6000e+02 1.4256e+00
-1.1000e+02 1.7000e+02 -1.2407e-01
-1.1000e+02 1.8000e+02 -1.0158e+00
-1.1000e+02 1.9000e+02 -1.9033e+00
-1.1000e+02 2.0000e+02 1.7962e+00
-1.0000e+02 -2.0000e+02 2.1598e-01
-1.0000e+02 -1.9000e+02 -1.3724e+00
-1.0000e+02 -1.8000e+02 1.5088e+00
-1.0000e+02 -1.7000e+02 8.7926e-01
-1.0000e+02 -1.6000e+02 7.9839e-01
-1.0000e+02 -1.5000e+02 -1.0386e+00
-1.0000e+02 -1.4000e+02 1.5823e+00
-1.0000e+02 -1.3000e+02 8.1898e-01
-1.0000e+02 -1.2000e+02 1.5351e-01
-1.0000e+02 -1.1000e+02 -1.3018e+00
-1.0000e+02 -1.0000e+02 -1.7669e+00
-1.0000e+02 -9.0000e+01 4.2774e+00
-1.0000e+02 -8.0000e+01 -2.6654e+00
-1.0000e+02 -7.0000e+01 -3.4145e+00
-1.0000e+02 -6.0000e+01 -1.5476e+00
-1.0000e+02 -5.0000e+01 -1.3660e+00
-1.0000e+02 -4.0000e+01 -2.7725e+00
-1.0000e+02 -3.0000e+01 -6.2265e+00
-1.0000e+02 -2.0000e+01 -9.5651e-02
-1.0000e+02 -1.0000e+01 -2.4353e+00
-1.0000e+02 0.0000e+00 -4.9527e+00
-1.0000e+02 1.0000e+01 -4.0693e+00
-1.0000e+02 2.0000e+01 -4.2867e+00
-1.0000e+02 3.0000e+01 -3.7855e+00
-1.0000e+02 4.0000e+01 -4.2048e+00
-1.0000e+02 5.0000e+01 -3.3020e+00
-1.0000e+02 6.0000e+01 -7.5586e-01
-1.0000e+02 7.0000e+01 9.3962e-01
-1.0000e+02 8.0000e+01 -4.0083e+00
-1.0000e+02 9.0000e+01 -2.0389e-02
-1.0000e+02 1.0000e+02 -6.9412e-02
-1.0000e+02 1.1000e+02 7.9154e-01
-1.0000e+02 1.2000e+02 -7.0495e-01
-1.0000e+02 1.3000e+02 -5.1865e-01
-1.0000e+02 1.4000e+02 -3.8487e-01
-1.0000e+02 1.5000e+02 -1.2314e+00
-1.0000e+02 1.6000e+02 -6.3372e-02
-1.0000e+02 1.7000e+02 8.3080e-01
-1.0000e+02 1.8000e+02 8.9999e-01
-1.0000e+02 1.9000e+02 -1.9556e-01
-1.0000e+02 2.0000e+02 -1.3395e-01
-9.0000e+01 -2.0000e+02 2.2259e-01
-9.0000e+01 -1.9000e+02 -2.2608e+00
-9.0000e+01 -1.8000e+02 2.3246e+00
-9.0000e+01 -1.7000e+02 -1.2530e+00
-9.0000e+01 -1.6000e+02 2.0728e+00
-9.0000e+01 -1.5000e+02 8.0190e-02
-9.0000e+01 -1.4000e+02 2.0936e+00
-9.0000e+01 -1.3000e+02 -1.7471e+00
-9.0000e+01 -1.2000e+02 -1.5122e-01
-9.0000e+01 -1.1000e+02 -1.0828e+00
-9.0000e+01 -1.0000e+02 -7.2163e-01
-9.0000e+01 -9.0000e+01 2.5367e-01
-9.0000e+01 -8.0000e+01 -3.4489e-01
-9.0000e+01 -7.0000e+01 -2.7396e+00
-9.0000e+01 -6.0000e+01 -4.2196e+00
-9.0000e+01 -5.0000e+01 -3.1265e+00
-9.0000e+01 -4.0000e+01 -3.5750e+00
-9.0000e+01 -3.0000e+01 -3.5955e+00
-9.0000e+01 -2.0000e+01 -2.7057e+00
-9.0000e+01 -1.0000e+01 -4.1240e+00
-9.0000e+01 0.0000e+00 -5.9961e+00
-9.0000e+01 1.0000e+01 -3.4758e+00
-9.0000e+01 2.0000e+01 -1.5946e+00
-9.0000e+01 3.0000e+01 -3.6172e+00
-9.0000e+01 4.0000e+01 -2.2104e+00
-9.0000e+01 5.0000e+01 -4.4340e+00
-9.0000e+01 6.0000e+01 -2.8177e+00
-9.0000e+01 7.0000e+01 -2.3374e+00
-9.0000e+01 8.0000e+01 -1.1235e+00
-9.0000e+01 9.0000e+01 -1.2801e+00
-9.0000e+01 1.0000e+02 -2.7559e+00
-9.0000e+01 1.1000e+02 -2.2995e+00
-9.0000e+01 1.2000e+02 -4.6769e-01
-9.0000e+01 1.3000e+02 -4.1033e-01
-9.0000e+01 1.4000e+02 -3.3072e-01
-9.0000e+01 1.5000e+02 -5.4895e-01
-9.0000e+01 1.6000e+02 1.1438e+00
-9.0000e+01 1.7000e+02 -7.5212e-01
-9.0000e+01 1.8000e+02 1.0744e+00
-9.0000e+01 1.9000e+02 1.2321e+00
-9.0000e+01 2.0000e+02 -2.3611e+00
-8.0000e+01 -2.0000e+02 1.5160e+00
-8.0000e+01 -1.9000e+02 -5.0070e-01
-8.0000e+01 -1.8000e+02 -3.4302e-01
-8.0000e+01 -1.7000e+02 -1.0816e+00
-8.0000e+01 -1.6000e+02 -4.7387e-01
-8.0000e+01 -1.5000e+02 -2.2971e-01
-8.0000e+01 -1.4000e+02 1.6362e-01
-8.0000e+01 -1.3000e+02 -2.2359e+00
-8.0000e+01 -1.2000e+02 -3.5461e+00
-8.0000e+01 -1.1000e+02 6.6792e-01
-8.0000e+01 -1.0000e+02 1.8648e-01
-8.0000e+01 -9.0000e+01 1.8278e+00
-8.0000e+01 -8.0000e+01 -3.7046e+00
-8.0000e+01 -7.0000e+01 -5.7353e-01
-8.0000e+01 -6.0000e+01 -3.7476e+00
-8.0000e+01 -5.0000e+01 -2.8536e+00
-8.0000e+01 -4.0000e+01 -3.4570e+00
-8.0000e+01 -3.0000e+01 -3.7196e+00
-8.0000e+01 -2.0000e+01 -3.4251e+00
-8.0000e+01 -1.0000e+01 -3.7180e+00
-8.0000e+01 0.0000e+00 -6.2078e+00
-8.0000e+01 1.0000e+01 -4.4450e+00
-8.0000e+01 2.0000e+01 -7.1929e+00
-8.0000e+01 3.0000e+01 -1.9938e+00
-8.0000e+01 4.0000e+01 -4.1025e+00
-8.0000e+01 5.0000e+01 -5.1893e+00
-8.0000e+01 6.0000e+01 -4.8004e+00
-8.0000e+01 7.0000e+01 -1.3202e+00
-8.0000e+01 8.0000e+01 -2.1194e+00
-8.0000e+01 9.0000e+01 -2.7322e+00
-8.0000e+01 1.0000e+02 -4.8265e-01
-8.0000e+01 1.1000e+02 -1.5370e+00
-8.0000e+01 1.2000e+02 -1.0944e+00
-8.0000e+01 1.3000e+02 4.2899e-01
-8.0000e+01 1.4000e+02 -4.5691e-01
-8.0000e+01 1.5000e+02 -1.3903e+00
-8.0000e+01 1.6000e+02 -3.7749e-02
-8.0000e+01 1.7000e+02 -2.8575e-01
-8.0000e+01 1.8000e+02 -4.9394e-02
-8.0000e+01 1.9000e+02 1.0771e+00
-8.0000e+01 2.0000e+02 1.0926e+00
-7.0000e+01 -2.0000e+02 -2.4613e+00
-7.0000e+01 -1.9000e+02 5.7232e-01
-7.0000e+01 -1.8000e+02 1.5475e+00
-7.0000e+01 -1.7000e+02 1.4828e+00
-7.0000e+01 -1.6000e+02 4.7154e-01
-7.0000e+01 -1.5000e+02 -1.9768e+00
-7.0000e+01 -1.4000e+02 1.2565e+00
-7.0000e+01 -1.3000e+02 -6.4664e-01
-7.0000e+01 -1.2000e+02 -7.6153e-01
-7.0000e+01 -1.1000e+02 -7.3100e-01
-7.0000e+01 -1.0000e+02 -1.6822e+00
-7.0000e+01 -9.0000e+01 -1.6319e+00
-7.0000e+01 -8.0000e+01 -2.0615e+00
-7.0000e+01 -7.0000e+01 -3.7063e+00
-7.0000e+01 -6.0000e+01 -2.6994e+00
-7.0000e+01 -5.0000e+01 -4.5603e+00
-7.0000e+01 -4.0000e+01 -9.2544e+00
-7.0000e+01 -3.0000e+01 -3.9633e+00
-7.0000e+01 -2.0000e+01 -5.0217e+00
-7.0000e+01 -1.0000e+01 -7.3044e+00
-7.0000e+01 0.0000e+00 -5.8173e+00
-7.0000e+01 1.0000e+01 -6.2430e+00
-7.0000e+01 2.0000e+01 -4.0436e+00
-7.0000e+01 3.0000e+01 -4.6326e+00
-7.0000e+01 4.0000e+01 -4.8732e+00
-7.0000e+01 5.0000e+01 -4.9030e+00
-7.0000e+01 6.0000e+01 -5.2044e+00
-7.0000e+01 7.0000e+01 -3.3153e+00
-7.0000e+01 8.0000e+01 -2.7216e+00
-7.0000e+01 9.0000e+01 -2.9498e+00
-7.0000e+01 1.0000e+02 1.9376e+00
-7.0000e+01 1.1000e+02 -3.0066e+00
-7.0000e+01 1.2000e+02 -1.4491e+00
-7.0000e+01 1.3000e+02 -4.3098e-01
-7.0000e+01 1.4000e+02 -4.7081e-01
-7.0000e+01 1.5000e+02 -8.4663e-01
-7.0000e+01 1.6000e+02 8.3239e-02
-7.0000e+01 1.7000e+02 8.2499e-01
-7.0000e+01 1.8000e+02 8.3496e-01
-7.0000e+01 1.9000e+02 1.0535e-01
-7.0000e+01 2.0000e+02 1.3378e+00
-6.0000e+01 -2.0000e+02 2.6493e-01
-6.0000e+01 -1.9000e+02 -1.7236e+00
-6.0000e+01 -1.8000e+02 -1.6089e+00
-6.0000e+01 -1.7000e+02 1.3337e+00
-6.0000e+01 -1.6000e+02 -8.2403e-01
-6.0000e+01 -1.5000e+02 -3.8128e-01
-6.0000e+01 -1.4000e+02 1.6078e+00
-6.0000e+01 -1.3000e+02 3.7257e-01
-6.0000e+01 -1.2000e+02 6.2681e-01
-6.0000e+01 -1.1000e+02 1.1934e+00
-6.0000e+01 -1.0000e+02 -4.1728e+00
-6.0000e+01 -9.0000e+01 -4.8979e+00
-6.0000e+01 -8.0000e+01 -2.3898e+00
-6.0000e+01 -7.0000e+01 -4.6580e+00
-6.0000e+01 -6.0000e+01 -6.3069e+00
-6.0000e+01 -5.0000e+01 -4.3487e+00
-6.0000e+01 -4.0000e+01 -7.5248e+00
-6.0000e+01 -3.0000e+01 -9.7237e+00
-6.0000e+01 -2.0000e+01 -9.3407e+00
-6.0000e+01 -1.0000e+01 -9.3181e+00
-6.0000e+01 0.0000e+00 -7.8345e+00
-6.0000e+01 1.0000e+01 -7.0090e+00
-6.0000e+01 2.0000e+01 -9.4116e+00
-6.0000e+01 3.0000e+01 -9.5613e+00
-6.0000e+01 4.0000e+01 -7.8351e+00
-6.0000e+01 5.0000e+01 -5.5460e+00
-6.0000e+01 6.0000e+01 -6.3561e+00
-6.0000e+01 7.0000e+01 -5.6946e+00
-6.0000e+01 8.0000e+01 -1.4057e+00
-6.0000e+01 9.0000e+01 -3.7759e+00
-6.0000e+01 1.0000e+02 -1.7174e+00
-6.0000e+01 1.1000e+02 1.2090e+00
-6.0000e+01 1.2000e+02 9.8753e-01
-6.0000e+01 1.3000e+02 1.7262e+00
-6.0000e+01 1.4000e+02 -9.4009e-01
-6.0000e+01 1.5000e+02 9.5607e-01
-6.0000e+01 1.6000e+02 -1.9770e+00
-6.0000e+01 1.7000e+02 -1.0052e+00
-6.0000e+01 1.8000e+02 -1.2457e-01
-6.0000e+01 1.9000e+02 4.4670e-01
-6.0000e+01 2.0000e+02 2.4164e+00
-5.0000e+01 -2.0000e+02 -1.0340e+00
-5.0000e+01 -1.9000e+02 3.2568e-01
-5.0000e+01 -1.8000e+02 1.3474e+00
-5.0000e+01 -1.7000e+02 -8.3646e-01
-5.0000e+01 -1.6000e+02 -1.6264e+00
-5.0000e+01 -1.5000e+02 2.3317e-01
-5.0000e+01 -1.4000e+02 -1.1184e-01
-5.0000e+01 -1.3000e+02 -7.1577e-01
-5.0000e+01 -1.2000e+02 -4.8436e-02
-5.0000e+01 -1.1000e+02 -2.6743e+00
-5.0000e+01 -1.0000e+02 -1.8858e+00
-5.0000e+01 -9.0000e+01 -5.6426e-01
-5.0000e+01 -8.0000e+01 -4.7601e+00
-5.0000e+01 -7.0000e+01 -5.1963e+00
-5.0000e+01 -6.0000e+01 -5.8272e+00
-5.0000e+01 -5.0000e+01 -6.8405e+00
-5.0000e+01 -4.0000e+01 -1.0531e+01
-5.0000e+01 -3.0000e+01 -7.4423e+00
-5.0000e+01 -2.0000e+01 -6.9024e+00
-5.0000e+01 -1.0000e+01 -8.1246e+00
-5.0000e+01 0.0000e+00 -1.0420e+01
-5.0000e+01 1.0000e+01 -1.1002e+01
-5.0000e+01 2.0000e+01 -8.7622e+00
-5.0000e+01 3.0000e+01 -1.1252e+01
-5.0000e+01 4.0000e+01 -8.4655e+00
-5.0000e+01 5.0000e+01 -5.8391e+00
-5.0000e+01 6.0000e+01 -5.8750e+00
-5.0000e+01 7.0000e+01 -6.4081e+00
-5.0000e+01 8.0000e+01 -3.9644e+00
-5.0000e+01 9.0000e+01 -1.6511e+00
-5.0000e+01 1.0000e+02 -2.0486e+00
-5.0000e+01 1.1000e+02 1.0891e+00
-5.0000e+01 1.2000e+02 -3.9530e-01
-5.0000e+01 1.3000e+02 1.6153e+00
-5.0000e+01 1.4000e+02 -1.1901e+00
-5.0000e+01 1.5000e+02 -1.3740e+00
-5.0000e+01 1.6000e+02 2.2516e-01
-5.0000e+01 1.7000e+02 -4.6505e-02
-5.0000e+01 1.8000e+02 -6.1622e-01
-5.0000e+01 1.9000e+02 -2.5937e-01
-5.0000e+01 2.0000e+02 2.2505e+00
-4.0000e+01 -2.0000e+02 1.1020e+00
-4.0000e+01 -1.9000e+02 2.4051e-01
-4.0000e+01 -1.8000e+02 2.5427e-01
-4.0000e+01 -1.7000e+02 -2.6394e+00
-4.0000e+01 -1.6000e+02 -1.2588e+00
-4.0000e+01 -1.5000e+02 3.8610e+00
-4.0000e+01 -1.4000e+02 2.9703e+00
-4.0000e+01 -1.3000e+02 1.5950e+00
-4.0000e+01 -1.2000e+02 -3.3624e+00
-4.0000e+01 -1.1000e+02 -2.3508e+00
-4.0000e+01 -1.0000e+02 -2.4984e+00
-4.0000e+01 -9.0000e+01 -5.3668e+00
-4.0000e+01 -8.0000e+01 -4.1634e+00
-4.0000e+01 -7.0000e+01 -4.1336e+00
-4.0000e+01 -6.0000e+01 -6.0654e+00
-4.0000e+01 -5.0000e+01 -9.5095e+00
-4.0000e+01 -4.0000e+01 -9.1461e+00
-4.0000e+01 -3.0000e+01 -9.7993e+00
-4.0000e+01 -2.0000e+01 -1.0750e+01
-4.0000e+01 -1.0000e+01 -1.2547e+01
-4.0000e+01 0.0000e+00 -1.1065e+01
-4.0000e+01 1.0000e+01 -1.0621e+01
-4.0000e+01 2.0000e+01 -8.9665e+00
-4.0000e+01 3.0000e+01 -1.0238e+01
-4.0000e+01 4.0000e+01 -9.4390e+00
-4.0000e+01 5.0000e+01 -9.1726e+00
-4.0000e+01 6.0000e+01 -9.4780e+00
-4.0000e+01 7.0000e+01 -5.6009e+00
-4.0000e+01 8.0000e+01 -6.4159e+00
-4.0000e+01 9.0000e+01 -1.9872e+00
-4.0000e+01 1.0000e+02 -8.6275e-01
-4.0000e+01 1.1000e+02 -2.0391e+00
-4.0000e+01 1.2000e+02 -1.3655e+00
-4.0000e+01 1.3000e+02 -2.7425e+00
-4.0000e+01 1.4000e+02 3.6727e-01
-4.0000e+01 1.5000e+02 9.8664e-01
-4.0000e+01 1.6000e+02 2.0814e+00
-4.0000e+01 1.7000e+02 -2.0317e-01
-4.0000e+01 1.8000e+02 -8.3684e-01
-4.0000e+01 1.9000e+02 -2.7474e+00
-4.0000e+01 2.0000e+02 -1.7970e+00
-3.0000e+01 -2.0000e+02 2.0918e+00
-3.0000e+01 -1.9000e+02 -2.2038e+00
-3.0000e+01 -1.8000e+02 -1.2710e+00
-3.0000e+01 -1.7000e+02 1.7794e+00
-3.0000e+01 -1.6000e+02 1.5408e+00
-3.0000e+01 -1.5000e+02 -2.5701e+00
-3.0000e+01 -1.4000e+02 2.6810e-01
-3.0000e+01 -1.3000e+02 -3.1602e+00
-3.0000e+01 -1.2000e+02 -5.0608e+00
-3.0000e+01 -1.1000e+02 -4.2085e+00
-3.0000e+01 -1.0000e+02 -3.5585e+00
-3.0000e+01 -9.0000e+01 -3.7467e+00
-3.0000e+01 -8.0000e+01 -6.4270e+00
-3.0000e+01 -7.0000e+01 -7.6482e+00
-3.0000e+01 -6.0000e+01 -6.2724e+00
-3.0000e+01 -5.0000e+01 -8.7259e+00
-3.0000e+01 -4.0000e+01 -1.2610e+01
-3.0000e+01 -3.0000e+01 -8.8833e+00
-3.0000e+01 -2.0000e+01 -1.5389e+01
-3.0000e+01 -1.0000e+01 -1.4645e+01
-3.0000e+01 0.0000e+00 -1.2078e+01
-3.0000e+01 1.0000e+01 -1.2783e+01
-3.0000e+01 2.0000e+01 -1.2817e+01
-3.0000e+01 3.0000e+01 -1.1884e+01
-3.0000e+01 4.0000e+01 -8.4519e+00
-3.0000e+01 5.0000e+01 -9.0814e+00
-3.0000e+01 6.0000e+01 -7.4564e+00
-3.0000e+01 7.0000e+01 -4.3881e+00
-3.0000e+01 8.0000e+01 -3.6797e+00
-3.0000e+01 9.0000e+01 -6.2477e-01
-3.0000e+01 1.0000e+02 -3.8738e+00
-3.0000e+01 1.1000e+02 1.6979e+00
-3.0000e+01 1.2000e+02 -2.1535e+00
-3.0000e+01 1.3000e+02 -1.1287e+00
-3.0000e+01 1.4000e+02 2.1519e+00
-3.0000e+01 1.5000e+02 -1.0102e+00
-3.0000e+01 1.6000e+02 -8.5498e-01
-3.0000e+01 1.7000e+02 -2.3108e+00
-3.0000e+01 1.8000e+02 1.0838e+00
-3.0000e+01 1.9000e+02 1.6220e+00
-3.0000e+01 2.0000e+02 1.3368e+00
-2.0000e+01 -2.0000e+02 -3.0244e-01
-2.0000e+01 -1.9000e+02 -5.3195e-01
-2.0000e+01 -1.8000e+02 1.2242e+00
-2.0000e+01 -1.7000e+02 -3.3454e+00
-2.0000e+01 -1.6000e+02 -1.5226e+00
-2.0000e+01 -1.5000e+02 -6.6380e-01
-2.0000e+01 -1.4000e+02 -2.2451e+00
-2.0000e+01 -1.3000e+02 4.8696e-01
-2.0000e+01 -1.2000e+02 -1.7859e+00
-2.0000e+01 -1.1000e+02 -3.1716e+00
-2.0000e+01 -1.0000e+02 -3.5817e+00
-2.0000e+01 -9.0000e+01 -4.1617e+00
-2.0000e+01 -8.0000e+01 -6.0982e+00
-2.0000e+01 -7.0000e+01 -3.0490e+00
-2.0000e+01 -6.0000e+01 -6.5681e+00
-2.0000e+01 -5.0000e+01 -1.1245e+01
-2.0000e+01 -4.0000e+01 -1.2744e+01
-2.0000e+01 -3.0000e+01 -1.1448e+01
-2.0000e+01 -2.0000e+01 -1.3618e+01
-2.0000e+01 -1.0000e+01 -1.5349e+01
-2.0000e+01 0.0000e+00 -1.3953e+01
-2.0000e+01 1.0000e+01 -1.6404e+01
-2.0000e+01 2.0000e+01 -1.3189e+01
-2.0000e+01 3.0000e+01 -1.2695e+01
-2.0000e+01 4.0000e+01 -1.1217e+01
-2.0000e+01 5.0000e+01 -1.0046e+01
-2.0000e+01 6.0000e+01 -7.7999e+00
-2.0000e+01 7.0000e+01 -6.0957e+00
-2.0000e+01 8.0000e+01 -6.6688e+00
-2.0000e+01 9.0000e+01 -4.6723e+00
-2.0000e+01 1.0000e+02 -2.6996e+00
-2.0000e+01 1.1000e+02 -1.6496e+00
-2.0000e+01 1.2000e+02 -2.4766e-01
-2.0000e+01 1.3000e+02 -1.1926e+00
-2.0000e+01 1.4000e+02 -4.2126e-01
-2.0000e+01 1.5000e+02 -5.4838e-01
-2.0000e+01 1.6000e+02 1.0258e+00
-2.0000e+01 1.7000e+02 -1.7230e+00
-2.0000e+01 1.8000e+02 -2.8209e+00
-2.0000e+01 1.9000e+02 -8.8026e-01
-2.0000e+01 2.0000e+02 4.6332e-01
-1.0000e+01 -2.0000e+02 -1.3326e+00
-1.0000e+01 -1.9000e+02 -2.6252e+00
-1.0000e+01 -1.8000e+02 1.0879e+00
-1.0000e+01 -1.7000e+02 1.4026e+00
-1.0000e+01 -1.6000e+02 7.0901e-01
-1.0000e+01 -1.5000e+02 -1.9341e+00
-1.0000e+01 -1.4000e+02 -3.3193e-01
-1.0000e+01 -1.3000e+02 -2.1882e+00
-1.0000e+01 -1.2000e+02 -6.0821e-02
-1.0000e+01 -1.1000e+02 -9.0235e-01
-1.0000e+01 -1.0000e+02 -4.0057e+00
-1.0000e+01 -9.0000e+01 -3.4918e+00
-1.0000e+01 -8.0000e+01 -5.5244e+00
-1.0000e+01 -7.0000e+01 -7.6038e+00
-1.0000e+01 -6.0000e+01 -7.6999e+00
-1.0000e+01 -5.0000e+01 -8.7954e+00
-1.0000e+01 -4.0000e+01 -1.4950e+01
-1.0000e+01 -3.0000e+01 -1.0757e+01
-1.0000e+01 -2.0000e+01 -1.4269e+01
-1.0000e+01 -1.0000e+01 -1.7619e+01
-1.0000e+01 0.0000e+00 -1.4592e+01
-1.0000e+01 1.0000e+01 -1.6826e+01
-1.0000e+01 2.0000e+01 -1.2748e+01
-1.0000e+01 3.0000e+01 -1.3096e+01
-1.0000e+01 4.0000e+01 -1.2961e+01
-1.0000e+01 5.0000e+01 -1.1136e+01
-1.0000e+01 6.0000e+01 -5.4672e+00
-1.0000e+01 7.0000e+01 -8.1480e+00
-1.0000e+01 8.0000e+01 -5.3875e+00
-1.0000e+01 9.0000e+01 -3.9898e+00
-1.0000e+01 1.0000e+02 -4.3671e+00
-1.0000e+01 1.1000e+02 4.7395e-01
-1.0000e+01 1.2000e+02 -3.1673e+00
-1.0000e+01 1.3000e+02 -1.3362e+00
-1.0000e+01 1.4000e+02 -2.2275e+00
-1.0000e+01 1.5000e+02 -4.1080e-01
-1.0000e+01 1.6000e+02 -4.7808e-01
-1.0000e+01 1.7000e+02 -1.2823e+00
-1.0000e+01 1.8000e+02 8.0670e-01
-1.0000e+01 1.9000e+02 1.0168e+00
-1.0000e+01 2.0000e+02 -1.7526e+00
0.0000e+00 -2.0000e+02 1.3066e-02
0.0000e+00 -1.9000e+02 -2.2359e+00
0.0000e+00 -1.8000e+02 4.2155e-01
0.0000e+00 -1.7000e+02 -1.2729e+00
0.0000e+00 -1.6000e+02 -7.4359e-01
0.0000e+00 -1.5000e+02 -5.2275e-01
0.0000e+00 -1.4000e+02 1.0696e+00
0.0000e+00 -1.3000e+02 1.5027e-01
0.0000e+00 -1.2000e+02 -2.0836e+00
0.0000e+00 -1.1000e+02 -3.7206e+00
0.0000e+00 -1.0000e+02 -5.2970e+00
0.0000e+00 -9.0000e+01 -6.0986e+00
0.0000e+00 -8.0000e+01 -3.9942e+00
0.0000e+00 -7.0000e+01 -6.9996e+00
0.0000e+00 -6.0000e+01 -9.1033e+00
0.0000e+00 -5.0000e+01 -9.3705e+00
0.0000e+00 -4.0000e+01 -8.4706e+00
0.0000e+00 -3.0000e+01 -1.3559e+01
0.0000e+00 -2.0000e+01 -1.6102e+01
0.0000e+00 -1.0000e+01 -1.5314e+01
0.0000e+00 0.0000e+00 -1.4685e+01
0.0000e+00 1.0000e+01 -1.4331e+01
0.0000e+00 2.0000e+01 -1.5617e+01
0.0000e+00 3.0000e+01 -1.1959e+01
0.0000e+00 4.0000e+01 -1.1887e+01
0.0000e+00 5.0000e+01 -1.0961e+01
0.0000e+00 6.0000e+01 -8.8302e+00
0.0000e+00 7.0000e+01 -6.8544e+00
0.0000e+00 8.0000e+01 -4.9449e+00
0.0000e+00 9.0000e+01 -4.2887e+00
0.0000e+00 1.0000e+02 -2.2585e+00
0.0000e+00 1.1000e+02 -1.6403e+00
0.0000e+00 1.2000e+02 -2.8972e+00
0.0000e+00 1.3000e+02 -2.8653e-01
0.0000e+00 1.4000e+02 -3.3081e-01
0.0000e+00 1.5000e+02 -6.5786e-01
0.0000e+00 1.6000e+02 9.1664e-01
0.0000e+00 1.7000e+02 1.8216e+00
0.0000e+00 1.8000e+02 2.5483e+00
0.0000e+00 1.9000e+02 -3.9084e-03
0.0000e+00 2.0000e+02 -3.7102e+00
1.0000e+01 -2.0000e+02 1.1586e+00
1.0000e+01 -1.9000e+02 -8.4218e-01
1.0000e+01 -1.8000e+02 -3.3403e+00
1.0000e+01 -1.7000e+02 4.3852e-01
1.0000e+01 -1.6000e+02 -7.1342e-01
1.0000e+01 -1.5000e+02 1.1931e+00
1.0000e+01 -1.4000e+02 -3.4859e+00
1.0000e+01 -1.3000e+02 -3.0925e+00
1.0000e+01 -1.2000e+02 2.7102e+00
1.0000e+01 -1.1000e+02 -2.9143e+00
1.0000e+01 -1.0000e+02 -1.9339e+00
1.0000e+01 -9.0000e+01 -4.7516e+00
1.0000e+01 -8.0000e+01 -1.0028e+01
1.0000e+01 -7.0000e+01 -6.5831e+00
1.0000e+01 -6.0000e+01 -1.0305e+01
1.0000e+01 -5.0000e+01 -9.4522e+00
1.0000e+01 -4.0000e+01 -9.3098e+00
1.0000e+01 -3.0000e+01 -1.1709e+01
1.0000e+01 -2.0000e+01 -1.2941e+01
1.0000e+01 -1.0000e+01 -1.5650e+01
1.0000e+01 0.0000e+00 -1.4114e+01
1.0000e+01 1.0000e+01 -1.6313e+01
1.0000e+01 2.0000e+01 -1.2880e+01
1.0000e+01 3.0000e+01 -1.3702e+01
1.0000e+01 4.0000e+01 -1.2213e+01
1.0000e+01 5.0000e+01 -1.0171e+01
1.0000e+01 6.0000e+01 -9.0504e+00
1.0000e+01 7.0000e+01 -9.1631e+00
1.0000e+01 8.0000e+01 -4.0834e+00
1.0000e+01 9.0000e+01 -6.6066e+00
1.0000e+01 1.0000e+02 -2.6008e+00
1.0000e+01 1.1000e+02 -4.6294e+00
1.0000e+01 1.2000e+02 -4.9071e-01
1.0000e+01 1.3000e+02 -1.9319e+00
1.0000e+01 1.4000e+02 -8.1007e-01
1.0000e+01 1.5000e+02 1.6382e+00
1.0000e+01 1.6000e+02 -9.3497e-01
1.0000e+01 1.7000e+02 -1.1238e+00
1.0000e+01 1.8000e+02 1.1833e+00
1.0000e+01 1.9000e+02 3.6328e-01
1.0000e+01 2.0000e+02 2.2431e+00
2.0000e+01 -2.0000e+02 8.9186e-01
2.0000e+01 -1.9000e+02 9.5235e-01
2.0000e+01 -1.8000e+02 2.7400e-01
2.0000e+01 -1.7000e+02 -1.5576e+00
2.0000e+01 -1.6000e+02 5.5065e-01
2.0000e+01 -1.5000e+02 -1.2365e+00
2.0000e+01 -1.4000e+02 -8.6791e-01
2.0000e+01 -1.3000e+02 -6.2306e-01
2.0000e+01 -1.2000e+02 -1.0629e+00
2.0000e+01 -1.1000e+02 -2.5587e+00
2.0000e+01 -1.0000e+02 -3.1399e+00
2.0000e+01 -9.0000e+01 -1.5688e+00
2.0000e+01 -8.0000e+01 -4.6493e+00
2.0000e+01 -7.0000e+01 -9.7324e+00
2.0000e+01 -6.0000e+01 -8.5325e+00
2.0000e+01 -5.0000e+01 -1.0664e+01
2.0000e+01 -4.0000e+01 -1.1277e+01
2.0000e+01 -3.0000e+01 -1.3038e+01
2.0000e+01 -2.0000e+01 -1.3137e+01
2.0000e+01 -1.0000e+01 -1.4003e+01
2.0000e+01 0.0000e+00 -1.2741e+01
2.0000e+01 1.0000e+01 -1.4634e+01
2.0000e+01 2.0000e+01 -9.7139e+00
2.0000e+01 3.0000e+01 -1.1521e+01
2.0000e+01 4.0000e+01 -1.1564e+01
2.0000e+01 5.0000e+01 -8.9439e+00
2.0000e+01 6.0000e+01 -8.6454e+00
2.0000e+01 7.0000e+01 -5.0481e+00
2.0000e+01 8.0000e+01 -3.5548e+00
2.0000e+01 9.0000e+01 -4.7152e+00
2.0000e+01 1.0000e+02 -5.6677e+00
2.0000e+01 1.1000e+02 -1.7589e+00
2.0000e+01 1.2000e+02 1.0798e-01
2.0000e+01 1.3000e+02 -5.2907e-01
2.0000e+01 1.4000e+02 1.5673e+00
2.0000e+01 1.5000e+02 -1.0209e+00
2.0000e+01 1.6000e+02 -1.0891e+00
2.0000e+01 1.7000e+02 -2.2022e+00
2.0000e+01 1.8000e+02 -2.1057e+00
2.0000e+01 1.9000e+02 -1.4398e+00
2.0000e+01 2.0000e+02 -2.8985e+00
3.0000e+01 -2.0000e+02 2.6500e+00
3.0000e+01 -1.9000e+02 -1.3604e+00
3.0000e+01 -1.8000e+02 1.1038e+00
3.0000e+01 -1.7000e+02 -8.8836e-01
3.0000e+01 -1.6000e+02 -2.3313e+00
3.0000e+01 -1.5000e+02 -2.0058e+00
3.0000e+01 -1.4000e+02 -3.9298e+00
3.0000e+01 -1.3000e+02 1.3091e+00
3.0000e+01 -1.2000e+02 -3.3008e+00
3.0000e+01 -1.1000e+02 1.3768e+00
3.0000e+01 -1.0000e+02 -3.4460e+00
3.0000e+01 -9.0000e+01 -4.9578e+00
3.0000e+01 -8.0000e+01 -5.1378e+00
3.0000e+01 -7.0000e+01 -7.0538e+00
3.0000e+01 -6.0000e+01 -7.0433e+00
3.0000e+01 -5.0000e+01 -1.1584e+01
3.0000e+01 -4.0000e+01 -1.1121e+01
3.0000e+01 -3.0000e+01 -1.1243e+01
3.0000e+01 -2.0000e+01 -9.6631e+00
3.0000e+01 -1.0000e+01 -1.3292e+01
3.0000e+01 0.0000e+00 -1.1066e+01
3.0000e+01 1.0000e+01 -1.1458e+01
3.0000e+01 2.0000e+01 -1.4334e+01
3.0000e+01 3.0000e+01 -7.7942e+00
3.0000e+01 4.0000e+01 -1.0989e+01
3.0000e+01 5.0000e+01 -7.6033e+00
3.0000e+01 6.0000e+01 -8.4118e+00
3.0000e+01 7.0000e+01 -4.6137e+00
3.0000e+01 8.0000e+01 -4.6493e+00
3.0000e+01 9.0000e+01 -3.8726e+00
3.0000e+01 1.0000e+02 -3.6262e+00
3.0000e+01 1.1000e+02 -2.1618e+00
3.0000e+01 1.2000e+02 -3.2261e+00
3.0000e+01 1.3000e+02 -4.3729e-01
3.0000e+01 1.4000e+02 -2.9653e-01
3.0000e+01 1.5000e+02 -3.7551e+00
3.0000e+01 1.6000e+02 -6.9466e-01
3.0000e+01 1.7000e+02 -1.5555e+00
3.0000e+01 1.8000e+02 6.5562e-02
3.0000e+01 1.9000e+02 -7.8956e-01
3.0000e+01 2.0000e+02 9.4999e-01
4.0000e+01 -2.0000e+02 8.5425e-01
4.0000e+01 -1.9000e+02 -1.4390e+00
4.0000e+01 -1.8000e+02 5.5321e-01
4.0000e+01 -1.7000e+02 5.8698e-01
4.0000e+01 -1.6000e+02 -1.5233e+00
4.0000e+01 -1.5000e+02 -7.7908e-01
4.0000e+01 -1.4000e+02 -5.8898e-01
4.0000e+01 -1.3000e+02 4.0513e-02
4.0000e+01 -1.2000e+02 -1.0823e+00
4.0000e+01 -1.1000e+02 -5.5728e+00
4.0000e+01 -1.0000e+02 -6.2860e+00
4.0000e+01 -9.0000e+01 -1.6429e+00
4.0000e+01 -8.0000e+01 -4.9766e+00
4.0000e+01 -7.0000e+01 -7.0887e+00
4.0000e+01 -6.0000e+01 -7.4150e+00
4.0000e+01 -5.0000e+01 -8.5829e+00
4.0000e+01 -4.0000e+01 -1.1154e+01
4.0000e+01 -3.0000e+01 -8.9498e+00
4.0000e+01 -2.0000e+01 -9.8446e+00
4.0000e+01 -1.0000e+01 -1.1819e+01
4.0000e+01 0.0000e+00 -1.1552e+01
4.0000e+01 1.0000e+01 -1.2958e+01
4.0000e+01 2.0000e+01 -1.4009e+01
4.0000e+01 3.0000e+01 -9.9995e+00
4.0000e+01 4.0000e+01 -1.0822e+01
4.0000e+01 5.0000e+01 -9.0757e+00
4.0000e+01 6.0000e+01 -7.9787e+00
4.0000e+01 7.0000e+01 -5.0895e+00
4.0000e+01 8.0000e+01 -3.4108e+00
4.0000e+01 9.0000e+01 -2.6429e+00
4.0000e+01 1.0000e+02 -4.3270e+00
4.0000e+01 1.1000e+02 -1.2507e+00
4.0000e+01 1.2000e+02 2.9031e-01
4.0000e+01 1.3000e+02 3.2994e+00
4.0000e+01 1.4000e+02 -2.9574e+00
4.0000e+01 1.5000e+02 1.1481e-01
4.0000e+01 1.6000e+02 3.8335e+00
4.0000e+01 1.7000e+02 -1.7718e+00
4.0000e+01 1.8000e+02 2.0491e-02
4.0000e+01 1.9000e+02 1.2976e+00
4.0000e+01 2.0000e+02 8.6765e-01
5.0000e+01 -2.0000e+02 1.4062e+00
5.0000e+01 -1.9000e+02 2.6520e+00
5.0000e+01 -1.8000e+02 -1.1393e+00
5.0000e+01 -1.7000e+02 1.0164e+00
5.0000e+01 -1.6000e+02 -2.2085e+00
5.0000e+01 -1.5000e+02 -2.8659e-01
5.0000e+01 -1.4000e+02 -3.0715e+00
5.0000e+01 -1.3000e+02 -7.1901e-01
5.0000e+01 -1.2000e+02 3.0548e-01
5.0000e+01 -1.1000e+02 5.3906e-03
5.0000e+01 -1.0000e+02 -1.4583e+00
5.0000e+01 -9.0000e+01 -5.2407e+00
5.0000e+01 -8.0000e+01 -2.3471e+00
5.0000e+01 -7.0000e+01 -1.4675e+00
5.0000e+01 -6.0000e+01 -5.4691e+00
5.0000e+01 -5.0000e+01 -7.3638e+00
5.0000e+01 -4.0000e+01 -8.1686e+00
5.0000e+01 -3.0000e+01 -6.7288e+00
5.0000e+01 -2.0000e+01 -9.1731e+00
5.0000e+01 -1.0000e+01 -1.1497e+01
5.0000e+01 0.0000e+00 -1.0023e+01
5.0000e+01 1.0000e+01 -1.0855e+01
5.0000e+01 2.0000e+01 -9.7411e+00
5.0000e+01 3.0000e+01 -9.9616e+00
5.0000e+01 4.0000e+01 -8.7227e+00
5.0000e+01 5.0000e+01 -7.3251e+00
5.0000e+01 6.0000e+01 -4.1141e+00
5.0000e+01 7.0000e+01 -3.9328e+00
5.0000e+01 8.0000e+01 -5.0475e+00
5.0000e+01 9.0000e+01 -1.4785e+00
5.0000e+01 1.0000e+02 -2.1311e+00
5.0000e+01 1.1000e+02 -2.7207e+00
5.0000e+01 1.2000e+02 -2.8828e+00
5.0000e+01 1.3000e+02 -2.1133e+00
5.0000e+01 1.4000e+02 -2.7019e+00
5.0000e+01 1.5000e+02 1.6375e+00
5.0000e+01 1.6000e+02 1.1175e+00
5.0000e+01 1.7000e+02 8.0360e-02
5.0000e+01 1.8000e+02 1.5038e+00
5.0000e+01 1.9000e+02 2.2712e+00
5.0000e+01 2.0000e+02 -2.1290e-01
6.0000e+01 -2.0000e+02 1.5398e+00
6.0000e+01 -1.9000e+02 -2.4166e+00
6.0000e+01 -1.8000e+02 1.0553e+00
6.0000e+01 -1.7000e+02 6.7184e-01
6.0000e+01 -1.6000e+02 -1.9272e+00
6.0000e+01 -1.5000e+02 6.7008e-01
6.0000e+01 -1.4000e+02 -1.6750e+00
6.0000e+01 -1.3000e+02 1.8172e-01
6.0000e+01 -1.2000e+02 2.5838e+00
6.0000e+01 -1.1000e+02 -2.4650e+00
6.0000e+01 -1.0000e+02 -2.3841e+00
6.0000e+01 -9.0000e+01 -4.2280e+00
6.0000e+01 -8.0000e+01 -2.5260e+00
6.0000e+01 -7.0000e+01 -2.4680e+00
6.0000e+01 -6.0000e+01 -6.5157e+00
6.0000e+01 -5.0000e+01 -8.5805e+00
6.0000e+01 -4.0000e+01 -7.3702e+00
6.0000e+01 -3.0000e+01 -5.9815e+00
6.0000e+01 -2.0000e+01 -9.6344e+00
6.0000e+01 -1.0000e+01 -8.3799e+00
6.0000e+01 0.0000e+00 -9.5105e+00
6.0000e+01 1.0000e+01 -7.5400e+00
6.0000e+01 2.0000e+01 -8.0718e+00
6.0000e+01 3.0000e+01 -6.3785e+00
6.0000e+01 4.0000e+01 -6.3814e+00
6.0000e+01 5.0000e+01 -5.4767e+00
6.0000e+01 6.0000e+01 -5.2513e+00
6.0000e+01 7.0000e+01 -4.3470e+00
6.0000e+01 8.0000e+01 -2.8025e+00
6.0000e+01 9.0000e+01 -2.9754e+00
6.0000e+01 1.0000e+02 -2.6796e+00
6.0000e+01 1.1000e+02 -1.7107e+00
6.0000e+01 1.2000e+02 7.0134e-01
6.0000e+01 1.3000e+02 -1.7431e+00
6.0000e+01 1.4000e+02 7.1279e-01
6.0000e+01 1.5000e+02 2.7572e-01
6.0000e+01 1.6000e+02 -3.7284e-02
6.0000e+01 1.7000e+02 1.0438e+00
6.0000e+01 1.8000e+02 -1.8716e+00
6.0000e+01 1.9000e+02 -1.7984e-02
6.0000e+01 2.0000e+02 1.3081e-01
7.0000e+01 -2.0000e+02 2.1423e-01
7.0000e+01 -1.9000e+02 7.6716e-01
7.0000e+01 -1.8000e+02 -7.6132e-01
7.0000e+01 -1.7000e+02 2.7756e+00
7.0000e+01 -1.6000e+02 2.1419e+00
7.0000e+01 -1.5000e+02 5.4066e-01
7.0000e+01 -1.4000e+02 -6.2148e-01
7.0000e+01 -1.3000e+02 -3.3040e-01
7.0000e+01 -1.2000e+02 -1.2169e+00
7.0000e+01 -1.1000e+02 -2.2338e+00
7.0000e+01 -1.0000e+02 -1.2744e+00
7.0000e+01 -9.0000e+01 -3.8502e-01
7.0000e+01 -8.0000e+01 -3.8398e+00
7.0000e+01 -7.0000e+01 -2.6627e+00
7.0000e+01 -6.0000e+01 -4.3122e+00
7.0000e+01 -5.0000e+01 -3.3262e+00
7.0000e+01 -4.0000e+01 -3.7195e+00
7.0000e+01 -3.0000e+01 -5.4743e+00
7.0000e+01 -2.0000e+01 -6.3326e+00
7.0000e+01 -1.0000e+01 -8.3692e+00
7.0000e+01 0.0000e+00 -9.9920e+00
7.0000e+01 1.0000e+01 -6.6577e+00
7.0000e+01 2.0000e+01 -7.3469e+00
7.0000e+01 3.0000e+01 -6.2833e+00
7.0000e+01 4.0000e+01 -5.6456e+00
7.0000e+01 5.0000e+01 -5.7306e+00
7.0000e+01 6.0000e+01 -4.6875e+00
7.0000e+01 7.0000e+01 -2.6490e+00
7.0000e+01 8.0000e+01 -2.7429e+00
7.0000e+01 9.0000e+01 4.2693e-02
7.0000e+01 1.0000e+02 -2.7074e+00
7.0000e+01 1.1000e+02 -7.6840e-01
7.0000e+01 1.2000e+02 -6.1921e-01
7.0000e+01 1.3000e+02 -7.5347e-01
7.0000e+01 1.4000e+02 8.1060e-01
7.0000e+01 1.5000e+02 3.4868e+00
7.0000e+01 1.6000e+02 -1.4385e+00
7.0000e+01 1.7000e+02 2.2060e-01
7.0000e+01 1.8000e+02 -6.7644e-01
7.0000e+01 1.9000e+02 -2.2187e+00
7.0000e+01 2.0000e+02 -1.3709e+00
8.0000e+01 -2.0000e+02 6.1256e-01
8.0000e+01 -1.9000e+02 2.2784e+00
8.0000e+01 -1.8000e+02 -1.5811e+00
8.0000e+01 -1.7000e+02 1.4018e+00
8.0000e+01 -1.6000e+02 1.3578e+00
8.0000e+01 -1.5000e+02 -5.9549e-02
8.0000e+01 -1.4000e+02 -4.5818e-01
8.0000e+01 -1.3000e+02 -2.3747e+00
8.0000e+01 -1.2000e+02 -3.1850e+00
8.0000e+01 -1.1000e+02 -1.0095e+00
8.0000e+01 -1.0000e+02 -2.4597e-01
8.0000e+01 -9.0000e+01 -1.3328e+00
8.0000e+01 -8.0000e+01 -3.3978e+00
8.0000e+01 -7.0000e+01 -4.1858e+00
8.0000e+01 -6.0000e+01 -4.0790e+00
8.0000e+01 -5.0000e+01 -4.2943e+00
8.0000e+01 -4.0000e+01 -3.9478e+00
8.0000e+01 -3.0000e+01 -2.5604e+00
8.0000e+01 -2.0000e+01 -3.5297e+00
8.0000e+01 -1.0000e+01 -3.5536e+00
8.0000e+01 0.0000e+00 -6.3423e+00
8.0000e+01 1.0000e+01 -3.1884e+00
8.0000e+01 2.0000e+01 -2.7908e+00
8.0000e+01 3.0000e+01 -6.8280e+00
8.0000e+01 4.0000e+01 -3.9919e+00
8.0000e+01 5.0000e+01 -4.6760e+00
8.0000e+01 6.0000e+01 -4.7776e-01
8.0000e+01 7.0000e+01 -3.9030e+00
8.0000e+01 8.0000e+01 -3.0438e+00
8.0000e+01 9.0000e+01 -1.9502e+00
8.0000e+01 1.0000e+02 5.6327e-01
8.0000e+01 1.1000e+02 -1.6805e+00
8.0000e+01 1.2000e+02 -6.8141e-01
8.0000e+01 1.3000e+02 5.2594e-01
8.0000e+01 1.4000e+02 6.5973e-01
8.0000e+01 1.5000e+02 -1.2256e+00
8.0000e+01 1.6000e+02 2.5570e-01
8.0000e+01 1.7000e+02 -1.1339e+00
8.0000e+01 1.8000e+02 -1.6622e+00
8.0000e+01 1.9000e+02 1.0042e+00
8.0000e+01 2.0000e+02 3.8710e-01
9.0000e+01 -2.0000e+02 8.5407e-01
9.0000e+01 -1.9000e+02 -1.9073e+00
9.0000e+01 -1.8000e+02 -1.2675e+00
9.0000e+01 -1.7000e+02 -7.4031e-01
9.0000e+01 -1.6000e+02 3.4125e-02
9.0000e+01 -1.5000e+02 1.5256e+00
9.0000e+01 -1.4000e+02 4.8272e-01
9.0000e+01 -1.3000e+02 2.0011e-01
9.0000e+01 -1.2000e+02 -4.7727e-01
9.0000e+01 -1.1000e+02 -2.1356e+00
9.0000e+01 -1.0000e+02 -1.3053e+00
9.0000e+01 -9.0000e+01 4.7951e-02
9.0000e+01 -8.0000e+01 -2.9941e+00
9.0000e+01 -7.0000e+01 -3.3594e+00
9.0000e+01 -6.0000e+01 -1.3041e+00
9.0000e+01 -5.0000e+01 -1.1153e+00
9.0000e+01 -4.0000e+01 -5.0862e+00
9.0000e+01 -3.0000e+01 -3.6334e+00
9.0000e+01 -2.0000e+01 -3.5505e+00
9.0000e+01 -1.0000e+01 -6.1714e+00
9.0000e+01 0.0000e+00 -4.3196e+00
9.0000e+01 1.0000e+01 -7.3006e+00
9.0000e+01 2.0000e+01 -5.1221e+00
9.0000e+01 3.0000e+01 -4.0518e+00
9.0000e+01 4.0000e+01 -5.4760e+00
9.0000e+01 5.0000e+01 -3.1201e+00
9.0000e+01 6.0000e+01 -3.8029e+00
9.0000e+01 7.0000e+01 -4.7763e+00
9.0000e+01 8.0000e+01 -3.3538e+00
9.0000e+01 9.0000e+01 -3.5449e+00
9.0000e+01 1.0000e+02 -3.0314e+00
9.0000e+01 1.1000e+02 -2.5688e+00
9.0000e+01 1.2000e+02 1.0984e+00
9.0000e+01 1.3000e+02 -2.0445e+00
9.0000e+01 1.4000e+02 1.4400e+00
9.0000e+01 1.5000e+02 1.5665e+00
9.0000e+01 1.6000e+02 -2.9932e-01
9.0000e+01 1.7000e+02 -3.9872e-01
9.0000e+01 1.8000e+02 -4.1197e-01
9.0000e+01 1.9000e+02 -1.3762e+00
9.0000e+01 2.0000e+02 1.1510e+00
1.0000e+02 -2.0000e+02 8.3566e-01
1.0000e+02 -1.9000e+02 1.0525e+00
1.0000e+02 -1.8000e+02 -6.6351e-01
1.0000e+02 -1.7000e+02 -2.7870e-01
1.0000e+02 -1.6000e+02 -7.6213e-01
1.0000e+02 -1.5000e+02 1.3307e+00
1.0000e+02 -1.4000e+02 -5.5281e-01
1.0000e+02 -1.3000e+02 1.0105e+00
1.0000e+02 -1.2000e+02 -4.1241e-01
1.0000e+02 -1.1000e+02 1.1323e+00
1.0000e+02 -1.0000e+02 -5.7578e-01
1.0000e+02 -9.0000e+01 -1.6746e+00
1.0000e+02 -8.0000e+01 1.4725e+00
1.0000e+02 -7.0000e+01 3.5270e-01
1.0000e+02 -6.0000e+01 -1.6748e+00
1.0000e+02 -5.0000e+01 -4.1618e-01
1.0000e+02 -4.0000e+01 -3.6300e+00
1.0000e+02 -3.0000e+01 -2.3598e+00
1.0000e+02 -2.0000e+01 -2.9224e+00
1.0000e+02 -1.0000e+01 -4.3702e+00
1.0000e+02 0.0000e+00 -4.5604e+00
1.0000e+02 1.0000e+01 -1.2463e+00
1.0000e+02 2.0000e+01 -9.4531e-01
1.0000e+02 3.0000e+01 -1.0353e-01
1.0000e+02 4.0000e+01 -3.0476e+00
1.0000e+02 5.0000e+01 -3.7802e+00
1.0000e+02 6.0000e+01 -2.5712e+00
1.0000e+02 7.0000e+01 7.4056e-01
1.0000e+02 8.0000e+01 -2.0106e+00
1.0000e+02 9.0000e+01 -7.8967e-01
1.0000e+02 1.0000e+02 -7.7578e-01
1.0000e+02 1.1000e+02 -3.2478e-01
1.0000e+02 1.2000e+02 -5.3575e-01
1.0000e+02 1.3000e+02 1.4046e+00
1.0000e+02 1.4000e+02 -1.5316e-01
1.0000e+02 1.5000e+02 4.8231e-01
1.0000e+02 1.6000e+02 -1.5898e+00
1.0000e+02 1.7000e+02 1.0060e+00
1.0000e+02 1.8000e+02 1.1975e+00
1.0000e+02 1.9000e+02 3.2030e+00
1.0000e+02 2.0000e+02 -1.4507e+00
1.1000e+02 -2.0000e+02 2.0745e+00
1.1000e+02 -1.9000e+02 1.2386e+00
1.1000e+02 -1.8000e+02 -2.0091e+00
1.1000e+02 -1.7000e+02 -3.3435e-01
1.1000e+02 -1.6000e+02 -3.1397e+00
1.1000e+02 -1.5000e+02 -9.5793e-01
1.1000e+02 -1.4000e+02 2.6810e-01
1.1000e+02 -1.3000e+02 -6.7442e-01
1.1000e+02 -1.2000e+02 1.0821e+00
1.1000e+02 -1.1000e+02 -2.4669e+00
1.1000e+02 -1.0000e+02 1.9463e+00
1.1000e+02 -9.0000e+01 1.1619e-01
1.1000e+02 -8.0000e+01 4.2352e-01
1.1000e+02 -7.0000e+01 -1.2906e+00
1.1000e+02 -6.0000e+01 -1.2752e+00
1.1000e+02 -5.0000e+01 -1.4176e+00
1.1000e+02 -4.0000e+01 4.1329e-02
1.1000e+02 -3.0000e+01 -1.8039e-01
1.1000e+02 -2.0000e+01 -9.1754e-01
1.1000e+02 -1.0000e+01 -1.2683e+00
1.1000e+02 0.0000e+00 -9.7247e-01
1.1000e+02 1.0000e+01 -2.3266e+00
1.1000e+02 2.0000e+01 -3.0068e+00
1.1000e+02 3.0000e+01 -3.7221e+00
1.1000e+02 4.0000e+01 -4.2295e+00
1.1000e+02 5.0000e+01 -2.4779e+00
1.1000e+02 6.0000e+01 -1.9703e+00
1.1000e+02 7.0000e+01 -8.9645e-01
1.1000e+02 8.0000e+01 6.5639e-01
1.1000e+02 9.0000e+01 -1.4620e+00
1.1000e+02 1.0000e+02 -1.7813e+00
1.1000e+02 1.1000e+02 -1.4598e+00
1.1000e+02 1.2000e+02 -1.3395e+00
1.1000e+02 1.3000e+02 -1.8417e+00
1.1000e+02 1.4000e+02 -3.3519e-01
1.1000e+02 1.5000e+02 -2.6015e+00
1.1000e+02 1.6000e+02 1.5999e-01
1.1000e+02 1.7000e+02 1.2023e+00
1.1000e+02 1.8000e+02 -1.2595e+00
1.1000e+02 1.9000e+02 8.3597e-01
1.1000e+02 2.0000e+02 7.8521e-01
1.2000e+02 -2.0000e+02 -2.4105e+00
1.2000e+02 -1.9000e+02 2.2346e-01
1.2000e+02 -1.8000e+02 -2.0220e+00
1.2000e+02 -1.7000e+02 -1.0033e+00
1.2000e+02 -1.6000e+02 -1.0578e+00
1.2000e+02 -1.5000e+02 -1.7329e+00
1.2000e+02 -1.4000e+02 -1.8255e+00
1.2000e+02 -1.3000e+02 -4.0886e-02
1.2000e+02 -1.2000e+02 1.9364e+00
1.2000e+02 -1.1000e+02 2.5946e+00
1.2000e+02 -1.0000e+02 -1.6239e-01
1.2000e+02 -9.0000e+01 -2.9159e+00
1.2000e+02 -8.0000e+01 -2.2010e+00
1.2000e+02 -7.0000e+01 2.3462e+00
1.2000e+02 -6.0000e+01 9.7509e-01
1.2000e+02 -5.0000e+01 -1.5368e+00
1.2000e+02 -4.0000e+01 -2.7955e+00
1.2000e+02 -3.0000e+01 -3.0546e+00
1.2000e+02 -2.0000e+01 -2.2359e+00
1.2000e+02 -1.0000e+01 -1.5055e+00
1.2000e+02 0.0000e+00 -1.4411e+00
1.2000e+02 1.0000e+01 -1.6722e+00
1.2000e+02 2.0000e+01 -3.9012e+00
1.2000e+02 3.0000e+01 -1.0332e+00
1.2000e+02 4.0000e+01 -8.2811e-01
1.2000e+02 5.0000e+01 -1.0693e+00
1.2000e+02 6.0000e+01 -1.9339e+00
1.2000e+02 7.0000e+01 -2.4230e+00
1.2000e+02 8.0000e+01 -1.0737e+00
1.2000e+02 9.0000e+01 -9.0462e-01
1.2000e+02 1.0000e+02 -6.8353e-01
1.2000e+02 1.1000e+02 9.7508e-02
1.2000e+02 1.2000e+02 3.0336e-01
1.2000e+02 1.3000e+02 -3.2775e+00
1.2000e+02 1.4000e+02 -8.6180e-01
1.2000e+02 1.5000e+02 -1.2142e+00
1.2000e+02 1.6000e+02 -2.4709e+00
1.2000e+02 1.7000e+02 1.3660e+00
1.2000e+02 1.8000e+02 2.4705e+00
1.2000e+02 1.9000e+02 2.4142e+00
1.2000e+02 2.0000e+02 -2.0508e-01
1.3000e+02 -2.0000e+02 -1.7431e+00
1.3000e+02 -1.9000e+02 -1.7176e+00
1.3000e+02 -1.8000e+02 1.0110e+00
1.3000e+02 -1.7000e+02 -1.0579e+00
1.3000e+02 -1.6000e+02 -7.8809e-02
1.3000e+02 -1.5000e+02 1.6175e+00
1.3000e+02 -1.4000e+02 -1.4267e+00
1.3000e+02 -1.3000e+02 -1.8023e+00
1.3000e+02 -1.2000e+02 -3.6508e-01
1.3000e+02 -1.1000e+02 -8.0463e-01
1.3000e+02 -1.0000e+02 -8.5902e-01
1.3000e+02 -9.0000e+01 7.8887e-01
1.3000e+02 -8.0000e+01 3.8848e-02
1.3000e+02 -7.0000e+01 -2.4502e+00
1.3000e+02 -6.0000e+01 -2.2519e+00
1.3000e+02 -5.0000e+01 -2.8114e+00
1.3000e+02 -4.0000e+01 4.1732e-01
1.3000e+02 -3.0000e+01 -7.0373e-01
1.3000e+02 -2.0000e+01 -2.7824e+00
1.3000e+02 -1.0000e+01 -2.9649e+00
1.3000e+02 0.0000e+00 -1.2134e+00
1.3000e+02 1.0000e+01 -2.2302e+00
1.3000e+02 2.0000e+01 -1.3606e-01
1.3000e+02 3.0000e+01 -1.2421e+00
1.3000e+02 4.0000e+01 1.4883e-01
1.3000e+02 5.0000e+01 -7.1173e-01
1.3000e+02 6.0000e+01 -5.1185e-01
1.3000e+02 7.0000e+01 -8.4707e-01
1.3000e+02 8.0000e+01 -1.4126e+00
1.3000e+02 9.0000e+01 2.0976e+00
1.3000e+02 1.0000e+02 -1.6937e+00
1.3000e+02 1.1000e+02 2.8859e+00
1.3000e+02 1.2000e+02 1.3237e+00
1.3000e+02 1.3000e+02 -1.9878e+00
1.3000e+02 1.4000e+02 -7.7018e-03
1.3000e+02 1.5000e+02 2.0374e+00
1.3000e+02 1.6000e+02 -8.1626e-01
1.3000e+02 1.7000e+02 -2.2397e+00
1.3000e+02 1.8000e+02 -7.1464e-01
1.3000e+02 1.9000e+02 -3.2128e-01
1.3000e+02 2.0000e+02 -1.0231e+00
1.4000e+02 -2.0000e+02 -7.7291e-02
1.4000e+02 -1.9000e+02 -1.2553e+00
1.4000e+02 -1.8000e+02 -9.3261e-01
1.4000e+02 -1.7000e+02 2.9625e+00
1.4000e+02 -1.6000e+02 -1.7096e+00
1.4000e+02 -1.5000e+02 -3.1193e-01
1.4000e+02 -1.4000e+02 4.0609e-01
1.4000e+02 -1.3000e+02 -3.6182e+00
1.4000e+02 -1.2000e+02 7.1845e-01
1.4000e+02 -1.1000e+02 -6.6015e-01
1.4000e+02 -1.0000e+02 -2.3696e-01
1.4000e+02 -9.0000e+01 1.7272e-01
1.4000e+02 -8.0000e+01 1.5290e+00
1.4000e+02 -7.0000e+01 1.9414e+00
1.4000e+02 -6.0000e+01 5.1035e-01
1.4000e+02 -5.0000e+01 -1.6733e+00
1.4000e+02 -4.0000e+01 -1.9211e+00
1.4000e+02 -3.0000e+01 1.4848e+00
1.4000e+02 -2.0000e+01 -2.4963e+00
1.4000e+02 -1.0000e+01 9.6586e-01
1.4000e+02 0.0000e+00 6.0661e-02
1.4000e+02 1.0000e+01 -2.5801e+00
1.4000e+02 2.0000e+01 -1.9637e+00
1.4000e+02 3.0000e+01 -5.4849e-01
1.4000e+02 4.0000e+01 5.2303e-01
1.4000e+02 5.0000e+01 -1.8421e+00
1.4000e+02 6.0000e+01 -4.4735e+00
1.4000e+02 7.0000e+01 -1.6518e+00
1.4000e+02 8.0000e+01 -8.8393e-01
1.4000e+02 9.0000e+01 -1.6036e-01
1.4000e+02 1.0000e+02 1.3080e+00
1.4000e+02 1.1000e+02 6.3774e-01
1.4000e+02 1.2000e+02 -1.7259e+00
1.4000e+02 1.3000e+02 -1.5662e+00
1.4000e+02 1.4000e+02 -3.3347e+00
1.4000e+02 1.5000e+02 1.3280e+00
1.4000e+02 1.6000e+02 -4.9322e-01
1.4000e+02 1.7000e+02 2.0899e-01
1.4000e+02 1.8000e+02 3.2916e+00
1.4000e+02 1.9000e+02 -1.3931e+00
1.4000e+02 2.0000e+02 7.3689e-01
1.5000e+02 -2.0000e+02 -1.6015e-01
1.5000e+02 -1.9000e+02 3.7135e-01
1.5000e+02 -1.8000e+02 4.0028e-01
1.5000e+02 -1.7000e+02 -6.3144e-01
1.5000e+02 -1.6000e+02 -3.6766e+00
1.5000e+02 -1.5000e+02 -6.7530e-01
1.5000e+02 -1.4000e+02 -6.9093e-01
1.5000e+02 -1.3000e+02 5.2564e-01
1.5000e+02 -1.2000e+02 3.8391e+00
1.5000e+02 -1.1000e+02 1.2935e+00
1.5000e+02 -1.0000e+02 -1.4078e+00
1.5000e+02 -9.0000e+01 -2.6872e-01
1.5000e+02 -8.0000e+01 -1.1659e+00
1.5000e+02 -7.0000e+01 -4.7743e-01
1.5000e+02 -6.0000e+01 -1.6791e-01
1.5000e+02 -5.0000e+01 9.0130e-01
1.5000e+02 -4.0000e+01 -9.0244e-01
1.5000e+02 -3.0000e+01 1.3246e-01
1.5000e+02 -2.0000e+01 2.1754e+00
1.5000e+02 -1.0000e+01 -2.3054e+00
1.5000e+02 0.0000e+00 -4.6819e-01
1.5000e+02 1.0000e+01 -1.9504e+00
1.5000e+02 2.0000e+01 -1.4093e+00
1.5000e+02 3.0000e+01 2.0022e-01
1.5000e+02 4.0000e+01 -1.2685e-01
1.5000e+02 5.0000e+01 -6.7247e-01
1.5000e+02 6.0000e+01 -4.2164e-03
1.5000e+02 7.0000e+01 -1.7031e+00
1.5000e+02 8.0000e+01 2.9038e-01
1.5000e+02 9.0000e+01 6.0788e-01
1.5000e+02 1.0000e+02 -1.7574e+00
1.5000e+02 1.1000e+02 9.6110e-01
1.5000e+02 1.2000e+02 -7.5346e-01
1.5000e+02 1.3000e+02 -2.1555e-01
1.5000e+02 1.4000e+02 -1.2494e+00
1.5000e+02 1.5000e+02 2.0650e+00
1.5000e+02 1.6000e+02 4.5813e+00
1.5000e+02 1.7000e+02 -5.3434e-01
1.5000e+02 1.8000e+02 1.6629e+00
1.5000e+02 1.9000e+02 2.1462e+00
1.5000e+02 2.0000e+02 1.5413e+00
1.6000e+02 -2.0000e+02 -2.1689e+00
1.6000e+02 -1.9000e+02 1.2444e+00
1.6000e+02 -1.8000e+02 -1.1240e+00
1.6000e+02 -1.7000e+02 1.1019e+00
1.6000e+02 -1.6000e+02 -8.8256e-01
1.6000e+02 -1.5000e+02 2.4012e+00
1.6000e+02 -1.4000e+02 2.0691e-01
1.6000e+02 -1.3000e+02 1.3533e+00
1.6000e+02 -1.2000e+02 1.0472e+00
1.6000e+02 -1.1000e+02 -1.6162e+00
1.6000e+02 -1.0000e+02 -2.5596e-01
1.6000e+02 -9.0000e+01 8.0964e-01
1.6000e+02 -8.0000e+01 4.8498e-01
1.6000e+02 -7.0000e+01 -2.5622e+00
1.6000e+02 -6.0000e+01 3.2496e-02
1.6000e+02 -5.0000e+01 1.8966e+00
1.6000e+02 -4.0000e+01 -1.7712e+00
1.6000e+02 -3.0000e+01 3.1250e+00
1.6000e+02 -2.0000e+01 1.2451e+00
1.6000e+02 -1.0000e+01 -1.1210e+00
1.6000e+02 0.0000e+00 -1.1892e+00
1.6000e+02 1.0000e+01 1.3223e+00
1.6000e+02 2.0000e+01 -3.8704e+00
1.6000e+02 3.0000e+01 2.7028e+00
1.6000e+02 4.0000e+01 -3.2039e-01
1.6000e+02 5.0000e+01 -1.1683e+00
1.6000e+02 6.0000e+01 -1.9632e+00
1.6000e+02 7.0000e+01 -2.0212e+00
1.6000e+02 8.0000e+01 -4.0736e+00
1.6000e+02 9.0000e+01 3.3953e+00
1.6000e+02 1.0000e+02 -1.2193e+00
1.6000e+02 1.1000e+02 -1.8581e+00
1.6000e+02 1.2000e+02 -3.0649e-01
1.6000e+02 1.3000e+02 -2.0853e+00
1.6000e+02 1.4000e+02 -4.3099e-01
1.6000e+02 1.5000e+02 -2.2425e+00
1.6000e+02 1.6000e+02 5.2878e-01
1.6000e+02 1.7000e+02 1.4221e-03
1.6000e+02 1.8000e+02 1.3181e+00
1.6000e+02 1.9000e+02 -2.7614e-01
1.6000e+02 2.0000e+02 2.4935e+00
1.7000e+02 -2.0000e+02 -1.8065e+00
1.7000e+02 -1.9000e+02 4.0759e-01
1.7000e+02 -1.8000e+02 1.4339e+00
1.7000e+02 -1.7000e+02 -2.6006e-01
1.7000e+02 -1.6000e+02 -2.0761e+00
1.7000e+02 -1.5000e+02 -5.1829e+00
1.7000e+02 -1.4000e+02 -1.1146e+00
1.7000e+02 -1.3000e+02 -7.7668e-01
1.7000e+02 -1.2000e+02 7.0198e-01
1.7000e+02 -1.1000e+02 -1.4984e+00
1.7000e+02 -1.0000e+02 -3.9085e-01
1.7000e+02 -9.0000e+01 -1.0237e+00
1.7000e+02 -8.0000e+01 -2.1671e+00
1.7000e+02 -7.0000e+01 1.8336e+00
1.7000e+02 -6.0000e+01 -2.4635e-01
1.7000e+02 -5.0000e+01 9.7748e-02
1.7000e+02 -4.0000e+01 -5.6812e-02
1.7000e+02 -3.0000e+01 1.7802e+00
1.7000e+02 -2.0000e+01 -7.9462e-01
1.7000e+02 -1.0000e+01 5.2642e-01
1.7000e+02 0.0000e+00 4.7137e-01
1.7000e+02 1.0000e+01 -2.2072e+00
1.7000e+02 2.0000e+01 1.2922e+00
1.7000e+02 3.0000e+01 9.1125e-02
1.7000e+02 4.0000e+01 -6.0496e-01
1.7000e+02 5.0000e+01 1.7180e+00
1.7000e+02 6.0000e+01 1.2480e+00
1.7000e+02 7.0000e+01 1.3218e-01
1.7000e+02 8.0000e+01 -1.8609e+00
1.7000e+02 9.0000e+01 -1.6717e+00
1.7000e+02 1.0000e+02 -8.0408e-01
1.7000e+02 1.1000e+02 -3.2654e+00
1.7000e+02 1.2000e+02 1.2463e+00
1.7000e+02 1.3000e+02 -1.1506e+00
1.7000e+02 1.4000e+02 -6.5507e-01
1.7000e+02 1.5000e+02 2.9613e+00
1.7000e+02 1.6000e+02 -5.7557e-01
1.7000e+02 1.7000e+02 2.2152e+00
1.7000e+02 1.8000e+02 -2.0120e-01
1.7000e+02 1.9000e+02 7.8752e-01
1.7000e+02 2.0000e+02 3.5892e-01
1.8000e+02 -2.0000e+02 -1.2718e+00
1.8000e+02 -1.9000e+02 2.5515e+00
1.8000e+02 -1.8000e+02 -1.8650e+00
1.8000e+02 -1.7000e+02 2.0221e+00
1.8000e+02 -1.6000e+02 -2.8268e+00
1.8000e+02 -1.5000e+02 -9.8045e-01
1.8000e+02 -1.4000e+02 6.0728e-01
1.8000e+02 -1.3000e+02 -3.9244e-01
1.8000e+02 -1.2000e+02 2.2981e+00
1.8000e+02 -1.1000e+02 7.5622e-01
1.8000e+02 -1.0000e+02 -1.0067e+00
1.8000e+02 -9.0000e+01 -8.2131e-01
1.8000e+02 -8.0000e+01 -7.8721e-02
1.8000e+02 -7.0000e+01 2.9978e+00
1.8000e+02 -6.0000e+01 5.8537e-01
1.8000e+02 -5.0000e+01 -1.9482e+00
1.8000e+02 -4.0000e+01 1.0220e+00
1.8000e+02 -3.0000e+01 8.9382e-01
1.8000e+02 -2.0000e+01 1.8713e+00
1.8000e+02 -1.0000e+01 -3.3959e-01
1.8000e+02 0.0000e+00 -1.7682e-01
1.8000e+02 1.0000e+01 9.9869e-01
1.8000e+02 2.0000e+01 -1.2900e+00
1.8000e+02 3.0000e+01 -5.6523e-02
1.8000e+02 4.0000e+01 2.3559e-01
1.8000e+02 5.0000e+01 7.9904e-03
1.8000e+02 6.0000e+01 2.7567e-01
1.8000e+02 7.0000e+01 -6.4286e-01
1.8000e+02 8.0000e+01 -1.7699e+00
1.8000e+02 9.0000e+01 2.1375e+00
1.8000e+02 1.0000e+02 -8.8032e-01
1.8000e+02 1.1000e+02 -2.0774e+00
1.8000e+02 1.2000e+02 -9.9281e-01
1.8000e+02 1.3000e+02 1.2485e-01
1.8000e+02 1.4000e+02 1.9967e+00
1.8000e+02 1.5000e+02 1.5187e+00
1.8000e+02 1.6000e+02 -1.4562e+00
1.8000e+02 1.7000e+02 -1.4749e+00
1.8000e+02 1.8000e+02 1.8013e+00
1.8000e+02 1.9000e+02 4.1983e-01
1.8000e+02 2.0000e+02 8.7649e-01
1.9000e+02 -2.0000e+02 4.6468e-01
1.9000e+02 -1.9000e+02 -1.0964e+00
1.9000e+02 -1.8000e+02 1.2442e+00
1.9000e+02 -1.7000e+02 -2.3137e+00
1.9000e+02 -1.6000e+02 -2.9419e+00
1.9000e+02 -1.5000e+02 1.5924e-01
1.9000e+02 -1.4000e+02 -4.1548e+00
1.9000e+02 -1.3000e+02 1.1954e-01
1.9000e+02 -1.2000e+02 1.0119e+00
1.9000e+02 -1.1000e+02 2.8212e-01
1.9000e+02 -1.0000e+02 -1.2116e+00
1.9000e+02 -9.0000e+01 9.6563e-01
1.9000e+02 -8.0000e+01 1.8009e-01
1.9000e+02 -7.0000e+01 -3.0367e+00
1.9000e+02 -6.0000e+01 -6.0400e-01
1.9000e+02 -5.0000e+01 -1.8838e-01
1.9000e+02 -4.0000e+01 2.5218e+00
1.9000e+02 -3.0000e+01 -8.0514e-01
1.9000e+02 -2.0000e+01 1.8524e+00
1.9000e+02 -1.0000e+01 -1.4470e+00
1.9000e+02 0.0000e+00 -1.4454e+00
1.9000e+02 1.0000e+01 -1.7871e-01
1.9000e+02 2.0000e+01 -6.4967e-01
1.9000e+02 3.0000e+01 -3.0971e+00
1.9000e+02 4.0000e+01 9.7883e-01
1.9000e+02 5.0000e+01 -6.2296e-01
1.9000e+02 6.0000e+01 -5.6936e-01
1.9000e+02 7.0000e+01 5.6682e-01
1.9000e+02 8.0000e+01 -5.3796e-01
1.9000e+02 9.0000e+01 -2.6959e+00
1.9000e+02 1.0000e+02 1.2197e+00
1.9000e+02 1.1000e+02 -5.3134e-02
1.9000e+02 1.2000e+02 -8.4539e-01
1.9000e+02 1.3000e+02 -1.3921e+00
1.9000e+02 1.4000e+02 4.0852e-01
1.9000e+02 1.5000e+02 2.6479e+00
1.9000e+02 1.6000e+02 -9.5189e-01
1.9000e+02 1.7000e+02 -5.1884e-01
1.9000e+02 1.8000e+02 1.5426e+00
1.9000e+02 1.9000e+02 -8.6405e-03
1.9000e+02 2.0000e+02 1.5207e+00
2.0000e+02 -2.0000e+02 -1.8358e+00
2.0000e+02 -1.9000e+02 1.0957e+00
2.0000e+02 -1.8000e+02 1.6074e+00
2.0000e+02 -1.7000e+02 7.4474e-01
2.0000e+02 -1.6000e+02 -1.0481e-01
2.0000e+02 -1.5000e+02 1.4197e+00
2.0000e+02 -1.4000e+02 6.4008e-01
2.0000e+02 -1.3000e+02 6.8185e-01
2.0000e+02 -1.2000e+02 -1.2812e+00
2.0000e+02 -1.1000e+02 2.5980e+00
2.0000e+02 -1.0000e+02 1.5865e-01
2.0000e+02 -9.0000e+01 -1.4414e+00
2.0000e+02 -8.0000e+01 1.0089e+00
2.0000e+02 -7.0000e+01 1.4835e+00
2.0000e+02 -6.0000e+01 1.1938e+00
2.0000e+02 -5.0000e+01 -2.7598e+00
2.0000e+02 -4.0000e+01 1.5177e+00
2.0000e+02 -3.0000e+01 1.0414e+00
2.0000e+02 -2.0000e+01 9.4402e-01
2.0000e+02 -1.0000e+01 -2.6271e+00
2.0000e+02 0.0000e+00 1.8234e+00
2.0000e+02 1.0000e+01 -1.1342e+00
2.0000e+02 2.0000e+01 -1.5218e+00
2.0000e+02 3.0000e+01 -1.7850e+00
2.0000e+02 4.0000e+01 -1.6908e+00
2.0000e+02 5.0000e+01 2.5388e+00
2.0000e+02 6.0000e+01 -2.1844e-01
2.0000e+02 7.0000e+01 -1.9803e-01
2.0000e+02 8.0000e+01 -1.7276e+00
2.0000e+02 9.0000e+01 -9.9572e-01
2.0000e+02 1.0000e+02 -5.9431e-01
2.0000e+02 1.1000e+02 -5.4521e-01
2.0000e+02 1.2000e+02 -1.1809e+00
2.0000e+02 1.3000e+02 -1.4656e+00
2.0000e+02 1.4000e+02 -9.2876e-01
2.0000e+02 1.5000e+02 -1.0245e+00
2.0000e+02 1.6000e+02 -3.1272e+00
2.0000e+02 1.7000e+02 -6.3814e-01
2.0000e+02 1.8000e+02 -1.3079e+00
2.0000e+02 1.9000e+02 1.5054e+00
2.0000e+02 2.0000e+02 -8.3000e-01
