-2.0000e+02 -2.0000e+02 -1.6433e+00
-2.0000e+02 -1.9000e+02 5.3480e-01
-2.0000e+02 -1.8000e+02 -1.2294e+00
-2.0000e+02 -1.7000e+02 -1.2399e+00
-2.0000e+02 -1.6000e+02 -4.9933e-01
-2.0000e+02 -1.5000e+02 -5.0901e+00
-2.0000e+02 -1.4000e+02 -2.6896e+00
-2.0000e+02 -1.3000e+02 -8.6602e-01
-2.0000e+02 -1.2000e+02 5.4606e-01
-2.0000e+02 -1.1000e+02 -8.9614e-01
-2.0000e+02 -1.0000e+02 -1.8760e+00
-2.0000e+02 -9.0000e+01 -6.2481e-01
-2.0000e+02 -8.0000e+01 -1.0374e+00
-2.0000e+02 -7.0000e+01 -2.6223e+00
-2.0000e+02 -6.0000e+01 4.7146e-01
-2.0000e+02 -5.0000e+01 9.7099e-01
-2.0000e+02 -4.0000e+01 -1.2603e-01
-2.0000e+02 -3.0000e+01 5.2881e-01
-2.0000e+02 -2.0000e+01 -4.0002e+00
-2.0000e+02 -1.0000e+01 -3.0138e-01
-2.0000e+02 0.0000e+00 2.2016e+00
-2.0000e+02 1.0000e+01 1.5449e+00
-2.0000e+02 2.0000e+01 -4.1090e-01
-2.0000e+02 3.0000e+01 1.1768e+00
-2.0000e+02 4.0000e+01 1.7968e+00
-2.0000e+02 5.0000e+01 2.5656e+00
-2.0000e+02 6.0000e+01 -4.0938e-01
-2.0000e+02 7.0000e+01 4.8575e-01
-2.0000e+02 8.0000e+01 1.7566e+00
-2.0000e+02 9.0000e+01 2.3001e+00
-2.0000e+02 1.0000e+02 -1.4125e+00
-2.0000e+02 1.1000e+02 1.8158e+00
-2.0000e+02 1.2000e+02 -2.1207e+00
-2.0000e+02 1.3000e+02 -2.0779e-01
-2.0000e+02 1.4000e+02 5.3007e-01
-2.0000e+02 1.5000e+02 -1.1003e+00
-2.0000e+02 1.6000e+02 4.9693e-01
-2.0000e+02 1.7000e+02 1.7471e+00
-2.0000e+02 1.8000e+02 -4.2185e-01
-2.0000e+02 1.9000e+02 -9.9395e-01
-2.0000e+02 2.0000e+02 1.3310e+00
-1.9000e+02 -2.0000e+02 -1.0788e+00
-1.9000e+02 -1.9000e+02 2.0881e+00
-1.9000e+02 -1.8000e+02 1.3686e-01
-1.9000e+02 -1.7000e+02 1.8224e+00
-1.9000e+02 -1.6000e+02 -1.1247e+00
-1.9000e+02 -1.5000e+02 4.8706e-01
-1.9000e+02 -1.4000e+02 4.8288e-01
-1.9000e+02 -1.3000e+02 -6.6830e-01
-1.9000e+02 -1.2000e+02 6.3564e-01
-1.9000e+02 -1.1000e+02 -1.9218e+00
-1.9000e+02 -1.0000e+02 2.2762e+00
-1.9000e+02 -9.0000e+01 -4.1620e-01
-1.9000e+02 -8.0000e+01 3.4247e+00
-1.9000e+02 -7.0000e+01 -1.6439e-01
-1.9000e+02 -6.0000e+01 2.1068e+00
-1.9000e+02 -5.0000e+01 1.5631e-01
-1.9000e+02 -4.0000e+01 -2.0640e+00
-1.9000e+02 -3.0000e+01 -7.6816e-01
-1.9000e+02 -2.0000e+01 1.4912e+00
-1.9000e+02 -1.0000e+01 2.2674e+00
-1.9000e+02 0.0000e+00 4.3759e-01
-1.9000e+02 1.0000e+01 -1.0544e+00
-1.9000e+02 2.0000e+01 -1.7400e+00
-1.9000e+02 3.0000e+01 -1.5044e+00
-1.9000e+02 4.0000e+01 9.4727e-02
-1.9000e+02 5.0000e+01 4.4482e+00
-1.9000e+02 6.0000e+01 -1.1010e+00
-1.9000e+02 7.0000e+01 -4.8582e-01
-1.9000e+02 8.0000e+01 -6.6290e-02
-1.9000e+02 9.0000e+01 -2.0674e-02
-1.9000e+02 1.0000e+02 8.0172e-02
-1.9000e+02 1.1000e+02 2.7287e-01
-1.9000e+02 1.2000e+02 8.9926e-01
-1.9000e+02 1.3000e+02 1.3141e-02
-1.9000e+02 1.4000e+02 -2.7093e+00
-1.9000e+02 1.5000e+02 -1.1707e+00
-1.9000e+02 1.6000e+02 1.8244e+00
-1.9000e+02 1.7000e+02 7.3876e-01
-1.9000e+02 1.8000e+02 2.7178e+00
-1.9000e+02 1.9000e+02 1.4455e+00
-1.9000e+02 2.0000e+02 1.7381e+00
-1.8000e+02 -2.0000e+02 -4.1747e+00
-1.8000e+02 -1.9000e+02 1.9158e-01
-1.8000e+02 -1.8000e+02 -9.5276e-01
-1.8000e+02 -1.7000e+02 -5.7000e-01
-1.8000e+02 -1.6000e+02 -2.5029e+00
-1.8000e+02 -1.5000e+02 -2.8531e+00
-1.8000e+02 -1.4000e+02 8.9209e-01
-1.8000e+02 -1.3000e+02 -2.3389e+00
-1.8000e+02 -1.2000e+02 -4.4209e+00
-1.8000e+02 -1.1000e+02 -2.0336e+00
-1.8000e+02 -1.0000e+02 7.0269e-01
-1.8000e+02 -9.0000e+01 -1.8367e+00
-1.8000e+02 -8.0000e+01 1.6259e+00
-1.8000e+02 -7.0000e+01 2.8954e-02
-1.8000e+02 -6.0000e+01 8.3692e-02
-1.8000e+02 -5.0000e+01 1.3550e+00
-1.8000e+02 -4.0000e+01 -2.0125e+00
-1.8000e+02 -3.0000e+01 -6.4680e-01
-1.8000e+02 -2.0000e+01 2.9171e-01
-1.8000e+02 -1.0000e+01 5.4314e-01
-1.8000e+02 0.0000e+00 2.0517e+00
-1.8000e+02 1.0000e+01 4.6379e-01
-1.8000e+02 2.0000e+01 -4.8324e-01
-1.8000e+02 3.0000e+01 -2.0917e+00
-1.8000e+02 4.0000e+01 8.1681e-01
-1.8000e+02 5.0000e+01 -1.3740e+00
-1.8000e+02 6.0000e+01 8.9014e-01
-1.8000e+02 7.0000e+01 -3.2101e-01
-1.8000e+02 8.0000e+01 4.8186e-01
-1.8000e+02 9.0000e+01 -1.8981e+00
-1.8000e+02 1.0000e+02 1.7983e+00
-1.8000e+02 1.1000e+02 -1.6218e+00
-1.8000e+02 1.2000e+02 -6.1055e-01
-1.8000e+02 1.3000e+02 -2.8786e+00
-1.8000e+02 1.4000e+02 -2.9294e+00
-1.8000e+02 1.5000e+02 -2.4321e+00
-1.8000e+02 1.6000e+02 4.6900e-01
-1.8000e+02 1.7000e+02 2.5368e+00
-1.8000e+02 1.8000e+02 1.0641e+00
-1.8000e+02 1.9000e+02 -1.9862e+00
-1.8000e+02 2.0000e+02 7.6537e-01
-1.7000e+02 -2.0000e+02 -1.4881e+00
-1.7000e+02 -1.9000e+02 4.0585e-01
-1.7000e+02 -1.8000e+02 -1.6130e+00
-1.7000e+02 -1.7000e+02 4.9331e-01
-1.7000e+02 -1.6000e+02 1.3729e+00
-1.7000e+02 -1.5000e+02 1.6200e+00
-1.7000e+02 -1.4000e+02 -2.7894e-01
-1.7000e+02 -1.3000e+02 -6.4897e-01
-1.7000e+02 -1.2000e+02 2.9375e-01
-1.7000e+02 -1.1000e+02 -5.4411e-01
-1.7000e+02 -1.0000e+02 -4.0343e-01
-1.7000e+02 -9.0000e+01 3.0392e+00
-1.7000e+02 -8.0000e+01 8.9555e-01
-1.7000e+02 -7.0000e+01 1.6793e+00
-1.7000e+02 -6.0000e+01 1.2956e-01
-1.7000e+02 -5.0000e+01 9.4260e-01
-1.7000e+02 -4.0000e+01 -3.9008e-01
-1.7000e+02 -3.0000e+01 -1.1263e-02
-1.7000e+02 -2.0000e+01 3.9497e+00
-1.7000e+02 -1.0000e+01 -5.3174e-02
-1.7000e+02 0.0000e+00 -1.6854e+00
-1.7000e+02 1.0000e+01 -1.8699e+00
-1.7000e+02 2.0000e+01 9.2476e-01
-1.7000e+02 3.0000e+01 1.7451e-01
-1.7000e+02 4.0000e+01 2.9473e+00
-1.7000e+02 5.0000e+01 3.2600e-02
-1.7000e+02 6.0000e+01 -2.9646e-01
-1.7000e+02 7.0000e+01 -2.6644e+00
-1.7000e+02 8.0000e+01 -1.7840e+00
-1.7000e+02 9.0000e+01 -1.3888e+00
-1.7000e+02 1.0000e+02 2.9094e+00
-1.7000e+02 1.1000e+02 1.6321e-01
-1.7000e+02 1.2000e+02 -8.1488e-01
-1.7000e+02 1.3000e+02 1.4458e+00
-1.7000e+02 1.4000e+02 -1.6272e+00
-1.7000e+02 1.5000e+02 -7.4559e-01
-1.7000e+02 1.6000e+02 -7.1991e-01
-1.7000e+02 1.7000e+02 -1.6986e+00
-1.7000e+02 1.8000e+02 1.3728e+00
-1.7000e+02 1.9000e+02 1.7694e+00
-1.7000e+02 2.0000e+02 -1.0906e+00
-1.6000e+02 -2.0000e+02 7.7914e-03
-1.6000e+02 -1.9000e+02 6.6301e-01
-1.6000e+02 -1.8000e+02 -1.1799e+00
-1.6000e+02 -1.7000e+02 -9.1366e-02
-1.6000e+02 -1.6000e+02 -1.7881e+00
-1.6000e+02 -1.5000e+02 9.9150e-02
-1.6000e+02 -1.4000e+02 1.8759e+00
-1.6000e+02 -1.3000e+02 -1.4601e-01
-1.6000e+02 -1.2000e+02 4.5675e-01
-1.6000e+02 -1.1000e+02 -1.0643e+00
-1.6000e+02 -1.0000e+02 -1.2619e+00
-1.6000e+02 -9.0000e+01 -1.1069e+00
-1.6000e+02 -8.0000e+01 1.0165e+00
-1.6000e+02 -7.0000e+01 -5.4705e-01
-1.6000e+02 -6.0000e+01 -8.1964e-01
-1.6000e+02 -5.0000e+01 1.2841e+00
-1.6000e+02 -4.0000e+01 6.8557e-01
-1.6000e+02 -3.0000e+01 4.1649e+00
-1.6000e+02 -2.0000e+01 -1.1784e+00
-1.6000e+02 -1.0000e+01 -8.1801e-01
-1.6000e+02 0.0000e+00 8.9157e-01
-1.6000e+02 1.0000e+01 -1.8356e+00
-1.6000e+02 2.0000e+01 1.4700e+00
-1.6000e+02 3.0000e+01 -3.3070e+00
-1.6000e+02 4.0000e+01 9.3150e-02
-1.6000e+02 5.0000e+01 -3.1755e-01
-1.6000e+02 6.0000e+01 -3.2979e-01
-1.6000e+02 7.0000e+01 4.3230e-01
-1.6000e+02 8.0000e+01 -8.8480e-01
-1.6000e+02 9.0000e+01 -3.1695e+00
-1.6000e+02 1.0000e+02 2.8809e+00
-1.6000e+02 1.1000e+02 -1.2449e+00
-1.6000e+02 1.2000e+02 -1.2795e+00
-1.6000e+02 1.3000e+02 -8.8982e-01
-1.6000e+02 1.4000e+02 1.8192e+00
-1.6000e+02 1.5000e+02 -1.0912e-01
-1.6000e+02 1.6000e+02 -2.0090e+00
-1.6000e+02 1.7000e+02 -1.4435e+00
-1.6000e+02 1.8000e+02 3.3477e+00
-1.6000e+02 1.9000e+02 -8.2218e-01
-1.6000e+02 2.0000e+02 -3.5639e+00
-1.5000e+02 -2.0000e+02 -4.7866e-01
-1.5000e+02 -1.9000e+02 8.0052e-01
-1.5000e+02 -1.8000e+02 3.9549e-01
-1.5000e+02 -1.7000e+02 1.5490e+00
-1.5000e+02 -1.6000e+02 1.6454e+00
-1.5000e+02 -1.5000e+02 1.3152e+00
-1.5000e+02 -1.4000e+02 -3.2305e-01
-1.5000e+02 -1.3000e+02 -1.9476e+00
-1.5000e+02 -1.2000e+02 -2.3003e-01
-1.5000e+02 -1.1000e+02 -9.0925e-01
-1.5000e+02 -1.0000e+02 2.2602e+00
-1.5000e+02 -9.0000e+01 2.3548e-01
-1.5000e+02 -8.0000e+01 8.8708e-01
-1.5000e+02 -7.0000e+01 -2.0181e+00
-1.5000e+02 -6.0000e+01 1.1788e+00
-1.5000e+02 -5.0000e+01 -1.4136e+00
-1.5000e+02 -4.0000e+01 2.0762e+00
-1.5000e+02 -3.0000e+01 -2.4740e+00
-1.5000e+02 -2.0000e+01 -2.5985e+00
-1.5000e+02 -1.0000e+01 -1.3658e+00
-1.5000e+02 0.0000e+00 2.8548e+00
-1.5000e+02 1.0000e+01 -4.0648e-01
-1.5000e+02 2.0000e+01 -1.0125e+00
-1.5000e+02 3.0000e+01 1.6203e+00
-1.5000e+02 4.0000e+01 -8.1564e-01
-1.5000e+02 5.0000e+01 1.0146e+00
-1.5000e+02 6.0000e+01 -6.6350e-01
-1.5000e+02 7.0000e+01 5.4501e-01
-1.5000e+02 8.0000e+01 -1.6975e+00
-1.5000e+02 9.0000e+01 3.2923e+00
-1.5000e+02 1.0000e+02 6.1633e-01
-1.5000e+02 1.1000e+02 -4.6840e-01
-1.5000e+02 1.2000e+02 1.8776e-01
-1.5000e+02 1.3000e+02 -1.5734e+00
-1.5000e+02 1.4000e+02 -1.7296e+00
-1.5000e+02 1.5000e+02 2.5548e+00
-1.5000e+02 1.6000e+02 -1.9347e+00
-1.5000e+02 1.7000e+02 1.3107e+00
-1.5000e+02 1.8000e+02 -1.1427e+00
-1.5000e+02 1.9000e+02 7.5356e-02
-1.5000e+02 2.0000e+02 -1.8169e+00
-1.4000e+02 -2.0000e+02 -5.8704e-02
-1.4000e+02 -1.9000e+02 -4.6414e-01
-1.4000e+02 -1.8000e+02 7.1755e-01
-1.4000e+02 -1.7000e+02 -3.3995e-01
-1.4000e+02 -1.6000e+02 -7.6181e-01
-1.4000e+02 -1.5000e+02 2.1925e+00
-1.4000e+02 -1.4000e+02 -5.5482e-01
-1.4000e+02 -1.3000e+02 -1.4389e+00
-1.4000e+02 -1.2000e+02 -8.8442e-02
-1.4000e+02 -1.1000e+02 1.5390e+00
-1.4000e+02 -1.0000e+02 -3.9225e-01
-1.4000e+02 -9.0000e+01 -1.0848e+00
-1.4000e+02 -8.0000e+01 1.8704e+00
-1.4000e+02 -7.0000e+01 7.8011e-01
-1.4000e+02 -6.0000e+01 9.7443e-01
-1.4000e+02 -5.0000e+01 -1.7581e-01
-1.4000e+02 -4.0000e+01 -2.2284e+00
-1.4000e+02 -3.0000e+01 -4.0316e+00
-1.4000e+02 -2.0000e+01 -1.3057e+00
-1.4000e+02 -1.0000e+01 -3.3144e+00
-1.4000e+02 0.0000e+00 -8.9465e-01
-1.4000e+02 1.0000e+01 -3.7567e-01
-1.4000e+02 2.0000e+01 -4.1105e-01
-1.4000e+02 3.0000e+01 -1.9694e+00
-1.4000e+02 4.0000e+01 -1.3705e+00
-1.4000e+02 5.0000e+01 -2.2702e-01
-1.4000e+02 6.0000e+01 1.1258e+00
-1.4000e+02 7.0000e+01 -1.2934e+00
-1.4000e+02 8.0000e+01 1.2495e-02
-1.4000e+02 9.0000e+01 1.1922e+00
-1.4000e+02 1.0000e+02 -8.5484e-01
-1.4000e+02 1.1000e+02 1.7408e+00
-1.4000e+02 1.2000e+02 4.8608e-01
-1.4000e+02 1.3000e+02 -7.0040e-01
-1.4000e+02 1.4000e+02 1.8586e-01
-1.4000e+02 1.5000e+02 -8.0673e-01
-1.4000e+02 1.6000e+02 -5.6409e-01
-1.4000e+02 1.7000e+02 -2.0598e+00
-1.4000e+02 1.8000e+02 -1.5236e+00
-1.4000e+02 1.9000e+02 2.1267e+00
-1.4000e+02 2.0000e+02 1.9177e+00
-1.3000e+02 -2.0000e+02 1.5484e+00
-1.3000e+02 -1.9000e+02 9.2900e-02
-1.3000e+02 -1.8000e+02 -6.6712e-01
-1.3000e+02 -1.7000e+02 -7.4257e-01
-1.3000e+02 -1.6000e+02 1.3968e+00
-1.3000e+02 -1.5000e+02 1.5575e+00
-1.3000e+02 -1.4000e+02 -4.1005e-01
-1.3000e+02 -1.3000e+02 -2.3816e+00
-1.3000e+02 -1.2000e+02 -2.4110e+00
-1.3000e+02 -1.1000e+02 -2.0150e+00
-1.3000e+02 -1.0000e+02 -1.4968e+00
-1.3000e+02 -9.0000e+01 2.2767e+00
-1.3000e+02 -8.0000e+01 -1.0490e+00
-1.3000e+02 -7.0000e+01 3.3754e-01
-1.3000e+02 -6.0000e+01 -1.7938e+00
-1.3000e+02 -5.0000e+01 -2.6941e-01
-1.3000e+02 -4.0000e+01 2.3995e-02
-1.3000e+02 -3.0000e+01 1.0666e+00
-1.3000e+02 -2.0000e+01 -3.4710e-02
-1.3000e+02 -1.0000e+01 3.3890e-01
-1.3000e+02 0.0000e+00 -3.3090e+00
-1.3000e+02 1.0000e+01 -6.3056e-01
-1.3000e+02 2.0000e+01 -1.9797e+00
-1.3000e+02 3.0000e+01 -2.0177e+00
-1.3000e+02 4.0000e+01 1.3065e+00
-1.3000e+02 5.0000e+01 -2.1204e+00
-1.3000e+02 6.0000e+01 -1.5816e+00
-1.3000e+02 7.0000e+01 -2.4168e-01
-1.3000e+02 8.0000e+01 8.1516e-01
-1.3000e+02 9.0000e+01 3.5647e-01
-1.3000e+02 1.0000e+02 -7.8637e-01
-1.3000e+02 1.1000e+02 4.1931e-02
-1.3000e+02 1.2000e+02 -2.5365e+00
-1.3000e+02 1.3000e+02 -6.5319e-01
-1.3000e+02 1.4000e+02 2.7439e+00
-1.3000e+02 1.5000e+02 -8.7909e-02
-1.3000e+02 1.6000e+02 6.9162e-01
-1.3000e+02 1.7000e+02 1.8141e+00
-1.3000e+02 1.8000e+02 2.8534e-02
-1.3000e+02 1.9000e+02 3.0202e+00
-1.3000e+02 2.0000e+02 -7.9163e-01
-1.2000e+02 -2.0000e+02 -8.6745e-01
-1.2000e+02 -1.9000e+02 -3.5628e-01
-1.2000e+02 -1.8000e+02 4.0231e+00
-1.2000e+02 -1.7000e+02 -1.6315e-01
-1.2000e+02 -1.6000e+02 -1.5833e+00
-1.2000e+02 -1.5000e+02 1.6131e+00
-1.2000e+02 -1.4000e+02 2.6977e-01
-1.2000e+02 -1.3000e+02 -2.4279e+00
-1.2000e+02 -1.2000e+02 2.8197e-01
-1.2000e+02 -1.1000e+02 -5.2924e-02
-1.2000e+02 -1.0000e+02 -9.3274e-01
-1.2000e+02 -9.0000e+01 1.2656e+00
-1.2000e+02 -8.0000e+01 -2.2113e+00
-1.2000e+02 -7.0000e+01 -1.9093e+00
-1.2000e+02 -6.0000e+01 4.9278e-02
-1.2000e+02 -5.0000e+01 2.3828e+00
-1.2000e+02 -4.0000e+01 -1.6834e+00
-1.2000e+02 -3.0000e+01 -7.9227e-01
-1.2000e+02 -2.0000e+01 -2.0044e+00
-1.2000e+02 -1.0000e+01 -2.4960e+00
-1.2000e+02 0.0000e+00 -2.0314e+00
-1.2000e+02 1.0000e+01 3.4859e-01
-1.2000e+02 2.0000e+01 -2.2881e+00
-1.2000e+02 3.0000e+01 -2.6902e+00
-1.2000e+02 4.0000e+01 -1.2340e+00
-1.2000e+02 5.0000e+01 -1.3973e+00
-1.2000e+02 6.0000e+01 7.7124e-01
-1.2000e+02 7.0000e+01 -2.5397e+00
-1.2000e+02 8.0000e+01 -2.7721e+00
-1.2000e+02 9.0000e+01 -3.8907e-01
-1.2000e+02 1.0000e+02 -2.4999e+00
-1.2000e+02 1.1000e+02 2.4498e-01
-1.2000e+02 1.2000e+02 -1.3656e+00
-1.2000e+02 1.3000e+02 -1.5670e-01
-1.2000e+02 1.4000e+02 -3.5213e-01
-1.2000e+02 1.5000e+02 2.6492e+00
-1.2000e+02 1.6000e+02 -3.3083e-02
-1.2000e+02 1.7000e+02 -1.1892e+00
-1.2000e+02 1.8000e+02 1.8106e-01
-1.2000e+02 1.9000e+02 7.0050e-01
-1.2000e+02 2.0000e+02 3.0261e+00
-1.1000e+02 -2.0000e+02 -5.5501e-01
-1.1000e+02 -1.9000e+02 -1.2519e+00
-1.1000e+02 -1.8000e+02 1.1480e+00
-1.1000e+02 -1.7000e+02 1.0238e+00
-1.1000e+02 -1.6000e+02 -3.0906e-01
-1.1000e+02 -1.5000e+02 -1.1355e+00
-1.1000e+02 -1.4000e+02 1.9977e-01
-1.1000e+02 -1.3000e+02 2.5682e+00
-1.1000e+02 -1.2000e+02 -2.4250e+00
-1.1000e+02 -1.1000e+02 -1.1953e-01
-1.1000e+02 -1.0000e+02 -2.3756e+00
-1.1000e+02 -9.0000e+01 -2.1262e+00
-1.1000e+02 -8.0000e+01 -4.1243e-02
-1.1000e+02 -7.0000e+01 -1.8821e+00
-1.1000e+02 -6.0000e+01 -2.1879e+00
-1.1000e+02 -5.0000e+01 -2.5806e+00
-1.1000e+02 -4.0000e+01 -3.5154e+00
-1.1000e+02 -3.0000e+01 -9.3990e-01
-1.1000e+02 -2.0000e+01 -3.0657e-01
-1.1000e+02 -1.0000e+01 -2.2540e+00
-1.1000e+02 0.0000e+00 -1.4342e+00
-1.1000e+02 1.0000e+01 -3.9570e+00
-1.1000e+02 2.0000e+01 -3.2447e+00
-1.1000e+02 3.0000e+01 8.5533e-01
-1.1000e+02 4.0000e+01 -3.7149e+00
-1.1000e+02 5.0000e+01 -1.3600e+00
-1.1000e+02 6.0000e+01 -1.0812e+00
-1.1000e+02 7.0000e+01 4.5581e-01
-1.1000e+02 8.0000e+01 -2.4546e+00
-1.1000e+02 9.0000e+01 -1.5962e+00
-1.1000e+02 1.0000e+02 2.3474e+00
-1.1000e+02 1.1000e+02 1.9328e+00
-1.1000e+02 1.2000e+02 -6.6856e-01
-1.1000e+02 1.3000e+02 -5.4221e-01
-1.1000e+02 1.4000e+02 3.8398e-01
-1.1000e+02 1.5000e+02 3.0763e+00
-1.1000e+02 1.6000e+02 -1.6168e+00
-1.1000e+02 1.7000e+02 -2.8252e-01
-1.1000e+02 1.8000e+02 2.0577e-01
-1.1000e+02 1.9000e+02 1.6587e+00
-1.1000e+02 2.0000e+02 -2.4906e+00
-1.0000e+02 -2.0000e+02 -3.5502e+00
-1.0000e+02 -1.9000e+02 -9.7566e-01
-1.0000e+02 -1.8000e+02 4.5532e-01
-1.0000e+02 -1.7000e+02 -1.3275e+00
-1.0000e+02 -1.6000e+02 -3.2636e-01
-1.0000e+02 -1.5000e+02 6.1183e-01
-1.0000e+02 -1.4000e+02 1.1491e+00
-1.0000e+02 -1.3000e+02 -1.2940e+00
-1.0000e+02 -1.2000e+02 -1.7064e+00
-1.0000e+02 -1.1000e+02 -2.6733e+00
-1.0000e+02 -1.0000e+02 2.0097e+00
-1.0000e+02 -9.0000e+01 -2.0335e+00
-1.0000e+02 -8.0000e+01 -2.1589e+00
-1.0000e+02 -7.0000e+01 -3.8681e+00
-1.0000e+02 -6.0000e+01 -2.3224e+00
-1.0000e+02 -5.0000e+01 1.8544e-01
-1.0000e+02 -4.0000e+01 -1.9831e+00
-1.0000e+02 -3.0000e+01 -2.7722e+00
-1.0000e+02 -2.0000e+01 -3.0887e+00
-1.0000e+02 -1.0000e+01 -3.3298e+00
-1.0000e+02 0.0000e+00 -4.3581e+00
-1.0000e+02 1.0000e+01 -3.7439e-01
-1.0000e+02 2.0000e+01 -1.5536e+00
-1.0000e+02 3.0000e+01 -2.0818e+00
-1.0000e+02 4.0000e+01 -1.7543e+00
-1.0000e+02 5.0000e+01 -2.5451e+00
-1.0000e+02 6.0000e+01 -3.5023e-01
-1.0000e+02 7.0000e+01 -1.4510e+00
-1.0000e+02 8.0000e+01 -2.1998e+00
-1.0000e+02 9.0000e+01 1.0328e+00
-1.0000e+02 1.0000e+02 2.5545e+00
-1.0000e+02 1.1000e+02 6.2016e-01
-1.0000e+02 1.2000e+02 7.9633e-02
-1.0000e+02 1.3000e+02 -1.0031e+00
-1.0000e+02 1.4000e+02 -2.4770e-01
-1.0000e+02 1.5000e+02 -7.7371e-01
-1.0000e+02 1.6000e+02 1.4709e+00
-1.0000e+02 1.7000e+02 1.5066e+00
-1.0000e+02 1.8000e+02 -1.3262e+00
-1.0000e+02 1.9000e+02 2.3456e+00
-1.0000e+02 2.0000e+02 3.2768e+00
-9.0000e+01 -2.0000e+02 -1.6233e-01
-9.0000e+01 -1.9000e+02 3.0852e+00
-9.0000e+01 -1.8000e+02 -2.5544e+00
-9.0000e+01 -1.7000e+02 8.2832e-01
-9.0000e+01 -1.6000e+02 -9.8570e-01
-9.0000e+01 -1.5000e+02 3.9005e-01
-9.0000e+01 -1.4000e+02 1.7945e+00
-9.0000e+01 -1.3000e+02 1.2643e+00
-9.0000e+01 -1.2000e+02 -9.5576e-01
-9.0000e+01 -1.1000e+02 5.8917e-01
-9.0000e+01 -1.0000e+02 3.4777e-01
-9.0000e+01 -9.0000e+01 -2.7455e+00
-9.0000e+01 -8.0000e+01 -1.3487e+00
-9.0000e+01 -7.0000e+01 -3.0502e+00
-9.0000e+01 -6.0000e+01 -1.4597e+00
-9.0000e+01 -5.0000e+01 -2.1081e+00
-9.0000e+01 -4.0000e+01 -3.0730e+00
-9.0000e+01 -3.0000e+01 -2.6407e+00
-9.0000e+01 -2.0000e+01 -4.0485e+00
-9.0000e+01 -1.0000e+01 -1.1652e+00
-9.0000e+01 0.0000e+00 -3.6474e+00
-9.0000e+01 1.0000e+01 -2.7362e+00
-9.0000e+01 2.0000e+01 -3.2042e+00
-9.0000e+01 3.0000e+01 -2.0530e+00
-9.0000e+01 4.0000e+01 -4.0675e+00
-9.0000e+01 5.0000e+01 -1.5432e+00
-9.0000e+01 6.0000e+01 -2.4265e+00
-9.0000e+01 7.0000e+01 -3.0468e+00
-9.0000e+01 8.0000e+01 -1.8093e+00
-9.0000e+01 9.0000e+01 2.6288e-01
-9.0000e+01 1.0000e+02 -1.4195e+00
-9.0000e+01 1.1000e+02 -3.1425e+00
-9.0000e+01 1.2000e+02 -3.0137e+00
-9.0000e+01 1.3000e+02 -1.2951e+00
-9.0000e+01 1.4000e+02 7.8162e-01
-9.0000e+01 1.5000e+02 -2.3053e+00
-9.0000e+01 1.6000e+02 -1.2135e-01
-9.0000e+01 1.7000e+02 2.2568e+00
-9.0000e+01 1.8000e+02 -1.3347e-04
-9.0000e+01 1.9000e+02 1.6857e+00
-9.0000e+01 2.0000e+02 -4.7539e-01
-8.0000e+01 -2.0000e+02 -6.3342e-01
-8.0000e+01 -1.9000e+02 2.2318e-01
-8.0000e+01 -1.8000e+02 -9.3163e-01
-8.0000e+01 -1.7000e+02 -1.3198e+00
-8.0000e+01 -1.6000e+02 -1.7062e+00
-8.0000e+01 -1.5000e+02 3.6146e-01
-8.0000e+01 -1.4000e+02 -1.1976e+00
-8.0000e+01 -1.3000e+02 -7.0566e-02
-8.0000e+01 -1.2000e+02 -2.2109e+00
-8.0000e+01 -1.1000e+02 -2.3990e+00
-8.0000e+01 -1.0000e+02 -9.7815e-01
-8.0000e+01 -9.0000e+01 -4.8652e+00
-8.0000e+01 -8.0000e+01 -2.9049e+00
-8.0000e+01 -7.0000e+01 -1.8106e+00
-8.0000e+01 -6.0000e+01 -3.5859e-01
-8.0000e+01 -5.0000e+01 -2.2890e+00
-8.0000e+01 -4.0000e+01 -5.7260e+00
-8.0000e+01 -3.0000e+01 -6.2525e+00
-8.0000e+01 -2.0000e+01 -4.7080e+00
-8.0000e+01 -1.0000e+01 -5.2514e+00
-8.0000e+01 0.0000e+00 -6.9230e+00
-8.0000e+01 1.0000e+01 -2.3724e+00
-8.0000e+01 2.0000e+01 -2.1496e+00
-8.0000e+01 3.0000e+01 -6.1349e+00
-8.0000e+01 4.0000e+01 -3.2933e+00
-8.0000e+01 5.0000e+01 -3.2248e+00
-8.0000e+01 6.0000e+01 -5.7159e+00
-8.0000e+01 7.0000e+01 -2.1560e+00
-8.0000e+01 8.0000e+01 -7.9709e-01
-8.0000e+01 9.0000e+01 2.0934e-01
-8.0000e+01 1.0000e+02 6.1877e-01
-8.0000e+01 1.1000e+02 -6.4495e-01
-8.0000e+01 1.2000e+02 9.1908e-01
-8.0000e+01 1.3000e+02 1.2981e+00
-8.0000e+01 1.4000e+02 -1.4807e+00
-8.0000e+01 1.5000e+02 -1.4923e-02
-8.0000e+01 1.6000e+02 -3.5742e-02
-8.0000e+01 1.7000e+02 8.2526e-01
-8.0000e+01 1.8000e+02 -2.9655e-01
-8.0000e+01 1.9000e+02 3.6258e-01
-8.0000e+01 2.0000e+02 1.8029e-01
-7.0000e+01 -2.0000e+02 -3.2185e+00
-7.0000e+01 -1.9000e+02 2.1986e+00
-7.0000e+01 -1.8000e+02 2.4384e-01
-7.0000e+01 -1.7000e+02 1.3508e-01
-7.0000e+01 -1.6000e+02 1.9679e+00
-7.0000e+01 -1.5000e+02 9.1141e-01
-7.0000e+01 -1.4000e+02 2.0668e+00
-7.0000e+01 -1.3000e+02 2.1894e-01
-7.0000e+01 -1.2000e+02 6.2924e-01
-7.0000e+01 -1.1000e+02 -2.1573e+00
-7.0000e+01 -1.0000e+02 5.7872e-01
-7.0000e+01 -9.0000e+01 6.8982e-01
-7.0000e+01 -8.0000e+01 -1.9428e+00
-7.0000e+01 -7.0000e+01 -2.1973e+00
-7.0000e+01 -6.0000e+01 -6.0358e+00
-7.0000e+01 -5.0000e+01 -5.1653e+00
-7.0000e+01 -4.0000e+01 -3.0467e+00
-7.0000e+01 -3.0000e+01 -5.2748e+00
-7.0000e+01 -2.0000e+01 -4.8174e+00
-7.0000e+01 -1.0000e+01 -7.7148e+00
-7.0000e+01 0.0000e+00 -7.8494e+00
-7.0000e+01 1.0000e+01 -8.7348e+00
-7.0000e+01 2.0000e+01 -5.9985e+00
-7.0000e+01 3.0000e+01 -4.1768e+00
-7.0000e+01 4.0000e+01 -8.7774e+00
-7.0000e+01 5.0000e+01 -6.4413e+00
-7.0000e+01 6.0000e+01 -2.4901e+00
-7.0000e+01 7.0000e+01 -1.9932e+00
-7.0000e+01 8.0000e+01 -2.4728e+00
-7.0000e+01 9.0000e+01 -9.6896e-01
-7.0000e+01 1.0000e+02 8.4161e-01
-7.0000e+01 1.1000e+02 -2.2885e+00
-7.0000e+01 1.2000e+02 -3.9649e-01
-7.0000e+01 1.3000e+02 -7.8978e-01
-7.0000e+01 1.4000e+02 2.1800e-01
-7.0000e+01 1.5000e+02 1.6039e+00
-7.0000e+01 1.6000e+02 -2.5254e-01
-7.0000e+01 1.7000e+02 -9.3941e-01
-7.0000e+01 1.8000e+02 -6.8118e-01
-7.0000e+01 1.9000e+02 1.9132e+00
-7.0000e+01 2.0000e+02 1.3243e+00
-6.0000e+01 -2.0000e+02 7.0381e-01
-6.0000e+01 -1.9000e+02 -1.2330e-01
-6.0000e+01 -1.8000e+02 -1.4486e+00
-6.0000e+01 -1.7000e+02 -3.4724e-01
-6.0000e+01 -1.6000e+02 -2.5876e-01
-6.0000e+01 -1.5000e+02 1.5714e+00
-6.0000e+01 -1.4000e+02 -1.6600e+00
-6.0000e+01 -1.3000e+02 -3.7723e-03
-6.0000e+01 -1.2000e+02 -3.5301e+00
-6.0000e+01 -1.1000e+02 -8.5520e-02
-6.0000e+01 -1.0000e+02 -2.4562e-01
-6.0000e+01 -9.0000e+01 -1.0102e+00
-6.0000e+01 -8.0000e+01 -1.6986e+00
-6.0000e+01 -7.0000e+01 -2.7997e+00
-6.0000e+01 -6.0000e+01 -6.7322e+00
-6.0000e+01 -5.0000e+01 -4.7300e+00
-6.0000e+01 -4.0000e+01 -6.7805e+00
-6.0000e+01 -3.0000e+01 -5.6241e+00
-6.0000e+01 -2.0000e+01 -6.4155e+00
-6.0000e+01 -1.0000e+01 -6.4878e+00
-6.0000e+01 0.0000e+00 -7.4851e+00
-6.0000e+01 1.0000e+01 -6.7567e+00
-6.0000e+01 2.0000e+01 -8.5096e+00
-6.0000e+01 3.0000e+01 -8.0674e+00
-6.0000e+01 4.0000e+01 -7.1108e+00
-6.0000e+01 5.0000e+01 -7.8001e+00
-6.0000e+01 6.0000e+01 -5.7965e+00
-6.0000e+01 7.0000e+01 -4.4997e+00
-6.0000e+01 8.0000e+01 -2.2666e+00
-6.0000e+01 9.0000e+01 -1.6757e+00
-6.0000e+01 1.0000e+02 1.9381e+00
-6.0000e+01 1.1000e+02 -1.7894e+00
-6.0000e+01 1.2000e+02 -3.9373e-01
-6.0000e+01 1.3000e+02 2.6054e+00
-6.0000e+01 1.4000e+02 -1.1214e-01
-6.0000e+01 1.5000e+02 2.1439e+00
-6.0000e+01 1.6000e+02 -3.0586e+00
-6.0000e+01 1.7000e+02 2.3897e-01
-6.0000e+01 1.8000e+02 -1.4798e+00
-6.0000e+01 1.9000e+02 1.1690e+00
-6.0000e+01 2.0000e+02 -1.4782e+00
-5.0000e+01 -2.0000e+02 3.2802e+00
-5.0000e+01 -1.9000e+02 1.4961e-01
-5.0000e+01 -1.8000e+02 2.9634e+00
-5.0000e+01 -1.7000e+02 3.9586e-01
-5.0000e+01 -1.6000e+02 -1.3969e+00
-5.0000e+01 -1.5000e+02 6.8569e-01
-5.0000e+01 -1.4000e+02 1.9505e-01
-5.0000e+01 -1.3000e+02 -1.1502e+00
-5.0000e+01 -1.2000e+02 -3.4029e+00
-5.0000e+01 -1.1000e+02 -3.1850e+00
-5.0000e+01 -1.0000e+02 1.0535e+00
-5.0000e+01 -9.0000e+01 -3.6009e+00
-5.0000e+01 -8.0000e+01 -5.1061e+00
-5.0000e+01 -7.0000e+01 -1.2084e+00
-5.0000e+01 -6.0000e+01 -5.1821e+00
-5.0000e+01 -5.0000e+01 -1.0220e+01
-5.0000e+01 -4.0000e+01 -9.3157e+00
-5.0000e+01 -3.0000e+01 -9.2138e+00
-5.0000e+01 -2.0000e+01 -9.9263e+00
-5.0000e+01 -1.0000e+01 -8.6127e+00
-5.0000e+01 0.0000e+00 -1.0723e+01
-5.0000e+01 1.0000e+01 -8.8971e+00
-5.0000e+01 2.0000e+01 -8.1941e+00
-5.0000e+01 3.0000e+01 -9.2929e+00
-5.0000e+01 4.0000e+01 -7.4608e+00
-5.0000e+01 5.0000e+01 -6.8683e+00
-5.0000e+01 6.0000e+01 -3.7905e+00
-5.0000e+01 7.0000e+01 -4.4726e+00
-5.0000e+01 8.0000e+01 -3.2852e+00
-5.0000e+01 9.0000e+01 -1.6228e+00
-5.0000e+01 1.0000e+02 -1.4022e+00
-5.0000e+01 1.1000e+02 -1.4333e+00
-5.0000e+01 1.2000e+02 5.6598e-01
-5.0000e+01 1.3000e+02 -3.2745e-01
-5.0000e+01 1.4000e+02 -1.7344e+00
-5.0000e+01 1.5000e+02 -6.6698e-01
-5.0000e+01 1.6000e+02 5.8432e-01
-5.0000e+01 1.7000e+02 7.7408e-01
-5.0000e+01 1.8000e+02 1.1090e+00
-5.0000e+01 1.9000e+02 5.3207e-02
-5.0000e+01 2.0000e+02 -4.2313e+00
-4.0000e+01 -2.0000e+02 -1.3791e+00
-4.0000e+01 -1.9000e+02 7.0920e-01
-4.0000e+01 -1.8000e+02 -3.3835e+00
-4.0000e+01 -1.7000e+02 -1.0754e+00
-4.0000e+01 -1.6000e+02 -3.3583e-01
-4.0000e+01 -1.5000e+02 -5.6700e-01
-4.0000e+01 -1.4000e+02 -2.7864e-01
-4.0000e+01 -1.3000e+02 -7.8963e-01
-4.0000e+01 -1.2000e+02 -1.8563e+00
-4.0000e+01 -1.1000e+02 -9.3136e-01
-4.0000e+01 -1.0000e+02 -2.4321e+00
-4.0000e+01 -9.0000e+01 -2.0097e+00
-4.0000e+01 -8.0000e+01 -5.2177e+00
-4.0000e+01 -7.0000e+01 -4.3953e+00
-4.0000e+01 -6.0000e+01 -8.4788e+00
-4.0000e+01 -5.0000e+01 -8.8296e+00
-4.0000e+01 -4.0000e+01 -9.8346e+00
-4.0000e+01 -3.0000e+01 -1.1159e+01
-4.0000e+01 -2.0000e+01 -1.1273e+01
-4.0000e+01 -1.0000e+01 -1.0605e+01
-4.0000e+01 0.0000e+00 -1.1018e+01
-4.0000e+01 1.0000e+01 -1.1959e+01
-4.0000e+01 2.0000e+01 -1.1699e+01
-4.0000e+01 3.0000e+01 -9.1184e+00
-4.0000e+01 4.0000e+01 -9.0038e+00
-4.0000e+01 5.0000e+01 -7.6459e+00
-4.0000e+01 6.0000e+01 -4.3980e+00
-4.0000e+01 7.0000e+01 -5.9017e+00
-4.0000e+01 8.0000e+01 -2.2160e+00
-4.0000e+01 9.0000e+01 -1.4534e+00
-4.0000e+01 1.0000e+02 -3.2484e+00
-4.0000e+01 1.1000e+02 6.7247e-01
-4.0000e+01 1.2000e+02 1.2613e-01
-4.0000e+01 1.3000e+02 -9.5102e-01
-4.0000e+01 1.4000e+02 2.1129e+00
-4.0000e+01 1.5000e+02 3.5561e-01
-4.0000e+01 1.6000e+02 -1.7901e+00
-4.0000e+01 1.7000e+02 -8.3896e-01
-4.0000e+01 1.8000e+02 1.1644e+00
-4.0000e+01 1.9000e+02 3.5952e-02
-4.0000e+01 2.0000e+02 3.4717e+00
-3.0000e+01 -2.0000e+02 -2.0428e+00
-3.0000e+01 -1.9000e+02 -2.0592e+00
-3.0000e+01 -1.8000e+02 -1.0665e+00
-3.0000e+01 -1.7000e+02 -6.4669e-01
-3.0000e+01 -1.6000e+02 2.2592e+00
-3.0000e+01 -1.5000e+02 1.9803e+00
-3.0000e+01 -1.4000e+02 -2.1280e+00
-3.0000e+01 -1.3000e+02 8.1463e-01
-3.0000e+01 -1.2000e+02 -4.9057e+00
-3.0000e+01 -1.1000e+02 -2.9777e+00
-3.0000e+01 -1.0000e+02 -1.3367e+00
-3.0000e+01 -9.0000e+01 -7.0626e-01
-3.0000e+01 -8.0000e+01 -4.2737e+00
-3.0000e+01 -7.0000e+01 -7.3576e+00
-3.0000e+01 -6.0000e+01 -8.2491e+00
-3.0000e+01 -5.0000e+01 -9.6813e+00
-3.0000e+01 -4.0000e+01 -1.1057e+01
-3.0000e+01 -3.0000e+01 -1.1446e+01
-3.0000e+01 -2.0000e+01 -1.4872e+01
-3.0000e+01 -1.0000e+01 -1.0196e+01
-3.0000e+01 0.0000e+00 -1.1742e+01
-3.0000e+01 1.0000e+01 -1.3242e+01
-3.0000e+01 2.0000e+01 -1.3151e+01
-3.0000e+01 3.0000e+01 -1.1494e+01
-3.0000e+01 4.0000e+01 -1.0910e+01
-3.0000e+01 5.0000e+01 -8.7663e+00
-3.0000e+01 6.0000e+01 -1.0507e+01
-3.0000e+01 7.0000e+01 -5.0537e+00
-3.0000e+01 8.0000e+01 -5.4947e+00
-3.0000e+01 9.0000e+01 -3.8964e+00
-3.0000e+01 1.0000e+02 -2.8421e+00
-3.0000e+01 1.1000e+02 -2.7982e+00
-3.0000e+01 1.2000e+02 -8.0443e-01
-3.0000e+01 1.3000e+02 -2.0186e+00
-3.0000e+01 1.4000e+02 -1.6986e-01
-3.0000e+01 1.5000e+02 -2.6251e+00
-3.0000e+01 1.6000e+02 -1.7996e+00
-3.0000e+01 1.7000e+02 2.7564e-01
-3.0000e+01 1.8000e+02 4.3580e-01
-3.0000e+01 1.9000e+02 -3.4192e-01
-3.0000e+01 2.0000e+02 -1.4273e+00
-2.0000e+01 -2.0000e+02 -1.3771e-01
-2.0000e+01 -1.9000e+02 -2.0376e+00
-2.0000e+01 -1.8000e+02 -2.8762e-01
-2.0000e+01 -1.7000e+02 -5.0795e+00
-2.0000e+01 -1.6000e+02 9.2636e-02
-2.0000e+01 -1.5000e+02 2.4953e-01
-2.0000e+01 -1.4000e+02 -1.7723e+00
-2.0000e+01 -1.3000e+02 -4.1352e-01
-2.0000e+01 -1.2000e+02 -6.4879e-02
-2.0000e+01 -1.1000e+02 1.9142e-01
-2.0000e+01 -1.0000e+02 -3.4963e+00
-2.0000e+01 -9.0000e+01 -2.3036e+00
-2.0000e+01 -8.0000e+01 -6.7569e+00
-2.0000e+01 -7.0000e+01 -6.7737e+00
-2.0000e+01 -6.0000e+01 -6.3061e+00
-2.0000e+01 -5.0000e+01 -1.1343e+01
-2.0000e+01 -4.0000e+01 -1.1734e+01
-2.0000e+01 -3.0000e+01 -1.2120e+01
-2.0000e+01 -2.0000e+01 -1.2366e+01
-2.0000e+01 -1.0000e+01 -1.5815e+01
-2.0000e+01 0.0000e+00 -1.2999e+01
-2.0000e+01 1.0000e+01 -1.1995e+01
-2.0000e+01 2.0000e+01 -1.2732e+01
-2.0000e+01 3.0000e+01 -1.1977e+01
-2.0000e+01 4.0000e+01 -1.0250e+01
-2.0000e+01 5.0000e+01 -1.0353e+01
-2.0000e+01 6.0000e+01 -6.9502e+00
-2.0000e+01 7.0000e+01 -4.5974e+00
-2.0000e+01 8.0000e+01 -5.8888e+00
-2.0000e+01 9.0000e+01 -3.8921e+00
-2.0000e+01 1.0000e+02 -2.4567e+00
-2.0000e+01 1.1000e+02 -4.9217e+00
-2.0000e+01 1.2000e+02 -4.0384e-01
-2.0000e+01 1.3000e+02 -1.6869e+00
-2.0000e+01 1.4000e+02 1.0964e+00
-2.0000e+01 1.5000e+02 2.3331e-01
-2.0000e+01 1.6000e+02 -2.9761e-01
-2.0000e+01 1.7000e+02 -3.7155e+00
-2.0000e+01 1.8000e+02 -1.4243e+00
-2.0000e+01 1.9000e+02 6.9517e-01
-2.0000e+01 2.0000e+02 1.2076e+00
-1.0000e+01 -2.0000e+02 3.3106e-01
-1.0000e+01 -1.9000e+02 -1.0167e+00
-1.0000e+01 -1.8000e+02 -1.5774e+00
-1.0000e+01 -1.7000e+02 -1.2609e+00
-1.0000e+01 -1.6000e+02 2.6510e+00
-1.0000e+01 -1.5000e+02 -1.5767e+00
-1.0000e+01 -1.4000e+02 2.3894e+00
-1.0000e+01 -1.3000e+02 -8.8078e-01
-1.0000e+01 -1.2000e+02 -2.2721e-01
-1.0000e+01 -1.1000e+02 -2.9441e+00
-1.0000e+01 -1.0000e+02 1.2808e+00
-1.0000e+01 -9.0000e+01 -5.0740e+00
-1.0000e+01 -8.0000e+01 -2.7124e+00
-1.0000e+01 -7.0000e+01 -7.0176e+00
-1.0000e+01 -6.0000e+01 -9.2988e+00
-1.0000e+01 -5.0000e+01 -1.0348e+01
-1.0000e+01 -4.0000e+01 -8.2872e+00
-1.0000e+01 -3.0000e+01 -1.3531e+01
-1.0000e+01 -2.0000e+01 -1.3555e+01
-1.0000e+01 -1.0000e+01 -1.5266e+01
-1.0000e+01 0.0000e+00 -1.4551e+01
-1.0000e+01 1.0000e+01 -1.5735e+01
-1.0000e+01 2.0000e+01 -1.2751e+01
-1.0000e+01 3.0000e+01 -1.2121e+01
-1.0000e+01 4.0000e+01 -1.2830e+01
-1.0000e+01 5.0000e+01 -1.1420e+01
-1.0000e+01 6.0000e+01 -9.1546e+00
-1.0000e+01 7.0000e+01 -8.0089e+00
-1.0000e+01 8.0000e+01 -6.1025e+00
-1.0000e+01 9.0000e+01 -5.4779e+00
-1.0000e+01 1.0000e+02 -4.3663e+00
-1.0000e+01 1.1000e+02 -1.4929e+00
-1.0000e+01 1.2000e+02 -1.9422e+00
-1.0000e+01 1.3000e+02 -4.1830e+00
-1.0000e+01 1.4000e+02 4.5573e-01
-1.0000e+01 1.5000e+02 -2.8360e+00
-1.0000e+01 1.6000e+02 7.2710e-01
-1.0000e+01 1.7000e+02 3.0308e+00
-1.0000e+01 1.8000e+02 2.4044e+00
-1.0000e+01 1.9000e+02 1.9668e-01
-1.0000e+01 2.0000e+02 -2.2742e+00
0.0000e+00 -2.0000e+02 9.9174e-01
0.0000e+00 -1.9000e+02 6.7836e-01
0.0000e+00 -1.8000e+02 1.0854e-01
0.0000e+00 -1.7000e+02 -2.7440e-01
0.0000e+00 -1.6000e+02 -1.0683e+00
0.0000e+00 -1.5000e+02 8.2319e-01
0.0000e+00 -1.4000e+02 -2.3921e+00
0.0000e+00 -1.3000e+02 -7.7718e-01
0.0000e+00 -1.2000e+02 -2.2549e+00
0.0000e+00 -1.1000e+02 -3.7253e+00
0.0000e+00 -1.0000e+02 -2.2393e+00
0.0000e+00 -9.0000e+01 -4.3994e+00
0.0000e+00 -8.0000e+01 -6.5684e+00
0.0000e+00 -7.0000e+01 -5.6473e+00
0.0000e+00 -6.0000e+01 -8.0562e+00
0.0000e+00 -5.0000e+01 -9.9230e+00
0.0000e+00 -4.0000e+01 -1.1021e+01
0.0000e+00 -3.0000e+01 -1.4281e+01
0.0000e+00 -2.0000e+01 -1.5966e+01
0.0000e+00 -1.0000e+01 -1.6267e+01
0.0000e+00 0.0000e+00 -1.2803e+01
0.0000e+00 1.0000e+01 -1.5491e+01
0.0000e+00 2.0000e+01 -1.0939e+01
0.0000e+00 3.0000e+01 -1.4014e+01
0.0000e+00 4.0000e+01 -1.1427e+01
0.0000e+00 5.0000e+01 -1.1719e+01
0.0000e+00 6.0000e+01 -7.7970e+00
0.0000e+00 7.0000e+01 -5.7845e+00
0.0000e+00 8.0000e+01 -4.3490e+00
0.0000e+00 9.0000e+01 -3.2606e+00
0.0000e+00 1.0000e+02 -3.3703e+00
0.0000e+00 1.1000e+02 1.0697e-01
0.0000e+00 1.2000e+02 -1.3306e+00
0.0000e+00 1.3000e+02 -2.1865e+00
0.0000e+00 1.4000e+02 -2.8232e-01
0.0000e+00 1.5000e+02 1.4470e+00
0.0000e+00 1.6000e+02 -5.1324e-01
0.0000e+00 1.7000e+02 -5.8240e-01
0.0000e+00 1.8000e+02 3.3588e-01
0.0000e+00 1.9000e+02 -9.5747e-02
0.0000e+00 2.0000e+02 -1.7737e+00
1.0000e+01 -2.0000e+02 6.2777e-01
1.0000e+01 -1.9000e+02 8.0046e-01
1.0000e+01 -1.8000e+02 -9.9084e-01
1.0000e+01 -1.7000e+02 -3.2100e-01
1.0000e+01 -1.6000e+02 2.0753e+00
1.0000e+01 -1.5000e+02 -9.6526e-01
1.0000e+01 -1.4000e+02 -1.7047e+00
1.0000e+01 -1.3000e+02 -1.8806e+00
1.0000e+01 -1.2000e+02 -3.4507e+00
1.0000e+01 -1.1000e+02 -1.6530e+00
1.0000e+01 -1.0000e+02 -1.9694e+00
1.0000e+01 -9.0000e+01 -4.8797e+00
1.0000e+01 -8.0000e+01 -7.1678e+00
1.0000e+01 -7.0000e+01 -6.0553e+00
1.0000e+01 -6.0000e+01 -7.5087e+00
1.0000e+01 -5.0000e+01 -1.0145e+01
1.0000e+01 -4.0000e+01 -1.4209e+01
1.0000e+01 -3.0000e+01 -1.1223e+01
1.0000e+01 -2.0000e+01 -1.4452e+01
1.0000e+01 -1.0000e+01 -1.1369e+01
1.0000e+01 0.0000e+00 -1.5198e+01
1.0000e+01 1.0000e+01 -1.7610e+01
1.0000e+01 2.0000e+01 -1.5363e+01
1.0000e+01 3.0000e+01 -1.3177e+01
1.0000e+01 4.0000e+01 -9.2662e+00
1.0000e+01 5.0000e+01 -1.0276e+01
1.0000e+01 6.0000e+01 -8.3672e+00
1.0000e+01 7.0000e+01 -5.5123e+00
1.0000e+01 8.0000e+01 -6.7883e+00
1.0000e+01 9.0000e+01 -3.3226e+00
1.0000e+01 1.0000e+02 -4.5628e+00
1.0000e+01 1.1000e+02 -3.6804e+00
1.0000e+01 1.2000e+02 -4.6679e+00
1.0000e+01 1.3000e+02 9.1949e-02
1.0000e+01 1.4000e+02 -2.0358e+00
1.0000e+01 1.5000e+02 -3.6719e-01
1.0000e+01 1.6000e+02 -1.3275e+00
1.0000e+01 1.7000e+02 1.2394e+00
1.0000e+01 1.8000e+02 4.7346e-01
1.0000e+01 1.9000e+02 7.2053e-01
1.0000e+01 2.0000e+02 1.5847e+00
2.0000e+01 -2.0000e+02 -2.0791e+00
2.0000e+01 -1.9000e+02 1.9878e+00
2.0000e+01 -1.8000e+02 -2.3720e+00
2.0000e+01 -1.7000e+02 -1.5433e+00
2.0000e+01 -1.6000e+02 -5.1136e-01
2.0000e+01 -1.5000e+02 8.8408e-01
2.0000e+01 -1.4000e+02 -5.8371e-01
2.0000e+01 -1.3000e+02 -1.7001e+00
2.0000e+01 -1.2000e+02 -2.7994e+00
2.0000e+01 -1.1000e+02 -1.1130e-01
2.0000e+01 -1.0000e+02 -2.9337e+00
2.0000e+01 -9.0000e+01 -4.5489e+00
2.0000e+01 -8.0000e+01 -6.3252e+00
2.0000e+01 -7.0000e+01 -7.8879e+00
2.0000e+01 -6.0000e+01 -7.1807e+00
2.0000e+01 -5.0000e+01 -9.0240e+00
2.0000e+01 -4.0000e+01 -1.1710e+01
2.0000e+01 -3.0000e+01 -1.0927e+01
2.0000e+01 -2.0000e+01 -1.5305e+01
2.0000e+01 -1.0000e+01 -1.6364e+01
2.0000e+01 0.0000e+00 -1.6528e+01
2.0000e+01 1.0000e+01 -1.4158e+01
2.0000e+01 2.0000e+01 -1.5685e+01
2.0000e+01 3.0000e+01 -1.2392e+01
2.0000e+01 4.0000e+01 -9.3433e+00
2.0000e+01 5.0000e+01 -9.8325e+00
2.0000e+01 6.0000e+01 -4.8074e+00
2.0000e+01 7.0000e+01 -7.3733e+00
2.0000e+01 8.0000e+01 -6.8336e+00
2.0000e+01 9.0000e+01 -4.0783e+00
2.0000e+01 1.0000e+02 -1.0932e+00
2.0000e+01 1.1000e+02 -1.5033e+00
2.0000e+01 1.2000e+02 -2.7304e+00
2.0000e+01 1.3000e+02 -3.9017e+00
2.0000e+01 1.4000e+02 6.2179e-02
2.0000e+01 1.5000e+02 5.2696e-01
2.0000e+01 1.6000e+02 -2.1199e+00
2.0000e+01 1.7000e+02 -1.2650e+00
2.0000e+01 1.8000e+02 1.1866e+00
2.0000e+01 1.9000e+02 -2.5525e+00
2.0000e+01 2.0000e+02 8.8231e-01
3.0000e+01 -2.0000e+02 1.6378e-01
3.0000e+01 -1.9000e+02 -5.9547e-01
3.0000e+01 -1.8000e+02 -2.4137e+00
3.0000e+01 -1.7000e+02 2.2055e+00
3.0000e+01 -1.6000e+02 1.2724e+00
3.0000e+01 -1.5000e+02 -6.0465e-01
3.0000e+01 -1.4000e+02 -1.5771e-01
3.0000e+01 -1.3000e+02 -1.3816e+00
3.0000e+01 -1.2000e+02 -2.3734e+00
3.0000e+01 -1.1000e+02 -3.8300e+00
3.0000e+01 -1.0000e+02 -3.3890e+00
3.0000e+01 -9.0000e+01 -1.8203e+00
3.0000e+01 -8.0000e+01 -5.3457e+00
3.0000e+01 -7.0000e+01 -4.7148e+00
3.0000e+01 -6.0000e+01 -6.4341e+00
3.0000e+01 -5.0000e+01 -7.0528e+00
3.0000e+01 -4.0000e+01 -1.2154e+01
3.0000e+01 -3.0000e+01 -1.3823e+01
3.0000e+01 -2.0000e+01 -1.3658e+01
3.0000e+01 -1.0000e+01 -1.1703e+01
3.0000e+01 0.0000e+00 -1.1312e+01
3.0000e+01 1.0000e+01 -1.3448e+01
3.0000e+01 2.0000e+01 -1.4174e+01
3.0000e+01 3.0000e+01 -1.1934e+01
3.0000e+01 4.0000e+01 -8.1220e+00
3.0000e+01 5.0000e+01 -9.8934e+00
3.0000e+01 6.0000e+01 -7.7928e+00
3.0000e+01 7.0000e+01 -7.5276e+00
3.0000e+01 8.0000e+01 -5.4789e+00
3.0000e+01 9.0000e+01 -2.6196e+00
3.0000e+01 1.0000e+02 7.6402e-01
3.0000e+01 1.1000e+02 -4.3604e+00
3.0000e+01 1.2000e+02 -7.3753e-01
3.0000e+01 1.3000e+02 -9.6402e-01
3.0000e+01 1.4000e+02 -4.4067e-01
3.0000e+01 1.5000e+02 1.8406e-01
3.0000e+01 1.6000e+02 -4.2671e+00
3.0000e+01 1.7000e+02 -1.1958e+00
3.0000e+01 1.8000e+02 -1.4559e+00
3.0000e+01 1.9000e+02 4.6814e-01
3.0000e+01 2.0000e+02 -6.1428e-01
4.0000e+01 -2.0000e+02 -7.5397e-01
4.0000e+01 -1.9000e+02 -1.4392e+00
4.0000e+01 -1.8000e+02 -6.5395e-01
4.0000e+01 -1.7000e+02 1.2585e+00
4.0000e+01 -1.6000e+02 -2.8192e-01
4.0000e+01 -1.5000e+02 -2.0346e+00
4.0000e+01 -1.4000e+02 2.6806e-01
4.0000e+01 -1.3000e+02 -4.5454e-01
4.0000e+01 -1.2000e+02 -2.6897e-01
4.0000e+01 -1.1000e+02 -1.2896e-01
4.0000e+01 -1.0000e+02 -5.3894e+00
4.0000e+01 -9.0000e+01 -4.6428e+00
4.0000e+01 -8.0000e+01 -3.6860e+00
4.0000e+01 -7.0000e+01 -6.7246e+00
4.0000e+01 -6.0000e+01 -6.1767e+00
4.0000e+01 -5.0000e+01 -8.9494e+00
4.0000e+01 -4.0000e+01 -9.3538e+00
4.0000e+01 -3.0000e+01 -7.4691e+00
4.0000e+01 -2.0000e+01 -7.3555e+00
4.0000e+01 -1.0000e+01 -1.0938e+01
4.0000e+01 0.0000e+00 -9.8001e+00
4.0000e+01 1.0000e+01 -1.2109e+01
4.0000e+01 2.0000e+01 -9.3946e+00
4.0000e+01 3.0000e+01 -9.9241e+00
4.0000e+01 4.0000e+01 -6.4519e+00
4.0000e+01 5.0000e+01 -8.7432e+00
4.0000e+01 6.0000e+01 -6.3086e+00
4.0000e+01 7.0000e+01 -2.5928e+00
4.0000e+01 8.0000e+01 -1.6947e+00
4.0000e+01 9.0000e+01 -3.2545e+00
4.0000e+01 1.0000e+02 -3.4397e+00
4.0000e+01 1.1000e+02 -4.1036e-01
4.0000e+01 1.2000e+02 -5.3086e-01
4.0000e+01 1.3000e+02 -2.8204e+00
4.0000e+01 1.4000e+02 -5.3638e-01
4.0000e+01 1.5000e+02 5.4707e-01
4.0000e+01 1.6000e+02 -1.0759e+00
4.0000e+01 1.7000e+02 -1.3084e+00
4.0000e+01 1.8000e+02 5.1434e-01
4.0000e+01 1.9000e+02 -2.7928e+00
4.0000e+01 2.0000e+02 2.2447e+00
5.0000e+01 -2.0000e+02 1.0089e+00
5.0000e+01 -1.9000e+02 -9.2926e-01
5.0000e+01 -1.8000e+02 -2.2601e+00
5.0000e+01 -1.7000e+02 -8.2485e-01
5.0000e+01 -1.6000e+02 2.0057e+00
5.0000e+01 -1.5000e+02 5.0234e-01
5.0000e+01 -1.4000e+02 -1.2804e+00
5.0000e+01 -1.3000e+02 4.3841e-01
5.0000e+01 -1.2000e+02 -1.9529e+00
5.0000e+01 -1.1000e+02 -1.7837e+00
5.0000e+01 -1.0000e+02 -1.8758e+00
5.0000e+01 -9.0000e+01 -4.8728e+00
5.0000e+01 -8.0000e+01 -3.0032e+00
5.0000e+01 -7.0000e+01 -3.1384e+00
5.0000e+01 -6.0000e+01 -5.2383e+00
5.0000e+01 -5.0000e+01 -7.4592e+00
5.0000e+01 -4.0000e+01 -7.9424e+00
5.0000e+01 -3.0000e+01 -9.9128e+00
5.0000e+01 -2.0000e+01 -9.3579e+00
5.0000e+01 -1.0000e+01 -1.1009e+01
5.0000e+01 0.0000e+00 -1.0110e+01
5.0000e+01 1.0000e+01 -7.1417e+00
5.0000e+01 2.0000e+01 -8.6641e+00
5.0000e+01 3.0000e+01 -7.3473e+00
5.0000e+01 4.0000e+01 -9.5221e+00
5.0000e+01 5.0000e+01 -9.1709e+00
5.0000e+01 6.0000e+01 -5.4536e+00
5.0000e+01 7.0000e+01 -4.5206e+00
5.0000e+01 8.0000e+01 -2.8578e+00
5.0000e+01 9.0000e+01 -2.4935e+00
5.0000e+01 1.0000e+02 -2.9469e+00
5.0000e+01 1.1000e+02 1.6320e+00
5.0000e+01 1.2000e+02 -6.3969e-01
5.0000e+01 1.3000e+02 -2.9781e+00
5.0000e+01 1.4000e+02 3.0981e-01
5.0000e+01 1.5000e+02 -2.0554e+00
5.0000e+01 1.6000e+02 1.6220e+00
5.0000e+01 1.7000e+02 -2.7013e+00
5.0000e+01 1.8000e+02 5.8702e-02
5.0000e+01 1.9000e+02 3.7110e-02
5.0000e+01 2.0000e+02 3.0747e-01
6.0000e+01 -2.0000e+02 7.7474e-01
6.0000e+01 -1.9000e+02 -5.5000e-01
6.0000e+01 -1.8000e+02 1.2250e+00
6.0000e+01 -1.7000e+02 -1.4743e+00
6.0000e+01 -1.6000e+02 -2.2520e+00
6.0000e+01 -1.5000e+02 1.3593e+00
6.0000e+01 -1.4000e+02 -4.5957e-01
6.0000e+01 -1.3000e+02 -1.6616e+00
6.0000e+01 -1.2000e+02 -7.7958e-01
6.0000e+01 -1.1000e+02 3.5312e+00
6.0000e+01 -1.0000e+02 1.4956e+00
6.0000e+01 -9.0000e+01 -2.5631e+00
6.0000e+01 -8.0000e+01 -6.3671e+00
6.0000e+01 -7.0000e+01 -5.1449e+00
6.0000e+01 -6.0000e+01 -3.0622e+00
6.0000e+01 -5.0000e+01 -3.9537e+00
6.0000e+01 -4.0000e+01 -6.3390e+00
6.0000e+01 -3.0000e+01 -8.9790e+00
6.0000e+01 -2.0000e+01 -8.5682e+00
6.0000e+01 -1.0000e+01 -8.6412e+00
6.0000e+01 0.0000e+00 -8.4088e+00
6.0000e+01 1.0000e+01 -5.8200e+00
6.0000e+01 2.0000e+01 -8.4068e+00
6.0000e+01 3.0000e+01 -7.6443e+00
6.0000e+01 4.0000e+01 -7.5276e+00
6.0000e+01 5.0000e+01 -4.9432e+00
6.0000e+01 6.0000e+01 -5.2983e+00
6.0000e+01 7.0000e+01 -2.1238e+00
6.0000e+01 8.0000e+01 -7.4174e+00
6.0000e+01 9.0000e+01 -6.6934e-01
6.0000e+01 1.0000e+02 -1.7467e+00
6.0000e+01 1.1000e+02 -1.3150e+00
6.0000e+01 1.2000e+02 1.5226e-02
6.0000e+01 1.3000e+02 1.5182e+00
6.0000e+01 1.4000e+02 -2.6747e+00
6.0000e+01 1.5000e+02 -9.7652e-02
6.0000e+01 1.6000e+02 2.1548e+00
6.0000e+01 1.7000e+02 2.9574e+00
6.0000e+01 1.8000e+02 -1.7823e+00
6.0000e+01 1.9000e+02 -2.5759e+00
6.0000e+01 2.0000e+02 1.4840e+00
7.0000e+01 -2.0000e+02 -1.7482e+00
7.0000e+01 -1.9000e+02 2.0607e-01
7.0000e+01 -1.8000e+02 1.4100e+00
7.0000e+01 -1.7000e+02 1.3549e+00
7.0000e+01 -1.6000e+02 -6.5273e-01
7.0000e+01 -1.5000e+02 2.3685e+00
7.0000e+01 -1.4000e+02 -8.1288e-01
7.0000e+01 -1.3000e+02 -7.6683e-01
7.0000e+01 -1.2000e+02 -2.5004e+00
7.0000e+01 -1.1000e+02 -1.9798e+00
7.0000e+01 -1.0000e+02 -3.8637e+00
7.0000e+01 -9.0000e+01 -5.7181e+00
7.0000e+01 -8.0000e+01 -1.2746e+00
7.0000e+01 -7.0000e+01 -2.2221e+00
7.0000e+01 -6.0000e+01 -3.5167e+00
7.0000e+01 -5.0000e+01 -6.5603e+00
7.0000e+01 -4.0000e+01 -8.1823e+00
7.0000e+01 -3.0000e+01 -5.6923e+00
7.0000e+01 -2.0000e+01 -6.7942e+00
7.0000e+01 -1.0000e+01 -6.0584e+00
7.0000e+01 0.0000e+00 -9.2910e+00
7.0000e+01 1.0000e+01 -6.6048e+00
7.0000e+01 2.0000e+01 -5.8964e+00
7.0000e+01 3.0000e+01 -7.3692e+00
7.0000e+01 4.0000e+01 -5.9046e+00
7.0000e+01 5.0000e+01 -5.9549e+00
7.0000e+01 6.0000e+01 -4.2286e+00
7.0000e+01 7.0000e+01 -4.1389e+00
7.0000e+01 8.0000e+01 -2.0909e+00
7.0000e+01 9.0000e+01 -3.4518e+00
7.0000e+01 1.0000e+02 -1.1978e+00
7.0000e+01 1.1000e+02 -2.8606e-01
7.0000e+01 1.2000e+02 1.3026e-01
7.0000e+01 1.3000e+02 -3.2463e+00
7.0000e+01 1.4000e+02 -1.9551e+00
7.0000e+01 1.5000e+02 2.8433e-01
7.0000e+01 1.6000e+02 3.2470e+00
7.0000e+01 1.7000e+02 2.1211e+00
7.0000e+01 1.8000e+02 -2.5832e-01
7.0000e+01 1.9000e+02 5.7925e-01
7.0000e+01 2.0000e+02 -1.1697e-01
8.0000e+01 -2.0000e+02 3.0330e+00
8.0000e+01 -1.9000e+02 -2.5549e+00
8.0000e+01 -1.8000e+02 5.9607e-01
8.0000e+01 -1.7000e+02 -3.7339e-01
8.0000e+01 -1.6000e+02 -7.1643e-02
8.0000e+01 -1.5000e+02 1.8015e+00
8.0000e+01 -1.4000e+02 -1.1064e-01
8.0000e+01 -1.3000e+02 4.5624e-01
8.0000e+01 -1.2000e+02 -9.3427e-01
8.0000e+01 -1.1000e+02 -6.0584e-01
8.0000e+01 -1.0000e+02 -1.5930e+00
8.0000e+01 -9.0000e+01 -1.3778e-01
8.0000e+01 -8.0000e+01 1.9019e-01
8.0000e+01 -7.0000e+01 -2.5760e+00
8.0000e+01 -6.0000e+01 -2.9575e+00
8.0000e+01 -5.0000e+01 -3.6532e+00
8.0000e+01 -4.0000e+01 -4.0061e+00
8.0000e+01 -3.0000e+01 -3.4646e+00
8.0000e+01 -2.0000e+01 -7.4228e+00
8.0000e+01 -1.0000e+01 -2.4216e+00
8.0000e+01 0.0000e+00 -4.2450e+00
8.0000e+01 1.0000e+01 -7.6155e+00
8.0000e+01 2.0000e+01 -5.7595e+00
8.0000e+01 3.0000e+01 -6.4865e+00
8.0000e+01 4.0000e+01 -7.2171e+00
8.0000e+01 5.0000e+01 -5.1095e+00
8.0000e+01 6.0000e+01 -3.3339e+00
8.0000e+01 7.0000e+01 -2.7968e+00
8.0000e+01 8.0000e+01 -2.4184e+00
8.0000e+01 9.0000e+01 -3.3512e+00
8.0000e+01 1.0000e+02 2.1931e+00
8.0000e+01 1.1000e+02 1.4920e+00
8.0000e+01 1.2000e+02 -1.6968e+00
8.0000e+01 1.3000e+02 -6.3255e-01
8.0000e+01 1.4000e+02 -9.5524e-01
8.0000e+01 1.5000e+02 -4.5973e-01
8.0000e+01 1.6000e+02 7.6368e-01
8.0000e+01 1.7000e+02 -1.1035e+00
8.0000e+01 1.8000e+02 1.7992e+00
8.0000e+01 1.9000e+02 2.6511e+00
8.0000e+01 2.0000e+02 -6.2726e-02
9.0000e+01 -2.0000e+02 5.8859e-01
9.0000e+01 -1.9000e+02 2.0395e+00
9.0000e+01 -1.8000e+02 -2.3942e-02
9.0000e+01 -1.7000e+02 9.9485e-01
9.0000e+01 -1.6000e+02 9.5724e-01
9.0000e+01 -1.5000e+02 -2.2282e-01
9.0000e+01 -1.4000e+02 8.5525e-01
9.0000e+01 -1.3000e+02 1.9099e+00
9.0000e+01 -1.2000e+02 -1.3744e+00
9.0000e+01 -1.1000e+02 -3.0738e-01
9.0000e+01 -1.0000e+02 9.0150e-01
9.0000e+01 -9.0000e+01 -9.2789e-01
9.0000e+01 -8.0000e+01 -4.7130e+00
9.0000e+01 -7.0000e+01 -4.2965e+00
9.0000e+01 -6.0000e+01 -5.7145e+00
9.0000e+01 -5.0000e+01 -1.6691e+00
9.0000e+01 -4.0000e+01 -1.6195e+00
9.0000e+01 -3.0000e+01 -5.7607e+00
9.0000e+01 -2.0000e+01 -4.7397e+00
9.0000e+01 -1.0000e+01 -3.6831e+00
9.0000e+01 0.0000e+00 -3.1692e+00
9.0000e+01 1.0000e+01 -2.0576e+00
9.0000e+01 2.0000e+01 -1.4704e+00
9.0000e+01 3.0000e+01 -3.4780e+00
9.0000e+01 4.0000e+01 -2.9377e+00
9.0000e+01 5.0000e+01 -4.3364e+00
9.0000e+01 6.0000e+01 -2.8750e+00
9.0000e+01 7.0000e+01 -3.0251e+00
9.0000e+01 8.0000e+01 -1.9793e+00
9.0000e+01 9.0000e+01 2.5687e-01
9.0000e+01 1.0000e+02 9.4406e-01
9.0000e+01 1.1000e+02 -1.5541e+00
9.0000e+01 1.2000e+02 1.4655e-01
9.0000e+01 1.3000e+02 1.3629e+00
9.0000e+01 1.4000e+02 2.4221e-01
9.0000e+01 1.5000e+02 1.3182e-01
9.0000e+01 1.6000e+02 2.2763e-01
9.0000e+01 1.7000e+02 -1.5258e-01
9.0000e+01 1.8000e+02 -1.6370e+00
9.0000e+01 1.9000e+02 -2.8313e+00
9.0000e+01 2.0000e+02 -6.2833e-01
1.0000e+02 -2.0000e+02 -9.7073e-01
1.0000e+02 -1.9000e+02 2.9237e-01
1.0000e+02 -1.8000e+02 -1.8972e+00
1.0000e+02 -1.7000e+02 2.1546e-01
1.0000e+02 -1.6000e+02 2.1992e+00
1.0000e+02 -1.5000e+02 1.1328e+00
1.0000e+02 -1.4000e+02 -1.3914e+00
1.0000e+02 -1.3000e+02 -1.0188e+00
1.0000e+02 -1.2000e+02 3.5664e-01
1.0000e+02 -1.1000e+02 6.0819e-01
1.0000e+02 -1.0000e+02 2.4839e+00
1.0000e+02 -9.0000e+01 -3.5223e+00
1.0000e+02 -8.0000e+01 -2.0123e+00
1.0000e+02 -7.0000e+01 2.0535e+00
1.0000e+02 -6.0000e+01 1.1225e+00
1.0000e+02 -5.0000e+01 -3.4273e+00
1.0000e+02 -4.0000e+01 -2.2290e+00
1.0000e+02 -3.0000e+01 3.0732e-02
1.0000e+02 -2.0000e+01 6.6936e-01
1.0000e+02 -1.0000e+01 -2.5933e+00
1.0000e+02 0.0000e+00 -2.9295e+00
1.0000e+02 1.0000e+01 -2.2757e+00
1.0000e+02 2.0000e+01 -3.4909e+00
1.0000e+02 3.0000e+01 -2.3244e+00
1.0000e+02 4.0000e+01 -3.6402e+00
1.0000e+02 5.0000e+01 -3.6460e+00
1.0000e+02 6.0000e+01 -1.3892e+00
1.0000e+02 7.0000e+01 -2.8661e+00
1.0000e+02 8.0000e+01 -4.0405e-01
1.0000e+02 9.0000e+01 -2.6444e+00
1.0000e+02 1.0000e+02 -1.2373e+00
1.0000e+02 1.1000e+02 1.0825e+00
1.0000e+02 1.2000e+02 -5.0352e-01
1.0000e+02 1.3000e+02 -2.7694e+00
1.0000e+02 1.4000e+02 1.4990e+00
1.0000e+02 1.5000e+02 2.5576e-01
1.0000e+02 1.6000e+02 -1.3499e+00
1.0000e+02 1.7000e+02 -6.1473e-01
1.0000e+02 1.8000e+02 2.6875e+00
1.0000e+02 1.9000e+02 2.6183e+00
1.0000e+02 2.0000e+02 3.2669e-01
1.1000e+02 -2.0000e+02 -9.3246e-02
1.1000e+02 -1.9000e+02 1.3851e-01
1.1000e+02 -1.8000e+02 -1.5169e+00
1.1000e+02 -1.7000e+02 -9.4445e-01
1.1000e+02 -1.6000e+02 1.4730e+00
1.1000e+02 -1.5000e+02 -3.8422e-01
1.1000e+02 -1.4000e+02 5.9626e-01
1.1000e+02 -1.3000e+02 -2.6742e+00
1.1000e+02 -1.2000e+02 -7.0383e-01
1.1000e+02 -1.1000e+02 9.0794e-01
1.1000e+02 -1.0000e+02 -1.3611e+00
1.1000e+02 -9.0000e+01 2.5445e-01
1.1000e+02 -8.0000e+01 -2.8052e+00
1.1000e+02 -7.0000e+01 -1.9234e+00
1.1000e+02 -6.0000e+01 -8.6962e-01
1.1000e+02 -5.0000e+01 -1.2396e+00
1.1000e+02 -4.0000e+01 -1.6596e+00
1.1000e+02 -3.0000e+01 -1.9969e+00
1.1000e+02 -2.0000e+01 -3.6674e-02
1.1000e+02 -1.0000e+01 -2.2307e+00
1.1000e+02 0.0000e+00 -2.2260e+00
1.1000e+02 1.0000e+01 -2.3639e+00
1.1000e+02 2.0000e+01 -2.1438e+00
1.1000e+02 3.0000e+01 -2.2897e+00
1.1000e+02 4.0000e+01 -3.0849e+00
1.1000e+02 5.0000e+01 -2.6607e+00
1.1000e+02 6.0000e+01 -2.5732e+00
1.1000e+02 7.0000e+01 -4.4506e-01
1.1000e+02 8.0000e+01 -1.2757e+00
1.1000e+02 9.0000e+01 -3.4346e+00
1.1000e+02 1.0000e+02 1.7145e+00
1.1000e+02 1.1000e+02 4.3202e+00
1.1000e+02 1.2000e+02 -1.4376e+00
1.1000e+02 1.3000e+02 1.9504e+00
1.1000e+02 1.4000e+02 -2.0574e+00
1.1000e+02 1.5000e+02 -6.7204e-01
1.1000e+02 1.6000e+02 1.7301e+00
1.1000e+02 1.7000e+02 5.6448e-01
1.1000e+02 1.8000e+02 1.4921e-01
1.1000e+02 1.9000e+02 -1.2467e-01
1.1000e+02 2.0000e+02 1.3593e+00
1.2000e+02 -2.0000e+02 -4.9632e-01
1.2000e+02 -1.9000e+02 1.9001e+00
1.2000e+02 -1.8000e+02 -1.4077e+00
1.2000e+02 -1.7000e+02 7.6870e-01
1.2000e+02 -1.6000e+02 3.8995e-01
1.2000e+02 -1.5000e+02 -9.1563e-01
1.2000e+02 -1.4000e+02 -2.5643e-01
1.2000e+02 -1.3000e+02 -8.2230e-01
1.2000e+02 -1.2000e+02 -1.1960e+00
1.2000e+02 -1.1000e+02 -2.2270e+00
1.2000e+02 -1.0000e+02 9.6420e-01
1.2000e+02 -9.0000e+01 2.8182e+00
1.2000e+02 -8.0000e+01 -1.9084e+00
1.2000e+02 -7.0000e+01 -1.3721e-02
1.2000e+02 -6.0000e+01 1.7200e+00
1.2000e+02 -5.0000e+01 -3.0036e+00
1.2000e+02 -4.0000e+01 -1.2300e+00
1.2000e+02 -3.0000e+01 -4.4048e+00
1.2000e+02 -2.0000e+01 -1.7819e+00
1.2000e+02 -1.0000e+01 -3.5693e-01
1.2000e+02 0.0000e+00 -2.1786e+00
1.2000e+02 1.0000e+01 -3.2697e+00
1.2000e+02 2.0000e+01 -3.7742e+00
1.2000e+02 3.0000e+01 -1.0328e+00
1.2000e+02 4.0000e+01 1.9835e-01
1.2000e+02 5.0000e+01 -1.5453e+00
1.2000e+02 6.0000e+01 3.8512e-01
1.2000e+02 7.0000e+01 -6.8533e-01
1.2000e+02 8.0000e+01 -2.5897e+00
1.2000e+02 9.0000e+01 -5.2637e-01
1.2000e+02 1.0000e+02 -3.1269e+00
1.2000e+02 1.1000e+02 3.8861e-01
1.2000e+02 1.2000e+02 -3.1344e+00
1.2000e+02 1.3000e+02 -1.4862e-01
1.2000e+02 1.4000e+02 -1.6582e+00
1.2000e+02 1.5000e+02 -2.4855e-01
1.2000e+02 1.6000e+02 -3.2977e-01
1.2000e+02 1.7000e+02 -1.1821e+00
1.2000e+02 1.8000e+02 1.4647e-01
1.2000e+02 1.9000e+02 7.7748e-01
1.2000e+02 2.0000e+02 -4.0934e-01
1.3000e+02 -2.0000e+02 -1.6842e+00
1.3000e+02 -1.9000e+02 1.4100e+00
1.3000e+02 -1.8000e+02 6.7231e-01
1.3000e+02 -1.7000e+02 -8.7070e-01
1.3000e+02 -1.6000e+02 6.6305e-01
1.3000e+02 -1.5000e+02 -8.9569e-01
1.3000e+02 -1.4000e+02 -3.1349e+00
1.3000e+02 -1.3000e+02 -2.5921e-01
1.3000e+02 -1.2000e+02 1.7373e-01
1.3000e+02 -1.1000e+02 -4.3336e-01
1.3000e+02 -1.0000e+02 -1.3819e+00
1.3000e+02 -9.0000e+01 7.7807e-01
1.3000e+02 -8.0000e+01 3.9246e-01
1.3000e+02 -7.0000e+01 9.7601e-03
1.3000e+02 -6.0000e+01 -1.2066e+00
1.3000e+02 -5.0000e+01 -8.1808e-01
1.3000e+02 -4.0000e+01 2.8373e+00
1.3000e+02 -3.0000e+01 -4.8460e-01
1.3000e+02 -2.0000e+01 -3.6251e+00
1.3000e+02 -1.0000e+01 1.3992e+00
1.3000e+02 0.0000e+00 -7.2323e-01
1.3000e+02 1.0000e+01 -1.3382e+00
1.3000e+02 2.0000e+01 -2.2340e+00
1.3000e+02 3.0000e+01 1.5579e+00
1.3000e+02 4.0000e+01 -3.5694e-01
1.3000e+02 5.0000e+01 -1.0997e+00
1.3000e+02 6.0000e+01 -4.4041e-01
1.3000e+02 7.0000e+01 -4.8538e-01
1.3000e+02 8.0000e+01 7.9900e-01
1.3000e+02 9.0000e+01 3.8798e-01
1.3000e+02 1.0000e+02 -3.2124e+00
1.3000e+02 1.1000e+02 5.7210e-01
1.3000e+02 1.2000e+02 -2.9764e+00
1.3000e+02 1.3000e+02 -2.2808e+00
1.3000e+02 1.4000e+02 -1.9184e+00
1.3000e+02 1.5000e+02 1.7358e+00
1.3000e+02 1.6000e+02 2.1654e-01
1.3000e+02 1.7000e+02 -1.7866e+00
1.3000e+02 1.8000e+02 -2.8886e+00
1.3000e+02 1.9000e+02 1.4281e-01
1.3000e+02 2.0000e+02 2.8985e-01
1.4000e+02 -2.0000e+02 -1.0592e+00
1.4000e+02 -1.9000e+02 1.2290e+00
1.4000e+02 -1.8000e+02 1.9170e+00
1.4000e+02 -1.7000e+02 -1.3890e+00
1.4000e+02 -1.6000e+02 -1.6160e+00
1.4000e+02 -1.5000e+02 -3.1100e+00
1.4000e+02 -1.4000e+02 -2.7354e-01
1.4000e+02 -1.3000e+02 -4.9817e+00
1.4000e+02 -1.2000e+02 -4.1332e-01
1.4000e+02 -1.1000e+02 1.5464e+00
1.4000e+02 -1.0000e+02 5.2454e-01
1.4000e+02 -9.0000e+01 -2.4228e+00
1.4000e+02 -8.0000e+01 -1.0710e+00
1.4000e+02 -7.0000e+01 -9.2626e-01
1.4000e+02 -6.0000e+01 -2.2995e+00
1.4000e+02 -5.0000e+01 1.6231e-01
1.4000e+02 -4.0000e+01 -9.9587e-01
1.4000e+02 -3.0000e+01 4.8944e-01
1.4000e+02 -2.0000e+01 -4.3843e+00
1.4000e+02 -1.0000e+01 5.3047e-01
1.4000e+02 0.0000e+00 -2.3307e+00
1.4000e+02 1.0000e+01 -2.3731e-01
1.4000e+02 2.0000e+01 -1.5296e+00
1.4000e+02 3.0000e+01 -9.7515e-01
1.4000e+02 4.0000e+01 -2.8722e-01
1.4000e+02 5.0000e+01 7.5771e-02
1.4000e+02 6.0000e+01 1.5678e+00
1.4000e+02 7.0000e+01 -1.2502e+00
1.4000e+02 8.0000e+01 2.6011e+00
1.4000e+02 9.0000e+01 -2.9371e+00
1.4000e+02 1.0000e+02 3.0168e-01
1.4000e+02 1.1000e+02 7.5667e-01
1.4000e+02 1.2000e+02 -1.8259e+00
1.4000e+02 1.3000e+02 2.5829e-01
1.4000e+02 1.4000e+02 7.2267e-02
1.4000e+02 1.5000e+02 -1.6763e+00
1.4000e+02 1.6000e+02 -1.4114e+00
1.4000e+02 1.7000e+02 -5.3196e-01
1.4000e+02 1.8000e+02 -2.1737e+00
1.4000e+02 1.9000e+02 1.8095e+00
1.4000e+02 2.0000e+02 -1.6467e+00
1.5000e+02 -2.0000e+02 -4.1697e-01
1.5000e+02 -1.9000e+02 5.7637e-01
1.5000e+02 -1.8000e+02 -2.2012e+00
1.5000e+02 -1.7000e+02 2.3049e+00
1.5000e+02 -1.6000e+02 -1.9568e+00
1.5000e+02 -1.5000e+02 2.9184e+00
1.5000e+02 -1.4000e+02 3.1216e+00
1.5000e+02 -1.3000e+02 -2.2012e+00
1.5000e+02 -1.2000e+02 2.9614e-01
1.5000e+02 -1.1000e+02 -5.5024e-01
1.5000e+02 -1.0000e+02 -1.8327e-01
1.5000e+02 -9.0000e+01 2.2739e+00
1.5000e+02 -8.0000e+01 -5.7699e-01
1.5000e+02 -7.0000e+01 -1.5134e+00
1.5000e+02 -6.0000e+01 2.1978e+00
1.5000e+02 -5.0000e+01 -1.1797e-01
1.5000e+02 -4.0000e+01 -2.2474e+00
1.5000e+02 -3.0000e+01 4.4246e-01
1.5000e+02 -2.0000e+01 2.9160e-01
1.5000e+02 -1.0000e+01 -2.0418e+00
1.5000e+02 0.0000e+00 -1.9696e+00
1.5000e+02 1.0000e+01 2.5305e+00
1.5000e+02 2.0000e+01 -3.3191e-01
1.5000e+02 3.0000e+01 1.3748e+00
1.5000e+02 4.0000e+01 -9.0918e-01
1.5000e+02 5.0000e+01 1.4385e+00
1.5000e+02 6.0000e+01 2.9136e+00
1.5000e+02 7.0000e+01 5.4805e-01
1.5000e+02 8.0000e+01 7.8186e-01
1.5000e+02 9.0000e+01 1.2403e+00
1.5000e+02 1.0000e+02 1.3406e+00
1.5000e+02 1.1000e+02 -8.5387e-01
1.5000e+02 1.2000e+02 -9.3080e-01
1.5000e+02 1.3000e+02 -5.7608e-02
1.5000e+02 1.4000e+02 -3.0104e+00
1.5000e+02 1.5000e+02 -1.0400e+00
1.5000e+02 1.6000e+02 -7.9148e-01
1.5000e+02 1.7000e+02 -1.2777e+00
1.5000e+02 1.8000e+02 -7.3237e-01
1.5000e+02 1.9000e+02 1.1651e+00
1.5000e+02 2.0000e+02 8.2889e-01
1.6000e+02 -2.0000e+02 -5.2392e-01
1.6000e+02 -1.9000e+02 1.2667e+00
1.6000e+02 -1.8000e+02 -1.0808e+00
1.6000e+02 -1.7000e+02 -1.7098e+00
1.6000e+02 -1.6000e+02 -7.8906e-01
1.6000e+02 -1.5000e+02 -1.3527e-01
1.6000e+02 -1.4000e+02 8.5901e-01
1.6000e+02 -1.3000e+02 3.2965e-01
1.6000e+02 -1.2000e+02 -1.4079e+00
1.6000e+02 -1.1000e+02 -2.2642e+00
1.6000e+02 -1.0000e+02 7.0405e-01
1.6000e+02 -9.0000e+01 -2.3886e-01
1.6000e+02 -8.0000e+01 -1.0313e+00
1.6000e+02 -7.0000e+01 -2.4193e+00
1.6000e+02 -6.0000e+01 1.8056e+00
1.6000e+02 -5.0000e+01 1.8102e+00
1.6000e+02 -4.0000e+01 -7.7049e-01
1.6000e+02 -3.0000e+01 -5.2100e-01
1.6000e+02 -2.0000e+01 -3.2121e+00
1.6000e+02 -1.0000e+01 2.1206e+00
1.6000e+02 0.0000e+00 -3.2436e+00
1.6000e+02 1.0000e+01 3.0897e-01
1.6000e+02 2.0000e+01 -1.1639e+00
1.6000e+02 3.0000e+01 -1.3912e+00
1.6000e+02 4.0000e+01 2.3481e+00
1.6000e+02 5.0000e+01 -4.0222e-01
1.6000e+02 6.0000e+01 -1.7799e-01
1.6000e+02 7.0000e+01 -2.5811e+00
1.6000e+02 8.0000e+01 1.5851e-01
1.6000e+02 9.0000e+01 4.7743e+00
1.6000e+02 1.0000e+02 1.5433e+00
1.6000e+02 1.1000e+02 -1.1713e+00
1.6000e+02 1.2000e+02 9.0684e-01
1.6000e+02 1.3000e+02 5.4425e-01
1.6000e+02 1.4000e+02 2.0117e+00
1.6000e+02 1.5000e+02 -3.0483e+00
1.6000e+02 1.6000e+02 -6.7033e-01
1.6000e+02 1.7000e+02 2.6412e+00
1.6000e+02 1.8000e+02 1.6917e+00
1.6000e+02 1.9000e+02 6.7386e-01
1.6000e+02 2.0000e+02 1.1738e+00
1.7000e+02 -2.0000e+02 1.8880e+00
1.7000e+02 -1.9000e+02 1.8112e+00
1.7000e+02 -1.8000e+02 3.1059e-01
1.7000e+02 -1.7000e+02 -1.0243e-01
1.7000e+02 -1.6000e+02 -1.2041e+00
1.7000e+02 -1.5000e+02 1.7615e+00
1.7000e+02 -1.4000e+02 1.3616e+00
1.7000e+02 -1.3000e+02 2.0723e+00
1.7000e+02 -1.2000e+02 4.3740e+00
1.7000e+02 -1.1000e+02 7.1056e-01
1.7000e+02 -1.0000e+02 -1.4356e-01
1.7000e+02 -9.0000e+01 8.9108e-01
1.7000e+02 -8.0000e+01 -5.6997e-02
1.7000e+02 -7.0000e+01 1.2118e+00
1.7000e+02 -6.0000e+01 9.0043e-01
1.7000e+02 -5.0000e+01 -1.3104e+00
1.7000e+02 -4.0000e+01 -1.6311e+00
1.7000e+02 -3.0000e+01 -3.9260e-01
1.7000e+02 -2.0000e+01 -1.8939e+00
1.7000e+02 -1.0000e+01 -1.0059e+00
1.7000e+02 0.0000e+00 -1.7455e+00
1.7000e+02 1.0000e+01 1.7802e+00
1.7000e+02 2.0000e+01 -8.9649e-01
1.7000e+02 3.0000e+01 1.7245e+00
1.7000e+02 4.0000e+01 1.7309e+00
1.7000e+02 5.0000e+01 -2.7759e+00
1.7000e+02 6.0000e+01 -4.1012e-01
1.7000e+02 7.0000e+01 -2.8134e-01
1.7000e+02 8.0000e+01 -1.6367e-01
1.7000e+02 9.0000e+01 -2.9514e+00
1.7000e+02 1.0000e+02 -6.3164e-01
1.7000e+02 1.1000e+02 -8.2941e-01
1.7000e+02 1.2000e+02 -9.5543e-01
1.7000e+02 1.3000e+02 3.0115e-01
1.7000e+02 1.4000e+02 -1.3472e+00
1.7000e+02 1.5000e+02 3.7345e-01
1.7000e+02 1.6000e+02 7.3447e-01
1.7000e+02 1.7000e+02 -1.0699e+00
1.7000e+02 1.8000e+02 1.9629e+00
1.7000e+02 1.9000e+02 4.0386e-01
1.7000e+02 2.0000e+02 3.4215e-02
1.8000e+02 -2.0000e+02 -2.1714e+00
1.8000e+02 -1.9000e+02 -7.5406e-01
1.8000e+02 -1.8000e+02 -1.2342e+00
1.8000e+02 -1.7000e+02 1.2023e+00
1.8000e+02 -1.6000e+02 -2.9497e+00
1.8000e+02 -1.5000e+02 -9.6759e-01
1.8000e+02 -1.4000e+02 -5.3117e-01
1.8000e+02 -1.3000e+02 -8.1345e-01
1.8000e+02 -1.2000e+02 -1.0213e+00
1.8000e+02 -1.1000e+02 1.3998e+00
1.8000e+02 -1.0000e+02 -3.7491e-01
1.8000e+02 -9.0000e+01 -2.3341e+00
1.8000e+02 -8.0000e+01 -1.4023e+00
1.8000e+02 -7.0000e+01 -2.9573e-01
1.8000e+02 -6.0000e+01 1.5279e+00
1.8000e+02 -5.0000e+01 -1.2500e+00
1.8000e+02 -4.0000e+01 4.0402e+00
1.8000e+02 -3.0000e+01 3.4287e+00
1.8000e+02 -2.0000e+01 -1.6542e+00
1.8000e+02 -1.0000e+01 2.6858e+00
1.8000e+02 0.0000e+00 1.7116e+00
1.8000e+02 1.0000e+01 -2.9695e+00
1.8000e+02 2.0000e+01 1.8320e-01
1.8000e+02 3.0000e+01 -3.2369e-01
1.8000e+02 4.0000e+01 -2.5401e+00
1.8000e+02 5.0000e+01 1.4652e+00
1.8000e+02 6.0000e+01 -1.0890e+00
1.8000e+02 7.0000e+01 -2.5030e+00
1.8000e+02 8.0000e+01 -1.8394e+00
1.8000e+02 9.0000e+01 -3.2966e+00
1.8000e+02 1.0000e+02 -8.7389e-01
1.8000e+02 1.1000e+02 4.3811e+00
1.8000e+02 1.2000e+02 3.8810e+00
1.8000e+02 1.3000e+02 -1.8898e-01
1.8000e+02 1.4000e+02 8.2709e-01
1.8000e+02 1.5000e+02 8.8299e-01
1.8000e+02 1.6000e+02 1.5402e+00
1.8000e+02 1.7000e+02 -8.8906e-01
1.8000e+02 1.8000e+02 -6.8494e-01
1.8000e+02 1.9000e+02 -3.7918e-01
1.8000e+02 2.0000e+02 -1.1403e+00
1.9000e+02 -2.0000e+02 -1.9759e+00
1.9000e+02 -1.9000e+02 -6.8140e-01
1.9000e+02 -1.8000e+02 -2.0817e+00
1.9000e+02 -1.7000e+02 3.5090e+00
1.9000e+02 -1.6000e+02 2.4086e+00
1.9000e+02 -1.5000e+02 -1.4809e+00
1.9000e+02 -1.4000e+02 -6.7011e-01
1.9000e+02 -1.3000e+02 -1.2060e+00
1.9000e+02 -1.2000e+02 -9.9727e-01
1.9000e+02 -1.1000e+02 -2.2212e-01
1.9000e+02 -1.0000e+02 -9.8920e-03
1.9000e+02 -9.0000e+01 1.1998e+00
1.9000e+02 -8.0000e+01 -1.2209e+00
1.9000e+02 -7.0000e+01 -8.5963e-01
1.9000e+02 -6.0000e+01 9.1633e-01
1.9000e+02 -5.0000e+01 8.6194e-01
1.9000e+02 -4.0000e+01 3.5832e+00
1.9000e+02 -3.0000e+01 -7.6534e-01
1.9000e+02 -2.0000e+01 -2.6028e+00
1.9000e+02 -1.0000e+01 -1.6673e-02
1.9000e+02 0.0000e+00 -3.4398e-01
1.9000e+02 1.0000e+01 3.6662e+00
1.9000e+02 2.0000e+01 1.4284e+00
1.9000e+02 3.0000e+01 -4.7661e-01
1.9000e+02 4.0000e+01 5.2124e-01
1.9000e+02 5.0000e+01 9.2502e-01
1.9000e+02 6.0000e+01 -3.4996e-01
1.9000e+02 7.0000e+01 6.3915e-01
1.9000e+02 8.0000e+01 -6.1924e-01
1.9000e+02 9.0000e+01 -1.7025e+00
1.9000e+02 1.0000e+02 -8.8841e-01
1.9000e+02 1.1000e+02 3.7036e-01
1.9000e+02 1.2000e+02 6.0858e-01
1.9000e+02 1.3000e+02 -3.7022e+00
1.9000e+02 1.4000e+02 -2.3360e-01
1.9000e+02 1.5000e+02 -2.5326e+00
1.9000e+02 1.6000e+02 -1.7931e+00
1.9000e+02 1.7000e+02 -2.9163e+00
1.9000e+02 1.8000e+02 9.7733e-01
1.9000e+02 1.9000e+02 -9.6270e-01
1.9000e+02 2.0000e+02 1.4691e+00
2.0000e+02 -2.0000e+02 -9.9248e-01
2.0000e+02 -1.9000e+02 1.0044e+00
2.0000e+02 -1.8000e+02 1.7806e-01
2.0000e+02 -1.7000e+02 1.7522e+00
2.0000e+02 -1.6000e+02 -5.5241e-01
2.0000e+02 -1.5000e+02 3.5537e+00
2.0000e+02 -1.4000e+02 -6.4653e-01
2.0000e+02 -1.3000e+02 -1.6217e+00
2.0000e+02 -1.2000e+02 1.6552e+00
2.0000e+02 -1.1000e+02 -2.6062e-01
2.0000e+02 -1.0000e+02 1.0393e-01
2.0000e+02 -9.0000e+01 7.3596e-01
2.0000e+02 -8.0000e+01 -1.8724e+00
2.0000e+02 -7.0000e+01 -2.0811e+00
2.0000e+02 -6.0000e+01 9.6622e-01
2.0000e+02 -5.0000e+01 7.3915e-01
2.0000e+02 -4.0000e+01 -3.2315e+00
2.0000e+02 -3.0000e+01 2.0194e-01
2.0000e+02 -2.0000e+01 -7.8396e-01
2.0000e+02 -1.0000e+01 -1.2385e+00
2.0000e+02 0.0000e+00 -3.7165e-01
2.0000e+02 1.0000e+01 -2.7391e+00
2.0000e+02 2.0000e+01 -3.2479e-01
2.0000e+02 3.0000e+01 1.5109e+00
2.0000e+02 4.0000e+01 9.7956e-02
2.0000e+02 5.0000e+01 9.4869e-02
2.0000e+02 6.0000e+01 4.7577e+00
2.0000e+02 7.0000e+01 -3.6623e-02
2.0000e+02 8.0000e+01 -2.4856e-01
2.0000e+02 9.0000e+01 8.7475e-01
2.0000e+02 1.0000e+02 3.7901e-01
2.0000e+02 1.1000e+02 -1.2773e-01
2.0000e+02 1.2000e+02 1.6294e+00
2.0000e+02 1.3000e+02 -1.5153e+00
2.0000e+02 1.4000e+02 1.4229e+00
2.0000e+02 1.5000e+02 -7.8198e-01
2.0000e+02 1.6000e+02 1.9017e+00
2.0000e+02 1.7000e+02 6.6420e-01
2.0000e+02 1.8000e+02 -2.0815e+00
2.0000e+02 1.9000e+02 -2.1884e-01
2.0000e+02 2.0000e+02 -8.7695e-02
