-2.0000e+02 -2.0000e+02 -2.1927e+00
-2.0000e+02 -1.9000e+02 -1.2015e-01
-2.0000e+02 -1.8000e+02 2.4949e-01
-2.0000e+02 -1.7000e+02 3.7062e-01
-2.0000e+02 -1.6000e+02 -1.1846e+00
-2.0000e+02 -1.5000e+02 -3.6174e-01
-2.0000e+02 -1.4000e+02 1.6200e+00
-2.0000e+02 -1.3000e+02 -4.3798e-02
-2.0000e+02 -1.2000e+02 6.5813e-01
-2.0000e+02 -1.1000e+02 -2.5282e+00
-2.0000e+02 -1.0000e+02 3.1765e-01
-2.0000e+02 -9.0000e+01 -5.3697e-01
-2.0000e+02 -8.0000e+01 3.4488e+00
-2.0000e+02 -7.0000e+01 -5.4696e-01
-2.0000e+02 -6.0000e+01 1.7331e+00
-2.0000e+02 -5.0000e+01 2.6145e+00
-2.0000e+02 -4.0000e+01 6.4469e-01
-2.0000e+02 -3.0000e+01 -3.2762e-01
-2.0000e+02 -2.0000e+01 1.1888e+00
-2.0000e+02 -1.0000e+01 1.0672e+00
-2.0000e+02 0.0000e+00 1.4517e+00
-2.0000e+02 1.0000e+01 2.8463e-01
-2.0000e+02 2.0000e+01 1.7759e+00
-2.0000e+02 3.0000e+01 1.0415e+00
-2.0000e+02 4.0000e+01 9.6755e-01
-2.0000e+02 5.0000e+01 4.7818e-02
-2.0000e+02 6.0000e+01 2.0225e+00
-2.0000e+02 7.0000e+01 -2.8466e+00
-2.0000e+02 8.0000e+01 4.1752e-01
-2.0000e+02 9.0000e+01 1.3016e-01
-2.0000e+02 1.0000e+02 2.3479e-01
-2.0000e+02 1.1000e+02 1.6569e+00
-2.0000e+02 1.2000e+02 -8.1918e-01
-2.0000e+02 1.3000e+02 1.6749e+00
-2.0000e+02 1.4000e+02 2.8503e+00
-2.0000e+02 1.5000e+02 1.1931e+00
-2.0000e+02 1.6000e+02 -1.9075e+00
-2.0000e+02 1.7000e+02 1.0783e+00
-2.0000e+02 1.8000e+02 -1.2136e+00
-2.0000e+02 1.9000e+02 -3.3244e-01
-2.0000e+02 2.0000e+02 1.4218e+00
-1.9000e+02 -2.0000e+02 7.7479e-01
-1.9000e+02 -1.9000e+02 -2.9105e+00
-1.9000e+02 -1.8000e+02 -1.0314e+00
-1.9000e+02 -1.7000e+02 1.2348e+00
-1.9000e+02 -1.6000e+02 -1.6069e+00
-1.9000e+02 -1.5000e+02 2.8204e+00
-1.9000e+02 -1.4000e+02 2.9953e+00
-1.9000e+02 -1.3000e+02 1.2253e-01
-1.9000e+02 -1.2000e+02 2.7254e+00
-1.9000e+02 -1.1000e+02 5.8849e-01
-1.9000e+02 -1.0000e+02 -3.2724e+00
-1.9000e+02 -9.0000e+01 -1.9664e+00
-1.9000e+02 -8.0000e+01 3.3646e+00
-1.9000e+02 -7.0000e+01 6.5280e-01
-1.9000e+02 -6.0000e+01 2.4994e-01
-1.9000e+02 -5.0000e+01 -1.5889e+00
-1.9000e+02 -4.0000e+01 1.1446e+00
-1.9000e+02 -3.0000e+01 1.0305e+00
-1.9000e+02 -2.0000e+01 1.8204e+00
-1.9000e+02 -1.0000e+01 -1.9563e+00
-1.9000e+02 0.0000e+00 4.3952e-02
-1.9000e+02 1.0000e+01 1.5790e+00
-1.9000e+02 2.0000e+01 1.0531e+00
-1.9000e+02 3.0000e+01 1.5835e+00
-1.9000e+02 4.0000e+01 1.0888e+00
-1.9000e+02 5.0000e+01 -2.5975e+00
-1.9000e+02 6.0000e+01 3.3552e-01
-1.9000e+02 7.0000e+01 -4.7723e-01
-1.9000e+02 8.0000e+01 2.3319e+00
-1.9000e+02 9.0000e+01 2.8763e-02
-1.9000e+02 1.0000e+02 1.0907e+00
-1.9000e+02 1.1000e+02 -1.6034e-01
-1.9000e+02 1.2000e+02 1.5914e+00
-1.9000e+02 1.3000e+02 6.0911e-01
-1.9000e+02 1.4000e+02 -6.1603e-02
-1.9000e+02 1.5000e+02 6.5195e-01
-1.9000e+02 1.6000e+02 -1.4490e-02
-1.9000e+02 1.7000e+02 -7.9361e-01
-1.9000e+02 1.8000e+02 -2.9333e+00
-1.9000e+02 1.9000e+02 2.4906e-01
-1.9000e+02 2.0000e+02 9.8832e-01
-1.8000e+02 -2.0000e+02 1.4682e+00
-1.8000e+02 -1.9000e+02 -9.0421e-01
-1.8000e+02 -1.8000e+02 -8.4373e-01
-1.8000e+02 -1.7000e+02 -1.5416e+00
-1.8000e+02 -1.6000e+02 -1.8241e+00
-1.8000e+02 -1.5000e+02 -1.8597e+00
-1.8000e+02 -1.4000e+02 2.3538e+00
-1.8000e+02 -1.3000e+02 -9.9037e-01
-1.8000e+02 -1.2000e+02 -9.3382e-01
-1.8000e+02 -1.1000e+02 -2.8886e+00
-1.8000e+02 -1.0000e+02 1.0374e+00
-1.8000e+02 -9.0000e+01 -2.2813e+00
-1.8000e+02 -8.0000e+01 6.3782e-02
-1.8000e+02 -7.0000e+01 3.2467e+00
-1.8000e+02 -6.0000e+01 1.0887e-01
-1.8000e+02 -5.0000e+01 3.6395e-02
-1.8000e+02 -4.0000e+01 1.3728e+00
-1.8000e+02 -3.0000e+01 1.8665e+00
-1.8000e+02 -2.0000e+01 8.9335e-01
-1.8000e+02 -1.0000e+01 -1.1558e+00
-1.8000e+02 0.0000e+00 8.5131e-01
-1.8000e+02 1.0000e+01 1.4739e+00
-1.8000e+02 2.0000e+01 -1.4431e-01
-1.8000e+02 3.0000e+01 -2.8667e+00
-1.8000e+02 4.0000e+01 -4.4060e-01
-1.8000e+02 5.0000e+01 1.5693e+00
-1.8000e+02 6.0000e+01 -1.2527e+00
-1.8000e+02 7.0000e+01 -2.3412e-01
-1.8000e+02 8.0000e+01 1.4789e+00
-1.8000e+02 9.0000e+01 -9.1980e-01
-1.8000e+02 1.0000e+02 -1.1306e+00
-1.8000e+02 1.1000e+02 1.0161e+00
-1.8000e+02 1.2000e+02 -1.8416e-01
-1.8000e+02 1.3000e+02 1.2946e+00
-1.8000e+02 1.4000e+02 -3.5639e+00
-1.8000e+02 1.5000e+02 6.1854e-01
-1.8000e+02 1.6000e+02 1.6346e+00
-1.8000e+02 1.7000e+02 -2.3147e+00
-1.8000e+02 1.8000e+02 -1.0676e+00
-1.8000e+02 1.9000e+02 2.1113e-01
-1.8000e+02 2.0000e+02 1.8464e+00
-1.7000e+02 -2.0000e+02 1.1842e+00
-1.7000e+02 -1.9000e+02 -2.4228e-01
-1.7000e+02 -1.8000e+02 2.4083e+00
-1.7000e+02 -1.7000e+02 -2.0831e+00
-1.7000e+02 -1.6000e+02 1.2763e+00
-1.7000e+02 -1.5000e+02 6.0721e-01
-1.7000e+02 -1.4000e+02 -2.4745e+00
-1.7000e+02 -1.3000e+02 -7.3488e-01
-1.7000e+02 -1.2000e+02 2.1093e-01
-1.7000e+02 -1.1000e+02 -4.3041e-01
-1.7000e+02 -1.0000e+02 1.4525e+00
-1.7000e+02 -9.0000e+01 1.3110e+00
-1.7000e+02 -8.0000e+01 -9.9231e-01
-1.7000e+02 -7.0000e+01 1.3471e+00
-1.7000e+02 -6.0000e+01 -1.6330e+00
-1.7000e+02 -5.0000e+01 1.6227e-01
-1.7000e+02 -4.0000e+01 -1.5780e+00
-1.7000e+02 -3.0000e+01 1.1010e-01
-1.7000e+02 -2.0000e+01 1.7389e-01
-1.7000e+02 -1.0000e+01 3.4204e-01
-1.7000e+02 0.0000e+00 1.9186e-01
-1.7000e+02 1.0000e+01 -8.0317e-01
-1.7000e+02 2.0000e+01 5.8987e-01
-1.7000e+02 3.0000e+01 -1.2411e+00
-1.7000e+02 4.0000e+01 1.2786e+00
-1.7000e+02 5.0000e+01 6.3170e-01
-1.7000e+02 6.0000e+01 1.0436e+00
-1.7000e+02 7.0000e+01 -3.4477e+00
-1.7000e+02 8.0000e+01 1.1132e+00
-1.7000e+02 9.0000e+01 -6.3305e-01
-1.7000e+02 1.0000e+02 6.6540e-01
-1.7000e+02 1.1000e+02 -1.4024e+00
-1.7000e+02 1.2000e+02 2.1033e+00
-1.7000e+02 1.3000e+02 2.2165e+00
-1.7000e+02 1.4000e+02 -2.3714e+00
-1.7000e+02 1.5000e+02 -2.2290e+00
-1.7000e+02 1.6000e+02 2.0406e+00
-1.7000e+02 1.7000e+02 8.3125e-01
-1.7000e+02 1.8000e+02 3.4169e+00
-1.7000e+02 1.9000e+02 -2.7477e+00
-1.7000e+02 2.0000e+02 -2.0059e+00
-1.6000e+02 -2.0000e+02 -1.0479e+00
-1.6000e+02 -1.9000e+02 -2.8148e-01
-1.6000e+02 -1.8000e+02 2.1488e+00
-1.6000e+02 -1.7000e+02 -2.6917e+00
-1.6000e+02 -1.6000e+02 1.0190e+00
-1.6000e+02 -1.5000e+02 3.7650e-01
-1.6000e+02 -1.4000e+02 -6.0632e-01
-1.6000e+02 -1.3000e+02 -7.1030e-01
-1.6000e+02 -1.2000e+02 -3.0365e+00
-1.6000e+02 -1.1000e+02 -3.9342e-01
-1.6000e+02 -1.0000e+02 1.4180e+00
-1.6000e+02 -9.0000e+01 -4.2273e-01
-1.6000e+02 -8.0000e+01 -5.4812e-02
-1.6000e+02 -7.0000e+01 -7.7265e-01
-1.6000e+02 -6.0000e+01 1.3707e+00
-1.6000e+02 -5.0000e+01 -1.3660e-01
-1.6000e+02 -4.0000e+01 1.1127e-01
-1.6000e+02 -3.0000e+01 -7.9381e-01
-1.6000e+02 -2.0000e+01 -2.7966e+00
-1.6000e+02 -1.0000e+01 1.2728e+00
-1.6000e+02 0.0000e+00 -1.2276e+00
-1.6000e+02 1.0000e+01 9.3308e-01
-1.6000e+02 2.0000e+01 -3.0138e+00
-1.6000e+02 3.0000e+01 -1.0406e+00
-1.6000e+02 4.0000e+01 -1.0609e+00
-1.6000e+02 5.0000e+01 -2.5442e+00
-1.6000e+02 6.0000e+01 1.4001e-01
-1.6000e+02 7.0000e+01 1.5779e+00
-1.6000e+02 8.0000e+01 1.5940e+00
-1.6000e+02 9.0000e+01 -7.5373e-01
-1.6000e+02 1.0000e+02 8.7185e-01
-1.6000e+02 1.1000e+02 7.9984e-01
-1.6000e+02 1.2000e+02 2.1415e+00
-1.6000e+02 1.3000e+02 8.0089e-01
-1.6000e+02 1.4000e+02 2.2796e+00
-1.6000e+02 1.5000e+02 2.5006e-01
-1.6000e+02 1.6000e+02 8.5271e-01
-1.6000e+02 1.7000e+02 2.3471e+00
-1.6000e+02 1.8000e+02 -1.0613e+00
-1.6000e+02 1.9000e+02 2.7815e-01
-1.6000e+02 2.0000e+02 -2.4452e+00
-1.5000e+02 -2.0000e+02 4.4856e-01
-1.5000e+02 -1.9000e+02 4.4208e-01
-1.5000e+02 -1.8000e+02 1.8427e+00
-1.5000e+02 -1.7000e+02 -4.2252e-01
-1.5000e+02 -1.6000e+02 -8.0924e-01
-1.5000e+02 -1.5000e+02 6.1784e-01
-1.5000e+02 -1.4000e+02 -1.1911e+00
-1.5000e+02 -1.3000e+02 2.0077e+00
-1.5000e+02 -1.2000e+02 -4.1133e-01
-1.5000e+02 -1.1000e+02 -1.5542e+00
-1.5000e+02 -1.0000e+02 3.8385e-01
-1.5000e+02 -9.0000e+01 -3.6999e-01
-1.5000e+02 -8.0000e+01 2.7788e-01
-1.5000e+02 -7.0000e+01 -3.0023e+00
-1.5000e+02 -6.0000e+01 7.0969e-01
-1.5000e+02 -5.0000e+01 -3.3081e+00
-1.5000e+02 -4.0000e+01 1.0045e+00
-1.5000e+02 -3.0000e+01 -1.3044e+00
-1.5000e+02 -2.0000e+01 -1.0966e+00
-1.5000e+02 -1.0000e+01 -2.8869e-01
-1.5000e+02 0.0000e+00 1.5989e+00
-1.5000e+02 1.0000e+01 -1.4828e+00
-1.5000e+02 2.0000e+01 -1.4267e+00
-1.5000e+02 3.0000e+01 -1.5615e+00
-1.5000e+02 4.0000e+01 1.4864e+00
-1.5000e+02 5.0000e+01 -3.6208e-01
-1.5000e+02 6.0000e+01 8.8298e-01
-1.5000e+02 7.0000e+01 7.2739e-01
-1.5000e+02 8.0000e+01 -2.7533e+00
-1.5000e+02 9.0000e+01 -1.6229e-01
-1.5000e+02 1.0000e+02 -1.4691e+00
-1.5000e+02 1.1000e+02 1.5856e+00
-1.5000e+02 1.2000e+02 1.3266e-01
-1.5000e+02 1.3000e+02 -1.1977e+00
-1.5000e+02 1.4000e+02 -7.6462e-01
-1.5000e+02 1.5000e+02 6.7157e-01
-1.5000e+02 1.6000e+02 3.1205e+00
-1.5000e+02 1.7000e+02 -1.3014e+00
-1.5000e+02 1.8000e+02 -8.3188e-01
-1.5000e+02 1.9000e+02 -2.4194e+00
-1.5000e+02 2.0000e+02 1.4745e+00
-1.4000e+02 -2.0000e+02 -7.3211e-02
-1.4000e+02 -1.9000e+02 7.0505e-01
-1.4000e+02 -1.8000e+02 4.1682e-03
-1.4000e+02 -1.7000e+02 -8.7815e-01
-1.4000e+02 -1.6000e+02 -3.9972e-01
-1.4000e+02 -1.5000e+02 -9.7068e-01
-1.4000e+02 -1.4000e+02 1.5508e+00
-1.4000e+02 -1.3000e+02 1.2598e+00
-1.4000e+02 -1.2000e+02 -3.5846e+00
-1.4000e+02 -1.1000e+02 -7.7027e-01
-1.4000e+02 -1.0000e+02 -9.0951e-01
-1.4000e+02 -9.0000e+01 2.4451e+00
-1.4000e+02 -8.0000e+01 -5.7202e-01
-1.4000e+02 -7.0000e+01 -1.9222e+00
-1.4000e+02 -6.0000e+01 -3.2960e-01
-1.4000e+02 -5.0000e+01 -2.1087e+00
-1.4000e+02 -4.0000e+01 -1.2656e-01
-1.4000e+02 -3.0000e+01 -1.6418e-01
-1.4000e+02 -2.0000e+01 4.4732e-01
-1.4000e+02 -1.0000e+01 -4.1690e-01
-1.4000e+02 0.0000e+00 5.3560e-02
-1.4000e+02 1.0000e+01 8.2110e-01
-1.4000e+02 2.0000e+01 -1.9806e+00
-1.4000e+02 3.0000e+01 -8.5419e-01
-1.4000e+02 4.0000e+01 2.8888e-01
-1.4000e+02 5.0000e+01 -1.5258e+00
-1.4000e+02 6.0000e+01 1.5671e-01
-1.4000e+02 7.0000e+01 5.9719e-01
-1.4000e+02 8.0000e+01 -1.3529e+00
-1.4000e+02 9.0000e+01 -1.7994e+00
-1.4000e+02 1.0000e+02 1.4946e+00
-1.4000e+02 1.1000e+02 -6.0191e-01
-1.4000e+02 1.2000e+02 -1.2254e+00
-1.4000e+02 1.3000e+02 -5.2261e-01
-1.4000e+02 1.4000e+02 -1.4166e+00
-1.4000e+02 1.5000e+02 -1.5012e+00
-1.4000e+02 1.6000e+02 -5.4272e-01
-1.4000e+02 1.7000e+02 4.8940e-01
-1.4000e+02 1.8000e+02 -1.1944e+00
-1.4000e+02 1.9000e+02 3.6212e-01
-1.4000e+02 2.0000e+02 7.5981e-02
-1.3000e+02 -2.0000e+02 9.2550e-01
-1.3000e+02 -1.9000e+02 -1.0513e+00
-1.3000e+02 -1.8000e+02 3.2110e+00
-1.3000e+02 -1.7000e+02 4.2283e-01
-1.3000e+02 -1.6000e+02 1.9367e+00
-1.3000e+02 -1.5000e+02 3.7179e-01
-1.3000e+02 -1.4000e+02 -6.1602e-02
-1.3000e+02 -1.3000e+02 1.6411e+00
-1.3000e+02 -1.2000e+02 -2.2342e+00
-1.3000e+02 -1.1000e+02 1.0936e+00
-1.3000e+02 -1.0000e+02 9.8146e-01
-1.3000e+02 -9.0000e+01 8.3268e-01
-1.3000e+02 -8.0000e+01 6.1282e-01
-1.3000e+02 -7.0000e+01 -1.1276e+00
-1.3000e+02 -6.0000e+01 1.6106e+00
-1.3000e+02 -5.0000e+01 9.7718e-01
-1.3000e+02 -4.0000e+01 4.1998e-02
-1.3000e+02 -3.0000e+01 -2.3605e+00
-1.3000e+02 -2.0000e+01 -5.4104e-02
-1.3000e+02 -1.0000e+01 -1.8029e+00
-1.3000e+02 0.0000e+00 -1.9373e-01
-1.3000e+02 1.0000e+01 7.5462e-01
-1.3000e+02 2.0000e+01 -2.6176e+00
-1.3000e+02 3.0000e+01 -1.9336e+00
-1.3000e+02 4.0000e+01 -1.4845e+00
-1.3000e+02 5.0000e+01 -1.8208e+00
-1.3000e+02 6.0000e+01 1.0889e-01
-1.3000e+02 7.0000e+01 -1.2546e+00
-1.3000e+02 8.0000e+01 1.5261e+00
-1.3000e+02 9.0000e+01 -1.1398e+00
-1.3000e+02 1.0000e+02 -7.9394e-01
-1.3000e+02 1.1000e+02 -1.0746e-01
-1.3000e+02 1.2000e+02 -3.9725e-01
-1.3000e+02 1.3000e+02 -1.6191e+00
-1.3000e+02 1.4000e+02 1.0637e+00
-1.3000e+02 1.5000e+02 -7.1340e-01
-1.3000e+02 1.6000e+02 -1.1342e+00
-1.3000e+02 1.7000e+02 -1.1773e-01
-1.3000e+02 1.8000e+02 -1.9976e-01
-1.3000e+02 1.9000e+02 1.7481e+00
-1.3000e+02 2.0000e+02 4.9004e-01
-1.2000e+02 -2.0000e+02 8.4209e-01
-1.2000e+02 -1.9000e+02 4.6936e-01
-1.2000e+02 -1.8000e+02 5.3131e-01
-1.2000e+02 -1.7000e+02 -1.8578e-01
-1.2000e+02 -1.6000e+02 2.1216e+00
-1.2000e+02 -1.5000e+02 2.5556e+00
-1.2000e+02 -1.4000e+02 -1.0064e+00
-1.2000e+02 -1.3000e+02 6.4359e-01
-1.2000e+02 -1.2000e+02 1.1258e+00
-1.2000e+02 -1.1000e+02 -5.7089e-01
-1.2000e+02 -1.0000e+02 -1.5284e+00
-1.2000e+02 -9.0000e+01 -9.4144e-01
-1.2000e+02 -8.0000e+01 -2.0623e+00
-1.2000e+02 -7.0000e+01 1.1968e-01
-1.2000e+02 -6.0000e+01 3.1325e-01
-1.2000e+02 -5.0000e+01 -3.1474e+00
-1.2000e+02 -4.0000e+01 -1.6600e+00
-1.2000e+02 -3.0000e+01 1.1451e-01
-1.2000e+02 -2.0000e+01 -3.5769e+00
-1.2000e+02 -1.0000e+01 -2.6139e+00
-1.2000e+02 0.0000e+00 -3.0022e+00
-1.2000e+02 1.0000e+01 6.8295e-01
-1.2000e+02 2.0000e+01 -1.7174e+00
-1.2000e+02 3.0000e+01 -2.2090e+00
-1.2000e+02 4.0000e+01 -2.4648e+00
-1.2000e+02 5.0000e+01 -1.6277e+00
-1.2000e+02 6.0000e+01 1.6968e-01
-1.2000e+02 7.0000e+01 -2.5594e+00
-1.2000e+02 8.0000e+01 1.7353e+00
-1.2000e+02 9.0000e+01 -2.9349e-01
-1.2000e+02 1.0000e+02 -2.7647e+00
-1.2000e+02 1.1000e+02 9.5796e-01
-1.2000e+02 1.2000e+02 -4.2394e-02
-1.2000e+02 1.3000e+02 1.4214e+00
-1.2000e+02 1.4000e+02 -1.0828e+00
-1.2000e+02 1.5000e+02 9.0049e-01
-1.2000e+02 1.6000e+02 1.1268e-01
-1.2000e+02 1.7000e+02 9.0801e-01
-1.2000e+02 1.8000e+02 -2.8343e+00
-1.2000e+02 1.9000e+02 6.7329e-01
-1.2000e+02 2.0000e+02 1.4847e-01
-1.1000e+02 -2.0000e+02 1.0212e+00
-1.1000e+02 -1.9000e+02 2.0105e+00
-1.1000e+02 -1.8000e+02 2.8213e+00
-1.1000e+02 -1.7000e+02 -4.5835e+00
-1.1000e+02 -1.6000e+02 1.2652e+00
-1.1000e+02 -1.5000e+02 2.3169e-01
-1.1000e+02 -1.4000e+02 5.8385e-01
-1.1000e+02 -1.3000e+02 -1.5283e+00
-1.1000e+02 -1.2000e+02 2.4877e+00
-1.1000e+02 -1.1000e+02 3.5921e-02
-1.1000e+02 -1.0000e+02 2.8899e+00
-1.1000e+02 -9.0000e+01 -1.0216e+00
-1.1000e+02 -8.0000e+01 -2.4552e-01
-1.1000e+02 -7.0000e+01 -2.2794e+00
-1.1000e+02 -6.0000e+01 5.9807e-01
-1.1000e+02 -5.0000e+01 -2.4118e+00
-1.1000e+02 -4.0000e+01 1.6456e-01
-1.1000e+02 -3.0000e+01 -1.5730e+00
-1.1000e+02 -2.0000e+01 -4.0568e+00
-1.1000e+02 -1.0000e+01 -1.0288e+00
-1.1000e+02 0.0000e+00 -2.7540e+00
-1.1000e+02 1.0000e+01 -1.3686e+00
-1.1000e+02 2.0000e+01 3.4188e-01
-1.1000e+02 3.0000e+01 -1.4324e+00
-1.1000e+02 4.0000e+01 1.1679e+00
-1.1000e+02 5.0000e+01 -2.0538e+00
-1.1000e+02 6.0000e+01 -2.2943e+00
-1.1000e+02 7.0000e+01 -1.7669e+00
-1.1000e+02 8.0000e+01 -3.0636e-01
-1.1000e+02 9.0000e+01 -3.1012e+00
-1.1000e+02 1.0000e+02 6.6605e-01
-1.1000e+02 1.1000e+02 -1.4940e+00
-1.1000e+02 1.2000e+02 -7.1812e-01
-1.1000e+02 1.3000e+02 7.7753e-01
-1.1000e+02 1.4000e+02 -1.5979e+00
-1.1000e+02 1.5000e+02 7.7411e-01
-1.1000e+02 1.6000e+02 2.2581e+00
-1.1000e+02 1.7000e+02 8.7220e-01
-1.1000e+02 1.8000e+02 -1.4272e+00
-1.1000e+02 1.9000e+02 1.0534e+00
-1.1000e+02 2.0000e+02 -1.7344e+00
-1.0000e+02 -2.0000e+02 -3.1396e+00
-1.0000e+02 -1.9000e+02 -3.6868e-01
-1.0000e+02 -1.8000e+02 7.2717e-02
-1.0000e+02 -1.7000e+02 5.9330e-01
-1.0000e+02 -1.6000e+02 -1.0548e+00
-1.0000e+02 -1.5000e+02 -9.3476e-01
-1.0000e+02 -1.4000e+02 8.7768e-01
-1.0000e+02 -1.3000e+02 1.0310e+00
-1.0000e+02 -1.2000e+02 9.3365e-01
-1.0000e+02 -1.1000e+02 -2.6190e-01
-1.0000e+02 -1.0000e+02 -1.6731e+00
-1.0000e+02 -9.0000e+01 -2.3089e+00
-1.0000e+02 -8.0000e+01 -7.9580e-01
-1.0000e+02 -7.0000e+01 5.0786e-02
-1.0000e+02 -6.0000e+01 -8.7724e-01
-1.0000e+02 -5.0000e+01 -4.4000e+00
-1.0000e+02 -4.0000e+01 6.3134e-01
-1.0000e+02 -3.0000e+01 -9.0477e-01
-1.0000e+02 -2.0000e+01 -4.0151e+00
-1.0000e+02 -1.0000e+01 -4.1323e+00
-1.0000e+02 0.0000e+00 -3.2010e+00
-1.0000e+02 1.0000e+01 -2.4791e+00
-1.0000e+02 2.0000e+01 -3.4843e+00
-1.0000e+02 3.0000e+01 -3.4805e+00
-1.0000e+02 4.0000e+01 -3.9058e+00
-1.0000e+02 5.0000e+01 -2.1440e+00
-1.0000e+02 6.0000e+01 -3.8012e+00
-1.0000e+02 7.0000e+01 -4.8662e-01
-1.0000e+02 8.0000e+01 -1.6564e+00
-1.0000e+02 9.0000e+01 4.0578e-01
-1.0000e+02 1.0000e+02 -1.6224e-01
-1.0000e+02 1.1000e+02 1.2220e+00
-1.0000e+02 1.2000e+02 -1.0481e+00
-1.0000e+02 1.3000e+02 -4.2514e-01
-1.0000e+02 1.4000e+02 -1.9031e+00
-1.0000e+02 1.5000e+02 -1.2150e+00
-1.0000e+02 1.6000e+02 5.1308e-01
-1.0000e+02 1.7000e+02 -1.2357e-01
-1.0000e+02 1.8000e+02 2.2793e-01
-1.0000e+02 1.9000e+02 8.9769e-03
-1.0000e+02 2.0000e+02 4.0401e-01
-9.0000e+01 -2.0000e+02 -1.4708e+00
-9.0000e+01 -1.9000e+02 -2.4434e+00
-9.0000e+01 -1.8000e+02 -8.1129e-01
-9.0000e+01 -1.7000e+02 4.1153e-01
-9.0000e+01 -1.6000e+02 -1.5804e+00
-9.0000e+01 -1.5000e+02 -1.9018e-01
-9.0000e+01 -1.4000e+02 -3.4401e+00
-9.0000e+01 -1.3000e+02 -8.5788e-01
-9.0000e+01 -1.2000e+02 5.1667e-01
-9.0000e+01 -1.1000e+02 1.4173e+00
-9.0000e+01 -1.0000e+02 2.9091e-01
-9.0000e+01 -9.0000e+01 -2.7408e+00
-9.0000e+01 -8.0000e+01 3.9963e-01
-9.0000e+01 -7.0000e+01 -1.2456e+00
-9.0000e+01 -6.0000e+01 -2.1991e+00
-9.0000e+01 -5.0000e+01 -4.7940e+00
-9.0000e+01 -4.0000e+01 -3.8826e+00
-9.0000e+01 -3.0000e+01 -2.6961e+00
-9.0000e+01 -2.0000e+01 -3.5694e+00
-9.0000e+01 -1.0000e+01 -4.2498e+00
-9.0000e+01 0.0000e+00 -6.2042e+00
-9.0000e+01 1.0000e+01 -1.9268e+00
-9.0000e+01 2.0000e+01 -1.1543e+00
-9.0000e+01 3.0000e+01 -5.1439e+00
-9.0000e+01 4.0000e+01 -4.7765e+00
-9.0000e+01 5.0000e+01 -3.0488e+00
-9.0000e+01 6.0000e+01 -5.1958e+00
-9.0000e+01 7.0000e+01 -3.6744e+00
-9.0000e+01 8.0000e+01 -3.4571e+00
-9.0000e+01 9.0000e+01 -2.0040e+00
-9.0000e+01 1.0000e+02 1.9378e+00
-9.0000e+01 1.1000e+02 1.8758e+00
-9.0000e+01 1.2000e+02 -2.8786e+00
-9.0000e+01 1.3000e+02 3.2405e-01
-9.0000e+01 1.4000e+02 -4.9810e-01
-9.0000e+01 1.5000e+02 -2.1754e+00
-9.0000e+01 1.6000e+02 -3.5359e-01
-9.0000e+01 1.7000e+02 7.3240e-01
-9.0000e+01 1.8000e+02 -9.7735e-01
-9.0000e+01 1.9000e+02 3.3125e+00
-9.0000e+01 2.0000e+02 -3.9611e-01
-8.0000e+01 -2.0000e+02 2.3438e-01
-8.0000e+01 -1.9000e+02 -1.6288e+00
-8.0000e+01 -1.8000e+02 -4.3686e+00
-8.0000e+01 -1.7000e+02 1.5760e-01
-8.0000e+01 -1.6000e+02 -2.0446e+00
-8.0000e+01 -1.5000e+02 -2.4865e+00
-8.0000e+01 -1.4000e+02 -8.5276e-01
-8.0000e+01 -1.3000e+02 -1.0628e+00
-8.0000e+01 -1.2000e+02 7.9063e-01
-8.0000e+01 -1.1000e+02 -1.5033e+00
-8.0000e+01 -1.0000e+02 -2.1156e+00
-8.0000e+01 -9.0000e+01 -4.0847e-02
-8.0000e+01 -8.0000e+01 -2.3501e+00
-8.0000e+01 -7.0000e+01 6.6031e-01
-8.0000e+01 -6.0000e+01 -3.0320e+00
-8.0000e+01 -5.0000e+01 -3.8397e+00
-8.0000e+01 -4.0000e+01 -3.2244e+00
-8.0000e+01 -3.0000e+01 -3.8091e+00
-8.0000e+01 -2.0000e+01 -8.4442e+00
-8.0000e+01 -1.0000e+01 -4.1206e+00
-8.0000e+01 0.0000e+00 -6.5403e+00
-8.0000e+01 1.0000e+01 -3.2582e+00
-8.0000e+01 2.0000e+01 -4.1507e+00
-8.0000e+01 3.0000e+01 -7.5713e+00
-8.0000e+01 4.0000e+01 -4.4971e+00
-8.0000e+01 5.0000e+01 -3.0914e+00
-8.0000e+01 6.0000e+01 -3.5117e+00
-8.0000e+01 7.0000e+01 -2.1029e+00
-8.0000e+01 8.0000e+01 -6.5419e-02
-8.0000e+01 9.0000e+01 -2.6424e+00
-8.0000e+01 1.0000e+02 -3.5199e+00
-8.0000e+01 1.1000e+02 -2.9287e+00
-8.0000e+01 1.2000e+02 -3.6708e-01
-8.0000e+01 1.3000e+02 9.7230e-01
-8.0000e+01 1.4000e+02 -3.5466e+00
-8.0000e+01 1.5000e+02 -3.0026e-01
-8.0000e+01 1.6000e+02 -5.6194e-01
-8.0000e+01 1.7000e+02 5.6833e-01
-8.0000e+01 1.8000e+02 -4.5514e-01
-8.0000e+01 1.9000e+02 2.6602e+00
-8.0000e+01 2.0000e+02 -1.9171e+00
-7.0000e+01 -2.0000e+02 6.9948e-01
-7.0000e+01 -1.9000e+02 -1.6261e+00
-7.0000e+01 -1.8000e+02 1.0210e+00
-7.0000e+01 -1.7000e+02 -1.3587e-01
-7.0000e+01 -1.6000e+02 -1.9836e+00
-7.0000e+01 -1.5000e+02 1.0071e+00
-7.0000e+01 -1.4000e+02 1.7719e+00
-7.0000e+01 -1.3000e+02 6.9589e-01
-7.0000e+01 -1.2000e+02 -1.9837e+00
-7.0000e+01 -1.1000e+02 -2.7986e+00
-7.0000e+01 -1.0000e+02 -3.8357e+00
-7.0000e+01 -9.0000e+01 -6.1177e-01
-7.0000e+01 -8.0000e+01 -1.3193e+00
-7.0000e+01 -7.0000e+01 -3.0908e+00
-7.0000e+01 -6.0000e+01 -4.7317e+00
-7.0000e+01 -5.0000e+01 -6.6806e+00
-7.0000e+01 -4.0000e+01 -4.7464e+00
-7.0000e+01 -3.0000e+01 -6.0039e+00
-7.0000e+01 -2.0000e+01 -7.1475e+00
-7.0000e+01 -1.0000e+01 -7.2755e+00
-7.0000e+01 0.0000e+00 -5.6164e+00
-7.0000e+01 1.0000e+01 -6.5725e+00
-7.0000e+01 2.0000e+01 -6.4805e+00
-7.0000e+01 3.0000e+01 -6.3858e+00
-7.0000e+01 4.0000e+01 -2.1553e+00
-7.0000e+01 5.0000e+01 -3.7404e+00
-7.0000e+01 6.0000e+01 -4.3900e+00
-7.0000e+01 7.0000e+01 -1.8588e+00
-7.0000e+01 8.0000e+01 -2.1491e+00
-7.0000e+01 9.0000e+01 -3.7437e+00
-7.0000e+01 1.0000e+02 -1.1859e+00
-7.0000e+01 1.1000e+02 1.7433e-01
-7.0000e+01 1.2000e+02 -9.9794e-01
-7.0000e+01 1.3000e+02 -2.8061e-01
-7.0000e+01 1.4000e+02 9.2464e-01
-7.0000e+01 1.5000e+02 1.5828e+00
-7.0000e+01 1.6000e+02 -4.0380e-01
-7.0000e+01 1.7000e+02 -4.2782e-02
-7.0000e+01 1.8000e+02 2.3740e+00
-7.0000e+01 1.9000e+02 4.2018e-01
-7.0000e+01 2.0000e+02 -1.4398e+00
-6.0000e+01 -2.0000e+02 -2.1361e+00
-6.0000e+01 -1.9000e+02 2.3827e+00
-6.0000e+01 -1.8000e+02 7.1175e-01
-6.0000e+01 -1.7000e+02 4.0051e-01
-6.0000e+01 -1.6000e+02 -3.8404e-01
-6.0000e+01 -1.5000e+02 -1.4030e-01
-6.0000e+01 -1.4000e+02 -1.1202e+00
-6.0000e+01 -1.3000e+02 -4.7148e-01
-6.0000e+01 -1.2000e+02 -5.1135e+00
-6.0000e+01 -1.1000e+02 -8.1987e-01
-6.0000e+01 -1.0000e+02 -8.4246e-01
-6.0000e+01 -9.0000e+01 -3.4079e+00
-6.0000e+01 -8.0000e+01 1.1921e+00
-6.0000e+01 -7.0000e+01 -4.0869e+00
-6.0000e+01 -6.0000e+01 -6.6621e+00
-6.0000e+01 -5.0000e+01 -5.7658e+00
-6.0000e+01 -4.0000e+01 -7.5714e+00
-6.0000e+01 -3.0000e+01 -7.8472e+00
-6.0000e+01 -2.0000e+01 -8.5928e+00
-6.0000e+01 -1.0000e+01 -1.0028e+01
-6.0000e+01 0.0000e+00 -9.6660e+00
-6.0000e+01 1.0000e+01 -6.5569e+00
-6.0000e+01 2.0000e+01 -8.9536e+00
-6.0000e+01 3.0000e+01 -7.1150e+00
-6.0000e+01 4.0000e+01 -6.9600e+00
-6.0000e+01 5.0000e+01 -8.2821e+00
-6.0000e+01 6.0000e+01 -5.8024e+00
-6.0000e+01 7.0000e+01 -3.7919e+00
-6.0000e+01 8.0000e+01 -3.2476e+00
-6.0000e+01 9.0000e+01 -1.4452e+00
-6.0000e+01 1.0000e+02 -6.7876e-01
-6.0000e+01 1.1000e+02 -9.6501e-01
-6.0000e+01 1.2000e+02 -1.8450e-01
-6.0000e+01 1.3000e+02 -1.1971e+00
-6.0000e+01 1.4000e+02 -4.8445e-01
-6.0000e+01 1.5000e+02 -2.9345e+00
-6.0000e+01 1.6000e+02 -2.0850e-01
-6.0000e+01 1.7000e+02 1.0016e+00
-6.0000e+01 1.8000e+02 -1.6393e+00
-6.0000e+01 1.9000e+02 1.6608e+00
-6.0000e+01 2.0000e+02 -2.6611e+00
-5.0000e+01 -2.0000e+02 -6.7653e-01
-5.0000e+01 -1.9000e+02 8.8993e-01
-5.0000e+01 -1.8000e+02 1.0736e+00
-5.0000e+01 -1.7000e+02 7.0605e-01
-5.0000e+01 -1.6000e+02 2.8370e+00
-5.0000e+01 -1.5000e+02 1.1969e+00
-5.0000e+01 -1.4000e+02 -8.8614e-01
-5.0000e+01 -1.3000e+02 -7.0372e-01
-5.0000e+01 -1.2000e+02 -3.5086e+00
-5.0000e+01 -1.1000e+02 -2.3346e+00
-5.0000e+01 -1.0000e+02 -1.9878e+00
-5.0000e+01 -9.0000e+01 -3.0685e+00
-5.0000e+01 -8.0000e+01 -4.3918e+00
-5.0000e+01 -7.0000e+01 -3.0502e+00
-5.0000e+01 -6.0000e+01 -5.8646e+00
-5.0000e+01 -5.0000e+01 -5.4617e+00
-5.0000e+01 -4.0000e+01 -5.6373e+00
-5.0000e+01 -3.0000e+01 -6.7760e+00
-5.0000e+01 -2.0000e+01 -1.0277e+01
-5.0000e+01 -1.0000e+01 -1.1194e+01
-5.0000e+01 0.0000e+00 -9.5406e+00
-5.0000e+01 1.0000e+01 -1.1693e+01
-5.0000e+01 2.0000e+01 -9.1328e+00
-5.0000e+01 3.0000e+01 -6.7274e+00
-5.0000e+01 4.0000e+01 -6.6756e+00
-5.0000e+01 5.0000e+01 -9.0102e+00
-5.0000e+01 6.0000e+01 -5.3537e+00
-5.0000e+01 7.0000e+01 -2.8648e+00
-5.0000e+01 8.0000e+01 -3.8828e+00
-5.0000e+01 9.0000e+01 -2.2425e+00
-5.0000e+01 1.0000e+02 -8.4107e-01
-5.0000e+01 1.1000e+02 -2.0290e+00
-5.0000e+01 1.2000e+02 -9.5627e-01
-5.0000e+01 1.3000e+02 8.1544e-01
-5.0000e+01 1.4000e+02 8.8516e-01
-5.0000e+01 1.5000e+02 -1.2812e+00
-5.0000e+01 1.6000e+02 -5.4146e-01
-5.0000e+01 1.7000e+02 1.5352e-01
-5.0000e+01 1.8000e+02 -2.3268e+00
-5.0000e+01 1.9000e+02 2.3749e+00
-5.0000e+01 2.0000e+02 1.3968e+00
-4.0000e+01 -2.0000e+02 -1.0894e-01
-4.0000e+01 -1.9000e+02 3.5157e-01
-4.0000e+01 -1.8000e+02 -1.7252e-01
-4.0000e+01 -1.7000e+02 2.5361e-01
-4.0000e+01 -1.6000e+02 3.2575e+00
-4.0000e+01 -1.5000e+02 -4.8861e-03
-4.0000e+01 -1.4000e+02 1.2333e+00
-4.0000e+01 -1.3000e+02 1.7420e+00
-4.0000e+01 -1.2000e+02 -7.9364e-01
-4.0000e+01 -1.1000e+02 1.6597e-01
-4.0000e+01 -1.0000e+02 -3.0600e+00
-4.0000e+01 -9.0000e+01 -5.1933e+00
-4.0000e+01 -8.0000e+01 -2.9189e+00
-4.0000e+01 -7.0000e+01 -5.6339e+00
-4.0000e+01 -6.0000e+01 -7.6643e+00
-4.0000e+01 -5.0000e+01 -8.1208e+00
-4.0000e+01 -4.0000e+01 -9.7586e+00
-4.0000e+01 -3.0000e+01 -9.7008e+00
-4.0000e+01 -2.0000e+01 -1.1854e+01
-4.0000e+01 -1.0000e+01 -1.0967e+01
-4.0000e+01 0.0000e+00 -7.7111e+00
-4.0000e+01 1.0000e+01 -1.0988e+01
-4.0000e+01 2.0000e+01 -1.0328e+01
-4.0000e+01 3.0000e+01 -1.4073e+01
-4.0000e+01 4.0000e+01 -9.8838e+00
-4.0000e+01 5.0000e+01 -9.8592e+00
-4.0000e+01 6.0000e+01 -4.1864e+00
-4.0000e+01 7.0000e+01 -4.5096e+00
-4.0000e+01 8.0000e+01 -3.5624e+00
-4.0000e+01 9.0000e+01 -4.2892e+00
-4.0000e+01 1.0000e+02 -1.4694e+00
-4.0000e+01 1.1000e+02 -1.6943e+00
-4.0000e+01 1.2000e+02 3.1246e-01
-4.0000e+01 1.3000e+02 -2.2000e+00
-4.0000e+01 1.4000e+02 1.0708e+00
-4.0000e+01 1.5000e+02 -9.0781e-02
-4.0000e+01 1.6000e+02 -1.1828e+00
-4.0000e+01 1.7000e+02 2.7778e+00
-4.0000e+01 1.8000e+02 1.3569e+00
-4.0000e+01 1.9000e+02 -1.9783e+00
-4.0000e+01 2.0000e+02 -2.6033e+00
-3.0000e+01 -2.0000e+02 -2.1978e+00
-3.0000e+01 -1.9000e+02 -2.3842e+00
-3.0000e+01 -1.8000e+02 -1.8328e+00
-3.0000e+01 -1.7000e+02 -1.4608e+00
-3.0000e+01 -1.6000e+02 3.9030e-01
-3.0000e+01 -1.5000e+02 1.6388e+00
-3.0000e+01 -1.4000e+02 -1.7860e+00
-3.0000e+01 -1.3000e+02 -5.9352e-01
-3.0000e+01 -1.2000e+02 -1.7385e+00
-3.0000e+01 -1.1000e+02 -1.9816e+00
-3.0000e+01 -1.0000e+02 -6.0234e+00
-3.0000e+01 -9.0000e+01 -5.1382e-01
-3.0000e+01 -8.0000e+01 -5.2160e+00
-3.0000e+01 -7.0000e+01 -2.7778e+00
-3.0000e+01 -6.0000e+01 -4.8153e+00
-3.0000e+01 -5.0000e+01 -9.6187e+00
-3.0000e+01 -4.0000e+01 -1.1032e+01
-3.0000e+01 -3.0000e+01 -1.2017e+01
-3.0000e+01 -2.0000e+01 -1.0174e+01
-3.0000e+01 -1.0000e+01 -1.1813e+01
-3.0000e+01 0.0000e+00 -1.4221e+01
-3.0000e+01 1.0000e+01 -1.5611e+01
-3.0000e+01 2.0000e+01 -1.3039e+01
-3.0000e+01 3.0000e+01 -1.2369e+01
-3.0000e+01 4.0000e+01 -7.4142e+00
-3.0000e+01 5.0000e+01 -8.9995e+00
-3.0000e+01 6.0000e+01 -4.3466e+00
-3.0000e+01 7.0000e+01 -7.2708e+00
-3.0000e+01 8.0000e+01 -2.5404e+00
-3.0000e+01 9.0000e+01 -2.6433e+00
-3.0000e+01 1.0000e+02 -3.0752e+00
-3.0000e+01 1.1000e+02 -3.1870e+00
-3.0000e+01 1.2000e+02 -6.7471e-01
-3.0000e+01 1.3000e+02 -1.0028e-01
-3.0000e+01 1.4000e+02 -5.0301e-01
-3.0000e+01 1.5000e+02 1.2250e+00
-3.0000e+01 1.6000e+02 -1.5076e+00
-3.0000e+01 1.7000e+02 3.0560e+00
-3.0000e+01 1.8000e+02 6.9255e-02
-3.0000e+01 1.9000e+02 -1.2111e+00
-3.0000e+01 2.0000e+02 -1.2039e+00
-2.0000e+01 -2.0000e+02 -6.3922e-01
-2.0000e+01 -1.9000e+02 -9.3415e-02
-2.0000e+01 -1.8000e+02 -1.8832e+00
-2.0000e+01 -1.7000e+02 -7.8628e-01
-2.0000e+01 -1.6000e+02 3.4136e-01
-2.0000e+01 -1.5000e+02 -2.8901e-01
-2.0000e+01 -1.4000e+02 1.2135e+00
-2.0000e+01 -1.3000e+02 -1.7281e+00
-2.0000e+01 -1.2000e+02 -2.4843e+00
-2.0000e+01 -1.1000e+02 -9.2111e-01
-2.0000e+01 -1.0000e+02 -2.3505e-01
-2.0000e+01 -9.0000e+01 -2.7513e+00
-2.0000e+01 -8.0000e+01 -6.6112e+00
-2.0000e+01 -7.0000e+01 -5.8199e+00
-2.0000e+01 -6.0000e+01 -7.4383e+00
-2.0000e+01 -5.0000e+01 -1.0927e+01
-2.0000e+01 -4.0000e+01 -1.1337e+01
-2.0000e+01 -3.0000e+01 -1.2065e+01
-2.0000e+01 -2.0000e+01 -1.4221e+01
-2.0000e+01 -1.0000e+01 -1.7039e+01
-2.0000e+01 0.0000e+00 -1.5033e+01
-2.0000e+01 1.0000e+01 -1.1064e+01
-2.0000e+01 2.0000e+01 -1.2848e+01
-2.0000e+01 3.0000e+01 -1.3861e+01
-2.0000e+01 4.0000e+01 -1.0259e+01
-2.0000e+01 5.0000e+01 -1.0217e+01
-2.0000e+01 6.0000e+01 -7.3934e+00
-2.0000e+01 7.0000e+01 -6.0055e+00
-2.0000e+01 8.0000e+01 -5.8944e+00
-2.0000e+01 9.0000e+01 -3.2700e+00
-2.0000e+01 1.0000e+02 -1.7417e+00
-2.0000e+01 1.1000e+02 -1.1583e+00
-2.0000e+01 1.2000e+02 5.4992e-01
-2.0000e+01 1.3000e+02 8.1729e-01
-2.0000e+01 1.4000e+02 7.4972e-01
-2.0000e+01 1.5000e+02 -4.1576e+00
-2.0000e+01 1.6000e+02 7.1242e-01
-2.0000e+01 1.7000e+02 1.0647e+00
-2.0000e+01 1.8000e+02 -8.2480e-01
-2.0000e+01 1.9000e+02 1.4765e+00
-2.0000e+01 2.0000e+02 8.0409e-01
-1.0000e+01 -2.0000e+02 -8.7231e-02
-1.0000e+01 -1.9000e+02 1.2924e+00
-1.0000e+01 -1.8000e+02 1.9100e+00
-1.0000e+01 -1.7000e+02 1.7705e+00
-1.0000e+01 -1.6000e+02 4.8821e-01
-1.0000e+01 -1.5000e+02 1.9145e-01
-1.0000e+01 -1.4000e+02 -1.3428e+00
-1.0000e+01 -1.3000e+02 -1.6888e+00
-1.0000e+01 -1.2000e+02 5.1805e-01
-1.0000e+01 -1.1000e+02 -4.0585e+00
-1.0000e+01 -1.0000e+02 -2.3635e-01
-1.0000e+01 -9.0000e+01 -6.3060e+00
-1.0000e+01 -8.0000e+01 -3.5861e+00
-1.0000e+01 -7.0000e+01 -7.9269e+00
-1.0000e+01 -6.0000e+01 -9.0039e+00
-1.0000e+01 -5.0000e+01 -1.0971e+01
-1.0000e+01 -4.0000e+01 -1.1241e+01
-1.0000e+01 -3.0000e+01 -1.2622e+01
-1.0000e+01 -2.0000e+01 -1.2295e+01
-1.0000e+01 -1.0000e+01 -1.2638e+01
-1.0000e+01 0.0000e+00 -1.4032e+01
-1.0000e+01 1.0000e+01 -1.3356e+01
-1.0000e+01 2.0000e+01 -1.2741e+01
-1.0000e+01 3.0000e+01 -1.2028e+01
-1.0000e+01 4.0000e+01 -9.6540e+00
-1.0000e+01 5.0000e+01 -1.3695e+01
-1.0000e+01 6.0000e+01 -8.3317e+00
-1.0000e+01 7.0000e+01 -8.1157e+00
-1.0000e+01 8.0000e+01 -3.2588e+00
-1.0000e+01 9.0000e+01 -1.3984e+00
-1.0000e+01 1.0000e+02 -5.6676e+00
-1.0000e+01 1.1000e+02 -1.9993e+00
-1.0000e+01 1.2000e+02 -1.6174e+00
-1.0000e+01 1.3000e+02 3.8055e-01
-1.0000e+01 1.4000e+02 -1.3911e+00
-1.0000e+01 1.5000e+02 -1.9258e+00
-1.0000e+01 1.6000e+02 -9.6711e-01
-1.0000e+01 1.7000e+02 7.9533e-01
-1.0000e+01 1.8000e+02 -7.1102e-01
-1.0000e+01 1.9000e+02 1.8109e+00
-1.0000e+01 2.0000e+02 1.6324e+00
0.0000e+00 -2.0000e+02 3.2166e+00
0.0000e+00 -1.9000e+02 -2.1646e+00
0.0000e+00 -1.8000e+02 -2.6277e+00
0.0000e+00 -1.7000e+02 -1.3241e+00
0.0000e+00 -1.6000e+02 -4.1056e-01
0.0000e+00 -1.5000e+02 -3.4231e-01
0.0000e+00 -1.4000e+02 1.0118e+00
0.0000e+00 -1.3000e+02 6.7260e-01
0.0000e+00 -1.2000e+02 9.9373e-01
0.0000e+00 -1.1000e+02 -5.5304e+00
0.0000e+00 -1.0000e+02 -2.7475e+00
0.0000e+00 -9.0000e+01 -2.2465e+00
0.0000e+00 -8.0000e+01 -6.0930e+00
0.0000e+00 -7.0000e+01 -8.5068e+00
0.0000e+00 -6.0000e+01 -7.5445e+00
0.0000e+00 -5.0000e+01 -8.0097e+00
0.0000e+00 -4.0000e+01 -1.0274e+01
0.0000e+00 -3.0000e+01 -1.4074e+01
0.0000e+00 -2.0000e+01 -1.2269e+01
0.0000e+00 -1.0000e+01 -1.7128e+01
0.0000e+00 0.0000e+00 -1.4106e+01
0.0000e+00 1.0000e+01 -1.2976e+01
0.0000e+00 2.0000e+01 -1.5552e+01
0.0000e+00 3.0000e+01 -1.4547e+01
0.0000e+00 4.0000e+01 -1.1149e+01
0.0000e+00 5.0000e+01 -1.0745e+01
0.0000e+00 6.0000e+01 -8.9215e+00
0.0000e+00 7.0000e+01 -1.0183e+01
0.0000e+00 8.0000e+01 -5.2015e+00
0.0000e+00 9.0000e+01 -4.6628e+00
0.0000e+00 1.0000e+02 -1.8622e+00
0.0000e+00 1.1000e+02 -5.0789e+00
0.0000e+00 1.2000e+02 -1.2476e+00
0.0000e+00 1.3000e+02 -2.1845e+00
0.0000e+00 1.4000e+02 -1.8628e+00
0.0000e+00 1.5000e+02 6.2188e-01
0.0000e+00 1.6000e+02 -2.0662e+00
0.0000e+00 1.7000e+02 -8.3540e-01
0.0000e+00 1.8000e+02 -2.0125e+00
0.0000e+00 1.9000e+02 -1.1618e-01
0.0000e+00 2.0000e+02 -6.2113e-01
1.0000e+01 -2.0000e+02 -2.5517e-01
1.0000e+01 -1.9000e+02 -1.1887e+00
1.0000e+01 -1.8000e+02 8.1395e-01
1.0000e+01 -1.7000e+02 -2.3380e-01
1.0000e+01 -1.6000e+02 -9.7903e-01
1.0000e+01 -1.5000e+02 2.7971e-01
1.0000e+01 -1.4000e+02 -1.5473e+00
1.0000e+01 -1.3000e+02 1.4572e+00
1.0000e+01 -1.2000e+02 -1.5403e+00
1.0000e+01 -1.1000e+02 -2.5984e+00
1.0000e+01 -1.0000e+02 -2.6661e+00
1.0000e+01 -9.0000e+01 -6.1807e+00
1.0000e+01 -8.0000e+01 -4.3783e+00
1.0000e+01 -7.0000e+01 -5.0793e+00
1.0000e+01 -6.0000e+01 -9.6135e+00
1.0000e+01 -5.0000e+01 -1.0265e+01
1.0000e+01 -4.0000e+01 -1.2007e+01
1.0000e+01 -3.0000e+01 -1.1787e+01
1.0000e+01 -2.0000e+01 -1.3147e+01
1.0000e+01 -1.0000e+01 -1.3018e+01
1.0000e+01 0.0000e+00 -1.2553e+01
1.0000e+01 1.0000e+01 -1.4720e+01
1.0000e+01 2.0000e+01 -1.3941e+01
1.0000e+01 3.0000e+01 -1.2681e+01
1.0000e+01 4.0000e+01 -1.1966e+01
1.0000e+01 5.0000e+01 -1.2409e+01
1.0000e+01 6.0000e+01 -7.7878e+00
1.0000e+01 7.0000e+01 -6.2022e+00
1.0000e+01 8.0000e+01 -6.2751e+00
1.0000e+01 9.0000e+01 -4.4929e+00
1.0000e+01 1.0000e+02 -2.0310e+00
1.0000e+01 1.1000e+02 -2.6433e+00
1.0000e+01 1.2000e+02 3.5557e-01
1.0000e+01 1.3000e+02 -1.0677e+00
1.0000e+01 1.4000e+02 -4.0956e-01
1.0000e+01 1.5000e+02 1.1464e+00
1.0000e+01 1.6000e+02 -1.7273e+00
1.0000e+01 1.7000e+02 -2.7748e+00
1.0000e+01 1.8000e+02 2.8256e+00
1.0000e+01 1.9000e+02 2.1735e-01
1.0000e+01 2.0000e+02 -3.4752e+00
2.0000e+01 -2.0000e+02 2.0356e+00
2.0000e+01 -1.9000e+02 -1.9708e+00
2.0000e+01 -1.8000e+02 -1.9130e+00
2.0000e+01 -1.7000e+02 6.6253e-01
2.0000e+01 -1.6000e+02 -1.1566e-01
2.0000e+01 -1.5000e+02 -3.0758e+00
2.0000e+01 -1.4000e+02 -2.3120e+00
2.0000e+01 -1.3000e+02 -5.6339e-01
2.0000e+01 -1.2000e+02 -1.4123e+00
2.0000e+01 -1.1000e+02 -1.0450e+00
2.0000e+01 -1.0000e+02 -4.7138e+00
2.0000e+01 -9.0000e+01 -4.3387e+00
2.0000e+01 -8.0000e+01 -5.7237e+00
2.0000e+01 -7.0000e+01 -8.2174e+00
2.0000e+01 -6.0000e+01 -6.9017e+00
2.0000e+01 -5.0000e+01 -7.9559e+00
2.0000e+01 -4.0000e+01 -1.1787e+01
2.0000e+01 -3.0000e+01 -1.3289e+01
2.0000e+01 -2.0000e+01 -1.4144e+01
2.0000e+01 -1.0000e+01 -1.7511e+01
2.0000e+01 0.0000e+00 -1.5156e+01
2.0000e+01 1.0000e+01 -1.5726e+01
2.0000e+01 2.0000e+01 -1.5025e+01
2.0000e+01 3.0000e+01 -1.2725e+01
2.0000e+01 4.0000e+01 -1.3744e+01
2.0000e+01 5.0000e+01 -9.4468e+00
2.0000e+01 6.0000e+01 -7.1657e+00
2.0000e+01 7.0000e+01 -6.1563e+00
2.0000e+01 8.0000e+01 -3.1834e+00
2.0000e+01 9.0000e+01 -6.6286e+00
2.0000e+01 1.0000e+02 -8.0834e-01
2.0000e+01 1.1000e+02 -1.8552e+00
2.0000e+01 1.2000e+02 -2.9419e+00
2.0000e+01 1.3000e+02 -6.3099e-01
2.0000e+01 1.4000e+02 -2.8645e+00
2.0000e+01 1.5000e+02 -1.5039e+00
2.0000e+01 1.6000e+02 -8.2009e-01
2.0000e+01 1.7000e+02 -5.1928e-01
2.0000e+01 1.8000e+02 -1.6920e+00
2.0000e+01 1.9000e+02 1.9673e+00
2.0000e+01 2.0000e+02 -8.2070e-01
3.0000e+01 -2.0000e+02 -1.3787e+00
3.0000e+01 -1.9000e+02 1.1740e+00
3.0000e+01 -1.8000e+02 1.0159e+00
3.0000e+01 -1.7000e+02 -3.4404e-01
3.0000e+01 -1.6000e+02 -8.0290e-01
3.0000e+01 -1.5000e+02 -8.9466e-01
3.0000e+01 -1.4000e+02 5.6578e-02
3.0000e+01 -1.3000e+02 -1.9346e+00
3.0000e+01 -1.2000e+02 -1.1063e+00
3.0000e+01 -1.1000e+02 -1.5743e+00
3.0000e+01 -1.0000e+02 -4.6471e+00
3.0000e+01 -9.0000e+01 -2.3161e+00
3.0000e+01 -8.0000e+01 -2.9863e+00
3.0000e+01 -7.0000e+01 -6.9152e+00
3.0000e+01 -6.0000e+01 -8.5493e+00
3.0000e+01 -5.0000e+01 -8.3160e+00
3.0000e+01 -4.0000e+01 -1.0983e+01
3.0000e+01 -3.0000e+01 -8.8107e+00
3.0000e+01 -2.0000e+01 -1.1938e+01
3.0000e+01 -1.0000e+01 -1.2005e+01
3.0000e+01 0.0000e+00 -1.0116e+01
3.0000e+01 1.0000e+01 -1.5421e+01
3.0000e+01 2.0000e+01 -1.2038e+01
3.0000e+01 3.0000e+01 -8.9966e+00
3.0000e+01 4.0000e+01 -1.1788e+01
3.0000e+01 5.0000e+01 -6.8066e+00
3.0000e+01 6.0000e+01 -5.4982e+00
3.0000e+01 7.0000e+01 -5.7795e+00
3.0000e+01 8.0000e+01 -6.1071e+00
3.0000e+01 9.0000e+01 -3.1025e+00
3.0000e+01 1.0000e+02 -1.3823e+00
3.0000e+01 1.1000e+02 -2.3541e-01
3.0000e+01 1.2000e+02 -2.0263e+00
3.0000e+01 1.3000e+02 2.5113e-01
3.0000e+01 1.4000e+02 -3.1227e+00
3.0000e+01 1.5000e+02 -1.7543e+00
3.0000e+01 1.6000e+02 -1.3564e+00
3.0000e+01 1.7000e+02 -3.4564e-01
3.0000e+01 1.8000e+02 -1.2844e-01
3.0000e+01 1.9000e+02 1.8068e+00
3.0000e+01 2.0000e+02 3.7153e+00
4.0000e+01 -2.0000e+02 1.0660e+00
4.0000e+01 -1.9000e+02 3.0139e+00
4.0000e+01 -1.8000e+02 -2.6899e+00
4.0000e+01 -1.7000e+02 -2.1583e-01
4.0000e+01 -1.6000e+02 -2.7778e-01
4.0000e+01 -1.5000e+02 2.3659e-01
4.0000e+01 -1.4000e+02 1.4364e+00
4.0000e+01 -1.3000e+02 1.1962e-01
4.0000e+01 -1.2000e+02 7.6243e-01
4.0000e+01 -1.1000e+02 -1.3041e+00
4.0000e+01 -1.0000e+02 -2.3078e+00
4.0000e+01 -9.0000e+01 -2.2879e+00
4.0000e+01 -8.0000e+01 -4.1988e+00
4.0000e+01 -7.0000e+01 -6.6014e+00
4.0000e+01 -6.0000e+01 -8.8473e+00
4.0000e+01 -5.0000e+01 -7.7174e+00
4.0000e+01 -4.0000e+01 -8.3421e+00
4.0000e+01 -3.0000e+01 -8.4171e+00
4.0000e+01 -2.0000e+01 -1.1444e+01
4.0000e+01 -1.0000e+01 -9.2900e+00
4.0000e+01 0.0000e+00 -1.3725e+01
4.0000e+01 1.0000e+01 -1.3525e+01
4.0000e+01 2.0000e+01 -1.0257e+01
4.0000e+01 3.0000e+01 -1.0379e+01
4.0000e+01 4.0000e+01 -9.5036e+00
4.0000e+01 5.0000e+01 -9.7163e+00
4.0000e+01 6.0000e+01 -6.3176e+00
4.0000e+01 7.0000e+01 -4.0992e+00
4.0000e+01 8.0000e+01 -3.1344e+00
4.0000e+01 9.0000e+01 -2.8433e+00
4.0000e+01 1.0000e+02 -2.9143e+00
4.0000e+01 1.1000e+02 -2.2595e+00
4.0000e+01 1.2000e+02 -8.4371e-01
4.0000e+01 1.3000e+02 -4.4693e-01
4.0000e+01 1.4000e+02 -1.0392e-01
4.0000e+01 1.5000e+02 -7.4523e-01
4.0000e+01 1.6000e+02 1.1108e+00
4.0000e+01 1.7000e+02 -7.3153e-01
4.0000e+01 1.8000e+02 -1.8938e+00
4.0000e+01 1.9000e+02 2.1160e+00
4.0000e+01 2.0000e+02 1.7919e+00
5.0000e+01 -2.0000e+02 -7.0544e-01
5.0000e+01 -1.9000e+02 -3.0378e-01
5.0000e+01 -1.8000e+02 4.3941e-02
5.0000e+01 -1.7000e+02 2.1141e+00
5.0000e+01 -1.6000e+02 -1.8066e-01
5.0000e+01 -1.5000e+02 1.9493e+00
5.0000e+01 -1.4000e+02 -1.8826e+00
5.0000e+01 -1.3000e+02 -4.2204e-01
5.0000e+01 -1.2000e+02 -2.3012e+00
5.0000e+01 -1.1000e+02 -3.8027e+00
5.0000e+01 -1.0000e+02 -1.4650e+00
5.0000e+01 -9.0000e+01 -1.9245e+00
5.0000e+01 -8.0000e+01 -1.0086e+00
5.0000e+01 -7.0000e+01 -6.1324e+00
5.0000e+01 -6.0000e+01 -2.9775e+00
5.0000e+01 -5.0000e+01 -7.8561e+00
5.0000e+01 -4.0000e+01 -8.1653e+00
5.0000e+01 -3.0000e+01 -9.7047e+00
5.0000e+01 -2.0000e+01 -9.6824e+00
5.0000e+01 -1.0000e+01 -1.1076e+01
5.0000e+01 0.0000e+00 -9.2972e+00
5.0000e+01 1.0000e+01 -1.0843e+01
5.0000e+01 2.0000e+01 -8.9173e+00
5.0000e+01 3.0000e+01 -1.0387e+01
5.0000e+01 4.0000e+01 -8.7312e+00
5.0000e+01 5.0000e+01 -7.7263e+00
5.0000e+01 6.0000e+01 -6.5894e+00
5.0000e+01 7.0000e+01 -4.9065e+00
5.0000e+01 8.0000e+01 -3.5672e+00
5.0000e+01 9.0000e+01 -9.2754e-01
5.0000e+01 1.0000e+02 -3.2426e+00
5.0000e+01 1.1000e+02 -1.2479e+00
5.0000e+01 1.2000e+02 -1.1189e+00
5.0000e+01 1.3000e+02 -3.1045e+00
5.0000e+01 1.4000e+02 -1.7402e+00
5.0000e+01 1.5000e+02 -1.3292e+00
5.0000e+01 1.6000e+02 1.4550e+00
5.0000e+01 1.7000e+02 -1.4126e-01
5.0000e+01 1.8000e+02 5.9250e-01
5.0000e+01 1.9000e+02 2.9694e+00
5.0000e+01 2.0000e+02 2.4863e-01
6.0000e+01 -2.0000e+02 2.0493e+00
6.0000e+01 -1.9000e+02 -1.3098e+00
6.0000e+01 -1.8000e+02 1.3717e+00
6.0000e+01 -1.7000e+02 1.6998e+00
6.0000e+01 -1.6000e+02 1.6930e-01
6.0000e+01 -1.5000e+02 -5.2301e-01
6.0000e+01 -1.4000e+02 -6.4855e-01
6.0000e+01 -1.3000e+02 -7.8464e-01
6.0000e+01 -1.2000e+02 -5.3455e-01
6.0000e+01 -1.1000e+02 -1.4636e-01
6.0000e+01 -1.0000e+02 5.8555e-02
6.0000e+01 -9.0000e+01 -2.7401e+00
6.0000e+01 -8.0000e+01 -2.9353e+00
6.0000e+01 -7.0000e+01 -3.7166e+00
6.0000e+01 -6.0000e+01 -3.1459e+00
6.0000e+01 -5.0000e+01 -5.3279e+00
6.0000e+01 -4.0000e+01 -7.5579e+00
6.0000e+01 -3.0000e+01 -7.3558e+00
6.0000e+01 -2.0000e+01 -6.8920e+00
6.0000e+01 -1.0000e+01 -8.0494e+00
6.0000e+01 0.0000e+00 -9.3458e+00
6.0000e+01 1.0000e+01 -7.4184e+00
6.0000e+01 2.0000e+01 -8.0125e+00
6.0000e+01 3.0000e+01 -6.6058e+00
6.0000e+01 4.0000e+01 -4.5972e+00
6.0000e+01 5.0000e+01 -5.0008e+00
6.0000e+01 6.0000e+01 -3.9289e+00
6.0000e+01 7.0000e+01 -5.2437e+00
6.0000e+01 8.0000e+01 -2.4637e+00
6.0000e+01 9.0000e+01 -2.8352e+00
6.0000e+01 1.0000e+02 -1.7561e+00
6.0000e+01 1.1000e+02 2.1408e+00
6.0000e+01 1.2000e+02 7.9054e-01
6.0000e+01 1.3000e+02 -2.5137e+00
6.0000e+01 1.4000e+02 5.6047e-01
6.0000e+01 1.5000e+02 3.3037e-01
6.0000e+01 1.6000e+02 3.4725e+00
6.0000e+01 1.7000e+02 -1.2608e+00
6.0000e+01 1.8000e+02 -1.9385e+00
6.0000e+01 1.9000e+02 -2.2802e+00
6.0000e+01 2.0000e+02 1.9397e+00
7.0000e+01 -2.0000e+02 -6.6556e-01
7.0000e+01 -1.9000e+02 -3.4883e-02
7.0000e+01 -1.8000e+02 -6.3309e-01
7.0000e+01 -1.7000e+02 8.9125e-01
7.0000e+01 -1.6000e+02 2.6080e-01
7.0000e+01 -1.5000e+02 3.3958e-02
7.0000e+01 -1.4000e+02 5.8043e-01
7.0000e+01 -1.3000e+02 -1.3607e+00
7.0000e+01 -1.2000e+02 5.4187e-01
7.0000e+01 -1.1000e+02 1.6319e+00
7.0000e+01 -1.0000e+02 -2.5325e-01
7.0000e+01 -9.0000e+01 -4.3508e-01
7.0000e+01 -8.0000e+01 -2.1543e+00
7.0000e+01 -7.0000e+01 -1.9146e+00
7.0000e+01 -6.0000e+01 -5.4928e+00
7.0000e+01 -5.0000e+01 -3.7481e-01
7.0000e+01 -4.0000e+01 -7.2870e+00
7.0000e+01 -3.0000e+01 -4.8644e+00
7.0000e+01 -2.0000e+01 -7.4130e+00
7.0000e+01 -1.0000e+01 -7.1266e+00
7.0000e+01 0.0000e+00 -8.9392e+00
7.0000e+01 1.0000e+01 -8.1288e+00
7.0000e+01 2.0000e+01 -6.2097e+00
7.0000e+01 3.0000e+01 -9.0450e+00
7.0000e+01 4.0000e+01 -6.5218e+00
7.0000e+01 5.0000e+01 -5.1344e+00
7.0000e+01 6.0000e+01 -3.5289e+00
7.0000e+01 7.0000e+01 -3.9823e+00
7.0000e+01 8.0000e+01 -2.6517e+00
7.0000e+01 9.0000e+01 -1.6898e+00
7.0000e+01 1.0000e+02 -9.1344e-01
7.0000e+01 1.1000e+02 3.2200e-01
7.0000e+01 1.2000e+02 -6.6766e-01
7.0000e+01 1.3000e+02 -2.2200e+00
7.0000e+01 1.4000e+02 1.5945e+00
7.0000e+01 1.5000e+02 1.3628e-01
7.0000e+01 1.6000e+02 2.5106e+00
7.0000e+01 1.7000e+02 1.2537e+00
7.0000e+01 1.8000e+02 3.2276e-01
7.0000e+01 1.9000e+02 -2.5153e+00
7.0000e+01 2.0000e+02 -3.1689e-03
8.0000e+01 -2.0000e+02 1.1586e-01
8.0000e+01 -1.9000e+02 -9.3408e-01
8.0000e+01 -1.8000e+02 -7.6289e-01
8.0000e+01 -1.7000e+02 2.4989e-01
8.0000e+01 -1.6000e+02 1.8996e+00
8.0000e+01 -1.5000e+02 -1.5835e+00
8.0000e+01 -1.4000e+02 -3.1845e-01
8.0000e+01 -1.3000e+02 1.1094e+00
8.0000e+01 -1.2000e+02 -6.0884e-01
8.0000e+01 -1.1000e+02 3.3586e-02
8.0000e+01 -1.0000e+02 -2.4294e-01
8.0000e+01 -9.0000e+01 6.1923e-02
8.0000e+01 -8.0000e+01 -2.2814e+00
8.0000e+01 -7.0000e+01 -2.6002e+00
8.0000e+01 -6.0000e+01 -4.9770e+00
8.0000e+01 -5.0000e+01 -3.3459e+00
8.0000e+01 -4.0000e+01 -4.4477e+00
8.0000e+01 -3.0000e+01 -6.2978e+00
8.0000e+01 -2.0000e+01 -5.7271e+00
8.0000e+01 -1.0000e+01 -5.3091e+00
8.0000e+01 0.0000e+00 -7.8372e+00
8.0000e+01 1.0000e+01 -6.0014e+00
8.0000e+01 2.0000e+01 -6.6482e+00
8.0000e+01 3.0000e+01 -4.8656e+00
8.0000e+01 4.0000e+01 -3.1390e+00
8.0000e+01 5.0000e+01 -4.6272e+00
8.0000e+01 6.0000e+01 -2.9831e+00
8.0000e+01 7.0000e+01 -2.2345e+00
8.0000e+01 8.0000e+01 -1.9438e+00
8.0000e+01 9.0000e+01 -1.9857e+00
8.0000e+01 1.0000e+02 -3.4950e-01
8.0000e+01 1.1000e+02 -7.6135e-03
8.0000e+01 1.2000e+02 -2.1213e+00
8.0000e+01 1.3000e+02 8.9829e-01
8.0000e+01 1.4000e+02 8.8142e-01
8.0000e+01 1.5000e+02 8.3598e-01
8.0000e+01 1.6000e+02 1.2762e+00
8.0000e+01 1.7000e+02 -7.2930e-01
8.0000e+01 1.8000e+02 -7.1954e-01
8.0000e+01 1.9000e+02 -9.4853e-01
8.0000e+01 2.0000e+02 2.8487e+00
9.0000e+01 -2.0000e+02 1.1911e+00
9.0000e+01 -1.9000e+02 -8.2854e-02
9.0000e+01 -1.8000e+02 5.9369e-01
9.0000e+01 -1.7000e+02 2.4738e-01
9.0000e+01 -1.6000e+02 1.1000e+00
9.0000e+01 -1.5000e+02 -6.0054e-01
9.0000e+01 -1.4000e+02 -2.6915e+00
9.0000e+01 -1.3000e+02 2.8854e-01
9.0000e+01 -1.2000e+02 1.3886e+00
9.0000e+01 -1.1000e+02 -6.7613e-01
9.0000e+01 -1.0000e+02 1.2120e+00
9.0000e+01 -9.0000e+01 1.5910e+00
9.0000e+01 -8.0000e+01 -1.3719e+00
9.0000e+01 -7.0000e+01 -1.5325e+00
9.0000e+01 -6.0000e+01 -1.9625e+00
9.0000e+01 -5.0000e+01 -2.3579e+00
9.0000e+01 -4.0000e+01 -4.8471e+00
9.0000e+01 -3.0000e+01 -5.0670e+00
9.0000e+01 -2.0000e+01 -3.1080e+00
9.0000e+01 -1.0000e+01 -4.6694e+00
9.0000e+01 0.0000e+00 -5.8407e+00
9.0000e+01 1.0000e+01 -2.9585e+00
9.0000e+01 2.0000e+01 -2.8289e+00
9.0000e+01 3.0000e+01 -5.7176e-01
9.0000e+01 4.0000e+01 -6.0274e+00
9.0000e+01 5.0000e+01 -3.4011e+00
9.0000e+01 6.0000e+01 -2.3120e+00
9.0000e+01 7.0000e+01 -2.1837e+00
9.0000e+01 8.0000e+01 -1.6220e+00
9.0000e+01 9.0000e+01 -6.7507e-01
9.0000e+01 1.0000e+02 -2.9238e+00
9.0000e+01 1.1000e+02 -1.9655e+00
9.0000e+01 1.2000e+02 1.2949e+00
9.0000e+01 1.3000e+02 2.1021e-01
9.0000e+01 1.4000e+02 1.1244e+00
9.0000e+01 1.5000e+02 1.4344e+00
9.0000e+01 1.6000e+02 1.6286e+00
9.0000e+01 1.7000e+02 1.0640e+00
9.0000e+01 1.8000e+02 -1.0669e+00
9.0000e+01 1.9000e+02 -8.1259e-01
9.0000e+01 2.0000e+02 2.5080e+00
1.0000e+02 -2.0000e+02 4.6630e-01
1.0000e+02 -1.9000e+02 2.0104e+00
1.0000e+02 -1.8000e+02 1.3544e+00
1.0000e+02 -1.7000e+02 1.9629e-02
1.0000e+02 -1.6000e+02 2.0285e+00
1.0000e+02 -1.5000e+02 3.0558e+00
1.0000e+02 -1.4000e+02 9.5693e-01
1.0000e+02 -1.3000e+02 7.5503e-01
1.0000e+02 -1.2000e+02 -5.1310e-02
1.0000e+02 -1.1000e+02 -2.5848e+00
1.0000e+02 -1.0000e+02 -3.3578e+00
1.0000e+02 -9.0000e+01 2.4865e+00
1.0000e+02 -8.0000e+01 -8.2724e-01
1.0000e+02 -7.0000e+01 -2.2091e+00
1.0000e+02 -6.0000e+01 -3.6559e+00
1.0000e+02 -5.0000e+01 -2.2481e+00
1.0000e+02 -4.0000e+01 -2.5498e+00
1.0000e+02 -3.0000e+01 -4.2548e-01
1.0000e+02 -2.0000e+01 -4.6773e-01
1.0000e+02 -1.0000e+01 -4.9237e+00
1.0000e+02 0.0000e+00 -3.8506e+00
1.0000e+02 1.0000e+01 -4.1328e+00
1.0000e+02 2.0000e+01 -4.3869e+00
1.0000e+02 3.0000e+01 -3.3953e+00
1.0000e+02 4.0000e+01 -6.4839e-02
1.0000e+02 5.0000e+01 -8.9481e-01
1.0000e+02 6.0000e+01 -5.0615e+00
1.0000e+02 7.0000e+01 -1.5206e-01
1.0000e+02 8.0000e+01 -9.2025e-02
1.0000e+02 9.0000e+01 -1.2894e+00
1.0000e+02 1.0000e+02 -9.6342e-01
1.0000e+02 1.1000e+02 2.2042e+00
1.0000e+02 1.2000e+02 -4.6848e-01
1.0000e+02 1.3000e+02 -1.0576e-01
1.0000e+02 1.4000e+02 -3.0172e-01
1.0000e+02 1.5000e+02 -1.8205e+00
1.0000e+02 1.6000e+02 1.6902e+00
1.0000e+02 1.7000e+02 -1.8319e+00
1.0000e+02 1.8000e+02 1.7896e+00
1.0000e+02 1.9000e+02 -1.0809e+00
1.0000e+02 2.0000e+02 2.4701e+00
1.1000e+02 -2.0000e+02 -1.1375e-01
1.1000e+02 -1.9000e+02 2.3364e+00
1.1000e+02 -1.8000e+02 4.7744e-01
1.1000e+02 -1.7000e+02 2.1157e+00
1.1000e+02 -1.6000e+02 -9.1968e-01
1.1000e+02 -1.5000e+02 1.8143e+00
1.1000e+02 -1.4000e+02 -4.2743e-01
1.1000e+02 -1.3000e+02 -4.0066e+00
1.1000e+02 -1.2000e+02 1.1870e+00
1.1000e+02 -1.1000e+02 1.0065e+00
1.1000e+02 -1.0000e+02 -1.9634e+00
1.1000e+02 -9.0000e+01 -2.0541e+00
1.1000e+02 -8.0000e+01 7.5613e-01
1.1000e+02 -7.0000e+01 -1.2533e+00
1.1000e+02 -6.0000e+01 -2.4083e+00
1.1000e+02 -5.0000e+01 -2.3401e+00
1.1000e+02 -4.0000e+01 -1.2553e+00
1.1000e+02 -3.0000e+01 -5.0491e+00
1.1000e+02 -2.0000e+01 -1.6455e+00
1.1000e+02 -1.0000e+01 -3.7338e+00
1.1000e+02 0.0000e+00 -4.8473e-01
1.1000e+02 1.0000e+01 -1.1298e+00
1.1000e+02 2.0000e+01 -1.1105e+00
1.1000e+02 3.0000e+01 4.3886e-01
1.1000e+02 4.0000e+01 -2.5266e+00
1.1000e+02 5.0000e+01 -4.6141e+00
1.1000e+02 6.0000e+01 -4.0842e-02
1.1000e+02 7.0000e+01 -1.6980e-01
1.1000e+02 8.0000e+01 8.8398e-01
1.1000e+02 9.0000e+01 -5.8234e-01
1.1000e+02 1.0000e+02 -4.2320e-01
1.1000e+02 1.1000e+02 4.0060e-01
1.1000e+02 1.2000e+02 -1.9991e+00
1.1000e+02 1.3000e+02 -1.0190e+00
1.1000e+02 1.4000e+02 2.5745e+00
1.1000e+02 1.5000e+02 4.1043e-01
1.1000e+02 1.6000e+02 -4.3704e-01
1.1000e+02 1.7000e+02 1.5064e+00
1.1000e+02 1.8000e+02 5.9709e-01
1.1000e+02 1.9000e+02 -2.2537e-01
1.1000e+02 2.0000e+02 -1.3400e+00
1.2000e+02 -2.0000e+02 9.2354e-01
1.2000e+02 -1.9000e+02 4.2063e-01
1.2000e+02 -1.8000e+02 1.4057e-01
1.2000e+02 -1.7000e+02 -2.1350e+00
1.2000e+02 -1.6000e+02 9.4926e-01
1.2000e+02 -1.5000e+02 -1.6824e+00
1.2000e+02 -1.4000e+02 2.3387e+00
1.2000e+02 -1.3000e+02 -1.6596e+00
1.2000e+02 -1.2000e+02 2.4331e-01
1.2000e+02 -1.1000e+02 5.0545e-01
1.2000e+02 -1.0000e+02 -2.3998e+00
1.2000e+02 -9.0000e+01 -2.5641e+00
1.2000e+02 -8.0000e+01 -2.9499e-01
1.2000e+02 -7.0000e+01 -1.9522e+00
1.2000e+02 -6.0000e+01 -9.3373e-01
1.2000e+02 -5.0000e+01 -2.5977e+00
1.2000e+02 -4.0000e+01 -6.3617e-01
1.2000e+02 -3.0000e+01 -1.3111e-01
1.2000e+02 -2.0000e+01 -6.9652e-01
1.2000e+02 -1.0000e+01 -3.2866e-01
1.2000e+02 0.0000e+00 -1.9626e+00
1.2000e+02 1.0000e+01 -1.8570e+00
1.2000e+02 2.0000e+01 2.0612e+00
1.2000e+02 3.0000e+01 2.0004e+00
1.2000e+02 4.0000e+01 -1.7705e+00
1.2000e+02 5.0000e+01 -2.9035e+00
1.2000e+02 6.0000e+01 -2.3795e-01
1.2000e+02 7.0000e+01 -1.3894e+00
1.2000e+02 8.0000e+01 -8.7557e-01
1.2000e+02 9.0000e+01 -1.1798e+00
1.2000e+02 1.0000e+02 3.3551e-01
1.2000e+02 1.1000e+02 -7.3914e-01
1.2000e+02 1.2000e+02 1.3238e-01
1.2000e+02 1.3000e+02 -1.1627e+00
1.2000e+02 1.4000e+02 -1.2670e-01
1.2000e+02 1.5000e+02 1.1623e+00
1.2000e+02 1.6000e+02 5.5982e-01
1.2000e+02 1.7000e+02 -1.1693e+00
1.2000e+02 1.8000e+02 1.4600e-01
1.2000e+02 1.9000e+02 -1.8224e+00
1.2000e+02 2.0000e+02 -9.2333e-01
1.3000e+02 -2.0000e+02 -2.9175e+00
1.3000e+02 -1.9000e+02 1.0547e+00
1.3000e+02 -1.8000e+02 -1.0659e+00
1.3000e+02 -1.7000e+02 -1.5144e+00
1.3000e+02 -1.6000e+02 1.7183e+00
1.3000e+02 -1.5000e+02 -5.7928e-01
1.3000e+02 -1.4000e+02 -2.1327e+00
1.3000e+02 -1.3000e+02 -2.7865e+00
1.3000e+02 -1.2000e+02 1.1869e+00
1.3000e+02 -1.1000e+02 -8.1551e-01
1.3000e+02 -1.0000e+02 -7.5610e-01
1.3000e+02 -9.0000e+01 1.2876e+00
1.3000e+02 -8.0000e+01 -9.3680e-01
1.3000e+02 -7.0000e+01 1.6675e+00
1.3000e+02 -6.0000e+01 7.6615e-01
1.3000e+02 -5.0000e+01 7.0674e-01
1.3000e+02 -4.0000e+01 -1.5477e-01
1.3000e+02 -3.0000e+01 -2.0474e+00
1.3000e+02 -2.0000e+01 -1.7221e+00
1.3000e+02 -1.0000e+01 -2.0566e+00
1.3000e+02 0.0000e+00 -3.1514e+00
1.3000e+02 1.0000e+01 -5.0023e-01
1.3000e+02 2.0000e+01 -1.3769e+00
1.3000e+02 3.0000e+01 5.3829e-01
1.3000e+02 4.0000e+01 -4.9141e+00
1.3000e+02 5.0000e+01 6.1627e-01
1.3000e+02 6.0000e+01 -5.9448e-01
1.3000e+02 7.0000e+01 -7.0261e-01
1.3000e+02 8.0000e+01 -1.3059e+00
1.3000e+02 9.0000e+01 1.0991e+00
1.3000e+02 1.0000e+02 -1.7861e+00
1.3000e+02 1.1000e+02 -2.8176e-01
1.3000e+02 1.2000e+02 -1.0531e+00
1.3000e+02 1.3000e+02 -1.2059e+00
1.3000e+02 1.4000e+02 2.8130e+00
1.3000e+02 1.5000e+02 2.5771e+00
1.3000e+02 1.6000e+02 -2.5308e-01
1.3000e+02 1.7000e+02 1.6415e+00
1.3000e+02 1.8000e+02 2.1546e+00
1.3000e+02 1.9000e+02 1.1669e+00
1.3000e+02 2.0000e+02 3.8094e-01
1.4000e+02 -2.0000e+02 2.3320e+00
1.4000e+02 -1.9000e+02 1.6845e-01
1.4000e+02 -1.8000e+02 -2.5608e+00
1.4000e+02 -1.7000e+02 -1.8875e+00
1.4000e+02 -1.6000e+02 -1.0188e+00
1.4000e+02 -1.5000e+02 -8.8540e-01
1.4000e+02 -1.4000e+02 1.3851e+00
1.4000e+02 -1.3000e+02 -1.9415e+00
1.4000e+02 -1.2000e+02 -1.0983e+00
1.4000e+02 -1.1000e+02 -4.4039e-01
1.4000e+02 -1.0000e+02 4.6625e-01
1.4000e+02 -9.0000e+01 2.2523e-01
1.4000e+02 -8.0000e+01 1.8951e-02
1.4000e+02 -7.0000e+01 8.1971e-01
1.4000e+02 -6.0000e+01 3.8693e-01
1.4000e+02 -5.0000e+01 -1.5383e+00
1.4000e+02 -4.0000e+01 3.3772e-01
1.4000e+02 -3.0000e+01 -1.5146e+00
1.4000e+02 -2.0000e+01 -1.9013e+00
1.4000e+02 -1.0000e+01 -2.5347e+00
1.4000e+02 0.0000e+00 2.2164e-01
1.4000e+02 1.0000e+01 -2.7048e-01
1.4000e+02 2.0000e+01 -8.7613e-01
1.4000e+02 3.0000e+01 -5.1529e-01
1.4000e+02 4.0000e+01 -2.1562e-01
1.4000e+02 5.0000e+01 -1.9375e+00
1.4000e+02 6.0000e+01 -2.2443e+00
1.4000e+02 7.0000e+01 -1.2302e+00
1.4000e+02 8.0000e+01 1.1330e+00
1.4000e+02 9.0000e+01 2.3470e+00
1.4000e+02 1.0000e+02 -1.4187e+00
1.4000e+02 1.1000e+02 -1.2608e+00
1.4000e+02 1.2000e+02 -1.0164e+00
1.4000e+02 1.3000e+02 7.2417e-01
1.4000e+02 1.4000e+02 1.9687e-01
1.4000e+02 1.5000e+02 -9.8714e-01
1.4000e+02 1.6000e+02 -5.0574e-01
1.4000e+02 1.7000e+02 3.7258e+00
1.4000e+02 1.8000e+02 7.7675e-01
1.4000e+02 1.9000e+02 1.0641e+00
1.4000e+02 2.0000e+02 1.0038e+00
1.5000e+02 -2.0000e+02 1.6441e+00
1.5000e+02 -1.9000e+02 -1.5584e+00
1.5000e+02 -1.8000e+02 1.0173e+00
1.5000e+02 -1.7000e+02 -1.2104e+00
1.5000e+02 -1.6000e+02 1.1602e+00
1.5000e+02 -1.5000e+02 -1.6162e-02
1.5000e+02 -1.4000e+02 -1.7461e+00
1.5000e+02 -1.3000e+02 -1.9303e+00
1.5000e+02 -1.2000e+02 -2.4416e+00
1.5000e+02 -1.1000e+02 -1.3531e+00
1.5000e+02 -1.0000e+02 -2.2314e+00
1.5000e+02 -9.0000e+01 -8.8977e-01
1.5000e+02 -8.0000e+01 -1.0680e+00
1.5000e+02 -7.0000e+01 1.5285e-02
1.5000e+02 -6.0000e+01 1.3398e+00
1.5000e+02 -5.0000e+01 -3.8764e+00
1.5000e+02 -4.0000e+01 8.4616e-01
1.5000e+02 -3.0000e+01 -7.9020e-01
1.5000e+02 -2.0000e+01 1.4676e+00
1.5000e+02 -1.0000e+01 -1.9058e+00
1.5000e+02 0.0000e+00 3.0353e+00
1.5000e+02 1.0000e+01 -3.9853e-01
1.5000e+02 2.0000e+01 -1.0438e+00
1.5000e+02 3.0000e+01 2.2366e+00
1.5000e+02 4.0000e+01 -1.3929e+00
1.5000e+02 5.0000e+01 -1.2026e+00
1.5000e+02 6.0000e+01 1.1082e+00
1.5000e+02 7.0000e+01 -6.7554e-02
1.5000e+02 8.0000e+01 -1.3085e-01
1.5000e+02 9.0000e+01 1.3267e+00
1.5000e+02 1.0000e+02 -2.0752e+00
1.5000e+02 1.1000e+02 -2.2454e-01
1.5000e+02 1.2000e+02 -9.5905e-01
1.5000e+02 1.3000e+02 4.0146e-01
1.5000e+02 1.4000e+02 1.5606e+00
1.5000e+02 1.5000e+02 4.3705e-01
1.5000e+02 1.6000e+02 1.2236e+00
1.5000e+02 1.7000e+02 -1.0661e+00
1.5000e+02 1.8000e+02 -5.8316e-01
1.5000e+02 1.9000e+02 -1.1980e+00
1.5000e+02 2.0000e+02 -1.8530e+00
1.6000e+02 -2.0000e+02 -1.7387e+00
1.6000e+02 -1.9000e+02 8.9397e-01
1.6000e+02 -1.8000e+02 -1.5541e+00
1.6000e+02 -1.7000e+02 3.1273e-02
1.6000e+02 -1.6000e+02 3.2665e-01
1.6000e+02 -1.5000e+02 7.7982e-01
1.6000e+02 -1.4000e+02 -7.0587e-02
1.6000e+02 -1.3000e+02 -7.2912e-01
1.6000e+02 -1.2000e+02 1.2162e+00
1.6000e+02 -1.1000e+02 2.3303e+00
1.6000e+02 -1.0000e+02 -2.1045e+00
1.6000e+02 -9.0000e+01 -4.8879e-01
1.6000e+02 -8.0000e+01 9.6992e-01
1.6000e+02 -7.0000e+01 6.5546e-01
1.6000e+02 -6.0000e+01 -4.7720e-01
1.6000e+02 -5.0000e+01 -3.5391e+00
1.6000e+02 -4.0000e+01 -1.4004e-01
1.6000e+02 -3.0000e+01 4.3323e-01
1.6000e+02 -2.0000e+01 -3.0604e+00
1.6000e+02 -1.0000e+01 -6.0910e-01
1.6000e+02 0.0000e+00 -2.9311e+00
1.6000e+02 1.0000e+01 -2.0980e+00
1.6000e+02 2.0000e+01 -3.8517e-01
1.6000e+02 3.0000e+01 -9.4014e-01
1.6000e+02 4.0000e+01 1.3310e-01
1.6000e+02 5.0000e+01 9.8651e-01
1.6000e+02 6.0000e+01 -1.0898e+00
1.6000e+02 7.0000e+01 -1.0467e-01
1.6000e+02 8.0000e+01 -2.5458e-01
1.6000e+02 9.0000e+01 -8.4621e-01
1.6000e+02 1.0000e+02 3.7754e-01
1.6000e+02 1.1000e+02 1.7321e+00
1.6000e+02 1.2000e+02 -2.9991e-01
1.6000e+02 1.3000e+02 -5.4795e-01
1.6000e+02 1.4000e+02 3.1392e-01
1.6000e+02 1.5000e+02 4.7494e-01
1.6000e+02 1.6000e+02 1.4043e+00
1.6000e+02 1.7000e+02 6.0097e-01
1.6000e+02 1.8000e+02 -1.8186e+00
1.6000e+02 1.9000e+02 -9.7437e-01
1.6000e+02 2.0000e+02 -7.0027e-01
1.7000e+02 -2.0000e+02 1.1398e+00
1.7000e+02 -1.9000e+02 -7.8880e-01
1.7000e+02 -1.8000e+02 -1.1524e+00
1.7000e+02 -1.7000e+02 -1.1760e+00
1.7000e+02 -1.6000e+02 -1.9813e+00
1.7000e+02 -1.5000e+02 -2.2484e+00
1.7000e+02 -1.4000e+02 2.1452e+00
1.7000e+02 -1.3000e+02 8.0693e-01
1.7000e+02 -1.2000e+02 1.8255e+00
1.7000e+02 -1.1000e+02 -3.8301e+00
1.7000e+02 -1.0000e+02 8.7745e-01
1.7000e+02 -9.0000e+01 -1.9447e+00
1.7000e+02 -8.0000e+01 -7.8454e-01
1.7000e+02 -7.0000e+01 7.3307e-01
1.7000e+02 -6.0000e+01 -1.4491e+00
1.7000e+02 -5.0000e+01 -1.2558e+00
1.7000e+02 -4.0000e+01 -2.0432e+00
1.7000e+02 -3.0000e+01 -3.0830e+00
1.7000e+02 -2.0000e+01 8.0744e-01
1.7000e+02 -1.0000e+01 3.4824e-01
1.7000e+02 0.0000e+00 2.9261e-01
1.7000e+02 1.0000e+01 1.7836e+00
1.7000e+02 2.0000e+01 -3.1065e+00
1.7000e+02 3.0000e+01 -1.2188e+00
1.7000e+02 4.0000e+01 -6.2564e-01
1.7000e+02 5.0000e+01 -9.2662e-01
1.7000e+02 6.0000e+01 -4.7188e-01
1.7000e+02 7.0000e+01 -1.1498e+00
1.7000e+02 8.0000e+01 -6.5737e-01
1.7000e+02 9.0000e+01 1.6032e+00
1.7000e+02 1.0000e+02 -1.0568e+00
1.7000e+02 1.1000e+02 -1.1311e+00
1.7000e+02 1.2000e+02 1.5789e-01
1.7000e+02 1.3000e+02 1.4381e+00
1.7000e+02 1.4000e+02 1.1280e+00
1.7000e+02 1.5000e+02 -1.2818e+00
1.7000e+02 1.6000e+02 -2.9690e-01
1.7000e+02 1.7000e+02 -7.8516e-01
1.7000e+02 1.8000e+02 -1.3654e+00
1.7000e+02 1.9000e+02 6.8128e-01
1.7000e+02 2.0000e+02 -8.0874e-01
1.8000e+02 -2.0000e+02 5.8849e-01
1.8000e+02 -1.9000e+02 -3.0621e+00
1.8000e+02 -1.8000e+02 -2.9484e+00
1.8000e+02 -1.7000e+02 1.5207e+00
1.8000e+02 -1.6000e+02 8.7657e-02
1.8000e+02 -1.5000e+02 -1.7356e+00
1.8000e+02 -1.4000e+02 -1.6341e-01
1.8000e+02 -1.3000e+02 2.0695e+00
1.8000e+02 -1.2000e+02 8.0561e-01
1.8000e+02 -1.1000e+02 -3.4475e+00
1.8000e+02 -1.0000e+02 1.0484e-02
1.8000e+02 -9.0000e+01 -2.0013e+00
1.8000e+02 -8.0000e+01 -2.3324e-01
1.8000e+02 -7.0000e+01 1.4672e+00
1.8000e+02 -6.0000e+01 1.0312e+00
1.8000e+02 -5.0000e+01 2.6538e+00
1.8000e+02 -4.0000e+01 -1.0579e+00
1.8000e+02 -3.0000e+01 2.6673e+00
1.8000e+02 -2.0000e+01 -5.8664e-01
1.8000e+02 -1.0000e+01 -1.0335e+00
1.8000e+02 0.0000e+00 2.7100e+00
1.8000e+02 1.0000e+01 2.4645e+00
1.8000e+02 2.0000e+01 1.2541e-01
1.8000e+02 3.0000e+01 3.1553e+00
1.8000e+02 4.0000e+01 2.8742e-01
1.8000e+02 5.0000e+01 -8.4704e-01
1.8000e+02 6.0000e+01 7.2052e-01
1.8000e+02 7.0000e+01 4.4112e-01
1.8000e+02 8.0000e+01 1.3341e+00
1.8000e+02 9.0000e+01 -2.8016e+00
1.8000e+02 1.0000e+02 -4.4304e-01
1.8000e+02 1.1000e+02 1.3492e-01
1.8000e+02 1.2000e+02 1.2873e+00
1.8000e+02 1.3000e+02 -6.3377e-01
1.8000e+02 1.4000e+02 4.4557e-01
1.8000e+02 1.5000e+02 9.2782e-01
1.8000e+02 1.6000e+02 7.7439e-01
1.8000e+02 1.7000e+02 -8.7188e-01
1.8000e+02 1.8000e+02 -1.5735e+00
1.8000e+02 1.9000e+02 1.7761e+00
1.8000e+02 2.0000e+02 3.2795e-01
1.9000e+02 -2.0000e+02 -5.9317e-01
1.9000e+02 -1.9000e+02 7.0813e-01
1.9000e+02 -1.8000e+02 9.3122e-01
1.9000e+02 -1.7000e+02 -2.2226e+00
1.9000e+02 -1.6000e+02 -1.3026e+00
1.9000e+02 -1.5000e+02 -6.8331e-01
1.9000e+02 -1.4000e+02 3.2821e-01
1.9000e+02 -1.3000e+02 -9.8813e-01
1.9000e+02 -1.2000e+02 -1.4818e+00
1.9000e+02 -1.1000e+02 5.3458e-01
1.9000e+02 -1.0000e+02 2.2094e+00
1.9000e+02 -9.0000e+01 1.2350e+00
1.9000e+02 -8.0000e+01 -9.8209e-01
1.9000e+02 -7.0000e+01 1.2520e+00
1.9000e+02 -6.0000e+01 -1.8292e+00
1.9000e+02 -5.0000e+01 -1.8267e+00
1.9000e+02 -4.0000e+01 5.7558e-01
1.9000e+02 -3.0000e+01 1.3147e-02
1.9000e+02 -2.0000e+01 -1.0163e-01
1.9000e+02 -1.0000e+01 -3.1796e+00
1.9000e+02 0.0000e+00 1.7318e+00
1.9000e+02 1.0000e+01 -1.2259e+00
1.9000e+02 2.0000e+01 3.6378e-01
1.9000e+02 3.0000e+01 -2.4366e+00
1.9000e+02 4.0000e+01 -1.7570e+00
1.9000e+02 5.0000e+01 4.2983e+00
1.9000e+02 6.0000e+01 -1.2475e+00
1.9000e+02 7.0000e+01 2.4888e+00
1.9000e+02 8.0000e+01 1.5965e+00
1.9000e+02 9.0000e+01 -4.8635e-01
1.9000e+02 1.0000e+02 2.1560e+00
1.9000e+02 1.1000e+02 3.5062e-01
1.9000e+02 1.2000e+02 -1.2300e+00
1.9000e+02 1.3000e+02 -3.1348e+00
1.9000e+02 1.4000e+02 1.0057e-01
1.9000e+02 1.5000e+02 -1.4261e-01
1.9000e+02 1.6000e+02 -7.2127e-01
1.9000e+02 1.7000e+02 2.0575e+00
1.9000e+02 1.8000e+02 -1.3976e+00
1.9000e+02 1.9000e+02 2.1460e+00
1.9000e+02 2.0000e+02 7.7534e-01
2.0000e+02 -2.0000e+02 4.2367e-01
2.0000e+02 -1.9000e+02 2.7914e-01
2.0000e+02 -1.8000e+02 -1.0664e+00
2.0000e+02 -1.7000e+02 1.2816e+00
2.0000e+02 -1.6000e+02 -2.4404e-01
2.0000e+02 -1.5000e+02 -1.9872e+00
2.0000e+02 -1.4000e+02 3.8291e-01
2.0000e+02 -1.3000e+02 -2.0692e+00
2.0000e+02 -1.2000e+02 8.3290e-01
2.0000e+02 -1.1000e+02 -2.7522e+00
2.0000e+02 -1.0000e+02 2.3001e+00
2.0000e+02 -9.0000e+01 1.5408e+00
2.0000e+02 -8.0000e+01 -5.6000e-01
2.0000e+02 -7.0000e+01 -3.2984e+00
2.0000e+02 -6.0000e+01 -4.6109e-01
2.0000e+02 -5.0000e+01 5.0026e-01
2.0000e+02 -4.0000e+01 1.6380e+00
2.0000e+02 -3.0000e+01 1.0035e+00
2.0000e+02 -2.0000e+01 -2.3512e+00
2.0000e+02 -1.0000e+01 7.7011e-01
2.0000e+02 0.0000e+00 3.5600e-01
2.0000e+02 1.0000e+01 -8.0585e-01
2.0000e+02 2.0000e+01 -8.3302e-02
2.0000e+02 3.0000e+01 1.0707e+00
2.0000e+02 4.0000e+01 -7.0043e-01
2.0000e+02 5.0000e+01 1.8492e+00
2.0000e+02 6.0000e+01 -5.6611e-01
2.0000e+02 7.0000e+01 1.0446e+00
2.0000e+02 8.0000e+01 7.2307e-01
2.0000e+02 9.0000e+01 -6.1470e-01
2.0000e+02 1.0000e+02 3.9887e-01
2.0000e+02 1.1000e+02 -1.2824e+00
2.0000e+02 1.2000e+02 3.0484e+00
2.0000e+02 1.3000e+02 1.3362e+00
2.0000e+02 1.4000e+02 1.6792e+00
2.0000e+02 1.5000e+02 -1.3142e+00
2.0000e+02 1.6000e+02 1.2686e+00
2.0000e+02 1.7000e+02 2.6782e+00
2.0000e+02 1.8000e+02 4.4759e-01
2.0000e+02 1.9000e+02 -6.5046e-01
2.0000e+02 2.0000e+02 1.7748e+00
