-2.0000e+02 -2.0000e+02 2.1701e+00
-2.0000e+02 -1.9000e+02 6.8157e-01
-2.0000e+02 -1.8000e+02 1.8308e+00
-2.0000e+02 -1.7000e+02 1.4831e+00
-2.0000e+02 -1.6000e+02 9.4577e-01
-2.0000e+02 -1.5000e+02 -1.0633e+00
-2.0000e+02 -1.4000e+02 -2.4421e+00
-2.0000e+02 -1.3000e+02 -1.3112e+00
-2.0000e+02 -1.2000e+02 -2.1957e+00
-2.0000e+02 -1.1000e+02 5.6110e-01
-2.0000e+02 -1.0000e+02 -2.5237e-01
-2.0000e+02 -9.0000e+01 -1.5136e-01
-2.0000e+02 -8.0000e+01 -3.5816e-01
-2.0000e+02 -7.0000e+01 -1.9824e+00
-2.0000e+02 -6.0000e+01 -2.2603e-01
-2.0000e+02 -5.0000e+01 9.6764e-01
-2.0000e+02 -4.0000e+01 -8.6587e-01
-2.0000e+02 -3.0000e+01 -8.3820e-01
-2.0000e+02 -2.0000e+01 1.8586e+00
-2.0000e+02 -1.0000e+01 1.2664e+00
-2.0000e+02 0.0000e+00 5.8740e-01
-2.0000e+02 1.0000e+01 -2.3929e+00
-2.0000e+02 2.0000e+01 2.5243e-01
-2.0000e+02 3.0000e+01 6.8491e-02
-2.0000e+02 4.0000e+01 -1.9601e+00
-2.0000e+02 5.0000e+01 7.7588e-03
-2.0000e+02 6.0000e+01 2.0011e+00
-2.0000e+02 7.0000e+01 2.1465e+00
-2.0000e+02 8.0000e+01 1.8737e-02
-2.0000e+02 9.0000e+01 -9.4633e-01
-2.0000e+02 1.0000e+02 9.5427e-02
-2.0000e+02 1.1000e+02 -6.9267e-02
-2.0000e+02 1.2000e+02 -1.2722e+00
-2.0000e+02 1.3000e+02 8.1618e-01
-2.0000e+02 1.4000e+02 -3.2643e-01
-2.0000e+02 1.5000e+02 -2.5130e+00
-2.0000e+02 1.6000e+02 1.1251e-02
-2.0000e+02 1.7000e+02 -1.3921e+00
-2.0000e+02 1.8000e+02 2.6822e+00
-2.0000e+02 1.9000e+02 1.4991e-02
-2.0000e+02 2.0000e+02 1.0349e-01
-1.9000e+02 -2.0000e+02 -5.1589e-01
-1.9000e+02 -1.9000e+02 1.4555e+00
-1.9000e+02 -1.8000e+02 -1.1985e+00
-1.9000e+02 -1.7000e+02 -2.9055e+00
-1.9000e+02 -1.6000e+02 1.3468e+00
-1.9000e+02 -1.5000e+02 1.0553e+00
-1.9000e+02 -1.4000e+02 8.9158e-01
-1.9000e+02 -1.3000e+02 5.9492e-01
-1.9000e+02 -1.2000e+02 1.3149e+00
-1.9000e+02 -1.1000e+02 4.1401e-01
-1.9000e+02 -1.0000e+02 2.1782e+00
-1.9000e+02 -9.0000e+01 -1.2658e+00
-1.9000e+02 -8.0000e+01 5.8281e-01
-1.9000e+02 -7.0000e+01 -8.6382e-01
-1.9000e+02 -6.0000e+01 -1.3444e+00
-1.9000e+02 -5.0000e+01 3.3147e+00
-1.9000e+02 -4.0000e+01 -9.7544e-01
-1.9000e+02 -3.0000e+01 7.6028e-01
-1.9000e+02 -2.0000e+01 -9.9800e-01
-1.9000e+02 -1.0000e+01 -1.6865e+00
-1.9000e+02 0.0000e+00 1.3180e+00
-1.9000e+02 1.0000e+01 8.3552e-01
-1.9000e+02 2.0000e+01 7.6418e-01
-1.9000e+02 3.0000e+01 1.8077e+00
-1.9000e+02 4.0000e+01 1.4382e+00
-1.9000e+02 5.0000e+01 -2.0812e+00
-1.9000e+02 6.0000e+01 -3.7790e-02
-1.9000e+02 7.0000e+01 2.7665e-01
-1.9000e+02 8.0000e+01 -8.8330e-01
-1.9000e+02 9.0000e+01 -1.0387e+00
-1.9000e+02 1.0000e+02 -7.8942e-01
-1.9000e+02 1.1000e+02 -1.8537e+00
-1.9000e+02 1.2000e+02 -8.0308e-01
-1.9000e+02 1.3000e+02 -1.3108e-01
-1.9000e+02 1.4000e+02 -1.5740e+00
-1.9000e+02 1.5000e+02 -3.3755e-01
-1.9000e+02 1.6000e+02 1.2968e+00
-1.9000e+02 1.7000e+02 -7.7517e-02
-1.9000e+02 1.8000e+02 2.0474e+00
-1.9000e+02 1.9000e+02 3.9191e-02
-1.9000e+02 2.0000e+02 1.2755e+00
-1.8000e+02 -2.0000e+02 2.4284e+00
-1.8000e+02 -1.9000e+02 2.1602e+00
-1.8000e+02 -1.8000e+02 3.9673e-01
-1.8000e+02 -1.7000e+02 2.0408e+00
-1.8000e+02 -1.6000e+02 3.8233e+00
-1.8000e+02 -1.5000e+02 -1.3000e+00
-1.8000e+02 -1.4000e+02 -8.1654e-01
-1.8000e+02 -1.3000e+02 -7.0090e-01
-1.8000e+02 -1.2000e+02 1.1571e+00
-1.8000e+02 -1.1000e+02 -1.6369e+00
-1.8000e+02 -1.0000e+02 8.7136e-01
-1.8000e+02 -9.0000e+01 -1.4887e+00
-1.8000e+02 -8.0000e+01 -1.1696e+00
-1.8000e+02 -7.0000e+01 -1.2940e+00
-1.8000e+02 -6.0000e+01 1.8050e-01
-1.8000e+02 -5.0000e+01 9.1335e-01
-1.8000e+02 -4.0000e+01 9.9179e-01
-1.8000e+02 -3.0000e+01 -8.5579e-01
-1.8000e+02 -2.0000e+01 1.2661e+00
-1.8000e+02 -1.0000e+01 -1.2315e+00
-1.8000e+02 0.0000e+00 -5.9338e-01
-1.8000e+02 1.0000e+01 1.9398e+00
-1.8000e+02 2.0000e+01 4.2274e-01
-1.8000e+02 3.0000e+01 -1.5452e-01
-1.8000e+02 4.0000e+01 -6.1840e-01
-1.8000e+02 5.0000e+01 -2.5685e+00
-1.8000e+02 6.0000e+01 3.7289e-01
-1.8000e+02 7.0000e+01 -2.1729e+00
-1.8000e+02 8.0000e+01 1.3183e+00
-1.8000e+02 9.0000e+01 -1.2505e+00
-1.8000e+02 1.0000e+02 -6.6133e-02
-1.8000e+02 1.1000e+02 -1.2262e+00
-1.8000e+02 1.2000e+02 -1.1795e+00
-1.8000e+02 1.3000e+02 -1.1756e+00
-1.8000e+02 1.4000e+02 2.1568e+00
-1.8000e+02 1.5000e+02 -5.4571e-01
-1.8000e+02 1.6000e+02 -7.4683e-01
-1.8000e+02 1.7000e+02 -4.6180e-01
-1.8000e+02 1.8000e+02 2.5926e-02
-1.8000e+02 1.9000e+02 6.7806e-01
-1.8000e+02 2.0000e+02 6.3259e-01
-1.7000e+02 -2.0000e+02 -2.3141e-01
-1.7000e+02 -1.9000e+02 6.3228e-01
-1.7000e+02 -1.8000e+02 -3.1602e-01
-1.7000e+02 -1.7000e+02 5.8960e-01
-1.7000e+02 -1.6000e+02 2.6142e-01
-1.7000e+02 -1.5000e+02 1.3582e+00
-1.7000e+02 -1.4000e+02 6.2036e-02
-1.7000e+02 -1.3000e+02 5.5060e-01
-1.7000e+02 -1.2000e+02 -2.4307e-02
-1.7000e+02 -1.1000e+02 -1.4187e+00
-1.7000e+02 -1.0000e+02 -6.7285e-02
-1.7000e+02 -9.0000e+01 5.9720e-01
-1.7000e+02 -8.0000e+01 -1.5545e+00
-1.7000e+02 -7.0000e+01 1.5689e+00
-1.7000e+02 -6.0000e+01 -4.4192e+00
-1.7000e+02 -5.0000e+01 2.2829e+00
-1.7000e+02 -4.0000e+01 6.8535e-01
-1.7000e+02 -3.0000e+01 -9.4163e-01
-1.7000e+02 -2.0000e+01 1.9430e+00
-1.7000e+02 -1.0000e+01 -2.7943e+00
-1.7000e+02 0.0000e+00 -1.3010e+00
-1.7000e+02 1.0000e+01 -2.4077e+00
-1.7000e+02 2.0000e+01 -7.0097e-01
-1.7000e+02 3.0000e+01 -7.1549e-01
-1.7000e+02 4.0000e+01 1.3587e+00
-1.7000e+02 5.0000e+01 2.0797e-01
-1.7000e+02 6.0000e+01 4.0751e-01
-1.7000e+02 7.0000e+01 1.6247e+00
-1.7000e+02 8.0000e+01 2.0879e+00
-1.7000e+02 9.0000e+01 1.2922e+00
-1.7000e+02 1.0000e+02 -2.5132e+00
-1.7000e+02 1.1000e+02 3.3401e-01
-1.7000e+02 1.2000e+02 -2.8854e+00
-1.7000e+02 1.3000e+02 -2.4317e+00
-1.7000e+02 1.4000e+02 3.4691e-01
-1.7000e+02 1.5000e+02 -6.9219e-01
-1.7000e+02 1.6000e+02 -1.2792e+00
-1.7000e+02 1.7000e+02 -1.8346e+00
-1.7000e+02 1.8000e+02 1.8772e-01
-1.7000e+02 1.9000e+02 1.5087e+00
-1.7000e+02 2.0000e+02 -1.6578e+00
-1.6000e+02 -2.0000e+02 -2.7174e-01
-1.6000e+02 -1.9000e+02 -3.3706e+00
-1.6000e+02 -1.8000e+02 -1.4350e+00
-1.6000e+02 -1.7000e+02 1.9494e+00
-1.6000e+02 -1.6000e+02 1.4315e+00
-1.6000e+02 -1.5000e+02 1.3963e+00
-1.6000e+02 -1.4000e+02 -2.3313e-01
-1.6000e+02 -1.3000e+02 -1.5615e+00
-1.6000e+02 -1.2000e+02 -7.3162e-01
-1.6000e+02 -1.1000e+02 -3.0474e+00
-1.6000e+02 -1.0000e+02 8.1925e-02
-1.6000e+02 -9.0000e+01 -7.9971e-02
-1.6000e+02 -8.0000e+01 1.7762e-01
-1.6000e+02 -7.0000e+01 3.4567e-01
-1.6000e+02 -6.0000e+01 -9.1843e-01
-1.6000e+02 -5.0000e+01 1.3200e+00
-1.6000e+02 -4.0000e+01 -1.5849e+00
-1.6000e+02 -3.0000e+01 -1.6054e+00
-1.6000e+02 -2.0000e+01 4.0180e-01
-1.6000e+02 -1.0000e+01 -2.0343e+00
-1.6000e+02 0.0000e+00 -9.8096e-01
-1.6000e+02 1.0000e+01 -2.3469e+00
-1.6000e+02 2.0000e+01 -5.2393e-02
-1.6000e+02 3.0000e+01 1.8137e+00
-1.6000e+02 4.0000e+01 2.9018e+00
-1.6000e+02 5.0000e+01 -1.3263e+00
-1.6000e+02 6.0000e+01 -1.7932e+00
-1.6000e+02 7.0000e+01 7.8697e-01
-1.6000e+02 8.0000e+01 8.6493e-01
-1.6000e+02 9.0000e+01 -2.2073e-01
-1.6000e+02 1.0000e+02 7.8460e-02
-1.6000e+02 1.1000e+02 -9.9968e-01
-1.6000e+02 1.2000e+02 -9.4540e-01
-1.6000e+02 1.3000e+02 -2.3286e-01
-1.6000e+02 1.4000e+02 -1.9983e+00
-1.6000e+02 1.5000e+02 -2.2396e+00
-1.6000e+02 1.6000e+02 9.1728e-01
-1.6000e+02 1.7000e+02 -1.2000e+00
-1.6000e+02 1.8000e+02 -2.0487e+00
-1.6000e+02 1.9000e+02 -1.1217e+00
-1.6000e+02 2.0000e+02 -1.7899e+00
-1.5000e+02 -2.0000e+02 3.2930e+00
-1.5000e+02 -1.9000e+02 -1.9036e+00
-1.5000e+02 -1.8000e+02 -3.3634e-01
-1.5000e+02 -1.7000e+02 -1.4469e+00
-1.5000e+02 -1.6000e+02 6.7319e-01
-1.5000e+02 -1.5000e+02 -1.6568e+00
-1.5000e+02 -1.4000e+02 -1.3042e+00
-1.5000e+02 -1.3000e+02 6.0443e-01
-1.5000e+02 -1.2000e+02 -3.1920e-01
-1.5000e+02 -1.1000e+02 -1.7266e+00
-1.5000e+02 -1.0000e+02 6.4047e-01
-1.5000e+02 -9.0000e+01 1.6922e+00
-1.5000e+02 -8.0000e+01 -1.1728e+00
-1.5000e+02 -7.0000e+01 7.5556e-01
-1.5000e+02 -6.0000e+01 -1.9133e-01
-1.5000e+02 -5.0000e+01 -4.6165e-01
-1.5000e+02 -4.0000e+01 -1.3802e+00
-1.5000e+02 -3.0000e+01 -2.3805e+00
-1.5000e+02 -2.0000e+01 3.8679e-01
-1.5000e+02 -1.0000e+01 3.8794e+00
-1.5000e+02 0.0000e+00 9.1445e-01
-1.5000e+02 1.0000e+01 -7.6507e-01
-1.5000e+02 2.0000e+01 5.1092e-01
-1.5000e+02 3.0000e+01 1.7149e+00
-1.5000e+02 4.0000e+01 -3.7217e-01
-1.5000e+02 5.0000e+01 1.4162e+00
-1.5000e+02 6.0000e+01 1.1467e-01
-1.5000e+02 7.0000e+01 -6.3240e-01
-1.5000e+02 8.0000e+01 -4.6270e-01
-1.5000e+02 9.0000e+01 -1.8299e-01
-1.5000e+02 1.0000e+02 -6.0845e-01
-1.5000e+02 1.1000e+02 2.2237e+00
-1.5000e+02 1.2000e+02 -1.8140e+00
-1.5000e+02 1.3000e+02 2.2961e+00
-1.5000e+02 1.4000e+02 -2.5990e+00
-1.5000e+02 1.5000e+02 2.3117e+00
-1.5000e+02 1.6000e+02 -1.8229e+00
-1.5000e+02 1.7000e+02 6.3007e-01
-1.5000e+02 1.8000e+02 1.0616e+00
-1.5000e+02 1.9000e+02 1.8383e+00
-1.5000e+02 2.0000e+02 5.5563e-02
-1.4000e+02 -2.0000e+02 3.7107e+00
-1.4000e+02 -1.9000e+02 -7.8948e-02
-1.4000e+02 -1.8000e+02 1.5367e+00
-1.4000e+02 -1.7000e+02 7.2324e-01
-1.4000e+02 -1.6000e+02 1.2542e+00
-1.4000e+02 -1.5000e+02 -8.2705e-01
-1.4000e+02 -1.4000e+02 6.5377e-04
-1.4000e+02 -1.3000e+02 1.2752e-01
-1.4000e+02 -1.2000e+02 -6.9453e-01
-1.4000e+02 -1.1000e+02 1.1156e+00
-1.4000e+02 -1.0000e+02 1.9666e+00
-1.4000e+02 -9.0000e+01 -5.8771e-01
-1.4000e+02 -8.0000e+01 1.1343e+00
-1.4000e+02 -7.0000e+01 -8.5588e-01
-1.4000e+02 -6.0000e+01 7.2896e-01
-1.4000e+02 -5.0000e+01 -1.0661e+00
-1.4000e+02 -4.0000e+01 2.3145e-01
-1.4000e+02 -3.0000e+01 -7.5033e-01
-1.4000e+02 -2.0000e+01 1.0255e+00
-1.4000e+02 -1.0000e+01 -1.6001e+00
-1.4000e+02 0.0000e+00 -2.4992e+00
-1.4000e+02 1.0000e+01 1.3896e+00
-1.4000e+02 2.0000e+01 -5.3597e-01
-1.4000e+02 3.0000e+01 -1.5198e+00
-1.4000e+02 4.0000e+01 -1.7471e+00
-1.4000e+02 5.0000e+01 -1.9967e+00
-1.4000e+02 6.0000e+01 -1.2169e+00
-1.4000e+02 7.0000e+01 -7.8816e-01
-1.4000e+02 8.0000e+01 5.3459e-01
-1.4000e+02 9.0000e+01 1.1935e+00
-1.4000e+02 1.0000e+02 -1.2961e-01
-1.4000e+02 1.1000e+02 -1.3961e+00
-1.4000e+02 1.2000e+02 -5.9641e-02
-1.4000e+02 1.3000e+02 -2.7903e-01
-1.4000e+02 1.4000e+02 -9.6410e-01
-1.4000e+02 1.5000e+02 -1.2067e+00
-1.4000e+02 1.6000e+02 2.2668e+00
-1.4000e+02 1.7000e+02 1.6351e+00
-1.4000e+02 1.8000e+02 1.2605e+00
-1.4000e+02 1.9000e+02 -1.1650e+00
-1.4000e+02 2.0000e+02 1.5887e-01
-1.3000e+02 -2.0000e+02 1.9969e-01
-1.3000e+02 -1.9000e+02 -1.4428e+00
-1.3000e+02 -1.8000e+02 1.1836e+00
-1.3000e+02 -1.7000e+02 1.8476e+00
-1.3000e+02 -1.6000e+02 7.6330e-01
-1.3000e+02 -1.5000e+02 5.7471e-02
-1.3000e+02 -1.4000e+02 -8.5451e-01
-1.3000e+02 -1.3000e+02 -5.4640e-01
-1.3000e+02 -1.2000e+02 1.9793e-01
-1.3000e+02 -1.1000e+02 -1.6836e+00
-1.3000e+02 -1.0000e+02 4.2376e-01
-1.3000e+02 -9.0000e+01 1.1820e+00
-1.3000e+02 -8.0000e+01 6.8021e-01
-1.3000e+02 -7.0000e+01 2.5307e+00
-1.3000e+02 -6.0000e+01 -1.5025e+00
-1.3000e+02 -5.0000e+01 -1.8472e+00
-1.3000e+02 -4.0000e+01 -1.2538e+00
-1.3000e+02 -3.0000e+01 3.2201e-01
-1.3000e+02 -2.0000e+01 1.1781e+00
-1.3000e+02 -1.0000e+01 -1.7200e+00
-1.3000e+02 0.0000e+00 -1.8488e+00
-1.3000e+02 1.0000e+01 -1.7424e+00
-1.3000e+02 2.0000e+01 -2.5118e-01
-1.3000e+02 3.0000e+01 3.1337e-01
-1.3000e+02 4.0000e+01 1.1679e+00
-1.3000e+02 5.0000e+01 4.0624e-01
-1.3000e+02 6.0000e+01 -1.1698e+00
-1.3000e+02 7.0000e+01 6.9198e-01
-1.3000e+02 8.0000e+01 -1.0899e+00
-1.3000e+02 9.0000e+01 2.9344e+00
-1.3000e+02 1.0000e+02 -8.0484e-01
-1.3000e+02 1.1000e+02 3.4813e-01
-1.3000e+02 1.2000e+02 -1.9969e+00
-1.3000e+02 1.3000e+02 6.5402e-01
-1.3000e+02 1.4000e+02 -1.2553e+00
-1.3000e+02 1.5000e+02 1.5760e+00
-1.3000e+02 1.6000e+02 2.6949e-02
-1.3000e+02 1.7000e+02 1.9726e+00
-1.3000e+02 1.8000e+02 1.0330e+00
-1.3000e+02 1.9000e+02 5.1251e-01
-1.3000e+02 2.0000e+02 2.6539e+00
-1.2000e+02 -2.0000e+02 1.4908e+00
-1.2000e+02 -1.9000e+02 1.7948e+00
-1.2000e+02 -1.8000e+02 -2.9291e-01
-1.2000e+02 -1.7000e+02 2.3521e+00
-1.2000e+02 -1.6000e+02 1.6303e-01
-1.2000e+02 -1.5000e+02 5.8823e-01
-1.2000e+02 -1.4000e+02 1.0035e+00
-1.2000e+02 -1.3000e+02 5.3191e-02
-1.2000e+02 -1.2000e+02 -2.2303e+00
-1.2000e+02 -1.1000e+02 -4.2628e-04
-1.2000e+02 -1.0000e+02 3.8457e-01
-1.2000e+02 -9.0000e+01 3.2254e-01
-1.2000e+02 -8.0000e+01 -1.1922e+00
-1.2000e+02 -7.0000e+01 -2.7315e+00
-1.2000e+02 -6.0000e+01 -5.6298e-01
-1.2000e+02 -5.0000e+01 -3.9280e+00
-1.2000e+02 -4.0000e+01 -1.9039e+00
-1.2000e+02 -3.0000e+01 -7.7360e-01
-1.2000e+02 -2.0000e+01 -2.9181e+00
-1.2000e+02 -1.0000e+01 -1.9007e+00
-1.2000e+02 0.0000e+00 -3.2884e+00
-1.2000e+02 1.0000e+01 -8.4489e-01
-1.2000e+02 2.0000e+01 2.6460e-01
-1.2000e+02 3.0000e+01 -3.5460e+00
-1.2000e+02 4.0000e+01 1.1394e+00
-1.2000e+02 5.0000e+01 9.2461e-02
-1.2000e+02 6.0000e+01 6.6433e-01
-1.2000e+02 7.0000e+01 -7.6831e-01
-1.2000e+02 8.0000e+01 5.8105e-01
-1.2000e+02 9.0000e+01 -2.4454e+00
-1.2000e+02 1.0000e+02 -2.7608e+00
-1.2000e+02 1.1000e+02 -1.1055e+00
-1.2000e+02 1.2000e+02 3.5483e-01
-1.2000e+02 1.3000e+02 -4.5296e-01
-1.2000e+02 1.4000e+02 -1.1433e+00
-1.2000e+02 1.5000e+02 3.2815e+00
-1.2000e+02 1.6000e+02 2.2270e-01
-1.2000e+02 1.7000e+02 -2.4140e+00
-1.2000e+02 1.8000e+02 1.1409e+00
-1.2000e+02 1.9000e+02 3.2299e+00
-1.2000e+02 2.0000e+02 -2.0080e+00
-1.1000e+02 -2.0000e+02 -9.8642e-01
-1.1000e+02 -1.9000e+02 -1.3371e+00
-1.1000e+02 -1.8000e+02 -6.6165e-01
-1.1000e+02 -1.7000e+02 1.0530e+00
-1.1000e+02 -1.6000e+02 -1.3213e+00
-1.1000e+02 -1.5000e+02 -4.0641e+00
-1.1000e+02 -1.4000e+02 -1.4370e+00
-1.1000e+02 -1.3000e+02 -6.6492e-01
-1.1000e+02 -1.2000e+02 -3.0356e-01
-1.1000e+02 -1.1000e+02 5.0600e-01
-1.1000e+02 -1.0000e+02 -1.1151e+00
-1.1000e+02 -9.0000e+01 5.1484e-01
-1.1000e+02 -8.0000e+01 -2.6839e+00
-1.1000e+02 -7.0000e+01 -2.2954e+00
-1.1000e+02 -6.0000e+01 -1.7665e+00
-1.1000e+02 -5.0000e+01 -1.1265e+00
-1.1000e+02 -4.0000e+01 2.0223e-01
-1.1000e+02 -3.0000e+01 -1.4162e+00
-1.1000e+02 -2.0000e+01 -1.2871e+00
-1.1000e+02 -1.0000e+01 -2.5254e+00
-1.1000e+02 0.0000e+00 -2.6693e+00
-1.1000e+02 1.0000e+01 -4.3878e+00
-1.1000e+02 2.0000e+01 -2.0609e+00
-1.1000e+02 3.0000e+01 -1.7151e+00
-1.1000e+02 4.0000e+01 -1.5921e+00
-1.1000e+02 5.0000e+01 -3.3102e-01
-1.1000e+02 6.0000e+01 -2.8995e+00
-1.1000e+02 7.0000e+01 9.5156e-01
-1.1000e+02 8.0000e+01 2.1791e+00
-1.1000e+02 9.0000e+01 -1.7250e+00
-1.1000e+02 1.0000e+02 6.0678e-01
-1.1000e+02 1.1000e+02 -9.0097e-01
-1.1000e+02 1.2000e+02 2.9085e-01
-1.1000e+02 1.3000e+02 -7.9646e-01
-1.1000e+02 1.4000e+02 1.9651e+00
-1.1000e+02 1.5000e+02 3.6291e-01
-1.1000e+02 1.6000e+02 -3.2078e+00
-1.1000e+02 1.7000e+02 4.8253e-02
-1.1000e+02 1.8000e+02 3.5568e-01
-1.1000e+02 1.9000e+02 1.1644e+00
-1.1000e+02 2.0000e+02 3.3644e-01
-1.0000e+02 -2.0000e+02 -1.1102e+00
-1.0000e+02 -1.9000e+02 8.9195e-01
-1.0000e+02 -1.8000e+02 6.1499e-01
-1.0000e+02 -1.7000e+02 1.9151e-02
-1.0000e+02 -1.6000e+02 -1.1193e+00
-1.0000e+02 -1.5000e+02 1.7318e+00
-1.0000e+02 -1.4000e+02 1.4185e+00
-1.0000e+02 -1.3000e+02 -4.4096e-01
-1.0000e+02 -1.2000e+02 1.1833e+00
-1.0000e+02 -1.1000e+02 -1.5636e+00
-1.0000e+02 -1.0000e+02 -4.1943e+00
-1.0000e+02 -9.0000e+01 4.8670e-01
-1.0000e+02 -8.0000e+01 -3.3747e+00
-1.0000e+02 -7.0000e+01 2.9968e+00
-1.0000e+02 -6.0000e+01 -4.6236e-01
-1.0000e+02 -5.0000e+01 -1.2623e+00
-1.0000e+02 -4.0000e+01 -1.9527e+00
-1.0000e+02 -3.0000e+01 -2.3362e+00
-1.0000e+02 -2.0000e+01 1.2738e-01
-1.0000e+02 -1.0000e+01 -1.7001e-01
-1.0000e+02 0.0000e+00 -4.1474e+00
-1.0000e+02 1.0000e+01 -4.7014e+00
-1.0000e+02 2.0000e+01 -4.4862e+00
-1.0000e+02 3.0000e+01 -4.2471e+00
-1.0000e+02 4.0000e+01 -5.4329e-01
-1.0000e+02 5.0000e+01 -4.9454e-01
-1.0000e+02 6.0000e+01 -2.1553e+00
-1.0000e+02 7.0000e+01 -2.6600e+00
-1.0000e+02 8.0000e+01 -3.5953e-01
-1.0000e+02 9.0000e+01 -1.6062e+00
-1.0000e+02 1.0000e+02 -1.8730e+00
-1.0000e+02 1.1000e+02 8.8454e-01
-1.0000e+02 1.2000e+02 5.2341e-01
-1.0000e+02 1.3000e+02 -3.3276e-01
-1.0000e+02 1.4000e+02 -8.4269e-01
-1.0000e+02 1.5000e+02 3.3845e-01
-1.0000e+02 1.6000e+02 -9.3891e-01
-1.0000e+02 1.7000e+02 -1.2462e+00
-1.0000e+02 1.8000e+02 9.4503e-01
-1.0000e+02 1.9000e+02 2.1549e+00
-1.0000e+02 2.0000e+02 4.5243e-01
-9.0000e+01 -2.0000e+02 -1.4372e+00
-9.0000e+01 -1.9000e+02 6.2965e-01
-9.0000e+01 -1.8000e+02 2.2912e+00
-9.0000e+01 -1.7000e+02 -6.0820e-01
-9.0000e+01 -1.6000e+02 -1.2093e+00
-9.0000e+01 -1.5000e+02 2.3635e+00
-9.0000e+01 -1.4000e+02 2.3092e+00
-9.0000e+01 -1.3000e+02 2.2013e-02
-9.0000e+01 -1.2000e+02 -9.9838e-01
-9.0000e+01 -1.1000e+02 -1.5777e+00
-9.0000e+01 -1.0000e+02 -4.2286e+00
-9.0000e+01 -9.0000e+01 -3.2994e+00
-9.0000e+01 -8.0000e+01 -1.4565e+00
-9.0000e+01 -7.0000e+01 1.0631e+00
-9.0000e+01 -6.0000e+01 -3.7070e+00
-9.0000e+01 -5.0000e+01 -4.2979e+00
-9.0000e+01 -4.0000e+01 -4.4634e+00
-9.0000e+01 -3.0000e+01 -3.5322e+00
-9.0000e+01 -2.0000e+01 -5.2592e+00
-9.0000e+01 -1.0000e+01 -6.2635e+00
-9.0000e+01 0.0000e+00 -6.2969e+00
-9.0000e+01 1.0000e+01 -4.1008e+00
-9.0000e+01 2.0000e+01 -2.2369e+00
-9.0000e+01 3.0000e+01 -2.9431e+00
-9.0000e+01 4.0000e+01 -2.5734e+00
-9.0000e+01 5.0000e+01 -3.6414e+00
-9.0000e+01 6.0000e+01 -4.0505e+00
-9.0000e+01 7.0000e+01 -3.4862e+00
-9.0000e+01 8.0000e+01 -1.2719e+00
-9.0000e+01 9.0000e+01 -4.4531e+00
-9.0000e+01 1.0000e+02 -9.1239e-01
-9.0000e+01 1.1000e+02 -1.3901e+00
-9.0000e+01 1.2000e+02 1.9690e+00
-9.0000e+01 1.3000e+02 5.9322e-02
-9.0000e+01 1.4000e+02 1.1114e+00
-9.0000e+01 1.5000e+02 1.2905e+00
-9.0000e+01 1.6000e+02 2.5725e-01
-9.0000e+01 1.7000e+02 -2.5436e+00
-9.0000e+01 1.8000e+02 -1.3317e+00
-9.0000e+01 1.9000e+02 1.3839e+00
-9.0000e+01 2.0000e+02 -9.4916e-02
-8.0000e+01 -2.0000e+02 -1.1883e+00
-8.0000e+01 -1.9000e+02 6.1993e-01
-8.0000e+01 -1.8000e+02 3.1184e+00
-8.0000e+01 -1.7000e+02 -2.0595e+00
-8.0000e+01 -1.6000e+02 1.3393e+00
-8.0000e+01 -1.5000e+02 -2.9736e+00
-8.0000e+01 -1.4000e+02 -4.5646e-01
-8.0000e+01 -1.3000e+02 -2.0160e+00
-8.0000e+01 -1.2000e+02 1.1855e+00
-8.0000e+01 -1.1000e+02 -1.0954e+00
-8.0000e+01 -1.0000e+02 -4.2542e+00
-8.0000e+01 -9.0000e+01 -4.2174e+00
-8.0000e+01 -8.0000e+01 -3.3452e+00
-8.0000e+01 -7.0000e+01 -4.0964e+00
-8.0000e+01 -6.0000e+01 -1.6288e+00
-8.0000e+01 -5.0000e+01 -2.8558e+00
-8.0000e+01 -4.0000e+01 -3.5649e+00
-8.0000e+01 -3.0000e+01 -5.4335e+00
-8.0000e+01 -2.0000e+01 -4.4362e+00
-8.0000e+01 -1.0000e+01 -5.7035e+00
-8.0000e+01 0.0000e+00 -6.0391e+00
-8.0000e+01 1.0000e+01 -4.7992e+00
-8.0000e+01 2.0000e+01 -4.3203e+00
-8.0000e+01 3.0000e+01 -7.0607e+00
-8.0000e+01 4.0000e+01 -7.8129e+00
-8.0000e+01 5.0000e+01 -2.8252e+00
-8.0000e+01 6.0000e+01 -2.7684e+00
-8.0000e+01 7.0000e+01 -1.9129e+00
-8.0000e+01 8.0000e+01 -2.7909e+00
-8.0000e+01 9.0000e+01 -2.2663e+00
-8.0000e+01 1.0000e+02 2.4446e+00
-8.0000e+01 1.1000e+02 4.1860e-01
-8.0000e+01 1.2000e+02 -9.7031e-01
-8.0000e+01 1.3000e+02 1.8728e-01
-8.0000e+01 1.4000e+02 -8.9016e-02
-8.0000e+01 1.5000e+02 7.4268e-01
-8.0000e+01 1.6000e+02 -3.9484e+00
-8.0000e+01 1.7000e+02 9.1605e-01
-8.0000e+01 1.8000e+02 -3.6368e+00
-8.0000e+01 1.9000e+02 -5.9007e-01
-8.0000e+01 2.0000e+02 2.7303e+00
-7.0000e+01 -2.0000e+02 -8.9716e-01
-7.0000e+01 -1.9000e+02 -4.1038e+00
-7.0000e+01 -1.8000e+02 6.0989e-01
-7.0000e+01 -1.7000e+02 -1.6635e+00
-7.0000e+01 -1.6000e+02 -9.9329e-01
-7.0000e+01 -1.5000e+02 -1.6258e+00
-7.0000e+01 -1.4000e+02 -1.0962e+00
-7.0000e+01 -1.3000e+02 1.5365e+00
-7.0000e+01 -1.2000e+02 1.5008e+00
-7.0000e+01 -1.1000e+02 -1.0534e+00
-7.0000e+01 -1.0000e+02 -1.6510e+00
-7.0000e+01 -9.0000e+01 -4.3364e-01
-7.0000e+01 -8.0000e+01 -3.3322e+00
-7.0000e+01 -7.0000e+01 -2.0859e+00
-7.0000e+01 -6.0000e+01 -4.8340e+00
-7.0000e+01 -5.0000e+01 -5.8569e+00
-7.0000e+01 -4.0000e+01 -8.1992e+00
-7.0000e+01 -3.0000e+01 -6.5873e+00
-7.0000e+01 -2.0000e+01 -8.7529e+00
-7.0000e+01 -1.0000e+01 -4.9258e+00
-7.0000e+01 0.0000e+00 -6.2340e+00
-7.0000e+01 1.0000e+01 -7.7007e+00
-7.0000e+01 2.0000e+01 -9.4244e+00
-7.0000e+01 3.0000e+01 -6.3248e+00
-7.0000e+01 4.0000e+01 -4.7398e+00
-7.0000e+01 5.0000e+01 -5.8319e+00
-7.0000e+01 6.0000e+01 -4.9635e+00
-7.0000e+01 7.0000e+01 -3.1812e+00
-7.0000e+01 8.0000e+01 -3.3493e+00
-7.0000e+01 9.0000e+01 -1.9790e+00
-7.0000e+01 1.0000e+02 -2.2833e+00
-7.0000e+01 1.1000e+02 4.2747e-01
-7.0000e+01 1.2000e+02 -2.6447e+00
-7.0000e+01 1.3000e+02 -4.0471e+00
-7.0000e+01 1.4000e+02 2.5890e-01
-7.0000e+01 1.5000e+02 -1.9055e-01
-7.0000e+01 1.6000e+02 -2.6172e+00
-7.0000e+01 1.7000e+02 4.0752e-01
-7.0000e+01 1.8000e+02 1.3900e+00
-7.0000e+01 1.9000e+02 -1.2652e+00
-7.0000e+01 2.0000e+02 -2.5378e+00
-6.0000e+01 -2.0000e+02 -2.3361e+00
-6.0000e+01 -1.9000e+02 -1.5473e-01
-6.0000e+01 -1.8000e+02 2.7830e-01
-6.0000e+01 -1.7000e+02 -4.6473e-01
-6.0000e+01 -1.6000e+02 2.6139e+00
-6.0000e+01 -1.5000e+02 1.2177e+00
-6.0000e+01 -1.4000e+02 1.2139e-01
-6.0000e+01 -1.3000e+02 -5.7999e-01
-6.0000e+01 -1.2000e+02 2.5953e+00
-6.0000e+01 -1.1000e+02 -2.2828e+00
-6.0000e+01 -1.0000e+02 -1.0740e+00
-6.0000e+01 -9.0000e+01 1.5788e+00
-6.0000e+01 -8.0000e+01 -2.9047e+00
-6.0000e+01 -7.0000e+01 -3.2640e+00
-6.0000e+01 -6.0000e+01 -2.9746e+00
-6.0000e+01 -5.0000e+01 -7.3774e+00
-6.0000e+01 -4.0000e+01 -7.6084e+00
-6.0000e+01 -3.0000e+01 -6.2687e+00
-6.0000e+01 -2.0000e+01 -9.0080e+00
-6.0000e+01 -1.0000e+01 -9.8018e+00
-6.0000e+01 0.0000e+00 -7.7575e+00
-6.0000e+01 1.0000e+01 -6.1197e+00
-6.0000e+01 2.0000e+01 -6.6017e+00
-6.0000e+01 3.0000e+01 -9.7939e+00
-6.0000e+01 4.0000e+01 -4.7349e+00
-6.0000e+01 5.0000e+01 -8.0142e+00
-6.0000e+01 6.0000e+01 -8.0536e+00
-6.0000e+01 7.0000e+01 -5.4085e+00
-6.0000e+01 8.0000e+01 -5.4536e+00
-6.0000e+01 9.0000e+01 -5.5286e+00
-6.0000e+01 1.0000e+02 -1.7590e+00
-6.0000e+01 1.1000e+02 -1.1032e+00
-6.0000e+01 1.2000e+02 -1.7494e+00
-6.0000e+01 1.3000e+02 1.4873e+00
-6.0000e+01 1.4000e+02 -2.3736e+00
-6.0000e+01 1.5000e+02 -2.2733e+00
-6.0000e+01 1.6000e+02 2.3474e+00
-6.0000e+01 1.7000e+02 -3.0898e-01
-6.0000e+01 1.8000e+02 -1.4677e+00
-6.0000e+01 1.9000e+02 -1.7613e+00
-6.0000e+01 2.0000e+02 4.0668e+00
-5.0000e+01 -2.0000e+02 -6.9070e-01
-5.0000e+01 -1.9000e+02 -4.4723e+00
-5.0000e+01 -1.8000e+02 -3.6639e+00
-5.0000e+01 -1.7000e+02 -2.9715e-01
-5.0000e+01 -1.6000e+02 1.0102e+00
-5.0000e+01 -1.5000e+02 -2.0319e+00
-5.0000e+01 -1.4000e+02 -3.5304e-01
-5.0000e+01 -1.3000e+02 9.8300e-01
-5.0000e+01 -1.2000e+02 -5.2178e-01
-5.0000e+01 -1.1000e+02 -4.6575e-01
-5.0000e+01 -1.0000e+02 1.5045e+00
-5.0000e+01 -9.0000e+01 -4.7460e+00
-5.0000e+01 -8.0000e+01 -4.5908e+00
-5.0000e+01 -7.0000e+01 -5.0275e+00
-5.0000e+01 -6.0000e+01 -7.0866e+00
-5.0000e+01 -5.0000e+01 -6.6300e+00
-5.0000e+01 -4.0000e+01 -5.7830e+00
-5.0000e+01 -3.0000e+01 -8.7190e+00
-5.0000e+01 -2.0000e+01 -8.2644e+00
-5.0000e+01 -1.0000e+01 -1.0051e+01
-5.0000e+01 0.0000e+00 -1.0527e+01
-5.0000e+01 1.0000e+01 -1.2260e+01
-5.0000e+01 2.0000e+01 -7.5311e+00
-5.0000e+01 3.0000e+01 -1.0147e+01
-5.0000e+01 4.0000e+01 -9.1632e+00
-5.0000e+01 5.0000e+01 -7.9339e+00
-5.0000e+01 6.0000e+01 -5.2668e+00
-5.0000e+01 7.0000e+01 -4.5361e+00
-5.0000e+01 8.0000e+01 -7.5195e-01
-5.0000e+01 9.0000e+01 -3.0691e+00
-5.0000e+01 1.0000e+02 -4.5506e+00
-5.0000e+01 1.1000e+02 -3.8905e-01
-5.0000e+01 1.2000e+02 -2.4605e+00
-5.0000e+01 1.3000e+02 8.4531e-02
-5.0000e+01 1.4000e+02 1.3871e-01
-5.0000e+01 1.5000e+02 -2.8315e+00
-5.0000e+01 1.6000e+02 -4.0791e+00
-5.0000e+01 1.7000e+02 9.8534e-01
-5.0000e+01 1.8000e+02 -2.2474e+00
-5.0000e+01 1.9000e+02 -1.4834e+00
-5.0000e+01 2.0000e+02 4.5864e-01
-4.0000e+01 -2.0000e+02 -1.0799e+00
-4.0000e+01 -1.9000e+02 6.5681e-01
-4.0000e+01 -1.8000e+02 2.2167e+00
-4.0000e+01 -1.7000e+02 2.3646e+00
-4.0000e+01 -1.6000e+02 -1.4476e+00
-4.0000e+01 -1.5000e+02 -1.0001e+00
-4.0000e+01 -1.4000e+02 -2.1213e+00
-4.0000e+01 -1.3000e+02 -1.1505e-01
-4.0000e+01 -1.2000e+02 -4.8723e+00
-4.0000e+01 -1.1000e+02 -2.1539e+00
-4.0000e+01 -1.0000e+02 -1.4149e+00
-4.0000e+01 -9.0000e+01 -2.9540e+00
-4.0000e+01 -8.0000e+01 -3.4031e+00
-4.0000e+01 -7.0000e+01 -4.1334e+00
-4.0000e+01 -6.0000e+01 -6.5204e+00
-4.0000e+01 -5.0000e+01 -8.9323e+00
-4.0000e+01 -4.0000e+01 -1.0708e+01
-4.0000e+01 -3.0000e+01 -1.1649e+01
-4.0000e+01 -2.0000e+01 -1.2212e+01
-4.0000e+01 -1.0000e+01 -1.2037e+01
-4.0000e+01 0.0000e+00 -9.6855e+00
-4.0000e+01 1.0000e+01 -1.1472e+01
-4.0000e+01 2.0000e+01 -1.1235e+01
-4.0000e+01 3.0000e+01 -1.0716e+01
-4.0000e+01 4.0000e+01 -8.5372e+00
-4.0000e+01 5.0000e+01 -8.6808e+00
-4.0000e+01 6.0000e+01 -8.9972e+00
-4.0000e+01 7.0000e+01 -7.4606e+00
-4.0000e+01 8.0000e+01 -5.1945e+00
-4.0000e+01 9.0000e+01 -4.4713e+00
-4.0000e+01 1.0000e+02 -2.7547e+00
-4.0000e+01 1.1000e+02 -2.0444e+00
-4.0000e+01 1.2000e+02 -6.7110e-01
-4.0000e+01 1.3000e+02 -3.4902e+00
-4.0000e+01 1.4000e+02 -2.7027e+00
-4.0000e+01 1.5000e+02 -1.9223e-01
-4.0000e+01 1.6000e+02 -6.4528e-01
-4.0000e+01 1.7000e+02 -2.1056e-01
-4.0000e+01 1.8000e+02 1.1036e+00
-4.0000e+01 1.9000e+02 -2.2149e+00
-4.0000e+01 2.0000e+02 -6.4639e-01
-3.0000e+01 -2.0000e+02 -7.5843e-01
-3.0000e+01 -1.9000e+02 8.8469e-01
-3.0000e+01 -1.8000e+02 -2.4388e-01
-3.0000e+01 -1.7000e+02 -1.2085e+00
-3.0000e+01 -1.6000e+02 -1.9245e+00
-3.0000e+01 -1.5000e+02 -2.1401e+00
-3.0000e+01 -1.4000e+02 -3.4731e+00
-3.0000e+01 -1.3000e+02 -1.6680e+00
-3.0000e+01 -1.2000e+02 -2.3803e+00
-3.0000e+01 -1.1000e+02 -2.3741e+00
-3.0000e+01 -1.0000e+02 -4.8657e+00
-3.0000e+01 -9.0000e+01 -3.1652e+00
-3.0000e+01 -8.0000e+01 -3.5989e+00
-3.0000e+01 -7.0000e+01 -4.1583e+00
-3.0000e+01 -6.0000e+01 -7.6116e+00
-3.0000e+01 -5.0000e+01 -1.0635e+01
-3.0000e+01 -4.0000e+01 -8.4622e+00
-3.0000e+01 -3.0000e+01 -1.3961e+01
-3.0000e+01 -2.0000e+01 -1.1955e+01
-3.0000e+01 -1.0000e+01 -1.2451e+01
-3.0000e+01 0.0000e+00 -1.0692e+01
-3.0000e+01 1.0000e+01 -1.1369e+01
-3.0000e+01 2.0000e+01 -1.3368e+01
-3.0000e+01 3.0000e+01 -1.2252e+01
-3.0000e+01 4.0000e+01 -1.0814e+01
-3.0000e+01 5.0000e+01 -8.2373e+00
-3.0000e+01 6.0000e+01 -6.7189e+00
-3.0000e+01 7.0000e+01 -3.7092e+00
-3.0000e+01 8.0000e+01 -5.3781e+00
-3.0000e+01 9.0000e+01 -5.4908e+00
-3.0000e+01 1.0000e+02 -1.3202e+00
-3.0000e+01 1.1000e+02 9.0492e-01
-3.0000e+01 1.2000e+02 -6.9257e-01
-3.0000e+01 1.3000e+02 -7.1099e-01
-3.0000e+01 1.4000e+02 -3.2089e-01
-3.0000e+01 1.5000e+02 -1.9646e+00
-3.0000e+01 1.6000e+02 -4.5232e-01
-3.0000e+01 1.7000e+02 1.3864e+00
-3.0000e+01 1.8000e+02 -1.4283e+00
-3.0000e+01 1.9000e+02 1.6143e+00
-3.0000e+01 2.0000e+02 2.4282e+00
-2.0000e+01 -2.0000e+02 6.7956e-01
-2.0000e+01 -1.9000e+02 -1.2066e+00
-2.0000e+01 -1.8000e+02 8.4010e-01
-2.0000e+01 -1.7000e+02 3.4668e-01
-2.0000e+01 -1.6000e+02 2.6114e+00
-2.0000e+01 -1.5000e+02 -8.4618e-01
-2.0000e+01 -1.4000e+02 -6.9497e-01
-2.0000e+01 -1.3000e+02 -3.3104e+00
-2.0000e+01 -1.2000e+02 -1.4535e+00
-2.0000e+01 -1.1000e+02 -8.9583e-01
-2.0000e+01 -1.0000e+02 -1.8924e+00
-2.0000e+01 -9.0000e+01 -5.3095e+00
-2.0000e+01 -8.0000e+01 -6.2697e+00
-2.0000e+01 -7.0000e+01 -5.9629e+00
-2.0000e+01 -6.0000e+01 -8.9292e+00
-2.0000e+01 -5.0000e+01 -1.1365e+01
-2.0000e+01 -4.0000e+01 -1.0491e+01
-2.0000e+01 -3.0000e+01 -1.2526e+01
-2.0000e+01 -2.0000e+01 -1.4556e+01
-2.0000e+01 -1.0000e+01 -1.1263e+01
-2.0000e+01 0.0000e+00 -1.5178e+01
-2.0000e+01 1.0000e+01 -1.4083e+01
-2.0000e+01 2.0000e+01 -1.4225e+01
-2.0000e+01 3.0000e+01 -1.1494e+01
-2.0000e+01 4.0000e+01 -8.8225e+00
-2.0000e+01 5.0000e+01 -9.2605e+00
-2.0000e+01 6.0000e+01 -8.1714e+00
-2.0000e+01 7.0000e+01 -6.5215e+00
-2.0000e+01 8.0000e+01 -5.8916e+00
-2.0000e+01 9.0000e+01 -6.1996e+00
-2.0000e+01 1.0000e+02 -2.9139e+00
-2.0000e+01 1.1000e+02 -2.8799e+00
-2.0000e+01 1.2000e+02 -3.7766e-01
-2.0000e+01 1.3000e+02 -9.4229e-01
-2.0000e+01 1.4000e+02 -1.4500e+00
-2.0000e+01 1.5000e+02 -2.0374e+00
-2.0000e+01 1.6000e+02 -6.2898e-01
-2.0000e+01 1.7000e+02 -4.1407e-01
-2.0000e+01 1.8000e+02 -3.1857e+00
-2.0000e+01 1.9000e+02 -2.5740e+00
-2.0000e+01 2.0000e+02 -6.2200e-01
-1.0000e+01 -2.0000e+02 -5.2076e-01
-1.0000e+01 -1.9000e+02 2.2328e+00
-1.0000e+01 -1.8000e+02 6.1062e-01
-1.0000e+01 -1.7000e+02 9.2654e-01
-1.0000e+01 -1.6000e+02 4.7368e-01
-1.0000e+01 -1.5000e+02 -6.6400e-01
-1.0000e+01 -1.4000e+02 -1.7822e+00
-1.0000e+01 -1.3000e+02 -2.6089e+00
-1.0000e+01 -1.2000e+02 -8.2735e-01
-1.0000e+01 -1.1000e+02 -3.4150e+00
-1.0000e+01 -1.0000e+02 -2.1014e+00
-1.0000e+01 -9.0000e+01 -4.7494e+00
-1.0000e+01 -8.0000e+01 -3.6400e+00
-1.0000e+01 -7.0000e+01 -7.2054e+00
-1.0000e+01 -6.0000e+01 -6.7019e+00
-1.0000e+01 -5.0000e+01 -1.2625e+01
-1.0000e+01 -4.0000e+01 -1.3742e+01
-1.0000e+01 -3.0000e+01 -1.3296e+01
-1.0000e+01 -2.0000e+01 -1.2857e+01
-1.0000e+01 -1.0000e+01 -1.5467e+01
-1.0000e+01 0.0000e+00 -1.6174e+01
-1.0000e+01 1.0000e+01 -1.5377e+01
-1.0000e+01 2.0000e+01 -1.3595e+01
-1.0000e+01 3.0000e+01 -1.3107e+01
-1.0000e+01 4.0000e+01 -1.2041e+01
-1.0000e+01 5.0000e+01 -9.0230e+00
-1.0000e+01 6.0000e+01 -9.5663e+00
-1.0000e+01 7.0000e+01 -7.7254e+00
-1.0000e+01 8.0000e+01 -6.3964e+00
-1.0000e+01 9.0000e+01 -9.9026e-01
-1.0000e+01 1.0000e+02 -3.9630e+00
-1.0000e+01 1.1000e+02 -1.2423e+00
-1.0000e+01 1.2000e+02 -4.1306e+00
-1.0000e+01 1.3000e+02 -1.8399e+00
-1.0000e+01 1.4000e+02 -5.3250e-01
-1.0000e+01 1.5000e+02 2.4525e+00
-1.0000e+01 1.6000e+02 7.0153e-02
-1.0000e+01 1.7000e+02 5.6730e-01
-1.0000e+01 1.8000e+02 -8.1181e-01
-1.0000e+01 1.9000e+02 -1.0248e+00
-1.0000e+01 2.0000e+02 2.9162e-02
0.0000e+00 -2.0000e+02 -9.7170e-01
0.0000e+00 -1.9000e+02 6.0525e-01
0.0000e+00 -1.8000e+02 -2.4561e+00
0.0000e+00 -1.7000e+02 4.2047e-01
0.0000e+00 -1.6000e+02 2.8483e-01
0.0000e+00 -1.5000e+02 -6.8225e-03
0.0000e+00 -1.4000e+02 -6.6138e-01
0.0000e+00 -1.3000e+02 4.7682e-01
0.0000e+00 -1.2000e+02 -1.9918e+00
0.0000e+00 -1.1000e+02 -1.4292e+00
0.0000e+00 -1.0000e+02 -3.5651e+00
0.0000e+00 -9.0000e+01 -2.8676e+00
0.0000e+00 -8.0000e+01 -5.2481e+00
0.0000e+00 -7.0000e+01 -6.6406e+00
0.0000e+00 -6.0000e+01 -1.0609e+01
0.0000e+00 -5.0000e+01 -1.0828e+01
0.0000e+00 -4.0000e+01 -1.2079e+01
0.0000e+00 -3.0000e+01 -1.4240e+01
0.0000e+00 -2.0000e+01 -1.4031e+01
0.0000e+00 -1.0000e+01 -1.3989e+01
0.0000e+00 0.0000e+00 -1.3607e+01
0.0000e+00 1.0000e+01 -1.3122e+01
0.0000e+00 2.0000e+01 -1.2235e+01
0.0000e+00 3.0000e+01 -1.2407e+01
0.0000e+00 4.0000e+01 -9.5093e+00
0.0000e+00 5.0000e+01 -1.4175e+01
0.0000e+00 6.0000e+01 -6.7213e+00
0.0000e+00 7.0000e+01 -5.8085e+00
0.0000e+00 8.0000e+01 -6.9536e+00
0.0000e+00 9.0000e+01 -6.7173e+00
0.0000e+00 1.0000e+02 -3.8344e+00
0.0000e+00 1.1000e+02 -2.6229e-01
0.0000e+00 1.2000e+02 -1.6876e+00
0.0000e+00 1.3000e+02 -2.7548e+00
0.0000e+00 1.4000e+02 -1.2987e-01
0.0000e+00 1.5000e+02 -1.5211e-01
0.0000e+00 1.6000e+02 7.4176e-01
0.0000e+00 1.7000e+02 2.5147e+00
0.0000e+00 1.8000e+02 7.6263e-01
0.0000e+00 1.9000e+02 2.2149e+00
0.0000e+00 2.0000e+02 -2.8597e+00
1.0000e+01 -2.0000e+02 -6.1768e-02
1.0000e+01 -1.9000e+02 -1.4913e+00
1.0000e+01 -1.8000e+02 -4.8241e-01
1.0000e+01 -1.7000e+02 -6.1051e-01
1.0000e+01 -1.6000e+02 -2.5913e+00
1.0000e+01 -1.5000e+02 -2.2183e-02
1.0000e+01 -1.4000e+02 -1.6201e+00
1.0000e+01 -1.3000e+02 -4.5804e+00
1.0000e+01 -1.2000e+02 4.6926e-02
1.0000e+01 -1.1000e+02 -1.3146e+00
1.0000e+01 -1.0000e+02 -2.1893e+00
1.0000e+01 -9.0000e+01 -4.7013e+00
1.0000e+01 -8.0000e+01 -6.3465e+00
1.0000e+01 -7.0000e+01 -6.1520e+00
1.0000e+01 -6.0000e+01 -9.2100e+00
1.0000e+01 -5.0000e+01 -1.0434e+01
1.0000e+01 -4.0000e+01 -1.1555e+01
1.0000e+01 -3.0000e+01 -1.1607e+01
1.0000e+01 -2.0000e+01 -1.3866e+01
1.0000e+01 -1.0000e+01 -1.7362e+01
1.0000e+01 0.0000e+00 -1.5213e+01
1.0000e+01 1.0000e+01 -1.4507e+01
1.0000e+01 2.0000e+01 -1.3954e+01
1.0000e+01 3.0000e+01 -1.2525e+01
1.0000e+01 4.0000e+01 -1.2105e+01
1.0000e+01 5.0000e+01 -8.9069e+00
1.0000e+01 6.0000e+01 -7.1495e+00
1.0000e+01 7.0000e+01 -5.4758e+00
1.0000e+01 8.0000e+01 -3.9200e+00
1.0000e+01 9.0000e+01 -5.1184e+00
1.0000e+01 1.0000e+02 -2.7672e+00
1.0000e+01 1.1000e+02 -1.0684e+00
1.0000e+01 1.2000e+02 -1.6230e+00
1.0000e+01 1.3000e+02 -1.8478e+00
1.0000e+01 1.4000e+02 -3.0641e+00
1.0000e+01 1.5000e+02 1.5508e+00
1.0000e+01 1.6000e+02 1.2294e+00
1.0000e+01 1.7000e+02 -3.8657e-01
1.0000e+01 1.8000e+02 -1.1610e+00
1.0000e+01 1.9000e+02 -4.1587e-01
1.0000e+01 2.0000e+02 2.3515e-01
2.0000e+01 -2.0000e+02 8.4510e-01
2.0000e+01 -1.9000e+02 1.2681e+00
2.0000e+01 -1.8000e+02 1.5750e+00
2.0000e+01 -1.7000e+02 -7.3192e-01
2.0000e+01 -1.6000e+02 1.8043e+00
2.0000e+01 -1.5000e+02 -2.3868e-01
2.0000e+01 -1.4000e+02 -9.5229e-01
2.0000e+01 -1.3000e+02 2.1109e-01
2.0000e+01 -1.2000e+02 -1.8634e+00
2.0000e+01 -1.1000e+02 -5.3017e+00
2.0000e+01 -1.0000e+02 -4.7767e+00
2.0000e+01 -9.0000e+01 -2.7772e+00
2.0000e+01 -8.0000e+01 -7.3901e+00
2.0000e+01 -7.0000e+01 -7.6219e+00
2.0000e+01 -6.0000e+01 -5.9163e+00
2.0000e+01 -5.0000e+01 -1.2216e+01
2.0000e+01 -4.0000e+01 -1.3198e+01
2.0000e+01 -3.0000e+01 -1.2202e+01
2.0000e+01 -2.0000e+01 -1.5275e+01
2.0000e+01 -1.0000e+01 -1.7948e+01
2.0000e+01 0.0000e+00 -1.5414e+01
2.0000e+01 1.0000e+01 -1.4985e+01
2.0000e+01 2.0000e+01 -1.2563e+01
2.0000e+01 3.0000e+01 -1.2746e+01
2.0000e+01 4.0000e+01 -9.9544e+00
2.0000e+01 5.0000e+01 -1.1290e+01
2.0000e+01 6.0000e+01 -6.6616e+00
2.0000e+01 7.0000e+01 -4.6977e+00
2.0000e+01 8.0000e+01 -4.1050e+00
2.0000e+01 9.0000e+01 -1.5979e+00
2.0000e+01 1.0000e+02 -9.6644e-01
2.0000e+01 1.1000e+02 -2.3718e+00
2.0000e+01 1.2000e+02 -4.7058e+00
2.0000e+01 1.3000e+02 -4.2253e-01
2.0000e+01 1.4000e+02 1.6827e+00
2.0000e+01 1.5000e+02 1.5314e+00
2.0000e+01 1.6000e+02 -2.1234e+00
2.0000e+01 1.7000e+02 -1.3097e-01
2.0000e+01 1.8000e+02 1.7358e-01
2.0000e+01 1.9000e+02 1.4663e+00
2.0000e+01 2.0000e+02 7.3870e-01
3.0000e+01 -2.0000e+02 1.7415e+00
3.0000e+01 -1.9000e+02 1.5263e+00
3.0000e+01 -1.8000e+02 9.9660e-01
3.0000e+01 -1.7000e+02 -1.4644e+00
3.0000e+01 -1.6000e+02 -1.5498e+00
3.0000e+01 -1.5000e+02 2.4879e-01
3.0000e+01 -1.4000e+02 -2.0531e+00
3.0000e+01 -1.3000e+02 3.1166e+00
3.0000e+01 -1.2000e+02 -1.6008e+00
3.0000e+01 -1.1000e+02 -1.3041e+00
3.0000e+01 -1.0000e+02 -2.7730e+00
3.0000e+01 -9.0000e+01 -2.2814e+00
3.0000e+01 -8.0000e+01 -4.5139e+00
3.0000e+01 -7.0000e+01 -9.5458e+00
3.0000e+01 -6.0000e+01 -7.5504e+00
3.0000e+01 -5.0000e+01 -9.9746e+00
3.0000e+01 -4.0000e+01 -8.1428e+00
3.0000e+01 -3.0000e+01 -1.1413e+01
3.0000e+01 -2.0000e+01 -1.4021e+01
3.0000e+01 -1.0000e+01 -1.3693e+01
3.0000e+01 0.0000e+00 -1.4439e+01
3.0000e+01 1.0000e+01 -1.2654e+01
3.0000e+01 2.0000e+01 -1.1648e+01
3.0000e+01 3.0000e+01 -1.1787e+01
3.0000e+01 4.0000e+01 -1.1683e+01
3.0000e+01 5.0000e+01 -7.9783e+00
3.0000e+01 6.0000e+01 -7.5351e+00
3.0000e+01 7.0000e+01 -7.0357e+00
3.0000e+01 8.0000e+01 -6.2529e+00
3.0000e+01 9.0000e+01 -8.9493e-01
3.0000e+01 1.0000e+02 -1.7110e+00
3.0000e+01 1.1000e+02 -2.9701e+00
3.0000e+01 1.2000e+02 -1.4247e+00
3.0000e+01 1.3000e+02 8.7835e-01
3.0000e+01 1.4000e+02 1.2555e-01
3.0000e+01 1.5000e+02 -1.9148e+00
3.0000e+01 1.6000e+02 3.1558e+00
3.0000e+01 1.7000e+02 -4.2775e-01
3.0000e+01 1.8000e+02 -1.4587e+00
3.0000e+01 1.9000e+02 6.7689e-01
3.0000e+01 2.0000e+02 -9.1180e-01
4.0000e+01 -2.0000e+02 1.0785e+00
4.0000e+01 -1.9000e+02 -2.3293e+00
4.0000e+01 -1.8000e+02 1.2198e+00
4.0000e+01 -1.7000e+02 -7.0557e-01
4.0000e+01 -1.6000e+02 4.9419e-01
4.0000e+01 -1.5000e+02 2.8544e+00
4.0000e+01 -1.4000e+02 -9.8085e-01
4.0000e+01 -1.3000e+02 1.1064e+00
4.0000e+01 -1.2000e+02 -2.7673e+00
4.0000e+01 -1.1000e+02 1.4731e+00
4.0000e+01 -1.0000e+02 -2.7957e+00
4.0000e+01 -9.0000e+01 -6.3610e+00
4.0000e+01 -8.0000e+01 -4.0738e+00
4.0000e+01 -7.0000e+01 -4.1008e+00
4.0000e+01 -6.0000e+01 -7.2913e+00
4.0000e+01 -5.0000e+01 -9.2945e+00
4.0000e+01 -4.0000e+01 -7.3955e+00
4.0000e+01 -3.0000e+01 -9.8847e+00
4.0000e+01 -2.0000e+01 -1.1555e+01
4.0000e+01 -1.0000e+01 -8.4414e+00
4.0000e+01 0.0000e+00 -1.1816e+01
4.0000e+01 1.0000e+01 -1.0332e+01
4.0000e+01 2.0000e+01 -1.2551e+01
4.0000e+01 3.0000e+01 -9.7446e+00
4.0000e+01 4.0000e+01 -8.2624e+00
4.0000e+01 5.0000e+01 -6.6211e+00
4.0000e+01 6.0000e+01 -7.5326e+00
4.0000e+01 7.0000e+01 -5.4966e+00
4.0000e+01 8.0000e+01 -1.8777e+00
4.0000e+01 9.0000e+01 -6.9132e-01
4.0000e+01 1.0000e+02 -3.2542e+00
4.0000e+01 1.1000e+02 -1.4248e+00
4.0000e+01 1.2000e+02 -3.2638e+00
4.0000e+01 1.3000e+02 -2.5940e+00
4.0000e+01 1.4000e+02 -9.7532e-01
4.0000e+01 1.5000e+02 -5.7260e-01
4.0000e+01 1.6000e+02 2.2290e+00
4.0000e+01 1.7000e+02 -2.9169e+00
4.0000e+01 1.8000e+02 1.1701e+00
4.0000e+01 1.9000e+02 -8.5751e-01
4.0000e+01 2.0000e+02 -5.1762e-01
5.0000e+01 -2.0000e+02 1.7597e-01
5.0000e+01 -1.9000e+02 -3.7122e+00
5.0000e+01 -1.8000e+02 -9.3839e-01
5.0000e+01 -1.7000e+02 1.4964e+00
5.0000e+01 -1.6000e+02 9.8532e-01
5.0000e+01 -1.5000e+02 -1.2965e+00
5.0000e+01 -1.4000e+02 1.9025e-01
5.0000e+01 -1.3000e+02 6.4951e-01
5.0000e+01 -1.2000e+02 -5.7444e+00
5.0000e+01 -1.1000e+02 1.6553e-01
5.0000e+01 -1.0000e+02 -1.1958e+00
5.0000e+01 -9.0000e+01 -1.4992e+00
5.0000e+01 -8.0000e+01 -1.5371e+00
5.0000e+01 -7.0000e+01 -3.9952e+00
5.0000e+01 -6.0000e+01 -3.2780e+00
5.0000e+01 -5.0000e+01 -5.7068e+00
5.0000e+01 -4.0000e+01 -8.0720e+00
5.0000e+01 -3.0000e+01 -1.0512e+01
5.0000e+01 -2.0000e+01 -1.0720e+01
5.0000e+01 -1.0000e+01 -8.6335e+00
5.0000e+01 0.0000e+00 -8.9861e+00
5.0000e+01 1.0000e+01 -9.3702e+00
5.0000e+01 2.0000e+01 -1.0609e+01
5.0000e+01 3.0000e+01 -9.2982e+00
5.0000e+01 4.0000e+01 -6.0498e+00
5.0000e+01 5.0000e+01 -7.8771e+00
5.0000e+01 6.0000e+01 -6.3260e+00
5.0000e+01 7.0000e+01 -6.2702e+00
5.0000e+01 8.0000e+01 -6.2591e+00
5.0000e+01 9.0000e+01 -3.1939e+00
5.0000e+01 1.0000e+02 -3.8590e-01
5.0000e+01 1.1000e+02 -1.6592e+00
5.0000e+01 1.2000e+02 -1.3292e+00
5.0000e+01 1.3000e+02 -2.8790e+00
5.0000e+01 1.4000e+02 -1.2502e+00
5.0000e+01 1.5000e+02 5.5008e-01
5.0000e+01 1.6000e+02 -4.8848e-01
5.0000e+01 1.7000e+02 1.3391e+00
5.0000e+01 1.8000e+02 -1.0848e+00
5.0000e+01 1.9000e+02 6.3010e-02
5.0000e+01 2.0000e+02 1.2846e+00
6.0000e+01 -2.0000e+02 1.2380e+00
6.0000e+01 -1.9000e+02 -1.0077e+00
6.0000e+01 -1.8000e+02 6.2399e-01
6.0000e+01 -1.7000e+02 2.1039e+00
6.0000e+01 -1.6000e+02 1.1593e-02
6.0000e+01 -1.5000e+02 -7.9334e-02
6.0000e+01 -1.4000e+02 1.3471e-01
6.0000e+01 -1.3000e+02 -1.4807e+00
6.0000e+01 -1.2000e+02 -2.4019e+00
6.0000e+01 -1.1000e+02 -1.5342e+00
6.0000e+01 -1.0000e+02 -9.7709e-01
6.0000e+01 -9.0000e+01 9.7129e-02
6.0000e+01 -8.0000e+01 -1.1978e+00
6.0000e+01 -7.0000e+01 -4.9194e+00
6.0000e+01 -6.0000e+01 -4.4516e+00
6.0000e+01 -5.0000e+01 -5.7471e+00
6.0000e+01 -4.0000e+01 -6.7000e+00
6.0000e+01 -3.0000e+01 -7.8829e+00
6.0000e+01 -2.0000e+01 -7.7954e+00
6.0000e+01 -1.0000e+01 -8.7665e+00
6.0000e+01 0.0000e+00 -9.2400e+00
6.0000e+01 1.0000e+01 -9.0563e+00
6.0000e+01 2.0000e+01 -9.3825e+00
6.0000e+01 3.0000e+01 -8.9018e+00
6.0000e+01 4.0000e+01 -6.2256e+00
6.0000e+01 5.0000e+01 -6.7164e+00
6.0000e+01 6.0000e+01 -4.0414e+00
6.0000e+01 7.0000e+01 -3.2025e+00
6.0000e+01 8.0000e+01 -4.3458e+00
6.0000e+01 9.0000e+01 -2.4042e+00
6.0000e+01 1.0000e+02 -8.6461e-01
6.0000e+01 1.1000e+02 -6.6655e-02
6.0000e+01 1.2000e+02 -2.1679e+00
6.0000e+01 1.3000e+02 -1.9455e+00
6.0000e+01 1.4000e+02 -1.4658e+00
6.0000e+01 1.5000e+02 -2.9463e-01
6.0000e+01 1.6000e+02 -9.4758e-01
6.0000e+01 1.7000e+02 1.2174e+00
6.0000e+01 1.8000e+02 5.9270e-02
6.0000e+01 1.9000e+02 1.9519e+00
6.0000e+01 2.0000e+02 -9.0093e-01
7.0000e+01 -2.0000e+02 -1.3415e+00
7.0000e+01 -1.9000e+02 1.9491e+00
7.0000e+01 -1.8000e+02 6.1117e-01
7.0000e+01 -1.7000e+02 5.1997e-01
7.0000e+01 -1.6000e+02 -6.3465e-01
7.0000e+01 -1.5000e+02 -1.8643e+00
7.0000e+01 -1.4000e+02 -9.8725e-01
7.0000e+01 -1.3000e+02 -1.3217e+00
7.0000e+01 -1.2000e+02 -1.3257e+00
7.0000e+01 -1.1000e+02 1.3751e-01
7.0000e+01 -1.0000e+02 -1.5785e+00
7.0000e+01 -9.0000e+01 -4.7510e+00
7.0000e+01 -8.0000e+01 -2.7583e+00
7.0000e+01 -7.0000e+01 -3.5573e+00
7.0000e+01 -6.0000e+01 -3.5790e+00
7.0000e+01 -5.0000e+01 -3.4836e+00
7.0000e+01 -4.0000e+01 -5.3665e+00
7.0000e+01 -3.0000e+01 -2.7723e+00
7.0000e+01 -2.0000e+01 -3.2083e+00
7.0000e+01 -1.0000e+01 -4.1054e+00
7.0000e+01 0.0000e+00 -2.7760e+00
7.0000e+01 1.0000e+01 -7.1636e+00
7.0000e+01 2.0000e+01 -7.1905e+00
7.0000e+01 3.0000e+01 -9.4867e+00
7.0000e+01 4.0000e+01 -6.4726e+00
7.0000e+01 5.0000e+01 -2.9551e+00
7.0000e+01 6.0000e+01 -3.9644e+00
7.0000e+01 7.0000e+01 -4.7891e-01
7.0000e+01 8.0000e+01 -2.4974e+00
7.0000e+01 9.0000e+01 -3.8352e+00
7.0000e+01 1.0000e+02 -7.2749e-01
7.0000e+01 1.1000e+02 -1.1442e+00
7.0000e+01 1.2000e+02 5.6539e-01
7.0000e+01 1.3000e+02 -7.3015e-01
7.0000e+01 1.4000e+02 -5.7836e-01
7.0000e+01 1.5000e+02 1.3016e-01
7.0000e+01 1.6000e+02 1.8873e+00
7.0000e+01 1.7000e+02 1.5191e+00
7.0000e+01 1.8000e+02 -2.4254e-01
7.0000e+01 1.9000e+02 -7.5785e-01
7.0000e+01 2.0000e+02 -1.2128e-01
8.0000e+01 -2.0000e+02 -1.3161e+00
8.0000e+01 -1.9000e+02 5.3136e-01
8.0000e+01 -1.8000e+02 -3.0737e-01
8.0000e+01 -1.7000e+02 2.1628e-03
8.0000e+01 -1.6000e+02 1.8161e+00
8.0000e+01 -1.5000e+02 2.5132e-01
8.0000e+01 -1.4000e+02 -1.0707e+00
8.0000e+01 -1.3000e+02 -1.0180e+00
8.0000e+01 -1.2000e+02 -1.1044e+00
8.0000e+01 -1.1000e+02 -2.3631e-01
8.0000e+01 -1.0000e+02 -1.6349e+00
8.0000e+01 -9.0000e+01 -1.5644e+00
8.0000e+01 -8.0000e+01 -2.7506e+00
8.0000e+01 -7.0000e+01 -1.9670e+00
8.0000e+01 -6.0000e+01 -1.0382e+00
8.0000e+01 -5.0000e+01 -3.4896e+00
8.0000e+01 -4.0000e+01 -2.2591e+00
8.0000e+01 -3.0000e+01 -5.8720e+00
8.0000e+01 -2.0000e+01 -4.8395e+00
8.0000e+01 -1.0000e+01 -3.5937e+00
8.0000e+01 0.0000e+00 -4.7377e+00
8.0000e+01 1.0000e+01 -5.7005e+00
8.0000e+01 2.0000e+01 -5.1740e+00
8.0000e+01 3.0000e+01 -6.1100e+00
8.0000e+01 4.0000e+01 -6.5846e+00
8.0000e+01 5.0000e+01 -4.0388e+00
8.0000e+01 6.0000e+01 -2.3895e+00
8.0000e+01 7.0000e+01 -4.8639e+00
8.0000e+01 8.0000e+01 -3.1733e+00
8.0000e+01 9.0000e+01 -2.7871e+00
8.0000e+01 1.0000e+02 -2.9441e+00
8.0000e+01 1.1000e+02 5.9247e-01
8.0000e+01 1.2000e+02 2.6977e-01
8.0000e+01 1.3000e+02 -3.2862e-01
8.0000e+01 1.4000e+02 1.1568e+00
8.0000e+01 1.5000e+02 3.6847e+00
8.0000e+01 1.6000e+02 4.7286e-01
8.0000e+01 1.7000e+02 -7.7187e-01
8.0000e+01 1.8000e+02 6.3194e-01
8.0000e+01 1.9000e+02 9.3207e-01
8.0000e+01 2.0000e+02 -1.2619e+00
9.0000e+01 -2.0000e+02 7.2246e-01
9.0000e+01 -1.9000e+02 1.2649e+00
9.0000e+01 -1.8000e+02 2.1423e+00
9.0000e+01 -1.7000e+02 3.0947e+00
9.0000e+01 -1.6000e+02 -3.0086e+00
9.0000e+01 -1.5000e+02 7.7531e-01
9.0000e+01 -1.4000e+02 1.9222e+00
9.0000e+01 -1.3000e+02 -1.2908e+00
9.0000e+01 -1.2000e+02 2.3764e+00
9.0000e+01 -1.1000e+02 -2.7019e-01
9.0000e+01 -1.0000e+02 1.1052e+00
9.0000e+01 -9.0000e+01 -3.8057e-01
9.0000e+01 -8.0000e+01 -4.2337e+00
9.0000e+01 -7.0000e+01 1.0442e-01
9.0000e+01 -6.0000e+01 -4.6207e-02
9.0000e+01 -5.0000e+01 -2.7645e+00
9.0000e+01 -4.0000e+01 -3.4557e+00
9.0000e+01 -3.0000e+01 -9.3203e-01
9.0000e+01 -2.0000e+01 -3.2621e+00
9.0000e+01 -1.0000e+01 -3.3255e+00
9.0000e+01 0.0000e+00 -5.5776e+00
9.0000e+01 1.0000e+01 -4.4400e+00
9.0000e+01 2.0000e+01 -3.8753e+00
9.0000e+01 3.0000e+01 -4.4646e+00
9.0000e+01 4.0000e+01 -3.2526e+00
9.0000e+01 5.0000e+01 -5.2053e+00
9.0000e+01 6.0000e+01 -3.4941e+00
9.0000e+01 7.0000e+01 -6.4098e+00
9.0000e+01 8.0000e+01 1.7792e+00
9.0000e+01 9.0000e+01 -3.1055e+00
9.0000e+01 1.0000e+02 7.3328e-01
9.0000e+01 1.1000e+02 -2.2383e+00
9.0000e+01 1.2000e+02 -1.8729e+00
9.0000e+01 1.3000e+02 1.9639e+00
9.0000e+01 1.4000e+02 -5.3647e-01
9.0000e+01 1.5000e+02 1.4806e-01
9.0000e+01 1.6000e+02 -9.7244e-01
9.0000e+01 1.7000e+02 -1.1863e+00
9.0000e+01 1.8000e+02 5.6957e-01
9.0000e+01 1.9000e+02 1.6581e+00
9.0000e+01 2.0000e+02 -8.1787e-02
1.0000e+02 -2.0000e+02 2.6492e+00
1.0000e+02 -1.9000e+02 -1.5305e+00
1.0000e+02 -1.8000e+02 -1.4571e+00
1.0000e+02 -1.7000e+02 -1.1875e-01
1.0000e+02 -1.6000e+02 1.5817e+00
1.0000e+02 -1.5000e+02 6.4471e-01
1.0000e+02 -1.4000e+02 3.0055e+00
1.0000e+02 -1.3000e+02 -4.4780e-02
1.0000e+02 -1.2000e+02 -2.1491e+00
1.0000e+02 -1.1000e+02 6.4971e-02
1.0000e+02 -1.0000e+02 -2.0620e+00
1.0000e+02 -9.0000e+01 -1.7984e+00
1.0000e+02 -8.0000e+01 -2.2198e+00
1.0000e+02 -7.0000e+01 -1.1614e+00
1.0000e+02 -6.0000e+01 -1.7503e+00
1.0000e+02 -5.0000e+01 -2.6820e+00
1.0000e+02 -4.0000e+01 -3.2130e+00
1.0000e+02 -3.0000e+01 -3.2122e+00
1.0000e+02 -2.0000e+01 -2.8182e+00
1.0000e+02 -1.0000e+01 -4.1228e+00
1.0000e+02 0.0000e+00 -1.8723e-01
1.0000e+02 1.0000e+01 -2.5105e+00
1.0000e+02 2.0000e+01 -2.9720e+00
1.0000e+02 3.0000e+01 -4.1786e+00
1.0000e+02 4.0000e+01 -2.6945e+00
1.0000e+02 5.0000e+01 -5.5835e+00
1.0000e+02 6.0000e+01 -3.9114e+00
1.0000e+02 7.0000e+01 7.0579e-01
1.0000e+02 8.0000e+01 5.1109e-01
1.0000e+02 9.0000e+01 -6.4278e-01
1.0000e+02 1.0000e+02 1.0513e+00
1.0000e+02 1.1000e+02 1.3718e+00
1.0000e+02 1.2000e+02 -5.7119e-01
1.0000e+02 1.3000e+02 6.5727e-01
1.0000e+02 1.4000e+02 1.4031e+00
1.0000e+02 1.5000e+02 -9.3600e-01
1.0000e+02 1.6000e+02 1.2163e+00
1.0000e+02 1.7000e+02 -1.9622e-01
1.0000e+02 1.8000e+02 -6.2734e-01
1.0000e+02 1.9000e+02 -1.4798e+00
1.0000e+02 2.0000e+02 5.3397e-01
1.1000e+02 -2.0000e+02 1.3922e+00
1.1000e+02 -1.9000e+02 -3.3062e-01
1.1000e+02 -1.8000e+02 8.9071e-03
1.1000e+02 -1.7000e+02 1.5316e+00
1.1000e+02 -1.6000e+02 -2.5992e+00
1.1000e+02 -1.5000e+02 -1.5172e+00
1.1000e+02 -1.4000e+02 -7.0487e-01
1.1000e+02 -1.3000e+02 -1.0983e+00
1.1000e+02 -1.2000e+02 -7.3157e-01
1.1000e+02 -1.1000e+02 -1.3687e+00
1.1000e+02 -1.0000e+02 -1.1250e+00
1.1000e+02 -9.0000e+01 1.7360e+00
1.1000e+02 -8.0000e+01 -1.8644e+00
1.1000e+02 -7.0000e+01 -2.3844e+00
1.1000e+02 -6.0000e+01 -1.6013e-01
1.1000e+02 -5.0000e+01 -1.9074e-01
1.1000e+02 -4.0000e+01 -1.1759e+00
1.1000e+02 -3.0000e+01 -3.3411e+00
1.1000e+02 -2.0000e+01 -1.5366e+00
1.1000e+02 -1.0000e+01 -2.9455e+00
1.1000e+02 0.0000e+00 -3.2525e+00
1.1000e+02 1.0000e+01 -4.1369e+00
1.1000e+02 2.0000e+01 -1.0988e+00
1.1000e+02 3.0000e+01 -4.1032e+00
1.1000e+02 4.0000e+01 -2.3105e+00
1.1000e+02 5.0000e+01 -1.3313e+00
1.1000e+02 6.0000e+01 -3.9110e+00
1.1000e+02 7.0000e+01 2.3258e+00
1.1000e+02 8.0000e+01 3.7371e-01
1.1000e+02 9.0000e+01 -1.5051e+00
1.1000e+02 1.0000e+02 -8.8798e-01
1.1000e+02 1.1000e+02 1.8950e+00
1.1000e+02 1.2000e+02 -3.8229e-01
1.1000e+02 1.3000e+02 -1.0784e+00
1.1000e+02 1.4000e+02 -1.2612e-02
1.1000e+02 1.5000e+02 -1.1011e-01
1.1000e+02 1.6000e+02 1.0260e-01
1.1000e+02 1.7000e+02 -3.9022e-02
1.1000e+02 1.8000e+02 8.1020e-01
1.1000e+02 1.9000e+02 -1.0589e+00
1.1000e+02 2.0000e+02 1.7424e+00
1.2000e+02 -2.0000e+02 3.5651e+00
1.2000e+02 -1.9000e+02 5.5718e-01
1.2000e+02 -1.8000e+02 9.0383e-01
1.2000e+02 -1.7000e+02 1.9356e+00
1.2000e+02 -1.6000e+02 1.0543e+00
1.2000e+02 -1.5000e+02 2.6855e+00
1.2000e+02 -1.4000e+02 2.5243e+00
1.2000e+02 -1.3000e+02 -1.1924e+00
1.2000e+02 -1.2000e+02 -4.1968e-01
1.2000e+02 -1.1000e+02 -1.4913e+00
1.2000e+02 -1.0000e+02 -3.7148e-01
1.2000e+02 -9.0000e+01 -2.2544e+00
1.2000e+02 -8.0000e+01 -1.1322e+00
1.2000e+02 -7.0000e+01 -3.9867e+00
1.2000e+02 -6.0000e+01 -2.2321e+00
1.2000e+02 -5.0000e+01 1.0839e-01
1.2000e+02 -4.0000e+01 -1.2235e-01
1.2000e+02 -3.0000e+01 -2.1430e+00
1.2000e+02 -2.0000e+01 5.8129e-02
1.2000e+02 -1.0000e+01 -3.0817e+00
1.2000e+02 0.0000e+00 -2.3325e+00
1.2000e+02 1.0000e+01 -1.7512e+00
1.2000e+02 2.0000e+01 -2.7189e-01
1.2000e+02 3.0000e+01 -2.8365e+00
1.2000e+02 4.0000e+01 -6.9325e-01
1.2000e+02 5.0000e+01 -1.2247e-01
1.2000e+02 6.0000e+01 -1.1460e+00
1.2000e+02 7.0000e+01 -4.3071e+00
1.2000e+02 8.0000e+01 1.1805e-01
1.2000e+02 9.0000e+01 -2.2819e+00
1.2000e+02 1.0000e+02 -8.9339e-01
1.2000e+02 1.1000e+02 -5.1006e-04
1.2000e+02 1.2000e+02 -3.5756e-01
1.2000e+02 1.3000e+02 -2.1023e+00
1.2000e+02 1.4000e+02 -4.1355e-02
1.2000e+02 1.5000e+02 3.1250e+00
1.2000e+02 1.6000e+02 -1.0841e+00
1.2000e+02 1.7000e+02 -1.2890e+00
1.2000e+02 1.8000e+02 -1.3656e+00
1.2000e+02 1.9000e+02 8.0691e-01
1.2000e+02 2.0000e+02 -8.3899e-01
1.3000e+02 -2.0000e+02 -6.9639e-01
1.3000e+02 -1.9000e+02 -2.3680e+00
1.3000e+02 -1.8000e+02 2.6605e+00
1.3000e+02 -1.7000e+02 1.5932e+00
1.3000e+02 -1.6000e+02 -1.5553e+00
1.3000e+02 -1.5000e+02 8.7331e-01
1.3000e+02 -1.4000e+02 1.7174e+00
1.3000e+02 -1.3000e+02 5.0568e-01
1.3000e+02 -1.2000e+02 4.1362e-01
1.3000e+02 -1.1000e+02 -2.1188e+00
1.3000e+02 -1.0000e+02 -2.6234e+00
1.3000e+02 -9.0000e+01 -2.2304e-01
1.3000e+02 -8.0000e+01 -1.8505e+00
1.3000e+02 -7.0000e+01 -1.6422e+00
1.3000e+02 -6.0000e+01 -5.8166e-01
1.3000e+02 -5.0000e+01 9.6347e-01
1.3000e+02 -4.0000e+01 -9.4491e-01
1.3000e+02 -3.0000e+01 -1.1672e+00
1.3000e+02 -2.0000e+01 -2.9810e+00
1.3000e+02 -1.0000e+01 3.0711e+00
1.3000e+02 0.0000e+00 -5.3136e+00
1.3000e+02 1.0000e+01 4.3108e-03
1.3000e+02 2.0000e+01 -3.0627e+00
1.3000e+02 3.0000e+01 -2.9448e+00
1.3000e+02 4.0000e+01 4.8444e-01
1.3000e+02 5.0000e+01 -1.9160e+00
1.3000e+02 6.0000e+01 -2.7207e+00
1.3000e+02 7.0000e+01 -2.2127e+00
1.3000e+02 8.0000e+01 -1.1039e-01
1.3000e+02 9.0000e+01 2.0064e+00
1.3000e+02 1.0000e+02 7.0707e-01
1.3000e+02 1.1000e+02 -1.1533e+00
1.3000e+02 1.2000e+02 -1.7462e+00
1.3000e+02 1.3000e+02 3.1916e+00
1.3000e+02 1.4000e+02 2.2974e+00
1.3000e+02 1.5000e+02 -6.0099e-01
1.3000e+02 1.6000e+02 1.6839e+00
1.3000e+02 1.7000e+02 -1.3399e-01
1.3000e+02 1.8000e+02 -7.8106e-01
1.3000e+02 1.9000e+02 9.9570e-01
1.3000e+02 2.0000e+02 -3.6346e+00
1.4000e+02 -2.0000e+02 -4.6606e-01
1.4000e+02 -1.9000e+02 2.7878e-01
1.4000e+02 -1.8000e+02 2.1143e+00
1.4000e+02 -1.7000e+02 -1.1316e+00
1.4000e+02 -1.6000e+02 -3.8451e-01
1.4000e+02 -1.5000e+02 2.4993e+00
1.4000e+02 -1.4000e+02 1.9630e+00
1.4000e+02 -1.3000e+02 -6.4989e-02
1.4000e+02 -1.2000e+02 -9.9826e-01
1.4000e+02 -1.1000e+02 1.0986e+00
1.4000e+02 -1.0000e+02 1.0146e-01
1.4000e+02 -9.0000e+01 1.1108e+00
1.4000e+02 -8.0000e+01 -2.6748e+00
1.4000e+02 -7.0000e+01 -7.4926e-02
1.4000e+02 -6.0000e+01 -1.8064e-01
1.4000e+02 -5.0000e+01 -5.8371e-01
1.4000e+02 -4.0000e+01 4.0178e+00
1.4000e+02 -3.0000e+01 4.3386e-01
1.4000e+02 -2.0000e+01 -1.2207e+00
1.4000e+02 -1.0000e+01 -8.6376e-01
1.4000e+02 0.0000e+00 -1.2282e+00
1.4000e+02 1.0000e+01 -8.4130e-02
1.4000e+02 2.0000e+01 -3.2677e+00
1.4000e+02 3.0000e+01 -7.8254e-01
1.4000e+02 4.0000e+01 -9.3617e-01
1.4000e+02 5.0000e+01 -4.2283e+00
1.4000e+02 6.0000e+01 5.6259e-02
1.4000e+02 7.0000e+01 -1.8475e+00
1.4000e+02 8.0000e+01 -7.9697e-02
1.4000e+02 9.0000e+01 2.6005e+00
1.4000e+02 1.0000e+02 2.7182e-01
1.4000e+02 1.1000e+02 -1.6335e+00
1.4000e+02 1.2000e+02 7.7797e-01
1.4000e+02 1.3000e+02 -4.5542e-01
1.4000e+02 1.4000e+02 2.1139e+00
1.4000e+02 1.5000e+02 1.9491e-01
1.4000e+02 1.6000e+02 -5.0372e-02
1.4000e+02 1.7000e+02 -2.2669e-01
1.4000e+02 1.8000e+02 -5.9848e-01
1.4000e+02 1.9000e+02 -2.0631e-01
1.4000e+02 2.0000e+02 -2.8772e-01
1.5000e+02 -2.0000e+02 6.3581e-01
1.5000e+02 -1.9000e+02 -2.2354e+00
1.5000e+02 -1.8000e+02 4.7465e-01
1.5000e+02 -1.7000e+02 -9.3350e-01
1.5000e+02 -1.6000e+02 1.0959e-01
1.5000e+02 -1.5000e+02 -9.9742e-03
1.5000e+02 -1.4000e+02 -5.0493e-02
1.5000e+02 -1.3000e+02 -2.6566e-01
1.5000e+02 -1.2000e+02 1.0934e+00
1.5000e+02 -1.1000e+02 -2.0935e-01
1.5000e+02 -1.0000e+02 -4.0707e-01
1.5000e+02 -9.0000e+01 -3.8660e+00
1.5000e+02 -8.0000e+01 -1.3603e+00
1.5000e+02 -7.0000e+01 -3.7712e-01
1.5000e+02 -6.0000e+01 -1.7049e+00
1.5000e+02 -5.0000e+01 9.8414e-02
1.5000e+02 -4.0000e+01 6.9711e-01
1.5000e+02 -3.0000e+01 -6.7757e-02
1.5000e+02 -2.0000e+01 -7.4995e-01
1.5000e+02 -1.0000e+01 9.6967e-01
1.5000e+02 0.0000e+00 3.2290e+00
1.5000e+02 1.0000e+01 2.4621e+00
1.5000e+02 2.0000e+01 -5.9589e-01
1.5000e+02 3.0000e+01 9.6240e-01
1.5000e+02 4.0000e+01 1.2433e-01
1.5000e+02 5.0000e+01 1.2384e+00
1.5000e+02 6.0000e+01 -6.5395e-01
1.5000e+02 7.0000e+01 2.7745e-01
1.5000e+02 8.0000e+01 -5.3837e-01
1.5000e+02 9.0000e+01 1.2039e+00
1.5000e+02 1.0000e+02 -1.3016e+00
1.5000e+02 1.1000e+02 -2.2191e-01
1.5000e+02 1.2000e+02 5.6370e-01
1.5000e+02 1.3000e+02 -3.3959e-01
1.5000e+02 1.4000e+02 -8.4222e-01
1.5000e+02 1.5000e+02 -1.6135e+00
1.5000e+02 1.6000e+02 3.2963e+00
1.5000e+02 1.7000e+02 -1.5731e+00
1.5000e+02 1.8000e+02 -2.2915e+00
1.5000e+02 1.9000e+02 -9.7342e-01
1.5000e+02 2.0000e+02 -2.3457e+00
1.6000e+02 -2.0000e+02 -1.6004e+00
1.6000e+02 -1.9000e+02 -4.1674e+00
1.6000e+02 -1.8000e+02 -2.2601e+00
1.6000e+02 -1.7000e+02 -1.4869e+00
1.6000e+02 -1.6000e+02 -2.7812e-01
1.6000e+02 -1.5000e+02 4.7161e-01
1.6000e+02 -1.4000e+02 1.0191e+00
1.6000e+02 -1.3000e+02 4.3365e-01
1.6000e+02 -1.2000e+02 -5.6160e-01
1.6000e+02 -1.1000e+02 8.2562e-01
1.6000e+02 -1.0000e+02 -1.0909e+00
1.6000e+02 -9.0000e+01 -2.4708e+00
1.6000e+02 -8.0000e+01 -1.4149e+00
1.6000e+02 -7.0000e+01 7.9798e-01
1.6000e+02 -6.0000e+01 -9.8049e-03
1.6000e+02 -5.0000e+01 -1.6352e+00
1.6000e+02 -4.0000e+01 -3.6424e+00
1.6000e+02 -3.0000e+01 9.9739e-02
1.6000e+02 -2.0000e+01 8.8672e-01
1.6000e+02 -1.0000e+01 -2.0488e-01
1.6000e+02 0.0000e+00 -5.2406e-02
1.6000e+02 1.0000e+01 -1.3249e+00
1.6000e+02 2.0000e+01 6.4232e-01
1.6000e+02 3.0000e+01 -3.9925e-01
1.6000e+02 4.0000e+01 -1.7692e+00
1.6000e+02 5.0000e+01 -2.2725e-01
1.6000e+02 6.0000e+01 1.0048e+00
1.6000e+02 7.0000e+01 3.0784e+00
1.6000e+02 8.0000e+01 4.3043e-01
1.6000e+02 9.0000e+01 -7.0482e-02
1.6000e+02 1.0000e+02 -2.8470e+00
1.6000e+02 1.1000e+02 1.1032e+00
1.6000e+02 1.2000e+02 -1.6671e+00
1.6000e+02 1.3000e+02 2.9681e-01
1.6000e+02 1.4000e+02 2.1766e+00
1.6000e+02 1.5000e+02 1.4638e+00
1.6000e+02 1.6000e+02 -4.0721e-01
1.6000e+02 1.7000e+02 -7.8895e-01
1.6000e+02 1.8000e+02 -6.7540e-01
1.6000e+02 1.9000e+02 -1.8725e+00
1.6000e+02 2.0000e+02 -9.5206e-01
1.7000e+02 -2.0000e+02 -3.1708e-01
1.7000e+02 -1.9000e+02 5.1168e-03
1.7000e+02 -1.8000e+02 -1.0422e-01
1.7000e+02 -1.7000e+02 -1.3874e-01
1.7000e+02 -1.6000e+02 -4.5718e-01
1.7000e+02 -1.5000e+02 3.2616e-01
1.7000e+02 -1.4000e+02 6.5496e-01
1.7000e+02 -1.3000e+02 -2.7994e+00
1.7000e+02 -1.2000e+02 2.7825e+00
1.7000e+02 -1.1000e+02 -4.2831e-02
1.7000e+02 -1.0000e+02 1.9971e+00
1.7000e+02 -9.0000e+01 -2.2289e+00
1.7000e+02 -8.0000e+01 -4.0466e-02
1.7000e+02 -7.0000e+01 -1.1633e+00
1.7000e+02 -6.0000e+01 7.4544e-01
1.7000e+02 -5.0000e+01 4.5986e-01
1.7000e+02 -4.0000e+01 1.9042e+00
1.7000e+02 -3.0000e+01 -5.8859e-01
1.7000e+02 -2.0000e+01 -1.4687e+00
1.7000e+02 -1.0000e+01 2.9938e+00
1.7000e+02 0.0000e+00 -7.5600e-01
1.7000e+02 1.0000e+01 -1.8724e+00
1.7000e+02 2.0000e+01 -3.3620e+00
1.7000e+02 3.0000e+01 -1.9315e+00
1.7000e+02 4.0000e+01 7.5241e-01
1.7000e+02 5.0000e+01 -8.0708e-01
1.7000e+02 6.0000e+01 1.6288e+00
1.7000e+02 7.0000e+01 -4.2191e-01
1.7000e+02 8.0000e+01 6.9337e-01
1.7000e+02 9.0000e+01 4.0815e+00
1.7000e+02 1.0000e+02 7.7490e-01
1.7000e+02 1.1000e+02 1.0344e+00
1.7000e+02 1.2000e+02 -3.1339e-01
1.7000e+02 1.3000e+02 3.0603e+00
1.7000e+02 1.4000e+02 7.2944e-01
1.7000e+02 1.5000e+02 -3.6766e+00
1.7000e+02 1.6000e+02 5.7047e-01
1.7000e+02 1.7000e+02 -1.5227e+00
1.7000e+02 1.8000e+02 2.8985e+00
1.7000e+02 1.9000e+02 1.1657e-01
1.7000e+02 2.0000e+02 -1.0248e+00
1.8000e+02 -2.0000e+02 -2.3485e+00
1.8000e+02 -1.9000e+02 2.2610e+00
1.8000e+02 -1.8000e+02 -1.5821e+00
1.8000e+02 -1.7000e+02 4.9937e-01
1.8000e+02 -1.6000e+02 1.1040e+00
1.8000e+02 -1.5000e+02 2.5077e+00
1.8000e+02 -1.4000e+02 -6.7148e-01
1.8000e+02 -1.3000e+02 1.5993e-01
1.8000e+02 -1.2000e+02 -1.7239e+00
1.8000e+02 -1.1000e+02 -4.2052e+00
1.8000e+02 -1.0000e+02 1.0537e+00
1.8000e+02 -9.0000e+01 2.6728e+00
1.8000e+02 -8.0000e+01 1.9683e+00
1.8000e+02 -7.0000e+01 -5.3627e-01
1.8000e+02 -6.0000e+01 5.2351e-01
1.8000e+02 -5.0000e+01 -1.1873e+00
1.8000e+02 -4.0000e+01 -3.8577e-01
1.8000e+02 -3.0000e+01 -5.7487e-02
1.8000e+02 -2.0000e+01 2.3149e+00
1.8000e+02 -1.0000e+01 -1.3827e+00
1.8000e+02 0.0000e+00 -1.6434e+00
1.8000e+02 1.0000e+01 1.0464e+00
1.8000e+02 2.0000e+01 -4.1802e-01
1.8000e+02 3.0000e+01 7.6730e-01
1.8000e+02 4.0000e+01 -4.0085e+00
1.8000e+02 5.0000e+01 -8.6305e-01
1.8000e+02 6.0000e+01 -3.6956e-01
1.8000e+02 7.0000e+01 -3.6536e-01
1.8000e+02 8.0000e+01 -3.1211e-01
1.8000e+02 9.0000e+01 8.6080e-01
1.8000e+02 1.0000e+02 9.3826e-01
1.8000e+02 1.1000e+02 -4.9613e-01
1.8000e+02 1.2000e+02 -1.7495e+00
1.8000e+02 1.3000e+02 -4.5181e-01
1.8000e+02 1.4000e+02 2.5935e+00
1.8000e+02 1.5000e+02 2.1990e+00
1.8000e+02 1.6000e+02 4.2146e-01
1.8000e+02 1.7000e+02 1.1387e+00
1.8000e+02 1.8000e+02 1.8828e-01
1.8000e+02 1.9000e+02 -4.8027e-01
1.8000e+02 2.0000e+02 -2.7807e+00
1.9000e+02 -2.0000e+02 -1.2735e+00
1.9000e+02 -1.9000e+02 -8.6490e-01
1.9000e+02 -1.8000e+02 7.2423e-01
1.9000e+02 -1.7000e+02 6.8518e-01
1.9000e+02 -1.6000e+02 1.0095e-01
1.9000e+02 -1.5000e+02 7.6059e-01
1.9000e+02 -1.4000e+02 -5.0647e-01
1.9000e+02 -1.3000e+02 -1.3258e+00
1.9000e+02 -1.2000e+02 -4.4511e-01
1.9000e+02 -1.1000e+02 -4.7758e-01
1.9000e+02 -1.0000e+02 -2.7841e+00
1.9000e+02 -9.0000e+01 2.6518e-01
1.9000e+02 -8.0000e+01 5.9305e-01
1.9000e+02 -7.0000e+01 1.6117e+00
1.9000e+02 -6.0000e+01 3.0151e+00
1.9000e+02 -5.0000e+01 -8.5775e-02
1.9000e+02 -4.0000e+01 1.4943e+00
1.9000e+02 -3.0000e+01 -4.3205e-01
1.9000e+02 -2.0000e+01 -3.8924e-01
1.9000e+02 -1.0000e+01 7.3484e-01
1.9000e+02 0.0000e+00 5.4899e-01
1.9000e+02 1.0000e+01 -2.5129e+00
1.9000e+02 2.0000e+01 6.6281e-01
1.9000e+02 3.0000e+01 -7.8864e-02
1.9000e+02 4.0000e+01 2.3217e+00
1.9000e+02 5.0000e+01 -4.1664e-01
1.9000e+02 6.0000e+01 2.2960e+00
1.9000e+02 7.0000e+01 4.5183e-01
1.9000e+02 8.0000e+01 1.0277e+00
1.9000e+02 9.0000e+01 3.9038e-01
1.9000e+02 1.0000e+02 -2.3460e-01
1.9000e+02 1.1000e+02 3.2675e-01
1.9000e+02 1.2000e+02 -2.9280e+00
1.9000e+02 1.3000e+02 -1.0619e-01
1.9000e+02 1.4000e+02 5.1777e-02
1.9000e+02 1.5000e+02 -1.0265e+00
1.9000e+02 1.6000e+02 2.4379e+00
1.9000e+02 1.7000e+02 -9.1144e-01
1.9000e+02 1.8000e+02 4.5499e-01
1.9000e+02 1.9000e+02 -1.6946e+00
1.9000e+02 2.0000e+02 8.5364e-01
2.0000e+02 -2.0000e+02 -6.2376e-01
2.0000e+02 -1.9000e+02 1.8248e+00
2.0000e+02 -1.8000e+02 -1.5677e+00
2.0000e+02 -1.7000e+02 -2.6177e+00
2.0000e+02 -1.6000e+02 -4.0256e-01
2.0000e+02 -1.5000e+02 1.6479e-01
2.0000e+02 -1.4000e+02 1.4008e+00
2.0000e+02 -1.3000e+02 8.1845e-01
2.0000e+02 -1.2000e+02 1.5942e+00
2.0000e+02 -1.1000e+02 -6.0142e-01
2.0000e+02 -1.0000e+02 -1.8164e+00
2.0000e+02 -9.0000e+01 -5.9438e-02
2.0000e+02 -8.0000e+01 1.2357e+00
2.0000e+02 -7.0000e+01 7.9098e-01
2.0000e+02 -6.0000e+01 -2.8441e+00
2.0000e+02 -5.0000e+01 -7.8870e-01
2.0000e+02 -4.0000e+01 3.0471e+00
2.0000e+02 -3.0000e+01 1.7568e-01
2.0000e+02 -2.0000e+01 -8.0053e-02
2.0000e+02 -1.0000e+01 -2.0560e-01
2.0000e+02 0.0000e+00 -1.2736e+00
2.0000e+02 1.0000e+01 -7.9047e-01
2.0000e+02 2.0000e+01 -1.9420e-01
2.0000e+02 3.0000e+01 3.3081e-01
2.0000e+02 4.0000e+01 -1.9186e+00
2.0000e+02 5.0000e+01 -9.1627e-01
2.0000e+02 6.0000e+01 -6.4703e-01
2.0000e+02 7.0000e+01 7.2127e-01
2.0000e+02 8.0000e+01 -3.6438e-01
2.0000e+02 9.0000e+01 -1.7685e+00
2.0000e+02 1.0000e+02 3.5056e-01
2.0000e+02 1.1000e+02 2.3884e+00
2.0000e+02 1.2000e+02 -2.6149e+00
2.0000e+02 1.3000e+02 -9.5292e-01
2.0000e+02 1.4000e+02 -6.5766e-01
2.0000e+02 1.5000e+02 3.4842e-01
2.0000e+02 1.6000e+02 1.9309e+00
2.0000e+02 1.7000e+02 -1.1405e+00
2.0000e+02 1.8000e+02 1.3499e+00
2.0000e+02 1.9000e+02 6.9010e-01
2.0000e+02 2.0000e+02 2.0266e+00
