-2.0000e+02 -2.0000e+02 -2.3589e+00
-2.0000e+02 -1.9000e+02 3.1649e+00
-2.0000e+02 -1.8000e+02 1.9685e+00
-2.0000e+02 -1.7000e+02 7.1363e-02
-2.0000e+02 -1.6000e+02 1.9966e+00
-2.0000e+02 -1.5000e+02 1.6058e+00
-2.0000e+02 -1.4000e+02 2.5275e+00
-2.0000e+02 -1.3000e+02 -6.8904e-01
-2.0000e+02 -1.2000e+02 -2.5879e+00
-2.0000e+02 -1.1000e+02 -2.5382e-02
-2.0000e+02 -1.0000e+02 -5.9956e-01
-2.0000e+02 -9.0000e+01 1.4687e-01
-2.0000e+02 -8.0000e+01 -6.1524e-01
-2.0000e+02 -7.0000e+01 -7.2014e-01
-2.0000e+02 -6.0000e+01 2.0189e-01
-2.0000e+02 -5.0000e+01 6.1102e-02
-2.0000e+02 -4.0000e+01 1.1667e+00
-2.0000e+02 -3.0000e+01 2.3033e-01
-2.0000e+02 -2.0000e+01 -5.0561e-01
-2.0000e+02 -1.0000e+01 -1.1664e+00
-2.0000e+02 0.0000e+00 -2.4045e+00
-2.0000e+02 1.0000e+01 2.3666e-01
-2.0000e+02 2.0000e+01 5.8441e-01
-2.0000e+02 3.0000e+01 -1.9270e+00
-2.0000e+02 4.0000e+01 1.0697e+00
-2.0000e+02 5.0000e+01 -2.7002e-01
-2.0000e+02 6.0000e+01 7.3081e-01
-2.0000e+02 7.0000e+01 -1.7008e+00
-2.0000e+02 8.0000e+01 1.6549e-01
-2.0000e+02 9.0000e+01 1.0487e+00
-2.0000e+02 1.0000e+02 -4.8073e-01
-2.0000e+02 1.1000e+02 -1.5083e+00
-2.0000e+02 1.2000e+02 -4.8269e-01
-2.0000e+02 1.3000e+02 -1.1902e-01
-2.0000e+02 1.4000e+02 -1.9047e+00
-2.0000e+02 1.5000e+02 -1.4982e+00
-2.0000e+02 1.6000e+02 1.9983e+00
-2.0000e+02 1.7000e+02 -2.8985e+00
-2.0000e+02 1.8000e+02 7.5094e-01
-2.0000e+02 1.9000e+02 2.0974e+00
-2.0000e+02 2.0000e+02 -4.5864e-01
-1.9000e+02 -2.0000e+02 -1.0916e+00
-1.9000e+02 -1.9000e+02 -2.7110e+00
-1.9000e+02 -1.8000e+02 7.6612e-02
-1.9000e+02 -1.7000e+02 5.8349e-01
-1.9000e+02 -1.6000e+02 -1.3875e+00
-1.9000e+02 -1.5000e+02 -1.0123e-01
-1.9000e+02 -1.4000e+02 8.3812e-01
-1.9000e+02 -1.3000e+02 -9.9993e-01
-1.9000e+02 -1.2000e+02 -1.9608e+00
-1.9000e+02 -1.1000e+02 1.5196e+00
-1.9000e+02 -1.0000e+02 -9.3241e-01
-1.9000e+02 -9.0000e+01 -1.4893e-01
-1.9000e+02 -8.0000e+01 2.7687e-01
-1.9000e+02 -7.0000e+01 -5.5257e-01
-1.9000e+02 -6.0000e+01 -9.8259e-01
-1.9000e+02 -5.0000e+01 2.3241e+00
-1.9000e+02 -4.0000e+01 3.9335e+00
-1.9000e+02 -3.0000e+01 8.2905e-01
-1.9000e+02 -2.0000e+01 -1.1715e+00
-1.9000e+02 -1.0000e+01 2.9547e-01
-1.9000e+02 0.0000e+00 5.0821e-01
-1.9000e+02 1.0000e+01 1.3152e+00
-1.9000e+02 2.0000e+01 4.1344e-02
-1.9000e+02 3.0000e+01 -2.6131e-01
-1.9000e+02 4.0000e+01 -4.9609e-01
-1.9000e+02 5.0000e+01 9.2647e-01
-1.9000e+02 6.0000e+01 3.0379e+00
-1.9000e+02 7.0000e+01 1.3617e+00
-1.9000e+02 8.0000e+01 -3.0067e-01
-1.9000e+02 9.0000e+01 1.6755e+00
-1.9000e+02 1.0000e+02 -4.2051e-01
-1.9000e+02 1.1000e+02 -1.5193e-01
-1.9000e+02 1.2000e+02 1.2721e+00
-1.9000e+02 1.3000e+02 -2.7242e+00
-1.9000e+02 1.4000e+02 5.2791e-01
-1.9000e+02 1.5000e+02 7.9780e-01
-1.9000e+02 1.6000e+02 -2.9673e+00
-1.9000e+02 1.7000e+02 -9.7208e-02
-1.9000e+02 1.8000e+02 -1.3551e-01
-1.9000e+02 1.9000e+02 -1.4543e+00
-1.9000e+02 2.0000e+02 -1.4149e+00
-1.8000e+02 -2.0000e+02 1.5036e+00
-1.8000e+02 -1.9000e+02 -3.6148e-01
-1.8000e+02 -1.8000e+02 5.7082e-01
-1.8000e+02 -1.7000e+02 7.3190e-01
-1.8000e+02 -1.6000e+02 2.3897e+00
-1.8000e+02 -1.5000e+02 -1.3191e+00
-1.8000e+02 -1.4000e+02 -1.1438e+00
-1.8000e+02 -1.3000e+02 9.1766e-01
-1.8000e+02 -1.2000e+02 3.9572e+00
-1.8000e+02 -1.1000e+02 2.3556e+00
-1.8000e+02 -1.0000e+02 1.5173e+00
-1.8000e+02 -9.0000e+01 2.9270e-01
-1.8000e+02 -8.0000e+01 1.0776e+00
-1.8000e+02 -7.0000e+01 1.8796e+00
-1.8000e+02 -6.0000e+01 5.7090e-01
-1.8000e+02 -5.0000e+01 -2.0860e+00
-1.8000e+02 -4.0000e+01 -1.5711e-01
-1.8000e+02 -3.0000e+01 8.5755e-01
-1.8000e+02 -2.0000e+01 2.1571e+00
-1.8000e+02 -1.0000e+01 5.8691e-01
-1.8000e+02 0.0000e+00 1.0522e+00
-1.8000e+02 1.0000e+01 -7.4211e-01
-1.8000e+02 2.0000e+01 -2.0945e+00
-1.8000e+02 3.0000e+01 5.5790e-01
-1.8000e+02 4.0000e+01 -1.5730e-01
-1.8000e+02 5.0000e+01 -2.4382e+00
-1.8000e+02 6.0000e+01 3.4482e-01
-1.8000e+02 7.0000e+01 1.0245e+00
-1.8000e+02 8.0000e+01 1.4634e+00
-1.8000e+02 9.0000e+01 -4.0644e-01
-1.8000e+02 1.0000e+02 5.6059e-01
-1.8000e+02 1.1000e+02 -1.9920e+00
-1.8000e+02 1.2000e+02 8.9726e-01
-1.8000e+02 1.3000e+02 -2.2322e+00
-1.8000e+02 1.4000e+02 7.7386e-01
-1.8000e+02 1.5000e+02 6.1684e-01
-1.8000e+02 1.6000e+02 -1.3488e+00
-1.8000e+02 1.7000e+02 -6.9357e-01
-1.8000e+02 1.8000e+02 1.3700e-01
-1.8000e+02 1.9000e+02 -9.9903e-01
-1.8000e+02 2.0000e+02 -1.5638e-01
-1.7000e+02 -2.0000e+02 1.1726e+00
-1.7000e+02 -1.9000e+02 3.3031e-02
-1.7000e+02 -1.8000e+02 -1.2256e+00
-1.7000e+02 -1.7000e+02 2.2794e-02
-1.7000e+02 -1.6000e+02 -8.7813e-02
-1.7000e+02 -1.5000e+02 1.7560e+00
-1.7000e+02 -1.4000e+02 -1.5879e+00
-1.7000e+02 -1.3000e+02 -1.4022e+00
-1.7000e+02 -1.2000e+02 7.0079e-01
-1.7000e+02 -1.1000e+02 1.4959e+00
-1.7000e+02 -1.0000e+02 5.1244e-01
-1.7000e+02 -9.0000e+01 -1.3798e+00
-1.7000e+02 -8.0000e+01 -4.9075e-01
-1.7000e+02 -7.0000e+01 -7.5915e-01
-1.7000e+02 -6.0000e+01 1.4095e+00
-1.7000e+02 -5.0000e+01 2.8597e-02
-1.7000e+02 -4.0000e+01 3.4503e-01
-1.7000e+02 -3.0000e+01 -2.6959e-01
-1.7000e+02 -2.0000e+01 -1.5259e+00
-1.7000e+02 -1.0000e+01 -4.9620e-01
-1.7000e+02 0.0000e+00 7.5340e-01
-1.7000e+02 1.0000e+01 -7.7024e-01
-1.7000e+02 2.0000e+01 -1.0104e+00
-1.7000e+02 3.0000e+01 -7.3291e-01
-1.7000e+02 4.0000e+01 -3.0749e+00
-1.7000e+02 5.0000e+01 2.8148e+00
-1.7000e+02 6.0000e+01 1.7380e+00
-1.7000e+02 7.0000e+01 2.3655e+00
-1.7000e+02 8.0000e+01 1.0045e-01
-1.7000e+02 9.0000e+01 -6.0143e-01
-1.7000e+02 1.0000e+02 6.4786e-01
-1.7000e+02 1.1000e+02 2.8825e+00
-1.7000e+02 1.2000e+02 8.1959e-01
-1.7000e+02 1.3000e+02 -2.2211e+00
-1.7000e+02 1.4000e+02 8.6602e-01
-1.7000e+02 1.5000e+02 5.5514e-02
-1.7000e+02 1.6000e+02 1.8729e+00
-1.7000e+02 1.7000e+02 2.3621e-01
-1.7000e+02 1.8000e+02 1.0122e+00
-1.7000e+02 1.9000e+02 -1.4025e+00
-1.7000e+02 2.0000e+02 -1.7085e-01
-1.6000e+02 -2.0000e+02 -1.3201e+00
-1.6000e+02 -1.9000e+02 -2.2807e+00
-1.6000e+02 -1.8000e+02 -1.3718e+00
-1.6000e+02 -1.7000e+02 9.9663e-01
-1.6000e+02 -1.6000e+02 2.2614e+00
-1.6000e+02 -1.5000e+02 7.5252e-01
-1.6000e+02 -1.4000e+02 -6.3200e-01
-1.6000e+02 -1.3000e+02 -1.4492e+00
-1.6000e+02 -1.2000e+02 -1.3497e+00
-1.6000e+02 -1.1000e+02 -1.1584e+00
-1.6000e+02 -1.0000e+02 -1.9570e-01
-1.6000e+02 -9.0000e+01 1.3895e+00
-1.6000e+02 -8.0000e+01 1.2352e+00
-1.6000e+02 -7.0000e+01 -9.1468e-01
-1.6000e+02 -6.0000e+01 -2.4767e+00
-1.6000e+02 -5.0000e+01 7.7257e-01
-1.6000e+02 -4.0000e+01 1.6299e+00
-1.6000e+02 -3.0000e+01 5.9531e-01
-1.6000e+02 -2.0000e+01 1.8651e+00
-1.6000e+02 -1.0000e+01 -1.6825e+00
-1.6000e+02 0.0000e+00 -1.2881e-01
-1.6000e+02 1.0000e+01 -1.0246e+00
-1.6000e+02 2.0000e+01 -5.3691e-01
-1.6000e+02 3.0000e+01 -4.7275e-01
-1.6000e+02 4.0000e+01 -1.6160e+00
-1.6000e+02 5.0000e+01 2.7861e-01
-1.6000e+02 6.0000e+01 6.4509e-01
-1.6000e+02 7.0000e+01 -6.0969e-01
-1.6000e+02 8.0000e+01 -1.4642e+00
-1.6000e+02 9.0000e+01 3.3488e-01
-1.6000e+02 1.0000e+02 -1.5748e+00
-1.6000e+02 1.1000e+02 -2.7593e+00
-1.6000e+02 1.2000e+02 1.8106e+00
-1.6000e+02 1.3000e+02 3.9265e-02
-1.6000e+02 1.4000e+02 -1.1785e+00
-1.6000e+02 1.5000e+02 -8.4646e-01
-1.6000e+02 1.6000e+02 -2.2645e+00
-1.6000e+02 1.7000e+02 1.3128e+00
-1.6000e+02 1.8000e+02 2.5692e-01
-1.6000e+02 1.9000e+02 9.5945e-01
-1.6000e+02 2.0000e+02 -2.0780e+00
-1.5000e+02 -2.0000e+02 -1.7184e+00
-1.5000e+02 -1.9000e+02 -7.4790e-02
-1.5000e+02 -1.8000e+02 -7.8001e-01
-1.5000e+02 -1.7000e+02 -1.7750e+00
-1.5000e+02 -1.6000e+02 3.1139e+00
-1.5000e+02 -1.5000e+02 7.4797e-01
-1.5000e+02 -1.4000e+02 1.1703e+00
-1.5000e+02 -1.3000e+02 -4.4599e-01
-1.5000e+02 -1.2000e+02 -8.0502e-01
-1.5000e+02 -1.1000e+02 2.0117e+00
-1.5000e+02 -1.0000e+02 1.5235e-01
-1.5000e+02 -9.0000e+01 -1.6436e+00
-1.5000e+02 -8.0000e+01 -3.3276e+00
-1.5000e+02 -7.0000e+01 -2.2811e+00
-1.5000e+02 -6.0000e+01 -1.8727e+00
-1.5000e+02 -5.0000e+01 -2.4503e+00
-1.5000e+02 -4.0000e+01 -3.9843e-01
-1.5000e+02 -3.0000e+01 7.9283e-01
-1.5000e+02 -2.0000e+01 -1.5172e+00
-1.5000e+02 -1.0000e+01 5.8715e-01
-1.5000e+02 0.0000e+00 7.7980e-01
-1.5000e+02 1.0000e+01 -1.9324e-01
-1.5000e+02 2.0000e+01 4.6724e-01
-1.5000e+02 3.0000e+01 -3.8947e+00
-1.5000e+02 4.0000e+01 1.7553e+00
-1.5000e+02 5.0000e+01 4.6318e-01
-1.5000e+02 6.0000e+01 -1.5984e+00
-1.5000e+02 7.0000e+01 1.0741e-01
-1.5000e+02 8.0000e+01 1.0802e-01
-1.5000e+02 9.0000e+01 -8.0886e-01
-1.5000e+02 1.0000e+02 -1.9222e+00
-1.5000e+02 1.1000e+02 3.0437e-01
-1.5000e+02 1.2000e+02 -1.9701e+00
-1.5000e+02 1.3000e+02 5.8990e-01
-1.5000e+02 1.4000e+02 7.6618e-01
-1.5000e+02 1.5000e+02 -1.6548e+00
-1.5000e+02 1.6000e+02 -2.0919e+00
-1.5000e+02 1.7000e+02 1.0233e+00
-1.5000e+02 1.8000e+02 1.3176e+00
-1.5000e+02 1.9000e+02 -1.1274e-01
-1.5000e+02 2.0000e+02 2.4015e-01
-1.4000e+02 -2.0000e+02 4.8982e-01
-1.4000e+02 -1.9000e+02 -2.5361e+00
-1.4000e+02 -1.8000e+02 -7.6691e-01
-1.4000e+02 -1.7000e+02 1.1302e+00
-1.4000e+02 -1.6000e+02 4.9365e-01
-1.4000e+02 -1.5000e+02 -7.3077e-01
-1.4000e+02 -1.4000e+02 -1.1544e+00
-1.4000e+02 -1.3000e+02 2.0637e+00
-1.4000e+02 -1.2000e+02 -8.8420e-01
-1.4000e+02 -1.1000e+02 -2.0337e+00
-1.4000e+02 -1.0000e+02 8.5994e-03
-1.4000e+02 -9.0000e+01 3.6544e-01
-1.4000e+02 -8.0000e+01 -3.6612e-02
-1.4000e+02 -7.0000e+01 3.9294e-01
-1.4000e+02 -6.0000e+01 1.8094e+00
-1.4000e+02 -5.0000e+01 3.4819e-01
-1.4000e+02 -4.0000e+01 6.4852e-01
-1.4000e+02 -3.0000e+01 1.2096e+00
-1.4000e+02 -2.0000e+01 -8.8879e-01
-1.4000e+02 -1.0000e+01 -4.1660e-01
-1.4000e+02 0.0000e+00 -5.3419e-01
-1.4000e+02 1.0000e+01 -6.8841e-01
-1.4000e+02 2.0000e+01 -1.9586e-02
-1.4000e+02 3.0000e+01 1.6138e-03
-1.4000e+02 4.0000e+01 1.0168e+00
-1.4000e+02 5.0000e+01 1.7499e-01
-1.4000e+02 6.0000e+01 -7.0555e-01
-1.4000e+02 7.0000e+01 -9.0905e-01
-1.4000e+02 8.0000e+01 6.5223e-01
-1.4000e+02 9.0000e+01 -8.1919e-01
-1.4000e+02 1.0000e+02 -1.0017e+00
-1.4000e+02 1.1000e+02 -2.2255e+00
-1.4000e+02 1.2000e+02 -3.7086e-01
-1.4000e+02 1.3000e+02 -1.1906e+00
-1.4000e+02 1.4000e+02 1.7698e+00
-1.4000e+02 1.5000e+02 4.8861e-01
-1.4000e+02 1.6000e+02 -8.1764e-01
-1.4000e+02 1.7000e+02 1.8250e+00
-1.4000e+02 1.8000e+02 2.9205e-01
-1.4000e+02 1.9000e+02 -3.2877e-01
-1.4000e+02 2.0000e+02 -1.7199e+00
-1.3000e+02 -2.0000e+02 1.8825e+00
-1.3000e+02 -1.9000e+02 -1.0139e-01
-1.3000e+02 -1.8000e+02 1.2090e+00
-1.3000e+02 -1.7000e+02 2.8616e-01
-1.3000e+02 -1.6000e+02 2.2564e-01
-1.3000e+02 -1.5000e+02 3.0003e+00
-1.3000e+02 -1.4000e+02 4.0524e-01
-1.3000e+02 -1.3000e+02 -1.0913e+00
-1.3000e+02 -1.2000e+02 -2.9408e-01
-1.3000e+02 -1.1000e+02 -1.3385e+00
-1.3000e+02 -1.0000e+02 2.6601e+00
-1.3000e+02 -9.0000e+01 4.5001e-01
-1.3000e+02 -8.0000e+01 -5.7148e-01
-1.3000e+02 -7.0000e+01 1.7342e-01
-1.3000e+02 -6.0000e+01 -7.1833e-01
-1.3000e+02 -5.0000e+01 1.6446e+00
-1.3000e+02 -4.0000e+01 9.4209e-01
-1.3000e+02 -3.0000e+01 -1.8935e+00
-1.3000e+02 -2.0000e+01 -5.0264e-01
-1.3000e+02 -1.0000e+01 -1.7231e+00
-1.3000e+02 0.0000e+00 -1.0874e+00
-1.3000e+02 1.0000e+01 7.7021e-01
-1.3000e+02 2.0000e+01 -1.3430e+00
-1.3000e+02 3.0000e+01 1.5853e-01
-1.3000e+02 4.0000e+01 -3.5252e-01
-1.3000e+02 5.0000e+01 -3.2586e-02
-1.3000e+02 6.0000e+01 -1.3239e+00
-1.3000e+02 7.0000e+01 2.2889e-02
-1.3000e+02 8.0000e+01 -2.1326e+00
-1.3000e+02 9.0000e+01 -3.0426e+00
-1.3000e+02 1.0000e+02 3.5662e-01
-1.3000e+02 1.1000e+02 7.8324e-02
-1.3000e+02 1.2000e+02 -5.1077e-01
-1.3000e+02 1.3000e+02 2.4058e+00
-1.3000e+02 1.4000e+02 -9.6386e-01
-1.3000e+02 1.5000e+02 1.3102e+00
-1.3000e+02 1.6000e+02 1.6788e-01
-1.3000e+02 1.7000e+02 -7.3367e-01
-1.3000e+02 1.8000e+02 -4.0407e-01
-1.3000e+02 1.9000e+02 -4.0851e+00
-1.3000e+02 2.0000e+02 3.0949e-01
-1.2000e+02 -2.0000e+02 -1.6876e-01
-1.2000e+02 -1.9000e+02 -1.0143e+00
-1.2000e+02 -1.8000e+02 6.4446e-01
-1.2000e+02 -1.7000e+02 5.4730e-01
-1.2000e+02 -1.6000e+02 -2.2373e+00
-1.2000e+02 -1.5000e+02 3.2342e-01
-1.2000e+02 -1.4000e+02 -2.6727e+00
-1.2000e+02 -1.3000e+02 -1.2222e+00
-1.2000e+02 -1.2000e+02 2.6941e+00
-1.2000e+02 -1.1000e+02 9.5018e-01
-1.2000e+02 -1.0000e+02 1.4688e+00
-1.2000e+02 -9.0000e+01 -2.1327e+00
-1.2000e+02 -8.0000e+01 -1.2634e+00
-1.2000e+02 -7.0000e+01 1.8708e+00
-1.2000e+02 -6.0000e+01 -1.6275e-01
-1.2000e+02 -5.0000e+01 -1.9759e+00
-1.2000e+02 -4.0000e+01 8.1322e-01
-1.2000e+02 -3.0000e+01 9.1197e-02
-1.2000e+02 -2.0000e+01 -1.8158e-02
-1.2000e+02 -1.0000e+01 -2.4271e+00
-1.2000e+02 0.0000e+00 -1.6584e+00
-1.2000e+02 1.0000e+01 -2.4814e+00
-1.2000e+02 2.0000e+01 -1.6063e+00
-1.2000e+02 3.0000e+01 -2.9354e+00
-1.2000e+02 4.0000e+01 -1.8158e-01
-1.2000e+02 5.0000e+01 -1.5695e-01
-1.2000e+02 6.0000e+01 1.2453e+00
-1.2000e+02 7.0000e+01 -5.9609e-01
-1.2000e+02 8.0000e+01 3.2261e-01
-1.2000e+02 9.0000e+01 -4.3928e-01
-1.2000e+02 1.0000e+02 1.1527e+00
-1.2000e+02 1.1000e+02 -1.9391e+00
-1.2000e+02 1.2000e+02 -2.2928e-01
-1.2000e+02 1.3000e+02 -1.4921e+00
-1.2000e+02 1.4000e+02 7.5517e-01
-1.2000e+02 1.5000e+02 5.0761e-01
-1.2000e+02 1.6000e+02 -1.3636e+00
-1.2000e+02 1.7000e+02 5.9745e-01
-1.2000e+02 1.8000e+02 9.0063e-01
-1.2000e+02 1.9000e+02 -1.2625e+00
-1.2000e+02 2.0000e+02 -9.0049e-01
-1.1000e+02 -2.0000e+02 5.5461e-01
-1.1000e+02 -1.9000e+02 -1.0274e-02
-1.1000e+02 -1.8000e+02 1.8977e-02
-1.1000e+02 -1.7000e+02 1.2553e+00
-1.1000e+02 -1.6000e+02 -7.1536e-01
-1.1000e+02 -1.5000e+02 -6.5884e-01
-1.1000e+02 -1.4000e+02 1.3629e-01
-1.1000e+02 -1.3000e+02 6.6514e-01
-1.1000e+02 -1.2000e+02 9.7409e-01
-1.1000e+02 -1.1000e+02 1.1608e+00
-1.1000e+02 -1.0000e+02 -1.6319e+00
-1.1000e+02 -9.0000e+01 5.5698e-01
-1.1000e+02 -8.0000e+01 -2.2197e-01
-1.1000e+02 -7.0000e+01 -2.3560e+00
-1.1000e+02 -6.0000e+01 -1.4775e+00
-1.1000e+02 -5.0000e+01 -1.4423e+00
-1.1000e+02 -4.0000e+01 -3.3809e+00
-1.1000e+02 -3.0000e+01 -2.8572e+00
-1.1000e+02 -2.0000e+01 -3.4211e+00
-1.1000e+02 -1.0000e+01 3.9288e-01
-1.1000e+02 0.0000e+00 -2.4518e+00
-1.1000e+02 1.0000e+01 -3.2566e+00
-1.1000e+02 2.0000e+01 -2.1040e+00
-1.1000e+02 3.0000e+01 -1.2127e+00
-1.1000e+02 4.0000e+01 -1.1077e+00
-1.1000e+02 5.0000e+01 -2.6065e+00
-1.1000e+02 6.0000e+01 -3.3132e+00
-1.1000e+02 7.0000e+01 2.9724e-01
-1.1000e+02 8.0000e+01 -3.0376e+00
-1.1000e+02 9.0000e+01 -2.5807e+00
-1.1000e+02 1.0000e+02 -2.9378e-01
-1.1000e+02 1.1000e+02 -1.7410e+00
-1.1000e+02 1.2000e+02 -2.4884e+00
-1.1000e+02 1.3000e+02 -2.0100e+00
-1.1000e+02 1.4000e+02 3.3803e+00
-1.1000e+02 1.5000e+02 -2.5359e+00
-1.1000e+02 1.6000e+02 3.7569e-01
-1.1000e+02 1.7000e+02 3.4664e+00
-1.1000e+02 1.8000e+02 -1.5530e+00
-1.1000e+02 1.9000e+02 2.8558e-01
-1.1000e+02 2.0000e+02 -2.9404e-01
-1.0000e+02 -2.0000e+02 1.7602e+00
-1.0000e+02 -1.9000e+02 -2.9154e+00
-1.0000e+02 -1.8000e+02 4.0172e+00
-1.0000e+02 -1.7000e+02 -3.8275e-01
-1.0000e+02 -1.6000e+02 -2.3341e-01
-1.0000e+02 -1.5000e+02 -1.0195e+00
-1.0000e+02 -1.4000e+02 -1.0707e+00
-1.0000e+02 -1.3000e+02 6.4936e-01
-1.0000e+02 -1.2000e+02 1.2356e-01
-1.0000e+02 -1.1000e+02 -3.1509e+00
-1.0000e+02 -1.0000e+02 -2.5848e+00
-1.0000e+02 -9.0000e+01 -5.5428e-02
-1.0000e+02 -8.0000e+01 -1.4743e-01
-1.0000e+02 -7.0000e+01 -1.9147e+00
-1.0000e+02 -6.0000e+01 -2.4007e+00
-1.0000e+02 -5.0000e+01 -1.7550e+00
-1.0000e+02 -4.0000e+01 -4.9757e+00
-1.0000e+02 -3.0000e+01 -5.0202e+00
-1.0000e+02 -2.0000e+01 -1.3280e+00
-1.0000e+02 -1.0000e+01 -1.2495e+00
-1.0000e+02 0.0000e+00 -3.0849e+00
-1.0000e+02 1.0000e+01 -2.2481e+00
-1.0000e+02 2.0000e+01 -2.1425e+00
-1.0000e+02 3.0000e+01 -1.6292e+00
-1.0000e+02 4.0000e+01 -2.8107e+00
-1.0000e+02 5.0000e+01 -4.5416e+00
-1.0000e+02 6.0000e+01 -2.1257e+00
-1.0000e+02 7.0000e+01 -2.4555e+00
-1.0000e+02 8.0000e+01 -1.0407e+00
-1.0000e+02 9.0000e+01 1.3698e+00
-1.0000e+02 1.0000e+02 -1.6742e+00
-1.0000e+02 1.1000e+02 2.6761e-01
-1.0000e+02 1.2000e+02 -2.3564e-03
-1.0000e+02 1.3000e+02 6.7643e-01
-1.0000e+02 1.4000e+02 -1.4016e+00
-1.0000e+02 1.5000e+02 2.0278e-01
-1.0000e+02 1.6000e+02 -7.3567e-01
-1.0000e+02 1.7000e+02 -1.0917e+00
-1.0000e+02 1.8000e+02 1.2754e+00
-1.0000e+02 1.9000e+02 -2.1770e+00
-1.0000e+02 2.0000e+02 1.5982e-01
-9.0000e+01 -2.0000e+02 6.3448e-01
-9.0000e+01 -1.9000e+02 6.9888e-01
-9.0000e+01 -1.8000e+02 5.7680e-01
-9.0000e+01 -1.7000e+02 6.0655e-02
-9.0000e+01 -1.6000e+02 -2.9776e+00
-9.0000e+01 -1.5000e+02 1.0028e+00
-9.0000e+01 -1.4000e+02 -1.9796e+00
-9.0000e+01 -1.3000e+02 2.0388e+00
-9.0000e+01 -1.2000e+02 -8.1044e-01
-9.0000e+01 -1.1000e+02 -3.4798e-01
-9.0000e+01 -1.0000e+02 -8.4999e-02
-9.0000e+01 -9.0000e+01 -1.5212e+00
-9.0000e+01 -8.0000e+01 -4.1464e+00
-9.0000e+01 -7.0000e+01 -6.3875e-01
-9.0000e+01 -6.0000e+01 -3.2766e+00
-9.0000e+01 -5.0000e+01 -3.4827e+00
-9.0000e+01 -4.0000e+01 -2.2187e+00
-9.0000e+01 -3.0000e+01 -2.9381e+00
-9.0000e+01 -2.0000e+01 -4.4323e+00
-9.0000e+01 -1.0000e+01 -1.3377e+00
-9.0000e+01 0.0000e+00 -4.2482e+00
-9.0000e+01 1.0000e+01 -5.6847e+00
-9.0000e+01 2.0000e+01 -5.0182e+00
-9.0000e+01 3.0000e+01 -6.0877e+00
-9.0000e+01 4.0000e+01 -1.3945e+00
-9.0000e+01 5.0000e+01 -3.2189e+00
-9.0000e+01 6.0000e+01 -1.8829e+00
-9.0000e+01 7.0000e+01 -1.9318e+00
-9.0000e+01 8.0000e+01 -1.6703e+00
-9.0000e+01 9.0000e+01 4.8518e-02
-9.0000e+01 1.0000e+02 6.2052e-02
-9.0000e+01 1.1000e+02 -9.3724e-01
-9.0000e+01 1.2000e+02 -1.5166e-01
-9.0000e+01 1.3000e+02 -5.8362e-01
-9.0000e+01 1.4000e+02 -1.4955e-01
-9.0000e+01 1.5000e+02 -6.0429e-01
-9.0000e+01 1.6000e+02 2.6164e+00
-9.0000e+01 1.7000e+02 -1.7157e-01
-9.0000e+01 1.8000e+02 1.0582e+00
-9.0000e+01 1.9000e+02 3.1012e-01
-9.0000e+01 2.0000e+02 -1.8618e+00
-8.0000e+01 -2.0000e+02 1.0629e+00
-8.0000e+01 -1.9000e+02 -3.2655e-01
-8.0000e+01 -1.8000e+02 1.3110e+00
-8.0000e+01 -1.7000e+02 5.8849e-01
-8.0000e+01 -1.6000e+02 -1.5825e+00
-8.0000e+01 -1.5000e+02 -1.5981e+00
-8.0000e+01 -1.4000e+02 -1.4810e+00
-8.0000e+01 -1.3000e+02 -2.6583e+00
-8.0000e+01 -1.2000e+02 8.2372e-01
-8.0000e+01 -1.1000e+02 -2.3174e+00
-8.0000e+01 -1.0000e+02 -2.7232e-01
-8.0000e+01 -9.0000e+01 -3.6935e+00
-8.0000e+01 -8.0000e+01 -3.4900e+00
-8.0000e+01 -7.0000e+01 -2.3982e+00
-8.0000e+01 -6.0000e+01 -5.7236e+00
-8.0000e+01 -5.0000e+01 -6.8570e+00
-8.0000e+01 -4.0000e+01 -4.7665e+00
-8.0000e+01 -3.0000e+01 -3.5692e+00
-8.0000e+01 -2.0000e+01 -6.0333e+00
-8.0000e+01 -1.0000e+01 -4.3317e+00
-8.0000e+01 0.0000e+00 -5.7592e+00
-8.0000e+01 1.0000e+01 -2.3129e+00
-8.0000e+01 2.0000e+01 -6.0531e+00
-8.0000e+01 3.0000e+01 -5.2877e+00
-8.0000e+01 4.0000e+01 -3.6637e+00
-8.0000e+01 5.0000e+01 -5.3703e+00
-8.0000e+01 6.0000e+01 -3.4645e+00
-8.0000e+01 7.0000e+01 -2.9825e+00
-8.0000e+01 8.0000e+01 -2.4744e+00
-8.0000e+01 9.0000e+01 -2.2758e+00
-8.0000e+01 1.0000e+02 -1.3117e+00
-8.0000e+01 1.1000e+02 8.8360e-01
-8.0000e+01 1.2000e+02 3.2391e-01
-8.0000e+01 1.3000e+02 -6.5735e-01
-8.0000e+01 1.4000e+02 -1.5821e+00
-8.0000e+01 1.5000e+02 -4.3712e-01
-8.0000e+01 1.6000e+02 1.0664e+00
-8.0000e+01 1.7000e+02 -6.3509e-02
-8.0000e+01 1.8000e+02 6.6434e-01
-8.0000e+01 1.9000e+02 2.3774e-01
-8.0000e+01 2.0000e+02 -1.6064e+00
-7.0000e+01 -2.0000e+02 1.1233e-01
-7.0000e+01 -1.9000e+02 -1.2315e+00
-7.0000e+01 -1.8000e+02 3.3257e-01
-7.0000e+01 -1.7000e+02 6.8513e-01
-7.0000e+01 -1.6000e+02 -8.0373e-01
-7.0000e+01 -1.5000e+02 6.1755e-01
-7.0000e+01 -1.4000e+02 -1.1858e+00
-7.0000e+01 -1.3000e+02 -1.5534e+00
-7.0000e+01 -1.2000e+02 -1.8920e-01
-7.0000e+01 -1.1000e+02 -2.3734e+00
-7.0000e+01 -1.0000e+02 -1.0319e+00
-7.0000e+01 -9.0000e+01 -1.4327e+00
-7.0000e+01 -8.0000e+01 -1.4064e+00
-7.0000e+01 -7.0000e+01 -2.7521e+00
-7.0000e+01 -6.0000e+01 -5.2360e-01
-7.0000e+01 -5.0000e+01 -5.9564e+00
-7.0000e+01 -4.0000e+01 -6.0498e+00
-7.0000e+01 -3.0000e+01 -6.6857e+00
-7.0000e+01 -2.0000e+01 -4.8923e+00
-7.0000e+01 -1.0000e+01 -6.8623e+00
-7.0000e+01 0.0000e+00 -3.4748e+00
-7.0000e+01 1.0000e+01 -7.2051e+00
-7.0000e+01 2.0000e+01 -5.8637e+00
-7.0000e+01 3.0000e+01 -4.5040e+00
-7.0000e+01 4.0000e+01 -5.8728e+00
-7.0000e+01 5.0000e+01 -7.1441e+00
-7.0000e+01 6.0000e+01 -5.3405e+00
-7.0000e+01 7.0000e+01 -4.7009e-01
-7.0000e+01 8.0000e+01 1.3043e+00
-7.0000e+01 9.0000e+01 -4.7512e-01
-7.0000e+01 1.0000e+02 -2.7911e+00
-7.0000e+01 1.1000e+02 -1.5515e-01
-7.0000e+01 1.2000e+02 5.3679e-01
-7.0000e+01 1.3000e+02 -3.5635e+00
-7.0000e+01 1.4000e+02 7.0355e-03
-7.0000e+01 1.5000e+02 1.3574e+00
-7.0000e+01 1.6000e+02 8.1030e-02
-7.0000e+01 1.7000e+02 5.8938e-01
-7.0000e+01 1.8000e+02 -3.5550e+00
-7.0000e+01 1.9000e+02 1.2788e+00
-7.0000e+01 2.0000e+02 -4.3248e-01
-6.0000e+01 -2.0000e+02 -2.1941e-01
-6.0000e+01 -1.9000e+02 5.7824e-01
-6.0000e+01 -1.8000e+02 7.5767e-01
-6.0000e+01 -1.7000e+02 -1.1575e+00
-6.0000e+01 -1.6000e+02 8.1798e-01
-6.0000e+01 -1.5000e+02 -3.9626e-01
-6.0000e+01 -1.4000e+02 7.9724e-02
-6.0000e+01 -1.3000e+02 -3.1945e+00
-6.0000e+01 -1.2000e+02 -2.5018e+00
-6.0000e+01 -1.1000e+02 -2.5237e+00
-6.0000e+01 -1.0000e+02 -1.6123e+00
-6.0000e+01 -9.0000e+01 -2.1350e+00
-6.0000e+01 -8.0000e+01 -3.9493e+00
-6.0000e+01 -7.0000e+01 -2.7839e+00
-6.0000e+01 -6.0000e+01 -4.3676e+00
-6.0000e+01 -5.0000e+01 -6.5799e+00
-6.0000e+01 -4.0000e+01 -9.5168e+00
-6.0000e+01 -3.0000e+01 -4.1829e+00
-6.0000e+01 -2.0000e+01 -1.0193e+01
-6.0000e+01 -1.0000e+01 -6.9905e+00
-6.0000e+01 0.0000e+00 -1.1425e+01
-6.0000e+01 1.0000e+01 -7.4116e+00
-6.0000e+01 2.0000e+01 -9.6645e+00
-6.0000e+01 3.0000e+01 -8.1500e+00
-6.0000e+01 4.0000e+01 -7.6944e+00
-6.0000e+01 5.0000e+01 -8.1532e+00
-6.0000e+01 6.0000e+01 -6.5061e+00
-6.0000e+01 7.0000e+01 -3.2721e+00
-6.0000e+01 8.0000e+01 -4.2703e+00
-6.0000e+01 9.0000e+01 -3.2895e+00
-6.0000e+01 1.0000e+02 1.1058e+00
-6.0000e+01 1.1000e+02 1.6953e+00
-6.0000e+01 1.2000e+02 -4.1891e-01
-6.0000e+01 1.3000e+02 -1.5223e+00
-6.0000e+01 1.4000e+02 -8.5404e-02
-6.0000e+01 1.5000e+02 2.0651e-01
-6.0000e+01 1.6000e+02 -5.0972e-01
-6.0000e+01 1.7000e+02 -6.4764e-01
-6.0000e+01 1.8000e+02 9.3844e-01
-6.0000e+01 1.9000e+02 -8.5729e-02
-6.0000e+01 2.0000e+02 7.6366e-01
-5.0000e+01 -2.0000e+02 2.0116e+00
-5.0000e+01 -1.9000e+02 1.0112e+00
-5.0000e+01 -1.8000e+02 -1.4596e+00
-5.0000e+01 -1.7000e+02 1.1277e+00
-5.0000e+01 -1.6000e+02 1.3870e+00
-5.0000e+01 -1.5000e+02 3.1594e-01
-5.0000e+01 -1.4000e+02 -1.6391e+00
-5.0000e+01 -1.3000e+02 -4.1239e+00
-5.0000e+01 -1.2000e+02 -2.3102e+00
-5.0000e+01 -1.1000e+02 -1.5237e+00
-5.0000e+01 -1.0000e+02 -4.5071e+00
-5.0000e+01 -9.0000e+01 -2.5875e+00
-5.0000e+01 -8.0000e+01 -3.1244e+00
-5.0000e+01 -7.0000e+01 -2.6865e+00
-5.0000e+01 -6.0000e+01 -5.7510e+00
-5.0000e+01 -5.0000e+01 -9.7031e+00
-5.0000e+01 -4.0000e+01 -4.4764e+00
-5.0000e+01 -3.0000e+01 -1.2357e+01
-5.0000e+01 -2.0000e+01 -8.6506e+00
-5.0000e+01 -1.0000e+01 -9.6996e+00
-5.0000e+01 0.0000e+00 -7.2844e+00
-5.0000e+01 1.0000e+01 -1.2719e+01
-5.0000e+01 2.0000e+01 -8.6754e+00
-5.0000e+01 3.0000e+01 -6.3161e+00
-5.0000e+01 4.0000e+01 -7.8231e+00
-5.0000e+01 5.0000e+01 -3.6173e+00
-5.0000e+01 6.0000e+01 -4.7860e+00
-5.0000e+01 7.0000e+01 -7.2386e+00
-5.0000e+01 8.0000e+01 -2.2057e+00
-5.0000e+01 9.0000e+01 -1.9841e+00
-5.0000e+01 1.0000e+02 -2.3882e+00
-5.0000e+01 1.1000e+02 6.3876e-01
-5.0000e+01 1.2000e+02 -9.8364e-01
-5.0000e+01 1.3000e+02 3.1865e-01
-5.0000e+01 1.4000e+02 -2.8558e+00
-5.0000e+01 1.5000e+02 1.9237e+00
-5.0000e+01 1.6000e+02 8.8225e-01
-5.0000e+01 1.7000e+02 -2.2982e+00
-5.0000e+01 1.8000e+02 -3.0824e-01
-5.0000e+01 1.9000e+02 -1.5674e+00
-5.0000e+01 2.0000e+02 -1.1358e-01
-4.0000e+01 -2.0000e+02 3.1337e-01
-4.0000e+01 -1.9000e+02 -1.4455e-01
-4.0000e+01 -1.8000e+02 2.1776e-02
-4.0000e+01 -1.7000e+02 -7.6144e-01
-4.0000e+01 -1.6000e+02 -9.2474e-01
-4.0000e+01 -1.5000e+02 -1.2204e-01
-4.0000e+01 -1.4000e+02 3.1295e-01
-4.0000e+01 -1.3000e+02 -1.9802e+00
-4.0000e+01 -1.2000e+02 -1.7863e+00
-4.0000e+01 -1.1000e+02 -3.6712e+00
-4.0000e+01 -1.0000e+02 -3.2131e+00
-4.0000e+01 -9.0000e+01 -4.0485e+00
-4.0000e+01 -8.0000e+01 -3.7225e+00
-4.0000e+01 -7.0000e+01 -5.6011e+00
-4.0000e+01 -6.0000e+01 -6.3832e+00
-4.0000e+01 -5.0000e+01 -7.2296e+00
-4.0000e+01 -4.0000e+01 -7.3864e+00
-4.0000e+01 -3.0000e+01 -9.3442e+00
-4.0000e+01 -2.0000e+01 -8.8062e+00
-4.0000e+01 -1.0000e+01 -1.1093e+01
-4.0000e+01 0.0000e+00 -1.3020e+01
-4.0000e+01 1.0000e+01 -1.2678e+01
-4.0000e+01 2.0000e+01 -1.1346e+01
-4.0000e+01 3.0000e+01 -1.2653e+01
-4.0000e+01 4.0000e+01 -1.1516e+01
-4.0000e+01 5.0000e+01 -8.8367e+00
-4.0000e+01 6.0000e+01 -6.6759e+00
-4.0000e+01 7.0000e+01 -6.4673e+00
-4.0000e+01 8.0000e+01 -5.0373e+00
-4.0000e+01 9.0000e+01 -2.7431e+00
-4.0000e+01 1.0000e+02 -3.0432e+00
-4.0000e+01 1.1000e+02 -2.2026e-01
-4.0000e+01 1.2000e+02 -1.6573e+00
-4.0000e+01 1.3000e+02 -1.5467e+00
-4.0000e+01 1.4000e+02 1.7683e+00
-4.0000e+01 1.5000e+02 -2.8425e+00
-4.0000e+01 1.6000e+02 -8.2184e-01
-4.0000e+01 1.7000e+02 -3.7564e-01
-4.0000e+01 1.8000e+02 6.0933e-01
-4.0000e+01 1.9000e+02 -1.4446e+00
-4.0000e+01 2.0000e+02 3.0519e+00
-3.0000e+01 -2.0000e+02 -3.8758e+00
-3.0000e+01 -1.9000e+02 1.4503e+00
-3.0000e+01 -1.8000e+02 5.1964e-01
-3.0000e+01 -1.7000e+02 2.8127e-01
-3.0000e+01 -1.6000e+02 9.3005e-01
-3.0000e+01 -1.5000e+02 -1.1378e+00
-3.0000e+01 -1.4000e+02 -2.7852e+00
-3.0000e+01 -1.3000e+02 -1.6443e+00
-3.0000e+01 -1.2000e+02 -3.4599e+00
-3.0000e+01 -1.1000e+02 -3.1174e+00
-3.0000e+01 -1.0000e+02 -1.9442e+00
-3.0000e+01 -9.0000e+01 -5.2514e+00
-3.0000e+01 -8.0000e+01 -2.4176e+00
-3.0000e+01 -7.0000e+01 -7.3566e+00
-3.0000e+01 -6.0000e+01 -7.0326e+00
-3.0000e+01 -5.0000e+01 -1.0311e+01
-3.0000e+01 -4.0000e+01 -1.1864e+01
-3.0000e+01 -3.0000e+01 -1.2055e+01
-3.0000e+01 -2.0000e+01 -1.2196e+01
-3.0000e+01 -1.0000e+01 -1.4198e+01
-3.0000e+01 0.0000e+00 -1.2249e+01
-3.0000e+01 1.0000e+01 -1.3025e+01
-3.0000e+01 2.0000e+01 -1.3380e+01
-3.0000e+01 3.0000e+01 -1.1812e+01
-3.0000e+01 4.0000e+01 -1.1610e+01
-3.0000e+01 5.0000e+01 -1.0306e+01
-3.0000e+01 6.0000e+01 -8.8314e+00
-3.0000e+01 7.0000e+01 -4.6344e+00
-3.0000e+01 8.0000e+01 -6.0278e+00
-3.0000e+01 9.0000e+01 -4.8405e+00
-3.0000e+01 1.0000e+02 -1.6206e-01
-3.0000e+01 1.1000e+02 -1.6837e+00
-3.0000e+01 1.2000e+02 -9.0083e-01
-3.0000e+01 1.3000e+02 9.0059e-01
-3.0000e+01 1.4000e+02 -1.3426e+00
-3.0000e+01 1.5000e+02 -2.6291e+00
-3.0000e+01 1.6000e+02 -2.3355e+00
-3.0000e+01 1.7000e+02 6.3879e-01
-3.0000e+01 1.8000e+02 -1.2158e+00
-3.0000e+01 1.9000e+02 -9.9911e-01
-3.0000e+01 2.0000e+02 -9.6619e-01
-2.0000e+01 -2.0000e+02 6.3193e-01
-2.0000e+01 -1.9000e+02 1.5171e+00
-2.0000e+01 -1.8000e+02 -8.1075e-01
-2.0000e+01 -1.7000e+02 -3.6994e-01
-2.0000e+01 -1.6000e+02 -1.8094e+00
-2.0000e+01 -1.5000e+02 1.9458e+00
-2.0000e+01 -1.4000e+02 6.0582e-01
-2.0000e+01 -1.3000e+02 8.9745e-01
-2.0000e+01 -1.2000e+02 -3.6300e+00
-2.0000e+01 -1.1000e+02 -4.0386e+00
-2.0000e+01 -1.0000e+02 -5.9179e+00
-2.0000e+01 -9.0000e+01 -1.0918e+00
-2.0000e+01 -8.0000e+01 -7.3577e+00
-2.0000e+01 -7.0000e+01 -6.7378e+00
-2.0000e+01 -6.0000e+01 -7.1612e+00
-2.0000e+01 -5.0000e+01 -8.2800e+00
-2.0000e+01 -4.0000e+01 -9.9583e+00
-2.0000e+01 -3.0000e+01 -1.3060e+01
-2.0000e+01 -2.0000e+01 -1.2872e+01
-2.0000e+01 -1.0000e+01 -1.3227e+01
-2.0000e+01 0.0000e+00 -1.1443e+01
-2.0000e+01 1.0000e+01 -1.3578e+01
-2.0000e+01 2.0000e+01 -1.1894e+01
-2.0000e+01 3.0000e+01 -1.3243e+01
-2.0000e+01 4.0000e+01 -1.0756e+01
-2.0000e+01 5.0000e+01 -9.8120e+00
-2.0000e+01 6.0000e+01 -1.0146e+01
-2.0000e+01 7.0000e+01 -5.5518e+00
-2.0000e+01 8.0000e+01 -5.4325e+00
-2.0000e+01 9.0000e+01 -1.9647e+00
-2.0000e+01 1.0000e+02 -1.6404e+00
-2.0000e+01 1.1000e+02 -4.4782e-01
-2.0000e+01 1.2000e+02 -1.7932e+00
-2.0000e+01 1.3000e+02 -1.2252e+00
-2.0000e+01 1.4000e+02 2.2448e-01
-2.0000e+01 1.5000e+02 -2.7195e+00
-2.0000e+01 1.6000e+02 2.2332e+00
-2.0000e+01 1.7000e+02 8.8384e-01
-2.0000e+01 1.8000e+02 7.1097e-01
-2.0000e+01 1.9000e+02 -1.5598e+00
-2.0000e+01 2.0000e+02 4.7757e-01
-1.0000e+01 -2.0000e+02 -2.7267e+00
-1.0000e+01 -1.9000e+02 -1.1374e+00
-1.0000e+01 -1.8000e+02 2.2040e+00
-1.0000e+01 -1.7000e+02 -1.7902e+00
-1.0000e+01 -1.6000e+02 -2.1545e+00
-1.0000e+01 -1.5000e+02 6.7390e-01
-1.0000e+01 -1.4000e+02 -1.7668e-01
-1.0000e+01 -1.3000e+02 -1.8323e+00
-1.0000e+01 -1.2000e+02 -6.8972e-01
-1.0000e+01 -1.1000e+02 -1.3071e+00
-1.0000e+01 -1.0000e+02 -3.4310e+00
-1.0000e+01 -9.0000e+01 -4.9826e+00
-1.0000e+01 -8.0000e+01 -7.4268e+00
-1.0000e+01 -7.0000e+01 -9.2732e+00
-1.0000e+01 -6.0000e+01 -8.1385e+00
-1.0000e+01 -5.0000e+01 -1.2013e+01
-1.0000e+01 -4.0000e+01 -1.0266e+01
-1.0000e+01 -3.0000e+01 -1.3195e+01
-1.0000e+01 -2.0000e+01 -1.5048e+01
-1.0000e+01 -1.0000e+01 -1.4468e+01
-1.0000e+01 0.0000e+00 -1.4516e+01
-1.0000e+01 1.0000e+01 -1.4940e+01
-1.0000e+01 2.0000e+01 -1.3405e+01
-1.0000e+01 3.0000e+01 -1.1164e+01
-1.0000e+01 4.0000e+01 -1.1910e+01
-1.0000e+01 5.0000e+01 -7.9874e+00
-1.0000e+01 6.0000e+01 -8.5999e+00
-1.0000e+01 7.0000e+01 -5.9650e+00
-1.0000e+01 8.0000e+01 -3.5691e+00
-1.0000e+01 9.0000e+01 -5.6659e+00
-1.0000e+01 1.0000e+02 -5.8760e-01
-1.0000e+01 1.1000e+02 -2.3671e+00
-1.0000e+01 1.2000e+02 -2.4288e+00
-1.0000e+01 1.3000e+02 -7.0994e-01
-1.0000e+01 1.4000e+02 -6.0946e-02
-1.0000e+01 1.5000e+02 -1.1949e+00
-1.0000e+01 1.6000e+02 9.7781e-01
-1.0000e+01 1.7000e+02 8.4682e-02
-1.0000e+01 1.8000e+02 -4.3055e-01
-1.0000e+01 1.9000e+02 -2.3001e+00
-1.0000e+01 2.0000e+02 1.4229e+00
0.0000e+00 -2.0000e+02 8.1581e-02
0.0000e+00 -1.9000e+02 -5.4116e-01
0.0000e+00 -1.8000e+02 -8.3772e-01
0.0000e+00 -1.7000e+02 -9.9680e-02
0.0000e+00 -1.6000e+02 2.8997e-01
0.0000e+00 -1.5000e+02 -1.1292e+00
0.0000e+00 -1.4000e+02 -2.9358e+00
0.0000e+00 -1.3000e+02 6.8983e-01
0.0000e+00 -1.2000e+02 1.6213e+00
0.0000e+00 -1.1000e+02 -3.4571e+00
0.0000e+00 -1.0000e+02 -3.8746e+00
0.0000e+00 -9.0000e+01 -5.5825e+00
0.0000e+00 -8.0000e+01 -2.9382e+00
0.0000e+00 -7.0000e+01 -4.8525e+00
0.0000e+00 -6.0000e+01 -1.0032e+01
0.0000e+00 -5.0000e+01 -8.4011e+00
0.0000e+00 -4.0000e+01 -1.1249e+01
0.0000e+00 -3.0000e+01 -1.2783e+01
0.0000e+00 -2.0000e+01 -1.5339e+01
0.0000e+00 -1.0000e+01 -1.7065e+01
0.0000e+00 0.0000e+00 -1.5540e+01
0.0000e+00 1.0000e+01 -1.3492e+01
0.0000e+00 2.0000e+01 -1.5308e+01
0.0000e+00 3.0000e+01 -1.5249e+01
0.0000e+00 4.0000e+01 -1.3023e+01
0.0000e+00 5.0000e+01 -7.1824e+00
0.0000e+00 6.0000e+01 -9.3352e+00
0.0000e+00 7.0000e+01 -7.7778e+00
0.0000e+00 8.0000e+01 -5.5459e+00
0.0000e+00 9.0000e+01 -4.4874e+00
0.0000e+00 1.0000e+02 -2.7185e+00
0.0000e+00 1.1000e+02 -2.6998e+00
0.0000e+00 1.2000e+02 -1.6260e+00
0.0000e+00 1.3000e+02 -2.4244e-01
0.0000e+00 1.4000e+02 1.5527e-01
0.0000e+00 1.5000e+02 -2.3117e+00
0.0000e+00 1.6000e+02 1.3164e+00
0.0000e+00 1.7000e+02 1.3918e-01
0.0000e+00 1.8000e+02 -2.8555e+00
0.0000e+00 1.9000e+02 1.5185e+00
0.0000e+00 2.0000e+02 2.1505e+00
1.0000e+01 -2.0000e+02 1.8998e-01
1.0000e+01 -1.9000e+02 3.1103e-01
1.0000e+01 -1.8000e+02 -1.3308e+00
1.0000e+01 -1.7000e+02 5.5838e-01
1.0000e+01 -1.6000e+02 -5.1996e-01
1.0000e+01 -1.5000e+02 1.7529e+00
1.0000e+01 -1.4000e+02 6.4030e-01
1.0000e+01 -1.3000e+02 -8.6723e-01
1.0000e+01 -1.2000e+02 -2.4379e+00
1.0000e+01 -1.1000e+02 -4.9789e+00
1.0000e+01 -1.0000e+02 -2.6516e+00
1.0000e+01 -9.0000e+01 -2.4760e+00
1.0000e+01 -8.0000e+01 -5.1099e+00
1.0000e+01 -7.0000e+01 -6.0721e+00
1.0000e+01 -6.0000e+01 -7.1830e+00
1.0000e+01 -5.0000e+01 -8.6420e+00
1.0000e+01 -4.0000e+01 -1.1370e+01
1.0000e+01 -3.0000e+01 -1.3804e+01
1.0000e+01 -2.0000e+01 -1.5015e+01
1.0000e+01 -1.0000e+01 -1.1466e+01
1.0000e+01 0.0000e+00 -1.5892e+01
1.0000e+01 1.0000e+01 -1.5647e+01
1.0000e+01 2.0000e+01 -1.5763e+01
1.0000e+01 3.0000e+01 -1.4255e+01
1.0000e+01 4.0000e+01 -1.2937e+01
1.0000e+01 5.0000e+01 -9.8501e+00
1.0000e+01 6.0000e+01 -9.5840e+00
1.0000e+01 7.0000e+01 -7.4247e+00
1.0000e+01 8.0000e+01 -4.7407e+00
1.0000e+01 9.0000e+01 -4.0394e+00
1.0000e+01 1.0000e+02 -5.2424e+00
1.0000e+01 1.1000e+02 -1.6729e+00
1.0000e+01 1.2000e+02 6.3047e-01
1.0000e+01 1.3000e+02 -2.5331e+00
1.0000e+01 1.4000e+02 -1.8705e-02
1.0000e+01 1.5000e+02 -1.4009e+00
1.0000e+01 1.6000e+02 -8.9502e-01
1.0000e+01 1.7000e+02 -2.3252e-01
1.0000e+01 1.8000e+02 1.3749e+00
1.0000e+01 1.9000e+02 -1.4468e-01
1.0000e+01 2.0000e+02 -1.2196e+00
2.0000e+01 -2.0000e+02 -3.2080e-01
2.0000e+01 -1.9000e+02 -2.3822e+00
2.0000e+01 -1.8000e+02 1.7814e+00
2.0000e+01 -1.7000e+02 7.1528e-01
2.0000e+01 -1.6000e+02 -1.6662e+00
2.0000e+01 -1.5000e+02 1.4536e-01
2.0000e+01 -1.4000e+02 -3.1263e-01
2.0000e+01 -1.3000e+02 5.9141e-02
2.0000e+01 -1.2000e+02 -1.1452e+00
2.0000e+01 -1.1000e+02 -5.3561e+00
2.0000e+01 -1.0000e+02 -2.4452e+00
2.0000e+01 -9.0000e+01 -5.5587e+00
2.0000e+01 -8.0000e+01 -4.3111e+00
2.0000e+01 -7.0000e+01 -5.2519e+00
2.0000e+01 -6.0000e+01 -9.7185e+00
2.0000e+01 -5.0000e+01 -7.3845e+00
2.0000e+01 -4.0000e+01 -1.3448e+01
2.0000e+01 -3.0000e+01 -1.1185e+01
2.0000e+01 -2.0000e+01 -1.2021e+01
2.0000e+01 -1.0000e+01 -1.4728e+01
2.0000e+01 0.0000e+00 -1.3365e+01
2.0000e+01 1.0000e+01 -1.2959e+01
2.0000e+01 2.0000e+01 -1.4077e+01
2.0000e+01 3.0000e+01 -1.2800e+01
2.0000e+01 4.0000e+01 -1.3502e+01
2.0000e+01 5.0000e+01 -1.0657e+01
2.0000e+01 6.0000e+01 -4.7072e+00
2.0000e+01 7.0000e+01 -5.7640e+00
2.0000e+01 8.0000e+01 -6.4255e+00
2.0000e+01 9.0000e+01 -4.8421e+00
2.0000e+01 1.0000e+02 -1.8189e+00
2.0000e+01 1.1000e+02 -2.8462e+00
2.0000e+01 1.2000e+02 -1.4217e+00
2.0000e+01 1.3000e+02 -6.7274e-01
2.0000e+01 1.4000e+02 -3.1549e+00
2.0000e+01 1.5000e+02 -1.2671e+00
2.0000e+01 1.6000e+02 7.1253e-01
2.0000e+01 1.7000e+02 -1.0995e+00
2.0000e+01 1.8000e+02 7.9811e-01
2.0000e+01 1.9000e+02 -4.0578e+00
2.0000e+01 2.0000e+02 -5.7725e-01
3.0000e+01 -2.0000e+02 -3.9210e-01
3.0000e+01 -1.9000e+02 -2.6495e+00
3.0000e+01 -1.8000e+02 -5.5590e-01
3.0000e+01 -1.7000e+02 -2.3318e+00
3.0000e+01 -1.6000e+02 4.5320e-01
3.0000e+01 -1.5000e+02 5.1459e-01
3.0000e+01 -1.4000e+02 -8.8426e-03
3.0000e+01 -1.3000e+02 7.6085e-01
3.0000e+01 -1.2000e+02 -4.8585e+00
3.0000e+01 -1.1000e+02 -2.0923e+00
3.0000e+01 -1.0000e+02 -2.1042e+00
3.0000e+01 -9.0000e+01 -2.8182e+00
3.0000e+01 -8.0000e+01 -5.5735e+00
3.0000e+01 -7.0000e+01 -8.7628e+00
3.0000e+01 -6.0000e+01 -7.5711e+00
3.0000e+01 -5.0000e+01 -8.5932e+00
3.0000e+01 -4.0000e+01 -8.5060e+00
3.0000e+01 -3.0000e+01 -9.5430e+00
3.0000e+01 -2.0000e+01 -1.2478e+01
3.0000e+01 -1.0000e+01 -1.2564e+01
3.0000e+01 0.0000e+00 -1.4106e+01
3.0000e+01 1.0000e+01 -1.3377e+01
3.0000e+01 2.0000e+01 -1.3989e+01
3.0000e+01 3.0000e+01 -1.0294e+01
3.0000e+01 4.0000e+01 -1.1989e+01
3.0000e+01 5.0000e+01 -8.4661e+00
3.0000e+01 6.0000e+01 -7.3635e+00
3.0000e+01 7.0000e+01 -7.1652e+00
3.0000e+01 8.0000e+01 -5.0073e+00
3.0000e+01 9.0000e+01 -5.3584e+00
3.0000e+01 1.0000e+02 -4.4433e+00
3.0000e+01 1.1000e+02 -1.8375e+00
3.0000e+01 1.2000e+02 -8.6108e-03
3.0000e+01 1.3000e+02 2.6560e+00
3.0000e+01 1.4000e+02 -3.0027e+00
3.0000e+01 1.5000e+02 -1.2560e+00
3.0000e+01 1.6000e+02 1.8594e+00
3.0000e+01 1.7000e+02 -3.4662e-01
3.0000e+01 1.8000e+02 2.5978e+00
3.0000e+01 1.9000e+02 1.6886e+00
3.0000e+01 2.0000e+02 -1.9116e-01
4.0000e+01 -2.0000e+02 -1.0154e-01
4.0000e+01 -1.9000e+02 4.5817e-01
4.0000e+01 -1.8000e+02 -6.3560e-03
4.0000e+01 -1.7000e+02 -6.2986e-01
4.0000e+01 -1.6000e+02 -1.1163e+00
4.0000e+01 -1.5000e+02 8.2065e-01
4.0000e+01 -1.4000e+02 -1.1353e+00
4.0000e+01 -1.3000e+02 8.8789e-01
4.0000e+01 -1.2000e+02 2.3783e-01
4.0000e+01 -1.1000e+02 -6.2646e-01
4.0000e+01 -1.0000e+02 -4.9003e+00
4.0000e+01 -9.0000e+01 -2.6896e+00
4.0000e+01 -8.0000e+01 -1.5897e+00
4.0000e+01 -7.0000e+01 -6.7351e+00
4.0000e+01 -6.0000e+01 -4.5629e+00
4.0000e+01 -5.0000e+01 -7.9712e+00
4.0000e+01 -4.0000e+01 -1.0225e+01
4.0000e+01 -3.0000e+01 -8.0872e+00
4.0000e+01 -2.0000e+01 -1.2063e+01
4.0000e+01 -1.0000e+01 -1.3035e+01
4.0000e+01 0.0000e+00 -1.0999e+01
4.0000e+01 1.0000e+01 -1.1863e+01
4.0000e+01 2.0000e+01 -1.1893e+01
4.0000e+01 3.0000e+01 -1.0335e+01
4.0000e+01 4.0000e+01 -1.0998e+01
4.0000e+01 5.0000e+01 -1.0075e+01
4.0000e+01 6.0000e+01 -8.1308e+00
4.0000e+01 7.0000e+01 -6.5016e+00
4.0000e+01 8.0000e+01 -4.8341e+00
4.0000e+01 9.0000e+01 -2.0702e+00
4.0000e+01 1.0000e+02 -2.7363e+00
4.0000e+01 1.1000e+02 -2.4888e+00
4.0000e+01 1.2000e+02 -2.2221e+00
4.0000e+01 1.3000e+02 -1.0606e+00
4.0000e+01 1.4000e+02 6.8109e-01
4.0000e+01 1.5000e+02 1.4101e+00
4.0000e+01 1.6000e+02 -3.5351e+00
4.0000e+01 1.7000e+02 -5.1801e-01
4.0000e+01 1.8000e+02 -3.4000e+00
4.0000e+01 1.9000e+02 8.5346e-01
4.0000e+01 2.0000e+02 1.9086e-01
5.0000e+01 -2.0000e+02 2.5111e+00
5.0000e+01 -1.9000e+02 3.5635e+00
5.0000e+01 -1.8000e+02 -8.0223e-01
5.0000e+01 -1.7000e+02 1.5982e+00
5.0000e+01 -1.6000e+02 -5.1692e-01
5.0000e+01 -1.5000e+02 -2.8790e+00
5.0000e+01 -1.4000e+02 5.4670e-01
5.0000e+01 -1.3000e+02 -9.5057e-01
5.0000e+01 -1.2000e+02 -6.1876e-02
5.0000e+01 -1.1000e+02 -3.1944e+00
5.0000e+01 -1.0000e+02 -2.2404e+00
5.0000e+01 -9.0000e+01 -3.7284e+00
5.0000e+01 -8.0000e+01 -4.0152e+00
5.0000e+01 -7.0000e+01 -4.0166e+00
5.0000e+01 -6.0000e+01 -7.9805e+00
5.0000e+01 -5.0000e+01 -6.6103e+00
5.0000e+01 -4.0000e+01 -7.3582e+00
5.0000e+01 -3.0000e+01 -1.0188e+01
5.0000e+01 -2.0000e+01 -1.2216e+01
5.0000e+01 -1.0000e+01 -9.0924e+00
5.0000e+01 0.0000e+00 -9.0093e+00
5.0000e+01 1.0000e+01 -7.6009e+00
5.0000e+01 2.0000e+01 -8.9511e+00
5.0000e+01 3.0000e+01 -8.5365e+00
5.0000e+01 4.0000e+01 -1.1173e+01
5.0000e+01 5.0000e+01 -5.3594e+00
5.0000e+01 6.0000e+01 -5.2269e+00
5.0000e+01 7.0000e+01 -5.8683e+00
5.0000e+01 8.0000e+01 -4.2834e+00
5.0000e+01 9.0000e+01 -3.2873e+00
5.0000e+01 1.0000e+02 -2.8771e+00
5.0000e+01 1.1000e+02 -6.4520e-01
5.0000e+01 1.2000e+02 -2.1371e+00
5.0000e+01 1.3000e+02 -3.8688e-01
5.0000e+01 1.4000e+02 -1.7846e+00
5.0000e+01 1.5000e+02 -9.8617e-01
5.0000e+01 1.6000e+02 -8.5984e-01
5.0000e+01 1.7000e+02 -7.4013e-01
5.0000e+01 1.8000e+02 2.3355e-01
5.0000e+01 1.9000e+02 -5.4609e-01
5.0000e+01 2.0000e+02 -1.6545e+00
6.0000e+01 -2.0000e+02 1.6484e-01
6.0000e+01 -1.9000e+02 -2.4433e+00
6.0000e+01 -1.8000e+02 9.5287e-01
6.0000e+01 -1.7000e+02 -4.0268e-01
6.0000e+01 -1.6000e+02 1.3578e+00
6.0000e+01 -1.5000e+02 3.6029e+00
6.0000e+01 -1.4000e+02 -9.3389e-03
6.0000e+01 -1.3000e+02 -3.5735e+00
6.0000e+01 -1.2000e+02 -1.0971e+00
6.0000e+01 -1.1000e+02 -2.7615e+00
6.0000e+01 -1.0000e+02 -1.4405e+00
6.0000e+01 -9.0000e+01 -3.9094e+00
6.0000e+01 -8.0000e+01 -4.1494e+00
6.0000e+01 -7.0000e+01 -5.0842e+00
6.0000e+01 -6.0000e+01 -2.3389e+00
6.0000e+01 -5.0000e+01 -6.6338e+00
6.0000e+01 -4.0000e+01 -5.8719e+00
6.0000e+01 -3.0000e+01 -9.1009e+00
6.0000e+01 -2.0000e+01 -1.1153e+01
6.0000e+01 -1.0000e+01 -8.1118e+00
6.0000e+01 0.0000e+00 -7.2492e+00
6.0000e+01 1.0000e+01 -7.1473e+00
6.0000e+01 2.0000e+01 -8.9892e+00
6.0000e+01 3.0000e+01 -7.1561e+00
6.0000e+01 4.0000e+01 -7.7268e+00
6.0000e+01 5.0000e+01 -4.7514e+00
6.0000e+01 6.0000e+01 -3.9468e+00
6.0000e+01 7.0000e+01 -4.4973e+00
6.0000e+01 8.0000e+01 -3.5653e+00
6.0000e+01 9.0000e+01 -2.1029e+00
6.0000e+01 1.0000e+02 -1.0257e+00
6.0000e+01 1.1000e+02 -1.8118e+00
6.0000e+01 1.2000e+02 -8.0198e-01
6.0000e+01 1.3000e+02 1.8830e+00
6.0000e+01 1.4000e+02 -1.6792e+00
6.0000e+01 1.5000e+02 1.2646e+00
6.0000e+01 1.6000e+02 -2.4979e-01
6.0000e+01 1.7000e+02 -5.4901e-01
6.0000e+01 1.8000e+02 -2.2636e+00
6.0000e+01 1.9000e+02 -1.4805e-01
6.0000e+01 2.0000e+02 2.8039e+00
7.0000e+01 -2.0000e+02 1.7327e+00
7.0000e+01 -1.9000e+02 -6.4661e-01
7.0000e+01 -1.8000e+02 -2.2617e+00
7.0000e+01 -1.7000e+02 -3.4021e+00
7.0000e+01 -1.6000e+02 7.6300e-01
7.0000e+01 -1.5000e+02 -7.3327e-01
7.0000e+01 -1.4000e+02 -2.7099e+00
7.0000e+01 -1.3000e+02 -3.1416e+00
7.0000e+01 -1.2000e+02 -7.3808e-01
7.0000e+01 -1.1000e+02 -9.0674e-01
7.0000e+01 -1.0000e+02 -1.1940e+00
7.0000e+01 -9.0000e+01 8.4659e-01
7.0000e+01 -8.0000e+01 1.4804e+00
7.0000e+01 -7.0000e+01 -5.1986e+00
7.0000e+01 -6.0000e+01 -2.8196e+00
7.0000e+01 -5.0000e+01 -4.2216e+00
7.0000e+01 -4.0000e+01 -4.3107e+00
7.0000e+01 -3.0000e+01 -8.4408e+00
7.0000e+01 -2.0000e+01 -5.2150e+00
7.0000e+01 -1.0000e+01 -4.9621e+00
7.0000e+01 0.0000e+00 -5.8400e+00
7.0000e+01 1.0000e+01 -7.3995e+00
7.0000e+01 2.0000e+01 -6.7114e+00
7.0000e+01 3.0000e+01 -4.4906e+00
7.0000e+01 4.0000e+01 -2.5013e+00
7.0000e+01 5.0000e+01 -5.4520e+00
7.0000e+01 6.0000e+01 -7.0817e+00
7.0000e+01 7.0000e+01 -1.1022e+00
7.0000e+01 8.0000e+01 -1.6717e+00
7.0000e+01 9.0000e+01 -2.5474e+00
7.0000e+01 1.0000e+02 -3.0105e+00
7.0000e+01 1.1000e+02 -1.4660e+00
7.0000e+01 1.2000e+02 -2.7163e+00
7.0000e+01 1.3000e+02 4.0730e-01
7.0000e+01 1.4000e+02 -1.9723e+00
7.0000e+01 1.5000e+02 -1.9298e+00
7.0000e+01 1.6000e+02 1.7724e-01
7.0000e+01 1.7000e+02 -8.2347e-02
7.0000e+01 1.8000e+02 1.5683e+00
7.0000e+01 1.9000e+02 -2.2276e+00
7.0000e+01 2.0000e+02 3.5740e+00
8.0000e+01 -2.0000e+02 -4.1902e+00
8.0000e+01 -1.9000e+02 -1.5457e+00
8.0000e+01 -1.8000e+02 -2.9158e+00
8.0000e+01 -1.7000e+02 -7.4164e-01
8.0000e+01 -1.6000e+02 2.3804e+00
8.0000e+01 -1.5000e+02 2.0915e+00
8.0000e+01 -1.4000e+02 -1.7205e+00
8.0000e+01 -1.3000e+02 -2.0527e-01
8.0000e+01 -1.2000e+02 -2.4901e+00
8.0000e+01 -1.1000e+02 4.7603e-01
8.0000e+01 -1.0000e+02 -1.5048e+00
8.0000e+01 -9.0000e+01 2.6878e-01
8.0000e+01 -8.0000e+01 2.6384e-02
8.0000e+01 -7.0000e+01 -2.3607e+00
8.0000e+01 -6.0000e+01 -3.5218e+00
8.0000e+01 -5.0000e+01 -1.3526e+00
8.0000e+01 -4.0000e+01 -4.2845e+00
8.0000e+01 -3.0000e+01 -9.4296e+00
8.0000e+01 -2.0000e+01 -4.4638e+00
8.0000e+01 -1.0000e+01 -7.3152e+00
8.0000e+01 0.0000e+00 -5.2862e+00
8.0000e+01 1.0000e+01 -7.4590e+00
8.0000e+01 2.0000e+01 -4.8553e+00
8.0000e+01 3.0000e+01 -4.1299e+00
8.0000e+01 4.0000e+01 -6.4285e+00
8.0000e+01 5.0000e+01 -4.6426e+00
8.0000e+01 6.0000e+01 -2.9255e+00
8.0000e+01 7.0000e+01 -5.0352e+00
8.0000e+01 8.0000e+01 -5.6533e-01
8.0000e+01 9.0000e+01 -2.3669e+00
8.0000e+01 1.0000e+02 -2.4082e+00
8.0000e+01 1.1000e+02 6.9615e-01
8.0000e+01 1.2000e+02 5.2417e-02
8.0000e+01 1.3000e+02 -1.5646e-01
8.0000e+01 1.4000e+02 1.5206e-01
8.0000e+01 1.5000e+02 3.8450e+00
8.0000e+01 1.6000e+02 4.7776e-01
8.0000e+01 1.7000e+02 -1.7349e+00
8.0000e+01 1.8000e+02 1.3516e+00
8.0000e+01 1.9000e+02 -1.4050e+00
8.0000e+01 2.0000e+02 -3.3655e+00
9.0000e+01 -2.0000e+02 2.5116e+00
9.0000e+01 -1.9000e+02 -8.1300e-01
9.0000e+01 -1.8000e+02 -5.7650e-01
9.0000e+01 -1.7000e+02 8.0801e-01
9.0000e+01 -1.6000e+02 -9.2019e-01
9.0000e+01 -1.5000e+02 -1.0409e+00
9.0000e+01 -1.4000e+02 1.2052e-01
9.0000e+01 -1.3000e+02 2.1222e+00
9.0000e+01 -1.2000e+02 5.1356e-01
9.0000e+01 -1.1000e+02 4.7149e-01
9.0000e+01 -1.0000e+02 -4.9681e-01
9.0000e+01 -9.0000e+01 -2.3189e+00
9.0000e+01 -8.0000e+01 -1.5995e+00
9.0000e+01 -7.0000e+01 -5.5009e+00
9.0000e+01 -6.0000e+01 -1.1766e+00
9.0000e+01 -5.0000e+01 -4.1047e+00
9.0000e+01 -4.0000e+01 -2.7694e+00
9.0000e+01 -3.0000e+01 -2.8557e+00
9.0000e+01 -2.0000e+01 -3.5884e+00
9.0000e+01 -1.0000e+01 -6.7136e+00
9.0000e+01 0.0000e+00 -4.4428e+00
9.0000e+01 1.0000e+01 -5.3133e+00
9.0000e+01 2.0000e+01 -4.7913e+00
9.0000e+01 3.0000e+01 -2.8835e+00
9.0000e+01 4.0000e+01 -2.6763e+00
9.0000e+01 5.0000e+01 -4.4097e+00
9.0000e+01 6.0000e+01 -6.8298e+00
9.0000e+01 7.0000e+01 -4.9636e+00
9.0000e+01 8.0000e+01 5.0088e-02
9.0000e+01 9.0000e+01 -2.6879e+00
9.0000e+01 1.0000e+02 -2.3941e+00
9.0000e+01 1.1000e+02 -3.3889e-01
9.0000e+01 1.2000e+02 6.4579e-01
9.0000e+01 1.3000e+02 -2.6219e+00
9.0000e+01 1.4000e+02 2.9858e-01
9.0000e+01 1.5000e+02 4.3957e-01
9.0000e+01 1.6000e+02 -3.6864e-01
9.0000e+01 1.7000e+02 -1.6152e+00
9.0000e+01 1.8000e+02 4.7103e-01
9.0000e+01 1.9000e+02 1.3143e+00
9.0000e+01 2.0000e+02 -1.3588e+00
1.0000e+02 -2.0000e+02 -1.9281e+00
1.0000e+02 -1.9000e+02 1.2813e+00
1.0000e+02 -1.8000e+02 -8.0794e-01
1.0000e+02 -1.7000e+02 -1.7499e-01
1.0000e+02 -1.6000e+02 -1.5938e+00
1.0000e+02 -1.5000e+02 1.4614e+00
1.0000e+02 -1.4000e+02 -2.4877e+00
1.0000e+02 -1.3000e+02 8.1318e-01
1.0000e+02 -1.2000e+02 1.7272e+00
1.0000e+02 -1.1000e+02 -3.7190e+00
1.0000e+02 -1.0000e+02 3.2714e-01
1.0000e+02 -9.0000e+01 -2.9070e+00
1.0000e+02 -8.0000e+01 2.1654e-01
1.0000e+02 -7.0000e+01 -2.3686e+00
1.0000e+02 -6.0000e+01 -3.9689e+00
1.0000e+02 -5.0000e+01 -3.0220e+00
1.0000e+02 -4.0000e+01 -7.2844e+00
1.0000e+02 -3.0000e+01 -2.8356e+00
1.0000e+02 -2.0000e+01 -2.5347e+00
1.0000e+02 -1.0000e+01 -3.2533e+00
1.0000e+02 0.0000e+00 -3.8831e+00
1.0000e+02 1.0000e+01 -4.1915e+00
1.0000e+02 2.0000e+01 -1.7357e+00
1.0000e+02 3.0000e+01 -2.8614e+00
1.0000e+02 4.0000e+01 -1.1795e+00
1.0000e+02 5.0000e+01 -1.2138e+00
1.0000e+02 6.0000e+01 -3.6044e-01
1.0000e+02 7.0000e+01 -2.3033e+00
1.0000e+02 8.0000e+01 -1.5618e+00
1.0000e+02 9.0000e+01 1.1704e+00
1.0000e+02 1.0000e+02 -2.8432e+00
1.0000e+02 1.1000e+02 -8.4293e-01
1.0000e+02 1.2000e+02 1.4020e+00
1.0000e+02 1.3000e+02 2.2278e-01
1.0000e+02 1.4000e+02 -4.2941e+00
1.0000e+02 1.5000e+02 -2.7033e-01
1.0000e+02 1.6000e+02 -4.0754e-01
1.0000e+02 1.7000e+02 -1.8833e+00
1.0000e+02 1.8000e+02 -2.2896e-01
1.0000e+02 1.9000e+02 -1.0173e+00
1.0000e+02 2.0000e+02 -2.6436e+00
1.1000e+02 -2.0000e+02 2.2580e-01
1.1000e+02 -1.9000e+02 8.6434e-01
1.1000e+02 -1.8000e+02 1.2796e+00
1.1000e+02 -1.7000e+02 1.4791e-01
1.1000e+02 -1.6000e+02 2.6231e+00
1.1000e+02 -1.5000e+02 -1.4953e+00
1.1000e+02 -1.4000e+02 -9.0787e-01
1.1000e+02 -1.3000e+02 1.2524e+00
1.1000e+02 -1.2000e+02 -3.1838e-01
1.1000e+02 -1.1000e+02 5.5937e-01
1.1000e+02 -1.0000e+02 1.0320e+00
1.1000e+02 -9.0000e+01 7.3750e-01
1.1000e+02 -8.0000e+01 1.3999e+00
1.1000e+02 -7.0000e+01 4.8941e-01
1.1000e+02 -6.0000e+01 2.4710e+00
1.1000e+02 -5.0000e+01 -2.3505e+00
1.1000e+02 -4.0000e+01 -2.7964e+00
1.1000e+02 -3.0000e+01 7.1883e-02
1.1000e+02 -2.0000e+01 -1.6165e+00
1.1000e+02 -1.0000e+01 -4.0777e+00
1.1000e+02 0.0000e+00 -2.1715e+00
1.1000e+02 1.0000e+01 -2.3932e+00
1.1000e+02 2.0000e+01 -3.2995e+00
1.1000e+02 3.0000e+01 -2.9705e+00
1.1000e+02 4.0000e+01 -1.4297e-01
1.1000e+02 5.0000e+01 3.2777e-01
1.1000e+02 6.0000e+01 -4.8571e-01
1.1000e+02 7.0000e+01 -1.8841e+00
1.1000e+02 8.0000e+01 6.9432e-01
1.1000e+02 9.0000e+01 1.4445e+00
1.1000e+02 1.0000e+02 -6.2338e-01
1.1000e+02 1.1000e+02 1.0543e-01
1.1000e+02 1.2000e+02 -8.6028e-01
1.1000e+02 1.3000e+02 8.3406e-01
1.1000e+02 1.4000e+02 -1.8380e+00
1.1000e+02 1.5000e+02 2.6904e+00
1.1000e+02 1.6000e+02 8.8718e-01
1.1000e+02 1.7000e+02 -2.1387e+00
1.1000e+02 1.8000e+02 1.4058e-01
1.1000e+02 1.9000e+02 -5.8272e-01
1.1000e+02 2.0000e+02 1.5872e+00
1.2000e+02 -2.0000e+02 -3.0885e+00
1.2000e+02 -1.9000e+02 -2.5141e+00
1.2000e+02 -1.8000e+02 -8.1284e-01
1.2000e+02 -1.7000e+02 -1.2470e-01
1.2000e+02 -1.6000e+02 -1.5254e+00
1.2000e+02 -1.5000e+02 3.4010e-01
1.2000e+02 -1.4000e+02 -2.1277e+00
1.2000e+02 -1.3000e+02 -8.3251e-01
1.2000e+02 -1.2000e+02 -2.0825e+00
1.2000e+02 -1.1000e+02 -1.2791e+00
1.2000e+02 -1.0000e+02 -1.7943e+00
1.2000e+02 -9.0000e+01 3.3081e-01
1.2000e+02 -8.0000e+01 -1.8769e+00
1.2000e+02 -7.0000e+01 -3.1333e-02
1.2000e+02 -6.0000e+01 -2.6217e+00
1.2000e+02 -5.0000e+01 -1.0591e+00
1.2000e+02 -4.0000e+01 -1.7352e+00
1.2000e+02 -3.0000e+01 -1.3430e+00
1.2000e+02 -2.0000e+01 -3.8944e-02
1.2000e+02 -1.0000e+01 1.6657e+00
1.2000e+02 0.0000e+00 3.2167e-01
1.2000e+02 1.0000e+01 -3.3013e+00
1.2000e+02 2.0000e+01 -1.6482e+00
1.2000e+02 3.0000e+01 -1.3793e+00
1.2000e+02 4.0000e+01 -1.7006e+00
1.2000e+02 5.0000e+01 -1.4145e+00
1.2000e+02 6.0000e+01 -2.3209e+00
1.2000e+02 7.0000e+01 1.9521e-01
1.2000e+02 8.0000e+01 -6.7110e-01
1.2000e+02 9.0000e+01 9.9723e-01
1.2000e+02 1.0000e+02 -2.6564e+00
1.2000e+02 1.1000e+02 -1.1586e+00
1.2000e+02 1.2000e+02 5.7704e-01
1.2000e+02 1.3000e+02 2.1159e+00
1.2000e+02 1.4000e+02 -7.4933e-01
1.2000e+02 1.5000e+02 7.1537e-01
1.2000e+02 1.6000e+02 -1.1314e+00
1.2000e+02 1.7000e+02 2.3265e+00
1.2000e+02 1.8000e+02 2.5826e-01
1.2000e+02 1.9000e+02 3.5823e-01
1.2000e+02 2.0000e+02 -9.1254e-01
1.3000e+02 -2.0000e+02 -1.4125e-01
1.3000e+02 -1.9000e+02 2.0646e+00
1.3000e+02 -1.8000e+02 2.4688e-01
1.3000e+02 -1.7000e+02 -3.6895e-01
1.3000e+02 -1.6000e+02 1.6579e+00
1.3000e+02 -1.5000e+02 1.5455e-01
1.3000e+02 -1.4000e+02 -1.1316e+00
1.3000e+02 -1.3000e+02 3.8166e+00
1.3000e+02 -1.2000e+02 1.9375e+00
1.3000e+02 -1.1000e+02 -2.8934e+00
1.3000e+02 -1.0000e+02 1.7788e+00
1.3000e+02 -9.0000e+01 1.7613e-01
1.3000e+02 -8.0000e+01 4.5513e-01
1.3000e+02 -7.0000e+01 1.4753e+00
1.3000e+02 -6.0000e+01 -8.2280e-01
1.3000e+02 -5.0000e+01 3.8466e-01
1.3000e+02 -4.0000e+01 -1.6394e-01
1.3000e+02 -3.0000e+01 -2.1303e-01
1.3000e+02 -2.0000e+01 -2.4157e+00
1.3000e+02 -1.0000e+01 -2.5516e+00
1.3000e+02 0.0000e+00 -8.2171e-01
1.3000e+02 1.0000e+01 -2.3331e+00
1.3000e+02 2.0000e+01 1.2700e+00
1.3000e+02 3.0000e+01 -8.5266e-01
1.3000e+02 4.0000e+01 5.2676e-01
1.3000e+02 5.0000e+01 -2.0309e+00
1.3000e+02 6.0000e+01 -2.1792e-02
1.3000e+02 7.0000e+01 -8.1490e-02
1.3000e+02 8.0000e+01 8.5637e-02
1.3000e+02 9.0000e+01 1.1512e+00
1.3000e+02 1.0000e+02 -3.7485e-01
1.3000e+02 1.1000e+02 -1.4340e+00
1.3000e+02 1.2000e+02 -1.5032e+00
1.3000e+02 1.3000e+02 -5.6766e-01
1.3000e+02 1.4000e+02 -3.0757e+00
1.3000e+02 1.5000e+02 2.0742e+00
1.3000e+02 1.6000e+02 1.2942e+00
1.3000e+02 1.7000e+02 -2.0671e+00
1.3000e+02 1.8000e+02 3.8431e-01
1.3000e+02 1.9000e+02 2.2514e+00
1.3000e+02 2.0000e+02 6.9847e-02
1.4000e+02 -2.0000e+02 3.2637e-01
1.4000e+02 -1.9000e+02 -2.1386e+00
1.4000e+02 -1.8000e+02 -1.3027e+00
1.4000e+02 -1.7000e+02 4.0625e+00
1.4000e+02 -1.6000e+02 1.6404e+00
1.4000e+02 -1.5000e+02 -1.0602e+00
1.4000e+02 -1.4000e+02 -1.9443e+00
1.4000e+02 -1.3000e+02 5.8969e-01
1.4000e+02 -1.2000e+02 -9.2105e-01
1.4000e+02 -1.1000e+02 -1.3923e+00
1.4000e+02 -1.0000e+02 -3.1576e-01
1.4000e+02 -9.0000e+01 -7.0780e-01
1.4000e+02 -8.0000e+01 -6.0209e-01
1.4000e+02 -7.0000e+01 8.4329e-01
1.4000e+02 -6.0000e+01 -1.7442e+00
1.4000e+02 -5.0000e+01 -4.6253e-02
1.4000e+02 -4.0000e+01 -3.3379e+00
1.4000e+02 -3.0000e+01 -1.3633e+00
1.4000e+02 -2.0000e+01 -4.4984e-01
1.4000e+02 -1.0000e+01 -1.3620e+00
1.4000e+02 0.0000e+00 -2.2896e-01
1.4000e+02 1.0000e+01 -4.6803e+00
1.4000e+02 2.0000e+01 1.4661e+00
1.4000e+02 3.0000e+01 -1.4997e+00
1.4000e+02 4.0000e+01 2.1219e+00
1.4000e+02 5.0000e+01 -3.4908e+00
1.4000e+02 6.0000e+01 -1.6630e-01
1.4000e+02 7.0000e+01 1.8576e+00
1.4000e+02 8.0000e+01 1.5046e+00
1.4000e+02 9.0000e+01 -2.0991e+00
1.4000e+02 1.0000e+02 6.1270e-01
1.4000e+02 1.1000e+02 1.3250e+00
1.4000e+02 1.2000e+02 1.4152e+00
1.4000e+02 1.3000e+02 -2.8760e-01
1.4000e+02 1.4000e+02 1.1147e+00
1.4000e+02 1.5000e+02 2.0884e+00
1.4000e+02 1.6000e+02 -4.5323e-01
1.4000e+02 1.7000e+02 2.1633e+00
1.4000e+02 1.8000e+02 6.1785e-01
1.4000e+02 1.9000e+02 2.0451e+00
1.4000e+02 2.0000e+02 1.0793e+00
1.5000e+02 -2.0000e+02 2.2095e+00
1.5000e+02 -1.9000e+02 2.1329e+00
1.5000e+02 -1.8000e+02 1.7722e-01
1.5000e+02 -1.7000e+02 4.8624e-01
1.5000e+02 -1.6000e+02 -1.9051e+00
1.5000e+02 -1.5000e+02 -1.7160e+00
1.5000e+02 -1.4000e+02 1.8079e+00
1.5000e+02 -1.3000e+02 2.4330e-01
1.5000e+02 -1.2000e+02 -1.3771e+00
1.5000e+02 -1.1000e+02 5.7930e-01
1.5000e+02 -1.0000e+02 1.4339e+00
1.5000e+02 -9.0000e+01 6.9703e-02
1.5000e+02 -8.0000e+01 -1.7540e+00
1.5000e+02 -7.0000e+01 3.4783e+00
1.5000e+02 -6.0000e+01 -2.4501e+00
1.5000e+02 -5.0000e+01 -2.4455e+00
1.5000e+02 -4.0000e+01 -7.0065e-01
1.5000e+02 -3.0000e+01 -3.5129e+00
1.5000e+02 -2.0000e+01 2.7630e+00
1.5000e+02 -1.0000e+01 -7.8569e-01
1.5000e+02 0.0000e+00 -1.6623e-01
1.5000e+02 1.0000e+01 -7.6525e-01
1.5000e+02 2.0000e+01 -5.3237e-01
1.5000e+02 3.0000e+01 3.8034e+00
1.5000e+02 4.0000e+01 -7.6031e-01
1.5000e+02 5.0000e+01 -1.6618e+00
1.5000e+02 6.0000e+01 1.9134e+00
1.5000e+02 7.0000e+01 -6.8372e-01
1.5000e+02 8.0000e+01 -1.4553e+00
1.5000e+02 9.0000e+01 -8.6697e-01
1.5000e+02 1.0000e+02 2.0623e-02
1.5000e+02 1.1000e+02 2.5114e-01
1.5000e+02 1.2000e+02 -1.3143e+00
1.5000e+02 1.3000e+02 2.9568e-01
1.5000e+02 1.4000e+02 -8.4843e-01
1.5000e+02 1.5000e+02 5.2694e-01
1.5000e+02 1.6000e+02 7.3339e-02
1.5000e+02 1.7000e+02 8.9472e-01
1.5000e+02 1.8000e+02 -1.7468e+00
1.5000e+02 1.9000e+02 -2.3798e+00
1.5000e+02 2.0000e+02 -2.4921e+00
1.6000e+02 -2.0000e+02 -2.1252e+00
1.6000e+02 -1.9000e+02 -1.5245e+00
1.6000e+02 -1.8000e+02 -1.4276e+00
1.6000e+02 -1.7000e+02 2.4547e+00
1.6000e+02 -1.6000e+02 1.4175e+00
1.6000e+02 -1.5000e+02 9.0200e-01
1.6000e+02 -1.4000e+02 -1.6248e+00
1.6000e+02 -1.3000e+02 -4.1421e-01
1.6000e+02 -1.2000e+02 4.6390e-01
1.6000e+02 -1.1000e+02 2.6362e+00
1.6000e+02 -1.0000e+02 1.0259e+00
1.6000e+02 -9.0000e+01 -8.5787e-01
1.6000e+02 -8.0000e+01 -2.8266e-01
1.6000e+02 -7.0000e+01 1.1852e+00
1.6000e+02 -6.0000e+01 2.0487e+00
1.6000e+02 -5.0000e+01 3.1918e+00
1.6000e+02 -4.0000e+01 -2.3381e+00
1.6000e+02 -3.0000e+01 4.3463e-01
1.6000e+02 -2.0000e+01 3.9851e-01
1.6000e+02 -1.0000e+01 3.6163e-01
1.6000e+02 0.0000e+00 2.3790e-01
1.6000e+02 1.0000e+01 1.2394e+00
1.6000e+02 2.0000e+01 -2.8492e-01
1.6000e+02 3.0000e+01 3.1606e-01
1.6000e+02 4.0000e+01 1.7671e+00
1.6000e+02 5.0000e+01 2.3220e+00
1.6000e+02 6.0000e+01 -1.9760e+00
1.6000e+02 7.0000e+01 -1.7103e-01
1.6000e+02 8.0000e+01 1.1984e+00
1.6000e+02 9.0000e+01 -1.2741e+00
1.6000e+02 1.0000e+02 -1.1060e+00
1.6000e+02 1.1000e+02 7.5906e-01
1.6000e+02 1.2000e+02 1.9994e+00
1.6000e+02 1.3000e+02 -7.9373e-01
1.6000e+02 1.4000e+02 5.8928e-01
1.6000e+02 1.5000e+02 2.9009e-01
1.6000e+02 1.6000e+02 -2.9738e+00
1.6000e+02 1.7000e+02 -1.6737e+00
1.6000e+02 1.8000e+02 -2.6010e+00
1.6000e+02 1.9000e+02 2.3928e-01
1.6000e+02 2.0000e+02 6.2167e-01
1.7000e+02 -2.0000e+02 1.2225e+00
1.7000e+02 -1.9000e+02 4.9105e-01
1.7000e+02 -1.8000e+02 1.9961e+00
1.7000e+02 -1.7000e+02 2.9692e+00
1.7000e+02 -1.6000e+02 -2.9475e-01
1.7000e+02 -1.5000e+02 -8.5510e-01
1.7000e+02 -1.4000e+02 -3.5190e+00
1.7000e+02 -1.3000e+02 -2.1616e-01
1.7000e+02 -1.2000e+02 -7.0251e-02
1.7000e+02 -1.1000e+02 5.2560e-01
1.7000e+02 -1.0000e+02 -3.6148e+00
1.7000e+02 -9.0000e+01 -1.7284e+00
1.7000e+02 -8.0000e+01 -4.7273e-01
1.7000e+02 -7.0000e+01 2.0374e-02
1.7000e+02 -6.0000e+01 3.3143e-01
1.7000e+02 -5.0000e+01 1.5452e+00
1.7000e+02 -4.0000e+01 1.6511e+00
1.7000e+02 -3.0000e+01 -1.5609e+00
1.7000e+02 -2.0000e+01 2.9716e-01
1.7000e+02 -1.0000e+01 1.9088e+00
1.7000e+02 0.0000e+00 -1.5486e-01
1.7000e+02 1.0000e+01 3.3920e-02
1.7000e+02 2.0000e+01 -2.4588e-01
1.7000e+02 3.0000e+01 -9.0993e-01
1.7000e+02 4.0000e+01 2.7205e+00
1.7000e+02 5.0000e+01 -1.7002e+00
1.7000e+02 6.0000e+01 -5.0481e-01
1.7000e+02 7.0000e+01 -1.3682e+00
1.7000e+02 8.0000e+01 -7.8988e-01
1.7000e+02 9.0000e+01 2.3226e-02
1.7000e+02 1.0000e+02 2.6013e+00
1.7000e+02 1.1000e+02 -1.9684e+00
1.7000e+02 1.2000e+02 1.7485e+00
1.7000e+02 1.3000e+02 1.2276e+00
1.7000e+02 1.4000e+02 9.7534e-01
1.7000e+02 1.5000e+02 1.0734e+00
1.7000e+02 1.6000e+02 -3.0057e-01
1.7000e+02 1.7000e+02 1.3115e+00
1.7000e+02 1.8000e+02 -1.8471e+00
1.7000e+02 1.9000e+02 -4.1870e-01
1.7000e+02 2.0000e+02 9.8231e-01
1.8000e+02 -2.0000e+02 -3.0449e-01
1.8000e+02 -1.9000e+02 -7.6585e-01
1.8000e+02 -1.8000e+02 1.6668e+00
1.8000e+02 -1.7000e+02 -6.6289e-01
1.8000e+02 -1.6000e+02 -1.2166e+00
1.8000e+02 -1.5000e+02 7.4404e-01
1.8000e+02 -1.4000e+02 1.1709e+00
1.8000e+02 -1.3000e+02 -2.3992e+00
1.8000e+02 -1.2000e+02 -7.0238e-01
1.8000e+02 -1.1000e+02 -3.0012e+00
1.8000e+02 -1.0000e+02 2.0767e+00
1.8000e+02 -9.0000e+01 6.7421e-01
1.8000e+02 -8.0000e+01 1.6110e+00
1.8000e+02 -7.0000e+01 -3.4302e+00
1.8000e+02 -6.0000e+01 9.5367e-02
1.8000e+02 -5.0000e+01 -2.5351e-01
1.8000e+02 -4.0000e+01 1.3747e+00
1.8000e+02 -3.0000e+01 -3.3068e+00
1.8000e+02 -2.0000e+01 -6.5790e-01
1.8000e+02 -1.0000e+01 -1.6901e+00
1.8000e+02 0.0000e+00 1.6450e+00
1.8000e+02 1.0000e+01 9.8234e-01
1.8000e+02 2.0000e+01 1.3296e+00
1.8000e+02 3.0000e+01 9.7658e-01
1.8000e+02 4.0000e+01 3.0129e+00
1.8000e+02 5.0000e+01 3.1096e+00
1.8000e+02 6.0000e+01 1.1977e+00
1.8000e+02 7.0000e+01 -1.7838e+00
1.8000e+02 8.0000e+01 1.1444e+00
1.8000e+02 9.0000e+01 -9.1788e-03
1.8000e+02 1.0000e+02 -1.0157e-01
1.8000e+02 1.1000e+02 -2.3349e+00
1.8000e+02 1.2000e+02 9.8863e-01
1.8000e+02 1.3000e+02 1.9109e+00
1.8000e+02 1.4000e+02 -1.5670e+00
1.8000e+02 1.5000e+02 1.5215e+00
1.8000e+02 1.6000e+02 3.2092e+00
1.8000e+02 1.7000e+02 -1.8817e+00
1.8000e+02 1.8000e+02 3.5727e-01
1.8000e+02 1.9000e+02 2.2692e+00
1.8000e+02 2.0000e+02 -1.0871e+00
1.9000e+02 -2.0000e+02 -1.0533e+00
1.9000e+02 -1.9000e+02 -6.3629e-01
1.9000e+02 -1.8000e+02 2.8271e+00
1.9000e+02 -1.7000e+02 -2.0725e+00
1.9000e+02 -1.6000e+02 -1.5058e+00
1.9000e+02 -1.5000e+02 1.4680e+00
1.9000e+02 -1.4000e+02 2.5654e-02
1.9000e+02 -1.3000e+02 -2.1896e+00
1.9000e+02 -1.2000e+02 7.5890e-01
1.9000e+02 -1.1000e+02 1.9048e+00
1.9000e+02 -1.0000e+02 2.9728e+00
1.9000e+02 -9.0000e+01 -5.9238e-01
1.9000e+02 -8.0000e+01 -8.8904e-01
1.9000e+02 -7.0000e+01 1.2073e+00
1.9000e+02 -6.0000e+01 -4.5778e-01
1.9000e+02 -5.0000e+01 -5.2646e-02
1.9000e+02 -4.0000e+01 -5.6276e-01
1.9000e+02 -3.0000e+01 4.6159e-01
1.9000e+02 -2.0000e+01 -1.5797e-01
1.9000e+02 -1.0000e+01 9.5401e-01
1.9000e+02 0.0000e+00 8.4773e-01
1.9000e+02 1.0000e+01 1.0316e-02
1.9000e+02 2.0000e+01 -8.1171e-02
1.9000e+02 3.0000e+01 5.3159e-01
1.9000e+02 4.0000e+01 -6.8008e-01
1.9000e+02 5.0000e+01 2.4933e+00
1.9000e+02 6.0000e+01 -1.8691e+00
1.9000e+02 7.0000e+01 -2.0287e+00
1.9000e+02 8.0000e+01 -8.8035e-01
1.9000e+02 9.0000e+01 8.8236e-01
1.9000e+02 1.0000e+02 2.6671e+00
1.9000e+02 1.1000e+02 -1.6585e+00
1.9000e+02 1.2000e+02 -9.8579e-01
1.9000e+02 1.3000e+02 2.4931e-01
1.9000e+02 1.4000e+02 5.4434e-02
1.9000e+02 1.5000e+02 1.0465e+00
1.9000e+02 1.6000e+02 2.4050e+00
1.9000e+02 1.7000e+02 -2.2757e-01
1.9000e+02 1.8000e+02 -9.3114e-02
1.9000e+02 1.9000e+02 4.3552e-01
1.9000e+02 2.0000e+02 -8.7917e-01
2.0000e+02 -2.0000e+02 3.3808e+00
2.0000e+02 -1.9000e+02 2.2382e+00
2.0000e+02 -1.8000e+02 3.1758e+00
2.0000e+02 -1.7000e+02 3.2566e+00
2.0000e+02 -1.6000e+02 -2.7331e+00
2.0000e+02 -1.5000e+02 -2.4552e+00
2.0000e+02 -1.4000e+02 -3.3226e-01
2.0000e+02 -1.3000e+02 2.8558e-02
2.0000e+02 -1.2000e+02 -4.4164e-01
2.0000e+02 -1.1000e+02 -3.9157e+00
2.0000e+02 -1.0000e+02 -5.5088e-01
2.0000e+02 -9.0000e+01 -8.6999e-01
2.0000e+02 -8.0000e+01 1.4298e+00
2.0000e+02 -7.0000e+01 -7.7437e-01
2.0000e+02 -6.0000e+01 5.2406e-01
2.0000e+02 -5.0000e+01 1.1335e+00
2.0000e+02 -4.0000e+01 4.7420e-01
2.0000e+02 -3.0000e+01 -1.4244e+00
2.0000e+02 -2.0000e+01 -1.8409e+00
2.0000e+02 -1.0000e+01 1.6343e+00
2.0000e+02 0.0000e+00 -1.4947e-01
2.0000e+02 1.0000e+01 -2.2294e-01
2.0000e+02 2.0000e+01 2.2760e+00
2.0000e+02 3.0000e+01 -9.0428e-01
2.0000e+02 4.0000e+01 -5.5449e-01
2.0000e+02 5.0000e+01 8.6684e-01
2.0000e+02 6.0000e+01 -1.5094e+00
2.0000e+02 7.0000e+01 1.9470e+00
2.0000e+02 8.0000e+01 5.5036e-01
2.0000e+02 9.0000e+01 7.8905e-01
2.0000e+02 1.0000e+02 1.0500e+00
2.0000e+02 1.1000e+02 8.0936e-01
2.0000e+02 1.2000e+02 -4.0414e+00
2.0000e+02 1.3000e+02 5.1777e-01
2.0000e+02 1.4000e+02 -1.7803e-01
2.0000e+02 1.5000e+02 -1.0335e+00
2.0000e+02 1.6000e+02 -1.8758e+00
2.0000e+02 1.7000e+02 2.1657e+00
2.0000e+02 1.8000e+02 -5.5259e-01
2.0000e+02 1.9000e+02 -7.0615e-01
2.0000e+02 2.0000e+02 4.0477e-01
