-2.0000e+02 -2.0000e+02 -9.4926e-01
-2.0000e+02 -1.9000e+02 1.3478e+00
-2.0000e+02 -1.8000e+02 -7.2273e-01
-2.0000e+02 -1.7000e+02 -3.8437e+00
-2.0000e+02 -1.6000e+02 -2.2594e+00
-2.0000e+02 -1.5000e+02 9.2023e-01
-2.0000e+02 -1.4000e+02 5.0177e-02
-2.0000e+02 -1.3000e+02 -7.5831e-01
-2.0000e+02 -1.2000e+02 -5.7581e-01
-2.0000e+02 -1.1000e+02 1.5017e-01
-2.0000e+02 -1.0000e+02 2.3005e+00
-2.0000e+02 -9.0000e+01 8.6019e-01
-2.0000e+02 -8.0000e+01 -2.4198e-01
-2.0000e+02 -7.0000e+01 2.4529e+00
-2.0000e+02 -6.0000e+01 -2.1546e+00
-2.0000e+02 -5.0000e+01 4.4689e+00
-2.0000e+02 -4.0000e+01 2.4746e+00
-2.0000e+02 -3.0000e+01 -5.7850e-02
-2.0000e+02 -2.0000e+01 1.3108e+00
-2.0000e+02 -1.0000e+01 -2.0187e-02
-2.0000e+02 0.0000e+00 -6.6342e-02
-2.0000e+02 1.0000e+01 2.5802e+00
-2.0000e+02 2.0000e+01 -8.1695e-01
-2.0000e+02 3.0000e+01 -5.3040e-01
-2.0000e+02 4.0000e+01 3.9345e+00
-2.0000e+02 5.0000e+01 -6.4870e-01
-2.0000e+02 6.0000e+01 -1.1025e+00
-2.0000e+02 7.0000e+01 -8.3107e-02
-2.0000e+02 8.0000e+01 -3.6440e-01
-2.0000e+02 9.0000e+01 1.6213e-01
-2.0000e+02 1.0000e+02 2.0128e+00
-2.0000e+02 1.1000e+02 -1.1520e+00
-2.0000e+02 1.2000e+02 2.8585e-01
-2.0000e+02 1.3000e+02 1.2722e+00
-2.0000e+02 1.4000e+02 -7.3196e-01
-2.0000e+02 1.5000e+02 1.9152e+00
-2.0000e+02 1.6000e+02 5.7112e-01
-2.0000e+02 1.7000e+02 1.2739e+00
-2.0000e+02 1.8000e+02 -1.2888e+00
-2.0000e+02 1.9000e+02 -3.3691e-01
-2.0000e+02 2.0000e+02 -8.7085e-01
-1.9000e+02 -2.0000e+02 1.9163e-01
-1.9000e+02 -1.9000e+02 -1.0327e+00
-1.9000e+02 -1.8000e+02 -4.3995e-02
-1.9000e+02 -1.7000e+02 2.6953e+00
-1.9000e+02 -1.6000e+02 5.5719e-01
-1.9000e+02 -1.5000e+02 7.8729e-01
-1.9000e+02 -1.4000e+02 -1.1773e+00
-1.9000e+02 -1.3000e+02 -1.5340e+00
-1.9000e+02 -1.2000e+02 9.1044e-01
-1.9000e+02 -1.1000e+02 -6.2149e-01
-1.9000e+02 -1.0000e+02 5.8007e-01
-1.9000e+02 -9.0000e+01 1.1327e+00
-1.9000e+02 -8.0000e+01 -1.4030e+00
-1.9000e+02 -7.0000e+01 -3.9827e-01
-1.9000e+02 -6.0000e+01 2.1192e+00
-1.9000e+02 -5.0000e+01 -4.5673e-01
-1.9000e+02 -4.0000e+01 -1.2263e+00
-1.9000e+02 -3.0000e+01 2.6470e+00
-1.9000e+02 -2.0000e+01 -1.0268e-01
-1.9000e+02 -1.0000e+01 -7.3671e-01
-1.9000e+02 0.0000e+00 1.3569e+00
-1.9000e+02 1.0000e+01 -1.3491e+00
-1.9000e+02 2.0000e+01 -7.4822e-01
-1.9000e+02 3.0000e+01 1.8177e+00
-1.9000e+02 4.0000e+01 -2.1943e+00
-1.9000e+02 5.0000e+01 1.7225e+00
-1.9000e+02 6.0000e+01 2.5278e+00
-1.9000e+02 7.0000e+01 4.3336e-01
-1.9000e+02 8.0000e+01 -3.7725e+00
-1.9000e+02 9.0000e+01 1.5969e+00
-1.9000e+02 1.0000e+02 7.3905e-01
-1.9000e+02 1.1000e+02 -9.0315e-01
-1.9000e+02 1.2000e+02 2.9677e-01
-1.9000e+02 1.3000e+02 5.5645e-01
-1.9000e+02 1.4000e+02 1.4112e+00
-1.9000e+02 1.5000e+02 -2.5404e+00
-1.9000e+02 1.6000e+02 -7.1818e-01
-1.9000e+02 1.7000e+02 5.6753e-01
-1.9000e+02 1.8000e+02 1.4198e+00
-1.9000e+02 1.9000e+02 6.8506e-01
-1.9000e+02 2.0000e+02 5.2461e-01
-1.8000e+02 -2.0000e+02 2.8371e+00
-1.8000e+02 -1.9000e+02 -2.3029e+00
-1.8000e+02 -1.8000e+02 -1.9271e+00
-1.8000e+02 -1.7000e+02 2.6692e-01
-1.8000e+02 -1.6000e+02 -1.8772e+00
-1.8000e+02 -1.5000e+02 4.4410e-02
-1.8000e+02 -1.4000e+02 -4.1574e-01
-1.8000e+02 -1.3000e+02 1.2555e+00
-1.8000e+02 -1.2000e+02 2.0200e+00
-1.8000e+02 -1.1000e+02 -2.5634e-01
-1.8000e+02 -1.0000e+02 3.9704e-01
-1.8000e+02 -9.0000e+01 1.0218e+00
-1.8000e+02 -8.0000e+01 9.6078e-01
-1.8000e+02 -7.0000e+01 -4.0292e+00
-1.8000e+02 -6.0000e+01 -1.3931e+00
-1.8000e+02 -5.0000e+01 -4.2654e-01
-1.8000e+02 -4.0000e+01 4.5898e-01
-1.8000e+02 -3.0000e+01 1.5698e+00
-1.8000e+02 -2.0000e+01 1.8717e+00
-1.8000e+02 -1.0000e+01 9.5299e-01
-1.8000e+02 0.0000e+00 -9.8542e-01
-1.8000e+02 1.0000e+01 8.8952e-01
-1.8000e+02 2.0000e+01 -2.2768e+00
-1.8000e+02 3.0000e+01 -7.2302e-01
-1.8000e+02 4.0000e+01 3.6256e-02
-1.8000e+02 5.0000e+01 -5.2108e-01
-1.8000e+02 6.0000e+01 -1.5957e+00
-1.8000e+02 7.0000e+01 2.1751e-01
-1.8000e+02 8.0000e+01 -1.8781e+00
-1.8000e+02 9.0000e+01 -9.2939e-02
-1.8000e+02 1.0000e+02 6.9418e-01
-1.8000e+02 1.1000e+02 1.5646e+00
-1.8000e+02 1.2000e+02 1.9025e-01
-1.8000e+02 1.3000e+02 -1.1638e-01
-1.8000e+02 1.4000e+02 -3.8481e+00
-1.8000e+02 1.5000e+02 -2.2852e+00
-1.8000e+02 1.6000e+02 3.4139e-01
-1.8000e+02 1.7000e+02 5.2091e-01
-1.8000e+02 1.8000e+02 2.2498e+00
-1.8000e+02 1.9000e+02 5.6616e-01
-1.8000e+02 2.0000e+02 1.0442e+00
-1.7000e+02 -2.0000e+02 1.8486e+00
-1.7000e+02 -1.9000e+02 -8.4931e-01
-1.7000e+02 -1.8000e+02 -1.4659e+00
-1.7000e+02 -1.7000e+02 -4.0767e-01
-1.7000e+02 -1.6000e+02 -2.8653e-02
-1.7000e+02 -1.5000e+02 -8.4419e-01
-1.7000e+02 -1.4000e+02 1.8806e+00
-1.7000e+02 -1.3000e+02 -1.1725e+00
-1.7000e+02 -1.2000e+02 -2.5792e-01
-1.7000e+02 -1.1000e+02 -1.6233e+00
-1.7000e+02 -1.0000e+02 -9.9359e-01
-1.7000e+02 -9.0000e+01 2.9133e-01
-1.7000e+02 -8.0000e+01 -6.6533e-01
-1.7000e+02 -7.0000e+01 8.2184e-01
-1.7000e+02 -6.0000e+01 2.3631e+00
-1.7000e+02 -5.0000e+01 2.6962e+00
-1.7000e+02 -4.0000e+01 -1.4833e+00
-1.7000e+02 -3.0000e+01 2.1970e+00
-1.7000e+02 -2.0000e+01 8.7109e-01
-1.7000e+02 -1.0000e+01 1.0131e+00
-1.7000e+02 0.0000e+00 -1.2619e-01
-1.7000e+02 1.0000e+01 -2.0315e-02
-1.7000e+02 2.0000e+01 -1.4987e+00
-1.7000e+02 3.0000e+01 9.8923e-02
-1.7000e+02 4.0000e+01 -2.8017e-01
-1.7000e+02 5.0000e+01 -1.9306e+00
-1.7000e+02 6.0000e+01 2.4370e-01
-1.7000e+02 7.0000e+01 9.0249e-01
-1.7000e+02 8.0000e+01 -9.2379e-01
-1.7000e+02 9.0000e+01 -6.9738e-01
-1.7000e+02 1.0000e+02 -1.0149e-01
-1.7000e+02 1.1000e+02 1.1269e+00
-1.7000e+02 1.2000e+02 2.6132e-01
-1.7000e+02 1.3000e+02 1.3582e+00
-1.7000e+02 1.4000e+02 -1.1017e+00
-1.7000e+02 1.5000e+02 -2.9255e+00
-1.7000e+02 1.6000e+02 1.0332e+00
-1.7000e+02 1.7000e+02 -1.3724e-01
-1.7000e+02 1.8000e+02 4.9128e-01
-1.7000e+02 1.9000e+02 2.2768e+00
-1.7000e+02 2.0000e+02 3.1159e-01
-1.6000e+02 -2.0000e+02 -6.3385e-01
-1.6000e+02 -1.9000e+02 1.5245e-02
-1.6000e+02 -1.8000e+02 -2.0492e-01
-1.6000e+02 -1.7000e+02 -1.2721e+00
-1.6000e+02 -1.6000e+02 2.3070e+00
-1.6000e+02 -1.5000e+02 1.2215e+00
-1.6000e+02 -1.4000e+02 -4.6902e-01
-1.6000e+02 -1.3000e+02 -9.6654e-01
-1.6000e+02 -1.2000e+02 -6.3271e-01
-1.6000e+02 -1.1000e+02 2.0323e+00
-1.6000e+02 -1.0000e+02 -1.3582e+00
-1.6000e+02 -9.0000e+01 2.6980e+00
-1.6000e+02 -8.0000e+01 -4.1277e+00
-1.6000e+02 -7.0000e+01 -1.6020e+00
-1.6000e+02 -6.0000e+01 -4.6203e-01
-1.6000e+02 -5.0000e+01 -6.0856e-01
-1.6000e+02 -4.0000e+01 7.8184e-01
-1.6000e+02 -3.0000e+01 -4.7418e-01
-1.6000e+02 -2.0000e+01 1.1214e+00
-1.6000e+02 -1.0000e+01 -1.5788e-01
-1.6000e+02 0.0000e+00 1.0107e+00
-1.6000e+02 1.0000e+01 -2.0669e+00
-1.6000e+02 2.0000e+01 3.6226e-01
-1.6000e+02 3.0000e+01 -1.0781e+00
-1.6000e+02 4.0000e+01 2.1718e-01
-1.6000e+02 5.0000e+01 6.6112e-01
-1.6000e+02 6.0000e+01 -1.3998e+00
-1.6000e+02 7.0000e+01 -5.4559e-01
-1.6000e+02 8.0000e+01 -1.1094e+00
-1.6000e+02 9.0000e+01 2.8249e-01
-1.6000e+02 1.0000e+02 -2.2848e+00
-1.6000e+02 1.1000e+02 -1.8369e-01
-1.6000e+02 1.2000e+02 -5.7314e-01
-1.6000e+02 1.3000e+02 -1.9611e+00
-1.6000e+02 1.4000e+02 1.2362e+00
-1.6000e+02 1.5000e+02 4.8994e-01
-1.6000e+02 1.6000e+02 -2.2162e+00
-1.6000e+02 1.7000e+02 2.7775e-01
-1.6000e+02 1.8000e+02 -5.2903e-01
-1.6000e+02 1.9000e+02 -2.1626e+00
-1.6000e+02 2.0000e+02 -2.6609e+00
-1.5000e+02 -2.0000e+02 2.1505e+00
-1.5000e+02 -1.9000e+02 -1.2013e-01
-1.5000e+02 -1.8000e+02 -1.5438e+00
-1.5000e+02 -1.7000e+02 1.7749e+00
-1.5000e+02 -1.6000e+02 -1.0267e+00
-1.5000e+02 -1.5000e+02 5.0065e-01
-1.5000e+02 -1.4000e+02 -1.8742e+00
-1.5000e+02 -1.3000e+02 1.5894e+00
-1.5000e+02 -1.2000e+02 1.1010e+00
-1.5000e+02 -1.1000e+02 -2.0084e+00
-1.5000e+02 -1.0000e+02 -2.4683e+00
-1.5000e+02 -9.0000e+01 6.2235e-01
-1.5000e+02 -8.0000e+01 -1.1730e+00
-1.5000e+02 -7.0000e+01 -2.6258e+00
-1.5000e+02 -6.0000e+01 8.0705e-01
-1.5000e+02 -5.0000e+01 -2.0002e+00
-1.5000e+02 -4.0000e+01 -2.9399e-01
-1.5000e+02 -3.0000e+01 1.4213e+00
-1.5000e+02 -2.0000e+01 7.1317e-01
-1.5000e+02 -1.0000e+01 -1.3998e-01
-1.5000e+02 0.0000e+00 -1.3199e+00
-1.5000e+02 1.0000e+01 -1.6929e+00
-1.5000e+02 2.0000e+01 -1.0314e+00
-1.5000e+02 3.0000e+01 1.5497e-01
-1.5000e+02 4.0000e+01 1.5634e+00
-1.5000e+02 5.0000e+01 -9.8080e-01
-1.5000e+02 6.0000e+01 -9.7788e-01
-1.5000e+02 7.0000e+01 -1.9013e+00
-1.5000e+02 8.0000e+01 2.1650e+00
-1.5000e+02 9.0000e+01 -2.1538e+00
-1.5000e+02 1.0000e+02 2.3581e+00
-1.5000e+02 1.1000e+02 -1.3251e+00
-1.5000e+02 1.2000e+02 -2.0872e+00
-1.5000e+02 1.3000e+02 7.1634e-01
-1.5000e+02 1.4000e+02 1.4306e-01
-1.5000e+02 1.5000e+02 -1.7531e+00
-1.5000e+02 1.6000e+02 1.1800e+00
-1.5000e+02 1.7000e+02 -1.4368e+00
-1.5000e+02 1.8000e+02 7.4511e-01
-1.5000e+02 1.9000e+02 2.0317e+00
-1.5000e+02 2.0000e+02 -4.0839e-01
-1.4000e+02 -2.0000e+02 1.3396e+00
-1.4000e+02 -1.9000e+02 4.3943e-01
-1.4000e+02 -1.8000e+02 -6.7030e-01
-1.4000e+02 -1.7000e+02 -7.8310e-01
-1.4000e+02 -1.6000e+02 1.1122e+00
-1.4000e+02 -1.5000e+02 -1.6143e+00
-1.4000e+02 -1.4000e+02 1.2677e+00
-1.4000e+02 -1.3000e+02 1.6901e+00
-1.4000e+02 -1.2000e+02 -1.1492e+00
-1.4000e+02 -1.1000e+02 -1.4059e+00
-1.4000e+02 -1.0000e+02 -4.5169e-01
-1.4000e+02 -9.0000e+01 -9.7157e-01
-1.4000e+02 -8.0000e+01 -1.4019e+00
-1.4000e+02 -7.0000e+01 -2.2515e-03
-1.4000e+02 -6.0000e+01 6.6709e-01
-1.4000e+02 -5.0000e+01 -5.5611e-01
-1.4000e+02 -4.0000e+01 -2.1539e+00
-1.4000e+02 -3.0000e+01 1.4199e+00
-1.4000e+02 -2.0000e+01 -2.1546e+00
-1.4000e+02 -1.0000e+01 -1.7510e+00
-1.4000e+02 0.0000e+00 -8.6316e-01
-1.4000e+02 1.0000e+01 -1.0318e-01
-1.4000e+02 2.0000e+01 -1.1889e-01
-1.4000e+02 3.0000e+01 -7.0987e-01
-1.4000e+02 4.0000e+01 -1.3301e+00
-1.4000e+02 5.0000e+01 5.8462e-01
-1.4000e+02 6.0000e+01 -1.9155e+00
-1.4000e+02 7.0000e+01 -1.4093e+00
-1.4000e+02 8.0000e+01 2.5636e+00
-1.4000e+02 9.0000e+01 -1.2487e+00
-1.4000e+02 1.0000e+02 1.2827e+00
-1.4000e+02 1.1000e+02 7.9980e-01
-1.4000e+02 1.2000e+02 -2.0636e+00
-1.4000e+02 1.3000e+02 1.7105e+00
-1.4000e+02 1.4000e+02 1.6515e+00
-1.4000e+02 1.5000e+02 5.2521e-01
-1.4000e+02 1.6000e+02 -9.5717e-02
-1.4000e+02 1.7000e+02 -5.5904e-01
-1.4000e+02 1.8000e+02 -1.1494e+00
-1.4000e+02 1.9000e+02 -1.4053e+00
-1.4000e+02 2.0000e+02 1.7650e-01
-1.3000e+02 -2.0000e+02 -6.3550e-01
-1.3000e+02 -1.9000e+02 -1.9088e+00
-1.3000e+02 -1.8000e+02 1.5735e+00
-1.3000e+02 -1.7000e+02 -1.2782e-02
-1.3000e+02 -1.6000e+02 1.0321e+00
-1.3000e+02 -1.5000e+02 -1.0885e+00
-1.3000e+02 -1.4000e+02 -6.2047e-01
-1.3000e+02 -1.3000e+02 -7.2327e-01
-1.3000e+02 -1.2000e+02 8.2940e-01
-1.3000e+02 -1.1000e+02 -2.2837e+00
-1.3000e+02 -1.0000e+02 -1.6973e+00
-1.3000e+02 -9.0000e+01 -1.1903e+00
-1.3000e+02 -8.0000e+01 -6.1705e-01
-1.3000e+02 -7.0000e+01 -2.6233e+00
-1.3000e+02 -6.0000e+01 8.4010e-01
-1.3000e+02 -5.0000e+01 -2.4988e+00
-1.3000e+02 -4.0000e+01 -7.8101e-01
-1.3000e+02 -3.0000e+01 -2.2598e-01
-1.3000e+02 -2.0000e+01 -2.0324e+00
-1.3000e+02 -1.0000e+01 -7.8772e-01
-1.3000e+02 0.0000e+00 -2.0469e+00
-1.3000e+02 1.0000e+01 -1.3444e+00
-1.3000e+02 2.0000e+01 -3.4607e+00
-1.3000e+02 3.0000e+01 4.4449e-01
-1.3000e+02 4.0000e+01 -1.2214e+00
-1.3000e+02 5.0000e+01 -2.5812e+00
-1.3000e+02 6.0000e+01 -1.0271e+00
-1.3000e+02 7.0000e+01 -8.4032e-01
-1.3000e+02 8.0000e+01 -2.1219e+00
-1.3000e+02 9.0000e+01 -3.2973e-01
-1.3000e+02 1.0000e+02 -1.1942e+00
-1.3000e+02 1.1000e+02 8.9237e-01
-1.3000e+02 1.2000e+02 -1.9432e+00
-1.3000e+02 1.3000e+02 -1.0322e+00
-1.3000e+02 1.4000e+02 7.7243e-01
-1.3000e+02 1.5000e+02 -2.8894e+00
-1.3000e+02 1.6000e+02 -6.0082e-01
-1.3000e+02 1.7000e+02 -7.1429e-02
-1.3000e+02 1.8000e+02 1.6110e+00
-1.3000e+02 1.9000e+02 5.3340e-02
-1.3000e+02 2.0000e+02 2.4873e+00
-1.2000e+02 -2.0000e+02 8.7693e-01
-1.2000e+02 -1.9000e+02 -1.9218e+00
-1.2000e+02 -1.8000e+02 9.3146e-01
-1.2000e+02 -1.7000e+02 -1.1422e+00
-1.2000e+02 -1.6000e+02 -1.9753e+00
-1.2000e+02 -1.5000e+02 3.5890e-01
-1.2000e+02 -1.4000e+02 5.0366e-01
-1.2000e+02 -1.3000e+02 7.0418e-01
-1.2000e+02 -1.2000e+02 2.3637e-01
-1.2000e+02 -1.1000e+02 4.1720e-01
-1.2000e+02 -1.0000e+02 -2.2967e+00
-1.2000e+02 -9.0000e+01 3.0616e-01
-1.2000e+02 -8.0000e+01 -1.7197e+00
-1.2000e+02 -7.0000e+01 9.7355e-02
-1.2000e+02 -6.0000e+01 -1.1848e+00
-1.2000e+02 -5.0000e+01 -2.2297e+00
-1.2000e+02 -4.0000e+01 -2.1878e+00
-1.2000e+02 -3.0000e+01 -2.3645e+00
-1.2000e+02 -2.0000e+01 -2.3515e+00
-1.2000e+02 -1.0000e+01 1.2775e+00
-1.2000e+02 0.0000e+00 -1.9632e+00
-1.2000e+02 1.0000e+01 -2.4258e+00
-1.2000e+02 2.0000e+01 -6.2343e-01
-1.2000e+02 3.0000e+01 1.1305e+00
-1.2000e+02 4.0000e+01 -1.5745e+00
-1.2000e+02 5.0000e+01 2.5350e-01
-1.2000e+02 6.0000e+01 -2.6738e+00
-1.2000e+02 7.0000e+01 -1.8735e+00
-1.2000e+02 8.0000e+01 2.2241e-01
-1.2000e+02 9.0000e+01 -2.6990e-01
-1.2000e+02 1.0000e+02 -1.3371e+00
-1.2000e+02 1.1000e+02 -1.7464e+00
-1.2000e+02 1.2000e+02 -2.0717e+00
-1.2000e+02 1.3000e+02 1.0562e+00
-1.2000e+02 1.4000e+02 -1.0051e+00
-1.2000e+02 1.5000e+02 4.2271e-01
-1.2000e+02 1.6000e+02 -8.6429e-01
-1.2000e+02 1.7000e+02 -8.6650e-01
-1.2000e+02 1.8000e+02 -2.3937e+00
-1.2000e+02 1.9000e+02 6.0837e-01
-1.2000e+02 2.0000e+02 -2.3095e-01
-1.1000e+02 -2.0000e+02 8.4309e-01
-1.1000e+02 -1.9000e+02 2.1645e+00
-1.1000e+02 -1.8000e+02 -1.7887e+00
-1.1000e+02 -1.7000e+02 -9.0865e-01
-1.1000e+02 -1.6000e+02 -5.0871e-01
-1.1000e+02 -1.5000e+02 1.0640e+00
-1.1000e+02 -1.4000e+02 -3.7304e+00
-1.1000e+02 -1.3000e+02 -1.7043e+00
-1.1000e+02 -1.2000e+02 -1.3114e+00
-1.1000e+02 -1.1000e+02 -4.2053e-01
-1.1000e+02 -1.0000e+02 1.3668e+00
-1.1000e+02 -9.0000e+01 -3.0963e+00
-1.1000e+02 -8.0000e+01 -2.6036e-01
-1.1000e+02 -7.0000e+01 1.2214e-01
-1.1000e+02 -6.0000e+01 -6.0588e-01
-1.1000e+02 -5.0000e+01 6.0706e-02
-1.1000e+02 -4.0000e+01 9.9352e-01
-1.1000e+02 -3.0000e+01 -3.8428e+00
-1.1000e+02 -2.0000e+01 1.5889e-01
-1.1000e+02 -1.0000e+01 6.1803e-01
-1.1000e+02 0.0000e+00 -3.4328e+00
-1.1000e+02 1.0000e+01 -1.3978e+00
-1.1000e+02 2.0000e+01 -2.6123e+00
-1.1000e+02 3.0000e+01 -1.1637e+00
-1.1000e+02 4.0000e+01 -7.3549e-01
-1.1000e+02 5.0000e+01 -3.2845e-01
-1.1000e+02 6.0000e+01 -1.2386e+00
-1.1000e+02 7.0000e+01 8.6449e-01
-1.1000e+02 8.0000e+01 -6.0738e-01
-1.1000e+02 9.0000e+01 -3.2192e-01
-1.1000e+02 1.0000e+02 8.3791e-01
-1.1000e+02 1.1000e+02 -4.8992e-01
-1.1000e+02 1.2000e+02 1.1951e-01
-1.1000e+02 1.3000e+02 -4.2261e-01
-1.1000e+02 1.4000e+02 2.6177e+00
-1.1000e+02 1.5000e+02 1.3657e-01
-1.1000e+02 1.6000e+02 3.7685e+00
-1.1000e+02 1.7000e+02 -6.6990e-01
-1.1000e+02 1.8000e+02 -2.4641e+00
-1.1000e+02 1.9000e+02 2.2123e-01
-1.1000e+02 2.0000e+02 1.3346e+00
-1.0000e+02 -2.0000e+02 -3.2421e+00
-1.0000e+02 -1.9000e+02 8.2498e-01
-1.0000e+02 -1.8000e+02 -2.4662e+00
-1.0000e+02 -1.7000e+02 2.6471e-01
-1.0000e+02 -1.6000e+02 7.6081e-02
-1.0000e+02 -1.5000e+02 3.6332e+00
-1.0000e+02 -1.4000e+02 6.5614e-01
-1.0000e+02 -1.3000e+02 -4.8660e-01
-1.0000e+02 -1.2000e+02 -1.3367e+00
-1.0000e+02 -1.1000e+02 -1.8215e+00
-1.0000e+02 -1.0000e+02 -2.1799e+00
-1.0000e+02 -9.0000e+01 1.9574e+00
-1.0000e+02 -8.0000e+01 -1.5399e+00
-1.0000e+02 -7.0000e+01 -1.1411e+00
-1.0000e+02 -6.0000e+01 4.9832e-01
-1.0000e+02 -5.0000e+01 -3.4320e+00
-1.0000e+02 -4.0000e+01 -1.0973e+00
-1.0000e+02 -3.0000e+01 -3.4776e+00
-1.0000e+02 -2.0000e+01 4.3359e-02
-1.0000e+02 -1.0000e+01 -1.8107e+00
-1.0000e+02 0.0000e+00 -2.3607e+00
-1.0000e+02 1.0000e+01 -5.4959e-01
-1.0000e+02 2.0000e+01 -4.6118e+00
-1.0000e+02 3.0000e+01 -3.4484e+00
-1.0000e+02 4.0000e+01 -3.8559e+00
-1.0000e+02 5.0000e+01 -2.3597e+00
-1.0000e+02 6.0000e+01 4.1594e-01
-1.0000e+02 7.0000e+01 -2.5487e+00
-1.0000e+02 8.0000e+01 -1.9990e+00
-1.0000e+02 9.0000e+01 -3.1376e+00
-1.0000e+02 1.0000e+02 -6.9492e-01
-1.0000e+02 1.1000e+02 -9.6718e-01
-1.0000e+02 1.2000e+02 -4.1593e-02
-1.0000e+02 1.3000e+02 3.8586e-01
-1.0000e+02 1.4000e+02 1.0528e+00
-1.0000e+02 1.5000e+02 -4.7490e-01
-1.0000e+02 1.6000e+02 1.3201e-01
-1.0000e+02 1.7000e+02 1.2250e+00
-1.0000e+02 1.8000e+02 -1.7691e+00
-1.0000e+02 1.9000e+02 -1.2999e-01
-1.0000e+02 2.0000e+02 9.5083e-02
-9.0000e+01 -2.0000e+02 -2.0910e-01
-9.0000e+01 -1.9000e+02 1.9700e+00
-9.0000e+01 -1.8000e+02 2.2120e-01
-9.0000e+01 -1.7000e+02 1.2483e+00
-9.0000e+01 -1.6000e+02 -4.6109e-01
-9.0000e+01 -1.5000e+02 -2.8481e+00
-9.0000e+01 -1.4000e+02 3.1250e+00
-9.0000e+01 -1.3000e+02 -1.5891e+00
-9.0000e+01 -1.2000e+02 -2.3860e-01
-9.0000e+01 -1.1000e+02 -1.3477e+00
-9.0000e+01 -1.0000e+02 -1.0965e+00
-9.0000e+01 -9.0000e+01 7.7842e-01
-9.0000e+01 -8.0000e+01 -1.4615e+00
-9.0000e+01 -7.0000e+01 -1.9287e+00
-9.0000e+01 -6.0000e+01 -3.2435e+00
-9.0000e+01 -5.0000e+01 -2.5679e+00
-9.0000e+01 -4.0000e+01 -2.0010e+00
-9.0000e+01 -3.0000e+01 -2.4428e+00
-9.0000e+01 -2.0000e+01 -2.6445e+00
-9.0000e+01 -1.0000e+01 -4.2383e+00
-9.0000e+01 0.0000e+00 -6.2573e+00
-9.0000e+01 1.0000e+01 -4.7591e+00
-9.0000e+01 2.0000e+01 -2.9422e+00
-9.0000e+01 3.0000e+01 -4.4784e+00
-9.0000e+01 4.0000e+01 -3.8475e+00
-9.0000e+01 5.0000e+01 -1.2747e+00
-9.0000e+01 6.0000e+01 -3.4277e+00
-9.0000e+01 7.0000e+01 -1.7293e-01
-9.0000e+01 8.0000e+01 -2.2503e+00
-9.0000e+01 9.0000e+01 1.1613e+00
-9.0000e+01 1.0000e+02 -2.4807e+00
-9.0000e+01 1.1000e+02 -2.9067e+00
-9.0000e+01 1.2000e+02 6.0548e-01
-9.0000e+01 1.3000e+02 -2.6211e+00
-9.0000e+01 1.4000e+02 2.2466e+00
-9.0000e+01 1.5000e+02 1.2737e-01
-9.0000e+01 1.6000e+02 2.8298e-02
-9.0000e+01 1.7000e+02 4.7765e-01
-9.0000e+01 1.8000e+02 1.2639e+00
-9.0000e+01 1.9000e+02 7.7432e-01
-9.0000e+01 2.0000e+02 -9.9793e-01
-8.0000e+01 -2.0000e+02 1.5382e+00
-8.0000e+01 -1.9000e+02 2.6000e+00
-8.0000e+01 -1.8000e+02 1.6970e+00
-8.0000e+01 -1.7000e+02 -1.6293e+00
-8.0000e+01 -1.6000e+02 -1.2547e+00
-8.0000e+01 -1.5000e+02 -1.2330e+00
-8.0000e+01 -1.4000e+02 -3.1493e-01
-8.0000e+01 -1.3000e+02 1.8344e+00
-8.0000e+01 -1.2000e+02 -2.0689e-01
-8.0000e+01 -1.1000e+02 1.9817e+00
-8.0000e+01 -1.0000e+02 -6.5716e-01
-8.0000e+01 -9.0000e+01 -2.9764e-01
-8.0000e+01 -8.0000e+01 -3.0535e+00
-8.0000e+01 -7.0000e+01 -4.5296e+00
-8.0000e+01 -6.0000e+01 -2.2889e+00
-8.0000e+01 -5.0000e+01 -5.7806e+00
-8.0000e+01 -4.0000e+01 -2.2366e+00
-8.0000e+01 -3.0000e+01 -4.3976e+00
-8.0000e+01 -2.0000e+01 -5.3574e+00
-8.0000e+01 -1.0000e+01 -6.0852e+00
-8.0000e+01 0.0000e+00 -3.5411e+00
-8.0000e+01 1.0000e+01 -7.0571e+00
-8.0000e+01 2.0000e+01 -6.8996e+00
-8.0000e+01 3.0000e+01 -4.8710e+00
-8.0000e+01 4.0000e+01 -1.1628e+00
-8.0000e+01 5.0000e+01 -4.0498e+00
-8.0000e+01 6.0000e+01 -7.6983e-01
-8.0000e+01 7.0000e+01 -1.9556e+00
-8.0000e+01 8.0000e+01 -1.2556e+00
-8.0000e+01 9.0000e+01 -3.6147e+00
-8.0000e+01 1.0000e+02 -2.0209e+00
-8.0000e+01 1.1000e+02 -2.2410e+00
-8.0000e+01 1.2000e+02 9.6893e-01
-8.0000e+01 1.3000e+02 -3.2674e+00
-8.0000e+01 1.4000e+02 -1.1158e+00
-8.0000e+01 1.5000e+02 8.2867e-02
-8.0000e+01 1.6000e+02 1.2423e+00
-8.0000e+01 1.7000e+02 2.0896e+00
-8.0000e+01 1.8000e+02 -6.3043e-01
-8.0000e+01 1.9000e+02 -2.1715e+00
-8.0000e+01 2.0000e+02 -1.4521e+00
-7.0000e+01 -2.0000e+02 3.4122e-02
-7.0000e+01 -1.9000e+02 -1.5795e+00
-7.0000e+01 -1.8000e+02 -8.3588e-01
-7.0000e+01 -1.7000e+02 -1.0254e-02
-7.0000e+01 -1.6000e+02 -1.3773e+00
-7.0000e+01 -1.5000e+02 7.0698e-01
-7.0000e+01 -1.4000e+02 3.5775e-01
-7.0000e+01 -1.3000e+02 9.2675e-01
-7.0000e+01 -1.2000e+02 -1.8279e-01
-7.0000e+01 -1.1000e+02 -1.5069e+00
-7.0000e+01 -1.0000e+02 -1.2210e+00
-7.0000e+01 -9.0000e+01 -3.5804e+00
-7.0000e+01 -8.0000e+01 -1.0133e-01
-7.0000e+01 -7.0000e+01 -3.0085e-01
-7.0000e+01 -6.0000e+01 -5.7939e+00
-7.0000e+01 -5.0000e+01 -5.0108e+00
-7.0000e+01 -4.0000e+01 -4.5438e+00
-7.0000e+01 -3.0000e+01 -6.2122e+00
-7.0000e+01 -2.0000e+01 -6.6820e+00
-7.0000e+01 -1.0000e+01 -9.0257e+00
-7.0000e+01 0.0000e+00 -6.3470e+00
-7.0000e+01 1.0000e+01 -5.4401e+00
-7.0000e+01 2.0000e+01 -4.8906e+00
-7.0000e+01 3.0000e+01 -4.1672e+00
-7.0000e+01 4.0000e+01 -4.4780e+00
-7.0000e+01 5.0000e+01 -4.1208e+00
-7.0000e+01 6.0000e+01 -3.1086e+00
-7.0000e+01 7.0000e+01 -1.9140e+00
-7.0000e+01 8.0000e+01 -1.4571e+00
-7.0000e+01 9.0000e+01 -1.5479e+00
-7.0000e+01 1.0000e+02 -1.7192e+00
-7.0000e+01 1.1000e+02 -1.6283e+00
-7.0000e+01 1.2000e+02 -7.2863e-01
-7.0000e+01 1.3000e+02 -4.8377e-01
-7.0000e+01 1.4000e+02 -2.8629e-01
-7.0000e+01 1.5000e+02 2.1968e+00
-7.0000e+01 1.6000e+02 7.0994e-01
-7.0000e+01 1.7000e+02 1.4622e-01
-7.0000e+01 1.8000e+02 7.6945e-01
-7.0000e+01 1.9000e+02 -1.0405e+00
-7.0000e+01 2.0000e+02 -2.3003e+00
-6.0000e+01 -2.0000e+02 -2.2343e+00
-6.0000e+01 -1.9000e+02 9.2251e-01
-6.0000e+01 -1.8000e+02 6.8287e-02
-6.0000e+01 -1.7000e+02 -2.0273e+00
-6.0000e+01 -1.6000e+02 -1.8797e+00
-6.0000e+01 -1.5000e+02 6.0740e-01
-6.0000e+01 -1.4000e+02 -3.2739e-01
-6.0000e+01 -1.3000e+02 -1.3035e+00
-6.0000e+01 -1.2000e+02 -1.2911e+00
-6.0000e+01 -1.1000e+02 -4.1240e-01
-6.0000e+01 -1.0000e+02 -1.3612e+00
-6.0000e+01 -9.0000e+01 -4.5941e+00
-6.0000e+01 -8.0000e+01 -4.3274e+00
-6.0000e+01 -7.0000e+01 -4.6423e+00
-6.0000e+01 -6.0000e+01 -6.4960e+00
-6.0000e+01 -5.0000e+01 -4.0659e+00
-6.0000e+01 -4.0000e+01 -4.5359e+00
-6.0000e+01 -3.0000e+01 -5.5030e+00
-6.0000e+01 -2.0000e+01 -4.9371e+00
-6.0000e+01 -1.0000e+01 -1.1400e+01
-6.0000e+01 0.0000e+00 -8.8295e+00
-6.0000e+01 1.0000e+01 -7.9565e+00
-6.0000e+01 2.0000e+01 -6.0076e+00
-6.0000e+01 3.0000e+01 -4.4545e+00
-6.0000e+01 4.0000e+01 -7.1681e+00
-6.0000e+01 5.0000e+01 -4.8972e+00
-6.0000e+01 6.0000e+01 -4.8879e+00
-6.0000e+01 7.0000e+01 -4.8445e+00
-6.0000e+01 8.0000e+01 -4.1697e+00
-6.0000e+01 9.0000e+01 -2.4890e+00
-6.0000e+01 1.0000e+02 -1.6374e+00
-6.0000e+01 1.1000e+02 -3.4238e-01
-6.0000e+01 1.2000e+02 -2.4723e+00
-6.0000e+01 1.3000e+02 2.5889e-01
-6.0000e+01 1.4000e+02 -2.2609e+00
-6.0000e+01 1.5000e+02 4.9133e-01
-6.0000e+01 1.6000e+02 -2.7643e+00
-6.0000e+01 1.7000e+02 -7.9806e-01
-6.0000e+01 1.8000e+02 1.4528e+00
-6.0000e+01 1.9000e+02 1.3061e+00
-6.0000e+01 2.0000e+02 -2.3442e+00
-5.0000e+01 -2.0000e+02 6.2892e-01
-5.0000e+01 -1.9000e+02 -1.3319e+00
-5.0000e+01 -1.8000e+02 -3.4162e+00
-5.0000e+01 -1.7000e+02 -8.8811e-01
-5.0000e+01 -1.6000e+02 -2.0150e+00
-5.0000e+01 -1.5000e+02 -1.1194e+00
-5.0000e+01 -1.4000e+02 -1.1873e+00
-5.0000e+01 -1.3000e+02 -2.1014e+00
-5.0000e+01 -1.2000e+02 1.0416e+00
-5.0000e+01 -1.1000e+02 -1.4975e+00
-5.0000e+01 -1.0000e+02 -2.4948e+00
-5.0000e+01 -9.0000e+01 -2.2801e+00
-5.0000e+01 -8.0000e+01 -4.0395e+00
-5.0000e+01 -7.0000e+01 -6.2011e+00
-5.0000e+01 -6.0000e+01 -3.3841e+00
-5.0000e+01 -5.0000e+01 -4.1078e+00
-5.0000e+01 -4.0000e+01 -8.5384e+00
-5.0000e+01 -3.0000e+01 -9.3881e+00
-5.0000e+01 -2.0000e+01 -8.8279e+00
-5.0000e+01 -1.0000e+01 -1.0840e+01
-5.0000e+01 0.0000e+00 -1.2481e+01
-5.0000e+01 1.0000e+01 -1.1768e+01
-5.0000e+01 2.0000e+01 -9.2076e+00
-5.0000e+01 3.0000e+01 -6.8808e+00
-5.0000e+01 4.0000e+01 -7.9524e+00
-5.0000e+01 5.0000e+01 -5.4974e+00
-5.0000e+01 6.0000e+01 -5.6807e+00
-5.0000e+01 7.0000e+01 -2.4041e+00
-5.0000e+01 8.0000e+01 -2.2110e+00
-5.0000e+01 9.0000e+01 -4.0413e+00
-5.0000e+01 1.0000e+02 -3.8563e+00
-5.0000e+01 1.1000e+02 -9.3985e-01
-5.0000e+01 1.2000e+02 -5.2820e-01
-5.0000e+01 1.3000e+02 -2.7527e+00
-5.0000e+01 1.4000e+02 2.1755e+00
-5.0000e+01 1.5000e+02 3.1409e+00
-5.0000e+01 1.6000e+02 3.0406e+00
-5.0000e+01 1.7000e+02 -2.0500e+00
-5.0000e+01 1.8000e+02 -2.5367e-01
-5.0000e+01 1.9000e+02 1.6262e+00
-5.0000e+01 2.0000e+02 2.6056e-01
-4.0000e+01 -2.0000e+02 -2.2553e+00
-4.0000e+01 -1.9000e+02 8.2904e-01
-4.0000e+01 -1.8000e+02 -1.8674e+00
-4.0000e+01 -1.7000e+02 -1.2586e+00
-4.0000e+01 -1.6000e+02 -1.4307e-01
-4.0000e+01 -1.5000e+02 5.4885e-01
-4.0000e+01 -1.4000e+02 -1.2807e+00
-4.0000e+01 -1.3000e+02 1.0125e+00
-4.0000e+01 -1.2000e+02 -3.6445e-01
-4.0000e+01 -1.1000e+02 -2.6342e+00
-4.0000e+01 -1.0000e+02 -2.1862e+00
-4.0000e+01 -9.0000e+01 -2.3978e+00
-4.0000e+01 -8.0000e+01 -7.3031e+00
-4.0000e+01 -7.0000e+01 -7.6323e+00
-4.0000e+01 -6.0000e+01 -6.2814e+00
-4.0000e+01 -5.0000e+01 -7.4755e+00
-4.0000e+01 -4.0000e+01 -7.8078e+00
-4.0000e+01 -3.0000e+01 -9.2945e+00
-4.0000e+01 -2.0000e+01 -1.1443e+01
-4.0000e+01 -1.0000e+01 -1.1701e+01
-4.0000e+01 0.0000e+00 -9.8118e+00
-4.0000e+01 1.0000e+01 -1.1748e+01
-4.0000e+01 2.0000e+01 -8.7840e+00
-4.0000e+01 3.0000e+01 -1.1638e+01
-4.0000e+01 4.0000e+01 -8.2378e+00
-4.0000e+01 5.0000e+01 -8.2085e+00
-4.0000e+01 6.0000e+01 -4.2907e+00
-4.0000e+01 7.0000e+01 -4.8185e+00
-4.0000e+01 8.0000e+01 -4.8481e+00
-4.0000e+01 9.0000e+01 -2.9515e+00
-4.0000e+01 1.0000e+02 -1.0829e+00
-4.0000e+01 1.1000e+02 -2.9917e+00
-4.0000e+01 1.2000e+02 -3.1129e+00
-4.0000e+01 1.3000e+02 -2.0704e+00
-4.0000e+01 1.4000e+02 -1.0324e+00
-4.0000e+01 1.5000e+02 6.1388e-01
-4.0000e+01 1.6000e+02 -2.2556e+00
-4.0000e+01 1.7000e+02 -1.9554e+00
-4.0000e+01 1.8000e+02 -3.8433e-02
-4.0000e+01 1.9000e+02 -2.1105e-01
-4.0000e+01 2.0000e+02 -9.9853e-01
-3.0000e+01 -2.0000e+02 -7.2800e-01
-3.0000e+01 -1.9000e+02 -2.5766e+00
-3.0000e+01 -1.8000e+02 -7.3698e-01
-3.0000e+01 -1.7000e+02 -2.1487e-01
-3.0000e+01 -1.6000e+02 -1.0278e+00
-3.0000e+01 -1.5000e+02 -2.1759e+00
-3.0000e+01 -1.4000e+02 -7.9765e-01
-3.0000e+01 -1.3000e+02 -9.8937e-01
-3.0000e+01 -1.2000e+02 -1.5669e+00
-3.0000e+01 -1.1000e+02 -2.5518e+00
-3.0000e+01 -1.0000e+02 -2.8586e+00
-3.0000e+01 -9.0000e+01 -2.7248e+00
-3.0000e+01 -8.0000e+01 -1.5110e+00
-3.0000e+01 -7.0000e+01 -5.0144e+00
-3.0000e+01 -6.0000e+01 -5.3141e+00
-3.0000e+01 -5.0000e+01 -7.7170e+00
-3.0000e+01 -4.0000e+01 -9.7734e+00
-3.0000e+01 -3.0000e+01 -1.2684e+01
-3.0000e+01 -2.0000e+01 -1.3435e+01
-3.0000e+01 -1.0000e+01 -1.2278e+01
-3.0000e+01 0.0000e+00 -1.3257e+01
-3.0000e+01 1.0000e+01 -1.2689e+01
-3.0000e+01 2.0000e+01 -9.9345e+00
-3.0000e+01 3.0000e+01 -1.2427e+01
-3.0000e+01 4.0000e+01 -9.8913e+00
-3.0000e+01 5.0000e+01 -9.3027e+00
-3.0000e+01 6.0000e+01 -9.5370e+00
-3.0000e+01 7.0000e+01 -5.9862e+00
-3.0000e+01 8.0000e+01 -4.2631e+00
-3.0000e+01 9.0000e+01 -5.2293e+00
-3.0000e+01 1.0000e+02 -7.3860e-02
-3.0000e+01 1.1000e+02 -2.9860e+00
-3.0000e+01 1.2000e+02 1.1491e+00
-3.0000e+01 1.3000e+02 -2.8405e+00
-3.0000e+01 1.4000e+02 -1.4580e-01
-3.0000e+01 1.5000e+02 3.9575e-01
-3.0000e+01 1.6000e+02 1.3694e-01
-3.0000e+01 1.7000e+02 1.8406e+00
-3.0000e+01 1.8000e+02 1.2624e+00
-3.0000e+01 1.9000e+02 3.6835e-01
-3.0000e+01 2.0000e+02 -2.4243e+00
-2.0000e+01 -2.0000e+02 8.4575e-01
-2.0000e+01 -1.9000e+02 6.4303e-01
-2.0000e+01 -1.8000e+02 4.5600e-01
-2.0000e+01 -1.7000e+02 4.1226e-01
-2.0000e+01 -1.6000e+02 -4.2990e-01
-2.0000e+01 -1.5000e+02 -2.8450e+00
-2.0000e+01 -1.4000e+02 1.8045e+00
-2.0000e+01 -1.3000e+02 -2.2818e+00
-2.0000e+01 -1.2000e+02 -7.1371e-01
-2.0000e+01 -1.1000e+02 -2.5026e+00
-2.0000e+01 -1.0000e+02 -3.3216e+00
-2.0000e+01 -9.0000e+01 -5.8472e+00
-2.0000e+01 -8.0000e+01 -8.0603e+00
-2.0000e+01 -7.0000e+01 -5.9721e+00
-2.0000e+01 -6.0000e+01 -8.4740e+00
-2.0000e+01 -5.0000e+01 -1.0663e+01
-2.0000e+01 -4.0000e+01 -1.1934e+01
-2.0000e+01 -3.0000e+01 -1.1334e+01
-2.0000e+01 -2.0000e+01 -1.2506e+01
-2.0000e+01 -1.0000e+01 -1.4673e+01
-2.0000e+01 0.0000e+00 -1.4838e+01
-2.0000e+01 1.0000e+01 -1.5763e+01
-2.0000e+01 2.0000e+01 -1.3031e+01
-2.0000e+01 3.0000e+01 -1.1323e+01
-2.0000e+01 4.0000e+01 -8.4761e+00
-2.0000e+01 5.0000e+01 -1.0713e+01
-2.0000e+01 6.0000e+01 -5.3751e+00
-2.0000e+01 7.0000e+01 -4.0412e+00
-2.0000e+01 8.0000e+01 -3.7447e+00
-2.0000e+01 9.0000e+01 -5.8322e+00
-2.0000e+01 1.0000e+02 -2.2711e+00
-2.0000e+01 1.1000e+02 -2.6527e+00
-2.0000e+01 1.2000e+02 -3.2141e+00
-2.0000e+01 1.3000e+02 -5.6910e-01
-2.0000e+01 1.4000e+02 -1.4815e+00
-2.0000e+01 1.5000e+02 1.1875e-01
-2.0000e+01 1.6000e+02 -2.6853e+00
-2.0000e+01 1.7000e+02 -1.9025e+00
-2.0000e+01 1.8000e+02 -2.1659e+00
-2.0000e+01 1.9000e+02 -3.3695e+00
-2.0000e+01 2.0000e+02 -1.4107e+00
-1.0000e+01 -2.0000e+02 -1.3583e+00
-1.0000e+01 -1.9000e+02 3.2140e+00
-1.0000e+01 -1.8000e+02 -1.4150e+00
-1.0000e+01 -1.7000e+02 -7.3738e-01
-1.0000e+01 -1.6000e+02 -3.2334e+00
-1.0000e+01 -1.5000e+02 -8.1659e-01
-1.0000e+01 -1.4000e+02 -3.2453e-01
-1.0000e+01 -1.3000e+02 -1.4180e+00
-1.0000e+01 -1.2000e+02 -3.9033e+00
-1.0000e+01 -1.1000e+02 -7.3645e-01
-1.0000e+01 -1.0000e+02 -2.3290e+00
-1.0000e+01 -9.0000e+01 -2.5225e+00
-1.0000e+01 -8.0000e+01 -8.7272e+00
-1.0000e+01 -7.0000e+01 -6.7930e+00
-1.0000e+01 -6.0000e+01 -6.7132e+00
-1.0000e+01 -5.0000e+01 -1.2472e+01
-1.0000e+01 -4.0000e+01 -1.3505e+01
-1.0000e+01 -3.0000e+01 -1.3315e+01
-1.0000e+01 -2.0000e+01 -1.5997e+01
-1.0000e+01 -1.0000e+01 -1.3702e+01
-1.0000e+01 0.0000e+00 -1.6874e+01
-1.0000e+01 1.0000e+01 -1.5983e+01
-1.0000e+01 2.0000e+01 -1.2947e+01
-1.0000e+01 3.0000e+01 -1.1806e+01
-1.0000e+01 4.0000e+01 -9.0393e+00
-1.0000e+01 5.0000e+01 -1.1786e+01
-1.0000e+01 6.0000e+01 -1.0277e+01
-1.0000e+01 7.0000e+01 -5.0122e+00
-1.0000e+01 8.0000e+01 -4.5157e+00
-1.0000e+01 9.0000e+01 -3.3973e+00
-1.0000e+01 1.0000e+02 -4.9061e+00
-1.0000e+01 1.1000e+02 -3.9075e+00
-1.0000e+01 1.2000e+02 8.0720e-02
-1.0000e+01 1.3000e+02 -1.5268e+00
-1.0000e+01 1.4000e+02 -2.2986e+00
-1.0000e+01 1.5000e+02 6.9433e-01
-1.0000e+01 1.6000e+02 1.0231e+00
-1.0000e+01 1.7000e+02 1.9356e+00
-1.0000e+01 1.8000e+02 1.9408e+00
-1.0000e+01 1.9000e+02 5.7491e-03
-1.0000e+01 2.0000e+02 -1.4012e-01
0.0000e+00 -2.0000e+02 -1.6640e+00
0.0000e+00 -1.9000e+02 1.3354e+00
0.0000e+00 -1.8000e+02 4.0044e+00
0.0000e+00 -1.7000e+02 2.0588e+00
0.0000e+00 -1.6000e+02 -6.4359e-01
0.0000e+00 -1.5000e+02 -2.0729e-01
0.0000e+00 -1.4000e+02 3.4148e-01
0.0000e+00 -1.3000e+02 -2.2452e+00
0.0000e+00 -1.2000e+02 -9.4282e-01
0.0000e+00 -1.1000e+02 -3.2483e+00
0.0000e+00 -1.0000e+02 -3.5623e+00
0.0000e+00 -9.0000e+01 -5.1151e+00
0.0000e+00 -8.0000e+01 -6.3916e+00
0.0000e+00 -7.0000e+01 -6.3559e+00
0.0000e+00 -6.0000e+01 -6.3099e+00
0.0000e+00 -5.0000e+01 -8.1099e+00
0.0000e+00 -4.0000e+01 -1.0814e+01
0.0000e+00 -3.0000e+01 -1.3543e+01
0.0000e+00 -2.0000e+01 -1.2898e+01
0.0000e+00 -1.0000e+01 -1.2255e+01
0.0000e+00 0.0000e+00 -1.4388e+01
0.0000e+00 1.0000e+01 -1.3085e+01
0.0000e+00 2.0000e+01 -1.4476e+01
0.0000e+00 3.0000e+01 -1.2645e+01
0.0000e+00 4.0000e+01 -1.1122e+01
0.0000e+00 5.0000e+01 -9.7612e+00
0.0000e+00 6.0000e+01 -7.2471e+00
0.0000e+00 7.0000e+01 -6.5382e+00
0.0000e+00 8.0000e+01 -6.2732e+00
0.0000e+00 9.0000e+01 -3.6240e+00
0.0000e+00 1.0000e+02 -7.3529e-01
0.0000e+00 1.1000e+02 -1.3370e+00
0.0000e+00 1.2000e+02 -1.9542e-01
0.0000e+00 1.3000e+02 -1.8846e+00
0.0000e+00 1.4000e+02 -2.3478e-01
0.0000e+00 1.5000e+02 -1.3632e+00
0.0000e+00 1.6000e+02 -5.5340e-01
0.0000e+00 1.7000e+02 2.6311e+00
0.0000e+00 1.8000e+02 3.4448e+00
0.0000e+00 1.9000e+02 1.8064e+00
0.0000e+00 2.0000e+02 -5.5673e-01
1.0000e+01 -2.0000e+02 2.9758e+00
1.0000e+01 -1.9000e+02 1.5065e+00
1.0000e+01 -1.8000e+02 -5.9365e-01
1.0000e+01 -1.7000e+02 -2.9953e+00
1.0000e+01 -1.6000e+02 -5.8940e-01
1.0000e+01 -1.5000e+02 -1.4798e+00
1.0000e+01 -1.4000e+02 -3.7379e+00
1.0000e+01 -1.3000e+02 -8.7935e-01
1.0000e+01 -1.2000e+02 -1.6027e+00
1.0000e+01 -1.1000e+02 2.1060e-01
1.0000e+01 -1.0000e+02 -3.6956e+00
1.0000e+01 -9.0000e+01 -6.7024e+00
1.0000e+01 -8.0000e+01 -5.9610e+00
1.0000e+01 -7.0000e+01 -5.0666e+00
1.0000e+01 -6.0000e+01 -7.8183e+00
1.0000e+01 -5.0000e+01 -1.1292e+01
1.0000e+01 -4.0000e+01 -1.1070e+01
1.0000e+01 -3.0000e+01 -1.4033e+01
1.0000e+01 -2.0000e+01 -1.5311e+01
1.0000e+01 -1.0000e+01 -1.5496e+01
1.0000e+01 0.0000e+00 -1.6472e+01
1.0000e+01 1.0000e+01 -1.2218e+01
1.0000e+01 2.0000e+01 -1.5904e+01
1.0000e+01 3.0000e+01 -1.1968e+01
1.0000e+01 4.0000e+01 -1.1893e+01
1.0000e+01 5.0000e+01 -1.0851e+01
1.0000e+01 6.0000e+01 -8.8155e+00
1.0000e+01 7.0000e+01 -7.5955e+00
1.0000e+01 8.0000e+01 -3.3606e+00
1.0000e+01 9.0000e+01 -1.6146e+00
1.0000e+01 1.0000e+02 -5.6082e+00
1.0000e+01 1.1000e+02 4.5484e-01
1.0000e+01 1.2000e+02 -1.6220e+00
1.0000e+01 1.3000e+02 -2.6199e+00
1.0000e+01 1.4000e+02 -1.0492e-01
1.0000e+01 1.5000e+02 -1.8852e+00
1.0000e+01 1.6000e+02 -3.2069e-01
1.0000e+01 1.7000e+02 -1.8427e+00
1.0000e+01 1.8000e+02 1.8563e+00
1.0000e+01 1.9000e+02 2.0702e+00
1.0000e+01 2.0000e+02 -1.5140e+00
2.0000e+01 -2.0000e+02 -1.3488e+00
2.0000e+01 -1.9000e+02 5.1304e+00
2.0000e+01 -1.8000e+02 3.9975e-01
2.0000e+01 -1.7000e+02 8.0232e-01
2.0000e+01 -1.6000e+02 3.0536e+00
2.0000e+01 -1.5000e+02 -9.6803e-01
2.0000e+01 -1.4000e+02 -3.0241e+00
2.0000e+01 -1.3000e+02 -6.0962e-01
2.0000e+01 -1.2000e+02 -4.1099e+00
2.0000e+01 -1.1000e+02 -1.1746e+00
2.0000e+01 -1.0000e+02 -3.2768e+00
2.0000e+01 -9.0000e+01 -2.5015e+00
2.0000e+01 -8.0000e+01 -6.9563e+00
2.0000e+01 -7.0000e+01 -6.3773e+00
2.0000e+01 -6.0000e+01 -6.3335e+00
2.0000e+01 -5.0000e+01 -9.9948e+00
2.0000e+01 -4.0000e+01 -1.3144e+01
2.0000e+01 -3.0000e+01 -1.1614e+01
2.0000e+01 -2.0000e+01 -1.2361e+01
2.0000e+01 -1.0000e+01 -1.4655e+01
2.0000e+01 0.0000e+00 -1.5362e+01
2.0000e+01 1.0000e+01 -1.5996e+01
2.0000e+01 2.0000e+01 -1.3302e+01
2.0000e+01 3.0000e+01 -1.1298e+01
2.0000e+01 4.0000e+01 -9.3999e+00
2.0000e+01 5.0000e+01 -9.2343e+00
2.0000e+01 6.0000e+01 -5.4002e+00
2.0000e+01 7.0000e+01 -6.5530e+00
2.0000e+01 8.0000e+01 -5.1356e+00
2.0000e+01 9.0000e+01 -3.4122e+00
2.0000e+01 1.0000e+02 -5.4493e+00
2.0000e+01 1.1000e+02 -1.7902e-02
2.0000e+01 1.2000e+02 -9.1381e-01
2.0000e+01 1.3000e+02 7.4865e-01
2.0000e+01 1.4000e+02 -1.8278e+00
2.0000e+01 1.5000e+02 1.0174e-01
2.0000e+01 1.6000e+02 1.6221e+00
2.0000e+01 1.7000e+02 1.1580e+00
2.0000e+01 1.8000e+02 -7.3010e-01
2.0000e+01 1.9000e+02 2.2734e+00
2.0000e+01 2.0000e+02 -1.6802e+00
3.0000e+01 -2.0000e+02 4.0879e-01
3.0000e+01 -1.9000e+02 -2.0302e+00
3.0000e+01 -1.8000e+02 -1.5399e+00
3.0000e+01 -1.7000e+02 2.1453e+00
3.0000e+01 -1.6000e+02 5.4692e-01
3.0000e+01 -1.5000e+02 -1.0101e+00
3.0000e+01 -1.4000e+02 -1.5035e+00
3.0000e+01 -1.3000e+02 -2.5090e+00
3.0000e+01 -1.2000e+02 -2.7305e+00
3.0000e+01 -1.1000e+02 -1.0955e+00
3.0000e+01 -1.0000e+02 -3.9429e+00
3.0000e+01 -9.0000e+01 -3.0869e+00
3.0000e+01 -8.0000e+01 -2.9233e+00
3.0000e+01 -7.0000e+01 -6.2925e+00
3.0000e+01 -6.0000e+01 -7.2157e+00
3.0000e+01 -5.0000e+01 -6.6965e+00
3.0000e+01 -4.0000e+01 -1.1475e+01
3.0000e+01 -3.0000e+01 -1.2615e+01
3.0000e+01 -2.0000e+01 -1.1860e+01
3.0000e+01 -1.0000e+01 -1.5428e+01
3.0000e+01 0.0000e+00 -1.2636e+01
3.0000e+01 1.0000e+01 -1.2510e+01
3.0000e+01 2.0000e+01 -1.3425e+01
3.0000e+01 3.0000e+01 -1.0264e+01
3.0000e+01 4.0000e+01 -1.1357e+01
3.0000e+01 5.0000e+01 -9.6960e+00
3.0000e+01 6.0000e+01 -9.2762e+00
3.0000e+01 7.0000e+01 -6.1831e+00
3.0000e+01 8.0000e+01 -5.8301e+00
3.0000e+01 9.0000e+01 -4.2880e+00
3.0000e+01 1.0000e+02 -7.5022e-01
3.0000e+01 1.1000e+02 -2.0403e+00
3.0000e+01 1.2000e+02 -6.6265e-01
3.0000e+01 1.3000e+02 8.3787e-01
3.0000e+01 1.4000e+02 3.7047e-01
3.0000e+01 1.5000e+02 1.6569e+00
3.0000e+01 1.6000e+02 -1.4528e+00
3.0000e+01 1.7000e+02 7.8686e-01
3.0000e+01 1.8000e+02 5.1101e-01
3.0000e+01 1.9000e+02 -4.4515e-01
3.0000e+01 2.0000e+02 2.7550e+00
4.0000e+01 -2.0000e+02 1.4618e+00
4.0000e+01 -1.9000e+02 -4.0761e-02
4.0000e+01 -1.8000e+02 2.5276e+00
4.0000e+01 -1.7000e+02 -1.3150e+00
4.0000e+01 -1.6000e+02 -5.4539e-01
4.0000e+01 -1.5000e+02 7.9076e-01
4.0000e+01 -1.4000e+02 1.4181e+00
4.0000e+01 -1.3000e+02 -2.2826e-01
4.0000e+01 -1.2000e+02 -1.3588e+00
4.0000e+01 -1.1000e+02 -2.2845e+00
4.0000e+01 -1.0000e+02 -3.0107e+00
4.0000e+01 -9.0000e+01 -3.0326e+00
4.0000e+01 -8.0000e+01 -3.9875e+00
4.0000e+01 -7.0000e+01 -5.3267e+00
4.0000e+01 -6.0000e+01 -8.4021e+00
4.0000e+01 -5.0000e+01 -7.8007e+00
4.0000e+01 -4.0000e+01 -7.0880e+00
4.0000e+01 -3.0000e+01 -1.0936e+01
4.0000e+01 -2.0000e+01 -1.1018e+01
4.0000e+01 -1.0000e+01 -1.2873e+01
4.0000e+01 0.0000e+00 -1.2451e+01
4.0000e+01 1.0000e+01 -1.1704e+01
4.0000e+01 2.0000e+01 -1.2143e+01
4.0000e+01 3.0000e+01 -9.9291e+00
4.0000e+01 4.0000e+01 -7.8835e+00
4.0000e+01 5.0000e+01 -6.4665e+00
4.0000e+01 6.0000e+01 -4.5161e+00
4.0000e+01 7.0000e+01 -4.4484e+00
4.0000e+01 8.0000e+01 -3.8830e+00
4.0000e+01 9.0000e+01 -4.7324e+00
4.0000e+01 1.0000e+02 -3.6793e+00
4.0000e+01 1.1000e+02 -1.0460e+00
4.0000e+01 1.2000e+02 -2.5567e+00
4.0000e+01 1.3000e+02 -1.9163e+00
4.0000e+01 1.4000e+02 2.9727e-01
4.0000e+01 1.5000e+02 1.0899e+00
4.0000e+01 1.6000e+02 1.9666e+00
4.0000e+01 1.7000e+02 -2.0242e+00
4.0000e+01 1.8000e+02 -7.4481e-01
4.0000e+01 1.9000e+02 4.3844e-01
4.0000e+01 2.0000e+02 -1.3719e-01
5.0000e+01 -2.0000e+02 -1.2864e+00
5.0000e+01 -1.9000e+02 -9.9617e-01
5.0000e+01 -1.8000e+02 -6.8427e-01
5.0000e+01 -1.7000e+02 9.1929e-02
5.0000e+01 -1.6000e+02 -2.7057e+00
5.0000e+01 -1.5000e+02 -1.0368e+00
5.0000e+01 -1.4000e+02 -2.2643e+00
5.0000e+01 -1.3000e+02 5.8370e-01
5.0000e+01 -1.2000e+02 -8.4941e-01
5.0000e+01 -1.1000e+02 -1.7732e+00
5.0000e+01 -1.0000e+02 -6.1092e+00
5.0000e+01 -9.0000e+01 -3.0644e+00
5.0000e+01 -8.0000e+01 -4.6858e+00
5.0000e+01 -7.0000e+01 -4.9616e+00
5.0000e+01 -6.0000e+01 -4.9542e+00
5.0000e+01 -5.0000e+01 -6.8774e+00
5.0000e+01 -4.0000e+01 -6.8180e+00
5.0000e+01 -3.0000e+01 -8.4412e+00
5.0000e+01 -2.0000e+01 -1.1549e+01
5.0000e+01 -1.0000e+01 -8.8068e+00
5.0000e+01 0.0000e+00 -1.0191e+01
5.0000e+01 1.0000e+01 -9.2383e+00
5.0000e+01 2.0000e+01 -9.9134e+00
5.0000e+01 3.0000e+01 -9.0697e+00
5.0000e+01 4.0000e+01 -8.7348e+00
5.0000e+01 5.0000e+01 -8.9807e+00
5.0000e+01 6.0000e+01 -7.3344e+00
5.0000e+01 7.0000e+01 -5.8928e+00
5.0000e+01 8.0000e+01 -2.8965e+00
5.0000e+01 9.0000e+01 -2.1379e-01
5.0000e+01 1.0000e+02 -2.1513e+00
5.0000e+01 1.1000e+02 -3.0477e-01
5.0000e+01 1.2000e+02 2.0382e-01
5.0000e+01 1.3000e+02 -8.4582e-01
5.0000e+01 1.4000e+02 -2.4042e-01
5.0000e+01 1.5000e+02 -3.3431e+00
5.0000e+01 1.6000e+02 -3.7525e+00
5.0000e+01 1.7000e+02 9.2800e-01
5.0000e+01 1.8000e+02 -5.0160e-01
5.0000e+01 1.9000e+02 -1.8915e+00
5.0000e+01 2.0000e+02 4.9273e-01
6.0000e+01 -2.0000e+02 3.0418e-01
6.0000e+01 -1.9000e+02 5.2884e-01
6.0000e+01 -1.8000e+02 -2.8997e-01
6.0000e+01 -1.7000e+02 -1.2685e+00
6.0000e+01 -1.6000e+02 -3.6917e-01
6.0000e+01 -1.5000e+02 -2.2446e+00
6.0000e+01 -1.4000e+02 -3.2860e-01
6.0000e+01 -1.3000e+02 7.5022e-03
6.0000e+01 -1.2000e+02 -4.1209e-01
6.0000e+01 -1.1000e+02 -2.3301e+00
6.0000e+01 -1.0000e+02 5.3056e-01
6.0000e+01 -9.0000e+01 -2.1420e+00
6.0000e+01 -8.0000e+01 -3.6934e+00
6.0000e+01 -7.0000e+01 -3.5939e+00
6.0000e+01 -6.0000e+01 -3.1160e+00
6.0000e+01 -5.0000e+01 -4.2373e+00
6.0000e+01 -4.0000e+01 -7.0645e+00
6.0000e+01 -3.0000e+01 -4.7713e+00
6.0000e+01 -2.0000e+01 -8.4340e+00
6.0000e+01 -1.0000e+01 -1.0235e+01
6.0000e+01 0.0000e+00 -8.6091e+00
6.0000e+01 1.0000e+01 -7.6592e+00
6.0000e+01 2.0000e+01 -9.2348e+00
6.0000e+01 3.0000e+01 -6.8529e+00
6.0000e+01 4.0000e+01 -6.7150e+00
6.0000e+01 5.0000e+01 -4.1814e+00
6.0000e+01 6.0000e+01 -4.0555e+00
6.0000e+01 7.0000e+01 -1.2080e+00
6.0000e+01 8.0000e+01 -1.5234e+00
6.0000e+01 9.0000e+01 -3.8680e+00
6.0000e+01 1.0000e+02 -1.2643e+00
6.0000e+01 1.1000e+02 -3.8799e+00
6.0000e+01 1.2000e+02 -7.3297e-02
6.0000e+01 1.3000e+02 4.5339e-01
6.0000e+01 1.4000e+02 -2.6300e-01
6.0000e+01 1.5000e+02 4.5025e-01
6.0000e+01 1.6000e+02 1.5321e+00
6.0000e+01 1.7000e+02 -2.1349e-01
6.0000e+01 1.8000e+02 1.3798e-01
6.0000e+01 1.9000e+02 1.0260e+00
6.0000e+01 2.0000e+02 2.7840e-01
7.0000e+01 -2.0000e+02 -3.2208e-01
7.0000e+01 -1.9000e+02 -1.7408e+00
7.0000e+01 -1.8000e+02 -3.9637e+00
7.0000e+01 -1.7000e+02 2.0969e+00
7.0000e+01 -1.6000e+02 -1.1439e+00
7.0000e+01 -1.5000e+02 -7.0086e-01
7.0000e+01 -1.4000e+02 -4.7654e-01
7.0000e+01 -1.3000e+02 2.3307e+00
7.0000e+01 -1.2000e+02 -8.6254e-01
7.0000e+01 -1.1000e+02 -3.2012e+00
7.0000e+01 -1.0000e+02 -3.1351e+00
7.0000e+01 -9.0000e+01 -2.1671e+00
7.0000e+01 -8.0000e+01 -2.1722e+00
7.0000e+01 -7.0000e+01 -4.2694e+00
7.0000e+01 -6.0000e+01 -3.0829e+00
7.0000e+01 -5.0000e+01 -3.6459e+00
7.0000e+01 -4.0000e+01 -5.7394e+00
7.0000e+01 -3.0000e+01 -4.4687e+00
7.0000e+01 -2.0000e+01 -7.4000e+00
7.0000e+01 -1.0000e+01 -7.9831e+00
7.0000e+01 0.0000e+00 -6.9344e+00
7.0000e+01 1.0000e+01 -8.6197e+00
7.0000e+01 2.0000e+01 -8.1096e+00
7.0000e+01 3.0000e+01 -7.6056e+00
7.0000e+01 4.0000e+01 -6.4200e+00
7.0000e+01 5.0000e+01 -4.4611e+00
7.0000e+01 6.0000e+01 -5.0192e+00
7.0000e+01 7.0000e+01 -4.1015e+00
7.0000e+01 8.0000e+01 -3.4325e+00
7.0000e+01 9.0000e+01 -8.1872e-01
7.0000e+01 1.0000e+02 2.4373e+00
7.0000e+01 1.1000e+02 -9.8537e-01
7.0000e+01 1.2000e+02 2.8777e-01
7.0000e+01 1.3000e+02 1.3669e+00
7.0000e+01 1.4000e+02 -7.8028e-01
7.0000e+01 1.5000e+02 -8.0330e-01
7.0000e+01 1.6000e+02 3.5801e-01
7.0000e+01 1.7000e+02 3.5150e+00
7.0000e+01 1.8000e+02 -7.5342e-01
7.0000e+01 1.9000e+02 -3.2740e-01
7.0000e+01 2.0000e+02 1.7035e+00
8.0000e+01 -2.0000e+02 1.3462e+00
8.0000e+01 -1.9000e+02 1.7611e+00
8.0000e+01 -1.8000e+02 -9.2490e-01
8.0000e+01 -1.7000e+02 1.9289e+00
8.0000e+01 -1.6000e+02 -1.7458e-01
8.0000e+01 -1.5000e+02 -2.6556e+00
8.0000e+01 -1.4000e+02 -1.1628e-01
8.0000e+01 -1.3000e+02 2.2770e+00
8.0000e+01 -1.2000e+02 -3.1762e-01
8.0000e+01 -1.1000e+02 -6.6539e-01
8.0000e+01 -1.0000e+02 7.8548e-01
8.0000e+01 -9.0000e+01 -1.2120e+00
8.0000e+01 -8.0000e+01 -2.7872e+00
8.0000e+01 -7.0000e+01 -2.5771e+00
8.0000e+01 -6.0000e+01 -5.6318e+00
8.0000e+01 -5.0000e+01 -1.8851e+00
8.0000e+01 -4.0000e+01 -6.5553e+00
8.0000e+01 -3.0000e+01 -4.4792e+00
8.0000e+01 -2.0000e+01 -3.1974e+00
8.0000e+01 -1.0000e+01 -3.9601e+00
8.0000e+01 0.0000e+00 -5.7418e+00
8.0000e+01 1.0000e+01 -3.6793e+00
8.0000e+01 2.0000e+01 -5.4263e+00
8.0000e+01 3.0000e+01 -7.4339e+00
8.0000e+01 4.0000e+01 -5.5658e+00
8.0000e+01 5.0000e+01 -5.6763e+00
8.0000e+01 6.0000e+01 -2.8470e+00
8.0000e+01 7.0000e+01 -2.7650e+00
8.0000e+01 8.0000e+01 -2.9619e+00
8.0000e+01 9.0000e+01 1.4652e+00
8.0000e+01 1.0000e+02 -1.2328e+00
8.0000e+01 1.1000e+02 -8.0528e-01
8.0000e+01 1.2000e+02 -9.7372e-01
8.0000e+01 1.3000e+02 -9.6867e-01
8.0000e+01 1.4000e+02 -1.0540e-01
8.0000e+01 1.5000e+02 7.8450e-02
8.0000e+01 1.6000e+02 9.1563e-01
8.0000e+01 1.7000e+02 -1.8177e+00
8.0000e+01 1.8000e+02 1.2201e+00
8.0000e+01 1.9000e+02 3.5529e-01
8.0000e+01 2.0000e+02 -6.1863e-01
9.0000e+01 -2.0000e+02 5.8138e-01
9.0000e+01 -1.9000e+02 1.2485e+00
9.0000e+01 -1.8000e+02 -1.5605e+00
9.0000e+01 -1.7000e+02 2.0305e+00
9.0000e+01 -1.6000e+02 -1.1423e+00
9.0000e+01 -1.5000e+02 -1.5332e+00
9.0000e+01 -1.4000e+02 -2.0194e+00
9.0000e+01 -1.3000e+02 -3.7291e-01
9.0000e+01 -1.2000e+02 -1.8058e+00
9.0000e+01 -1.1000e+02 -2.3861e-01
9.0000e+01 -1.0000e+02 -3.3922e+00
9.0000e+01 -9.0000e+01 -5.0835e-01
9.0000e+01 -8.0000e+01 -1.9137e+00
9.0000e+01 -7.0000e+01 -5.5146e-01
9.0000e+01 -6.0000e+01 -8.7239e-01
9.0000e+01 -5.0000e+01 -1.2944e+00
9.0000e+01 -4.0000e+01 -3.2975e+00
9.0000e+01 -3.0000e+01 -3.8476e+00
9.0000e+01 -2.0000e+01 -3.5108e+00
9.0000e+01 -1.0000e+01 -6.4529e+00
9.0000e+01 0.0000e+00 -3.6614e+00
9.0000e+01 1.0000e+01 -3.3207e+00
9.0000e+01 2.0000e+01 -2.8207e+00
9.0000e+01 3.0000e+01 -5.3261e+00
9.0000e+01 4.0000e+01 -1.4025e+00
9.0000e+01 5.0000e+01 -5.9669e+00
9.0000e+01 6.0000e+01 9.1467e-01
9.0000e+01 7.0000e+01 1.6317e+00
9.0000e+01 8.0000e+01 -3.5829e+00
9.0000e+01 9.0000e+01 -9.5799e-01
9.0000e+01 1.0000e+02 -2.2304e+00
9.0000e+01 1.1000e+02 -6.4782e-01
9.0000e+01 1.2000e+02 -3.3902e+00
9.0000e+01 1.3000e+02 1.5760e+00
9.0000e+01 1.4000e+02 3.0498e-01
9.0000e+01 1.5000e+02 -4.0285e-01
9.0000e+01 1.6000e+02 -3.6734e-01
9.0000e+01 1.7000e+02 9.6838e-01
9.0000e+01 1.8000e+02 2.3434e+00
9.0000e+01 1.9000e+02 1.3233e+00
9.0000e+01 2.0000e+02 -8.2213e-01
1.0000e+02 -2.0000e+02 2.2306e+00
1.0000e+02 -1.9000e+02 -1.2190e-01
1.0000e+02 -1.8000e+02 -1.5501e+00
1.0000e+02 -1.7000e+02 2.5546e-01
1.0000e+02 -1.6000e+02 1.2324e+00
1.0000e+02 -1.5000e+02 2.5617e+00
1.0000e+02 -1.4000e+02 3.7555e-01
1.0000e+02 -1.3000e+02 -1.0158e+00
1.0000e+02 -1.2000e+02 1.6907e-01
1.0000e+02 -1.1000e+02 1.7740e+00
1.0000e+02 -1.0000e+02 -2.4861e+00
1.0000e+02 -9.0000e+01 1.5426e-01
1.0000e+02 -8.0000e+01 -1.4329e+00
1.0000e+02 -7.0000e+01 7.9856e-02
1.0000e+02 -6.0000e+01 -1.9252e+00
1.0000e+02 -5.0000e+01 -1.8678e+00
1.0000e+02 -4.0000e+01 -3.4957e+00
1.0000e+02 -3.0000e+01 -2.0789e+00
1.0000e+02 -2.0000e+01 -2.4360e+00
1.0000e+02 -1.0000e+01 -8.9669e-01
1.0000e+02 0.0000e+00 -2.5849e+00
1.0000e+02 1.0000e+01 -1.9576e+00
1.0000e+02 2.0000e+01 -1.2466e+00
1.0000e+02 3.0000e+01 -4.6613e+00
1.0000e+02 4.0000e+01 -2.8395e+00
1.0000e+02 5.0000e+01 -1.5622e+00
1.0000e+02 6.0000e+01 -1.9258e+00
1.0000e+02 7.0000e+01 -1.1784e-01
1.0000e+02 8.0000e+01 -1.5522e+00
1.0000e+02 9.0000e+01 -2.6400e+00
1.0000e+02 1.0000e+02 -2.3388e-01
1.0000e+02 1.1000e+02 5.5727e-01
1.0000e+02 1.2000e+02 7.2167e-01
1.0000e+02 1.3000e+02 1.3487e+00
1.0000e+02 1.4000e+02 -7.2840e-01
1.0000e+02 1.5000e+02 -1.6206e+00
1.0000e+02 1.6000e+02 6.4393e-01
1.0000e+02 1.7000e+02 3.1006e+00
1.0000e+02 1.8000e+02 3.8935e-01
1.0000e+02 1.9000e+02 1.3660e+00
1.0000e+02 2.0000e+02 -2.9396e+00
1.1000e+02 -2.0000e+02 -1.1228e-01
1.1000e+02 -1.9000e+02 1.0083e+00
1.1000e+02 -1.8000e+02 -4.8111e-01
1.1000e+02 -1.7000e+02 1.5617e+00
1.1000e+02 -1.6000e+02 -4.4155e-01
1.1000e+02 -1.5000e+02 -7.2685e-01
1.1000e+02 -1.4000e+02 -2.0583e+00
1.1000e+02 -1.3000e+02 1.2806e+00
1.1000e+02 -1.2000e+02 -6.8112e-01
1.1000e+02 -1.1000e+02 -5.6862e-02
1.1000e+02 -1.0000e+02 4.2629e-01
1.1000e+02 -9.0000e+01 -7.5911e-01
1.1000e+02 -8.0000e+01 -2.4948e+00
1.1000e+02 -7.0000e+01 -1.5479e+00
1.1000e+02 -6.0000e+01 -1.1786e+00
1.1000e+02 -5.0000e+01 -2.0488e+00
1.1000e+02 -4.0000e+01 -2.0145e+00
1.1000e+02 -3.0000e+01 3.6667e-01
1.1000e+02 -2.0000e+01 -1.7884e+00
1.1000e+02 -1.0000e+01 -2.6962e+00
1.1000e+02 0.0000e+00 -4.4863e+00
1.1000e+02 1.0000e+01 -4.3942e-01
1.1000e+02 2.0000e+01 -1.5610e+00
1.1000e+02 3.0000e+01 1.5023e+00
1.1000e+02 4.0000e+01 -2.7633e+00
1.1000e+02 5.0000e+01 -1.0863e-01
1.1000e+02 6.0000e+01 -7.9408e-01
1.1000e+02 7.0000e+01 -2.0099e+00
1.1000e+02 8.0000e+01 -2.5812e-01
1.1000e+02 9.0000e+01 -3.8781e-01
1.1000e+02 1.0000e+02 -5.5506e-01
1.1000e+02 1.1000e+02 -3.1091e+00
1.1000e+02 1.2000e+02 -1.4125e+00
1.1000e+02 1.3000e+02 -1.6585e-01
1.1000e+02 1.4000e+02 -1.1092e+00
1.1000e+02 1.5000e+02 -1.0728e-01
1.1000e+02 1.6000e+02 -1.9796e-01
1.1000e+02 1.7000e+02 -1.9645e+00
1.1000e+02 1.8000e+02 2.5778e-01
1.1000e+02 1.9000e+02 2.8480e+00
1.1000e+02 2.0000e+02 -9.5292e-01
1.2000e+02 -2.0000e+02 5.7377e-01
1.2000e+02 -1.9000e+02 1.8731e+00
1.2000e+02 -1.8000e+02 1.3812e+00
1.2000e+02 -1.7000e+02 -1.0980e+00
1.2000e+02 -1.6000e+02 1.3054e+00
1.2000e+02 -1.5000e+02 -5.9771e-01
1.2000e+02 -1.4000e+02 -6.4232e-01
1.2000e+02 -1.3000e+02 3.4132e-01
1.2000e+02 -1.2000e+02 -1.0389e+00
1.2000e+02 -1.1000e+02 -2.4706e+00
1.2000e+02 -1.0000e+02 1.6020e+00
1.2000e+02 -9.0000e+01 -2.4412e+00
1.2000e+02 -8.0000e+01 -3.1628e+00
1.2000e+02 -7.0000e+01 -1.7168e+00
1.2000e+02 -6.0000e+01 7.3848e-01
1.2000e+02 -5.0000e+01 -2.3455e-01
1.2000e+02 -4.0000e+01 -4.7872e-01
1.2000e+02 -3.0000e+01 7.2582e-01
1.2000e+02 -2.0000e+01 -1.4912e+00
1.2000e+02 -1.0000e+01 -1.4441e+00
1.2000e+02 0.0000e+00 -4.8847e-01
1.2000e+02 1.0000e+01 -2.3577e+00
1.2000e+02 2.0000e+01 -1.7658e+00
1.2000e+02 3.0000e+01 -1.7991e+00
1.2000e+02 4.0000e+01 -2.8812e+00
1.2000e+02 5.0000e+01 -1.5048e-01
1.2000e+02 6.0000e+01 -1.7712e+00
1.2000e+02 7.0000e+01 -1.3594e+00
1.2000e+02 8.0000e+01 -1.3797e+00
1.2000e+02 9.0000e+01 3.6472e-01
1.2000e+02 1.0000e+02 -1.0462e+00
1.2000e+02 1.1000e+02 -2.1140e+00
1.2000e+02 1.2000e+02 2.4199e+00
1.2000e+02 1.3000e+02 2.0616e-02
1.2000e+02 1.4000e+02 -6.2583e+00
1.2000e+02 1.5000e+02 1.1604e-01
1.2000e+02 1.6000e+02 -1.8280e+00
1.2000e+02 1.7000e+02 -8.4481e-01
1.2000e+02 1.8000e+02 -1.8107e+00
1.2000e+02 1.9000e+02 -1.0226e+00
1.2000e+02 2.0000e+02 1.5326e+00
1.3000e+02 -2.0000e+02 -1.8027e+00
1.3000e+02 -1.9000e+02 -6.9174e-01
1.3000e+02 -1.8000e+02 -8.7736e-01
1.3000e+02 -1.7000e+02 6.7461e-01
1.3000e+02 -1.6000e+02 -1.6114e+00
1.3000e+02 -1.5000e+02 2.5638e-01
1.3000e+02 -1.4000e+02 2.6900e+00
1.3000e+02 -1.3000e+02 -1.8673e+00
1.3000e+02 -1.2000e+02 2.5323e-01
1.3000e+02 -1.1000e+02 9.9769e-01
1.3000e+02 -1.0000e+02 1.8629e+00
1.3000e+02 -9.0000e+01 -8.5763e-02
1.3000e+02 -8.0000e+01 2.3181e-01
1.3000e+02 -7.0000e+01 1.1782e+00
1.3000e+02 -6.0000e+01 -1.4050e+00
1.3000e+02 -5.0000e+01 5.0069e-05
1.3000e+02 -4.0000e+01 -5.2916e-01
1.3000e+02 -3.0000e+01 -1.4990e-01
1.3000e+02 -2.0000e+01 6.9538e-01
1.3000e+02 -1.0000e+01 -2.9249e+00
1.3000e+02 0.0000e+00 -1.2116e+00
1.3000e+02 1.0000e+01 -8.9876e-01
1.3000e+02 2.0000e+01 -3.0102e+00
1.3000e+02 3.0000e+01 3.3432e+00
1.3000e+02 4.0000e+01 -3.5030e+00
1.3000e+02 5.0000e+01 -2.0510e+00
1.3000e+02 6.0000e+01 -1.7575e+00
1.3000e+02 7.0000e+01 1.8345e+00
1.3000e+02 8.0000e+01 -9.8188e-01
1.3000e+02 9.0000e+01 -8.4801e-01
1.3000e+02 1.0000e+02 -3.4658e+00
1.3000e+02 1.1000e+02 7.9076e-01
1.3000e+02 1.2000e+02 -3.1318e+00
1.3000e+02 1.3000e+02 -3.8245e+00
1.3000e+02 1.4000e+02 7.1005e-02
1.3000e+02 1.5000e+02 6.1294e-01
1.3000e+02 1.6000e+02 -5.0638e-01
1.3000e+02 1.7000e+02 -1.0983e+00
1.3000e+02 1.8000e+02 1.9964e+00
1.3000e+02 1.9000e+02 -1.5920e+00
1.3000e+02 2.0000e+02 -2.5019e+00
1.4000e+02 -2.0000e+02 -1.9061e+00
1.4000e+02 -1.9000e+02 7.3499e-01
1.4000e+02 -1.8000e+02 -8.9192e-01
1.4000e+02 -1.7000e+02 8.7421e-02
1.4000e+02 -1.6000e+02 2.4768e+00
1.4000e+02 -1.5000e+02 -8.9405e-01
1.4000e+02 -1.4000e+02 1.4104e+00
1.4000e+02 -1.3000e+02 1.4221e+00
1.4000e+02 -1.2000e+02 4.3856e-01
1.4000e+02 -1.1000e+02 -3.4788e-01
1.4000e+02 -1.0000e+02 9.4547e-01
1.4000e+02 -9.0000e+01 -8.6340e-02
1.4000e+02 -8.0000e+01 -7.4533e-01
1.4000e+02 -7.0000e+01 -1.9290e+00
1.4000e+02 -6.0000e+01 2.4169e+00
1.4000e+02 -5.0000e+01 3.0086e-01
1.4000e+02 -4.0000e+01 -2.8114e+00
1.4000e+02 -3.0000e+01 2.0651e-01
1.4000e+02 -2.0000e+01 3.4365e+00
1.4000e+02 -1.0000e+01 -2.5182e+00
1.4000e+02 0.0000e+00 -5.3378e-01
1.4000e+02 1.0000e+01 1.4586e+00
1.4000e+02 2.0000e+01 -5.2335e-01
1.4000e+02 3.0000e+01 1.1309e+00
1.4000e+02 4.0000e+01 -9.5954e-01
1.4000e+02 5.0000e+01 -2.0596e+00
1.4000e+02 6.0000e+01 -3.4007e+00
1.4000e+02 7.0000e+01 -3.1803e-01
1.4000e+02 8.0000e+01 -2.6314e+00
1.4000e+02 9.0000e+01 -1.7876e+00
1.4000e+02 1.0000e+02 1.1255e+00
1.4000e+02 1.1000e+02 -1.4141e+00
1.4000e+02 1.2000e+02 -4.7948e-01
1.4000e+02 1.3000e+02 6.1757e-02
1.4000e+02 1.4000e+02 -2.2743e+00
1.4000e+02 1.5000e+02 -5.9515e-01
1.4000e+02 1.6000e+02 7.0196e-01
1.4000e+02 1.7000e+02 -2.3197e+00
1.4000e+02 1.8000e+02 8.5933e-01
1.4000e+02 1.9000e+02 -3.1062e+00
1.4000e+02 2.0000e+02 4.7986e-01
1.5000e+02 -2.0000e+02 1.3309e-01
1.5000e+02 -1.9000e+02 -1.8553e-01
1.5000e+02 -1.8000e+02 8.7397e-02
1.5000e+02 -1.7000e+02 -6.1073e-01
1.5000e+02 -1.6000e+02 -7.3943e-01
1.5000e+02 -1.5000e+02 1.2774e+00
1.5000e+02 -1.4000e+02 -2.6600e+00
1.5000e+02 -1.3000e+02 -2.4516e+00
1.5000e+02 -1.2000e+02 3.9328e-01
1.5000e+02 -1.1000e+02 1.4921e+00
1.5000e+02 -1.0000e+02 -1.5403e+00
1.5000e+02 -9.0000e+01 -1.6076e+00
1.5000e+02 -8.0000e+01 3.5948e-01
1.5000e+02 -7.0000e+01 -6.2180e-01
1.5000e+02 -6.0000e+01 6.3358e-01
1.5000e+02 -5.0000e+01 -1.0987e+00
1.5000e+02 -4.0000e+01 -2.2493e-01
1.5000e+02 -3.0000e+01 -6.6904e-01
1.5000e+02 -2.0000e+01 9.0182e-02
1.5000e+02 -1.0000e+01 9.6107e-02
1.5000e+02 0.0000e+00 -8.9580e-01
1.5000e+02 1.0000e+01 1.1222e+00
1.5000e+02 2.0000e+01 6.6434e-01
1.5000e+02 3.0000e+01 3.2509e+00
1.5000e+02 4.0000e+01 2.1507e+00
1.5000e+02 5.0000e+01 3.9791e-01
1.5000e+02 6.0000e+01 -2.7498e+00
1.5000e+02 7.0000e+01 9.8379e-01
1.5000e+02 8.0000e+01 -2.7417e-01
1.5000e+02 9.0000e+01 4.4120e-01
1.5000e+02 1.0000e+02 -2.2834e-01
1.5000e+02 1.1000e+02 -2.2781e+00
1.5000e+02 1.2000e+02 1.0431e-02
1.5000e+02 1.3000e+02 2.8981e+00
1.5000e+02 1.4000e+02 1.4664e-01
1.5000e+02 1.5000e+02 1.9901e+00
1.5000e+02 1.6000e+02 -1.2779e-01
1.5000e+02 1.7000e+02 4.4706e-01
1.5000e+02 1.8000e+02 -4.1759e-01
1.5000e+02 1.9000e+02 -1.2015e+00
1.5000e+02 2.0000e+02 -3.8164e-01
1.6000e+02 -2.0000e+02 2.8710e+00
1.6000e+02 -1.9000e+02 -9.0292e-01
1.6000e+02 -1.8000e+02 8.0917e-01
1.6000e+02 -1.7000e+02 4.1163e-01
1.6000e+02 -1.6000e+02 -7.4829e-01
1.6000e+02 -1.5000e+02 -1.3138e+00
1.6000e+02 -1.4000e+02 -2.1039e+00
1.6000e+02 -1.3000e+02 2.4211e+00
1.6000e+02 -1.2000e+02 2.3948e+00
1.6000e+02 -1.1000e+02 1.8391e+00
1.6000e+02 -1.0000e+02 -2.6177e+00
1.6000e+02 -9.0000e+01 -1.1514e+00
1.6000e+02 -8.0000e+01 1.5310e+00
1.6000e+02 -7.0000e+01 -3.4766e+00
1.6000e+02 -6.0000e+01 7.9036e-01
1.6000e+02 -5.0000e+01 -1.2264e+00
1.6000e+02 -4.0000e+01 1.1510e-01
1.6000e+02 -3.0000e+01 7.9583e-01
1.6000e+02 -2.0000e+01 -4.2679e+00
1.6000e+02 -1.0000e+01 -6.4374e-01
1.6000e+02 0.0000e+00 1.1754e+00
1.6000e+02 1.0000e+01 -1.1946e+00
1.6000e+02 2.0000e+01 2.7657e+00
1.6000e+02 3.0000e+01 8.4417e-01
1.6000e+02 4.0000e+01 9.7484e-01
1.6000e+02 5.0000e+01 -9.9288e-02
1.6000e+02 6.0000e+01 1.2692e+00
1.6000e+02 7.0000e+01 5.0700e-01
1.6000e+02 8.0000e+01 1.9534e+00
1.6000e+02 9.0000e+01 -2.1310e+00
1.6000e+02 1.0000e+02 4.6120e-01
1.6000e+02 1.1000e+02 -2.4991e-01
1.6000e+02 1.2000e+02 -2.0513e+00
1.6000e+02 1.3000e+02 1.0799e+00
1.6000e+02 1.4000e+02 7.1196e-01
1.6000e+02 1.5000e+02 -2.8783e-01
1.6000e+02 1.6000e+02 -2.6898e-01
1.6000e+02 1.7000e+02 -1.3868e+00
1.6000e+02 1.8000e+02 5.2362e-01
1.6000e+02 1.9000e+02 1.8033e+00
1.6000e+02 2.0000e+02 -1.1792e+00
1.7000e+02 -2.0000e+02 2.9438e+00
1.7000e+02 -1.9000e+02 1.7890e+00
1.7000e+02 -1.8000e+02 1.6340e+00
1.7000e+02 -1.7000e+02 -9.8103e-01
1.7000e+02 -1.6000e+02 2.1885e-01
1.7000e+02 -1.5000e+02 -1.4792e+00
1.7000e+02 -1.4000e+02 3.2985e-01
1.7000e+02 -1.3000e+02 -3.6534e+00
1.7000e+02 -1.2000e+02 3.9365e-01
1.7000e+02 -1.1000e+02 9.8783e-01
1.7000e+02 -1.0000e+02 -2.5053e-01
1.7000e+02 -9.0000e+01 -2.2835e+00
1.7000e+02 -8.0000e+01 -4.6065e-01
1.7000e+02 -7.0000e+01 -8.9548e-01
1.7000e+02 -6.0000e+01 -1.6211e-01
1.7000e+02 -5.0000e+01 -7.2356e-02
1.7000e+02 -4.0000e+01 7.7881e-01
1.7000e+02 -3.0000e+01 -6.3261e-01
1.7000e+02 -2.0000e+01 -1.3089e+00
1.7000e+02 -1.0000e+01 -7.8759e-02
1.7000e+02 0.0000e+00 -1.9481e+00
1.7000e+02 1.0000e+01 -2.4415e+00
1.7000e+02 2.0000e+01 4.0072e-01
1.7000e+02 3.0000e+01 9.3892e-01
1.7000e+02 4.0000e+01 3.0240e-01
1.7000e+02 5.0000e+01 -1.9854e+00
1.7000e+02 6.0000e+01 -1.4758e+00
1.7000e+02 7.0000e+01 -9.1247e-01
1.7000e+02 8.0000e+01 -4.0259e-01
1.7000e+02 9.0000e+01 -1.0867e+00
1.7000e+02 1.0000e+02 -7.9241e-01
1.7000e+02 1.1000e+02 -8.3128e-01
1.7000e+02 1.2000e+02 -2.3103e-01
1.7000e+02 1.3000e+02 3.7485e-01
1.7000e+02 1.4000e+02 -4.3074e-01
1.7000e+02 1.5000e+02 -1.9978e-01
1.7000e+02 1.6000e+02 -9.2846e-01
1.7000e+02 1.7000e+02 -2.3962e+00
1.7000e+02 1.8000e+02 -6.1064e-01
1.7000e+02 1.9000e+02 -3.3128e-01
1.7000e+02 2.0000e+02 1.1291e+00
1.8000e+02 -2.0000e+02 -2.2187e-01
1.8000e+02 -1.9000e+02 -2.8315e-01
1.8000e+02 -1.8000e+02 3.2428e+00
1.8000e+02 -1.7000e+02 -4.4253e-01
1.8000e+02 -1.6000e+02 1.7431e-01
1.8000e+02 -1.5000e+02 1.3325e+00
1.8000e+02 -1.4000e+02 5.2070e-02
1.8000e+02 -1.3000e+02 -2.2658e+00
1.8000e+02 -1.2000e+02 -9.6439e-02
1.8000e+02 -1.1000e+02 -3.6413e+00
1.8000e+02 -1.0000e+02 2.1683e-01
1.8000e+02 -9.0000e+01 -9.9557e-01
1.8000e+02 -8.0000e+01 1.2703e-01
1.8000e+02 -7.0000e+01 -7.7569e-01
1.8000e+02 -6.0000e+01 9.6883e-01
1.8000e+02 -5.0000e+01 -5.6187e-01
1.8000e+02 -4.0000e+01 2.3625e+00
1.8000e+02 -3.0000e+01 -3.0200e-01
1.8000e+02 -2.0000e+01 -1.3831e+00
1.8000e+02 -1.0000e+01 2.9472e+00
1.8000e+02 0.0000e+00 -1.4235e+00
1.8000e+02 1.0000e+01 3.9253e+00
1.8000e+02 2.0000e+01 -3.6382e-01
1.8000e+02 3.0000e+01 -3.4709e+00
1.8000e+02 4.0000e+01 1.8258e+00
1.8000e+02 5.0000e+01 1.3262e-01
1.8000e+02 6.0000e+01 1.9449e-01
1.8000e+02 7.0000e+01 -4.3104e-01
1.8000e+02 8.0000e+01 -2.3554e+00
1.8000e+02 9.0000e+01 -1.7795e+00
1.8000e+02 1.0000e+02 -1.2429e+00
1.8000e+02 1.1000e+02 2.8444e+00
1.8000e+02 1.2000e+02 -1.1163e+00
1.8000e+02 1.3000e+02 -6.7273e-01
1.8000e+02 1.4000e+02 -9.1556e-01
1.8000e+02 1.5000e+02 -1.0900e+00
1.8000e+02 1.6000e+02 2.0216e+00
1.8000e+02 1.7000e+02 -4.3521e-01
1.8000e+02 1.8000e+02 1.3938e+00
1.8000e+02 1.9000e+02 2.1969e+00
1.8000e+02 2.0000e+02 1.9746e-01
1.9000e+02 -2.0000e+02 -3.3361e+00
1.9000e+02 -1.9000e+02 5.5657e-01
1.9000e+02 -1.8000e+02 1.8457e+00
1.9000e+02 -1.7000e+02 1.5720e+00
1.9000e+02 -1.6000e+02 -1.5961e+00
1.9000e+02 -1.5000e+02 -1.6557e+00
1.9000e+02 -1.4000e+02 -1.1316e+00
1.9000e+02 -1.3000e+02 -1.9269e+00
1.9000e+02 -1.2000e+02 -3.9687e-01
1.9000e+02 -1.1000e+02 1.5935e-01
1.9000e+02 -1.0000e+02 -8.4382e-01
1.9000e+02 -9.0000e+01 1.2211e+00
1.9000e+02 -8.0000e+01 -1.9409e+00
1.9000e+02 -7.0000e+01 2.7481e-01
1.9000e+02 -6.0000e+01 4.5319e-01
1.9000e+02 -5.0000e+01 -1.4943e+00
1.9000e+02 -4.0000e+01 -2.5157e+00
1.9000e+02 -3.0000e+01 5.7589e-01
1.9000e+02 -2.0000e+01 -1.9252e-01
1.9000e+02 -1.0000e+01 -3.0460e-01
1.9000e+02 0.0000e+00 6.1808e-02
1.9000e+02 1.0000e+01 9.1381e-01
1.9000e+02 2.0000e+01 2.5266e+00
1.9000e+02 3.0000e+01 -8.4874e-01
1.9000e+02 4.0000e+01 -2.7864e+00
1.9000e+02 5.0000e+01 3.8634e-01
1.9000e+02 6.0000e+01 -1.9927e+00
1.9000e+02 7.0000e+01 -3.2584e-02
1.9000e+02 8.0000e+01 -9.6135e-01
1.9000e+02 9.0000e+01 -2.1162e+00
1.9000e+02 1.0000e+02 3.2048e+00
1.9000e+02 1.1000e+02 -1.4688e-01
1.9000e+02 1.2000e+02 -9.6138e-01
1.9000e+02 1.3000e+02 -3.9204e+00
1.9000e+02 1.4000e+02 -1.7412e+00
1.9000e+02 1.5000e+02 5.7752e-02
1.9000e+02 1.6000e+02 -6.5170e-01
1.9000e+02 1.7000e+02 9.2772e-01
1.9000e+02 1.8000e+02 1.4834e+00
1.9000e+02 1.9000e+02 8.9002e-01
1.9000e+02 2.0000e+02 9.2621e-01
2.0000e+02 -2.0000e+02 -2.6999e-01
2.0000e+02 -1.9000e+02 3.4475e-02
2.0000e+02 -1.8000e+02 -3.2692e+00
2.0000e+02 -1.7000e+02 -7.5520e-01
2.0000e+02 -1.6000e+02 2.3104e+00
2.0000e+02 -1.5000e+02 -6.2516e-01
2.0000e+02 -1.4000e+02 -1.8951e-01
2.0000e+02 -1.3000e+02 -6.2903e-01
2.0000e+02 -1.2000e+02 7.3329e-01
2.0000e+02 -1.1000e+02 -2.0356e+00
2.0000e+02 -1.0000e+02 -2.7901e+00
2.0000e+02 -9.0000e+01 -1.2049e+00
2.0000e+02 -8.0000e+01 3.8798e-01
2.0000e+02 -7.0000e+01 -1.9634e+00
2.0000e+02 -6.0000e+01 4.0595e-01
2.0000e+02 -5.0000e+01 -1.5669e+00
2.0000e+02 -4.0000e+01 1.0742e-01
2.0000e+02 -3.0000e+01 -4.7905e-01
2.0000e+02 -2.0000e+01 1.4384e+00
2.0000e+02 -1.0000e+01 -7.2703e-01
2.0000e+02 0.0000e+00 -8.8781e-01
2.0000e+02 1.0000e+01 -1.8339e-01
2.0000e+02 2.0000e+01 -1.6514e+00
2.0000e+02 3.0000e+01 -6.4838e-01
2.0000e+02 4.0000e+01 1.1314e+00
2.0000e+02 5.0000e+01 2.6085e-01
2.0000e+02 6.0000e+01 2.2808e+00
2.0000e+02 7.0000e+01 6.1265e-01
2.0000e+02 8.0000e+01 1.7971e+00
2.0000e+02 9.0000e+01 2.2861e+00
2.0000e+02 1.0000e+02 1.7289e+00
2.0000e+02 1.1000e+02 -1.9475e+00
2.0000e+02 1.2000e+02 -1.9861e+00
2.0000e+02 1.3000e+02 -1.3192e+00
2.0000e+02 1.4000e+02 1.3916e-01
2.0000e+02 1.5000e+02 -4.1314e-01
2.0000e+02 1.6000e+02 3.2988e-01
2.0000e+02 1.7000e+02 2.2082e+00
2.0000e+02 1.8000e+02 -9.0477e-01
2.0000e+02 1.9000e+02 3.6870e-01
2.0000e+02 2.0000e+02 -2.3266e+00
