-2.0000e+02 -2.0000e+02 -1.2025e+00
-2.0000e+02 -1.9000e+02 -6.5700e-03
-2.0000e+02 -1.8000e+02 -6.0243e-01
-2.0000e+02 -1.7000e+02 7.1412e-01
-2.0000e+02 -1.6000e+02 1.2143e+00
-2.0000e+02 -1.5000e+02 -7.1899e-01
-2.0000e+02 -1.4000e+02 -2.6017e-01
-2.0000e+02 -1.3000e+02 -9.7386e-01
-2.0000e+02 -1.2000e+02 5.1955e-01
-2.0000e+02 -1.1000e+02 -8.9724e-01
-2.0000e+02 -1.0000e+02 1.9902e+00
-2.0000e+02 -9.0000e+01 -2.4904e-01
-2.0000e+02 -8.0000e+01 7.7726e-01
-2.0000e+02 -7.0000e+01 4.8668e-01
-2.0000e+02 -6.0000e+01 1.7099e-02
-2.0000e+02 -5.0000e+01 1.1455e+00
-2.0000e+02 -4.0000e+01 2.2537e+00
-2.0000e+02 -3.0000e+01 -4.8947e-01
-2.0000e+02 -2.0000e+01 1.5288e+00
-2.0000e+02 -1.0000e+01 2.0866e+00
-2.0000e+02 0.0000e+00 -1.4742e+00
-2.0000e+02 1.0000e+01 4.2348e-01
-2.0000e+02 2.0000e+01 -2.7188e+00
-2.0000e+02 3.0000e+01 -9.7520e-01
-2.0000e+02 4.0000e+01 1.3239e+00
-2.0000e+02 5.0000e+01 -1.2802e-01
-2.0000e+02 6.0000e+01 -1.0207e+00
-2.0000e+02 7.0000e+01 2.5839e+00
-2.0000e+02 8.0000e+01 2.0476e+00
-2.0000e+02 9.0000e+01 -9.0179e-01
-2.0000e+02 1.0000e+02 -1.4657e+00
-2.0000e+02 1.1000e+02 2.0519e+00
-2.0000e+02 1.2000e+02 -3.1544e+00
-2.0000e+02 1.3000e+02 1.2943e+00
-2.0000e+02 1.4000e+02 1.1027e+00
-2.0000e+02 1.5000e+02 -1.7234e+00
-2.0000e+02 1.6000e+02 -1.0589e+00
-2.0000e+02 1.7000e+02 1.7879e-01
-2.0000e+02 1.8000e+02 9.7762e-01
-2.0000e+02 1.9000e+02 1.5052e+00
-2.0000e+02 2.0000e+02 -1.4815e+00
-1.9000e+02 -2.0000e+02 -1.4731e+00
-1.9000e+02 -1.9000e+02 -1.4176e+00
-1.9000e+02 -1.8000e+02 2.7128e+00
-1.9000e+02 -1.7000e+02 -3.9269e+00
-1.9000e+02 -1.6000e+02 -2.1035e+00
-1.9000e+02 -1.5000e+02 -7.7031e-01
-1.9000e+02 -1.4000e+02 -2.9378e+00
-1.9000e+02 -1.3000e+02 1.9457e+00
-1.9000e+02 -1.2000e+02 1.9875e-02
-1.9000e+02 -1.1000e+02 -3.7158e-01
-1.9000e+02 -1.0000e+02 -7.4804e-02
-1.9000e+02 -9.0000e+01 4.8969e-01
-1.9000e+02 -8.0000e+01 3.7853e+00
-1.9000e+02 -7.0000e+01 -1.3613e+00
-1.9000e+02 -6.0000e+01 -1.8630e+00
-1.9000e+02 -5.0000e+01 -2.3946e+00
-1.9000e+02 -4.0000e+01 5.8575e-01
-1.9000e+02 -3.0000e+01 -2.6517e-01
-1.9000e+02 -2.0000e+01 1.1885e+00
-1.9000e+02 -1.0000e+01 1.4787e+00
-1.9000e+02 0.0000e+00 7.1084e-01
-1.9000e+02 1.0000e+01 1.2830e+00
-1.9000e+02 2.0000e+01 1.6096e+00
-1.9000e+02 3.0000e+01 2.0236e+00
-1.9000e+02 4.0000e+01 9.8595e-01
-1.9000e+02 5.0000e+01 -4.3468e-02
-1.9000e+02 6.0000e+01 2.1440e+00
-1.9000e+02 7.0000e+01 2.7380e-01
-1.9000e+02 8.0000e+01 8.6418e-01
-1.9000e+02 9.0000e+01 -2.2166e-01
-1.9000e+02 1.0000e+02 -2.8543e+00
-1.9000e+02 1.1000e+02 1.5986e-01
-1.9000e+02 1.2000e+02 1.1341e+00
-1.9000e+02 1.3000e+02 1.5449e+00
-1.9000e+02 1.4000e+02 1.6448e+00
-1.9000e+02 1.5000e+02 1.9679e+00
-1.9000e+02 1.6000e+02 -8.9255e-01
-1.9000e+02 1.7000e+02 -6.6005e-01
-1.9000e+02 1.8000e+02 1.3064e+00
-1.9000e+02 1.9000e+02 7.9031e-01
-1.9000e+02 2.0000e+02 -3.3394e+00
-1.8000e+02 -2.0000e+02 1.0334e+00
-1.8000e+02 -1.9000e+02 1.0961e+00
-1.8000e+02 -1.8000e+02 1.0946e+00
-1.8000e+02 -1.7000e+02 -2.3540e+00
-1.8000e+02 -1.6000e+02 -3.4708e-01
-1.8000e+02 -1.5000e+02 7.1350e-01
-1.8000e+02 -1.4000e+02 -2.6274e+00
-1.8000e+02 -1.3000e+02 -2.9844e-01
-1.8000e+02 -1.2000e+02 -2.2792e+00
-1.8000e+02 -1.1000e+02 -1.0249e+00
-1.8000e+02 -1.0000e+02 4.5637e+00
-1.8000e+02 -9.0000e+01 1.1716e+00
-1.8000e+02 -8.0000e+01 -3.9690e-01
-1.8000e+02 -7.0000e+01 2.6770e+00
-1.8000e+02 -6.0000e+01 -1.4453e+00
-1.8000e+02 -5.0000e+01 1.1232e+00
-1.8000e+02 -4.0000e+01 5.3790e-01
-1.8000e+02 -3.0000e+01 1.2069e+00
-1.8000e+02 -2.0000e+01 1.2085e+00
-1.8000e+02 -1.0000e+01 3.6694e-01
-1.8000e+02 0.0000e+00 3.1982e-01
-1.8000e+02 1.0000e+01 -8.8273e-01
-1.8000e+02 2.0000e+01 -2.0651e+00
-1.8000e+02 3.0000e+01 1.4078e+00
-1.8000e+02 4.0000e+01 8.2988e-01
-1.8000e+02 5.0000e+01 -2.6731e+00
-1.8000e+02 6.0000e+01 -2.8567e+00
-1.8000e+02 7.0000e+01 -1.5961e+00
-1.8000e+02 8.0000e+01 1.6674e-01
-1.8000e+02 9.0000e+01 8.8296e-01
-1.8000e+02 1.0000e+02 1.4778e+00
-1.8000e+02 1.1000e+02 -9.3086e-01
-1.8000e+02 1.2000e+02 -8.9794e-01
-1.8000e+02 1.3000e+02 -3.8239e-01
-1.8000e+02 1.4000e+02 -3.6113e-01
-1.8000e+02 1.5000e+02 -3.6595e-01
-1.8000e+02 1.6000e+02 1.7244e-01
-1.8000e+02 1.7000e+02 2.2241e+00
-1.8000e+02 1.8000e+02 -1.0472e+00
-1.8000e+02 1.9000e+02 1.5667e+00
-1.8000e+02 2.0000e+02 2.2023e-01
-1.7000e+02 -2.0000e+02 -1.5381e+00
-1.7000e+02 -1.9000e+02 -5.5978e-01
-1.7000e+02 -1.8000e+02 4.7129e-01
-1.7000e+02 -1.7000e+02 2.4103e-01
-1.7000e+02 -1.6000e+02 -3.4669e-01
-1.7000e+02 -1.5000e+02 -1.0480e+00
-1.7000e+02 -1.4000e+02 -1.8767e+00
-1.7000e+02 -1.3000e+02 -2.9428e+00
-1.7000e+02 -1.2000e+02 3.5953e-01
-1.7000e+02 -1.1000e+02 -1.5683e+00
-1.7000e+02 -1.0000e+02 1.7318e+00
-1.7000e+02 -9.0000e+01 1.1625e+00
-1.7000e+02 -8.0000e+01 5.6499e-01
-1.7000e+02 -7.0000e+01 1.5991e+00
-1.7000e+02 -6.0000e+01 -8.3670e-01
-1.7000e+02 -5.0000e+01 1.4034e+00
-1.7000e+02 -4.0000e+01 -1.4610e+00
-1.7000e+02 -3.0000e+01 5.4150e-01
-1.7000e+02 -2.0000e+01 -1.1932e-02
-1.7000e+02 -1.0000e+01 -9.9000e-01
-1.7000e+02 0.0000e+00 1.7997e+00
-1.7000e+02 1.0000e+01 -1.1116e+00
-1.7000e+02 2.0000e+01 2.3602e+00
-1.7000e+02 3.0000e+01 -1.1124e+00
-1.7000e+02 4.0000e+01 2.2547e+00
-1.7000e+02 5.0000e+01 -1.0044e+00
-1.7000e+02 6.0000e+01 -1.1208e+00
-1.7000e+02 7.0000e+01 -4.8415e+00
-1.7000e+02 8.0000e+01 2.5744e-02
-1.7000e+02 9.0000e+01 9.7455e-01
-1.7000e+02 1.0000e+02 5.7000e-01
-1.7000e+02 1.1000e+02 5.9469e-01
-1.7000e+02 1.2000e+02 -1.2154e+00
-1.7000e+02 1.3000e+02 -3.5377e-01
-1.7000e+02 1.4000e+02 -7.5929e-01
-1.7000e+02 1.5000e+02 1.8649e+00
-1.7000e+02 1.6000e+02 -7.4717e-01
-1.7000e+02 1.7000e+02 -1.4194e+00
-1.7000e+02 1.8000e+02 -1.2086e+00
-1.7000e+02 1.9000e+02 3.7257e-01
-1.7000e+02 2.0000e+02 1.3684e-01
-1.6000e+02 -2.0000e+02 -2.6160e-01
-1.6000e+02 -1.9000e+02 1.8653e+00
-1.6000e+02 -1.8000e+02 -1.3238e+00
-1.6000e+02 -1.7000e+02 1.2443e+00
-1.6000e+02 -1.6000e+02 -4.1548e-01
-1.6000e+02 -1.5000e+02 1.5522e-01
-1.6000e+02 -1.4000e+02 8.7617e-01
-1.6000e+02 -1.3000e+02 -1.9791e+00
-1.6000e+02 -1.2000e+02 2.8747e-01
-1.6000e+02 -1.1000e+02 -1.2523e+00
-1.6000e+02 -1.0000e+02 3.3621e-02
-1.6000e+02 -9.0000e+01 -2.3414e+00
-1.6000e+02 -8.0000e+01 -2.0783e+00
-1.6000e+02 -7.0000e+01 -2.3820e+00
-1.6000e+02 -6.0000e+01 5.1796e-01
-1.6000e+02 -5.0000e+01 2.6851e-01
-1.6000e+02 -4.0000e+01 1.8106e+00
-1.6000e+02 -3.0000e+01 -2.3452e+00
-1.6000e+02 -2.0000e+01 -9.5083e-01
-1.6000e+02 -1.0000e+01 2.1357e+00
-1.6000e+02 0.0000e+00 -2.5978e+00
-1.6000e+02 1.0000e+01 -1.4033e+00
-1.6000e+02 2.0000e+01 -1.1212e+00
-1.6000e+02 3.0000e+01 -3.1470e+00
-1.6000e+02 4.0000e+01 2.3964e+00
-1.6000e+02 5.0000e+01 -9.7042e-01
-1.6000e+02 6.0000e+01 1.9748e+00
-1.6000e+02 7.0000e+01 9.9894e-01
-1.6000e+02 8.0000e+01 -3.4930e-01
-1.6000e+02 9.0000e+01 -1.3064e+00
-1.6000e+02 1.0000e+02 1.4767e-01
-1.6000e+02 1.1000e+02 -2.2726e+00
-1.6000e+02 1.2000e+02 1.0717e+00
-1.6000e+02 1.3000e+02 8.1536e-02
-1.6000e+02 1.4000e+02 5.4059e-01
-1.6000e+02 1.5000e+02 7.4430e-01
-1.6000e+02 1.6000e+02 1.2744e+00
-1.6000e+02 1.7000e+02 6.2495e-03
-1.6000e+02 1.8000e+02 -2.6308e-01
-1.6000e+02 1.9000e+02 1.3025e+00
-1.6000e+02 2.0000e+02 -8.9208e-01
-1.5000e+02 -2.0000e+02 3.1180e+00
-1.5000e+02 -1.9000e+02 -1.4304e+00
-1.5000e+02 -1.8000e+02 4.6941e-01
-1.5000e+02 -1.7000e+02 3.6816e+00
-1.5000e+02 -1.6000e+02 7.6833e-01
-1.5000e+02 -1.5000e+02 -4.3107e-01
-1.5000e+02 -1.4000e+02 8.7523e-01
-1.5000e+02 -1.3000e+02 -2.2274e-01
-1.5000e+02 -1.2000e+02 -1.4935e-02
-1.5000e+02 -1.1000e+02 -1.2954e+00
-1.5000e+02 -1.0000e+02 1.4243e+00
-1.5000e+02 -9.0000e+01 -9.7990e-01
-1.5000e+02 -8.0000e+01 -8.3001e-01
-1.5000e+02 -7.0000e+01 -1.1907e-01
-1.5000e+02 -6.0000e+01 1.1238e+00
-1.5000e+02 -5.0000e+01 5.9593e-01
-1.5000e+02 -4.0000e+01 -6.3302e-01
-1.5000e+02 -3.0000e+01 -1.3106e+00
-1.5000e+02 -2.0000e+01 2.4381e-01
-1.5000e+02 -1.0000e+01 -2.3749e+00
-1.5000e+02 0.0000e+00 1.7518e+00
-1.5000e+02 1.0000e+01 -3.0400e+00
-1.5000e+02 2.0000e+01 2.2750e+00
-1.5000e+02 3.0000e+01 1.1362e+00
-1.5000e+02 4.0000e+01 -6.1750e-01
-1.5000e+02 5.0000e+01 5.3347e-01
-1.5000e+02 6.0000e+01 -2.1973e+00
-1.5000e+02 7.0000e+01 1.6900e+00
-1.5000e+02 8.0000e+01 -2.0066e+00
-1.5000e+02 9.0000e+01 -8.6178e-01
-1.5000e+02 1.0000e+02 -1.4266e-01
-1.5000e+02 1.1000e+02 -1.1252e+00
-1.5000e+02 1.2000e+02 -1.8029e+00
-1.5000e+02 1.3000e+02 -9.9991e-01
-1.5000e+02 1.4000e+02 -1.6404e+00
-1.5000e+02 1.5000e+02 -6.3927e-02
-1.5000e+02 1.6000e+02 -2.7456e+00
-1.5000e+02 1.7000e+02 1.1993e+00
-1.5000e+02 1.8000e+02 2.1530e+00
-1.5000e+02 1.9000e+02 3.0046e-01
-1.5000e+02 2.0000e+02 6.5556e-01
-1.4000e+02 -2.0000e+02 -2.1312e+00
-1.4000e+02 -1.9000e+02 3.4237e-01
-1.4000e+02 -1.8000e+02 -5.6115e-01
-1.4000e+02 -1.7000e+02 -3.8176e-01
-1.4000e+02 -1.6000e+02 -1.3907e+00
-1.4000e+02 -1.5000e+02 1.5788e+00
-1.4000e+02 -1.4000e+02 -1.3622e+00
-1.4000e+02 -1.3000e+02 -1.5106e+00
-1.4000e+02 -1.2000e+02 1.5001e+00
-1.4000e+02 -1.1000e+02 -1.8476e-01
-1.4000e+02 -1.0000e+02 8.4914e-01
-1.4000e+02 -9.0000e+01 -9.7977e-01
-1.4000e+02 -8.0000e+01 7.7070e-01
-1.4000e+02 -7.0000e+01 -1.5230e+00
-1.4000e+02 -6.0000e+01 6.6859e-01
-1.4000e+02 -5.0000e+01 -8.3265e-02
-1.4000e+02 -4.0000e+01 4.8935e-02
-1.4000e+02 -3.0000e+01 -1.0057e+00
-1.4000e+02 -2.0000e+01 -1.0968e+00
-1.4000e+02 -1.0000e+01 -1.6135e+00
-1.4000e+02 0.0000e+00 -1.5538e-01
-1.4000e+02 1.0000e+01 -8.0291e-01
-1.4000e+02 2.0000e+01 -1.6046e+00
-1.4000e+02 3.0000e+01 -1.2945e+00
-1.4000e+02 4.0000e+01 -1.6815e-04
-1.4000e+02 5.0000e+01 -2.3117e+00
-1.4000e+02 6.0000e+01 -1.7663e+00
-1.4000e+02 7.0000e+01 1.5620e+00
-1.4000e+02 8.0000e+01 7.8000e-01
-1.4000e+02 9.0000e+01 -2.0518e+00
-1.4000e+02 1.0000e+02 3.0069e-01
-1.4000e+02 1.1000e+02 -5.3797e-01
-1.4000e+02 1.2000e+02 5.2689e-01
-1.4000e+02 1.3000e+02 1.0097e+00
-1.4000e+02 1.4000e+02 -2.8936e+00
-1.4000e+02 1.5000e+02 -2.2575e+00
-1.4000e+02 1.6000e+02 1.1245e+00
-1.4000e+02 1.7000e+02 -4.9312e-01
-1.4000e+02 1.8000e+02 -1.1229e+00
-1.4000e+02 1.9000e+02 -2.6992e+00
-1.4000e+02 2.0000e+02 -1.7880e+00
-1.3000e+02 -2.0000e+02 -8.3795e-01
-1.3000e+02 -1.9000e+02 5.5803e-01
-1.3000e+02 -1.8000e+02 1.8178e+00
-1.3000e+02 -1.7000e+02 1.3000e+00
-1.3000e+02 -1.6000e+02 3.5884e+00
-1.3000e+02 -1.5000e+02 8.5232e-01
-1.3000e+02 -1.4000e+02 2.1642e+00
-1.3000e+02 -1.3000e+02 -1.6009e+00
-1.3000e+02 -1.2000e+02 6.0262e-01
-1.3000e+02 -1.1000e+02 -2.8385e-02
-1.3000e+02 -1.0000e+02 8.0609e-01
-1.3000e+02 -9.0000e+01 3.6161e-01
-1.3000e+02 -8.0000e+01 -1.4219e+00
-1.3000e+02 -7.0000e+01 -1.3190e+00
-1.3000e+02 -6.0000e+01 -1.6562e-01
-1.3000e+02 -5.0000e+01 2.6542e+00
-1.3000e+02 -4.0000e+01 -3.6518e-01
-1.3000e+02 -3.0000e+01 1.3369e+00
-1.3000e+02 -2.0000e+01 -4.1194e-01
-1.3000e+02 -1.0000e+01 7.5524e-01
-1.3000e+02 0.0000e+00 -1.0761e+00
-1.3000e+02 1.0000e+01 -5.2541e-01
-1.3000e+02 2.0000e+01 -5.7147e-01
-1.3000e+02 3.0000e+01 -1.7192e+00
-1.3000e+02 4.0000e+01 -1.9779e+00
-1.3000e+02 5.0000e+01 2.1452e-02
-1.3000e+02 6.0000e+01 -5.7316e-02
-1.3000e+02 7.0000e+01 -9.3184e-01
-1.3000e+02 8.0000e+01 2.7059e-02
-1.3000e+02 9.0000e+01 -1.1590e+00
-1.3000e+02 1.0000e+02 1.5624e+00
-1.3000e+02 1.1000e+02 1.5725e-01
-1.3000e+02 1.2000e+02 -2.3805e-01
-1.3000e+02 1.3000e+02 2.2220e+00
-1.3000e+02 1.4000e+02 1.2551e+00
-1.3000e+02 1.5000e+02 -2.4859e+00
-1.3000e+02 1.6000e+02 -4.0282e+00
-1.3000e+02 1.7000e+02 -3.1999e-01
-1.3000e+02 1.8000e+02 -1.8466e+00
-1.3000e+02 1.9000e+02 1.0547e+00
-1.3000e+02 2.0000e+02 -1.7005e+00
-1.2000e+02 -2.0000e+02 8.3761e-01
-1.2000e+02 -1.9000e+02 -4.2021e-02
-1.2000e+02 -1.8000e+02 -1.2823e+00
-1.2000e+02 -1.7000e+02 3.7396e+00
-1.2000e+02 -1.6000e+02 8.3603e-01
-1.2000e+02 -1.5000e+02 8.0574e-01
-1.2000e+02 -1.4000e+02 -2.8108e+00
-1.2000e+02 -1.3000e+02 -1.3485e+00
-1.2000e+02 -1.2000e+02 1.1061e+00
-1.2000e+02 -1.1000e+02 8.4675e-01
-1.2000e+02 -1.0000e+02 2.7727e+00
-1.2000e+02 -9.0000e+01 1.3066e+00
-1.2000e+02 -8.0000e+01 -3.0661e+00
-1.2000e+02 -7.0000e+01 1.8937e+00
-1.2000e+02 -6.0000e+01 -3.2435e+00
-1.2000e+02 -5.0000e+01 -6.0575e-01
-1.2000e+02 -4.0000e+01 -1.6436e+00
-1.2000e+02 -3.0000e+01 -3.2418e+00
-1.2000e+02 -2.0000e+01 1.2635e-01
-1.2000e+02 -1.0000e+01 -1.1462e+00
-1.2000e+02 0.0000e+00 -1.5271e+00
-1.2000e+02 1.0000e+01 -5.4145e-01
-1.2000e+02 2.0000e+01 -1.7994e+00
-1.2000e+02 3.0000e+01 -1.8588e+00
-1.2000e+02 4.0000e+01 6.6063e-01
-1.2000e+02 5.0000e+01 -5.3411e-01
-1.2000e+02 6.0000e+01 1.5977e+00
-1.2000e+02 7.0000e+01 -6.2536e-01
-1.2000e+02 8.0000e+01 -7.4347e-01
-1.2000e+02 9.0000e+01 -3.4298e+00
-1.2000e+02 1.0000e+02 -6.6840e-02
-1.2000e+02 1.1000e+02 -4.6622e-02
-1.2000e+02 1.2000e+02 -1.9204e-01
-1.2000e+02 1.3000e+02 -1.7423e-01
-1.2000e+02 1.4000e+02 -1.2459e+00
-1.2000e+02 1.5000e+02 -2.2108e+00
-1.2000e+02 1.6000e+02 1.4097e+00
-1.2000e+02 1.7000e+02 1.7994e+00
-1.2000e+02 1.8000e+02 -2.1120e+00
-1.2000e+02 1.9000e+02 -1.6163e+00
-1.2000e+02 2.0000e+02 1.5907e+00
-1.1000e+02 -2.0000e+02 2.4498e+00
-1.1000e+02 -1.9000e+02 1.8745e+00
-1.1000e+02 -1.8000e+02 1.8013e-01
-1.1000e+02 -1.7000e+02 -2.2392e-01
-1.1000e+02 -1.6000e+02 5.9010e-01
-1.1000e+02 -1.5000e+02 5.7309e-01
-1.1000e+02 -1.4000e+02 6.8355e-01
-1.1000e+02 -1.3000e+02 -9.7621e-01
-1.1000e+02 -1.2000e+02 7.0349e-01
-1.1000e+02 -1.1000e+02 -5.9241e-01
-1.1000e+02 -1.0000e+02 1.1632e-01
-1.1000e+02 -9.0000e+01 1.3040e+00
-1.1000e+02 -8.0000e+01 -1.2993e+00
-1.1000e+02 -7.0000e+01 -1.1412e+00
-1.1000e+02 -6.0000e+01 -2.8110e+00
-1.1000e+02 -5.0000e+01 -3.5153e+00
-1.1000e+02 -4.0000e+01 -2.7193e-01
-1.1000e+02 -3.0000e+01 -4.2684e-01
-1.1000e+02 -2.0000e+01 -1.0886e+00
-1.1000e+02 -1.0000e+01 -2.3866e+00
-1.1000e+02 0.0000e+00 -2.1934e+00
-1.1000e+02 1.0000e+01 -8.9235e-01
-1.1000e+02 2.0000e+01 -1.3923e+00
-1.1000e+02 3.0000e+01 -2.6690e+00
-1.1000e+02 4.0000e+01 -3.8376e+00
-1.1000e+02 5.0000e+01 1.2745e+00
-1.1000e+02 6.0000e+01 -4.5010e-01
-1.1000e+02 7.0000e+01 -8.4139e-01
-1.1000e+02 8.0000e+01 -3.5276e+00
-1.1000e+02 9.0000e+01 2.2132e+00
-1.1000e+02 1.0000e+02 -5.4860e-01
-1.1000e+02 1.1000e+02 2.9263e-01
-1.1000e+02 1.2000e+02 -9.8604e-01
-1.1000e+02 1.3000e+02 -2.2788e-02
-1.1000e+02 1.4000e+02 -1.4206e+00
-1.1000e+02 1.5000e+02 -2.3389e+00
-1.1000e+02 1.6000e+02 -3.1104e+00
-1.1000e+02 1.7000e+02 -1.8411e-01
-1.1000e+02 1.8000e+02 -9.3972e-01
-1.1000e+02 1.9000e+02 1.7193e+00
-1.1000e+02 2.0000e+02 1.4764e+00
-1.0000e+02 -2.0000e+02 -3.0641e+00
-1.0000e+02 -1.9000e+02 -1.2645e-01
-1.0000e+02 -1.8000e+02 -7.6790e-01
-1.0000e+02 -1.7000e+02 1.3276e+00
-1.0000e+02 -1.6000e+02 -3.4074e-01
-1.0000e+02 -1.5000e+02 -2.5459e-01
-1.0000e+02 -1.4000e+02 1.4867e+00
-1.0000e+02 -1.3000e+02 -8.4580e-01
-1.0000e+02 -1.2000e+02 1.9515e+00
-1.0000e+02 -1.1000e+02 -1.9273e+00
-1.0000e+02 -1.0000e+02 -1.8755e+00
-1.0000e+02 -9.0000e+01 -2.3810e+00
-1.0000e+02 -8.0000e+01 -1.0888e+00
-1.0000e+02 -7.0000e+01 -2.6139e+00
-1.0000e+02 -6.0000e+01 -1.0659e+00
-1.0000e+02 -5.0000e+01 -2.9362e+00
-1.0000e+02 -4.0000e+01 -2.6387e+00
-1.0000e+02 -3.0000e+01 -4.5690e+00
-1.0000e+02 -2.0000e+01 -2.2011e+00
-1.0000e+02 -1.0000e+01 -1.1843e+00
-1.0000e+02 0.0000e+00 -1.2568e+00
-1.0000e+02 1.0000e+01 -1.2497e+00
-1.0000e+02 2.0000e+01 -3.0039e+00
-1.0000e+02 3.0000e+01 -6.8455e-01
-1.0000e+02 4.0000e+01 -5.5438e+00
-1.0000e+02 5.0000e+01 -6.3790e-01
-1.0000e+02 6.0000e+01 -3.5457e+00
-1.0000e+02 7.0000e+01 7.0250e-01
-1.0000e+02 8.0000e+01 -3.5149e+00
-1.0000e+02 9.0000e+01 -2.2052e+00
-1.0000e+02 1.0000e+02 -4.6722e+00
-1.0000e+02 1.1000e+02 -2.5264e-01
-1.0000e+02 1.2000e+02 -1.5483e+00
-1.0000e+02 1.3000e+02 -6.0286e-02
-1.0000e+02 1.4000e+02 1.3166e+00
-1.0000e+02 1.5000e+02 1.2746e+00
-1.0000e+02 1.6000e+02 -1.4118e+00
-1.0000e+02 1.7000e+02 5.2850e-01
-1.0000e+02 1.8000e+02 9.1454e-02
-1.0000e+02 1.9000e+02 1.6080e+00
-1.0000e+02 2.0000e+02 -1.8099e-01
-9.0000e+01 -2.0000e+02 -2.7989e+00
-9.0000e+01 -1.9000e+02 -3.2969e-01
-9.0000e+01 -1.8000e+02 1.0368e-02
-9.0000e+01 -1.7000e+02 -3.6693e-01
-9.0000e+01 -1.6000e+02 -1.5046e+00
-9.0000e+01 -1.5000e+02 -1.7767e-01
-9.0000e+01 -1.4000e+02 -5.3906e-01
-9.0000e+01 -1.3000e+02 4.6807e-01
-9.0000e+01 -1.2000e+02 2.9664e-01
-9.0000e+01 -1.1000e+02 5.4658e-02
-9.0000e+01 -1.0000e+02 -3.0816e+00
-9.0000e+01 -9.0000e+01 -4.2164e+00
-9.0000e+01 -8.0000e+01 -1.1857e+00
-9.0000e+01 -7.0000e+01 -3.0224e+00
-9.0000e+01 -6.0000e+01 -2.9838e+00
-9.0000e+01 -5.0000e+01 -4.2133e+00
-9.0000e+01 -4.0000e+01 -5.3537e+00
-9.0000e+01 -3.0000e+01 -8.0569e-01
-9.0000e+01 -2.0000e+01 -5.2203e+00
-9.0000e+01 -1.0000e+01 -2.0483e+00
-9.0000e+01 0.0000e+00 -3.5253e+00
-9.0000e+01 1.0000e+01 -4.8066e+00
-9.0000e+01 2.0000e+01 -5.7642e+00
-9.0000e+01 3.0000e+01 -5.7384e+00
-9.0000e+01 4.0000e+01 -4.2404e+00
-9.0000e+01 5.0000e+01 -3.3438e+00
-9.0000e+01 6.0000e+01 -2.3984e+00
-9.0000e+01 7.0000e+01 -3.9429e+00
-9.0000e+01 8.0000e+01 -1.1571e+00
-9.0000e+01 9.0000e+01 -2.1159e+00
-9.0000e+01 1.0000e+02 -2.5149e+00
-9.0000e+01 1.1000e+02 -1.9131e+00
-9.0000e+01 1.2000e+02 -1.0005e+00
-9.0000e+01 1.3000e+02 -1.3910e+00
-9.0000e+01 1.4000e+02 -2.2670e-01
-9.0000e+01 1.5000e+02 1.2467e+00
-9.0000e+01 1.6000e+02 -2.9041e+00
-9.0000e+01 1.7000e+02 9.1948e-01
-9.0000e+01 1.8000e+02 9.0847e-01
-9.0000e+01 1.9000e+02 -1.2631e+00
-9.0000e+01 2.0000e+02 1.9884e-01
-8.0000e+01 -2.0000e+02 -5.8954e-01
-8.0000e+01 -1.9000e+02 -1.7234e+00
-8.0000e+01 -1.8000e+02 1.7385e+00
-8.0000e+01 -1.7000e+02 -1.7329e+00
-8.0000e+01 -1.6000e+02 -6.4756e-01
-8.0000e+01 -1.5000e+02 -2.5622e-01
-8.0000e+01 -1.4000e+02 1.5296e+00
-8.0000e+01 -1.3000e+02 -1.3349e+00
-8.0000e+01 -1.2000e+02 2.0670e-01
-8.0000e+01 -1.1000e+02 -2.9355e+00
-8.0000e+01 -1.0000e+02 -2.5075e+00
-8.0000e+01 -9.0000e+01 1.2615e+00
-8.0000e+01 -8.0000e+01 -2.1122e+00
-8.0000e+01 -7.0000e+01 -3.6566e+00
-8.0000e+01 -6.0000e+01 -1.2273e+00
-8.0000e+01 -5.0000e+01 -3.3579e+00
-8.0000e+01 -4.0000e+01 -3.1151e+00
-8.0000e+01 -3.0000e+01 -4.2923e+00
-8.0000e+01 -2.0000e+01 -4.0326e+00
-8.0000e+01 -1.0000e+01 -7.3606e+00
-8.0000e+01 0.0000e+00 -5.5067e+00
-8.0000e+01 1.0000e+01 -3.3569e+00
-8.0000e+01 2.0000e+01 -4.9441e+00
-8.0000e+01 3.0000e+01 -5.6250e+00
-8.0000e+01 4.0000e+01 -3.0292e+00
-8.0000e+01 5.0000e+01 -3.3238e+00
-8.0000e+01 6.0000e+01 -4.1497e+00
-8.0000e+01 7.0000e+01 -3.8642e+00
-8.0000e+01 8.0000e+01 -2.1247e+00
-8.0000e+01 9.0000e+01 -1.4040e-01
-8.0000e+01 1.0000e+02 -1.6443e+00
-8.0000e+01 1.1000e+02 3.3749e-01
-8.0000e+01 1.2000e+02 -1.8447e+00
-8.0000e+01 1.3000e+02 -1.6719e+00
-8.0000e+01 1.4000e+02 2.2880e-01
-8.0000e+01 1.5000e+02 -2.4195e+00
-8.0000e+01 1.6000e+02 1.4727e+00
-8.0000e+01 1.7000e+02 -3.8849e-01
-8.0000e+01 1.8000e+02 -1.8914e-01
-8.0000e+01 1.9000e+02 -3.9473e+00
-8.0000e+01 2.0000e+02 -6.2147e-01
-7.0000e+01 -2.0000e+02 -1.2966e+00
-7.0000e+01 -1.9000e+02 -1.1932e+00
-7.0000e+01 -1.8000e+02 -3.3815e-01
-7.0000e+01 -1.7000e+02 -4.2447e-01
-7.0000e+01 -1.6000e+02 -2.2398e-01
-7.0000e+01 -1.5000e+02 -2.9715e-01
-7.0000e+01 -1.4000e+02 -4.2282e-01
-7.0000e+01 -1.3000e+02 2.2698e+00
-7.0000e+01 -1.2000e+02 -7.0989e-01
-7.0000e+01 -1.1000e+02 5.4107e-02
-7.0000e+01 -1.0000e+02 -2.8047e+00
-7.0000e+01 -9.0000e+01 -2.7795e+00
-7.0000e+01 -8.0000e+01 -4.9671e+00
-7.0000e+01 -7.0000e+01 -4.2267e+00
-7.0000e+01 -6.0000e+01 -2.2136e+00
-7.0000e+01 -5.0000e+01 -5.2299e+00
-7.0000e+01 -4.0000e+01 -6.5873e+00
-7.0000e+01 -3.0000e+01 -6.3633e+00
-7.0000e+01 -2.0000e+01 -7.9025e+00
-7.0000e+01 -1.0000e+01 -7.7141e+00
-7.0000e+01 0.0000e+00 -8.4876e+00
-7.0000e+01 1.0000e+01 -8.2507e+00
-7.0000e+01 2.0000e+01 -6.0426e+00
-7.0000e+01 3.0000e+01 -6.0282e+00
-7.0000e+01 4.0000e+01 -7.5503e+00
-7.0000e+01 5.0000e+01 -3.2343e+00
-7.0000e+01 6.0000e+01 -4.5117e+00
-7.0000e+01 7.0000e+01 -5.3450e+00
-7.0000e+01 8.0000e+01 -2.7393e+00
-7.0000e+01 9.0000e+01 -1.7640e+00
-7.0000e+01 1.0000e+02 -2.6434e+00
-7.0000e+01 1.1000e+02 -1.4628e+00
-7.0000e+01 1.2000e+02 1.7495e+00
-7.0000e+01 1.3000e+02 -4.0196e+00
-7.0000e+01 1.4000e+02 6.3554e-01
-7.0000e+01 1.5000e+02 -2.1237e-02
-7.0000e+01 1.6000e+02 -1.9260e+00
-7.0000e+01 1.7000e+02 -2.5811e-01
-7.0000e+01 1.8000e+02 3.8378e-01
-7.0000e+01 1.9000e+02 -1.8760e+00
-7.0000e+01 2.0000e+02 -1.6741e-01
-6.0000e+01 -2.0000e+02 -1.9654e+00
-6.0000e+01 -1.9000e+02 -2.2609e+00
-6.0000e+01 -1.8000e+02 1.2373e+00
-6.0000e+01 -1.7000e+02 -2.4468e+00
-6.0000e+01 -1.6000e+02 2.7204e+00
-6.0000e+01 -1.5000e+02 3.1873e-01
-6.0000e+01 -1.4000e+02 1.3442e+00
-6.0000e+01 -1.3000e+02 9.1239e-01
-6.0000e+01 -1.2000e+02 -2.6000e-01
-6.0000e+01 -1.1000e+02 1.0154e+00
-6.0000e+01 -1.0000e+02 -1.3081e+00
-6.0000e+01 -9.0000e+01 -3.3449e+00
-6.0000e+01 -8.0000e+01 -4.9879e+00
-6.0000e+01 -7.0000e+01 -5.0242e+00
-6.0000e+01 -6.0000e+01 -6.6533e+00
-6.0000e+01 -5.0000e+01 -4.2075e+00
-6.0000e+01 -4.0000e+01 -6.8389e+00
-6.0000e+01 -3.0000e+01 -7.5277e+00
-6.0000e+01 -2.0000e+01 -9.6728e+00
-6.0000e+01 -1.0000e+01 -7.8108e+00
-6.0000e+01 0.0000e+00 -8.0039e+00
-6.0000e+01 1.0000e+01 -9.6087e+00
-6.0000e+01 2.0000e+01 -6.5958e+00
-6.0000e+01 3.0000e+01 -8.1194e+00
-6.0000e+01 4.0000e+01 -8.2926e+00
-6.0000e+01 5.0000e+01 -6.5417e+00
-6.0000e+01 6.0000e+01 -4.1042e+00
-6.0000e+01 7.0000e+01 -2.9553e+00
-6.0000e+01 8.0000e+01 -4.0986e+00
-6.0000e+01 9.0000e+01 -3.3224e+00
-6.0000e+01 1.0000e+02 -2.8396e+00
-6.0000e+01 1.1000e+02 -3.6150e+00
-6.0000e+01 1.2000e+02 -3.6164e+00
-6.0000e+01 1.3000e+02 7.9699e-01
-6.0000e+01 1.4000e+02 -2.4280e-03
-6.0000e+01 1.5000e+02 -1.0366e+00
-6.0000e+01 1.6000e+02 -1.3185e+00
-6.0000e+01 1.7000e+02 1.4271e+00
-6.0000e+01 1.8000e+02 2.4274e+00
-6.0000e+01 1.9000e+02 -4.5922e-01
-6.0000e+01 2.0000e+02 4.9723e-01
-5.0000e+01 -2.0000e+02 -2.1102e+00
-5.0000e+01 -1.9000e+02 1.2509e+00
-5.0000e+01 -1.8000e+02 -5.3428e-01
-5.0000e+01 -1.7000e+02 1.2456e+00
-5.0000e+01 -1.6000e+02 -7.7753e-01
-5.0000e+01 -1.5000e+02 6.2562e-01
-5.0000e+01 -1.4000e+02 1.7999e+00
-5.0000e+01 -1.3000e+02 -2.9815e+00
-5.0000e+01 -1.2000e+02 -8.4326e-02
-5.0000e+01 -1.1000e+02 -1.7056e+00
-5.0000e+01 -1.0000e+02 -3.7420e+00
-5.0000e+01 -9.0000e+01 -2.3771e+00
-5.0000e+01 -8.0000e+01 -4.2762e+00
-5.0000e+01 -7.0000e+01 -4.2653e+00
-5.0000e+01 -6.0000e+01 -2.8200e+00
-5.0000e+01 -5.0000e+01 -9.5014e+00
-5.0000e+01 -4.0000e+01 -6.3333e+00
-5.0000e+01 -3.0000e+01 -7.5129e+00
-5.0000e+01 -2.0000e+01 -1.1040e+01
-5.0000e+01 -1.0000e+01 -7.8289e+00
-5.0000e+01 0.0000e+00 -8.6085e+00
-5.0000e+01 1.0000e+01 -1.3693e+01
-5.0000e+01 2.0000e+01 -9.4208e+00
-5.0000e+01 3.0000e+01 -8.7659e+00
-5.0000e+01 4.0000e+01 -6.5645e+00
-5.0000e+01 5.0000e+01 -7.9544e+00
-5.0000e+01 6.0000e+01 -7.2760e+00
-5.0000e+01 7.0000e+01 -4.9027e+00
-5.0000e+01 8.0000e+01 -2.7214e+00
-5.0000e+01 9.0000e+01 -4.9617e+00
-5.0000e+01 1.0000e+02 -6.2206e-01
-5.0000e+01 1.1000e+02 -3.5439e+00
-5.0000e+01 1.2000e+02 -1.5575e+00
-5.0000e+01 1.3000e+02 -4.8238e-02
-5.0000e+01 1.4000e+02 4.8400e-01
-5.0000e+01 1.5000e+02 -1.7950e+00
-5.0000e+01 1.6000e+02 -1.4189e+00
-5.0000e+01 1.7000e+02 -1.4034e+00
-5.0000e+01 1.8000e+02 6.3486e-01
-5.0000e+01 1.9000e+02 9.9089e-02
-5.0000e+01 2.0000e+02 6.6982e-01
-4.0000e+01 -2.0000e+02 -1.3397e+00
-4.0000e+01 -1.9000e+02 1.7644e+00
-4.0000e+01 -1.8000e+02 -1.8293e+00
-4.0000e+01 -1.7000e+02 -8.8199e-01
-4.0000e+01 -1.6000e+02 1.9546e+00
-4.0000e+01 -1.5000e+02 2.0314e-02
-4.0000e+01 -1.4000e+02 -5.5794e-01
-4.0000e+01 -1.3000e+02 -9.3960e-01
-4.0000e+01 -1.2000e+02 -2.9065e+00
-4.0000e+01 -1.1000e+02 -1.5007e+00
-4.0000e+01 -1.0000e+02 -3.1325e+00
-4.0000e+01 -9.0000e+01 -3.1670e+00
-4.0000e+01 -8.0000e+01 -4.3536e+00
-4.0000e+01 -7.0000e+01 -3.9600e+00
-4.0000e+01 -6.0000e+01 -6.6119e+00
-4.0000e+01 -5.0000e+01 -7.6305e+00
-4.0000e+01 -4.0000e+01 -7.9809e+00
-4.0000e+01 -3.0000e+01 -9.2996e+00
-4.0000e+01 -2.0000e+01 -1.0771e+01
-4.0000e+01 -1.0000e+01 -1.0770e+01
-4.0000e+01 0.0000e+00 -1.1642e+01
-4.0000e+01 1.0000e+01 -1.4307e+01
-4.0000e+01 2.0000e+01 -8.9057e+00
-4.0000e+01 3.0000e+01 -7.7021e+00
-4.0000e+01 4.0000e+01 -6.6105e+00
-4.0000e+01 5.0000e+01 -1.0196e+01
-4.0000e+01 6.0000e+01 -6.1749e+00
-4.0000e+01 7.0000e+01 -6.6443e+00
-4.0000e+01 8.0000e+01 -5.9356e+00
-4.0000e+01 9.0000e+01 -1.0494e+00
-4.0000e+01 1.0000e+02 -3.8811e+00
-4.0000e+01 1.1000e+02 -6.0410e+00
-4.0000e+01 1.2000e+02 -5.3052e-01
-4.0000e+01 1.3000e+02 8.7524e-02
-4.0000e+01 1.4000e+02 -9.6071e-01
-4.0000e+01 1.5000e+02 2.0467e-02
-4.0000e+01 1.6000e+02 -6.0973e-01
-4.0000e+01 1.7000e+02 4.1226e-01
-4.0000e+01 1.8000e+02 -1.0891e-02
-4.0000e+01 1.9000e+02 -2.4608e+00
-4.0000e+01 2.0000e+02 -1.2007e+00
-3.0000e+01 -2.0000e+02 -1.2302e+00
-3.0000e+01 -1.9000e+02 1.2258e+00
-3.0000e+01 -1.8000e+02 2.8094e+00
-3.0000e+01 -1.7000e+02 -1.0688e+00
-3.0000e+01 -1.6000e+02 -2.6312e-01
-3.0000e+01 -1.5000e+02 -3.7167e+00
-3.0000e+01 -1.4000e+02 3.2825e+00
-3.0000e+01 -1.3000e+02 4.6670e-01
-3.0000e+01 -1.2000e+02 -2.7171e+00
-3.0000e+01 -1.1000e+02 3.5659e-02
-3.0000e+01 -1.0000e+02 -3.6434e+00
-3.0000e+01 -9.0000e+01 -3.9341e+00
-3.0000e+01 -8.0000e+01 -5.9956e+00
-3.0000e+01 -7.0000e+01 -5.3479e+00
-3.0000e+01 -6.0000e+01 -9.4331e+00
-3.0000e+01 -5.0000e+01 -8.5277e+00
-3.0000e+01 -4.0000e+01 -8.9576e+00
-3.0000e+01 -3.0000e+01 -1.0100e+01
-3.0000e+01 -2.0000e+01 -1.3977e+01
-3.0000e+01 -1.0000e+01 -9.8232e+00
-3.0000e+01 0.0000e+00 -1.3239e+01
-3.0000e+01 1.0000e+01 -1.3566e+01
-3.0000e+01 2.0000e+01 -1.3715e+01
-3.0000e+01 3.0000e+01 -1.0323e+01
-3.0000e+01 4.0000e+01 -1.3722e+01
-3.0000e+01 5.0000e+01 -7.9032e+00
-3.0000e+01 6.0000e+01 -9.1882e+00
-3.0000e+01 7.0000e+01 -4.8107e+00
-3.0000e+01 8.0000e+01 -3.9169e+00
-3.0000e+01 9.0000e+01 -6.0461e+00
-3.0000e+01 1.0000e+02 -2.1034e+00
-3.0000e+01 1.1000e+02 -1.9500e+00
-3.0000e+01 1.2000e+02 -1.9405e+00
-3.0000e+01 1.3000e+02 1.2572e+00
-3.0000e+01 1.4000e+02 -3.5191e-01
-3.0000e+01 1.5000e+02 -3.6891e+00
-3.0000e+01 1.6000e+02 -1.8111e+00
-3.0000e+01 1.7000e+02 -6.1800e-01
-3.0000e+01 1.8000e+02 -1.9580e+00
-3.0000e+01 1.9000e+02 1.5721e+00
-3.0000e+01 2.0000e+02 -2.7076e-02
-2.0000e+01 -2.0000e+02 -9.6235e-01
-2.0000e+01 -1.9000e+02 -1.9935e+00
-2.0000e+01 -1.8000e+02 -1.6994e+00
-2.0000e+01 -1.7000e+02 -9.9633e-01
-2.0000e+01 -1.6000e+02 -7.7878e-01
-2.0000e+01 -1.5000e+02 -2.2952e+00
-2.0000e+01 -1.4000e+02 1.7256e+00
-2.0000e+01 -1.3000e+02 -2.0780e+00
-2.0000e+01 -1.2000e+02 -2.7490e+00
-2.0000e+01 -1.1000e+02 -4.4929e+00
-2.0000e+01 -1.0000e+02 -3.3140e+00
-2.0000e+01 -9.0000e+01 -4.8179e+00
-2.0000e+01 -8.0000e+01 -5.9296e+00
-2.0000e+01 -7.0000e+01 -5.8989e+00
-2.0000e+01 -6.0000e+01 -1.1267e+01
-2.0000e+01 -5.0000e+01 -1.0001e+01
-2.0000e+01 -4.0000e+01 -1.1492e+01
-2.0000e+01 -3.0000e+01 -1.2833e+01
-2.0000e+01 -2.0000e+01 -1.3136e+01
-2.0000e+01 -1.0000e+01 -1.3087e+01
-2.0000e+01 0.0000e+00 -1.5273e+01
-2.0000e+01 1.0000e+01 -1.3740e+01
-2.0000e+01 2.0000e+01 -1.3478e+01
-2.0000e+01 3.0000e+01 -1.2536e+01
-2.0000e+01 4.0000e+01 -8.2121e+00
-2.0000e+01 5.0000e+01 -1.2590e+01
-2.0000e+01 6.0000e+01 -9.9769e+00
-2.0000e+01 7.0000e+01 -4.8586e+00
-2.0000e+01 8.0000e+01 -4.3918e+00
-2.0000e+01 9.0000e+01 -4.2132e+00
-2.0000e+01 1.0000e+02 -1.5632e+00
-2.0000e+01 1.1000e+02 -4.5209e+00
-2.0000e+01 1.2000e+02 -3.0028e+00
-2.0000e+01 1.3000e+02 -1.1752e+00
-2.0000e+01 1.4000e+02 -1.4168e+00
-2.0000e+01 1.5000e+02 1.5084e+00
-2.0000e+01 1.6000e+02 2.9055e-01
-2.0000e+01 1.7000e+02 7.3752e-01
-2.0000e+01 1.8000e+02 1.4459e+00
-2.0000e+01 1.9000e+02 2.5733e+00
-2.0000e+01 2.0000e+02 -1.1491e+00
-1.0000e+01 -2.0000e+02 1.6848e-01
-1.0000e+01 -1.9000e+02 -2.9680e-01
-1.0000e+01 -1.8000e+02 1.6000e+00
-1.0000e+01 -1.7000e+02 -4.3741e-01
-1.0000e+01 -1.6000e+02 -2.1846e+00
-1.0000e+01 -1.5000e+02 -2.0776e+00
-1.0000e+01 -1.4000e+02 -2.3662e+00
-1.0000e+01 -1.3000e+02 -2.0963e+00
-1.0000e+01 -1.2000e+02 -6.8490e-02
-1.0000e+01 -1.1000e+02 -5.2447e+00
-1.0000e+01 -1.0000e+02 -2.7240e+00
-1.0000e+01 -9.0000e+01 -4.2038e+00
-1.0000e+01 -8.0000e+01 -5.4068e+00
-1.0000e+01 -7.0000e+01 -8.4995e+00
-1.0000e+01 -6.0000e+01 -8.0906e+00
-1.0000e+01 -5.0000e+01 -9.6599e+00
-1.0000e+01 -4.0000e+01 -1.1878e+01
-1.0000e+01 -3.0000e+01 -1.2337e+01
-1.0000e+01 -2.0000e+01 -1.5399e+01
-1.0000e+01 -1.0000e+01 -1.6019e+01
-1.0000e+01 0.0000e+00 -1.1681e+01
-1.0000e+01 1.0000e+01 -1.6434e+01
-1.0000e+01 2.0000e+01 -1.5777e+01
-1.0000e+01 3.0000e+01 -1.3532e+01
-1.0000e+01 4.0000e+01 -1.2698e+01
-1.0000e+01 5.0000e+01 -9.2214e+00
-1.0000e+01 6.0000e+01 -1.0090e+01
-1.0000e+01 7.0000e+01 -1.1416e+01
-1.0000e+01 8.0000e+01 -6.1538e+00
-1.0000e+01 9.0000e+01 -3.4139e+00
-1.0000e+01 1.0000e+02 -3.6784e+00
-1.0000e+01 1.1000e+02 -1.0918e+00
-1.0000e+01 1.2000e+02 -3.1456e+00
-1.0000e+01 1.3000e+02 -2.7922e+00
-1.0000e+01 1.4000e+02 -4.4883e+00
-1.0000e+01 1.5000e+02 1.7377e+00
-1.0000e+01 1.6000e+02 -1.9307e+00
-1.0000e+01 1.7000e+02 7.5941e-01
-1.0000e+01 1.8000e+02 -3.2266e-01
-1.0000e+01 1.9000e+02 8.9165e-01
-1.0000e+01 2.0000e+02 -1.3105e+00
0.0000e+00 -2.0000e+02 -2.1555e+00
0.0000e+00 -1.9000e+02 -6.7299e-01
0.0000e+00 -1.8000e+02 -1.8107e+00
0.0000e+00 -1.7000e+02 1.4809e+00
0.0000e+00 -1.6000e+02 -2.2640e+00
0.0000e+00 -1.5000e+02 -1.0633e+00
0.0000e+00 -1.4000e+02 6.4451e-01
0.0000e+00 -1.3000e+02 -2.5301e-01
0.0000e+00 -1.2000e+02 -1.9540e+00
0.0000e+00 -1.1000e+02 -3.5812e+00
0.0000e+00 -1.0000e+02 -3.9073e+00
0.0000e+00 -9.0000e+01 -6.0077e+00
0.0000e+00 -8.0000e+01 -6.0213e+00
0.0000e+00 -7.0000e+01 -8.7551e+00
0.0000e+00 -6.0000e+01 -5.8830e+00
0.0000e+00 -5.0000e+01 -9.1052e+00
0.0000e+00 -4.0000e+01 -1.2162e+01
0.0000e+00 -3.0000e+01 -1.2158e+01
0.0000e+00 -2.0000e+01 -1.3380e+01
0.0000e+00 -1.0000e+01 -1.4567e+01
0.0000e+00 0.0000e+00 -1.4064e+01
0.0000e+00 1.0000e+01 -1.7190e+01
0.0000e+00 2.0000e+01 -1.7583e+01
0.0000e+00 3.0000e+01 -1.2840e+01
0.0000e+00 4.0000e+01 -1.2542e+01
0.0000e+00 5.0000e+01 -1.0936e+01
0.0000e+00 6.0000e+01 -8.9154e+00
0.0000e+00 7.0000e+01 -1.0039e+01
0.0000e+00 8.0000e+01 -8.9830e+00
0.0000e+00 9.0000e+01 -4.1909e+00
0.0000e+00 1.0000e+02 -5.1336e+00
0.0000e+00 1.1000e+02 -4.7610e+00
0.0000e+00 1.2000e+02 6.9698e-01
0.0000e+00 1.3000e+02 -1.5798e+00
0.0000e+00 1.4000e+02 1.3542e-02
0.0000e+00 1.5000e+02 -1.1997e+00
0.0000e+00 1.6000e+02 -2.2212e+00
0.0000e+00 1.7000e+02 7.8568e-01
0.0000e+00 1.8000e+02 5.8528e-01
0.0000e+00 1.9000e+02 -4.1080e-01
0.0000e+00 2.0000e+02 2.5077e+00
1.0000e+01 -2.0000e+02 -1.2080e+00
1.0000e+01 -1.9000e+02 -2.2003e+00
1.0000e+01 -1.8000e+02 -2.1311e-01
1.0000e+01 -1.7000e+02 -3.2555e+00
1.0000e+01 -1.6000e+02 8.8958e-01
1.0000e+01 -1.5000e+02 8.0101e-02
1.0000e+01 -1.4000e+02 -8.5802e-01
1.0000e+01 -1.3000e+02 -1.8017e+00
1.0000e+01 -1.2000e+02 -1.1769e+00
1.0000e+01 -1.1000e+02 -3.6314e+00
1.0000e+01 -1.0000e+02 -3.6925e+00
1.0000e+01 -9.0000e+01 -3.3277e+00
1.0000e+01 -8.0000e+01 -6.6364e+00
1.0000e+01 -7.0000e+01 -8.7571e+00
1.0000e+01 -6.0000e+01 -1.1943e+01
1.0000e+01 -5.0000e+01 -7.1190e+00
1.0000e+01 -4.0000e+01 -8.1500e+00
1.0000e+01 -3.0000e+01 -1.1586e+01
1.0000e+01 -2.0000e+01 -1.5009e+01
1.0000e+01 -1.0000e+01 -1.4419e+01
1.0000e+01 0.0000e+00 -1.2276e+01
1.0000e+01 1.0000e+01 -1.2637e+01
1.0000e+01 2.0000e+01 -1.4616e+01
1.0000e+01 3.0000e+01 -1.2052e+01
1.0000e+01 4.0000e+01 -1.0953e+01
1.0000e+01 5.0000e+01 -1.2479e+01
1.0000e+01 6.0000e+01 -8.3469e+00
1.0000e+01 7.0000e+01 -5.1353e+00
1.0000e+01 8.0000e+01 -6.6958e+00
1.0000e+01 9.0000e+01 -4.7576e+00
1.0000e+01 1.0000e+02 -1.6352e+00
1.0000e+01 1.1000e+02 -4.4550e-01
1.0000e+01 1.2000e+02 -2.1206e+00
1.0000e+01 1.3000e+02 2.5340e+00
1.0000e+01 1.4000e+02 -3.0496e-02
1.0000e+01 1.5000e+02 4.3868e-01
1.0000e+01 1.6000e+02 -2.1121e+00
1.0000e+01 1.7000e+02 9.2800e-01
1.0000e+01 1.8000e+02 2.5656e+00
1.0000e+01 1.9000e+02 -7.5657e-01
1.0000e+01 2.0000e+02 1.6095e-01
2.0000e+01 -2.0000e+02 -6.3489e-01
2.0000e+01 -1.9000e+02 -4.7867e+00
2.0000e+01 -1.8000e+02 3.0164e+00
2.0000e+01 -1.7000e+02 -1.5638e+00
2.0000e+01 -1.6000e+02 -2.3414e+00
2.0000e+01 -1.5000e+02 1.3882e+00
2.0000e+01 -1.4000e+02 -9.6048e-01
2.0000e+01 -1.3000e+02 -1.3250e-01
2.0000e+01 -1.2000e+02 1.0914e-01
2.0000e+01 -1.1000e+02 -2.8565e+00
2.0000e+01 -1.0000e+02 -4.0433e+00
2.0000e+01 -9.0000e+01 -3.0941e-01
2.0000e+01 -8.0000e+01 -5.3907e+00
2.0000e+01 -7.0000e+01 -7.4027e+00
2.0000e+01 -6.0000e+01 -9.2375e+00
2.0000e+01 -5.0000e+01 -1.0182e+01
2.0000e+01 -4.0000e+01 -1.2123e+01
2.0000e+01 -3.0000e+01 -1.4074e+01
2.0000e+01 -2.0000e+01 -1.2869e+01
2.0000e+01 -1.0000e+01 -1.4354e+01
2.0000e+01 0.0000e+00 -1.6520e+01
2.0000e+01 1.0000e+01 -1.4883e+01
2.0000e+01 2.0000e+01 -1.4652e+01
2.0000e+01 3.0000e+01 -1.1081e+01
2.0000e+01 4.0000e+01 -1.0175e+01
2.0000e+01 5.0000e+01 -8.5780e+00
2.0000e+01 6.0000e+01 -9.5710e+00
2.0000e+01 7.0000e+01 -4.8427e+00
2.0000e+01 8.0000e+01 -7.2687e+00
2.0000e+01 9.0000e+01 -3.7491e+00
2.0000e+01 1.0000e+02 -4.8270e-01
2.0000e+01 1.1000e+02 -2.3359e+00
2.0000e+01 1.2000e+02 -1.3115e+00
2.0000e+01 1.3000e+02 -2.6780e+00
2.0000e+01 1.4000e+02 3.4372e+00
2.0000e+01 1.5000e+02 1.0934e-02
2.0000e+01 1.6000e+02 1.4816e+00
2.0000e+01 1.7000e+02 -1.7074e+00
2.0000e+01 1.8000e+02 -8.8717e-01
2.0000e+01 1.9000e+02 -2.7658e-01
2.0000e+01 2.0000e+02 -2.0344e+00
3.0000e+01 -2.0000e+02 -2.7102e+00
3.0000e+01 -1.9000e+02 -1.0317e+00
3.0000e+01 -1.8000e+02 2.3520e-01
3.0000e+01 -1.7000e+02 -1.6201e+00
3.0000e+01 -1.6000e+02 -2.4321e+00
3.0000e+01 -1.5000e+02 -8.7367e-01
3.0000e+01 -1.4000e+02 -1.3398e+00
3.0000e+01 -1.3000e+02 1.9287e+00
3.0000e+01 -1.2000e+02 -7.0264e-01
3.0000e+01 -1.1000e+02 -1.5490e+00
3.0000e+01 -1.0000e+02 -6.5327e-01
3.0000e+01 -9.0000e+01 -4.5218e+00
3.0000e+01 -8.0000e+01 -6.6358e+00
3.0000e+01 -7.0000e+01 -6.7731e+00
3.0000e+01 -6.0000e+01 -7.8171e+00
3.0000e+01 -5.0000e+01 -1.0126e+01
3.0000e+01 -4.0000e+01 -1.0834e+01
3.0000e+01 -3.0000e+01 -1.0933e+01
3.0000e+01 -2.0000e+01 -1.2023e+01
3.0000e+01 -1.0000e+01 -1.2009e+01
3.0000e+01 0.0000e+00 -1.3383e+01
3.0000e+01 1.0000e+01 -1.3119e+01
3.0000e+01 2.0000e+01 -1.0049e+01
3.0000e+01 3.0000e+01 -1.1440e+01
3.0000e+01 4.0000e+01 -8.5966e+00
3.0000e+01 5.0000e+01 -1.0020e+01
3.0000e+01 6.0000e+01 -7.4659e+00
3.0000e+01 7.0000e+01 -8.4755e+00
3.0000e+01 8.0000e+01 -2.3129e+00
3.0000e+01 9.0000e+01 -5.8763e+00
3.0000e+01 1.0000e+02 -7.3383e-01
3.0000e+01 1.1000e+02 2.0289e-01
3.0000e+01 1.2000e+02 -2.1668e-02
3.0000e+01 1.3000e+02 -6.4379e-01
3.0000e+01 1.4000e+02 -1.8119e+00
3.0000e+01 1.5000e+02 1.2202e+00
3.0000e+01 1.6000e+02 -4.0485e+00
3.0000e+01 1.7000e+02 2.0568e+00
3.0000e+01 1.8000e+02 6.6578e-01
3.0000e+01 1.9000e+02 6.0651e-01
3.0000e+01 2.0000e+02 6.1412e-01
4.0000e+01 -2.0000e+02 -8.3547e-01
4.0000e+01 -1.9000e+02 -2.8190e+00
4.0000e+01 -1.8000e+02 2.5325e+00
4.0000e+01 -1.7000e+02 9.8331e-01
4.0000e+01 -1.6000e+02 1.3665e+00
4.0000e+01 -1.5000e+02 -9.0355e-01
4.0000e+01 -1.4000e+02 1.7054e+00
4.0000e+01 -1.3000e+02 -3.6073e-01
4.0000e+01 -1.2000e+02 -9.5864e-01
4.0000e+01 -1.1000e+02 -1.6801e+00
4.0000e+01 -1.0000e+02 -4.7332e+00
4.0000e+01 -9.0000e+01 1.5517e+00
4.0000e+01 -8.0000e+01 -1.3839e+00
4.0000e+01 -7.0000e+01 -6.7700e+00
4.0000e+01 -6.0000e+01 -6.8242e+00
4.0000e+01 -5.0000e+01 -5.8621e+00
4.0000e+01 -4.0000e+01 -6.7189e+00
4.0000e+01 -3.0000e+01 -9.3617e+00
4.0000e+01 -2.0000e+01 -1.2116e+01
4.0000e+01 -1.0000e+01 -1.0364e+01
4.0000e+01 0.0000e+00 -1.2447e+01
4.0000e+01 1.0000e+01 -1.0199e+01
4.0000e+01 2.0000e+01 -1.0537e+01
4.0000e+01 3.0000e+01 -9.8463e+00
4.0000e+01 4.0000e+01 -7.2490e+00
4.0000e+01 5.0000e+01 -4.9992e+00
4.0000e+01 6.0000e+01 -8.8324e+00
4.0000e+01 7.0000e+01 -6.5718e+00
4.0000e+01 8.0000e+01 -5.9402e+00
4.0000e+01 9.0000e+01 -5.9543e+00
4.0000e+01 1.0000e+02 -3.0937e+00
4.0000e+01 1.1000e+02 -1.2023e+00
4.0000e+01 1.2000e+02 -5.1900e-01
4.0000e+01 1.3000e+02 -8.7567e-01
4.0000e+01 1.4000e+02 -9.0627e-01
4.0000e+01 1.5000e+02 2.7024e+00
4.0000e+01 1.6000e+02 4.1863e-01
4.0000e+01 1.7000e+02 -6.3370e-02
4.0000e+01 1.8000e+02 -2.8182e+00
4.0000e+01 1.9000e+02 7.1946e-01
4.0000e+01 2.0000e+02 6.6734e-01
5.0000e+01 -2.0000e+02 9.3910e-01
5.0000e+01 -1.9000e+02 -6.0915e-01
5.0000e+01 -1.8000e+02 -1.4619e+00
5.0000e+01 -1.7000e+02 -1.7320e+00
5.0000e+01 -1.6000e+02 -4.5321e-01
5.0000e+01 -1.5000e+02 -8.6738e-01
5.0000e+01 -1.4000e+02 -1.3307e+00
5.0000e+01 -1.3000e+02 4.6435e-01
5.0000e+01 -1.2000e+02 -1.3290e+00
5.0000e+01 -1.1000e+02 -6.0114e-01
5.0000e+01 -1.0000e+02 -2.1740e+00
5.0000e+01 -9.0000e+01 -2.4117e+00
5.0000e+01 -8.0000e+01 -6.4277e+00
5.0000e+01 -7.0000e+01 -4.1179e+00
5.0000e+01 -6.0000e+01 -6.8910e+00
5.0000e+01 -5.0000e+01 -7.0007e+00
5.0000e+01 -4.0000e+01 -8.4958e+00
5.0000e+01 -3.0000e+01 -7.2913e+00
5.0000e+01 -2.0000e+01 -1.2594e+01
5.0000e+01 -1.0000e+01 -7.3480e+00
5.0000e+01 0.0000e+00 -1.0808e+01
5.0000e+01 1.0000e+01 -6.0840e+00
5.0000e+01 2.0000e+01 -8.9870e+00
5.0000e+01 3.0000e+01 -7.5847e+00
5.0000e+01 4.0000e+01 -7.5867e+00
5.0000e+01 5.0000e+01 -7.9245e+00
5.0000e+01 6.0000e+01 -6.4915e+00
5.0000e+01 7.0000e+01 -4.8781e+00
5.0000e+01 8.0000e+01 -3.2267e+00
5.0000e+01 9.0000e+01 -2.2847e+00
5.0000e+01 1.0000e+02 -4.4082e+00
5.0000e+01 1.1000e+02 -9.4983e-01
5.0000e+01 1.2000e+02 3.4364e-01
5.0000e+01 1.3000e+02 1.6736e+00
5.0000e+01 1.4000e+02 -2.2870e+00
5.0000e+01 1.5000e+02 1.5979e+00
5.0000e+01 1.6000e+02 -8.2157e-01
5.0000e+01 1.7000e+02 -1.3569e+00
5.0000e+01 1.8000e+02 -5.5141e-01
5.0000e+01 1.9000e+02 6.8823e-01
5.0000e+01 2.0000e+02 1.4126e+00
6.0000e+01 -2.0000e+02 4.8441e-01
6.0000e+01 -1.9000e+02 -1.9787e-01
6.0000e+01 -1.8000e+02 -6.4091e-01
6.0000e+01 -1.7000e+02 -3.9447e-01
6.0000e+01 -1.6000e+02 2.6096e-01
6.0000e+01 -1.5000e+02 -2.9790e+00
6.0000e+01 -1.4000e+02 -6.3865e-01
6.0000e+01 -1.3000e+02 3.4093e-01
6.0000e+01 -1.2000e+02 -7.6895e-01
6.0000e+01 -1.1000e+02 -3.8637e-01
6.0000e+01 -1.0000e+02 -5.4288e-01
6.0000e+01 -9.0000e+01 -1.6755e+00
6.0000e+01 -8.0000e+01 -2.9325e+00
6.0000e+01 -7.0000e+01 -7.3468e+00
6.0000e+01 -6.0000e+01 -7.2100e+00
6.0000e+01 -5.0000e+01 -7.0688e+00
6.0000e+01 -4.0000e+01 -5.0746e+00
6.0000e+01 -3.0000e+01 -6.8377e+00
6.0000e+01 -2.0000e+01 -7.7342e+00
6.0000e+01 -1.0000e+01 -5.9644e+00
6.0000e+01 0.0000e+00 -6.7949e+00
6.0000e+01 1.0000e+01 -8.7715e+00
6.0000e+01 2.0000e+01 -8.1061e+00
6.0000e+01 3.0000e+01 -6.6464e+00
6.0000e+01 4.0000e+01 -7.4776e+00
6.0000e+01 5.0000e+01 -5.1501e+00
6.0000e+01 6.0000e+01 -4.0737e+00
6.0000e+01 7.0000e+01 -5.3473e+00
6.0000e+01 8.0000e+01 -5.7808e+00
6.0000e+01 9.0000e+01 -2.4822e-01
6.0000e+01 1.0000e+02 -2.1138e+00
6.0000e+01 1.1000e+02 -1.5566e+00
6.0000e+01 1.2000e+02 -4.3475e+00
6.0000e+01 1.3000e+02 -9.7457e-01
6.0000e+01 1.4000e+02 -1.4193e-01
6.0000e+01 1.5000e+02 -5.6384e-01
6.0000e+01 1.6000e+02 1.2228e+00
6.0000e+01 1.7000e+02 1.1654e+00
6.0000e+01 1.8000e+02 -6.2263e-01
6.0000e+01 1.9000e+02 -1.3858e+00
6.0000e+01 2.0000e+02 1.9322e+00
7.0000e+01 -2.0000e+02 2.2542e-01
7.0000e+01 -1.9000e+02 -5.5699e-01
7.0000e+01 -1.8000e+02 1.7707e-01
7.0000e+01 -1.7000e+02 2.2515e-01
7.0000e+01 -1.6000e+02 -5.3864e-01
7.0000e+01 -1.5000e+02 -8.8503e-01
7.0000e+01 -1.4000e+02 -1.9385e+00
7.0000e+01 -1.3000e+02 -2.1456e-01
7.0000e+01 -1.2000e+02 -2.2895e+00
7.0000e+01 -1.1000e+02 -3.2042e+00
7.0000e+01 -1.0000e+02 -2.5431e+00
7.0000e+01 -9.0000e+01 -3.7786e+00
7.0000e+01 -8.0000e+01 -2.0838e+00
7.0000e+01 -7.0000e+01 -4.5640e+00
7.0000e+01 -6.0000e+01 -5.6727e+00
7.0000e+01 -5.0000e+01 -9.9890e-01
7.0000e+01 -4.0000e+01 -4.5379e+00
7.0000e+01 -3.0000e+01 -6.7713e+00
7.0000e+01 -2.0000e+01 -8.3371e+00
7.0000e+01 -1.0000e+01 -8.1013e+00
7.0000e+01 0.0000e+00 -7.8156e+00
7.0000e+01 1.0000e+01 -1.0312e+01
7.0000e+01 2.0000e+01 -7.8490e+00
7.0000e+01 3.0000e+01 -2.9003e+00
7.0000e+01 4.0000e+01 -5.9832e+00
7.0000e+01 5.0000e+01 -4.6554e+00
7.0000e+01 6.0000e+01 -5.3843e+00
7.0000e+01 7.0000e+01 -4.8021e+00
7.0000e+01 8.0000e+01 -1.3066e+00
7.0000e+01 9.0000e+01 -1.9155e+00
7.0000e+01 1.0000e+02 -4.8210e-01
7.0000e+01 1.1000e+02 -9.1210e-01
7.0000e+01 1.2000e+02 -2.7764e+00
7.0000e+01 1.3000e+02 2.1368e+00
7.0000e+01 1.4000e+02 -8.9188e-02
7.0000e+01 1.5000e+02 3.1053e+00
7.0000e+01 1.6000e+02 1.2368e+00
7.0000e+01 1.7000e+02 2.5492e+00
7.0000e+01 1.8000e+02 2.0315e+00
7.0000e+01 1.9000e+02 7.9218e-01
7.0000e+01 2.0000e+02 -8.3017e-01
8.0000e+01 -2.0000e+02 8.9873e-01
8.0000e+01 -1.9000e+02 -5.3445e-01
8.0000e+01 -1.8000e+02 7.9125e-01
8.0000e+01 -1.7000e+02 8.9847e-01
8.0000e+01 -1.6000e+02 1.3931e+00
8.0000e+01 -1.5000e+02 -6.3901e-01
8.0000e+01 -1.4000e+02 -1.6223e+00
8.0000e+01 -1.3000e+02 1.3958e+00
8.0000e+01 -1.2000e+02 -1.4130e+00
8.0000e+01 -1.1000e+02 5.1434e-01
8.0000e+01 -1.0000e+02 -1.7440e+00
8.0000e+01 -9.0000e+01 -7.2054e-01
8.0000e+01 -8.0000e+01 -1.6252e+00
8.0000e+01 -7.0000e+01 -1.0496e+00
8.0000e+01 -6.0000e+01 -2.8891e+00
8.0000e+01 -5.0000e+01 -4.8738e+00
8.0000e+01 -4.0000e+01 -3.2482e+00
8.0000e+01 -3.0000e+01 -5.5870e+00
8.0000e+01 -2.0000e+01 -5.8597e+00
8.0000e+01 -1.0000e+01 -6.3140e+00
8.0000e+01 0.0000e+00 -5.6733e+00
8.0000e+01 1.0000e+01 -5.7697e+00
8.0000e+01 2.0000e+01 -5.9425e+00
8.0000e+01 3.0000e+01 -5.6906e+00
8.0000e+01 4.0000e+01 -4.1538e+00
8.0000e+01 5.0000e+01 -3.9784e+00
8.0000e+01 6.0000e+01 -3.5448e+00
8.0000e+01 7.0000e+01 -5.7998e-01
8.0000e+01 8.0000e+01 -1.1147e+00
8.0000e+01 9.0000e+01 -9.4362e-01
8.0000e+01 1.0000e+02 -2.4875e+00
8.0000e+01 1.1000e+02 -9.8553e-01
8.0000e+01 1.2000e+02 2.4120e+00
8.0000e+01 1.3000e+02 1.6233e-01
8.0000e+01 1.4000e+02 3.5131e-01
8.0000e+01 1.5000e+02 -4.6666e-01
8.0000e+01 1.6000e+02 8.3927e-01
8.0000e+01 1.7000e+02 1.7128e+00
8.0000e+01 1.8000e+02 5.0311e-01
8.0000e+01 1.9000e+02 9.2671e-02
8.0000e+01 2.0000e+02 5.3693e-01
9.0000e+01 -2.0000e+02 5.3743e-01
9.0000e+01 -1.9000e+02 2.6397e-01
9.0000e+01 -1.8000e+02 -2.7326e+00
9.0000e+01 -1.7000e+02 -1.0318e+00
9.0000e+01 -1.6000e+02 -1.5646e+00
9.0000e+01 -1.5000e+02 1.3250e-01
9.0000e+01 -1.4000e+02 1.8602e+00
9.0000e+01 -1.3000e+02 1.0255e-02
9.0000e+01 -1.2000e+02 -4.4630e-01
9.0000e+01 -1.1000e+02 2.3825e-01
9.0000e+01 -1.0000e+02 -4.2212e+00
9.0000e+01 -9.0000e+01 5.0686e-01
9.0000e+01 -8.0000e+01 -1.4983e+00
9.0000e+01 -7.0000e+01 -1.7127e+00
9.0000e+01 -6.0000e+01 1.2614e+00
9.0000e+01 -5.0000e+01 -2.7716e+00
9.0000e+01 -4.0000e+01 -2.5880e+00
9.0000e+01 -3.0000e+01 -6.6594e+00
9.0000e+01 -2.0000e+01 -5.5875e+00
9.0000e+01 -1.0000e+01 -4.3343e+00
9.0000e+01 0.0000e+00 -3.1836e+00
9.0000e+01 1.0000e+01 -5.7551e+00
9.0000e+01 2.0000e+01 -4.1043e+00
9.0000e+01 3.0000e+01 -5.1344e+00
9.0000e+01 4.0000e+01 -2.1463e+00
9.0000e+01 5.0000e+01 -3.9814e+00
9.0000e+01 6.0000e+01 -1.8744e+00
9.0000e+01 7.0000e+01 -2.9952e+00
9.0000e+01 8.0000e+01 -2.8681e+00
9.0000e+01 9.0000e+01 -2.3232e+00
9.0000e+01 1.0000e+02 -1.0551e+00
9.0000e+01 1.1000e+02 4.8207e-01
9.0000e+01 1.2000e+02 8.3241e-03
9.0000e+01 1.3000e+02 -3.7319e-01
9.0000e+01 1.4000e+02 -1.6927e+00
9.0000e+01 1.5000e+02 -1.3910e+00
9.0000e+01 1.6000e+02 1.1177e+00
9.0000e+01 1.7000e+02 2.3668e+00
9.0000e+01 1.8000e+02 -1.0744e+00
9.0000e+01 1.9000e+02 -1.9106e-01
9.0000e+01 2.0000e+02 5.5755e-01
1.0000e+02 -2.0000e+02 -1.3984e-01
1.0000e+02 -1.9000e+02 -9.9687e-01
1.0000e+02 -1.8000e+02 -2.1379e+00
1.0000e+02 -1.7000e+02 1.2359e+00
1.0000e+02 -1.6000e+02 -2.9174e+00
1.0000e+02 -1.5000e+02 1.1288e+00
1.0000e+02 -1.4000e+02 4.6676e-01
1.0000e+02 -1.3000e+02 -1.8532e+00
1.0000e+02 -1.2000e+02 7.6309e-01
1.0000e+02 -1.1000e+02 1.5332e+00
1.0000e+02 -1.0000e+02 -1.5200e+00
1.0000e+02 -9.0000e+01 -2.5917e-01
1.0000e+02 -8.0000e+01 6.9086e-01
1.0000e+02 -7.0000e+01 5.1047e-01
1.0000e+02 -6.0000e+01 -7.8443e-01
1.0000e+02 -5.0000e+01 -2.5423e+00
1.0000e+02 -4.0000e+01 -1.7835e+00
1.0000e+02 -3.0000e+01 -3.7700e+00
1.0000e+02 -2.0000e+01 -5.0063e+00
1.0000e+02 -1.0000e+01 -2.6207e+00
1.0000e+02 0.0000e+00 -4.5535e+00
1.0000e+02 1.0000e+01 -3.3073e+00
1.0000e+02 2.0000e+01 -1.9931e+00
1.0000e+02 3.0000e+01 -2.1878e+00
1.0000e+02 4.0000e+01 1.8445e-01
1.0000e+02 5.0000e+01 -3.6139e-01
1.0000e+02 6.0000e+01 -4.9073e+00
1.0000e+02 7.0000e+01 -1.1089e+00
1.0000e+02 8.0000e+01 -4.3172e-01
1.0000e+02 9.0000e+01 -2.3309e+00
1.0000e+02 1.0000e+02 -1.0051e+00
1.0000e+02 1.1000e+02 9.8646e-01
1.0000e+02 1.2000e+02 -6.9273e-01
1.0000e+02 1.3000e+02 -1.4599e+00
1.0000e+02 1.4000e+02 5.9885e-01
1.0000e+02 1.5000e+02 1.1722e+00
1.0000e+02 1.6000e+02 8.9206e-01
1.0000e+02 1.7000e+02 1.2795e+00
1.0000e+02 1.8000e+02 2.0371e+00
1.0000e+02 1.9000e+02 2.2604e+00
1.0000e+02 2.0000e+02 4.0392e-01
1.1000e+02 -2.0000e+02 -2.8696e+00
1.1000e+02 -1.9000e+02 1.2753e+00
1.1000e+02 -1.8000e+02 7.1434e-01
1.1000e+02 -1.7000e+02 1.0981e+00
1.1000e+02 -1.6000e+02 -1.4632e+00
1.1000e+02 -1.5000e+02 -2.3293e+00
1.1000e+02 -1.4000e+02 -1.2802e+00
1.1000e+02 -1.3000e+02 8.7745e-01
1.1000e+02 -1.2000e+02 -1.1054e+00
1.1000e+02 -1.1000e+02 -2.6972e-01
1.1000e+02 -1.0000e+02 -2.6973e+00
1.1000e+02 -9.0000e+01 -2.3029e+00
1.1000e+02 -8.0000e+01 -2.4071e-01
1.1000e+02 -7.0000e+01 -1.7177e+00
1.1000e+02 -6.0000e+01 1.0456e-01
1.1000e+02 -5.0000e+01 2.8780e-01
1.1000e+02 -4.0000e+01 -6.5030e-01
1.1000e+02 -3.0000e+01 -3.0370e-01
1.1000e+02 -2.0000e+01 -4.7700e-01
1.1000e+02 -1.0000e+01 -2.0584e+00
1.1000e+02 0.0000e+00 -1.4788e+00
1.1000e+02 1.0000e+01 -1.6041e+00
1.1000e+02 2.0000e+01 -4.9969e-01
1.1000e+02 3.0000e+01 -2.7808e+00
1.1000e+02 4.0000e+01 -2.1805e+00
1.1000e+02 5.0000e+01 -1.8423e+00
1.1000e+02 6.0000e+01 -1.5296e+00
1.1000e+02 7.0000e+01 1.8761e+00
1.1000e+02 8.0000e+01 -2.0175e+00
1.1000e+02 9.0000e+01 -2.8399e+00
1.1000e+02 1.0000e+02 -1.4614e+00
1.1000e+02 1.1000e+02 -1.2611e+00
1.1000e+02 1.2000e+02 -5.0047e-01
1.1000e+02 1.3000e+02 2.6979e+00
1.1000e+02 1.4000e+02 -2.0572e+00
1.1000e+02 1.5000e+02 1.7912e+00
1.1000e+02 1.6000e+02 2.4077e-01
1.1000e+02 1.7000e+02 -3.1913e+00
1.1000e+02 1.8000e+02 -3.5670e-01
1.1000e+02 1.9000e+02 1.0291e+00
1.1000e+02 2.0000e+02 -8.6623e-02
1.2000e+02 -2.0000e+02 -1.5715e+00
1.2000e+02 -1.9000e+02 -1.0579e-01
1.2000e+02 -1.8000e+02 1.6577e-01
1.2000e+02 -1.7000e+02 2.0873e+00
1.2000e+02 -1.6000e+02 6.0770e-01
1.2000e+02 -1.5000e+02 -1.3539e+00
1.2000e+02 -1.4000e+02 -3.2394e-01
1.2000e+02 -1.3000e+02 4.4923e-01
1.2000e+02 -1.2000e+02 9.6203e-02
1.2000e+02 -1.1000e+02 -5.5052e-01
1.2000e+02 -1.0000e+02 -2.2974e-01
1.2000e+02 -9.0000e+01 2.6339e-01
1.2000e+02 -8.0000e+01 -3.9163e-01
1.2000e+02 -7.0000e+01 -1.8063e+00
1.2000e+02 -6.0000e+01 -2.5199e+00
1.2000e+02 -5.0000e+01 5.0790e-01
1.2000e+02 -4.0000e+01 -9.8963e-01
1.2000e+02 -3.0000e+01 6.5479e-01
1.2000e+02 -2.0000e+01 -1.3344e+00
1.2000e+02 -1.0000e+01 -2.3702e+00
1.2000e+02 0.0000e+00 -1.6529e+00
1.2000e+02 1.0000e+01 -3.6047e+00
1.2000e+02 2.0000e+01 -1.9119e+00
1.2000e+02 3.0000e+01 -8.6604e-01
1.2000e+02 4.0000e+01 -3.4754e+00
1.2000e+02 5.0000e+01 6.3130e-01
1.2000e+02 6.0000e+01 -9.3736e-01
1.2000e+02 7.0000e+01 -2.6565e+00
1.2000e+02 8.0000e+01 -2.6003e+00
1.2000e+02 9.0000e+01 1.7703e-01
1.2000e+02 1.0000e+02 1.1141e+00
1.2000e+02 1.1000e+02 -2.1259e+00
1.2000e+02 1.2000e+02 2.1088e+00
1.2000e+02 1.3000e+02 -7.1729e-01
1.2000e+02 1.4000e+02 3.9076e-01
1.2000e+02 1.5000e+02 4.8387e-01
1.2000e+02 1.6000e+02 2.2016e+00
1.2000e+02 1.7000e+02 2.2355e+00
1.2000e+02 1.8000e+02 -1.0057e+00
1.2000e+02 1.9000e+02 -9.9259e-01
1.2000e+02 2.0000e+02 6.7085e-01
1.3000e+02 -2.0000e+02 -1.5900e+00
1.3000e+02 -1.9000e+02 -1.2964e+00
1.3000e+02 -1.8000e+02 8.1906e-01
1.3000e+02 -1.7000e+02 1.9480e+00
1.3000e+02 -1.6000e+02 -4.0439e+00
1.3000e+02 -1.5000e+02 -3.8466e-01
1.3000e+02 -1.4000e+02 3.7746e+00
1.3000e+02 -1.3000e+02 6.4942e-01
1.3000e+02 -1.2000e+02 2.9352e+00
1.3000e+02 -1.1000e+02 -2.6180e-01
1.3000e+02 -1.0000e+02 -1.5640e+00
1.3000e+02 -9.0000e+01 1.8130e-01
1.3000e+02 -8.0000e+01 -2.2901e+00
1.3000e+02 -7.0000e+01 -2.3014e+00
1.3000e+02 -6.0000e+01 -3.2471e+00
1.3000e+02 -5.0000e+01 -7.8667e-01
1.3000e+02 -4.0000e+01 1.1697e+00
1.3000e+02 -3.0000e+01 -1.0623e+00
1.3000e+02 -2.0000e+01 -2.4363e+00
1.3000e+02 -1.0000e+01 -1.9046e+00
1.3000e+02 0.0000e+00 -2.9092e+00
1.3000e+02 1.0000e+01 -4.5881e+00
1.3000e+02 2.0000e+01 -2.0588e+00
1.3000e+02 3.0000e+01 -2.6956e+00
1.3000e+02 4.0000e+01 -2.6623e+00
1.3000e+02 5.0000e+01 -1.0095e+00
1.3000e+02 6.0000e+01 2.7152e+00
1.3000e+02 7.0000e+01 -1.5689e+00
1.3000e+02 8.0000e+01 7.6693e-01
1.3000e+02 9.0000e+01 1.4731e+00
1.3000e+02 1.0000e+02 -1.2506e+00
1.3000e+02 1.1000e+02 -5.8300e-01
1.3000e+02 1.2000e+02 -6.9117e-01
1.3000e+02 1.3000e+02 -1.1174e+00
1.3000e+02 1.4000e+02 -2.4282e-01
1.3000e+02 1.5000e+02 -1.1117e+00
1.3000e+02 1.6000e+02 -7.4092e-01
1.3000e+02 1.7000e+02 1.8315e+00
1.3000e+02 1.8000e+02 3.4404e+00
1.3000e+02 1.9000e+02 2.5027e+00
1.3000e+02 2.0000e+02 5.8745e-01
1.4000e+02 -2.0000e+02 -9.4143e-01
1.4000e+02 -1.9000e+02 6.3336e-01
1.4000e+02 -1.8000e+02 -1.5578e+00
1.4000e+02 -1.7000e+02 -9.2879e-01
1.4000e+02 -1.6000e+02 1.1255e-01
1.4000e+02 -1.5000e+02 1.3666e+00
1.4000e+02 -1.4000e+02 1.6366e+00
1.4000e+02 -1.3000e+02 -2.3553e+00
1.4000e+02 -1.2000e+02 1.6586e+00
1.4000e+02 -1.1000e+02 1.0611e+00
1.4000e+02 -1.0000e+02 1.1257e+00
1.4000e+02 -9.0000e+01 -1.3487e+00
1.4000e+02 -8.0000e+01 -1.2158e+00
1.4000e+02 -7.0000e+01 -5.7900e-02
1.4000e+02 -6.0000e+01 -7.7344e-01
1.4000e+02 -5.0000e+01 -1.5453e+00
1.4000e+02 -4.0000e+01 1.2436e+00
1.4000e+02 -3.0000e+01 4.3973e-01
1.4000e+02 -2.0000e+01 -1.0228e+00
1.4000e+02 -1.0000e+01 -3.4114e+00
1.4000e+02 0.0000e+00 -2.6128e+00
1.4000e+02 1.0000e+01 -1.1422e+00
1.4000e+02 2.0000e+01 -2.0278e+00
1.4000e+02 3.0000e+01 -2.2261e+00
1.4000e+02 4.0000e+01 -1.0886e+00
1.4000e+02 5.0000e+01 -7.3038e-02
1.4000e+02 6.0000e+01 -2.7843e+00
1.4000e+02 7.0000e+01 3.4447e+00
1.4000e+02 8.0000e+01 -1.0509e+00
1.4000e+02 9.0000e+01 -3.9291e-01
1.4000e+02 1.0000e+02 2.0663e+00
1.4000e+02 1.1000e+02 1.2705e+00
1.4000e+02 1.2000e+02 -9.1465e-01
1.4000e+02 1.3000e+02 7.5398e-02
1.4000e+02 1.4000e+02 -1.3226e+00
1.4000e+02 1.5000e+02 8.5916e-01
1.4000e+02 1.6000e+02 9.7184e-01
1.4000e+02 1.7000e+02 1.1061e+00
1.4000e+02 1.8000e+02 2.5894e-01
1.4000e+02 1.9000e+02 -1.3261e+00
1.4000e+02 2.0000e+02 -7.3663e-01
1.5000e+02 -2.0000e+02 -5.5367e-01
1.5000e+02 -1.9000e+02 1.5422e+00
1.5000e+02 -1.8000e+02 8.5771e-01
1.5000e+02 -1.7000e+02 1.2499e+00
1.5000e+02 -1.6000e+02 2.7645e+00
1.5000e+02 -1.5000e+02 9.2439e-01
1.5000e+02 -1.4000e+02 -1.5102e-01
1.5000e+02 -1.3000e+02 2.0200e+00
1.5000e+02 -1.2000e+02 2.3875e-01
1.5000e+02 -1.1000e+02 2.7554e-01
1.5000e+02 -1.0000e+02 -3.2228e-01
1.5000e+02 -9.0000e+01 1.5739e+00
1.5000e+02 -8.0000e+01 -1.4280e-01
1.5000e+02 -7.0000e+01 3.7191e-01
1.5000e+02 -6.0000e+01 1.8166e+00
1.5000e+02 -5.0000e+01 1.8350e+00
1.5000e+02 -4.0000e+01 -2.0552e+00
1.5000e+02 -3.0000e+01 -1.1963e+00
1.5000e+02 -2.0000e+01 1.9040e+00
1.5000e+02 -1.0000e+01 -4.1098e+00
1.5000e+02 0.0000e+00 -7.3433e-01
1.5000e+02 1.0000e+01 1.7073e-01
1.5000e+02 2.0000e+01 -2.6082e+00
1.5000e+02 3.0000e+01 4.0585e-01
1.5000e+02 4.0000e+01 -6.0995e-01
1.5000e+02 5.0000e+01 -2.2843e+00
1.5000e+02 6.0000e+01 5.5166e-01
1.5000e+02 7.0000e+01 -2.0227e+00
1.5000e+02 8.0000e+01 -2.1914e-01
1.5000e+02 9.0000e+01 -1.2693e+00
1.5000e+02 1.0000e+02 2.7913e+00
1.5000e+02 1.1000e+02 1.7579e+00
1.5000e+02 1.2000e+02 -1.0990e+00
1.5000e+02 1.3000e+02 1.0515e-01
1.5000e+02 1.4000e+02 3.7945e+00
1.5000e+02 1.5000e+02 1.7368e+00
1.5000e+02 1.6000e+02 1.6025e+00
1.5000e+02 1.7000e+02 5.8291e-01
1.5000e+02 1.8000e+02 -7.3365e-01
1.5000e+02 1.9000e+02 -2.4332e-01
1.5000e+02 2.0000e+02 -4.9189e-01
1.6000e+02 -2.0000e+02 -1.0534e+00
1.6000e+02 -1.9000e+02 -1.1229e+00
1.6000e+02 -1.8000e+02 -7.5140e-01
1.6000e+02 -1.7000e+02 -6.0902e-01
1.6000e+02 -1.6000e+02 -5.7710e-01
1.6000e+02 -1.5000e+02 6.0637e-02
1.6000e+02 -1.4000e+02 -3.7524e+00
1.6000e+02 -1.3000e+02 -1.2209e+00
1.6000e+02 -1.2000e+02 3.7680e-01
1.6000e+02 -1.1000e+02 5.9107e-01
1.6000e+02 -1.0000e+02 2.0064e+00
1.6000e+02 -9.0000e+01 -2.6721e+00
1.6000e+02 -8.0000e+01 9.7266e-01
1.6000e+02 -7.0000e+01 -7.0568e-01
1.6000e+02 -6.0000e+01 -3.0240e+00
1.6000e+02 -5.0000e+01 7.7316e-01
1.6000e+02 -4.0000e+01 6.1492e-02
1.6000e+02 -3.0000e+01 -1.9366e+00
1.6000e+02 -2.0000e+01 1.3326e-01
1.6000e+02 -1.0000e+01 -1.5321e+00
1.6000e+02 0.0000e+00 9.6556e-01
1.6000e+02 1.0000e+01 -2.4404e-01
1.6000e+02 2.0000e+01 -1.9754e+00
1.6000e+02 3.0000e+01 -1.7760e-01
1.6000e+02 4.0000e+01 3.6200e-01
1.6000e+02 5.0000e+01 3.6667e+00
1.6000e+02 6.0000e+01 8.8108e-01
1.6000e+02 7.0000e+01 -4.2978e-02
1.6000e+02 8.0000e+01 -9.7188e-01
1.6000e+02 9.0000e+01 -1.8048e+00
1.6000e+02 1.0000e+02 -7.2424e-01
1.6000e+02 1.1000e+02 -6.7200e-01
1.6000e+02 1.2000e+02 -1.8771e-01
1.6000e+02 1.3000e+02 -1.8396e+00
1.6000e+02 1.4000e+02 1.4715e+00
1.6000e+02 1.5000e+02 -1.6636e+00
1.6000e+02 1.6000e+02 4.1556e+00
1.6000e+02 1.7000e+02 4.5179e-02
1.6000e+02 1.8000e+02 -3.3037e-01
1.6000e+02 1.9000e+02 -2.3949e+00
1.6000e+02 2.0000e+02 -2.0364e+00
1.7000e+02 -2.0000e+02 -5.1387e-01
1.7000e+02 -1.9000e+02 -1.5716e+00
1.7000e+02 -1.8000e+02 4.4807e-02
1.7000e+02 -1.7000e+02 -1.4039e+00
1.7000e+02 -1.6000e+02 3.1408e-01
1.7000e+02 -1.5000e+02 -1.4386e+00
1.7000e+02 -1.4000e+02 1.6004e+00
1.7000e+02 -1.3000e+02 1.7936e+00
1.7000e+02 -1.2000e+02 -2.2223e+00
1.7000e+02 -1.1000e+02 4.5228e-01
1.7000e+02 -1.0000e+02 -1.8943e+00
1.7000e+02 -9.0000e+01 1.3707e-01
1.7000e+02 -8.0000e+01 1.3938e+00
1.7000e+02 -7.0000e+01 2.6638e-01
1.7000e+02 -6.0000e+01 -2.4397e+00
1.7000e+02 -5.0000e+01 1.3270e+00
1.7000e+02 -4.0000e+01 1.3790e+00
1.7000e+02 -3.0000e+01 2.9176e+00
1.7000e+02 -2.0000e+01 1.5284e+00
1.7000e+02 -1.0000e+01 -8.7740e-01
1.7000e+02 0.0000e+00 2.7280e-01
1.7000e+02 1.0000e+01 -4.2351e-02
1.7000e+02 2.0000e+01 1.0388e+00
1.7000e+02 3.0000e+01 1.9477e+00
1.7000e+02 4.0000e+01 -4.6272e-01
1.7000e+02 5.0000e+01 -1.1474e+00
1.7000e+02 6.0000e+01 1.3105e+00
1.7000e+02 7.0000e+01 3.2995e-01
1.7000e+02 8.0000e+01 -2.3868e+00
1.7000e+02 9.0000e+01 -6.4828e-01
1.7000e+02 1.0000e+02 -1.2966e+00
1.7000e+02 1.1000e+02 8.4215e-01
1.7000e+02 1.2000e+02 9.1114e-01
1.7000e+02 1.3000e+02 2.8629e+00
1.7000e+02 1.4000e+02 1.3093e-01
1.7000e+02 1.5000e+02 -9.8737e-01
1.7000e+02 1.6000e+02 2.6699e-01
1.7000e+02 1.7000e+02 -4.0906e-01
1.7000e+02 1.8000e+02 -2.2911e+00
1.7000e+02 1.9000e+02 -1.6036e+00
1.7000e+02 2.0000e+02 -1.0807e+00
1.8000e+02 -2.0000e+02 1.7564e+00
1.8000e+02 -1.9000e+02 7.8396e-01
1.8000e+02 -1.8000e+02 -1.3061e-01
1.8000e+02 -1.7000e+02 4.2932e-01
1.8000e+02 -1.6000e+02 -1.0446e+00
1.8000e+02 -1.5000e+02 9.9525e-01
1.8000e+02 -1.4000e+02 -8.2889e-01
1.8000e+02 -1.3000e+02 5.7543e-01
1.8000e+02 -1.2000e+02 -8.5836e-01
1.8000e+02 -1.1000e+02 -1.0756e+00
1.8000e+02 -1.0000e+02 -7.7684e-01
1.8000e+02 -9.0000e+01 1.2546e-01
1.8000e+02 -8.0000e+01 4.4891e-01
1.8000e+02 -7.0000e+01 1.4383e+00
1.8000e+02 -6.0000e+01 1.7681e+00
1.8000e+02 -5.0000e+01 6.9284e-01
1.8000e+02 -4.0000e+01 7.6155e-01
1.8000e+02 -3.0000e+01 1.5444e+00
1.8000e+02 -2.0000e+01 9.3999e-01
1.8000e+02 -1.0000e+01 -2.9976e+00
1.8000e+02 0.0000e+00 -1.3835e+00
1.8000e+02 1.0000e+01 -1.7911e-01
1.8000e+02 2.0000e+01 -8.9988e-01
1.8000e+02 3.0000e+01 1.4742e+00
1.8000e+02 4.0000e+01 -4.1065e+00
1.8000e+02 5.0000e+01 -2.8505e-01
1.8000e+02 6.0000e+01 2.3245e+00
1.8000e+02 7.0000e+01 -2.7409e-01
1.8000e+02 8.0000e+01 6.8609e-01
1.8000e+02 9.0000e+01 -1.0859e+00
1.8000e+02 1.0000e+02 3.8860e-01
1.8000e+02 1.1000e+02 1.5038e+00
1.8000e+02 1.2000e+02 1.2904e-01
1.8000e+02 1.3000e+02 1.3329e+00
1.8000e+02 1.4000e+02 7.1178e-01
1.8000e+02 1.5000e+02 -2.1088e-01
1.8000e+02 1.6000e+02 1.3174e+00
1.8000e+02 1.7000e+02 5.0250e-01
1.8000e+02 1.8000e+02 3.2692e+00
1.8000e+02 1.9000e+02 4.4543e-01
1.8000e+02 2.0000e+02 1.5797e+00
1.9000e+02 -2.0000e+02 1.4129e+00
1.9000e+02 -1.9000e+02 1.4752e+00
1.9000e+02 -1.8000e+02 2.0727e+00
1.9000e+02 -1.7000e+02 -1.8234e+00
1.9000e+02 -1.6000e+02 2.4009e+00
1.9000e+02 -1.5000e+02 -1.3292e-01
1.9000e+02 -1.4000e+02 -6.4497e-01
1.9000e+02 -1.3000e+02 2.3302e-01
1.9000e+02 -1.2000e+02 -3.3667e-01
1.9000e+02 -1.1000e+02 -4.3332e-01
1.9000e+02 -1.0000e+02 1.9628e-01
1.9000e+02 -9.0000e+01 -2.6042e-01
1.9000e+02 -8.0000e+01 -1.0123e+00
1.9000e+02 -7.0000e+01 -1.8093e-01
1.9000e+02 -6.0000e+01 -2.1397e+00
1.9000e+02 -5.0000e+01 2.4267e-01
1.9000e+02 -4.0000e+01 2.0450e+00
1.9000e+02 -3.0000e+01 1.8279e-01
1.9000e+02 -2.0000e+01 4.9416e-01
1.9000e+02 -1.0000e+01 -1.5798e+00
1.9000e+02 0.0000e+00 1.8674e+00
1.9000e+02 1.0000e+01 -1.7136e+00
1.9000e+02 2.0000e+01 3.7467e-01
1.9000e+02 3.0000e+01 -1.7078e+00
1.9000e+02 4.0000e+01 -1.3741e+00
1.9000e+02 5.0000e+01 1.4504e-01
1.9000e+02 6.0000e+01 -5.2844e-01
1.9000e+02 7.0000e+01 -8.0449e-01
1.9000e+02 8.0000e+01 -2.9452e+00
1.9000e+02 9.0000e+01 -3.3805e+00
1.9000e+02 1.0000e+02 -1.6066e+00
1.9000e+02 1.1000e+02 2.1598e+00
1.9000e+02 1.2000e+02 2.6022e+00
1.9000e+02 1.3000e+02 -2.0152e+00
1.9000e+02 1.4000e+02 -2.6949e-02
1.9000e+02 1.5000e+02 -1.9781e-01
1.9000e+02 1.6000e+02 1.4410e+00
1.9000e+02 1.7000e+02 1.3909e+00
1.9000e+02 1.8000e+02 -6.7608e-01
1.9000e+02 1.9000e+02 1.9966e+00
1.9000e+02 2.0000e+02 1.6232e-01
2.0000e+02 -2.0000e+02 -1.8912e+00
2.0000e+02 -1.9000e+02 1.1752e+00
2.0000e+02 -1.8000e+02 -8.9410e-01
2.0000e+02 -1.7000e+02 -1.0738e-01
2.0000e+02 -1.6000e+02 -6.7148e-01
2.0000e+02 -1.5000e+02 1.0745e+00
2.0000e+02 -1.4000e+02 4.4072e-01
2.0000e+02 -1.3000e+02 1.3013e+00
2.0000e+02 -1.2000e+02 4.4127e-01
2.0000e+02 -1.1000e+02 2.3045e+00
2.0000e+02 -1.0000e+02 1.5254e+00
2.0000e+02 -9.0000e+01 1.3459e+00
2.0000e+02 -8.0000e+01 1.6589e+00
2.0000e+02 -7.0000e+01 -1.3203e+00
2.0000e+02 -6.0000e+01 -2.3949e+00
2.0000e+02 -5.0000e+01 -8.1904e-01
2.0000e+02 -4.0000e+01 1.2535e+00
2.0000e+02 -3.0000e+01 6.2004e-01
2.0000e+02 -2.0000e+01 1.1903e+00
2.0000e+02 -1.0000e+01 -9.5387e-01
2.0000e+02 0.0000e+00 -3.0955e-02
2.0000e+02 1.0000e+01 5.6796e-01
2.0000e+02 2.0000e+01 1.9428e+00
2.0000e+02 3.0000e+01 6.9587e-01
2.0000e+02 4.0000e+01 -8.2159e-01
2.0000e+02 5.0000e+01 -1.8002e+00
2.0000e+02 6.0000e+01 2.6983e+00
2.0000e+02 7.0000e+01 -1.2979e+00
2.0000e+02 8.0000e+01 1.8329e+00
2.0000e+02 9.0000e+01 -2.5885e+00
2.0000e+02 1.0000e+02 2.1384e+00
2.0000e+02 1.1000e+02 -2.0546e+00
2.0000e+02 1.2000e+02 1.2456e+00
2.0000e+02 1.3000e+02 1.4933e-01
2.0000e+02 1.4000e+02 7.4527e-01
2.0000e+02 1.5000e+02 -1.1490e+00
2.0000e+02 1.6000e+02 -9.7171e-01
2.0000e+02 1.7000e+02 1.6417e+00
2.0000e+02 1.8000e+02 1.9634e-01
2.0000e+02 1.9000e+02 -1.4825e+00
2.0000e+02 2.0000e+02 -1.9590e-01
