-2.0000e+02 -2.0000e+02 9.2357e-01
-2.0000e+02 -1.9000e+02 -2.9991e-01
-2.0000e+02 -1.8000e+02 8.4356e-01
-2.0000e+02 -1.7000e+02 -2.2514e-01
-2.0000e+02 -1.6000e+02 -5.5820e-01
-2.0000e+02 -1.5000e+02 1.1230e+00
-2.0000e+02 -1.4000e+02 -3.8571e+00
-2.0000e+02 -1.3000e+02 -1.7042e-02
-2.0000e+02 -1.2000e+02 2.4117e+00
-2.0000e+02 -1.1000e+02 6.8259e-01
-2.0000e+02 -1.0000e+02 9.3013e-01
-2.0000e+02 -9.0000e+01 -1.0429e+00
-2.0000e+02 -8.0000e+01 -1.7597e+00
-2.0000e+02 -7.0000e+01 -1.0282e+00
-2.0000e+02 -6.0000e+01 1.2744e+00
-2.0000e+02 -5.0000e+01 2.6477e+00
-2.0000e+02 -4.0000e+01 -1.4844e+00
-2.0000e+02 -3.0000e+01 1.0072e-01
-2.0000e+02 -2.0000e+01 -7.1717e-01
-2.0000e+02 -1.0000e+01 -2.2972e+00
-2.0000e+02 0.0000e+00 -2.5770e+00
-2.0000e+02 1.0000e+01 1.7440e+00
-2.0000e+02 2.0000e+01 1.1165e+00
-2.0000e+02 3.0000e+01 1.1521e+00
-2.0000e+02 4.0000e+01 -7.5152e-01
-2.0000e+02 5.0000e+01 8.7534e-01
-2.0000e+02 6.0000e+01 1.1966e+00
-2.0000e+02 7.0000e+01 6.2537e-01
-2.0000e+02 8.0000e+01 7.2951e-01
-2.0000e+02 9.0000e+01 -7.2435e-01
-2.0000e+02 1.0000e+02 5.2452e-02
-2.0000e+02 1.1000e+02 -1.9186e-01
-2.0000e+02 1.2000e+02 6.5087e-01
-2.0000e+02 1.3000e+02 -3.2081e-01
-2.0000e+02 1.4000e+02 -2.4550e+00
-2.0000e+02 1.5000e+02 -2.0560e+00
-2.0000e+02 1.6000e+02 -4.8622e-01
-2.0000e+02 1.7000e+02 -2.7441e+00
-2.0000e+02 1.8000e+02 9.5996e-01
-2.0000e+02 1.9000e+02 1.5804e+00
-2.0000e+02 2.0000e+02 6.5050e-01
-1.9000e+02 -2.0000e+02 3.8989e-01
-1.9000e+02 -1.9000e+02 -1.6087e-01
-1.9000e+02 -1.8000e+02 1.3652e+00
-1.9000e+02 -1.7000e+02 1.1168e+00
-1.9000e+02 -1.6000e+02 1.8397e+00
-1.9000e+02 -1.5000e+02 -8.2012e-02
-1.9000e+02 -1.4000e+02 1.2463e+00
-1.9000e+02 -1.3000e+02 1.6285e+00
-1.9000e+02 -1.2000e+02 8.8220e-01
-1.9000e+02 -1.1000e+02 -1.1371e+00
-1.9000e+02 -1.0000e+02 1.7747e+00
-1.9000e+02 -9.0000e+01 -6.1881e-01
-1.9000e+02 -8.0000e+01 -1.8468e+00
-1.9000e+02 -7.0000e+01 1.7760e+00
-1.9000e+02 -6.0000e+01 -9.7949e-01
-1.9000e+02 -5.0000e+01 1.6934e+00
-1.9000e+02 -4.0000e+01 -1.8473e+00
-1.9000e+02 -3.0000e+01 2.7431e+00
-1.9000e+02 -2.0000e+01 1.5682e+00
-1.9000e+02 -1.0000e+01 1.0795e+00
-1.9000e+02 0.0000e+00 -1.2021e-01
-1.9000e+02 1.0000e+01 3.4416e+00
-1.9000e+02 2.0000e+01 -9.0543e-01
-1.9000e+02 3.0000e+01 -2.5761e+00
-1.9000e+02 4.0000e+01 1.1012e+00
-1.9000e+02 5.0000e+01 1.4457e+00
-1.9000e+02 6.0000e+01 -8.8727e-02
-1.9000e+02 7.0000e+01 6.5492e-01
-1.9000e+02 8.0000e+01 -5.1547e-01
-1.9000e+02 9.0000e+01 -5.3273e-01
-1.9000e+02 1.0000e+02 -3.3951e+00
-1.9000e+02 1.1000e+02 -1.0850e+00
-1.9000e+02 1.2000e+02 -1.4796e+00
-1.9000e+02 1.3000e+02 1.5816e+00
-1.9000e+02 1.4000e+02 -2.0562e-01
-1.9000e+02 1.5000e+02 3.1078e+00
-1.9000e+02 1.6000e+02 -1.5059e+00
-1.9000e+02 1.7000e+02 -7.9089e-01
-1.9000e+02 1.8000e+02 -3.2386e+00
-1.9000e+02 1.9000e+02 8.8048e-01
-1.9000e+02 2.0000e+02 -1.7230e+00
-1.8000e+02 -2.0000e+02 7.8741e-01
-1.8000e+02 -1.9000e+02 2.2933e+00
-1.8000e+02 -1.8000e+02 4.6615e-01
-1.8000e+02 -1.7000e+02 -7.2438e-01
-1.8000e+02 -1.6000e+02 1.2611e+00
-1.8000e+02 -1.5000e+02 1.6066e+00
-1.8000e+02 -1.4000e+02 2.0530e+00
-1.8000e+02 -1.3000e+02 5.4630e-01
-1.8000e+02 -1.2000e+02 7.4870e-01
-1.8000e+02 -1.1000e+02 5.4467e-01
-1.8000e+02 -1.0000e+02 -2.2486e+00
-1.8000e+02 -9.0000e+01 -5.4981e-01
-1.8000e+02 -8.0000e+01 -7.7348e-01
-1.8000e+02 -7.0000e+01 5.2789e-01
-1.8000e+02 -6.0000e+01 7.8811e-01
-1.8000e+02 -5.0000e+01 -5.7145e-01
-1.8000e+02 -4.0000e+01 7.7363e-01
-1.8000e+02 -3.0000e+01 1.9271e+00
-1.8000e+02 -2.0000e+01 -1.4746e+00
-1.8000e+02 -1.0000e+01 3.1258e+00
-1.8000e+02 0.0000e+00 1.7140e+00
-1.8000e+02 1.0000e+01 -7.2905e-02
-1.8000e+02 2.0000e+01 9.4123e-02
-1.8000e+02 3.0000e+01 -3.3100e-01
-1.8000e+02 4.0000e+01 -1.1565e+00
-1.8000e+02 5.0000e+01 -2.0815e+00
-1.8000e+02 6.0000e+01 8.6129e-01
-1.8000e+02 7.0000e+01 -1.0692e+00
-1.8000e+02 8.0000e+01 -1.1628e+00
-1.8000e+02 9.0000e+01 4.3910e-01
-1.8000e+02 1.0000e+02 -7.2182e-02
-1.8000e+02 1.1000e+02 1.4115e+00
-1.8000e+02 1.2000e+02 -4.3584e-01
-1.8000e+02 1.3000e+02 -1.4910e+00
-1.8000e+02 1.4000e+02 1.6826e-01
-1.8000e+02 1.5000e+02 7.7313e-02
-1.8000e+02 1.6000e+02 -3.4992e+00
-1.8000e+02 1.7000e+02 -2.8396e+00
-1.8000e+02 1.8000e+02 1.0418e+00
-1.8000e+02 1.9000e+02 1.5370e-01
-1.8000e+02 2.0000e+02 3.2595e-01
-1.7000e+02 -2.0000e+02 -1.5078e+00
-1.7000e+02 -1.9000e+02 3.4433e-01
-1.7000e+02 -1.8000e+02 2.5547e+00
-1.7000e+02 -1.7000e+02 -1.2276e+00
-1.7000e+02 -1.6000e+02 -2.0200e+00
-1.7000e+02 -1.5000e+02 9.3911e-01
-1.7000e+02 -1.4000e+02 1.8970e-01
-1.7000e+02 -1.3000e+02 -1.6968e+00
-1.7000e+02 -1.2000e+02 -2.0425e+00
-1.7000e+02 -1.1000e+02 2.8030e+00
-1.7000e+02 -1.0000e+02 2.9874e+00
-1.7000e+02 -9.0000e+01 4.1335e+00
-1.7000e+02 -8.0000e+01 -1.3568e+00
-1.7000e+02 -7.0000e+01 -7.1205e-01
-1.7000e+02 -6.0000e+01 1.6341e-01
-1.7000e+02 -5.0000e+01 1.7643e+00
-1.7000e+02 -4.0000e+01 2.1048e+00
-1.7000e+02 -3.0000e+01 -1.2670e+00
-1.7000e+02 -2.0000e+01 1.8204e-01
-1.7000e+02 -1.0000e+01 7.6886e-01
-1.7000e+02 0.0000e+00 -2.5301e+00
-1.7000e+02 1.0000e+01 -3.2600e+00
-1.7000e+02 2.0000e+01 4.2580e-01
-1.7000e+02 3.0000e+01 -6.3906e-01
-1.7000e+02 4.0000e+01 -6.8122e-01
-1.7000e+02 5.0000e+01 -3.9806e+00
-1.7000e+02 6.0000e+01 1.9795e+00
-1.7000e+02 7.0000e+01 -1.1047e+00
-1.7000e+02 8.0000e+01 2.0642e+00
-1.7000e+02 9.0000e+01 8.2755e-01
-1.7000e+02 1.0000e+02 1.4951e-03
-1.7000e+02 1.1000e+02 1.2232e+00
-1.7000e+02 1.2000e+02 4.4188e-01
-1.7000e+02 1.3000e+02 6.4306e-01
-1.7000e+02 1.4000e+02 2.4152e+00
-1.7000e+02 1.5000e+02 6.6302e-01
-1.7000e+02 1.6000e+02 -2.5211e+00
-1.7000e+02 1.7000e+02 1.0430e+00
-1.7000e+02 1.8000e+02 -4.5168e-01
-1.7000e+02 1.9000e+02 2.1643e+00
-1.7000e+02 2.0000e+02 3.2891e+00
-1.6000e+02 -2.0000e+02 -9.3102e-01
-1.6000e+02 -1.9000e+02 -1.8972e+00
-1.6000e+02 -1.8000e+02 4.7448e-01
-1.6000e+02 -1.7000e+02 2.7765e+00
-1.6000e+02 -1.6000e+02 -9.3502e-01
-1.6000e+02 -1.5000e+02 5.3783e-01
-1.6000e+02 -1.4000e+02 -1.1575e+00
-1.6000e+02 -1.3000e+02 -2.5613e+00
-1.6000e+02 -1.2000e+02 8.8840e-02
-1.6000e+02 -1.1000e+02 -2.1371e+00
-1.6000e+02 -1.0000e+02 -4.5507e-01
-1.6000e+02 -9.0000e+01 -3.1093e-01
-1.6000e+02 -8.0000e+01 -4.5053e-01
-1.6000e+02 -7.0000e+01 2.1051e+00
-1.6000e+02 -6.0000e+01 -1.0469e+00
-1.6000e+02 -5.0000e+01 -2.8710e+00
-1.6000e+02 -4.0000e+01 2.4386e+00
-1.6000e+02 -3.0000e+01 4.6085e-01
-1.6000e+02 -2.0000e+01 -8.1623e-01
-1.6000e+02 -1.0000e+01 1.6746e+00
-1.6000e+02 0.0000e+00 3.4021e-01
-1.6000e+02 1.0000e+01 2.8126e-01
-1.6000e+02 2.0000e+01 -1.5203e-01
-1.6000e+02 3.0000e+01 -8.0060e-01
-1.6000e+02 4.0000e+01 -1.7631e+00
-1.6000e+02 5.0000e+01 7.4720e-01
-1.6000e+02 6.0000e+01 -3.2065e-01
-1.6000e+02 7.0000e+01 -2.4593e+00
-1.6000e+02 8.0000e+01 -1.3197e-01
-1.6000e+02 9.0000e+01 -2.4884e+00
-1.6000e+02 1.0000e+02 3.5247e-01
-1.6000e+02 1.1000e+02 -3.5285e-01
-1.6000e+02 1.2000e+02 -7.7909e-01
-1.6000e+02 1.3000e+02 -1.1938e-01
-1.6000e+02 1.4000e+02 -3.4394e+00
-1.6000e+02 1.5000e+02 -3.9503e-01
-1.6000e+02 1.6000e+02 1.2616e+00
-1.6000e+02 1.7000e+02 1.1524e+00
-1.6000e+02 1.8000e+02 -1.4541e+00
-1.6000e+02 1.9000e+02 -1.5489e+00
-1.6000e+02 2.0000e+02 2.1929e-01
-1.5000e+02 -2.0000e+02 -8.3126e-01
-1.5000e+02 -1.9000e+02 8.0630e-01
-1.5000e+02 -1.8000e+02 -9.8790e-02
-1.5000e+02 -1.7000e+02 -3.5669e-01
-1.5000e+02 -1.6000e+02 -9.6118e-01
-1.5000e+02 -1.5000e+02 1.4325e+00
-1.5000e+02 -1.4000e+02 1.4563e+00
-1.5000e+02 -1.3000e+02 -9.0837e-01
-1.5000e+02 -1.2000e+02 -1.8780e-01
-1.5000e+02 -1.1000e+02 6.1847e-01
-1.5000e+02 -1.0000e+02 -1.1186e+00
-1.5000e+02 -9.0000e+01 -3.1206e-01
-1.5000e+02 -8.0000e+01 -1.0630e+00
-1.5000e+02 -7.0000e+01 -5.0481e-01
-1.5000e+02 -6.0000e+01 -1.1557e+00
-1.5000e+02 -5.0000e+01 1.2350e+00
-1.5000e+02 -4.0000e+01 -1.9973e+00
-1.5000e+02 -3.0000e+01 -2.2439e+00
-1.5000e+02 -2.0000e+01 -6.4739e-01
-1.5000e+02 -1.0000e+01 -7.5059e-01
-1.5000e+02 0.0000e+00 6.0166e-01
-1.5000e+02 1.0000e+01 6.5910e-01
-1.5000e+02 2.0000e+01 1.7883e-02
-1.5000e+02 3.0000e+01 -7.8488e-01
-1.5000e+02 4.0000e+01 -1.3176e+00
-1.5000e+02 5.0000e+01 6.7926e-01
-1.5000e+02 6.0000e+01 3.8373e-01
-1.5000e+02 7.0000e+01 -1.0046e+00
-1.5000e+02 8.0000e+01 -4.0184e-01
-1.5000e+02 9.0000e+01 7.9409e-02
-1.5000e+02 1.0000e+02 -8.1835e-01
-1.5000e+02 1.1000e+02 4.2743e-01
-1.5000e+02 1.2000e+02 -1.1541e-01
-1.5000e+02 1.3000e+02 -1.7178e-01
-1.5000e+02 1.4000e+02 1.9861e-01
-1.5000e+02 1.5000e+02 -6.1978e-01
-1.5000e+02 1.6000e+02 -2.6287e+00
-1.5000e+02 1.7000e+02 1.7294e+00
-1.5000e+02 1.8000e+02 7.7737e-01
-1.5000e+02 1.9000e+02 5.3528e-01
-1.5000e+02 2.0000e+02 -1.1490e+00
-1.4000e+02 -2.0000e+02 -2.0373e+00
-1.4000e+02 -1.9000e+02 -3.2540e+00
-1.4000e+02 -1.8000e+02 -1.7880e+00
-1.4000e+02 -1.7000e+02 -2.9344e+00
-1.4000e+02 -1.6000e+02 -2.3187e-01
-1.4000e+02 -1.5000e+02 -9.8186e-01
-1.4000e+02 -1.4000e+02 6.3806e-01
-1.4000e+02 -1.3000e+02 2.2442e-01
-1.4000e+02 -1.2000e+02 -5.1944e-01
-1.4000e+02 -1.1000e+02 -4.1259e+00
-1.4000e+02 -1.0000e+02 -7.9762e-01
-1.4000e+02 -9.0000e+01 -9.4375e-02
-1.4000e+02 -8.0000e+01 5.0304e-01
-1.4000e+02 -7.0000e+01 1.6865e+00
-1.4000e+02 -6.0000e+01 7.1963e-01
-1.4000e+02 -5.0000e+01 -9.1305e-01
-1.4000e+02 -4.0000e+01 -1.3959e+00
-1.4000e+02 -3.0000e+01 -1.0408e+00
-1.4000e+02 -2.0000e+01 5.9652e-01
-1.4000e+02 -1.0000e+01 8.2159e-01
-1.4000e+02 0.0000e+00 -5.2037e-01
-1.4000e+02 1.0000e+01 -3.5544e+00
-1.4000e+02 2.0000e+01 -2.2552e+00
-1.4000e+02 3.0000e+01 3.6703e-02
-1.4000e+02 4.0000e+01 8.4723e-01
-1.4000e+02 5.0000e+01 3.0149e-01
-1.4000e+02 6.0000e+01 7.6778e-01
-1.4000e+02 7.0000e+01 -3.1276e-01
-1.4000e+02 8.0000e+01 -3.8611e+00
-1.4000e+02 9.0000e+01 -1.7215e+00
-1.4000e+02 1.0000e+02 1.5264e-01
-1.4000e+02 1.1000e+02 4.8649e-01
-1.4000e+02 1.2000e+02 -3.5078e-01
-1.4000e+02 1.3000e+02 -1.8652e+00
-1.4000e+02 1.4000e+02 -9.8482e-01
-1.4000e+02 1.5000e+02 -2.3127e+00
-1.4000e+02 1.6000e+02 4.1958e+00
-1.4000e+02 1.7000e+02 -1.8624e+00
-1.4000e+02 1.8000e+02 -3.2022e-01
-1.4000e+02 1.9000e+02 1.4417e-01
-1.4000e+02 2.0000e+02 5.0041e-01
-1.3000e+02 -2.0000e+02 -1.0508e+00
-1.3000e+02 -1.9000e+02 1.2727e-01
-1.3000e+02 -1.8000e+02 -1.0159e-02
-1.3000e+02 -1.7000e+02 -7.0783e-01
-1.3000e+02 -1.6000e+02 -2.1455e-01
-1.3000e+02 -1.5000e+02 -3.5172e-01
-1.3000e+02 -1.4000e+02 -8.6732e-01
-1.3000e+02 -1.3000e+02 -1.6168e+00
-1.3000e+02 -1.2000e+02 -2.0382e-01
-1.3000e+02 -1.1000e+02 1.7659e+00
-1.3000e+02 -1.0000e+02 -8.9249e-01
-1.3000e+02 -9.0000e+01 -1.8133e+00
-1.3000e+02 -8.0000e+01 2.6400e-01
-1.3000e+02 -7.0000e+01 6.6517e-01
-1.3000e+02 -6.0000e+01 -3.9806e-01
-1.3000e+02 -5.0000e+01 -2.5127e+00
-1.3000e+02 -4.0000e+01 -1.2971e+00
-1.3000e+02 -3.0000e+01 -1.0203e-02
-1.3000e+02 -2.0000e+01 2.7471e-01
-1.3000e+02 -1.0000e+01 -2.4064e+00
-1.3000e+02 0.0000e+00 -7.1661e-01
-1.3000e+02 1.0000e+01 -2.4290e+00
-1.3000e+02 2.0000e+01 -2.8698e+00
-1.3000e+02 3.0000e+01 2.7749e-01
-1.3000e+02 4.0000e+01 -2.0287e+00
-1.3000e+02 5.0000e+01 -1.5627e+00
-1.3000e+02 6.0000e+01 -1.6344e-01
-1.3000e+02 7.0000e+01 1.9161e+00
-1.3000e+02 8.0000e+01 -2.6346e+00
-1.3000e+02 9.0000e+01 -3.6007e+00
-1.3000e+02 1.0000e+02 1.9690e+00
-1.3000e+02 1.1000e+02 1.2675e+00
-1.3000e+02 1.2000e+02 1.1940e+00
-1.3000e+02 1.3000e+02 1.3889e+00
-1.3000e+02 1.4000e+02 2.4975e+00
-1.3000e+02 1.5000e+02 2.6442e+00
-1.3000e+02 1.6000e+02 9.9244e-01
-1.3000e+02 1.7000e+02 -1.3777e+00
-1.3000e+02 1.8000e+02 -7.9870e-01
-1.3000e+02 1.9000e+02 2.0629e+00
-1.3000e+02 2.0000e+02 -4.7380e-01
-1.2000e+02 -2.0000e+02 1.1926e+00
-1.2000e+02 -1.9000e+02 3.4068e+00
-1.2000e+02 -1.8000e+02 -2.2380e-01
-1.2000e+02 -1.7000e+02 6.4733e-01
-1.2000e+02 -1.6000e+02 5.6930e-01
-1.2000e+02 -1.5000e+02 2.2116e+00
-1.2000e+02 -1.4000e+02 -1.2173e+00
-1.2000e+02 -1.3000e+02 1.1708e+00
-1.2000e+02 -1.2000e+02 1.6237e-01
-1.2000e+02 -1.1000e+02 -1.7342e+00
-1.2000e+02 -1.0000e+02 -7.4263e-01
-1.2000e+02 -9.0000e+01 -2.6186e+00
-1.2000e+02 -8.0000e+01 -2.2862e+00
-1.2000e+02 -7.0000e+01 2.7181e+00
-1.2000e+02 -6.0000e+01 -9.3857e-01
-1.2000e+02 -5.0000e+01 -1.7608e+00
-1.2000e+02 -4.0000e+01 -2.0169e+00
-1.2000e+02 -3.0000e+01 8.0296e-02
-1.2000e+02 -2.0000e+01 -2.8842e-01
-1.2000e+02 -1.0000e+01 -2.8352e+00
-1.2000e+02 0.0000e+00 -4.4981e+00
-1.2000e+02 1.0000e+01 -9.1595e-01
-1.2000e+02 2.0000e+01 -3.7589e+00
-1.2000e+02 3.0000e+01 -4.0396e+00
-1.2000e+02 4.0000e+01 1.0236e-02
-1.2000e+02 5.0000e+01 -8.8636e-01
-1.2000e+02 6.0000e+01 -2.0706e-01
-1.2000e+02 7.0000e+01 -9.3552e-01
-1.2000e+02 8.0000e+01 8.4141e-01
-1.2000e+02 9.0000e+01 1.6155e+00
-1.2000e+02 1.0000e+02 -1.3813e+00
-1.2000e+02 1.1000e+02 -6.8778e-03
-1.2000e+02 1.2000e+02 -2.1995e+00
-1.2000e+02 1.3000e+02 8.8825e-01
-1.2000e+02 1.4000e+02 1.1226e+00
-1.2000e+02 1.5000e+02 -4.9680e-01
-1.2000e+02 1.6000e+02 6.6408e-01
-1.2000e+02 1.7000e+02 1.0994e+00
-1.2000e+02 1.8000e+02 2.6970e-01
-1.2000e+02 1.9000e+02 2.3525e+00
-1.2000e+02 2.0000e+02 2.9481e-01
-1.1000e+02 -2.0000e+02 1.1171e+00
-1.1000e+02 -1.9000e+02 -3.6833e-01
-1.1000e+02 -1.8000e+02 1.4750e+00
-1.1000e+02 -1.7000e+02 -3.0146e+00
-1.1000e+02 -1.6000e+02 -3.1308e+00
-1.1000e+02 -1.5000e+02 -1.3795e+00
-1.1000e+02 -1.4000e+02 1.1278e+00
-1.1000e+02 -1.3000e+02 -1.5181e+00
-1.1000e+02 -1.2000e+02 -2.2423e+00
-1.1000e+02 -1.1000e+02 -1.3356e+00
-1.1000e+02 -1.0000e+02 4.1846e-01
-1.1000e+02 -9.0000e+01 -1.0046e+00
-1.1000e+02 -8.0000e+01 9.8380e-01
-1.1000e+02 -7.0000e+01 -8.7806e-01
-1.1000e+02 -6.0000e+01 -4.0603e+00
-1.1000e+02 -5.0000e+01 -2.0765e+00
-1.1000e+02 -4.0000e+01 3.3910e-01
-1.1000e+02 -3.0000e+01 -2.1930e+00
-1.1000e+02 -2.0000e+01 -1.6733e+00
-1.1000e+02 -1.0000e+01 -1.4733e-01
-1.1000e+02 0.0000e+00 -2.6488e+00
-1.1000e+02 1.0000e+01 -1.4520e+00
-1.1000e+02 2.0000e+01 -3.2232e+00
-1.1000e+02 3.0000e+01 -7.7419e-01
-1.1000e+02 4.0000e+01 8.8877e-03
-1.1000e+02 5.0000e+01 -1.4884e+00
-1.1000e+02 6.0000e+01 -1.9988e+00
-1.1000e+02 7.0000e+01 1.0882e+00
-1.1000e+02 8.0000e+01 -4.7651e-01
-1.1000e+02 9.0000e+01 -3.9433e+00
-1.1000e+02 1.0000e+02 -1.9517e+00
-1.1000e+02 1.1000e+02 6.2089e-01
-1.1000e+02 1.2000e+02 4.3921e-01
-1.1000e+02 1.3000e+02 -8.6605e-01
-1.1000e+02 1.4000e+02 3.0023e-01
-1.1000e+02 1.5000e+02 1.3046e+00
-1.1000e+02 1.6000e+02 1.5605e+00
-1.1000e+02 1.7000e+02 1.4620e+00
-1.1000e+02 1.8000e+02 -1.1646e+00
-1.1000e+02 1.9000e+02 -2.5670e+00
-1.1000e+02 2.0000e+02 -1.8489e+00
-1.0000e+02 -2.0000e+02 -2.0974e+00
-1.0000e+02 -1.9000e+02 7.4429e-01
-1.0000e+02 -1.8000e+02 2.6788e+00
-1.0000e+02 -1.7000e+02 1.2122e-01
-1.0000e+02 -1.6000e+02 -2.7743e+00
-1.0000e+02 -1.5000e+02 -1.3819e+00
-1.0000e+02 -1.4000e+02 -1.0885e+00
-1.0000e+02 -1.3000e+02 4.4315e-01
-1.0000e+02 -1.2000e+02 8.7298e-02
-1.0000e+02 -1.1000e+02 1.3445e+00
-1.0000e+02 -1.0000e+02 -7.5635e-01
-1.0000e+02 -9.0000e+01 -1.1539e+00
-1.0000e+02 -8.0000e+01 -1.5883e+00
-1.0000e+02 -7.0000e+01 -1.8056e+00
-1.0000e+02 -6.0000e+01 -1.1596e+00
-1.0000e+02 -5.0000e+01 -3.4752e+00
-1.0000e+02 -4.0000e+01 -1.4851e+00
-1.0000e+02 -3.0000e+01 -1.9387e+00
-1.0000e+02 -2.0000e+01 -3.6586e+00
-1.0000e+02 -1.0000e+01 -5.0648e+00
-1.0000e+02 0.0000e+00 -3.4082e+00
-1.0000e+02 1.0000e+01 -2.1260e+00
-1.0000e+02 2.0000e+01 -1.2087e+00
-1.0000e+02 3.0000e+01 -2.9223e+00
-1.0000e+02 4.0000e+01 -2.0168e+00
-1.0000e+02 5.0000e+01 -5.4132e-01
-1.0000e+02 6.0000e+01 -2.7334e+00
-1.0000e+02 7.0000e+01 -1.9020e+00
-1.0000e+02 8.0000e+01 -8.8520e-01
-1.0000e+02 9.0000e+01 -1.6922e+00
-1.0000e+02 1.0000e+02 5.3927e-02
-1.0000e+02 1.1000e+02 -1.1997e+00
-1.0000e+02 1.2000e+02 -1.3501e+00
-1.0000e+02 1.3000e+02 -4.8653e-01
-1.0000e+02 1.4000e+02 -2.9552e-02
-1.0000e+02 1.5000e+02 8.8265e-02
-1.0000e+02 1.6000e+02 4.0853e-01
-1.0000e+02 1.7000e+02 2.8616e-01
-1.0000e+02 1.8000e+02 1.9367e+00
-1.0000e+02 1.9000e+02 -3.3857e+00
-1.0000e+02 2.0000e+02 -4.1383e+00
-9.0000e+01 -2.0000e+02 -6.3414e-01
-9.0000e+01 -1.9000e+02 -3.0252e+00
-9.0000e+01 -1.8000e+02 -2.6533e+00
-9.0000e+01 -1.7000e+02 1.9244e-03
-9.0000e+01 -1.6000e+02 -4.7987e-01
-9.0000e+01 -1.5000e+02 -3.9234e+00
-9.0000e+01 -1.4000e+02 -6.9165e-01
-9.0000e+01 -1.3000e+02 -1.4424e+00
-9.0000e+01 -1.2000e+02 2.7803e+00
-9.0000e+01 -1.1000e+02 -2.9476e+00
-9.0000e+01 -1.0000e+02 -1.3828e+00
-9.0000e+01 -9.0000e+01 5.3083e-01
-9.0000e+01 -8.0000e+01 -3.5895e-01
-9.0000e+01 -7.0000e+01 -2.3978e+00
-9.0000e+01 -6.0000e+01 -2.4039e+00
-9.0000e+01 -5.0000e+01 -3.9418e+00
-9.0000e+01 -4.0000e+01 -3.3275e+00
-9.0000e+01 -3.0000e+01 -3.9853e+00
-9.0000e+01 -2.0000e+01 -4.6883e+00
-9.0000e+01 -1.0000e+01 -3.1362e+00
-9.0000e+01 0.0000e+00 -4.2522e+00
-9.0000e+01 1.0000e+01 -1.5034e+00
-9.0000e+01 2.0000e+01 -5.0764e+00
-9.0000e+01 3.0000e+01 -3.9734e+00
-9.0000e+01 4.0000e+01 -3.3750e+00
-9.0000e+01 5.0000e+01 -3.6396e+00
-9.0000e+01 6.0000e+01 -1.0405e+00
-9.0000e+01 7.0000e+01 -2.6300e+00
-9.0000e+01 8.0000e+01 -1.2172e+00
-9.0000e+01 9.0000e+01 -2.1879e+00
-9.0000e+01 1.0000e+02 -2.1434e+00
-9.0000e+01 1.1000e+02 1.3061e+00
-9.0000e+01 1.2000e+02 -2.5760e+00
-9.0000e+01 1.3000e+02 2.1294e+00
-9.0000e+01 1.4000e+02 4.0217e-01
-9.0000e+01 1.5000e+02 -1.5125e+00
-9.0000e+01 1.6000e+02 -1.5881e-02
-9.0000e+01 1.7000e+02 1.3616e+00
-9.0000e+01 1.8000e+02 -6.6367e-01
-9.0000e+01 1.9000e+02 -3.3005e+00
-9.0000e+01 2.0000e+02 -1.5298e+00
-8.0000e+01 -2.0000e+02 1.4414e+00
-8.0000e+01 -1.9000e+02 1.4990e+00
-8.0000e+01 -1.8000e+02 -1.4571e+00
-8.0000e+01 -1.7000e+02 9.7135e-01
-8.0000e+01 -1.6000e+02 -9.1986e-01
-8.0000e+01 -1.5000e+02 -1.1434e+00
-8.0000e+01 -1.4000e+02 2.2952e+00
-8.0000e+01 -1.3000e+02 9.0457e-01
-8.0000e+01 -1.2000e+02 -7.4156e-01
-8.0000e+01 -1.1000e+02 -6.6006e-01
-8.0000e+01 -1.0000e+02 -1.1819e+00
-8.0000e+01 -9.0000e+01 -4.1323e+00
-8.0000e+01 -8.0000e+01 -3.1880e+00
-8.0000e+01 -7.0000e+01 -2.6127e+00
-8.0000e+01 -6.0000e+01 -5.3800e+00
-8.0000e+01 -5.0000e+01 -5.9413e+00
-8.0000e+01 -4.0000e+01 -3.5808e+00
-8.0000e+01 -3.0000e+01 -4.4109e+00
-8.0000e+01 -2.0000e+01 -6.9255e+00
-8.0000e+01 -1.0000e+01 -8.5312e+00
-8.0000e+01 0.0000e+00 -3.9906e+00
-8.0000e+01 1.0000e+01 -5.0728e+00
-8.0000e+01 2.0000e+01 -6.5778e+00
-8.0000e+01 3.0000e+01 -4.5871e+00
-8.0000e+01 4.0000e+01 -6.8963e+00
-8.0000e+01 5.0000e+01 -3.5553e+00
-8.0000e+01 6.0000e+01 -4.0240e+00
-8.0000e+01 7.0000e+01 -4.1481e+00
-8.0000e+01 8.0000e+01 -4.3061e-01
-8.0000e+01 9.0000e+01 -1.1907e+00
-8.0000e+01 1.0000e+02 -7.0294e-01
-8.0000e+01 1.1000e+02 -4.6803e-01
-8.0000e+01 1.2000e+02 -1.6494e-01
-8.0000e+01 1.3000e+02 -2.4641e-01
-8.0000e+01 1.4000e+02 -6.0712e-01
-8.0000e+01 1.5000e+02 -2.0263e+00
-8.0000e+01 1.6000e+02 1.5465e+00
-8.0000e+01 1.7000e+02 -1.5119e-01
-8.0000e+01 1.8000e+02 -4.8438e-01
-8.0000e+01 1.9000e+02 -1.1519e+00
-8.0000e+01 2.0000e+02 3.0748e+00
-7.0000e+01 -2.0000e+02 -6.8525e-01
-7.0000e+01 -1.9000e+02 5.1818e-01
-7.0000e+01 -1.8000e+02 2.3410e-01
-7.0000e+01 -1.7000e+02 -7.2188e-01
-7.0000e+01 -1.6000e+02 7.0922e-01
-7.0000e+01 -1.5000e+02 1.8575e+00
-7.0000e+01 -1.4000e+02 4.0964e-01
-7.0000e+01 -1.3000e+02 -2.5228e+00
-7.0000e+01 -1.2000e+02 -1.5743e+00
-7.0000e+01 -1.1000e+02 -6.3497e-01
-7.0000e+01 -1.0000e+02 5.3321e-01
-7.0000e+01 -9.0000e+01 -1.2166e+00
-7.0000e+01 -8.0000e+01 -4.7573e+00
-7.0000e+01 -7.0000e+01 -2.7614e+00
-7.0000e+01 -6.0000e+01 -4.6048e+00
-7.0000e+01 -5.0000e+01 -7.8258e+00
-7.0000e+01 -4.0000e+01 -4.3636e+00
-7.0000e+01 -3.0000e+01 -5.1119e+00
-7.0000e+01 -2.0000e+01 -4.1494e+00
-7.0000e+01 -1.0000e+01 -8.1452e+00
-7.0000e+01 0.0000e+00 -7.1450e+00
-7.0000e+01 1.0000e+01 -5.0584e+00
-7.0000e+01 2.0000e+01 -4.2609e+00
-7.0000e+01 3.0000e+01 -5.4140e+00
-7.0000e+01 4.0000e+01 -4.4382e+00
-7.0000e+01 5.0000e+01 -6.8294e+00
-7.0000e+01 6.0000e+01 -4.7714e+00
-7.0000e+01 7.0000e+01 -3.0402e+00
-7.0000e+01 8.0000e+01 -1.8518e+00
-7.0000e+01 9.0000e+01 -2.4214e+00
-7.0000e+01 1.0000e+02 -2.1601e+00
-7.0000e+01 1.1000e+02 1.9211e+00
-7.0000e+01 1.2000e+02 -1.7494e+00
-7.0000e+01 1.3000e+02 1.4224e+00
-7.0000e+01 1.4000e+02 -1.4543e+00
-7.0000e+01 1.5000e+02 -1.7576e+00
-7.0000e+01 1.6000e+02 -4.9826e-02
-7.0000e+01 1.7000e+02 3.5159e+00
-7.0000e+01 1.8000e+02 2.0419e+00
-7.0000e+01 1.9000e+02 3.9876e-01
-7.0000e+01 2.0000e+02 -7.4290e-01
-6.0000e+01 -2.0000e+02 -2.0613e+00
-6.0000e+01 -1.9000e+02 2.6311e+00
-6.0000e+01 -1.8000e+02 -7.2702e-01
-6.0000e+01 -1.7000e+02 7.7434e-01
-6.0000e+01 -1.6000e+02 -7.1454e-02
-6.0000e+01 -1.5000e+02 1.7407e+00
-6.0000e+01 -1.4000e+02 1.7824e+00
-6.0000e+01 -1.3000e+02 -2.7058e+00
-6.0000e+01 -1.2000e+02 1.8801e-01
-6.0000e+01 -1.1000e+02 -2.6845e+00
-6.0000e+01 -1.0000e+02 -1.4079e+00
-6.0000e+01 -9.0000e+01 -2.8641e+00
-6.0000e+01 -8.0000e+01 -5.4401e+00
-6.0000e+01 -7.0000e+01 -5.5392e+00
-6.0000e+01 -6.0000e+01 -4.3440e+00
-6.0000e+01 -5.0000e+01 -8.1947e+00
-6.0000e+01 -4.0000e+01 -5.8795e+00
-6.0000e+01 -3.0000e+01 -8.2494e+00
-6.0000e+01 -2.0000e+01 -8.2111e+00
-6.0000e+01 -1.0000e+01 -1.2042e+01
-6.0000e+01 0.0000e+00 -9.5425e+00
-6.0000e+01 1.0000e+01 -5.8106e+00
-6.0000e+01 2.0000e+01 -8.6577e+00
-6.0000e+01 3.0000e+01 -6.5912e+00
-6.0000e+01 4.0000e+01 -6.7481e+00
-6.0000e+01 5.0000e+01 -5.3931e+00
-6.0000e+01 6.0000e+01 -5.5011e+00
-6.0000e+01 7.0000e+01 -5.2437e+00
-6.0000e+01 8.0000e+01 -5.0395e+00
-6.0000e+01 9.0000e+01 2.2857e-01
-6.0000e+01 1.0000e+02 -1.3605e+00
-6.0000e+01 1.1000e+02 -9.7803e-01
-6.0000e+01 1.2000e+02 -7.3184e-02
-6.0000e+01 1.3000e+02 -2.2461e+00
-6.0000e+01 1.4000e+02 -1.6403e+00
-6.0000e+01 1.5000e+02 5.4119e-01
-6.0000e+01 1.6000e+02 1.1566e-01
-6.0000e+01 1.7000e+02 -2.2700e+00
-6.0000e+01 1.8000e+02 -9.3221e-01
-6.0000e+01 1.9000e+02 1.1385e-01
-6.0000e+01 2.0000e+02 -1.3492e+00
-5.0000e+01 -2.0000e+02 4.3330e-01
-5.0000e+01 -1.9000e+02 1.8991e+00
-5.0000e+01 -1.8000e+02 -1.8843e+00
-5.0000e+01 -1.7000e+02 -8.4137e-01
-5.0000e+01 -1.6000e+02 -1.1663e-01
-5.0000e+01 -1.5000e+02 -2.3006e+00
-5.0000e+01 -1.4000e+02 -9.9359e-01
-5.0000e+01 -1.3000e+02 1.1982e+00
-5.0000e+01 -1.2000e+02 -1.6077e+00
-5.0000e+01 -1.1000e+02 -1.5760e+00
-5.0000e+01 -1.0000e+02 -9.5220e-01
-5.0000e+01 -9.0000e+01 -2.9139e+00
-5.0000e+01 -8.0000e+01 -2.8439e+00
-5.0000e+01 -7.0000e+01 -5.0878e+00
-5.0000e+01 -6.0000e+01 -3.6738e+00
-5.0000e+01 -5.0000e+01 -5.4539e+00
-5.0000e+01 -4.0000e+01 -6.2449e+00
-5.0000e+01 -3.0000e+01 -6.1587e+00
-5.0000e+01 -2.0000e+01 -1.0865e+01
-5.0000e+01 -1.0000e+01 -1.1560e+01
-5.0000e+01 0.0000e+00 -9.6165e+00
-5.0000e+01 1.0000e+01 -9.5534e+00
-5.0000e+01 2.0000e+01 -8.9452e+00
-5.0000e+01 3.0000e+01 -8.8210e+00
-5.0000e+01 4.0000e+01 -9.2656e+00
-5.0000e+01 5.0000e+01 -6.2923e+00
-5.0000e+01 6.0000e+01 -6.4657e+00
-5.0000e+01 7.0000e+01 -4.0709e+00
-5.0000e+01 8.0000e+01 -2.4375e+00
-5.0000e+01 9.0000e+01 -2.4566e+00
-5.0000e+01 1.0000e+02 -4.4303e+00
-5.0000e+01 1.1000e+02 -7.8672e-01
-5.0000e+01 1.2000e+02 -1.1472e-01
-5.0000e+01 1.3000e+02 -2.8706e+00
-5.0000e+01 1.4000e+02 5.1706e-01
-5.0000e+01 1.5000e+02 -6.0581e-01
-5.0000e+01 1.6000e+02 6.6821e-01
-5.0000e+01 1.7000e+02 3.1585e-01
-5.0000e+01 1.8000e+02 -8.8074e-01
-5.0000e+01 1.9000e+02 7.3824e-02
-5.0000e+01 2.0000e+02 1.7218e+00
-4.0000e+01 -2.0000e+02 3.9045e-01
-4.0000e+01 -1.9000e+02 5.8631e-02
-4.0000e+01 -1.8000e+02 -4.1216e-01
-4.0000e+01 -1.7000e+02 3.0293e-01
-4.0000e+01 -1.6000e+02 -1.9041e+00
-4.0000e+01 -1.5000e+02 -7.1422e-01
-4.0000e+01 -1.4000e+02 5.4826e-01
-4.0000e+01 -1.3000e+02 -4.7594e-01
-4.0000e+01 -1.2000e+02 -2.3095e+00
-4.0000e+01 -1.1000e+02 -1.0290e+00
-4.0000e+01 -1.0000e+02 -5.3203e+00
-4.0000e+01 -9.0000e+01 -4.8791e+00
-4.0000e+01 -8.0000e+01 -4.2217e+00
-4.0000e+01 -7.0000e+01 -6.4596e+00
-4.0000e+01 -6.0000e+01 -4.5181e+00
-4.0000e+01 -5.0000e+01 -7.2647e+00
-4.0000e+01 -4.0000e+01 -7.2164e+00
-4.0000e+01 -3.0000e+01 -1.1154e+01
-4.0000e+01 -2.0000e+01 -9.9701e+00
-4.0000e+01 -1.0000e+01 -1.0115e+01
-4.0000e+01 0.0000e+00 -1.3468e+01
-4.0000e+01 1.0000e+01 -1.2750e+01
-4.0000e+01 2.0000e+01 -1.4685e+01
-4.0000e+01 3.0000e+01 -1.1284e+01
-4.0000e+01 4.0000e+01 -8.7440e+00
-4.0000e+01 5.0000e+01 -6.8851e+00
-4.0000e+01 6.0000e+01 -8.3090e+00
-4.0000e+01 7.0000e+01 -3.6358e+00
-4.0000e+01 8.0000e+01 -5.0005e+00
-4.0000e+01 9.0000e+01 -4.7201e+00
-4.0000e+01 1.0000e+02 -9.4774e-01
-4.0000e+01 1.1000e+02 -5.4452e-01
-4.0000e+01 1.2000e+02 -9.8842e-01
-4.0000e+01 1.3000e+02 -1.2449e-02
-4.0000e+01 1.4000e+02 -1.1855e-01
-4.0000e+01 1.5000e+02 -1.4335e+00
-4.0000e+01 1.6000e+02 -3.0124e+00
-4.0000e+01 1.7000e+02 -6.1031e-01
-4.0000e+01 1.8000e+02 -2.2773e-01
-4.0000e+01 1.9000e+02 1.0813e+00
-4.0000e+01 2.0000e+02 3.6916e-01
-3.0000e+01 -2.0000e+02 9.3222e-01
-3.0000e+01 -1.9000e+02 1.4813e+00
-3.0000e+01 -1.8000e+02 4.7050e-01
-3.0000e+01 -1.7000e+02 -1.2522e-01
-3.0000e+01 -1.6000e+02 -4.5385e-01
-3.0000e+01 -1.5000e+02 -2.0068e+00
-3.0000e+01 -1.4000e+02 -6.2521e-01
-3.0000e+01 -1.3000e+02 1.2794e+00
-3.0000e+01 -1.2000e+02 -5.1585e-01
-3.0000e+01 -1.1000e+02 7.8496e-01
-3.0000e+01 -1.0000e+02 -3.7729e+00
-3.0000e+01 -9.0000e+01 -2.4041e+00
-3.0000e+01 -8.0000e+01 -6.3660e+00
-3.0000e+01 -7.0000e+01 -5.3953e+00
-3.0000e+01 -6.0000e+01 -8.6002e+00
-3.0000e+01 -5.0000e+01 -9.7526e+00
-3.0000e+01 -4.0000e+01 -9.8052e+00
-3.0000e+01 -3.0000e+01 -1.3136e+01
-3.0000e+01 -2.0000e+01 -1.1697e+01
-3.0000e+01 -1.0000e+01 -1.2074e+01
-3.0000e+01 0.0000e+00 -1.3001e+01
-3.0000e+01 1.0000e+01 -1.3136e+01
-3.0000e+01 2.0000e+01 -1.1388e+01
-3.0000e+01 3.0000e+01 -1.2381e+01
-3.0000e+01 4.0000e+01 -1.2367e+01
-3.0000e+01 5.0000e+01 -8.7973e+00
-3.0000e+01 6.0000e+01 -8.3865e+00
-3.0000e+01 7.0000e+01 -6.0354e+00
-3.0000e+01 8.0000e+01 -4.2664e+00
-3.0000e+01 9.0000e+01 -4.4829e+00
-3.0000e+01 1.0000e+02 -7.3724e-01
-3.0000e+01 1.1000e+02 -2.2351e+00
-3.0000e+01 1.2000e+02 -3.1985e+00
-3.0000e+01 1.3000e+02 -5.6586e+00
-3.0000e+01 1.4000e+02 -8.5095e-01
-3.0000e+01 1.5000e+02 -1.3866e+00
-3.0000e+01 1.6000e+02 3.4503e-01
-3.0000e+01 1.7000e+02 1.9470e+00
-3.0000e+01 1.8000e+02 -1.5271e-01
-3.0000e+01 1.9000e+02 1.0111e+00
-3.0000e+01 2.0000e+02 -1.4714e+00
-2.0000e+01 -2.0000e+02 -5.0520e-01
-2.0000e+01 -1.9000e+02 8.0001e-01
-2.0000e+01 -1.8000e+02 -1.7588e+00
-2.0000e+01 -1.7000e+02 3.4792e-01
-2.0000e+01 -1.6000e+02 1.5086e+00
-2.0000e+01 -1.5000e+02 -4.0776e-02
-2.0000e+01 -1.4000e+02 -2.3668e+00
-2.0000e+01 -1.3000e+02 -1.8903e+00
-2.0000e+01 -1.2000e+02 9.8895e-01
-2.0000e+01 -1.1000e+02 -1.7778e+00
-2.0000e+01 -1.0000e+02 -2.3117e+00
-2.0000e+01 -9.0000e+01 -5.2093e+00
-2.0000e+01 -8.0000e+01 -4.8656e+00
-2.0000e+01 -7.0000e+01 -5.0273e+00
-2.0000e+01 -6.0000e+01 -6.7508e+00
-2.0000e+01 -5.0000e+01 -8.6626e+00
-2.0000e+01 -4.0000e+01 -1.2632e+01
-2.0000e+01 -3.0000e+01 -1.3224e+01
-2.0000e+01 -2.0000e+01 -1.4653e+01
-2.0000e+01 -1.0000e+01 -1.3953e+01
-2.0000e+01 0.0000e+00 -1.7722e+01
-2.0000e+01 1.0000e+01 -1.3473e+01
-2.0000e+01 2.0000e+01 -1.3096e+01
-2.0000e+01 3.0000e+01 -1.3953e+01
-2.0000e+01 4.0000e+01 -8.6285e+00
-2.0000e+01 5.0000e+01 -1.0990e+01
-2.0000e+01 6.0000e+01 -8.5552e+00
-2.0000e+01 7.0000e+01 -6.8057e+00
-2.0000e+01 8.0000e+01 -3.9679e+00
-2.0000e+01 9.0000e+01 -5.3971e+00
-2.0000e+01 1.0000e+02 -2.1290e+00
-2.0000e+01 1.1000e+02 -7.9921e-01
-2.0000e+01 1.2000e+02 -3.4129e+00
-2.0000e+01 1.3000e+02 -2.0211e+00
-2.0000e+01 1.4000e+02 2.5354e+00
-2.0000e+01 1.5000e+02 -5.9764e-02
-2.0000e+01 1.6000e+02 2.2466e+00
-2.0000e+01 1.7000e+02 -4.1661e-01
-2.0000e+01 1.8000e+02 1.1021e+00
-2.0000e+01 1.9000e+02 -1.8000e-01
-2.0000e+01 2.0000e+02 1.6432e-01
-1.0000e+01 -2.0000e+02 1.4104e+00
-1.0000e+01 -1.9000e+02 6.4237e-01
-1.0000e+01 -1.8000e+02 9.7012e-01
-1.0000e+01 -1.7000e+02 -8.0747e-01
-1.0000e+01 -1.6000e+02 -1.3609e-01
-1.0000e+01 -1.5000e+02 -8.9888e-01
-1.0000e+01 -1.4000e+02 -5.9961e-01
-1.0000e+01 -1.3000e+02 1.0804e+00
-1.0000e+01 -1.2000e+02 -3.0551e+00
-1.0000e+01 -1.1000e+02 -3.3250e+00
-1.0000e+01 -1.0000e+02 -5.3346e+00
-1.0000e+01 -9.0000e+01 -4.5098e+00
-1.0000e+01 -8.0000e+01 -6.9506e+00
-1.0000e+01 -7.0000e+01 -9.1361e+00
-1.0000e+01 -6.0000e+01 -6.5215e+00
-1.0000e+01 -5.0000e+01 -8.3042e+00
-1.0000e+01 -4.0000e+01 -1.2371e+01
-1.0000e+01 -3.0000e+01 -1.1874e+01
-1.0000e+01 -2.0000e+01 -1.2400e+01
-1.0000e+01 -1.0000e+01 -1.3880e+01
-1.0000e+01 0.0000e+00 -1.4775e+01
-1.0000e+01 1.0000e+01 -1.4862e+01
-1.0000e+01 2.0000e+01 -1.4257e+01
-1.0000e+01 3.0000e+01 -1.5235e+01
-1.0000e+01 4.0000e+01 -1.4736e+01
-1.0000e+01 5.0000e+01 -1.0313e+01
-1.0000e+01 6.0000e+01 -8.6089e+00
-1.0000e+01 7.0000e+01 -7.5772e+00
-1.0000e+01 8.0000e+01 -1.0392e+00
-1.0000e+01 9.0000e+01 -5.3997e+00
-1.0000e+01 1.0000e+02 -5.3836e+00
-1.0000e+01 1.1000e+02 -2.2273e+00
-1.0000e+01 1.2000e+02 -7.4840e-02
-1.0000e+01 1.3000e+02 -9.3521e-01
-1.0000e+01 1.4000e+02 -1.0473e+00
-1.0000e+01 1.5000e+02 -2.5397e+00
-1.0000e+01 1.6000e+02 1.0753e+00
-1.0000e+01 1.7000e+02 1.3022e+00
-1.0000e+01 1.8000e+02 7.2397e-01
-1.0000e+01 1.9000e+02 -9.4988e-02
-1.0000e+01 2.0000e+02 1.8599e+00
0.0000e+00 -2.0000e+02 1.4015e+00
0.0000e+00 -1.9000e+02 -3.8399e+00
0.0000e+00 -1.8000e+02 1.3953e+00
0.0000e+00 -1.7000e+02 -8.2458e-01
0.0000e+00 -1.6000e+02 -1.6848e+00
0.0000e+00 -1.5000e+02 1.4140e+00
0.0000e+00 -1.4000e+02 -1.6517e+00
0.0000e+00 -1.3000e+02 1.0822e+00
0.0000e+00 -1.2000e+02 -8.7554e-01
0.0000e+00 -1.1000e+02 -7.3150e-01
0.0000e+00 -1.0000e+02 -2.7659e+00
0.0000e+00 -9.0000e+01 -4.1924e+00
0.0000e+00 -8.0000e+01 -5.4502e+00
0.0000e+00 -7.0000e+01 -6.5948e+00
0.0000e+00 -6.0000e+01 -9.0636e+00
0.0000e+00 -5.0000e+01 -1.1343e+01
0.0000e+00 -4.0000e+01 -1.3134e+01
0.0000e+00 -3.0000e+01 -1.3205e+01
0.0000e+00 -2.0000e+01 -1.2383e+01
0.0000e+00 -1.0000e+01 -1.4904e+01
0.0000e+00 0.0000e+00 -1.4645e+01
0.0000e+00 1.0000e+01 -1.4046e+01
0.0000e+00 2.0000e+01 -1.5008e+01
0.0000e+00 3.0000e+01 -1.4110e+01
0.0000e+00 4.0000e+01 -1.5254e+01
0.0000e+00 5.0000e+01 -8.2498e+00
0.0000e+00 6.0000e+01 -8.0431e+00
0.0000e+00 7.0000e+01 -8.2319e+00
0.0000e+00 8.0000e+01 -5.1782e+00
0.0000e+00 9.0000e+01 -4.4467e+00
0.0000e+00 1.0000e+02 -2.7475e+00
0.0000e+00 1.1000e+02 9.4287e-01
0.0000e+00 1.2000e+02 9.4731e-01
0.0000e+00 1.3000e+02 -6.1311e-01
0.0000e+00 1.4000e+02 -1.0125e+00
0.0000e+00 1.5000e+02 6.1877e-01
0.0000e+00 1.6000e+02 -3.0385e+00
0.0000e+00 1.7000e+02 -1.2096e+00
0.0000e+00 1.8000e+02 1.6305e+00
0.0000e+00 1.9000e+02 3.0356e+00
0.0000e+00 2.0000e+02 -4.9913e-01
1.0000e+01 -2.0000e+02 -1.3146e+00
1.0000e+01 -1.9000e+02 2.3767e+00
1.0000e+01 -1.8000e+02 -1.0567e+00
1.0000e+01 -1.7000e+02 -2.3968e+00
1.0000e+01 -1.6000e+02 -6.6230e-01
1.0000e+01 -1.5000e+02 -3.2758e-01
1.0000e+01 -1.4000e+02 -1.8189e+00
1.0000e+01 -1.3000e+02 -7.4589e-01
1.0000e+01 -1.2000e+02 -8.6793e-02
1.0000e+01 -1.1000e+02 -9.3929e-01
1.0000e+01 -1.0000e+02 -4.0551e+00
1.0000e+01 -9.0000e+01 -1.3843e+00
1.0000e+01 -8.0000e+01 -6.7065e+00
1.0000e+01 -7.0000e+01 -8.1872e+00
1.0000e+01 -6.0000e+01 -8.9344e+00
1.0000e+01 -5.0000e+01 -1.0323e+01
1.0000e+01 -4.0000e+01 -1.2194e+01
1.0000e+01 -3.0000e+01 -1.2667e+01
1.0000e+01 -2.0000e+01 -1.6939e+01
1.0000e+01 -1.0000e+01 -1.7243e+01
1.0000e+01 0.0000e+00 -1.1835e+01
1.0000e+01 1.0000e+01 -1.6628e+01
1.0000e+01 2.0000e+01 -1.3311e+01
1.0000e+01 3.0000e+01 -1.1361e+01
1.0000e+01 4.0000e+01 -9.2570e+00
1.0000e+01 5.0000e+01 -9.7514e+00
1.0000e+01 6.0000e+01 -7.7724e+00
1.0000e+01 7.0000e+01 -5.7898e+00
1.0000e+01 8.0000e+01 -8.6547e+00
1.0000e+01 9.0000e+01 -1.4632e+00
1.0000e+01 1.0000e+02 -3.5316e+00
1.0000e+01 1.1000e+02 -1.7257e+00
1.0000e+01 1.2000e+02 2.2357e+00
1.0000e+01 1.3000e+02 -2.0092e-01
1.0000e+01 1.4000e+02 -1.7665e+00
1.0000e+01 1.5000e+02 -7.1735e-01
1.0000e+01 1.6000e+02 -6.9031e-01
1.0000e+01 1.7000e+02 1.4892e+00
1.0000e+01 1.8000e+02 -7.4575e-02
1.0000e+01 1.9000e+02 2.4924e+00
1.0000e+01 2.0000e+02 1.8344e+00
2.0000e+01 -2.0000e+02 -2.4872e-01
2.0000e+01 -1.9000e+02 1.2145e+00
2.0000e+01 -1.8000e+02 9.8319e-01
2.0000e+01 -1.7000e+02 -1.8306e+00
2.0000e+01 -1.6000e+02 -1.9326e+00
2.0000e+01 -1.5000e+02 -1.2216e+00
2.0000e+01 -1.4000e+02 -1.2631e+00
2.0000e+01 -1.3000e+02 -2.0009e+00
2.0000e+01 -1.2000e+02 1.8146e+00
2.0000e+01 -1.1000e+02 -4.3408e+00
2.0000e+01 -1.0000e+02 -3.4975e+00
2.0000e+01 -9.0000e+01 -3.2880e+00
2.0000e+01 -8.0000e+01 -5.4539e+00
2.0000e+01 -7.0000e+01 -8.7369e+00
2.0000e+01 -6.0000e+01 -8.3814e+00
2.0000e+01 -5.0000e+01 -8.6185e+00
2.0000e+01 -4.0000e+01 -1.0959e+01
2.0000e+01 -3.0000e+01 -9.9588e+00
2.0000e+01 -2.0000e+01 -1.2735e+01
2.0000e+01 -1.0000e+01 -1.4462e+01
2.0000e+01 0.0000e+00 -1.5097e+01
2.0000e+01 1.0000e+01 -1.4046e+01
2.0000e+01 2.0000e+01 -1.0854e+01
2.0000e+01 3.0000e+01 -1.3360e+01
2.0000e+01 4.0000e+01 -1.2912e+01
2.0000e+01 5.0000e+01 -7.6466e+00
2.0000e+01 6.0000e+01 -8.9052e+00
2.0000e+01 7.0000e+01 -6.5421e+00
2.0000e+01 8.0000e+01 -5.7046e+00
2.0000e+01 9.0000e+01 -7.0643e+00
2.0000e+01 1.0000e+02 -4.8487e+00
2.0000e+01 1.1000e+02 -2.0772e+00
2.0000e+01 1.2000e+02 -7.7382e-01
2.0000e+01 1.3000e+02 8.9924e-01
2.0000e+01 1.4000e+02 -2.7652e+00
2.0000e+01 1.5000e+02 -1.2228e+00
2.0000e+01 1.6000e+02 -5.0473e-04
2.0000e+01 1.7000e+02 -1.8588e+00
2.0000e+01 1.8000e+02 -2.1655e+00
2.0000e+01 1.9000e+02 -6.2373e-02
2.0000e+01 2.0000e+02 -7.9862e-01
3.0000e+01 -2.0000e+02 -9.1656e-01
3.0000e+01 -1.9000e+02 7.4219e-01
3.0000e+01 -1.8000e+02 4.1569e-01
3.0000e+01 -1.7000e+02 1.7916e-01
3.0000e+01 -1.6000e+02 6.8912e-02
3.0000e+01 -1.5000e+02 -6.5113e-01
3.0000e+01 -1.4000e+02 4.8630e-02
3.0000e+01 -1.3000e+02 -2.0143e+00
3.0000e+01 -1.2000e+02 8.1853e-03
3.0000e+01 -1.1000e+02 -4.5940e+00
3.0000e+01 -1.0000e+02 -2.7134e+00
3.0000e+01 -9.0000e+01 -5.6997e-01
3.0000e+01 -8.0000e+01 -7.4022e+00
3.0000e+01 -7.0000e+01 -2.0752e+00
3.0000e+01 -6.0000e+01 -6.0081e+00
3.0000e+01 -5.0000e+01 -8.4911e+00
3.0000e+01 -4.0000e+01 -9.2640e+00
3.0000e+01 -3.0000e+01 -9.7904e+00
3.0000e+01 -2.0000e+01 -1.2837e+01
3.0000e+01 -1.0000e+01 -1.4197e+01
3.0000e+01 0.0000e+00 -9.6635e+00
3.0000e+01 1.0000e+01 -1.2933e+01
3.0000e+01 2.0000e+01 -1.0433e+01
3.0000e+01 3.0000e+01 -1.2025e+01
3.0000e+01 4.0000e+01 -1.0418e+01
3.0000e+01 5.0000e+01 -8.8769e+00
3.0000e+01 6.0000e+01 -8.3447e+00
3.0000e+01 7.0000e+01 -6.9949e+00
3.0000e+01 8.0000e+01 -2.9645e+00
3.0000e+01 9.0000e+01 -5.8375e+00
3.0000e+01 1.0000e+02 -2.8075e+00
3.0000e+01 1.1000e+02 3.5721e-01
3.0000e+01 1.2000e+02 -1.5871e+00
3.0000e+01 1.3000e+02 -8.7072e-01
3.0000e+01 1.4000e+02 -1.4991e+00
3.0000e+01 1.5000e+02 -1.6060e+00
3.0000e+01 1.6000e+02 -6.1061e-01
3.0000e+01 1.7000e+02 -2.3020e+00
3.0000e+01 1.8000e+02 1.6345e+00
3.0000e+01 1.9000e+02 -1.5767e+00
3.0000e+01 2.0000e+02 7.3753e-01
4.0000e+01 -2.0000e+02 2.5676e+00
4.0000e+01 -1.9000e+02 -4.1629e-02
4.0000e+01 -1.8000e+02 -4.2420e-01
4.0000e+01 -1.7000e+02 -3.8792e-01
4.0000e+01 -1.6000e+02 5.5784e-01
4.0000e+01 -1.5000e+02 1.2409e+00
4.0000e+01 -1.4000e+02 -1.9546e+00
4.0000e+01 -1.3000e+02 2.1182e-01
4.0000e+01 -1.2000e+02 6.8675e-01
4.0000e+01 -1.1000e+02 -4.9814e-01
4.0000e+01 -1.0000e+02 -8.6410e-01
4.0000e+01 -9.0000e+01 -3.4322e+00
4.0000e+01 -8.0000e+01 -1.8055e+00
4.0000e+01 -7.0000e+01 -6.3275e+00
4.0000e+01 -6.0000e+01 -9.2611e+00
4.0000e+01 -5.0000e+01 -4.9659e+00
4.0000e+01 -4.0000e+01 -1.0435e+01
4.0000e+01 -3.0000e+01 -1.0799e+01
4.0000e+01 -2.0000e+01 -1.2373e+01
4.0000e+01 -1.0000e+01 -1.0361e+01
4.0000e+01 0.0000e+00 -1.0512e+01
4.0000e+01 1.0000e+01 -1.3356e+01
4.0000e+01 2.0000e+01 -9.9634e+00
4.0000e+01 3.0000e+01 -1.1495e+01
4.0000e+01 4.0000e+01 -9.4728e+00
4.0000e+01 5.0000e+01 -1.2569e+01
4.0000e+01 6.0000e+01 -5.5881e+00
4.0000e+01 7.0000e+01 -6.4602e+00
4.0000e+01 8.0000e+01 -6.4823e+00
4.0000e+01 9.0000e+01 -4.5372e+00
4.0000e+01 1.0000e+02 -6.2205e+00
4.0000e+01 1.1000e+02 -2.9724e+00
4.0000e+01 1.2000e+02 -8.1137e-01
4.0000e+01 1.3000e+02 -9.6414e-01
4.0000e+01 1.4000e+02 -8.1915e-01
4.0000e+01 1.5000e+02 -3.3333e+00
4.0000e+01 1.6000e+02 -1.0239e+00
4.0000e+01 1.7000e+02 5.4996e-01
4.0000e+01 1.8000e+02 -1.9553e+00
4.0000e+01 1.9000e+02 -5.1536e-01
4.0000e+01 2.0000e+02 -8.6615e-01
5.0000e+01 -2.0000e+02 2.7078e-01
5.0000e+01 -1.9000e+02 -1.7157e+00
5.0000e+01 -1.8000e+02 2.9853e-01
5.0000e+01 -1.7000e+02 -4.4847e+00
5.0000e+01 -1.6000e+02 1.3072e+00
5.0000e+01 -1.5000e+02 1.0083e+00
5.0000e+01 -1.4000e+02 -1.9659e+00
5.0000e+01 -1.3000e+02 -6.3708e-01
5.0000e+01 -1.2000e+02 1.8757e+00
5.0000e+01 -1.1000e+02 -2.3286e+00
5.0000e+01 -1.0000e+02 -2.3887e+00
5.0000e+01 -9.0000e+01 -6.2401e+00
5.0000e+01 -8.0000e+01 -5.4377e+00
5.0000e+01 -7.0000e+01 -4.3880e+00
5.0000e+01 -6.0000e+01 -6.1693e+00
5.0000e+01 -5.0000e+01 -5.1199e+00
5.0000e+01 -4.0000e+01 -8.4228e+00
5.0000e+01 -3.0000e+01 -7.2617e+00
5.0000e+01 -2.0000e+01 -8.9701e+00
5.0000e+01 -1.0000e+01 -1.0431e+01
5.0000e+01 0.0000e+00 -1.1149e+01
5.0000e+01 1.0000e+01 -7.7292e+00
5.0000e+01 2.0000e+01 -1.1013e+01
5.0000e+01 3.0000e+01 -1.1542e+01
5.0000e+01 4.0000e+01 -4.9204e+00
5.0000e+01 5.0000e+01 -5.7727e+00
5.0000e+01 6.0000e+01 -4.8256e+00
5.0000e+01 7.0000e+01 -7.0174e+00
5.0000e+01 8.0000e+01 -2.0508e+00
5.0000e+01 9.0000e+01 -2.7711e+00
5.0000e+01 1.0000e+02 4.4919e-01
5.0000e+01 1.1000e+02 -3.5646e-01
5.0000e+01 1.2000e+02 -2.6758e+00
5.0000e+01 1.3000e+02 -1.3500e+00
5.0000e+01 1.4000e+02 -3.9517e+00
5.0000e+01 1.5000e+02 -1.1413e+00
5.0000e+01 1.6000e+02 1.1312e+00
5.0000e+01 1.7000e+02 -2.4078e+00
5.0000e+01 1.8000e+02 7.6413e-01
5.0000e+01 1.9000e+02 -5.6661e-01
5.0000e+01 2.0000e+02 2.5121e+00
6.0000e+01 -2.0000e+02 2.1326e-01
6.0000e+01 -1.9000e+02 1.0463e+00
6.0000e+01 -1.8000e+02 1.5656e-02
6.0000e+01 -1.7000e+02 -1.3666e+00
6.0000e+01 -1.6000e+02 1.9392e+00
6.0000e+01 -1.5000e+02 1.0725e-01
6.0000e+01 -1.4000e+02 1.6050e-01
6.0000e+01 -1.3000e+02 -3.7463e+00
6.0000e+01 -1.2000e+02 -1.9657e+00
6.0000e+01 -1.1000e+02 -1.8389e+00
6.0000e+01 -1.0000e+02 -5.3630e-01
6.0000e+01 -9.0000e+01 -2.9131e+00
6.0000e+01 -8.0000e+01 -1.4822e+00
6.0000e+01 -7.0000e+01 -4.3416e+00
6.0000e+01 -6.0000e+01 -4.5616e+00
6.0000e+01 -5.0000e+01 -5.5436e+00
6.0000e+01 -4.0000e+01 -5.8438e+00
6.0000e+01 -3.0000e+01 -1.0122e+01
6.0000e+01 -2.0000e+01 -8.0424e+00
6.0000e+01 -1.0000e+01 -8.1031e+00
6.0000e+01 0.0000e+00 -9.6103e+00
6.0000e+01 1.0000e+01 -1.0197e+01
6.0000e+01 2.0000e+01 -5.7515e+00
6.0000e+01 3.0000e+01 -7.7466e+00
6.0000e+01 4.0000e+01 -5.4369e+00
6.0000e+01 5.0000e+01 -5.4254e+00
6.0000e+01 6.0000e+01 -6.6695e+00
6.0000e+01 7.0000e+01 -4.4601e+00
6.0000e+01 8.0000e+01 -2.3266e+00
6.0000e+01 9.0000e+01 1.5396e-01
6.0000e+01 1.0000e+02 -1.5563e+00
6.0000e+01 1.1000e+02 -1.2438e+00
6.0000e+01 1.2000e+02 -9.9364e-01
6.0000e+01 1.3000e+02 -2.3431e-01
6.0000e+01 1.4000e+02 1.2688e+00
6.0000e+01 1.5000e+02 3.7930e-01
6.0000e+01 1.6000e+02 3.3954e+00
6.0000e+01 1.7000e+02 1.8738e+00
6.0000e+01 1.8000e+02 -3.2225e+00
6.0000e+01 1.9000e+02 1.4339e+00
6.0000e+01 2.0000e+02 -1.8265e+00
7.0000e+01 -2.0000e+02 3.0556e+00
7.0000e+01 -1.9000e+02 2.1924e+00
7.0000e+01 -1.8000e+02 -6.9970e-01
7.0000e+01 -1.7000e+02 -9.0508e-01
7.0000e+01 -1.6000e+02 1.9931e+00
7.0000e+01 -1.5000e+02 1.5419e+00
7.0000e+01 -1.4000e+02 -1.6238e+00
7.0000e+01 -1.3000e+02 -2.2514e+00
7.0000e+01 -1.2000e+02 -1.8950e+00
7.0000e+01 -1.1000e+02 -7.2207e-01
7.0000e+01 -1.0000e+02 -3.0805e+00
7.0000e+01 -9.0000e+01 -1.3175e+00
7.0000e+01 -8.0000e+01 -2.3306e+00
7.0000e+01 -7.0000e+01 9.7711e-01
7.0000e+01 -6.0000e+01 -4.1606e+00
7.0000e+01 -5.0000e+01 -4.5613e+00
7.0000e+01 -4.0000e+01 -5.2866e+00
7.0000e+01 -3.0000e+01 -2.9544e+00
7.0000e+01 -2.0000e+01 -8.8922e+00
7.0000e+01 -1.0000e+01 -5.2923e+00
7.0000e+01 0.0000e+00 -9.4526e+00
7.0000e+01 1.0000e+01 -6.5540e+00
7.0000e+01 2.0000e+01 -7.3545e+00
7.0000e+01 3.0000e+01 -7.0913e+00
7.0000e+01 4.0000e+01 -5.8725e+00
7.0000e+01 5.0000e+01 -3.9172e+00
7.0000e+01 6.0000e+01 -5.5250e+00
7.0000e+01 7.0000e+01 -4.8820e+00
7.0000e+01 8.0000e+01 -3.0003e+00
7.0000e+01 9.0000e+01 -8.9609e-01
7.0000e+01 1.0000e+02 -1.8657e+00
7.0000e+01 1.1000e+02 -7.5890e-01
7.0000e+01 1.2000e+02 -1.6811e+00
7.0000e+01 1.3000e+02 -5.8108e-01
7.0000e+01 1.4000e+02 -2.3205e+00
7.0000e+01 1.5000e+02 -3.8160e-01
7.0000e+01 1.6000e+02 1.4349e+00
7.0000e+01 1.7000e+02 2.1317e+00
7.0000e+01 1.8000e+02 -2.1939e+00
7.0000e+01 1.9000e+02 2.0561e-01
7.0000e+01 2.0000e+02 -1.5865e-01
8.0000e+01 -2.0000e+02 -1.5387e+00
8.0000e+01 -1.9000e+02 8.9220e-02
8.0000e+01 -1.8000e+02 -2.5337e+00
8.0000e+01 -1.7000e+02 -1.9725e+00
8.0000e+01 -1.6000e+02 2.7992e+00
8.0000e+01 -1.5000e+02 -1.6317e+00
8.0000e+01 -1.4000e+02 -7.8359e-01
8.0000e+01 -1.3000e+02 -2.7158e+00
8.0000e+01 -1.2000e+02 -1.1406e+00
8.0000e+01 -1.1000e+02 1.0843e+00
8.0000e+01 -1.0000e+02 -2.9253e+00
8.0000e+01 -9.0000e+01 -1.8947e+00
8.0000e+01 -8.0000e+01 -4.6276e+00
8.0000e+01 -7.0000e+01 -1.5793e+00
8.0000e+01 -6.0000e+01 -1.2653e+00
8.0000e+01 -5.0000e+01 -4.5363e+00
8.0000e+01 -4.0000e+01 -4.4231e+00
8.0000e+01 -3.0000e+01 -3.4471e+00
8.0000e+01 -2.0000e+01 -7.0745e+00
8.0000e+01 -1.0000e+01 -3.6629e+00
8.0000e+01 0.0000e+00 -2.7713e+00
8.0000e+01 1.0000e+01 -3.0411e+00
8.0000e+01 2.0000e+01 -5.5708e+00
8.0000e+01 3.0000e+01 -3.4891e+00
8.0000e+01 4.0000e+01 -4.7261e+00
8.0000e+01 5.0000e+01 -4.9979e+00
8.0000e+01 6.0000e+01 -1.0926e+00
8.0000e+01 7.0000e+01 -2.0635e+00
8.0000e+01 8.0000e+01 -8.0192e-01
8.0000e+01 9.0000e+01 -2.0811e+00
8.0000e+01 1.0000e+02 -1.9997e+00
8.0000e+01 1.1000e+02 -6.1106e-01
8.0000e+01 1.2000e+02 -3.1694e-01
8.0000e+01 1.3000e+02 -2.3387e+00
8.0000e+01 1.4000e+02 -1.2309e-01
8.0000e+01 1.5000e+02 -1.0190e+00
8.0000e+01 1.6000e+02 -9.3562e-01
8.0000e+01 1.7000e+02 -8.1967e-01
8.0000e+01 1.8000e+02 -1.5247e+00
8.0000e+01 1.9000e+02 -2.7304e+00
8.0000e+01 2.0000e+02 -1.0724e-02
9.0000e+01 -2.0000e+02 1.9378e+00
9.0000e+01 -1.9000e+02 6.7715e-01
9.0000e+01 -1.8000e+02 -7.7524e-01
9.0000e+01 -1.7000e+02 1.1906e+00
9.0000e+01 -1.6000e+02 -9.2736e-01
9.0000e+01 -1.5000e+02 -1.5971e+00
9.0000e+01 -1.4000e+02 1.5084e+00
9.0000e+01 -1.3000e+02 9.5397e-01
9.0000e+01 -1.2000e+02 -1.3605e+00
9.0000e+01 -1.1000e+02 -1.8089e+00
9.0000e+01 -1.0000e+02 -2.5545e-01
9.0000e+01 -9.0000e+01 -2.9331e+00
9.0000e+01 -8.0000e+01 4.8830e-01
9.0000e+01 -7.0000e+01 -4.7380e+00
9.0000e+01 -6.0000e+01 -1.5528e+00
9.0000e+01 -5.0000e+01 -2.5312e+00
9.0000e+01 -4.0000e+01 -4.4593e+00
9.0000e+01 -3.0000e+01 -2.1623e+00
9.0000e+01 -2.0000e+01 -2.1986e+00
9.0000e+01 -1.0000e+01 -1.4332e+00
9.0000e+01 0.0000e+00 -6.8561e+00
9.0000e+01 1.0000e+01 -3.1181e+00
9.0000e+01 2.0000e+01 -3.0641e+00
9.0000e+01 3.0000e+01 -6.7546e+00
9.0000e+01 4.0000e+01 -1.5585e+00
9.0000e+01 5.0000e+01 -5.8761e-01
9.0000e+01 6.0000e+01 -2.6089e+00
9.0000e+01 7.0000e+01 -2.0597e+00
9.0000e+01 8.0000e+01 -1.4497e+00
9.0000e+01 9.0000e+01 -2.9467e+00
9.0000e+01 1.0000e+02 -2.6776e+00
9.0000e+01 1.1000e+02 -2.0803e+00
9.0000e+01 1.2000e+02 1.5032e+00
9.0000e+01 1.3000e+02 1.7768e-01
9.0000e+01 1.4000e+02 -1.4749e+00
9.0000e+01 1.5000e+02 2.1222e+00
9.0000e+01 1.6000e+02 2.8445e+00
9.0000e+01 1.7000e+02 3.9607e-02
9.0000e+01 1.8000e+02 -1.8534e-01
9.0000e+01 1.9000e+02 1.6169e-01
9.0000e+01 2.0000e+02 -1.2462e+00
1.0000e+02 -2.0000e+02 -1.4337e+00
1.0000e+02 -1.9000e+02 -3.2003e+00
1.0000e+02 -1.8000e+02 6.6278e-01
1.0000e+02 -1.7000e+02 -5.3686e-01
1.0000e+02 -1.6000e+02 -9.6426e-01
1.0000e+02 -1.5000e+02 2.7349e+00
1.0000e+02 -1.4000e+02 -1.6780e-01
1.0000e+02 -1.3000e+02 -2.6454e+00
1.0000e+02 -1.2000e+02 1.9234e-01
1.0000e+02 -1.1000e+02 -1.4656e+00
1.0000e+02 -1.0000e+02 -4.9105e-01
1.0000e+02 -9.0000e+01 1.7137e+00
1.0000e+02 -8.0000e+01 -3.0575e+00
1.0000e+02 -7.0000e+01 -1.3078e+00
1.0000e+02 -6.0000e+01 -3.0082e-01
1.0000e+02 -5.0000e+01 -3.1413e+00
1.0000e+02 -4.0000e+01 -1.8713e+00
1.0000e+02 -3.0000e+01 -2.1624e+00
1.0000e+02 -2.0000e+01 -1.3385e+00
1.0000e+02 -1.0000e+01 -5.4487e+00
1.0000e+02 0.0000e+00 -3.8610e+00
1.0000e+02 1.0000e+01 -3.5614e+00
1.0000e+02 2.0000e+01 -2.7078e+00
1.0000e+02 3.0000e+01 -4.6395e+00
1.0000e+02 4.0000e+01 -2.4010e+00
1.0000e+02 5.0000e+01 -3.3807e+00
1.0000e+02 6.0000e+01 -8.2242e-01
1.0000e+02 7.0000e+01 -1.6150e+00
1.0000e+02 8.0000e+01 -1.2640e-01
1.0000e+02 9.0000e+01 -7.3660e-01
1.0000e+02 1.0000e+02 1.4042e+00
1.0000e+02 1.1000e+02 6.2464e-01
1.0000e+02 1.2000e+02 1.5829e+00
1.0000e+02 1.3000e+02 1.3003e+00
1.0000e+02 1.4000e+02 2.7235e+00
1.0000e+02 1.5000e+02 -7.9029e-01
1.0000e+02 1.6000e+02 8.0288e-01
1.0000e+02 1.7000e+02 2.3403e+00
1.0000e+02 1.8000e+02 8.8695e-01
1.0000e+02 1.9000e+02 -4.2683e-01
1.0000e+02 2.0000e+02 1.8937e+00
1.1000e+02 -2.0000e+02 -1.5261e+00
1.1000e+02 -1.9000e+02 -1.3045e+00
1.1000e+02 -1.8000e+02 -2.3683e+00
1.1000e+02 -1.7000e+02 2.6050e+00
1.1000e+02 -1.6000e+02 -4.4353e+00
1.1000e+02 -1.5000e+02 1.2159e+00
1.1000e+02 -1.4000e+02 1.5469e+00
1.1000e+02 -1.3000e+02 -4.1174e-01
1.1000e+02 -1.2000e+02 -3.4647e-01
1.1000e+02 -1.1000e+02 -5.6744e-01
1.1000e+02 -1.0000e+02 1.9241e-01
1.1000e+02 -9.0000e+01 -1.1420e+00
1.1000e+02 -8.0000e+01 5.6343e-01
1.1000e+02 -7.0000e+01 -2.8367e-01
1.1000e+02 -6.0000e+01 1.1697e+00
1.1000e+02 -5.0000e+01 6.8554e-01
1.1000e+02 -4.0000e+01 -1.7155e+00
1.1000e+02 -3.0000e+01 -2.9136e+00
1.1000e+02 -2.0000e+01 -3.6198e-01
1.1000e+02 -1.0000e+01 8.1444e-01
1.1000e+02 0.0000e+00 -5.2944e-01
1.1000e+02 1.0000e+01 -1.0756e+00
1.1000e+02 2.0000e+01 -1.8409e+00
1.1000e+02 3.0000e+01 5.3172e-01
1.1000e+02 4.0000e+01 -4.0552e-01
1.1000e+02 5.0000e+01 2.2852e-01
1.1000e+02 6.0000e+01 2.4909e-01
1.1000e+02 7.0000e+01 -1.7981e+00
1.1000e+02 8.0000e+01 -2.3113e+00
1.1000e+02 9.0000e+01 -2.7037e+00
1.1000e+02 1.0000e+02 -3.1872e+00
1.1000e+02 1.1000e+02 4.2236e-01
1.1000e+02 1.2000e+02 -2.6855e-01
1.1000e+02 1.3000e+02 -1.9450e+00
1.1000e+02 1.4000e+02 1.5046e+00
1.1000e+02 1.5000e+02 7.4438e-01
1.1000e+02 1.6000e+02 1.6447e-01
1.1000e+02 1.7000e+02 -4.3942e-01
1.1000e+02 1.8000e+02 9.8875e-01
1.1000e+02 1.9000e+02 1.3268e+00
1.1000e+02 2.0000e+02 -5.5468e-01
1.2000e+02 -2.0000e+02 1.9410e+00
1.2000e+02 -1.9000e+02 6.2838e-02
1.2000e+02 -1.8000e+02 5.6623e-01
1.2000e+02 -1.7000e+02 5.8423e-01
1.2000e+02 -1.6000e+02 5.7814e-01
1.2000e+02 -1.5000e+02 -9.9658e-01
1.2000e+02 -1.4000e+02 1.2150e+00
1.2000e+02 -1.3000e+02 3.2518e+00
1.2000e+02 -1.2000e+02 -1.1857e+00
1.2000e+02 -1.1000e+02 1.4047e+00
1.2000e+02 -1.0000e+02 -9.7293e-01
1.2000e+02 -9.0000e+01 4.1326e-01
1.2000e+02 -8.0000e+01 -2.5923e+00
1.2000e+02 -7.0000e+01 -4.7469e-01
1.2000e+02 -6.0000e+01 -1.4891e+00
1.2000e+02 -5.0000e+01 -1.7222e+00
1.2000e+02 -4.0000e+01 -6.8985e-01
1.2000e+02 -3.0000e+01 -1.2747e-01
1.2000e+02 -2.0000e+01 2.0390e+00
1.2000e+02 -1.0000e+01 -1.9312e+00
1.2000e+02 0.0000e+00 -2.0570e+00
1.2000e+02 1.0000e+01 -1.4398e+00
1.2000e+02 2.0000e+01 -2.9130e+00
1.2000e+02 3.0000e+01 -1.3093e+00
1.2000e+02 4.0000e+01 -1.4112e+00
1.2000e+02 5.0000e+01 2.3906e-01
1.2000e+02 6.0000e+01 -1.5787e+00
1.2000e+02 7.0000e+01 7.1565e-01
1.2000e+02 8.0000e+01 -1.5836e+00
1.2000e+02 9.0000e+01 -2.6855e+00
1.2000e+02 1.0000e+02 -6.1463e-01
1.2000e+02 1.1000e+02 -1.9826e+00
1.2000e+02 1.2000e+02 2.6683e-01
1.2000e+02 1.3000e+02 7.2444e-01
1.2000e+02 1.4000e+02 8.3713e-01
1.2000e+02 1.5000e+02 -1.5104e-02
1.2000e+02 1.6000e+02 2.0273e+00
1.2000e+02 1.7000e+02 6.3962e-01
1.2000e+02 1.8000e+02 -1.6360e+00
1.2000e+02 1.9000e+02 8.5189e-01
1.2000e+02 2.0000e+02 7.9418e-01
1.3000e+02 -2.0000e+02 -3.8210e+00
1.3000e+02 -1.9000e+02 1.1189e+00
1.3000e+02 -1.8000e+02 -2.8294e+00
1.3000e+02 -1.7000e+02 6.3790e-01
1.3000e+02 -1.6000e+02 -2.2053e+00
1.3000e+02 -1.5000e+02 -1.5842e-01
1.3000e+02 -1.4000e+02 -2.3086e+00
1.3000e+02 -1.3000e+02 -1.3523e+00
1.3000e+02 -1.2000e+02 -2.2882e-01
1.3000e+02 -1.1000e+02 1.4710e-01
1.3000e+02 -1.0000e+02 -3.8026e+00
1.3000e+02 -9.0000e+01 -1.4578e+00
1.3000e+02 -8.0000e+01 7.8079e-01
1.3000e+02 -7.0000e+01 -9.9130e-03
1.3000e+02 -6.0000e+01 -1.4826e+00
1.3000e+02 -5.0000e+01 -1.7038e-01
1.3000e+02 -4.0000e+01 8.4709e-01
1.3000e+02 -3.0000e+01 -1.0881e+00
1.3000e+02 -2.0000e+01 -8.6269e-01
1.3000e+02 -1.0000e+01 -2.0453e+00
1.3000e+02 0.0000e+00 -2.4448e-01
1.3000e+02 1.0000e+01 2.4157e-01
1.3000e+02 2.0000e+01 7.4123e-02
1.3000e+02 3.0000e+01 -1.3330e+00
1.3000e+02 4.0000e+01 -1.1639e+00
1.3000e+02 5.0000e+01 -1.9831e+00
1.3000e+02 6.0000e+01 -9.2211e-01
1.3000e+02 7.0000e+01 -2.1516e+00
1.3000e+02 8.0000e+01 1.8368e-01
1.3000e+02 9.0000e+01 -2.3625e-01
1.3000e+02 1.0000e+02 1.4378e+00
1.3000e+02 1.1000e+02 7.9034e-01
1.3000e+02 1.2000e+02 -3.1367e+00
1.3000e+02 1.3000e+02 -2.2154e+00
1.3000e+02 1.4000e+02 2.5019e-01
1.3000e+02 1.5000e+02 5.2085e-01
1.3000e+02 1.6000e+02 -9.5205e-01
1.3000e+02 1.7000e+02 3.5564e-01
1.3000e+02 1.8000e+02 1.8204e+00
1.3000e+02 1.9000e+02 -1.5891e+00
1.3000e+02 2.0000e+02 1.1234e-01
1.4000e+02 -2.0000e+02 -6.7554e-01
1.4000e+02 -1.9000e+02 -1.0703e+00
1.4000e+02 -1.8000e+02 -2.6851e+00
1.4000e+02 -1.7000e+02 -1.9624e+00
1.4000e+02 -1.6000e+02 -3.1593e-01
1.4000e+02 -1.5000e+02 -1.7837e+00
1.4000e+02 -1.4000e+02 -1.4265e+00
1.4000e+02 -1.3000e+02 4.1006e-01
1.4000e+02 -1.2000e+02 9.5084e-02
1.4000e+02 -1.1000e+02 -2.5697e+00
1.4000e+02 -1.0000e+02 -1.6803e+00
1.4000e+02 -9.0000e+01 -1.8050e-01
1.4000e+02 -8.0000e+01 7.3133e-01
1.4000e+02 -7.0000e+01 -1.1543e+00
1.4000e+02 -6.0000e+01 1.1459e+00
1.4000e+02 -5.0000e+01 1.9123e+00
1.4000e+02 -4.0000e+01 -1.2970e-01
1.4000e+02 -3.0000e+01 -1.7919e+00
1.4000e+02 -2.0000e+01 1.9460e-01
1.4000e+02 -1.0000e+01 -1.1306e+00
1.4000e+02 0.0000e+00 -3.5569e+00
1.4000e+02 1.0000e+01 -4.2927e-01
1.4000e+02 2.0000e+01 -2.0291e+00
1.4000e+02 3.0000e+01 4.6368e-01
1.4000e+02 4.0000e+01 2.4704e-01
1.4000e+02 5.0000e+01 -1.7487e+00
1.4000e+02 6.0000e+01 1.0437e-02
1.4000e+02 7.0000e+01 -1.0398e-01
1.4000e+02 8.0000e+01 9.4040e-01
1.4000e+02 9.0000e+01 -2.9179e+00
1.4000e+02 1.0000e+02 -1.8328e+00
1.4000e+02 1.1000e+02 5.8320e-01
1.4000e+02 1.2000e+02 -1.2634e-01
1.4000e+02 1.3000e+02 -3.1130e-01
1.4000e+02 1.4000e+02 -9.5472e-01
1.4000e+02 1.5000e+02 -2.0943e+00
1.4000e+02 1.6000e+02 -8.9271e-01
1.4000e+02 1.7000e+02 -2.9015e+00
1.4000e+02 1.8000e+02 2.9924e+00
1.4000e+02 1.9000e+02 1.2429e+00
1.4000e+02 2.0000e+02 -1.6991e-01
1.5000e+02 -2.0000e+02 2.3556e-01
1.5000e+02 -1.9000e+02 1.5667e+00
1.5000e+02 -1.8000e+02 9.4253e-01
1.5000e+02 -1.7000e+02 -7.3328e-01
1.5000e+02 -1.6000e+02 2.6458e-01
1.5000e+02 -1.5000e+02 5.4408e-01
1.5000e+02 -1.4000e+02 -1.8316e+00
1.5000e+02 -1.3000e+02 3.7719e-01
1.5000e+02 -1.2000e+02 1.1185e+00
1.5000e+02 -1.1000e+02 9.2319e-01
1.5000e+02 -1.0000e+02 -1.6766e+00
1.5000e+02 -9.0000e+01 -1.9674e+00
1.5000e+02 -8.0000e+01 2.0122e-01
1.5000e+02 -7.0000e+01 2.0727e+00
1.5000e+02 -6.0000e+01 -3.5724e+00
1.5000e+02 -5.0000e+01 1.6608e+00
1.5000e+02 -4.0000e+01 1.8750e-01
1.5000e+02 -3.0000e+01 -9.3747e-01
1.5000e+02 -2.0000e+01 -2.9347e+00
1.5000e+02 -1.0000e+01 -1.5197e+00
1.5000e+02 0.0000e+00 1.4239e+00
1.5000e+02 1.0000e+01 2.7988e-01
1.5000e+02 2.0000e+01 2.2374e-01
1.5000e+02 3.0000e+01 1.6050e-01
1.5000e+02 4.0000e+01 9.3138e-01
1.5000e+02 5.0000e+01 1.6977e+00
1.5000e+02 6.0000e+01 8.9553e-01
1.5000e+02 7.0000e+01 1.6071e+00
1.5000e+02 8.0000e+01 -1.7461e+00
1.5000e+02 9.0000e+01 -6.1049e-01
1.5000e+02 1.0000e+02 5.6657e-02
1.5000e+02 1.1000e+02 1.5778e+00
1.5000e+02 1.2000e+02 -1.1378e+00
1.5000e+02 1.3000e+02 2.3370e-01
1.5000e+02 1.4000e+02 -1.7168e-01
1.5000e+02 1.5000e+02 -3.2253e+00
1.5000e+02 1.6000e+02 -6.2317e-01
1.5000e+02 1.7000e+02 -3.8993e-01
1.5000e+02 1.8000e+02 2.4156e+00
1.5000e+02 1.9000e+02 -2.8427e+00
1.5000e+02 2.0000e+02 -8.4075e-01
1.6000e+02 -2.0000e+02 1.8755e-01
1.6000e+02 -1.9000e+02 1.6132e+00
1.6000e+02 -1.8000e+02 2.5652e+00
1.6000e+02 -1.7000e+02 -6.7068e-01
1.6000e+02 -1.6000e+02 4.0812e-01
1.6000e+02 -1.5000e+02 2.2736e+00
1.6000e+02 -1.4000e+02 6.2089e-01
1.6000e+02 -1.3000e+02 8.5952e-01
1.6000e+02 -1.2000e+02 -6.2440e-01
1.6000e+02 -1.1000e+02 1.1556e+00
1.6000e+02 -1.0000e+02 -6.6807e-01
1.6000e+02 -9.0000e+01 -5.7454e-01
1.6000e+02 -8.0000e+01 2.8979e+00
1.6000e+02 -7.0000e+01 5.4228e-01
1.6000e+02 -6.0000e+01 2.3481e-01
1.6000e+02 -5.0000e+01 1.4140e+00
1.6000e+02 -4.0000e+01 1.1165e+00
1.6000e+02 -3.0000e+01 -1.2056e+00
1.6000e+02 -2.0000e+01 -1.8282e+00
1.6000e+02 -1.0000e+01 -7.4757e-01
1.6000e+02 0.0000e+00 4.1344e-01
1.6000e+02 1.0000e+01 4.8348e+00
1.6000e+02 2.0000e+01 -5.2784e-01
1.6000e+02 3.0000e+01 -2.8671e+00
1.6000e+02 4.0000e+01 -1.7267e+00
1.6000e+02 5.0000e+01 3.8858e-01
1.6000e+02 6.0000e+01 2.3050e+00
1.6000e+02 7.0000e+01 1.4171e-01
1.6000e+02 8.0000e+01 -9.2260e-01
1.6000e+02 9.0000e+01 -4.5403e-02
1.6000e+02 1.0000e+02 8.3255e-01
1.6000e+02 1.1000e+02 1.5469e+00
1.6000e+02 1.2000e+02 -1.2600e-01
1.6000e+02 1.3000e+02 -4.3000e-01
1.6000e+02 1.4000e+02 1.6015e+00
1.6000e+02 1.5000e+02 -4.9449e-01
1.6000e+02 1.6000e+02 -7.9585e-01
1.6000e+02 1.7000e+02 -1.2790e+00
1.6000e+02 1.8000e+02 -1.1229e+00
1.6000e+02 1.9000e+02 -1.0251e+00
1.6000e+02 2.0000e+02 -1.0176e+00
1.7000e+02 -2.0000e+02 -8.7919e-01
1.7000e+02 -1.9000e+02 1.8615e+00
1.7000e+02 -1.8000e+02 2.9987e+00
1.7000e+02 -1.7000e+02 -1.6710e-01
1.7000e+02 -1.6000e+02 5.5979e-01
1.7000e+02 -1.5000e+02 3.6270e-01
1.7000e+02 -1.4000e+02 1.4085e+00
1.7000e+02 -1.3000e+02 -2.1457e+00
1.7000e+02 -1.2000e+02 2.6008e+00
1.7000e+02 -1.1000e+02 -6.6008e-01
1.7000e+02 -1.0000e+02 3.0114e-02
1.7000e+02 -9.0000e+01 5.9989e-01
1.7000e+02 -8.0000e+01 -1.0680e+00
1.7000e+02 -7.0000e+01 7.8570e-01
1.7000e+02 -6.0000e+01 6.5247e-01
1.7000e+02 -5.0000e+01 3.4864e+00
1.7000e+02 -4.0000e+01 -1.6170e+00
1.7000e+02 -3.0000e+01 2.1747e+00
1.7000e+02 -2.0000e+01 9.6978e-01
1.7000e+02 -1.0000e+01 -1.2195e+00
1.7000e+02 0.0000e+00 1.6774e+00
1.7000e+02 1.0000e+01 1.8203e+00
1.7000e+02 2.0000e+01 -2.3391e-01
1.7000e+02 3.0000e+01 -1.0123e+00
1.7000e+02 4.0000e+01 -1.7369e+00
1.7000e+02 5.0000e+01 -1.4425e+00
1.7000e+02 6.0000e+01 -8.0751e-01
1.7000e+02 7.0000e+01 1.1312e-02
1.7000e+02 8.0000e+01 -9.3698e-01
1.7000e+02 9.0000e+01 -3.5767e-01
1.7000e+02 1.0000e+02 2.1838e-01
1.7000e+02 1.1000e+02 3.1030e-01
1.7000e+02 1.2000e+02 1.6994e-01
1.7000e+02 1.3000e+02 3.4646e+00
1.7000e+02 1.4000e+02 9.0939e-01
1.7000e+02 1.5000e+02 -1.8425e+00
1.7000e+02 1.6000e+02 -9.3914e-01
1.7000e+02 1.7000e+02 3.6965e-01
1.7000e+02 1.8000e+02 2.2059e+00
1.7000e+02 1.9000e+02 1.6186e+00
1.7000e+02 2.0000e+02 1.8449e+00
1.8000e+02 -2.0000e+02 2.3307e+00
1.8000e+02 -1.9000e+02 -2.9586e+00
1.8000e+02 -1.8000e+02 1.7701e+00
1.8000e+02 -1.7000e+02 -1.2853e+00
1.8000e+02 -1.6000e+02 -2.1345e+00
1.8000e+02 -1.5000e+02 1.5459e+00
1.8000e+02 -1.4000e+02 2.6747e+00
1.8000e+02 -1.3000e+02 9.1292e-01
1.8000e+02 -1.2000e+02 9.3711e-01
1.8000e+02 -1.1000e+02 -2.1029e+00
1.8000e+02 -1.0000e+02 -1.0930e+00
1.8000e+02 -9.0000e+01 2.0487e+00
1.8000e+02 -8.0000e+01 -8.3407e-01
1.8000e+02 -7.0000e+01 -2.6585e+00
1.8000e+02 -6.0000e+01 -1.0513e-01
1.8000e+02 -5.0000e+01 -2.0135e-01
1.8000e+02 -4.0000e+01 -8.0616e-01
1.8000e+02 -3.0000e+01 -2.6865e+00
1.8000e+02 -2.0000e+01 2.8025e-01
1.8000e+02 -1.0000e+01 1.5895e+00
1.8000e+02 0.0000e+00 1.1278e+00
1.8000e+02 1.0000e+01 3.9114e-01
1.8000e+02 2.0000e+01 -1.4190e+00
1.8000e+02 3.0000e+01 -1.2966e+00
1.8000e+02 4.0000e+01 -1.1445e-01
1.8000e+02 5.0000e+01 -1.7992e+00
1.8000e+02 6.0000e+01 -1.5161e-01
1.8000e+02 7.0000e+01 4.4214e-01
1.8000e+02 8.0000e+01 -1.6062e+00
1.8000e+02 9.0000e+01 -1.7489e-01
1.8000e+02 1.0000e+02 3.3649e-01
1.8000e+02 1.1000e+02 -1.2605e+00
1.8000e+02 1.2000e+02 -5.0592e-01
1.8000e+02 1.3000e+02 2.5841e+00
1.8000e+02 1.4000e+02 1.0830e+00
1.8000e+02 1.5000e+02 -2.0823e+00
1.8000e+02 1.6000e+02 -3.1837e-01
1.8000e+02 1.7000e+02 -7.5115e-01
1.8000e+02 1.8000e+02 1.4519e-01
1.8000e+02 1.9000e+02 -1.7313e+00
1.8000e+02 2.0000e+02 -1.3120e+00
1.9000e+02 -2.0000e+02 -1.3988e+00
1.9000e+02 -1.9000e+02 -2.3346e-01
1.9000e+02 -1.8000e+02 -2.3146e-01
1.9000e+02 -1.7000e+02 -7.6566e-01
1.9000e+02 -1.6000e+02 1.2249e+00
1.9000e+02 -1.5000e+02 2.6246e-01
1.9000e+02 -1.4000e+02 7.6835e-01
1.9000e+02 -1.3000e+02 1.3048e+00
1.9000e+02 -1.2000e+02 1.6953e+00
1.9000e+02 -1.1000e+02 1.2657e+00
1.9000e+02 -1.0000e+02 1.3123e+00
1.9000e+02 -9.0000e+01 -1.7004e+00
1.9000e+02 -8.0000e+01 -9.3795e-01
1.9000e+02 -7.0000e+01 1.4762e+00
1.9000e+02 -6.0000e+01 -5.2191e-01
1.9000e+02 -5.0000e+01 1.5708e+00
1.9000e+02 -4.0000e+01 6.7338e-01
1.9000e+02 -3.0000e+01 -5.8960e-01
1.9000e+02 -2.0000e+01 -1.3816e-01
1.9000e+02 -1.0000e+01 -1.2084e+00
1.9000e+02 0.0000e+00 9.1948e-01
1.9000e+02 1.0000e+01 -1.7803e+00
1.9000e+02 2.0000e+01 -7.9199e-01
1.9000e+02 3.0000e+01 1.7158e-01
1.9000e+02 4.0000e+01 -1.0343e+00
1.9000e+02 5.0000e+01 -6.4781e-01
1.9000e+02 6.0000e+01 2.2572e+00
1.9000e+02 7.0000e+01 -1.0753e+00
1.9000e+02 8.0000e+01 7.7201e-01
1.9000e+02 9.0000e+01 1.0997e+00
1.9000e+02 1.0000e+02 -9.5555e-02
1.9000e+02 1.1000e+02 3.7514e-02
1.9000e+02 1.2000e+02 1.6743e+00
1.9000e+02 1.3000e+02 1.5985e+00
1.9000e+02 1.4000e+02 -2.7437e+00
1.9000e+02 1.5000e+02 1.1695e+00
1.9000e+02 1.6000e+02 5.0882e-01
1.9000e+02 1.7000e+02 1.9306e+00
1.9000e+02 1.8000e+02 -1.6219e+00
1.9000e+02 1.9000e+02 -2.8433e+00
1.9000e+02 2.0000e+02 1.2925e+00
2.0000e+02 -2.0000e+02 2.7590e+00
2.0000e+02 -1.9000e+02 -6.5176e-01
2.0000e+02 -1.8000e+02 -3.8489e-01
2.0000e+02 -1.7000e+02 8.1875e-01
2.0000e+02 -1.6000e+02 1.6654e+00
2.0000e+02 -1.5000e+02 -2.2743e-01
2.0000e+02 -1.4000e+02 3.1088e+00
2.0000e+02 -1.3000e+02 -2.3427e+00
2.0000e+02 -1.2000e+02 1.6950e+00
2.0000e+02 -1.1000e+02 -2.1168e+00
2.0000e+02 -1.0000e+02 -1.8516e+00
2.0000e+02 -9.0000e+01 1.3414e+00
2.0000e+02 -8.0000e+01 -2.6037e-01
2.0000e+02 -7.0000e+01 -1.1489e+00
2.0000e+02 -6.0000e+01 1.8067e+00
2.0000e+02 -5.0000e+01 6.0853e-01
2.0000e+02 -4.0000e+01 -9.7184e-01
2.0000e+02 -3.0000e+01 -7.1942e-01
2.0000e+02 -2.0000e+01 -9.8571e-01
2.0000e+02 -1.0000e+01 -2.4803e-01
2.0000e+02 0.0000e+00 -1.6286e-01
2.0000e+02 1.0000e+01 1.4044e+00
2.0000e+02 2.0000e+01 7.8887e-02
2.0000e+02 3.0000e+01 9.7426e-01
2.0000e+02 4.0000e+01 -3.0889e+00
2.0000e+02 5.0000e+01 -2.1581e-01
2.0000e+02 6.0000e+01 1.6990e-01
2.0000e+02 7.0000e+01 -8.6423e-01
2.0000e+02 8.0000e+01 9.0250e-01
2.0000e+02 9.0000e+01 3.1085e+00
2.0000e+02 1.0000e+02 -1.1648e+00
2.0000e+02 1.1000e+02 8.3049e-01
2.0000e+02 1.2000e+02 -1.1824e+00
2.0000e+02 1.3000e+02 5.7127e-01
2.0000e+02 1.4000e+02 -1.1605e+00
2.0000e+02 1.5000e+02 -1.0169e+00
2.0000e+02 1.6000e+02 -1.6821e+00
2.0000e+02 1.7000e+02 2.3960e+00
2.0000e+02 1.8000e+02 1.7916e+00
2.0000e+02 1.9000e+02 -8.3347e-01
2.0000e+02 2.0000e+02 -4.6205e-01
