-2.0000e+02 -2.0000e+02 7.9373e-01
-2.0000e+02 -1.9000e+02 2.4801e+00
-2.0000e+02 -1.8000e+02 2.6637e+00
-2.0000e+02 -1.7000e+02 1.3696e+00
-2.0000e+02 -1.6000e+02 2.2063e-01
-2.0000e+02 -1.5000e+02 9.4441e-02
-2.0000e+02 -1.4000e+02 -3.2671e+00
-2.0000e+02 -1.3000e+02 6.4118e-01
-2.0000e+02 -1.2000e+02 1.0094e+00
-2.0000e+02 -1.1000e+02 9.6238e-01
-2.0000e+02 -1.0000e+02 1.6826e+00
-2.0000e+02 -9.0000e+01 8.5358e-01
-2.0000e+02 -8.0000e+01 7.5232e-01
-2.0000e+02 -7.0000e+01 -2.0508e-01
-2.0000e+02 -6.0000e+01 -2.9928e-01
-2.0000e+02 -5.0000e+01 1.6426e+00
-2.0000e+02 -4.0000e+01 -4.6789e-02
-2.0000e+02 -3.0000e+01 -7.6803e-01
-2.0000e+02 -2.0000e+01 5.4414e-01
-2.0000e+02 -1.0000e+01 2.1246e+00
-2.0000e+02 0.0000e+00 2.9386e-01
-2.0000e+02 1.0000e+01 -1.3055e+00
-2.0000e+02 2.0000e+01 5.5765e-01
-2.0000e+02 3.0000e+01 1.1275e+00
-2.0000e+02 4.0000e+01 -1.3625e+00
-2.0000e+02 5.0000e+01 4.4278e-01
-2.0000e+02 6.0000e+01 1.0275e+00
-2.0000e+02 7.0000e+01 -2.0937e+00
-2.0000e+02 8.0000e+01 -3.1457e-01
-2.0000e+02 9.0000e+01 8.3899e-01
-2.0000e+02 1.0000e+02 1.9376e+00
-2.0000e+02 1.1000e+02 -1.9188e-01
-2.0000e+02 1.2000e+02 1.9511e+00
-2.0000e+02 1.3000e+02 5.6820e-01
-2.0000e+02 1.4000e+02 -1.6682e+00
-2.0000e+02 1.5000e+02 -5.9684e-01
-2.0000e+02 1.6000e+02 -9.9608e-01
-2.0000e+02 1.7000e+02 -1.0167e-01
-2.0000e+02 1.8000e+02 1.0173e+00
-2.0000e+02 1.9000e+02 1.8372e+00
-2.0000e+02 2.0000e+02 4.2819e-01
-1.9000e+02 -2.0000e+02 -1.2594e+00
-1.9000e+02 -1.9000e+02 5.7113e-01
-1.9000e+02 -1.8000e+02 9.1712e-01
-1.9000e+02 -1.7000e+02 1.6636e+00
-1.9000e+02 -1.6000e+02 3.3843e-01
-1.9000e+02 -1.5000e+02 -1.6679e+00
-1.9000e+02 -1.4000e+02 5.3893e-01
-1.9000e+02 -1.3000e+02 -3.5525e+00
-1.9000e+02 -1.2000e+02 1.5007e+00
-1.9000e+02 -1.1000e+02 -2.3636e-01
-1.9000e+02 -1.0000e+02 -3.4096e-01
-1.9000e+02 -9.0000e+01 -6.0301e-01
-1.9000e+02 -8.0000e+01 -7.1049e-01
-1.9000e+02 -7.0000e+01 -2.0231e+00
-1.9000e+02 -6.0000e+01 -3.3007e+00
-1.9000e+02 -5.0000e+01 1.1750e+00
-1.9000e+02 -4.0000e+01 1.5725e-01
-1.9000e+02 -3.0000e+01 -1.2664e+00
-1.9000e+02 -2.0000e+01 -1.0606e+00
-1.9000e+02 -1.0000e+01 -1.0356e+00
-1.9000e+02 0.0000e+00 -2.2876e+00
-1.9000e+02 1.0000e+01 -3.7992e+00
-1.9000e+02 2.0000e+01 2.3703e+00
-1.9000e+02 3.0000e+01 -1.2560e-01
-1.9000e+02 4.0000e+01 1.5598e+00
-1.9000e+02 5.0000e+01 -2.3717e-01
-1.9000e+02 6.0000e+01 1.1113e+00
-1.9000e+02 7.0000e+01 1.4291e+00
-1.9000e+02 8.0000e+01 1.3088e+00
-1.9000e+02 9.0000e+01 -1.1502e+00
-1.9000e+02 1.0000e+02 1.5231e-02
-1.9000e+02 1.1000e+02 -8.1083e-01
-1.9000e+02 1.2000e+02 -1.7185e+00
-1.9000e+02 1.3000e+02 1.4242e+00
-1.9000e+02 1.4000e+02 -1.4963e+00
-1.9000e+02 1.5000e+02 9.5437e-01
-1.9000e+02 1.6000e+02 -3.7714e-03
-1.9000e+02 1.7000e+02 4.9202e-01
-1.9000e+02 1.8000e+02 6.0859e-01
-1.9000e+02 1.9000e+02 4.5343e-01
-1.9000e+02 2.0000e+02 -1.0372e+00
-1.8000e+02 -2.0000e+02 -3.3289e-01
-1.8000e+02 -1.9000e+02 8.8431e-01
-1.8000e+02 -1.8000e+02 1.3042e+00
-1.8000e+02 -1.7000e+02 -8.5280e-01
-1.8000e+02 -1.6000e+02 -3.3148e-01
-1.8000e+02 -1.5000e+02 8.7947e-01
-1.8000e+02 -1.4000e+02 -1.4110e+00
-1.8000e+02 -1.3000e+02 1.7931e+00
-1.8000e+02 -1.2000e+02 1.2796e+00
-1.8000e+02 -1.1000e+02 1.0631e+00
-1.8000e+02 -1.0000e+02 7.5034e-01
-1.8000e+02 -9.0000e+01 -2.9311e+00
-1.8000e+02 -8.0000e+01 6.6802e-01
-1.8000e+02 -7.0000e+01 1.8650e-01
-1.8000e+02 -6.0000e+01 1.0431e+00
-1.8000e+02 -5.0000e+01 4.1987e-01
-1.8000e+02 -4.0000e+01 -1.7589e-03
-1.8000e+02 -3.0000e+01 5.0489e-01
-1.8000e+02 -2.0000e+01 2.6215e-01
-1.8000e+02 -1.0000e+01 -1.1674e+00
-1.8000e+02 0.0000e+00 -1.3788e-01
-1.8000e+02 1.0000e+01 -7.9131e-01
-1.8000e+02 2.0000e+01 3.4364e-01
-1.8000e+02 3.0000e+01 -3.0883e+00
-1.8000e+02 4.0000e+01 8.7116e-01
-1.8000e+02 5.0000e+01 4.7834e-01
-1.8000e+02 6.0000e+01 -6.4551e-01
-1.8000e+02 7.0000e+01 -2.3742e+00
-1.8000e+02 8.0000e+01 -2.1594e+00
-1.8000e+02 9.0000e+01 2.5294e-01
-1.8000e+02 1.0000e+02 -8.0128e-01
-1.8000e+02 1.1000e+02 6.9160e-01
-1.8000e+02 1.2000e+02 -2.4838e+00
-1.8000e+02 1.3000e+02 1.0215e+00
-1.8000e+02 1.4000e+02 -8.3093e-02
-1.8000e+02 1.5000e+02 -3.6856e-01
-1.8000e+02 1.6000e+02 -5.6211e-01
-1.8000e+02 1.7000e+02 -1.5746e+00
-1.8000e+02 1.8000e+02 -1.4353e+00
-1.8000e+02 1.9000e+02 -3.7417e-01
-1.8000e+02 2.0000e+02 -9.6178e-01
-1.7000e+02 -2.0000e+02 1.8162e+00
-1.7000e+02 -1.9000e+02 7.8044e-01
-1.7000e+02 -1.8000e+02 -2.7092e-01
-1.7000e+02 -1.7000e+02 9.6730e-01
-1.7000e+02 -1.6000e+02 -3.8023e+00
-1.7000e+02 -1.5000e+02 1.3650e+00
-1.7000e+02 -1.4000e+02 -1.9133e+00
-1.7000e+02 -1.3000e+02 1.2946e+00
-1.7000e+02 -1.2000e+02 -1.1447e+00
-1.7000e+02 -1.1000e+02 2.0028e+00
-1.7000e+02 -1.0000e+02 2.5186e+00
-1.7000e+02 -9.0000e+01 2.0191e+00
-1.7000e+02 -8.0000e+01 8.2218e-01
-1.7000e+02 -7.0000e+01 2.3662e+00
-1.7000e+02 -6.0000e+01 -1.4046e+00
-1.7000e+02 -5.0000e+01 3.0510e+00
-1.7000e+02 -4.0000e+01 5.2860e-01
-1.7000e+02 -3.0000e+01 -1.5761e+00
-1.7000e+02 -2.0000e+01 1.4092e+00
-1.7000e+02 -1.0000e+01 6.6061e-01
-1.7000e+02 0.0000e+00 -2.3081e-01
-1.7000e+02 1.0000e+01 6.9858e-01
-1.7000e+02 2.0000e+01 -1.0111e+00
-1.7000e+02 3.0000e+01 1.5724e+00
-1.7000e+02 4.0000e+01 -2.2965e-01
-1.7000e+02 5.0000e+01 1.0795e+00
-1.7000e+02 6.0000e+01 -5.8498e-01
-1.7000e+02 7.0000e+01 -1.9810e+00
-1.7000e+02 8.0000e+01 -6.7168e-01
-1.7000e+02 9.0000e+01 -2.5985e-01
-1.7000e+02 1.0000e+02 -3.2368e+00
-1.7000e+02 1.1000e+02 -5.2076e-01
-1.7000e+02 1.2000e+02 -6.7951e-01
-1.7000e+02 1.3000e+02 1.3641e+00
-1.7000e+02 1.4000e+02 -7.3486e-02
-1.7000e+02 1.5000e+02 -5.6677e-01
-1.7000e+02 1.6000e+02 1.4349e+00
-1.7000e+02 1.7000e+02 -2.0308e+00
-1.7000e+02 1.8000e+02 3.0809e-02
-1.7000e+02 1.9000e+02 9.5960e-01
-1.7000e+02 2.0000e+02 -4.5268e-01
-1.6000e+02 -2.0000e+02 -6.6546e-01
-1.6000e+02 -1.9000e+02 -1.6554e+00
-1.6000e+02 -1.8000e+02 6.6814e-01
-1.6000e+02 -1.7000e+02 7.8126e-01
-1.6000e+02 -1.6000e+02 1.9981e+00
-1.6000e+02 -1.5000e+02 -2.2880e+00
-1.6000e+02 -1.4000e+02 5.9020e-01
-1.6000e+02 -1.3000e+02 -4.1463e-01
-1.6000e+02 -1.2000e+02 2.0339e-01
-1.6000e+02 -1.1000e+02 -3.9039e+00
-1.6000e+02 -1.0000e+02 3.1687e+00
-1.6000e+02 -9.0000e+01 -4.5289e-01
-1.6000e+02 -8.0000e+01 -1.3937e+00
-1.6000e+02 -7.0000e+01 -9.2251e-01
-1.6000e+02 -6.0000e+01 -1.1103e+00
-1.6000e+02 -5.0000e+01 -5.4229e-01
-1.6000e+02 -4.0000e+01 -1.7092e-01
-1.6000e+02 -3.0000e+01 2.0235e-01
-1.6000e+02 -2.0000e+01 -1.9422e+00
-1.6000e+02 -1.0000e+01 -1.1804e+00
-1.6000e+02 0.0000e+00 1.3280e+00
-1.6000e+02 1.0000e+01 8.9371e-01
-1.6000e+02 2.0000e+01 -1.5525e+00
-1.6000e+02 3.0000e+01 -1.6048e+00
-1.6000e+02 4.0000e+01 -6.8348e-01
-1.6000e+02 5.0000e+01 -3.2326e+00
-1.6000e+02 6.0000e+01 1.8723e+00
-1.6000e+02 7.0000e+01 -1.7286e+00
-1.6000e+02 8.0000e+01 2.9361e+00
-1.6000e+02 9.0000e+01 -5.0739e-01
-1.6000e+02 1.0000e+02 2.3124e+00
-1.6000e+02 1.1000e+02 1.5818e+00
-1.6000e+02 1.2000e+02 -1.7657e+00
-1.6000e+02 1.3000e+02 3.0438e-02
-1.6000e+02 1.4000e+02 -1.3866e+00
-1.6000e+02 1.5000e+02 -4.0713e-01
-1.6000e+02 1.6000e+02 -9.8590e-01
-1.6000e+02 1.7000e+02 1.4683e+00
-1.6000e+02 1.8000e+02 1.2921e+00
-1.6000e+02 1.9000e+02 5.9837e-01
-1.6000e+02 2.0000e+02 -1.9905e-01
-1.5000e+02 -2.0000e+02 -2.7166e+00
-1.5000e+02 -1.9000e+02 -1.7888e+00
-1.5000e+02 -1.8000e+02 1.3800e+00
-1.5000e+02 -1.7000e+02 -3.0569e-01
-1.5000e+02 -1.6000e+02 7.7362e-01
-1.5000e+02 -1.5000e+02 2.7714e+00
-1.5000e+02 -1.4000e+02 -1.8664e+00
-1.5000e+02 -1.3000e+02 1.1497e+00
-1.5000e+02 -1.2000e+02 -3.3739e-01
-1.5000e+02 -1.1000e+02 -2.1566e+00
-1.5000e+02 -1.0000e+02 1.0139e+00
-1.5000e+02 -9.0000e+01 3.2405e-02
-1.5000e+02 -8.0000e+01 -2.9306e+00
-1.5000e+02 -7.0000e+01 -3.5718e-01
-1.5000e+02 -6.0000e+01 4.7640e+00
-1.5000e+02 -5.0000e+01 -1.3828e+00
-1.5000e+02 -4.0000e+01 -5.2423e-01
-1.5000e+02 -3.0000e+01 -3.8864e-01
-1.5000e+02 -2.0000e+01 5.1395e-01
-1.5000e+02 -1.0000e+01 -2.4103e-01
-1.5000e+02 0.0000e+00 3.0705e-01
-1.5000e+02 1.0000e+01 -5.3837e-01
-1.5000e+02 2.0000e+01 1.8865e+00
-1.5000e+02 3.0000e+01 5.8416e-01
-1.5000e+02 4.0000e+01 1.8284e+00
-1.5000e+02 5.0000e+01 -1.7756e+00
-1.5000e+02 6.0000e+01 -3.3120e-01
-1.5000e+02 7.0000e+01 -7.3690e-01
-1.5000e+02 8.0000e+01 4.9121e-01
-1.5000e+02 9.0000e+01 -3.1986e-01
-1.5000e+02 1.0000e+02 1.6815e+00
-1.5000e+02 1.1000e+02 -7.3502e-01
-1.5000e+02 1.2000e+02 1.4546e+00
-1.5000e+02 1.3000e+02 1.5647e+00
-1.5000e+02 1.4000e+02 -7.0323e-01
-1.5000e+02 1.5000e+02 -3.1435e+00
-1.5000e+02 1.6000e+02 1.4542e-01
-1.5000e+02 1.7000e+02 -3.5471e-01
-1.5000e+02 1.8000e+02 -1.3059e+00
-1.5000e+02 1.9000e+02 -6.8217e-01
-1.5000e+02 2.0000e+02 1.0193e+00
-1.4000e+02 -2.0000e+02 5.0056e-01
-1.4000e+02 -1.9000e+02 -7.7771e-01
-1.4000e+02 -1.8000e+02 -2.0639e+00
-1.4000e+02 -1.7000e+02 -9.3807e-01
-1.4000e+02 -1.6000e+02 -9.3655e-01
-1.4000e+02 -1.5000e+02 1.8339e+00
-1.4000e+02 -1.4000e+02 1.0476e+00
-1.4000e+02 -1.3000e+02 -1.8137e+00
-1.4000e+02 -1.2000e+02 -9.7000e-01
-1.4000e+02 -1.1000e+02 1.7130e+00
-1.4000e+02 -1.0000e+02 3.1485e+00
-1.4000e+02 -9.0000e+01 -2.5785e+00
-1.4000e+02 -8.0000e+01 8.9470e-01
-1.4000e+02 -7.0000e+01 -7.1348e-01
-1.4000e+02 -6.0000e+01 1.6070e-01
-1.4000e+02 -5.0000e+01 -7.0478e-01
-1.4000e+02 -4.0000e+01 -2.0915e+00
-1.4000e+02 -3.0000e+01 -2.8711e+00
-1.4000e+02 -2.0000e+01 -1.7985e-02
-1.4000e+02 -1.0000e+01 -2.5286e+00
-1.4000e+02 0.0000e+00 -2.7249e-02
-1.4000e+02 1.0000e+01 -3.5283e+00
-1.4000e+02 2.0000e+01 -2.1015e+00
-1.4000e+02 3.0000e+01 2.5813e-01
-1.4000e+02 4.0000e+01 -7.5124e-01
-1.4000e+02 5.0000e+01 -2.0308e+00
-1.4000e+02 6.0000e+01 -1.0698e+00
-1.4000e+02 7.0000e+01 -3.9032e-01
-1.4000e+02 8.0000e+01 -1.0878e+00
-1.4000e+02 9.0000e+01 -1.2913e+00
-1.4000e+02 1.0000e+02 2.5137e+00
-1.4000e+02 1.1000e+02 1.2817e+00
-1.4000e+02 1.2000e+02 2.5496e-01
-1.4000e+02 1.3000e+02 -6.6051e-01
-1.4000e+02 1.4000e+02 1.1935e+00
-1.4000e+02 1.5000e+02 2.9419e+00
-1.4000e+02 1.6000e+02 -2.4225e+00
-1.4000e+02 1.7000e+02 1.0405e+00
-1.4000e+02 1.8000e+02 7.5712e-01
-1.4000e+02 1.9000e+02 -2.1918e+00
-1.4000e+02 2.0000e+02 -1.4810e+00
-1.3000e+02 -2.0000e+02 1.2448e-01
-1.3000e+02 -1.9000e+02 2.9746e+00
-1.3000e+02 -1.8000e+02 -1.9479e-01
-1.3000e+02 -1.7000e+02 5.0698e-01
-1.3000e+02 -1.6000e+02 -1.8692e+00
-1.3000e+02 -1.5000e+02 -6.7789e-01
-1.3000e+02 -1.4000e+02 -2.5676e+00
-1.3000e+02 -1.3000e+02 -1.1199e+00
-1.3000e+02 -1.2000e+02 2.1497e+00
-1.3000e+02 -1.1000e+02 -2.5559e-01
-1.3000e+02 -1.0000e+02 -1.9424e-01
-1.3000e+02 -9.0000e+01 -6.1252e-01
-1.3000e+02 -8.0000e+01 2.4716e+00
-1.3000e+02 -7.0000e+01 -1.9917e+00
-1.3000e+02 -6.0000e+01 2.1216e+00
-1.3000e+02 -5.0000e+01 9.2794e-01
-1.3000e+02 -4.0000e+01 -2.7226e+00
-1.3000e+02 -3.0000e+01 1.5161e+00
-1.3000e+02 -2.0000e+01 -4.6562e+00
-1.3000e+02 -1.0000e+01 -5.9046e-01
-1.3000e+02 0.0000e+00 3.5570e-01
-1.3000e+02 1.0000e+01 -1.2833e+00
-1.3000e+02 2.0000e+01 3.2076e-01
-1.3000e+02 3.0000e+01 -1.0726e+00
-1.3000e+02 4.0000e+01 -2.0122e-01
-1.3000e+02 5.0000e+01 -2.0077e+00
-1.3000e+02 6.0000e+01 -1.7184e+00
-1.3000e+02 7.0000e+01 -3.8085e+00
-1.3000e+02 8.0000e+01 -4.5538e-01
-1.3000e+02 9.0000e+01 -1.3250e+00
-1.3000e+02 1.0000e+02 2.0757e+00
-1.3000e+02 1.1000e+02 -2.2062e+00
-1.3000e+02 1.2000e+02 5.9665e-01
-1.3000e+02 1.3000e+02 -4.2357e-01
-1.3000e+02 1.4000e+02 1.3485e+00
-1.3000e+02 1.5000e+02 1.7079e+00
-1.3000e+02 1.6000e+02 8.3906e-01
-1.3000e+02 1.7000e+02 -9.5867e-01
-1.3000e+02 1.8000e+02 -1.5381e+00
-1.3000e+02 1.9000e+02 -5.0554e-02
-1.3000e+02 2.0000e+02 -3.4175e-01
-1.2000e+02 -2.0000e+02 2.8456e+00
-1.2000e+02 -1.9000e+02 -8.7507e-01
-1.2000e+02 -1.8000e+02 -5.1710e-01
-1.2000e+02 -1.7000e+02 -3.7898e-01
-1.2000e+02 -1.6000e+02 1.0041e+00
-1.2000e+02 -1.5000e+02 -8.9531e-01
-1.2000e+02 -1.4000e+02 7.7688e-01
-1.2000e+02 -1.3000e+02 -5.9911e-01
-1.2000e+02 -1.2000e+02 1.4554e+00
-1.2000e+02 -1.1000e+02 -2.5045e+00
-1.2000e+02 -1.0000e+02 -1.0668e+00
-1.2000e+02 -9.0000e+01 1.8985e+00
-1.2000e+02 -8.0000e+01 2.3794e+00
-1.2000e+02 -7.0000e+01 -1.1092e+00
-1.2000e+02 -6.0000e+01 -1.0745e+00
-1.2000e+02 -5.0000e+01 -1.7988e+00
-1.2000e+02 -4.0000e+01 -1.1661e+00
-1.2000e+02 -3.0000e+01 -1.7180e+00
-1.2000e+02 -2.0000e+01 -1.5228e+00
-1.2000e+02 -1.0000e+01 -1.2209e+00
-1.2000e+02 0.0000e+00 -1.0015e+00
-1.2000e+02 1.0000e+01 -1.4864e+00
-1.2000e+02 2.0000e+01 -1.0106e+00
-1.2000e+02 3.0000e+01 -9.5532e-01
-1.2000e+02 4.0000e+01 -1.2804e+00
-1.2000e+02 5.0000e+01 -2.2622e+00
-1.2000e+02 6.0000e+01 -2.1169e+00
-1.2000e+02 7.0000e+01 -5.2894e-01
-1.2000e+02 8.0000e+01 -4.9675e-01
-1.2000e+02 9.0000e+01 -2.7445e+00
-1.2000e+02 1.0000e+02 -1.9512e+00
-1.2000e+02 1.1000e+02 -7.3765e-01
-1.2000e+02 1.2000e+02 -1.3113e+00
-1.2000e+02 1.3000e+02 -1.0077e+00
-1.2000e+02 1.4000e+02 -3.0015e+00
-1.2000e+02 1.5000e+02 1.2763e+00
-1.2000e+02 1.6000e+02 -7.2591e-01
-1.2000e+02 1.7000e+02 -9.2769e-01
-1.2000e+02 1.8000e+02 1.5504e+00
-1.2000e+02 1.9000e+02 -2.8578e+00
-1.2000e+02 2.0000e+02 4.0110e-01
-1.1000e+02 -2.0000e+02 -1.0714e+00
-1.1000e+02 -1.9000e+02 6.4007e-01
-1.1000e+02 -1.8000e+02 -1.4906e-01
-1.1000e+02 -1.7000e+02 -3.0684e+00
-1.1000e+02 -1.6000e+02 8.7871e-01
-1.1000e+02 -1.5000e+02 2.0064e-01
-1.1000e+02 -1.4000e+02 -1.3556e+00
-1.1000e+02 -1.3000e+02 -2.0563e-01
-1.1000e+02 -1.2000e+02 6.4144e-01
-1.1000e+02 -1.1000e+02 -2.9863e+00
-1.1000e+02 -1.0000e+02 -1.8864e+00
-1.1000e+02 -9.0000e+01 2.6817e-01
-1.1000e+02 -8.0000e+01 -1.2327e+00
-1.1000e+02 -7.0000e+01 6.6606e-01
-1.1000e+02 -6.0000e+01 -3.1880e+00
-1.1000e+02 -5.0000e+01 6.4893e-01
-1.1000e+02 -4.0000e+01 4.4357e-01
-1.1000e+02 -3.0000e+01 -3.1954e+00
-1.1000e+02 -2.0000e+01 -3.9661e-01
-1.1000e+02 -1.0000e+01 -4.0013e+00
-1.1000e+02 0.0000e+00 -2.8451e+00
-1.1000e+02 1.0000e+01 -9.5713e-01
-1.1000e+02 2.0000e+01 -2.3920e+00
-1.1000e+02 3.0000e+01 -1.1150e+00
-1.1000e+02 4.0000e+01 4.0935e-01
-1.1000e+02 5.0000e+01 -2.5207e+00
-1.1000e+02 6.0000e+01 -7.1670e-01
-1.1000e+02 7.0000e+01 -1.3426e+00
-1.1000e+02 8.0000e+01 -2.3647e+00
-1.1000e+02 9.0000e+01 -1.2747e+00
-1.1000e+02 1.0000e+02 -2.3681e+00
-1.1000e+02 1.1000e+02 3.1939e+00
-1.1000e+02 1.2000e+02 7.3832e-01
-1.1000e+02 1.3000e+02 2.2041e-01
-1.1000e+02 1.4000e+02 -4.0826e-01
-1.1000e+02 1.5000e+02 -3.3729e+00
-1.1000e+02 1.6000e+02 -5.1589e-01
-1.1000e+02 1.7000e+02 6.8572e-01
-1.1000e+02 1.8000e+02 -3.7123e-01
-1.1000e+02 1.9000e+02 7.8722e-01
-1.1000e+02 2.0000e+02 2.5438e+00
-1.0000e+02 -2.0000e+02 -1.2253e+00
-1.0000e+02 -1.9000e+02 -3.5740e+00
-1.0000e+02 -1.8000e+02 2.7787e-01
-1.0000e+02 -1.7000e+02 1.3655e+00
-1.0000e+02 -1.6000e+02 2.9933e-01
-1.0000e+02 -1.5000e+02 1.2442e+00
-1.0000e+02 -1.4000e+02 -1.8789e+00
-1.0000e+02 -1.3000e+02 8.3885e-01
-1.0000e+02 -1.2000e+02 -6.6436e-01
-1.0000e+02 -1.1000e+02 -1.7117e-01
-1.0000e+02 -1.0000e+02 -2.0409e+00
-1.0000e+02 -9.0000e+01 -2.5484e+00
-1.0000e+02 -8.0000e+01 -2.1766e+00
-1.0000e+02 -7.0000e+01 -1.0936e+00
-1.0000e+02 -6.0000e+01 -1.8988e+00
-1.0000e+02 -5.0000e+01 -1.4264e+00
-1.0000e+02 -4.0000e+01 -2.0311e-02
-1.0000e+02 -3.0000e+01 -2.0434e+00
-1.0000e+02 -2.0000e+01 -6.5006e+00
-1.0000e+02 -1.0000e+01 -3.2820e+00
-1.0000e+02 0.0000e+00 -4.6031e+00
-1.0000e+02 1.0000e+01 -8.8875e-01
-1.0000e+02 2.0000e+01 -3.2735e+00
-1.0000e+02 3.0000e+01 -3.2317e+00
-1.0000e+02 4.0000e+01 7.3405e-01
-1.0000e+02 5.0000e+01 -3.8475e+00
-1.0000e+02 6.0000e+01 -2.9289e+00
-1.0000e+02 7.0000e+01 -1.1972e+00
-1.0000e+02 8.0000e+01 -2.9904e+00
-1.0000e+02 9.0000e+01 -1.3123e+00
-1.0000e+02 1.0000e+02 -2.9465e+00
-1.0000e+02 1.1000e+02 5.6309e-01
-1.0000e+02 1.2000e+02 5.2109e-01
-1.0000e+02 1.3000e+02 1.2495e+00
-1.0000e+02 1.4000e+02 -1.5629e+00
-1.0000e+02 1.5000e+02 2.6024e-01
-1.0000e+02 1.6000e+02 -7.9245e-01
-1.0000e+02 1.7000e+02 6.9520e-01
-1.0000e+02 1.8000e+02 5.7002e-01
-1.0000e+02 1.9000e+02 3.4452e+00
-1.0000e+02 2.0000e+02 -1.7873e+00
-9.0000e+01 -2.0000e+02 1.5727e-01
-9.0000e+01 -1.9000e+02 -3.7098e-01
-9.0000e+01 -1.8000e+02 -1.0779e+00
-9.0000e+01 -1.7000e+02 -1.5406e+00
-9.0000e+01 -1.6000e+02 -1.6927e+00
-9.0000e+01 -1.5000e+02 1.6276e+00
-9.0000e+01 -1.4000e+02 -1.6915e-01
-9.0000e+01 -1.3000e+02 -1.4083e-01
-9.0000e+01 -1.2000e+02 1.4623e+00
-9.0000e+01 -1.1000e+02 -3.9487e-01
-9.0000e+01 -1.0000e+02 -6.2697e-01
-9.0000e+01 -9.0000e+01 -2.6577e-01
-9.0000e+01 -8.0000e+01 -2.5208e+00
-9.0000e+01 -7.0000e+01 -1.1451e+00
-9.0000e+01 -6.0000e+01 -4.2300e+00
-9.0000e+01 -5.0000e+01 -3.1291e+00
-9.0000e+01 -4.0000e+01 -4.6164e+00
-9.0000e+01 -3.0000e+01 -2.7175e+00
-9.0000e+01 -2.0000e+01 -5.0954e+00
-9.0000e+01 -1.0000e+01 -2.6904e+00
-9.0000e+01 0.0000e+00 -2.9908e+00
-9.0000e+01 1.0000e+01 -1.4100e+00
-9.0000e+01 2.0000e+01 -1.2210e+00
-9.0000e+01 3.0000e+01 -2.9131e+00
-9.0000e+01 4.0000e+01 -3.0921e+00
-9.0000e+01 5.0000e+01 -2.9470e+00
-9.0000e+01 6.0000e+01 -4.4654e+00
-9.0000e+01 7.0000e+01 -3.6219e+00
-9.0000e+01 8.0000e+01 -1.8354e+00
-9.0000e+01 9.0000e+01 -2.1269e-01
-9.0000e+01 1.0000e+02 -1.3961e+00
-9.0000e+01 1.1000e+02 -1.1680e+00
-9.0000e+01 1.2000e+02 9.1935e-01
-9.0000e+01 1.3000e+02 -1.2816e+00
-9.0000e+01 1.4000e+02 -4.2972e-02
-9.0000e+01 1.5000e+02 9.1205e-01
-9.0000e+01 1.6000e+02 1.5449e+00
-9.0000e+01 1.7000e+02 -1.6644e+00
-9.0000e+01 1.8000e+02 1.0660e+00
-9.0000e+01 1.9000e+02 9.8943e-01
-9.0000e+01 2.0000e+02 1.5888e+00
-8.0000e+01 -2.0000e+02 2.8609e+00
-8.0000e+01 -1.9000e+02 -8.5140e-01
-8.0000e+01 -1.8000e+02 -8.9568e-01
-8.0000e+01 -1.7000e+02 1.0183e+00
-8.0000e+01 -1.6000e+02 7.1505e-01
-8.0000e+01 -1.5000e+02 -2.2557e+00
-8.0000e+01 -1.4000e+02 7.2819e-01
-8.0000e+01 -1.3000e+02 5.7718e-01
-8.0000e+01 -1.2000e+02 1.3484e+00
-8.0000e+01 -1.1000e+02 -2.5137e+00
-8.0000e+01 -1.0000e+02 -1.8805e+00
-8.0000e+01 -9.0000e+01 -1.5967e+00
-8.0000e+01 -8.0000e+01 -6.8405e-01
-8.0000e+01 -7.0000e+01 -2.8169e+00
-8.0000e+01 -6.0000e+01 -4.3650e+00
-8.0000e+01 -5.0000e+01 -4.6063e+00
-8.0000e+01 -4.0000e+01 -4.4758e+00
-8.0000e+01 -3.0000e+01 -2.8233e+00
-8.0000e+01 -2.0000e+01 -5.2309e+00
-8.0000e+01 -1.0000e+01 -3.5034e+00
-8.0000e+01 0.0000e+00 -5.3733e+00
-8.0000e+01 1.0000e+01 -6.8675e+00
-8.0000e+01 2.0000e+01 -4.8706e+00
-8.0000e+01 3.0000e+01 -2.1908e+00
-8.0000e+01 4.0000e+01 -3.1768e+00
-8.0000e+01 5.0000e+01 -4.3407e+00
-8.0000e+01 6.0000e+01 -3.5446e+00
-8.0000e+01 7.0000e+01 -2.8863e+00
-8.0000e+01 8.0000e+01 -2.0347e+00
-8.0000e+01 9.0000e+01 -3.6843e-01
-8.0000e+01 1.0000e+02 -3.0136e+00
-8.0000e+01 1.1000e+02 5.4438e-01
-8.0000e+01 1.2000e+02 1.1828e+00
-8.0000e+01 1.3000e+02 -7.9995e-01
-8.0000e+01 1.4000e+02 2.3700e+00
-8.0000e+01 1.5000e+02 -1.3381e+00
-8.0000e+01 1.6000e+02 7.3583e-01
-8.0000e+01 1.7000e+02 -5.2708e-01
-8.0000e+01 1.8000e+02 -5.3574e-01
-8.0000e+01 1.9000e+02 -2.2499e+00
-8.0000e+01 2.0000e+02 2.2610e+00
-7.0000e+01 -2.0000e+02 2.0216e-01
-7.0000e+01 -1.9000e+02 -2.3755e-01
-7.0000e+01 -1.8000e+02 -2.9481e+00
-7.0000e+01 -1.7000e+02 -1.9847e+00
-7.0000e+01 -1.6000e+02 -9.9931e-03
-7.0000e+01 -1.5000e+02 6.1641e-01
-7.0000e+01 -1.4000e+02 6.2730e-01
-7.0000e+01 -1.3000e+02 -2.3140e+00
-7.0000e+01 -1.2000e+02 -2.5471e+00
-7.0000e+01 -1.1000e+02 -2.7404e+00
-7.0000e+01 -1.0000e+02 -4.4403e+00
-7.0000e+01 -9.0000e+01 -3.6828e-01
-7.0000e+01 -8.0000e+01 -1.6934e+00
-7.0000e+01 -7.0000e+01 -5.0158e+00
-7.0000e+01 -6.0000e+01 -2.8098e+00
-7.0000e+01 -5.0000e+01 -3.9908e+00
-7.0000e+01 -4.0000e+01 -5.2064e+00
-7.0000e+01 -3.0000e+01 -5.8760e+00
-7.0000e+01 -2.0000e+01 -7.0795e+00
-7.0000e+01 -1.0000e+01 -8.0499e+00
-7.0000e+01 0.0000e+00 -6.9936e+00
-7.0000e+01 1.0000e+01 -7.9317e+00
-7.0000e+01 2.0000e+01 -8.4012e+00
-7.0000e+01 3.0000e+01 -4.4155e+00
-7.0000e+01 4.0000e+01 -5.1671e+00
-7.0000e+01 5.0000e+01 -7.1673e+00
-7.0000e+01 6.0000e+01 -3.3820e+00
-7.0000e+01 7.0000e+01 -4.7386e+00
-7.0000e+01 8.0000e+01 -2.5577e+00
-7.0000e+01 9.0000e+01 -2.6734e+00
-7.0000e+01 1.0000e+02 1.0221e+00
-7.0000e+01 1.1000e+02 -4.2052e-01
-7.0000e+01 1.2000e+02 -7.2943e-01
-7.0000e+01 1.3000e+02 8.6858e-01
-7.0000e+01 1.4000e+02 4.8634e-01
-7.0000e+01 1.5000e+02 -1.0104e+00
-7.0000e+01 1.6000e+02 3.5245e-03
-7.0000e+01 1.7000e+02 -1.3622e-02
-7.0000e+01 1.8000e+02 -2.0465e+00
-7.0000e+01 1.9000e+02 4.0264e+00
-7.0000e+01 2.0000e+02 6.1858e-01
-6.0000e+01 -2.0000e+02 -6.4147e-01
-6.0000e+01 -1.9000e+02 5.2692e-01
-6.0000e+01 -1.8000e+02 -1.7258e+00
-6.0000e+01 -1.7000e+02 1.9925e+00
-6.0000e+01 -1.6000e+02 5.1760e-01
-6.0000e+01 -1.5000e+02 2.1074e+00
-6.0000e+01 -1.4000e+02 -8.0678e-01
-6.0000e+01 -1.3000e+02 -1.5828e+00
-6.0000e+01 -1.2000e+02 -1.7898e-01
-6.0000e+01 -1.1000e+02 -2.1266e+00
-6.0000e+01 -1.0000e+02 -3.1228e+00
-6.0000e+01 -9.0000e+01 -4.4647e+00
-6.0000e+01 -8.0000e+01 -1.6142e+00
-6.0000e+01 -7.0000e+01 -3.2269e+00
-6.0000e+01 -6.0000e+01 -6.5136e+00
-6.0000e+01 -5.0000e+01 -4.7161e+00
-6.0000e+01 -4.0000e+01 -4.0717e+00
-6.0000e+01 -3.0000e+01 -6.6053e+00
-6.0000e+01 -2.0000e+01 -7.5063e+00
-6.0000e+01 -1.0000e+01 -7.2816e+00
-6.0000e+01 0.0000e+00 -1.2668e+01
-6.0000e+01 1.0000e+01 -7.7094e+00
-6.0000e+01 2.0000e+01 -6.3557e+00
-6.0000e+01 3.0000e+01 -4.5983e+00
-6.0000e+01 4.0000e+01 -8.0849e+00
-6.0000e+01 5.0000e+01 -4.4300e+00
-6.0000e+01 6.0000e+01 -6.2744e+00
-6.0000e+01 7.0000e+01 -3.7610e+00
-6.0000e+01 8.0000e+01 -3.4374e+00
-6.0000e+01 9.0000e+01 -1.8298e+00
-6.0000e+01 1.0000e+02 -2.5888e+00
-6.0000e+01 1.1000e+02 -9.6946e-01
-6.0000e+01 1.2000e+02 -4.8294e-01
-6.0000e+01 1.3000e+02 2.4694e-01
-6.0000e+01 1.4000e+02 -2.2009e+00
-6.0000e+01 1.5000e+02 -8.9841e-01
-6.0000e+01 1.6000e+02 -7.5198e-01
-6.0000e+01 1.7000e+02 -9.8804e-01
-6.0000e+01 1.8000e+02 2.2929e-01
-6.0000e+01 1.9000e+02 -2.8694e-01
-6.0000e+01 2.0000e+02 1.1991e+00
-5.0000e+01 -2.0000e+02 -2.4350e+00
-5.0000e+01 -1.9000e+02 -1.3376e+00
-5.0000e+01 -1.8000e+02 3.3153e+00
-5.0000e+01 -1.7000e+02 -1.6617e-01
-5.0000e+01 -1.6000e+02 -1.1066e+00
-5.0000e+01 -1.5000e+02 -1.4522e+00
-5.0000e+01 -1.4000e+02 -5.2410e-01
-5.0000e+01 -1.3000e+02 1.0545e-01
-5.0000e+01 -1.2000e+02 2.9513e-02
-5.0000e+01 -1.1000e+02 -1.8437e+00
-5.0000e+01 -1.0000e+02 -1.0545e+00
-5.0000e+01 -9.0000e+01 -3.7093e+00
-5.0000e+01 -8.0000e+01 -1.9851e+00
-5.0000e+01 -7.0000e+01 -3.4789e+00
-5.0000e+01 -6.0000e+01 -6.4606e+00
-5.0000e+01 -5.0000e+01 -4.9996e+00
-5.0000e+01 -4.0000e+01 -7.7228e+00
-5.0000e+01 -3.0000e+01 -9.2368e+00
-5.0000e+01 -2.0000e+01 -8.1751e+00
-5.0000e+01 -1.0000e+01 -1.0839e+01
-5.0000e+01 0.0000e+00 -1.1585e+01
-5.0000e+01 1.0000e+01 -7.7157e+00
-5.0000e+01 2.0000e+01 -7.5671e+00
-5.0000e+01 3.0000e+01 -1.0089e+01
-5.0000e+01 4.0000e+01 -7.3569e+00
-5.0000e+01 5.0000e+01 -7.2561e+00
-5.0000e+01 6.0000e+01 -8.7919e+00
-5.0000e+01 7.0000e+01 -4.4922e+00
-5.0000e+01 8.0000e+01 -3.2854e+00
-5.0000e+01 9.0000e+01 -2.6847e+00
-5.0000e+01 1.0000e+02 -3.1664e+00
-5.0000e+01 1.1000e+02 -2.2833e+00
-5.0000e+01 1.2000e+02 2.1959e+00
-5.0000e+01 1.3000e+02 3.5723e-02
-5.0000e+01 1.4000e+02 8.5541e-01
-5.0000e+01 1.5000e+02 3.3836e-01
-5.0000e+01 1.6000e+02 -7.9403e-01
-5.0000e+01 1.7000e+02 -3.2861e-01
-5.0000e+01 1.8000e+02 -4.0357e-01
-5.0000e+01 1.9000e+02 1.9712e+00
-5.0000e+01 2.0000e+02 -1.0688e+00
-4.0000e+01 -2.0000e+02 -1.0422e+00
-4.0000e+01 -1.9000e+02 -2.8376e-01
-4.0000e+01 -1.8000e+02 2.5613e-01
-4.0000e+01 -1.7000e+02 3.6663e+00
-4.0000e+01 -1.6000e+02 -1.6832e+00
-4.0000e+01 -1.5000e+02 1.5028e+00
-4.0000e+01 -1.4000e+02 -6.8290e-01
-4.0000e+01 -1.3000e+02 -6.7182e-01
-4.0000e+01 -1.2000e+02 6.9496e-01
-4.0000e+01 -1.1000e+02 -3.9380e+00
-4.0000e+01 -1.0000e+02 -1.3254e+00
-4.0000e+01 -9.0000e+01 -3.4260e+00
-4.0000e+01 -8.0000e+01 -4.4336e+00
-4.0000e+01 -7.0000e+01 -6.7179e+00
-4.0000e+01 -6.0000e+01 -4.7839e+00
-4.0000e+01 -5.0000e+01 -7.7676e+00
-4.0000e+01 -4.0000e+01 -7.6482e+00
-4.0000e+01 -3.0000e+01 -1.0297e+01
-4.0000e+01 -2.0000e+01 -1.2212e+01
-4.0000e+01 -1.0000e+01 -1.4715e+01
-4.0000e+01 0.0000e+00 -1.1480e+01
-4.0000e+01 1.0000e+01 -1.2938e+01
-4.0000e+01 2.0000e+01 -1.0654e+01
-4.0000e+01 3.0000e+01 -1.1282e+01
-4.0000e+01 4.0000e+01 -1.1661e+01
-4.0000e+01 5.0000e+01 -1.0829e+01
-4.0000e+01 6.0000e+01 -5.3399e+00
-4.0000e+01 7.0000e+01 -7.2093e+00
-4.0000e+01 8.0000e+01 -5.1877e+00
-4.0000e+01 9.0000e+01 -2.3148e+00
-4.0000e+01 1.0000e+02 -3.4575e+00
-4.0000e+01 1.1000e+02 -9.9560e-01
-4.0000e+01 1.2000e+02 5.4747e-01
-4.0000e+01 1.3000e+02 2.9345e-01
-4.0000e+01 1.4000e+02 -7.0763e-01
-4.0000e+01 1.5000e+02 -6.4480e-01
-4.0000e+01 1.6000e+02 1.9776e-01
-4.0000e+01 1.7000e+02 4.9214e-01
-4.0000e+01 1.8000e+02 6.1476e-01
-4.0000e+01 1.9000e+02 -7.2638e-01
-4.0000e+01 2.0000e+02 -8.8114e-01
-3.0000e+01 -2.0000e+02 6.0672e-01
-3.0000e+01 -1.9000e+02 2.9529e+00
-3.0000e+01 -1.8000e+02 -4.6760e-01
-3.0000e+01 -1.7000e+02 -1.5075e+00
-3.0000e+01 -1.6000e+02 -1.4335e-01
-3.0000e+01 -1.5000e+02 -9.1181e-01
-3.0000e+01 -1.4000e+02 -2.2352e+00
-3.0000e+01 -1.3000e+02 -3.2057e+00
-3.0000e+01 -1.2000e+02 -1.9763e+00
-3.0000e+01 -1.1000e+02 -4.4101e+00
-3.0000e+01 -1.0000e+02 -3.3410e+00
-3.0000e+01 -9.0000e+01 -3.9631e+00
-3.0000e+01 -8.0000e+01 -8.2964e+00
-3.0000e+01 -7.0000e+01 -5.2977e+00
-3.0000e+01 -6.0000e+01 -6.9217e+00
-3.0000e+01 -5.0000e+01 -8.2064e+00
-3.0000e+01 -4.0000e+01 -9.7156e+00
-3.0000e+01 -3.0000e+01 -1.0990e+01
-3.0000e+01 -2.0000e+01 -1.1166e+01
-3.0000e+01 -1.0000e+01 -1.2716e+01
-3.0000e+01 0.0000e+00 -1.4538e+01
-3.0000e+01 1.0000e+01 -9.9220e+00
-3.0000e+01 2.0000e+01 -1.0643e+01
-3.0000e+01 3.0000e+01 -1.3214e+01
-3.0000e+01 4.0000e+01 -9.4255e+00
-3.0000e+01 5.0000e+01 -7.7205e+00
-3.0000e+01 6.0000e+01 -8.0238e+00
-3.0000e+01 7.0000e+01 -6.1584e+00
-3.0000e+01 8.0000e+01 -4.0051e+00
-3.0000e+01 9.0000e+01 -3.6779e+00
-3.0000e+01 1.0000e+02 -3.6281e+00
-3.0000e+01 1.1000e+02 -2.2959e+00
-3.0000e+01 1.2000e+02 -2.3093e+00
-3.0000e+01 1.3000e+02 -1.3832e+00
-3.0000e+01 1.4000e+02 9.6694e-01
-3.0000e+01 1.5000e+02 2.2645e+00
-3.0000e+01 1.6000e+02 1.2344e+00
-3.0000e+01 1.7000e+02 -2.2235e+00
-3.0000e+01 1.8000e+02 -9.3422e-01
-3.0000e+01 1.9000e+02 -1.8619e+00
-3.0000e+01 2.0000e+02 2.6420e+00
-2.0000e+01 -2.0000e+02 -1.3382e+00
-2.0000e+01 -1.9000e+02 -1.3848e+00
-2.0000e+01 -1.8000e+02 3.1814e-01
-2.0000e+01 -1.7000e+02 3.3319e-01
-2.0000e+01 -1.6000e+02 -1.6395e+00
-2.0000e+01 -1.5000e+02 -2.9940e-01
-2.0000e+01 -1.4000e+02 1.4566e+00
-2.0000e+01 -1.3000e+02 -1.4020e+00
-2.0000e+01 -1.2000e+02 -3.0575e-02
-2.0000e+01 -1.1000e+02 -2.2305e+00
-2.0000e+01 -1.0000e+02 -7.6956e+00
-2.0000e+01 -9.0000e+01 -2.0677e+00
-2.0000e+01 -8.0000e+01 -5.2501e+00
-2.0000e+01 -7.0000e+01 -7.9093e+00
-2.0000e+01 -6.0000e+01 -8.7089e+00
-2.0000e+01 -5.0000e+01 -1.0055e+01
-2.0000e+01 -4.0000e+01 -1.0588e+01
-2.0000e+01 -3.0000e+01 -1.2285e+01
-2.0000e+01 -2.0000e+01 -1.1720e+01
-2.0000e+01 -1.0000e+01 -1.4784e+01
-2.0000e+01 0.0000e+00 -1.3646e+01
-2.0000e+01 1.0000e+01 -8.7165e+00
-2.0000e+01 2.0000e+01 -1.3922e+01
-2.0000e+01 3.0000e+01 -1.0094e+01
-2.0000e+01 4.0000e+01 -1.1214e+01
-2.0000e+01 5.0000e+01 -8.2150e+00
-2.0000e+01 6.0000e+01 -5.3958e+00
-2.0000e+01 7.0000e+01 -6.5234e+00
-2.0000e+01 8.0000e+01 -4.2517e+00
-2.0000e+01 9.0000e+01 -4.4105e+00
-2.0000e+01 1.0000e+02 -1.3883e+00
-2.0000e+01 1.1000e+02 -1.9206e+00
-2.0000e+01 1.2000e+02 1.6836e-01
-2.0000e+01 1.3000e+02 4.1952e-01
-2.0000e+01 1.4000e+02 -1.9698e+00
-2.0000e+01 1.5000e+02 -1.5036e+00
-2.0000e+01 1.6000e+02 -3.1435e+00
-2.0000e+01 1.7000e+02 -1.3262e+00
-2.0000e+01 1.8000e+02 8.1009e-01
-2.0000e+01 1.9000e+02 -1.4344e+00
-2.0000e+01 2.0000e+02 8.3389e-01
-1.0000e+01 -2.0000e+02 2.2856e+00
-1.0000e+01 -1.9000e+02 2.0586e+00
-1.0000e+01 -1.8000e+02 2.9693e+00
-1.0000e+01 -1.7000e+02 7.6257e-01
-1.0000e+01 -1.6000e+02 1.0526e+00
-1.0000e+01 -1.5000e+02 -3.6968e+00
-1.0000e+01 -1.4000e+02 -7.0768e-01
-1.0000e+01 -1.3000e+02 -7.0810e-01
-1.0000e+01 -1.2000e+02 -4.2328e+00
-1.0000e+01 -1.1000e+02 -2.9406e+00
-1.0000e+01 -1.0000e+02 -2.5821e+00
-1.0000e+01 -9.0000e+01 -3.2041e+00
-1.0000e+01 -8.0000e+01 -3.7394e+00
-1.0000e+01 -7.0000e+01 -8.3868e+00
-1.0000e+01 -6.0000e+01 -8.3504e+00
-1.0000e+01 -5.0000e+01 -7.9999e+00
-1.0000e+01 -4.0000e+01 -1.2007e+01
-1.0000e+01 -3.0000e+01 -1.4048e+01
-1.0000e+01 -2.0000e+01 -1.3470e+01
-1.0000e+01 -1.0000e+01 -1.4579e+01
-1.0000e+01 0.0000e+00 -1.6844e+01
-1.0000e+01 1.0000e+01 -1.4533e+01
-1.0000e+01 2.0000e+01 -1.3854e+01
-1.0000e+01 3.0000e+01 -1.2350e+01
-1.0000e+01 4.0000e+01 -1.3177e+01
-1.0000e+01 5.0000e+01 -9.5986e+00
-1.0000e+01 6.0000e+01 -6.8065e+00
-1.0000e+01 7.0000e+01 -5.8368e+00
-1.0000e+01 8.0000e+01 -5.2161e+00
-1.0000e+01 9.0000e+01 -1.4226e+00
-1.0000e+01 1.0000e+02 -1.2891e+00
-1.0000e+01 1.1000e+02 -1.4861e+00
-1.0000e+01 1.2000e+02 -2.1832e+00
-1.0000e+01 1.3000e+02 2.0578e+00
-1.0000e+01 1.4000e+02 -1.8850e+00
-1.0000e+01 1.5000e+02 6.6107e-01
-1.0000e+01 1.6000e+02 -3.4795e-01
-1.0000e+01 1.7000e+02 -2.4240e+00
-1.0000e+01 1.8000e+02 -2.1521e+00
-1.0000e+01 1.9000e+02 1.0526e+00
-1.0000e+01 2.0000e+02 3.1779e-01
0.0000e+00 -2.0000e+02 -9.3611e-01
0.0000e+00 -1.9000e+02 -6.5294e-01
0.0000e+00 -1.8000e+02 -2.2202e+00
0.0000e+00 -1.7000e+02 -1.8856e+00
0.0000e+00 -1.6000e+02 -3.0461e+00
0.0000e+00 -1.5000e+02 1.8244e+00
0.0000e+00 -1.4000e+02 -7.5359e-01
0.0000e+00 -1.3000e+02 -8.7666e-02
0.0000e+00 -1.2000e+02 -4.2296e-02
0.0000e+00 -1.1000e+02 -1.4684e+00
0.0000e+00 -1.0000e+02 -3.7752e+00
0.0000e+00 -9.0000e+01 -5.2723e+00
0.0000e+00 -8.0000e+01 -2.9899e+00
0.0000e+00 -7.0000e+01 -6.6493e+00
0.0000e+00 -6.0000e+01 -8.3223e+00
0.0000e+00 -5.0000e+01 -8.7525e+00
0.0000e+00 -4.0000e+01 -1.0140e+01
0.0000e+00 -3.0000e+01 -1.4075e+01
0.0000e+00 -2.0000e+01 -1.5252e+01
0.0000e+00 -1.0000e+01 -1.5470e+01
0.0000e+00 0.0000e+00 -1.5870e+01
0.0000e+00 1.0000e+01 -1.6716e+01
0.0000e+00 2.0000e+01 -1.1589e+01
0.0000e+00 3.0000e+01 -1.1100e+01
0.0000e+00 4.0000e+01 -1.1920e+01
0.0000e+00 5.0000e+01 -1.0865e+01
0.0000e+00 6.0000e+01 -7.8577e+00
0.0000e+00 7.0000e+01 -4.4462e+00
0.0000e+00 8.0000e+01 -7.5878e+00
0.0000e+00 9.0000e+01 -5.6703e+00
0.0000e+00 1.0000e+02 -3.8323e+00
0.0000e+00 1.1000e+02 -2.4293e+00
0.0000e+00 1.2000e+02 -8.3262e-01
0.0000e+00 1.3000e+02 -1.7156e+00
0.0000e+00 1.4000e+02 8.5570e-01
0.0000e+00 1.5000e+02 -1.3946e+00
0.0000e+00 1.6000e+02 1.1320e+00
0.0000e+00 1.7000e+02 2.2957e+00
0.0000e+00 1.8000e+02 -7.1225e-01
0.0000e+00 1.9000e+02 -8.8039e-01
0.0000e+00 2.0000e+02 -1.1538e+00
1.0000e+01 -2.0000e+02 1.6098e+00
1.0000e+01 -1.9000e+02 2.5683e+00
1.0000e+01 -1.8000e+02 -9.4786e-01
1.0000e+01 -1.7000e+02 -1.1880e+00
1.0000e+01 -1.6000e+02 -4.8313e-01
1.0000e+01 -1.5000e+02 -5.9655e-01
1.0000e+01 -1.4000e+02 -1.2140e+00
1.0000e+01 -1.3000e+02 -1.0795e+00
1.0000e+01 -1.2000e+02 -1.4973e+00
1.0000e+01 -1.1000e+02 -1.8618e+00
1.0000e+01 -1.0000e+02 -2.9227e+00
1.0000e+01 -9.0000e+01 -2.4944e+00
1.0000e+01 -8.0000e+01 -3.5950e+00
1.0000e+01 -7.0000e+01 -6.7059e+00
1.0000e+01 -6.0000e+01 -1.0689e+01
1.0000e+01 -5.0000e+01 -9.6398e+00
1.0000e+01 -4.0000e+01 -1.5247e+01
1.0000e+01 -3.0000e+01 -1.4458e+01
1.0000e+01 -2.0000e+01 -1.3712e+01
1.0000e+01 -1.0000e+01 -1.4662e+01
1.0000e+01 0.0000e+00 -1.3587e+01
1.0000e+01 1.0000e+01 -1.3302e+01
1.0000e+01 2.0000e+01 -1.3785e+01
1.0000e+01 3.0000e+01 -1.3519e+01
1.0000e+01 4.0000e+01 -1.0177e+01
1.0000e+01 5.0000e+01 -1.1523e+01
1.0000e+01 6.0000e+01 -8.5268e+00
1.0000e+01 7.0000e+01 -5.6450e+00
1.0000e+01 8.0000e+01 -3.4785e+00
1.0000e+01 9.0000e+01 -4.1688e+00
1.0000e+01 1.0000e+02 -2.1942e+00
1.0000e+01 1.1000e+02 -1.1174e+00
1.0000e+01 1.2000e+02 1.7019e+00
1.0000e+01 1.3000e+02 1.7385e+00
1.0000e+01 1.4000e+02 2.8346e-01
1.0000e+01 1.5000e+02 -2.9550e+00
1.0000e+01 1.6000e+02 6.8093e-02
1.0000e+01 1.7000e+02 1.2019e+00
1.0000e+01 1.8000e+02 2.3328e+00
1.0000e+01 1.9000e+02 4.5682e-01
1.0000e+01 2.0000e+02 1.4113e+00
2.0000e+01 -2.0000e+02 -2.3086e+00
2.0000e+01 -1.9000e+02 -2.7331e+00
2.0000e+01 -1.8000e+02 1.0413e+00
2.0000e+01 -1.7000e+02 -3.7589e-01
2.0000e+01 -1.6000e+02 -5.1971e-01
2.0000e+01 -1.5000e+02 -1.7665e+00
2.0000e+01 -1.4000e+02 -8.9350e-02
2.0000e+01 -1.3000e+02 -2.9905e+00
2.0000e+01 -1.2000e+02 1.3122e-01
2.0000e+01 -1.1000e+02 -1.6661e+00
2.0000e+01 -1.0000e+02 -2.6342e+00
2.0000e+01 -9.0000e+01 -4.5354e+00
2.0000e+01 -8.0000e+01 -5.8747e+00
2.0000e+01 -7.0000e+01 -5.0351e+00
2.0000e+01 -6.0000e+01 -6.9645e+00
2.0000e+01 -5.0000e+01 -6.7240e+00
2.0000e+01 -4.0000e+01 -1.1697e+01
2.0000e+01 -3.0000e+01 -1.2027e+01
2.0000e+01 -2.0000e+01 -1.1816e+01
2.0000e+01 -1.0000e+01 -1.1956e+01
2.0000e+01 0.0000e+00 -1.4505e+01
2.0000e+01 1.0000e+01 -1.2178e+01
2.0000e+01 2.0000e+01 -1.2067e+01
2.0000e+01 3.0000e+01 -1.1684e+01
2.0000e+01 4.0000e+01 -1.0504e+01
2.0000e+01 5.0000e+01 -9.7887e+00
2.0000e+01 6.0000e+01 -8.4254e+00
2.0000e+01 7.0000e+01 -6.6532e+00
2.0000e+01 8.0000e+01 -3.4055e+00
2.0000e+01 9.0000e+01 -5.8908e+00
2.0000e+01 1.0000e+02 -2.1747e+00
2.0000e+01 1.1000e+02 -6.8432e-01
2.0000e+01 1.2000e+02 3.9538e-01
2.0000e+01 1.3000e+02 -7.7798e-01
2.0000e+01 1.4000e+02 1.0860e+00
2.0000e+01 1.5000e+02 -1.6501e+00
2.0000e+01 1.6000e+02 1.3961e+00
2.0000e+01 1.7000e+02 7.5854e-01
2.0000e+01 1.8000e+02 2.4457e+00
2.0000e+01 1.9000e+02 2.7287e+00
2.0000e+01 2.0000e+02 1.8278e+00
3.0000e+01 -2.0000e+02 -2.0008e+00
3.0000e+01 -1.9000e+02 -9.1071e-01
3.0000e+01 -1.8000e+02 3.2205e+00
3.0000e+01 -1.7000e+02 -1.2535e+00
3.0000e+01 -1.6000e+02 1.7038e+00
3.0000e+01 -1.5000e+02 -2.6080e+00
3.0000e+01 -1.4000e+02 1.3012e+00
3.0000e+01 -1.3000e+02 6.6680e-01
3.0000e+01 -1.2000e+02 5.8052e-01
3.0000e+01 -1.1000e+02 -1.1995e+00
3.0000e+01 -1.0000e+02 -2.6999e+00
3.0000e+01 -9.0000e+01 -2.1168e+00
3.0000e+01 -8.0000e+01 -4.3982e+00
3.0000e+01 -7.0000e+01 -6.3223e+00
3.0000e+01 -6.0000e+01 -8.7026e+00
3.0000e+01 -5.0000e+01 -7.1959e+00
3.0000e+01 -4.0000e+01 -1.0331e+01
3.0000e+01 -3.0000e+01 -1.3548e+01
3.0000e+01 -2.0000e+01 -1.1803e+01
3.0000e+01 -1.0000e+01 -1.5230e+01
3.0000e+01 0.0000e+00 -1.1334e+01
3.0000e+01 1.0000e+01 -1.4461e+01
3.0000e+01 2.0000e+01 -1.2865e+01
3.0000e+01 3.0000e+01 -1.1752e+01
3.0000e+01 4.0000e+01 -1.0829e+01
3.0000e+01 5.0000e+01 -8.2660e+00
3.0000e+01 6.0000e+01 -9.5911e+00
3.0000e+01 7.0000e+01 -6.2282e+00
3.0000e+01 8.0000e+01 -6.9982e+00
3.0000e+01 9.0000e+01 -5.0645e+00
3.0000e+01 1.0000e+02 -3.7189e+00
3.0000e+01 1.1000e+02 2.0554e+00
3.0000e+01 1.2000e+02 -1.5488e+00
3.0000e+01 1.3000e+02 -2.2299e+00
3.0000e+01 1.4000e+02 -5.5745e-01
3.0000e+01 1.5000e+02 1.0235e+00
3.0000e+01 1.6000e+02 -2.6600e+00
3.0000e+01 1.7000e+02 -5.9401e-01
3.0000e+01 1.8000e+02 6.9581e-01
3.0000e+01 1.9000e+02 9.3501e-01
3.0000e+01 2.0000e+02 -1.6966e+00
4.0000e+01 -2.0000e+02 -7.6656e-01
4.0000e+01 -1.9000e+02 -1.4718e+00
4.0000e+01 -1.8000e+02 2.4305e+00
4.0000e+01 -1.7000e+02 2.0791e-02
4.0000e+01 -1.6000e+02 1.4718e+00
4.0000e+01 -1.5000e+02 -1.3504e+00
4.0000e+01 -1.4000e+02 1.2980e+00
4.0000e+01 -1.3000e+02 -3.4742e+00
4.0000e+01 -1.2000e+02 -1.1782e+00
4.0000e+01 -1.1000e+02 1.2183e+00
4.0000e+01 -1.0000e+02 -3.4225e+00
4.0000e+01 -9.0000e+01 -2.6291e+00
4.0000e+01 -8.0000e+01 -3.9185e+00
4.0000e+01 -7.0000e+01 -7.1569e+00
4.0000e+01 -6.0000e+01 -6.8192e+00
4.0000e+01 -5.0000e+01 -5.1402e+00
4.0000e+01 -4.0000e+01 -1.0048e+01
4.0000e+01 -3.0000e+01 -1.2430e+01
4.0000e+01 -2.0000e+01 -1.1280e+01
4.0000e+01 -1.0000e+01 -1.1634e+01
4.0000e+01 0.0000e+00 -1.5214e+01
4.0000e+01 1.0000e+01 -1.3923e+01
4.0000e+01 2.0000e+01 -8.8547e+00
4.0000e+01 3.0000e+01 -9.3901e+00
4.0000e+01 4.0000e+01 -9.9173e+00
4.0000e+01 5.0000e+01 -7.9800e+00
4.0000e+01 6.0000e+01 -7.6130e+00
4.0000e+01 7.0000e+01 -4.6910e+00
4.0000e+01 8.0000e+01 -6.8740e+00
4.0000e+01 9.0000e+01 -2.2957e+00
4.0000e+01 1.0000e+02 -3.7945e+00
4.0000e+01 1.1000e+02 -1.6519e+00
4.0000e+01 1.2000e+02 -3.2355e+00
4.0000e+01 1.3000e+02 -9.2483e-01
4.0000e+01 1.4000e+02 6.0939e-01
4.0000e+01 1.5000e+02 -3.4698e+00
4.0000e+01 1.6000e+02 -5.7990e-01
4.0000e+01 1.7000e+02 6.5870e-01
4.0000e+01 1.8000e+02 -1.9086e+00
4.0000e+01 1.9000e+02 8.8510e-02
4.0000e+01 2.0000e+02 -9.5884e-02
5.0000e+01 -2.0000e+02 5.2366e-01
5.0000e+01 -1.9000e+02 8.0493e-01
5.0000e+01 -1.8000e+02 1.7486e+00
5.0000e+01 -1.7000e+02 2.5885e+00
5.0000e+01 -1.6000e+02 2.2710e-01
5.0000e+01 -1.5000e+02 -3.0916e+00
5.0000e+01 -1.4000e+02 4.1969e-01
5.0000e+01 -1.3000e+02 -2.0786e+00
5.0000e+01 -1.2000e+02 -2.8613e+00
5.0000e+01 -1.1000e+02 -1.2307e+00
5.0000e+01 -1.0000e+02 -2.8327e+00
5.0000e+01 -9.0000e+01 -3.5792e+00
5.0000e+01 -8.0000e+01 -6.4452e+00
5.0000e+01 -7.0000e+01 -4.2448e+00
5.0000e+01 -6.0000e+01 -3.1371e+00
5.0000e+01 -5.0000e+01 -5.4124e+00
5.0000e+01 -4.0000e+01 -1.0252e+01
5.0000e+01 -3.0000e+01 -6.5577e+00
5.0000e+01 -2.0000e+01 -8.1679e+00
5.0000e+01 -1.0000e+01 -1.3477e+01
5.0000e+01 0.0000e+00 -1.0091e+01
5.0000e+01 1.0000e+01 -1.0057e+01
5.0000e+01 2.0000e+01 -1.1707e+01
5.0000e+01 3.0000e+01 -1.0644e+01
5.0000e+01 4.0000e+01 -4.9749e+00
5.0000e+01 5.0000e+01 -6.1381e+00
5.0000e+01 6.0000e+01 -8.3234e+00
5.0000e+01 7.0000e+01 -7.8879e+00
5.0000e+01 8.0000e+01 -2.9871e+00
5.0000e+01 9.0000e+01 -4.4757e+00
5.0000e+01 1.0000e+02 -3.9605e+00
5.0000e+01 1.1000e+02 -1.6345e+00
5.0000e+01 1.2000e+02 -7.7117e-01
5.0000e+01 1.3000e+02 -5.8610e-01
5.0000e+01 1.4000e+02 -2.2365e+00
5.0000e+01 1.5000e+02 1.8431e+00
5.0000e+01 1.6000e+02 2.4556e-01
5.0000e+01 1.7000e+02 1.2351e-01
5.0000e+01 1.8000e+02 4.8711e-01
5.0000e+01 1.9000e+02 -1.0386e+00
5.0000e+01 2.0000e+02 1.7685e+00
6.0000e+01 -2.0000e+02 5.6265e-01
6.0000e+01 -1.9000e+02 5.4940e-01
6.0000e+01 -1.8000e+02 -2.0234e+00
6.0000e+01 -1.7000e+02 -2.9436e+00
6.0000e+01 -1.6000e+02 3.3065e-01
6.0000e+01 -1.5000e+02 -1.0407e+00
6.0000e+01 -1.4000e+02 5.4201e-01
6.0000e+01 -1.3000e+02 -2.1751e+00
6.0000e+01 -1.2000e+02 -1.6527e-01
6.0000e+01 -1.1000e+02 7.6980e-01
6.0000e+01 -1.0000e+02 -1.7927e+00
6.0000e+01 -9.0000e+01 -2.7165e+00
6.0000e+01 -8.0000e+01 -5.1597e+00
6.0000e+01 -7.0000e+01 -3.0507e+00
6.0000e+01 -6.0000e+01 -4.5362e+00
6.0000e+01 -5.0000e+01 -5.4426e+00
6.0000e+01 -4.0000e+01 -6.5350e+00
6.0000e+01 -3.0000e+01 -8.7713e+00
6.0000e+01 -2.0000e+01 -8.6149e+00
6.0000e+01 -1.0000e+01 -6.0640e+00
6.0000e+01 0.0000e+00 -4.6537e+00
6.0000e+01 1.0000e+01 -7.0661e+00
6.0000e+01 2.0000e+01 -8.4214e+00
6.0000e+01 3.0000e+01 -8.0178e+00
6.0000e+01 4.0000e+01 -6.1829e+00
6.0000e+01 5.0000e+01 -5.5019e+00
6.0000e+01 6.0000e+01 -3.8647e+00
6.0000e+01 7.0000e+01 -2.9749e+00
6.0000e+01 8.0000e+01 -3.4049e+00
6.0000e+01 9.0000e+01 -2.0763e+00
6.0000e+01 1.0000e+02 -2.3706e-01
6.0000e+01 1.1000e+02 -2.8326e+00
6.0000e+01 1.2000e+02 7.8267e-01
6.0000e+01 1.3000e+02 -1.3104e-01
6.0000e+01 1.4000e+02 1.6051e+00
6.0000e+01 1.5000e+02 2.4965e+00
6.0000e+01 1.6000e+02 -8.1516e-01
6.0000e+01 1.7000e+02 -6.2450e-01
6.0000e+01 1.8000e+02 -1.1995e+00
6.0000e+01 1.9000e+02 1.5916e+00
6.0000e+01 2.0000e+02 -1.4729e+00
7.0000e+01 -2.0000e+02 7.7077e-01
7.0000e+01 -1.9000e+02 2.0588e+00
7.0000e+01 -1.8000e+02 8.6368e-02
7.0000e+01 -1.7000e+02 2.7130e-01
7.0000e+01 -1.6000e+02 -1.6681e+00
7.0000e+01 -1.5000e+02 9.8105e-02
7.0000e+01 -1.4000e+02 2.9810e+00
7.0000e+01 -1.3000e+02 -6.4598e-01
7.0000e+01 -1.2000e+02 -2.1110e+00
7.0000e+01 -1.1000e+02 -6.9263e-01
7.0000e+01 -1.0000e+02 -4.2509e+00
7.0000e+01 -9.0000e+01 -3.8854e+00
7.0000e+01 -8.0000e+01 -1.1876e+00
7.0000e+01 -7.0000e+01 -1.8642e+00
7.0000e+01 -6.0000e+01 -6.5265e+00
7.0000e+01 -5.0000e+01 -4.8892e+00
7.0000e+01 -4.0000e+01 -7.9081e+00
7.0000e+01 -3.0000e+01 -6.2786e+00
7.0000e+01 -2.0000e+01 -5.7398e+00
7.0000e+01 -1.0000e+01 -8.8849e+00
7.0000e+01 0.0000e+00 -6.3250e+00
7.0000e+01 1.0000e+01 -6.4030e+00
7.0000e+01 2.0000e+01 -7.6168e+00
7.0000e+01 3.0000e+01 -5.2163e+00
7.0000e+01 4.0000e+01 -6.1728e+00
7.0000e+01 5.0000e+01 -3.8994e+00
7.0000e+01 6.0000e+01 -2.7158e+00
7.0000e+01 7.0000e+01 -2.6612e+00
7.0000e+01 8.0000e+01 9.2559e-01
7.0000e+01 9.0000e+01 -1.6953e+00
7.0000e+01 1.0000e+02 -2.3331e+00
7.0000e+01 1.1000e+02 -4.7091e-01
7.0000e+01 1.2000e+02 -9.1225e-01
7.0000e+01 1.3000e+02 -1.9523e+00
7.0000e+01 1.4000e+02 -1.3130e+00
7.0000e+01 1.5000e+02 1.6599e+00
7.0000e+01 1.6000e+02 -9.4390e-01
7.0000e+01 1.7000e+02 -1.5647e-01
7.0000e+01 1.8000e+02 -1.1098e+00
7.0000e+01 1.9000e+02 -1.4584e+00
7.0000e+01 2.0000e+02 2.7929e+00
8.0000e+01 -2.0000e+02 -2.4905e+00
8.0000e+01 -1.9000e+02 -2.3674e+00
8.0000e+01 -1.8000e+02 -4.1739e-01
8.0000e+01 -1.7000e+02 7.8879e-01
8.0000e+01 -1.6000e+02 1.5091e+00
8.0000e+01 -1.5000e+02 -6.7349e-01
8.0000e+01 -1.4000e+02 -2.8219e+00
8.0000e+01 -1.3000e+02 -3.2287e+00
8.0000e+01 -1.2000e+02 -2.2159e+00
8.0000e+01 -1.1000e+02 -1.8783e+00
8.0000e+01 -1.0000e+02 -2.1687e+00
8.0000e+01 -9.0000e+01 -4.2974e+00
8.0000e+01 -8.0000e+01 -3.8210e+00
8.0000e+01 -7.0000e+01 -1.2531e+00
8.0000e+01 -6.0000e+01 -4.1595e+00
8.0000e+01 -5.0000e+01 -4.4082e+00
8.0000e+01 -4.0000e+01 -4.3339e+00
8.0000e+01 -3.0000e+01 -4.9677e+00
8.0000e+01 -2.0000e+01 -6.1347e+00
8.0000e+01 -1.0000e+01 -4.1738e+00
8.0000e+01 0.0000e+00 -7.0957e+00
8.0000e+01 1.0000e+01 -4.1679e+00
8.0000e+01 2.0000e+01 -3.0756e+00
8.0000e+01 3.0000e+01 -4.7796e+00
8.0000e+01 4.0000e+01 -5.5124e+00
8.0000e+01 5.0000e+01 -5.4524e+00
8.0000e+01 6.0000e+01 -1.0829e+00
8.0000e+01 7.0000e+01 -4.9007e+00
8.0000e+01 8.0000e+01 1.0943e+00
8.0000e+01 9.0000e+01 1.6183e-01
8.0000e+01 1.0000e+02 -1.8955e-01
8.0000e+01 1.1000e+02 -2.5040e+00
8.0000e+01 1.2000e+02 8.9083e-03
8.0000e+01 1.3000e+02 1.5426e+00
8.0000e+01 1.4000e+02 2.2566e+00
8.0000e+01 1.5000e+02 2.1801e+00
8.0000e+01 1.6000e+02 -8.1947e-01
8.0000e+01 1.7000e+02 -5.1853e-01
8.0000e+01 1.8000e+02 -1.4497e+00
8.0000e+01 1.9000e+02 -2.0563e+00
8.0000e+01 2.0000e+02 -2.0080e-01
9.0000e+01 -2.0000e+02 2.6263e+00
9.0000e+01 -1.9000e+02 -7.4161e-01
9.0000e+01 -1.8000e+02 -4.2219e-01
9.0000e+01 -1.7000e+02 -1.3291e+00
9.0000e+01 -1.6000e+02 5.6909e-01
9.0000e+01 -1.5000e+02 -6.6676e-01
9.0000e+01 -1.4000e+02 -4.8982e-01
9.0000e+01 -1.3000e+02 -1.9205e+00
9.0000e+01 -1.2000e+02 -2.7810e-01
9.0000e+01 -1.1000e+02 1.3354e+00
9.0000e+01 -1.0000e+02 1.3452e+00
9.0000e+01 -9.0000e+01 -7.4682e-01
9.0000e+01 -8.0000e+01 -1.1237e+00
9.0000e+01 -7.0000e+01 3.1325e-01
9.0000e+01 -6.0000e+01 -2.3886e+00
9.0000e+01 -5.0000e+01 -4.6604e+00
9.0000e+01 -4.0000e+01 -3.4478e+00
9.0000e+01 -3.0000e+01 -3.4561e+00
9.0000e+01 -2.0000e+01 -3.3125e+00
9.0000e+01 -1.0000e+01 -5.4599e+00
9.0000e+01 0.0000e+00 -3.7331e+00
9.0000e+01 1.0000e+01 -3.7431e+00
9.0000e+01 2.0000e+01 -4.2314e+00
9.0000e+01 3.0000e+01 -7.1180e+00
9.0000e+01 4.0000e+01 -1.8962e+00
9.0000e+01 5.0000e+01 -3.8906e+00
9.0000e+01 6.0000e+01 -1.2065e+00
9.0000e+01 7.0000e+01 -1.9615e+00
9.0000e+01 8.0000e+01 -2.0960e+00
9.0000e+01 9.0000e+01 6.4365e-01
9.0000e+01 1.0000e+02 -3.7222e+00
9.0000e+01 1.1000e+02 -2.8042e+00
9.0000e+01 1.2000e+02 -1.8027e+00
9.0000e+01 1.3000e+02 -7.0358e-01
9.0000e+01 1.4000e+02 2.2679e+00
9.0000e+01 1.5000e+02 -1.5700e+00
9.0000e+01 1.6000e+02 -8.3510e-01
9.0000e+01 1.7000e+02 6.8469e-01
9.0000e+01 1.8000e+02 -1.8489e+00
9.0000e+01 1.9000e+02 -1.5397e+00
9.0000e+01 2.0000e+02 1.9667e+00
1.0000e+02 -2.0000e+02 -6.8863e-01
1.0000e+02 -1.9000e+02 -7.6496e-01
1.0000e+02 -1.8000e+02 2.3443e+00
1.0000e+02 -1.7000e+02 7.1339e-01
1.0000e+02 -1.6000e+02 -5.8920e-01
1.0000e+02 -1.5000e+02 -2.4999e+00
1.0000e+02 -1.4000e+02 1.7636e+00
1.0000e+02 -1.3000e+02 -3.9310e+00
1.0000e+02 -1.2000e+02 9.0420e-01
1.0000e+02 -1.1000e+02 4.9406e-01
1.0000e+02 -1.0000e+02 -2.4201e+00
1.0000e+02 -9.0000e+01 8.9477e-01
1.0000e+02 -8.0000e+01 -3.8857e-01
1.0000e+02 -7.0000e+01 -2.2892e+00
1.0000e+02 -6.0000e+01 -2.2851e+00
1.0000e+02 -5.0000e+01 -3.6320e+00
1.0000e+02 -4.0000e+01 -2.4012e+00
1.0000e+02 -3.0000e+01 -1.6303e-01
1.0000e+02 -2.0000e+01 -2.5394e-01
1.0000e+02 -1.0000e+01 -3.0348e+00
1.0000e+02 0.0000e+00 -3.2764e+00
1.0000e+02 1.0000e+01 -1.2913e+00
1.0000e+02 2.0000e+01 -1.1538e+00
1.0000e+02 3.0000e+01 -2.5297e+00
1.0000e+02 4.0000e+01 -2.6804e+00
1.0000e+02 5.0000e+01 -2.3406e+00
1.0000e+02 6.0000e+01 -9.2449e-01
1.0000e+02 7.0000e+01 -2.5186e+00
1.0000e+02 8.0000e+01 4.8983e-01
1.0000e+02 9.0000e+01 1.0517e+00
1.0000e+02 1.0000e+02 -1.5468e+00
1.0000e+02 1.1000e+02 1.4474e+00
1.0000e+02 1.2000e+02 -7.1395e-01
1.0000e+02 1.3000e+02 -2.9852e-01
1.0000e+02 1.4000e+02 -1.3439e-01
1.0000e+02 1.5000e+02 1.4131e+00
1.0000e+02 1.6000e+02 2.0456e+00
1.0000e+02 1.7000e+02 9.7521e-01
1.0000e+02 1.8000e+02 3.4466e+00
1.0000e+02 1.9000e+02 -8.4534e-01
1.0000e+02 2.0000e+02 -2.8805e+00
1.1000e+02 -2.0000e+02 8.0738e-01
1.1000e+02 -1.9000e+02 1.5116e+00
1.1000e+02 -1.8000e+02 -6.1154e-01
1.1000e+02 -1.7000e+02 -7.9486e-01
1.1000e+02 -1.6000e+02 -2.0540e+00
1.1000e+02 -1.5000e+02 2.7714e-01
1.1000e+02 -1.4000e+02 1.9469e-01
1.1000e+02 -1.3000e+02 -3.4482e-01
1.1000e+02 -1.2000e+02 -1.6267e+00
1.1000e+02 -1.1000e+02 -1.3197e+00
1.1000e+02 -1.0000e+02 3.5574e-01
1.1000e+02 -9.0000e+01 -3.5513e-02
1.1000e+02 -8.0000e+01 -2.4726e+00
1.1000e+02 -7.0000e+01 1.5523e+00
1.1000e+02 -6.0000e+01 -1.2552e+00
1.1000e+02 -5.0000e+01 -3.3297e+00
1.1000e+02 -4.0000e+01 -3.8882e+00
1.1000e+02 -3.0000e+01 -4.5324e+00
1.1000e+02 -2.0000e+01 -2.2513e+00
1.1000e+02 -1.0000e+01 -2.2143e+00
1.1000e+02 0.0000e+00 -3.1626e+00
1.1000e+02 1.0000e+01 -3.9905e+00
1.1000e+02 2.0000e+01 -1.6563e+00
1.1000e+02 3.0000e+01 -3.7927e+00
1.1000e+02 4.0000e+01 -1.6991e+00
1.1000e+02 5.0000e+01 -7.3618e-01
1.1000e+02 6.0000e+01 -3.7874e-01
1.1000e+02 7.0000e+01 -7.7049e-01
1.1000e+02 8.0000e+01 -2.7914e+00
1.1000e+02 9.0000e+01 1.0671e+00
1.1000e+02 1.0000e+02 -1.4245e-01
1.1000e+02 1.1000e+02 -1.5674e+00
1.1000e+02 1.2000e+02 3.3351e+00
1.1000e+02 1.3000e+02 4.5235e-01
1.1000e+02 1.4000e+02 -2.3578e+00
1.1000e+02 1.5000e+02 5.0945e-01
1.1000e+02 1.6000e+02 -2.1684e+00
1.1000e+02 1.7000e+02 -7.8344e-01
1.1000e+02 1.8000e+02 3.3102e-02
1.1000e+02 1.9000e+02 1.2841e+00
1.1000e+02 2.0000e+02 5.6059e-01
1.2000e+02 -2.0000e+02 -2.3287e+00
1.2000e+02 -1.9000e+02 1.8157e-01
1.2000e+02 -1.8000e+02 -1.3233e+00
1.2000e+02 -1.7000e+02 5.3695e-01
1.2000e+02 -1.6000e+02 -7.9309e-01
1.2000e+02 -1.5000e+02 5.0587e-01
1.2000e+02 -1.4000e+02 4.4293e-01
1.2000e+02 -1.3000e+02 -3.9809e-01
1.2000e+02 -1.2000e+02 -1.1402e-01
1.2000e+02 -1.1000e+02 -2.8765e+00
1.2000e+02 -1.0000e+02 7.7141e-01
1.2000e+02 -9.0000e+01 1.7772e-02
1.2000e+02 -8.0000e+01 -5.1809e-01
1.2000e+02 -7.0000e+01 6.4753e-01
1.2000e+02 -6.0000e+01 -7.6770e-01
1.2000e+02 -5.0000e+01 -4.9014e-01
1.2000e+02 -4.0000e+01 -7.2800e-01
1.2000e+02 -3.0000e+01 6.5151e-01
1.2000e+02 -2.0000e+01 -8.0021e-01
1.2000e+02 -1.0000e+01 -3.5163e-01
1.2000e+02 0.0000e+00 1.9003e+00
1.2000e+02 1.0000e+01 9.0337e-02
1.2000e+02 2.0000e+01 -4.2905e-01
1.2000e+02 3.0000e+01 -1.8822e+00
1.2000e+02 4.0000e+01 -2.4394e+00
1.2000e+02 5.0000e+01 -1.2876e+00
1.2000e+02 6.0000e+01 -6.8217e-01
1.2000e+02 7.0000e+01 -3.7848e-01
1.2000e+02 8.0000e+01 3.6052e-01
1.2000e+02 9.0000e+01 -2.7007e+00
1.2000e+02 1.0000e+02 -1.5327e+00
1.2000e+02 1.1000e+02 6.6565e-01
1.2000e+02 1.2000e+02 -3.7813e-01
1.2000e+02 1.3000e+02 -1.3949e+00
1.2000e+02 1.4000e+02 1.9053e-01
1.2000e+02 1.5000e+02 -1.1452e+00
1.2000e+02 1.6000e+02 2.7304e-01
1.2000e+02 1.7000e+02 1.3230e+00
1.2000e+02 1.8000e+02 1.4012e+00
1.2000e+02 1.9000e+02 -2.0774e+00
1.2000e+02 2.0000e+02 2.1137e+00
1.3000e+02 -2.0000e+02 -3.3574e-01
1.3000e+02 -1.9000e+02 -1.1240e+00
1.3000e+02 -1.8000e+02 4.6652e-01
1.3000e+02 -1.7000e+02 -2.4069e+00
1.3000e+02 -1.6000e+02 -2.0087e+00
1.3000e+02 -1.5000e+02 1.1148e+00
1.3000e+02 -1.4000e+02 -2.4567e-01
1.3000e+02 -1.3000e+02 1.2936e+00
1.3000e+02 -1.2000e+02 1.2216e+00
1.3000e+02 -1.1000e+02 2.9288e-01
1.3000e+02 -1.0000e+02 2.3452e+00
1.3000e+02 -9.0000e+01 -1.4496e+00
1.3000e+02 -8.0000e+01 -2.1837e-01
1.3000e+02 -7.0000e+01 -5.6173e-01
1.3000e+02 -6.0000e+01 -1.2053e+00
1.3000e+02 -5.0000e+01 8.8276e-01
1.3000e+02 -4.0000e+01 -7.8850e-01
1.3000e+02 -3.0000e+01 -4.7759e+00
1.3000e+02 -2.0000e+01 -2.0944e+00
1.3000e+02 -1.0000e+01 2.2039e-01
1.3000e+02 0.0000e+00 -5.1491e-01
1.3000e+02 1.0000e+01 6.3715e-01
1.3000e+02 2.0000e+01 -1.3858e+00
1.3000e+02 3.0000e+01 -1.3019e+00
1.3000e+02 4.0000e+01 -2.1196e+00
1.3000e+02 5.0000e+01 -4.2030e-01
1.3000e+02 6.0000e+01 7.4028e-01
1.3000e+02 7.0000e+01 1.2299e+00
1.3000e+02 8.0000e+01 -4.5759e+00
1.3000e+02 9.0000e+01 5.4111e-01
1.3000e+02 1.0000e+02 1.3233e+00
1.3000e+02 1.1000e+02 4.2552e-01
1.3000e+02 1.2000e+02 6.1589e-01
1.3000e+02 1.3000e+02 -6.2509e-01
1.3000e+02 1.4000e+02 -6.1914e-01
1.3000e+02 1.5000e+02 -2.1847e-01
1.3000e+02 1.6000e+02 1.6851e+00
1.3000e+02 1.7000e+02 4.2714e+00
1.3000e+02 1.8000e+02 -5.0670e-01
1.3000e+02 1.9000e+02 3.2612e+00
1.3000e+02 2.0000e+02 4.8819e-01
1.4000e+02 -2.0000e+02 1.1003e+00
1.4000e+02 -1.9000e+02 -6.3709e-01
1.4000e+02 -1.8000e+02 -2.5230e+00
1.4000e+02 -1.7000e+02 9.2991e-01
1.4000e+02 -1.6000e+02 1.9817e+00
1.4000e+02 -1.5000e+02 1.9084e+00
1.4000e+02 -1.4000e+02 -1.8643e+00
1.4000e+02 -1.3000e+02 -3.4633e-01
1.4000e+02 -1.2000e+02 -2.6803e+00
1.4000e+02 -1.1000e+02 -3.4655e+00
1.4000e+02 -1.0000e+02 7.8147e-01
1.4000e+02 -9.0000e+01 -3.9588e-01
1.4000e+02 -8.0000e+01 1.2186e+00
1.4000e+02 -7.0000e+01 -4.7255e-01
1.4000e+02 -6.0000e+01 -1.8099e+00
1.4000e+02 -5.0000e+01 7.2811e-01
1.4000e+02 -4.0000e+01 1.6114e-01
1.4000e+02 -3.0000e+01 -2.9946e+00
1.4000e+02 -2.0000e+01 9.2364e-02
1.4000e+02 -1.0000e+01 4.2049e-01
1.4000e+02 0.0000e+00 -1.1994e+00
1.4000e+02 1.0000e+01 1.8834e-01
1.4000e+02 2.0000e+01 -9.5808e-01
1.4000e+02 3.0000e+01 -1.7108e+00
1.4000e+02 4.0000e+01 -7.1348e-01
1.4000e+02 5.0000e+01 5.0416e-01
1.4000e+02 6.0000e+01 -2.0147e+00
1.4000e+02 7.0000e+01 -3.7766e+00
1.4000e+02 8.0000e+01 6.6967e-01
1.4000e+02 9.0000e+01 2.9564e+00
1.4000e+02 1.0000e+02 4.0862e-01
1.4000e+02 1.1000e+02 3.0008e+00
1.4000e+02 1.2000e+02 -7.1544e-01
1.4000e+02 1.3000e+02 -5.0295e-01
1.4000e+02 1.4000e+02 2.7214e+00
1.4000e+02 1.5000e+02 -1.6821e+00
1.4000e+02 1.6000e+02 1.2239e+00
1.4000e+02 1.7000e+02 -2.3646e-01
1.4000e+02 1.8000e+02 -1.3882e+00
1.4000e+02 1.9000e+02 2.0650e-01
1.4000e+02 2.0000e+02 -8.7457e-01
1.5000e+02 -2.0000e+02 2.2104e+00
1.5000e+02 -1.9000e+02 5.0345e-01
1.5000e+02 -1.8000e+02 -5.2144e-01
1.5000e+02 -1.7000e+02 -3.1907e-02
1.5000e+02 -1.6000e+02 2.2398e+00
1.5000e+02 -1.5000e+02 -3.4118e+00
1.5000e+02 -1.4000e+02 2.2163e+00
1.5000e+02 -1.3000e+02 5.4633e-01
1.5000e+02 -1.2000e+02 1.3314e+00
1.5000e+02 -1.1000e+02 -3.6398e-02
1.5000e+02 -1.0000e+02 2.9912e-01
1.5000e+02 -9.0000e+01 -1.1030e-01
1.5000e+02 -8.0000e+01 -2.9055e+00
1.5000e+02 -7.0000e+01 2.6166e-01
1.5000e+02 -6.0000e+01 -3.9085e+00
1.5000e+02 -5.0000e+01 -2.4345e+00
1.5000e+02 -4.0000e+01 -1.9912e+00
1.5000e+02 -3.0000e+01 2.1631e-01
1.5000e+02 -2.0000e+01 -1.7794e+00
1.5000e+02 -1.0000e+01 -3.9327e+00
1.5000e+02 0.0000e+00 -4.1688e-01
1.5000e+02 1.0000e+01 -1.2179e+00
1.5000e+02 2.0000e+01 -7.9490e-01
1.5000e+02 3.0000e+01 -1.8539e+00
1.5000e+02 4.0000e+01 -3.3960e+00
1.5000e+02 5.0000e+01 -2.6117e+00
1.5000e+02 6.0000e+01 8.1420e-02
1.5000e+02 7.0000e+01 -1.7108e+00
1.5000e+02 8.0000e+01 4.7957e-01
1.5000e+02 9.0000e+01 1.3920e+00
1.5000e+02 1.0000e+02 2.1987e+00
1.5000e+02 1.1000e+02 -3.9700e-01
1.5000e+02 1.2000e+02 -7.1995e-01
1.5000e+02 1.3000e+02 -1.3604e+00
1.5000e+02 1.4000e+02 1.4986e+00
1.5000e+02 1.5000e+02 1.0581e+00
1.5000e+02 1.6000e+02 3.0049e+00
1.5000e+02 1.7000e+02 2.0599e-01
1.5000e+02 1.8000e+02 -2.8813e+00
1.5000e+02 1.9000e+02 1.0632e-02
1.5000e+02 2.0000e+02 5.7496e-01
1.6000e+02 -2.0000e+02 -1.3545e+00
1.6000e+02 -1.9000e+02 -2.5529e+00
1.6000e+02 -1.8000e+02 -2.0873e+00
1.6000e+02 -1.7000e+02 8.9863e-01
1.6000e+02 -1.6000e+02 1.9150e+00
1.6000e+02 -1.5000e+02 -3.4894e-01
1.6000e+02 -1.4000e+02 -6.3119e-01
1.6000e+02 -1.3000e+02 -1.6705e+00
1.6000e+02 -1.2000e+02 1.3851e-01
1.6000e+02 -1.1000e+02 1.7952e+00
1.6000e+02 -1.0000e+02 2.6763e+00
1.6000e+02 -9.0000e+01 -1.4403e+00
1.6000e+02 -8.0000e+01 2.0003e+00
1.6000e+02 -7.0000e+01 -1.7233e+00
1.6000e+02 -6.0000e+01 -4.3350e-01
1.6000e+02 -5.0000e+01 5.0958e-02
1.6000e+02 -4.0000e+01 2.0183e-01
1.6000e+02 -3.0000e+01 1.0801e+00
1.6000e+02 -2.0000e+01 -1.9045e+00
1.6000e+02 -1.0000e+01 1.2038e-01
1.6000e+02 0.0000e+00 -3.6501e-01
1.6000e+02 1.0000e+01 -8.3263e-01
1.6000e+02 2.0000e+01 1.0598e-01
1.6000e+02 3.0000e+01 -1.6428e+00
1.6000e+02 4.0000e+01 -3.2192e+00
1.6000e+02 5.0000e+01 5.5188e-01
1.6000e+02 6.0000e+01 4.1213e-01
1.6000e+02 7.0000e+01 -3.8659e-01
1.6000e+02 8.0000e+01 4.4462e-01
1.6000e+02 9.0000e+01 4.7814e-01
1.6000e+02 1.0000e+02 2.5457e+00
1.6000e+02 1.1000e+02 4.9816e-01
1.6000e+02 1.2000e+02 1.8356e+00
1.6000e+02 1.3000e+02 -4.4867e+00
1.6000e+02 1.4000e+02 -2.0424e+00
1.6000e+02 1.5000e+02 -6.5165e-01
1.6000e+02 1.6000e+02 -1.4507e+00
1.6000e+02 1.7000e+02 -1.2628e+00
1.6000e+02 1.8000e+02 -6.9349e-01
1.6000e+02 1.9000e+02 -1.0497e+00
1.6000e+02 2.0000e+02 -3.7300e-01
1.7000e+02 -2.0000e+02 6.8826e-01
1.7000e+02 -1.9000e+02 1.9642e+00
1.7000e+02 -1.8000e+02 -6.2742e-01
1.7000e+02 -1.7000e+02 2.0950e+00
1.7000e+02 -1.6000e+02 -2.6146e+00
1.7000e+02 -1.5000e+02 -2.0968e-01
1.7000e+02 -1.4000e+02 2.0510e+00
1.7000e+02 -1.3000e+02 -1.5909e+00
1.7000e+02 -1.2000e+02 2.5363e+00
1.7000e+02 -1.1000e+02 -1.0698e+00
1.7000e+02 -1.0000e+02 -2.4799e+00
1.7000e+02 -9.0000e+01 4.2355e+00
1.7000e+02 -8.0000e+01 -1.9561e-01
1.7000e+02 -7.0000e+01 -1.6009e+00
1.7000e+02 -6.0000e+01 9.9478e-01
1.7000e+02 -5.0000e+01 -3.5760e-01
1.7000e+02 -4.0000e+01 -9.1523e-01
1.7000e+02 -3.0000e+01 -1.1607e+00
1.7000e+02 -2.0000e+01 -1.7720e+00
1.7000e+02 -1.0000e+01 1.1500e+00
1.7000e+02 0.0000e+00 -5.9360e-01
1.7000e+02 1.0000e+01 7.9953e-01
1.7000e+02 2.0000e+01 -2.0330e+00
1.7000e+02 3.0000e+01 2.3945e-01
1.7000e+02 4.0000e+01 3.4728e+00
1.7000e+02 5.0000e+01 2.0211e-02
1.7000e+02 6.0000e+01 6.4990e-01
1.7000e+02 7.0000e+01 1.1541e-01
1.7000e+02 8.0000e+01 1.3024e-01
1.7000e+02 9.0000e+01 -5.7305e-01
1.7000e+02 1.0000e+02 1.3343e+00
1.7000e+02 1.1000e+02 -8.8146e-01
1.7000e+02 1.2000e+02 -8.5551e-01
1.7000e+02 1.3000e+02 1.5035e+00
1.7000e+02 1.4000e+02 1.8244e+00
1.7000e+02 1.5000e+02 -2.1762e+00
1.7000e+02 1.6000e+02 1.4253e-01
1.7000e+02 1.7000e+02 -2.9866e-02
1.7000e+02 1.8000e+02 -1.2600e+00
1.7000e+02 1.9000e+02 -1.4444e+00
1.7000e+02 2.0000e+02 -1.2521e+00
1.8000e+02 -2.0000e+02 -1.1689e+00
1.8000e+02 -1.9000e+02 -5.2674e-01
1.8000e+02 -1.8000e+02 -1.5575e+00
1.8000e+02 -1.7000e+02 -2.3939e-01
1.8000e+02 -1.6000e+02 -9.4573e-01
1.8000e+02 -1.5000e+02 5.1442e-01
1.8000e+02 -1.4000e+02 1.7741e+00
1.8000e+02 -1.3000e+02 2.8453e-01
1.8000e+02 -1.2000e+02 3.2391e-01
1.8000e+02 -1.1000e+02 2.3422e-01
1.8000e+02 -1.0000e+02 -9.2303e-01
1.8000e+02 -9.0000e+01 -1.7593e-01
1.8000e+02 -8.0000e+01 -2.6541e+00
1.8000e+02 -7.0000e+01 2.4743e-01
1.8000e+02 -6.0000e+01 -1.9082e+00
1.8000e+02 -5.0000e+01 -1.1393e+00
1.8000e+02 -4.0000e+01 -3.3445e-01
1.8000e+02 -3.0000e+01 -7.5919e-01
1.8000e+02 -2.0000e+01 -3.6235e-01
1.8000e+02 -1.0000e+01 -1.6543e+00
1.8000e+02 0.0000e+00 -2.3266e+00
1.8000e+02 1.0000e+01 -6.8924e-01
1.8000e+02 2.0000e+01 5.3183e-01
1.8000e+02 3.0000e+01 8.1458e-01
1.8000e+02 4.0000e+01 -4.1640e-01
1.8000e+02 5.0000e+01 1.5365e+00
1.8000e+02 6.0000e+01 -5.5151e-01
1.8000e+02 7.0000e+01 1.3111e-01
1.8000e+02 8.0000e+01 -7.8760e-01
1.8000e+02 9.0000e+01 -4.7036e-01
1.8000e+02 1.0000e+02 -3.6361e-02
1.8000e+02 1.1000e+02 -4.9211e-01
1.8000e+02 1.2000e+02 -1.6514e+00
1.8000e+02 1.3000e+02 -4.6169e-01
1.8000e+02 1.4000e+02 3.6483e+00
1.8000e+02 1.5000e+02 -2.9515e+00
1.8000e+02 1.6000e+02 -2.6255e+00
1.8000e+02 1.7000e+02 -2.3498e-01
1.8000e+02 1.8000e+02 -1.0091e+00
1.8000e+02 1.9000e+02 -3.8705e-01
1.8000e+02 2.0000e+02 2.0465e-01
1.9000e+02 -2.0000e+02 -8.9316e-01
1.9000e+02 -1.9000e+02 1.9178e-01
1.9000e+02 -1.8000e+02 2.5937e+00
1.9000e+02 -1.7000e+02 -5.4348e-01
1.9000e+02 -1.6000e+02 1.7527e+00
1.9000e+02 -1.5000e+02 -9.1649e-01
1.9000e+02 -1.4000e+02 2.7349e-01
1.9000e+02 -1.3000e+02 1.9048e+00
1.9000e+02 -1.2000e+02 2.0338e+00
1.9000e+02 -1.1000e+02 -6.3913e-01
1.9000e+02 -1.0000e+02 1.5986e-01
1.9000e+02 -9.0000e+01 1.3867e+00
1.9000e+02 -8.0000e+01 -1.9863e+00
1.9000e+02 -7.0000e+01 -1.2891e+00
1.9000e+02 -6.0000e+01 6.5583e-01
1.9000e+02 -5.0000e+01 -1.1409e-01
1.9000e+02 -4.0000e+01 -4.6481e-01
1.9000e+02 -3.0000e+01 -3.5900e-01
1.9000e+02 -2.0000e+01 -1.8618e+00
1.9000e+02 -1.0000e+01 -3.4376e-01
1.9000e+02 0.0000e+00 -1.1045e+00
1.9000e+02 1.0000e+01 -3.3917e-01
1.9000e+02 2.0000e+01 -2.8494e+00
1.9000e+02 3.0000e+01 -2.4763e-01
1.9000e+02 4.0000e+01 -1.3262e+00
1.9000e+02 5.0000e+01 1.4912e+00
1.9000e+02 6.0000e+01 -8.3896e-01
1.9000e+02 7.0000e+01 -2.5007e+00
1.9000e+02 8.0000e+01 -3.0786e-01
1.9000e+02 9.0000e+01 -7.4092e-01
1.9000e+02 1.0000e+02 1.4042e+00
1.9000e+02 1.1000e+02 -4.4620e-01
1.9000e+02 1.2000e+02 -2.4415e-01
1.9000e+02 1.3000e+02 -4.5008e-01
1.9000e+02 1.4000e+02 7.3861e-01
1.9000e+02 1.5000e+02 1.4679e+00
1.9000e+02 1.6000e+02 8.0900e-01
1.9000e+02 1.7000e+02 -2.6467e+00
1.9000e+02 1.8000e+02 -8.9033e-01
1.9000e+02 1.9000e+02 -5.6658e-01
1.9000e+02 2.0000e+02 2.2123e+00
2.0000e+02 -2.0000e+02 -2.4638e-01
2.0000e+02 -1.9000e+02 -9.3804e-01
2.0000e+02 -1.8000e+02 1.2324e+00
2.0000e+02 -1.7000e+02 1.7299e-01
2.0000e+02 -1.6000e+02 -2.7895e+00
2.0000e+02 -1.5000e+02 -3.7728e-01
2.0000e+02 -1.4000e+02 2.0440e+00
2.0000e+02 -1.3000e+02 -1.8919e+00
2.0000e+02 -1.2000e+02 -2.1887e+00
2.0000e+02 -1.1000e+02 1.1351e+00
2.0000e+02 -1.0000e+02 5.4761e-01
2.0000e+02 -9.0000e+01 -3.1931e+00
2.0000e+02 -8.0000e+01 -5.7465e-01
2.0000e+02 -7.0000e+01 -2.3613e+00
2.0000e+02 -6.0000e+01 -2.3549e+00
2.0000e+02 -5.0000e+01 1.1967e+00
2.0000e+02 -4.0000e+01 3.2543e-01
2.0000e+02 -3.0000e+01 3.2138e-01
2.0000e+02 -2.0000e+01 -3.5315e-01
2.0000e+02 -1.0000e+01 -1.4132e+00
2.0000e+02 0.0000e+00 2.5482e+00
2.0000e+02 1.0000e+01 -1.4002e+00
2.0000e+02 2.0000e+01 -5.1842e-01
2.0000e+02 3.0000e+01 6.7433e-02
2.0000e+02 4.0000e+01 -1.3734e-01
2.0000e+02 5.0000e+01 -3.9331e-01
2.0000e+02 6.0000e+01 1.3424e+00
2.0000e+02 7.0000e+01 -4.4776e-01
2.0000e+02 8.0000e+01 -7.9291e-01
2.0000e+02 9.0000e+01 8.5540e-02
2.0000e+02 1.0000e+02 6.4156e-01
2.0000e+02 1.1000e+02 6.6718e-01
2.0000e+02 1.2000e+02 -1.6593e+00
2.0000e+02 1.3000e+02 1.2978e+00
2.0000e+02 1.4000e+02 7.8491e-01
2.0000e+02 1.5000e+02 -6.3741e-01
2.0000e+02 1.6000e+02 2.6063e+00
2.0000e+02 1.7000e+02 -4.5087e+00
2.0000e+02 1.8000e+02 -6.8876e-01
2.0000e+02 1.9000e+02 1.1986e+00
2.0000e+02 2.0000e+02 9.8242e-01
