-2.0000e+02 -2.0000e+02 1.2100e+00
-2.0000e+02 -1.9000e+02 -6.1280e-01
-2.0000e+02 -1.8000e+02 -3.5073e-01
-2.0000e+02 -1.7000e+02 -1.5185e+00
-2.0000e+02 -1.6000e+02 -7.3204e-01
-2.0000e+02 -1.5000e+02 -1.3319e+00
-2.0000e+02 -1.4000e+02 1.2877e+00
-2.0000e+02 -1.3000e+02 -4.6198e-01
-2.0000e+02 -1.2000e+02 3.6791e+00
-2.0000e+02 -1.1000e+02 1.1978e+00
-2.0000e+02 -1.0000e+02 -4.5676e-01
-2.0000e+02 -9.0000e+01 2.2046e+00
-2.0000e+02 -8.0000e+01 4.6786e-01
-2.0000e+02 -7.0000e+01 9.6675e-01
-2.0000e+02 -6.0000e+01 -3.5350e-01
-2.0000e+02 -5.0000e+01 2.0659e-01
-2.0000e+02 -4.0000e+01 5.2747e-01
-2.0000e+02 -3.0000e+01 3.1904e+00
-2.0000e+02 -2.0000e+01 1.4418e-01
-2.0000e+02 -1.0000e+01 1.5455e+00
-2.0000e+02 0.0000e+00 1.9674e+00
-2.0000e+02 1.0000e+01 -6.2267e-01
-2.0000e+02 2.0000e+01 2.4384e-01
-2.0000e+02 3.0000e+01 -3.3804e+00
-2.0000e+02 4.0000e+01 3.4330e+00
-2.0000e+02 5.0000e+01 -4.4824e-01
-2.0000e+02 6.0000e+01 -1.4267e+00
-2.0000e+02 7.0000e+01 6.3114e-01
-2.0000e+02 8.0000e+01 -3.5401e-01
-2.0000e+02 9.0000e+01 1.2095e+00
-2.0000e+02 1.0000e+02 -1.4823e+00
-2.0000e+02 1.1000e+02 -1.5353e+00
-2.0000e+02 1.2000e+02 3.2719e-01
-2.0000e+02 1.3000e+02 -6.1738e-01
-2.0000e+02 1.4000e+02 -7.6800e-01
-2.0000e+02 1.5000e+02 1.8328e+00
-2.0000e+02 1.6000e+02 1.7359e+00
-2.0000e+02 1.7000e+02 1.0253e+00
-2.0000e+02 1.8000e+02 -4.5095e+00
-2.0000e+02 1.9000e+02 -6.5871e-01
-2.0000e+02 2.0000e+02 1.0443e+00
-1.9000e+02 -2.0000e+02 -1.6934e+00
-1.9000e+02 -1.9000e+02 1.9818e+00
-1.9000e+02 -1.8000e+02 1.0263e+00
-1.9000e+02 -1.7000e+02 6.0453e-02
-1.9000e+02 -1.6000e+02 1.8938e+00
-1.9000e+02 -1.5000e+02 -2.0146e+00
-1.9000e+02 -1.4000e+02 -1.6212e+00
-1.9000e+02 -1.3000e+02 -1.7533e+00
-1.9000e+02 -1.2000e+02 -7.0569e-01
-1.9000e+02 -1.1000e+02 1.4340e+00
-1.9000e+02 -1.0000e+02 -7.1837e-01
-1.9000e+02 -9.0000e+01 -5.0707e-01
-1.9000e+02 -8.0000e+01 -2.3467e+00
-1.9000e+02 -7.0000e+01 8.5661e-01
-1.9000e+02 -6.0000e+01 2.5765e+00
-1.9000e+02 -5.0000e+01 -1.1248e+00
-1.9000e+02 -4.0000e+01 -5.9553e-01
-1.9000e+02 -3.0000e+01 7.6962e-01
-1.9000e+02 -2.0000e+01 -2.4857e+00
-1.9000e+02 -1.0000e+01 -2.1085e-02
-1.9000e+02 0.0000e+00 -1.1719e+00
-1.9000e+02 1.0000e+01 -7.2489e-01
-1.9000e+02 2.0000e+01 8.7296e-01
-1.9000e+02 3.0000e+01 -3.6497e-01
-1.9000e+02 4.0000e+01 -5.2878e-01
-1.9000e+02 5.0000e+01 1.8137e-01
-1.9000e+02 6.0000e+01 8.7396e-01
-1.9000e+02 7.0000e+01 -2.6765e+00
-1.9000e+02 8.0000e+01 8.2993e-01
-1.9000e+02 9.0000e+01 9.2343e-01
-1.9000e+02 1.0000e+02 1.6775e+00
-1.9000e+02 1.1000e+02 -2.0387e+00
-1.9000e+02 1.2000e+02 -8.2451e-03
-1.9000e+02 1.3000e+02 2.1562e+00
-1.9000e+02 1.4000e+02 1.2794e+00
-1.9000e+02 1.5000e+02 9.5153e-01
-1.9000e+02 1.6000e+02 -9.8473e-01
-1.9000e+02 1.7000e+02 -6.4372e-01
-1.9000e+02 1.8000e+02 -1.8418e+00
-1.9000e+02 1.9000e+02 1.1362e+00
-1.9000e+02 2.0000e+02 -1.6988e+00
-1.8000e+02 -2.0000e+02 2.2251e+00
-1.8000e+02 -1.9000e+02 -1.2336e+00
-1.8000e+02 -1.8000e+02 -5.4855e-01
-1.8000e+02 -1.7000e+02 1.2894e-01
-1.8000e+02 -1.6000e+02 -7.0727e-01
-1.8000e+02 -1.5000e+02 -8.5623e-01
-1.8000e+02 -1.4000e+02 5.5852e-01
-1.8000e+02 -1.3000e+02 1.4151e-01
-1.8000e+02 -1.2000e+02 2.4135e+00
-1.8000e+02 -1.1000e+02 -2.4473e-01
-1.8000e+02 -1.0000e+02 3.3764e-01
-1.8000e+02 -9.0000e+01 -3.0269e-01
-1.8000e+02 -8.0000e+01 5.5591e-01
-1.8000e+02 -7.0000e+01 8.0750e-01
-1.8000e+02 -6.0000e+01 2.9566e-01
-1.8000e+02 -5.0000e+01 -6.0954e-01
-1.8000e+02 -4.0000e+01 -3.2665e+00
-1.8000e+02 -3.0000e+01 -2.6885e+00
-1.8000e+02 -2.0000e+01 2.0033e+00
-1.8000e+02 -1.0000e+01 3.9737e-01
-1.8000e+02 0.0000e+00 1.7768e+00
-1.8000e+02 1.0000e+01 5.0340e-01
-1.8000e+02 2.0000e+01 -1.1625e+00
-1.8000e+02 3.0000e+01 1.8586e+00
-1.8000e+02 4.0000e+01 -1.8871e+00
-1.8000e+02 5.0000e+01 -1.0561e+00
-1.8000e+02 6.0000e+01 5.0874e-02
-1.8000e+02 7.0000e+01 4.3292e-01
-1.8000e+02 8.0000e+01 -1.2022e+00
-1.8000e+02 9.0000e+01 -9.5420e-01
-1.8000e+02 1.0000e+02 6.3853e-01
-1.8000e+02 1.1000e+02 1.0535e+00
-1.8000e+02 1.2000e+02 1.6476e+00
-1.8000e+02 1.3000e+02 6.5715e-01
-1.8000e+02 1.4000e+02 1.2864e+00
-1.8000e+02 1.5000e+02 2.4592e-01
-1.8000e+02 1.6000e+02 7.8110e-01
-1.8000e+02 1.7000e+02 -3.0105e+00
-1.8000e+02 1.8000e+02 -8.3637e-01
-1.8000e+02 1.9000e+02 5.9312e-01
-1.8000e+02 2.0000e+02 -9.7079e-01
-1.7000e+02 -2.0000e+02 -2.0099e+00
-1.7000e+02 -1.9000e+02 5.7973e-01
-1.7000e+02 -1.8000e+02 1.3000e-01
-1.7000e+02 -1.7000e+02 -1.6005e+00
-1.7000e+02 -1.6000e+02 -7.1258e-01
-1.7000e+02 -1.5000e+02 1.5445e+00
-1.7000e+02 -1.4000e+02 1.1145e+00
-1.7000e+02 -1.3000e+02 -2.6402e+00
-1.7000e+02 -1.2000e+02 -1.2948e+00
-1.7000e+02 -1.1000e+02 1.8396e+00
-1.7000e+02 -1.0000e+02 9.8008e-02
-1.7000e+02 -9.0000e+01 -2.4783e+00
-1.7000e+02 -8.0000e+01 2.9875e+00
-1.7000e+02 -7.0000e+01 -2.8212e+00
-1.7000e+02 -6.0000e+01 -3.3036e-02
-1.7000e+02 -5.0000e+01 5.1951e-01
-1.7000e+02 -4.0000e+01 -8.3245e-01
-1.7000e+02 -3.0000e+01 7.0870e-01
-1.7000e+02 -2.0000e+01 5.8674e-01
-1.7000e+02 -1.0000e+01 -1.1581e+00
-1.7000e+02 0.0000e+00 1.5020e+00
-1.7000e+02 1.0000e+01 -8.9286e-01
-1.7000e+02 2.0000e+01 9.4145e-01
-1.7000e+02 3.0000e+01 -9.8781e-01
-1.7000e+02 4.0000e+01 -1.2981e+00
-1.7000e+02 5.0000e+01 -1.2973e-01
-1.7000e+02 6.0000e+01 1.2295e+00
-1.7000e+02 7.0000e+01 5.0961e-01
-1.7000e+02 8.0000e+01 -1.9747e-01
-1.7000e+02 9.0000e+01 -9.8116e-01
-1.7000e+02 1.0000e+02 4.4532e-01
-1.7000e+02 1.1000e+02 -1.1902e+00
-1.7000e+02 1.2000e+02 -6.2731e-01
-1.7000e+02 1.3000e+02 4.4319e-01
-1.7000e+02 1.4000e+02 -1.1696e-01
-1.7000e+02 1.5000e+02 -6.9305e-01
-1.7000e+02 1.6000e+02 3.0388e-01
-1.7000e+02 1.7000e+02 -1.2029e+00
-1.7000e+02 1.8000e+02 1.2329e+00
-1.7000e+02 1.9000e+02 -2.2070e+00
-1.7000e+02 2.0000e+02 -7.3175e-01
-1.6000e+02 -2.0000e+02 -8.5808e-01
-1.6000e+02 -1.9000e+02 -1.3554e+00
-1.6000e+02 -1.8000e+02 4.7716e-01
-1.6000e+02 -1.7000e+02 -1.3196e+00
-1.6000e+02 -1.6000e+02 1.2051e+00
-1.6000e+02 -1.5000e+02 3.2670e-01
-1.6000e+02 -1.4000e+02 -2.8925e+00
-1.6000e+02 -1.3000e+02 7.3912e-01
-1.6000e+02 -1.2000e+02 -1.1508e+00
-1.6000e+02 -1.1000e+02 1.6309e-01
-1.6000e+02 -1.0000e+02 5.6965e-01
-1.6000e+02 -9.0000e+01 -2.4376e+00
-1.6000e+02 -8.0000e+01 -2.5131e+00
-1.6000e+02 -7.0000e+01 3.5531e-01
-1.6000e+02 -6.0000e+01 1.5317e+00
-1.6000e+02 -5.0000e+01 -1.3948e+00
-1.6000e+02 -4.0000e+01 -9.8064e-01
-1.6000e+02 -3.0000e+01 -6.1865e-01
-1.6000e+02 -2.0000e+01 7.3421e-01
-1.6000e+02 -1.0000e+01 -1.2877e+00
-1.6000e+02 0.0000e+00 -7.6170e-01
-1.6000e+02 1.0000e+01 -2.9124e-01
-1.6000e+02 2.0000e+01 -1.8846e+00
-1.6000e+02 3.0000e+01 -5.4645e-01
-1.6000e+02 4.0000e+01 2.6460e+00
-1.6000e+02 5.0000e+01 1.6779e+00
-1.6000e+02 6.0000e+01 -2.5282e+00
-1.6000e+02 7.0000e+01 -8.4217e-01
-1.6000e+02 8.0000e+01 -2.5004e-01
-1.6000e+02 9.0000e+01 -1.0328e+00
-1.6000e+02 1.0000e+02 -8.8982e-02
-1.6000e+02 1.1000e+02 2.2483e+00
-1.6000e+02 1.2000e+02 -6.7664e-01
-1.6000e+02 1.3000e+02 -5.0243e-04
-1.6000e+02 1.4000e+02 6.1962e-01
-1.6000e+02 1.5000e+02 2.5618e+00
-1.6000e+02 1.6000e+02 -1.0041e+00
-1.6000e+02 1.7000e+02 -2.7776e+00
-1.6000e+02 1.8000e+02 -3.7118e+00
-1.6000e+02 1.9000e+02 -6.3730e-01
-1.6000e+02 2.0000e+02 2.4030e+00
-1.5000e+02 -2.0000e+02 -6.8480e-01
-1.5000e+02 -1.9000e+02 1.5970e+00
-1.5000e+02 -1.8000e+02 -1.1417e+00
-1.5000e+02 -1.7000e+02 1.2618e+00
-1.5000e+02 -1.6000e+02 -1.1165e+00
-1.5000e+02 -1.5000e+02 8.5419e-01
-1.5000e+02 -1.4000e+02 5.7660e-01
-1.5000e+02 -1.3000e+02 8.6249e-01
-1.5000e+02 -1.2000e+02 -5.2062e-01
-1.5000e+02 -1.1000e+02 1.4780e+00
-1.5000e+02 -1.0000e+02 9.0193e-01
-1.5000e+02 -9.0000e+01 5.7191e-01
-1.5000e+02 -8.0000e+01 2.1868e+00
-1.5000e+02 -7.0000e+01 1.1348e+00
-1.5000e+02 -6.0000e+01 -7.9438e-01
-1.5000e+02 -5.0000e+01 1.3171e+00
-1.5000e+02 -4.0000e+01 -1.1416e+00
-1.5000e+02 -3.0000e+01 -4.2415e+00
-1.5000e+02 -2.0000e+01 -4.4878e-01
-1.5000e+02 -1.0000e+01 4.3534e-01
-1.5000e+02 0.0000e+00 -4.1482e-01
-1.5000e+02 1.0000e+01 -2.0531e+00
-1.5000e+02 2.0000e+01 -3.7969e+00
-1.5000e+02 3.0000e+01 2.1772e+00
-1.5000e+02 4.0000e+01 -9.0918e-01
-1.5000e+02 5.0000e+01 -2.3428e-01
-1.5000e+02 6.0000e+01 -1.1862e+00
-1.5000e+02 7.0000e+01 7.0507e-02
-1.5000e+02 8.0000e+01 -2.4803e+00
-1.5000e+02 9.0000e+01 -8.2714e-01
-1.5000e+02 1.0000e+02 1.4789e+00
-1.5000e+02 1.1000e+02 2.5161e-02
-1.5000e+02 1.2000e+02 -2.7987e+00
-1.5000e+02 1.3000e+02 1.9011e+00
-1.5000e+02 1.4000e+02 -1.1370e+00
-1.5000e+02 1.5000e+02 -1.2434e+00
-1.5000e+02 1.6000e+02 1.6217e+00
-1.5000e+02 1.7000e+02 1.2812e+00
-1.5000e+02 1.8000e+02 9.8859e-01
-1.5000e+02 1.9000e+02 -1.5415e+00
-1.5000e+02 2.0000e+02 -1.6134e-01
-1.4000e+02 -2.0000e+02 -5.4720e-01
-1.4000e+02 -1.9000e+02 1.2308e+00
-1.4000e+02 -1.8000e+02 2.7932e+00
-1.4000e+02 -1.7000e+02 -1.7611e+00
-1.4000e+02 -1.6000e+02 2.0265e+00
-1.4000e+02 -1.5000e+02 -2.1650e+00
-1.4000e+02 -1.4000e+02 -2.6959e-01
-1.4000e+02 -1.3000e+02 3.2287e-01
-1.4000e+02 -1.2000e+02 -5.1938e-01
-1.4000e+02 -1.1000e+02 9.0726e-01
-1.4000e+02 -1.0000e+02 1.7568e+00
-1.4000e+02 -9.0000e+01 9.0625e-01
-1.4000e+02 -8.0000e+01 -1.3741e+00
-1.4000e+02 -7.0000e+01 -2.4845e-01
-1.4000e+02 -6.0000e+01 6.1602e-01
-1.4000e+02 -5.0000e+01 -1.6879e+00
-1.4000e+02 -4.0000e+01 1.3186e+00
-1.4000e+02 -3.0000e+01 -2.8818e-01
-1.4000e+02 -2.0000e+01 1.3162e+00
-1.4000e+02 -1.0000e+01 -5.1152e-01
-1.4000e+02 0.0000e+00 -4.7034e-01
-1.4000e+02 1.0000e+01 -1.4890e+00
-1.4000e+02 2.0000e+01 -3.3532e-01
-1.4000e+02 3.0000e+01 -2.8241e-01
-1.4000e+02 4.0000e+01 -2.3200e+00
-1.4000e+02 5.0000e+01 -8.4513e-01
-1.4000e+02 6.0000e+01 -1.5906e+00
-1.4000e+02 7.0000e+01 -9.8436e-01
-1.4000e+02 8.0000e+01 4.8407e-01
-1.4000e+02 9.0000e+01 -1.5234e+00
-1.4000e+02 1.0000e+02 -9.8600e-02
-1.4000e+02 1.1000e+02 7.7485e-02
-1.4000e+02 1.2000e+02 3.1300e+00
-1.4000e+02 1.3000e+02 -1.7689e+00
-1.4000e+02 1.4000e+02 9.4496e-01
-1.4000e+02 1.5000e+02 -9.6508e-01
-1.4000e+02 1.6000e+02 9.9745e-01
-1.4000e+02 1.7000e+02 -4.2378e-01
-1.4000e+02 1.8000e+02 1.1601e+00
-1.4000e+02 1.9000e+02 -2.8526e-01
-1.4000e+02 2.0000e+02 -1.9391e+00
-1.3000e+02 -2.0000e+02 -6.9374e-01
-1.3000e+02 -1.9000e+02 1.5430e+00
-1.3000e+02 -1.8000e+02 -1.6043e+00
-1.3000e+02 -1.7000e+02 1.4096e+00
-1.3000e+02 -1.6000e+02 9.1383e-01
-1.3000e+02 -1.5000e+02 1.0917e+00
-1.3000e+02 -1.4000e+02 -3.1606e+00
-1.3000e+02 -1.3000e+02 8.2460e-01
-1.3000e+02 -1.2000e+02 -9.3905e-01
-1.3000e+02 -1.1000e+02 -1.6092e+00
-1.3000e+02 -1.0000e+02 2.5969e-01
-1.3000e+02 -9.0000e+01 -5.0311e-01
-1.3000e+02 -8.0000e+01 5.0277e-01
-1.3000e+02 -7.0000e+01 -2.4704e+00
-1.3000e+02 -6.0000e+01 -1.1278e+00
-1.3000e+02 -5.0000e+01 -3.7001e+00
-1.3000e+02 -4.0000e+01 -7.8300e-01
-1.3000e+02 -3.0000e+01 -9.1389e-01
-1.3000e+02 -2.0000e+01 -3.4493e-01
-1.3000e+02 -1.0000e+01 -6.6561e-01
-1.3000e+02 0.0000e+00 -1.8496e+00
-1.3000e+02 1.0000e+01 -3.0032e+00
-1.3000e+02 2.0000e+01 1.6054e+00
-1.3000e+02 3.0000e+01 -1.0805e+00
-1.3000e+02 4.0000e+01 -2.4832e-01
-1.3000e+02 5.0000e+01 -1.3345e+00
-1.3000e+02 6.0000e+01 -2.8003e+00
-1.3000e+02 7.0000e+01 -4.0146e-01
-1.3000e+02 8.0000e+01 -6.8077e-02
-1.3000e+02 9.0000e+01 -1.6631e+00
-1.3000e+02 1.0000e+02 2.1505e+00
-1.3000e+02 1.1000e+02 1.2203e+00
-1.3000e+02 1.2000e+02 2.0365e+00
-1.3000e+02 1.3000e+02 -7.1861e-01
-1.3000e+02 1.4000e+02 1.8025e+00
-1.3000e+02 1.5000e+02 4.5522e-01
-1.3000e+02 1.6000e+02 -2.7913e-01
-1.3000e+02 1.7000e+02 -7.8386e-01
-1.3000e+02 1.8000e+02 2.0042e-01
-1.3000e+02 1.9000e+02 3.8668e-01
-1.3000e+02 2.0000e+02 -2.3983e+00
-1.2000e+02 -2.0000e+02 -2.3344e+00
-1.2000e+02 -1.9000e+02 5.5782e-01
-1.2000e+02 -1.8000e+02 -1.2629e+00
-1.2000e+02 -1.7000e+02 1.6083e+00
-1.2000e+02 -1.6000e+02 -1.2896e+00
-1.2000e+02 -1.5000e+02 7.5350e-03
-1.2000e+02 -1.4000e+02 -1.1348e+00
-1.2000e+02 -1.3000e+02 -1.3293e+00
-1.2000e+02 -1.2000e+02 -5.4158e-02
-1.2000e+02 -1.1000e+02 -1.9744e+00
-1.2000e+02 -1.0000e+02 -1.4526e+00
-1.2000e+02 -9.0000e+01 1.9763e-01
-1.2000e+02 -8.0000e+01 -4.1968e-01
-1.2000e+02 -7.0000e+01 -8.2466e-01
-1.2000e+02 -6.0000e+01 -1.5446e+00
-1.2000e+02 -5.0000e+01 -1.0078e+00
-1.2000e+02 -4.0000e+01 -6.0720e-01
-1.2000e+02 -3.0000e+01 -6.4852e-01
-1.2000e+02 -2.0000e+01 -7.1378e-01
-1.2000e+02 -1.0000e+01 -2.6512e+00
-1.2000e+02 0.0000e+00 -9.6397e-01
-1.2000e+02 1.0000e+01 -1.7563e+00
-1.2000e+02 2.0000e+01 -6.1927e-01
-1.2000e+02 3.0000e+01 -4.4670e-01
-1.2000e+02 4.0000e+01 -6.3423e-01
-1.2000e+02 5.0000e+01 -2.7416e+00
-1.2000e+02 6.0000e+01 -2.7825e-01
-1.2000e+02 7.0000e+01 -1.6012e+00
-1.2000e+02 8.0000e+01 -2.1354e+00
-1.2000e+02 9.0000e+01 -7.9272e-01
-1.2000e+02 1.0000e+02 1.2092e+00
-1.2000e+02 1.1000e+02 1.4894e+00
-1.2000e+02 1.2000e+02 1.2080e+00
-1.2000e+02 1.3000e+02 -2.3186e+00
-1.2000e+02 1.4000e+02 -4.9279e-01
-1.2000e+02 1.5000e+02 1.1906e+00
-1.2000e+02 1.6000e+02 1.9217e+00
-1.2000e+02 1.7000e+02 -7.2562e-01
-1.2000e+02 1.8000e+02 -1.5578e+00
-1.2000e+02 1.9000e+02 -1.5476e+00
-1.2000e+02 2.0000e+02 -3.8770e+00
-1.1000e+02 -2.0000e+02 -1.1732e+00
-1.1000e+02 -1.9000e+02 2.4258e+00
-1.1000e+02 -1.8000e+02 2.0772e+00
-1.1000e+02 -1.7000e+02 8.9066e-01
-1.1000e+02 -1.6000e+02 1.1063e+00
-1.1000e+02 -1.5000e+02 -1.1746e+00
-1.1000e+02 -1.4000e+02 -2.6642e+00
-1.1000e+02 -1.3000e+02 2.8003e+00
-1.1000e+02 -1.2000e+02 -1.7348e+00
-1.1000e+02 -1.1000e+02 9.0717e-01
-1.1000e+02 -1.0000e+02 -6.3139e-01
-1.1000e+02 -9.0000e+01 4.4587e-02
-1.1000e+02 -8.0000e+01 -2.2686e+00
-1.1000e+02 -7.0000e+01 -1.7778e+00
-1.1000e+02 -6.0000e+01 3.1834e-01
-1.1000e+02 -5.0000e+01 -1.6673e+00
-1.1000e+02 -4.0000e+01 -3.1823e+00
-1.1000e+02 -3.0000e+01 -1.0398e+00
-1.1000e+02 -2.0000e+01 -1.2726e+00
-1.1000e+02 -1.0000e+01 -3.8451e+00
-1.1000e+02 0.0000e+00 -5.1905e-01
-1.1000e+02 1.0000e+01 -4.9847e-01
-1.1000e+02 2.0000e+01 -2.4079e-01
-1.1000e+02 3.0000e+01 -4.2416e+00
-1.1000e+02 4.0000e+01 -1.8909e+00
-1.1000e+02 5.0000e+01 -2.0902e+00
-1.1000e+02 6.0000e+01 2.2657e+00
-1.1000e+02 7.0000e+01 -2.5327e+00
-1.1000e+02 8.0000e+01 -2.9147e+00
-1.1000e+02 9.0000e+01 -2.3189e+00
-1.1000e+02 1.0000e+02 -4.6025e-01
-1.1000e+02 1.1000e+02 5.7128e-01
-1.1000e+02 1.2000e+02 -1.8447e+00
-1.1000e+02 1.3000e+02 -6.1945e-01
-1.1000e+02 1.4000e+02 9.6513e-01
-1.1000e+02 1.5000e+02 -2.9621e-01
-1.1000e+02 1.6000e+02 2.5782e-01
-1.1000e+02 1.7000e+02 5.3607e-01
-1.1000e+02 1.8000e+02 -9.9730e-01
-1.1000e+02 1.9000e+02 2.4383e+00
-1.1000e+02 2.0000e+02 2.0829e+00
-1.0000e+02 -2.0000e+02 -3.3967e+00
-1.0000e+02 -1.9000e+02 -4.2205e-01
-1.0000e+02 -1.8000e+02 -4.1126e-01
-1.0000e+02 -1.7000e+02 -1.0703e+00
-1.0000e+02 -1.6000e+02 -2.3660e+00
-1.0000e+02 -1.5000e+02 8.5825e-01
-1.0000e+02 -1.4000e+02 -3.5998e-01
-1.0000e+02 -1.3000e+02 1.1316e+00
-1.0000e+02 -1.2000e+02 6.0735e-01
-1.0000e+02 -1.1000e+02 -1.5658e+00
-1.0000e+02 -1.0000e+02 -1.7598e+00
-1.0000e+02 -9.0000e+01 -1.4548e+00
-1.0000e+02 -8.0000e+01 2.2343e-01
-1.0000e+02 -7.0000e+01 4.4843e-01
-1.0000e+02 -6.0000e+01 -2.8729e+00
-1.0000e+02 -5.0000e+01 -2.7194e+00
-1.0000e+02 -4.0000e+01 -2.7152e+00
-1.0000e+02 -3.0000e+01 -3.0016e+00
-1.0000e+02 -2.0000e+01 -2.8354e+00
-1.0000e+02 -1.0000e+01 -2.2328e+00
-1.0000e+02 0.0000e+00 -3.3976e+00
-1.0000e+02 1.0000e+01 -1.6851e+00
-1.0000e+02 2.0000e+01 -5.3089e+00
-1.0000e+02 3.0000e+01 -1.3103e+00
-1.0000e+02 4.0000e+01 -2.2307e+00
-1.0000e+02 5.0000e+01 -1.8788e+00
-1.0000e+02 6.0000e+01 -1.9598e+00
-1.0000e+02 7.0000e+01 -3.5207e+00
-1.0000e+02 8.0000e+01 -1.6277e+00
-1.0000e+02 9.0000e+01 -2.4980e+00
-1.0000e+02 1.0000e+02 -1.5789e+00
-1.0000e+02 1.1000e+02 -1.6881e+00
-1.0000e+02 1.2000e+02 5.3145e-01
-1.0000e+02 1.3000e+02 1.7749e+00
-1.0000e+02 1.4000e+02 -2.3810e+00
-1.0000e+02 1.5000e+02 -3.3497e+00
-1.0000e+02 1.6000e+02 1.2553e+00
-1.0000e+02 1.7000e+02 -4.6256e-01
-1.0000e+02 1.8000e+02 9.9287e-01
-1.0000e+02 1.9000e+02 -7.8830e-01
-1.0000e+02 2.0000e+02 1.6074e+00
-9.0000e+01 -2.0000e+02 -1.4718e+00
-9.0000e+01 -1.9000e+02 -1.4537e+00
-9.0000e+01 -1.8000e+02 1.1283e+00
-9.0000e+01 -1.7000e+02 8.9056e-01
-9.0000e+01 -1.6000e+02 -1.1397e+00
-9.0000e+01 -1.5000e+02 -5.0636e-01
-9.0000e+01 -1.4000e+02 -8.4140e-01
-9.0000e+01 -1.3000e+02 -1.3781e+00
-9.0000e+01 -1.2000e+02 -8.0569e-01
-9.0000e+01 -1.1000e+02 4.4651e-01
-9.0000e+01 -1.0000e+02 -2.8495e+00
-9.0000e+01 -9.0000e+01 -2.0403e+00
-9.0000e+01 -8.0000e+01 -1.5140e+00
-9.0000e+01 -7.0000e+01 -1.7838e+00
-9.0000e+01 -6.0000e+01 -2.3221e+00
-9.0000e+01 -5.0000e+01 -1.6702e+00
-9.0000e+01 -4.0000e+01 -5.8578e+00
-9.0000e+01 -3.0000e+01 -3.0676e+00
-9.0000e+01 -2.0000e+01 -4.5240e+00
-9.0000e+01 -1.0000e+01 -4.4844e+00
-9.0000e+01 0.0000e+00 -4.5944e+00
-9.0000e+01 1.0000e+01 -5.2091e+00
-9.0000e+01 2.0000e+01 -3.1424e+00
-9.0000e+01 3.0000e+01 -3.2154e+00
-9.0000e+01 4.0000e+01 -3.9834e+00
-9.0000e+01 5.0000e+01 -1.9999e+00
-9.0000e+01 6.0000e+01 -8.5419e-01
-9.0000e+01 7.0000e+01 -2.2163e+00
-9.0000e+01 8.0000e+01 -2.7168e+00
-9.0000e+01 9.0000e+01 -3.8264e+00
-9.0000e+01 1.0000e+02 -2.1629e+00
-9.0000e+01 1.1000e+02 6.6290e-01
-9.0000e+01 1.2000e+02 1.6469e+00
-9.0000e+01 1.3000e+02 -2.4355e+00
-9.0000e+01 1.4000e+02 -1.3598e+00
-9.0000e+01 1.5000e+02 1.2964e+00
-9.0000e+01 1.6000e+02 8.4667e-01
-9.0000e+01 1.7000e+02 -8.5727e-01
-9.0000e+01 1.8000e+02 -7.9872e-01
-9.0000e+01 1.9000e+02 1.1919e+00
-9.0000e+01 2.0000e+02 1.6996e-01
-8.0000e+01 -2.0000e+02 1.4424e+00
-8.0000e+01 -1.9000e+02 1.7898e+00
-8.0000e+01 -1.8000e+02 -1.8300e+00
-8.0000e+01 -1.7000e+02 1.8237e+00
-8.0000e+01 -1.6000e+02 -1.1724e+00
-8.0000e+01 -1.5000e+02 -4.2355e-01
-8.0000e+01 -1.4000e+02 1.5160e+00
-8.0000e+01 -1.3000e+02 1.5518e+00
-8.0000e+01 -1.2000e+02 -3.3868e+00
-8.0000e+01 -1.1000e+02 -3.2187e+00
-8.0000e+01 -1.0000e+02 -3.2947e+00
-8.0000e+01 -9.0000e+01 -9.6721e-01
-8.0000e+01 -8.0000e+01 -2.0127e+00
-8.0000e+01 -7.0000e+01 -1.5110e+00
-8.0000e+01 -6.0000e+01 -1.7139e+00
-8.0000e+01 -5.0000e+01 -3.9780e+00
-8.0000e+01 -4.0000e+01 -5.1054e+00
-8.0000e+01 -3.0000e+01 -3.1347e+00
-8.0000e+01 -2.0000e+01 -5.0388e+00
-8.0000e+01 -1.0000e+01 -5.0257e+00
-8.0000e+01 0.0000e+00 -5.6034e+00
-8.0000e+01 1.0000e+01 -7.5295e+00
-8.0000e+01 2.0000e+01 -6.4597e+00
-8.0000e+01 3.0000e+01 -4.6776e+00
-8.0000e+01 4.0000e+01 -5.2384e+00
-8.0000e+01 5.0000e+01 -1.7095e+00
-8.0000e+01 6.0000e+01 -4.0292e+00
-8.0000e+01 7.0000e+01 -3.4341e+00
-8.0000e+01 8.0000e+01 -9.2822e-01
-8.0000e+01 9.0000e+01 -3.7429e+00
-8.0000e+01 1.0000e+02 5.1946e-01
-8.0000e+01 1.1000e+02 5.0171e-01
-8.0000e+01 1.2000e+02 -8.8164e-01
-8.0000e+01 1.3000e+02 8.0055e-01
-8.0000e+01 1.4000e+02 -1.1768e+00
-8.0000e+01 1.5000e+02 -1.9511e+00
-8.0000e+01 1.6000e+02 1.6111e+00
-8.0000e+01 1.7000e+02 -8.4983e-01
-8.0000e+01 1.8000e+02 -2.7457e-01
-8.0000e+01 1.9000e+02 2.0506e-01
-8.0000e+01 2.0000e+02 -4.0342e-01
-7.0000e+01 -2.0000e+02 -2.2324e+00
-7.0000e+01 -1.9000e+02 2.1389e+00
-7.0000e+01 -1.8000e+02 1.3577e+00
-7.0000e+01 -1.7000e+02 1.8089e+00
-7.0000e+01 -1.6000e+02 -2.2142e+00
-7.0000e+01 -1.5000e+02 1.7809e+00
-7.0000e+01 -1.4000e+02 -2.5980e+00
-7.0000e+01 -1.3000e+02 -3.8675e-01
-7.0000e+01 -1.2000e+02 -3.3149e+00
-7.0000e+01 -1.1000e+02 -4.2450e+00
-7.0000e+01 -1.0000e+02 -3.3552e+00
-7.0000e+01 -9.0000e+01 -1.7049e+00
-7.0000e+01 -8.0000e+01 -2.2688e+00
-7.0000e+01 -7.0000e+01 -2.1348e+00
-7.0000e+01 -6.0000e+01 -5.4458e+00
-7.0000e+01 -5.0000e+01 -7.9706e+00
-7.0000e+01 -4.0000e+01 -5.6331e+00
-7.0000e+01 -3.0000e+01 -6.2122e+00
-7.0000e+01 -2.0000e+01 -6.7096e+00
-7.0000e+01 -1.0000e+01 -6.4472e+00
-7.0000e+01 0.0000e+00 -5.8602e+00
-7.0000e+01 1.0000e+01 -4.1192e+00
-7.0000e+01 2.0000e+01 -6.8345e+00
-7.0000e+01 3.0000e+01 -5.9394e+00
-7.0000e+01 4.0000e+01 -3.1103e+00
-7.0000e+01 5.0000e+01 -3.7117e+00
-7.0000e+01 6.0000e+01 -2.0885e+00
-7.0000e+01 7.0000e+01 -2.8305e+00
-7.0000e+01 8.0000e+01 -3.6749e+00
-7.0000e+01 9.0000e+01 -3.7363e+00
-7.0000e+01 1.0000e+02 -2.1244e+00
-7.0000e+01 1.1000e+02 -1.4243e+00
-7.0000e+01 1.2000e+02 -2.2997e+00
-7.0000e+01 1.3000e+02 8.9734e-01
-7.0000e+01 1.4000e+02 -1.0315e+00
-7.0000e+01 1.5000e+02 1.4788e+00
-7.0000e+01 1.6000e+02 -1.0636e+00
-7.0000e+01 1.7000e+02 1.9455e+00
-7.0000e+01 1.8000e+02 -2.5426e+00
-7.0000e+01 1.9000e+02 2.4415e-01
-7.0000e+01 2.0000e+02 3.0449e-01
-6.0000e+01 -2.0000e+02 5.8010e-01
-6.0000e+01 -1.9000e+02 -3.2967e-01
-6.0000e+01 -1.8000e+02 2.1422e-02
-6.0000e+01 -1.7000e+02 1.3281e+00
-6.0000e+01 -1.6000e+02 -4.8560e-01
-6.0000e+01 -1.5000e+02 -2.1476e+00
-6.0000e+01 -1.4000e+02 1.0934e+00
-6.0000e+01 -1.3000e+02 1.0097e+00
-6.0000e+01 -1.2000e+02 -1.0888e+00
-6.0000e+01 -1.1000e+02 -2.1326e+00
-6.0000e+01 -1.0000e+02 -3.3617e+00
-6.0000e+01 -9.0000e+01 -2.2441e+00
-6.0000e+01 -8.0000e+01 -5.3592e+00
-6.0000e+01 -7.0000e+01 -3.8828e+00
-6.0000e+01 -6.0000e+01 -6.1925e+00
-6.0000e+01 -5.0000e+01 -6.4442e+00
-6.0000e+01 -4.0000e+01 -5.4990e+00
-6.0000e+01 -3.0000e+01 -6.9323e+00
-6.0000e+01 -2.0000e+01 -7.0466e+00
-6.0000e+01 -1.0000e+01 -8.7177e+00
-6.0000e+01 0.0000e+00 -9.6131e+00
-6.0000e+01 1.0000e+01 -9.2695e+00
-6.0000e+01 2.0000e+01 -6.7104e+00
-6.0000e+01 3.0000e+01 -7.2907e+00
-6.0000e+01 4.0000e+01 -6.7182e+00
-6.0000e+01 5.0000e+01 -6.4559e+00
-6.0000e+01 6.0000e+01 -5.2598e+00
-6.0000e+01 7.0000e+01 -3.3542e+00
-6.0000e+01 8.0000e+01 -3.3992e+00
-6.0000e+01 9.0000e+01 -1.9437e+00
-6.0000e+01 1.0000e+02 -2.4618e+00
-6.0000e+01 1.1000e+02 -1.9646e+00
-6.0000e+01 1.2000e+02 7.2776e-01
-6.0000e+01 1.3000e+02 1.9721e+00
-6.0000e+01 1.4000e+02 3.1460e-01
-6.0000e+01 1.5000e+02 -4.7596e-02
-6.0000e+01 1.6000e+02 -4.5050e-01
-6.0000e+01 1.7000e+02 -7.2903e-01
-6.0000e+01 1.8000e+02 -1.6439e+00
-6.0000e+01 1.9000e+02 2.4393e+00
-6.0000e+01 2.0000e+02 -4.5462e-01
-5.0000e+01 -2.0000e+02 5.7289e-01
-5.0000e+01 -1.9000e+02 -2.2718e+00
-5.0000e+01 -1.8000e+02 -8.6395e-01
-5.0000e+01 -1.7000e+02 1.2480e-01
-5.0000e+01 -1.6000e+02 -2.2403e+00
-5.0000e+01 -1.5000e+02 -2.3511e-01
-5.0000e+01 -1.4000e+02 -1.4640e+00
-5.0000e+01 -1.3000e+02 1.2562e+00
-5.0000e+01 -1.2000e+02 -2.6140e+00
-5.0000e+01 -1.1000e+02 -1.8098e+00
-5.0000e+01 -1.0000e+02 -1.5851e+00
-5.0000e+01 -9.0000e+01 -4.3659e+00
-5.0000e+01 -8.0000e+01 -5.9089e+00
-5.0000e+01 -7.0000e+01 -3.8318e+00
-5.0000e+01 -6.0000e+01 -3.2703e+00
-5.0000e+01 -5.0000e+01 -7.1074e+00
-5.0000e+01 -4.0000e+01 -5.7918e+00
-5.0000e+01 -3.0000e+01 -9.2327e+00
-5.0000e+01 -2.0000e+01 -1.2124e+01
-5.0000e+01 -1.0000e+01 -9.4553e+00
-5.0000e+01 0.0000e+00 -9.0963e+00
-5.0000e+01 1.0000e+01 -1.0091e+01
-5.0000e+01 2.0000e+01 -7.3363e+00
-5.0000e+01 3.0000e+01 -6.9106e+00
-5.0000e+01 4.0000e+01 -8.4141e+00
-5.0000e+01 5.0000e+01 -7.5454e+00
-5.0000e+01 6.0000e+01 -6.4137e+00
-5.0000e+01 7.0000e+01 -5.0012e+00
-5.0000e+01 8.0000e+01 -2.8888e+00
-5.0000e+01 9.0000e+01 -3.2309e+00
-5.0000e+01 1.0000e+02 -2.6088e+00
-5.0000e+01 1.1000e+02 -2.6596e+00
-5.0000e+01 1.2000e+02 -3.0794e+00
-5.0000e+01 1.3000e+02 -1.5484e+00
-5.0000e+01 1.4000e+02 -1.0232e+00
-5.0000e+01 1.5000e+02 -3.4049e+00
-5.0000e+01 1.6000e+02 -1.6314e+00
-5.0000e+01 1.7000e+02 -1.0947e+00
-5.0000e+01 1.8000e+02 -7.2704e-01
-5.0000e+01 1.9000e+02 -1.9614e+00
-5.0000e+01 2.0000e+02 5.8320e-01
-4.0000e+01 -2.0000e+02 -1.1479e+00
-4.0000e+01 -1.9000e+02 2.4350e+00
-4.0000e+01 -1.8000e+02 -8.4618e-02
-4.0000e+01 -1.7000e+02 -1.3254e+00
-4.0000e+01 -1.6000e+02 -1.0088e+00
-4.0000e+01 -1.5000e+02 3.7764e-01
-4.0000e+01 -1.4000e+02 -1.0068e+00
-4.0000e+01 -1.3000e+02 6.0930e-01
-4.0000e+01 -1.2000e+02 -7.3158e-01
-4.0000e+01 -1.1000e+02 -2.2545e+00
-4.0000e+01 -1.0000e+02 -3.0375e+00
-4.0000e+01 -9.0000e+01 -3.8392e+00
-4.0000e+01 -8.0000e+01 -3.3102e+00
-4.0000e+01 -7.0000e+01 -5.8548e+00
-4.0000e+01 -6.0000e+01 -5.1410e+00
-4.0000e+01 -5.0000e+01 -9.7757e+00
-4.0000e+01 -4.0000e+01 -9.8565e+00
-4.0000e+01 -3.0000e+01 -9.2278e+00
-4.0000e+01 -2.0000e+01 -1.1123e+01
-4.0000e+01 -1.0000e+01 -1.1097e+01
-4.0000e+01 0.0000e+00 -1.3003e+01
-4.0000e+01 1.0000e+01 -1.1396e+01
-4.0000e+01 2.0000e+01 -1.1076e+01
-4.0000e+01 3.0000e+01 -8.0558e+00
-4.0000e+01 4.0000e+01 -9.2716e+00
-4.0000e+01 5.0000e+01 -7.4732e+00
-4.0000e+01 6.0000e+01 -5.8521e+00
-4.0000e+01 7.0000e+01 -5.1762e+00
-4.0000e+01 8.0000e+01 -3.4634e+00
-4.0000e+01 9.0000e+01 -4.0934e+00
-4.0000e+01 1.0000e+02 -3.3151e+00
-4.0000e+01 1.1000e+02 -1.6482e+00
-4.0000e+01 1.2000e+02 -4.0014e-01
-4.0000e+01 1.3000e+02 -8.1108e-01
-4.0000e+01 1.4000e+02 -3.2130e-01
-4.0000e+01 1.5000e+02 3.7855e-01
-4.0000e+01 1.6000e+02 -4.6624e-01
-4.0000e+01 1.7000e+02 -6.2579e-01
-4.0000e+01 1.8000e+02 8.5038e-01
-4.0000e+01 1.9000e+02 3.3951e-01
-4.0000e+01 2.0000e+02 -4.4169e-01
-3.0000e+01 -2.0000e+02 -1.1963e+00
-3.0000e+01 -1.9000e+02 -1.0625e-01
-3.0000e+01 -1.8000e+02 -6.6640e-01
-3.0000e+01 -1.7000e+02 1.3221e-01
-3.0000e+01 -1.6000e+02 -4.0296e-01
-3.0000e+01 -1.5000e+02 5.6089e-01
-3.0000e+01 -1.4000e+02 2.2635e-01
-3.0000e+01 -1.3000e+02 -2.8254e+00
-3.0000e+01 -1.2000e+02 -1.9735e+00
-3.0000e+01 -1.1000e+02 -9.3544e-01
-3.0000e+01 -1.0000e+02 -2.5693e+00
-3.0000e+01 -9.0000e+01 -3.8446e+00
-3.0000e+01 -8.0000e+01 -3.7411e+00
-3.0000e+01 -7.0000e+01 -5.1570e+00
-3.0000e+01 -6.0000e+01 -4.6843e+00
-3.0000e+01 -5.0000e+01 -1.1185e+01
-3.0000e+01 -4.0000e+01 -9.0978e+00
-3.0000e+01 -3.0000e+01 -9.8103e+00
-3.0000e+01 -2.0000e+01 -1.3447e+01
-3.0000e+01 -1.0000e+01 -1.2237e+01
-3.0000e+01 0.0000e+00 -1.2616e+01
-3.0000e+01 1.0000e+01 -9.2788e+00
-3.0000e+01 2.0000e+01 -1.2047e+01
-3.0000e+01 3.0000e+01 -1.0382e+01
-3.0000e+01 4.0000e+01 -5.4763e+00
-3.0000e+01 5.0000e+01 -9.4976e+00
-3.0000e+01 6.0000e+01 -9.7277e+00
-3.0000e+01 7.0000e+01 -8.4393e+00
-3.0000e+01 8.0000e+01 -5.1980e+00
-3.0000e+01 9.0000e+01 -3.5091e+00
-3.0000e+01 1.0000e+02 -4.6940e+00
-3.0000e+01 1.1000e+02 -2.1322e+00
-3.0000e+01 1.2000e+02 1.4629e+00
-3.0000e+01 1.3000e+02 1.5708e+00
-3.0000e+01 1.4000e+02 1.1934e+00
-3.0000e+01 1.5000e+02 8.0403e-01
-3.0000e+01 1.6000e+02 3.2454e-01
-3.0000e+01 1.7000e+02 -1.7314e+00
-3.0000e+01 1.8000e+02 3.5642e-01
-3.0000e+01 1.9000e+02 3.1647e-01
-3.0000e+01 2.0000e+02 1.4935e+00
-2.0000e+01 -2.0000e+02 1.5254e+00
-2.0000e+01 -1.9000e+02 5.5793e-01
-2.0000e+01 -1.8000e+02 -7.7614e-01
-2.0000e+01 -1.7000e+02 -8.1944e-02
-2.0000e+01 -1.6000e+02 -1.0632e+00
-2.0000e+01 -1.5000e+02 6.5746e-01
-2.0000e+01 -1.4000e+02 -3.0904e-02
-2.0000e+01 -1.3000e+02 1.9199e+00
-2.0000e+01 -1.2000e+02 6.2420e-01
-2.0000e+01 -1.1000e+02 -4.1071e-02
-2.0000e+01 -1.0000e+02 -2.1549e+00
-2.0000e+01 -9.0000e+01 -3.5903e+00
-2.0000e+01 -8.0000e+01 -6.6462e+00
-2.0000e+01 -7.0000e+01 -5.7057e+00
-2.0000e+01 -6.0000e+01 -9.3664e+00
-2.0000e+01 -5.0000e+01 -8.8023e+00
-2.0000e+01 -4.0000e+01 -1.1264e+01
-2.0000e+01 -3.0000e+01 -1.3224e+01
-2.0000e+01 -2.0000e+01 -1.3818e+01
-2.0000e+01 -1.0000e+01 -1.6238e+01
-2.0000e+01 0.0000e+00 -1.2096e+01
-2.0000e+01 1.0000e+01 -1.1484e+01
-2.0000e+01 2.0000e+01 -1.0679e+01
-2.0000e+01 3.0000e+01 -1.0806e+01
-2.0000e+01 4.0000e+01 -9.2543e+00
-2.0000e+01 5.0000e+01 -9.7129e+00
-2.0000e+01 6.0000e+01 -9.0077e+00
-2.0000e+01 7.0000e+01 -7.4426e+00
-2.0000e+01 8.0000e+01 -6.5000e+00
-2.0000e+01 9.0000e+01 -3.9241e+00
-2.0000e+01 1.0000e+02 -3.7609e+00
-2.0000e+01 1.1000e+02 -2.6882e+00
-2.0000e+01 1.2000e+02 -3.2852e+00
-2.0000e+01 1.3000e+02 -8.4624e-01
-2.0000e+01 1.4000e+02 -8.0329e-01
-2.0000e+01 1.5000e+02 -2.9266e-01
-2.0000e+01 1.6000e+02 -1.1147e+00
-2.0000e+01 1.7000e+02 -1.3883e-02
-2.0000e+01 1.8000e+02 -2.8763e+00
-2.0000e+01 1.9000e+02 2.3903e+00
-2.0000e+01 2.0000e+02 -3.5837e-01
-1.0000e+01 -2.0000e+02 8.7160e-01
-1.0000e+01 -1.9000e+02 -3.3168e-01
-1.0000e+01 -1.8000e+02 -1.7864e+00
-1.0000e+01 -1.7000e+02 -4.4599e-01
-1.0000e+01 -1.6000e+02 -7.9476e-01
-1.0000e+01 -1.5000e+02 -1.2776e+00
-1.0000e+01 -1.4000e+02 -2.4583e+00
-1.0000e+01 -1.3000e+02 -7.7218e-01
-1.0000e+01 -1.2000e+02 -1.2218e+00
-1.0000e+01 -1.1000e+02 -1.2615e+00
-1.0000e+01 -1.0000e+02 -1.6555e+00
-1.0000e+01 -9.0000e+01 -5.6612e+00
-1.0000e+01 -8.0000e+01 -5.2834e+00
-1.0000e+01 -7.0000e+01 -6.9876e+00
-1.0000e+01 -6.0000e+01 -8.6051e+00
-1.0000e+01 -5.0000e+01 -1.0491e+01
-1.0000e+01 -4.0000e+01 -9.6895e+00
-1.0000e+01 -3.0000e+01 -1.2118e+01
-1.0000e+01 -2.0000e+01 -1.4377e+01
-1.0000e+01 -1.0000e+01 -1.3143e+01
-1.0000e+01 0.0000e+00 -1.5413e+01
-1.0000e+01 1.0000e+01 -1.3516e+01
-1.0000e+01 2.0000e+01 -1.2556e+01
-1.0000e+01 3.0000e+01 -1.2027e+01
-1.0000e+01 4.0000e+01 -1.1150e+01
-1.0000e+01 5.0000e+01 -1.0886e+01
-1.0000e+01 6.0000e+01 -9.7541e+00
-1.0000e+01 7.0000e+01 -5.3231e+00
-1.0000e+01 8.0000e+01 -5.6618e+00
-1.0000e+01 9.0000e+01 -1.8954e+00
-1.0000e+01 1.0000e+02 1.1210e+00
-1.0000e+01 1.1000e+02 -5.1005e+00
-1.0000e+01 1.2000e+02 7.0824e-01
-1.0000e+01 1.3000e+02 -2.6369e+00
-1.0000e+01 1.4000e+02 3.2643e-01
-1.0000e+01 1.5000e+02 2.4324e+00
-1.0000e+01 1.6000e+02 5.7910e-02
-1.0000e+01 1.7000e+02 5.6481e-01
-1.0000e+01 1.8000e+02 -3.6404e+00
-1.0000e+01 1.9000e+02 9.5774e-01
-1.0000e+01 2.0000e+02 -1.4378e+00
0.0000e+00 -2.0000e+02 -4.1585e-01
0.0000e+00 -1.9000e+02 -2.3175e+00
0.0000e+00 -1.8000e+02 1.3066e+00
0.0000e+00 -1.7000e+02 1.6838e-01
0.0000e+00 -1.6000e+02 1.0814e+00
0.0000e+00 -1.5000e+02 2.4838e-01
0.0000e+00 -1.4000e+02 5.3048e-02
0.0000e+00 -1.3000e+02 -1.7477e+00
0.0000e+00 -1.2000e+02 -3.5998e+00
0.0000e+00 -1.1000e+02 -1.3969e+00
0.0000e+00 -1.0000e+02 -3.9400e+00
0.0000e+00 -9.0000e+01 -4.1315e+00
0.0000e+00 -8.0000e+01 -4.7084e+00
0.0000e+00 -7.0000e+01 -3.3641e+00
0.0000e+00 -6.0000e+01 -8.3691e+00
0.0000e+00 -5.0000e+01 -7.7889e+00
0.0000e+00 -4.0000e+01 -1.1330e+01
0.0000e+00 -3.0000e+01 -1.3499e+01
0.0000e+00 -2.0000e+01 -1.1052e+01
0.0000e+00 -1.0000e+01 -1.4769e+01
0.0000e+00 0.0000e+00 -1.3026e+01
0.0000e+00 1.0000e+01 -1.2975e+01
0.0000e+00 2.0000e+01 -1.5225e+01
0.0000e+00 3.0000e+01 -1.3689e+01
0.0000e+00 4.0000e+01 -1.2494e+01
0.0000e+00 5.0000e+01 -1.1791e+01
0.0000e+00 6.0000e+01 -8.6106e+00
0.0000e+00 7.0000e+01 -5.4272e+00
0.0000e+00 8.0000e+01 -6.0172e+00
0.0000e+00 9.0000e+01 -4.2090e+00
0.0000e+00 1.0000e+02 -1.5903e+00
0.0000e+00 1.1000e+02 -3.9391e+00
0.0000e+00 1.2000e+02 -1.0762e+00
0.0000e+00 1.3000e+02 1.0525e+00
0.0000e+00 1.4000e+02 1.6325e+00
0.0000e+00 1.5000e+02 1.7083e-01
0.0000e+00 1.6000e+02 3.3916e-01
0.0000e+00 1.7000e+02 1.3800e+00
0.0000e+00 1.8000e+02 9.5762e-02
0.0000e+00 1.9000e+02 -5.7148e-01
0.0000e+00 2.0000e+02 -3.0973e-01
1.0000e+01 -2.0000e+02 -2.7824e+00
1.0000e+01 -1.9000e+02 -3.1763e-02
1.0000e+01 -1.8000e+02 -5.1011e-01
1.0000e+01 -1.7000e+02 -1.2656e+00
1.0000e+01 -1.6000e+02 1.2429e+00
1.0000e+01 -1.5000e+02 -1.9190e+00
1.0000e+01 -1.4000e+02 4.2297e-01
1.0000e+01 -1.3000e+02 -6.0227e-01
1.0000e+01 -1.2000e+02 -2.0686e+00
1.0000e+01 -1.1000e+02 -2.5451e+00
1.0000e+01 -1.0000e+02 -2.0835e+00
1.0000e+01 -9.0000e+01 -4.6013e+00
1.0000e+01 -8.0000e+01 -4.2948e+00
1.0000e+01 -7.0000e+01 -7.6082e+00
1.0000e+01 -6.0000e+01 -8.3627e+00
1.0000e+01 -5.0000e+01 -1.2938e+01
1.0000e+01 -4.0000e+01 -1.4084e+01
1.0000e+01 -3.0000e+01 -1.0962e+01
1.0000e+01 -2.0000e+01 -1.1097e+01
1.0000e+01 -1.0000e+01 -1.1745e+01
1.0000e+01 0.0000e+00 -1.2988e+01
1.0000e+01 1.0000e+01 -1.5004e+01
1.0000e+01 2.0000e+01 -1.3344e+01
1.0000e+01 3.0000e+01 -1.1426e+01
1.0000e+01 4.0000e+01 -1.0308e+01
1.0000e+01 5.0000e+01 -8.4177e+00
1.0000e+01 6.0000e+01 -7.8422e+00
1.0000e+01 7.0000e+01 -7.8193e+00
1.0000e+01 8.0000e+01 -7.0517e+00
1.0000e+01 9.0000e+01 -3.5639e+00
1.0000e+01 1.0000e+02 -2.6518e+00
1.0000e+01 1.1000e+02 -2.0921e+00
1.0000e+01 1.2000e+02 -2.9439e+00
1.0000e+01 1.3000e+02 4.8087e-01
1.0000e+01 1.4000e+02 -3.6115e+00
1.0000e+01 1.5000e+02 -2.9355e+00
1.0000e+01 1.6000e+02 1.7210e+00
1.0000e+01 1.7000e+02 -1.9281e+00
1.0000e+01 1.8000e+02 -1.1301e+00
1.0000e+01 1.9000e+02 1.2804e+00
1.0000e+01 2.0000e+02 -5.2021e-01
2.0000e+01 -2.0000e+02 1.4332e+00
2.0000e+01 -1.9000e+02 9.3198e-01
2.0000e+01 -1.8000e+02 -3.5805e+00
2.0000e+01 -1.7000e+02 -2.7815e+00
2.0000e+01 -1.6000e+02 4.8017e-01
2.0000e+01 -1.5000e+02 1.2175e+00
2.0000e+01 -1.4000e+02 1.4689e+00
2.0000e+01 -1.3000e+02 -2.2491e-01
2.0000e+01 -1.2000e+02 -1.1022e+00
2.0000e+01 -1.1000e+02 -1.9467e+00
2.0000e+01 -1.0000e+02 -3.2681e+00
2.0000e+01 -9.0000e+01 -3.7865e+00
2.0000e+01 -8.0000e+01 -5.7708e+00
2.0000e+01 -7.0000e+01 -5.1715e+00
2.0000e+01 -6.0000e+01 -9.9192e+00
2.0000e+01 -5.0000e+01 -1.3447e+01
2.0000e+01 -4.0000e+01 -1.0135e+01
2.0000e+01 -3.0000e+01 -1.4268e+01
2.0000e+01 -2.0000e+01 -1.2992e+01
2.0000e+01 -1.0000e+01 -1.2675e+01
2.0000e+01 0.0000e+00 -1.5390e+01
2.0000e+01 1.0000e+01 -1.2860e+01
2.0000e+01 2.0000e+01 -1.1275e+01
2.0000e+01 3.0000e+01 -1.2582e+01
2.0000e+01 4.0000e+01 -1.0189e+01
2.0000e+01 5.0000e+01 -1.1150e+01
2.0000e+01 6.0000e+01 -9.8479e+00
2.0000e+01 7.0000e+01 -3.9038e+00
2.0000e+01 8.0000e+01 -4.1966e+00
2.0000e+01 9.0000e+01 -1.3729e+00
2.0000e+01 1.0000e+02 -4.2295e+00
2.0000e+01 1.1000e+02 1.5156e+00
2.0000e+01 1.2000e+02 -3.3901e+00
2.0000e+01 1.3000e+02 -2.2746e+00
2.0000e+01 1.4000e+02 -2.8184e+00
2.0000e+01 1.5000e+02 -1.0926e+00
2.0000e+01 1.6000e+02 3.9500e-01
2.0000e+01 1.7000e+02 1.5867e+00
2.0000e+01 1.8000e+02 -1.0239e+00
2.0000e+01 1.9000e+02 -4.2868e-01
2.0000e+01 2.0000e+02 8.7246e-01
3.0000e+01 -2.0000e+02 1.1067e+00
3.0000e+01 -1.9000e+02 4.6786e-01
3.0000e+01 -1.8000e+02 2.5032e-01
3.0000e+01 -1.7000e+02 -5.3736e-01
3.0000e+01 -1.6000e+02 -2.0617e+00
3.0000e+01 -1.5000e+02 -2.2215e+00
3.0000e+01 -1.4000e+02 -2.1220e+00
3.0000e+01 -1.3000e+02 -6.7707e-01
3.0000e+01 -1.2000e+02 -2.8419e+00
3.0000e+01 -1.1000e+02 -1.8440e+00
3.0000e+01 -1.0000e+02 -2.7152e+00
3.0000e+01 -9.0000e+01 -4.4162e+00
3.0000e+01 -8.0000e+01 -3.8272e+00
3.0000e+01 -7.0000e+01 -5.7937e+00
3.0000e+01 -6.0000e+01 -7.5361e+00
3.0000e+01 -5.0000e+01 -7.8695e+00
3.0000e+01 -4.0000e+01 -9.3755e+00
3.0000e+01 -3.0000e+01 -1.1770e+01
3.0000e+01 -2.0000e+01 -9.8049e+00
3.0000e+01 -1.0000e+01 -1.3060e+01
3.0000e+01 0.0000e+00 -1.2920e+01
3.0000e+01 1.0000e+01 -1.1694e+01
3.0000e+01 2.0000e+01 -1.0134e+01
3.0000e+01 3.0000e+01 -1.2091e+01
3.0000e+01 4.0000e+01 -9.1130e+00
3.0000e+01 5.0000e+01 -9.6785e+00
3.0000e+01 6.0000e+01 -8.0201e+00
3.0000e+01 7.0000e+01 -6.2100e+00
3.0000e+01 8.0000e+01 -6.7583e+00
3.0000e+01 9.0000e+01 -4.6402e+00
3.0000e+01 1.0000e+02 -1.4206e+00
3.0000e+01 1.1000e+02 -3.0083e+00
3.0000e+01 1.2000e+02 4.9972e-01
3.0000e+01 1.3000e+02 -2.4497e+00
3.0000e+01 1.4000e+02 -2.7237e+00
3.0000e+01 1.5000e+02 -1.0903e+00
3.0000e+01 1.6000e+02 -6.3257e-01
3.0000e+01 1.7000e+02 1.8463e-01
3.0000e+01 1.8000e+02 2.9244e+00
3.0000e+01 1.9000e+02 8.6908e-01
3.0000e+01 2.0000e+02 2.5063e+00
4.0000e+01 -2.0000e+02 1.0114e+00
4.0000e+01 -1.9000e+02 -1.1620e+00
4.0000e+01 -1.8000e+02 6.9160e-01
4.0000e+01 -1.7000e+02 1.1657e+00
4.0000e+01 -1.6000e+02 -2.4443e-01
4.0000e+01 -1.5000e+02 8.5244e-01
4.0000e+01 -1.4000e+02 -1.2542e+00
4.0000e+01 -1.3000e+02 -6.6826e-01
4.0000e+01 -1.2000e+02 -1.6392e+00
4.0000e+01 -1.1000e+02 -8.0514e-01
4.0000e+01 -1.0000e+02 -4.3069e+00
4.0000e+01 -9.0000e+01 -3.0414e+00
4.0000e+01 -8.0000e+01 -4.6357e+00
4.0000e+01 -7.0000e+01 -4.1051e+00
4.0000e+01 -6.0000e+01 -7.5953e+00
4.0000e+01 -5.0000e+01 -7.9918e+00
4.0000e+01 -4.0000e+01 -1.0275e+01
4.0000e+01 -3.0000e+01 -1.3267e+01
4.0000e+01 -2.0000e+01 -9.3401e+00
4.0000e+01 -1.0000e+01 -1.3312e+01
4.0000e+01 0.0000e+00 -1.3725e+01
4.0000e+01 1.0000e+01 -1.3431e+01
4.0000e+01 2.0000e+01 -1.3330e+01
4.0000e+01 3.0000e+01 -1.0043e+01
4.0000e+01 4.0000e+01 -9.5715e+00
4.0000e+01 5.0000e+01 -8.2861e+00
4.0000e+01 6.0000e+01 -7.0893e+00
4.0000e+01 7.0000e+01 -4.1332e+00
4.0000e+01 8.0000e+01 -4.4063e+00
4.0000e+01 9.0000e+01 -1.8464e+00
4.0000e+01 1.0000e+02 -1.3105e+00
4.0000e+01 1.1000e+02 -6.1572e-01
4.0000e+01 1.2000e+02 -2.0714e+00
4.0000e+01 1.3000e+02 -2.2235e+00
4.0000e+01 1.4000e+02 1.4559e+00
4.0000e+01 1.5000e+02 -6.0847e-02
4.0000e+01 1.6000e+02 -4.9610e-02
4.0000e+01 1.7000e+02 -7.8538e-01
4.0000e+01 1.8000e+02 1.1597e+00
4.0000e+01 1.9000e+02 9.0605e-01
4.0000e+01 2.0000e+02 -5.5872e-01
5.0000e+01 -2.0000e+02 9.9796e-01
5.0000e+01 -1.9000e+02 1.4900e+00
5.0000e+01 -1.8000e+02 -4.4299e-01
5.0000e+01 -1.7000e+02 -1.0992e+00
5.0000e+01 -1.6000e+02 5.4013e-01
5.0000e+01 -1.5000e+02 -2.1859e-01
5.0000e+01 -1.4000e+02 -7.0123e-01
5.0000e+01 -1.3000e+02 -8.5543e-02
5.0000e+01 -1.2000e+02 -1.5865e+00
5.0000e+01 -1.1000e+02 -8.0571e-01
5.0000e+01 -1.0000e+02 -1.4392e+00
5.0000e+01 -9.0000e+01 -3.6641e+00
5.0000e+01 -8.0000e+01 -4.3288e+00
5.0000e+01 -7.0000e+01 -5.0885e+00
5.0000e+01 -6.0000e+01 -2.9863e+00
5.0000e+01 -5.0000e+01 -5.7823e+00
5.0000e+01 -4.0000e+01 -7.2258e+00
5.0000e+01 -3.0000e+01 -8.8738e+00
5.0000e+01 -2.0000e+01 -8.0080e+00
5.0000e+01 -1.0000e+01 -1.1047e+01
5.0000e+01 0.0000e+00 -9.8871e+00
5.0000e+01 1.0000e+01 -1.1831e+01
5.0000e+01 2.0000e+01 -7.4146e+00
5.0000e+01 3.0000e+01 -5.8667e+00
5.0000e+01 4.0000e+01 -8.2771e+00
5.0000e+01 5.0000e+01 -6.4691e+00
5.0000e+01 6.0000e+01 -3.3829e+00
5.0000e+01 7.0000e+01 -7.1475e+00
5.0000e+01 8.0000e+01 -6.0661e+00
5.0000e+01 9.0000e+01 -1.6843e+00
5.0000e+01 1.0000e+02 -1.7775e+00
5.0000e+01 1.1000e+02 -1.1457e+00
5.0000e+01 1.2000e+02 2.0285e+00
5.0000e+01 1.3000e+02 -1.2680e+00
5.0000e+01 1.4000e+02 3.5525e+00
5.0000e+01 1.5000e+02 -1.8693e-01
5.0000e+01 1.6000e+02 9.3292e-02
5.0000e+01 1.7000e+02 -1.0360e+00
5.0000e+01 1.8000e+02 1.5202e-01
5.0000e+01 1.9000e+02 7.9916e-01
5.0000e+01 2.0000e+02 -1.4957e+00
6.0000e+01 -2.0000e+02 9.0013e-01
6.0000e+01 -1.9000e+02 5.3135e-01
6.0000e+01 -1.8000e+02 1.0074e+00
6.0000e+01 -1.7000e+02 6.4367e-01
6.0000e+01 -1.6000e+02 1.7523e+00
6.0000e+01 -1.5000e+02 -5.7561e-01
6.0000e+01 -1.4000e+02 8.4529e-02
6.0000e+01 -1.3000e+02 -2.6791e+00
6.0000e+01 -1.2000e+02 -2.0415e+00
6.0000e+01 -1.1000e+02 -1.8486e+00
6.0000e+01 -1.0000e+02 -1.9684e+00
6.0000e+01 -9.0000e+01 -3.1326e+00
6.0000e+01 -8.0000e+01 -4.2520e+00
6.0000e+01 -7.0000e+01 -4.9747e+00
6.0000e+01 -6.0000e+01 -5.1599e+00
6.0000e+01 -5.0000e+01 -7.3065e+00
6.0000e+01 -4.0000e+01 -4.6109e+00
6.0000e+01 -3.0000e+01 -5.4486e+00
6.0000e+01 -2.0000e+01 -1.0289e+01
6.0000e+01 -1.0000e+01 -1.0455e+01
6.0000e+01 0.0000e+00 -8.7026e+00
6.0000e+01 1.0000e+01 -8.3253e+00
6.0000e+01 2.0000e+01 -7.9996e+00
6.0000e+01 3.0000e+01 -8.4049e+00
6.0000e+01 4.0000e+01 -7.3832e+00
6.0000e+01 5.0000e+01 -5.1600e+00
6.0000e+01 6.0000e+01 -2.1173e+00
6.0000e+01 7.0000e+01 -2.1937e+00
6.0000e+01 8.0000e+01 -4.2440e+00
6.0000e+01 9.0000e+01 -3.4850e+00
6.0000e+01 1.0000e+02 -1.5808e+00
6.0000e+01 1.1000e+02 -2.1041e+00
6.0000e+01 1.2000e+02 1.6719e-01
6.0000e+01 1.3000e+02 -3.8961e+00
6.0000e+01 1.4000e+02 5.9136e-01
6.0000e+01 1.5000e+02 -7.0407e-01
6.0000e+01 1.6000e+02 2.6512e+00
6.0000e+01 1.7000e+02 2.0181e+00
6.0000e+01 1.8000e+02 -3.2564e-01
6.0000e+01 1.9000e+02 1.7648e+00
6.0000e+01 2.0000e+02 1.3377e-01
7.0000e+01 -2.0000e+02 -1.3069e+00
7.0000e+01 -1.9000e+02 1.9951e-01
7.0000e+01 -1.8000e+02 1.0451e+00
7.0000e+01 -1.7000e+02 1.2155e+00
7.0000e+01 -1.6000e+02 -1.3808e+00
7.0000e+01 -1.5000e+02 -5.0342e-01
7.0000e+01 -1.4000e+02 6.6650e-02
7.0000e+01 -1.3000e+02 2.1057e+00
7.0000e+01 -1.2000e+02 -8.1111e-01
7.0000e+01 -1.1000e+02 7.8482e-01
7.0000e+01 -1.0000e+02 -4.6219e-01
7.0000e+01 -9.0000e+01 -3.4075e+00
7.0000e+01 -8.0000e+01 -2.4546e+00
7.0000e+01 -7.0000e+01 -3.2514e+00
7.0000e+01 -6.0000e+01 -6.3332e+00
7.0000e+01 -5.0000e+01 -2.6782e+00
7.0000e+01 -4.0000e+01 -5.0646e+00
7.0000e+01 -3.0000e+01 -7.2178e+00
7.0000e+01 -2.0000e+01 -7.6758e+00
7.0000e+01 -1.0000e+01 -5.3889e+00
7.0000e+01 0.0000e+00 -8.7654e+00
7.0000e+01 1.0000e+01 -6.6391e+00
7.0000e+01 2.0000e+01 -8.2221e+00
7.0000e+01 3.0000e+01 -5.3566e+00
7.0000e+01 4.0000e+01 -2.8392e+00
7.0000e+01 5.0000e+01 -4.1293e+00
7.0000e+01 6.0000e+01 -3.0246e+00
7.0000e+01 7.0000e+01 -2.2884e+00
7.0000e+01 8.0000e+01 -4.1699e+00
7.0000e+01 9.0000e+01 -2.8366e-01
7.0000e+01 1.0000e+02 -3.0589e+00
7.0000e+01 1.1000e+02 -4.0430e-01
7.0000e+01 1.2000e+02 -1.3873e+00
7.0000e+01 1.3000e+02 -2.1539e+00
7.0000e+01 1.4000e+02 -2.3446e+00
7.0000e+01 1.5000e+02 -1.9673e+00
7.0000e+01 1.6000e+02 1.0725e+00
7.0000e+01 1.7000e+02 -9.1745e-01
7.0000e+01 1.8000e+02 6.5860e-01
7.0000e+01 1.9000e+02 2.0589e+00
7.0000e+01 2.0000e+02 1.4557e+00
8.0000e+01 -2.0000e+02 -3.3149e-01
8.0000e+01 -1.9000e+02 7.0151e-01
8.0000e+01 -1.8000e+02 2.2892e+00
8.0000e+01 -1.7000e+02 -1.0604e+00
8.0000e+01 -1.6000e+02 1.9461e+00
8.0000e+01 -1.5000e+02 -3.8425e+00
8.0000e+01 -1.4000e+02 -2.8763e+00
8.0000e+01 -1.3000e+02 1.0145e+00
8.0000e+01 -1.2000e+02 2.3397e+00
8.0000e+01 -1.1000e+02 -1.0412e+00
8.0000e+01 -1.0000e+02 -9.2750e-01
8.0000e+01 -9.0000e+01 -9.9457e-01
8.0000e+01 -8.0000e+01 -1.3386e+00
8.0000e+01 -7.0000e+01 -4.4681e+00
8.0000e+01 -6.0000e+01 -3.8081e+00
8.0000e+01 -5.0000e+01 -2.6749e+00
8.0000e+01 -4.0000e+01 -4.1322e+00
8.0000e+01 -3.0000e+01 -2.6081e+00
8.0000e+01 -2.0000e+01 -5.1440e+00
8.0000e+01 -1.0000e+01 -6.5903e+00
8.0000e+01 0.0000e+00 -6.4636e+00
8.0000e+01 1.0000e+01 -5.5375e+00
8.0000e+01 2.0000e+01 -6.4243e+00
8.0000e+01 3.0000e+01 -3.4842e+00
8.0000e+01 4.0000e+01 -6.7364e+00
8.0000e+01 5.0000e+01 -4.0091e+00
8.0000e+01 6.0000e+01 -5.4367e+00
8.0000e+01 7.0000e+01 -1.3070e+00
8.0000e+01 8.0000e+01 -1.4108e+00
8.0000e+01 9.0000e+01 -3.4256e+00
8.0000e+01 1.0000e+02 -1.4846e+00
8.0000e+01 1.1000e+02 -7.1113e-02
8.0000e+01 1.2000e+02 -1.0715e+00
8.0000e+01 1.3000e+02 -1.8334e+00
8.0000e+01 1.4000e+02 8.3838e-01
8.0000e+01 1.5000e+02 2.2130e+00
8.0000e+01 1.6000e+02 8.4872e-01
8.0000e+01 1.7000e+02 -3.4420e-01
8.0000e+01 1.8000e+02 2.1779e+00
8.0000e+01 1.9000e+02 -1.1419e+00
8.0000e+01 2.0000e+02 1.0485e+00
9.0000e+01 -2.0000e+02 1.2257e+00
9.0000e+01 -1.9000e+02 8.7073e-01
9.0000e+01 -1.8000e+02 1.5432e-01
9.0000e+01 -1.7000e+02 -3.9660e+00
9.0000e+01 -1.6000e+02 -9.7109e-01
9.0000e+01 -1.5000e+02 -6.5163e-01
9.0000e+01 -1.4000e+02 -3.1145e+00
9.0000e+01 -1.3000e+02 1.7894e+00
9.0000e+01 -1.2000e+02 -1.3707e+00
9.0000e+01 -1.1000e+02 -4.2195e-01
9.0000e+01 -1.0000e+02 2.1997e-01
9.0000e+01 -9.0000e+01 -1.9049e+00
9.0000e+01 -8.0000e+01 -1.3465e+00
9.0000e+01 -7.0000e+01 5.7681e-02
9.0000e+01 -6.0000e+01 -3.3447e+00
9.0000e+01 -5.0000e+01 -3.6377e+00
9.0000e+01 -4.0000e+01 -4.5830e+00
9.0000e+01 -3.0000e+01 -3.6952e+00
9.0000e+01 -2.0000e+01 -3.6458e-01
9.0000e+01 -1.0000e+01 -6.5466e-01
9.0000e+01 0.0000e+00 -5.2685e+00
9.0000e+01 1.0000e+01 -3.8756e+00
9.0000e+01 2.0000e+01 -3.3793e+00
9.0000e+01 3.0000e+01 -5.3296e+00
9.0000e+01 4.0000e+01 -3.0162e+00
9.0000e+01 5.0000e+01 -2.4884e+00
9.0000e+01 6.0000e+01 -8.6293e-01
9.0000e+01 7.0000e+01 -4.2295e+00
9.0000e+01 8.0000e+01 -2.0450e+00
9.0000e+01 9.0000e+01 -2.9402e+00
9.0000e+01 1.0000e+02 4.5977e-01
9.0000e+01 1.1000e+02 -8.4151e-01
9.0000e+01 1.2000e+02 -2.6637e-01
9.0000e+01 1.3000e+02 7.4458e-01
9.0000e+01 1.4000e+02 -1.7396e+00
9.0000e+01 1.5000e+02 -1.5535e+00
9.0000e+01 1.6000e+02 -4.8869e-01
9.0000e+01 1.7000e+02 -8.8889e-01
9.0000e+01 1.8000e+02 -2.5903e+00
9.0000e+01 1.9000e+02 -1.6062e+00
9.0000e+01 2.0000e+02 -1.5817e+00
1.0000e+02 -2.0000e+02 1.0454e+00
1.0000e+02 -1.9000e+02 -1.0856e+00
1.0000e+02 -1.8000e+02 3.8419e-01
1.0000e+02 -1.7000e+02 5.9715e-03
1.0000e+02 -1.6000e+02 -4.4333e-01
1.0000e+02 -1.5000e+02 1.6086e+00
1.0000e+02 -1.4000e+02 -2.1163e+00
1.0000e+02 -1.3000e+02 -1.8336e-01
1.0000e+02 -1.2000e+02 1.2165e-01
1.0000e+02 -1.1000e+02 1.7956e+00
1.0000e+02 -1.0000e+02 -4.2017e-01
1.0000e+02 -9.0000e+01 1.9802e-01
1.0000e+02 -8.0000e+01 -1.4370e+00
1.0000e+02 -7.0000e+01 -1.2989e+00
1.0000e+02 -6.0000e+01 -1.1230e+00
1.0000e+02 -5.0000e+01 -2.5932e+00
1.0000e+02 -4.0000e+01 -4.5291e+00
1.0000e+02 -3.0000e+01 -3.5236e+00
1.0000e+02 -2.0000e+01 -2.1784e+00
1.0000e+02 -1.0000e+01 -2.2339e+00
1.0000e+02 0.0000e+00 -3.3115e+00
1.0000e+02 1.0000e+01 -2.4995e+00
1.0000e+02 2.0000e+01 -5.3436e+00
1.0000e+02 3.0000e+01 -4.7300e+00
1.0000e+02 4.0000e+01 -1.4597e+00
1.0000e+02 5.0000e+01 -1.8346e+00
1.0000e+02 6.0000e+01 -2.9239e+00
1.0000e+02 7.0000e+01 -3.1643e+00
1.0000e+02 8.0000e+01 -8.1403e-01
1.0000e+02 9.0000e+01 -2.4626e+00
1.0000e+02 1.0000e+02 6.4818e-01
1.0000e+02 1.1000e+02 -1.2622e+00
1.0000e+02 1.2000e+02 -2.2912e+00
1.0000e+02 1.3000e+02 -2.0360e+00
1.0000e+02 1.4000e+02 1.6749e+00
1.0000e+02 1.5000e+02 -1.4479e+00
1.0000e+02 1.6000e+02 -4.8184e-01
1.0000e+02 1.7000e+02 1.8516e+00
1.0000e+02 1.8000e+02 -4.0141e-01
1.0000e+02 1.9000e+02 -2.8732e-01
1.0000e+02 2.0000e+02 -7.4997e-01
1.1000e+02 -2.0000e+02 -7.5539e-01
1.1000e+02 -1.9000e+02 1.0601e-01
1.1000e+02 -1.8000e+02 -6.8048e-01
1.1000e+02 -1.7000e+02 -2.6995e+00
1.1000e+02 -1.6000e+02 -3.4488e-01
1.1000e+02 -1.5000e+02 -1.2455e+00
1.1000e+02 -1.4000e+02 1.3889e+00
1.1000e+02 -1.3000e+02 -5.7738e-01
1.1000e+02 -1.2000e+02 6.4602e-01
1.1000e+02 -1.1000e+02 -3.5292e+00
1.1000e+02 -1.0000e+02 7.0176e-01
1.1000e+02 -9.0000e+01 3.3694e-01
1.1000e+02 -8.0000e+01 -6.0751e-01
1.1000e+02 -7.0000e+01 -7.2086e-01
1.1000e+02 -6.0000e+01 -2.0561e+00
1.1000e+02 -5.0000e+01 -1.0249e+00
1.1000e+02 -4.0000e+01 -3.2267e+00
1.1000e+02 -3.0000e+01 -1.5041e+00
1.1000e+02 -2.0000e+01 -3.1235e+00
1.1000e+02 -1.0000e+01 -2.0692e+00
1.1000e+02 0.0000e+00 -1.4304e+00
1.1000e+02 1.0000e+01 -1.9200e+00
1.1000e+02 2.0000e+01 -1.4245e+00
1.1000e+02 3.0000e+01 -2.1092e+00
1.1000e+02 4.0000e+01 -1.3041e+00
1.1000e+02 5.0000e+01 -2.3398e+00
1.1000e+02 6.0000e+01 -3.3735e+00
1.1000e+02 7.0000e+01 1.0899e+00
1.1000e+02 8.0000e+01 1.7546e-01
1.1000e+02 9.0000e+01 -1.4162e+00
1.1000e+02 1.0000e+02 -1.2264e+00
1.1000e+02 1.1000e+02 -9.5962e-01
1.1000e+02 1.2000e+02 -3.5831e-01
1.1000e+02 1.3000e+02 4.3043e-01
1.1000e+02 1.4000e+02 2.6925e+00
1.1000e+02 1.5000e+02 -4.8412e-02
1.1000e+02 1.6000e+02 -1.3517e+00
1.1000e+02 1.7000e+02 1.0645e+00
1.1000e+02 1.8000e+02 -3.7784e-01
1.1000e+02 1.9000e+02 4.3997e-02
1.1000e+02 2.0000e+02 -9.2804e-01
1.2000e+02 -2.0000e+02 1.2923e+00
1.2000e+02 -1.9000e+02 2.7117e+00
1.2000e+02 -1.8000e+02 -3.1040e-01
1.2000e+02 -1.7000e+02 -2.9535e+00
1.2000e+02 -1.6000e+02 2.5182e+00
1.2000e+02 -1.5000e+02 -1.8768e+00
1.2000e+02 -1.4000e+02 -9.7406e-01
1.2000e+02 -1.3000e+02 -6.5146e-01
1.2000e+02 -1.2000e+02 -1.9851e+00
1.2000e+02 -1.1000e+02 -2.1863e+00
1.2000e+02 -1.0000e+02 -1.0616e+00
1.2000e+02 -9.0000e+01 -1.8413e+00
1.2000e+02 -8.0000e+01 -1.6958e-01
1.2000e+02 -7.0000e+01 3.1469e-01
1.2000e+02 -6.0000e+01 -2.2847e+00
1.2000e+02 -5.0000e+01 -1.5293e-01
1.2000e+02 -4.0000e+01 1.3387e-02
1.2000e+02 -3.0000e+01 2.1364e+00
1.2000e+02 -2.0000e+01 -3.9382e+00
1.2000e+02 -1.0000e+01 -1.1681e+00
1.2000e+02 0.0000e+00 -4.2189e+00
1.2000e+02 1.0000e+01 -9.0008e-01
1.2000e+02 2.0000e+01 -2.2812e+00
1.2000e+02 3.0000e+01 2.2066e+00
1.2000e+02 4.0000e+01 -2.4718e+00
1.2000e+02 5.0000e+01 -2.3734e-01
1.2000e+02 6.0000e+01 -1.0859e+00
1.2000e+02 7.0000e+01 -2.5515e+00
1.2000e+02 8.0000e+01 6.6090e-02
1.2000e+02 9.0000e+01 -2.7411e+00
1.2000e+02 1.0000e+02 -3.4787e-01
1.2000e+02 1.1000e+02 8.6197e-01
1.2000e+02 1.2000e+02 -1.9027e+00
1.2000e+02 1.3000e+02 1.7755e+00
1.2000e+02 1.4000e+02 1.1245e+00
1.2000e+02 1.5000e+02 -1.6369e+00
1.2000e+02 1.6000e+02 -1.4253e+00
1.2000e+02 1.7000e+02 3.7706e-01
1.2000e+02 1.8000e+02 -1.6738e+00
1.2000e+02 1.9000e+02 -4.2579e-01
1.2000e+02 2.0000e+02 4.0085e-01
1.3000e+02 -2.0000e+02 -1.8784e+00
1.3000e+02 -1.9000e+02 -2.4323e-01
1.3000e+02 -1.8000e+02 5.1821e-01
1.3000e+02 -1.7000e+02 1.7247e+00
1.3000e+02 -1.6000e+02 7.6784e-02
1.3000e+02 -1.5000e+02 -6.0467e-01
1.3000e+02 -1.4000e+02 -1.4899e+00
1.3000e+02 -1.3000e+02 1.0366e+00
1.3000e+02 -1.2000e+02 -3.4647e-01
1.3000e+02 -1.1000e+02 4.2078e-01
1.3000e+02 -1.0000e+02 1.3276e+00
1.3000e+02 -9.0000e+01 -1.0664e+00
1.3000e+02 -8.0000e+01 -1.1003e+00
1.3000e+02 -7.0000e+01 -3.5556e+00
1.3000e+02 -6.0000e+01 7.9716e-01
1.3000e+02 -5.0000e+01 -2.2647e+00
1.3000e+02 -4.0000e+01 -1.8468e+00
1.3000e+02 -3.0000e+01 -1.2062e+00
1.3000e+02 -2.0000e+01 5.8634e-01
1.3000e+02 -1.0000e+01 5.6549e-01
1.3000e+02 0.0000e+00 -1.8028e+00
1.3000e+02 1.0000e+01 1.5366e+00
1.3000e+02 2.0000e+01 1.3504e+00
1.3000e+02 3.0000e+01 -1.8560e+00
1.3000e+02 4.0000e+01 -2.0374e-01
1.3000e+02 5.0000e+01 1.5315e-01
1.3000e+02 6.0000e+01 1.3185e+00
1.3000e+02 7.0000e+01 -1.4334e-01
1.3000e+02 8.0000e+01 8.6599e-01
1.3000e+02 9.0000e+01 -1.3107e-02
1.3000e+02 1.0000e+02 5.8898e-01
1.3000e+02 1.1000e+02 -7.4695e-01
1.3000e+02 1.2000e+02 1.7747e+00
1.3000e+02 1.3000e+02 1.1655e+00
1.3000e+02 1.4000e+02 -2.1790e+00
1.3000e+02 1.5000e+02 2.5229e+00
1.3000e+02 1.6000e+02 2.1695e+00
1.3000e+02 1.7000e+02 1.7627e+00
1.3000e+02 1.8000e+02 1.3883e+00
1.3000e+02 1.9000e+02 1.5651e-01
1.3000e+02 2.0000e+02 7.4152e-01
1.4000e+02 -2.0000e+02 -1.3545e+00
1.4000e+02 -1.9000e+02 -5.8614e-01
1.4000e+02 -1.8000e+02 1.5630e-01
1.4000e+02 -1.7000e+02 2.2174e+00
1.4000e+02 -1.6000e+02 -2.0151e+00
1.4000e+02 -1.5000e+02 -1.2390e+00
1.4000e+02 -1.4000e+02 -1.7383e+00
1.4000e+02 -1.3000e+02 -2.4797e+00
1.4000e+02 -1.2000e+02 2.1797e+00
1.4000e+02 -1.1000e+02 -4.6595e-03
1.4000e+02 -1.0000e+02 4.3425e-01
1.4000e+02 -9.0000e+01 -8.7872e-02
1.4000e+02 -8.0000e+01 -9.2141e-01
1.4000e+02 -7.0000e+01 -2.2646e+00
1.4000e+02 -6.0000e+01 1.2115e-01
1.4000e+02 -5.0000e+01 -2.0585e-01
1.4000e+02 -4.0000e+01 -1.8243e+00
1.4000e+02 -3.0000e+01 -3.1041e+00
1.4000e+02 -2.0000e+01 -1.2138e+00
1.4000e+02 -1.0000e+01 -2.1554e-01
1.4000e+02 0.0000e+00 -2.9708e-01
1.4000e+02 1.0000e+01 -2.0620e+00
1.4000e+02 2.0000e+01 -2.5087e-01
1.4000e+02 3.0000e+01 -2.0979e+00
1.4000e+02 4.0000e+01 -1.7382e+00
1.4000e+02 5.0000e+01 -1.9358e+00
1.4000e+02 6.0000e+01 -3.7199e+00
1.4000e+02 7.0000e+01 -3.4628e+00
1.4000e+02 8.0000e+01 -2.2470e+00
1.4000e+02 9.0000e+01 5.4292e-01
1.4000e+02 1.0000e+02 -2.1397e+00
1.4000e+02 1.1000e+02 4.6385e-01
1.4000e+02 1.2000e+02 1.8204e+00
1.4000e+02 1.3000e+02 1.8958e+00
1.4000e+02 1.4000e+02 -8.4234e-01
1.4000e+02 1.5000e+02 -1.4520e+00
1.4000e+02 1.6000e+02 1.9577e+00
1.4000e+02 1.7000e+02 5.0111e-01
1.4000e+02 1.8000e+02 -5.8523e-02
1.4000e+02 1.9000e+02 -1.2232e+00
1.4000e+02 2.0000e+02 -3.6888e-01
1.5000e+02 -2.0000e+02 -1.6440e+00
1.5000e+02 -1.9000e+02 2.1579e+00
1.5000e+02 -1.8000e+02 -3.1702e-01
1.5000e+02 -1.7000e+02 -6.4068e-01
1.5000e+02 -1.6000e+02 -9.2992e-01
1.5000e+02 -1.5000e+02 -1.7216e+00
1.5000e+02 -1.4000e+02 -9.0448e-01
1.5000e+02 -1.3000e+02 -5.5968e-01
1.5000e+02 -1.2000e+02 8.7990e-01
1.5000e+02 -1.1000e+02 3.0536e-01
1.5000e+02 -1.0000e+02 2.3512e+00
1.5000e+02 -9.0000e+01 3.4112e+00
1.5000e+02 -8.0000e+01 1.0895e+00
1.5000e+02 -7.0000e+01 -2.5368e-01
1.5000e+02 -6.0000e+01 2.5290e+00
1.5000e+02 -5.0000e+01 -2.2948e+00
1.5000e+02 -4.0000e+01 8.7663e-01
1.5000e+02 -3.0000e+01 -3.6409e-01
1.5000e+02 -2.0000e+01 -6.8895e-01
1.5000e+02 -1.0000e+01 -2.0737e+00
1.5000e+02 0.0000e+00 -5.8775e-01
1.5000e+02 1.0000e+01 1.9207e+00
1.5000e+02 2.0000e+01 -6.8604e-01
1.5000e+02 3.0000e+01 -1.1814e+00
1.5000e+02 4.0000e+01 5.4703e-01
1.5000e+02 5.0000e+01 -2.1453e+00
1.5000e+02 6.0000e+01 9.9520e-01
1.5000e+02 7.0000e+01 -2.3831e+00
1.5000e+02 8.0000e+01 1.0831e+00
1.5000e+02 9.0000e+01 -2.7053e+00
1.5000e+02 1.0000e+02 -5.2135e-01
1.5000e+02 1.1000e+02 -1.0774e+00
1.5000e+02 1.2000e+02 -6.1415e-01
1.5000e+02 1.3000e+02 4.7314e-01
1.5000e+02 1.4000e+02 1.6535e+00
1.5000e+02 1.5000e+02 -2.6985e+00
1.5000e+02 1.6000e+02 -1.4292e+00
1.5000e+02 1.7000e+02 -6.2978e-01
1.5000e+02 1.8000e+02 1.2483e+00
1.5000e+02 1.9000e+02 2.7548e+00
1.5000e+02 2.0000e+02 -4.1250e-01
1.6000e+02 -2.0000e+02 1.0948e-01
1.6000e+02 -1.9000e+02 -1.4502e+00
1.6000e+02 -1.8000e+02 1.6204e+00
1.6000e+02 -1.7000e+02 2.4651e+00
1.6000e+02 -1.6000e+02 -2.0035e+00
1.6000e+02 -1.5000e+02 6.9496e-01
1.6000e+02 -1.4000e+02 2.9555e-01
1.6000e+02 -1.3000e+02 -1.8768e+00
1.6000e+02 -1.2000e+02 -1.2393e+00
1.6000e+02 -1.1000e+02 -2.9130e-01
1.6000e+02 -1.0000e+02 -8.8614e-01
1.6000e+02 -9.0000e+01 -9.7056e-02
1.6000e+02 -8.0000e+01 1.0919e+00
1.6000e+02 -7.0000e+01 1.2522e+00
1.6000e+02 -6.0000e+01 1.1555e+00
1.6000e+02 -5.0000e+01 1.9181e+00
1.6000e+02 -4.0000e+01 2.1640e-01
1.6000e+02 -3.0000e+01 4.0015e-01
1.6000e+02 -2.0000e+01 5.5006e-01
1.6000e+02 -1.0000e+01 5.4766e-02
1.6000e+02 0.0000e+00 3.8571e-02
1.6000e+02 1.0000e+01 -3.3826e+00
1.6000e+02 2.0000e+01 -1.0329e+00
1.6000e+02 3.0000e+01 -1.3631e+00
1.6000e+02 4.0000e+01 -2.0266e+00
1.6000e+02 5.0000e+01 -2.2282e+00
1.6000e+02 6.0000e+01 -1.9058e+00
1.6000e+02 7.0000e+01 4.1377e-01
1.6000e+02 8.0000e+01 -1.0961e+00
1.6000e+02 9.0000e+01 -9.2517e-01
1.6000e+02 1.0000e+02 -2.2452e+00
1.6000e+02 1.1000e+02 -4.5442e-01
1.6000e+02 1.2000e+02 -3.7495e-01
1.6000e+02 1.3000e+02 -8.9368e-01
1.6000e+02 1.4000e+02 1.3621e+00
1.6000e+02 1.5000e+02 1.5954e+00
1.6000e+02 1.6000e+02 1.9630e+00
1.6000e+02 1.7000e+02 7.9779e-01
1.6000e+02 1.8000e+02 8.9193e-01
1.6000e+02 1.9000e+02 3.0950e+00
1.6000e+02 2.0000e+02 2.2415e-01
1.7000e+02 -2.0000e+02 8.3736e-01
1.7000e+02 -1.9000e+02 1.2532e+00
1.7000e+02 -1.8000e+02 1.8233e+00
1.7000e+02 -1.7000e+02 2.8446e-01
1.7000e+02 -1.6000e+02 5.7028e-01
1.7000e+02 -1.5000e+02 1.3788e+00
1.7000e+02 -1.4000e+02 -1.9631e+00
1.7000e+02 -1.3000e+02 -1.0261e+00
1.7000e+02 -1.2000e+02 1.7316e+00
1.7000e+02 -1.1000e+02 3.1214e+00
1.7000e+02 -1.0000e+02 1.4255e+00
1.7000e+02 -9.0000e+01 1.2827e+00
1.7000e+02 -8.0000e+01 1.0371e+00
1.7000e+02 -7.0000e+01 -1.0414e+00
1.7000e+02 -6.0000e+01 2.5944e+00
1.7000e+02 -5.0000e+01 8.9212e-01
1.7000e+02 -4.0000e+01 -5.4204e-01
1.7000e+02 -3.0000e+01 -3.3926e+00
1.7000e+02 -2.0000e+01 -1.7573e+00
1.7000e+02 -1.0000e+01 -4.2143e-02
1.7000e+02 0.0000e+00 -1.9642e+00
1.7000e+02 1.0000e+01 -1.4167e+00
1.7000e+02 2.0000e+01 -8.3328e-01
1.7000e+02 3.0000e+01 6.3168e-01
1.7000e+02 4.0000e+01 -1.9093e+00
1.7000e+02 5.0000e+01 -2.1664e+00
1.7000e+02 6.0000e+01 -4.1851e-01
1.7000e+02 7.0000e+01 -1.6800e+00
1.7000e+02 8.0000e+01 -1.6141e-02
1.7000e+02 9.0000e+01 -4.3007e-01
1.7000e+02 1.0000e+02 1.8582e+00
1.7000e+02 1.1000e+02 1.2875e+00
1.7000e+02 1.2000e+02 -4.8311e+00
1.7000e+02 1.3000e+02 -2.3737e+00
1.7000e+02 1.4000e+02 -7.2755e-01
1.7000e+02 1.5000e+02 7.2314e-01
1.7000e+02 1.6000e+02 -1.9076e+00
1.7000e+02 1.7000e+02 -1.5092e+00
1.7000e+02 1.8000e+02 6.5758e-01
1.7000e+02 1.9000e+02 6.4270e-01
1.7000e+02 2.0000e+02 -1.8165e+00
1.8000e+02 -2.0000e+02 5.0837e-03
1.8000e+02 -1.9000e+02 -1.7031e-01
1.8000e+02 -1.8000e+02 -3.9616e-01
1.8000e+02 -1.7000e+02 -7.6067e-01
1.8000e+02 -1.6000e+02 1.0563e+00
1.8000e+02 -1.5000e+02 -2.0309e+00
1.8000e+02 -1.4000e+02 2.4210e+00
1.8000e+02 -1.3000e+02 1.2275e+00
1.8000e+02 -1.2000e+02 -2.2331e+00
1.8000e+02 -1.1000e+02 1.5597e+00
1.8000e+02 -1.0000e+02 2.0148e+00
1.8000e+02 -9.0000e+01 -2.4604e+00
1.8000e+02 -8.0000e+01 1.8754e+00
1.8000e+02 -7.0000e+01 -1.6978e-01
1.8000e+02 -6.0000e+01 -1.5729e+00
1.8000e+02 -5.0000e+01 1.8953e+00
1.8000e+02 -4.0000e+01 -2.6467e+00
1.8000e+02 -3.0000e+01 -5.1568e-01
1.8000e+02 -2.0000e+01 -2.4809e+00
1.8000e+02 -1.0000e+01 -2.4133e+00
1.8000e+02 0.0000e+00 -2.1901e-02
1.8000e+02 1.0000e+01 -8.0255e-01
1.8000e+02 2.0000e+01 -5.6304e-01
1.8000e+02 3.0000e+01 1.3527e+00
1.8000e+02 4.0000e+01 1.8753e-01
1.8000e+02 5.0000e+01 3.4286e-01
1.8000e+02 6.0000e+01 -4.2375e-01
1.8000e+02 7.0000e+01 -3.5348e-01
1.8000e+02 8.0000e+01 -3.4021e-01
1.8000e+02 9.0000e+01 -1.5087e+00
1.8000e+02 1.0000e+02 1.0662e+00
1.8000e+02 1.1000e+02 1.5013e+00
1.8000e+02 1.2000e+02 2.0095e+00
1.8000e+02 1.3000e+02 -2.9993e-01
1.8000e+02 1.4000e+02 1.1972e-01
1.8000e+02 1.5000e+02 6.6695e-01
1.8000e+02 1.6000e+02 -5.2504e-01
1.8000e+02 1.7000e+02 -1.8638e+00
1.8000e+02 1.8000e+02 8.9762e-01
1.8000e+02 1.9000e+02 -2.0037e+00
1.8000e+02 2.0000e+02 5.3768e-01
1.9000e+02 -2.0000e+02 1.2570e+00
1.9000e+02 -1.9000e+02 1.7920e-01
1.9000e+02 -1.8000e+02 5.5433e-01
1.9000e+02 -1.7000e+02 -1.5082e+00
1.9000e+02 -1.6000e+02 1.1298e+00
1.9000e+02 -1.5000e+02 -2.8834e-01
1.9000e+02 -1.4000e+02 2.3586e+00
1.9000e+02 -1.3000e+02 -4.5526e-01
1.9000e+02 -1.2000e+02 -1.3730e+00
1.9000e+02 -1.1000e+02 3.3774e-01
1.9000e+02 -1.0000e+02 1.9172e-01
1.9000e+02 -9.0000e+01 9.0700e-01
1.9000e+02 -8.0000e+01 7.6953e-01
1.9000e+02 -7.0000e+01 -2.7151e-02
1.9000e+02 -6.0000e+01 3.2882e-01
1.9000e+02 -5.0000e+01 -7.5021e-01
1.9000e+02 -4.0000e+01 -2.2956e+00
1.9000e+02 -3.0000e+01 5.0418e-01
1.9000e+02 -2.0000e+01 3.1072e+00
1.9000e+02 -1.0000e+01 1.3982e+00
1.9000e+02 0.0000e+00 1.2054e-02
1.9000e+02 1.0000e+01 -1.2166e+00
1.9000e+02 2.0000e+01 -3.6898e-02
1.9000e+02 3.0000e+01 -7.2725e-02
1.9000e+02 4.0000e+01 1.5413e+00
1.9000e+02 5.0000e+01 -4.2933e-01
1.9000e+02 6.0000e+01 9.0950e-01
1.9000e+02 7.0000e+01 -5.1217e-01
1.9000e+02 8.0000e+01 -4.5553e-01
1.9000e+02 9.0000e+01 2.7773e+00
1.9000e+02 1.0000e+02 -4.6818e-01
1.9000e+02 1.1000e+02 5.9238e-01
1.9000e+02 1.2000e+02 1.0803e+00
1.9000e+02 1.3000e+02 -2.3847e+00
1.9000e+02 1.4000e+02 -1.6405e+00
1.9000e+02 1.5000e+02 -2.4606e+00
1.9000e+02 1.6000e+02 -2.1407e+00
1.9000e+02 1.7000e+02 -4.0086e-01
1.9000e+02 1.8000e+02 4.4126e-01
1.9000e+02 1.9000e+02 4.8587e-01
1.9000e+02 2.0000e+02 -1.2664e+00
2.0000e+02 -2.0000e+02 -1.6891e+00
2.0000e+02 -1.9000e+02 9.9940e-01
2.0000e+02 -1.8000e+02 -8.4859e-01
2.0000e+02 -1.7000e+02 -4.5995e-01
2.0000e+02 -1.6000e+02 1.0854e+00
2.0000e+02 -1.5000e+02 4.9455e+00
2.0000e+02 -1.4000e+02 -3.0958e-01
2.0000e+02 -1.3000e+02 1.0698e+00
2.0000e+02 -1.2000e+02 -2.6669e-02
2.0000e+02 -1.1000e+02 -3.7046e-01
2.0000e+02 -1.0000e+02 1.3423e+00
2.0000e+02 -9.0000e+01 -2.5450e+00
2.0000e+02 -8.0000e+01 8.9906e-01
2.0000e+02 -7.0000e+01 9.7108e-01
2.0000e+02 -6.0000e+01 -2.0626e+00
2.0000e+02 -5.0000e+01 1.0479e-01
2.0000e+02 -4.0000e+01 -1.6662e+00
2.0000e+02 -3.0000e+01 -1.0092e+00
2.0000e+02 -2.0000e+01 -7.4369e-01
2.0000e+02 -1.0000e+01 -3.4997e+00
2.0000e+02 0.0000e+00 2.7948e+00
2.0000e+02 1.0000e+01 1.3615e+00
2.0000e+02 2.0000e+01 -6.5219e-01
2.0000e+02 3.0000e+01 2.1142e+00
2.0000e+02 4.0000e+01 8.7282e-02
2.0000e+02 5.0000e+01 -3.4012e-02
2.0000e+02 6.0000e+01 8.7261e-01
2.0000e+02 7.0000e+01 2.2499e+00
2.0000e+02 8.0000e+01 -1.2345e+00
2.0000e+02 9.0000e+01 1.7316e-02
2.0000e+02 1.0000e+02 -7.5906e-01
2.0000e+02 1.1000e+02 1.6488e+00
2.0000e+02 1.2000e+02 -6.5556e-01
2.0000e+02 1.3000e+02 9.3871e-01
2.0000e+02 1.4000e+02 3.4266e+00
2.0000e+02 1.5000e+02 5.5396e-01
2.0000e+02 1.6000e+02 -8.3800e-01
2.0000e+02 1.7000e+02 1.1715e+00
2.0000e+02 1.8000e+02 7.0641e-01
2.0000e+02 1.9000e+02 1.2815e+00
2.0000e+02 2.0000e+02 -4.8235e-01
