-2.0000e+02 -2.0000e+02 -9.5750e-01
-2.0000e+02 -1.9000e+02 -5.7320e-01
-2.0000e+02 -1.8000e+02 -2.2001e+00
-2.0000e+02 -1.7000e+02 -1.3466e+00
-2.0000e+02 -1.6000e+02 -1.7381e+00
-2.0000e+02 -1.5000e+02 -3.9566e-01
-2.0000e+02 -1.4000e+02 -2.3215e+00
-2.0000e+02 -1.3000e+02 -1.7293e+00
-2.0000e+02 -1.2000e+02 5.9772e-01
-2.0000e+02 -1.1000e+02 -2.7339e-01
-2.0000e+02 -1.0000e+02 9.6276e-01
-2.0000e+02 -9.0000e+01 -7.5273e-01
-2.0000e+02 -8.0000e+01 -2.7294e-01
-2.0000e+02 -7.0000e+01 -1.2410e-01
-2.0000e+02 -6.0000e+01 -1.7111e+00
-2.0000e+02 -5.0000e+01 1.1825e+00
-2.0000e+02 -4.0000e+01 1.9962e-01
-2.0000e+02 -3.0000e+01 2.3038e+00
-2.0000e+02 -2.0000e+01 -1.5119e+00
-2.0000e+02 -1.0000e+01 -1.0195e+00
-2.0000e+02 0.0000e+00 -2.9150e+00
-2.0000e+02 1.0000e+01 -7.7772e-01
-2.0000e+02 2.0000e+01 1.7015e+00
-2.0000e+02 3.0000e+01 9.1863e-01
-2.0000e+02 4.0000e+01 -1.9141e+00
-2.0000e+02 5.0000e+01 1.7623e-01
-2.0000e+02 6.0000e+01 -1.0088e+00
-2.0000e+02 7.0000e+01 -1.7064e-01
-2.0000e+02 8.0000e+01 2.4111e-02
-2.0000e+02 9.0000e+01 -1.2089e+00
-2.0000e+02 1.0000e+02 -2.2822e+00
-2.0000e+02 1.1000e+02 1.3185e+00
-2.0000e+02 1.2000e+02 -2.4882e+00
-2.0000e+02 1.3000e+02 1.1352e-01
-2.0000e+02 1.4000e+02 2.3114e+00
-2.0000e+02 1.5000e+02 1.4808e+00
-2.0000e+02 1.6000e+02 2.6212e-01
-2.0000e+02 1.7000e+02 1.0370e-01
-2.0000e+02 1.8000e+02 3.2501e+00
-2.0000e+02 1.9000e+02 2.8856e+00
-2.0000e+02 2.0000e+02 7.5989e-01
-1.9000e+02 -2.0000e+02 -2.4098e+00
-1.9000e+02 -1.9000e+02 9.6117e-01
-1.9000e+02 -1.8000e+02 -2.0872e+00
-1.9000e+02 -1.7000e+02 1.8603e+00
-1.9000e+02 -1.6000e+02 1.5256e-01
-1.9000e+02 -1.5000e+02 1.3834e+00
-1.9000e+02 -1.4000e+02 -1.5307e-01
-1.9000e+02 -1.3000e+02 -2.8375e+00
-1.9000e+02 -1.2000e+02 -7.7774e-01
-1.9000e+02 -1.1000e+02 -2.0932e+00
-1.9000e+02 -1.0000e+02 -1.3118e+00
-1.9000e+02 -9.0000e+01 4.8267e-01
-1.9000e+02 -8.0000e+01 -2.5624e+00
-1.9000e+02 -7.0000e+01 4.0273e-01
-1.9000e+02 -6.0000e+01 -4.1486e-01
-1.9000e+02 -5.0000e+01 -8.2684e-01
-1.9000e+02 -4.0000e+01 2.9656e-01
-1.9000e+02 -3.0000e+01 8.1947e-01
-1.9000e+02 -2.0000e+01 4.3425e+00
-1.9000e+02 -1.0000e+01 -1.0236e+00
-1.9000e+02 0.0000e+00 -4.9310e-01
-1.9000e+02 1.0000e+01 2.9555e+00
-1.9000e+02 2.0000e+01 -1.2272e+00
-1.9000e+02 3.0000e+01 5.4920e-01
-1.9000e+02 4.0000e+01 2.0182e+00
-1.9000e+02 5.0000e+01 8.7968e-01
-1.9000e+02 6.0000e+01 -2.1669e+00
-1.9000e+02 7.0000e+01 3.7096e-01
-1.9000e+02 8.0000e+01 8.2430e-01
-1.9000e+02 9.0000e+01 -3.6876e+00
-1.9000e+02 1.0000e+02 -1.8781e+00
-1.9000e+02 1.1000e+02 -2.1293e-01
-1.9000e+02 1.2000e+02 1.0668e-01
-1.9000e+02 1.3000e+02 -1.5523e+00
-1.9000e+02 1.4000e+02 1.1812e+00
-1.9000e+02 1.5000e+02 1.2654e+00
-1.9000e+02 1.6000e+02 -1.0260e+00
-1.9000e+02 1.7000e+02 3.1561e-01
-1.9000e+02 1.8000e+02 2.0725e+00
-1.9000e+02 1.9000e+02 1.3273e+00
-1.9000e+02 2.0000e+02 -2.6959e+00
-1.8000e+02 -2.0000e+02 1.8854e+00
-1.8000e+02 -1.9000e+02 -1.4724e+00
-1.8000e+02 -1.8000e+02 2.6343e+00
-1.8000e+02 -1.7000e+02 -4.5985e-01
-1.8000e+02 -1.6000e+02 -2.1523e+00
-1.8000e+02 -1.5000e+02 1.6794e-01
-1.8000e+02 -1.4000e+02 3.0247e-01
-1.8000e+02 -1.3000e+02 9.9722e-01
-1.8000e+02 -1.2000e+02 -2.5906e-01
-1.8000e+02 -1.1000e+02 -3.2224e+00
-1.8000e+02 -1.0000e+02 2.5575e+00
-1.8000e+02 -9.0000e+01 2.1933e-01
-1.8000e+02 -8.0000e+01 4.2843e-01
-1.8000e+02 -7.0000e+01 -1.0836e+00
-1.8000e+02 -6.0000e+01 1.0316e+00
-1.8000e+02 -5.0000e+01 -3.5431e+00
-1.8000e+02 -4.0000e+01 2.1036e+00
-1.8000e+02 -3.0000e+01 -1.0428e+00
-1.8000e+02 -2.0000e+01 -1.6893e-01
-1.8000e+02 -1.0000e+01 -2.2929e+00
-1.8000e+02 0.0000e+00 2.1041e+00
-1.8000e+02 1.0000e+01 -1.2476e+00
-1.8000e+02 2.0000e+01 2.6493e+00
-1.8000e+02 3.0000e+01 -1.4754e+00
-1.8000e+02 4.0000e+01 -1.1443e+00
-1.8000e+02 5.0000e+01 3.2287e+00
-1.8000e+02 6.0000e+01 1.2859e+00
-1.8000e+02 7.0000e+01 1.1131e+00
-1.8000e+02 8.0000e+01 -1.5042e+00
-1.8000e+02 9.0000e+01 -5.4968e-01
-1.8000e+02 1.0000e+02 1.2930e+00
-1.8000e+02 1.1000e+02 -1.5098e-01
-1.8000e+02 1.2000e+02 1.4904e+00
-1.8000e+02 1.3000e+02 2.0635e+00
-1.8000e+02 1.4000e+02 2.5884e+00
-1.8000e+02 1.5000e+02 -8.6777e-01
-1.8000e+02 1.6000e+02 -8.4182e-01
-1.8000e+02 1.7000e+02 -1.4877e+00
-1.8000e+02 1.8000e+02 -1.5247e+00
-1.8000e+02 1.9000e+02 -1.8411e+00
-1.8000e+02 2.0000e+02 3.8756e-01
-1.7000e+02 -2.0000e+02 -3.7113e-01
-1.7000e+02 -1.9000e+02 6.8622e-01
-1.7000e+02 -1.8000e+02 -4.8571e-01
-1.7000e+02 -1.7000e+02 1.0923e+00
-1.7000e+02 -1.6000e+02 -2.1937e+00
-1.7000e+02 -1.5000e+02 9.6133e-01
-1.7000e+02 -1.4000e+02 -4.4834e-01
-1.7000e+02 -1.3000e+02 2.1757e+00
-1.7000e+02 -1.2000e+02 4.5776e-01
-1.7000e+02 -1.1000e+02 1.0494e-01
-1.7000e+02 -1.0000e+02 -1.8963e+00
-1.7000e+02 -9.0000e+01 -1.6434e+00
-1.7000e+02 -8.0000e+01 -1.2769e+00
-1.7000e+02 -7.0000e+01 2.6138e-01
-1.7000e+02 -6.0000e+01 2.7688e+00
-1.7000e+02 -5.0000e+01 -4.3550e-03
-1.7000e+02 -4.0000e+01 2.9894e-01
-1.7000e+02 -3.0000e+01 -1.6638e+00
-1.7000e+02 -2.0000e+01 5.0468e-01
-1.7000e+02 -1.0000e+01 -3.7105e-02
-1.7000e+02 0.0000e+00 -1.3240e+00
-1.7000e+02 1.0000e+01 -4.9384e-01
-1.7000e+02 2.0000e+01 6.7482e-01
-1.7000e+02 3.0000e+01 3.1745e-01
-1.7000e+02 4.0000e+01 1.6344e+00
-1.7000e+02 5.0000e+01 -2.8769e+00
-1.7000e+02 6.0000e+01 6.5565e-01
-1.7000e+02 7.0000e+01 -2.5674e+00
-1.7000e+02 8.0000e+01 5.0832e-01
-1.7000e+02 9.0000e+01 1.1287e+00
-1.7000e+02 1.0000e+02 1.7616e+00
-1.7000e+02 1.1000e+02 -6.5869e-01
-1.7000e+02 1.2000e+02 1.4819e+00
-1.7000e+02 1.3000e+02 -4.5986e-01
-1.7000e+02 1.4000e+02 4.3630e-01
-1.7000e+02 1.5000e+02 -1.1816e+00
-1.7000e+02 1.6000e+02 5.9682e-01
-1.7000e+02 1.7000e+02 4.1215e-01
-1.7000e+02 1.8000e+02 -1.9132e+00
-1.7000e+02 1.9000e+02 -1.8415e-01
-1.7000e+02 2.0000e+02 -2.4950e-01
-1.6000e+02 -2.0000e+02 -1.9433e+00
-1.6000e+02 -1.9000e+02 -5.9657e-01
-1.6000e+02 -1.8000e+02 2.9292e+00
-1.6000e+02 -1.7000e+02 2.3614e-01
-1.6000e+02 -1.6000e+02 -2.1198e+00
-1.6000e+02 -1.5000e+02 -8.7047e-01
-1.6000e+02 -1.4000e+02 3.4496e-01
-1.6000e+02 -1.3000e+02 -2.0553e+00
-1.6000e+02 -1.2000e+02 -2.3097e-02
-1.6000e+02 -1.1000e+02 1.0814e+00
-1.6000e+02 -1.0000e+02 -3.6812e+00
-1.6000e+02 -9.0000e+01 1.9382e+00
-1.6000e+02 -8.0000e+01 -1.3198e+00
-1.6000e+02 -7.0000e+01 -8.4140e-01
-1.6000e+02 -6.0000e+01 -1.0740e+00
-1.6000e+02 -5.0000e+01 2.0131e+00
-1.6000e+02 -4.0000e+01 -1.0956e+00
-1.6000e+02 -3.0000e+01 5.6079e-01
-1.6000e+02 -2.0000e+01 -3.0133e+00
-1.6000e+02 -1.0000e+01 -1.6643e-01
-1.6000e+02 0.0000e+00 4.8877e-01
-1.6000e+02 1.0000e+01 -1.5045e+00
-1.6000e+02 2.0000e+01 -8.5146e-03
-1.6000e+02 3.0000e+01 5.9550e-01
-1.6000e+02 4.0000e+01 -2.0905e+00
-1.6000e+02 5.0000e+01 1.7602e+00
-1.6000e+02 6.0000e+01 4.7531e-01
-1.6000e+02 7.0000e+01 3.1493e+00
-1.6000e+02 8.0000e+01 1.1918e+00
-1.6000e+02 9.0000e+01 1.5442e+00
-1.6000e+02 1.0000e+02 2.6636e-01
-1.6000e+02 1.1000e+02 -1.9125e-01
-1.6000e+02 1.2000e+02 1.1898e+00
-1.6000e+02 1.3000e+02 -1.6149e+00
-1.6000e+02 1.4000e+02 1.9264e+00
-1.6000e+02 1.5000e+02 -1.7236e+00
-1.6000e+02 1.6000e+02 -1.0150e+00
-1.6000e+02 1.7000e+02 -1.3602e+00
-1.6000e+02 1.8000e+02 7.0872e-01
-1.6000e+02 1.9000e+02 4.2073e-01
-1.6000e+02 2.0000e+02 -1.9106e+00
-1.5000e+02 -2.0000e+02 -2.5976e-01
-1.5000e+02 -1.9000e+02 1.2318e+00
-1.5000e+02 -1.8000e+02 1.5611e+00
-1.5000e+02 -1.7000e+02 -2.2191e+00
-1.5000e+02 -1.6000e+02 -9.3656e-01
-1.5000e+02 -1.5000e+02 -1.0985e+00
-1.5000e+02 -1.4000e+02 6.4777e-02
-1.5000e+02 -1.3000e+02 -1.0480e+00
-1.5000e+02 -1.2000e+02 -2.6323e-01
-1.5000e+02 -1.1000e+02 1.5138e+00
-1.5000e+02 -1.0000e+02 6.8480e-01
-1.5000e+02 -9.0000e+01 -7.1142e-01
-1.5000e+02 -8.0000e+01 1.7437e+00
-1.5000e+02 -7.0000e+01 -1.1779e+00
-1.5000e+02 -6.0000e+01 -2.1747e+00
-1.5000e+02 -5.0000e+01 -1.8374e+00
-1.5000e+02 -4.0000e+01 -3.0072e-01
-1.5000e+02 -3.0000e+01 1.8657e+00
-1.5000e+02 -2.0000e+01 1.4911e+00
-1.5000e+02 -1.0000e+01 -1.8804e+00
-1.5000e+02 0.0000e+00 -1.1494e+00
-1.5000e+02 1.0000e+01 -1.7341e-01
-1.5000e+02 2.0000e+01 -2.0158e+00
-1.5000e+02 3.0000e+01 -2.4190e+00
-1.5000e+02 4.0000e+01 1.6138e+00
-1.5000e+02 5.0000e+01 8.5723e-01
-1.5000e+02 6.0000e+01 -7.3972e-01
-1.5000e+02 7.0000e+01 1.8078e+00
-1.5000e+02 8.0000e+01 1.0727e+00
-1.5000e+02 9.0000e+01 7.6630e-01
-1.5000e+02 1.0000e+02 -1.2185e+00
-1.5000e+02 1.1000e+02 8.2657e-01
-1.5000e+02 1.2000e+02 -1.8442e+00
-1.5000e+02 1.3000e+02 -9.1759e-01
-1.5000e+02 1.4000e+02 -1.4780e+00
-1.5000e+02 1.5000e+02 9.8009e-01
-1.5000e+02 1.6000e+02 -3.8804e-01
-1.5000e+02 1.7000e+02 2.9369e+00
-1.5000e+02 1.8000e+02 9.3902e-03
-1.5000e+02 1.9000e+02 3.3887e-01
-1.5000e+02 2.0000e+02 -3.0108e-01
-1.4000e+02 -2.0000e+02 1.8847e+00
-1.4000e+02 -1.9000e+02 4.8083e+00
-1.4000e+02 -1.8000e+02 1.0955e+00
-1.4000e+02 -1.7000e+02 -2.1391e+00
-1.4000e+02 -1.6000e+02 -1.3057e+00
-1.4000e+02 -1.5000e+02 8.6643e-01
-1.4000e+02 -1.4000e+02 -8.0407e-01
-1.4000e+02 -1.3000e+02 -9.0896e-01
-1.4000e+02 -1.2000e+02 -1.3515e+00
-1.4000e+02 -1.1000e+02 1.7661e+00
-1.4000e+02 -1.0000e+02 8.3307e-01
-1.4000e+02 -9.0000e+01 3.7071e-01
-1.4000e+02 -8.0000e+01 5.1303e-01
-1.4000e+02 -7.0000e+01 7.4010e-01
-1.4000e+02 -6.0000e+01 -3.0251e+00
-1.4000e+02 -5.0000e+01 -1.9863e+00
-1.4000e+02 -4.0000e+01 -8.8066e-01
-1.4000e+02 -3.0000e+01 -2.3501e+00
-1.4000e+02 -2.0000e+01 -1.1036e+00
-1.4000e+02 -1.0000e+01 -2.0340e-01
-1.4000e+02 0.0000e+00 2.0523e-01
-1.4000e+02 1.0000e+01 -2.5795e+00
-1.4000e+02 2.0000e+01 -3.3043e+00
-1.4000e+02 3.0000e+01 -1.1780e+00
-1.4000e+02 4.0000e+01 -2.3621e-01
-1.4000e+02 5.0000e+01 9.5027e-01
-1.4000e+02 6.0000e+01 -1.6108e+00
-1.4000e+02 7.0000e+01 9.9338e-01
-1.4000e+02 8.0000e+01 1.0376e+00
-1.4000e+02 9.0000e+01 1.4318e+00
-1.4000e+02 1.0000e+02 -2.2725e+00
-1.4000e+02 1.1000e+02 -6.3569e-01
-1.4000e+02 1.2000e+02 -4.7689e-01
-1.4000e+02 1.3000e+02 7.0606e-03
-1.4000e+02 1.4000e+02 6.3903e-01
-1.4000e+02 1.5000e+02 1.5983e+00
-1.4000e+02 1.6000e+02 -2.4549e+00
-1.4000e+02 1.7000e+02 -2.1377e+00
-1.4000e+02 1.8000e+02 1.0754e+00
-1.4000e+02 1.9000e+02 1.0760e-01
-1.4000e+02 2.0000e+02 3.8390e-01
-1.3000e+02 -2.0000e+02 1.5286e+00
-1.3000e+02 -1.9000e+02 -3.9073e-01
-1.3000e+02 -1.8000e+02 5.2979e-01
-1.3000e+02 -1.7000e+02 -1.6587e-01
-1.3000e+02 -1.6000e+02 8.3504e-01
-1.3000e+02 -1.5000e+02 1.4891e+00
-1.3000e+02 -1.4000e+02 7.8321e-01
-1.3000e+02 -1.3000e+02 -1.9316e-02
-1.3000e+02 -1.2000e+02 -5.9827e-01
-1.3000e+02 -1.1000e+02 -6.9793e-02
-1.3000e+02 -1.0000e+02 -1.5688e-01
-1.3000e+02 -9.0000e+01 -9.7507e-01
-1.3000e+02 -8.0000e+01 -5.6971e-02
-1.3000e+02 -7.0000e+01 -6.7695e-01
-1.3000e+02 -6.0000e+01 -1.7600e+00
-1.3000e+02 -5.0000e+01 -1.1313e+00
-1.3000e+02 -4.0000e+01 -7.3410e-01
-1.3000e+02 -3.0000e+01 -1.3371e+00
-1.3000e+02 -2.0000e+01 -2.9106e-01
-1.3000e+02 -1.0000e+01 -1.5871e+00
-1.3000e+02 0.0000e+00 -4.2059e+00
-1.3000e+02 1.0000e+01 6.8426e-01
-1.3000e+02 2.0000e+01 -2.9888e+00
-1.3000e+02 3.0000e+01 -2.1027e+00
-1.3000e+02 4.0000e+01 -1.0064e-01
-1.3000e+02 5.0000e+01 -2.6589e+00
-1.3000e+02 6.0000e+01 -3.7015e-01
-1.3000e+02 7.0000e+01 1.3241e-01
-1.3000e+02 8.0000e+01 -2.0376e+00
-1.3000e+02 9.0000e+01 1.7735e+00
-1.3000e+02 1.0000e+02 -3.5668e-01
-1.3000e+02 1.1000e+02 3.8359e-02
-1.3000e+02 1.2000e+02 1.4633e+00
-1.3000e+02 1.3000e+02 8.5322e-01
-1.3000e+02 1.4000e+02 -2.1625e+00
-1.3000e+02 1.5000e+02 -6.8654e-01
-1.3000e+02 1.6000e+02 -2.5522e+00
-1.3000e+02 1.7000e+02 3.3208e-01
-1.3000e+02 1.8000e+02 -1.0261e+00
-1.3000e+02 1.9000e+02 -2.2074e+00
-1.3000e+02 2.0000e+02 -1.1457e-01
-1.2000e+02 -2.0000e+02 2.1775e-01
-1.2000e+02 -1.9000e+02 5.5715e-02
-1.2000e+02 -1.8000e+02 -3.8499e-01
-1.2000e+02 -1.7000e+02 -2.4208e+00
-1.2000e+02 -1.6000e+02 1.1344e+00
-1.2000e+02 -1.5000e+02 -8.4100e-01
-1.2000e+02 -1.4000e+02 2.0128e+00
-1.2000e+02 -1.3000e+02 -2.7868e-01
-1.2000e+02 -1.2000e+02 -1.0049e+00
-1.2000e+02 -1.1000e+02 -3.7080e-01
-1.2000e+02 -1.0000e+02 -3.5920e+00
-1.2000e+02 -9.0000e+01 3.3740e-01
-1.2000e+02 -8.0000e+01 1.8767e+00
-1.2000e+02 -7.0000e+01 3.9615e-01
-1.2000e+02 -6.0000e+01 2.6030e-01
-1.2000e+02 -5.0000e+01 -1.5985e-01
-1.2000e+02 -4.0000e+01 -1.2070e+00
-1.2000e+02 -3.0000e+01 -4.4482e-01
-1.2000e+02 -2.0000e+01 -2.6356e+00
-1.2000e+02 -1.0000e+01 -1.7360e+00
-1.2000e+02 0.0000e+00 1.6141e+00
-1.2000e+02 1.0000e+01 -3.3777e+00
-1.2000e+02 2.0000e+01 -1.8107e-01
-1.2000e+02 3.0000e+01 1.0420e+00
-1.2000e+02 4.0000e+01 -2.8749e+00
-1.2000e+02 5.0000e+01 -1.2090e+00
-1.2000e+02 6.0000e+01 -1.4575e+00
-1.2000e+02 7.0000e+01 -1.6498e+00
-1.2000e+02 8.0000e+01 -3.0544e+00
-1.2000e+02 9.0000e+01 1.8701e+00
-1.2000e+02 1.0000e+02 -9.3635e-02
-1.2000e+02 1.1000e+02 3.8018e+00
-1.2000e+02 1.2000e+02 5.3234e-02
-1.2000e+02 1.3000e+02 1.2872e+00
-1.2000e+02 1.4000e+02 1.8097e+00
-1.2000e+02 1.5000e+02 6.2016e-01
-1.2000e+02 1.6000e+02 4.4989e-01
-1.2000e+02 1.7000e+02 -9.6716e-01
-1.2000e+02 1.8000e+02 -3.0592e-01
-1.2000e+02 1.9000e+02 6.9553e-01
-1.2000e+02 2.0000e+02 1.0366e+00
-1.1000e+02 -2.0000e+02 -1.7633e+00
-1.1000e+02 -1.9000e+02 -8.5993e-01
-1.1000e+02 -1.8000e+02 -1.1659e+00
-1.1000e+02 -1.7000e+02 -1.2824e+00
-1.1000e+02 -1.6000e+02 -7.6734e-01
-1.1000e+02 -1.5000e+02 -4.3704e-01
-1.1000e+02 -1.4000e+02 -1.7698e+00
-1.1000e+02 -1.3000e+02 -2.2931e+00
-1.1000e+02 -1.2000e+02 -1.9203e+00
-1.1000e+02 -1.1000e+02 -1.5993e+00
-1.1000e+02 -1.0000e+02 -3.5987e+00
-1.1000e+02 -9.0000e+01 6.9722e-02
-1.1000e+02 -8.0000e+01 2.9639e-01
-1.1000e+02 -7.0000e+01 -4.2804e-01
-1.1000e+02 -6.0000e+01 -2.1897e+00
-1.1000e+02 -5.0000e+01 -1.3985e+00
-1.1000e+02 -4.0000e+01 -1.0500e+00
-1.1000e+02 -3.0000e+01 -1.1903e+00
-1.1000e+02 -2.0000e+01 -7.3205e-01
-1.1000e+02 -1.0000e+01 -3.8625e+00
-1.1000e+02 0.0000e+00 -2.0942e+00
-1.1000e+02 1.0000e+01 -1.7312e+00
-1.1000e+02 2.0000e+01 -1.2759e+00
-1.1000e+02 3.0000e+01 -1.7061e+00
-1.1000e+02 4.0000e+01 -2.2572e+00
-1.1000e+02 5.0000e+01 2.0479e+00
-1.1000e+02 6.0000e+01 -1.1834e+00
-1.1000e+02 7.0000e+01 -2.9811e+00
-1.1000e+02 8.0000e+01 -2.6529e+00
-1.1000e+02 9.0000e+01 -1.3171e-01
-1.1000e+02 1.0000e+02 -2.8179e+00
-1.1000e+02 1.1000e+02 1.3782e-02
-1.1000e+02 1.2000e+02 -6.1478e-01
-1.1000e+02 1.3000e+02 1.2222e+00
-1.1000e+02 1.4000e+02 1.0651e+00
-1.1000e+02 1.5000e+02 -2.1368e+00
-1.1000e+02 1.6000e+02 1.2111e+00
-1.1000e+02 1.7000e+02 8.7787e-01
-1.1000e+02 1.8000e+02 -2.9115e+00
-1.1000e+02 1.9000e+02 -1.6552e+00
-1.1000e+02 2.0000e+02 -1.0331e+00
-1.0000e+02 -2.0000e+02 -9.8191e-01
-1.0000e+02 -1.9000e+02 -1.1766e+00
-1.0000e+02 -1.8000e+02 3.1836e+00
-1.0000e+02 -1.7000e+02 -4.5129e+00
-1.0000e+02 -1.6000e+02 -1.6675e+00
-1.0000e+02 -1.5000e+02 -6.2293e-01
-1.0000e+02 -1.4000e+02 -2.1350e+00
-1.0000e+02 -1.3000e+02 -1.2458e+00
-1.0000e+02 -1.2000e+02 -5.3864e-01
-1.0000e+02 -1.1000e+02 1.9567e+00
-1.0000e+02 -1.0000e+02 -1.1517e+00
-1.0000e+02 -9.0000e+01 -1.0470e-01
-1.0000e+02 -8.0000e+01 -2.2401e+00
-1.0000e+02 -7.0000e+01 1.0611e+00
-1.0000e+02 -6.0000e+01 -4.8401e-01
-1.0000e+02 -5.0000e+01 -4.1824e+00
-1.0000e+02 -4.0000e+01 -2.7271e+00
-1.0000e+02 -3.0000e+01 -2.0132e+00
-1.0000e+02 -2.0000e+01 -1.6716e+00
-1.0000e+02 -1.0000e+01 -3.3150e+00
-1.0000e+02 0.0000e+00 -3.8058e+00
-1.0000e+02 1.0000e+01 -4.6699e+00
-1.0000e+02 2.0000e+01 -3.0202e+00
-1.0000e+02 3.0000e+01 -5.8506e+00
-1.0000e+02 4.0000e+01 -4.5785e+00
-1.0000e+02 5.0000e+01 -2.0113e+00
-1.0000e+02 6.0000e+01 -1.8922e+00
-1.0000e+02 7.0000e+01 -1.5609e+00
-1.0000e+02 8.0000e+01 -1.3294e+00
-1.0000e+02 9.0000e+01 -9.8438e-01
-1.0000e+02 1.0000e+02 -1.8967e+00
-1.0000e+02 1.1000e+02 -1.8006e+00
-1.0000e+02 1.2000e+02 -1.7345e+00
-1.0000e+02 1.3000e+02 3.1749e+00
-1.0000e+02 1.4000e+02 -1.5453e+00
-1.0000e+02 1.5000e+02 -2.7536e-01
-1.0000e+02 1.6000e+02 1.4910e+00
-1.0000e+02 1.7000e+02 -1.2223e+00
-1.0000e+02 1.8000e+02 1.4361e+00
-1.0000e+02 1.9000e+02 7.2175e-01
-1.0000e+02 2.0000e+02 8.3487e-01
-9.0000e+01 -2.0000e+02 -2.5949e+00
-9.0000e+01 -1.9000e+02 2.7358e-01
-9.0000e+01 -1.8000e+02 -3.2854e+00
-9.0000e+01 -1.7000e+02 3.9490e-01
-9.0000e+01 -1.6000e+02 -1.5883e+00
-9.0000e+01 -1.5000e+02 -6.5451e-01
-9.0000e+01 -1.4000e+02 1.8450e-01
-9.0000e+01 -1.3000e+02 -3.0060e+00
-9.0000e+01 -1.2000e+02 2.1918e-01
-9.0000e+01 -1.1000e+02 -9.1864e-01
-9.0000e+01 -1.0000e+02 1.9922e+00
-9.0000e+01 -9.0000e+01 -1.7756e+00
-9.0000e+01 -8.0000e+01 -2.0131e+00
-9.0000e+01 -7.0000e+01 -1.2458e+00
-9.0000e+01 -6.0000e+01 -2.2560e-01
-9.0000e+01 -5.0000e+01 -2.6439e+00
-9.0000e+01 -4.0000e+01 -4.6510e+00
-9.0000e+01 -3.0000e+01 -3.2350e+00
-9.0000e+01 -2.0000e+01 -8.2333e+00
-9.0000e+01 -1.0000e+01 -5.7893e+00
-9.0000e+01 0.0000e+00 -4.2478e+00
-9.0000e+01 1.0000e+01 -4.7014e+00
-9.0000e+01 2.0000e+01 -3.5397e+00
-9.0000e+01 3.0000e+01 -5.3322e-01
-9.0000e+01 4.0000e+01 -3.2390e+00
-9.0000e+01 5.0000e+01 -7.6003e-01
-9.0000e+01 6.0000e+01 -4.4801e+00
-9.0000e+01 7.0000e+01 -3.3788e+00
-9.0000e+01 8.0000e+01 -1.7715e-01
-9.0000e+01 9.0000e+01 -7.7444e-01
-9.0000e+01 1.0000e+02 3.5764e-01
-9.0000e+01 1.1000e+02 1.3908e+00
-9.0000e+01 1.2000e+02 5.3919e-01
-9.0000e+01 1.3000e+02 -1.9591e-01
-9.0000e+01 1.4000e+02 -6.5632e-01
-9.0000e+01 1.5000e+02 2.4238e+00
-9.0000e+01 1.6000e+02 6.0478e-01
-9.0000e+01 1.7000e+02 -2.1785e+00
-9.0000e+01 1.8000e+02 -1.2661e+00
-9.0000e+01 1.9000e+02 -1.2596e-01
-9.0000e+01 2.0000e+02 2.9735e-01
-8.0000e+01 -2.0000e+02 -2.7262e-02
-8.0000e+01 -1.9000e+02 5.6565e-01
-8.0000e+01 -1.8000e+02 1.9018e+00
-8.0000e+01 -1.7000e+02 -7.9933e-01
-8.0000e+01 -1.6000e+02 -1.1512e+00
-8.0000e+01 -1.5000e+02 -1.7148e+00
-8.0000e+01 -1.4000e+02 -4.4203e-01
-8.0000e+01 -1.3000e+02 -8.4101e-01
-8.0000e+01 -1.2000e+02 3.1031e-01
-8.0000e+01 -1.1000e+02 -2.7925e+00
-8.0000e+01 -1.0000e+02 -1.3915e+00
-8.0000e+01 -9.0000e+01 -1.6854e+00
-8.0000e+01 -8.0000e+01 -3.4067e+00
-8.0000e+01 -7.0000e+01 -1.2754e+00
-8.0000e+01 -6.0000e+01 -4.7204e+00
-8.0000e+01 -5.0000e+01 -5.9204e+00
-8.0000e+01 -4.0000e+01 -1.2295e+00
-8.0000e+01 -3.0000e+01 -4.0662e+00
-8.0000e+01 -2.0000e+01 -5.5492e+00
-8.0000e+01 -1.0000e+01 -5.5663e+00
-8.0000e+01 0.0000e+00 -7.8300e+00
-8.0000e+01 1.0000e+01 -6.6003e+00
-8.0000e+01 2.0000e+01 -4.5690e+00
-8.0000e+01 3.0000e+01 -5.6655e+00
-8.0000e+01 4.0000e+01 -5.4138e+00
-8.0000e+01 5.0000e+01 -3.3912e+00
-8.0000e+01 6.0000e+01 -6.7609e-01
-8.0000e+01 7.0000e+01 -4.3261e-01
-8.0000e+01 8.0000e+01 7.2244e-01
-8.0000e+01 9.0000e+01 -1.0510e+00
-8.0000e+01 1.0000e+02 -2.6455e-01
-8.0000e+01 1.1000e+02 -1.7797e-01
-8.0000e+01 1.2000e+02 -1.7998e+00
-8.0000e+01 1.3000e+02 3.3768e-02
-8.0000e+01 1.4000e+02 -1.4931e+00
-8.0000e+01 1.5000e+02 2.0933e-01
-8.0000e+01 1.6000e+02 -1.8905e+00
-8.0000e+01 1.7000e+02 1.0462e+00
-8.0000e+01 1.8000e+02 2.9228e-01
-8.0000e+01 1.9000e+02 3.2960e+00
-8.0000e+01 2.0000e+02 -1.1617e+00
-7.0000e+01 -2.0000e+02 -1.7525e+00
-7.0000e+01 -1.9000e+02 8.4828e-01
-7.0000e+01 -1.8000e+02 2.6580e+00
-7.0000e+01 -1.7000e+02 -4.4774e-01
-7.0000e+01 -1.6000e+02 1.8440e-02
-7.0000e+01 -1.5000e+02 1.7555e+00
-7.0000e+01 -1.4000e+02 -4.3557e-01
-7.0000e+01 -1.3000e+02 5.5751e-01
-7.0000e+01 -1.2000e+02 1.2093e+00
-7.0000e+01 -1.1000e+02 -1.4351e+00
-7.0000e+01 -1.0000e+02 -1.7821e+00
-7.0000e+01 -9.0000e+01 -2.2304e+00
-7.0000e+01 -8.0000e+01 -6.3281e-01
-7.0000e+01 -7.0000e+01 -2.6446e+00
-7.0000e+01 -6.0000e+01 -4.4466e+00
-7.0000e+01 -5.0000e+01 -4.8074e+00
-7.0000e+01 -4.0000e+01 -3.5396e+00
-7.0000e+01 -3.0000e+01 -4.6943e+00
-7.0000e+01 -2.0000e+01 -3.7326e+00
-7.0000e+01 -1.0000e+01 -7.2963e+00
-7.0000e+01 0.0000e+00 -5.3074e+00
-7.0000e+01 1.0000e+01 -8.5679e+00
-7.0000e+01 2.0000e+01 -1.2283e+01
-7.0000e+01 3.0000e+01 -5.6062e+00
-7.0000e+01 4.0000e+01 -7.0724e+00
-7.0000e+01 5.0000e+01 -4.6572e+00
-7.0000e+01 6.0000e+01 -1.8791e+00
-7.0000e+01 7.0000e+01 -5.5458e+00
-7.0000e+01 8.0000e+01 -4.6837e+00
-7.0000e+01 9.0000e+01 -2.9065e+00
-7.0000e+01 1.0000e+02 -6.2890e+00
-7.0000e+01 1.1000e+02 -2.0353e+00
-7.0000e+01 1.2000e+02 2.7478e-01
-7.0000e+01 1.3000e+02 -9.3194e-01
-7.0000e+01 1.4000e+02 3.5851e-01
-7.0000e+01 1.5000e+02 -2.9000e+00
-7.0000e+01 1.6000e+02 -1.2440e+00
-7.0000e+01 1.7000e+02 1.2559e+00
-7.0000e+01 1.8000e+02 -1.9496e-01
-7.0000e+01 1.9000e+02 -1.6521e+00
-7.0000e+01 2.0000e+02 3.6162e-01
-6.0000e+01 -2.0000e+02 -1.6361e+00
-6.0000e+01 -1.9000e+02 -1.5621e+00
-6.0000e+01 -1.8000e+02 1.1349e+00
-6.0000e+01 -1.7000e+02 -1.6395e+00
-6.0000e+01 -1.6000e+02 2.1273e+00
-6.0000e+01 -1.5000e+02 -2.7269e+00
-6.0000e+01 -1.4000e+02 1.1125e-01
-6.0000e+01 -1.3000e+02 -1.7451e+00
-6.0000e+01 -1.2000e+02 -2.7918e+00
-6.0000e+01 -1.1000e+02 -1.7191e+00
-6.0000e+01 -1.0000e+02 -5.6047e+00
-6.0000e+01 -9.0000e+01 -1.5536e+00
-6.0000e+01 -8.0000e+01 -4.1585e+00
-6.0000e+01 -7.0000e+01 -6.6775e+00
-6.0000e+01 -6.0000e+01 -6.2143e+00
-6.0000e+01 -5.0000e+01 -2.1677e+00
-6.0000e+01 -4.0000e+01 -6.4360e+00
-6.0000e+01 -3.0000e+01 -8.6525e+00
-6.0000e+01 -2.0000e+01 -7.8139e+00
-6.0000e+01 -1.0000e+01 -1.0580e+01
-6.0000e+01 0.0000e+00 -9.9495e+00
-6.0000e+01 1.0000e+01 -8.9991e+00
-6.0000e+01 2.0000e+01 -7.6918e+00
-6.0000e+01 3.0000e+01 -4.8503e+00
-6.0000e+01 4.0000e+01 -6.1267e+00
-6.0000e+01 5.0000e+01 -6.8181e+00
-6.0000e+01 6.0000e+01 -6.3092e+00
-6.0000e+01 7.0000e+01 -5.7164e+00
-6.0000e+01 8.0000e+01 -3.7713e+00
-6.0000e+01 9.0000e+01 -1.8539e+00
-6.0000e+01 1.0000e+02 -1.7123e+00
-6.0000e+01 1.1000e+02 -2.0137e+00
-6.0000e+01 1.2000e+02 -2.0650e-01
-6.0000e+01 1.3000e+02 -1.0991e+00
-6.0000e+01 1.4000e+02 4.9402e-01
-6.0000e+01 1.5000e+02 5.9317e-01
-6.0000e+01 1.6000e+02 6.2671e-01
-6.0000e+01 1.7000e+02 2.3800e+00
-6.0000e+01 1.8000e+02 -1.3018e+00
-6.0000e+01 1.9000e+02 -5.3616e-01
-6.0000e+01 2.0000e+02 1.9856e+00
-5.0000e+01 -2.0000e+02 1.3088e+00
-5.0000e+01 -1.9000e+02 -1.2070e-01
-5.0000e+01 -1.8000e+02 3.3456e+00
-5.0000e+01 -1.7000e+02 4.2022e-01
-5.0000e+01 -1.6000e+02 -7.0563e-01
-5.0000e+01 -1.5000e+02 -2.4310e+00
-5.0000e+01 -1.4000e+02 1.3555e-01
-5.0000e+01 -1.3000e+02 4.2807e-01
-5.0000e+01 -1.2000e+02 -2.3192e-01
-5.0000e+01 -1.1000e+02 1.7795e-01
-5.0000e+01 -1.0000e+02 -2.4399e+00
-5.0000e+01 -9.0000e+01 -1.5940e+00
-5.0000e+01 -8.0000e+01 -6.2397e+00
-5.0000e+01 -7.0000e+01 -6.0001e+00
-5.0000e+01 -6.0000e+01 -8.3099e+00
-5.0000e+01 -5.0000e+01 -7.1307e+00
-5.0000e+01 -4.0000e+01 -1.0968e+01
-5.0000e+01 -3.0000e+01 -6.3210e+00
-5.0000e+01 -2.0000e+01 -1.2313e+01
-5.0000e+01 -1.0000e+01 -8.6062e+00
-5.0000e+01 0.0000e+00 -8.3625e+00
-5.0000e+01 1.0000e+01 -8.9458e+00
-5.0000e+01 2.0000e+01 -8.4872e+00
-5.0000e+01 3.0000e+01 -8.3445e+00
-5.0000e+01 4.0000e+01 -9.4347e+00
-5.0000e+01 5.0000e+01 -7.9824e+00
-5.0000e+01 6.0000e+01 -5.5175e+00
-5.0000e+01 7.0000e+01 -3.8016e+00
-5.0000e+01 8.0000e+01 -4.4328e+00
-5.0000e+01 9.0000e+01 -3.4009e+00
-5.0000e+01 1.0000e+02 1.4461e-01
-5.0000e+01 1.1000e+02 1.0720e+00
-5.0000e+01 1.2000e+02 -2.6874e+00
-5.0000e+01 1.3000e+02 2.2178e+00
-5.0000e+01 1.4000e+02 -3.1558e-01
-5.0000e+01 1.5000e+02 1.5623e+00
-5.0000e+01 1.6000e+02 -1.1437e+00
-5.0000e+01 1.7000e+02 2.3689e+00
-5.0000e+01 1.8000e+02 -2.2094e+00
-5.0000e+01 1.9000e+02 -3.5630e-01
-5.0000e+01 2.0000e+02 -3.0827e-02
-4.0000e+01 -2.0000e+02 2.2794e-01
-4.0000e+01 -1.9000e+02 3.8654e-01
-4.0000e+01 -1.8000e+02 3.0753e+00
-4.0000e+01 -1.7000e+02 1.1863e+00
-4.0000e+01 -1.6000e+02 7.7107e-01
-4.0000e+01 -1.5000e+02 -1.0404e+00
-4.0000e+01 -1.4000e+02 1.2565e-01
-4.0000e+01 -1.3000e+02 -1.7002e+00
-4.0000e+01 -1.2000e+02 -2.8829e+00
-4.0000e+01 -1.1000e+02 -1.8002e+00
-4.0000e+01 -1.0000e+02 -2.1829e+00
-4.0000e+01 -9.0000e+01 -2.0853e+00
-4.0000e+01 -8.0000e+01 -3.3284e+00
-4.0000e+01 -7.0000e+01 -6.0305e+00
-4.0000e+01 -6.0000e+01 -8.0157e+00
-4.0000e+01 -5.0000e+01 -5.8831e+00
-4.0000e+01 -4.0000e+01 -1.2110e+01
-4.0000e+01 -3.0000e+01 -1.0952e+01
-4.0000e+01 -2.0000e+01 -1.0735e+01
-4.0000e+01 -1.0000e+01 -1.3592e+01
-4.0000e+01 0.0000e+00 -1.3524e+01
-4.0000e+01 1.0000e+01 -1.1843e+01
-4.0000e+01 2.0000e+01 -9.8056e+00
-4.0000e+01 3.0000e+01 -9.0737e+00
-4.0000e+01 4.0000e+01 -9.8736e+00
-4.0000e+01 5.0000e+01 -7.5596e+00
-4.0000e+01 6.0000e+01 -6.8989e+00
-4.0000e+01 7.0000e+01 -4.9708e+00
-4.0000e+01 8.0000e+01 -4.9265e+00
-4.0000e+01 9.0000e+01 -4.4631e+00
-4.0000e+01 1.0000e+02 -1.7555e+00
-4.0000e+01 1.1000e+02 -7.2445e-01
-4.0000e+01 1.2000e+02 -1.2430e+00
-4.0000e+01 1.3000e+02 2.3796e+00
-4.0000e+01 1.4000e+02 -1.9029e+00
-4.0000e+01 1.5000e+02 -1.0506e+00
-4.0000e+01 1.6000e+02 2.7468e+00
-4.0000e+01 1.7000e+02 -1.2463e+00
-4.0000e+01 1.8000e+02 5.7464e-01
-4.0000e+01 1.9000e+02 -8.7318e-01
-4.0000e+01 2.0000e+02 -4.2715e-01
-3.0000e+01 -2.0000e+02 1.9656e+00
-3.0000e+01 -1.9000e+02 -3.1243e-01
-3.0000e+01 -1.8000e+02 1.3180e-01
-3.0000e+01 -1.7000e+02 -1.9599e+00
-3.0000e+01 -1.6000e+02 8.7278e-01
-3.0000e+01 -1.5000e+02 -7.5508e-01
-3.0000e+01 -1.4000e+02 -3.4311e+00
-3.0000e+01 -1.3000e+02 -2.9058e-01
-3.0000e+01 -1.2000e+02 -9.5453e-01
-3.0000e+01 -1.1000e+02 -2.5796e+00
-3.0000e+01 -1.0000e+02 -3.5579e+00
-3.0000e+01 -9.0000e+01 -4.6539e+00
-3.0000e+01 -8.0000e+01 -4.4594e+00
-3.0000e+01 -7.0000e+01 -6.6798e+00
-3.0000e+01 -6.0000e+01 -5.4647e+00
-3.0000e+01 -5.0000e+01 -1.1200e+01
-3.0000e+01 -4.0000e+01 -8.8790e+00
-3.0000e+01 -3.0000e+01 -1.3493e+01
-3.0000e+01 -2.0000e+01 -1.0228e+01
-3.0000e+01 -1.0000e+01 -1.2243e+01
-3.0000e+01 0.0000e+00 -1.5755e+01
-3.0000e+01 1.0000e+01 -1.2864e+01
-3.0000e+01 2.0000e+01 -1.2408e+01
-3.0000e+01 3.0000e+01 -1.0269e+01
-3.0000e+01 4.0000e+01 -9.9794e+00
-3.0000e+01 5.0000e+01 -1.0952e+01
-3.0000e+01 6.0000e+01 -5.5368e+00
-3.0000e+01 7.0000e+01 -5.4605e+00
-3.0000e+01 8.0000e+01 -2.5190e+00
-3.0000e+01 9.0000e+01 -4.8179e-01
-3.0000e+01 1.0000e+02 -2.7165e+00
-3.0000e+01 1.1000e+02 1.0581e-01
-3.0000e+01 1.2000e+02 -8.4733e-01
-3.0000e+01 1.3000e+02 -5.9836e-01
-3.0000e+01 1.4000e+02 -2.6351e+00
-3.0000e+01 1.5000e+02 1.2800e+00
-3.0000e+01 1.6000e+02 6.1237e-01
-3.0000e+01 1.7000e+02 -4.7961e-01
-3.0000e+01 1.8000e+02 1.3500e-02
-3.0000e+01 1.9000e+02 -1.3483e+00
-3.0000e+01 2.0000e+02 -9.6741e-01
-2.0000e+01 -2.0000e+02 -2.5390e-01
-2.0000e+01 -1.9000e+02 4.2181e-01
-2.0000e+01 -1.8000e+02 9.4878e-01
-2.0000e+01 -1.7000e+02 1.6078e+00
-2.0000e+01 -1.6000e+02 -2.6429e+00
-2.0000e+01 -1.5000e+02 -1.1984e+00
-2.0000e+01 -1.4000e+02 6.9141e-01
-2.0000e+01 -1.3000e+02 -3.6504e-01
-2.0000e+01 -1.2000e+02 -1.8580e+00
-2.0000e+01 -1.1000e+02 -6.6881e-01
-2.0000e+01 -1.0000e+02 -4.0853e+00
-2.0000e+01 -9.0000e+01 -1.8898e+00
-2.0000e+01 -8.0000e+01 -6.3522e+00
-2.0000e+01 -7.0000e+01 -6.2077e+00
-2.0000e+01 -6.0000e+01 -9.0477e+00
-2.0000e+01 -5.0000e+01 -9.4735e+00
-2.0000e+01 -4.0000e+01 -1.3361e+01
-2.0000e+01 -3.0000e+01 -1.3021e+01
-2.0000e+01 -2.0000e+01 -1.3329e+01
-2.0000e+01 -1.0000e+01 -1.1720e+01
-2.0000e+01 0.0000e+00 -1.4313e+01
-2.0000e+01 1.0000e+01 -1.5415e+01
-2.0000e+01 2.0000e+01 -1.3243e+01
-2.0000e+01 3.0000e+01 -1.2038e+01
-2.0000e+01 4.0000e+01 -8.6706e+00
-2.0000e+01 5.0000e+01 -1.0028e+01
-2.0000e+01 6.0000e+01 -1.1242e+01
-2.0000e+01 7.0000e+01 -5.6590e+00
-2.0000e+01 8.0000e+01 -6.4997e+00
-2.0000e+01 9.0000e+01 -3.4369e+00
-2.0000e+01 1.0000e+02 -3.9580e+00
-2.0000e+01 1.1000e+02 2.6254e-01
-2.0000e+01 1.2000e+02 -1.9949e+00
-2.0000e+01 1.3000e+02 -2.3669e-01
-2.0000e+01 1.4000e+02 3.7082e-01
-2.0000e+01 1.5000e+02 -7.2484e-01
-2.0000e+01 1.6000e+02 -2.4049e-01
-2.0000e+01 1.7000e+02 8.4232e-01
-2.0000e+01 1.8000e+02 6.4812e-01
-2.0000e+01 1.9000e+02 3.6112e+00
-2.0000e+01 2.0000e+02 2.4778e-01
-1.0000e+01 -2.0000e+02 -1.6884e+00
-1.0000e+01 -1.9000e+02 -1.0948e+00
-1.0000e+01 -1.8000e+02 -5.5809e+00
-1.0000e+01 -1.7000e+02 6.4972e-01
-1.0000e+01 -1.6000e+02 6.1386e-01
-1.0000e+01 -1.5000e+02 1.8525e+00
-1.0000e+01 -1.4000e+02 -1.8476e+00
-1.0000e+01 -1.3000e+02 -2.8582e+00
-1.0000e+01 -1.2000e+02 -4.4722e-01
-1.0000e+01 -1.1000e+02 -1.5275e+00
-1.0000e+01 -1.0000e+02 -4.5827e+00
-1.0000e+01 -9.0000e+01 -5.5660e+00
-1.0000e+01 -8.0000e+01 -6.2050e+00
-1.0000e+01 -7.0000e+01 -8.7672e+00
-1.0000e+01 -6.0000e+01 -9.5018e+00
-1.0000e+01 -5.0000e+01 -9.7262e+00
-1.0000e+01 -4.0000e+01 -1.2044e+01
-1.0000e+01 -3.0000e+01 -1.3987e+01
-1.0000e+01 -2.0000e+01 -1.0359e+01
-1.0000e+01 -1.0000e+01 -1.2859e+01
-1.0000e+01 0.0000e+00 -1.3711e+01
-1.0000e+01 1.0000e+01 -1.4603e+01
-1.0000e+01 2.0000e+01 -1.5232e+01
-1.0000e+01 3.0000e+01 -1.3879e+01
-1.0000e+01 4.0000e+01 -1.3688e+01
-1.0000e+01 5.0000e+01 -7.9008e+00
-1.0000e+01 6.0000e+01 -7.6364e+00
-1.0000e+01 7.0000e+01 -7.2485e+00
-1.0000e+01 8.0000e+01 -6.9820e+00
-1.0000e+01 9.0000e+01 -5.2124e+00
-1.0000e+01 1.0000e+02 -4.4663e+00
-1.0000e+01 1.1000e+02 -1.0579e+00
-1.0000e+01 1.2000e+02 2.1450e-01
-1.0000e+01 1.3000e+02 3.8175e-01
-1.0000e+01 1.4000e+02 -3.5236e+00
-1.0000e+01 1.5000e+02 -2.9370e+00
-1.0000e+01 1.6000e+02 2.0294e-01
-1.0000e+01 1.7000e+02 1.6479e-01
-1.0000e+01 1.8000e+02 1.9854e+00
-1.0000e+01 1.9000e+02 -1.8958e+00
-1.0000e+01 2.0000e+02 -3.0783e+00
0.0000e+00 -2.0000e+02 -1.4219e+00
0.0000e+00 -1.9000e+02 3.3156e-01
0.0000e+00 -1.8000e+02 1.8278e-01
0.0000e+00 -1.7000e+02 -7.2232e-01
0.0000e+00 -1.6000e+02 7.5765e-01
0.0000e+00 -1.5000e+02 -1.3160e+00
0.0000e+00 -1.4000e+02 -3.6283e+00
0.0000e+00 -1.3000e+02 -6.3052e-01
0.0000e+00 -1.2000e+02 -1.5530e+00
0.0000e+00 -1.1000e+02 -1.3498e+00
0.0000e+00 -1.0000e+02 -3.0836e+00
0.0000e+00 -9.0000e+01 -5.7129e+00
0.0000e+00 -8.0000e+01 -5.6775e+00
0.0000e+00 -7.0000e+01 -2.4574e+00
0.0000e+00 -6.0000e+01 -9.2675e+00
0.0000e+00 -5.0000e+01 -1.2572e+01
0.0000e+00 -4.0000e+01 -9.0585e+00
0.0000e+00 -3.0000e+01 -1.5262e+01
0.0000e+00 -2.0000e+01 -1.2602e+01
0.0000e+00 -1.0000e+01 -1.3764e+01
0.0000e+00 0.0000e+00 -1.4596e+01
0.0000e+00 1.0000e+01 -1.6422e+01
0.0000e+00 2.0000e+01 -1.4317e+01
0.0000e+00 3.0000e+01 -1.3939e+01
0.0000e+00 4.0000e+01 -1.2752e+01
0.0000e+00 5.0000e+01 -9.7566e+00
0.0000e+00 6.0000e+01 -8.0863e+00
0.0000e+00 7.0000e+01 -9.8054e+00
0.0000e+00 8.0000e+01 -5.9269e+00
0.0000e+00 9.0000e+01 -5.7725e+00
0.0000e+00 1.0000e+02 -2.7069e+00
0.0000e+00 1.1000e+02 -5.6548e+00
0.0000e+00 1.2000e+02 -3.3545e-01
0.0000e+00 1.3000e+02 -1.9755e+00
0.0000e+00 1.4000e+02 -4.2369e+00
0.0000e+00 1.5000e+02 2.5827e+00
0.0000e+00 1.6000e+02 -3.0851e-01
0.0000e+00 1.7000e+02 -7.9666e-01
0.0000e+00 1.8000e+02 -1.9540e+00
0.0000e+00 1.9000e+02 6.8976e-01
0.0000e+00 2.0000e+02 -2.8510e+00
1.0000e+01 -2.0000e+02 -5.4391e-01
1.0000e+01 -1.9000e+02 -8.0367e-01
1.0000e+01 -1.8000e+02 2.8193e+00
1.0000e+01 -1.7000e+02 -2.8697e-01
1.0000e+01 -1.6000e+02 1.5271e+00
1.0000e+01 -1.5000e+02 -5.9895e-01
1.0000e+01 -1.4000e+02 1.5519e+00
1.0000e+01 -1.3000e+02 -9.4372e-01
1.0000e+01 -1.2000e+02 -3.5406e+00
1.0000e+01 -1.1000e+02 -2.8258e+00
1.0000e+01 -1.0000e+02 -3.6530e+00
1.0000e+01 -9.0000e+01 -3.2067e+00
1.0000e+01 -8.0000e+01 -6.7660e+00
1.0000e+01 -7.0000e+01 -8.3029e+00
1.0000e+01 -6.0000e+01 -7.7874e+00
1.0000e+01 -5.0000e+01 -1.2372e+01
1.0000e+01 -4.0000e+01 -1.2406e+01
1.0000e+01 -3.0000e+01 -1.1825e+01
1.0000e+01 -2.0000e+01 -1.4284e+01
1.0000e+01 -1.0000e+01 -1.6956e+01
1.0000e+01 0.0000e+00 -1.7100e+01
1.0000e+01 1.0000e+01 -1.6677e+01
1.0000e+01 2.0000e+01 -1.4503e+01
1.0000e+01 3.0000e+01 -1.0383e+01
1.0000e+01 4.0000e+01 -8.9205e+00
1.0000e+01 5.0000e+01 -1.0575e+01
1.0000e+01 6.0000e+01 -8.8705e+00
1.0000e+01 7.0000e+01 -7.3627e+00
1.0000e+01 8.0000e+01 -6.8732e+00
1.0000e+01 9.0000e+01 -3.1705e+00
1.0000e+01 1.0000e+02 -3.1097e+00
1.0000e+01 1.1000e+02 -7.2634e-01
1.0000e+01 1.2000e+02 -1.0039e+00
1.0000e+01 1.3000e+02 -7.8683e-01
1.0000e+01 1.4000e+02 -1.9298e-01
1.0000e+01 1.5000e+02 1.0451e+00
1.0000e+01 1.6000e+02 -1.0042e+00
1.0000e+01 1.7000e+02 2.0503e+00
1.0000e+01 1.8000e+02 -2.5815e+00
1.0000e+01 1.9000e+02 1.8923e+00
1.0000e+01 2.0000e+02 -2.1758e-01
2.0000e+01 -2.0000e+02 -2.3121e-01
2.0000e+01 -1.9000e+02 -1.2608e+00
2.0000e+01 -1.8000e+02 3.9890e-01
2.0000e+01 -1.7000e+02 1.0551e+00
2.0000e+01 -1.6000e+02 8.2508e-01
2.0000e+01 -1.5000e+02 5.4574e-01
2.0000e+01 -1.4000e+02 -1.2824e-01
2.0000e+01 -1.3000e+02 -7.5714e-01
2.0000e+01 -1.2000e+02 -1.9645e+00
2.0000e+01 -1.1000e+02 -2.5280e+00
2.0000e+01 -1.0000e+02 -4.5193e+00
2.0000e+01 -9.0000e+01 -4.6274e+00
2.0000e+01 -8.0000e+01 -5.0156e+00
2.0000e+01 -7.0000e+01 -8.1811e+00
2.0000e+01 -6.0000e+01 -8.6060e+00
2.0000e+01 -5.0000e+01 -9.6387e+00
2.0000e+01 -4.0000e+01 -9.8079e+00
2.0000e+01 -3.0000e+01 -1.4137e+01
2.0000e+01 -2.0000e+01 -1.3162e+01
2.0000e+01 -1.0000e+01 -1.4231e+01
2.0000e+01 0.0000e+00 -1.5501e+01
2.0000e+01 1.0000e+01 -1.4760e+01
2.0000e+01 2.0000e+01 -1.5435e+01
2.0000e+01 3.0000e+01 -1.4092e+01
2.0000e+01 4.0000e+01 -1.0744e+01
2.0000e+01 5.0000e+01 -1.0605e+01
2.0000e+01 6.0000e+01 -9.3406e+00
2.0000e+01 7.0000e+01 -7.2832e+00
2.0000e+01 8.0000e+01 -4.0058e+00
2.0000e+01 9.0000e+01 -1.7611e+00
2.0000e+01 1.0000e+02 -3.2715e+00
2.0000e+01 1.1000e+02 -2.9971e+00
2.0000e+01 1.2000e+02 -1.0313e+00
2.0000e+01 1.3000e+02 -1.9632e+00
2.0000e+01 1.4000e+02 1.0893e+00
2.0000e+01 1.5000e+02 -7.0870e-01
2.0000e+01 1.6000e+02 1.3347e+00
2.0000e+01 1.7000e+02 3.9670e-01
2.0000e+01 1.8000e+02 9.8924e-01
2.0000e+01 1.9000e+02 -1.8300e+00
2.0000e+01 2.0000e+02 -2.2792e+00
3.0000e+01 -2.0000e+02 1.2559e-01
3.0000e+01 -1.9000e+02 9.6511e-01
3.0000e+01 -1.8000e+02 1.0653e+00
3.0000e+01 -1.7000e+02 3.7538e-01
3.0000e+01 -1.6000e+02 -4.9300e-01
3.0000e+01 -1.5000e+02 1.0469e+00
3.0000e+01 -1.4000e+02 -9.7787e-02
3.0000e+01 -1.3000e+02 -2.6856e+00
3.0000e+01 -1.2000e+02 9.8135e-01
3.0000e+01 -1.1000e+02 2.5885e-01
3.0000e+01 -1.0000e+02 -6.7374e+00
3.0000e+01 -9.0000e+01 -4.9865e+00
3.0000e+01 -8.0000e+01 -3.3654e+00
3.0000e+01 -7.0000e+01 -6.3327e+00
3.0000e+01 -6.0000e+01 -8.4885e+00
3.0000e+01 -5.0000e+01 -9.2090e+00
3.0000e+01 -4.0000e+01 -1.0317e+01
3.0000e+01 -3.0000e+01 -1.1450e+01
3.0000e+01 -2.0000e+01 -1.4328e+01
3.0000e+01 -1.0000e+01 -1.4641e+01
3.0000e+01 0.0000e+00 -1.2768e+01
3.0000e+01 1.0000e+01 -1.5586e+01
3.0000e+01 2.0000e+01 -1.2133e+01
3.0000e+01 3.0000e+01 -1.1227e+01
3.0000e+01 4.0000e+01 -1.1824e+01
3.0000e+01 5.0000e+01 -9.8385e+00
3.0000e+01 6.0000e+01 -8.0203e+00
3.0000e+01 7.0000e+01 -6.9499e+00
3.0000e+01 8.0000e+01 -4.1563e+00
3.0000e+01 9.0000e+01 -5.2694e+00
3.0000e+01 1.0000e+02 -1.5265e+00
3.0000e+01 1.1000e+02 -1.7392e+00
3.0000e+01 1.2000e+02 -1.6110e+00
3.0000e+01 1.3000e+02 1.6080e-01
3.0000e+01 1.4000e+02 -2.1217e+00
3.0000e+01 1.5000e+02 -1.6299e+00
3.0000e+01 1.6000e+02 9.7085e-01
3.0000e+01 1.7000e+02 1.6211e-01
3.0000e+01 1.8000e+02 -1.1009e+00
3.0000e+01 1.9000e+02 1.9329e+00
3.0000e+01 2.0000e+02 7.2671e-01
4.0000e+01 -2.0000e+02 4.1343e-01
4.0000e+01 -1.9000e+02 5.0198e-02
4.0000e+01 -1.8000e+02 -7.0816e-01
4.0000e+01 -1.7000e+02 2.4567e-01
4.0000e+01 -1.6000e+02 -7.8476e-01
4.0000e+01 -1.5000e+02 -1.1417e-01
4.0000e+01 -1.4000e+02 -1.4057e+00
4.0000e+01 -1.3000e+02 6.4556e-01
4.0000e+01 -1.2000e+02 -2.0317e+00
4.0000e+01 -1.1000e+02 9.2385e-01
4.0000e+01 -1.0000e+02 -4.8922e+00
4.0000e+01 -9.0000e+01 -3.7068e+00
4.0000e+01 -8.0000e+01 -4.1562e+00
4.0000e+01 -7.0000e+01 -7.7092e+00
4.0000e+01 -6.0000e+01 -5.8961e+00
4.0000e+01 -5.0000e+01 -7.7415e+00
4.0000e+01 -4.0000e+01 -8.3827e+00
4.0000e+01 -3.0000e+01 -8.9434e+00
4.0000e+01 -2.0000e+01 -1.1881e+01
4.0000e+01 -1.0000e+01 -1.0441e+01
4.0000e+01 0.0000e+00 -1.2905e+01
4.0000e+01 1.0000e+01 -1.1392e+01
4.0000e+01 2.0000e+01 -1.2513e+01
4.0000e+01 3.0000e+01 -1.1624e+01
4.0000e+01 4.0000e+01 -8.0003e+00
4.0000e+01 5.0000e+01 -8.2538e+00
4.0000e+01 6.0000e+01 -7.1687e+00
4.0000e+01 7.0000e+01 -6.0155e+00
4.0000e+01 8.0000e+01 -3.6210e+00
4.0000e+01 9.0000e+01 -4.6151e+00
4.0000e+01 1.0000e+02 -4.2874e+00
4.0000e+01 1.1000e+02 -1.2579e+00
4.0000e+01 1.2000e+02 -2.0774e+00
4.0000e+01 1.3000e+02 2.9255e+00
4.0000e+01 1.4000e+02 9.6643e-01
4.0000e+01 1.5000e+02 9.3309e-01
4.0000e+01 1.6000e+02 3.0996e+00
4.0000e+01 1.7000e+02 -5.8065e-01
4.0000e+01 1.8000e+02 -1.0087e+00
4.0000e+01 1.9000e+02 6.5281e-01
4.0000e+01 2.0000e+02 -6.9425e-02
5.0000e+01 -2.0000e+02 8.9460e-01
5.0000e+01 -1.9000e+02 1.6776e+00
5.0000e+01 -1.8000e+02 -1.2725e+00
5.0000e+01 -1.7000e+02 -9.2404e-01
5.0000e+01 -1.6000e+02 -1.5069e+00
5.0000e+01 -1.5000e+02 -1.9607e+00
5.0000e+01 -1.4000e+02 -1.9414e+00
5.0000e+01 -1.3000e+02 -8.5144e-01
5.0000e+01 -1.2000e+02 -3.2912e+00
5.0000e+01 -1.1000e+02 -4.1515e+00
5.0000e+01 -1.0000e+02 -3.1893e+00
5.0000e+01 -9.0000e+01 -2.2477e+00
5.0000e+01 -8.0000e+01 -5.0826e+00
5.0000e+01 -7.0000e+01 -1.4514e+00
5.0000e+01 -6.0000e+01 -4.2963e+00
5.0000e+01 -5.0000e+01 -7.3856e+00
5.0000e+01 -4.0000e+01 -8.6622e+00
5.0000e+01 -3.0000e+01 -8.8747e+00
5.0000e+01 -2.0000e+01 -7.8061e+00
5.0000e+01 -1.0000e+01 -1.1089e+01
5.0000e+01 0.0000e+00 -1.0418e+01
5.0000e+01 1.0000e+01 -1.0163e+01
5.0000e+01 2.0000e+01 -1.0695e+01
5.0000e+01 3.0000e+01 -8.5966e+00
5.0000e+01 4.0000e+01 -8.4420e+00
5.0000e+01 5.0000e+01 -7.2180e+00
5.0000e+01 6.0000e+01 -4.5514e+00
5.0000e+01 7.0000e+01 -3.1526e+00
5.0000e+01 8.0000e+01 -7.5576e-01
5.0000e+01 9.0000e+01 -2.3744e+00
5.0000e+01 1.0000e+02 4.1604e-01
5.0000e+01 1.1000e+02 -2.3669e+00
5.0000e+01 1.2000e+02 -8.6787e-01
5.0000e+01 1.3000e+02 6.6628e-01
5.0000e+01 1.4000e+02 4.2609e+00
5.0000e+01 1.5000e+02 1.1642e+00
5.0000e+01 1.6000e+02 -2.6870e+00
5.0000e+01 1.7000e+02 -4.2064e+00
5.0000e+01 1.8000e+02 -3.3946e+00
5.0000e+01 1.9000e+02 1.1120e+00
5.0000e+01 2.0000e+02 -1.1873e+00
6.0000e+01 -2.0000e+02 -3.9335e-01
6.0000e+01 -1.9000e+02 2.9154e+00
6.0000e+01 -1.8000e+02 -2.3667e+00
6.0000e+01 -1.7000e+02 -2.8227e+00
6.0000e+01 -1.6000e+02 -2.8899e+00
6.0000e+01 -1.5000e+02 3.3164e+00
6.0000e+01 -1.4000e+02 -3.9625e-01
6.0000e+01 -1.3000e+02 -1.4619e+00
6.0000e+01 -1.2000e+02 -7.8196e-01
6.0000e+01 -1.1000e+02 -2.7985e+00
6.0000e+01 -1.0000e+02 -2.8991e+00
6.0000e+01 -9.0000e+01 -2.0626e+00
6.0000e+01 -8.0000e+01 -4.0988e+00
6.0000e+01 -7.0000e+01 -6.1277e+00
6.0000e+01 -6.0000e+01 -5.1705e+00
6.0000e+01 -5.0000e+01 -9.1938e+00
6.0000e+01 -4.0000e+01 -5.5917e+00
6.0000e+01 -3.0000e+01 -1.0129e+01
6.0000e+01 -2.0000e+01 -7.3948e+00
6.0000e+01 -1.0000e+01 -8.3858e+00
6.0000e+01 0.0000e+00 -5.6511e+00
6.0000e+01 1.0000e+01 -9.3009e+00
6.0000e+01 2.0000e+01 -8.8051e+00
6.0000e+01 3.0000e+01 -5.4785e+00
6.0000e+01 4.0000e+01 -6.1486e+00
6.0000e+01 5.0000e+01 -5.2603e+00
6.0000e+01 6.0000e+01 -3.4312e+00
6.0000e+01 7.0000e+01 -5.0157e+00
6.0000e+01 8.0000e+01 -2.2172e+00
6.0000e+01 9.0000e+01 -4.2377e-01
6.0000e+01 1.0000e+02 -2.1409e+00
6.0000e+01 1.1000e+02 -2.6885e-01
6.0000e+01 1.2000e+02 9.7887e-02
6.0000e+01 1.3000e+02 -2.0645e+00
6.0000e+01 1.4000e+02 -2.3608e+00
6.0000e+01 1.5000e+02 1.0473e+00
6.0000e+01 1.6000e+02 -1.3990e+00
6.0000e+01 1.7000e+02 6.0383e-01
6.0000e+01 1.8000e+02 2.0997e+00
6.0000e+01 1.9000e+02 8.7153e-01
6.0000e+01 2.0000e+02 -5.6482e-01
7.0000e+01 -2.0000e+02 3.4831e+00
7.0000e+01 -1.9000e+02 1.0419e+00
7.0000e+01 -1.8000e+02 3.5891e+00
7.0000e+01 -1.7000e+02 -1.6956e+00
7.0000e+01 -1.6000e+02 -1.0940e+00
7.0000e+01 -1.5000e+02 -7.4372e-02
7.0000e+01 -1.4000e+02 3.9208e-01
7.0000e+01 -1.3000e+02 8.4360e-01
7.0000e+01 -1.2000e+02 -1.6656e+00
7.0000e+01 -1.1000e+02 3.9010e-02
7.0000e+01 -1.0000e+02 1.7010e-01
7.0000e+01 -9.0000e+01 -4.6251e+00
7.0000e+01 -8.0000e+01 -3.9032e+00
7.0000e+01 -7.0000e+01 -3.7834e+00
7.0000e+01 -6.0000e+01 -4.4117e+00
7.0000e+01 -5.0000e+01 -3.8110e+00
7.0000e+01 -4.0000e+01 -3.7064e+00
7.0000e+01 -3.0000e+01 -5.9828e+00
7.0000e+01 -2.0000e+01 -7.1188e+00
7.0000e+01 -1.0000e+01 -3.0129e+00
7.0000e+01 0.0000e+00 -4.6855e+00
7.0000e+01 1.0000e+01 -7.9988e+00
7.0000e+01 2.0000e+01 -8.6776e+00
7.0000e+01 3.0000e+01 -6.0579e+00
7.0000e+01 4.0000e+01 -6.5898e+00
7.0000e+01 5.0000e+01 -4.4798e+00
7.0000e+01 6.0000e+01 -4.2822e+00
7.0000e+01 7.0000e+01 -2.8735e+00
7.0000e+01 8.0000e+01 -2.7423e+00
7.0000e+01 9.0000e+01 -3.9179e+00
7.0000e+01 1.0000e+02 -1.6309e+00
7.0000e+01 1.1000e+02 -2.1287e+00
7.0000e+01 1.2000e+02 1.3251e+00
7.0000e+01 1.3000e+02 -2.7413e-01
7.0000e+01 1.4000e+02 -9.8916e-01
7.0000e+01 1.5000e+02 1.6037e+00
7.0000e+01 1.6000e+02 1.2205e+00
7.0000e+01 1.7000e+02 -3.4227e+00
7.0000e+01 1.8000e+02 -2.7216e-01
7.0000e+01 1.9000e+02 6.6705e-01
7.0000e+01 2.0000e+02 1.5089e+00
8.0000e+01 -2.0000e+02 4.4602e-01
8.0000e+01 -1.9000e+02 -8.5993e-01
8.0000e+01 -1.8000e+02 3.4763e+00
8.0000e+01 -1.7000e+02 -1.3149e-01
8.0000e+01 -1.6000e+02 -1.2395e-01
8.0000e+01 -1.5000e+02 -3.7557e-01
8.0000e+01 -1.4000e+02 4.4044e-01
8.0000e+01 -1.3000e+02 -2.3361e-01
8.0000e+01 -1.2000e+02 1.9719e+00
8.0000e+01 -1.1000e+02 -1.0653e+00
8.0000e+01 -1.0000e+02 -2.0548e+00
8.0000e+01 -9.0000e+01 -4.1231e-01
8.0000e+01 -8.0000e+01 -4.5651e+00
8.0000e+01 -7.0000e+01 -2.4472e+00
8.0000e+01 -6.0000e+01 -2.3752e+00
8.0000e+01 -5.0000e+01 -1.8843e+00
8.0000e+01 -4.0000e+01 -4.8468e+00
8.0000e+01 -3.0000e+01 -3.7414e+00
8.0000e+01 -2.0000e+01 -5.0733e+00
8.0000e+01 -1.0000e+01 -5.6856e+00
8.0000e+01 0.0000e+00 -5.6652e+00
8.0000e+01 1.0000e+01 -3.7057e+00
8.0000e+01 2.0000e+01 -1.5519e+00
8.0000e+01 3.0000e+01 -5.9152e+00
8.0000e+01 4.0000e+01 -6.4438e+00
8.0000e+01 5.0000e+01 -3.7819e+00
8.0000e+01 6.0000e+01 -5.2471e+00
8.0000e+01 7.0000e+01 -3.4040e+00
8.0000e+01 8.0000e+01 -8.3735e-01
8.0000e+01 9.0000e+01 -1.9607e+00
8.0000e+01 1.0000e+02 3.3136e-01
8.0000e+01 1.1000e+02 2.0359e-01
8.0000e+01 1.2000e+02 1.1448e+00
8.0000e+01 1.3000e+02 -1.0638e+00
8.0000e+01 1.4000e+02 1.8583e+00
8.0000e+01 1.5000e+02 1.7593e+00
8.0000e+01 1.6000e+02 -2.4184e+00
8.0000e+01 1.7000e+02 1.2244e+00
8.0000e+01 1.8000e+02 -3.3097e+00
8.0000e+01 1.9000e+02 -7.9232e-01
8.0000e+01 2.0000e+02 -9.8649e-01
9.0000e+01 -2.0000e+02 -3.3534e+00
9.0000e+01 -1.9000e+02 -5.0913e-01
9.0000e+01 -1.8000e+02 -1.4426e+00
9.0000e+01 -1.7000e+02 1.0152e-01
9.0000e+01 -1.6000e+02 -2.2186e+00
9.0000e+01 -1.5000e+02 1.2767e+00
9.0000e+01 -1.4000e+02 9.8032e-01
9.0000e+01 -1.3000e+02 -4.5638e-01
9.0000e+01 -1.2000e+02 -2.4656e+00
9.0000e+01 -1.1000e+02 4.4093e-01
9.0000e+01 -1.0000e+02 -1.4786e+00
9.0000e+01 -9.0000e+01 -1.1558e+00
9.0000e+01 -8.0000e+01 -2.6734e+00
9.0000e+01 -7.0000e+01 -1.4940e+00
9.0000e+01 -6.0000e+01 -1.3896e+00
9.0000e+01 -5.0000e+01 -2.8809e+00
9.0000e+01 -4.0000e+01 -3.5115e+00
9.0000e+01 -3.0000e+01 -3.7533e+00
9.0000e+01 -2.0000e+01 -2.9616e+00
9.0000e+01 -1.0000e+01 -1.8176e+00
9.0000e+01 0.0000e+00 -2.3105e+00
9.0000e+01 1.0000e+01 -4.3584e+00
9.0000e+01 2.0000e+01 -4.7933e+00
9.0000e+01 3.0000e+01 -5.0377e+00
9.0000e+01 4.0000e+01 -1.6257e+00
9.0000e+01 5.0000e+01 -3.0055e+00
9.0000e+01 6.0000e+01 -1.2340e+00
9.0000e+01 7.0000e+01 6.0354e-01
9.0000e+01 8.0000e+01 -2.2610e+00
9.0000e+01 9.0000e+01 -1.2830e+00
9.0000e+01 1.0000e+02 -1.3127e-01
9.0000e+01 1.1000e+02 -1.4387e+00
9.0000e+01 1.2000e+02 -8.0450e-01
9.0000e+01 1.3000e+02 6.4958e-02
9.0000e+01 1.4000e+02 -4.0515e+00
9.0000e+01 1.5000e+02 9.1995e-01
9.0000e+01 1.6000e+02 -4.2250e+00
9.0000e+01 1.7000e+02 -1.7071e-01
9.0000e+01 1.8000e+02 8.9678e-01
9.0000e+01 1.9000e+02 7.1479e-01
9.0000e+01 2.0000e+02 -2.2274e+00
1.0000e+02 -2.0000e+02 -1.3308e+00
1.0000e+02 -1.9000e+02 -4.6654e-01
1.0000e+02 -1.8000e+02 1.1114e+00
1.0000e+02 -1.7000e+02 3.5488e+00
1.0000e+02 -1.6000e+02 -1.1423e-01
1.0000e+02 -1.5000e+02 -1.6466e+00
1.0000e+02 -1.4000e+02 2.0380e+00
1.0000e+02 -1.3000e+02 8.4530e-01
1.0000e+02 -1.2000e+02 5.6140e-01
1.0000e+02 -1.1000e+02 5.8626e-01
1.0000e+02 -1.0000e+02 5.9292e-01
1.0000e+02 -9.0000e+01 7.2360e-01
1.0000e+02 -8.0000e+01 -9.7188e-01
1.0000e+02 -7.0000e+01 8.7845e-01
1.0000e+02 -6.0000e+01 4.4627e-01
1.0000e+02 -5.0000e+01 -8.9112e-01
1.0000e+02 -4.0000e+01 -3.0451e+00
1.0000e+02 -3.0000e+01 -3.4500e+00
1.0000e+02 -2.0000e+01 -2.3991e+00
1.0000e+02 -1.0000e+01 -5.1537e+00
1.0000e+02 0.0000e+00 -2.9127e+00
1.0000e+02 1.0000e+01 -2.2426e+00
1.0000e+02 2.0000e+01 -5.9398e-01
1.0000e+02 3.0000e+01 -4.2731e+00
1.0000e+02 4.0000e+01 -2.4551e+00
1.0000e+02 5.0000e+01 -1.6003e+00
1.0000e+02 6.0000e+01 8.9320e-02
1.0000e+02 7.0000e+01 -1.9171e+00
1.0000e+02 8.0000e+01 1.6971e+00
1.0000e+02 9.0000e+01 -2.4000e+00
1.0000e+02 1.0000e+02 -7.0066e-01
1.0000e+02 1.1000e+02 2.2623e-01
1.0000e+02 1.2000e+02 -4.1943e-01
1.0000e+02 1.3000e+02 -1.6699e+00
1.0000e+02 1.4000e+02 -3.1588e+00
1.0000e+02 1.5000e+02 -1.8882e+00
1.0000e+02 1.6000e+02 -1.1221e+00
1.0000e+02 1.7000e+02 -1.2156e+00
1.0000e+02 1.8000e+02 -1.7816e+00
1.0000e+02 1.9000e+02 3.0752e-01
1.0000e+02 2.0000e+02 -1.3546e-01
1.1000e+02 -2.0000e+02 3.1353e-01
1.1000e+02 -1.9000e+02 -9.5921e-02
1.1000e+02 -1.8000e+02 -4.4219e-01
1.1000e+02 -1.7000e+02 -2.5260e-01
1.1000e+02 -1.6000e+02 6.1543e-01
1.1000e+02 -1.5000e+02 -1.1205e+00
1.1000e+02 -1.4000e+02 3.0780e+00
1.1000e+02 -1.3000e+02 1.7585e-01
1.1000e+02 -1.2000e+02 9.6353e-02
1.1000e+02 -1.1000e+02 1.2879e+00
1.1000e+02 -1.0000e+02 1.4006e+00
1.1000e+02 -9.0000e+01 -1.1907e+00
1.1000e+02 -8.0000e+01 -1.0963e+00
1.1000e+02 -7.0000e+01 9.0404e-01
1.1000e+02 -6.0000e+01 -2.8939e+00
1.1000e+02 -5.0000e+01 -3.4164e+00
1.1000e+02 -4.0000e+01 -1.9978e+00
1.1000e+02 -3.0000e+01 -2.8060e+00
1.1000e+02 -2.0000e+01 -6.2501e-01
1.1000e+02 -1.0000e+01 -6.9440e-01
1.1000e+02 0.0000e+00 -4.2015e+00
1.1000e+02 1.0000e+01 -3.6040e+00
1.1000e+02 2.0000e+01 -1.4104e-01
1.1000e+02 3.0000e+01 -2.1628e+00
1.1000e+02 4.0000e+01 -1.4067e+00
1.1000e+02 5.0000e+01 -5.8808e+00
1.1000e+02 6.0000e+01 -7.5864e-01
1.1000e+02 7.0000e+01 -3.9851e+00
1.1000e+02 8.0000e+01 -1.7980e+00
1.1000e+02 9.0000e+01 1.3742e+00
1.1000e+02 1.0000e+02 5.6397e-01
1.1000e+02 1.1000e+02 -2.2626e+00
1.1000e+02 1.2000e+02 -1.9026e+00
1.1000e+02 1.3000e+02 -4.8170e-01
1.1000e+02 1.4000e+02 -8.8841e-02
1.1000e+02 1.5000e+02 8.9882e-01
1.1000e+02 1.6000e+02 2.1327e-01
1.1000e+02 1.7000e+02 -7.3589e-01
1.1000e+02 1.8000e+02 1.0195e+00
1.1000e+02 1.9000e+02 -1.9616e+00
1.1000e+02 2.0000e+02 -5.4728e-02
1.2000e+02 -2.0000e+02 9.8867e-01
1.2000e+02 -1.9000e+02 3.5391e+00
1.2000e+02 -1.8000e+02 2.2425e-02
1.2000e+02 -1.7000e+02 5.2173e-01
1.2000e+02 -1.6000e+02 1.8669e+00
1.2000e+02 -1.5000e+02 -8.3651e-01
1.2000e+02 -1.4000e+02 3.5834e-01
1.2000e+02 -1.3000e+02 1.3228e-01
1.2000e+02 -1.2000e+02 -1.0526e+00
1.2000e+02 -1.1000e+02 3.6091e+00
1.2000e+02 -1.0000e+02 8.2751e-01
1.2000e+02 -9.0000e+01 -1.3400e+00
1.2000e+02 -8.0000e+01 -2.3795e+00
1.2000e+02 -7.0000e+01 2.7285e-01
1.2000e+02 -6.0000e+01 -8.5127e-01
1.2000e+02 -5.0000e+01 -5.0201e-01
1.2000e+02 -4.0000e+01 -1.2016e+00
1.2000e+02 -3.0000e+01 -1.6063e+00
1.2000e+02 -2.0000e+01 1.9839e+00
1.2000e+02 -1.0000e+01 -3.8062e+00
1.2000e+02 0.0000e+00 -3.2856e+00
1.2000e+02 1.0000e+01 4.8513e-01
1.2000e+02 2.0000e+01 -2.2679e+00
1.2000e+02 3.0000e+01 1.4120e+00
1.2000e+02 4.0000e+01 -3.6044e+00
1.2000e+02 5.0000e+01 -2.2945e+00
1.2000e+02 6.0000e+01 3.5574e+00
1.2000e+02 7.0000e+01 6.1278e-01
1.2000e+02 8.0000e+01 -2.6333e+00
1.2000e+02 9.0000e+01 -5.4895e-01
1.2000e+02 1.0000e+02 1.8106e-01
1.2000e+02 1.1000e+02 -3.3161e+00
1.2000e+02 1.2000e+02 1.0745e-01
1.2000e+02 1.3000e+02 4.1195e-01
1.2000e+02 1.4000e+02 6.4253e-01
1.2000e+02 1.5000e+02 3.2658e-01
1.2000e+02 1.6000e+02 -4.1687e-01
1.2000e+02 1.7000e+02 -1.2299e+00
1.2000e+02 1.8000e+02 -1.5483e-01
1.2000e+02 1.9000e+02 -1.8149e+00
1.2000e+02 2.0000e+02 -2.0591e+00
1.3000e+02 -2.0000e+02 -3.6628e-02
1.3000e+02 -1.9000e+02 -7.1422e-01
1.3000e+02 -1.8000e+02 2.6540e+00
1.3000e+02 -1.7000e+02 4.0619e-01
1.3000e+02 -1.6000e+02 -1.3956e+00
1.3000e+02 -1.5000e+02 1.0390e+00
1.3000e+02 -1.4000e+02 -5.0417e-01
1.3000e+02 -1.3000e+02 4.7181e-01
1.3000e+02 -1.2000e+02 -1.1031e+00
1.3000e+02 -1.1000e+02 -4.8109e-02
1.3000e+02 -1.0000e+02 7.9060e-01
1.3000e+02 -9.0000e+01 1.2483e+00
1.3000e+02 -8.0000e+01 -1.5366e+00
1.3000e+02 -7.0000e+01 3.2026e-01
1.3000e+02 -6.0000e+01 -2.1895e+00
1.3000e+02 -5.0000e+01 1.3669e+00
1.3000e+02 -4.0000e+01 -1.3674e+00
1.3000e+02 -3.0000e+01 1.7895e+00
1.3000e+02 -2.0000e+01 1.5246e-01
1.3000e+02 -1.0000e+01 1.2224e+00
1.3000e+02 0.0000e+00 -4.7657e-01
1.3000e+02 1.0000e+01 -1.2271e+00
1.3000e+02 2.0000e+01 -3.6633e+00
1.3000e+02 3.0000e+01 -2.4005e+00
1.3000e+02 4.0000e+01 5.2672e-02
1.3000e+02 5.0000e+01 6.1560e-01
1.3000e+02 6.0000e+01 8.3082e-01
1.3000e+02 7.0000e+01 -1.5812e+00
1.3000e+02 8.0000e+01 -1.4987e+00
1.3000e+02 9.0000e+01 -1.7932e+00
1.3000e+02 1.0000e+02 -1.3660e-01
1.3000e+02 1.1000e+02 6.8776e-01
1.3000e+02 1.2000e+02 1.7528e-01
1.3000e+02 1.3000e+02 -2.0967e+00
1.3000e+02 1.4000e+02 2.6295e+00
1.3000e+02 1.5000e+02 -5.5472e-01
1.3000e+02 1.6000e+02 -4.6072e-01
1.3000e+02 1.7000e+02 -1.1428e+00
1.3000e+02 1.8000e+02 4.8604e-01
1.3000e+02 1.9000e+02 1.2334e-01
1.3000e+02 2.0000e+02 -2.0002e+00
1.4000e+02 -2.0000e+02 -2.1370e+00
1.4000e+02 -1.9000e+02 2.0407e+00
1.4000e+02 -1.8000e+02 6.5381e-01
1.4000e+02 -1.7000e+02 3.7335e-01
1.4000e+02 -1.6000e+02 -2.2467e+00
1.4000e+02 -1.5000e+02 -4.2646e-02
1.4000e+02 -1.4000e+02 9.8310e-01
1.4000e+02 -1.3000e+02 8.2837e-01
1.4000e+02 -1.2000e+02 1.2145e+00
1.4000e+02 -1.1000e+02 -3.1210e+00
1.4000e+02 -1.0000e+02 3.6985e+00
1.4000e+02 -9.0000e+01 -1.8633e-01
1.4000e+02 -8.0000e+01 -1.2279e+00
1.4000e+02 -7.0000e+01 -7.9349e-02
1.4000e+02 -6.0000e+01 -1.8146e-01
1.4000e+02 -5.0000e+01 5.4313e-02
1.4000e+02 -4.0000e+01 -2.1212e+00
1.4000e+02 -3.0000e+01 1.0665e+00
1.4000e+02 -2.0000e+01 -1.3280e+00
1.4000e+02 -1.0000e+01 1.5477e-01
1.4000e+02 0.0000e+00 -1.4628e+00
1.4000e+02 1.0000e+01 -2.8348e+00
1.4000e+02 2.0000e+01 1.2660e+00
1.4000e+02 3.0000e+01 7.9025e-01
1.4000e+02 4.0000e+01 -2.1518e+00
1.4000e+02 5.0000e+01 -5.9068e-01
1.4000e+02 6.0000e+01 -3.0611e-01
1.4000e+02 7.0000e+01 1.8339e+00
1.4000e+02 8.0000e+01 1.8575e+00
1.4000e+02 9.0000e+01 2.4353e+00
1.4000e+02 1.0000e+02 -2.5435e+00
1.4000e+02 1.1000e+02 2.7542e-01
1.4000e+02 1.2000e+02 -9.3797e-01
1.4000e+02 1.3000e+02 1.9372e+00
1.4000e+02 1.4000e+02 -1.4981e+00
1.4000e+02 1.5000e+02 -1.2265e-01
1.4000e+02 1.6000e+02 4.2500e-01
1.4000e+02 1.7000e+02 -1.7783e+00
1.4000e+02 1.8000e+02 -1.3546e+00
1.4000e+02 1.9000e+02 -2.0791e+00
1.4000e+02 2.0000e+02 -1.3372e-01
1.5000e+02 -2.0000e+02 -1.1754e+00
1.5000e+02 -1.9000e+02 -4.8162e-01
1.5000e+02 -1.8000e+02 -1.2062e+00
1.5000e+02 -1.7000e+02 -2.4671e+00
1.5000e+02 -1.6000e+02 -3.9408e-01
1.5000e+02 -1.5000e+02 1.3055e+00
1.5000e+02 -1.4000e+02 -2.3094e+00
1.5000e+02 -1.3000e+02 -1.0100e+00
1.5000e+02 -1.2000e+02 2.3016e+00
1.5000e+02 -1.1000e+02 6.1494e-01
1.5000e+02 -1.0000e+02 -2.8113e+00
1.5000e+02 -9.0000e+01 2.3068e+00
1.5000e+02 -8.0000e+01 5.4218e-02
1.5000e+02 -7.0000e+01 5.8685e-01
1.5000e+02 -6.0000e+01 -2.8066e+00
1.5000e+02 -5.0000e+01 9.7694e-01
1.5000e+02 -4.0000e+01 -2.2996e+00
1.5000e+02 -3.0000e+01 3.8022e-01
1.5000e+02 -2.0000e+01 1.8675e+00
1.5000e+02 -1.0000e+01 -7.1262e-01
1.5000e+02 0.0000e+00 2.0118e-01
1.5000e+02 1.0000e+01 -2.4128e+00
1.5000e+02 2.0000e+01 -1.6339e-01
1.5000e+02 3.0000e+01 -4.2263e+00
1.5000e+02 4.0000e+01 2.5625e+00
1.5000e+02 5.0000e+01 2.5732e-01
1.5000e+02 6.0000e+01 -1.1291e+00
1.5000e+02 7.0000e+01 6.9433e-01
1.5000e+02 8.0000e+01 -2.0037e+00
1.5000e+02 9.0000e+01 1.1248e+00
1.5000e+02 1.0000e+02 -1.1788e+00
1.5000e+02 1.1000e+02 -3.6704e-01
1.5000e+02 1.2000e+02 2.0813e+00
1.5000e+02 1.3000e+02 -2.5603e+00
1.5000e+02 1.4000e+02 -1.8373e+00
1.5000e+02 1.5000e+02 2.4614e+00
1.5000e+02 1.6000e+02 -6.9261e-01
1.5000e+02 1.7000e+02 -6.2950e-01
1.5000e+02 1.8000e+02 -9.4927e-01
1.5000e+02 1.9000e+02 -2.2907e+00
1.5000e+02 2.0000e+02 -1.6365e+00
1.6000e+02 -2.0000e+02 -1.9119e+00
1.6000e+02 -1.9000e+02 2.3340e-01
1.6000e+02 -1.8000e+02 -1.6721e+00
1.6000e+02 -1.7000e+02 -3.7931e-01
1.6000e+02 -1.6000e+02 -4.6981e-01
1.6000e+02 -1.5000e+02 1.1828e-01
1.6000e+02 -1.4000e+02 -8.4320e-01
1.6000e+02 -1.3000e+02 1.9354e+00
1.6000e+02 -1.2000e+02 -9.9488e-01
1.6000e+02 -1.1000e+02 1.4745e+00
1.6000e+02 -1.0000e+02 -7.7538e-01
1.6000e+02 -9.0000e+01 5.8292e-01
1.6000e+02 -8.0000e+01 -1.0785e-01
1.6000e+02 -7.0000e+01 7.6453e-02
1.6000e+02 -6.0000e+01 6.2799e-02
1.6000e+02 -5.0000e+01 8.4164e-01
1.6000e+02 -4.0000e+01 -1.1897e+00
1.6000e+02 -3.0000e+01 1.8969e+00
1.6000e+02 -2.0000e+01 -1.4353e+00
1.6000e+02 -1.0000e+01 -5.8754e-01
1.6000e+02 0.0000e+00 -1.5741e+00
1.6000e+02 1.0000e+01 3.2069e-02
1.6000e+02 2.0000e+01 3.2237e+00
1.6000e+02 3.0000e+01 -1.2440e+00
1.6000e+02 4.0000e+01 -5.5385e-01
1.6000e+02 5.0000e+01 5.7543e-01
1.6000e+02 6.0000e+01 -7.6541e-01
1.6000e+02 7.0000e+01 -8.7046e-01
1.6000e+02 8.0000e+01 -1.4541e+00
1.6000e+02 9.0000e+01 1.7643e+00
1.6000e+02 1.0000e+02 1.1305e+00
1.6000e+02 1.1000e+02 -1.4315e-01
1.6000e+02 1.2000e+02 -1.5869e+00
1.6000e+02 1.3000e+02 2.6024e+00
1.6000e+02 1.4000e+02 1.1522e+00
1.6000e+02 1.5000e+02 -2.3452e+00
1.6000e+02 1.6000e+02 -2.8553e+00
1.6000e+02 1.7000e+02 3.3140e-01
1.6000e+02 1.8000e+02 -3.8763e-01
1.6000e+02 1.9000e+02 -1.2500e+00
1.6000e+02 2.0000e+02 -8.9323e-01
1.7000e+02 -2.0000e+02 8.5420e-01
1.7000e+02 -1.9000e+02 -1.7714e-01
1.7000e+02 -1.8000e+02 5.0774e-01
1.7000e+02 -1.7000e+02 -1.8385e+00
1.7000e+02 -1.6000e+02 1.0182e-01
1.7000e+02 -1.5000e+02 8.1886e-02
1.7000e+02 -1.4000e+02 2.5227e-02
1.7000e+02 -1.3000e+02 2.4638e-01
1.7000e+02 -1.2000e+02 2.3176e-01
1.7000e+02 -1.1000e+02 -7.0832e-01
1.7000e+02 -1.0000e+02 6.8062e-01
1.7000e+02 -9.0000e+01 2.1172e+00
1.7000e+02 -8.0000e+01 3.2429e+00
1.7000e+02 -7.0000e+01 2.6016e-01
1.7000e+02 -6.0000e+01 -1.7476e+00
1.7000e+02 -5.0000e+01 1.0466e-01
1.7000e+02 -4.0000e+01 2.1386e+00
1.7000e+02 -3.0000e+01 1.7076e-01
1.7000e+02 -2.0000e+01 1.6060e+00
1.7000e+02 -1.0000e+01 1.1426e+00
1.7000e+02 0.0000e+00 3.6218e-01
1.7000e+02 1.0000e+01 2.0342e+00
1.7000e+02 2.0000e+01 -1.8887e+00
1.7000e+02 3.0000e+01 -2.1493e+00
1.7000e+02 4.0000e+01 -9.3061e-01
1.7000e+02 5.0000e+01 1.1851e+00
1.7000e+02 6.0000e+01 3.0825e-01
1.7000e+02 7.0000e+01 1.4927e+00
1.7000e+02 8.0000e+01 -5.4293e-01
1.7000e+02 9.0000e+01 -5.5605e-01
1.7000e+02 1.0000e+02 -1.0745e+00
1.7000e+02 1.1000e+02 -1.1883e-01
1.7000e+02 1.2000e+02 -1.8762e+00
1.7000e+02 1.3000e+02 -2.2976e+00
1.7000e+02 1.4000e+02 1.5464e+00
1.7000e+02 1.5000e+02 1.7808e+00
1.7000e+02 1.6000e+02 3.6410e-01
1.7000e+02 1.7000e+02 -6.6879e-01
1.7000e+02 1.8000e+02 -4.0980e-01
1.7000e+02 1.9000e+02 9.9761e-01
1.7000e+02 2.0000e+02 1.2584e+00
1.8000e+02 -2.0000e+02 -1.3294e+00
1.8000e+02 -1.9000e+02 5.1408e-01
1.8000e+02 -1.8000e+02 -2.3469e+00
1.8000e+02 -1.7000e+02 -4.4282e-01
1.8000e+02 -1.6000e+02 5.6616e-01
1.8000e+02 -1.5000e+02 -2.6074e+00
1.8000e+02 -1.4000e+02 7.7916e-01
1.8000e+02 -1.3000e+02 -1.3033e-01
1.8000e+02 -1.2000e+02 -1.8464e+00
1.8000e+02 -1.1000e+02 1.1692e+00
1.8000e+02 -1.0000e+02 -1.7498e+00
1.8000e+02 -9.0000e+01 1.2723e+00
1.8000e+02 -8.0000e+01 -1.0770e+00
1.8000e+02 -7.0000e+01 5.1873e-01
1.8000e+02 -6.0000e+01 -9.8918e-01
1.8000e+02 -5.0000e+01 -1.0658e+00
1.8000e+02 -4.0000e+01 -1.2592e+00
1.8000e+02 -3.0000e+01 1.4304e+00
1.8000e+02 -2.0000e+01 4.0214e-01
1.8000e+02 -1.0000e+01 3.3081e-01
1.8000e+02 0.0000e+00 -2.4337e-01
1.8000e+02 1.0000e+01 -1.8898e-01
1.8000e+02 2.0000e+01 -4.3829e-01
1.8000e+02 3.0000e+01 -2.7730e+00
1.8000e+02 4.0000e+01 -3.6081e+00
1.8000e+02 5.0000e+01 -8.9026e-01
1.8000e+02 6.0000e+01 1.7664e+00
1.8000e+02 7.0000e+01 3.3124e-01
1.8000e+02 8.0000e+01 -1.8572e+00
1.8000e+02 9.0000e+01 -2.3145e+00
1.8000e+02 1.0000e+02 2.1111e+00
1.8000e+02 1.1000e+02 9.0172e-01
1.8000e+02 1.2000e+02 2.2697e-03
1.8000e+02 1.3000e+02 1.4204e-01
1.8000e+02 1.4000e+02 6.7052e-01
1.8000e+02 1.5000e+02 7.5730e-01
1.8000e+02 1.6000e+02 -7.2785e-01
1.8000e+02 1.7000e+02 -2.8207e-01
1.8000e+02 1.8000e+02 -1.0298e+00
1.8000e+02 1.9000e+02 3.2173e+00
1.8000e+02 2.0000e+02 -1.5200e-01
1.9000e+02 -2.0000e+02 -8.0242e-01
1.9000e+02 -1.9000e+02 -1.3359e-01
1.9000e+02 -1.8000e+02 8.3636e-01
1.9000e+02 -1.7000e+02 1.2763e-01
1.9000e+02 -1.6000e+02 2.8395e+00
1.9000e+02 -1.5000e+02 -1.2521e-01
1.9000e+02 -1.4000e+02 -1.2099e+00
1.9000e+02 -1.3000e+02 -2.2058e+00
1.9000e+02 -1.2000e+02 1.0520e+00
1.9000e+02 -1.1000e+02 -2.7632e-01
1.9000e+02 -1.0000e+02 2.8730e+00
1.9000e+02 -9.0000e+01 6.0483e-01
1.9000e+02 -8.0000e+01 1.0759e+00
1.9000e+02 -7.0000e+01 -4.2755e-01
1.9000e+02 -6.0000e+01 2.3156e+00
1.9000e+02 -5.0000e+01 2.3776e-01
1.9000e+02 -4.0000e+01 -6.7295e-01
1.9000e+02 -3.0000e+01 -1.9754e+00
1.9000e+02 -2.0000e+01 -4.2638e-02
1.9000e+02 -1.0000e+01 -2.5435e+00
1.9000e+02 0.0000e+00 9.3254e-01
1.9000e+02 1.0000e+01 1.8420e+00
1.9000e+02 2.0000e+01 -7.7308e-01
1.9000e+02 3.0000e+01 2.0901e+00
1.9000e+02 4.0000e+01 1.3151e+00
1.9000e+02 5.0000e+01 2.9222e-01
1.9000e+02 6.0000e+01 2.0607e+00
1.9000e+02 7.0000e+01 1.2714e+00
1.9000e+02 8.0000e+01 -2.2840e+00
1.9000e+02 9.0000e+01 -4.4523e-01
1.9000e+02 1.0000e+02 8.0301e-01
1.9000e+02 1.1000e+02 -1.8188e+00
1.9000e+02 1.2000e+02 -1.1390e+00
1.9000e+02 1.3000e+02 1.8273e+00
1.9000e+02 1.4000e+02 -9.5256e-02
1.9000e+02 1.5000e+02 5.3050e-01
1.9000e+02 1.6000e+02 7.5804e-01
1.9000e+02 1.7000e+02 2.4879e+00
1.9000e+02 1.8000e+02 3.0477e+00
1.9000e+02 1.9000e+02 -1.2233e+00
1.9000e+02 2.0000e+02 -2.2344e+00
2.0000e+02 -2.0000e+02 -8.1497e-01
2.0000e+02 -1.9000e+02 1.6479e+00
2.0000e+02 -1.8000e+02 3.8819e-01
2.0000e+02 -1.7000e+02 -3.5507e-01
2.0000e+02 -1.6000e+02 -2.3041e-01
2.0000e+02 -1.5000e+02 2.1079e-01
2.0000e+02 -1.4000e+02 7.4244e-01
2.0000e+02 -1.3000e+02 8.9344e-01
2.0000e+02 -1.2000e+02 5.3492e-01
2.0000e+02 -1.1000e+02 -2.1428e-02
2.0000e+02 -1.0000e+02 -6.1902e-01
2.0000e+02 -9.0000e+01 4.3051e+00
2.0000e+02 -8.0000e+01 -1.7126e+00
2.0000e+02 -7.0000e+01 -7.7181e-01
2.0000e+02 -6.0000e+01 -2.5207e-01
2.0000e+02 -5.0000e+01 -1.3608e+00
2.0000e+02 -4.0000e+01 -4.3209e-01
2.0000e+02 -3.0000e+01 -1.7385e+00
2.0000e+02 -2.0000e+01 -2.7102e+00
2.0000e+02 -1.0000e+01 -1.5021e+00
2.0000e+02 0.0000e+00 -2.9950e-01
2.0000e+02 1.0000e+01 -1.9810e+00
2.0000e+02 2.0000e+01 1.2748e-01
2.0000e+02 3.0000e+01 1.1461e+00
2.0000e+02 4.0000e+01 1.1351e-01
2.0000e+02 5.0000e+01 -3.2267e+00
2.0000e+02 6.0000e+01 9.6870e-01
2.0000e+02 7.0000e+01 -1.6223e-01
2.0000e+02 8.0000e+01 4.2524e+00
2.0000e+02 9.0000e+01 -2.0586e+00
2.0000e+02 1.0000e+02 7.1219e-01
2.0000e+02 1.1000e+02 1.9049e+00
2.0000e+02 1.2000e+02 2.2109e+00
2.0000e+02 1.3000e+02 2.9035e+00
2.0000e+02 1.4000e+02 -3.5482e-01
2.0000e+02 1.5000e+02 1.1486e+00
2.0000e+02 1.6000e+02 1.7919e+00
2.0000e+02 1.7000e+02 6.2731e-01
2.0000e+02 1.8000e+02 -4.5977e-01
2.0000e+02 1.9000e+02 6.9755e-01
2.0000e+02 2.0000e+02 1.2251e+00
