-2.0000e+02 -2.0000e+02 -1.3755e-01
-2.0000e+02 -1.9000e+02 -1.2007e+00
-2.0000e+02 -1.8000e+02 -1.7364e+00
-2.0000e+02 -1.7000e+02 1.5662e-01
-2.0000e+02 -1.6000e+02 3.2524e-01
-2.0000e+02 -1.5000e+02 5.6804e-01
-2.0000e+02 -1.4000e+02 5.7175e-01
-2.0000e+02 -1.3000e+02 2.2108e-01
-2.0000e+02 -1.2000e+02 6.6906e-02
-2.0000e+02 -1.1000e+02 -7.3814e-03
-2.0000e+02 -1.0000e+02 1.8773e+00
-2.0000e+02 -9.0000e+01 2.3003e-01
-2.0000e+02 -8.0000e+01 -1.3869e+00
-2.0000e+02 -7.0000e+01 -5.1183e-01
-2.0000e+02 -6.0000e+01 -6.8706e-01
-2.0000e+02 -5.0000e+01 -4.7522e-01
-2.0000e+02 -4.0000e+01 4.1808e-01
-2.0000e+02 -3.0000e+01 -1.7193e+00
-2.0000e+02 -2.0000e+01 -2.7347e+00
-2.0000e+02 -1.0000e+01 -5.9363e-01
-2.0000e+02 0.0000e+00 -2.1623e-01
-2.0000e+02 1.0000e+01 -3.1788e-01
-2.0000e+02 2.0000e+01 -1.3976e+00
-2.0000e+02 3.0000e+01 -2.9337e-01
-2.0000e+02 4.0000e+01 2.2239e+00
-2.0000e+02 5.0000e+01 -1.5536e+00
-2.0000e+02 6.0000e+01 -9.3802e-01
-2.0000e+02 7.0000e+01 -5.7017e-01
-2.0000e+02 8.0000e+01 1.7016e+00
-2.0000e+02 9.0000e+01 -3.1799e+00
-2.0000e+02 1.0000e+02 -8.5960e-01
-2.0000e+02 1.1000e+02 -1.5960e+00
-2.0000e+02 1.2000e+02 1.7977e+00
-2.0000e+02 1.3000e+02 1.6396e+00
-2.0000e+02 1.4000e+02 -9.7099e-02
-2.0000e+02 1.5000e+02 1.2884e+00
-2.0000e+02 1.6000e+02 7.4843e-01
-2.0000e+02 1.7000e+02 2.0235e+00
-2.0000e+02 1.8000e+02 -5.8947e-01
-2.0000e+02 1.9000e+02 -3.2983e-01
-2.0000e+02 2.0000e+02 1.0741e+00
-1.9000e+02 -2.0000e+02 -2.1048e+00
-1.9000e+02 -1.9000e+02 3.2071e-01
-1.9000e+02 -1.8000e+02 -2.5900e-01
-1.9000e+02 -1.7000e+02 2.1857e-01
-1.9000e+02 -1.6000e+02 1.1543e+00
-1.9000e+02 -1.5000e+02 1.6967e+00
-1.9000e+02 -1.4000e+02 -3.1913e+00
-1.9000e+02 -1.3000e+02 -1.5332e+00
-1.9000e+02 -1.2000e+02 -2.1271e+00
-1.9000e+02 -1.1000e+02 2.0515e-02
-1.9000e+02 -1.0000e+02 3.7553e-02
-1.9000e+02 -9.0000e+01 2.6863e-01
-1.9000e+02 -8.0000e+01 -1.3543e+00
-1.9000e+02 -7.0000e+01 -4.7230e-01
-1.9000e+02 -6.0000e+01 -2.9652e+00
-1.9000e+02 -5.0000e+01 -3.2542e-01
-1.9000e+02 -4.0000e+01 9.4782e-01
-1.9000e+02 -3.0000e+01 8.7758e-01
-1.9000e+02 -2.0000e+01 -1.9353e-01
-1.9000e+02 -1.0000e+01 1.4739e-01
-1.9000e+02 0.0000e+00 -1.9907e-01
-1.9000e+02 1.0000e+01 -7.0945e-01
-1.9000e+02 2.0000e+01 -1.5317e+00
-1.9000e+02 3.0000e+01 -1.4410e+00
-1.9000e+02 4.0000e+01 1.8808e+00
-1.9000e+02 5.0000e+01 6.3229e-01
-1.9000e+02 6.0000e+01 -7.4000e-01
-1.9000e+02 7.0000e+01 9.3726e-01
-1.9000e+02 8.0000e+01 7.6011e-01
-1.9000e+02 9.0000e+01 -2.6030e+00
-1.9000e+02 1.0000e+02 3.1614e-01
-1.9000e+02 1.1000e+02 -9.0515e-01
-1.9000e+02 1.2000e+02 -2.4276e-01
-1.9000e+02 1.3000e+02 1.1096e-01
-1.9000e+02 1.4000e+02 -1.9584e+00
-1.9000e+02 1.5000e+02 -2.0051e+00
-1.9000e+02 1.6000e+02 5.4125e-01
-1.9000e+02 1.7000e+02 9.1045e-02
-1.9000e+02 1.8000e+02 -3.2498e-01
-1.9000e+02 1.9000e+02 1.0830e+00
-1.9000e+02 2.0000e+02 1.7502e+00
-1.8000e+02 -2.0000e+02 -2.3884e+00
-1.8000e+02 -1.9000e+02 -8.1272e-01
-1.8000e+02 -1.8000e+02 1.8024e-01
-1.8000e+02 -1.7000e+02 6.1420e-01
-1.8000e+02 -1.6000e+02 3.4540e-01
-1.8000e+02 -1.5000e+02 1.2737e+00
-1.8000e+02 -1.4000e+02 -2.7716e+00
-1.8000e+02 -1.3000e+02 4.5137e-01
-1.8000e+02 -1.2000e+02 -1.1195e+00
-1.8000e+02 -1.1000e+02 1.3545e+00
-1.8000e+02 -1.0000e+02 -1.1707e+00
-1.8000e+02 -9.0000e+01 3.8495e-01
-1.8000e+02 -8.0000e+01 -1.4382e+00
-1.8000e+02 -7.0000e+01 -9.4987e-01
-1.8000e+02 -6.0000e+01 8.8727e-01
-1.8000e+02 -5.0000e+01 -6.0720e-01
-1.8000e+02 -4.0000e+01 4.4911e-01
-1.8000e+02 -3.0000e+01 6.1922e-01
-1.8000e+02 -2.0000e+01 1.3623e+00
-1.8000e+02 -1.0000e+01 -3.3891e+00
-1.8000e+02 0.0000e+00 2.0443e-01
-1.8000e+02 1.0000e+01 -4.8995e-01
-1.8000e+02 2.0000e+01 -1.9307e+00
-1.8000e+02 3.0000e+01 -1.7688e+00
-1.8000e+02 4.0000e+01 -2.7707e-01
-1.8000e+02 5.0000e+01 3.5371e+00
-1.8000e+02 6.0000e+01 -2.3655e-01
-1.8000e+02 7.0000e+01 5.7155e-01
-1.8000e+02 8.0000e+01 -1.4241e+00
-1.8000e+02 9.0000e+01 -1.5538e+00
-1.8000e+02 1.0000e+02 -1.4230e+00
-1.8000e+02 1.1000e+02 2.0695e-01
-1.8000e+02 1.2000e+02 4.1088e-01
-1.8000e+02 1.3000e+02 1.2725e-01
-1.8000e+02 1.4000e+02 -5.4897e-01
-1.8000e+02 1.5000e+02 1.0259e+00
-1.8000e+02 1.6000e+02 -1.5125e+00
-1.8000e+02 1.7000e+02 1.0381e+00
-1.8000e+02 1.8000e+02 5.8997e-01
-1.8000e+02 1.9000e+02 -4.4377e-01
-1.8000e+02 2.0000e+02 7.5111e-01
-1.7000e+02 -2.0000e+02 9.5474e-01
-1.7000e+02 -1.9000e+02 -2.9618e+00
-1.7000e+02 -1.8000e+02 3.8225e-01
-1.7000e+02 -1.7000e+02 -9.1186e-01
-1.7000e+02 -1.6000e+02 -1.2041e+00
-1.7000e+02 -1.5000e+02 -1.1117e-01
-1.7000e+02 -1.4000e+02 5.7058e-01
-1.7000e+02 -1.3000e+02 3.5463e-01
-1.7000e+02 -1.2000e+02 -7.2350e-01
-1.7000e+02 -1.1000e+02 2.4219e+00
-1.7000e+02 -1.0000e+02 1.0884e-01
-1.7000e+02 -9.0000e+01 7.3841e-01
-1.7000e+02 -8.0000e+01 3.4548e-01
-1.7000e+02 -7.0000e+01 -5.8054e-01
-1.7000e+02 -6.0000e+01 1.8320e+00
-1.7000e+02 -5.0000e+01 -1.2315e+00
-1.7000e+02 -4.0000e+01 5.1746e-01
-1.7000e+02 -3.0000e+01 -2.2006e+00
-1.7000e+02 -2.0000e+01 -5.9966e-01
-1.7000e+02 -1.0000e+01 -4.1107e-01
-1.7000e+02 0.0000e+00 2.3542e+00
-1.7000e+02 1.0000e+01 4.1067e-01
-1.7000e+02 2.0000e+01 1.2248e-01
-1.7000e+02 3.0000e+01 -3.5926e+00
-1.7000e+02 4.0000e+01 -2.4481e+00
-1.7000e+02 5.0000e+01 -1.2056e+00
-1.7000e+02 6.0000e+01 2.3144e+00
-1.7000e+02 7.0000e+01 2.9736e+00
-1.7000e+02 8.0000e+01 5.9208e-01
-1.7000e+02 9.0000e+01 -2.9381e-01
-1.7000e+02 1.0000e+02 -1.4243e+00
-1.7000e+02 1.1000e+02 -5.4792e-01
-1.7000e+02 1.2000e+02 1.7969e+00
-1.7000e+02 1.3000e+02 1.6432e+00
-1.7000e+02 1.4000e+02 -1.1683e+00
-1.7000e+02 1.5000e+02 4.0411e-01
-1.7000e+02 1.6000e+02 3.5310e+00
-1.7000e+02 1.7000e+02 -3.3887e-01
-1.7000e+02 1.8000e+02 1.2857e+00
-1.7000e+02 1.9000e+02 2.6941e-02
-1.7000e+02 2.0000e+02 3.6803e-03
-1.6000e+02 -2.0000e+02 -1.7553e+00
-1.6000e+02 -1.9000e+02 7.5893e-01
-1.6000e+02 -1.8000e+02 3.5423e+00
-1.6000e+02 -1.7000e+02 1.7289e+00
-1.6000e+02 -1.6000e+02 5.4462e-01
-1.6000e+02 -1.5000e+02 3.6153e-02
-1.6000e+02 -1.4000e+02 -9.7733e-01
-1.6000e+02 -1.3000e+02 7.4738e-01
-1.6000e+02 -1.2000e+02 4.5655e-01
-1.6000e+02 -1.1000e+02 2.3179e+00
-1.6000e+02 -1.0000e+02 -1.2464e+00
-1.6000e+02 -9.0000e+01 3.0610e+00
-1.6000e+02 -8.0000e+01 3.7177e+00
-1.6000e+02 -7.0000e+01 2.9381e+00
-1.6000e+02 -6.0000e+01 -2.4460e+00
-1.6000e+02 -5.0000e+01 -1.9474e-01
-1.6000e+02 -4.0000e+01 -2.4612e+00
-1.6000e+02 -3.0000e+01 -5.6030e-01
-1.6000e+02 -2.0000e+01 -9.5481e-01
-1.6000e+02 -1.0000e+01 -5.7537e-02
-1.6000e+02 0.0000e+00 3.5823e-02
-1.6000e+02 1.0000e+01 -8.7491e-01
-1.6000e+02 2.0000e+01 -4.1026e-01
-1.6000e+02 3.0000e+01 -2.6753e+00
-1.6000e+02 4.0000e+01 1.7145e+00
-1.6000e+02 5.0000e+01 2.2028e+00
-1.6000e+02 6.0000e+01 2.6679e+00
-1.6000e+02 7.0000e+01 1.6599e+00
-1.6000e+02 8.0000e+01 1.3752e+00
-1.6000e+02 9.0000e+01 -2.1248e+00
-1.6000e+02 1.0000e+02 6.4585e-01
-1.6000e+02 1.1000e+02 9.1884e-01
-1.6000e+02 1.2000e+02 2.4954e+00
-1.6000e+02 1.3000e+02 1.0454e+00
-1.6000e+02 1.4000e+02 1.2636e+00
-1.6000e+02 1.5000e+02 -2.8412e+00
-1.6000e+02 1.6000e+02 1.1352e+00
-1.6000e+02 1.7000e+02 -3.4718e-01
-1.6000e+02 1.8000e+02 8.6660e-01
-1.6000e+02 1.9000e+02 3.5065e-01
-1.6000e+02 2.0000e+02 -9.1714e-01
-1.5000e+02 -2.0000e+02 1.6679e+00
-1.5000e+02 -1.9000e+02 -9.2011e-01
-1.5000e+02 -1.8000e+02 -1.5759e+00
-1.5000e+02 -1.7000e+02 9.5553e-01
-1.5000e+02 -1.6000e+02 1.8586e+00
-1.5000e+02 -1.5000e+02 1.0231e+00
-1.5000e+02 -1.4000e+02 5.7535e-01
-1.5000e+02 -1.3000e+02 -1.8161e+00
-1.5000e+02 -1.2000e+02 9.0061e-01
-1.5000e+02 -1.1000e+02 1.3430e+00
-1.5000e+02 -1.0000e+02 -5.8067e-01
-1.5000e+02 -9.0000e+01 8.2921e-01
-1.5000e+02 -8.0000e+01 3.2188e-01
-1.5000e+02 -7.0000e+01 -2.9023e-01
-1.5000e+02 -6.0000e+01 -2.3616e+00
-1.5000e+02 -5.0000e+01 -4.2957e-01
-1.5000e+02 -4.0000e+01 -8.3629e-01
-1.5000e+02 -3.0000e+01 7.0866e-01
-1.5000e+02 -2.0000e+01 5.8079e-01
-1.5000e+02 -1.0000e+01 9.4624e-01
-1.5000e+02 0.0000e+00 -1.9307e-01
-1.5000e+02 1.0000e+01 1.4650e+00
-1.5000e+02 2.0000e+01 4.6276e-02
-1.5000e+02 3.0000e+01 1.2037e+00
-1.5000e+02 4.0000e+01 -9.1564e-01
-1.5000e+02 5.0000e+01 -2.7399e-01
-1.5000e+02 6.0000e+01 -2.0760e-01
-1.5000e+02 7.0000e+01 1.6358e+00
-1.5000e+02 8.0000e+01 -2.5888e+00
-1.5000e+02 9.0000e+01 8.7457e-01
-1.5000e+02 1.0000e+02 -1.4933e-01
-1.5000e+02 1.1000e+02 -2.7428e-01
-1.5000e+02 1.2000e+02 8.5451e-01
-1.5000e+02 1.3000e+02 -1.6059e+00
-1.5000e+02 1.4000e+02 1.7653e+00
-1.5000e+02 1.5000e+02 -8.7105e-01
-1.5000e+02 1.6000e+02 -1.5609e+00
-1.5000e+02 1.7000e+02 1.2548e+00
-1.5000e+02 1.8000e+02 1.0368e+00
-1.5000e+02 1.9000e+02 2.9296e+00
-1.5000e+02 2.0000e+02 -2.1290e+00
-1.4000e+02 -2.0000e+02 2.4313e+00
-1.4000e+02 -1.9000e+02 5.5077e-01
-1.4000e+02 -1.8000e+02 2.1045e+00
-1.4000e+02 -1.7000e+02 6.0477e-01
-1.4000e+02 -1.6000e+02 3.0502e+00
-1.4000e+02 -1.5000e+02 2.4149e+00
-1.4000e+02 -1.4000e+02 1.2265e+00
-1.4000e+02 -1.3000e+02 -1.3306e+00
-1.4000e+02 -1.2000e+02 -6.5702e-01
-1.4000e+02 -1.1000e+02 -5.6678e-01
-1.4000e+02 -1.0000e+02 -6.3811e-01
-1.4000e+02 -9.0000e+01 -8.0467e-01
-1.4000e+02 -8.0000e+01 1.4693e-01
-1.4000e+02 -7.0000e+01 8.7019e-01
-1.4000e+02 -6.0000e+01 -9.0614e-01
-1.4000e+02 -5.0000e+01 -1.6887e+00
-1.4000e+02 -4.0000e+01 -1.3897e+00
-1.4000e+02 -3.0000e+01 1.4092e+00
-1.4000e+02 -2.0000e+01 7.8399e-01
-1.4000e+02 -1.0000e+01 -6.5086e-01
-1.4000e+02 0.0000e+00 -1.6753e+00
-1.4000e+02 1.0000e+01 1.1479e+00
-1.4000e+02 2.0000e+01 -2.5259e-01
-1.4000e+02 3.0000e+01 7.1476e-01
-1.4000e+02 4.0000e+01 -1.9346e+00
-1.4000e+02 5.0000e+01 1.0220e+00
-1.4000e+02 6.0000e+01 -1.0057e+00
-1.4000e+02 7.0000e+01 -1.3740e+00
-1.4000e+02 8.0000e+01 -1.4210e+00
-1.4000e+02 9.0000e+01 -1.1237e+00
-1.4000e+02 1.0000e+02 -1.2542e+00
-1.4000e+02 1.1000e+02 1.0144e+00
-1.4000e+02 1.2000e+02 6.2465e-01
-1.4000e+02 1.3000e+02 -6.7103e-01
-1.4000e+02 1.4000e+02 -8.3915e-01
-1.4000e+02 1.5000e+02 6.5530e-02
-1.4000e+02 1.6000e+02 1.7926e+00
-1.4000e+02 1.7000e+02 2.7133e-01
-1.4000e+02 1.8000e+02 5.7113e-02
-1.4000e+02 1.9000e+02 -1.3012e+00
-1.4000e+02 2.0000e+02 7.6095e-01
-1.3000e+02 -2.0000e+02 -2.0939e+00
-1.3000e+02 -1.9000e+02 5.6467e-01
-1.3000e+02 -1.8000e+02 -2.7817e-01
-1.3000e+02 -1.7000e+02 3.6842e-02
-1.3000e+02 -1.6000e+02 1.3737e-01
-1.3000e+02 -1.5000e+02 -6.4544e-01
-1.3000e+02 -1.4000e+02 -2.8620e+00
-1.3000e+02 -1.3000e+02 -1.6742e+00
-1.3000e+02 -1.2000e+02 -2.8833e-01
-1.3000e+02 -1.1000e+02 -1.9669e+00
-1.3000e+02 -1.0000e+02 -1.1236e+00
-1.3000e+02 -9.0000e+01 3.4196e+00
-1.3000e+02 -8.0000e+01 -9.7040e-01
-1.3000e+02 -7.0000e+01 8.3482e-01
-1.3000e+02 -6.0000e+01 5.4757e-01
-1.3000e+02 -5.0000e+01 3.9425e-01
-1.3000e+02 -4.0000e+01 -1.1478e+00
-1.3000e+02 -3.0000e+01 4.6315e-01
-1.3000e+02 -2.0000e+01 -3.8346e+00
-1.3000e+02 -1.0000e+01 -4.9648e+00
-1.3000e+02 0.0000e+00 1.2890e-02
-1.3000e+02 1.0000e+01 -2.7214e+00
-1.3000e+02 2.0000e+01 -2.7041e+00
-1.3000e+02 3.0000e+01 -1.4774e+00
-1.3000e+02 4.0000e+01 -2.3360e+00
-1.3000e+02 5.0000e+01 -1.3397e+00
-1.3000e+02 6.0000e+01 -2.6020e+00
-1.3000e+02 7.0000e+01 1.1620e+00
-1.3000e+02 8.0000e+01 -4.4406e-01
-1.3000e+02 9.0000e+01 -2.3827e+00
-1.3000e+02 1.0000e+02 9.2863e-01
-1.3000e+02 1.1000e+02 1.6759e+00
-1.3000e+02 1.2000e+02 -5.1756e-01
-1.3000e+02 1.3000e+02 4.2847e-01
-1.3000e+02 1.4000e+02 -5.4631e-01
-1.3000e+02 1.5000e+02 -4.4925e-01
-1.3000e+02 1.6000e+02 -3.8246e-01
-1.3000e+02 1.7000e+02 1.4312e+00
-1.3000e+02 1.8000e+02 -4.3237e-01
-1.3000e+02 1.9000e+02 9.9761e-01
-1.3000e+02 2.0000e+02 -7.6360e-01
-1.2000e+02 -2.0000e+02 -1.5891e+00
-1.2000e+02 -1.9000e+02 -2.9444e-01
-1.2000e+02 -1.8000e+02 -5.6708e-01
-1.2000e+02 -1.7000e+02 -5.4948e-01
-1.2000e+02 -1.6000e+02 -1.3230e+00
-1.2000e+02 -1.5000e+02 -2.3044e+00
-1.2000e+02 -1.4000e+02 8.3647e-01
-1.2000e+02 -1.3000e+02 6.8071e-01
-1.2000e+02 -1.2000e+02 7.9541e-01
-1.2000e+02 -1.1000e+02 8.2125e-02
-1.2000e+02 -1.0000e+02 -1.4027e+00
-1.2000e+02 -9.0000e+01 -1.8404e+00
-1.2000e+02 -8.0000e+01 -2.4835e+00
-1.2000e+02 -7.0000e+01 -1.1066e-01
-1.2000e+02 -6.0000e+01 -9.7434e-01
-1.2000e+02 -5.0000e+01 -1.6779e+00
-1.2000e+02 -4.0000e+01 -2.0778e+00
-1.2000e+02 -3.0000e+01 -3.3267e-01
-1.2000e+02 -2.0000e+01 2.2198e-01
-1.2000e+02 -1.0000e+01 -6.5612e+00
-1.2000e+02 0.0000e+00 -2.4931e+00
-1.2000e+02 1.0000e+01 -5.6390e-01
-1.2000e+02 2.0000e+01 -5.5136e-01
-1.2000e+02 3.0000e+01 7.6858e-01
-1.2000e+02 4.0000e+01 4.3165e-02
-1.2000e+02 5.0000e+01 -2.1406e+00
-1.2000e+02 6.0000e+01 -1.0006e+00
-1.2000e+02 7.0000e+01 1.1601e+00
-1.2000e+02 8.0000e+01 8.6381e-01
-1.2000e+02 9.0000e+01 -3.4784e+00
-1.2000e+02 1.0000e+02 6.2065e-02
-1.2000e+02 1.1000e+02 6.4332e-01
-1.2000e+02 1.2000e+02 -1.1394e-01
-1.2000e+02 1.3000e+02 2.4661e-01
-1.2000e+02 1.4000e+02 -8.2359e-02
-1.2000e+02 1.5000e+02 -4.6589e-01
-1.2000e+02 1.6000e+02 -2.0096e+00
-1.2000e+02 1.7000e+02 -1.7281e-01
-1.2000e+02 1.8000e+02 2.8588e+00
-1.2000e+02 1.9000e+02 -3.8242e-01
-1.2000e+02 2.0000e+02 5.6493e-02
-1.1000e+02 -2.0000e+02 8.2953e-01
-1.1000e+02 -1.9000e+02 7.0158e-01
-1.1000e+02 -1.8000e+02 3.9936e+00
-1.1000e+02 -1.7000e+02 1.5512e+00
-1.1000e+02 -1.6000e+02 -1.1362e+00
-1.1000e+02 -1.5000e+02 1.2570e+00
-1.1000e+02 -1.4000e+02 -1.2661e+00
-1.1000e+02 -1.3000e+02 -1.5633e+00
-1.1000e+02 -1.2000e+02 1.2713e+00
-1.1000e+02 -1.1000e+02 -3.7345e-01
-1.1000e+02 -1.0000e+02 -4.8346e-01
-1.1000e+02 -9.0000e+01 9.9677e-01
-1.1000e+02 -8.0000e+01 -1.0627e+00
-1.1000e+02 -7.0000e+01 -2.8607e+00
-1.1000e+02 -6.0000e+01 7.9506e-01
-1.1000e+02 -5.0000e+01 -2.8191e+00
-1.1000e+02 -4.0000e+01 -3.3686e+00
-1.1000e+02 -3.0000e+01 -1.1516e+00
-1.1000e+02 -2.0000e+01 -3.2070e+00
-1.1000e+02 -1.0000e+01 -3.5824e+00
-1.1000e+02 0.0000e+00 -2.9968e+00
-1.1000e+02 1.0000e+01 -4.4963e+00
-1.1000e+02 2.0000e+01 -1.2745e+00
-1.1000e+02 3.0000e+01 -2.3842e+00
-1.1000e+02 4.0000e+01 -1.3935e+00
-1.1000e+02 5.0000e+01 -3.2079e+00
-1.1000e+02 6.0000e+01 -1.9282e-01
-1.1000e+02 7.0000e+01 1.5409e+00
-1.1000e+02 8.0000e+01 2.4980e-01
-1.1000e+02 9.0000e+01 -2.7514e+00
-1.1000e+02 1.0000e+02 -8.9521e-01
-1.1000e+02 1.1000e+02 -1.7269e+00
-1.1000e+02 1.2000e+02 6.6428e-02
-1.1000e+02 1.3000e+02 -1.2005e+00
-1.1000e+02 1.4000e+02 3.2753e-01
-1.1000e+02 1.5000e+02 -1.6400e+00
-1.1000e+02 1.6000e+02 -1.1128e+00
-1.1000e+02 1.7000e+02 5.5994e-01
-1.1000e+02 1.8000e+02 3.0308e-01
-1.1000e+02 1.9000e+02 -1.1765e+00
-1.1000e+02 2.0000e+02 -2.7333e+00
-1.0000e+02 -2.0000e+02 -1.8387e+00
-1.0000e+02 -1.9000e+02 3.9970e-01
-1.0000e+02 -1.8000e+02 -1.1786e+00
-1.0000e+02 -1.7000e+02 5.0244e-01
-1.0000e+02 -1.6000e+02 2.4621e+00
-1.0000e+02 -1.5000e+02 -2.8655e-02
-1.0000e+02 -1.4000e+02 -2.0455e+00
-1.0000e+02 -1.3000e+02 4.3996e-01
-1.0000e+02 -1.2000e+02 -5.5942e-01
-1.0000e+02 -1.1000e+02 -6.7775e-01
-1.0000e+02 -1.0000e+02 -6.6489e-02
-1.0000e+02 -9.0000e+01 -3.4616e-01
-1.0000e+02 -8.0000e+01 -1.0862e+00
-1.0000e+02 -7.0000e+01 -3.8121e+00
-1.0000e+02 -6.0000e+01 -2.8899e+00
-1.0000e+02 -5.0000e+01 -3.5823e+00
-1.0000e+02 -4.0000e+01 -1.7982e+00
-1.0000e+02 -3.0000e+01 -1.6652e+00
-1.0000e+02 -2.0000e+01 -3.3518e+00
-1.0000e+02 -1.0000e+01 -2.0865e+00
-1.0000e+02 0.0000e+00 -5.1893e+00
-1.0000e+02 1.0000e+01 -3.0832e+00
-1.0000e+02 2.0000e+01 -4.4047e+00
-1.0000e+02 3.0000e+01 -1.0624e+00
-1.0000e+02 4.0000e+01 -3.8045e+00
-1.0000e+02 5.0000e+01 -2.9002e+00
-1.0000e+02 6.0000e+01 -1.3053e+00
-1.0000e+02 7.0000e+01 -2.9498e+00
-1.0000e+02 8.0000e+01 -2.6721e+00
-1.0000e+02 9.0000e+01 -1.7422e+00
-1.0000e+02 1.0000e+02 2.5226e-01
-1.0000e+02 1.1000e+02 -2.5066e+00
-1.0000e+02 1.2000e+02 -2.0911e-01
-1.0000e+02 1.3000e+02 2.4377e+00
-1.0000e+02 1.4000e+02 1.1067e-01
-1.0000e+02 1.5000e+02 -2.0295e-01
-1.0000e+02 1.6000e+02 1.0211e+00
-1.0000e+02 1.7000e+02 -2.4052e+00
-1.0000e+02 1.8000e+02 -7.8871e-02
-1.0000e+02 1.9000e+02 -3.7691e-01
-1.0000e+02 2.0000e+02 -3.1960e-01
-9.0000e+01 -2.0000e+02 -9.9892e-01
-9.0000e+01 -1.9000e+02 5.5328e-01
-9.0000e+01 -1.8000e+02 -2.7327e+00
-9.0000e+01 -1.7000e+02 1.0602e+00
-9.0000e+01 -1.6000e+02 1.9695e+00
-9.0000e+01 -1.5000e+02 -9.8067e-01
-9.0000e+01 -1.4000e+02 -1.9876e+00
-9.0000e+01 -1.3000e+02 3.1852e-01
-9.0000e+01 -1.2000e+02 3.7806e-01
-9.0000e+01 -1.1000e+02 2.1553e+00
-9.0000e+01 -1.0000e+02 -2.1922e+00
-9.0000e+01 -9.0000e+01 -7.6480e-01
-9.0000e+01 -8.0000e+01 -1.3167e+00
-9.0000e+01 -7.0000e+01 3.3758e-01
-9.0000e+01 -6.0000e+01 -8.7890e-01
-9.0000e+01 -5.0000e+01 -3.7356e+00
-9.0000e+01 -4.0000e+01 -5.8968e+00
-9.0000e+01 -3.0000e+01 -3.2010e+00
-9.0000e+01 -2.0000e+01 -4.2433e+00
-9.0000e+01 -1.0000e+01 -5.4784e+00
-9.0000e+01 0.0000e+00 -5.1950e+00
-9.0000e+01 1.0000e+01 -4.1275e+00
-9.0000e+01 2.0000e+01 -2.8649e+00
-9.0000e+01 3.0000e+01 -5.7645e+00
-9.0000e+01 4.0000e+01 -4.7592e-01
-9.0000e+01 5.0000e+01 -2.2178e+00
-9.0000e+01 6.0000e+01 -2.1566e+00
-9.0000e+01 7.0000e+01 -2.0178e+00
-9.0000e+01 8.0000e+01 1.3491e-01
-9.0000e+01 9.0000e+01 -2.0603e-01
-9.0000e+01 1.0000e+02 3.5154e-01
-9.0000e+01 1.1000e+02 6.6102e-01
-9.0000e+01 1.2000e+02 2.1919e+00
-9.0000e+01 1.3000e+02 -8.3280e-01
-9.0000e+01 1.4000e+02 9.7698e-01
-9.0000e+01 1.5000e+02 -1.7442e+00
-9.0000e+01 1.6000e+02 -5.2935e-01
-9.0000e+01 1.7000e+02 4.9435e-01
-9.0000e+01 1.8000e+02 3.2847e-01
-9.0000e+01 1.9000e+02 1.8553e-01
-9.0000e+01 2.0000e+02 9.5995e-01
-8.0000e+01 -2.0000e+02 1.1440e+00
-8.0000e+01 -1.9000e+02 -1.6228e+00
-8.0000e+01 -1.8000e+02 -2.1670e+00
-8.0000e+01 -1.7000e+02 -6.7131e-01
-8.0000e+01 -1.6000e+02 -2.7866e-01
-8.0000e+01 -1.5000e+02 -2.2777e+00
-8.0000e+01 -1.4000e+02 -7.0363e-01
-8.0000e+01 -1.3000e+02 -1.7781e+00
-8.0000e+01 -1.2000e+02 1.3736e-01
-8.0000e+01 -1.1000e+02 -1.7225e-01
-8.0000e+01 -1.0000e+02 -1.3283e+00
-8.0000e+01 -9.0000e+01 1.0093e+00
-8.0000e+01 -8.0000e+01 -7.1710e-01
-8.0000e+01 -7.0000e+01 -3.2865e+00
-8.0000e+01 -6.0000e+01 -1.3328e+00
-8.0000e+01 -5.0000e+01 -2.8006e+00
-8.0000e+01 -4.0000e+01 -5.1641e+00
-8.0000e+01 -3.0000e+01 -5.1875e+00
-8.0000e+01 -2.0000e+01 -4.7355e+00
-8.0000e+01 -1.0000e+01 -5.5129e+00
-8.0000e+01 0.0000e+00 -4.1871e+00
-8.0000e+01 1.0000e+01 -5.9082e+00
-8.0000e+01 2.0000e+01 -5.4470e+00
-8.0000e+01 3.0000e+01 -4.5852e+00
-8.0000e+01 4.0000e+01 -3.5380e+00
-8.0000e+01 5.0000e+01 -4.9282e+00
-8.0000e+01 6.0000e+01 -4.9732e+00
-8.0000e+01 7.0000e+01 -1.6629e+00
-8.0000e+01 8.0000e+01 -2.4611e-01
-8.0000e+01 9.0000e+01 -2.2038e+00
-8.0000e+01 1.0000e+02 -5.1661e-01
-8.0000e+01 1.1000e+02 -2.9042e+00
-8.0000e+01 1.2000e+02 -1.7581e+00
-8.0000e+01 1.3000e+02 4.8260e-01
-8.0000e+01 1.4000e+02 1.4126e+00
-8.0000e+01 1.5000e+02 -9.2140e-02
-8.0000e+01 1.6000e+02 -4.0086e-01
-8.0000e+01 1.7000e+02 -1.4284e+00
-8.0000e+01 1.8000e+02 8.1560e-01
-8.0000e+01 1.9000e+02 7.1963e-01
-8.0000e+01 2.0000e+02 -1.9707e+00
-7.0000e+01 -2.0000e+02 6.3467e-02
-7.0000e+01 -1.9000e+02 -2.5634e-01
-7.0000e+01 -1.8000e+02 -1.2403e+00
-7.0000e+01 -1.7000e+02 3.4242e-01
-7.0000e+01 -1.6000e+02 7.4682e-01
-7.0000e+01 -1.5000e+02 9.1500e-01
-7.0000e+01 -1.4000e+02 -2.7108e-01
-7.0000e+01 -1.3000e+02 -2.4880e+00
-7.0000e+01 -1.2000e+02 -3.4874e+00
-7.0000e+01 -1.1000e+02 -1.5806e+00
-7.0000e+01 -1.0000e+02 -1.1833e+00
-7.0000e+01 -9.0000e+01 -2.2974e+00
-7.0000e+01 -8.0000e+01 -1.1465e+00
-7.0000e+01 -7.0000e+01 -4.9543e+00
-7.0000e+01 -6.0000e+01 -3.6989e+00
-7.0000e+01 -5.0000e+01 -4.2652e+00
-7.0000e+01 -4.0000e+01 -7.6884e+00
-7.0000e+01 -3.0000e+01 -6.3504e+00
-7.0000e+01 -2.0000e+01 -5.5551e+00
-7.0000e+01 -1.0000e+01 -5.4126e+00
-7.0000e+01 0.0000e+00 -8.3055e+00
-7.0000e+01 1.0000e+01 -8.0001e+00
-7.0000e+01 2.0000e+01 -4.1662e+00
-7.0000e+01 3.0000e+01 -7.6207e+00
-7.0000e+01 4.0000e+01 -5.8214e+00
-7.0000e+01 5.0000e+01 -6.5869e+00
-7.0000e+01 6.0000e+01 -5.3872e+00
-7.0000e+01 7.0000e+01 -5.2316e+00
-7.0000e+01 8.0000e+01 -2.2159e+00
-7.0000e+01 9.0000e+01 -2.1407e+00
-7.0000e+01 1.0000e+02 -2.9908e+00
-7.0000e+01 1.1000e+02 4.2516e-01
-7.0000e+01 1.2000e+02 2.8319e+00
-7.0000e+01 1.3000e+02 -1.1505e+00
-7.0000e+01 1.4000e+02 -1.3896e+00
-7.0000e+01 1.5000e+02 1.9125e+00
-7.0000e+01 1.6000e+02 -9.6089e-01
-7.0000e+01 1.7000e+02 8.5852e-01
-7.0000e+01 1.8000e+02 3.4947e-01
-7.0000e+01 1.9000e+02 6.9553e-01
-7.0000e+01 2.0000e+02 -2.7359e-01
-6.0000e+01 -2.0000e+02 1.0022e+00
-6.0000e+01 -1.9000e+02 -2.0136e+00
-6.0000e+01 -1.8000e+02 -3.2508e+00
-6.0000e+01 -1.7000e+02 8.9513e-01
-6.0000e+01 -1.6000e+02 -2.4573e+00
-6.0000e+01 -1.5000e+02 -2.0764e-01
-6.0000e+01 -1.4000e+02 2.9801e-01
-6.0000e+01 -1.3000e+02 -1.3132e-01
-6.0000e+01 -1.2000e+02 -2.1160e+00
-6.0000e+01 -1.1000e+02 -1.1704e+00
-6.0000e+01 -1.0000e+02 -4.1685e+00
-6.0000e+01 -9.0000e+01 -1.6395e+00
-6.0000e+01 -8.0000e+01 -3.1978e+00
-6.0000e+01 -7.0000e+01 -4.3741e+00
-6.0000e+01 -6.0000e+01 -3.8596e+00
-6.0000e+01 -5.0000e+01 -4.4283e+00
-6.0000e+01 -4.0000e+01 -8.7614e+00
-6.0000e+01 -3.0000e+01 -8.3787e+00
-6.0000e+01 -2.0000e+01 -8.0021e+00
-6.0000e+01 -1.0000e+01 -1.0190e+01
-6.0000e+01 0.0000e+00 -7.2434e+00
-6.0000e+01 1.0000e+01 -1.0244e+01
-6.0000e+01 2.0000e+01 -7.2152e+00
-6.0000e+01 3.0000e+01 -7.2126e+00
-6.0000e+01 4.0000e+01 -6.6542e+00
-6.0000e+01 5.0000e+01 -4.6626e+00
-6.0000e+01 6.0000e+01 -4.3171e+00
-6.0000e+01 7.0000e+01 -8.0417e-01
-6.0000e+01 8.0000e+01 -7.0850e+00
-6.0000e+01 9.0000e+01 -2.0142e+00
-6.0000e+01 1.0000e+02 -2.4072e+00
-6.0000e+01 1.1000e+02 3.2370e-03
-6.0000e+01 1.2000e+02 -1.4700e+00
-6.0000e+01 1.3000e+02 1.1921e+00
-6.0000e+01 1.4000e+02 -3.5957e+00
-6.0000e+01 1.5000e+02 -2.4305e+00
-6.0000e+01 1.6000e+02 2.9823e-01
-6.0000e+01 1.7000e+02 -1.9715e+00
-6.0000e+01 1.8000e+02 7.4739e-01
-6.0000e+01 1.9000e+02 3.7143e+00
-6.0000e+01 2.0000e+02 -1.8563e+00
-5.0000e+01 -2.0000e+02 -1.5390e+00
-5.0000e+01 -1.9000e+02 -7.9763e-01
-5.0000e+01 -1.8000e+02 -2.1471e+00
-5.0000e+01 -1.7000e+02 9.2463e-01
-5.0000e+01 -1.6000e+02 1.4302e+00
-5.0000e+01 -1.5000e+02 3.2924e-02
-5.0000e+01 -1.4000e+02 -9.5298e-01
-5.0000e+01 -1.3000e+02 -5.8619e-01
-5.0000e+01 -1.2000e+02 -8.8764e-01
-5.0000e+01 -1.1000e+02 -2.6910e+00
-5.0000e+01 -1.0000e+02 -2.3282e+00
-5.0000e+01 -9.0000e+01 -4.0700e+00
-5.0000e+01 -8.0000e+01 -5.1398e+00
-5.0000e+01 -7.0000e+01 -6.3467e+00
-5.0000e+01 -6.0000e+01 -6.3047e+00
-5.0000e+01 -5.0000e+01 -5.8737e+00
-5.0000e+01 -4.0000e+01 -7.5763e+00
-5.0000e+01 -3.0000e+01 -8.0790e+00
-5.0000e+01 -2.0000e+01 -9.4277e+00
-5.0000e+01 -1.0000e+01 -8.1134e+00
-5.0000e+01 0.0000e+00 -1.1395e+01
-5.0000e+01 1.0000e+01 -1.0203e+01
-5.0000e+01 2.0000e+01 -1.1384e+01
-5.0000e+01 3.0000e+01 -7.9176e+00
-5.0000e+01 4.0000e+01 -5.8748e+00
-5.0000e+01 5.0000e+01 -5.8616e+00
-5.0000e+01 6.0000e+01 -5.2234e+00
-5.0000e+01 7.0000e+01 -5.1621e+00
-5.0000e+01 8.0000e+01 -4.4278e+00
-5.0000e+01 9.0000e+01 -2.8983e+00
-5.0000e+01 1.0000e+02 -8.8768e-02
-5.0000e+01 1.1000e+02 1.1935e-01
-5.0000e+01 1.2000e+02 -2.4352e+00
-5.0000e+01 1.3000e+02 -1.9220e+00
-5.0000e+01 1.4000e+02 -1.0576e+00
-5.0000e+01 1.5000e+02 -9.2351e-01
-5.0000e+01 1.6000e+02 -2.6060e+00
-5.0000e+01 1.7000e+02 1.6148e+00
-5.0000e+01 1.8000e+02 -1.6654e+00
-5.0000e+01 1.9000e+02 1.3146e+00
-5.0000e+01 2.0000e+02 -5.6145e-01
-4.0000e+01 -2.0000e+02 -2.1545e-01
-4.0000e+01 -1.9000e+02 9.8772e-02
-4.0000e+01 -1.8000e+02 3.7575e+00
-4.0000e+01 -1.7000e+02 -1.0939e+00
-4.0000e+01 -1.6000e+02 -2.6024e+00
-4.0000e+01 -1.5000e+02 -1.4641e+00
-4.0000e+01 -1.4000e+02 8.7388e-01
-4.0000e+01 -1.3000e+02 -4.8683e-02
-4.0000e+01 -1.2000e+02 1.7388e+00
-4.0000e+01 -1.1000e+02 -1.9291e+00
-4.0000e+01 -1.0000e+02 -4.0399e+00
-4.0000e+01 -9.0000e+01 -2.6971e+00
-4.0000e+01 -8.0000e+01 -2.6718e+00
-4.0000e+01 -7.0000e+01 -3.3486e+00
-4.0000e+01 -6.0000e+01 -4.2912e+00
-4.0000e+01 -5.0000e+01 -7.3967e+00
-4.0000e+01 -4.0000e+01 -8.0942e+00
-4.0000e+01 -3.0000e+01 -1.0603e+01
-4.0000e+01 -2.0000e+01 -1.0999e+01
-4.0000e+01 -1.0000e+01 -1.2340e+01
-4.0000e+01 0.0000e+00 -1.2330e+01
-4.0000e+01 1.0000e+01 -1.3058e+01
-4.0000e+01 2.0000e+01 -1.1449e+01
-4.0000e+01 3.0000e+01 -9.3302e+00
-4.0000e+01 4.0000e+01 -8.8054e+00
-4.0000e+01 5.0000e+01 -8.7159e+00
-4.0000e+01 6.0000e+01 -6.8924e+00
-4.0000e+01 7.0000e+01 -3.8935e+00
-4.0000e+01 8.0000e+01 -3.2222e+00
-4.0000e+01 9.0000e+01 -1.7251e+00
-4.0000e+01 1.0000e+02 -2.0710e+00
-4.0000e+01 1.1000e+02 -1.2633e+00
-4.0000e+01 1.2000e+02 -3.7097e+00
-4.0000e+01 1.3000e+02 -1.1971e+00
-4.0000e+01 1.4000e+02 7.4890e-01
-4.0000e+01 1.5000e+02 -2.0112e-01
-4.0000e+01 1.6000e+02 -7.1762e-01
-4.0000e+01 1.7000e+02 -8.3331e-01
-4.0000e+01 1.8000e+02 -2.9943e+00
-4.0000e+01 1.9000e+02 -6.4228e-01
-4.0000e+01 2.0000e+02 -5.0492e-01
-3.0000e+01 -2.0000e+02 5.7187e-01
-3.0000e+01 -1.9000e+02 -5.3533e-01
-3.0000e+01 -1.8000e+02 -1.7011e+00
-3.0000e+01 -1.7000e+02 -5.8318e-02
-3.0000e+01 -1.6000e+02 -1.0428e+00
-3.0000e+01 -1.5000e+02 -1.0143e+00
-3.0000e+01 -1.4000e+02 -2.8206e-01
-3.0000e+01 -1.3000e+02 5.4259e-01
-3.0000e+01 -1.2000e+02 1.2036e+00
-3.0000e+01 -1.1000e+02 -1.4598e-01
-3.0000e+01 -1.0000e+02 -3.5722e+00
-3.0000e+01 -9.0000e+01 -4.1022e+00
-3.0000e+01 -8.0000e+01 -6.3269e+00
-3.0000e+01 -7.0000e+01 -7.4896e+00
-3.0000e+01 -6.0000e+01 -8.6071e+00
-3.0000e+01 -5.0000e+01 -7.5462e+00
-3.0000e+01 -4.0000e+01 -9.3271e+00
-3.0000e+01 -3.0000e+01 -1.1809e+01
-3.0000e+01 -2.0000e+01 -1.1255e+01
-3.0000e+01 -1.0000e+01 -1.0907e+01
-3.0000e+01 0.0000e+00 -1.1258e+01
-3.0000e+01 1.0000e+01 -1.2881e+01
-3.0000e+01 2.0000e+01 -1.3225e+01
-3.0000e+01 3.0000e+01 -1.4837e+01
-3.0000e+01 4.0000e+01 -1.1338e+01
-3.0000e+01 5.0000e+01 -8.6443e+00
-3.0000e+01 6.0000e+01 -8.7140e+00
-3.0000e+01 7.0000e+01 -7.4386e+00
-3.0000e+01 8.0000e+01 -3.8719e+00
-3.0000e+01 9.0000e+01 -1.7113e+00
-3.0000e+01 1.0000e+02 -3.4464e+00
-3.0000e+01 1.1000e+02 -8.3145e-01
-3.0000e+01 1.2000e+02 -1.0277e+00
-3.0000e+01 1.3000e+02 1.5540e-03
-3.0000e+01 1.4000e+02 -4.1852e-01
-3.0000e+01 1.5000e+02 5.6816e-01
-3.0000e+01 1.6000e+02 -1.4190e+00
-3.0000e+01 1.7000e+02 -5.7922e-01
-3.0000e+01 1.8000e+02 2.6117e+00
-3.0000e+01 1.9000e+02 4.8895e-01
-3.0000e+01 2.0000e+02 -8.1274e-02
-2.0000e+01 -2.0000e+02 8.8293e-03
-2.0000e+01 -1.9000e+02 2.6753e-01
-2.0000e+01 -1.8000e+02 -1.8364e+00
-2.0000e+01 -1.7000e+02 -1.1473e-01
-2.0000e+01 -1.6000e+02 1.7190e+00
-2.0000e+01 -1.5000e+02 -1.3595e+00
-2.0000e+01 -1.4000e+02 -1.8035e+00
-2.0000e+01 -1.3000e+02 -2.9236e+00
-2.0000e+01 -1.2000e+02 -3.3339e+00
-2.0000e+01 -1.1000e+02 -1.2185e-01
-2.0000e+01 -1.0000e+02 2.7986e-02
-2.0000e+01 -9.0000e+01 -3.2035e+00
-2.0000e+01 -8.0000e+01 -4.8822e+00
-2.0000e+01 -7.0000e+01 -5.2539e+00
-2.0000e+01 -6.0000e+01 -1.1494e+01
-2.0000e+01 -5.0000e+01 -8.6550e+00
-2.0000e+01 -4.0000e+01 -9.7712e+00
-2.0000e+01 -3.0000e+01 -1.4479e+01
-2.0000e+01 -2.0000e+01 -1.1926e+01
-2.0000e+01 -1.0000e+01 -1.2098e+01
-2.0000e+01 0.0000e+00 -1.4236e+01
-2.0000e+01 1.0000e+01 -1.4075e+01
-2.0000e+01 2.0000e+01 -1.4271e+01
-2.0000e+01 3.0000e+01 -1.4139e+01
-2.0000e+01 4.0000e+01 -9.4613e+00
-2.0000e+01 5.0000e+01 -9.6629e+00
-2.0000e+01 6.0000e+01 -6.2875e+00
-2.0000e+01 7.0000e+01 -6.1261e+00
-2.0000e+01 8.0000e+01 -8.4926e+00
-2.0000e+01 9.0000e+01 -3.7718e+00
-2.0000e+01 1.0000e+02 -2.7298e+00
-2.0000e+01 1.1000e+02 -2.1368e+00
-2.0000e+01 1.2000e+02 2.0863e+00
-2.0000e+01 1.3000e+02 4.4518e-01
-2.0000e+01 1.4000e+02 -2.1854e-01
-2.0000e+01 1.5000e+02 -1.7476e+00
-2.0000e+01 1.6000e+02 -1.1441e+00
-2.0000e+01 1.7000e+02 -7.8973e-01
-2.0000e+01 1.8000e+02 2.1007e+00
-2.0000e+01 1.9000e+02 -4.6013e-01
-2.0000e+01 2.0000e+02 -2.4632e+00
-1.0000e+01 -2.0000e+02 -1.0000e+00
-1.0000e+01 -1.9000e+02 5.8757e-01
-1.0000e+01 -1.8000e+02 3.4915e-02
-1.0000e+01 -1.7000e+02 9.3532e-03
-1.0000e+01 -1.6000e+02 -1.6197e+00
-1.0000e+01 -1.5000e+02 -3.4817e-01
-1.0000e+01 -1.4000e+02 -1.4823e+00
-1.0000e+01 -1.3000e+02 -2.6407e+00
-1.0000e+01 -1.2000e+02 -1.2713e+00
-1.0000e+01 -1.1000e+02 -8.5584e-01
-1.0000e+01 -1.0000e+02 -1.8416e+00
-1.0000e+01 -9.0000e+01 -2.5956e+00
-1.0000e+01 -8.0000e+01 -7.1199e+00
-1.0000e+01 -7.0000e+01 -9.3418e+00
-1.0000e+01 -6.0000e+01 -1.0990e+01
-1.0000e+01 -5.0000e+01 -1.0450e+01
-1.0000e+01 -4.0000e+01 -1.3927e+01
-1.0000e+01 -3.0000e+01 -1.3676e+01
-1.0000e+01 -2.0000e+01 -1.3007e+01
-1.0000e+01 -1.0000e+01 -1.4621e+01
-1.0000e+01 0.0000e+00 -1.5178e+01
-1.0000e+01 1.0000e+01 -1.4142e+01
-1.0000e+01 2.0000e+01 -1.5589e+01
-1.0000e+01 3.0000e+01 -1.1683e+01
-1.0000e+01 4.0000e+01 -1.3133e+01
-1.0000e+01 5.0000e+01 -1.2111e+01
-1.0000e+01 6.0000e+01 -8.7376e+00
-1.0000e+01 7.0000e+01 -7.3733e+00
-1.0000e+01 8.0000e+01 -3.9850e+00
-1.0000e+01 9.0000e+01 -1.6222e+00
-1.0000e+01 1.0000e+02 -2.3241e+00
-1.0000e+01 1.1000e+02 3.7124e-01
-1.0000e+01 1.2000e+02 -2.9189e+00
-1.0000e+01 1.3000e+02 -1.4386e+00
-1.0000e+01 1.4000e+02 -7.2454e-01
-1.0000e+01 1.5000e+02 -1.6029e+00
-1.0000e+01 1.6000e+02 1.9893e+00
-1.0000e+01 1.7000e+02 -1.7021e+00
-1.0000e+01 1.8000e+02 -7.1212e-02
-1.0000e+01 1.9000e+02 1.7770e+00
-1.0000e+01 2.0000e+02 8.0492e-01
0.0000e+00 -2.0000e+02 -3.0569e+00
0.0000e+00 -1.9000e+02 -6.5926e-01
0.0000e+00 -1.8000e+02 1.0344e+00
0.0000e+00 -1.7000e+02 -2.4793e+00
0.0000e+00 -1.6000e+02 -1.0436e+00
0.0000e+00 -1.5000e+02 1.3056e+00
0.0000e+00 -1.4000e+02 3.6321e-02
0.0000e+00 -1.3000e+02 -1.0698e+00
0.0000e+00 -1.2000e+02 -1.5431e+00
0.0000e+00 -1.1000e+02 -4.3936e+00
0.0000e+00 -1.0000e+02 -4.3506e+00
0.0000e+00 -9.0000e+01 -1.6763e+00
0.0000e+00 -8.0000e+01 -5.6437e+00
0.0000e+00 -7.0000e+01 -6.8163e+00
0.0000e+00 -6.0000e+01 -9.9654e+00
0.0000e+00 -5.0000e+01 -1.0611e+01
0.0000e+00 -4.0000e+01 -1.1641e+01
0.0000e+00 -3.0000e+01 -1.1368e+01
0.0000e+00 -2.0000e+01 -1.5548e+01
0.0000e+00 -1.0000e+01 -1.2509e+01
0.0000e+00 0.0000e+00 -1.6293e+01
0.0000e+00 1.0000e+01 -1.3736e+01
0.0000e+00 2.0000e+01 -1.6487e+01
0.0000e+00 3.0000e+01 -1.3424e+01
0.0000e+00 4.0000e+01 -9.8214e+00
0.0000e+00 5.0000e+01 -9.1907e+00
0.0000e+00 6.0000e+01 -6.6272e+00
0.0000e+00 7.0000e+01 -6.3580e+00
0.0000e+00 8.0000e+01 -6.8326e+00
0.0000e+00 9.0000e+01 -1.6451e+00
0.0000e+00 1.0000e+02 -2.6055e-01
0.0000e+00 1.1000e+02 1.3391e+00
0.0000e+00 1.2000e+02 -2.8838e-01
0.0000e+00 1.3000e+02 -3.3641e+00
0.0000e+00 1.4000e+02 -4.4630e+00
0.0000e+00 1.5000e+02 -3.9607e-01
0.0000e+00 1.6000e+02 9.7984e-01
0.0000e+00 1.7000e+02 2.7248e+00
0.0000e+00 1.8000e+02 -6.4440e-01
0.0000e+00 1.9000e+02 -5.6310e-01
0.0000e+00 2.0000e+02 3.8767e-01
1.0000e+01 -2.0000e+02 2.3557e+00
1.0000e+01 -1.9000e+02 5.0358e+00
1.0000e+01 -1.8000e+02 5.0295e-01
1.0000e+01 -1.7000e+02 8.7440e-01
1.0000e+01 -1.6000e+02 -1.1210e+00
1.0000e+01 -1.5000e+02 -2.5979e+00
1.0000e+01 -1.4000e+02 -2.4577e+00
1.0000e+01 -1.3000e+02 -2.4414e+00
1.0000e+01 -1.2000e+02 3.3231e-01
1.0000e+01 -1.1000e+02 -2.1060e+00
1.0000e+01 -1.0000e+02 -1.2217e+00
1.0000e+01 -9.0000e+01 -4.4858e+00
1.0000e+01 -8.0000e+01 -4.9413e+00
1.0000e+01 -7.0000e+01 -1.0240e+01
1.0000e+01 -6.0000e+01 -7.0467e+00
1.0000e+01 -5.0000e+01 -9.7219e+00
1.0000e+01 -4.0000e+01 -9.1458e+00
1.0000e+01 -3.0000e+01 -1.2300e+01
1.0000e+01 -2.0000e+01 -1.4110e+01
1.0000e+01 -1.0000e+01 -1.4406e+01
1.0000e+01 0.0000e+00 -1.4904e+01
1.0000e+01 1.0000e+01 -1.6522e+01
1.0000e+01 2.0000e+01 -1.5008e+01
1.0000e+01 3.0000e+01 -1.3335e+01
1.0000e+01 4.0000e+01 -1.1003e+01
1.0000e+01 5.0000e+01 -1.1384e+01
1.0000e+01 6.0000e+01 -7.6879e+00
1.0000e+01 7.0000e+01 -4.5342e+00
1.0000e+01 8.0000e+01 -6.3820e+00
1.0000e+01 9.0000e+01 -3.0186e+00
1.0000e+01 1.0000e+02 -2.3325e+00
1.0000e+01 1.1000e+02 -1.9102e+00
1.0000e+01 1.2000e+02 -1.3716e+00
1.0000e+01 1.3000e+02 -1.1674e+00
1.0000e+01 1.4000e+02 -1.0504e+00
1.0000e+01 1.5000e+02 -4.9187e-01
1.0000e+01 1.6000e+02 9.2848e-01
1.0000e+01 1.7000e+02 -2.7662e-01
1.0000e+01 1.8000e+02 4.3348e-01
1.0000e+01 1.9000e+02 6.0738e-01
1.0000e+01 2.0000e+02 -8.6111e-01
2.0000e+01 -2.0000e+02 -2.1827e-01
2.0000e+01 -1.9000e+02 -2.1719e+00
2.0000e+01 -1.8000e+02 1.1352e+00
2.0000e+01 -1.7000e+02 3.1794e+00
2.0000e+01 -1.6000e+02 2.9229e+00
2.0000e+01 -1.5000e+02 3.5696e-01
2.0000e+01 -1.4000e+02 -7.1559e-01
2.0000e+01 -1.3000e+02 -1.9641e+00
2.0000e+01 -1.2000e+02 -3.0758e+00
2.0000e+01 -1.1000e+02 -2.5374e+00
2.0000e+01 -1.0000e+02 -3.3908e+00
2.0000e+01 -9.0000e+01 -4.4432e+00
2.0000e+01 -8.0000e+01 -4.7557e+00
2.0000e+01 -7.0000e+01 -6.5944e+00
2.0000e+01 -6.0000e+01 -1.0549e+01
2.0000e+01 -5.0000e+01 -6.7154e+00
2.0000e+01 -4.0000e+01 -1.2738e+01
2.0000e+01 -3.0000e+01 -1.1428e+01
2.0000e+01 -2.0000e+01 -1.2527e+01
2.0000e+01 -1.0000e+01 -1.4360e+01
2.0000e+01 0.0000e+00 -1.8449e+01
2.0000e+01 1.0000e+01 -1.2813e+01
2.0000e+01 2.0000e+01 -1.5067e+01
2.0000e+01 3.0000e+01 -1.0724e+01
2.0000e+01 4.0000e+01 -9.1983e+00
2.0000e+01 5.0000e+01 -9.7505e+00
2.0000e+01 6.0000e+01 -7.9549e+00
2.0000e+01 7.0000e+01 -5.5055e+00
2.0000e+01 8.0000e+01 -7.0968e+00
2.0000e+01 9.0000e+01 -4.8023e+00
2.0000e+01 1.0000e+02 -2.7082e+00
2.0000e+01 1.1000e+02 -3.5048e+00
2.0000e+01 1.2000e+02 -4.4741e+00
2.0000e+01 1.3000e+02 -1.3471e+00
2.0000e+01 1.4000e+02 -1.3964e+00
2.0000e+01 1.5000e+02 1.5551e-01
2.0000e+01 1.6000e+02 -3.7770e-01
2.0000e+01 1.7000e+02 -7.7750e-01
2.0000e+01 1.8000e+02 1.3150e+00
2.0000e+01 1.9000e+02 -1.0818e+00
2.0000e+01 2.0000e+02 9.3263e-02
3.0000e+01 -2.0000e+02 -1.1343e-01
3.0000e+01 -1.9000e+02 -1.3368e+00
3.0000e+01 -1.8000e+02 5.6887e-01
3.0000e+01 -1.7000e+02 -9.6755e-01
3.0000e+01 -1.6000e+02 -2.3165e-01
3.0000e+01 -1.5000e+02 3.4071e+00
3.0000e+01 -1.4000e+02 -1.5431e+00
3.0000e+01 -1.3000e+02 5.1540e-01
3.0000e+01 -1.2000e+02 -1.0769e-01
3.0000e+01 -1.1000e+02 -3.3036e+00
3.0000e+01 -1.0000e+02 -2.6554e-01
3.0000e+01 -9.0000e+01 -4.0721e+00
3.0000e+01 -8.0000e+01 -3.9714e+00
3.0000e+01 -7.0000e+01 -5.3525e+00
3.0000e+01 -6.0000e+01 -5.4339e+00
3.0000e+01 -5.0000e+01 -8.2994e+00
3.0000e+01 -4.0000e+01 -9.1745e+00
3.0000e+01 -3.0000e+01 -1.1906e+01
3.0000e+01 -2.0000e+01 -1.1193e+01
3.0000e+01 -1.0000e+01 -1.1046e+01
3.0000e+01 0.0000e+00 -1.4071e+01
3.0000e+01 1.0000e+01 -1.3702e+01
3.0000e+01 2.0000e+01 -1.2296e+01
3.0000e+01 3.0000e+01 -1.2839e+01
3.0000e+01 4.0000e+01 -9.8566e+00
3.0000e+01 5.0000e+01 -4.9575e+00
3.0000e+01 6.0000e+01 -9.5613e+00
3.0000e+01 7.0000e+01 -4.5093e+00
3.0000e+01 8.0000e+01 -1.3936e+00
3.0000e+01 9.0000e+01 -4.1260e+00
3.0000e+01 1.0000e+02 -1.1144e+00
3.0000e+01 1.1000e+02 8.4479e-01
3.0000e+01 1.2000e+02 5.1702e-01
3.0000e+01 1.3000e+02 -1.7799e+00
3.0000e+01 1.4000e+02 2.5757e-01
3.0000e+01 1.5000e+02 -1.1691e+00
3.0000e+01 1.6000e+02 1.3188e+00
3.0000e+01 1.7000e+02 -8.0879e-01
3.0000e+01 1.8000e+02 2.8977e-01
3.0000e+01 1.9000e+02 7.5292e-01
3.0000e+01 2.0000e+02 -3.0634e+00
4.0000e+01 -2.0000e+02 -1.2309e-01
4.0000e+01 -1.9000e+02 -1.2816e+00
4.0000e+01 -1.8000e+02 9.0718e-03
4.0000e+01 -1.7000e+02 -9.2077e-01
4.0000e+01 -1.6000e+02 -9.7130e-01
4.0000e+01 -1.5000e+02 -9.9179e-01
4.0000e+01 -1.4000e+02 2.3553e+00
4.0000e+01 -1.3000e+02 -1.5389e+00
4.0000e+01 -1.2000e+02 -2.3008e+00
4.0000e+01 -1.1000e+02 -2.8615e+00
4.0000e+01 -1.0000e+02 -3.7202e+00
4.0000e+01 -9.0000e+01 -2.8802e-02
4.0000e+01 -8.0000e+01 -4.4967e+00
4.0000e+01 -7.0000e+01 -4.9216e+00
4.0000e+01 -6.0000e+01 -8.2597e+00
4.0000e+01 -5.0000e+01 -9.7708e+00
4.0000e+01 -4.0000e+01 -7.6586e+00
4.0000e+01 -3.0000e+01 -1.1169e+01
4.0000e+01 -2.0000e+01 -9.5680e+00
4.0000e+01 -1.0000e+01 -1.2338e+01
4.0000e+01 0.0000e+00 -1.0855e+01
4.0000e+01 1.0000e+01 -7.6466e+00
4.0000e+01 2.0000e+01 -9.4985e+00
4.0000e+01 3.0000e+01 -1.0901e+01
4.0000e+01 4.0000e+01 -8.0276e+00
4.0000e+01 5.0000e+01 -7.4049e+00
4.0000e+01 6.0000e+01 -9.3708e+00
4.0000e+01 7.0000e+01 -4.1936e+00
4.0000e+01 8.0000e+01 -4.6399e+00
4.0000e+01 9.0000e+01 -4.1738e+00
4.0000e+01 1.0000e+02 -2.5288e+00
4.0000e+01 1.1000e+02 -2.1261e+00
4.0000e+01 1.2000e+02 -1.1596e+00
4.0000e+01 1.3000e+02 1.0807e-01
4.0000e+01 1.4000e+02 -1.2909e+00
4.0000e+01 1.5000e+02 7.7072e-01
4.0000e+01 1.6000e+02 -1.9771e-02
4.0000e+01 1.7000e+02 4.4157e-01
4.0000e+01 1.8000e+02 4.6453e-02
4.0000e+01 1.9000e+02 -2.3222e+00
4.0000e+01 2.0000e+02 -7.0530e-01
5.0000e+01 -2.0000e+02 -1.1627e+00
5.0000e+01 -1.9000e+02 3.5716e+00
5.0000e+01 -1.8000e+02 -1.8627e+00
5.0000e+01 -1.7000e+02 -1.7427e+00
5.0000e+01 -1.6000e+02 -4.8440e-01
5.0000e+01 -1.5000e+02 -1.5267e-02
5.0000e+01 -1.4000e+02 4.3246e-01
5.0000e+01 -1.3000e+02 4.2890e-01
5.0000e+01 -1.2000e+02 -1.5732e+00
5.0000e+01 -1.1000e+02 3.7144e-01
5.0000e+01 -1.0000e+02 -3.4794e+00
5.0000e+01 -9.0000e+01 2.7611e-01
5.0000e+01 -8.0000e+01 -4.9316e+00
5.0000e+01 -7.0000e+01 -3.3718e+00
5.0000e+01 -6.0000e+01 -4.3611e+00
5.0000e+01 -5.0000e+01 -6.3909e+00
5.0000e+01 -4.0000e+01 -8.3209e+00
5.0000e+01 -3.0000e+01 -8.2217e+00
5.0000e+01 -2.0000e+01 -1.1293e+01
5.0000e+01 -1.0000e+01 -4.9491e+00
5.0000e+01 0.0000e+00 -1.0531e+01
5.0000e+01 1.0000e+01 -9.5588e+00
5.0000e+01 2.0000e+01 -1.2082e+01
5.0000e+01 3.0000e+01 -7.2568e+00
5.0000e+01 4.0000e+01 -7.2970e+00
5.0000e+01 5.0000e+01 -6.0070e+00
5.0000e+01 6.0000e+01 -6.9211e+00
5.0000e+01 7.0000e+01 -3.4408e+00
5.0000e+01 8.0000e+01 -4.7935e+00
5.0000e+01 9.0000e+01 -4.8959e-01
5.0000e+01 1.0000e+02 -3.5250e+00
5.0000e+01 1.1000e+02 -4.0197e+00
5.0000e+01 1.2000e+02 -2.8391e-01
5.0000e+01 1.3000e+02 1.7058e+00
5.0000e+01 1.4000e+02 2.1673e+00
5.0000e+01 1.5000e+02 -6.1050e-01
5.0000e+01 1.6000e+02 5.4465e-01
5.0000e+01 1.7000e+02 -2.3547e+00
5.0000e+01 1.8000e+02 1.5636e+00
5.0000e+01 1.9000e+02 -4.2684e-01
5.0000e+01 2.0000e+02 8.1459e-01
6.0000e+01 -2.0000e+02 3.5718e-01
6.0000e+01 -1.9000e+02 1.0919e+00
6.0000e+01 -1.8000e+02 -1.1843e+00
6.0000e+01 -1.7000e+02 1.1340e+00
6.0000e+01 -1.6000e+02 -2.1481e+00
6.0000e+01 -1.5000e+02 7.3398e-01
6.0000e+01 -1.4000e+02 -5.7814e-01
6.0000e+01 -1.3000e+02 -8.2705e-01
6.0000e+01 -1.2000e+02 -1.5203e+00
6.0000e+01 -1.1000e+02 -3.2670e-01
6.0000e+01 -1.0000e+02 -3.1191e+00
6.0000e+01 -9.0000e+01 -3.0177e+00
6.0000e+01 -8.0000e+01 -4.0163e+00
6.0000e+01 -7.0000e+01 -2.0961e+00
6.0000e+01 -6.0000e+01 -4.4628e+00
6.0000e+01 -5.0000e+01 -6.0239e+00
6.0000e+01 -4.0000e+01 -6.5860e+00
6.0000e+01 -3.0000e+01 -8.3029e+00
6.0000e+01 -2.0000e+01 -7.1752e+00
6.0000e+01 -1.0000e+01 -7.8082e+00
6.0000e+01 0.0000e+00 -8.1739e+00
6.0000e+01 1.0000e+01 -7.7567e+00
6.0000e+01 2.0000e+01 -8.4194e+00
6.0000e+01 3.0000e+01 -7.6954e+00
6.0000e+01 4.0000e+01 -8.8608e+00
6.0000e+01 5.0000e+01 -5.1705e+00
6.0000e+01 6.0000e+01 -3.3123e+00
6.0000e+01 7.0000e+01 -4.8759e+00
6.0000e+01 8.0000e+01 -3.5006e+00
6.0000e+01 9.0000e+01 -3.7765e+00
6.0000e+01 1.0000e+02 -2.1091e+00
6.0000e+01 1.1000e+02 -1.3355e+00
6.0000e+01 1.2000e+02 -6.5914e-01
6.0000e+01 1.3000e+02 -2.6184e-01
6.0000e+01 1.4000e+02 1.3090e+00
6.0000e+01 1.5000e+02 6.2051e-01
6.0000e+01 1.6000e+02 -8.8253e-01
6.0000e+01 1.7000e+02 1.1976e+00
6.0000e+01 1.8000e+02 -3.2911e-01
6.0000e+01 1.9000e+02 1.6960e+00
6.0000e+01 2.0000e+02 -2.3288e+00
7.0000e+01 -2.0000e+02 1.1770e+00
7.0000e+01 -1.9000e+02 7.0213e-01
7.0000e+01 -1.8000e+02 -2.1876e+00
7.0000e+01 -1.7000e+02 -1.4708e+00
7.0000e+01 -1.6000e+02 4.4425e-01
7.0000e+01 -1.5000e+02 1.6527e+00
7.0000e+01 -1.4000e+02 -3.0342e-01
7.0000e+01 -1.3000e+02 7.6664e-01
7.0000e+01 -1.2000e+02 1.1364e-01
7.0000e+01 -1.1000e+02 5.3732e-01
7.0000e+01 -1.0000e+02 -1.5902e+00
7.0000e+01 -9.0000e+01 -8.6487e-01
7.0000e+01 -8.0000e+01 -4.0867e+00
7.0000e+01 -7.0000e+01 -2.4102e+00
7.0000e+01 -6.0000e+01 -5.8888e+00
7.0000e+01 -5.0000e+01 -6.4520e+00
7.0000e+01 -4.0000e+01 -4.4615e+00
7.0000e+01 -3.0000e+01 -4.1100e+00
7.0000e+01 -2.0000e+01 -7.5289e+00
7.0000e+01 -1.0000e+01 -7.3234e+00
7.0000e+01 0.0000e+00 -7.7227e+00
7.0000e+01 1.0000e+01 -7.4702e+00
7.0000e+01 2.0000e+01 -5.9141e+00
7.0000e+01 3.0000e+01 -6.1374e+00
7.0000e+01 4.0000e+01 -6.4753e+00
7.0000e+01 5.0000e+01 -4.9470e+00
7.0000e+01 6.0000e+01 -5.9024e+00
7.0000e+01 7.0000e+01 -4.1938e+00
7.0000e+01 8.0000e+01 -2.9491e+00
7.0000e+01 9.0000e+01 1.7504e-01
7.0000e+01 1.0000e+02 -2.7116e+00
7.0000e+01 1.1000e+02 -1.1663e+00
7.0000e+01 1.2000e+02 5.0329e-01
7.0000e+01 1.3000e+02 4.5957e-01
7.0000e+01 1.4000e+02 2.4861e+00
7.0000e+01 1.5000e+02 -2.1207e-01
7.0000e+01 1.6000e+02 5.0648e-01
7.0000e+01 1.7000e+02 -1.4710e-01
7.0000e+01 1.8000e+02 1.1864e+00
7.0000e+01 1.9000e+02 1.3581e+00
7.0000e+01 2.0000e+02 2.1422e+00
8.0000e+01 -2.0000e+02 -5.6998e-01
8.0000e+01 -1.9000e+02 1.0682e+00
8.0000e+01 -1.8000e+02 1.2234e+00
8.0000e+01 -1.7000e+02 -1.1094e-01
8.0000e+01 -1.6000e+02 -3.7046e-01
8.0000e+01 -1.5000e+02 2.4907e+00
8.0000e+01 -1.4000e+02 -3.3083e-01
8.0000e+01 -1.3000e+02 -4.1845e-01
8.0000e+01 -1.2000e+02 1.0786e+00
8.0000e+01 -1.1000e+02 -1.4492e+00
8.0000e+01 -1.0000e+02 -7.3835e-01
8.0000e+01 -9.0000e+01 -2.4134e+00
8.0000e+01 -8.0000e+01 -1.9735e+00
8.0000e+01 -7.0000e+01 -3.7966e+00
8.0000e+01 -6.0000e+01 -5.6245e+00
8.0000e+01 -5.0000e+01 -2.2757e+00
8.0000e+01 -4.0000e+01 -2.5434e+00
8.0000e+01 -3.0000e+01 -4.7320e+00
8.0000e+01 -2.0000e+01 -4.4055e+00
8.0000e+01 -1.0000e+01 -6.7378e+00
8.0000e+01 0.0000e+00 -3.8925e+00
8.0000e+01 1.0000e+01 -3.1479e+00
8.0000e+01 2.0000e+01 -4.1907e+00
8.0000e+01 3.0000e+01 -6.9477e+00
8.0000e+01 4.0000e+01 -3.7182e+00
8.0000e+01 5.0000e+01 -2.9665e+00
8.0000e+01 6.0000e+01 -4.1581e+00
8.0000e+01 7.0000e+01 -3.5447e+00
8.0000e+01 8.0000e+01 -2.5448e+00
8.0000e+01 9.0000e+01 -2.6948e+00
8.0000e+01 1.0000e+02 -1.2211e+00
8.0000e+01 1.1000e+02 -2.6230e+00
8.0000e+01 1.2000e+02 -2.0093e+00
8.0000e+01 1.3000e+02 -3.8522e-01
8.0000e+01 1.4000e+02 -2.0972e+00
8.0000e+01 1.5000e+02 -8.4318e-01
8.0000e+01 1.6000e+02 6.4592e-01
8.0000e+01 1.7000e+02 -1.6177e+00
8.0000e+01 1.8000e+02 1.4479e-01
8.0000e+01 1.9000e+02 -1.7131e+00
8.0000e+01 2.0000e+02 -1.4148e+00
9.0000e+01 -2.0000e+02 -2.2897e+00
9.0000e+01 -1.9000e+02 -4.6620e-01
9.0000e+01 -1.8000e+02 2.6200e+00
9.0000e+01 -1.7000e+02 -1.3132e+00
9.0000e+01 -1.6000e+02 1.2337e-02
9.0000e+01 -1.5000e+02 -3.4461e-02
9.0000e+01 -1.4000e+02 -1.5689e+00
9.0000e+01 -1.3000e+02 1.3396e+00
9.0000e+01 -1.2000e+02 1.1711e+00
9.0000e+01 -1.1000e+02 -3.5994e+00
9.0000e+01 -1.0000e+02 -1.1221e+00
9.0000e+01 -9.0000e+01 -2.1444e+00
9.0000e+01 -8.0000e+01 -2.7522e+00
9.0000e+01 -7.0000e+01 -3.2599e+00
9.0000e+01 -6.0000e+01 -4.5552e+00
9.0000e+01 -5.0000e+01 -3.5927e+00
9.0000e+01 -4.0000e+01 -5.6213e+00
9.0000e+01 -3.0000e+01 -3.6784e+00
9.0000e+01 -2.0000e+01 -4.5287e+00
9.0000e+01 -1.0000e+01 -3.8049e+00
9.0000e+01 0.0000e+00 -3.9122e+00
9.0000e+01 1.0000e+01 -3.8841e+00
9.0000e+01 2.0000e+01 -6.5709e+00
9.0000e+01 3.0000e+01 -6.2994e+00
9.0000e+01 4.0000e+01 -4.5668e+00
9.0000e+01 5.0000e+01 -3.6995e+00
9.0000e+01 6.0000e+01 -4.6348e+00
9.0000e+01 7.0000e+01 -1.3258e+00
9.0000e+01 8.0000e+01 6.5406e-01
9.0000e+01 9.0000e+01 -1.3238e+00
9.0000e+01 1.0000e+02 -8.6566e-01
9.0000e+01 1.1000e+02 2.0474e+00
9.0000e+01 1.2000e+02 -2.9491e-01
9.0000e+01 1.3000e+02 -4.0762e-01
9.0000e+01 1.4000e+02 -1.1272e+00
9.0000e+01 1.5000e+02 6.9743e-01
9.0000e+01 1.6000e+02 1.5561e+00
9.0000e+01 1.7000e+02 -1.1173e+00
9.0000e+01 1.8000e+02 -1.9934e+00
9.0000e+01 1.9000e+02 -8.4492e-01
9.0000e+01 2.0000e+02 1.0436e+00
1.0000e+02 -2.0000e+02 -7.3496e-01
1.0000e+02 -1.9000e+02 -1.3129e+00
1.0000e+02 -1.8000e+02 1.0882e+00
1.0000e+02 -1.7000e+02 5.0677e-01
1.0000e+02 -1.6000e+02 1.4574e+00
1.0000e+02 -1.5000e+02 1.5009e+00
1.0000e+02 -1.4000e+02 1.0137e+00
1.0000e+02 -1.3000e+02 -2.7982e+00
1.0000e+02 -1.2000e+02 -1.4719e+00
1.0000e+02 -1.1000e+02 9.5318e-01
1.0000e+02 -1.0000e+02 -1.7907e-01
1.0000e+02 -9.0000e+01 -2.6228e+00
1.0000e+02 -8.0000e+01 -2.3214e+00
1.0000e+02 -7.0000e+01 -9.4772e-01
1.0000e+02 -6.0000e+01 -1.5765e+00
1.0000e+02 -5.0000e+01 -1.9771e+00
1.0000e+02 -4.0000e+01 -2.2481e+00
1.0000e+02 -3.0000e+01 -3.5910e+00
1.0000e+02 -2.0000e+01 -6.3732e+00
1.0000e+02 -1.0000e+01 -3.9994e+00
1.0000e+02 0.0000e+00 -4.1303e+00
1.0000e+02 1.0000e+01 -8.0532e-02
1.0000e+02 2.0000e+01 -3.6038e+00
1.0000e+02 3.0000e+01 -4.7915e+00
1.0000e+02 4.0000e+01 -1.6881e+00
1.0000e+02 5.0000e+01 -1.7024e+00
1.0000e+02 6.0000e+01 -1.4252e+00
1.0000e+02 7.0000e+01 -1.6447e+00
1.0000e+02 8.0000e+01 -1.0235e+00
1.0000e+02 9.0000e+01 -5.9496e-01
1.0000e+02 1.0000e+02 4.8738e-01
1.0000e+02 1.1000e+02 1.5099e+00
1.0000e+02 1.2000e+02 9.2662e-01
1.0000e+02 1.3000e+02 -3.1355e-01
1.0000e+02 1.4000e+02 4.0576e-01
1.0000e+02 1.5000e+02 -6.0409e-01
1.0000e+02 1.6000e+02 -1.3176e+00
1.0000e+02 1.7000e+02 -4.5972e-01
1.0000e+02 1.8000e+02 -3.6120e-01
1.0000e+02 1.9000e+02 -5.8223e-01
1.0000e+02 2.0000e+02 1.4880e+00
1.1000e+02 -2.0000e+02 -1.5728e+00
1.1000e+02 -1.9000e+02 8.6923e-02
1.1000e+02 -1.8000e+02 -1.7248e+00
1.1000e+02 -1.7000e+02 -5.3227e-01
1.1000e+02 -1.6000e+02 2.1592e+00
1.1000e+02 -1.5000e+02 -4.1523e+00
1.1000e+02 -1.4000e+02 -1.4180e+00
1.1000e+02 -1.3000e+02 -3.2063e-01
1.1000e+02 -1.2000e+02 2.1012e+00
1.1000e+02 -1.1000e+02 2.9460e-01
1.1000e+02 -1.0000e+02 1.1708e+00
1.1000e+02 -9.0000e+01 -9.9786e-01
1.1000e+02 -8.0000e+01 -1.0828e+00
1.1000e+02 -7.0000e+01 -6.6678e-01
1.1000e+02 -6.0000e+01 1.9941e-01
1.1000e+02 -5.0000e+01 -2.9343e+00
1.1000e+02 -4.0000e+01 -4.1205e+00
1.1000e+02 -3.0000e+01 -4.4720e+00
1.1000e+02 -2.0000e+01 -2.1567e+00
1.1000e+02 -1.0000e+01 -4.1223e+00
1.1000e+02 0.0000e+00 -2.8555e+00
1.1000e+02 1.0000e+01 -1.0373e+00
1.1000e+02 2.0000e+01 -1.2782e+00
1.1000e+02 3.0000e+01 -3.4640e+00
1.1000e+02 4.0000e+01 -3.1247e+00
1.1000e+02 5.0000e+01 -4.5654e-01
1.1000e+02 6.0000e+01 -2.7091e+00
1.1000e+02 7.0000e+01 -8.4876e-01
1.1000e+02 8.0000e+01 -3.6258e+00
1.1000e+02 9.0000e+01 1.2908e+00
1.1000e+02 1.0000e+02 -1.8283e+00
1.1000e+02 1.1000e+02 -4.4698e-01
1.1000e+02 1.2000e+02 -1.7829e+00
1.1000e+02 1.3000e+02 -1.2387e+00
1.1000e+02 1.4000e+02 -1.3560e+00
1.1000e+02 1.5000e+02 1.0571e-01
1.1000e+02 1.6000e+02 1.4839e+00
1.1000e+02 1.7000e+02 4.8300e-01
1.1000e+02 1.8000e+02 -6.7918e-01
1.1000e+02 1.9000e+02 4.4431e-02
1.1000e+02 2.0000e+02 2.1013e-01
1.2000e+02 -2.0000e+02 9.1186e-01
1.2000e+02 -1.9000e+02 2.8995e-01
1.2000e+02 -1.8000e+02 -1.0538e+00
1.2000e+02 -1.7000e+02 2.1918e+00
1.2000e+02 -1.6000e+02 2.5327e+00
1.2000e+02 -1.5000e+02 4.1790e-01
1.2000e+02 -1.4000e+02 -8.9618e-01
1.2000e+02 -1.3000e+02 -4.2857e+00
1.2000e+02 -1.2000e+02 2.4520e+00
1.2000e+02 -1.1000e+02 3.0072e+00
1.2000e+02 -1.0000e+02 -2.6751e+00
1.2000e+02 -9.0000e+01 -3.2044e+00
1.2000e+02 -8.0000e+01 1.4125e+00
1.2000e+02 -7.0000e+01 -2.7592e+00
1.2000e+02 -6.0000e+01 -1.2807e+00
1.2000e+02 -5.0000e+01 -1.0263e+00
1.2000e+02 -4.0000e+01 -2.8460e+00
1.2000e+02 -3.0000e+01 -3.3609e+00
1.2000e+02 -2.0000e+01 -4.0924e+00
1.2000e+02 -1.0000e+01 -9.2709e-01
1.2000e+02 0.0000e+00 3.5153e-01
1.2000e+02 1.0000e+01 -1.7915e+00
1.2000e+02 2.0000e+01 -1.8672e+00
1.2000e+02 3.0000e+01 -2.6287e-01
1.2000e+02 4.0000e+01 -2.7678e+00
1.2000e+02 5.0000e+01 -2.5525e+00
1.2000e+02 6.0000e+01 -1.3663e+00
1.2000e+02 7.0000e+01 3.8253e-01
1.2000e+02 8.0000e+01 1.2378e+00
1.2000e+02 9.0000e+01 -3.0729e+00
1.2000e+02 1.0000e+02 -8.9589e-01
1.2000e+02 1.1000e+02 -1.9245e+00
1.2000e+02 1.2000e+02 3.9091e-01
1.2000e+02 1.3000e+02 -3.1095e+00
1.2000e+02 1.4000e+02 1.8164e-01
1.2000e+02 1.5000e+02 2.3345e+00
1.2000e+02 1.6000e+02 -6.2357e-01
1.2000e+02 1.7000e+02 -1.0016e-01
1.2000e+02 1.8000e+02 -1.8624e+00
1.2000e+02 1.9000e+02 2.5857e-01
1.2000e+02 2.0000e+02 -2.2666e+00
1.3000e+02 -2.0000e+02 1.8980e+00
1.3000e+02 -1.9000e+02 1.9135e-01
1.3000e+02 -1.8000e+02 -6.1246e-01
1.3000e+02 -1.7000e+02 -7.5086e-01
1.3000e+02 -1.6000e+02 -2.6318e+00
1.3000e+02 -1.5000e+02 -1.3360e+00
1.3000e+02 -1.4000e+02 -1.1322e+00
1.3000e+02 -1.3000e+02 1.0170e+00
1.3000e+02 -1.2000e+02 -2.7819e+00
1.3000e+02 -1.1000e+02 3.2813e-01
1.3000e+02 -1.0000e+02 -2.4939e+00
1.3000e+02 -9.0000e+01 -2.1768e+00
1.3000e+02 -8.0000e+01 1.0875e-01
1.3000e+02 -7.0000e+01 -2.3671e+00
1.3000e+02 -6.0000e+01 -4.1108e+00
1.3000e+02 -5.0000e+01 -1.4619e+00
1.3000e+02 -4.0000e+01 -4.8903e+00
1.3000e+02 -3.0000e+01 7.5284e-01
1.3000e+02 -2.0000e+01 -3.3770e+00
1.3000e+02 -1.0000e+01 -1.3498e+00
1.3000e+02 0.0000e+00 -9.1108e-01
1.3000e+02 1.0000e+01 -1.9134e+00
1.3000e+02 2.0000e+01 -2.8645e-01
1.3000e+02 3.0000e+01 -1.7311e+00
1.3000e+02 4.0000e+01 -7.7490e-01
1.3000e+02 5.0000e+01 1.1883e+00
1.3000e+02 6.0000e+01 3.3787e-02
1.3000e+02 7.0000e+01 -1.4875e+00
1.3000e+02 8.0000e+01 -6.5102e-01
1.3000e+02 9.0000e+01 -3.1870e+00
1.3000e+02 1.0000e+02 -1.8656e-01
1.3000e+02 1.1000e+02 2.0340e-02
1.3000e+02 1.2000e+02 2.5881e-01
1.3000e+02 1.3000e+02 1.2940e+00
1.3000e+02 1.4000e+02 8.4368e-01
1.3000e+02 1.5000e+02 -1.5497e+00
1.3000e+02 1.6000e+02 2.6626e+00
1.3000e+02 1.7000e+02 1.6336e+00
1.3000e+02 1.8000e+02 -1.0724e+00
1.3000e+02 1.9000e+02 8.9085e-01
1.3000e+02 2.0000e+02 -2.5411e+00
1.4000e+02 -2.0000e+02 -3.0007e-01
1.4000e+02 -1.9000e+02 2.0143e+00
1.4000e+02 -1.8000e+02 -1.4626e-01
1.4000e+02 -1.7000e+02 3.8351e+00
1.4000e+02 -1.6000e+02 -2.2401e+00
1.4000e+02 -1.5000e+02 2.9337e+00
1.4000e+02 -1.4000e+02 5.0593e-01
1.4000e+02 -1.3000e+02 1.2940e+00
1.4000e+02 -1.2000e+02 -1.3741e-01
1.4000e+02 -1.1000e+02 1.0803e+00
1.4000e+02 -1.0000e+02 -5.7285e-01
1.4000e+02 -9.0000e+01 -1.8508e+00
1.4000e+02 -8.0000e+01 -1.8455e+00
1.4000e+02 -7.0000e+01 -3.2191e-02
1.4000e+02 -6.0000e+01 -4.3114e+00
1.4000e+02 -5.0000e+01 -2.3771e-01
1.4000e+02 -4.0000e+01 2.3908e-02
1.4000e+02 -3.0000e+01 9.7860e-01
1.4000e+02 -2.0000e+01 1.1332e+00
1.4000e+02 -1.0000e+01 2.4661e+00
1.4000e+02 0.0000e+00 4.2292e-01
1.4000e+02 1.0000e+01 -8.8072e-01
1.4000e+02 2.0000e+01 -9.7021e-02
1.4000e+02 3.0000e+01 -1.2411e+00
1.4000e+02 4.0000e+01 1.5902e-01
1.4000e+02 5.0000e+01 8.5513e-01
1.4000e+02 6.0000e+01 -1.1231e+00
1.4000e+02 7.0000e+01 1.5167e+00
1.4000e+02 8.0000e+01 -1.6783e+00
1.4000e+02 9.0000e+01 -6.7406e-01
1.4000e+02 1.0000e+02 1.3188e+00
1.4000e+02 1.1000e+02 1.0265e+00
1.4000e+02 1.2000e+02 -2.1743e+00
1.4000e+02 1.3000e+02 1.5448e+00
1.4000e+02 1.4000e+02 -1.3270e+00
1.4000e+02 1.5000e+02 2.6757e+00
1.4000e+02 1.6000e+02 -3.5225e-02
1.4000e+02 1.7000e+02 3.1554e+00
1.4000e+02 1.8000e+02 -3.7061e-01
1.4000e+02 1.9000e+02 1.4304e+00
1.4000e+02 2.0000e+02 -1.5333e+00
1.5000e+02 -2.0000e+02 2.6078e+00
1.5000e+02 -1.9000e+02 -2.7496e+00
1.5000e+02 -1.8000e+02 -1.2526e+00
1.5000e+02 -1.7000e+02 -7.7576e-01
1.5000e+02 -1.6000e+02 -4.3296e-01
1.5000e+02 -1.5000e+02 5.5540e-01
1.5000e+02 -1.4000e+02 3.2324e-01
1.5000e+02 -1.3000e+02 -4.5593e+00
1.5000e+02 -1.2000e+02 -4.0161e-01
1.5000e+02 -1.1000e+02 -2.6180e+00
1.5000e+02 -1.0000e+02 -1.9268e-01
1.5000e+02 -9.0000e+01 -1.5272e+00
1.5000e+02 -8.0000e+01 9.6207e-01
1.5000e+02 -7.0000e+01 -7.6933e-01
1.5000e+02 -6.0000e+01 -4.1438e-03
1.5000e+02 -5.0000e+01 -4.9848e-01
1.5000e+02 -4.0000e+01 -1.1266e+00
1.5000e+02 -3.0000e+01 -1.5193e+00
1.5000e+02 -2.0000e+01 -1.1542e+00
1.5000e+02 -1.0000e+01 1.5320e+00
1.5000e+02 0.0000e+00 -1.7057e+00
1.5000e+02 1.0000e+01 2.1320e+00
1.5000e+02 2.0000e+01 -1.7059e+00
1.5000e+02 3.0000e+01 2.4653e+00
1.5000e+02 4.0000e+01 1.0651e+00
1.5000e+02 5.0000e+01 2.0314e+00
1.5000e+02 6.0000e+01 6.4638e-01
1.5000e+02 7.0000e+01 2.2281e+00
1.5000e+02 8.0000e+01 3.3637e-02
1.5000e+02 9.0000e+01 -9.0886e-02
1.5000e+02 1.0000e+02 -5.9322e-01
1.5000e+02 1.1000e+02 2.2336e+00
1.5000e+02 1.2000e+02 -1.9793e+00
1.5000e+02 1.3000e+02 2.7819e+00
1.5000e+02 1.4000e+02 5.5293e-01
1.5000e+02 1.5000e+02 -8.1829e-01
1.5000e+02 1.6000e+02 -3.0295e-02
1.5000e+02 1.7000e+02 1.2568e-01
1.5000e+02 1.8000e+02 2.5447e+00
1.5000e+02 1.9000e+02 -3.6783e-01
1.5000e+02 2.0000e+02 7.0068e-01
1.6000e+02 -2.0000e+02 -5.1952e-01
1.6000e+02 -1.9000e+02 7.8409e-01
1.6000e+02 -1.8000e+02 1.8506e+00
1.6000e+02 -1.7000e+02 -6.2366e-01
1.6000e+02 -1.6000e+02 -2.5810e+00
1.6000e+02 -1.5000e+02 4.8212e-01
1.6000e+02 -1.4000e+02 -7.9255e-01
1.6000e+02 -1.3000e+02 -2.7202e-01
1.6000e+02 -1.2000e+02 -2.2299e-02
1.6000e+02 -1.1000e+02 1.8471e+00
1.6000e+02 -1.0000e+02 1.6209e+00
1.6000e+02 -9.0000e+01 7.8375e-01
1.6000e+02 -8.0000e+01 1.1807e+00
1.6000e+02 -7.0000e+01 1.4993e+00
1.6000e+02 -6.0000e+01 -1.8509e+00
1.6000e+02 -5.0000e+01 -2.4009e-01
1.6000e+02 -4.0000e+01 1.4803e-01
1.6000e+02 -3.0000e+01 -1.2291e+00
1.6000e+02 -2.0000e+01 6.8579e-03
1.6000e+02 -1.0000e+01 1.0007e+00
1.6000e+02 0.0000e+00 -3.2883e-01
1.6000e+02 1.0000e+01 -2.9573e-01
1.6000e+02 2.0000e+01 -7.1202e-01
1.6000e+02 3.0000e+01 7.3294e-01
1.6000e+02 4.0000e+01 -1.1283e+00
1.6000e+02 5.0000e+01 -1.4870e+00
1.6000e+02 6.0000e+01 2.2846e-01
1.6000e+02 7.0000e+01 -1.8907e+00
1.6000e+02 8.0000e+01 -7.5665e-01
1.6000e+02 9.0000e+01 -5.5508e-01
1.6000e+02 1.0000e+02 -1.5632e+00
1.6000e+02 1.1000e+02 2.2073e+00
1.6000e+02 1.2000e+02 -1.5065e+00
1.6000e+02 1.3000e+02 -2.9397e+00
1.6000e+02 1.4000e+02 1.5401e+00
1.6000e+02 1.5000e+02 -1.2000e+00
1.6000e+02 1.6000e+02 2.2252e-01
1.6000e+02 1.7000e+02 1.0333e+00
1.6000e+02 1.8000e+02 1.1185e+00
1.6000e+02 1.9000e+02 -2.6088e+00
1.6000e+02 2.0000e+02 -7.9953e-01
1.7000e+02 -2.0000e+02 1.5890e+00
1.7000e+02 -1.9000e+02 -3.1329e+00
1.7000e+02 -1.8000e+02 -1.2614e+00
1.7000e+02 -1.7000e+02 1.0312e+00
1.7000e+02 -1.6000e+02 -1.2371e+00
1.7000e+02 -1.5000e+02 -9.2515e-01
1.7000e+02 -1.4000e+02 -2.5045e+00
1.7000e+02 -1.3000e+02 2.2203e-01
1.7000e+02 -1.2000e+02 -7.4848e-01
1.7000e+02 -1.1000e+02 -1.8545e+00
1.7000e+02 -1.0000e+02 1.8507e+00
1.7000e+02 -9.0000e+01 -4.9123e-01
1.7000e+02 -8.0000e+01 3.3672e-01
1.7000e+02 -7.0000e+01 1.0431e+00
1.7000e+02 -6.0000e+01 -1.2569e+00
1.7000e+02 -5.0000e+01 -1.0800e+00
1.7000e+02 -4.0000e+01 1.7444e+00
1.7000e+02 -3.0000e+01 -2.1291e+00
1.7000e+02 -2.0000e+01 -1.2010e+00
1.7000e+02 -1.0000e+01 4.7541e-01
1.7000e+02 0.0000e+00 1.3594e-01
1.7000e+02 1.0000e+01 2.5486e+00
1.7000e+02 2.0000e+01 9.4287e-02
1.7000e+02 3.0000e+01 6.1326e-01
1.7000e+02 4.0000e+01 1.2040e+00
1.7000e+02 5.0000e+01 -4.4330e-01
1.7000e+02 6.0000e+01 7.4196e-01
1.7000e+02 7.0000e+01 -8.6542e-01
1.7000e+02 8.0000e+01 2.2066e-01
1.7000e+02 9.0000e+01 2.7351e+00
1.7000e+02 1.0000e+02 -6.0525e-01
1.7000e+02 1.1000e+02 6.2978e-01
1.7000e+02 1.2000e+02 -2.3742e+00
1.7000e+02 1.3000e+02 -2.8639e+00
1.7000e+02 1.4000e+02 -2.3505e+00
1.7000e+02 1.5000e+02 1.9089e+00
1.7000e+02 1.6000e+02 2.7566e+00
1.7000e+02 1.7000e+02 1.2059e+00
1.7000e+02 1.8000e+02 -1.5749e+00
1.7000e+02 1.9000e+02 6.7311e-01
1.7000e+02 2.0000e+02 1.1458e+00
1.8000e+02 -2.0000e+02 -1.3724e-02
1.8000e+02 -1.9000e+02 8.1451e-01
1.8000e+02 -1.8000e+02 -8.4620e-01
1.8000e+02 -1.7000e+02 -6.4797e-01
1.8000e+02 -1.6000e+02 -5.9171e-01
1.8000e+02 -1.5000e+02 -3.0793e+00
1.8000e+02 -1.4000e+02 -2.3764e-01
1.8000e+02 -1.3000e+02 -4.2308e-01
1.8000e+02 -1.2000e+02 -2.3784e+00
1.8000e+02 -1.1000e+02 6.8803e-01
1.8000e+02 -1.0000e+02 -4.6729e-01
1.8000e+02 -9.0000e+01 -1.6882e+00
1.8000e+02 -8.0000e+01 1.3780e+00
1.8000e+02 -7.0000e+01 -6.9917e-01
1.8000e+02 -6.0000e+01 4.8753e+00
1.8000e+02 -5.0000e+01 1.1193e+00
1.8000e+02 -4.0000e+01 1.0580e+00
1.8000e+02 -3.0000e+01 -2.1284e-01
1.8000e+02 -2.0000e+01 -6.9733e-01
1.8000e+02 -1.0000e+01 -6.3270e-01
1.8000e+02 0.0000e+00 1.8761e+00
1.8000e+02 1.0000e+01 1.8048e+00
1.8000e+02 2.0000e+01 -1.9201e+00
1.8000e+02 3.0000e+01 2.3493e+00
1.8000e+02 4.0000e+01 7.6115e-01
1.8000e+02 5.0000e+01 -4.7169e-01
1.8000e+02 6.0000e+01 -3.9715e+00
1.8000e+02 7.0000e+01 4.0471e+00
1.8000e+02 8.0000e+01 2.5504e+00
1.8000e+02 9.0000e+01 1.1183e+00
1.8000e+02 1.0000e+02 -6.4855e-01
1.8000e+02 1.1000e+02 1.4189e+00
1.8000e+02 1.2000e+02 1.2421e-01
1.8000e+02 1.3000e+02 1.2191e+00
1.8000e+02 1.4000e+02 7.9221e-01
1.8000e+02 1.5000e+02 -2.2900e+00
1.8000e+02 1.6000e+02 -3.7602e-01
1.8000e+02 1.7000e+02 -2.4210e-02
1.8000e+02 1.8000e+02 2.2163e+00
1.8000e+02 1.9000e+02 -5.6292e-01
1.8000e+02 2.0000e+02 -5.8214e-01
1.9000e+02 -2.0000e+02 -1.8471e+00
1.9000e+02 -1.9000e+02 4.8492e-01
1.9000e+02 -1.8000e+02 -2.0848e+00
1.9000e+02 -1.7000e+02 1.1878e+00
1.9000e+02 -1.6000e+02 -8.1407e-02
1.9000e+02 -1.5000e+02 -2.8267e+00
1.9000e+02 -1.4000e+02 2.2410e+00
1.9000e+02 -1.3000e+02 8.5583e-02
1.9000e+02 -1.2000e+02 -1.2543e+00
1.9000e+02 -1.1000e+02 -2.3926e-01
1.9000e+02 -1.0000e+02 8.2741e-01
1.9000e+02 -9.0000e+01 8.3729e-01
1.9000e+02 -8.0000e+01 5.0181e-01
1.9000e+02 -7.0000e+01 -7.0735e-01
1.9000e+02 -6.0000e+01 -1.1068e+00
1.9000e+02 -5.0000e+01 3.0425e-01
1.9000e+02 -4.0000e+01 5.6421e-01
1.9000e+02 -3.0000e+01 1.6304e+00
1.9000e+02 -2.0000e+01 2.8365e+00
1.9000e+02 -1.0000e+01 -2.4987e+00
1.9000e+02 0.0000e+00 -1.4807e-01
1.9000e+02 1.0000e+01 -1.7253e-01
1.9000e+02 2.0000e+01 -1.3322e+00
1.9000e+02 3.0000e+01 -1.6610e+00
1.9000e+02 4.0000e+01 1.0606e+00
1.9000e+02 5.0000e+01 1.7249e+00
1.9000e+02 6.0000e+01 -1.6899e-01
1.9000e+02 7.0000e+01 -3.9836e+00
1.9000e+02 8.0000e+01 5.6935e-01
1.9000e+02 9.0000e+01 2.8148e-01
1.9000e+02 1.0000e+02 -2.2820e+00
1.9000e+02 1.1000e+02 8.0453e-01
1.9000e+02 1.2000e+02 2.2052e+00
1.9000e+02 1.3000e+02 8.0389e-01
1.9000e+02 1.4000e+02 3.5966e-03
1.9000e+02 1.5000e+02 -2.5071e+00
1.9000e+02 1.6000e+02 5.3753e-01
1.9000e+02 1.7000e+02 3.8690e-01
1.9000e+02 1.8000e+02 4.6342e-01
1.9000e+02 1.9000e+02 2.7515e+00
1.9000e+02 2.0000e+02 1.1878e+00
2.0000e+02 -2.0000e+02 -2.1531e+00
2.0000e+02 -1.9000e+02 -4.6873e-01
2.0000e+02 -1.8000e+02 -1.4032e+00
2.0000e+02 -1.7000e+02 6.6432e-01
2.0000e+02 -1.6000e+02 -5.4810e-01
2.0000e+02 -1.5000e+02 -8.6409e-01
2.0000e+02 -1.4000e+02 1.5854e+00
2.0000e+02 -1.3000e+02 -3.4674e-01
2.0000e+02 -1.2000e+02 -4.5351e-01
2.0000e+02 -1.1000e+02 1.8468e+00
2.0000e+02 -1.0000e+02 -1.1808e-01
2.0000e+02 -9.0000e+01 -1.9781e+00
2.0000e+02 -8.0000e+01 -2.2574e+00
2.0000e+02 -7.0000e+01 -1.5319e-01
2.0000e+02 -6.0000e+01 -7.2106e-01
2.0000e+02 -5.0000e+01 6.3005e-01
2.0000e+02 -4.0000e+01 4.0558e+00
2.0000e+02 -3.0000e+01 -8.8535e-01
2.0000e+02 -2.0000e+01 1.3848e+00
2.0000e+02 -1.0000e+01 1.3491e+00
2.0000e+02 0.0000e+00 1.7946e+00
2.0000e+02 1.0000e+01 -2.4447e+00
2.0000e+02 2.0000e+01 -6.5894e-01
2.0000e+02 3.0000e+01 2.2736e-01
2.0000e+02 4.0000e+01 -2.9890e-01
2.0000e+02 5.0000e+01 -1.5532e+00
2.0000e+02 6.0000e+01 -2.7700e+00
2.0000e+02 7.0000e+01 4.3630e-01
2.0000e+02 8.0000e+01 -2.2626e-01
2.0000e+02 9.0000e+01 -1.3657e-01
2.0000e+02 1.0000e+02 2.9608e+00
2.0000e+02 1.1000e+02 2.2739e-01
2.0000e+02 1.2000e+02 -7.2637e-01
2.0000e+02 1.3000e+02 -3.0269e+00
2.0000e+02 1.4000e+02 -2.0057e-01
2.0000e+02 1.5000e+02 1.1468e+00
2.0000e+02 1.6000e+02 -1.1496e+00
2.0000e+02 1.7000e+02 -1.2563e+00
2.0000e+02 1.8000e+02 -1.6778e+00
2.0000e+02 1.9000e+02 -1.9344e+00
2.0000e+02 2.0000e+02 -6.4153e-01
