-2.0000e+02 -2.0000e+02 5.6875e-01
-2.0000e+02 -1.9000e+02 2.0532e+00
-2.0000e+02 -1.8000e+02 9.1558e-01
-2.0000e+02 -1.7000e+02 9.1217e-01
-2.0000e+02 -1.6000e+02 -1.2043e+00
-2.0000e+02 -1.5000e+02 1.0893e+00
-2.0000e+02 -1.4000e+02 3.0810e-02
-2.0000e+02 -1.3000e+02 -1.6182e+00
-2.0000e+02 -1.2000e+02 -1.4377e-01
-2.0000e+02 -1.1000e+02 -3.2765e+00
-2.0000e+02 -1.0000e+02 2.1538e-01
-2.0000e+02 -9.0000e+01 2.2598e-01
-2.0000e+02 -8.0000e+01 -5.2056e-01
-2.0000e+02 -7.0000e+01 1.5980e+00
-2.0000e+02 -6.0000e+01 -1.6166e+00
-2.0000e+02 -5.0000e+01 2.5296e+00
-2.0000e+02 -4.0000e+01 -9.6391e-02
-2.0000e+02 -3.0000e+01 -4.3474e-02
-2.0000e+02 -2.0000e+01 -3.0726e-01
-2.0000e+02 -1.0000e+01 -1.3982e+00
-2.0000e+02 0.0000e+00 -1.6472e+00
-2.0000e+02 1.0000e+01 3.1999e+00
-2.0000e+02 2.0000e+01 -1.8372e+00
-2.0000e+02 3.0000e+01 2.7175e+00
-2.0000e+02 4.0000e+01 1.8814e+00
-2.0000e+02 5.0000e+01 -7.7152e-01
-2.0000e+02 6.0000e+01 -2.3033e+00
-2.0000e+02 7.0000e+01 -2.6037e+00
-2.0000e+02 8.0000e+01 1.9791e+00
-2.0000e+02 9.0000e+01 2.4371e+00
-2.0000e+02 1.0000e+02 1.0459e+00
-2.0000e+02 1.1000e+02 7.3320e-01
-2.0000e+02 1.2000e+02 -5.9310e-01
-2.0000e+02 1.3000e+02 7.7441e-01
-2.0000e+02 1.4000e+02 2.2473e+00
-2.0000e+02 1.5000e+02 -3.0924e-01
-2.0000e+02 1.6000e+02 -2.5061e-01
-2.0000e+02 1.7000e+02 6.3562e-01
-2.0000e+02 1.8000e+02 -3.3355e-01
-2.0000e+02 1.9000e+02 -1.3744e+00
-2.0000e+02 2.0000e+02 4.7471e+00
-1.9000e+02 -2.0000e+02 1.3655e+00
-1.9000e+02 -1.9000e+02 -4.2585e-01
-1.9000e+02 -1.8000e+02 -9.6943e-02
-1.9000e+02 -1.7000e+02 -1.0618e+00
-1.9000e+02 -1.6000e+02 -5.7626e-01
-1.9000e+02 -1.5000e+02 -7.5069e-01
-1.9000e+02 -1.4000e+02 9.9989e-01
-1.9000e+02 -1.3000e+02 -4.8756e-01
-1.9000e+02 -1.2000e+02 8.9484e-01
-1.9000e+02 -1.1000e+02 -4.0358e-01
-1.9000e+02 -1.0000e+02 4.9158e-01
-1.9000e+02 -9.0000e+01 1.3475e-01
-1.9000e+02 -8.0000e+01 -1.8847e-01
-1.9000e+02 -7.0000e+01 -9.0861e-01
-1.9000e+02 -6.0000e+01 -5.5215e-01
-1.9000e+02 -5.0000e+01 -5.3070e-01
-1.9000e+02 -4.0000e+01 -2.0634e+00
-1.9000e+02 -3.0000e+01 -7.6986e-01
-1.9000e+02 -2.0000e+01 7.2381e-01
-1.9000e+02 -1.0000e+01 1.5820e-01
-1.9000e+02 0.0000e+00 -1.6903e+00
-1.9000e+02 1.0000e+01 -3.1155e+00
-1.9000e+02 2.0000e+01 1.0007e+00
-1.9000e+02 3.0000e+01 -4.8443e-01
-1.9000e+02 4.0000e+01 -3.1596e-01
-1.9000e+02 5.0000e+01 3.9764e+00
-1.9000e+02 6.0000e+01 -1.4915e+00
-1.9000e+02 7.0000e+01 -2.0957e+00
-1.9000e+02 8.0000e+01 -1.8198e+00
-1.9000e+02 9.0000e+01 -1.5262e+00
-1.9000e+02 1.0000e+02 -1.9031e+00
-1.9000e+02 1.1000e+02 2.3381e+00
-1.9000e+02 1.2000e+02 1.6127e+00
-1.9000e+02 1.3000e+02 3.0336e-01
-1.9000e+02 1.4000e+02 -1.5647e+00
-1.9000e+02 1.5000e+02 -1.3457e+00
-1.9000e+02 1.6000e+02 9.7238e-01
-1.9000e+02 1.7000e+02 9.8892e-01
-1.9000e+02 1.8000e+02 -1.0554e+00
-1.9000e+02 1.9000e+02 5.2139e-01
-1.9000e+02 2.0000e+02 -1.3338e+00
-1.8000e+02 -2.0000e+02 7.5476e-01
-1.8000e+02 -1.9000e+02 -5.4622e-01
-1.8000e+02 -1.8000e+02 8.2728e-01
-1.8000e+02 -1.7000e+02 1.9223e+00
-1.8000e+02 -1.6000e+02 9.5942e-01
-1.8000e+02 -1.5000e+02 1.6868e+00
-1.8000e+02 -1.4000e+02 -4.9359e-01
-1.8000e+02 -1.3000e+02 2.5414e+00
-1.8000e+02 -1.2000e+02 1.5570e+00
-1.8000e+02 -1.1000e+02 2.6199e+00
-1.8000e+02 -1.0000e+02 1.4766e+00
-1.8000e+02 -9.0000e+01 -6.1556e-01
-1.8000e+02 -8.0000e+01 -1.3445e+00
-1.8000e+02 -7.0000e+01 2.6107e-01
-1.8000e+02 -6.0000e+01 6.1085e-03
-1.8000e+02 -5.0000e+01 5.8502e-02
-1.8000e+02 -4.0000e+01 -5.8213e-01
-1.8000e+02 -3.0000e+01 2.0412e-01
-1.8000e+02 -2.0000e+01 1.3335e-01
-1.8000e+02 -1.0000e+01 -7.6503e-01
-1.8000e+02 0.0000e+00 -7.4182e-01
-1.8000e+02 1.0000e+01 -1.6140e+00
-1.8000e+02 2.0000e+01 -8.4512e-01
-1.8000e+02 3.0000e+01 -1.0366e+00
-1.8000e+02 4.0000e+01 1.2502e+00
-1.8000e+02 5.0000e+01 1.2876e+00
-1.8000e+02 6.0000e+01 1.2946e+00
-1.8000e+02 7.0000e+01 2.4295e+00
-1.8000e+02 8.0000e+01 -5.7587e-01
-1.8000e+02 9.0000e+01 -3.7443e-01
-1.8000e+02 1.0000e+02 -5.6704e-01
-1.8000e+02 1.1000e+02 -8.1237e-01
-1.8000e+02 1.2000e+02 -5.8008e-01
-1.8000e+02 1.3000e+02 4.8551e-02
-1.8000e+02 1.4000e+02 -1.2116e+00
-1.8000e+02 1.5000e+02 1.6969e+00
-1.8000e+02 1.6000e+02 -9.2648e-01
-1.8000e+02 1.7000e+02 -1.5444e+00
-1.8000e+02 1.8000e+02 2.7324e+00
-1.8000e+02 1.9000e+02 5.1243e+00
-1.8000e+02 2.0000e+02 4.4346e-01
-1.7000e+02 -2.0000e+02 -1.6223e+00
-1.7000e+02 -1.9000e+02 5.3648e-01
-1.7000e+02 -1.8000e+02 -5.3146e-01
-1.7000e+02 -1.7000e+02 7.8178e-02
-1.7000e+02 -1.6000e+02 2.0669e+00
-1.7000e+02 -1.5000e+02 2.1168e+00
-1.7000e+02 -1.4000e+02 4.0777e-01
-1.7000e+02 -1.3000e+02 2.1040e+00
-1.7000e+02 -1.2000e+02 9.6108e-01
-1.7000e+02 -1.1000e+02 -1.0156e-01
-1.7000e+02 -1.0000e+02 2.1390e+00
-1.7000e+02 -9.0000e+01 -2.9708e-01
-1.7000e+02 -8.0000e+01 -1.1255e+00
-1.7000e+02 -7.0000e+01 -9.7840e-01
-1.7000e+02 -6.0000e+01 -2.4865e+00
-1.7000e+02 -5.0000e+01 -4.7377e-02
-1.7000e+02 -4.0000e+01 -9.4227e-01
-1.7000e+02 -3.0000e+01 -2.4929e-01
-1.7000e+02 -2.0000e+01 -1.3220e-01
-1.7000e+02 -1.0000e+01 -1.8623e+00
-1.7000e+02 0.0000e+00 1.1109e+00
-1.7000e+02 1.0000e+01 -6.3508e-01
-1.7000e+02 2.0000e+01 -1.2357e+00
-1.7000e+02 3.0000e+01 -2.1414e+00
-1.7000e+02 4.0000e+01 1.2643e-01
-1.7000e+02 5.0000e+01 1.3169e+00
-1.7000e+02 6.0000e+01 1.9875e+00
-1.7000e+02 7.0000e+01 1.0203e+00
-1.7000e+02 8.0000e+01 1.8705e+00
-1.7000e+02 9.0000e+01 1.8396e+00
-1.7000e+02 1.0000e+02 -1.3831e+00
-1.7000e+02 1.1000e+02 -1.5048e-01
-1.7000e+02 1.2000e+02 -1.0437e-01
-1.7000e+02 1.3000e+02 -2.9500e+00
-1.7000e+02 1.4000e+02 -2.1607e+00
-1.7000e+02 1.5000e+02 -7.3099e-02
-1.7000e+02 1.6000e+02 -9.7296e-01
-1.7000e+02 1.7000e+02 -4.3435e+00
-1.7000e+02 1.8000e+02 -7.3446e-01
-1.7000e+02 1.9000e+02 -1.4806e+00
-1.7000e+02 2.0000e+02 -1.4399e+00
-1.6000e+02 -2.0000e+02 -3.5150e+00
-1.6000e+02 -1.9000e+02 -3.6630e+00
-1.6000e+02 -1.8000e+02 -1.2179e-01
-1.6000e+02 -1.7000e+02 -6.1943e-01
-1.6000e+02 -1.6000e+02 2.6654e+00
-1.6000e+02 -1.5000e+02 -2.1482e+00
-1.6000e+02 -1.4000e+02 1.8850e+00
-1.6000e+02 -1.3000e+02 2.5418e+00
-1.6000e+02 -1.2000e+02 -1.3573e+00
-1.6000e+02 -1.1000e+02 -4.5078e-01
-1.6000e+02 -1.0000e+02 -7.4608e-01
-1.6000e+02 -9.0000e+01 -3.4270e+00
-1.6000e+02 -8.0000e+01 -8.5529e-01
-1.6000e+02 -7.0000e+01 5.4893e-01
-1.6000e+02 -6.0000e+01 -8.2069e-01
-1.6000e+02 -5.0000e+01 -1.0392e+00
-1.6000e+02 -4.0000e+01 -6.7803e-02
-1.6000e+02 -3.0000e+01 -3.2355e-01
-1.6000e+02 -2.0000e+01 7.5329e-01
-1.6000e+02 -1.0000e+01 -3.0695e+00
-1.6000e+02 0.0000e+00 -5.7930e-01
-1.6000e+02 1.0000e+01 -1.0735e+00
-1.6000e+02 2.0000e+01 9.9077e-01
-1.6000e+02 3.0000e+01 1.3802e+00
-1.6000e+02 4.0000e+01 7.6007e-01
-1.6000e+02 5.0000e+01 1.4783e-02
-1.6000e+02 6.0000e+01 -1.9159e+00
-1.6000e+02 7.0000e+01 -6.1695e-01
-1.6000e+02 8.0000e+01 -4.9248e-01
-1.6000e+02 9.0000e+01 1.9809e-01
-1.6000e+02 1.0000e+02 -2.5706e-01
-1.6000e+02 1.1000e+02 -3.0135e-01
-1.6000e+02 1.2000e+02 2.9430e+00
-1.6000e+02 1.3000e+02 -1.9325e+00
-1.6000e+02 1.4000e+02 8.9842e-02
-1.6000e+02 1.5000e+02 8.2027e-01
-1.6000e+02 1.6000e+02 6.1933e-01
-1.6000e+02 1.7000e+02 1.8512e-01
-1.6000e+02 1.8000e+02 1.2997e+00
-1.6000e+02 1.9000e+02 -4.0138e+00
-1.6000e+02 2.0000e+02 -2.1322e+00
-1.5000e+02 -2.0000e+02 -1.4292e+00
-1.5000e+02 -1.9000e+02 6.0788e-01
-1.5000e+02 -1.8000e+02 2.5355e-01
-1.5000e+02 -1.7000e+02 2.0759e+00
-1.5000e+02 -1.6000e+02 -2.4578e+00
-1.5000e+02 -1.5000e+02 3.5538e-01
-1.5000e+02 -1.4000e+02 -4.6567e-01
-1.5000e+02 -1.3000e+02 2.1505e-01
-1.5000e+02 -1.2000e+02 2.1810e+00
-1.5000e+02 -1.1000e+02 -1.7464e+00
-1.5000e+02 -1.0000e+02 2.0141e-01
-1.5000e+02 -9.0000e+01 -9.2930e-02
-1.5000e+02 -8.0000e+01 -1.3823e+00
-1.5000e+02 -7.0000e+01 -1.7166e+00
-1.5000e+02 -6.0000e+01 -6.4178e-01
-1.5000e+02 -5.0000e+01 -7.8427e-01
-1.5000e+02 -4.0000e+01 1.1200e+00
-1.5000e+02 -3.0000e+01 -2.7213e+00
-1.5000e+02 -2.0000e+01 -2.2522e+00
-1.5000e+02 -1.0000e+01 -7.7184e-01
-1.5000e+02 0.0000e+00 -1.0673e+00
-1.5000e+02 1.0000e+01 9.5756e-01
-1.5000e+02 2.0000e+01 -1.8843e-01
-1.5000e+02 3.0000e+01 -4.8679e-01
-1.5000e+02 4.0000e+01 6.4776e-02
-1.5000e+02 5.0000e+01 9.4550e-01
-1.5000e+02 6.0000e+01 -4.0193e-01
-1.5000e+02 7.0000e+01 -1.0080e+00
-1.5000e+02 8.0000e+01 -7.9541e-01
-1.5000e+02 9.0000e+01 -3.0014e+00
-1.5000e+02 1.0000e+02 -2.1550e+00
-1.5000e+02 1.1000e+02 -2.8549e-01
-1.5000e+02 1.2000e+02 3.5243e-01
-1.5000e+02 1.3000e+02 1.4164e+00
-1.5000e+02 1.4000e+02 9.1701e-01
-1.5000e+02 1.5000e+02 3.1810e-01
-1.5000e+02 1.6000e+02 1.1510e+00
-1.5000e+02 1.7000e+02 1.3640e+00
-1.5000e+02 1.8000e+02 -6.5244e-01
-1.5000e+02 1.9000e+02 2.7674e-01
-1.5000e+02 2.0000e+02 3.0640e-01
-1.4000e+02 -2.0000e+02 3.9333e-01
-1.4000e+02 -1.9000e+02 6.7984e-01
-1.4000e+02 -1.8000e+02 -4.6510e-01
-1.4000e+02 -1.7000e+02 -1.5037e+00
-1.4000e+02 -1.6000e+02 -9.7825e-01
-1.4000e+02 -1.5000e+02 -5.7731e-01
-1.4000e+02 -1.4000e+02 9.2772e-01
-1.4000e+02 -1.3000e+02 -6.4335e-01
-1.4000e+02 -1.2000e+02 1.8114e+00
-1.4000e+02 -1.1000e+02 2.0140e+00
-1.4000e+02 -1.0000e+02 2.1150e+00
-1.4000e+02 -9.0000e+01 -1.9153e+00
-1.4000e+02 -8.0000e+01 -1.8279e+00
-1.4000e+02 -7.0000e+01 -2.9238e-01
-1.4000e+02 -6.0000e+01 -3.1948e+00
-1.4000e+02 -5.0000e+01 -9.2391e-01
-1.4000e+02 -4.0000e+01 -5.8045e-01
-1.4000e+02 -3.0000e+01 -2.5507e+00
-1.4000e+02 -2.0000e+01 -3.2723e+00
-1.4000e+02 -1.0000e+01 -1.0699e+00
-1.4000e+02 0.0000e+00 -6.0863e-01
-1.4000e+02 1.0000e+01 -3.2111e+00
-1.4000e+02 2.0000e+01 -1.8597e+00
-1.4000e+02 3.0000e+01 9.7274e-01
-1.4000e+02 4.0000e+01 -1.2406e+00
-1.4000e+02 5.0000e+01 -1.4373e-01
-1.4000e+02 6.0000e+01 -1.2494e+00
-1.4000e+02 7.0000e+01 -1.4904e+00
-1.4000e+02 8.0000e+01 7.7362e-01
-1.4000e+02 9.0000e+01 4.3388e-01
-1.4000e+02 1.0000e+02 -6.0867e-01
-1.4000e+02 1.1000e+02 -1.6673e+00
-1.4000e+02 1.2000e+02 2.6080e-01
-1.4000e+02 1.3000e+02 4.1953e-01
-1.4000e+02 1.4000e+02 1.9042e+00
-1.4000e+02 1.5000e+02 -1.3467e+00
-1.4000e+02 1.6000e+02 -2.3952e+00
-1.4000e+02 1.7000e+02 1.6629e+00
-1.4000e+02 1.8000e+02 1.1713e+00
-1.4000e+02 1.9000e+02 -2.8851e+00
-1.4000e+02 2.0000e+02 -1.7876e+00
-1.3000e+02 -2.0000e+02 -1.5024e-01
-1.3000e+02 -1.9000e+02 -5.6445e-01
-1.3000e+02 -1.8000e+02 7.1831e-02
-1.3000e+02 -1.7000e+02 2.5522e-01
-1.3000e+02 -1.6000e+02 4.4996e-01
-1.3000e+02 -1.5000e+02 -1.0976e+00
-1.3000e+02 -1.4000e+02 -2.2489e+00
-1.3000e+02 -1.3000e+02 2.9195e-01
-1.3000e+02 -1.2000e+02 1.5320e+00
-1.3000e+02 -1.1000e+02 5.7554e-01
-1.3000e+02 -1.0000e+02 -1.2599e+00
-1.3000e+02 -9.0000e+01 -1.1646e+00
-1.3000e+02 -8.0000e+01 -1.7057e-01
-1.3000e+02 -7.0000e+01 -3.6663e+00
-1.3000e+02 -6.0000e+01 8.8434e-01
-1.3000e+02 -5.0000e+01 -2.4511e-01
-1.3000e+02 -4.0000e+01 -2.5562e+00
-1.3000e+02 -3.0000e+01 1.0872e+00
-1.3000e+02 -2.0000e+01 -1.5100e+00
-1.3000e+02 -1.0000e+01 -2.5962e+00
-1.3000e+02 0.0000e+00 -4.1234e+00
-1.3000e+02 1.0000e+01 -3.3980e-01
-1.3000e+02 2.0000e+01 -4.4260e+00
-1.3000e+02 3.0000e+01 3.9894e-01
-1.3000e+02 4.0000e+01 -1.3910e+00
-1.3000e+02 5.0000e+01 -1.7922e+00
-1.3000e+02 6.0000e+01 4.6616e-01
-1.3000e+02 7.0000e+01 -1.5274e+00
-1.3000e+02 8.0000e+01 -6.2780e-01
-1.3000e+02 9.0000e+01 1.6666e+00
-1.3000e+02 1.0000e+02 -5.5971e-02
-1.3000e+02 1.1000e+02 4.9808e+00
-1.3000e+02 1.2000e+02 1.4184e+00
-1.3000e+02 1.3000e+02 -2.7013e+00
-1.3000e+02 1.4000e+02 -3.1192e+00
-1.3000e+02 1.5000e+02 1.2636e+00
-1.3000e+02 1.6000e+02 -2.0119e-01
-1.3000e+02 1.7000e+02 -1.3179e+00
-1.3000e+02 1.8000e+02 2.2892e+00
-1.3000e+02 1.9000e+02 2.0133e+00
-1.3000e+02 2.0000e+02 8.0259e-01
-1.2000e+02 -2.0000e+02 -8.9385e-01
-1.2000e+02 -1.9000e+02 3.8349e-01
-1.2000e+02 -1.8000e+02 8.6415e-01
-1.2000e+02 -1.7000e+02 -1.4940e+00
-1.2000e+02 -1.6000e+02 2.2088e+00
-1.2000e+02 -1.5000e+02 2.3996e+00
-1.2000e+02 -1.4000e+02 -2.0758e+00
-1.2000e+02 -1.3000e+02 -4.4052e-02
-1.2000e+02 -1.2000e+02 1.6168e+00
-1.2000e+02 -1.1000e+02 -1.8509e-01
-1.2000e+02 -1.0000e+02 -4.8103e-01
-1.2000e+02 -9.0000e+01 -2.5425e+00
-1.2000e+02 -8.0000e+01 -6.6314e-01
-1.2000e+02 -7.0000e+01 -2.8088e+00
-1.2000e+02 -6.0000e+01 -1.3320e+00
-1.2000e+02 -5.0000e+01 -2.3539e+00
-1.2000e+02 -4.0000e+01 -1.4671e+00
-1.2000e+02 -3.0000e+01 -4.4597e+00
-1.2000e+02 -2.0000e+01 -3.1304e+00
-1.2000e+02 -1.0000e+01 -2.3112e+00
-1.2000e+02 0.0000e+00 -1.9780e+00
-1.2000e+02 1.0000e+01 -4.1850e+00
-1.2000e+02 2.0000e+01 -1.4785e-01
-1.2000e+02 3.0000e+01 -1.2637e+00
-1.2000e+02 4.0000e+01 -3.0685e+00
-1.2000e+02 5.0000e+01 -1.4934e+00
-1.2000e+02 6.0000e+01 -5.3655e-01
-1.2000e+02 7.0000e+01 -6.4431e-01
-1.2000e+02 8.0000e+01 -1.1204e-01
-1.2000e+02 9.0000e+01 -2.4082e+00
-1.2000e+02 1.0000e+02 -9.4738e-01
-1.2000e+02 1.1000e+02 -1.6121e-01
-1.2000e+02 1.2000e+02 1.6582e+00
-1.2000e+02 1.3000e+02 -1.4279e+00
-1.2000e+02 1.4000e+02 -2.2643e+00
-1.2000e+02 1.5000e+02 2.3116e+00
-1.2000e+02 1.6000e+02 8.7489e-01
-1.2000e+02 1.7000e+02 -3.6978e-01
-1.2000e+02 1.8000e+02 4.6472e-01
-1.2000e+02 1.9000e+02 -1.7231e+00
-1.2000e+02 2.0000e+02 -2.1670e-01
-1.1000e+02 -2.0000e+02 -1.6470e+00
-1.1000e+02 -1.9000e+02 -7.8249e-01
-1.1000e+02 -1.8000e+02 2.6778e+00
-1.1000e+02 -1.7000e+02 -4.7749e-01
-1.1000e+02 -1.6000e+02 2.5467e+00
-1.1000e+02 -1.5000e+02 -1.5953e+00
-1.1000e+02 -1.4000e+02 1.8280e+00
-1.1000e+02 -1.3000e+02 -1.1666e+00
-1.1000e+02 -1.2000e+02 -1.6826e+00
-1.1000e+02 -1.1000e+02 1.0304e-02
-1.1000e+02 -1.0000e+02 -5.2856e-01
-1.1000e+02 -9.0000e+01 -5.1029e+00
-1.1000e+02 -8.0000e+01 -5.6601e-01
-1.1000e+02 -7.0000e+01 1.2541e+00
-1.1000e+02 -6.0000e+01 -1.8259e-01
-1.1000e+02 -5.0000e+01 -4.0039e+00
-1.1000e+02 -4.0000e+01 -1.4198e+00
-1.1000e+02 -3.0000e+01 -2.3937e+00
-1.1000e+02 -2.0000e+01 -5.9106e-01
-1.1000e+02 -1.0000e+01 -3.2531e+00
-1.1000e+02 0.0000e+00 -3.7020e+00
-1.1000e+02 1.0000e+01 -1.1037e+00
-1.1000e+02 2.0000e+01 -3.4161e+00
-1.1000e+02 3.0000e+01 -1.7685e+00
-1.1000e+02 4.0000e+01 3.2192e-01
-1.1000e+02 5.0000e+01 -1.3942e+00
-1.1000e+02 6.0000e+01 -3.8610e-01
-1.1000e+02 7.0000e+01 -2.4812e+00
-1.1000e+02 8.0000e+01 -1.3449e+00
-1.1000e+02 9.0000e+01 -1.8759e+00
-1.1000e+02 1.0000e+02 -7.9036e-01
-1.1000e+02 1.1000e+02 6.8846e-01
-1.1000e+02 1.2000e+02 -4.4509e-01
-1.1000e+02 1.3000e+02 -2.0941e+00
-1.1000e+02 1.4000e+02 3.4108e+00
-1.1000e+02 1.5000e+02 -3.5157e-01
-1.1000e+02 1.6000e+02 1.3429e+00
-1.1000e+02 1.7000e+02 -1.2563e+00
-1.1000e+02 1.8000e+02 -2.0089e+00
-1.1000e+02 1.9000e+02 2.0333e-01
-1.1000e+02 2.0000e+02 1.1648e+00
-1.0000e+02 -2.0000e+02 9.9092e-01
-1.0000e+02 -1.9000e+02 -1.1182e+00
-1.0000e+02 -1.8000e+02 -1.9478e+00
-1.0000e+02 -1.7000e+02 -3.4868e+00
-1.0000e+02 -1.6000e+02 -4.9480e-01
-1.0000e+02 -1.5000e+02 1.3934e+00
-1.0000e+02 -1.4000e+02 -1.1687e-01
-1.0000e+02 -1.3000e+02 -2.9092e-01
-1.0000e+02 -1.2000e+02 -6.3220e-01
-1.0000e+02 -1.1000e+02 -3.7033e-01
-1.0000e+02 -1.0000e+02 -2.4857e+00
-1.0000e+02 -9.0000e+01 -3.4668e+00
-1.0000e+02 -8.0000e+01 -1.4947e+00
-1.0000e+02 -7.0000e+01 -2.9970e+00
-1.0000e+02 -6.0000e+01 -1.4760e+00
-1.0000e+02 -5.0000e+01 -2.6910e+00
-1.0000e+02 -4.0000e+01 -2.8878e+00
-1.0000e+02 -3.0000e+01 -1.6432e+00
-1.0000e+02 -2.0000e+01 -5.0940e+00
-1.0000e+02 -1.0000e+01 -2.8718e+00
-1.0000e+02 0.0000e+00 -5.5747e+00
-1.0000e+02 1.0000e+01 -3.1408e+00
-1.0000e+02 2.0000e+01 -2.2079e+00
-1.0000e+02 3.0000e+01 3.6963e-02
-1.0000e+02 4.0000e+01 -1.0680e+00
-1.0000e+02 5.0000e+01 -1.0140e+00
-1.0000e+02 6.0000e+01 -2.0530e+00
-1.0000e+02 7.0000e+01 -1.5646e-01
-1.0000e+02 8.0000e+01 -3.3778e+00
-1.0000e+02 9.0000e+01 -5.7257e-01
-1.0000e+02 1.0000e+02 4.2957e-01
-1.0000e+02 1.1000e+02 -1.7433e+00
-1.0000e+02 1.2000e+02 1.0596e-01
-1.0000e+02 1.3000e+02 -1.3643e+00
-1.0000e+02 1.4000e+02 -4.5037e-01
-1.0000e+02 1.5000e+02 3.0163e+00
-1.0000e+02 1.6000e+02 2.7875e-01
-1.0000e+02 1.7000e+02 -1.1155e+00
-1.0000e+02 1.8000e+02 -4.0249e-01
-1.0000e+02 1.9000e+02 6.8278e-01
-1.0000e+02 2.0000e+02 -1.6176e+00
-9.0000e+01 -2.0000e+02 -1.3067e+00
-9.0000e+01 -1.9000e+02 -1.7283e+00
-9.0000e+01 -1.8000e+02 2.3082e+00
-9.0000e+01 -1.7000e+02 6.0297e-02
-9.0000e+01 -1.6000e+02 4.6975e-01
-9.0000e+01 -1.5000e+02 -9.5216e-02
-9.0000e+01 -1.4000e+02 -5.1142e-01
-9.0000e+01 -1.3000e+02 -1.7699e+00
-9.0000e+01 -1.2000e+02 3.0190e-01
-9.0000e+01 -1.1000e+02 -2.8140e+00
-9.0000e+01 -1.0000e+02 -1.3796e+00
-9.0000e+01 -9.0000e+01 -1.4269e+00
-9.0000e+01 -8.0000e+01 -4.4050e+00
-9.0000e+01 -7.0000e+01 -3.1524e+00
-9.0000e+01 -6.0000e+01 -4.3642e+00
-9.0000e+01 -5.0000e+01 -3.4856e+00
-9.0000e+01 -4.0000e+01 -4.9885e+00
-9.0000e+01 -3.0000e+01 -5.7598e+00
-9.0000e+01 -2.0000e+01 -4.2159e+00
-9.0000e+01 -1.0000e+01 -5.8082e+00
-9.0000e+01 0.0000e+00 -4.1963e+00
-9.0000e+01 1.0000e+01 -1.7903e+00
-9.0000e+01 2.0000e+01 -2.8390e+00
-9.0000e+01 3.0000e+01 -1.2845e+00
-9.0000e+01 4.0000e+01 -7.2735e+00
-9.0000e+01 5.0000e+01 -3.1345e+00
-9.0000e+01 6.0000e+01 -2.2061e+00
-9.0000e+01 7.0000e+01 -2.2632e+00
-9.0000e+01 8.0000e+01 -1.9274e+00
-9.0000e+01 9.0000e+01 -3.6828e+00
-9.0000e+01 1.0000e+02 7.5462e-02
-9.0000e+01 1.1000e+02 -2.1255e-01
-9.0000e+01 1.2000e+02 -4.1268e-01
-9.0000e+01 1.3000e+02 5.6511e-01
-9.0000e+01 1.4000e+02 -1.1260e+00
-9.0000e+01 1.5000e+02 1.8681e+00
-9.0000e+01 1.6000e+02 -3.5395e+00
-9.0000e+01 1.7000e+02 -2.5011e+00
-9.0000e+01 1.8000e+02 -3.1714e-01
-9.0000e+01 1.9000e+02 -7.7447e-02
-9.0000e+01 2.0000e+02 -2.9036e+00
-8.0000e+01 -2.0000e+02 -5.5371e-01
-8.0000e+01 -1.9000e+02 3.0446e+00
-8.0000e+01 -1.8000e+02 6.2325e-01
-8.0000e+01 -1.7000e+02 -4.7808e-01
-8.0000e+01 -1.6000e+02 2.7693e+00
-8.0000e+01 -1.5000e+02 1.2643e+00
-8.0000e+01 -1.4000e+02 3.6073e-01
-8.0000e+01 -1.3000e+02 -2.7225e+00
-8.0000e+01 -1.2000e+02 7.3268e-01
-8.0000e+01 -1.1000e+02 -2.6506e-01
-8.0000e+01 -1.0000e+02 -3.9319e+00
-8.0000e+01 -9.0000e+01 -2.9818e+00
-8.0000e+01 -8.0000e+01 -4.4444e+00
-8.0000e+01 -7.0000e+01 -3.2639e+00
-8.0000e+01 -6.0000e+01 -1.5347e-01
-8.0000e+01 -5.0000e+01 -6.4416e-01
-8.0000e+01 -4.0000e+01 -4.7799e+00
-8.0000e+01 -3.0000e+01 -4.2129e+00
-8.0000e+01 -2.0000e+01 -3.7440e+00
-8.0000e+01 -1.0000e+01 -8.4408e+00
-8.0000e+01 0.0000e+00 -5.4676e+00
-8.0000e+01 1.0000e+01 -7.1161e+00
-8.0000e+01 2.0000e+01 -6.9724e+00
-8.0000e+01 3.0000e+01 -5.0063e+00
-8.0000e+01 4.0000e+01 -2.5110e+00
-8.0000e+01 5.0000e+01 -3.2332e+00
-8.0000e+01 6.0000e+01 -3.6154e+00
-8.0000e+01 7.0000e+01 -8.0069e-01
-8.0000e+01 8.0000e+01 -5.2591e+00
-8.0000e+01 9.0000e+01 -2.7743e+00
-8.0000e+01 1.0000e+02 -2.4727e+00
-8.0000e+01 1.1000e+02 -3.4961e-01
-8.0000e+01 1.2000e+02 1.9646e+00
-8.0000e+01 1.3000e+02 -1.1767e+00
-8.0000e+01 1.4000e+02 1.1447e+00
-8.0000e+01 1.5000e+02 -2.4715e+00
-8.0000e+01 1.6000e+02 -6.5771e-01
-8.0000e+01 1.7000e+02 -3.2756e+00
-8.0000e+01 1.8000e+02 -6.8527e-01
-8.0000e+01 1.9000e+02 2.1432e+00
-8.0000e+01 2.0000e+02 -1.6981e+00
-7.0000e+01 -2.0000e+02 1.5260e+00
-7.0000e+01 -1.9000e+02 1.9965e+00
-7.0000e+01 -1.8000e+02 -2.1190e+00
-7.0000e+01 -1.7000e+02 2.0094e+00
-7.0000e+01 -1.6000e+02 -8.7758e-01
-7.0000e+01 -1.5000e+02 1.3908e+00
-7.0000e+01 -1.4000e+02 -2.6290e+00
-7.0000e+01 -1.3000e+02 -7.5188e-01
-7.0000e+01 -1.2000e+02 -2.1489e+00
-7.0000e+01 -1.1000e+02 3.2077e-01
-7.0000e+01 -1.0000e+02 -8.4181e-01
-7.0000e+01 -9.0000e+01 -2.1637e+00
-7.0000e+01 -8.0000e+01 -1.8445e+00
-7.0000e+01 -7.0000e+01 -5.1820e+00
-7.0000e+01 -6.0000e+01 -7.3799e+00
-7.0000e+01 -5.0000e+01 -3.4503e+00
-7.0000e+01 -4.0000e+01 -6.0579e+00
-7.0000e+01 -3.0000e+01 -6.7631e+00
-7.0000e+01 -2.0000e+01 -4.0983e+00
-7.0000e+01 -1.0000e+01 -7.4919e+00
-7.0000e+01 0.0000e+00 -8.2746e+00
-7.0000e+01 1.0000e+01 -6.1639e+00
-7.0000e+01 2.0000e+01 -6.4630e+00
-7.0000e+01 3.0000e+01 -5.4480e+00
-7.0000e+01 4.0000e+01 -5.0633e+00
-7.0000e+01 5.0000e+01 -5.3819e+00
-7.0000e+01 6.0000e+01 -6.4469e+00
-7.0000e+01 7.0000e+01 -2.5001e+00
-7.0000e+01 8.0000e+01 -3.6871e+00
-7.0000e+01 9.0000e+01 7.7325e-02
-7.0000e+01 1.0000e+02 -3.7045e+00
-7.0000e+01 1.1000e+02 -2.6063e+00
-7.0000e+01 1.2000e+02 -1.1925e+00
-7.0000e+01 1.3000e+02 -2.2229e+00
-7.0000e+01 1.4000e+02 -9.7927e-01
-7.0000e+01 1.5000e+02 -8.6463e-01
-7.0000e+01 1.6000e+02 -5.1684e-01
-7.0000e+01 1.7000e+02 -6.4150e-02
-7.0000e+01 1.8000e+02 2.0386e+00
-7.0000e+01 1.9000e+02 8.2485e-01
-7.0000e+01 2.0000e+02 -4.7894e-01
-6.0000e+01 -2.0000e+02 1.5398e+00
-6.0000e+01 -1.9000e+02 -2.2412e+00
-6.0000e+01 -1.8000e+02 -7.6069e-01
-6.0000e+01 -1.7000e+02 -1.9998e-01
-6.0000e+01 -1.6000e+02 -1.3333e+00
-6.0000e+01 -1.5000e+02 -8.5189e-01
-6.0000e+01 -1.4000e+02 3.8403e-01
-6.0000e+01 -1.3000e+02 -1.4715e+00
-6.0000e+01 -1.2000e+02 -1.3802e+00
-6.0000e+01 -1.1000e+02 -2.6194e-01
-6.0000e+01 -1.0000e+02 -1.7258e+00
-6.0000e+01 -9.0000e+01 -5.5501e-01
-6.0000e+01 -8.0000e+01 -2.3339e+00
-6.0000e+01 -7.0000e+01 -4.6920e+00
-6.0000e+01 -6.0000e+01 -4.6699e+00
-6.0000e+01 -5.0000e+01 -6.5152e+00
-6.0000e+01 -4.0000e+01 -5.3126e+00
-6.0000e+01 -3.0000e+01 -4.8809e+00
-6.0000e+01 -2.0000e+01 -6.1701e+00
-6.0000e+01 -1.0000e+01 -8.7482e+00
-6.0000e+01 0.0000e+00 -8.0261e+00
-6.0000e+01 1.0000e+01 -6.0860e+00
-6.0000e+01 2.0000e+01 -6.9127e+00
-6.0000e+01 3.0000e+01 -7.2119e+00
-6.0000e+01 4.0000e+01 -5.3833e+00
-6.0000e+01 5.0000e+01 -5.9498e+00
-6.0000e+01 6.0000e+01 -5.5016e+00
-6.0000e+01 7.0000e+01 -3.5692e+00
-6.0000e+01 8.0000e+01 -3.2848e+00
-6.0000e+01 9.0000e+01 -1.9310e+00
-6.0000e+01 1.0000e+02 -1.3263e+00
-6.0000e+01 1.1000e+02 -2.1779e+00
-6.0000e+01 1.2000e+02 -3.3750e-01
-6.0000e+01 1.3000e+02 -2.5848e-01
-6.0000e+01 1.4000e+02 3.5334e-03
-6.0000e+01 1.5000e+02 -2.7476e+00
-6.0000e+01 1.6000e+02 3.7012e-02
-6.0000e+01 1.7000e+02 -5.4180e-01
-6.0000e+01 1.8000e+02 -7.0788e-01
-6.0000e+01 1.9000e+02 -1.2472e+00
-6.0000e+01 2.0000e+02 4.4104e-01
-5.0000e+01 -2.0000e+02 9.7093e-01
-5.0000e+01 -1.9000e+02 -8.7900e-01
-5.0000e+01 -1.8000e+02 -1.1979e+00
-5.0000e+01 -1.7000e+02 -8.9829e-01
-5.0000e+01 -1.6000e+02 7.0752e-01
-5.0000e+01 -1.5000e+02 -1.7412e+00
-5.0000e+01 -1.4000e+02 -4.9408e-01
-5.0000e+01 -1.3000e+02 2.5714e+00
-5.0000e+01 -1.2000e+02 -4.9671e-01
-5.0000e+01 -1.1000e+02 -2.8645e+00
-5.0000e+01 -1.0000e+02 -1.7225e+00
-5.0000e+01 -9.0000e+01 -4.8109e+00
-5.0000e+01 -8.0000e+01 -5.5223e+00
-5.0000e+01 -7.0000e+01 -1.0757e+00
-5.0000e+01 -6.0000e+01 -2.8270e+00
-5.0000e+01 -5.0000e+01 -8.9564e+00
-5.0000e+01 -4.0000e+01 -6.6474e+00
-5.0000e+01 -3.0000e+01 -9.1409e+00
-5.0000e+01 -2.0000e+01 -9.0418e+00
-5.0000e+01 -1.0000e+01 -1.1183e+01
-5.0000e+01 0.0000e+00 -9.4869e+00
-5.0000e+01 1.0000e+01 -9.8712e+00
-5.0000e+01 2.0000e+01 -9.5550e+00
-5.0000e+01 3.0000e+01 -1.1211e+01
-5.0000e+01 4.0000e+01 -7.0018e+00
-5.0000e+01 5.0000e+01 -5.1717e+00
-5.0000e+01 6.0000e+01 -7.0586e+00
-5.0000e+01 7.0000e+01 -5.5617e+00
-5.0000e+01 8.0000e+01 -4.3884e+00
-5.0000e+01 9.0000e+01 -4.8963e+00
-5.0000e+01 1.0000e+02 -2.2565e+00
-5.0000e+01 1.1000e+02 -1.9315e+00
-5.0000e+01 1.2000e+02 5.6646e-01
-5.0000e+01 1.3000e+02 -1.1516e+00
-5.0000e+01 1.4000e+02 -9.4117e-01
-5.0000e+01 1.5000e+02 -2.5985e+00
-5.0000e+01 1.6000e+02 -2.8396e-01
-5.0000e+01 1.7000e+02 2.0528e-01
-5.0000e+01 1.8000e+02 -4.2553e-01
-5.0000e+01 1.9000e+02 7.9673e-01
-5.0000e+01 2.0000e+02 4.6273e-01
-4.0000e+01 -2.0000e+02 4.9879e-01
-4.0000e+01 -1.9000e+02 1.1379e-01
-4.0000e+01 -1.8000e+02 8.3375e-01
-4.0000e+01 -1.7000e+02 -1.7209e+00
-4.0000e+01 -1.6000e+02 1.0500e+00
-4.0000e+01 -1.5000e+02 -1.0740e+00
-4.0000e+01 -1.4000e+02 2.4262e-01
-4.0000e+01 -1.3000e+02 2.3888e-01
-4.0000e+01 -1.2000e+02 -1.8085e+00
-4.0000e+01 -1.1000e+02 -1.5242e+00
-4.0000e+01 -1.0000e+02 -2.6967e-01
-4.0000e+01 -9.0000e+01 -4.9288e+00
-4.0000e+01 -8.0000e+01 -5.4736e+00
-4.0000e+01 -7.0000e+01 -2.8947e+00
-4.0000e+01 -6.0000e+01 -7.7600e+00
-4.0000e+01 -5.0000e+01 -5.8812e+00
-4.0000e+01 -4.0000e+01 -8.3759e+00
-4.0000e+01 -3.0000e+01 -1.1017e+01
-4.0000e+01 -2.0000e+01 -1.3554e+01
-4.0000e+01 -1.0000e+01 -1.2511e+01
-4.0000e+01 0.0000e+00 -1.3067e+01
-4.0000e+01 1.0000e+01 -1.2275e+01
-4.0000e+01 2.0000e+01 -1.1094e+01
-4.0000e+01 3.0000e+01 -8.1031e+00
-4.0000e+01 4.0000e+01 -8.1879e+00
-4.0000e+01 5.0000e+01 -6.8896e+00
-4.0000e+01 6.0000e+01 -8.0356e+00
-4.0000e+01 7.0000e+01 -4.5195e+00
-4.0000e+01 8.0000e+01 -2.2112e+00
-4.0000e+01 9.0000e+01 -4.0872e+00
-4.0000e+01 1.0000e+02 -4.4949e+00
-4.0000e+01 1.1000e+02 -2.3139e+00
-4.0000e+01 1.2000e+02 -1.3911e+00
-4.0000e+01 1.3000e+02 -2.4669e+00
-4.0000e+01 1.4000e+02 -1.1120e+00
-4.0000e+01 1.5000e+02 -1.8189e-01
-4.0000e+01 1.6000e+02 -1.9835e-01
-4.0000e+01 1.7000e+02 1.2532e+00
-4.0000e+01 1.8000e+02 2.7402e+00
-4.0000e+01 1.9000e+02 -2.5312e+00
-4.0000e+01 2.0000e+02 2.2433e+00
-3.0000e+01 -2.0000e+02 -4.5821e-01
-3.0000e+01 -1.9000e+02 -6.0816e-01
-3.0000e+01 -1.8000e+02 2.3648e+00
-3.0000e+01 -1.7000e+02 -5.5074e-01
-3.0000e+01 -1.6000e+02 -1.0278e-01
-3.0000e+01 -1.5000e+02 -8.8742e-01
-3.0000e+01 -1.4000e+02 7.1303e-01
-3.0000e+01 -1.3000e+02 -2.5175e+00
-3.0000e+01 -1.2000e+02 -2.4067e+00
-3.0000e+01 -1.1000e+02 -2.7516e+00
-3.0000e+01 -1.0000e+02 -5.6926e+00
-3.0000e+01 -9.0000e+01 -2.6772e+00
-3.0000e+01 -8.0000e+01 -3.7007e+00
-3.0000e+01 -7.0000e+01 -7.4465e+00
-3.0000e+01 -6.0000e+01 -8.4495e+00
-3.0000e+01 -5.0000e+01 -8.7751e+00
-3.0000e+01 -4.0000e+01 -1.1463e+01
-3.0000e+01 -3.0000e+01 -1.2616e+01
-3.0000e+01 -2.0000e+01 -1.0292e+01
-3.0000e+01 -1.0000e+01 -1.3774e+01
-3.0000e+01 0.0000e+00 -1.1491e+01
-3.0000e+01 1.0000e+01 -1.2440e+01
-3.0000e+01 2.0000e+01 -1.3508e+01
-3.0000e+01 3.0000e+01 -1.0155e+01
-3.0000e+01 4.0000e+01 -1.0147e+01
-3.0000e+01 5.0000e+01 -1.1684e+01
-3.0000e+01 6.0000e+01 -6.1905e+00
-3.0000e+01 7.0000e+01 -6.8256e+00
-3.0000e+01 8.0000e+01 -5.7370e+00
-3.0000e+01 9.0000e+01 -6.7156e+00
-3.0000e+01 1.0000e+02 -2.7936e+00
-3.0000e+01 1.1000e+02 -3.6496e+00
-3.0000e+01 1.2000e+02 -1.0184e+00
-3.0000e+01 1.3000e+02 -9.6347e-02
-3.0000e+01 1.4000e+02 2.4067e-01
-3.0000e+01 1.5000e+02 1.7539e-01
-3.0000e+01 1.6000e+02 6.6954e-01
-3.0000e+01 1.7000e+02 -1.7772e+00
-3.0000e+01 1.8000e+02 -5.0639e-01
-3.0000e+01 1.9000e+02 2.2229e-01
-3.0000e+01 2.0000e+02 -1.5148e-01
-2.0000e+01 -2.0000e+02 8.7066e-01
-2.0000e+01 -1.9000e+02 -2.1028e+00
-2.0000e+01 -1.8000e+02 4.7482e-02
-2.0000e+01 -1.7000e+02 6.6753e-01
-2.0000e+01 -1.6000e+02 1.2443e+00
-2.0000e+01 -1.5000e+02 1.1709e-01
-2.0000e+01 -1.4000e+02 2.2131e-01
-2.0000e+01 -1.3000e+02 -1.2151e+00
-2.0000e+01 -1.2000e+02 -1.2289e+00
-2.0000e+01 -1.1000e+02 -2.7661e+00
-2.0000e+01 -1.0000e+02 -1.8427e+00
-2.0000e+01 -9.0000e+01 -2.1437e+00
-2.0000e+01 -8.0000e+01 -3.1658e+00
-2.0000e+01 -7.0000e+01 -5.0714e+00
-2.0000e+01 -6.0000e+01 -8.0964e+00
-2.0000e+01 -5.0000e+01 -9.7146e+00
-2.0000e+01 -4.0000e+01 -1.0817e+01
-2.0000e+01 -3.0000e+01 -1.2401e+01
-2.0000e+01 -2.0000e+01 -1.1812e+01
-2.0000e+01 -1.0000e+01 -1.2198e+01
-2.0000e+01 0.0000e+00 -1.5262e+01
-2.0000e+01 1.0000e+01 -1.7975e+01
-2.0000e+01 2.0000e+01 -1.3860e+01
-2.0000e+01 3.0000e+01 -1.1348e+01
-2.0000e+01 4.0000e+01 -1.1026e+01
-2.0000e+01 5.0000e+01 -9.2559e+00
-2.0000e+01 6.0000e+01 -8.5737e+00
-2.0000e+01 7.0000e+01 -6.6789e+00
-2.0000e+01 8.0000e+01 -5.8398e+00
-2.0000e+01 9.0000e+01 -2.8383e+00
-2.0000e+01 1.0000e+02 4.2537e-01
-2.0000e+01 1.1000e+02 -1.3568e+00
-2.0000e+01 1.2000e+02 -3.3038e-01
-2.0000e+01 1.3000e+02 -7.1980e-01
-2.0000e+01 1.4000e+02 -4.0195e+00
-2.0000e+01 1.5000e+02 7.6661e-01
-2.0000e+01 1.6000e+02 -1.6175e+00
-2.0000e+01 1.7000e+02 2.0316e+00
-2.0000e+01 1.8000e+02 -1.7210e+00
-2.0000e+01 1.9000e+02 -1.5171e+00
-2.0000e+01 2.0000e+02 1.9168e+00
-1.0000e+01 -2.0000e+02 -5.4116e-01
-1.0000e+01 -1.9000e+02 2.8943e+00
-1.0000e+01 -1.8000e+02 -7.4398e-01
-1.0000e+01 -1.7000e+02 3.5469e-01
-1.0000e+01 -1.6000e+02 -3.6372e-01
-1.0000e+01 -1.5000e+02 -1.5283e+00
-1.0000e+01 -1.4000e+02 -1.5258e+00
-1.0000e+01 -1.3000e+02 -2.6123e+00
-1.0000e+01 -1.2000e+02 -5.4799e+00
-1.0000e+01 -1.1000e+02 -1.5468e+00
-1.0000e+01 -1.0000e+02 -5.9480e+00
-1.0000e+01 -9.0000e+01 -6.0661e+00
-1.0000e+01 -8.0000e+01 -5.1989e+00
-1.0000e+01 -7.0000e+01 -7.6650e+00
-1.0000e+01 -6.0000e+01 -9.9528e+00
-1.0000e+01 -5.0000e+01 -8.5203e+00
-1.0000e+01 -4.0000e+01 -8.3866e+00
-1.0000e+01 -3.0000e+01 -1.5289e+01
-1.0000e+01 -2.0000e+01 -1.2847e+01
-1.0000e+01 -1.0000e+01 -1.3512e+01
-1.0000e+01 0.0000e+00 -1.4144e+01
-1.0000e+01 1.0000e+01 -1.4527e+01
-1.0000e+01 2.0000e+01 -1.4569e+01
-1.0000e+01 3.0000e+01 -1.4009e+01
-1.0000e+01 4.0000e+01 -1.2375e+01
-1.0000e+01 5.0000e+01 -1.0380e+01
-1.0000e+01 6.0000e+01 -8.7465e+00
-1.0000e+01 7.0000e+01 -5.4855e+00
-1.0000e+01 8.0000e+01 -5.1988e+00
-1.0000e+01 9.0000e+01 -4.0524e+00
-1.0000e+01 1.0000e+02 -4.0885e+00
-1.0000e+01 1.1000e+02 -7.0563e-01
-1.0000e+01 1.2000e+02 -6.8263e-01
-1.0000e+01 1.3000e+02 -1.9350e+00
-1.0000e+01 1.4000e+02 8.8088e-01
-1.0000e+01 1.5000e+02 -6.6344e-02
-1.0000e+01 1.6000e+02 -1.0820e+00
-1.0000e+01 1.7000e+02 1.6355e+00
-1.0000e+01 1.8000e+02 -5.0460e-01
-1.0000e+01 1.9000e+02 -3.9598e-01
-1.0000e+01 2.0000e+02 -2.5483e-01
0.0000e+00 -2.0000e+02 -2.5014e+00
0.0000e+00 -1.9000e+02 1.1430e+00
0.0000e+00 -1.8000e+02 -1.1427e+00
0.0000e+00 -1.7000e+02 1.6912e+00
0.0000e+00 -1.6000e+02 2.6115e-01
0.0000e+00 -1.5000e+02 1.5917e+00
0.0000e+00 -1.4000e+02 8.3920e-01
0.0000e+00 -1.3000e+02 -9.6427e-01
0.0000e+00 -1.2000e+02 -2.2444e+00
0.0000e+00 -1.1000e+02 -3.5372e+00
0.0000e+00 -1.0000e+02 -3.5746e+00
0.0000e+00 -9.0000e+01 -6.4615e+00
0.0000e+00 -8.0000e+01 -4.2929e+00
0.0000e+00 -7.0000e+01 -6.8999e+00
0.0000e+00 -6.0000e+01 -8.9830e+00
0.0000e+00 -5.0000e+01 -1.0184e+01
0.0000e+00 -4.0000e+01 -9.7601e+00
0.0000e+00 -3.0000e+01 -1.2768e+01
0.0000e+00 -2.0000e+01 -1.4193e+01
0.0000e+00 -1.0000e+01 -1.3336e+01
0.0000e+00 0.0000e+00 -1.4652e+01
0.0000e+00 1.0000e+01 -1.6259e+01
0.0000e+00 2.0000e+01 -1.5219e+01
0.0000e+00 3.0000e+01 -1.0194e+01
0.0000e+00 4.0000e+01 -1.0829e+01
0.0000e+00 5.0000e+01 -6.5013e+00
0.0000e+00 6.0000e+01 -5.5424e+00
0.0000e+00 7.0000e+01 -5.7443e+00
0.0000e+00 8.0000e+01 -6.3187e+00
0.0000e+00 9.0000e+01 -5.1339e+00
0.0000e+00 1.0000e+02 -3.1691e+00
0.0000e+00 1.1000e+02 -2.6824e+00
0.0000e+00 1.2000e+02 -1.5216e+00
0.0000e+00 1.3000e+02 -7.9673e-01
0.0000e+00 1.4000e+02 8.3765e-01
0.0000e+00 1.5000e+02 -2.8256e+00
0.0000e+00 1.6000e+02 -4.7740e-01
0.0000e+00 1.7000e+02 -2.4404e+00
0.0000e+00 1.8000e+02 -1.7700e+00
0.0000e+00 1.9000e+02 -1.5733e-01
0.0000e+00 2.0000e+02 -2.2373e+00
1.0000e+01 -2.0000e+02 7.4170e-01
1.0000e+01 -1.9000e+02 -1.5407e+00
1.0000e+01 -1.8000e+02 -1.7616e+00
1.0000e+01 -1.7000e+02 -3.8552e-02
1.0000e+01 -1.6000e+02 7.8294e-01
1.0000e+01 -1.5000e+02 7.3864e-01
1.0000e+01 -1.4000e+02 -8.5094e-01
1.0000e+01 -1.3000e+02 1.0713e+00
1.0000e+01 -1.2000e+02 -3.4927e+00
1.0000e+01 -1.1000e+02 -1.1450e+00
1.0000e+01 -1.0000e+02 -2.1989e+00
1.0000e+01 -9.0000e+01 -4.1740e+00
1.0000e+01 -8.0000e+01 -4.5625e+00
1.0000e+01 -7.0000e+01 -6.8679e+00
1.0000e+01 -6.0000e+01 -9.4437e+00
1.0000e+01 -5.0000e+01 -1.2508e+01
1.0000e+01 -4.0000e+01 -1.3810e+01
1.0000e+01 -3.0000e+01 -1.2958e+01
1.0000e+01 -2.0000e+01 -1.1972e+01
1.0000e+01 -1.0000e+01 -1.5695e+01
1.0000e+01 0.0000e+00 -1.4763e+01
1.0000e+01 1.0000e+01 -1.2311e+01
1.0000e+01 2.0000e+01 -1.5302e+01
1.0000e+01 3.0000e+01 -1.3994e+01
1.0000e+01 4.0000e+01 -1.2278e+01
1.0000e+01 5.0000e+01 -8.5077e+00
1.0000e+01 6.0000e+01 -7.1155e+00
1.0000e+01 7.0000e+01 -8.1503e+00
1.0000e+01 8.0000e+01 -6.5832e+00
1.0000e+01 9.0000e+01 -1.5644e+00
1.0000e+01 1.0000e+02 -3.5250e+00
1.0000e+01 1.1000e+02 -4.7658e+00
1.0000e+01 1.2000e+02 -3.8110e+00
1.0000e+01 1.3000e+02 -9.0635e-01
1.0000e+01 1.4000e+02 -8.8076e-03
1.0000e+01 1.5000e+02 2.7682e+00
1.0000e+01 1.6000e+02 -1.3064e+00
1.0000e+01 1.7000e+02 -4.0734e+00
1.0000e+01 1.8000e+02 -7.2264e-01
1.0000e+01 1.9000e+02 4.8423e-01
1.0000e+01 2.0000e+02 1.5634e+00
2.0000e+01 -2.0000e+02 -5.7142e-01
2.0000e+01 -1.9000e+02 -4.9066e+00
2.0000e+01 -1.8000e+02 6.1649e-01
2.0000e+01 -1.7000e+02 -8.7930e-01
2.0000e+01 -1.6000e+02 7.1284e-02
2.0000e+01 -1.5000e+02 1.0148e+00
2.0000e+01 -1.4000e+02 -1.5404e-01
2.0000e+01 -1.3000e+02 -3.5730e+00
2.0000e+01 -1.2000e+02 -6.1050e-01
2.0000e+01 -1.1000e+02 -1.4503e+00
2.0000e+01 -1.0000e+02 -2.3101e+00
2.0000e+01 -9.0000e+01 -3.4266e+00
2.0000e+01 -8.0000e+01 -5.6613e+00
2.0000e+01 -7.0000e+01 -9.5830e+00
2.0000e+01 -6.0000e+01 -9.0221e+00
2.0000e+01 -5.0000e+01 -8.6356e+00
2.0000e+01 -4.0000e+01 -1.0296e+01
2.0000e+01 -3.0000e+01 -1.1153e+01
2.0000e+01 -2.0000e+01 -1.2004e+01
2.0000e+01 -1.0000e+01 -1.1858e+01
2.0000e+01 0.0000e+00 -1.2695e+01
2.0000e+01 1.0000e+01 -1.3622e+01
2.0000e+01 2.0000e+01 -1.4914e+01
2.0000e+01 3.0000e+01 -9.9534e+00
2.0000e+01 4.0000e+01 -8.9478e+00
2.0000e+01 5.0000e+01 -1.1186e+01
2.0000e+01 6.0000e+01 -7.3547e+00
2.0000e+01 7.0000e+01 -7.7792e+00
2.0000e+01 8.0000e+01 -6.3529e+00
2.0000e+01 9.0000e+01 -2.4600e+00
2.0000e+01 1.0000e+02 -2.4583e+00
2.0000e+01 1.1000e+02 4.0032e-01
2.0000e+01 1.2000e+02 -2.6295e+00
2.0000e+01 1.3000e+02 -2.0534e+00
2.0000e+01 1.4000e+02 4.2211e-01
2.0000e+01 1.5000e+02 4.3372e-01
2.0000e+01 1.6000e+02 2.3649e+00
2.0000e+01 1.7000e+02 2.9496e+00
2.0000e+01 1.8000e+02 -7.1344e-01
2.0000e+01 1.9000e+02 -1.3654e+00
2.0000e+01 2.0000e+02 1.7923e+00
3.0000e+01 -2.0000e+02 -2.2510e+00
3.0000e+01 -1.9000e+02 4.0366e-01
3.0000e+01 -1.8000e+02 1.1708e+00
3.0000e+01 -1.7000e+02 9.7995e-01
3.0000e+01 -1.6000e+02 7.0512e-01
3.0000e+01 -1.5000e+02 2.3027e-01
3.0000e+01 -1.4000e+02 -2.0644e+00
3.0000e+01 -1.3000e+02 -5.6722e-01
3.0000e+01 -1.2000e+02 -2.5186e+00
3.0000e+01 -1.1000e+02 1.2957e+00
3.0000e+01 -1.0000e+02 -1.8267e+00
3.0000e+01 -9.0000e+01 -3.4941e+00
3.0000e+01 -8.0000e+01 -3.9649e+00
3.0000e+01 -7.0000e+01 -7.9017e+00
3.0000e+01 -6.0000e+01 -8.6113e+00
3.0000e+01 -5.0000e+01 -7.6965e+00
3.0000e+01 -4.0000e+01 -1.0198e+01
3.0000e+01 -3.0000e+01 -1.1930e+01
3.0000e+01 -2.0000e+01 -1.1803e+01
3.0000e+01 -1.0000e+01 -1.4961e+01
3.0000e+01 0.0000e+00 -1.3014e+01
3.0000e+01 1.0000e+01 -1.1502e+01
3.0000e+01 2.0000e+01 -1.2725e+01
3.0000e+01 3.0000e+01 -1.0160e+01
3.0000e+01 4.0000e+01 -8.9750e+00
3.0000e+01 5.0000e+01 -1.0291e+01
3.0000e+01 6.0000e+01 -5.8197e+00
3.0000e+01 7.0000e+01 -3.6442e+00
3.0000e+01 8.0000e+01 -4.8241e+00
3.0000e+01 9.0000e+01 -3.7550e+00
3.0000e+01 1.0000e+02 -2.6048e+00
3.0000e+01 1.1000e+02 -3.8160e+00
3.0000e+01 1.2000e+02 -3.2085e+00
3.0000e+01 1.3000e+02 1.7757e+00
3.0000e+01 1.4000e+02 1.2086e+00
3.0000e+01 1.5000e+02 1.1126e+00
3.0000e+01 1.6000e+02 -3.3218e-01
3.0000e+01 1.7000e+02 -1.2663e+00
3.0000e+01 1.8000e+02 -1.8237e+00
3.0000e+01 1.9000e+02 1.6966e+00
3.0000e+01 2.0000e+02 1.5466e+00
4.0000e+01 -2.0000e+02 -1.8621e+00
4.0000e+01 -1.9000e+02 -1.3767e+00
4.0000e+01 -1.8000e+02 -1.1414e+00
4.0000e+01 -1.7000e+02 -1.3486e-01
4.0000e+01 -1.6000e+02 -1.3912e+00
4.0000e+01 -1.5000e+02 -1.8983e+00
4.0000e+01 -1.4000e+02 1.1395e+00
4.0000e+01 -1.3000e+02 -3.0759e+00
4.0000e+01 -1.2000e+02 -3.2209e-01
4.0000e+01 -1.1000e+02 -1.6003e+00
4.0000e+01 -1.0000e+02 -4.9605e-01
4.0000e+01 -9.0000e+01 -9.3234e-01
4.0000e+01 -8.0000e+01 -4.1258e+00
4.0000e+01 -7.0000e+01 -5.7675e+00
4.0000e+01 -6.0000e+01 -7.0909e+00
4.0000e+01 -5.0000e+01 -8.3574e+00
4.0000e+01 -4.0000e+01 -1.3067e+01
4.0000e+01 -3.0000e+01 -1.0268e+01
4.0000e+01 -2.0000e+01 -8.8190e+00
4.0000e+01 -1.0000e+01 -1.0978e+01
4.0000e+01 0.0000e+00 -9.3367e+00
4.0000e+01 1.0000e+01 -1.4137e+01
4.0000e+01 2.0000e+01 -1.1179e+01
4.0000e+01 3.0000e+01 -1.0116e+01
4.0000e+01 4.0000e+01 -8.3235e+00
4.0000e+01 5.0000e+01 -7.2934e+00
4.0000e+01 6.0000e+01 -4.7570e+00
4.0000e+01 7.0000e+01 -5.7003e+00
4.0000e+01 8.0000e+01 -5.5116e+00
4.0000e+01 9.0000e+01 -3.2190e+00
4.0000e+01 1.0000e+02 -3.3305e+00
4.0000e+01 1.1000e+02 -1.9892e+00
4.0000e+01 1.2000e+02 -2.2783e-01
4.0000e+01 1.3000e+02 -1.8023e+00
4.0000e+01 1.4000e+02 2.0623e-02
4.0000e+01 1.5000e+02 -1.8474e-01
4.0000e+01 1.6000e+02 2.4894e+00
4.0000e+01 1.7000e+02 -3.1186e+00
4.0000e+01 1.8000e+02 -1.8129e+00
4.0000e+01 1.9000e+02 -2.0577e+00
4.0000e+01 2.0000e+02 -1.8109e+00
5.0000e+01 -2.0000e+02 -8.4334e-01
5.0000e+01 -1.9000e+02 -1.6648e+00
5.0000e+01 -1.8000e+02 3.2974e+00
5.0000e+01 -1.7000e+02 1.1119e+00
5.0000e+01 -1.6000e+02 -1.5759e+00
5.0000e+01 -1.5000e+02 -5.5436e-01
5.0000e+01 -1.4000e+02 9.0644e-01
5.0000e+01 -1.3000e+02 -1.8349e+00
5.0000e+01 -1.2000e+02 8.9563e-01
5.0000e+01 -1.1000e+02 -9.0121e-01
5.0000e+01 -1.0000e+02 -1.7230e+00
5.0000e+01 -9.0000e+01 -4.4163e+00
5.0000e+01 -8.0000e+01 -4.9588e+00
5.0000e+01 -7.0000e+01 -4.5773e+00
5.0000e+01 -6.0000e+01 -5.5017e+00
5.0000e+01 -5.0000e+01 -9.0520e+00
5.0000e+01 -4.0000e+01 -8.4069e+00
5.0000e+01 -3.0000e+01 -9.7156e+00
5.0000e+01 -2.0000e+01 -9.1622e+00
5.0000e+01 -1.0000e+01 -1.0170e+01
5.0000e+01 0.0000e+00 -1.0019e+01
5.0000e+01 1.0000e+01 -1.0338e+01
5.0000e+01 2.0000e+01 -7.6842e+00
5.0000e+01 3.0000e+01 -8.2629e+00
5.0000e+01 4.0000e+01 -6.9620e+00
5.0000e+01 5.0000e+01 -7.8226e+00
5.0000e+01 6.0000e+01 -4.4922e+00
5.0000e+01 7.0000e+01 -4.0737e+00
5.0000e+01 8.0000e+01 -3.5874e+00
5.0000e+01 9.0000e+01 -5.0524e+00
5.0000e+01 1.0000e+02 -3.9363e+00
5.0000e+01 1.1000e+02 -1.2438e+00
5.0000e+01 1.2000e+02 9.9185e-01
5.0000e+01 1.3000e+02 -1.8524e+00
5.0000e+01 1.4000e+02 7.6644e-01
5.0000e+01 1.5000e+02 6.9963e-01
5.0000e+01 1.6000e+02 -1.5202e+00
5.0000e+01 1.7000e+02 8.7423e-01
5.0000e+01 1.8000e+02 -1.1754e+00
5.0000e+01 1.9000e+02 2.6052e+00
5.0000e+01 2.0000e+02 -1.2171e+00
6.0000e+01 -2.0000e+02 -2.0117e-01
6.0000e+01 -1.9000e+02 2.3057e+00
6.0000e+01 -1.8000e+02 -2.1443e-01
6.0000e+01 -1.7000e+02 -5.7442e-01
6.0000e+01 -1.6000e+02 -1.7501e+00
6.0000e+01 -1.5000e+02 -2.6726e+00
6.0000e+01 -1.4000e+02 1.1001e+00
6.0000e+01 -1.3000e+02 -1.6346e+00
6.0000e+01 -1.2000e+02 9.5769e-01
6.0000e+01 -1.1000e+02 -6.2827e-01
6.0000e+01 -1.0000e+02 -3.2308e+00
6.0000e+01 -9.0000e+01 -1.7486e+00
6.0000e+01 -8.0000e+01 -2.2027e+00
6.0000e+01 -7.0000e+01 -3.6690e+00
6.0000e+01 -6.0000e+01 -4.4194e+00
6.0000e+01 -5.0000e+01 -7.6857e+00
6.0000e+01 -4.0000e+01 -5.6951e+00
6.0000e+01 -3.0000e+01 -5.4184e+00
6.0000e+01 -2.0000e+01 -6.0969e+00
6.0000e+01 -1.0000e+01 -9.9079e+00
6.0000e+01 0.0000e+00 -8.8375e+00
6.0000e+01 1.0000e+01 -8.5320e+00
6.0000e+01 2.0000e+01 -6.8505e+00
6.0000e+01 3.0000e+01 -8.1114e+00
6.0000e+01 4.0000e+01 -8.2361e+00
6.0000e+01 5.0000e+01 -6.9261e+00
6.0000e+01 6.0000e+01 -4.4468e+00
6.0000e+01 7.0000e+01 -5.7159e+00
6.0000e+01 8.0000e+01 -6.2371e+00
6.0000e+01 9.0000e+01 -6.1103e+00
6.0000e+01 1.0000e+02 -1.1752e+00
6.0000e+01 1.1000e+02 -3.3765e+00
6.0000e+01 1.2000e+02 2.4256e-01
6.0000e+01 1.3000e+02 -1.2178e+00
6.0000e+01 1.4000e+02 -3.1327e-01
6.0000e+01 1.5000e+02 -1.0635e+00
6.0000e+01 1.6000e+02 -3.2520e-01
6.0000e+01 1.7000e+02 -2.0619e+00
6.0000e+01 1.8000e+02 -2.0632e+00
6.0000e+01 1.9000e+02 8.4194e-01
6.0000e+01 2.0000e+02 -1.4415e+00
7.0000e+01 -2.0000e+02 -4.4077e-01
7.0000e+01 -1.9000e+02 2.8743e-01
7.0000e+01 -1.8000e+02 4.2857e-01
7.0000e+01 -1.7000e+02 4.9488e-01
7.0000e+01 -1.6000e+02 -5.1567e-02
7.0000e+01 -1.5000e+02 -3.8747e+00
7.0000e+01 -1.4000e+02 -1.3279e+00
7.0000e+01 -1.3000e+02 1.7228e+00
7.0000e+01 -1.2000e+02 -1.5969e-01
7.0000e+01 -1.1000e+02 1.3175e-01
7.0000e+01 -1.0000e+02 -2.7492e+00
7.0000e+01 -9.0000e+01 -2.7035e+00
7.0000e+01 -8.0000e+01 -3.3552e+00
7.0000e+01 -7.0000e+01 -8.8484e-01
7.0000e+01 -6.0000e+01 -5.7625e+00
7.0000e+01 -5.0000e+01 -4.2376e+00
7.0000e+01 -4.0000e+01 -7.6290e+00
7.0000e+01 -3.0000e+01 -6.0755e+00
7.0000e+01 -2.0000e+01 -7.4396e+00
7.0000e+01 -1.0000e+01 -1.0263e+01
7.0000e+01 0.0000e+00 -6.7969e+00
7.0000e+01 1.0000e+01 -6.8706e+00
7.0000e+01 2.0000e+01 -5.5621e+00
7.0000e+01 3.0000e+01 -7.7830e+00
7.0000e+01 4.0000e+01 -7.5403e+00
7.0000e+01 5.0000e+01 -3.2191e+00
7.0000e+01 6.0000e+01 -4.2764e+00
7.0000e+01 7.0000e+01 -4.1760e+00
7.0000e+01 8.0000e+01 -1.5827e+00
7.0000e+01 9.0000e+01 -1.5635e+00
7.0000e+01 1.0000e+02 1.3964e-02
7.0000e+01 1.1000e+02 5.2634e-01
7.0000e+01 1.2000e+02 -7.9121e-01
7.0000e+01 1.3000e+02 -1.0072e+00
7.0000e+01 1.4000e+02 -2.1745e+00
7.0000e+01 1.5000e+02 -6.8481e-01
7.0000e+01 1.6000e+02 -1.0327e+00
7.0000e+01 1.7000e+02 -1.3155e-01
7.0000e+01 1.8000e+02 -3.0043e-01
7.0000e+01 1.9000e+02 7.1444e-02
7.0000e+01 2.0000e+02 -3.2378e+00
8.0000e+01 -2.0000e+02 9.5600e-02
8.0000e+01 -1.9000e+02 2.8832e-02
8.0000e+01 -1.8000e+02 -2.4261e-01
8.0000e+01 -1.7000e+02 4.2887e-01
8.0000e+01 -1.6000e+02 -3.8765e+00
8.0000e+01 -1.5000e+02 3.2194e-01
8.0000e+01 -1.4000e+02 3.5203e+00
8.0000e+01 -1.3000e+02 -1.6324e+00
8.0000e+01 -1.2000e+02 1.7684e+00
8.0000e+01 -1.1000e+02 -1.7063e+00
8.0000e+01 -1.0000e+02 -2.3458e+00
8.0000e+01 -9.0000e+01 -2.3782e+00
8.0000e+01 -8.0000e+01 -3.2371e+00
8.0000e+01 -7.0000e+01 -5.3287e-01
8.0000e+01 -6.0000e+01 9.3725e-01
8.0000e+01 -5.0000e+01 -4.0187e+00
8.0000e+01 -4.0000e+01 -2.9670e+00
8.0000e+01 -3.0000e+01 -5.1977e+00
8.0000e+01 -2.0000e+01 -6.5434e+00
8.0000e+01 -1.0000e+01 -3.8088e+00
8.0000e+01 0.0000e+00 -4.1798e+00
8.0000e+01 1.0000e+01 -6.4314e+00
8.0000e+01 2.0000e+01 -5.3580e+00
8.0000e+01 3.0000e+01 -3.7427e+00
8.0000e+01 4.0000e+01 -4.4439e+00
8.0000e+01 5.0000e+01 -2.4159e+00
8.0000e+01 6.0000e+01 -3.9956e+00
8.0000e+01 7.0000e+01 -1.0065e+00
8.0000e+01 8.0000e+01 -1.2659e+00
8.0000e+01 9.0000e+01 6.5290e-01
8.0000e+01 1.0000e+02 -2.2101e+00
8.0000e+01 1.1000e+02 4.4986e-01
8.0000e+01 1.2000e+02 -3.2920e-01
8.0000e+01 1.3000e+02 4.7706e-01
8.0000e+01 1.4000e+02 1.5449e+00
8.0000e+01 1.5000e+02 1.1002e+00
8.0000e+01 1.6000e+02 -1.8654e-01
8.0000e+01 1.7000e+02 -2.3531e+00
8.0000e+01 1.8000e+02 3.8288e-01
8.0000e+01 1.9000e+02 -1.3185e+00
8.0000e+01 2.0000e+02 -2.5037e+00
9.0000e+01 -2.0000e+02 1.0042e-02
9.0000e+01 -1.9000e+02 2.1666e-01
9.0000e+01 -1.8000e+02 9.2811e-01
9.0000e+01 -1.7000e+02 -2.1947e+00
9.0000e+01 -1.6000e+02 -1.4739e+00
9.0000e+01 -1.5000e+02 1.2219e+00
9.0000e+01 -1.4000e+02 5.7539e-01
9.0000e+01 -1.3000e+02 9.0738e-01
9.0000e+01 -1.2000e+02 -1.7434e+00
9.0000e+01 -1.1000e+02 -8.4340e-01
9.0000e+01 -1.0000e+02 -2.7666e+00
9.0000e+01 -9.0000e+01 -2.9176e+00
9.0000e+01 -8.0000e+01 -1.8589e+00
9.0000e+01 -7.0000e+01 -1.9429e+00
9.0000e+01 -6.0000e+01 -1.6808e+00
9.0000e+01 -5.0000e+01 -1.4521e+00
9.0000e+01 -4.0000e+01 -1.9669e+00
9.0000e+01 -3.0000e+01 -3.1335e+00
9.0000e+01 -2.0000e+01 -3.5137e+00
9.0000e+01 -1.0000e+01 -5.4977e+00
9.0000e+01 0.0000e+00 -5.5737e+00
9.0000e+01 1.0000e+01 -5.4433e+00
9.0000e+01 2.0000e+01 -1.9557e+00
9.0000e+01 3.0000e+01 -4.8295e+00
9.0000e+01 4.0000e+01 -3.3459e+00
9.0000e+01 5.0000e+01 -3.7455e+00
9.0000e+01 6.0000e+01 -1.7678e+00
9.0000e+01 7.0000e+01 -2.4511e+00
9.0000e+01 8.0000e+01 -1.6853e+00
9.0000e+01 9.0000e+01 -4.0123e-02
9.0000e+01 1.0000e+02 -1.0592e+00
9.0000e+01 1.1000e+02 1.9192e+00
9.0000e+01 1.2000e+02 -1.8819e+00
9.0000e+01 1.3000e+02 -2.2720e+00
9.0000e+01 1.4000e+02 -1.0012e+00
9.0000e+01 1.5000e+02 3.0239e-01
9.0000e+01 1.6000e+02 -2.4158e+00
9.0000e+01 1.7000e+02 -7.4383e-01
9.0000e+01 1.8000e+02 -8.4257e-01
9.0000e+01 1.9000e+02 4.2501e-01
9.0000e+01 2.0000e+02 -3.9726e-01
1.0000e+02 -2.0000e+02 6.0681e-01
1.0000e+02 -1.9000e+02 -1.1531e+00
1.0000e+02 -1.8000e+02 -1.2974e+00
1.0000e+02 -1.7000e+02 -7.2037e-01
1.0000e+02 -1.6000e+02 -1.7187e+00
1.0000e+02 -1.5000e+02 -1.4686e+00
1.0000e+02 -1.4000e+02 -1.5994e+00
1.0000e+02 -1.3000e+02 -1.0491e+00
1.0000e+02 -1.2000e+02 -8.0602e-01
1.0000e+02 -1.1000e+02 9.7725e-01
1.0000e+02 -1.0000e+02 1.9549e+00
1.0000e+02 -9.0000e+01 -1.0454e+00
1.0000e+02 -8.0000e+01 -2.1541e+00
1.0000e+02 -7.0000e+01 -1.2569e+00
1.0000e+02 -6.0000e+01 -2.9521e+00
1.0000e+02 -5.0000e+01 -1.4925e+00
1.0000e+02 -4.0000e+01 -1.8346e+00
1.0000e+02 -3.0000e+01 -1.1947e+00
1.0000e+02 -2.0000e+01 -4.8892e+00
1.0000e+02 -1.0000e+01 -5.1294e+00
1.0000e+02 0.0000e+00 -7.1990e-01
1.0000e+02 1.0000e+01 -4.2880e+00
1.0000e+02 2.0000e+01 -1.8570e+00
1.0000e+02 3.0000e+01 -1.4753e+00
1.0000e+02 4.0000e+01 -3.1201e-01
1.0000e+02 5.0000e+01 -2.5808e-01
1.0000e+02 6.0000e+01 -2.4706e+00
1.0000e+02 7.0000e+01 1.2970e-01
1.0000e+02 8.0000e+01 -3.2245e+00
1.0000e+02 9.0000e+01 -3.4007e+00
1.0000e+02 1.0000e+02 1.0148e+00
1.0000e+02 1.1000e+02 -3.7914e-01
1.0000e+02 1.2000e+02 -4.0761e-01
1.0000e+02 1.3000e+02 8.4485e-01
1.0000e+02 1.4000e+02 1.3490e-01
1.0000e+02 1.5000e+02 -1.7271e+00
1.0000e+02 1.6000e+02 -7.7882e-02
1.0000e+02 1.7000e+02 -1.4853e+00
1.0000e+02 1.8000e+02 -2.4970e+00
1.0000e+02 1.9000e+02 1.7032e+00
1.0000e+02 2.0000e+02 -3.1627e+00
1.1000e+02 -2.0000e+02 -2.1523e+00
1.1000e+02 -1.9000e+02 -2.4303e+00
1.1000e+02 -1.8000e+02 8.2586e-02
1.1000e+02 -1.7000e+02 -3.5343e-01
1.1000e+02 -1.6000e+02 -7.1737e-01
1.1000e+02 -1.5000e+02 5.7817e-01
1.1000e+02 -1.4000e+02 -7.7539e-01
1.1000e+02 -1.3000e+02 6.9288e-01
1.1000e+02 -1.2000e+02 9.9116e-01
1.1000e+02 -1.1000e+02 -3.6127e+00
1.1000e+02 -1.0000e+02 -3.5064e+00
1.1000e+02 -9.0000e+01 -2.0655e+00
1.1000e+02 -8.0000e+01 2.0865e+00
1.1000e+02 -7.0000e+01 -8.3230e-01
1.1000e+02 -6.0000e+01 -1.0837e-01
1.1000e+02 -5.0000e+01 -2.3222e+00
1.1000e+02 -4.0000e+01 -2.8788e+00
1.1000e+02 -3.0000e+01 -1.8083e+00
1.1000e+02 -2.0000e+01 -2.7950e-01
1.1000e+02 -1.0000e+01 -2.0301e-01
1.1000e+02 0.0000e+00 -2.5377e+00
1.1000e+02 1.0000e+01 -2.7929e+00
1.1000e+02 2.0000e+01 1.5884e+00
1.1000e+02 3.0000e+01 -2.2384e+00
1.1000e+02 4.0000e+01 8.2525e-01
1.1000e+02 5.0000e+01 1.9292e+00
1.1000e+02 6.0000e+01 -1.3108e+00
1.1000e+02 7.0000e+01 -3.4504e+00
1.1000e+02 8.0000e+01 3.8790e-01
1.1000e+02 9.0000e+01 1.4396e-01
1.1000e+02 1.0000e+02 1.4008e+00
1.1000e+02 1.1000e+02 2.5065e+00
1.1000e+02 1.2000e+02 -2.4518e+00
1.1000e+02 1.3000e+02 9.2144e-01
1.1000e+02 1.4000e+02 -1.2607e+00
1.1000e+02 1.5000e+02 -1.3873e-01
1.1000e+02 1.6000e+02 3.3367e-01
1.1000e+02 1.7000e+02 2.2378e+00
1.1000e+02 1.8000e+02 -1.5239e+00
1.1000e+02 1.9000e+02 6.2799e-01
1.1000e+02 2.0000e+02 -3.6502e-02
1.2000e+02 -2.0000e+02 -5.8485e-01
1.2000e+02 -1.9000e+02 1.5485e-01
1.2000e+02 -1.8000e+02 3.5976e+00
1.2000e+02 -1.7000e+02 -4.8113e-01
1.2000e+02 -1.6000e+02 -6.6334e-01
1.2000e+02 -1.5000e+02 -2.0399e+00
1.2000e+02 -1.4000e+02 2.2420e-01
1.2000e+02 -1.3000e+02 1.0907e+00
1.2000e+02 -1.2000e+02 7.0884e-01
1.2000e+02 -1.1000e+02 1.7908e-02
1.2000e+02 -1.0000e+02 1.1057e+00
1.2000e+02 -9.0000e+01 -1.7397e+00
1.2000e+02 -8.0000e+01 2.0433e+00
1.2000e+02 -7.0000e+01 -1.4292e+00
1.2000e+02 -6.0000e+01 -1.9948e+00
1.2000e+02 -5.0000e+01 -2.7293e+00
1.2000e+02 -4.0000e+01 -1.5710e+00
1.2000e+02 -3.0000e+01 -6.7012e-01
1.2000e+02 -2.0000e+01 -3.4560e+00
1.2000e+02 -1.0000e+01 5.7818e-01
1.2000e+02 0.0000e+00 1.6118e+00
1.2000e+02 1.0000e+01 -3.2736e+00
1.2000e+02 2.0000e+01 1.1416e+00
1.2000e+02 3.0000e+01 -2.5089e+00
1.2000e+02 4.0000e+01 -3.6818e+00
1.2000e+02 5.0000e+01 -5.6372e-01
1.2000e+02 6.0000e+01 -1.4206e+00
1.2000e+02 7.0000e+01 -7.2316e-01
1.2000e+02 8.0000e+01 1.4613e+00
1.2000e+02 9.0000e+01 3.0799e-01
1.2000e+02 1.0000e+02 -1.5392e-01
1.2000e+02 1.1000e+02 -1.7618e+00
1.2000e+02 1.2000e+02 -1.1928e-01
1.2000e+02 1.3000e+02 1.0127e+00
1.2000e+02 1.4000e+02 2.1812e-01
1.2000e+02 1.5000e+02 6.4666e-01
1.2000e+02 1.6000e+02 1.8182e+00
1.2000e+02 1.7000e+02 2.9230e+00
1.2000e+02 1.8000e+02 -2.7703e+00
1.2000e+02 1.9000e+02 5.2807e-01
1.2000e+02 2.0000e+02 1.3731e+00
1.3000e+02 -2.0000e+02 1.1975e+00
1.3000e+02 -1.9000e+02 -1.5054e+00
1.3000e+02 -1.8000e+02 3.8069e+00
1.3000e+02 -1.7000e+02 -1.7910e+00
1.3000e+02 -1.6000e+02 1.0742e-01
1.3000e+02 -1.5000e+02 -7.4658e-01
1.3000e+02 -1.4000e+02 -2.1133e+00
1.3000e+02 -1.3000e+02 2.3062e-01
1.3000e+02 -1.2000e+02 -2.0552e+00
1.3000e+02 -1.1000e+02 8.2558e-02
1.3000e+02 -1.0000e+02 -2.8077e+00
1.3000e+02 -9.0000e+01 6.0967e-01
1.3000e+02 -8.0000e+01 -2.5731e+00
1.3000e+02 -7.0000e+01 1.4506e+00
1.3000e+02 -6.0000e+01 8.6643e-01
1.3000e+02 -5.0000e+01 -1.6984e+00
1.3000e+02 -4.0000e+01 -1.5484e+00
1.3000e+02 -3.0000e+01 -8.3015e-01
1.3000e+02 -2.0000e+01 6.7738e-02
1.3000e+02 -1.0000e+01 -1.3715e+00
1.3000e+02 0.0000e+00 -3.3257e+00
1.3000e+02 1.0000e+01 -1.2295e+00
1.3000e+02 2.0000e+01 -1.2126e+00
1.3000e+02 3.0000e+01 -4.0187e+00
1.3000e+02 4.0000e+01 1.0378e+00
1.3000e+02 5.0000e+01 -1.3157e+00
1.3000e+02 6.0000e+01 -3.3571e-01
1.3000e+02 7.0000e+01 5.9362e-02
1.3000e+02 8.0000e+01 2.0640e+00
1.3000e+02 9.0000e+01 1.8664e+00
1.3000e+02 1.0000e+02 -2.2614e+00
1.3000e+02 1.1000e+02 2.2562e+00
1.3000e+02 1.2000e+02 -3.2355e+00
1.3000e+02 1.3000e+02 1.6268e+00
1.3000e+02 1.4000e+02 -9.8249e-01
1.3000e+02 1.5000e+02 -7.5047e-01
1.3000e+02 1.6000e+02 -5.6444e-01
1.3000e+02 1.7000e+02 1.0743e+00
1.3000e+02 1.8000e+02 -1.6997e-01
1.3000e+02 1.9000e+02 -3.6402e+00
1.3000e+02 2.0000e+02 3.8781e-01
1.4000e+02 -2.0000e+02 8.7592e-01
1.4000e+02 -1.9000e+02 -4.5080e-01
1.4000e+02 -1.8000e+02 -2.3538e+00
1.4000e+02 -1.7000e+02 3.4733e-01
1.4000e+02 -1.6000e+02 1.3408e+00
1.4000e+02 -1.5000e+02 1.2579e+00
1.4000e+02 -1.4000e+02 -2.6776e+00
1.4000e+02 -1.3000e+02 -1.5079e+00
1.4000e+02 -1.2000e+02 -2.1288e+00
1.4000e+02 -1.1000e+02 -2.3835e+00
1.4000e+02 -1.0000e+02 -6.9235e-01
1.4000e+02 -9.0000e+01 7.6316e-04
1.4000e+02 -8.0000e+01 1.0873e+00
1.4000e+02 -7.0000e+01 1.3236e+00
1.4000e+02 -6.0000e+01 -1.1891e+00
1.4000e+02 -5.0000e+01 9.1293e-01
1.4000e+02 -4.0000e+01 -9.4538e-01
1.4000e+02 -3.0000e+01 -3.0431e+00
1.4000e+02 -2.0000e+01 -8.1752e-01
1.4000e+02 -1.0000e+01 -8.5548e-01
1.4000e+02 0.0000e+00 -2.3133e+00
1.4000e+02 1.0000e+01 -7.2400e-01
1.4000e+02 2.0000e+01 -6.0791e-01
1.4000e+02 3.0000e+01 3.3182e-01
1.4000e+02 4.0000e+01 -1.6571e+00
1.4000e+02 5.0000e+01 2.4495e+00
1.4000e+02 6.0000e+01 -2.6592e-01
1.4000e+02 7.0000e+01 1.4736e-01
1.4000e+02 8.0000e+01 1.5000e+00
1.4000e+02 9.0000e+01 3.7900e-02
1.4000e+02 1.0000e+02 -1.3536e+00
1.4000e+02 1.1000e+02 -2.2268e+00
1.4000e+02 1.2000e+02 1.4013e+00
1.4000e+02 1.3000e+02 3.3701e-02
1.4000e+02 1.4000e+02 -9.2577e-01
1.4000e+02 1.5000e+02 1.2848e+00
1.4000e+02 1.6000e+02 -8.0683e-02
1.4000e+02 1.7000e+02 -1.1066e-01
1.4000e+02 1.8000e+02 3.0840e+00
1.4000e+02 1.9000e+02 5.5942e-01
1.4000e+02 2.0000e+02 -1.2071e-01
1.5000e+02 -2.0000e+02 1.1441e+00
1.5000e+02 -1.9000e+02 -2.2495e+00
1.5000e+02 -1.8000e+02 -1.6709e+00
1.5000e+02 -1.7000e+02 1.9465e+00
1.5000e+02 -1.6000e+02 -2.0863e+00
1.5000e+02 -1.5000e+02 2.7333e+00
1.5000e+02 -1.4000e+02 -4.0925e+00
1.5000e+02 -1.3000e+02 3.5638e-01
1.5000e+02 -1.2000e+02 -3.5513e+00
1.5000e+02 -1.1000e+02 -7.8545e-01
1.5000e+02 -1.0000e+02 -2.2986e+00
1.5000e+02 -9.0000e+01 -2.4394e+00
1.5000e+02 -8.0000e+01 1.2482e+00
1.5000e+02 -7.0000e+01 -1.2998e-01
1.5000e+02 -6.0000e+01 1.0876e+00
1.5000e+02 -5.0000e+01 -6.7818e-01
1.5000e+02 -4.0000e+01 -7.5215e-01
1.5000e+02 -3.0000e+01 7.9478e-01
1.5000e+02 -2.0000e+01 1.6480e+00
1.5000e+02 -1.0000e+01 2.8311e+00
1.5000e+02 0.0000e+00 -3.4856e+00
1.5000e+02 1.0000e+01 -6.7462e-01
1.5000e+02 2.0000e+01 -2.1481e+00
1.5000e+02 3.0000e+01 1.5865e+00
1.5000e+02 4.0000e+01 -2.3738e+00
1.5000e+02 5.0000e+01 5.8178e-01
1.5000e+02 6.0000e+01 1.7223e-01
1.5000e+02 7.0000e+01 -6.4816e-01
1.5000e+02 8.0000e+01 -9.1543e-01
1.5000e+02 9.0000e+01 7.3895e-01
1.5000e+02 1.0000e+02 6.0428e-01
1.5000e+02 1.1000e+02 2.7277e-01
1.5000e+02 1.2000e+02 2.2194e+00
1.5000e+02 1.3000e+02 2.1030e+00
1.5000e+02 1.4000e+02 7.2780e-01
1.5000e+02 1.5000e+02 2.3152e+00
1.5000e+02 1.6000e+02 -1.6321e+00
1.5000e+02 1.7000e+02 -6.3225e-01
1.5000e+02 1.8000e+02 -1.9238e+00
1.5000e+02 1.9000e+02 -1.1292e+00
1.5000e+02 2.0000e+02 -5.7417e-01
1.6000e+02 -2.0000e+02 -1.9661e-01
1.6000e+02 -1.9000e+02 -1.6278e+00
1.6000e+02 -1.8000e+02 -5.9948e-01
1.6000e+02 -1.7000e+02 1.1192e+00
1.6000e+02 -1.6000e+02 7.6735e-01
1.6000e+02 -1.5000e+02 2.4458e-01
1.6000e+02 -1.4000e+02 2.3007e+00
1.6000e+02 -1.3000e+02 -2.9381e+00
1.6000e+02 -1.2000e+02 2.0980e+00
1.6000e+02 -1.1000e+02 -1.3238e-01
1.6000e+02 -1.0000e+02 1.8715e+00
1.6000e+02 -9.0000e+01 4.5990e-01
1.6000e+02 -8.0000e+01 -1.4154e+00
1.6000e+02 -7.0000e+01 -8.9472e-01
1.6000e+02 -6.0000e+01 -1.3040e+00
1.6000e+02 -5.0000e+01 1.1853e-01
1.6000e+02 -4.0000e+01 -8.5556e-01
1.6000e+02 -3.0000e+01 -2.7296e-01
1.6000e+02 -2.0000e+01 -1.3520e-01
1.6000e+02 -1.0000e+01 2.3339e+00
1.6000e+02 0.0000e+00 -1.0569e+00
1.6000e+02 1.0000e+01 -4.8775e-02
1.6000e+02 2.0000e+01 6.5191e-01
1.6000e+02 3.0000e+01 1.6877e+00
1.6000e+02 4.0000e+01 6.4496e-01
1.6000e+02 5.0000e+01 5.2970e-01
1.6000e+02 6.0000e+01 -2.5185e-01
1.6000e+02 7.0000e+01 -1.8054e+00
1.6000e+02 8.0000e+01 -9.9659e-01
1.6000e+02 9.0000e+01 -1.3490e+00
1.6000e+02 1.0000e+02 5.4037e-01
1.6000e+02 1.1000e+02 1.0953e+00
1.6000e+02 1.2000e+02 5.1159e-01
1.6000e+02 1.3000e+02 -1.9450e+00
1.6000e+02 1.4000e+02 1.3571e-02
1.6000e+02 1.5000e+02 -1.0201e+00
1.6000e+02 1.6000e+02 1.4874e+00
1.6000e+02 1.7000e+02 -3.0246e-02
1.6000e+02 1.8000e+02 -5.2960e-01
1.6000e+02 1.9000e+02 1.6718e-01
1.6000e+02 2.0000e+02 4.1431e-01
1.7000e+02 -2.0000e+02 1.8996e+00
1.7000e+02 -1.9000e+02 -1.1534e+00
1.7000e+02 -1.8000e+02 4.2861e+00
1.7000e+02 -1.7000e+02 -6.5538e-01
1.7000e+02 -1.6000e+02 5.1280e-01
1.7000e+02 -1.5000e+02 -1.0457e+00
1.7000e+02 -1.4000e+02 -1.6737e+00
1.7000e+02 -1.3000e+02 -6.5004e-01
1.7000e+02 -1.2000e+02 -4.3937e-01
1.7000e+02 -1.1000e+02 1.5708e+00
1.7000e+02 -1.0000e+02 -1.3529e+00
1.7000e+02 -9.0000e+01 3.2186e+00
1.7000e+02 -8.0000e+01 1.3080e+00
1.7000e+02 -7.0000e+01 5.1391e-01
1.7000e+02 -6.0000e+01 -3.8286e-01
1.7000e+02 -5.0000e+01 -1.0660e+00
1.7000e+02 -4.0000e+01 1.2786e-01
1.7000e+02 -3.0000e+01 -1.3858e+00
1.7000e+02 -2.0000e+01 -7.3766e-01
1.7000e+02 -1.0000e+01 -2.3214e+00
1.7000e+02 0.0000e+00 -3.1577e+00
1.7000e+02 1.0000e+01 -2.5159e+00
1.7000e+02 2.0000e+01 -8.1170e-01
1.7000e+02 3.0000e+01 -6.7307e-01
1.7000e+02 4.0000e+01 4.1042e-01
1.7000e+02 5.0000e+01 -9.5309e-01
1.7000e+02 6.0000e+01 -7.6481e-01
1.7000e+02 7.0000e+01 1.5131e+00
1.7000e+02 8.0000e+01 3.4749e+00
1.7000e+02 9.0000e+01 -1.1441e+00
1.7000e+02 1.0000e+02 -1.3272e+00
1.7000e+02 1.1000e+02 -6.2173e+00
1.7000e+02 1.2000e+02 1.1349e+00
1.7000e+02 1.3000e+02 3.9560e-01
1.7000e+02 1.4000e+02 -2.1509e+00
1.7000e+02 1.5000e+02 -1.4898e+00
1.7000e+02 1.6000e+02 1.8588e+00
1.7000e+02 1.7000e+02 1.1486e+00
1.7000e+02 1.8000e+02 -1.1834e+00
1.7000e+02 1.9000e+02 -1.5056e+00
1.7000e+02 2.0000e+02 1.3587e+00
1.8000e+02 -2.0000e+02 -1.0927e+00
1.8000e+02 -1.9000e+02 2.6839e-01
1.8000e+02 -1.8000e+02 1.1216e+00
1.8000e+02 -1.7000e+02 -7.4427e-01
1.8000e+02 -1.6000e+02 -3.7853e+00
1.8000e+02 -1.5000e+02 1.3839e+00
1.8000e+02 -1.4000e+02 -2.1608e-01
1.8000e+02 -1.3000e+02 -3.3540e-01
1.8000e+02 -1.2000e+02 1.7290e-01
1.8000e+02 -1.1000e+02 4.1967e-01
1.8000e+02 -1.0000e+02 -1.2761e-01
1.8000e+02 -9.0000e+01 -1.1776e+00
1.8000e+02 -8.0000e+01 -4.4933e-01
1.8000e+02 -7.0000e+01 -2.0956e-01
1.8000e+02 -6.0000e+01 -2.0410e+00
1.8000e+02 -5.0000e+01 2.5323e-01
1.8000e+02 -4.0000e+01 -1.7740e-01
1.8000e+02 -3.0000e+01 1.7387e-01
1.8000e+02 -2.0000e+01 9.1607e-01
1.8000e+02 -1.0000e+01 7.0618e-01
1.8000e+02 0.0000e+00 2.2106e+00
1.8000e+02 1.0000e+01 1.0699e+00
1.8000e+02 2.0000e+01 4.2905e-01
1.8000e+02 3.0000e+01 1.7257e+00
1.8000e+02 4.0000e+01 1.1933e+00
1.8000e+02 5.0000e+01 -1.3582e+00
1.8000e+02 6.0000e+01 -8.9593e-01
1.8000e+02 7.0000e+01 1.4367e-01
1.8000e+02 8.0000e+01 -1.4051e+00
1.8000e+02 9.0000e+01 5.0174e-01
1.8000e+02 1.0000e+02 -5.7692e-01
1.8000e+02 1.1000e+02 -4.1836e+00
1.8000e+02 1.2000e+02 -8.9988e-01
1.8000e+02 1.3000e+02 -9.6472e-01
1.8000e+02 1.4000e+02 -1.9584e+00
1.8000e+02 1.5000e+02 1.0213e+00
1.8000e+02 1.6000e+02 2.7552e+00
1.8000e+02 1.7000e+02 6.9448e-01
1.8000e+02 1.8000e+02 1.1305e+00
1.8000e+02 1.9000e+02 8.7403e-01
1.8000e+02 2.0000e+02 1.7958e-01
1.9000e+02 -2.0000e+02 1.1461e+00
1.9000e+02 -1.9000e+02 9.6320e-01
1.9000e+02 -1.8000e+02 -4.2838e-03
1.9000e+02 -1.7000e+02 -1.9340e+00
1.9000e+02 -1.6000e+02 9.0645e-01
1.9000e+02 -1.5000e+02 -5.4132e-01
1.9000e+02 -1.4000e+02 -2.5559e-01
1.9000e+02 -1.3000e+02 -2.3288e+00
1.9000e+02 -1.2000e+02 9.2277e-01
1.9000e+02 -1.1000e+02 -3.3347e-02
1.9000e+02 -1.0000e+02 -1.7480e+00
1.9000e+02 -9.0000e+01 4.0807e+00
1.9000e+02 -8.0000e+01 1.9491e+00
1.9000e+02 -7.0000e+01 -1.4995e+00
1.9000e+02 -6.0000e+01 7.6494e-01
1.9000e+02 -5.0000e+01 -3.0583e-01
1.9000e+02 -4.0000e+01 1.8546e+00
1.9000e+02 -3.0000e+01 -1.4857e+00
1.9000e+02 -2.0000e+01 -2.6364e+00
1.9000e+02 -1.0000e+01 -2.2429e-01
1.9000e+02 0.0000e+00 6.3445e-01
1.9000e+02 1.0000e+01 9.4397e-01
1.9000e+02 2.0000e+01 3.6904e-01
1.9000e+02 3.0000e+01 -4.5598e-01
1.9000e+02 4.0000e+01 1.1508e+00
1.9000e+02 5.0000e+01 -2.8231e-01
1.9000e+02 6.0000e+01 1.0885e+00
1.9000e+02 7.0000e+01 -2.6273e+00
1.9000e+02 8.0000e+01 4.2997e-01
1.9000e+02 9.0000e+01 -2.3817e-01
1.9000e+02 1.0000e+02 -3.3756e+00
1.9000e+02 1.1000e+02 6.5728e-01
1.9000e+02 1.2000e+02 -1.8404e+00
1.9000e+02 1.3000e+02 -3.6147e+00
1.9000e+02 1.4000e+02 -8.2123e-01
1.9000e+02 1.5000e+02 7.4747e-01
1.9000e+02 1.6000e+02 1.2612e+00
1.9000e+02 1.7000e+02 1.3042e+00
1.9000e+02 1.8000e+02 6.7371e-01
1.9000e+02 1.9000e+02 -7.8089e-01
1.9000e+02 2.0000e+02 -9.4348e-02
2.0000e+02 -2.0000e+02 -7.9595e-01
2.0000e+02 -1.9000e+02 4.8364e-01
2.0000e+02 -1.8000e+02 5.0910e-03
2.0000e+02 -1.7000e+02 4.5420e-01
2.0000e+02 -1.6000e+02 -2.4589e-01
2.0000e+02 -1.5000e+02 -3.4759e+00
2.0000e+02 -1.4000e+02 -1.4227e+00
2.0000e+02 -1.3000e+02 -6.7712e-01
2.0000e+02 -1.2000e+02 1.1936e+00
2.0000e+02 -1.1000e+02 -6.2430e-01
2.0000e+02 -1.0000e+02 2.1883e+00
2.0000e+02 -9.0000e+01 2.2342e+00
2.0000e+02 -8.0000e+01 -1.5856e+00
2.0000e+02 -7.0000e+01 2.9128e-01
2.0000e+02 -6.0000e+01 -4.9088e-02
2.0000e+02 -5.0000e+01 -1.9587e-02
2.0000e+02 -4.0000e+01 -1.6913e+00
2.0000e+02 -3.0000e+01 2.1765e+00
2.0000e+02 -2.0000e+01 -1.2240e+00
2.0000e+02 -1.0000e+01 2.3808e-01
2.0000e+02 0.0000e+00 -1.2265e+00
2.0000e+02 1.0000e+01 1.3150e+00
2.0000e+02 2.0000e+01 7.7913e-01
2.0000e+02 3.0000e+01 -1.0468e+00
2.0000e+02 4.0000e+01 5.0988e-01
2.0000e+02 5.0000e+01 -1.9929e+00
2.0000e+02 6.0000e+01 1.5999e+00
2.0000e+02 7.0000e+01 1.2788e-01
2.0000e+02 8.0000e+01 1.5585e+00
2.0000e+02 9.0000e+01 5.7042e-01
2.0000e+02 1.0000e+02 -1.7768e+00
2.0000e+02 1.1000e+02 4.8962e-02
2.0000e+02 1.2000e+02 1.3724e+00
2.0000e+02 1.3000e+02 -2.3567e+00
2.0000e+02 1.4000e+02 -2.0066e+00
2.0000e+02 1.5000e+02 8.9968e-02
2.0000e+02 1.6000e+02 2.4396e+00
2.0000e+02 1.7000e+02 -3.1797e-01
2.0000e+02 1.8000e+02 -1.4170e+00
2.0000e+02 1.9000e+02 6.9266e-01
2.0000e+02 2.0000e+02 -7.9679e-01
