-2.0000e+02 -2.0000e+02 -1.8499e+00
-2.0000e+02 -1.9000e+02 8.3939e-01
-2.0000e+02 -1.8000e+02 4.4445e-01
-2.0000e+02 -1.7000e+02 -2.0974e+00
-2.0000e+02 -1.6000e+02 2.7554e-01
-2.0000e+02 -1.5000e+02 -1.6295e-01
-2.0000e+02 -1.4000e+02 -4.9523e-01
-2.0000e+02 -1.3000e+02 2.5950e-01
-2.0000e+02 -1.2000e+02 3.1846e-01
-2.0000e+02 -1.1000e+02 -1.7107e+00
-2.0000e+02 -1.0000e+02 -1.9973e+00
-2.0000e+02 -9.0000e+01 9.3871e-01
-2.0000e+02 -8.0000e+01 -7.7980e-01
-2.0000e+02 -7.0000e+01 -6.8578e-01
-2.0000e+02 -6.0000e+01 2.3675e+00
-2.0000e+02 -5.0000e+01 8.2812e-01
-2.0000e+02 -4.0000e+01 5.0296e-01
-2.0000e+02 -3.0000e+01 -2.6030e-01
-2.0000e+02 -2.0000e+01 -1.5982e+00
-2.0000e+02 -1.0000e+01 -1.9201e+00
-2.0000e+02 0.0000e+00 9.5203e-01
-2.0000e+02 1.0000e+01 8.1965e-01
-2.0000e+02 2.0000e+01 3.2994e-01
-2.0000e+02 3.0000e+01 9.1518e-02
-2.0000e+02 4.0000e+01 -9.6367e-02
-2.0000e+02 5.0000e+01 5.7453e-01
-2.0000e+02 6.0000e+01 -1.9370e+00
-2.0000e+02 7.0000e+01 8.2422e-01
-2.0000e+02 8.0000e+01 -4.3740e-01
-2.0000e+02 9.0000e+01 4.6777e-01
-2.0000e+02 1.0000e+02 3.3211e-01
-2.0000e+02 1.1000e+02 5.4151e-01
-2.0000e+02 1.2000e+02 -1.0710e+00
-2.0000e+02 1.3000e+02 1.0206e+00
-2.0000e+02 1.4000e+02 1.4512e+00
-2.0000e+02 1.5000e+02 1.2491e+00
-2.0000e+02 1.6000e+02 9.7929e-01
-2.0000e+02 1.7000e+02 -4.9332e-01
-2.0000e+02 1.8000e+02 1.2602e+00
-2.0000e+02 1.9000e+02 2.5915e+00
-2.0000e+02 2.0000e+02 1.3643e+00
-1.9000e+02 -2.0000e+02 1.8910e+00
-1.9000e+02 -1.9000e+02 2.3950e+00
-1.9000e+02 -1.8000e+02 -3.7412e-01
-1.9000e+02 -1.7000e+02 -2.2566e+00
-1.9000e+02 -1.6000e+02 -2.0290e+00
-1.9000e+02 -1.5000e+02 1.5497e+00
-1.9000e+02 -1.4000e+02 4.7899e-01
-1.9000e+02 -1.3000e+02 1.4881e+00
-1.9000e+02 -1.2000e+02 -1.3958e+00
-1.9000e+02 -1.1000e+02 1.0299e+00
-1.9000e+02 -1.0000e+02 6.6153e-01
-1.9000e+02 -9.0000e+01 -1.0863e+00
-1.9000e+02 -8.0000e+01 -2.1488e+00
-1.9000e+02 -7.0000e+01 -2.0001e-01
-1.9000e+02 -6.0000e+01 8.7011e-01
-1.9000e+02 -5.0000e+01 8.7364e-01
-1.9000e+02 -4.0000e+01 6.2246e-01
-1.9000e+02 -3.0000e+01 3.0622e+00
-1.9000e+02 -2.0000e+01 1.3391e-01
-1.9000e+02 -1.0000e+01 -1.2872e+00
-1.9000e+02 0.0000e+00 -2.5256e-01
-1.9000e+02 1.0000e+01 -4.1946e-02
-1.9000e+02 2.0000e+01 3.9693e+00
-1.9000e+02 3.0000e+01 1.1438e+00
-1.9000e+02 4.0000e+01 1.4243e-01
-1.9000e+02 5.0000e+01 -8.6427e-01
-1.9000e+02 6.0000e+01 -6.0267e-01
-1.9000e+02 7.0000e+01 2.4095e+00
-1.9000e+02 8.0000e+01 -1.0474e+00
-1.9000e+02 9.0000e+01 -1.1015e+00
-1.9000e+02 1.0000e+02 -1.6843e+00
-1.9000e+02 1.1000e+02 2.4565e+00
-1.9000e+02 1.2000e+02 1.0208e+00
-1.9000e+02 1.3000e+02 5.9113e-01
-1.9000e+02 1.4000e+02 -1.0989e+00
-1.9000e+02 1.5000e+02 1.1401e+00
-1.9000e+02 1.6000e+02 3.2413e+00
-1.9000e+02 1.7000e+02 1.3573e+00
-1.9000e+02 1.8000e+02 2.4939e+00
-1.9000e+02 1.9000e+02 -1.9356e+00
-1.9000e+02 2.0000e+02 -1.1136e-01
-1.8000e+02 -2.0000e+02 -8.0024e-01
-1.8000e+02 -1.9000e+02 2.5024e+00
-1.8000e+02 -1.8000e+02 5.7581e-01
-1.8000e+02 -1.7000e+02 1.0446e+00
-1.8000e+02 -1.6000e+02 -5.5115e-01
-1.8000e+02 -1.5000e+02 -5.0252e-01
-1.8000e+02 -1.4000e+02 -1.6326e+00
-1.8000e+02 -1.3000e+02 -5.5414e-01
-1.8000e+02 -1.2000e+02 1.2963e+00
-1.8000e+02 -1.1000e+02 -1.7177e+00
-1.8000e+02 -1.0000e+02 1.9603e-01
-1.8000e+02 -9.0000e+01 -2.0351e+00
-1.8000e+02 -8.0000e+01 2.3079e+00
-1.8000e+02 -7.0000e+01 -3.7171e+00
-1.8000e+02 -6.0000e+01 6.3451e-01
-1.8000e+02 -5.0000e+01 -7.7985e-01
-1.8000e+02 -4.0000e+01 -1.4087e+00
-1.8000e+02 -3.0000e+01 2.4318e+00
-1.8000e+02 -2.0000e+01 9.7147e-01
-1.8000e+02 -1.0000e+01 1.4336e+00
-1.8000e+02 0.0000e+00 1.1855e+00
-1.8000e+02 1.0000e+01 -2.3414e+00
-1.8000e+02 2.0000e+01 -8.2048e-01
-1.8000e+02 3.0000e+01 2.5103e-01
-1.8000e+02 4.0000e+01 1.9672e+00
-1.8000e+02 5.0000e+01 -4.1645e-02
-1.8000e+02 6.0000e+01 -5.2007e-01
-1.8000e+02 7.0000e+01 -9.2296e-01
-1.8000e+02 8.0000e+01 7.5433e-01
-1.8000e+02 9.0000e+01 3.1729e+00
-1.8000e+02 1.0000e+02 2.6869e+00
-1.8000e+02 1.1000e+02 -1.0096e+00
-1.8000e+02 1.2000e+02 2.8119e-01
-1.8000e+02 1.3000e+02 1.2498e+00
-1.8000e+02 1.4000e+02 2.3814e+00
-1.8000e+02 1.5000e+02 1.1209e+00
-1.8000e+02 1.6000e+02 -1.7324e+00
-1.8000e+02 1.7000e+02 1.1346e+00
-1.8000e+02 1.8000e+02 3.3303e+00
-1.8000e+02 1.9000e+02 -9.4803e-01
-1.8000e+02 2.0000e+02 9.4579e-03
-1.7000e+02 -2.0000e+02 2.6976e+00
-1.7000e+02 -1.9000e+02 -2.9647e-01
-1.7000e+02 -1.8000e+02 9.9961e-02
-1.7000e+02 -1.7000e+02 1.6178e+00
-1.7000e+02 -1.6000e+02 -2.0884e-01
-1.7000e+02 -1.5000e+02 5.0348e-01
-1.7000e+02 -1.4000e+02 -2.4918e-01
-1.7000e+02 -1.3000e+02 -8.0525e-01
-1.7000e+02 -1.2000e+02 2.4305e+00
-1.7000e+02 -1.1000e+02 -1.7364e-01
-1.7000e+02 -1.0000e+02 4.9296e-01
-1.7000e+02 -9.0000e+01 2.3516e+00
-1.7000e+02 -8.0000e+01 -6.2923e-01
-1.7000e+02 -7.0000e+01 1.2242e+00
-1.7000e+02 -6.0000e+01 -2.3709e-01
-1.7000e+02 -5.0000e+01 -9.5551e-01
-1.7000e+02 -4.0000e+01 1.6971e+00
-1.7000e+02 -3.0000e+01 -9.7889e-01
-1.7000e+02 -2.0000e+01 -8.2691e-02
-1.7000e+02 -1.0000e+01 -1.5831e+00
-1.7000e+02 0.0000e+00 2.3548e-01
-1.7000e+02 1.0000e+01 1.8063e+00
-1.7000e+02 2.0000e+01 3.5082e-01
-1.7000e+02 3.0000e+01 -1.7360e+00
-1.7000e+02 4.0000e+01 -4.0601e-01
-1.7000e+02 5.0000e+01 -2.9409e+00
-1.7000e+02 6.0000e+01 -2.1021e+00
-1.7000e+02 7.0000e+01 -9.4201e-01
-1.7000e+02 8.0000e+01 1.1965e+00
-1.7000e+02 9.0000e+01 2.3474e-01
-1.7000e+02 1.0000e+02 -5.4156e-01
-1.7000e+02 1.1000e+02 6.2566e-01
-1.7000e+02 1.2000e+02 1.1539e+00
-1.7000e+02 1.3000e+02 1.8355e-01
-1.7000e+02 1.4000e+02 -6.4658e-02
-1.7000e+02 1.5000e+02 -1.0045e+00
-1.7000e+02 1.6000e+02 1.8796e-01
-1.7000e+02 1.7000e+02 4.0220e-01
-1.7000e+02 1.8000e+02 1.3811e+00
-1.7000e+02 1.9000e+02 -2.6960e-01
-1.7000e+02 2.0000e+02 2.0143e+00
-1.6000e+02 -2.0000e+02 -1.2114e+00
-1.6000e+02 -1.9000e+02 -2.6217e+00
-1.6000e+02 -1.8000e+02 -1.3504e+00
-1.6000e+02 -1.7000e+02 -1.8703e-01
-1.6000e+02 -1.6000e+02 -4.1663e-01
-1.6000e+02 -1.5000e+02 -4.4355e-01
-1.6000e+02 -1.4000e+02 -1.9346e+00
-1.6000e+02 -1.3000e+02 1.3012e+00
-1.6000e+02 -1.2000e+02 -1.5953e+00
-1.6000e+02 -1.1000e+02 3.2772e+00
-1.6000e+02 -1.0000e+02 -2.3903e+00
-1.6000e+02 -9.0000e+01 -2.1107e+00
-1.6000e+02 -8.0000e+01 -1.7444e+00
-1.6000e+02 -7.0000e+01 5.2071e-01
-1.6000e+02 -6.0000e+01 1.7137e+00
-1.6000e+02 -5.0000e+01 2.8690e+00
-1.6000e+02 -4.0000e+01 1.1353e+00
-1.6000e+02 -3.0000e+01 -5.1863e-02
-1.6000e+02 -2.0000e+01 3.2790e-01
-1.6000e+02 -1.0000e+01 5.6670e-01
-1.6000e+02 0.0000e+00 -1.1476e-01
-1.6000e+02 1.0000e+01 9.4161e-01
-1.6000e+02 2.0000e+01 5.0866e-01
-1.6000e+02 3.0000e+01 4.1363e-02
-1.6000e+02 4.0000e+01 3.5716e+00
-1.6000e+02 5.0000e+01 4.9616e-01
-1.6000e+02 6.0000e+01 1.4899e-01
-1.6000e+02 7.0000e+01 3.5861e-01
-1.6000e+02 8.0000e+01 -1.4746e-01
-1.6000e+02 9.0000e+01 1.0949e-01
-1.6000e+02 1.0000e+02 -4.0965e+00
-1.6000e+02 1.1000e+02 -1.6394e+00
-1.6000e+02 1.2000e+02 -5.9051e-01
-1.6000e+02 1.3000e+02 -3.5953e+00
-1.6000e+02 1.4000e+02 -1.1669e+00
-1.6000e+02 1.5000e+02 -3.0298e-01
-1.6000e+02 1.6000e+02 -6.4750e-01
-1.6000e+02 1.7000e+02 -6.4389e-01
-1.6000e+02 1.8000e+02 -5.0843e-01
-1.6000e+02 1.9000e+02 -2.9617e+00
-1.6000e+02 2.0000e+02 -4.3055e-01
-1.5000e+02 -2.0000e+02 -3.0539e+00
-1.5000e+02 -1.9000e+02 5.8376e-02
-1.5000e+02 -1.8000e+02 -1.1430e+00
-1.5000e+02 -1.7000e+02 6.7834e-01
-1.5000e+02 -1.6000e+02 2.7760e+00
-1.5000e+02 -1.5000e+02 -1.2849e+00
-1.5000e+02 -1.4000e+02 4.6294e-01
-1.5000e+02 -1.3000e+02 -9.2406e-01
-1.5000e+02 -1.2000e+02 3.3110e-01
-1.5000e+02 -1.1000e+02 1.3802e+00
-1.5000e+02 -1.0000e+02 8.1391e-01
-1.5000e+02 -9.0000e+01 -4.5147e-01
-1.5000e+02 -8.0000e+01 1.3534e+00
-1.5000e+02 -7.0000e+01 9.8186e-01
-1.5000e+02 -6.0000e+01 6.2054e-01
-1.5000e+02 -5.0000e+01 -4.2060e-02
-1.5000e+02 -4.0000e+01 1.2278e+00
-1.5000e+02 -3.0000e+01 -4.4586e-01
-1.5000e+02 -2.0000e+01 -9.3872e-01
-1.5000e+02 -1.0000e+01 1.1538e+00
-1.5000e+02 0.0000e+00 7.9868e-01
-1.5000e+02 1.0000e+01 -1.5075e+00
-1.5000e+02 2.0000e+01 1.2329e+00
-1.5000e+02 3.0000e+01 -1.7656e+00
-1.5000e+02 4.0000e+01 1.5274e-01
-1.5000e+02 5.0000e+01 3.4638e-01
-1.5000e+02 6.0000e+01 -7.8725e-01
-1.5000e+02 7.0000e+01 -4.7889e-01
-1.5000e+02 8.0000e+01 1.9835e+00
-1.5000e+02 9.0000e+01 -9.2368e-01
-1.5000e+02 1.0000e+02 5.6673e-01
-1.5000e+02 1.1000e+02 -1.0888e-01
-1.5000e+02 1.2000e+02 1.4245e+00
-1.5000e+02 1.3000e+02 8.4134e-01
-1.5000e+02 1.4000e+02 -1.0060e+00
-1.5000e+02 1.5000e+02 -2.1537e+00
-1.5000e+02 1.6000e+02 -3.9500e-01
-1.5000e+02 1.7000e+02 -2.0152e+00
-1.5000e+02 1.8000e+02 6.1752e-02
-1.5000e+02 1.9000e+02 -1.0930e+00
-1.5000e+02 2.0000e+02 -3.6334e-01
-1.4000e+02 -2.0000e+02 6.2872e-01
-1.4000e+02 -1.9000e+02 -1.1265e+00
-1.4000e+02 -1.8000e+02 -1.2311e+00
-1.4000e+02 -1.7000e+02 3.7065e-01
-1.4000e+02 -1.6000e+02 -5.2725e-01
-1.4000e+02 -1.5000e+02 -4.4244e-02
-1.4000e+02 -1.4000e+02 4.4999e-01
-1.4000e+02 -1.3000e+02 -9.6115e-01
-1.4000e+02 -1.2000e+02 -7.9688e-01
-1.4000e+02 -1.1000e+02 2.9965e-01
-1.4000e+02 -1.0000e+02 1.0863e+00
-1.4000e+02 -9.0000e+01 3.4094e-02
-1.4000e+02 -8.0000e+01 -1.4793e+00
-1.4000e+02 -7.0000e+01 -7.6850e-01
-1.4000e+02 -6.0000e+01 -1.2370e+00
-1.4000e+02 -5.0000e+01 -1.0013e-01
-1.4000e+02 -4.0000e+01 -2.3753e+00
-1.4000e+02 -3.0000e+01 -2.4729e-01
-1.4000e+02 -2.0000e+01 -2.5412e-01
-1.4000e+02 -1.0000e+01 -1.1107e+00
-1.4000e+02 0.0000e+00 1.0165e+00
-1.4000e+02 1.0000e+01 -4.0572e-01
-1.4000e+02 2.0000e+01 -8.8510e-01
-1.4000e+02 3.0000e+01 -9.2530e-01
-1.4000e+02 4.0000e+01 -3.2058e-01
-1.4000e+02 5.0000e+01 -6.8919e-02
-1.4000e+02 6.0000e+01 -1.3181e-01
-1.4000e+02 7.0000e+01 -1.1085e+00
-1.4000e+02 8.0000e+01 -5.7573e-01
-1.4000e+02 9.0000e+01 -2.3841e+00
-1.4000e+02 1.0000e+02 1.4850e+00
-1.4000e+02 1.1000e+02 1.0686e+00
-1.4000e+02 1.2000e+02 -1.6964e+00
-1.4000e+02 1.3000e+02 -1.4094e+00
-1.4000e+02 1.4000e+02 2.2138e+00
-1.4000e+02 1.5000e+02 -1.1210e+00
-1.4000e+02 1.6000e+02 -1.5401e-01
-1.4000e+02 1.7000e+02 -1.7440e+00
-1.4000e+02 1.8000e+02 -1.7080e+00
-1.4000e+02 1.9000e+02 -1.0264e+00
-1.4000e+02 2.0000e+02 -4.1572e-01
-1.3000e+02 -2.0000e+02 1.2872e+00
-1.3000e+02 -1.9000e+02 -1.5185e+00
-1.3000e+02 -1.8000e+02 3.2931e+00
-1.3000e+02 -1.7000e+02 6.5256e-01
-1.3000e+02 -1.6000e+02 8.8406e-01
-1.3000e+02 -1.5000e+02 6.9726e-01
-1.3000e+02 -1.4000e+02 8.2429e-01
-1.3000e+02 -1.3000e+02 -8.4253e-01
-1.3000e+02 -1.2000e+02 2.1429e+00
-1.3000e+02 -1.1000e+02 1.8101e+00
-1.3000e+02 -1.0000e+02 3.7612e-01
-1.3000e+02 -9.0000e+01 -1.8773e+00
-1.3000e+02 -8.0000e+01 2.6831e+00
-1.3000e+02 -7.0000e+01 -2.0492e+00
-1.3000e+02 -6.0000e+01 1.4273e+00
-1.3000e+02 -5.0000e+01 -2.1475e+00
-1.3000e+02 -4.0000e+01 6.8396e-01
-1.3000e+02 -3.0000e+01 6.8524e-01
-1.3000e+02 -2.0000e+01 -2.7173e+00
-1.3000e+02 -1.0000e+01 9.3843e-02
-1.3000e+02 0.0000e+00 2.5166e-01
-1.3000e+02 1.0000e+01 -1.9714e+00
-1.3000e+02 2.0000e+01 8.3664e-01
-1.3000e+02 3.0000e+01 1.0277e+00
-1.3000e+02 4.0000e+01 1.9656e+00
-1.3000e+02 5.0000e+01 -3.5963e+00
-1.3000e+02 6.0000e+01 -2.6922e+00
-1.3000e+02 7.0000e+01 -3.1978e+00
-1.3000e+02 8.0000e+01 -4.8167e-01
-1.3000e+02 9.0000e+01 -2.0773e-02
-1.3000e+02 1.0000e+02 -1.6203e-01
-1.3000e+02 1.1000e+02 -2.9951e-01
-1.3000e+02 1.2000e+02 1.6898e-01
-1.3000e+02 1.3000e+02 1.6754e+00
-1.3000e+02 1.4000e+02 -1.2703e+00
-1.3000e+02 1.5000e+02 -2.8311e-01
-1.3000e+02 1.6000e+02 -7.7569e-01
-1.3000e+02 1.7000e+02 -1.4247e+00
-1.3000e+02 1.8000e+02 2.2448e-01
-1.3000e+02 1.9000e+02 -2.9775e-01
-1.3000e+02 2.0000e+02 1.3617e+00
-1.2000e+02 -2.0000e+02 -2.5219e+00
-1.2000e+02 -1.9000e+02 -8.9687e-01
-1.2000e+02 -1.8000e+02 1.9974e+00
-1.2000e+02 -1.7000e+02 -1.9507e+00
-1.2000e+02 -1.6000e+02 -3.6396e-01
-1.2000e+02 -1.5000e+02 5.5671e-01
-1.2000e+02 -1.4000e+02 7.8585e-01
-1.2000e+02 -1.3000e+02 -1.8266e+00
-1.2000e+02 -1.2000e+02 -4.3067e+00
-1.2000e+02 -1.1000e+02 1.8859e+00
-1.2000e+02 -1.0000e+02 9.4959e-01
-1.2000e+02 -9.0000e+01 -3.4786e-01
-1.2000e+02 -8.0000e+01 -2.0498e+00
-1.2000e+02 -7.0000e+01 -1.6098e+00
-1.2000e+02 -6.0000e+01 -4.3330e-01
-1.2000e+02 -5.0000e+01 -7.3116e-01
-1.2000e+02 -4.0000e+01 -1.6775e+00
-1.2000e+02 -3.0000e+01 -1.5379e+00
-1.2000e+02 -2.0000e+01 -2.1087e+00
-1.2000e+02 -1.0000e+01 -3.7785e-01
-1.2000e+02 0.0000e+00 -1.9136e+00
-1.2000e+02 1.0000e+01 -1.4121e+00
-1.2000e+02 2.0000e+01 -2.8051e+00
-1.2000e+02 3.0000e+01 3.1972e-01
-1.2000e+02 4.0000e+01 -3.7429e-01
-1.2000e+02 5.0000e+01 -5.4115e-02
-1.2000e+02 6.0000e+01 -1.7837e+00
-1.2000e+02 7.0000e+01 8.1128e-01
-1.2000e+02 8.0000e+01 -3.4908e+00
-1.2000e+02 9.0000e+01 -4.3141e-01
-1.2000e+02 1.0000e+02 -2.4537e+00
-1.2000e+02 1.1000e+02 -3.7692e+00
-1.2000e+02 1.2000e+02 1.5761e+00
-1.2000e+02 1.3000e+02 -1.7721e+00
-1.2000e+02 1.4000e+02 -9.1250e-01
-1.2000e+02 1.5000e+02 -2.7079e-01
-1.2000e+02 1.6000e+02 1.0691e+00
-1.2000e+02 1.7000e+02 5.8020e-01
-1.2000e+02 1.8000e+02 5.6029e-03
-1.2000e+02 1.9000e+02 1.4096e+00
-1.2000e+02 2.0000e+02 3.2171e-01
-1.1000e+02 -2.0000e+02 -1.8324e+00
-1.1000e+02 -1.9000e+02 6.4060e-01
-1.1000e+02 -1.8000e+02 1.9956e-01
-1.1000e+02 -1.7000e+02 -1.8130e-03
-1.1000e+02 -1.6000e+02 -6.4337e-01
-1.1000e+02 -1.5000e+02 1.7405e-01
-1.1000e+02 -1.4000e+02 1.8892e+00
-1.1000e+02 -1.3000e+02 -1.8541e-01
-1.1000e+02 -1.2000e+02 2.4060e+00
-1.1000e+02 -1.1000e+02 -9.6716e-01
-1.1000e+02 -1.0000e+02 -1.2490e+00
-1.1000e+02 -9.0000e+01 -9.8291e-02
-1.1000e+02 -8.0000e+01 -1.1359e+00
-1.1000e+02 -7.0000e+01 -7.9402e-01
-1.1000e+02 -6.0000e+01 -1.4887e-01
-1.1000e+02 -5.0000e+01 -1.3285e+00
-1.1000e+02 -4.0000e+01 -1.7032e+00
-1.1000e+02 -3.0000e+01 -6.4133e-01
-1.1000e+02 -2.0000e+01 -1.7459e+00
-1.1000e+02 -1.0000e+01 -2.7454e+00
-1.1000e+02 0.0000e+00 -2.5351e+00
-1.1000e+02 1.0000e+01 -3.5927e+00
-1.1000e+02 2.0000e+01 -3.0199e+00
-1.1000e+02 3.0000e+01 -5.1510e+00
-1.1000e+02 4.0000e+01 -1.2107e+00
-1.1000e+02 5.0000e+01 -1.6051e+00
-1.1000e+02 6.0000e+01 -2.8911e+00
-1.1000e+02 7.0000e+01 -2.8231e+00
-1.1000e+02 8.0000e+01 -8.6431e-01
-1.1000e+02 9.0000e+01 -1.0839e+00
-1.1000e+02 1.0000e+02 -4.1065e+00
-1.1000e+02 1.1000e+02 -6.0970e-01
-1.1000e+02 1.2000e+02 -1.0982e+00
-1.1000e+02 1.3000e+02 -6.0948e-01
-1.1000e+02 1.4000e+02 -1.6345e+00
-1.1000e+02 1.5000e+02 -1.1532e+00
-1.1000e+02 1.6000e+02 1.5890e+00
-1.1000e+02 1.7000e+02 -6.5872e-01
-1.1000e+02 1.8000e+02 -7.3164e-01
-1.1000e+02 1.9000e+02 1.5084e+00
-1.1000e+02 2.0000e+02 1.4344e+00
-1.0000e+02 -2.0000e+02 -2.0312e+00
-1.0000e+02 -1.9000e+02 4.6847e-01
-1.0000e+02 -1.8000e+02 -6.6799e-01
-1.0000e+02 -1.7000e+02 3.4197e+00
-1.0000e+02 -1.6000e+02 -1.7390e-01
-1.0000e+02 -1.5000e+02 -1.5418e+00
-1.0000e+02 -1.4000e+02 -5.0122e-01
-1.0000e+02 -1.3000e+02 -4.7697e-01
-1.0000e+02 -1.2000e+02 -9.7113e-02
-1.0000e+02 -1.1000e+02 -1.9028e+00
-1.0000e+02 -1.0000e+02 -4.7594e-01
-1.0000e+02 -9.0000e+01 1.4356e+00
-1.0000e+02 -8.0000e+01 -3.8848e-01
-1.0000e+02 -7.0000e+01 -1.4567e+00
-1.0000e+02 -6.0000e+01 -1.5573e+00
-1.0000e+02 -5.0000e+01 -1.6231e+00
-1.0000e+02 -4.0000e+01 -3.6785e+00
-1.0000e+02 -3.0000e+01 -4.3859e+00
-1.0000e+02 -2.0000e+01 -2.1785e+00
-1.0000e+02 -1.0000e+01 -1.9826e+00
-1.0000e+02 0.0000e+00 -3.9859e+00
-1.0000e+02 1.0000e+01 -2.4187e+00
-1.0000e+02 2.0000e+01 -1.2770e+00
-1.0000e+02 3.0000e+01 -1.4165e+00
-1.0000e+02 4.0000e+01 -3.3518e+00
-1.0000e+02 5.0000e+01 -3.3159e+00
-1.0000e+02 6.0000e+01 3.1714e-01
-1.0000e+02 7.0000e+01 -3.1456e+00
-1.0000e+02 8.0000e+01 -3.0648e+00
-1.0000e+02 9.0000e+01 -1.7778e+00
-1.0000e+02 1.0000e+02 -9.0146e-01
-1.0000e+02 1.1000e+02 -9.0634e-01
-1.0000e+02 1.2000e+02 2.0631e+00
-1.0000e+02 1.3000e+02 -1.2614e+00
-1.0000e+02 1.4000e+02 -3.5956e-02
-1.0000e+02 1.5000e+02 -1.0407e+00
-1.0000e+02 1.6000e+02 -4.6021e-02
-1.0000e+02 1.7000e+02 1.6042e+00
-1.0000e+02 1.8000e+02 1.4120e-01
-1.0000e+02 1.9000e+02 -5.3978e-01
-1.0000e+02 2.0000e+02 3.7802e-01
-9.0000e+01 -2.0000e+02 -9.5214e-01
-9.0000e+01 -1.9000e+02 1.1344e-01
-9.0000e+01 -1.8000e+02 -3.0784e-01
-9.0000e+01 -1.7000e+02 -2.8835e-01
-9.0000e+01 -1.6000e+02 -8.5766e-01
-9.0000e+01 -1.5000e+02 8.2045e-02
-9.0000e+01 -1.4000e+02 -1.0285e+00
-9.0000e+01 -1.3000e+02 9.3337e-02
-9.0000e+01 -1.2000e+02 -1.3130e+00
-9.0000e+01 -1.1000e+02 -1.9823e-02
-9.0000e+01 -1.0000e+02 4.2202e-01
-9.0000e+01 -9.0000e+01 -2.4079e+00
-9.0000e+01 -8.0000e+01 -2.7810e+00
-9.0000e+01 -7.0000e+01 -3.8449e-01
-9.0000e+01 -6.0000e+01 -1.7607e+00
-9.0000e+01 -5.0000e+01 -5.1200e-01
-9.0000e+01 -4.0000e+01 -1.9781e+00
-9.0000e+01 -3.0000e+01 -8.7347e-01
-9.0000e+01 -2.0000e+01 -5.8579e+00
-9.0000e+01 -1.0000e+01 -6.5562e+00
-9.0000e+01 0.0000e+00 -5.1211e+00
-9.0000e+01 1.0000e+01 -2.8135e+00
-9.0000e+01 2.0000e+01 -3.1039e+00
-9.0000e+01 3.0000e+01 -3.5725e+00
-9.0000e+01 4.0000e+01 -2.8940e+00
-9.0000e+01 5.0000e+01 -4.2671e+00
-9.0000e+01 6.0000e+01 -3.0758e+00
-9.0000e+01 7.0000e+01 -2.8118e+00
-9.0000e+01 8.0000e+01 -1.5907e+00
-9.0000e+01 9.0000e+01 -3.2409e+00
-9.0000e+01 1.0000e+02 -3.4255e+00
-9.0000e+01 1.1000e+02 -3.6106e-04
-9.0000e+01 1.2000e+02 -1.6061e+00
-9.0000e+01 1.3000e+02 -1.1376e+00
-9.0000e+01 1.4000e+02 1.7250e+00
-9.0000e+01 1.5000e+02 -1.1254e+00
-9.0000e+01 1.6000e+02 1.5360e+00
-9.0000e+01 1.7000e+02 -3.0086e+00
-9.0000e+01 1.8000e+02 4.9972e-01
-9.0000e+01 1.9000e+02 3.4002e+00
-9.0000e+01 2.0000e+02 1.2693e+00
-8.0000e+01 -2.0000e+02 -1.0292e+00
-8.0000e+01 -1.9000e+02 -2.8142e+00
-8.0000e+01 -1.8000e+02 -1.0289e-01
-8.0000e+01 -1.7000e+02 -5.3698e-02
-8.0000e+01 -1.6000e+02 -2.3331e+00
-8.0000e+01 -1.5000e+02 -1.3906e+00
-8.0000e+01 -1.4000e+02 1.7052e+00
-8.0000e+01 -1.3000e+02 2.2899e-01
-8.0000e+01 -1.2000e+02 1.7035e-01
-8.0000e+01 -1.1000e+02 -1.5510e+00
-8.0000e+01 -1.0000e+02 -6.1500e-01
-8.0000e+01 -9.0000e+01 -3.7751e+00
-8.0000e+01 -8.0000e+01 -3.9362e+00
-8.0000e+01 -7.0000e+01 -4.1270e+00
-8.0000e+01 -6.0000e+01 -2.9331e+00
-8.0000e+01 -5.0000e+01 -2.0311e+00
-8.0000e+01 -4.0000e+01 -3.6370e+00
-8.0000e+01 -3.0000e+01 -6.5820e+00
-8.0000e+01 -2.0000e+01 -3.8463e+00
-8.0000e+01 -1.0000e+01 -3.2779e+00
-8.0000e+01 0.0000e+00 -4.8327e+00
-8.0000e+01 1.0000e+01 -5.7080e+00
-8.0000e+01 2.0000e+01 -3.3915e+00
-8.0000e+01 3.0000e+01 -6.5544e+00
-8.0000e+01 4.0000e+01 -6.6722e+00
-8.0000e+01 5.0000e+01 -4.8523e+00
-8.0000e+01 6.0000e+01 -1.4410e+00
-8.0000e+01 7.0000e+01 -2.6262e+00
-8.0000e+01 8.0000e+01 -3.1217e+00
-8.0000e+01 9.0000e+01 -1.4601e+00
-8.0000e+01 1.0000e+02 -3.1816e+00
-8.0000e+01 1.1000e+02 -2.1935e+00
-8.0000e+01 1.2000e+02 3.8125e-01
-8.0000e+01 1.3000e+02 3.0945e-01
-8.0000e+01 1.4000e+02 -2.2189e-01
-8.0000e+01 1.5000e+02 1.0913e+00
-8.0000e+01 1.6000e+02 2.0775e-01
-8.0000e+01 1.7000e+02 1.3589e+00
-8.0000e+01 1.8000e+02 2.0024e+00
-8.0000e+01 1.9000e+02 1.6154e+00
-8.0000e+01 2.0000e+02 -1.3451e+00
-7.0000e+01 -2.0000e+02 1.3988e+00
-7.0000e+01 -1.9000e+02 1.1020e+00
-7.0000e+01 -1.8000e+02 -6.7590e-01
-7.0000e+01 -1.7000e+02 1.7328e-01
-7.0000e+01 -1.6000e+02 9.4417e-01
-7.0000e+01 -1.5000e+02 -1.4698e+00
-7.0000e+01 -1.4000e+02 2.0030e-01
-7.0000e+01 -1.3000e+02 -7.3028e-01
-7.0000e+01 -1.2000e+02 -5.0044e-01
-7.0000e+01 -1.1000e+02 -2.6591e+00
-7.0000e+01 -1.0000e+02 -2.4604e+00
-7.0000e+01 -9.0000e+01 -1.2204e+00
-7.0000e+01 -8.0000e+01 -1.1154e+00
-7.0000e+01 -7.0000e+01 -2.7411e+00
-7.0000e+01 -6.0000e+01 -2.3285e+00
-7.0000e+01 -5.0000e+01 -6.2030e+00
-7.0000e+01 -4.0000e+01 -4.1135e+00
-7.0000e+01 -3.0000e+01 -4.9692e+00
-7.0000e+01 -2.0000e+01 -3.9107e+00
-7.0000e+01 -1.0000e+01 -6.8991e+00
-7.0000e+01 0.0000e+00 -8.4421e+00
-7.0000e+01 1.0000e+01 -6.5659e+00
-7.0000e+01 2.0000e+01 -9.3196e+00
-7.0000e+01 3.0000e+01 -4.9806e+00
-7.0000e+01 4.0000e+01 -3.6321e+00
-7.0000e+01 5.0000e+01 -2.8768e+00
-7.0000e+01 6.0000e+01 -5.7825e+00
-7.0000e+01 7.0000e+01 -1.9164e+00
-7.0000e+01 8.0000e+01 -9.9187e-01
-7.0000e+01 9.0000e+01 -1.2205e+00
-7.0000e+01 1.0000e+02 -7.9052e-01
-7.0000e+01 1.1000e+02 9.9752e-01
-7.0000e+01 1.2000e+02 -2.0390e+00
-7.0000e+01 1.3000e+02 4.5764e-01
-7.0000e+01 1.4000e+02 4.9170e-02
-7.0000e+01 1.5000e+02 -1.0432e+00
-7.0000e+01 1.6000e+02 -4.4664e-01
-7.0000e+01 1.7000e+02 -9.5426e-01
-7.0000e+01 1.8000e+02 1.9410e-01
-7.0000e+01 1.9000e+02 1.8251e+00
-7.0000e+01 2.0000e+02 3.2564e+00
-6.0000e+01 -2.0000e+02 1.0186e-01
-6.0000e+01 -1.9000e+02 -9.8281e-01
-6.0000e+01 -1.8000e+02 9.0467e-01
-6.0000e+01 -1.7000e+02 2.4751e+00
-6.0000e+01 -1.6000e+02 -2.3184e+00
-6.0000e+01 -1.5000e+02 1.1008e-01
-6.0000e+01 -1.4000e+02 -3.9859e-01
-6.0000e+01 -1.3000e+02 -2.8099e+00
-6.0000e+01 -1.2000e+02 1.6074e+00
-6.0000e+01 -1.1000e+02 -2.4834e+00
-6.0000e+01 -1.0000e+02 -2.0538e+00
-6.0000e+01 -9.0000e+01 -5.7896e-01
-6.0000e+01 -8.0000e+01 -3.3914e+00
-6.0000e+01 -7.0000e+01 -5.3057e+00
-6.0000e+01 -6.0000e+01 -6.6311e+00
-6.0000e+01 -5.0000e+01 -6.1299e+00
-6.0000e+01 -4.0000e+01 -7.2503e+00
-6.0000e+01 -3.0000e+01 -7.9959e+00
-6.0000e+01 -2.0000e+01 -8.8981e+00
-6.0000e+01 -1.0000e+01 -7.2879e+00
-6.0000e+01 0.0000e+00 -6.7297e+00
-6.0000e+01 1.0000e+01 -8.3683e+00
-6.0000e+01 2.0000e+01 -1.0246e+01
-6.0000e+01 3.0000e+01 -6.0607e+00
-6.0000e+01 4.0000e+01 -6.7792e+00
-6.0000e+01 5.0000e+01 -7.7591e+00
-6.0000e+01 6.0000e+01 -4.8622e+00
-6.0000e+01 7.0000e+01 -3.4465e+00
-6.0000e+01 8.0000e+01 -4.4014e+00
-6.0000e+01 9.0000e+01 -3.5733e+00
-6.0000e+01 1.0000e+02 -3.7642e+00
-6.0000e+01 1.1000e+02 -8.8851e-02
-6.0000e+01 1.2000e+02 1.0660e+00
-6.0000e+01 1.3000e+02 -9.2465e-01
-6.0000e+01 1.4000e+02 7.8580e-01
-6.0000e+01 1.5000e+02 -1.5528e+00
-6.0000e+01 1.6000e+02 -1.1796e-01
-6.0000e+01 1.7000e+02 -1.1797e+00
-6.0000e+01 1.8000e+02 -4.7326e-01
-6.0000e+01 1.9000e+02 -1.1803e+00
-6.0000e+01 2.0000e+02 -2.2004e-01
-5.0000e+01 -2.0000e+02 -8.5020e-01
-5.0000e+01 -1.9000e+02 -2.9181e+00
-5.0000e+01 -1.8000e+02 -1.0230e+00
-5.0000e+01 -1.7000e+02 -1.0489e+00
-5.0000e+01 -1.6000e+02 -1.4424e+00
-5.0000e+01 -1.5000e+02 -2.2547e+00
-5.0000e+01 -1.4000e+02 -1.6864e+00
-5.0000e+01 -1.3000e+02 7.1768e-01
-5.0000e+01 -1.2000e+02 -3.5573e-01
-5.0000e+01 -1.1000e+02 -1.2377e-01
-5.0000e+01 -1.0000e+02 -2.7260e+00
-5.0000e+01 -9.0000e+01 -2.5564e+00
-5.0000e+01 -8.0000e+01 -4.3603e+00
-5.0000e+01 -7.0000e+01 -5.6789e+00
-5.0000e+01 -6.0000e+01 -6.8799e+00
-5.0000e+01 -5.0000e+01 -7.4542e+00
-5.0000e+01 -4.0000e+01 -1.0094e+01
-5.0000e+01 -3.0000e+01 -7.2623e+00
-5.0000e+01 -2.0000e+01 -1.1407e+01
-5.0000e+01 -1.0000e+01 -9.8652e+00
-5.0000e+01 0.0000e+00 -1.0257e+01
-5.0000e+01 1.0000e+01 -8.4395e+00
-5.0000e+01 2.0000e+01 -9.3142e+00
-5.0000e+01 3.0000e+01 -7.0515e+00
-5.0000e+01 4.0000e+01 -7.0621e+00
-5.0000e+01 5.0000e+01 -9.5669e+00
-5.0000e+01 6.0000e+01 -3.6627e+00
-5.0000e+01 7.0000e+01 -2.5770e+00
-5.0000e+01 8.0000e+01 -5.1148e+00
-5.0000e+01 9.0000e+01 -3.8021e+00
-5.0000e+01 1.0000e+02 -1.0979e+00
-5.0000e+01 1.1000e+02 -2.0177e+00
-5.0000e+01 1.2000e+02 -2.6538e+00
-5.0000e+01 1.3000e+02 -1.0910e+00
-5.0000e+01 1.4000e+02 -2.7452e-01
-5.0000e+01 1.5000e+02 1.9126e+00
-5.0000e+01 1.6000e+02 5.4881e-01
-5.0000e+01 1.7000e+02 -2.0810e+00
-5.0000e+01 1.8000e+02 -1.4814e+00
-5.0000e+01 1.9000e+02 -5.0279e-01
-5.0000e+01 2.0000e+02 1.2181e+00
-4.0000e+01 -2.0000e+02 -7.5041e-02
-4.0000e+01 -1.9000e+02 -6.6131e-01
-4.0000e+01 -1.8000e+02 2.4454e-01
-4.0000e+01 -1.7000e+02 1.9820e+00
-4.0000e+01 -1.6000e+02 1.0593e+00
-4.0000e+01 -1.5000e+02 -5.2038e+00
-4.0000e+01 -1.4000e+02 -1.8229e+00
-4.0000e+01 -1.3000e+02 1.0441e-01
-4.0000e+01 -1.2000e+02 -3.4588e+00
-4.0000e+01 -1.1000e+02 -7.0019e-01
-4.0000e+01 -1.0000e+02 -3.6650e+00
-4.0000e+01 -9.0000e+01 -4.9046e+00
-4.0000e+01 -8.0000e+01 -4.4135e+00
-4.0000e+01 -7.0000e+01 -3.9165e+00
-4.0000e+01 -6.0000e+01 -4.4501e+00
-4.0000e+01 -5.0000e+01 -5.3491e+00
-4.0000e+01 -4.0000e+01 -7.7778e+00
-4.0000e+01 -3.0000e+01 -1.0297e+01
-4.0000e+01 -2.0000e+01 -1.2648e+01
-4.0000e+01 -1.0000e+01 -1.1194e+01
-4.0000e+01 0.0000e+00 -9.5202e+00
-4.0000e+01 1.0000e+01 -1.0617e+01
-4.0000e+01 2.0000e+01 -8.4729e+00
-4.0000e+01 3.0000e+01 -7.6915e+00
-4.0000e+01 4.0000e+01 -1.0084e+01
-4.0000e+01 5.0000e+01 -6.3905e+00
-4.0000e+01 6.0000e+01 -7.3259e+00
-4.0000e+01 7.0000e+01 -4.9322e+00
-4.0000e+01 8.0000e+01 -5.7441e+00
-4.0000e+01 9.0000e+01 -2.4653e+00
-4.0000e+01 1.0000e+02 -2.0538e+00
-4.0000e+01 1.1000e+02 -1.5754e+00
-4.0000e+01 1.2000e+02 -2.5544e+00
-4.0000e+01 1.3000e+02 6.0478e-01
-4.0000e+01 1.4000e+02 1.6167e+00
-4.0000e+01 1.5000e+02 8.7294e-01
-4.0000e+01 1.6000e+02 -2.8209e+00
-4.0000e+01 1.7000e+02 -9.5705e-01
-4.0000e+01 1.8000e+02 5.9850e-01
-4.0000e+01 1.9000e+02 1.8795e+00
-4.0000e+01 2.0000e+02 3.8315e-01
-3.0000e+01 -2.0000e+02 4.0487e-01
-3.0000e+01 -1.9000e+02 -2.2866e-02
-3.0000e+01 -1.8000e+02 7.3950e-01
-3.0000e+01 -1.7000e+02 -4.2961e-01
-3.0000e+01 -1.6000e+02 7.0618e+00
-3.0000e+01 -1.5000e+02 -4.3702e-01
-3.0000e+01 -1.4000e+02 6.6636e-01
-3.0000e+01 -1.3000e+02 2.3851e+00
-3.0000e+01 -1.2000e+02 -1.6810e+00
-3.0000e+01 -1.1000e+02 -2.2483e+00
-3.0000e+01 -1.0000e+02 -5.8223e-01
-3.0000e+01 -9.0000e+01 -3.1864e+00
-3.0000e+01 -8.0000e+01 -4.4480e+00
-3.0000e+01 -7.0000e+01 -6.3257e+00
-3.0000e+01 -6.0000e+01 -7.4376e+00
-3.0000e+01 -5.0000e+01 -6.5463e+00
-3.0000e+01 -4.0000e+01 -8.3662e+00
-3.0000e+01 -3.0000e+01 -9.2857e+00
-3.0000e+01 -2.0000e+01 -1.1742e+01
-3.0000e+01 -1.0000e+01 -1.4712e+01
-3.0000e+01 0.0000e+00 -1.0441e+01
-3.0000e+01 1.0000e+01 -1.3460e+01
-3.0000e+01 2.0000e+01 -1.1578e+01
-3.0000e+01 3.0000e+01 -1.1552e+01
-3.0000e+01 4.0000e+01 -1.0299e+01
-3.0000e+01 5.0000e+01 -9.4097e+00
-3.0000e+01 6.0000e+01 -6.9293e+00
-3.0000e+01 7.0000e+01 -6.5945e+00
-3.0000e+01 8.0000e+01 -3.8991e+00
-3.0000e+01 9.0000e+01 -2.9032e+00
-3.0000e+01 1.0000e+02 9.6000e-01
-3.0000e+01 1.1000e+02 -3.2624e+00
-3.0000e+01 1.2000e+02 -2.1566e+00
-3.0000e+01 1.3000e+02 7.0766e-02
-3.0000e+01 1.4000e+02 -3.8078e+00
-3.0000e+01 1.5000e+02 -1.4102e+00
-3.0000e+01 1.6000e+02 -2.3373e-01
-3.0000e+01 1.7000e+02 -4.2614e-01
-3.0000e+01 1.8000e+02 6.5831e-02
-3.0000e+01 1.9000e+02 3.2916e+00
-3.0000e+01 2.0000e+02 -5.8850e-01
-2.0000e+01 -2.0000e+02 2.2172e+00
-2.0000e+01 -1.9000e+02 6.4267e-01
-2.0000e+01 -1.8000e+02 -1.0944e+00
-2.0000e+01 -1.7000e+02 7.9076e-01
-2.0000e+01 -1.6000e+02 -3.1744e+00
-2.0000e+01 -1.5000e+02 2.6585e+00
-2.0000e+01 -1.4000e+02 -2.4496e+00
-2.0000e+01 -1.3000e+02 -3.1079e+00
-2.0000e+01 -1.2000e+02 -1.0704e+00
-2.0000e+01 -1.1000e+02 -2.9873e+00
-2.0000e+01 -1.0000e+02 -4.3536e+00
-2.0000e+01 -9.0000e+01 -3.5787e+00
-2.0000e+01 -8.0000e+01 -5.3859e+00
-2.0000e+01 -7.0000e+01 -5.9231e+00
-2.0000e+01 -6.0000e+01 -8.0830e+00
-2.0000e+01 -5.0000e+01 -1.0481e+01
-2.0000e+01 -4.0000e+01 -1.0573e+01
-2.0000e+01 -3.0000e+01 -1.3990e+01
-2.0000e+01 -2.0000e+01 -1.3731e+01
-2.0000e+01 -1.0000e+01 -1.4201e+01
-2.0000e+01 0.0000e+00 -1.4687e+01
-2.0000e+01 1.0000e+01 -1.4205e+01
-2.0000e+01 2.0000e+01 -1.3078e+01
-2.0000e+01 3.0000e+01 -1.4661e+01
-2.0000e+01 4.0000e+01 -1.1143e+01
-2.0000e+01 5.0000e+01 -8.8404e+00
-2.0000e+01 6.0000e+01 -8.3190e+00
-2.0000e+01 7.0000e+01 -7.8319e+00
-2.0000e+01 8.0000e+01 -5.3357e+00
-2.0000e+01 9.0000e+01 -5.5609e+00
-2.0000e+01 1.0000e+02 -3.8097e+00
-2.0000e+01 1.1000e+02 -4.2043e+00
-2.0000e+01 1.2000e+02 -2.1618e+00
-2.0000e+01 1.3000e+02 -1.2133e+00
-2.0000e+01 1.4000e+02 -2.2000e+00
-2.0000e+01 1.5000e+02 -2.3987e+00
-2.0000e+01 1.6000e+02 -1.7310e+00
-2.0000e+01 1.7000e+02 -1.4326e+00
-2.0000e+01 1.8000e+02 -1.0237e+00
-2.0000e+01 1.9000e+02 1.9034e+00
-2.0000e+01 2.0000e+02 1.0403e+00
-1.0000e+01 -2.0000e+02 -4.1142e+00
-1.0000e+01 -1.9000e+02 7.9745e-02
-1.0000e+01 -1.8000e+02 2.7780e-01
-1.0000e+01 -1.7000e+02 2.4468e+00
-1.0000e+01 -1.6000e+02 8.4360e-01
-1.0000e+01 -1.5000e+02 2.4958e+00
-1.0000e+01 -1.4000e+02 -1.1498e+00
-1.0000e+01 -1.3000e+02 -8.2944e-01
-1.0000e+01 -1.2000e+02 -1.7525e+00
-1.0000e+01 -1.1000e+02 -1.1219e+00
-1.0000e+01 -1.0000e+02 -7.6089e-01
-1.0000e+01 -9.0000e+01 -3.8341e+00
-1.0000e+01 -8.0000e+01 -7.1044e+00
-1.0000e+01 -7.0000e+01 -7.2852e+00
-1.0000e+01 -6.0000e+01 -8.0947e+00
-1.0000e+01 -5.0000e+01 -1.3002e+01
-1.0000e+01 -4.0000e+01 -1.1926e+01
-1.0000e+01 -3.0000e+01 -1.3300e+01
-1.0000e+01 -2.0000e+01 -1.5745e+01
-1.0000e+01 -1.0000e+01 -1.1921e+01
-1.0000e+01 0.0000e+00 -1.6826e+01
-1.0000e+01 1.0000e+01 -1.7115e+01
-1.0000e+01 2.0000e+01 -1.6602e+01
-1.0000e+01 3.0000e+01 -1.2591e+01
-1.0000e+01 4.0000e+01 -1.1253e+01
-1.0000e+01 5.0000e+01 -9.7360e+00
-1.0000e+01 6.0000e+01 -7.9412e+00
-1.0000e+01 7.0000e+01 -5.9232e+00
-1.0000e+01 8.0000e+01 -5.7201e+00
-1.0000e+01 9.0000e+01 -6.0332e+00
-1.0000e+01 1.0000e+02 -2.2750e+00
-1.0000e+01 1.1000e+02 -2.9717e+00
-1.0000e+01 1.2000e+02 -1.8369e+00
-1.0000e+01 1.3000e+02 -1.9819e+00
-1.0000e+01 1.4000e+02 1.4069e+00
-1.0000e+01 1.5000e+02 -1.4786e+00
-1.0000e+01 1.6000e+02 1.4402e+00
-1.0000e+01 1.7000e+02 -7.6582e-01
-1.0000e+01 1.8000e+02 -1.3786e+00
-1.0000e+01 1.9000e+02 -5.5047e-01
-1.0000e+01 2.0000e+02 -1.2998e+00
0.0000e+00 -2.0000e+02 2.6596e+00
0.0000e+00 -1.9000e+02 -2.4839e+00
0.0000e+00 -1.8000e+02 1.0806e+00
0.0000e+00 -1.7000e+02 -9.3108e-01
0.0000e+00 -1.6000e+02 6.2916e-01
0.0000e+00 -1.5000e+02 2.1789e+00
0.0000e+00 -1.4000e+02 -6.6640e-01
0.0000e+00 -1.3000e+02 -2.3535e+00
0.0000e+00 -1.2000e+02 -6.9153e-01
0.0000e+00 -1.1000e+02 -2.0660e+00
0.0000e+00 -1.0000e+02 -3.2627e+00
0.0000e+00 -9.0000e+01 -3.3965e+00
0.0000e+00 -8.0000e+01 -4.3326e+00
0.0000e+00 -7.0000e+01 -4.9631e+00
0.0000e+00 -6.0000e+01 -7.2823e+00
0.0000e+00 -5.0000e+01 -1.3535e+01
0.0000e+00 -4.0000e+01 -1.1186e+01
0.0000e+00 -3.0000e+01 -1.1830e+01
0.0000e+00 -2.0000e+01 -1.4580e+01
0.0000e+00 -1.0000e+01 -1.3220e+01
0.0000e+00 0.0000e+00 -1.2569e+01
0.0000e+00 1.0000e+01 -1.7003e+01
0.0000e+00 2.0000e+01 -1.3775e+01
0.0000e+00 3.0000e+01 -1.3206e+01
0.0000e+00 4.0000e+01 -1.2634e+01
0.0000e+00 5.0000e+01 -1.1775e+01
0.0000e+00 6.0000e+01 -9.1666e+00
0.0000e+00 7.0000e+01 -6.4224e+00
0.0000e+00 8.0000e+01 -4.5098e+00
0.0000e+00 9.0000e+01 -5.2220e+00
0.0000e+00 1.0000e+02 -1.1363e+00
0.0000e+00 1.1000e+02 -2.2030e+00
0.0000e+00 1.2000e+02 -2.7045e+00
0.0000e+00 1.3000e+02 -2.3752e+00
0.0000e+00 1.4000e+02 2.4552e-01
0.0000e+00 1.5000e+02 -2.2342e+00
0.0000e+00 1.6000e+02 -2.2408e+00
0.0000e+00 1.7000e+02 2.2329e+00
0.0000e+00 1.8000e+02 -1.2174e+00
0.0000e+00 1.9000e+02 -6.4819e-01
0.0000e+00 2.0000e+02 -9.5977e-01
1.0000e+01 -2.0000e+02 7.0668e-01
1.0000e+01 -1.9000e+02 1.9912e+00
1.0000e+01 -1.8000e+02 -9.1514e-01
1.0000e+01 -1.7000e+02 -1.2966e+00
1.0000e+01 -1.6000e+02 1.5272e+00
1.0000e+01 -1.5000e+02 -1.6063e+00
1.0000e+01 -1.4000e+02 -7.0732e-01
1.0000e+01 -1.3000e+02 -1.5543e+00
1.0000e+01 -1.2000e+02 -2.0842e+00
1.0000e+01 -1.1000e+02 -2.6404e+00
1.0000e+01 -1.0000e+02 -3.6251e+00
1.0000e+01 -9.0000e+01 -6.0473e+00
1.0000e+01 -8.0000e+01 -4.5798e+00
1.0000e+01 -7.0000e+01 -4.7855e+00
1.0000e+01 -6.0000e+01 -9.2277e+00
1.0000e+01 -5.0000e+01 -1.0563e+01
1.0000e+01 -4.0000e+01 -9.9145e+00
1.0000e+01 -3.0000e+01 -1.4124e+01
1.0000e+01 -2.0000e+01 -1.3781e+01
1.0000e+01 -1.0000e+01 -1.2721e+01
1.0000e+01 0.0000e+00 -1.7501e+01
1.0000e+01 1.0000e+01 -1.7620e+01
1.0000e+01 2.0000e+01 -1.4095e+01
1.0000e+01 3.0000e+01 -1.2789e+01
1.0000e+01 4.0000e+01 -1.1974e+01
1.0000e+01 5.0000e+01 -1.0109e+01
1.0000e+01 6.0000e+01 -6.1361e+00
1.0000e+01 7.0000e+01 -7.8816e+00
1.0000e+01 8.0000e+01 -3.3197e+00
1.0000e+01 9.0000e+01 -5.6688e+00
1.0000e+01 1.0000e+02 -1.8041e+00
1.0000e+01 1.1000e+02 -8.8906e-01
1.0000e+01 1.2000e+02 -2.6594e+00
1.0000e+01 1.3000e+02 1.8917e+00
1.0000e+01 1.4000e+02 -2.2209e+00
1.0000e+01 1.5000e+02 2.1259e+00
1.0000e+01 1.6000e+02 1.4728e+00
1.0000e+01 1.7000e+02 -9.7947e-02
1.0000e+01 1.8000e+02 1.2431e+00
1.0000e+01 1.9000e+02 4.7732e-01
1.0000e+01 2.0000e+02 -1.2800e+00
2.0000e+01 -2.0000e+02 8.5987e-01
2.0000e+01 -1.9000e+02 -8.7311e-01
2.0000e+01 -1.8000e+02 -3.1074e-01
2.0000e+01 -1.7000e+02 -5.8225e-01
2.0000e+01 -1.6000e+02 -3.9784e-01
2.0000e+01 -1.5000e+02 -3.8523e-01
2.0000e+01 -1.4000e+02 -1.3321e+00
2.0000e+01 -1.3000e+02 -1.5146e-01
2.0000e+01 -1.2000e+02 -1.1960e+00
2.0000e+01 -1.1000e+02 -1.7776e+00
2.0000e+01 -1.0000e+02 -1.8152e+00
2.0000e+01 -9.0000e+01 -3.9539e+00
2.0000e+01 -8.0000e+01 -6.2461e+00
2.0000e+01 -7.0000e+01 -5.8652e+00
2.0000e+01 -6.0000e+01 -8.6958e+00
2.0000e+01 -5.0000e+01 -8.8644e+00
2.0000e+01 -4.0000e+01 -1.2248e+01
2.0000e+01 -3.0000e+01 -1.2688e+01
2.0000e+01 -2.0000e+01 -1.3680e+01
2.0000e+01 -1.0000e+01 -1.4150e+01
2.0000e+01 0.0000e+00 -1.6065e+01
2.0000e+01 1.0000e+01 -1.2979e+01
2.0000e+01 2.0000e+01 -1.1104e+01
2.0000e+01 3.0000e+01 -1.1996e+01
2.0000e+01 4.0000e+01 -9.2305e+00
2.0000e+01 5.0000e+01 -7.6588e+00
2.0000e+01 6.0000e+01 -9.1509e+00
2.0000e+01 7.0000e+01 -7.7501e+00
2.0000e+01 8.0000e+01 -7.7086e+00
2.0000e+01 9.0000e+01 -2.8467e+00
2.0000e+01 1.0000e+02 -1.6313e+00
2.0000e+01 1.1000e+02 -2.0806e+00
2.0000e+01 1.2000e+02 1.3195e+00
2.0000e+01 1.3000e+02 -3.8698e+00
2.0000e+01 1.4000e+02 1.8451e+00
2.0000e+01 1.5000e+02 -3.9661e-01
2.0000e+01 1.6000e+02 -8.4525e-01
2.0000e+01 1.7000e+02 1.3733e-01
2.0000e+01 1.8000e+02 2.3575e+00
2.0000e+01 1.9000e+02 1.7633e+00
2.0000e+01 2.0000e+02 1.4085e+00
3.0000e+01 -2.0000e+02 2.4834e-01
3.0000e+01 -1.9000e+02 5.1575e-01
3.0000e+01 -1.8000e+02 6.2466e-01
3.0000e+01 -1.7000e+02 1.3003e+00
3.0000e+01 -1.6000e+02 -3.3961e-01
3.0000e+01 -1.5000e+02 4.1403e-02
3.0000e+01 -1.4000e+02 -3.1162e+00
3.0000e+01 -1.3000e+02 -1.7252e+00
3.0000e+01 -1.2000e+02 -1.2068e+00
3.0000e+01 -1.1000e+02 -2.0654e+00
3.0000e+01 -1.0000e+02 -3.1787e+00
3.0000e+01 -9.0000e+01 -3.6670e+00
3.0000e+01 -8.0000e+01 -3.1733e+00
3.0000e+01 -7.0000e+01 -5.2172e+00
3.0000e+01 -6.0000e+01 -6.7935e+00
3.0000e+01 -5.0000e+01 -9.7694e+00
3.0000e+01 -4.0000e+01 -1.2668e+01
3.0000e+01 -3.0000e+01 -8.5290e+00
3.0000e+01 -2.0000e+01 -1.4259e+01
3.0000e+01 -1.0000e+01 -1.4140e+01
3.0000e+01 0.0000e+00 -1.2579e+01
3.0000e+01 1.0000e+01 -1.4204e+01
3.0000e+01 2.0000e+01 -1.2217e+01
3.0000e+01 3.0000e+01 -1.2344e+01
3.0000e+01 4.0000e+01 -1.1254e+01
3.0000e+01 5.0000e+01 -1.0358e+01
3.0000e+01 6.0000e+01 -5.5142e+00
3.0000e+01 7.0000e+01 -4.1859e+00
3.0000e+01 8.0000e+01 -6.9794e+00
3.0000e+01 9.0000e+01 -2.8948e+00
3.0000e+01 1.0000e+02 -3.8434e+00
3.0000e+01 1.1000e+02 -3.3611e+00
3.0000e+01 1.2000e+02 -4.3681e-01
3.0000e+01 1.3000e+02 -6.4138e-01
3.0000e+01 1.4000e+02 -1.5440e-01
3.0000e+01 1.5000e+02 1.7314e-01
3.0000e+01 1.6000e+02 -1.0103e+00
3.0000e+01 1.7000e+02 -1.0618e-01
3.0000e+01 1.8000e+02 1.5734e-01
3.0000e+01 1.9000e+02 1.5091e-01
3.0000e+01 2.0000e+02 -2.5539e+00
4.0000e+01 -2.0000e+02 9.0987e-01
4.0000e+01 -1.9000e+02 -1.5181e-01
4.0000e+01 -1.8000e+02 -1.9972e-01
4.0000e+01 -1.7000e+02 1.8214e+00
4.0000e+01 -1.6000e+02 8.5570e-01
4.0000e+01 -1.5000e+02 -7.2978e-01
4.0000e+01 -1.4000e+02 -4.5628e-01
4.0000e+01 -1.3000e+02 1.2858e+00
4.0000e+01 -1.2000e+02 -2.2698e+00
4.0000e+01 -1.1000e+02 -1.2144e+00
4.0000e+01 -1.0000e+02 -2.8158e+00
4.0000e+01 -9.0000e+01 -2.6198e+00
4.0000e+01 -8.0000e+01 -3.3230e+00
4.0000e+01 -7.0000e+01 -4.0709e+00
4.0000e+01 -6.0000e+01 -8.0709e+00
4.0000e+01 -5.0000e+01 -6.9011e+00
4.0000e+01 -4.0000e+01 -9.4732e+00
4.0000e+01 -3.0000e+01 -1.0158e+01
4.0000e+01 -2.0000e+01 -8.1937e+00
4.0000e+01 -1.0000e+01 -1.0607e+01
4.0000e+01 0.0000e+00 -1.2634e+01
4.0000e+01 1.0000e+01 -1.2630e+01
4.0000e+01 2.0000e+01 -1.1492e+01
4.0000e+01 3.0000e+01 -1.1918e+01
4.0000e+01 4.0000e+01 -8.3283e+00
4.0000e+01 5.0000e+01 -8.6005e+00
4.0000e+01 6.0000e+01 -6.7406e+00
4.0000e+01 7.0000e+01 -3.0894e+00
4.0000e+01 8.0000e+01 -6.9567e+00
4.0000e+01 9.0000e+01 -3.6380e+00
4.0000e+01 1.0000e+02 -2.0290e+00
4.0000e+01 1.1000e+02 1.6805e+00
4.0000e+01 1.2000e+02 1.4391e+00
4.0000e+01 1.3000e+02 -1.7298e+00
4.0000e+01 1.4000e+02 -3.8576e-01
4.0000e+01 1.5000e+02 1.6666e+00
4.0000e+01 1.6000e+02 -5.3734e-01
4.0000e+01 1.7000e+02 2.5323e-03
4.0000e+01 1.8000e+02 3.5292e-01
4.0000e+01 1.9000e+02 -9.4315e-01
4.0000e+01 2.0000e+02 1.1097e-01
5.0000e+01 -2.0000e+02 1.2031e+00
5.0000e+01 -1.9000e+02 7.0721e-01
5.0000e+01 -1.8000e+02 -1.5523e+00
5.0000e+01 -1.7000e+02 2.1362e+00
5.0000e+01 -1.6000e+02 7.3685e-01
5.0000e+01 -1.5000e+02 -1.8924e+00
5.0000e+01 -1.4000e+02 2.9515e-01
5.0000e+01 -1.3000e+02 -1.5841e+00
5.0000e+01 -1.2000e+02 -1.6981e+00
5.0000e+01 -1.1000e+02 -2.7353e+00
5.0000e+01 -1.0000e+02 -1.7876e+00
5.0000e+01 -9.0000e+01 -4.4853e+00
5.0000e+01 -8.0000e+01 -1.1949e+00
5.0000e+01 -7.0000e+01 -6.1314e+00
5.0000e+01 -6.0000e+01 -5.8328e+00
5.0000e+01 -5.0000e+01 -8.4941e+00
5.0000e+01 -4.0000e+01 -6.6092e+00
5.0000e+01 -3.0000e+01 -1.0571e+01
5.0000e+01 -2.0000e+01 -1.2830e+01
5.0000e+01 -1.0000e+01 -1.0520e+01
5.0000e+01 0.0000e+00 -1.0553e+01
5.0000e+01 1.0000e+01 -1.0455e+01
5.0000e+01 2.0000e+01 -1.1501e+01
5.0000e+01 3.0000e+01 -9.0975e+00
5.0000e+01 4.0000e+01 -6.8320e+00
5.0000e+01 5.0000e+01 -7.1395e+00
5.0000e+01 6.0000e+01 -7.0748e+00
5.0000e+01 7.0000e+01 -2.3719e+00
5.0000e+01 8.0000e+01 -2.4242e+00
5.0000e+01 9.0000e+01 -1.4873e+00
5.0000e+01 1.0000e+02 -5.3079e+00
5.0000e+01 1.1000e+02 -4.1991e-01
5.0000e+01 1.2000e+02 -2.3673e+00
5.0000e+01 1.3000e+02 2.0091e+00
5.0000e+01 1.4000e+02 -3.5359e-02
5.0000e+01 1.5000e+02 -5.6835e-01
5.0000e+01 1.6000e+02 -1.0415e-01
5.0000e+01 1.7000e+02 1.7306e+00
5.0000e+01 1.8000e+02 2.6362e+00
5.0000e+01 1.9000e+02 -2.5533e+00
5.0000e+01 2.0000e+02 1.3778e+00
6.0000e+01 -2.0000e+02 2.2815e+00
6.0000e+01 -1.9000e+02 1.1864e+00
6.0000e+01 -1.8000e+02 -1.2549e+00
6.0000e+01 -1.7000e+02 -8.8874e-01
6.0000e+01 -1.6000e+02 3.8226e-01
6.0000e+01 -1.5000e+02 3.7632e+00
6.0000e+01 -1.4000e+02 -1.4817e+00
6.0000e+01 -1.3000e+02 -2.7758e+00
6.0000e+01 -1.2000e+02 -9.9074e-01
6.0000e+01 -1.1000e+02 -3.7854e+00
6.0000e+01 -1.0000e+02 -1.9499e+00
6.0000e+01 -9.0000e+01 -2.3367e+00
6.0000e+01 -8.0000e+01 -1.6605e+00
6.0000e+01 -7.0000e+01 -4.7257e+00
6.0000e+01 -6.0000e+01 -8.4785e+00
6.0000e+01 -5.0000e+01 -7.0269e+00
6.0000e+01 -4.0000e+01 -8.3696e+00
6.0000e+01 -3.0000e+01 -6.8463e+00
6.0000e+01 -2.0000e+01 -9.4014e+00
6.0000e+01 -1.0000e+01 -8.0075e+00
6.0000e+01 0.0000e+00 -1.0172e+01
6.0000e+01 1.0000e+01 -1.1444e+01
6.0000e+01 2.0000e+01 -5.3753e+00
6.0000e+01 3.0000e+01 -8.0243e+00
6.0000e+01 4.0000e+01 -6.2862e+00
6.0000e+01 5.0000e+01 -5.6236e+00
6.0000e+01 6.0000e+01 -6.9801e+00
6.0000e+01 7.0000e+01 -2.7520e+00
6.0000e+01 8.0000e+01 -3.1696e+00
6.0000e+01 9.0000e+01 -3.5237e+00
6.0000e+01 1.0000e+02 -1.7552e+00
6.0000e+01 1.1000e+02 -1.5444e+00
6.0000e+01 1.2000e+02 5.8943e-01
6.0000e+01 1.3000e+02 2.0709e-01
6.0000e+01 1.4000e+02 1.6901e+00
6.0000e+01 1.5000e+02 2.6592e+00
6.0000e+01 1.6000e+02 -2.0958e+00
6.0000e+01 1.7000e+02 -6.2630e-02
6.0000e+01 1.8000e+02 -1.7027e-01
6.0000e+01 1.9000e+02 1.1169e-01
6.0000e+01 2.0000e+02 1.2150e+00
7.0000e+01 -2.0000e+02 1.3344e+00
7.0000e+01 -1.9000e+02 3.2648e-02
7.0000e+01 -1.8000e+02 5.1308e-01
7.0000e+01 -1.7000e+02 -3.2578e+00
7.0000e+01 -1.6000e+02 1.8457e+00
7.0000e+01 -1.5000e+02 1.2191e+00
7.0000e+01 -1.4000e+02 7.1810e-01
7.0000e+01 -1.3000e+02 3.1842e+00
7.0000e+01 -1.2000e+02 -4.9064e-01
7.0000e+01 -1.1000e+02 -8.2310e-01
7.0000e+01 -1.0000e+02 -1.1128e+00
7.0000e+01 -9.0000e+01 -8.4481e-01
7.0000e+01 -8.0000e+01 -1.8626e+00
7.0000e+01 -7.0000e+01 -4.0578e+00
7.0000e+01 -6.0000e+01 -4.0867e+00
7.0000e+01 -5.0000e+01 -5.5092e+00
7.0000e+01 -4.0000e+01 -1.6002e+00
7.0000e+01 -3.0000e+01 -4.3571e+00
7.0000e+01 -2.0000e+01 -4.8929e+00
7.0000e+01 -1.0000e+01 -5.7113e+00
7.0000e+01 0.0000e+00 -9.2934e+00
7.0000e+01 1.0000e+01 -7.7397e+00
7.0000e+01 2.0000e+01 -4.4030e+00
7.0000e+01 3.0000e+01 -6.7839e+00
7.0000e+01 4.0000e+01 -6.9050e+00
7.0000e+01 5.0000e+01 -5.3916e+00
7.0000e+01 6.0000e+01 -4.0799e+00
7.0000e+01 7.0000e+01 -4.8845e+00
7.0000e+01 8.0000e+01 -4.7696e+00
7.0000e+01 9.0000e+01 -3.5332e+00
7.0000e+01 1.0000e+02 -2.7406e+00
7.0000e+01 1.1000e+02 -1.0279e+00
7.0000e+01 1.2000e+02 -4.4741e+00
7.0000e+01 1.3000e+02 5.5566e-02
7.0000e+01 1.4000e+02 -9.6684e-01
7.0000e+01 1.5000e+02 2.9575e-01
7.0000e+01 1.6000e+02 -2.9818e+00
7.0000e+01 1.7000e+02 -1.3551e+00
7.0000e+01 1.8000e+02 -6.9919e-01
7.0000e+01 1.9000e+02 2.3598e+00
7.0000e+01 2.0000e+02 6.4508e-01
8.0000e+01 -2.0000e+02 1.4786e+00
8.0000e+01 -1.9000e+02 1.1936e+00
8.0000e+01 -1.8000e+02 -2.9593e-01
8.0000e+01 -1.7000e+02 2.6336e-01
8.0000e+01 -1.6000e+02 2.0763e+00
8.0000e+01 -1.5000e+02 -4.4519e+00
8.0000e+01 -1.4000e+02 -1.1980e-01
8.0000e+01 -1.3000e+02 9.9758e-01
8.0000e+01 -1.2000e+02 -1.0157e+00
8.0000e+01 -1.1000e+02 -9.5973e-01
8.0000e+01 -1.0000e+02 -1.2674e+00
8.0000e+01 -9.0000e+01 -2.7148e+00
8.0000e+01 -8.0000e+01 -2.6738e+00
8.0000e+01 -7.0000e+01 -2.9766e+00
8.0000e+01 -6.0000e+01 -6.3219e+00
8.0000e+01 -5.0000e+01 -3.0619e+00
8.0000e+01 -4.0000e+01 -4.5792e+00
8.0000e+01 -3.0000e+01 -5.5145e+00
8.0000e+01 -2.0000e+01 -5.6703e+00
8.0000e+01 -1.0000e+01 -8.0410e+00
8.0000e+01 0.0000e+00 -6.6242e+00
8.0000e+01 1.0000e+01 -7.6719e+00
8.0000e+01 2.0000e+01 -5.7552e+00
8.0000e+01 3.0000e+01 -2.7224e+00
8.0000e+01 4.0000e+01 -2.9072e+00
8.0000e+01 5.0000e+01 -4.0588e+00
8.0000e+01 6.0000e+01 -1.4022e+00
8.0000e+01 7.0000e+01 -2.1014e+00
8.0000e+01 8.0000e+01 -1.6106e+00
8.0000e+01 9.0000e+01 -4.1267e-01
8.0000e+01 1.0000e+02 -1.2924e+00
8.0000e+01 1.1000e+02 7.4076e-01
8.0000e+01 1.2000e+02 -8.4392e-01
8.0000e+01 1.3000e+02 4.2094e-02
8.0000e+01 1.4000e+02 -7.0494e-02
8.0000e+01 1.5000e+02 6.6952e-01
8.0000e+01 1.6000e+02 7.0333e-01
8.0000e+01 1.7000e+02 -6.6338e-01
8.0000e+01 1.8000e+02 2.2917e+00
8.0000e+01 1.9000e+02 -7.0004e-01
8.0000e+01 2.0000e+02 -3.8236e-01
9.0000e+01 -2.0000e+02 1.0907e+00
9.0000e+01 -1.9000e+02 7.1934e-01
9.0000e+01 -1.8000e+02 6.5586e-03
9.0000e+01 -1.7000e+02 -9.9125e-01
9.0000e+01 -1.6000e+02 -2.6484e+00
9.0000e+01 -1.5000e+02 3.5629e-01
9.0000e+01 -1.4000e+02 -1.3267e+00
9.0000e+01 -1.3000e+02 -1.7128e+00
9.0000e+01 -1.2000e+02 -8.5196e-01
9.0000e+01 -1.1000e+02 -9.2851e-01
9.0000e+01 -1.0000e+02 1.4118e-01
9.0000e+01 -9.0000e+01 2.8053e-01
9.0000e+01 -8.0000e+01 -3.8668e+00
9.0000e+01 -7.0000e+01 -1.8934e+00
9.0000e+01 -6.0000e+01 -2.2301e+00
9.0000e+01 -5.0000e+01 -5.4667e+00
9.0000e+01 -4.0000e+01 -3.6146e+00
9.0000e+01 -3.0000e+01 -2.4475e+00
9.0000e+01 -2.0000e+01 -5.1680e+00
9.0000e+01 -1.0000e+01 -3.9010e+00
9.0000e+01 0.0000e+00 -3.2661e+00
9.0000e+01 1.0000e+01 -4.1186e+00
9.0000e+01 2.0000e+01 -5.3227e+00
9.0000e+01 3.0000e+01 -3.5608e+00
9.0000e+01 4.0000e+01 -2.4950e+00
9.0000e+01 5.0000e+01 -3.7999e+00
9.0000e+01 6.0000e+01 -2.9528e+00
9.0000e+01 7.0000e+01 -4.0724e+00
9.0000e+01 8.0000e+01 -1.3670e+00
9.0000e+01 9.0000e+01 -7.3802e-01
9.0000e+01 1.0000e+02 4.3804e-01
9.0000e+01 1.1000e+02 1.1118e+00
9.0000e+01 1.2000e+02 -1.0401e+00
9.0000e+01 1.3000e+02 -4.9441e+00
9.0000e+01 1.4000e+02 -7.5229e-02
9.0000e+01 1.5000e+02 -6.4005e-01
9.0000e+01 1.6000e+02 7.3043e-01
9.0000e+01 1.7000e+02 -4.0097e-01
9.0000e+01 1.8000e+02 -9.2764e-01
9.0000e+01 1.9000e+02 5.1246e-01
9.0000e+01 2.0000e+02 5.8393e-01
1.0000e+02 -2.0000e+02 -5.7801e-01
1.0000e+02 -1.9000e+02 -9.7836e-01
1.0000e+02 -1.8000e+02 6.6426e-01
1.0000e+02 -1.7000e+02 2.7936e-01
1.0000e+02 -1.6000e+02 -1.7316e-01
1.0000e+02 -1.5000e+02 -4.0450e-01
1.0000e+02 -1.4000e+02 3.6451e-01
1.0000e+02 -1.3000e+02 1.6917e-01
1.0000e+02 -1.2000e+02 -5.5109e-01
1.0000e+02 -1.1000e+02 1.5344e+00
1.0000e+02 -1.0000e+02 -1.7753e-01
1.0000e+02 -9.0000e+01 -1.7305e+00
1.0000e+02 -8.0000e+01 1.0520e+00
1.0000e+02 -7.0000e+01 -2.6565e+00
1.0000e+02 -6.0000e+01 -2.3700e+00
1.0000e+02 -5.0000e+01 -5.4838e+00
1.0000e+02 -4.0000e+01 -3.2783e+00
1.0000e+02 -3.0000e+01 -2.9215e+00
1.0000e+02 -2.0000e+01 -4.1970e+00
1.0000e+02 -1.0000e+01 -3.0345e+00
1.0000e+02 0.0000e+00 -2.9528e+00
1.0000e+02 1.0000e+01 -5.9068e+00
1.0000e+02 2.0000e+01 -1.0984e+00
1.0000e+02 3.0000e+01 -7.4867e+00
1.0000e+02 4.0000e+01 -6.3986e-01
1.0000e+02 5.0000e+01 -1.5061e+00
1.0000e+02 6.0000e+01 -2.1550e+00
1.0000e+02 7.0000e+01 -4.6721e-01
1.0000e+02 8.0000e+01 -4.0563e+00
1.0000e+02 9.0000e+01 -3.2230e+00
1.0000e+02 1.0000e+02 -2.8159e+00
1.0000e+02 1.1000e+02 4.5068e-01
1.0000e+02 1.2000e+02 -2.2442e+00
1.0000e+02 1.3000e+02 -7.1334e-02
1.0000e+02 1.4000e+02 -1.2392e+00
1.0000e+02 1.5000e+02 1.0021e+00
1.0000e+02 1.6000e+02 -1.9570e+00
1.0000e+02 1.7000e+02 3.1119e+00
1.0000e+02 1.8000e+02 9.6732e-01
1.0000e+02 1.9000e+02 -2.0317e+00
1.0000e+02 2.0000e+02 -2.7747e+00
1.1000e+02 -2.0000e+02 -2.5002e+00
1.1000e+02 -1.9000e+02 1.3359e+00
1.1000e+02 -1.8000e+02 -1.4764e+00
1.1000e+02 -1.7000e+02 -1.6603e-02
1.1000e+02 -1.6000e+02 -9.2668e-01
1.1000e+02 -1.5000e+02 1.2936e+00
1.1000e+02 -1.4000e+02 2.4563e+00
1.1000e+02 -1.3000e+02 -5.7442e-01
1.1000e+02 -1.2000e+02 -7.9837e-01
1.1000e+02 -1.1000e+02 3.0586e-01
1.1000e+02 -1.0000e+02 -2.4247e+00
1.1000e+02 -9.0000e+01 -7.5503e-01
1.1000e+02 -8.0000e+01 2.8729e-01
1.1000e+02 -7.0000e+01 -2.0752e+00
1.1000e+02 -6.0000e+01 -1.6983e+00
1.1000e+02 -5.0000e+01 -3.4435e+00
1.1000e+02 -4.0000e+01 -2.5586e+00
1.1000e+02 -3.0000e+01 -4.7050e+00
1.1000e+02 -2.0000e+01 -5.1004e+00
1.1000e+02 -1.0000e+01 -3.6728e+00
1.1000e+02 0.0000e+00 2.0034e-01
1.1000e+02 1.0000e+01 -4.9033e-01
1.1000e+02 2.0000e+01 -1.8574e+00
1.1000e+02 3.0000e+01 -5.0458e-01
1.1000e+02 4.0000e+01 -3.7607e+00
1.1000e+02 5.0000e+01 -1.6321e-01
1.1000e+02 6.0000e+01 -3.6560e+00
1.1000e+02 7.0000e+01 1.2735e+00
1.1000e+02 8.0000e+01 -9.6125e-01
1.1000e+02 9.0000e+01 -1.1550e+00
1.1000e+02 1.0000e+02 -3.4418e+00
1.1000e+02 1.1000e+02 -2.5197e+00
1.1000e+02 1.2000e+02 6.5678e-02
1.1000e+02 1.3000e+02 1.1238e+00
1.1000e+02 1.4000e+02 -6.9432e-01
1.1000e+02 1.5000e+02 -2.0649e-01
1.1000e+02 1.6000e+02 -6.0127e-01
1.1000e+02 1.7000e+02 2.5581e+00
1.1000e+02 1.8000e+02 -6.5347e-01
1.1000e+02 1.9000e+02 -2.2720e+00
1.1000e+02 2.0000e+02 -5.4099e-01
1.2000e+02 -2.0000e+02 -4.2880e-01
1.2000e+02 -1.9000e+02 2.6659e+00
1.2000e+02 -1.8000e+02 -1.8030e+00
1.2000e+02 -1.7000e+02 6.4793e-02
1.2000e+02 -1.6000e+02 6.2189e-01
1.2000e+02 -1.5000e+02 -6.1390e-01
1.2000e+02 -1.4000e+02 -2.5459e+00
1.2000e+02 -1.3000e+02 -2.4591e+00
1.2000e+02 -1.2000e+02 -2.5236e-01
1.2000e+02 -1.1000e+02 1.6069e+00
1.2000e+02 -1.0000e+02 2.7377e+00
1.2000e+02 -9.0000e+01 -2.8175e+00
1.2000e+02 -8.0000e+01 -2.1956e+00
1.2000e+02 -7.0000e+01 -2.7538e+00
1.2000e+02 -6.0000e+01 -1.6307e+00
1.2000e+02 -5.0000e+01 2.0075e+00
1.2000e+02 -4.0000e+01 -1.2051e+00
1.2000e+02 -3.0000e+01 -3.4155e+00
1.2000e+02 -2.0000e+01 -1.9357e+00
1.2000e+02 -1.0000e+01 -1.7192e+00
1.2000e+02 0.0000e+00 2.4410e-01
1.2000e+02 1.0000e+01 -3.4651e+00
1.2000e+02 2.0000e+01 -2.5502e+00
1.2000e+02 3.0000e+01 -2.9241e-01
1.2000e+02 4.0000e+01 -2.1495e+00
1.2000e+02 5.0000e+01 7.1756e-02
1.2000e+02 6.0000e+01 -2.0958e+00
1.2000e+02 7.0000e+01 1.2467e+00
1.2000e+02 8.0000e+01 -2.6268e+00
1.2000e+02 9.0000e+01 -1.1268e-01
1.2000e+02 1.0000e+02 -2.5893e+00
1.2000e+02 1.1000e+02 2.0490e+00
1.2000e+02 1.2000e+02 3.9485e-01
1.2000e+02 1.3000e+02 -9.8157e-01
1.2000e+02 1.4000e+02 1.2979e+00
1.2000e+02 1.5000e+02 -5.7417e-01
1.2000e+02 1.6000e+02 -2.0919e+00
1.2000e+02 1.7000e+02 3.8036e-01
1.2000e+02 1.8000e+02 -1.5891e+00
1.2000e+02 1.9000e+02 3.2967e+00
1.2000e+02 2.0000e+02 -5.1155e-01
1.3000e+02 -2.0000e+02 -6.8794e-01
1.3000e+02 -1.9000e+02 -1.0881e+00
1.3000e+02 -1.8000e+02 1.0215e+00
1.3000e+02 -1.7000e+02 1.3472e+00
1.3000e+02 -1.6000e+02 -1.7849e-01
1.3000e+02 -1.5000e+02 1.5232e+00
1.3000e+02 -1.4000e+02 1.5365e+00
1.3000e+02 -1.3000e+02 -1.3979e-01
1.3000e+02 -1.2000e+02 2.6412e-02
1.3000e+02 -1.1000e+02 -1.2540e-01
1.3000e+02 -1.0000e+02 1.2455e+00
1.3000e+02 -9.0000e+01 -1.0665e+00
1.3000e+02 -8.0000e+01 8.0909e-02
1.3000e+02 -7.0000e+01 5.7117e-01
1.3000e+02 -6.0000e+01 -7.2989e-01
1.3000e+02 -5.0000e+01 -8.2638e-01
1.3000e+02 -4.0000e+01 -1.0619e+00
1.3000e+02 -3.0000e+01 -2.1938e+00
1.3000e+02 -2.0000e+01 -1.8364e+00
1.3000e+02 -1.0000e+01 -5.2686e-01
1.3000e+02 0.0000e+00 -1.1129e+00
1.3000e+02 1.0000e+01 8.8373e-01
1.3000e+02 2.0000e+01 -4.5071e-01
1.3000e+02 3.0000e+01 9.2020e-01
1.3000e+02 4.0000e+01 -2.9510e+00
1.3000e+02 5.0000e+01 -5.5631e-02
1.3000e+02 6.0000e+01 -2.1820e+00
1.3000e+02 7.0000e+01 1.3759e+00
1.3000e+02 8.0000e+01 2.6548e-01
1.3000e+02 9.0000e+01 -1.3366e+00
1.3000e+02 1.0000e+02 -2.7257e-01
1.3000e+02 1.1000e+02 1.6871e+00
1.3000e+02 1.2000e+02 -9.2718e-02
1.3000e+02 1.3000e+02 3.7741e-01
1.3000e+02 1.4000e+02 -1.0150e+00
1.3000e+02 1.5000e+02 1.5757e+00
1.3000e+02 1.6000e+02 -2.4236e-01
1.3000e+02 1.7000e+02 -2.7671e+00
1.3000e+02 1.8000e+02 1.7516e+00
1.3000e+02 1.9000e+02 -1.5715e+00
1.3000e+02 2.0000e+02 5.3187e-01
1.4000e+02 -2.0000e+02 -3.1432e+00
1.4000e+02 -1.9000e+02 2.2796e+00
1.4000e+02 -1.8000e+02 -6.2175e-01
1.4000e+02 -1.7000e+02 3.9481e+00
1.4000e+02 -1.6000e+02 8.0287e-01
1.4000e+02 -1.5000e+02 -4.6651e-01
1.4000e+02 -1.4000e+02 2.6849e-01
1.4000e+02 -1.3000e+02 -1.3112e+00
1.4000e+02 -1.2000e+02 1.2511e-01
1.4000e+02 -1.1000e+02 2.9528e-01
1.4000e+02 -1.0000e+02 1.3411e+00
1.4000e+02 -9.0000e+01 7.2458e-01
1.4000e+02 -8.0000e+01 5.4972e-01
1.4000e+02 -7.0000e+01 1.2632e-01
1.4000e+02 -6.0000e+01 -1.2149e+00
1.4000e+02 -5.0000e+01 -3.7653e+00
1.4000e+02 -4.0000e+01 1.8302e+00
1.4000e+02 -3.0000e+01 -2.4389e+00
1.4000e+02 -2.0000e+01 8.5365e-01
1.4000e+02 -1.0000e+01 1.1647e+00
1.4000e+02 0.0000e+00 -2.4711e-01
1.4000e+02 1.0000e+01 8.7974e-01
1.4000e+02 2.0000e+01 1.2552e+00
1.4000e+02 3.0000e+01 -1.8249e+00
1.4000e+02 4.0000e+01 -3.9247e+00
1.4000e+02 5.0000e+01 -3.6035e-01
1.4000e+02 6.0000e+01 8.1037e-02
1.4000e+02 7.0000e+01 -4.2716e-01
1.4000e+02 8.0000e+01 -1.0436e+00
1.4000e+02 9.0000e+01 2.4738e+00
1.4000e+02 1.0000e+02 -6.8818e-01
1.4000e+02 1.1000e+02 -8.0730e-01
1.4000e+02 1.2000e+02 8.8278e-01
1.4000e+02 1.3000e+02 3.1237e-01
1.4000e+02 1.4000e+02 -9.6492e-02
1.4000e+02 1.5000e+02 1.3390e+00
1.4000e+02 1.6000e+02 6.5966e-01
1.4000e+02 1.7000e+02 2.7175e+00
1.4000e+02 1.8000e+02 -2.9239e-02
1.4000e+02 1.9000e+02 -7.6377e-01
1.4000e+02 2.0000e+02 -7.0921e-01
1.5000e+02 -2.0000e+02 -1.1581e+00
1.5000e+02 -1.9000e+02 1.4747e+00
1.5000e+02 -1.8000e+02 1.1912e+00
1.5000e+02 -1.7000e+02 -8.8456e-01
1.5000e+02 -1.6000e+02 8.9075e-01
1.5000e+02 -1.5000e+02 1.3822e-01
1.5000e+02 -1.4000e+02 -1.3047e+00
1.5000e+02 -1.3000e+02 -4.3262e-01
1.5000e+02 -1.2000e+02 -8.8544e-01
1.5000e+02 -1.1000e+02 -1.5111e+00
1.5000e+02 -1.0000e+02 5.2805e-01
1.5000e+02 -9.0000e+01 1.3554e+00
1.5000e+02 -8.0000e+01 -9.1207e-01
1.5000e+02 -7.0000e+01 -2.0813e+00
1.5000e+02 -6.0000e+01 -2.2585e+00
1.5000e+02 -5.0000e+01 -1.3792e+00
1.5000e+02 -4.0000e+01 -2.4699e+00
1.5000e+02 -3.0000e+01 2.4315e-01
1.5000e+02 -2.0000e+01 -1.3650e+00
1.5000e+02 -1.0000e+01 -1.1216e+00
1.5000e+02 0.0000e+00 -5.1049e+00
1.5000e+02 1.0000e+01 -8.0534e-01
1.5000e+02 2.0000e+01 -1.3221e-02
1.5000e+02 3.0000e+01 -1.5568e+00
1.5000e+02 4.0000e+01 -3.1234e-01
1.5000e+02 5.0000e+01 -2.1378e+00
1.5000e+02 6.0000e+01 8.5151e-02
1.5000e+02 7.0000e+01 1.5014e-01
1.5000e+02 8.0000e+01 -1.4420e-01
1.5000e+02 9.0000e+01 1.6215e+00
1.5000e+02 1.0000e+02 -1.8910e+00
1.5000e+02 1.1000e+02 -1.4238e+00
1.5000e+02 1.2000e+02 -9.1747e-01
1.5000e+02 1.3000e+02 7.8194e-01
1.5000e+02 1.4000e+02 -1.3230e+00
1.5000e+02 1.5000e+02 -1.5394e+00
1.5000e+02 1.6000e+02 -1.4343e+00
1.5000e+02 1.7000e+02 1.2739e+00
1.5000e+02 1.8000e+02 -1.4432e+00
1.5000e+02 1.9000e+02 2.3616e+00
1.5000e+02 2.0000e+02 -3.1985e-01
1.6000e+02 -2.0000e+02 -1.3278e+00
1.6000e+02 -1.9000e+02 -1.4356e+00
1.6000e+02 -1.8000e+02 3.3258e-01
1.6000e+02 -1.7000e+02 2.1807e+00
1.6000e+02 -1.6000e+02 -2.7879e-01
1.6000e+02 -1.5000e+02 -6.7916e-01
1.6000e+02 -1.4000e+02 1.0458e+00
1.6000e+02 -1.3000e+02 6.6713e-01
1.6000e+02 -1.2000e+02 1.1730e+00
1.6000e+02 -1.1000e+02 3.0199e+00
1.6000e+02 -1.0000e+02 -2.3247e+00
1.6000e+02 -9.0000e+01 -1.3334e+00
1.6000e+02 -8.0000e+01 -8.1009e-01
1.6000e+02 -7.0000e+01 -2.1955e+00
1.6000e+02 -6.0000e+01 2.6709e+00
1.6000e+02 -5.0000e+01 6.9178e-01
1.6000e+02 -4.0000e+01 -9.0990e-01
1.6000e+02 -3.0000e+01 -6.1169e-01
1.6000e+02 -2.0000e+01 8.6814e-02
1.6000e+02 -1.0000e+01 4.9715e-01
1.6000e+02 0.0000e+00 1.1624e+00
1.6000e+02 1.0000e+01 1.5435e+00
1.6000e+02 2.0000e+01 -1.6533e+00
1.6000e+02 3.0000e+01 1.9249e+00
1.6000e+02 4.0000e+01 6.2010e-01
1.6000e+02 5.0000e+01 -2.1653e+00
1.6000e+02 6.0000e+01 -1.3953e+00
1.6000e+02 7.0000e+01 2.3265e-01
1.6000e+02 8.0000e+01 2.2603e-01
1.6000e+02 9.0000e+01 -3.2541e+00
1.6000e+02 1.0000e+02 9.3968e-02
1.6000e+02 1.1000e+02 1.9243e-01
1.6000e+02 1.2000e+02 -7.6576e-01
1.6000e+02 1.3000e+02 -1.2815e+00
1.6000e+02 1.4000e+02 -3.0669e-01
1.6000e+02 1.5000e+02 4.2157e-02
1.6000e+02 1.6000e+02 -9.2915e-01
1.6000e+02 1.7000e+02 2.2477e-01
1.6000e+02 1.8000e+02 5.4782e-01
1.6000e+02 1.9000e+02 -5.7599e-01
1.6000e+02 2.0000e+02 1.7024e+00
1.7000e+02 -2.0000e+02 1.5669e+00
1.7000e+02 -1.9000e+02 -2.3335e+00
1.7000e+02 -1.8000e+02 5.6378e-01
1.7000e+02 -1.7000e+02 -1.6985e+00
1.7000e+02 -1.6000e+02 -4.6373e-01
1.7000e+02 -1.5000e+02 -1.9139e+00
1.7000e+02 -1.4000e+02 1.7585e+00
1.7000e+02 -1.3000e+02 3.4812e+00
1.7000e+02 -1.2000e+02 1.5545e+00
1.7000e+02 -1.1000e+02 -1.9876e-01
1.7000e+02 -1.0000e+02 -2.8993e+00
1.7000e+02 -9.0000e+01 2.1874e+00
1.7000e+02 -8.0000e+01 -1.3450e+00
1.7000e+02 -7.0000e+01 -2.4043e+00
1.7000e+02 -6.0000e+01 -7.5502e-02
1.7000e+02 -5.0000e+01 -2.3217e+00
1.7000e+02 -4.0000e+01 1.1526e+00
1.7000e+02 -3.0000e+01 3.0056e-01
1.7000e+02 -2.0000e+01 -1.7195e+00
1.7000e+02 -1.0000e+01 -8.5177e-01
1.7000e+02 0.0000e+00 -2.2191e+00
1.7000e+02 1.0000e+01 3.6644e-01
1.7000e+02 2.0000e+01 -2.0625e+00
1.7000e+02 3.0000e+01 1.3020e+00
1.7000e+02 4.0000e+01 -1.6532e+00
1.7000e+02 5.0000e+01 -2.0491e+00
1.7000e+02 6.0000e+01 1.4080e+00
1.7000e+02 7.0000e+01 1.7856e+00
1.7000e+02 8.0000e+01 3.1069e+00
1.7000e+02 9.0000e+01 -2.0926e+00
1.7000e+02 1.0000e+02 -2.1631e+00
1.7000e+02 1.1000e+02 1.1976e+00
1.7000e+02 1.2000e+02 1.2443e+00
1.7000e+02 1.3000e+02 -1.1899e+00
1.7000e+02 1.4000e+02 4.3134e-01
1.7000e+02 1.5000e+02 -9.2497e-01
1.7000e+02 1.6000e+02 -1.0833e+00
1.7000e+02 1.7000e+02 -2.3957e+00
1.7000e+02 1.8000e+02 1.0177e+00
1.7000e+02 1.9000e+02 -4.2969e-01
1.7000e+02 2.0000e+02 -7.7303e-01
1.8000e+02 -2.0000e+02 -5.7555e-01
1.8000e+02 -1.9000e+02 1.8420e+00
1.8000e+02 -1.8000e+02 9.5552e-01
1.8000e+02 -1.7000e+02 -7.5528e-02
1.8000e+02 -1.6000e+02 -3.5440e-01
1.8000e+02 -1.5000e+02 9.5402e-02
1.8000e+02 -1.4000e+02 2.2808e-01
1.8000e+02 -1.3000e+02 -2.5993e-01
1.8000e+02 -1.2000e+02 -2.6710e+00
1.8000e+02 -1.1000e+02 2.0565e+00
1.8000e+02 -1.0000e+02 5.4566e-01
1.8000e+02 -9.0000e+01 3.7209e-01
1.8000e+02 -8.0000e+01 -3.9936e-01
1.8000e+02 -7.0000e+01 -8.3834e-01
1.8000e+02 -6.0000e+01 -2.0233e+00
1.8000e+02 -5.0000e+01 -1.5219e+00
1.8000e+02 -4.0000e+01 -2.6705e+00
1.8000e+02 -3.0000e+01 -1.1031e+00
1.8000e+02 -2.0000e+01 -1.0519e+00
1.8000e+02 -1.0000e+01 8.3351e-01
1.8000e+02 0.0000e+00 -1.2743e+00
1.8000e+02 1.0000e+01 2.0766e-01
1.8000e+02 2.0000e+01 1.6876e+00
1.8000e+02 3.0000e+01 -9.7599e-01
1.8000e+02 4.0000e+01 1.9615e+00
1.8000e+02 5.0000e+01 -1.3982e+00
1.8000e+02 6.0000e+01 -6.2271e-01
1.8000e+02 7.0000e+01 2.1280e+00
1.8000e+02 8.0000e+01 -3.4372e-01
1.8000e+02 9.0000e+01 1.8771e-01
1.8000e+02 1.0000e+02 1.7384e+00
1.8000e+02 1.1000e+02 -1.7575e+00
1.8000e+02 1.2000e+02 -1.3372e+00
1.8000e+02 1.3000e+02 6.6183e-01
1.8000e+02 1.4000e+02 4.4856e-01
1.8000e+02 1.5000e+02 1.3898e+00
1.8000e+02 1.6000e+02 -3.2584e+00
1.8000e+02 1.7000e+02 3.1619e+00
1.8000e+02 1.8000e+02 9.3349e-01
1.8000e+02 1.9000e+02 1.3972e+00
1.8000e+02 2.0000e+02 -9.2731e-01
1.9000e+02 -2.0000e+02 2.2652e+00
1.9000e+02 -1.9000e+02 2.1555e-01
1.9000e+02 -1.8000e+02 1.0090e+00
1.9000e+02 -1.7000e+02 1.2856e-02
1.9000e+02 -1.6000e+02 1.0920e+00
1.9000e+02 -1.5000e+02 -1.3679e+00
1.9000e+02 -1.4000e+02 -6.0367e-01
1.9000e+02 -1.3000e+02 3.4458e+00
1.9000e+02 -1.2000e+02 3.3736e+00
1.9000e+02 -1.1000e+02 -1.1997e-01
1.9000e+02 -1.0000e+02 -1.0485e+00
1.9000e+02 -9.0000e+01 -2.9596e+00
1.9000e+02 -8.0000e+01 2.6047e-01
1.9000e+02 -7.0000e+01 1.5824e+00
1.9000e+02 -6.0000e+01 1.8606e+00
1.9000e+02 -5.0000e+01 7.6338e-01
1.9000e+02 -4.0000e+01 1.0253e+00
1.9000e+02 -3.0000e+01 -3.1895e+00
1.9000e+02 -2.0000e+01 -5.1178e-01
1.9000e+02 -1.0000e+01 2.0751e+00
1.9000e+02 0.0000e+00 -4.2508e+00
1.9000e+02 1.0000e+01 3.7368e-01
1.9000e+02 2.0000e+01 -1.5353e+00
1.9000e+02 3.0000e+01 -2.5586e-01
1.9000e+02 4.0000e+01 1.0921e+00
1.9000e+02 5.0000e+01 4.1329e-01
1.9000e+02 6.0000e+01 8.3885e-01
1.9000e+02 7.0000e+01 -2.5447e+00
1.9000e+02 8.0000e+01 -2.0174e+00
1.9000e+02 9.0000e+01 2.4917e-03
1.9000e+02 1.0000e+02 -1.4583e+00
1.9000e+02 1.1000e+02 -2.5145e+00
1.9000e+02 1.2000e+02 8.0419e-01
1.9000e+02 1.3000e+02 -1.4009e+00
1.9000e+02 1.4000e+02 -1.8161e+00
1.9000e+02 1.5000e+02 -2.4432e+00
1.9000e+02 1.6000e+02 7.1818e-01
1.9000e+02 1.7000e+02 -2.5476e-01
1.9000e+02 1.8000e+02 3.2579e+00
1.9000e+02 1.9000e+02 7.9410e-01
1.9000e+02 2.0000e+02 -1.4050e-01
2.0000e+02 -2.0000e+02 4.7049e-01
2.0000e+02 -1.9000e+02 -2.6183e-01
2.0000e+02 -1.8000e+02 2.6665e-01
2.0000e+02 -1.7000e+02 -9.7036e-02
2.0000e+02 -1.6000e+02 -2.4162e+00
2.0000e+02 -1.5000e+02 -1.4592e+00
2.0000e+02 -1.4000e+02 1.3623e+00
2.0000e+02 -1.3000e+02 -1.1108e+00
2.0000e+02 -1.2000e+02 3.9980e-01
2.0000e+02 -1.1000e+02 6.8941e-01
2.0000e+02 -1.0000e+02 7.2344e-01
2.0000e+02 -9.0000e+01 1.3046e-01
2.0000e+02 -8.0000e+01 -2.5858e+00
2.0000e+02 -7.0000e+01 4.2115e+00
2.0000e+02 -6.0000e+01 -2.0341e+00
2.0000e+02 -5.0000e+01 -4.1807e-01
2.0000e+02 -4.0000e+01 4.6665e-01
2.0000e+02 -3.0000e+01 1.3391e+00
2.0000e+02 -2.0000e+01 6.5726e-01
2.0000e+02 -1.0000e+01 5.1012e-01
2.0000e+02 0.0000e+00 -6.6689e-02
2.0000e+02 1.0000e+01 5.2998e-02
2.0000e+02 2.0000e+01 -3.9395e-01
2.0000e+02 3.0000e+01 8.1383e-01
2.0000e+02 4.0000e+01 -4.4933e-01
2.0000e+02 5.0000e+01 2.5861e-01
2.0000e+02 6.0000e+01 1.0581e+00
2.0000e+02 7.0000e+01 -1.5878e+00
2.0000e+02 8.0000e+01 7.2820e-01
2.0000e+02 9.0000e+01 1.4457e+00
2.0000e+02 1.0000e+02 -8.2058e-02
2.0000e+02 1.1000e+02 1.9537e+00
2.0000e+02 1.2000e+02 8.8643e-01
2.0000e+02 1.3000e+02 1.0471e+00
2.0000e+02 1.4000e+02 1.1730e+00
2.0000e+02 1.5000e+02 -1.0587e+00
2.0000e+02 1.6000e+02 2.4388e+00
2.0000e+02 1.7000e+02 1.6768e+00
2.0000e+02 1.8000e+02 4.8734e-02
2.0000e+02 1.9000e+02 1.2360e+00
2.0000e+02 2.0000e+02 -2.3136e+00
