-2.0000e+02 -2.0000e+02 -2.1560e+00
-2.0000e+02 -1.9000e+02 -6.9163e-01
-2.0000e+02 -1.8000e+02 7.7186e-01
-2.0000e+02 -1.7000e+02 -1.9419e+00
-2.0000e+02 -1.6000e+02 -8.6609e-01
-2.0000e+02 -1.5000e+02 -2.1855e+00
-2.0000e+02 -1.4000e+02 2.6626e+00
-2.0000e+02 -1.3000e+02 4.8828e-01
-2.0000e+02 -1.2000e+02 -5.2664e-01
-2.0000e+02 -1.1000e+02 -9.2032e-01
-2.0000e+02 -1.0000e+02 1.8738e+00
-2.0000e+02 -9.0000e+01 -1.5407e+00
-2.0000e+02 -8.0000e+01 -2.5762e+00
-2.0000e+02 -7.0000e+01 5.3399e-01
-2.0000e+02 -6.0000e+01 1.2685e+00
-2.0000e+02 -5.0000e+01 -7.5895e-01
-2.0000e+02 -4.0000e+01 6.7810e-01
-2.0000e+02 -3.0000e+01 -9.3104e-03
-2.0000e+02 -2.0000e+01 1.7629e+00
-2.0000e+02 -1.0000e+01 -4.1146e-01
-2.0000e+02 0.0000e+00 1.8295e+00
-2.0000e+02 1.0000e+01 8.2004e-01
-2.0000e+02 2.0000e+01 -5.8624e-01
-2.0000e+02 3.0000e+01 -7.4977e-01
-2.0000e+02 4.0000e+01 9.0574e-01
-2.0000e+02 5.0000e+01 2.1875e+00
-2.0000e+02 6.0000e+01 1.2290e+00
-2.0000e+02 7.0000e+01 -3.0966e-01
-2.0000e+02 8.0000e+01 -2.3493e+00
-2.0000e+02 9.0000e+01 1.2082e-01
-2.0000e+02 1.0000e+02 2.5129e-01
-2.0000e+02 1.1000e+02 -6.6132e-01
-2.0000e+02 1.2000e+02 3.3780e+00
-2.0000e+02 1.3000e+02 1.1395e+00
-2.0000e+02 1.4000e+02 -1.4715e+00
-2.0000e+02 1.5000e+02 2.0358e-01
-2.0000e+02 1.6000e+02 -5.0049e-01
-2.0000e+02 1.7000e+02 3.0652e+00
-2.0000e+02 1.8000e+02 -2.9709e+00
-2.0000e+02 1.9000e+02 -2.1048e+00
-2.0000e+02 2.0000e+02 1.0471e-01
-1.9000e+02 -2.0000e+02 -7.1654e-01
-1.9000e+02 -1.9000e+02 -3.2048e-01
-1.9000e+02 -1.8000e+02 2.2170e+00
-1.9000e+02 -1.7000e+02 1.9705e-01
-1.9000e+02 -1.6000e+02 1.4668e-01
-1.9000e+02 -1.5000e+02 -2.2497e+00
-1.9000e+02 -1.4000e+02 -1.1236e+00
-1.9000e+02 -1.3000e+02 -9.2335e-01
-1.9000e+02 -1.2000e+02 3.3248e+00
-1.9000e+02 -1.1000e+02 1.8521e+00
-1.9000e+02 -1.0000e+02 -8.3799e-01
-1.9000e+02 -9.0000e+01 -5.1799e-01
-1.9000e+02 -8.0000e+01 -2.3507e+00
-1.9000e+02 -7.0000e+01 -1.1064e+00
-1.9000e+02 -6.0000e+01 -2.6984e+00
-1.9000e+02 -5.0000e+01 -7.4790e-01
-1.9000e+02 -4.0000e+01 5.7019e-01
-1.9000e+02 -3.0000e+01 1.7679e+00
-1.9000e+02 -2.0000e+01 -1.3188e+00
-1.9000e+02 -1.0000e+01 -2.0151e+00
-1.9000e+02 0.0000e+00 -1.5701e+00
-1.9000e+02 1.0000e+01 -1.1415e+00
-1.9000e+02 2.0000e+01 -1.1637e+00
-1.9000e+02 3.0000e+01 2.5102e-01
-1.9000e+02 4.0000e+01 -1.0521e+00
-1.9000e+02 5.0000e+01 -5.2523e-01
-1.9000e+02 6.0000e+01 -2.6356e+00
-1.9000e+02 7.0000e+01 -4.0530e-01
-1.9000e+02 8.0000e+01 -2.4449e-01
-1.9000e+02 9.0000e+01 -1.6155e+00
-1.9000e+02 1.0000e+02 1.0767e+00
-1.9000e+02 1.1000e+02 6.0943e-02
-1.9000e+02 1.2000e+02 1.3498e-01
-1.9000e+02 1.3000e+02 -8.9639e-01
-1.9000e+02 1.4000e+02 -5.8059e-01
-1.9000e+02 1.5000e+02 -2.9915e-01
-1.9000e+02 1.6000e+02 -9.8078e-01
-1.9000e+02 1.7000e+02 2.9796e+00
-1.9000e+02 1.8000e+02 -1.0281e+00
-1.9000e+02 1.9000e+02 2.0779e+00
-1.9000e+02 2.0000e+02 -2.3013e+00
-1.8000e+02 -2.0000e+02 2.3880e+00
-1.8000e+02 -1.9000e+02 -5.7721e-01
-1.8000e+02 -1.8000e+02 3.7388e+00
-1.8000e+02 -1.7000e+02 1.0321e+00
-1.8000e+02 -1.6000e+02 -1.2186e+00
-1.8000e+02 -1.5000e+02 1.4425e+00
-1.8000e+02 -1.4000e+02 -9.4539e-01
-1.8000e+02 -1.3000e+02 1.8971e+00
-1.8000e+02 -1.2000e+02 -6.1678e-02
-1.8000e+02 -1.1000e+02 2.0533e-01
-1.8000e+02 -1.0000e+02 -4.4491e-01
-1.8000e+02 -9.0000e+01 2.5743e-01
-1.8000e+02 -8.0000e+01 -2.6199e+00
-1.8000e+02 -7.0000e+01 7.5858e-01
-1.8000e+02 -6.0000e+01 2.4189e-01
-1.8000e+02 -5.0000e+01 -1.1797e+00
-1.8000e+02 -4.0000e+01 -3.4245e+00
-1.8000e+02 -3.0000e+01 -2.4447e+00
-1.8000e+02 -2.0000e+01 4.9088e-01
-1.8000e+02 -1.0000e+01 -1.4495e+00
-1.8000e+02 0.0000e+00 2.5544e+00
-1.8000e+02 1.0000e+01 1.2106e+00
-1.8000e+02 2.0000e+01 1.3656e+00
-1.8000e+02 3.0000e+01 2.2805e-01
-1.8000e+02 4.0000e+01 -4.2950e-01
-1.8000e+02 5.0000e+01 2.8289e+00
-1.8000e+02 6.0000e+01 1.5713e+00
-1.8000e+02 7.0000e+01 2.3643e+00
-1.8000e+02 8.0000e+01 2.4628e+00
-1.8000e+02 9.0000e+01 2.3093e+00
-1.8000e+02 1.0000e+02 3.7341e+00
-1.8000e+02 1.1000e+02 -8.3955e-01
-1.8000e+02 1.2000e+02 1.8813e-01
-1.8000e+02 1.3000e+02 -6.4761e-01
-1.8000e+02 1.4000e+02 4.1679e+00
-1.8000e+02 1.5000e+02 -9.8468e-02
-1.8000e+02 1.6000e+02 -1.7884e+00
-1.8000e+02 1.7000e+02 5.9937e-01
-1.8000e+02 1.8000e+02 1.9325e+00
-1.8000e+02 1.9000e+02 -1.9871e+00
-1.8000e+02 2.0000e+02 3.0257e-02
-1.7000e+02 -2.0000e+02 3.4473e-01
-1.7000e+02 -1.9000e+02 4.6551e-01
-1.7000e+02 -1.8000e+02 -1.9531e+00
-1.7000e+02 -1.7000e+02 -7.6916e-01
-1.7000e+02 -1.6000e+02 5.3546e-01
-1.7000e+02 -1.5000e+02 1.3286e+00
-1.7000e+02 -1.4000e+02 -9.0202e-01
-1.7000e+02 -1.3000e+02 9.7229e-01
-1.7000e+02 -1.2000e+02 4.6323e-02
-1.7000e+02 -1.1000e+02 -2.3300e+00
-1.7000e+02 -1.0000e+02 -1.1246e+00
-1.7000e+02 -9.0000e+01 -1.3774e+00
-1.7000e+02 -8.0000e+01 7.3847e-01
-1.7000e+02 -7.0000e+01 1.0372e+00
-1.7000e+02 -6.0000e+01 -2.7203e+00
-1.7000e+02 -5.0000e+01 -6.0850e-01
-1.7000e+02 -4.0000e+01 4.7697e-01
-1.7000e+02 -3.0000e+01 -4.0338e-01
-1.7000e+02 -2.0000e+01 -2.8051e+00
-1.7000e+02 -1.0000e+01 -6.0514e-01
-1.7000e+02 0.0000e+00 1.4617e+00
-1.7000e+02 1.0000e+01 2.8800e-01
-1.7000e+02 2.0000e+01 -2.4654e+00
-1.7000e+02 3.0000e+01 1.3194e-01
-1.7000e+02 4.0000e+01 1.1095e+00
-1.7000e+02 5.0000e+01 7.9543e-01
-1.7000e+02 6.0000e+01 -1.5524e+00
-1.7000e+02 7.0000e+01 -4.5070e-01
-1.7000e+02 8.0000e+01 2.7197e+00
-1.7000e+02 9.0000e+01 8.5669e-01
-1.7000e+02 1.0000e+02 -1.0604e-01
-1.7000e+02 1.1000e+02 8.3198e-01
-1.7000e+02 1.2000e+02 1.0886e+00
-1.7000e+02 1.3000e+02 2.5490e+00
-1.7000e+02 1.4000e+02 2.4110e+00
-1.7000e+02 1.5000e+02 -6.1269e-01
-1.7000e+02 1.6000e+02 -7.3330e-01
-1.7000e+02 1.7000e+02 1.4466e+00
-1.7000e+02 1.8000e+02 4.6995e-01
-1.7000e+02 1.9000e+02 -2.6705e+00
-1.7000e+02 2.0000e+02 1.6993e+00
-1.6000e+02 -2.0000e+02 -7.4170e-01
-1.6000e+02 -1.9000e+02 3.8907e-01
-1.6000e+02 -1.8000e+02 -2.0083e+00
-1.6000e+02 -1.7000e+02 5.8357e-01
-1.6000e+02 -1.6000e+02 -9.1135e-01
-1.6000e+02 -1.5000e+02 -2.0903e+00
-1.6000e+02 -1.4000e+02 -9.9865e-01
-1.6000e+02 -1.3000e+02 1.4319e+00
-1.6000e+02 -1.2000e+02 2.2704e+00
-1.6000e+02 -1.1000e+02 1.7126e+00
-1.6000e+02 -1.0000e+02 9.8821e-01
-1.6000e+02 -9.0000e+01 2.0841e-01
-1.6000e+02 -8.0000e+01 2.9049e-01
-1.6000e+02 -7.0000e+01 6.3561e-02
-1.6000e+02 -6.0000e+01 -3.6831e-01
-1.6000e+02 -5.0000e+01 2.3601e+00
-1.6000e+02 -4.0000e+01 -2.2521e+00
-1.6000e+02 -3.0000e+01 -8.3956e-01
-1.6000e+02 -2.0000e+01 1.7252e+00
-1.6000e+02 -1.0000e+01 3.9624e-01
-1.6000e+02 0.0000e+00 1.3922e-01
-1.6000e+02 1.0000e+01 -1.8983e+00
-1.6000e+02 2.0000e+01 2.7922e-01
-1.6000e+02 3.0000e+01 2.2031e+00
-1.6000e+02 4.0000e+01 -3.1548e+00
-1.6000e+02 5.0000e+01 -2.6429e+00
-1.6000e+02 6.0000e+01 -1.0596e+00
-1.6000e+02 7.0000e+01 2.5740e+00
-1.6000e+02 8.0000e+01 -1.6927e+00
-1.6000e+02 9.0000e+01 4.8438e-01
-1.6000e+02 1.0000e+02 1.5317e-01
-1.6000e+02 1.1000e+02 -4.3030e-01
-1.6000e+02 1.2000e+02 -3.7015e-01
-1.6000e+02 1.3000e+02 8.5860e-01
-1.6000e+02 1.4000e+02 -1.4284e+00
-1.6000e+02 1.5000e+02 3.2552e+00
-1.6000e+02 1.6000e+02 -8.3005e-01
-1.6000e+02 1.7000e+02 7.4147e-01
-1.6000e+02 1.8000e+02 -4.8044e-01
-1.6000e+02 1.9000e+02 1.0933e+00
-1.6000e+02 2.0000e+02 1.7946e-01
-1.5000e+02 -2.0000e+02 -8.9725e-01
-1.5000e+02 -1.9000e+02 -6.2249e-01
-1.5000e+02 -1.8000e+02 -1.7090e+00
-1.5000e+02 -1.7000e+02 -3.5421e-01
-1.5000e+02 -1.6000e+02 -9.9727e-01
-1.5000e+02 -1.5000e+02 -9.3032e-01
-1.5000e+02 -1.4000e+02 -2.1061e+00
-1.5000e+02 -1.3000e+02 -1.1701e+00
-1.5000e+02 -1.2000e+02 2.4683e-01
-1.5000e+02 -1.1000e+02 -2.2434e+00
-1.5000e+02 -1.0000e+02 -1.2005e+00
-1.5000e+02 -9.0000e+01 -6.1069e-01
-1.5000e+02 -8.0000e+01 4.4829e-01
-1.5000e+02 -7.0000e+01 -2.5005e+00
-1.5000e+02 -6.0000e+01 -6.7217e-03
-1.5000e+02 -5.0000e+01 4.1979e-01
-1.5000e+02 -4.0000e+01 4.1823e-01
-1.5000e+02 -3.0000e+01 2.5416e+00
-1.5000e+02 -2.0000e+01 6.8714e-01
-1.5000e+02 -1.0000e+01 -1.5443e+00
-1.5000e+02 0.0000e+00 -1.1293e+00
-1.5000e+02 1.0000e+01 -1.3605e+00
-1.5000e+02 2.0000e+01 6.7175e-01
-1.5000e+02 3.0000e+01 -4.1548e-01
-1.5000e+02 4.0000e+01 -1.0994e-01
-1.5000e+02 5.0000e+01 -6.3248e-01
-1.5000e+02 6.0000e+01 -1.2854e+00
-1.5000e+02 7.0000e+01 -6.8223e-01
-1.5000e+02 8.0000e+01 -1.7112e-01
-1.5000e+02 9.0000e+01 -9.7453e-01
-1.5000e+02 1.0000e+02 -3.4893e-01
-1.5000e+02 1.1000e+02 -2.4055e+00
-1.5000e+02 1.2000e+02 -2.0215e+00
-1.5000e+02 1.3000e+02 1.5273e+00
-1.5000e+02 1.4000e+02 -1.5212e+00
-1.5000e+02 1.5000e+02 -5.7378e-01
-1.5000e+02 1.6000e+02 -1.2432e+00
-1.5000e+02 1.7000e+02 -7.8865e-01
-1.5000e+02 1.8000e+02 -1.2636e+00
-1.5000e+02 1.9000e+02 -3.0481e+00
-1.5000e+02 2.0000e+02 2.1271e+00
-1.4000e+02 -2.0000e+02 1.8888e-01
-1.4000e+02 -1.9000e+02 -2.6185e+00
-1.4000e+02 -1.8000e+02 -1.1290e+00
-1.4000e+02 -1.7000e+02 -2.5363e+00
-1.4000e+02 -1.6000e+02 4.5466e-01
-1.4000e+02 -1.5000e+02 -6.1618e-01
-1.4000e+02 -1.4000e+02 -1.3716e+00
-1.4000e+02 -1.3000e+02 5.9440e-01
-1.4000e+02 -1.2000e+02 -1.0499e+00
-1.4000e+02 -1.1000e+02 -8.1994e-01
-1.4000e+02 -1.0000e+02 -3.3328e-01
-1.4000e+02 -9.0000e+01 -1.1725e+00
-1.4000e+02 -8.0000e+01 -1.4410e+00
-1.4000e+02 -7.0000e+01 -1.9027e+00
-1.4000e+02 -6.0000e+01 4.9710e-01
-1.4000e+02 -5.0000e+01 2.2005e-01
-1.4000e+02 -4.0000e+01 -1.0741e+00
-1.4000e+02 -3.0000e+01 -3.3068e+00
-1.4000e+02 -2.0000e+01 4.3346e-01
-1.4000e+02 -1.0000e+01 1.1559e+00
-1.4000e+02 0.0000e+00 -1.4742e+00
-1.4000e+02 1.0000e+01 -1.6826e+00
-1.4000e+02 2.0000e+01 -1.6049e+00
-1.4000e+02 3.0000e+01 -1.8181e+00
-1.4000e+02 4.0000e+01 -1.6153e+00
-1.4000e+02 5.0000e+01 -1.4025e-01
-1.4000e+02 6.0000e+01 6.3501e-01
-1.4000e+02 7.0000e+01 -1.1462e+00
-1.4000e+02 8.0000e+01 -1.0252e+00
-1.4000e+02 9.0000e+01 2.5378e-01
-1.4000e+02 1.0000e+02 -1.9267e-01
-1.4000e+02 1.1000e+02 1.3330e+00
-1.4000e+02 1.2000e+02 2.0530e+00
-1.4000e+02 1.3000e+02 -1.0995e+00
-1.4000e+02 1.4000e+02 -2.5421e-01
-1.4000e+02 1.5000e+02 1.3657e+00
-1.4000e+02 1.6000e+02 -1.9713e-02
-1.4000e+02 1.7000e+02 -1.6476e-01
-1.4000e+02 1.8000e+02 3.4069e+00
-1.4000e+02 1.9000e+02 -2.6731e+00
-1.4000e+02 2.0000e+02 8.2386e-01
-1.3000e+02 -2.0000e+02 -9.2453e-01
-1.3000e+02 -1.9000e+02 9.8102e-01
-1.3000e+02 -1.8000e+02 -6.6176e-02
-1.3000e+02 -1.7000e+02 -4.2716e-01
-1.3000e+02 -1.6000e+02 -1.3544e-01
-1.3000e+02 -1.5000e+02 2.4449e+00
-1.3000e+02 -1.4000e+02 -1.0881e+00
-1.3000e+02 -1.3000e+02 1.1055e+00
-1.3000e+02 -1.2000e+02 1.4382e-01
-1.3000e+02 -1.1000e+02 2.7197e+00
-1.3000e+02 -1.0000e+02 -1.6048e+00
-1.3000e+02 -9.0000e+01 1.7889e-01
-1.3000e+02 -8.0000e+01 -4.3431e-01
-1.3000e+02 -7.0000e+01 -2.3394e+00
-1.3000e+02 -6.0000e+01 1.9757e+00
-1.3000e+02 -5.0000e+01 -1.1055e+00
-1.3000e+02 -4.0000e+01 -1.8701e+00
-1.3000e+02 -3.0000e+01 -1.9452e+00
-1.3000e+02 -2.0000e+01 3.1375e-01
-1.3000e+02 -1.0000e+01 -1.2189e+00
-1.3000e+02 0.0000e+00 -1.1932e+00
-1.3000e+02 1.0000e+01 1.8897e+00
-1.3000e+02 2.0000e+01 -4.4821e+00
-1.3000e+02 3.0000e+01 6.1015e-01
-1.3000e+02 4.0000e+01 -5.9841e-01
-1.3000e+02 5.0000e+01 9.4532e-01
-1.3000e+02 6.0000e+01 2.0396e+00
-1.3000e+02 7.0000e+01 -2.6839e+00
-1.3000e+02 8.0000e+01 -2.6193e+00
-1.3000e+02 9.0000e+01 1.1102e+00
-1.3000e+02 1.0000e+02 -4.6111e-01
-1.3000e+02 1.1000e+02 -2.2160e+00
-1.3000e+02 1.2000e+02 1.7398e+00
-1.3000e+02 1.3000e+02 1.5222e+00
-1.3000e+02 1.4000e+02 -9.0590e-01
-1.3000e+02 1.5000e+02 -2.2348e+00
-1.3000e+02 1.6000e+02 -4.9084e-01
-1.3000e+02 1.7000e+02 8.5797e-01
-1.3000e+02 1.8000e+02 2.0382e-01
-1.3000e+02 1.9000e+02 1.1359e+00
-1.3000e+02 2.0000e+02 2.4344e+00
-1.2000e+02 -2.0000e+02 4.5875e-01
-1.2000e+02 -1.9000e+02 1.5136e+00
-1.2000e+02 -1.8000e+02 1.8621e+00
-1.2000e+02 -1.7000e+02 5.4855e-01
-1.2000e+02 -1.6000e+02 6.0976e-01
-1.2000e+02 -1.5000e+02 1.5070e+00
-1.2000e+02 -1.4000e+02 1.4366e+00
-1.2000e+02 -1.3000e+02 -8.0360e-01
-1.2000e+02 -1.2000e+02 -9.3979e-01
-1.2000e+02 -1.1000e+02 5.3111e-01
-1.2000e+02 -1.0000e+02 6.0664e-01
-1.2000e+02 -9.0000e+01 -3.0512e-01
-1.2000e+02 -8.0000e+01 2.0051e+00
-1.2000e+02 -7.0000e+01 -1.0229e+00
-1.2000e+02 -6.0000e+01 -2.2158e+00
-1.2000e+02 -5.0000e+01 -4.5382e+00
-1.2000e+02 -4.0000e+01 -9.9760e-01
-1.2000e+02 -3.0000e+01 1.9326e-01
-1.2000e+02 -2.0000e+01 -1.6211e+00
-1.2000e+02 -1.0000e+01 -4.3588e-01
-1.2000e+02 0.0000e+00 -1.7517e+00
-1.2000e+02 1.0000e+01 -3.4078e+00
-1.2000e+02 2.0000e+01 -1.8416e+00
-1.2000e+02 3.0000e+01 -3.7296e+00
-1.2000e+02 4.0000e+01 -2.6292e+00
-1.2000e+02 5.0000e+01 -2.2835e+00
-1.2000e+02 6.0000e+01 -1.3047e+00
-1.2000e+02 7.0000e+01 -4.9866e-01
-1.2000e+02 8.0000e+01 -1.1178e+00
-1.2000e+02 9.0000e+01 1.7170e+00
-1.2000e+02 1.0000e+02 -1.6477e+00
-1.2000e+02 1.1000e+02 8.2698e-01
-1.2000e+02 1.2000e+02 2.9825e-03
-1.2000e+02 1.3000e+02 -1.3453e+00
-1.2000e+02 1.4000e+02 -3.9407e+00
-1.2000e+02 1.5000e+02 -1.3786e+00
-1.2000e+02 1.6000e+02 1.9706e+00
-1.2000e+02 1.7000e+02 2.2537e+00
-1.2000e+02 1.8000e+02 6.4124e-01
-1.2000e+02 1.9000e+02 1.1026e+00
-1.2000e+02 2.0000e+02 2.0871e+00
-1.1000e+02 -2.0000e+02 -6.8652e-01
-1.1000e+02 -1.9000e+02 1.9317e-01
-1.1000e+02 -1.8000e+02 -2.8190e+00
-1.1000e+02 -1.7000e+02 -2.1016e+00
-1.1000e+02 -1.6000e+02 6.5928e-02
-1.1000e+02 -1.5000e+02 1.0917e+00
-1.1000e+02 -1.4000e+02 -1.3951e+00
-1.1000e+02 -1.3000e+02 4.8144e+00
-1.1000e+02 -1.2000e+02 -1.1582e+00
-1.1000e+02 -1.1000e+02 -5.0457e-01
-1.1000e+02 -1.0000e+02 1.5116e+00
-1.1000e+02 -9.0000e+01 4.4803e-01
-1.1000e+02 -8.0000e+01 -2.1546e+00
-1.1000e+02 -7.0000e+01 -4.5710e+00
-1.1000e+02 -6.0000e+01 -1.3789e+00
-1.1000e+02 -5.0000e+01 -1.2785e+00
-1.1000e+02 -4.0000e+01 -3.1021e+00
-1.1000e+02 -3.0000e+01 2.3995e+00
-1.1000e+02 -2.0000e+01 -2.4707e+00
-1.1000e+02 -1.0000e+01 -1.3914e+00
-1.1000e+02 0.0000e+00 -5.5859e-01
-1.1000e+02 1.0000e+01 -3.3075e+00
-1.1000e+02 2.0000e+01 -2.8886e+00
-1.1000e+02 3.0000e+01 -1.6450e+00
-1.1000e+02 4.0000e+01 1.9337e-01
-1.1000e+02 5.0000e+01 -2.3173e+00
-1.1000e+02 6.0000e+01 -2.0144e+00
-1.1000e+02 7.0000e+01 -1.3527e+00
-1.1000e+02 8.0000e+01 3.5862e-01
-1.1000e+02 9.0000e+01 1.2988e+00
-1.1000e+02 1.0000e+02 -1.1994e+00
-1.1000e+02 1.1000e+02 -1.1450e+00
-1.1000e+02 1.2000e+02 -2.1437e-01
-1.1000e+02 1.3000e+02 1.6066e-01
-1.1000e+02 1.4000e+02 8.2595e-01
-1.1000e+02 1.5000e+02 4.3562e-01
-1.1000e+02 1.6000e+02 1.0093e+00
-1.1000e+02 1.7000e+02 9.2132e-01
-1.1000e+02 1.8000e+02 2.7216e+00
-1.1000e+02 1.9000e+02 -2.7476e-01
-1.1000e+02 2.0000e+02 -4.2777e-01
-1.0000e+02 -2.0000e+02 -2.5552e-01
-1.0000e+02 -1.9000e+02 -4.2441e-01
-1.0000e+02 -1.8000e+02 1.2884e+00
-1.0000e+02 -1.7000e+02 7.1461e-02
-1.0000e+02 -1.6000e+02 -5.5267e-01
-1.0000e+02 -1.5000e+02 -1.6216e+00
-1.0000e+02 -1.4000e+02 8.0429e-01
-1.0000e+02 -1.3000e+02 -1.5327e+00
-1.0000e+02 -1.2000e+02 -4.8645e-01
-1.0000e+02 -1.1000e+02 -1.6236e+00
-1.0000e+02 -1.0000e+02 -1.5351e+00
-1.0000e+02 -9.0000e+01 9.0459e-02
-1.0000e+02 -8.0000e+01 -1.0781e+00
-1.0000e+02 -7.0000e+01 -3.0073e+00
-1.0000e+02 -6.0000e+01 -1.8168e+00
-1.0000e+02 -5.0000e+01 -2.0765e+00
-1.0000e+02 -4.0000e+01 -1.5386e+00
-1.0000e+02 -3.0000e+01 -3.5654e+00
-1.0000e+02 -2.0000e+01 -1.8269e+00
-1.0000e+02 -1.0000e+01 -2.5995e+00
-1.0000e+02 0.0000e+00 -4.0197e+00
-1.0000e+02 1.0000e+01 -1.3356e+00
-1.0000e+02 2.0000e+01 -5.3188e-01
-1.0000e+02 3.0000e+01 -5.0392e+00
-1.0000e+02 4.0000e+01 -2.2325e+00
-1.0000e+02 5.0000e+01 -1.8590e+00
-1.0000e+02 6.0000e+01 3.7960e-01
-1.0000e+02 7.0000e+01 -2.0677e+00
-1.0000e+02 8.0000e+01 -2.6943e+00
-1.0000e+02 9.0000e+01 -1.2042e+00
-1.0000e+02 1.0000e+02 1.0688e+00
-1.0000e+02 1.1000e+02 -1.6913e+00
-1.0000e+02 1.2000e+02 1.7921e+00
-1.0000e+02 1.3000e+02 -1.1352e+00
-1.0000e+02 1.4000e+02 -8.5058e-01
-1.0000e+02 1.5000e+02 -1.7128e-01
-1.0000e+02 1.6000e+02 -1.8017e+00
-1.0000e+02 1.7000e+02 -2.3015e+00
-1.0000e+02 1.8000e+02 4.9113e-02
-1.0000e+02 1.9000e+02 -5.2522e-01
-1.0000e+02 2.0000e+02 -3.6345e-01
-9.0000e+01 -2.0000e+02 5.8497e-01
-9.0000e+01 -1.9000e+02 9.7766e-01
-9.0000e+01 -1.8000e+02 2.5773e+00
-9.0000e+01 -1.7000e+02 -4.5174e-01
-9.0000e+01 -1.6000e+02 1.0599e+00
-9.0000e+01 -1.5000e+02 -2.7302e+00
-9.0000e+01 -1.4000e+02 -1.6808e+00
-9.0000e+01 -1.3000e+02 -1.1376e+00
-9.0000e+01 -1.2000e+02 -2.6282e+00
-9.0000e+01 -1.1000e+02 -4.1388e+00
-9.0000e+01 -1.0000e+02 2.8893e-01
-9.0000e+01 -9.0000e+01 -3.1055e+00
-9.0000e+01 -8.0000e+01 -1.2369e+00
-9.0000e+01 -7.0000e+01 -3.0094e+00
-9.0000e+01 -6.0000e+01 -3.2923e+00
-9.0000e+01 -5.0000e+01 -3.7340e+00
-9.0000e+01 -4.0000e+01 -3.9603e+00
-9.0000e+01 -3.0000e+01 -3.8330e+00
-9.0000e+01 -2.0000e+01 -2.2957e+00
-9.0000e+01 -1.0000e+01 -2.6598e+00
-9.0000e+01 0.0000e+00 -4.9422e+00
-9.0000e+01 1.0000e+01 -4.0191e+00
-9.0000e+01 2.0000e+01 -4.4911e+00
-9.0000e+01 3.0000e+01 -1.7097e+00
-9.0000e+01 4.0000e+01 -3.3487e+00
-9.0000e+01 5.0000e+01 -3.1559e+00
-9.0000e+01 6.0000e+01 -1.0340e+00
-9.0000e+01 7.0000e+01 3.4061e+00
-9.0000e+01 8.0000e+01 -2.1905e+00
-9.0000e+01 9.0000e+01 -9.7278e-01
-9.0000e+01 1.0000e+02 -2.7925e+00
-9.0000e+01 1.1000e+02 -9.8808e-02
-9.0000e+01 1.2000e+02 2.4900e+00
-9.0000e+01 1.3000e+02 -4.1156e-02
-9.0000e+01 1.4000e+02 4.1918e-01
-9.0000e+01 1.5000e+02 -6.8209e-01
-9.0000e+01 1.6000e+02 1.6324e+00
-9.0000e+01 1.7000e+02 -1.8944e+00
-9.0000e+01 1.8000e+02 -1.5275e+00
-9.0000e+01 1.9000e+02 -1.3835e+00
-9.0000e+01 2.0000e+02 7.7175e-01
-8.0000e+01 -2.0000e+02 -2.6904e-01
-8.0000e+01 -1.9000e+02 -4.8690e-01
-8.0000e+01 -1.8000e+02 1.2124e+00
-8.0000e+01 -1.7000e+02 1.4844e+00
-8.0000e+01 -1.6000e+02 -1.3151e+00
-8.0000e+01 -1.5000e+02 1.9889e+00
-8.0000e+01 -1.4000e+02 1.0246e+00
-8.0000e+01 -1.3000e+02 -5.2637e-01
-8.0000e+01 -1.2000e+02 -1.7213e-01
-8.0000e+01 -1.1000e+02 1.4607e+00
-8.0000e+01 -1.0000e+02 -5.2912e-01
-8.0000e+01 -9.0000e+01 -1.2868e+00
-8.0000e+01 -8.0000e+01 -3.1426e+00
-8.0000e+01 -7.0000e+01 -2.4616e+00
-8.0000e+01 -6.0000e+01 -2.0902e+00
-8.0000e+01 -5.0000e+01 -1.7748e+00
-8.0000e+01 -4.0000e+01 -3.7367e+00
-8.0000e+01 -3.0000e+01 -4.4778e+00
-8.0000e+01 -2.0000e+01 -6.2409e+00
-8.0000e+01 -1.0000e+01 -4.1633e+00
-8.0000e+01 0.0000e+00 -3.7660e+00
-8.0000e+01 1.0000e+01 -4.5330e+00
-8.0000e+01 2.0000e+01 -6.7167e+00
-8.0000e+01 3.0000e+01 -2.6877e+00
-8.0000e+01 4.0000e+01 -5.0748e+00
-8.0000e+01 5.0000e+01 -2.3194e+00
-8.0000e+01 6.0000e+01 -4.4969e+00
-8.0000e+01 7.0000e+01 -3.7024e+00
-8.0000e+01 8.0000e+01 -2.2206e+00
-8.0000e+01 9.0000e+01 -2.4227e+00
-8.0000e+01 1.0000e+02 6.5781e-01
-8.0000e+01 1.1000e+02 -1.6888e-01
-8.0000e+01 1.2000e+02 1.0939e+00
-8.0000e+01 1.3000e+02 -5.1337e-02
-8.0000e+01 1.4000e+02 -3.8945e-01
-8.0000e+01 1.5000e+02 -1.3158e+00
-8.0000e+01 1.6000e+02 -3.1146e-01
-8.0000e+01 1.7000e+02 4.1544e+00
-8.0000e+01 1.8000e+02 -1.8292e-01
-8.0000e+01 1.9000e+02 -8.1852e-02
-8.0000e+01 2.0000e+02 -2.0133e+00
-7.0000e+01 -2.0000e+02 -1.0979e+00
-7.0000e+01 -1.9000e+02 -5.8481e-01
-7.0000e+01 -1.8000e+02 2.1218e+00
-7.0000e+01 -1.7000e+02 9.0643e-01
-7.0000e+01 -1.6000e+02 1.2906e+00
-7.0000e+01 -1.5000e+02 7.2779e-01
-7.0000e+01 -1.4000e+02 2.7012e-01
-7.0000e+01 -1.3000e+02 -4.9988e-01
-7.0000e+01 -1.2000e+02 -1.8185e+00
-7.0000e+01 -1.1000e+02 -3.1230e+00
-7.0000e+01 -1.0000e+02 -8.5159e-01
-7.0000e+01 -9.0000e+01 -1.1746e+00
-7.0000e+01 -8.0000e+01 -5.2185e+00
-7.0000e+01 -7.0000e+01 -2.6482e+00
-7.0000e+01 -6.0000e+01 -8.1220e-01
-7.0000e+01 -5.0000e+01 -5.2990e+00
-7.0000e+01 -4.0000e+01 -5.0120e+00
-7.0000e+01 -3.0000e+01 -8.7903e+00
-7.0000e+01 -2.0000e+01 -5.8701e+00
-7.0000e+01 -1.0000e+01 -6.1327e+00
-7.0000e+01 0.0000e+00 -6.9522e+00
-7.0000e+01 1.0000e+01 -7.5814e+00
-7.0000e+01 2.0000e+01 -8.6965e+00
-7.0000e+01 3.0000e+01 -6.5745e+00
-7.0000e+01 4.0000e+01 -5.5024e+00
-7.0000e+01 5.0000e+01 -5.8916e+00
-7.0000e+01 6.0000e+01 -4.0055e+00
-7.0000e+01 7.0000e+01 -5.9828e+00
-7.0000e+01 8.0000e+01 -3.2708e+00
-7.0000e+01 9.0000e+01 -2.9900e+00
-7.0000e+01 1.0000e+02 1.1004e+00
-7.0000e+01 1.1000e+02 2.2195e-01
-7.0000e+01 1.2000e+02 2.1603e-01
-7.0000e+01 1.3000e+02 -5.2534e-01
-7.0000e+01 1.4000e+02 1.5837e-01
-7.0000e+01 1.5000e+02 -1.0508e+00
-7.0000e+01 1.6000e+02 -3.3229e+00
-7.0000e+01 1.7000e+02 1.9375e+00
-7.0000e+01 1.8000e+02 3.1627e+00
-7.0000e+01 1.9000e+02 1.4232e+00
-7.0000e+01 2.0000e+02 5.4275e-01
-6.0000e+01 -2.0000e+02 5.0811e-02
-6.0000e+01 -1.9000e+02 -1.7795e+00
-6.0000e+01 -1.8000e+02 -7.0591e-01
-6.0000e+01 -1.7000e+02 3.3884e-01
-6.0000e+01 -1.6000e+02 -2.0417e+00
-6.0000e+01 -1.5000e+02 -5.6755e-01
-6.0000e+01 -1.4000e+02 -7.2719e-01
-6.0000e+01 -1.3000e+02 1.3407e+00
-6.0000e+01 -1.2000e+02 -1.8505e+00
-6.0000e+01 -1.1000e+02 -2.7116e+00
-6.0000e+01 -1.0000e+02 -1.6036e+00
-6.0000e+01 -9.0000e+01 -1.5209e+00
-6.0000e+01 -8.0000e+01 -3.5021e+00
-6.0000e+01 -7.0000e+01 -7.0124e+00
-6.0000e+01 -6.0000e+01 -3.5568e+00
-6.0000e+01 -5.0000e+01 -3.5221e+00
-6.0000e+01 -4.0000e+01 -4.8940e+00
-6.0000e+01 -3.0000e+01 -5.4823e+00
-6.0000e+01 -2.0000e+01 -1.0301e+01
-6.0000e+01 -1.0000e+01 -8.1086e+00
-6.0000e+01 0.0000e+00 -5.8559e+00
-6.0000e+01 1.0000e+01 -9.5355e+00
-6.0000e+01 2.0000e+01 -7.6859e+00
-6.0000e+01 3.0000e+01 -7.3619e+00
-6.0000e+01 4.0000e+01 -7.3189e+00
-6.0000e+01 5.0000e+01 -4.0505e+00
-6.0000e+01 6.0000e+01 -2.0127e+00
-6.0000e+01 7.0000e+01 -3.6728e+00
-6.0000e+01 8.0000e+01 -3.7297e+00
-6.0000e+01 9.0000e+01 -2.6106e+00
-6.0000e+01 1.0000e+02 -2.2872e+00
-6.0000e+01 1.1000e+02 -1.9299e+00
-6.0000e+01 1.2000e+02 2.7237e-01
-6.0000e+01 1.3000e+02 -1.9805e+00
-6.0000e+01 1.4000e+02 -1.7358e+00
-6.0000e+01 1.5000e+02 1.6177e+00
-6.0000e+01 1.6000e+02 -9.0285e-01
-6.0000e+01 1.7000e+02 -1.3026e-01
-6.0000e+01 1.8000e+02 1.5966e+00
-6.0000e+01 1.9000e+02 4.0316e-01
-6.0000e+01 2.0000e+02 1.4095e+00
-5.0000e+01 -2.0000e+02 1.7324e+00
-5.0000e+01 -1.9000e+02 1.0350e-01
-5.0000e+01 -1.8000e+02 -4.6207e-01
-5.0000e+01 -1.7000e+02 6.7472e-01
-5.0000e+01 -1.6000e+02 -4.2891e-01
-5.0000e+01 -1.5000e+02 -1.5780e+00
-5.0000e+01 -1.4000e+02 -1.9667e+00
-5.0000e+01 -1.3000e+02 8.0311e-01
-5.0000e+01 -1.2000e+02 -9.9744e-01
-5.0000e+01 -1.1000e+02 -1.2839e+00
-5.0000e+01 -1.0000e+02 -3.3113e-01
-5.0000e+01 -9.0000e+01 -3.9045e+00
-5.0000e+01 -8.0000e+01 -3.7459e+00
-5.0000e+01 -7.0000e+01 -6.3506e+00
-5.0000e+01 -6.0000e+01 -6.5666e+00
-5.0000e+01 -5.0000e+01 -3.9316e+00
-5.0000e+01 -4.0000e+01 -7.6778e+00
-5.0000e+01 -3.0000e+01 -7.9657e+00
-5.0000e+01 -2.0000e+01 -8.6904e+00
-5.0000e+01 -1.0000e+01 -1.1829e+01
-5.0000e+01 0.0000e+00 -9.0360e+00
-5.0000e+01 1.0000e+01 -1.0674e+01
-5.0000e+01 2.0000e+01 -9.7766e+00
-5.0000e+01 3.0000e+01 -9.8857e+00
-5.0000e+01 4.0000e+01 -1.0394e+01
-5.0000e+01 5.0000e+01 -7.7500e+00
-5.0000e+01 6.0000e+01 -6.0784e+00
-5.0000e+01 7.0000e+01 -2.6497e+00
-5.0000e+01 8.0000e+01 -5.2616e+00
-5.0000e+01 9.0000e+01 -4.7274e+00
-5.0000e+01 1.0000e+02 -3.0745e+00
-5.0000e+01 1.1000e+02 -6.2083e-02
-5.0000e+01 1.2000e+02 1.4204e+00
-5.0000e+01 1.3000e+02 -1.1178e+00
-5.0000e+01 1.4000e+02 -6.0860e-01
-5.0000e+01 1.5000e+02 -9.7438e-01
-5.0000e+01 1.6000e+02 -1.4144e+00
-5.0000e+01 1.7000e+02 -1.5856e-01
-5.0000e+01 1.8000e+02 -1.6126e+00
-5.0000e+01 1.9000e+02 -2.1258e-01
-5.0000e+01 2.0000e+02 1.2905e+00
-4.0000e+01 -2.0000e+02 -3.5404e-01
-4.0000e+01 -1.9000e+02 -7.9637e-01
-4.0000e+01 -1.8000e+02 1.0932e+00
-4.0000e+01 -1.7000e+02 -1.8069e+00
-4.0000e+01 -1.6000e+02 -7.3351e-01
-4.0000e+01 -1.5000e+02 1.3438e+00
-4.0000e+01 -1.4000e+02 -5.0111e-01
-4.0000e+01 -1.3000e+02 -1.4533e+00
-4.0000e+01 -1.2000e+02 -5.3117e-01
-4.0000e+01 -1.1000e+02 -1.9591e+00
-4.0000e+01 -1.0000e+02 -2.2394e+00
-4.0000e+01 -9.0000e+01 -3.6671e+00
-4.0000e+01 -8.0000e+01 -2.2705e+00
-4.0000e+01 -7.0000e+01 -6.4687e+00
-4.0000e+01 -6.0000e+01 -3.6739e+00
-4.0000e+01 -5.0000e+01 -6.6735e+00
-4.0000e+01 -4.0000e+01 -1.0467e+01
-4.0000e+01 -3.0000e+01 -1.1089e+01
-4.0000e+01 -2.0000e+01 -9.9669e+00
-4.0000e+01 -1.0000e+01 -1.1472e+01
-4.0000e+01 0.0000e+00 -9.6348e+00
-4.0000e+01 1.0000e+01 -1.1965e+01
-4.0000e+01 2.0000e+01 -8.8294e+00
-4.0000e+01 3.0000e+01 -9.5311e+00
-4.0000e+01 4.0000e+01 -8.5443e+00
-4.0000e+01 5.0000e+01 -8.7817e+00
-4.0000e+01 6.0000e+01 -5.9193e+00
-4.0000e+01 7.0000e+01 -2.5616e+00
-4.0000e+01 8.0000e+01 -5.3128e+00
-4.0000e+01 9.0000e+01 -3.0345e+00
-4.0000e+01 1.0000e+02 -3.2745e-01
-4.0000e+01 1.1000e+02 -3.3685e+00
-4.0000e+01 1.2000e+02 -1.7143e-01
-4.0000e+01 1.3000e+02 5.4713e-01
-4.0000e+01 1.4000e+02 6.0682e-01
-4.0000e+01 1.5000e+02 9.1052e-01
-4.0000e+01 1.6000e+02 2.4715e+00
-4.0000e+01 1.7000e+02 8.8572e-02
-4.0000e+01 1.8000e+02 -3.0067e-03
-4.0000e+01 1.9000e+02 -3.2174e+00
-4.0000e+01 2.0000e+02 1.8228e-01
-3.0000e+01 -2.0000e+02 -1.6871e+00
-3.0000e+01 -1.9000e+02 2.7360e-02
-3.0000e+01 -1.8000e+02 -6.9120e-01
-3.0000e+01 -1.7000e+02 1.8525e+00
-3.0000e+01 -1.6000e+02 -9.2722e-01
-3.0000e+01 -1.5000e+02 2.7363e+00
-3.0000e+01 -1.4000e+02 4.7131e-01
-3.0000e+01 -1.3000e+02 -3.4297e-01
-3.0000e+01 -1.2000e+02 -2.6870e-01
-3.0000e+01 -1.1000e+02 -2.0441e+00
-3.0000e+01 -1.0000e+02 -1.9594e+00
-3.0000e+01 -9.0000e+01 -3.7745e+00
-3.0000e+01 -8.0000e+01 -4.7781e+00
-3.0000e+01 -7.0000e+01 -7.6480e+00
-3.0000e+01 -6.0000e+01 -8.8538e+00
-3.0000e+01 -5.0000e+01 -8.2543e+00
-3.0000e+01 -4.0000e+01 -8.8611e+00
-3.0000e+01 -3.0000e+01 -1.1624e+01
-3.0000e+01 -2.0000e+01 -1.0109e+01
-3.0000e+01 -1.0000e+01 -1.2476e+01
-3.0000e+01 0.0000e+00 -1.2951e+01
-3.0000e+01 1.0000e+01 -1.2561e+01
-3.0000e+01 2.0000e+01 -1.1934e+01
-3.0000e+01 3.0000e+01 -8.7090e+00
-3.0000e+01 4.0000e+01 -8.4365e+00
-3.0000e+01 5.0000e+01 -9.4104e+00
-3.0000e+01 6.0000e+01 -9.9540e+00
-3.0000e+01 7.0000e+01 -6.9996e+00
-3.0000e+01 8.0000e+01 -3.2290e+00
-3.0000e+01 9.0000e+01 -3.7630e+00
-3.0000e+01 1.0000e+02 -3.4621e+00
-3.0000e+01 1.1000e+02 -1.3461e+00
-3.0000e+01 1.2000e+02 -4.2340e+00
-3.0000e+01 1.3000e+02 1.0008e+00
-3.0000e+01 1.4000e+02 -9.6250e-01
-3.0000e+01 1.5000e+02 3.9467e-01
-3.0000e+01 1.6000e+02 1.9742e+00
-3.0000e+01 1.7000e+02 -7.5042e-01
-3.0000e+01 1.8000e+02 2.2517e+00
-3.0000e+01 1.9000e+02 -2.1541e+00
-3.0000e+01 2.0000e+02 1.3865e+00
-2.0000e+01 -2.0000e+02 -9.4222e-01
-2.0000e+01 -1.9000e+02 1.2633e+00
-2.0000e+01 -1.8000e+02 -1.2828e+00
-2.0000e+01 -1.7000e+02 -9.7295e-01
-2.0000e+01 -1.6000e+02 -1.6004e+00
-2.0000e+01 -1.5000e+02 -1.5825e+00
-2.0000e+01 -1.4000e+02 -1.3841e+00
-2.0000e+01 -1.3000e+02 5.5689e-01
-2.0000e+01 -1.2000e+02 -2.3009e+00
-2.0000e+01 -1.1000e+02 -2.9022e+00
-2.0000e+01 -1.0000e+02 -4.5229e+00
-2.0000e+01 -9.0000e+01 -2.0546e+00
-2.0000e+01 -8.0000e+01 -5.5337e+00
-2.0000e+01 -7.0000e+01 -7.1357e+00
-2.0000e+01 -6.0000e+01 -8.3738e+00
-2.0000e+01 -5.0000e+01 -1.0101e+01
-2.0000e+01 -4.0000e+01 -1.1708e+01
-2.0000e+01 -3.0000e+01 -1.1152e+01
-2.0000e+01 -2.0000e+01 -1.1606e+01
-2.0000e+01 -1.0000e+01 -1.5373e+01
-2.0000e+01 0.0000e+00 -1.2484e+01
-2.0000e+01 1.0000e+01 -1.3508e+01
-2.0000e+01 2.0000e+01 -1.3451e+01
-2.0000e+01 3.0000e+01 -1.2710e+01
-2.0000e+01 4.0000e+01 -1.0064e+01
-2.0000e+01 5.0000e+01 -1.0530e+01
-2.0000e+01 6.0000e+01 -8.0144e+00
-2.0000e+01 7.0000e+01 -4.5849e+00
-2.0000e+01 8.0000e+01 -2.5709e+00
-2.0000e+01 9.0000e+01 -3.4147e+00
-2.0000e+01 1.0000e+02 -1.4480e+00
-2.0000e+01 1.1000e+02 -3.1765e+00
-2.0000e+01 1.2000e+02 -2.2815e+00
-2.0000e+01 1.3000e+02 -1.3346e+00
-2.0000e+01 1.4000e+02 3.0684e+00
-2.0000e+01 1.5000e+02 5.5656e-01
-2.0000e+01 1.6000e+02 1.1521e+00
-2.0000e+01 1.7000e+02 3.6401e-01
-2.0000e+01 1.8000e+02 1.6752e+00
-2.0000e+01 1.9000e+02 -1.6592e+00
-2.0000e+01 2.0000e+02 2.3053e-01
-1.0000e+01 -2.0000e+02 -4.3266e-01
-1.0000e+01 -1.9000e+02 3.2988e+00
-1.0000e+01 -1.8000e+02 -9.4733e-01
-1.0000e+01 -1.7000e+02 -9.1918e-01
-1.0000e+01 -1.6000e+02 -4.3464e-01
-1.0000e+01 -1.5000e+02 -1.0290e+00
-1.0000e+01 -1.4000e+02 -1.5340e+00
-1.0000e+01 -1.3000e+02 -4.8809e+00
-1.0000e+01 -1.2000e+02 -4.4326e-01
-1.0000e+01 -1.1000e+02 5.6833e-01
-1.0000e+01 -1.0000e+02 -1.8773e+00
-1.0000e+01 -9.0000e+01 -4.5597e+00
-1.0000e+01 -8.0000e+01 -9.5686e+00
-1.0000e+01 -7.0000e+01 -9.4015e+00
-1.0000e+01 -6.0000e+01 -1.0361e+01
-1.0000e+01 -5.0000e+01 -1.0304e+01
-1.0000e+01 -4.0000e+01 -1.0386e+01
-1.0000e+01 -3.0000e+01 -9.6225e+00
-1.0000e+01 -2.0000e+01 -1.3214e+01
-1.0000e+01 -1.0000e+01 -1.3692e+01
-1.0000e+01 0.0000e+00 -1.4029e+01
-1.0000e+01 1.0000e+01 -1.5322e+01
-1.0000e+01 2.0000e+01 -1.3413e+01
-1.0000e+01 3.0000e+01 -1.1618e+01
-1.0000e+01 4.0000e+01 -1.2760e+01
-1.0000e+01 5.0000e+01 -1.3082e+01
-1.0000e+01 6.0000e+01 -8.1478e+00
-1.0000e+01 7.0000e+01 -1.0140e+01
-1.0000e+01 8.0000e+01 -5.3928e+00
-1.0000e+01 9.0000e+01 -5.7415e+00
-1.0000e+01 1.0000e+02 -5.3347e+00
-1.0000e+01 1.1000e+02 -4.2428e+00
-1.0000e+01 1.2000e+02 -1.5760e+00
-1.0000e+01 1.3000e+02 -2.5337e+00
-1.0000e+01 1.4000e+02 -4.6406e-01
-1.0000e+01 1.5000e+02 -6.2584e-01
-1.0000e+01 1.6000e+02 1.5041e+00
-1.0000e+01 1.7000e+02 -1.0967e+00
-1.0000e+01 1.8000e+02 5.9789e-01
-1.0000e+01 1.9000e+02 -2.5551e+00
-1.0000e+01 2.0000e+02 1.1482e+00
0.0000e+00 -2.0000e+02 -5.1196e-01
0.0000e+00 -1.9000e+02 -9.6547e-01
0.0000e+00 -1.8000e+02 -1.0122e+00
0.0000e+00 -1.7000e+02 3.1976e-02
0.0000e+00 -1.6000e+02 1.8646e+00
0.0000e+00 -1.5000e+02 3.4823e+00
0.0000e+00 -1.4000e+02 -1.2593e+00
0.0000e+00 -1.3000e+02 -1.7687e+00
0.0000e+00 -1.2000e+02 -1.7231e+00
0.0000e+00 -1.1000e+02 -2.6528e+00
0.0000e+00 -1.0000e+02 -1.3729e+00
0.0000e+00 -9.0000e+01 -7.1329e+00
0.0000e+00 -8.0000e+01 -5.9019e+00
0.0000e+00 -7.0000e+01 -6.1450e+00
0.0000e+00 -6.0000e+01 -8.9820e+00
0.0000e+00 -5.0000e+01 -1.0722e+01
0.0000e+00 -4.0000e+01 -1.0186e+01
0.0000e+00 -3.0000e+01 -1.2471e+01
0.0000e+00 -2.0000e+01 -1.1569e+01
0.0000e+00 -1.0000e+01 -1.6756e+01
0.0000e+00 0.0000e+00 -1.3786e+01
0.0000e+00 1.0000e+01 -1.4801e+01
0.0000e+00 2.0000e+01 -1.5033e+01
0.0000e+00 3.0000e+01 -1.3431e+01
0.0000e+00 4.0000e+01 -1.0230e+01
0.0000e+00 5.0000e+01 -1.0513e+01
0.0000e+00 6.0000e+01 -8.5706e+00
0.0000e+00 7.0000e+01 -8.4591e+00
0.0000e+00 8.0000e+01 -8.1659e+00
0.0000e+00 9.0000e+01 -4.3774e+00
0.0000e+00 1.0000e+02 -9.4382e-01
0.0000e+00 1.1000e+02 -1.3798e+00
0.0000e+00 1.2000e+02 -3.4309e+00
0.0000e+00 1.3000e+02 -2.0270e+00
0.0000e+00 1.4000e+02 -3.2736e+00
0.0000e+00 1.5000e+02 -5.7838e-01
0.0000e+00 1.6000e+02 -3.8205e-01
0.0000e+00 1.7000e+02 5.8322e-01
0.0000e+00 1.8000e+02 1.0562e+00
0.0000e+00 1.9000e+02 2.5673e+00
0.0000e+00 2.0000e+02 -1.9382e-01
1.0000e+01 -2.0000e+02 -4.7666e-02
1.0000e+01 -1.9000e+02 2.2755e+00
1.0000e+01 -1.8000e+02 3.0893e+00
1.0000e+01 -1.7000e+02 -2.3227e+00
1.0000e+01 -1.6000e+02 1.0214e+00
1.0000e+01 -1.5000e+02 -3.7110e+00
1.0000e+01 -1.4000e+02 -3.8727e-01
1.0000e+01 -1.3000e+02 3.0944e-01
1.0000e+01 -1.2000e+02 -8.0671e-01
1.0000e+01 -1.1000e+02 -2.0252e+00
1.0000e+01 -1.0000e+02 -3.9145e+00
1.0000e+01 -9.0000e+01 -3.7778e+00
1.0000e+01 -8.0000e+01 -3.2212e+00
1.0000e+01 -7.0000e+01 -4.7313e+00
1.0000e+01 -6.0000e+01 -8.9417e+00
1.0000e+01 -5.0000e+01 -1.0648e+01
1.0000e+01 -4.0000e+01 -1.0406e+01
1.0000e+01 -3.0000e+01 -1.3582e+01
1.0000e+01 -2.0000e+01 -1.4257e+01
1.0000e+01 -1.0000e+01 -1.4564e+01
1.0000e+01 0.0000e+00 -1.3787e+01
1.0000e+01 1.0000e+01 -1.4387e+01
1.0000e+01 2.0000e+01 -1.6040e+01
1.0000e+01 3.0000e+01 -1.0688e+01
1.0000e+01 4.0000e+01 -1.3666e+01
1.0000e+01 5.0000e+01 -1.0995e+01
1.0000e+01 6.0000e+01 -8.9410e+00
1.0000e+01 7.0000e+01 -7.2478e+00
1.0000e+01 8.0000e+01 -4.1948e+00
1.0000e+01 9.0000e+01 -3.4987e+00
1.0000e+01 1.0000e+02 -4.2878e+00
1.0000e+01 1.1000e+02 -3.9469e+00
1.0000e+01 1.2000e+02 -2.6982e+00
1.0000e+01 1.3000e+02 -3.2171e+00
1.0000e+01 1.4000e+02 1.9870e+00
1.0000e+01 1.5000e+02 8.2029e-01
1.0000e+01 1.6000e+02 -5.9043e-01
1.0000e+01 1.7000e+02 -2.4928e+00
1.0000e+01 1.8000e+02 -6.0803e-01
1.0000e+01 1.9000e+02 8.9077e-01
1.0000e+01 2.0000e+02 2.1061e+00
2.0000e+01 -2.0000e+02 -1.3781e+00
2.0000e+01 -1.9000e+02 2.5478e+00
2.0000e+01 -1.8000e+02 -4.9020e-01
2.0000e+01 -1.7000e+02 -2.0727e-01
2.0000e+01 -1.6000e+02 -1.5573e+00
2.0000e+01 -1.5000e+02 -1.8278e+00
2.0000e+01 -1.4000e+02 -5.5662e-01
2.0000e+01 -1.3000e+02 -7.6923e-01
2.0000e+01 -1.2000e+02 2.1982e+00
2.0000e+01 -1.1000e+02 -3.2550e+00
2.0000e+01 -1.0000e+02 -2.5901e+00
2.0000e+01 -9.0000e+01 -4.0417e+00
2.0000e+01 -8.0000e+01 -5.8166e+00
2.0000e+01 -7.0000e+01 -6.7840e+00
2.0000e+01 -6.0000e+01 -7.6221e+00
2.0000e+01 -5.0000e+01 -9.6043e+00
2.0000e+01 -4.0000e+01 -1.3399e+01
2.0000e+01 -3.0000e+01 -1.3310e+01
2.0000e+01 -2.0000e+01 -1.6936e+01
2.0000e+01 -1.0000e+01 -1.4374e+01
2.0000e+01 0.0000e+00 -1.2602e+01
2.0000e+01 1.0000e+01 -1.5254e+01
2.0000e+01 2.0000e+01 -1.0210e+01
2.0000e+01 3.0000e+01 -1.0244e+01
2.0000e+01 4.0000e+01 -9.6638e+00
2.0000e+01 5.0000e+01 -1.2280e+01
2.0000e+01 6.0000e+01 -9.3695e+00
2.0000e+01 7.0000e+01 -8.2420e+00
2.0000e+01 8.0000e+01 -5.6468e+00
2.0000e+01 9.0000e+01 -4.5153e+00
2.0000e+01 1.0000e+02 -7.1885e-01
2.0000e+01 1.1000e+02 -3.3784e+00
2.0000e+01 1.2000e+02 -4.0904e+00
2.0000e+01 1.3000e+02 -1.2599e+00
2.0000e+01 1.4000e+02 -1.3288e+00
2.0000e+01 1.5000e+02 -2.4851e+00
2.0000e+01 1.6000e+02 -2.7571e-01
2.0000e+01 1.7000e+02 -5.7038e-01
2.0000e+01 1.8000e+02 4.7175e-01
2.0000e+01 1.9000e+02 -3.3992e-01
2.0000e+01 2.0000e+02 2.1141e+00
3.0000e+01 -2.0000e+02 2.1970e+00
3.0000e+01 -1.9000e+02 9.8679e-01
3.0000e+01 -1.8000e+02 -7.7020e-01
3.0000e+01 -1.7000e+02 2.0033e-01
3.0000e+01 -1.6000e+02 -1.1445e+00
3.0000e+01 -1.5000e+02 -1.4242e+00
3.0000e+01 -1.4000e+02 -1.4529e+00
3.0000e+01 -1.3000e+02 -1.1853e+00
3.0000e+01 -1.2000e+02 -1.1921e+00
3.0000e+01 -1.1000e+02 1.1113e-01
3.0000e+01 -1.0000e+02 -2.7914e+00
3.0000e+01 -9.0000e+01 -1.7695e+00
3.0000e+01 -8.0000e+01 -4.7110e+00
3.0000e+01 -7.0000e+01 -8.1024e+00
3.0000e+01 -6.0000e+01 -6.9426e+00
3.0000e+01 -5.0000e+01 -6.5267e+00
3.0000e+01 -4.0000e+01 -8.4000e+00
3.0000e+01 -3.0000e+01 -1.1992e+01
3.0000e+01 -2.0000e+01 -1.2273e+01
3.0000e+01 -1.0000e+01 -1.2337e+01
3.0000e+01 0.0000e+00 -1.0292e+01
3.0000e+01 1.0000e+01 -1.1358e+01
3.0000e+01 2.0000e+01 -1.0575e+01
3.0000e+01 3.0000e+01 -9.1635e+00
3.0000e+01 4.0000e+01 -9.7752e+00
3.0000e+01 5.0000e+01 -1.1719e+01
3.0000e+01 6.0000e+01 -6.0595e+00
3.0000e+01 7.0000e+01 -6.0276e+00
3.0000e+01 8.0000e+01 -3.7109e+00
3.0000e+01 9.0000e+01 -2.3192e+00
3.0000e+01 1.0000e+02 -4.4942e+00
3.0000e+01 1.1000e+02 -1.6035e+00
3.0000e+01 1.2000e+02 -1.0451e+00
3.0000e+01 1.3000e+02 -1.2504e+00
3.0000e+01 1.4000e+02 -4.4339e+00
3.0000e+01 1.5000e+02 -1.3644e+00
3.0000e+01 1.6000e+02 -1.1976e+00
3.0000e+01 1.7000e+02 -3.0296e+00
3.0000e+01 1.8000e+02 4.2789e-01
3.0000e+01 1.9000e+02 1.7084e+00
3.0000e+01 2.0000e+02 1.7837e+00
4.0000e+01 -2.0000e+02 -1.8658e+00
4.0000e+01 -1.9000e+02 -8.5913e-01
4.0000e+01 -1.8000e+02 1.9131e+00
4.0000e+01 -1.7000e+02 3.7148e-01
4.0000e+01 -1.6000e+02 -2.2119e-01
4.0000e+01 -1.5000e+02 -1.6019e+00
4.0000e+01 -1.4000e+02 -1.3059e+00
4.0000e+01 -1.3000e+02 -3.2082e+00
4.0000e+01 -1.2000e+02 -8.7158e-01
4.0000e+01 -1.1000e+02 -9.1763e-01
4.0000e+01 -1.0000e+02 -3.9857e+00
4.0000e+01 -9.0000e+01 -1.5715e+00
4.0000e+01 -8.0000e+01 -2.2183e+00
4.0000e+01 -7.0000e+01 -4.2175e+00
4.0000e+01 -6.0000e+01 -8.7768e+00
4.0000e+01 -5.0000e+01 -8.9585e+00
4.0000e+01 -4.0000e+01 -9.5281e+00
4.0000e+01 -3.0000e+01 -7.0395e+00
4.0000e+01 -2.0000e+01 -1.1238e+01
4.0000e+01 -1.0000e+01 -1.0765e+01
4.0000e+01 0.0000e+00 -1.1208e+01
4.0000e+01 1.0000e+01 -1.3405e+01
4.0000e+01 2.0000e+01 -1.0162e+01
4.0000e+01 3.0000e+01 -1.0132e+01
4.0000e+01 4.0000e+01 -7.4627e+00
4.0000e+01 5.0000e+01 -8.2506e+00
4.0000e+01 6.0000e+01 -5.4976e+00
4.0000e+01 7.0000e+01 -5.4818e+00
4.0000e+01 8.0000e+01 -5.3786e+00
4.0000e+01 9.0000e+01 -1.8836e+00
4.0000e+01 1.0000e+02 -3.6993e+00
4.0000e+01 1.1000e+02 -4.2921e-01
4.0000e+01 1.2000e+02 -3.1130e+00
4.0000e+01 1.3000e+02 -1.2810e+00
4.0000e+01 1.4000e+02 -6.9067e-01
4.0000e+01 1.5000e+02 1.1683e+00
4.0000e+01 1.6000e+02 -1.3659e+00
4.0000e+01 1.7000e+02 1.4522e+00
4.0000e+01 1.8000e+02 -1.1831e+00
4.0000e+01 1.9000e+02 -1.8924e+00
4.0000e+01 2.0000e+02 -3.4417e-01
5.0000e+01 -2.0000e+02 1.8279e+00
5.0000e+01 -1.9000e+02 1.0523e+00
5.0000e+01 -1.8000e+02 -9.2793e-01
5.0000e+01 -1.7000e+02 4.1487e+00
5.0000e+01 -1.6000e+02 -1.4395e+00
5.0000e+01 -1.5000e+02 -2.0030e+00
5.0000e+01 -1.4000e+02 1.2096e+00
5.0000e+01 -1.3000e+02 -2.4572e+00
5.0000e+01 -1.2000e+02 1.8868e-01
5.0000e+01 -1.1000e+02 -3.2546e-01
5.0000e+01 -1.0000e+02 3.4538e-02
5.0000e+01 -9.0000e+01 -3.4405e+00
5.0000e+01 -8.0000e+01 -1.8752e+00
5.0000e+01 -7.0000e+01 -4.5027e+00
5.0000e+01 -6.0000e+01 -7.6920e+00
5.0000e+01 -5.0000e+01 -2.2502e+00
5.0000e+01 -4.0000e+01 -7.0135e+00
5.0000e+01 -3.0000e+01 -8.8238e+00
5.0000e+01 -2.0000e+01 -1.0395e+01
5.0000e+01 -1.0000e+01 -1.1092e+01
5.0000e+01 0.0000e+00 -1.1939e+01
5.0000e+01 1.0000e+01 -9.6068e+00
5.0000e+01 2.0000e+01 -1.2966e+01
5.0000e+01 3.0000e+01 -6.5347e+00
5.0000e+01 4.0000e+01 -8.8887e+00
5.0000e+01 5.0000e+01 -4.8680e+00
5.0000e+01 6.0000e+01 -3.9668e+00
5.0000e+01 7.0000e+01 -5.4191e+00
5.0000e+01 8.0000e+01 -1.6213e+00
5.0000e+01 9.0000e+01 -4.9030e+00
5.0000e+01 1.0000e+02 -4.1180e+00
5.0000e+01 1.1000e+02 1.6905e-01
5.0000e+01 1.2000e+02 -2.0163e-01
5.0000e+01 1.3000e+02 1.0193e+00
5.0000e+01 1.4000e+02 -1.0969e+00
5.0000e+01 1.5000e+02 1.3975e+00
5.0000e+01 1.6000e+02 -2.2064e+00
5.0000e+01 1.7000e+02 -2.2674e-02
5.0000e+01 1.8000e+02 -3.8584e-01
5.0000e+01 1.9000e+02 -2.0767e+00
5.0000e+01 2.0000e+02 9.6271e-01
6.0000e+01 -2.0000e+02 9.3187e-01
6.0000e+01 -1.9000e+02 -1.2091e+00
6.0000e+01 -1.8000e+02 1.0669e+00
6.0000e+01 -1.7000e+02 -8.9785e-01
6.0000e+01 -1.6000e+02 -1.0505e+00
6.0000e+01 -1.5000e+02 -6.2819e-01
6.0000e+01 -1.4000e+02 6.2026e-01
6.0000e+01 -1.3000e+02 2.0845e+00
6.0000e+01 -1.2000e+02 -1.1009e+00
6.0000e+01 -1.1000e+02 -2.7190e+00
6.0000e+01 -1.0000e+02 9.7293e-01
6.0000e+01 -9.0000e+01 1.0650e-01
6.0000e+01 -8.0000e+01 -2.0492e+00
6.0000e+01 -7.0000e+01 -6.2081e+00
6.0000e+01 -6.0000e+01 -5.8668e+00
6.0000e+01 -5.0000e+01 -7.4801e+00
6.0000e+01 -4.0000e+01 -4.6615e+00
6.0000e+01 -3.0000e+01 -7.2271e+00
6.0000e+01 -2.0000e+01 -9.0394e+00
6.0000e+01 -1.0000e+01 -9.8227e+00
6.0000e+01 0.0000e+00 -9.0533e+00
6.0000e+01 1.0000e+01 -6.8106e+00
6.0000e+01 2.0000e+01 -9.2604e+00
6.0000e+01 3.0000e+01 -8.6233e+00
6.0000e+01 4.0000e+01 -7.1553e+00
6.0000e+01 5.0000e+01 -7.1216e+00
6.0000e+01 6.0000e+01 -4.2711e+00
6.0000e+01 7.0000e+01 -4.9652e+00
6.0000e+01 8.0000e+01 -1.9451e+00
6.0000e+01 9.0000e+01 -3.4547e+00
6.0000e+01 1.0000e+02 -1.1194e-01
6.0000e+01 1.1000e+02 5.9328e-03
6.0000e+01 1.2000e+02 9.7544e-01
6.0000e+01 1.3000e+02 -1.4939e+00
6.0000e+01 1.4000e+02 -1.8193e+00
6.0000e+01 1.5000e+02 2.5354e+00
6.0000e+01 1.6000e+02 5.8549e-01
6.0000e+01 1.7000e+02 -1.1401e-01
6.0000e+01 1.8000e+02 -1.1453e+00
6.0000e+01 1.9000e+02 -3.1212e-02
6.0000e+01 2.0000e+02 -7.9639e-01
7.0000e+01 -2.0000e+02 1.2968e+00
7.0000e+01 -1.9000e+02 -2.6923e-01
7.0000e+01 -1.8000e+02 1.0645e+00
7.0000e+01 -1.7000e+02 1.4138e+00
7.0000e+01 -1.6000e+02 5.2971e-01
7.0000e+01 -1.5000e+02 -2.8741e+00
7.0000e+01 -1.4000e+02 1.0315e-01
7.0000e+01 -1.3000e+02 -3.2489e-01
7.0000e+01 -1.2000e+02 -1.6497e+00
7.0000e+01 -1.1000e+02 -4.0036e-01
7.0000e+01 -1.0000e+02 -1.0234e+00
7.0000e+01 -9.0000e+01 -1.8200e+00
7.0000e+01 -8.0000e+01 -2.2826e+00
7.0000e+01 -7.0000e+01 -2.0317e+00
7.0000e+01 -6.0000e+01 -3.0826e+00
7.0000e+01 -5.0000e+01 -5.2037e+00
7.0000e+01 -4.0000e+01 -6.6153e+00
7.0000e+01 -3.0000e+01 -4.6223e+00
7.0000e+01 -2.0000e+01 -6.8162e+00
7.0000e+01 -1.0000e+01 -7.2538e+00
7.0000e+01 0.0000e+00 -9.3115e+00
7.0000e+01 1.0000e+01 -5.3150e+00
7.0000e+01 2.0000e+01 -2.9949e+00
7.0000e+01 3.0000e+01 -4.5700e+00
7.0000e+01 4.0000e+01 -7.1680e+00
7.0000e+01 5.0000e+01 -3.4657e+00
7.0000e+01 6.0000e+01 -5.9549e+00
7.0000e+01 7.0000e+01 -5.4199e+00
7.0000e+01 8.0000e+01 -1.7659e+00
7.0000e+01 9.0000e+01 5.2366e-01
7.0000e+01 1.0000e+02 -3.0330e+00
7.0000e+01 1.1000e+02 9.1000e-01
7.0000e+01 1.2000e+02 -8.9513e-01
7.0000e+01 1.3000e+02 -1.9406e+00
7.0000e+01 1.4000e+02 -5.5782e-01
7.0000e+01 1.5000e+02 -3.0348e+00
7.0000e+01 1.6000e+02 7.1369e-03
7.0000e+01 1.7000e+02 -2.0793e+00
7.0000e+01 1.8000e+02 -2.1967e-01
7.0000e+01 1.9000e+02 1.9237e+00
7.0000e+01 2.0000e+02 1.7902e+00
8.0000e+01 -2.0000e+02 4.9793e-01
8.0000e+01 -1.9000e+02 -1.6847e-01
8.0000e+01 -1.8000e+02 1.3429e+00
8.0000e+01 -1.7000e+02 -6.5044e-01
8.0000e+01 -1.6000e+02 -2.5562e+00
8.0000e+01 -1.5000e+02 2.1304e+00
8.0000e+01 -1.4000e+02 2.0836e+00
8.0000e+01 -1.3000e+02 -1.5205e+00
8.0000e+01 -1.2000e+02 -1.8660e+00
8.0000e+01 -1.1000e+02 -1.5910e+00
8.0000e+01 -1.0000e+02 -1.1044e+00
8.0000e+01 -9.0000e+01 -1.9826e+00
8.0000e+01 -8.0000e+01 -3.5246e+00
8.0000e+01 -7.0000e+01 -2.5929e+00
8.0000e+01 -6.0000e+01 -2.1149e+00
8.0000e+01 -5.0000e+01 -2.2911e+00
8.0000e+01 -4.0000e+01 -4.8796e+00
8.0000e+01 -3.0000e+01 -4.3184e+00
8.0000e+01 -2.0000e+01 -6.0515e+00
8.0000e+01 -1.0000e+01 -6.4704e+00
8.0000e+01 0.0000e+00 -5.6202e+00
8.0000e+01 1.0000e+01 -3.5244e+00
8.0000e+01 2.0000e+01 -4.4774e+00
8.0000e+01 3.0000e+01 -5.8552e+00
8.0000e+01 4.0000e+01 -4.1646e+00
8.0000e+01 5.0000e+01 -2.9824e+00
8.0000e+01 6.0000e+01 -1.7746e+00
8.0000e+01 7.0000e+01 -3.3363e+00
8.0000e+01 8.0000e+01 -2.3246e+00
8.0000e+01 9.0000e+01 -2.4691e+00
8.0000e+01 1.0000e+02 -3.9831e+00
8.0000e+01 1.1000e+02 9.5674e-01
8.0000e+01 1.2000e+02 1.5610e-01
8.0000e+01 1.3000e+02 7.8548e-01
8.0000e+01 1.4000e+02 2.0483e-01
8.0000e+01 1.5000e+02 6.2062e-01
8.0000e+01 1.6000e+02 2.0364e-01
8.0000e+01 1.7000e+02 -7.1480e-01
8.0000e+01 1.8000e+02 -1.6776e+00
8.0000e+01 1.9000e+02 3.5186e-01
8.0000e+01 2.0000e+02 1.1927e+00
9.0000e+01 -2.0000e+02 1.5934e+00
9.0000e+01 -1.9000e+02 -8.7767e-01
9.0000e+01 -1.8000e+02 -3.2859e+00
9.0000e+01 -1.7000e+02 9.1206e-01
9.0000e+01 -1.6000e+02 -1.4195e+00
9.0000e+01 -1.5000e+02 -4.1633e-01
9.0000e+01 -1.4000e+02 1.2283e-01
9.0000e+01 -1.3000e+02 -1.9763e+00
9.0000e+01 -1.2000e+02 -1.5719e+00
9.0000e+01 -1.1000e+02 4.3812e-01
9.0000e+01 -1.0000e+02 -6.6943e-03
9.0000e+01 -9.0000e+01 1.3686e+00
9.0000e+01 -8.0000e+01 -5.1178e-01
9.0000e+01 -7.0000e+01 -7.1730e-01
9.0000e+01 -6.0000e+01 -3.3140e+00
9.0000e+01 -5.0000e+01 -4.1128e+00
9.0000e+01 -4.0000e+01 -5.8048e-01
9.0000e+01 -3.0000e+01 -4.8494e+00
9.0000e+01 -2.0000e+01 -2.5836e+00
9.0000e+01 -1.0000e+01 -4.0043e+00
9.0000e+01 0.0000e+00 -2.0190e+00
9.0000e+01 1.0000e+01 -5.4698e+00
9.0000e+01 2.0000e+01 -4.9994e+00
9.0000e+01 3.0000e+01 -2.0618e+00
9.0000e+01 4.0000e+01 -4.5249e+00
9.0000e+01 5.0000e+01 -2.8516e+00
9.0000e+01 6.0000e+01 -9.0787e-01
9.0000e+01 7.0000e+01 -4.2249e+00
9.0000e+01 8.0000e+01 6.4846e-01
9.0000e+01 9.0000e+01 -8.8064e-01
9.0000e+01 1.0000e+02 -1.7856e-01
9.0000e+01 1.1000e+02 -7.4488e-01
9.0000e+01 1.2000e+02 1.0823e+00
9.0000e+01 1.3000e+02 1.7600e+00
9.0000e+01 1.4000e+02 2.0224e+00
9.0000e+01 1.5000e+02 -1.7031e+00
9.0000e+01 1.6000e+02 -1.2156e+00
9.0000e+01 1.7000e+02 -3.4750e-01
9.0000e+01 1.8000e+02 6.8700e-01
9.0000e+01 1.9000e+02 1.5325e+00
9.0000e+01 2.0000e+02 2.4174e+00
1.0000e+02 -2.0000e+02 1.3087e+00
1.0000e+02 -1.9000e+02 1.0354e+00
1.0000e+02 -1.8000e+02 1.0944e-01
1.0000e+02 -1.7000e+02 -2.5020e+00
1.0000e+02 -1.6000e+02 -2.3768e+00
1.0000e+02 -1.5000e+02 -2.5264e+00
1.0000e+02 -1.4000e+02 -1.7659e-01
1.0000e+02 -1.3000e+02 6.1218e-01
1.0000e+02 -1.2000e+02 4.5105e-01
1.0000e+02 -1.1000e+02 -5.3753e-01
1.0000e+02 -1.0000e+02 -9.5061e-01
1.0000e+02 -9.0000e+01 4.6353e-01
1.0000e+02 -8.0000e+01 -3.4287e+00
1.0000e+02 -7.0000e+01 2.4417e-01
1.0000e+02 -6.0000e+01 -1.5804e+00
1.0000e+02 -5.0000e+01 -3.5660e+00
1.0000e+02 -4.0000e+01 -2.9637e+00
1.0000e+02 -3.0000e+01 -3.4056e+00
1.0000e+02 -2.0000e+01 -4.8502e+00
1.0000e+02 -1.0000e+01 -5.8166e+00
1.0000e+02 0.0000e+00 -3.6674e+00
1.0000e+02 1.0000e+01 -3.7530e+00
1.0000e+02 2.0000e+01 -1.2867e+00
1.0000e+02 3.0000e+01 -1.3988e+00
1.0000e+02 4.0000e+01 8.6837e-02
1.0000e+02 5.0000e+01 -5.1421e+00
1.0000e+02 6.0000e+01 -1.7495e+00
1.0000e+02 7.0000e+01 -3.1503e+00
1.0000e+02 8.0000e+01 -2.1335e+00
1.0000e+02 9.0000e+01 1.8466e+00
1.0000e+02 1.0000e+02 -9.7387e-01
1.0000e+02 1.1000e+02 -4.6986e-01
1.0000e+02 1.2000e+02 1.5959e+00
1.0000e+02 1.3000e+02 -3.2640e-03
1.0000e+02 1.4000e+02 6.7250e-03
1.0000e+02 1.5000e+02 1.6281e+00
1.0000e+02 1.6000e+02 -6.2474e-01
1.0000e+02 1.7000e+02 2.6439e+00
1.0000e+02 1.8000e+02 -6.3051e-01
1.0000e+02 1.9000e+02 2.2311e+00
1.0000e+02 2.0000e+02 5.7540e-01
1.1000e+02 -2.0000e+02 3.0763e-01
1.1000e+02 -1.9000e+02 8.1109e-01
1.1000e+02 -1.8000e+02 -3.6586e-01
1.1000e+02 -1.7000e+02 1.2095e+00
1.1000e+02 -1.6000e+02 -2.2384e-01
1.1000e+02 -1.5000e+02 -1.1793e+00
1.1000e+02 -1.4000e+02 -3.9375e-01
1.1000e+02 -1.3000e+02 4.6964e+00
1.1000e+02 -1.2000e+02 2.3671e-01
1.1000e+02 -1.1000e+02 1.8882e+00
1.1000e+02 -1.0000e+02 -1.3950e+00
1.1000e+02 -9.0000e+01 -1.1798e+00
1.1000e+02 -8.0000e+01 -1.4778e+00
1.1000e+02 -7.0000e+01 -8.4924e-01
1.1000e+02 -6.0000e+01 -1.3774e+00
1.1000e+02 -5.0000e+01 -4.6992e-01
1.1000e+02 -4.0000e+01 -1.2689e+00
1.1000e+02 -3.0000e+01 -2.0670e+00
1.1000e+02 -2.0000e+01 -2.9866e-01
1.1000e+02 -1.0000e+01 -2.1940e+00
1.1000e+02 0.0000e+00 -2.3856e+00
1.1000e+02 1.0000e+01 -1.2948e+00
1.1000e+02 2.0000e+01 -2.9086e+00
1.1000e+02 3.0000e+01 -3.0996e+00
1.1000e+02 4.0000e+01 -1.5335e+00
1.1000e+02 5.0000e+01 -3.4873e+00
1.1000e+02 6.0000e+01 -2.2920e+00
1.1000e+02 7.0000e+01 -1.5995e+00
1.1000e+02 8.0000e+01 -8.1766e-01
1.1000e+02 9.0000e+01 1.0984e+00
1.1000e+02 1.0000e+02 -7.1143e-01
1.1000e+02 1.1000e+02 -1.5767e+00
1.1000e+02 1.2000e+02 -1.3164e+00
1.1000e+02 1.3000e+02 -1.4014e+00
1.1000e+02 1.4000e+02 1.8825e+00
1.1000e+02 1.5000e+02 -2.6072e+00
1.1000e+02 1.6000e+02 -4.5681e-01
1.1000e+02 1.7000e+02 -1.2065e+00
1.1000e+02 1.8000e+02 -2.8222e-01
1.1000e+02 1.9000e+02 2.9435e+00
1.1000e+02 2.0000e+02 -3.9142e-01
1.2000e+02 -2.0000e+02 1.0411e+00
1.2000e+02 -1.9000e+02 8.2266e-02
1.2000e+02 -1.8000e+02 -1.5608e+00
1.2000e+02 -1.7000e+02 2.1343e+00
1.2000e+02 -1.6000e+02 6.1707e-01
1.2000e+02 -1.5000e+02 -1.9415e+00
1.2000e+02 -1.4000e+02 2.4366e+00
1.2000e+02 -1.3000e+02 1.8251e+00
1.2000e+02 -1.2000e+02 -2.3109e+00
1.2000e+02 -1.1000e+02 -7.6539e-01
1.2000e+02 -1.0000e+02 -8.1887e-01
1.2000e+02 -9.0000e+01 -4.3696e-01
1.2000e+02 -8.0000e+01 1.7391e+00
1.2000e+02 -7.0000e+01 -2.4774e+00
1.2000e+02 -6.0000e+01 1.7152e-01
1.2000e+02 -5.0000e+01 -1.5424e+00
1.2000e+02 -4.0000e+01 2.2437e+00
1.2000e+02 -3.0000e+01 -2.0561e+00
1.2000e+02 -2.0000e+01 -2.6127e+00
1.2000e+02 -1.0000e+01 -2.8866e+00
1.2000e+02 0.0000e+00 1.5029e+00
1.2000e+02 1.0000e+01 -5.0259e-01
1.2000e+02 2.0000e+01 2.3263e-01
1.2000e+02 3.0000e+01 -2.4485e-01
1.2000e+02 4.0000e+01 -2.9193e+00
1.2000e+02 5.0000e+01 -1.1290e+00
1.2000e+02 6.0000e+01 -2.3702e-01
1.2000e+02 7.0000e+01 9.3813e-01
1.2000e+02 8.0000e+01 -2.3459e+00
1.2000e+02 9.0000e+01 7.5734e-01
1.2000e+02 1.0000e+02 7.8980e-01
1.2000e+02 1.1000e+02 -1.1671e+00
1.2000e+02 1.2000e+02 3.1857e+00
1.2000e+02 1.3000e+02 -7.3736e-01
1.2000e+02 1.4000e+02 -3.7752e-01
1.2000e+02 1.5000e+02 4.3285e-01
1.2000e+02 1.6000e+02 -7.2585e-01
1.2000e+02 1.7000e+02 -1.3018e+00
1.2000e+02 1.8000e+02 -6.4819e-01
1.2000e+02 1.9000e+02 1.4305e+00
1.2000e+02 2.0000e+02 -1.5673e+00
1.3000e+02 -2.0000e+02 -3.5551e-02
1.3000e+02 -1.9000e+02 -2.4014e+00
1.3000e+02 -1.8000e+02 -9.9103e-01
1.3000e+02 -1.7000e+02 8.2777e-02
1.3000e+02 -1.6000e+02 2.4096e+00
1.3000e+02 -1.5000e+02 8.3115e-01
1.3000e+02 -1.4000e+02 -9.9216e-01
1.3000e+02 -1.3000e+02 -1.0086e+00
1.3000e+02 -1.2000e+02 -3.0712e+00
1.3000e+02 -1.1000e+02 -3.7671e+00
1.3000e+02 -1.0000e+02 -1.8168e+00
1.3000e+02 -9.0000e+01 -1.6719e+00
1.3000e+02 -8.0000e+01 5.2235e-02
1.3000e+02 -7.0000e+01 -8.3959e-01
1.3000e+02 -6.0000e+01 -5.5436e-01
1.3000e+02 -5.0000e+01 -1.5338e+00
1.3000e+02 -4.0000e+01 4.6256e-02
1.3000e+02 -3.0000e+01 -1.4693e+00
1.3000e+02 -2.0000e+01 -3.5516e+00
1.3000e+02 -1.0000e+01 -5.6957e-01
1.3000e+02 0.0000e+00 -1.5187e+00
1.3000e+02 1.0000e+01 -2.1892e+00
1.3000e+02 2.0000e+01 -2.0977e+00
1.3000e+02 3.0000e+01 -1.9045e+00
1.3000e+02 4.0000e+01 1.6788e+00
1.3000e+02 5.0000e+01 -2.7568e+00
1.3000e+02 6.0000e+01 -1.0643e+00
1.3000e+02 7.0000e+01 7.6218e-01
1.3000e+02 8.0000e+01 -1.4453e+00
1.3000e+02 9.0000e+01 -3.5288e+00
1.3000e+02 1.0000e+02 9.8746e-01
1.3000e+02 1.1000e+02 3.1974e-01
1.3000e+02 1.2000e+02 -2.0160e+00
1.3000e+02 1.3000e+02 1.7772e+00
1.3000e+02 1.4000e+02 -1.5693e-02
1.3000e+02 1.5000e+02 1.3270e+00
1.3000e+02 1.6000e+02 -3.6136e-01
1.3000e+02 1.7000e+02 -1.5467e+00
1.3000e+02 1.8000e+02 -7.8767e-02
1.3000e+02 1.9000e+02 -4.1020e-02
1.3000e+02 2.0000e+02 -1.5629e+00
1.4000e+02 -2.0000e+02 6.8598e-01
1.4000e+02 -1.9000e+02 1.7977e+00
1.4000e+02 -1.8000e+02 3.0526e+00
1.4000e+02 -1.7000e+02 1.6457e+00
1.4000e+02 -1.6000e+02 -2.0776e+00
1.4000e+02 -1.5000e+02 1.0327e+00
1.4000e+02 -1.4000e+02 -2.4713e-01
1.4000e+02 -1.3000e+02 -3.3080e-01
1.4000e+02 -1.2000e+02 -1.4748e-01
1.4000e+02 -1.1000e+02 -2.4830e+00
1.4000e+02 -1.0000e+02 -1.1751e-02
1.4000e+02 -9.0000e+01 4.4555e-03
1.4000e+02 -8.0000e+01 -1.8838e+00
1.4000e+02 -7.0000e+01 2.3981e+00
1.4000e+02 -6.0000e+01 -6.0484e-01
1.4000e+02 -5.0000e+01 1.6024e+00
1.4000e+02 -4.0000e+01 -1.0314e+00
1.4000e+02 -3.0000e+01 -2.3903e+00
1.4000e+02 -2.0000e+01 -1.9709e-02
1.4000e+02 -1.0000e+01 1.2389e+00
1.4000e+02 0.0000e+00 -1.9270e+00
1.4000e+02 1.0000e+01 -1.5849e+00
1.4000e+02 2.0000e+01 -2.2736e-01
1.4000e+02 3.0000e+01 -2.3344e+00
1.4000e+02 4.0000e+01 -2.6302e-01
1.4000e+02 5.0000e+01 -9.6154e-01
1.4000e+02 6.0000e+01 1.7623e+00
1.4000e+02 7.0000e+01 -1.7605e+00
1.4000e+02 8.0000e+01 -9.5872e-01
1.4000e+02 9.0000e+01 1.0716e+00
1.4000e+02 1.0000e+02 1.7401e-01
1.4000e+02 1.1000e+02 -2.0448e+00
1.4000e+02 1.2000e+02 2.9355e+00
1.4000e+02 1.3000e+02 2.3837e+00
1.4000e+02 1.4000e+02 1.9150e+00
1.4000e+02 1.5000e+02 -2.0620e+00
1.4000e+02 1.6000e+02 4.3464e-01
1.4000e+02 1.7000e+02 1.1232e+00
1.4000e+02 1.8000e+02 -1.1047e+00
1.4000e+02 1.9000e+02 9.9126e-01
1.4000e+02 2.0000e+02 1.4868e-01
1.5000e+02 -2.0000e+02 3.3044e-02
1.5000e+02 -1.9000e+02 -6.1541e-01
1.5000e+02 -1.8000e+02 1.1499e-01
1.5000e+02 -1.7000e+02 7.6761e-02
1.5000e+02 -1.6000e+02 -1.3262e+00
1.5000e+02 -1.5000e+02 -2.5399e+00
1.5000e+02 -1.4000e+02 -1.5652e-01
1.5000e+02 -1.3000e+02 9.8918e-01
1.5000e+02 -1.2000e+02 1.3676e+00
1.5000e+02 -1.1000e+02 -9.7949e-01
1.5000e+02 -1.0000e+02 -6.4646e-01
1.5000e+02 -9.0000e+01 -5.1449e-01
1.5000e+02 -8.0000e+01 1.5036e+00
1.5000e+02 -7.0000e+01 -1.9370e-01
1.5000e+02 -6.0000e+01 2.7552e-01
1.5000e+02 -5.0000e+01 -1.1533e+00
1.5000e+02 -4.0000e+01 1.7549e+00
1.5000e+02 -3.0000e+01 1.1579e+00
1.5000e+02 -2.0000e+01 1.8760e-01
1.5000e+02 -1.0000e+01 -1.5261e+00
1.5000e+02 0.0000e+00 -9.1244e-01
1.5000e+02 1.0000e+01 -1.3912e-02
1.5000e+02 2.0000e+01 -1.4623e+00
1.5000e+02 3.0000e+01 2.6441e+00
1.5000e+02 4.0000e+01 -1.3926e+00
1.5000e+02 5.0000e+01 -2.5767e+00
1.5000e+02 6.0000e+01 2.9313e-01
1.5000e+02 7.0000e+01 -1.9550e+00
1.5000e+02 8.0000e+01 1.9645e+00
1.5000e+02 9.0000e+01 -2.7076e+00
1.5000e+02 1.0000e+02 -4.9491e-01
1.5000e+02 1.1000e+02 -2.3525e-01
1.5000e+02 1.2000e+02 6.1506e-01
1.5000e+02 1.3000e+02 3.4808e-01
1.5000e+02 1.4000e+02 -1.7938e+00
1.5000e+02 1.5000e+02 2.3741e+00
1.5000e+02 1.6000e+02 2.7787e+00
1.5000e+02 1.7000e+02 -1.6695e+00
1.5000e+02 1.8000e+02 1.4806e+00
1.5000e+02 1.9000e+02 2.2600e+00
1.5000e+02 2.0000e+02 1.1174e+00
1.6000e+02 -2.0000e+02 -1.6953e+00
1.6000e+02 -1.9000e+02 1.5544e+00
1.6000e+02 -1.8000e+02 1.4191e+00
1.6000e+02 -1.7000e+02 -2.1038e+00
1.6000e+02 -1.6000e+02 3.7688e-01
1.6000e+02 -1.5000e+02 -9.2295e-01
1.6000e+02 -1.4000e+02 -1.1291e+00
1.6000e+02 -1.3000e+02 -3.6653e+00
1.6000e+02 -1.2000e+02 -7.7650e-01
1.6000e+02 -1.1000e+02 -1.7639e+00
1.6000e+02 -1.0000e+02 1.2497e+00
1.6000e+02 -9.0000e+01 2.9557e+00
1.6000e+02 -8.0000e+01 1.6203e-01
1.6000e+02 -7.0000e+01 1.4034e+00
1.6000e+02 -6.0000e+01 -1.2060e+00
1.6000e+02 -5.0000e+01 8.9985e-01
1.6000e+02 -4.0000e+01 -8.5197e-01
1.6000e+02 -3.0000e+01 -9.3284e-01
1.6000e+02 -2.0000e+01 9.4391e-01
1.6000e+02 -1.0000e+01 4.3897e+00
1.6000e+02 0.0000e+00 -4.0056e+00
1.6000e+02 1.0000e+01 -5.8965e-01
1.6000e+02 2.0000e+01 -2.8415e+00
1.6000e+02 3.0000e+01 4.4750e-01
1.6000e+02 4.0000e+01 -5.8991e-01
1.6000e+02 5.0000e+01 2.5585e+00
1.6000e+02 6.0000e+01 1.7972e+00
1.6000e+02 7.0000e+01 -1.2611e+00
1.6000e+02 8.0000e+01 1.6576e+00
1.6000e+02 9.0000e+01 2.1507e-01
1.6000e+02 1.0000e+02 4.8798e-01
1.6000e+02 1.1000e+02 -2.3440e-01
1.6000e+02 1.2000e+02 2.2214e-01
1.6000e+02 1.3000e+02 -6.2200e-01
1.6000e+02 1.4000e+02 1.7891e+00
1.6000e+02 1.5000e+02 1.0015e+00
1.6000e+02 1.6000e+02 9.9089e-01
1.6000e+02 1.7000e+02 -1.4792e+00
1.6000e+02 1.8000e+02 1.4999e+00
1.6000e+02 1.9000e+02 -3.3737e+00
1.6000e+02 2.0000e+02 -4.2577e-02
1.7000e+02 -2.0000e+02 1.0737e-01
1.7000e+02 -1.9000e+02 4.9080e+00
1.7000e+02 -1.8000e+02 8.8558e-01
1.7000e+02 -1.7000e+02 8.6821e-01
1.7000e+02 -1.6000e+02 -1.6151e+00
1.7000e+02 -1.5000e+02 1.6036e+00
1.7000e+02 -1.4000e+02 1.0934e+00
1.7000e+02 -1.3000e+02 1.7091e+00
1.7000e+02 -1.2000e+02 1.1043e+00
1.7000e+02 -1.1000e+02 -4.8998e-01
1.7000e+02 -1.0000e+02 1.2779e+00
1.7000e+02 -9.0000e+01 -2.7862e+00
1.7000e+02 -8.0000e+01 3.8742e-01
1.7000e+02 -7.0000e+01 1.0786e+00
1.7000e+02 -6.0000e+01 -2.2753e+00
1.7000e+02 -5.0000e+01 -1.8297e+00
1.7000e+02 -4.0000e+01 1.5500e+00
1.7000e+02 -3.0000e+01 -1.7764e+00
1.7000e+02 -2.0000e+01 1.3074e+00
1.7000e+02 -1.0000e+01 2.0402e+00
1.7000e+02 0.0000e+00 1.7630e+00
1.7000e+02 1.0000e+01 -6.1382e-01
1.7000e+02 2.0000e+01 2.7701e+00
1.7000e+02 3.0000e+01 -1.7757e+00
1.7000e+02 4.0000e+01 -1.0159e+00
1.7000e+02 5.0000e+01 -1.7616e-01
1.7000e+02 6.0000e+01 -8.3758e-01
1.7000e+02 7.0000e+01 6.9780e-01
1.7000e+02 8.0000e+01 9.5945e-01
1.7000e+02 9.0000e+01 -1.8078e+00
1.7000e+02 1.0000e+02 -1.1530e-01
1.7000e+02 1.1000e+02 -6.3612e-01
1.7000e+02 1.2000e+02 -2.0328e+00
1.7000e+02 1.3000e+02 2.5116e+00
1.7000e+02 1.4000e+02 3.4950e-01
1.7000e+02 1.5000e+02 1.7795e+00
1.7000e+02 1.6000e+02 -1.7027e+00
1.7000e+02 1.7000e+02 -3.2152e+00
1.7000e+02 1.8000e+02 -2.1820e-01
1.7000e+02 1.9000e+02 -2.1864e+00
1.7000e+02 2.0000e+02 5.6134e-01
1.8000e+02 -2.0000e+02 7.7716e-01
1.8000e+02 -1.9000e+02 6.5471e-01
1.8000e+02 -1.8000e+02 -3.0027e+00
1.8000e+02 -1.7000e+02 -2.0654e+00
1.8000e+02 -1.6000e+02 -3.4773e-01
1.8000e+02 -1.5000e+02 -2.0046e-01
1.8000e+02 -1.4000e+02 1.3701e+00
1.8000e+02 -1.3000e+02 1.7207e+00
1.8000e+02 -1.2000e+02 -5.3281e-01
1.8000e+02 -1.1000e+02 -4.4156e-01
1.8000e+02 -1.0000e+02 -2.3219e-01
1.8000e+02 -9.0000e+01 -1.9540e+00
1.8000e+02 -8.0000e+01 7.5380e-01
1.8000e+02 -7.0000e+01 -9.9863e-01
1.8000e+02 -6.0000e+01 8.5995e-01
1.8000e+02 -5.0000e+01 -2.1279e+00
1.8000e+02 -4.0000e+01 -1.8893e+00
1.8000e+02 -3.0000e+01 -1.7909e-01
1.8000e+02 -2.0000e+01 -1.7721e-01
1.8000e+02 -1.0000e+01 -2.6123e+00
1.8000e+02 0.0000e+00 -1.2283e+00
1.8000e+02 1.0000e+01 1.0912e-01
1.8000e+02 2.0000e+01 -2.7077e+00
1.8000e+02 3.0000e+01 1.1535e+00
1.8000e+02 4.0000e+01 -2.7921e+00
1.8000e+02 5.0000e+01 6.9668e-01
1.8000e+02 6.0000e+01 -5.3005e-01
1.8000e+02 7.0000e+01 -3.4324e-01
1.8000e+02 8.0000e+01 2.4375e+00
1.8000e+02 9.0000e+01 -1.2625e+00
1.8000e+02 1.0000e+02 -9.2570e-01
1.8000e+02 1.1000e+02 1.4810e+00
1.8000e+02 1.2000e+02 -2.1600e+00
1.8000e+02 1.3000e+02 1.5426e-01
1.8000e+02 1.4000e+02 -5.2151e-01
1.8000e+02 1.5000e+02 1.7025e+00
1.8000e+02 1.6000e+02 8.3174e-01
1.8000e+02 1.7000e+02 3.2539e-01
1.8000e+02 1.8000e+02 2.7597e-01
1.8000e+02 1.9000e+02 -8.6789e-01
1.8000e+02 2.0000e+02 9.6672e-02
1.9000e+02 -2.0000e+02 1.4997e+00
1.9000e+02 -1.9000e+02 -2.8254e-01
1.9000e+02 -1.8000e+02 -2.0395e+00
1.9000e+02 -1.7000e+02 8.3871e-01
1.9000e+02 -1.6000e+02 7.0170e-01
1.9000e+02 -1.5000e+02 1.0797e-01
1.9000e+02 -1.4000e+02 1.8343e+00
1.9000e+02 -1.3000e+02 -1.7521e+00
1.9000e+02 -1.2000e+02 -1.3403e+00
1.9000e+02 -1.1000e+02 2.2521e-01
1.9000e+02 -1.0000e+02 -1.4565e+00
1.9000e+02 -9.0000e+01 2.0996e-01
1.9000e+02 -8.0000e+01 -2.4913e+00
1.9000e+02 -7.0000e+01 1.8500e+00
1.9000e+02 -6.0000e+01 -4.8250e-01
1.9000e+02 -5.0000e+01 -7.5994e-01
1.9000e+02 -4.0000e+01 1.4861e-01
1.9000e+02 -3.0000e+01 3.6125e-01
1.9000e+02 -2.0000e+01 1.2028e+00
1.9000e+02 -1.0000e+01 -1.2567e+00
1.9000e+02 0.0000e+00 -5.9739e-01
1.9000e+02 1.0000e+01 3.7284e-01
1.9000e+02 2.0000e+01 -1.0811e-01
1.9000e+02 3.0000e+01 -1.5130e+00
1.9000e+02 4.0000e+01 2.6315e-01
1.9000e+02 5.0000e+01 -5.2043e-01
1.9000e+02 6.0000e+01 3.0641e+00
1.9000e+02 7.0000e+01 -1.1502e+00
1.9000e+02 8.0000e+01 8.6808e-01
1.9000e+02 9.0000e+01 5.3893e-01
1.9000e+02 1.0000e+02 -2.6825e-01
1.9000e+02 1.1000e+02 -5.0211e-01
1.9000e+02 1.2000e+02 1.1448e+00
1.9000e+02 1.3000e+02 -7.2092e-01
1.9000e+02 1.4000e+02 -4.2787e-02
1.9000e+02 1.5000e+02 -5.3670e-01
1.9000e+02 1.6000e+02 1.3265e+00
1.9000e+02 1.7000e+02 -1.0213e-01
1.9000e+02 1.8000e+02 5.7542e-01
1.9000e+02 1.9000e+02 -2.0251e-01
1.9000e+02 2.0000e+02 8.6986e-01
2.0000e+02 -2.0000e+02 -3.6839e+00
2.0000e+02 -1.9000e+02 -7.6516e-01
2.0000e+02 -1.8000e+02 -1.1657e+00
2.0000e+02 -1.7000e+02 3.7645e+00
2.0000e+02 -1.6000e+02 -1.1726e+00
2.0000e+02 -1.5000e+02 -1.3436e+00
2.0000e+02 -1.4000e+02 2.0148e+00
2.0000e+02 -1.3000e+02 -1.2512e+00
2.0000e+02 -1.2000e+02 -4.0510e-01
2.0000e+02 -1.1000e+02 -1.0292e+00
2.0000e+02 -1.0000e+02 -1.3689e+00
2.0000e+02 -9.0000e+01 9.3089e-01
2.0000e+02 -8.0000e+01 -8.7303e-01
2.0000e+02 -7.0000e+01 6.9079e-01
2.0000e+02 -6.0000e+01 -3.2819e-01
2.0000e+02 -5.0000e+01 5.7959e-01
2.0000e+02 -4.0000e+01 2.9521e+00
2.0000e+02 -3.0000e+01 -1.5634e+00
2.0000e+02 -2.0000e+01 7.6840e-01
2.0000e+02 -1.0000e+01 -8.3908e-01
2.0000e+02 0.0000e+00 7.9123e-01
2.0000e+02 1.0000e+01 -7.3668e-01
2.0000e+02 2.0000e+01 -8.7211e-01
2.0000e+02 3.0000e+01 -2.0680e+00
2.0000e+02 4.0000e+01 -9.9718e-01
2.0000e+02 5.0000e+01 6.2693e-02
2.0000e+02 6.0000e+01 1.8097e-01
2.0000e+02 7.0000e+01 2.9442e-01
2.0000e+02 8.0000e+01 -6.2203e-01
2.0000e+02 9.0000e+01 -2.5192e-01
2.0000e+02 1.0000e+02 -3.3969e-01
2.0000e+02 1.1000e+02 9.4326e-01
2.0000e+02 1.2000e+02 2.0809e+00
2.0000e+02 1.3000e+02 -5.9062e-01
2.0000e+02 1.4000e+02 8.0220e-01
2.0000e+02 1.5000e+02 1.2584e+00
2.0000e+02 1.6000e+02 -1.4838e+00
2.0000e+02 1.7000e+02 -1.9124e+00
2.0000e+02 1.8000e+02 3.4731e-01
2.0000e+02 1.9000e+02 -9.0687e-01
2.0000e+02 2.0000e+02 -8.3308e-01
