-2.0000e+02 -2.0000e+02 -1.1784e+00
-2.0000e+02 -1.9000e+02 1.4236e+00
-2.0000e+02 -1.8000e+02 -2.0361e-01
-2.0000e+02 -1.7000e+02 -3.0730e+00
-2.0000e+02 -1.6000e+02 -2.1504e+00
-2.0000e+02 -1.5000e+02 1.3028e-01
-2.0000e+02 -1.4000e+02 -1.1744e-01
-2.0000e+02 -1.3000e+02 -2.6719e-01
-2.0000e+02 -1.2000e+02 3.1896e+00
-2.0000e+02 -1.1000e+02 4.7818e-01
-2.0000e+02 -1.0000e+02 -1.2565e+00
-2.0000e+02 -9.0000e+01 7.0292e-01
-2.0000e+02 -8.0000e+01 -1.6242e+00
-2.0000e+02 -7.0000e+01 1.8501e+00
-2.0000e+02 -6.0000e+01 1.0336e+00
-2.0000e+02 -5.0000e+01 1.0339e+00
-2.0000e+02 -4.0000e+01 -1.4466e+00
-2.0000e+02 -3.0000e+01 1.2512e+00
-2.0000e+02 -2.0000e+01 -2.6677e+00
-2.0000e+02 -1.0000e+01 6.3953e-01
-2.0000e+02 0.0000e+00 -2.8162e+00
-2.0000e+02 1.0000e+01 1.5860e-01
-2.0000e+02 2.0000e+01 1.9168e-02
-2.0000e+02 3.0000e+01 2.2381e+00
-2.0000e+02 4.0000e+01 4.1565e-01
-2.0000e+02 5.0000e+01 -7.9249e-01
-2.0000e+02 6.0000e+01 -1.0788e+00
-2.0000e+02 7.0000e+01 -4.0326e+00
-2.0000e+02 8.0000e+01 4.6330e-01
-2.0000e+02 9.0000e+01 -2.3149e+00
-2.0000e+02 1.0000e+02 -1.4381e+00
-2.0000e+02 1.1000e+02 2.4019e+00
-2.0000e+02 1.2000e+02 -1.2061e+00
-2.0000e+02 1.3000e+02 1.1943e+00
-2.0000e+02 1.4000e+02 1.1058e+00
-2.0000e+02 1.5000e+02 2.1137e-01
-2.0000e+02 1.6000e+02 1.6320e+00
-2.0000e+02 1.7000e+02 1.5783e+00
-2.0000e+02 1.8000e+02 -1.9841e+00
-2.0000e+02 1.9000e+02 -1.1933e+00
-2.0000e+02 2.0000e+02 -1.0814e+00
-1.9000e+02 -2.0000e+02 -2.2404e+00
-1.9000e+02 -1.9000e+02 -1.8387e+00
-1.9000e+02 -1.8000e+02 8.6357e-01
-1.9000e+02 -1.7000e+02 8.1075e-01
-1.9000e+02 -1.6000e+02 3.0168e+00
-1.9000e+02 -1.5000e+02 -8.9052e-01
-1.9000e+02 -1.4000e+02 -4.4760e-01
-1.9000e+02 -1.3000e+02 2.1903e+00
-1.9000e+02 -1.2000e+02 1.2070e+00
-1.9000e+02 -1.1000e+02 1.4907e+00
-1.9000e+02 -1.0000e+02 4.9191e-01
-1.9000e+02 -9.0000e+01 -2.9355e-01
-1.9000e+02 -8.0000e+01 -2.1297e+00
-1.9000e+02 -7.0000e+01 8.0287e-01
-1.9000e+02 -6.0000e+01 9.0923e-01
-1.9000e+02 -5.0000e+01 1.1270e-01
-1.9000e+02 -4.0000e+01 1.5371e+00
-1.9000e+02 -3.0000e+01 -2.1208e+00
-1.9000e+02 -2.0000e+01 -3.5614e-01
-1.9000e+02 -1.0000e+01 -1.1935e-01
-1.9000e+02 0.0000e+00 -9.4930e-01
-1.9000e+02 1.0000e+01 -2.6297e-02
-1.9000e+02 2.0000e+01 -3.4562e+00
-1.9000e+02 3.0000e+01 5.4404e-01
-1.9000e+02 4.0000e+01 -3.7906e+00
-1.9000e+02 5.0000e+01 -1.5249e+00
-1.9000e+02 6.0000e+01 -3.4341e-01
-1.9000e+02 7.0000e+01 -3.2575e+00
-1.9000e+02 8.0000e+01 -1.0841e-01
-1.9000e+02 9.0000e+01 -9.0618e-01
-1.9000e+02 1.0000e+02 5.9582e-01
-1.9000e+02 1.1000e+02 4.5525e-01
-1.9000e+02 1.2000e+02 7.5361e-01
-1.9000e+02 1.3000e+02 -2.0511e+00
-1.9000e+02 1.4000e+02 -1.3402e-01
-1.9000e+02 1.5000e+02 1.4303e-01
-1.9000e+02 1.6000e+02 7.4010e-01
-1.9000e+02 1.7000e+02 -1.9075e+00
-1.9000e+02 1.8000e+02 -5.2145e-02
-1.9000e+02 1.9000e+02 -1.4184e+00
-1.9000e+02 2.0000e+02 -8.0143e-01
-1.8000e+02 -2.0000e+02 1.7522e-02
-1.8000e+02 -1.9000e+02 -2.3622e-01
-1.8000e+02 -1.8000e+02 3.0545e+00
-1.8000e+02 -1.7000e+02 1.8947e+00
-1.8000e+02 -1.6000e+02 1.5495e+00
-1.8000e+02 -1.5000e+02 -1.0834e+00
-1.8000e+02 -1.4000e+02 -1.3995e+00
-1.8000e+02 -1.3000e+02 -1.0227e+00
-1.8000e+02 -1.2000e+02 -3.9202e-02
-1.8000e+02 -1.1000e+02 -2.6776e+00
-1.8000e+02 -1.0000e+02 -7.1447e-01
-1.8000e+02 -9.0000e+01 -1.1934e+00
-1.8000e+02 -8.0000e+01 3.3310e-01
-1.8000e+02 -7.0000e+01 -7.4030e-01
-1.8000e+02 -6.0000e+01 -2.0256e+00
-1.8000e+02 -5.0000e+01 2.4807e+00
-1.8000e+02 -4.0000e+01 -6.1928e-01
-1.8000e+02 -3.0000e+01 -1.1855e+00
-1.8000e+02 -2.0000e+01 -1.7285e+00
-1.8000e+02 -1.0000e+01 -6.2080e-01
-1.8000e+02 0.0000e+00 -7.5220e-01
-1.8000e+02 1.0000e+01 1.4532e+00
-1.8000e+02 2.0000e+01 -1.5546e+00
-1.8000e+02 3.0000e+01 -7.2646e-01
-1.8000e+02 4.0000e+01 4.8622e-01
-1.8000e+02 5.0000e+01 -1.5671e+00
-1.8000e+02 6.0000e+01 2.3911e+00
-1.8000e+02 7.0000e+01 -1.2529e+00
-1.8000e+02 8.0000e+01 6.3230e-01
-1.8000e+02 9.0000e+01 -1.1091e+00
-1.8000e+02 1.0000e+02 -3.4621e+00
-1.8000e+02 1.1000e+02 4.2322e+00
-1.8000e+02 1.2000e+02 -1.9743e+00
-1.8000e+02 1.3000e+02 2.5379e+00
-1.8000e+02 1.4000e+02 -7.9165e-01
-1.8000e+02 1.5000e+02 -1.3496e+00
-1.8000e+02 1.6000e+02 1.1322e+00
-1.8000e+02 1.7000e+02 1.1039e+00
-1.8000e+02 1.8000e+02 1.3494e+00
-1.8000e+02 1.9000e+02 -1.3886e+00
-1.8000e+02 2.0000e+02 -2.2218e-01
-1.7000e+02 -2.0000e+02 1.4594e+00
-1.7000e+02 -1.9000e+02 2.2432e-01
-1.7000e+02 -1.8000e+02 3.1274e+00
-1.7000e+02 -1.7000e+02 1.8728e+00
-1.7000e+02 -1.6000e+02 8.1442e-01
-1.7000e+02 -1.5000e+02 -1.5381e+00
-1.7000e+02 -1.4000e+02 7.9110e-03
-1.7000e+02 -1.3000e+02 -2.1197e-01
-1.7000e+02 -1.2000e+02 1.9244e-01
-1.7000e+02 -1.1000e+02 6.2916e-01
-1.7000e+02 -1.0000e+02 -1.1778e+00
-1.7000e+02 -9.0000e+01 2.7614e+00
-1.7000e+02 -8.0000e+01 -1.2468e+00
-1.7000e+02 -7.0000e+01 -2.9458e-01
-1.7000e+02 -6.0000e+01 -3.5030e-01
-1.7000e+02 -5.0000e+01 -1.9658e+00
-1.7000e+02 -4.0000e+01 1.2642e+00
-1.7000e+02 -3.0000e+01 1.6183e-01
-1.7000e+02 -2.0000e+01 -2.1527e-01
-1.7000e+02 -1.0000e+01 -1.6283e+00
-1.7000e+02 0.0000e+00 1.6895e+00
-1.7000e+02 1.0000e+01 1.3165e-01
-1.7000e+02 2.0000e+01 -7.4400e-01
-1.7000e+02 3.0000e+01 -1.1407e+00
-1.7000e+02 4.0000e+01 3.6002e-01
-1.7000e+02 5.0000e+01 -3.2452e-01
-1.7000e+02 6.0000e+01 5.5175e-01
-1.7000e+02 7.0000e+01 -1.6391e-01
-1.7000e+02 8.0000e+01 -5.7272e-01
-1.7000e+02 9.0000e+01 -1.2937e+00
-1.7000e+02 1.0000e+02 -1.9688e+00
-1.7000e+02 1.1000e+02 -1.2167e+00
-1.7000e+02 1.2000e+02 -2.5390e-01
-1.7000e+02 1.3000e+02 -1.4815e+00
-1.7000e+02 1.4000e+02 1.5866e-01
-1.7000e+02 1.5000e+02 3.9372e+00
-1.7000e+02 1.6000e+02 -1.3214e+00
-1.7000e+02 1.7000e+02 -2.1293e+00
-1.7000e+02 1.8000e+02 7.4264e-02
-1.7000e+02 1.9000e+02 -1.3533e+00
-1.7000e+02 2.0000e+02 9.0754e-01
-1.6000e+02 -2.0000e+02 -4.4368e-01
-1.6000e+02 -1.9000e+02 -8.6054e-03
-1.6000e+02 -1.8000e+02 1.2303e+00
-1.6000e+02 -1.7000e+02 1.8939e+00
-1.6000e+02 -1.6000e+02 5.8818e-01
-1.6000e+02 -1.5000e+02 2.1840e+00
-1.6000e+02 -1.4000e+02 6.4046e-01
-1.6000e+02 -1.3000e+02 3.5392e+00
-1.6000e+02 -1.2000e+02 -1.0807e+00
-1.6000e+02 -1.1000e+02 1.2514e+00
-1.6000e+02 -1.0000e+02 1.3546e-01
-1.6000e+02 -9.0000e+01 8.3853e-01
-1.6000e+02 -8.0000e+01 -1.7625e+00
-1.6000e+02 -7.0000e+01 7.0398e-01
-1.6000e+02 -6.0000e+01 3.2367e+00
-1.6000e+02 -5.0000e+01 5.5970e-01
-1.6000e+02 -4.0000e+01 -2.4338e+00
-1.6000e+02 -3.0000e+01 7.4550e-02
-1.6000e+02 -2.0000e+01 -1.1058e+00
-1.6000e+02 -1.0000e+01 1.0260e-01
-1.6000e+02 0.0000e+00 -1.2349e+00
-1.6000e+02 1.0000e+01 7.5509e-01
-1.6000e+02 2.0000e+01 1.1630e+00
-1.6000e+02 3.0000e+01 -2.3320e+00
-1.6000e+02 4.0000e+01 3.3184e+00
-1.6000e+02 5.0000e+01 1.0392e+00
-1.6000e+02 6.0000e+01 -2.2710e-01
-1.6000e+02 7.0000e+01 -6.2120e-02
-1.6000e+02 8.0000e+01 4.5458e-01
-1.6000e+02 9.0000e+01 1.2050e-01
-1.6000e+02 1.0000e+02 2.8100e-01
-1.6000e+02 1.1000e+02 -3.3860e+00
-1.6000e+02 1.2000e+02 2.8582e-01
-1.6000e+02 1.3000e+02 3.1648e-01
-1.6000e+02 1.4000e+02 -2.6372e-01
-1.6000e+02 1.5000e+02 1.8287e+00
-1.6000e+02 1.6000e+02 -7.5012e-01
-1.6000e+02 1.7000e+02 -4.9819e-01
-1.6000e+02 1.8000e+02 -3.5238e+00
-1.6000e+02 1.9000e+02 2.0494e+00
-1.6000e+02 2.0000e+02 6.2259e-02
-1.5000e+02 -2.0000e+02 1.4314e+00
-1.5000e+02 -1.9000e+02 -2.6452e+00
-1.5000e+02 -1.8000e+02 -9.2185e-01
-1.5000e+02 -1.7000e+02 -7.8983e-01
-1.5000e+02 -1.6000e+02 8.4315e-01
-1.5000e+02 -1.5000e+02 2.8673e-01
-1.5000e+02 -1.4000e+02 -4.0425e-01
-1.5000e+02 -1.3000e+02 -1.2767e+00
-1.5000e+02 -1.2000e+02 1.4432e-01
-1.5000e+02 -1.1000e+02 1.1747e+00
-1.5000e+02 -1.0000e+02 1.0210e-01
-1.5000e+02 -9.0000e+01 3.4827e-01
-1.5000e+02 -8.0000e+01 -3.7332e-01
-1.5000e+02 -7.0000e+01 2.9729e+00
-1.5000e+02 -6.0000e+01 -4.9478e-01
-1.5000e+02 -5.0000e+01 1.0469e+00
-1.5000e+02 -4.0000e+01 -7.6053e-01
-1.5000e+02 -3.0000e+01 -1.1282e+00
-1.5000e+02 -2.0000e+01 -4.7532e-01
-1.5000e+02 -1.0000e+01 6.3257e-01
-1.5000e+02 0.0000e+00 -8.0288e-02
-1.5000e+02 1.0000e+01 -1.0149e+00
-1.5000e+02 2.0000e+01 -3.3746e+00
-1.5000e+02 3.0000e+01 -1.7439e-01
-1.5000e+02 4.0000e+01 3.7476e-01
-1.5000e+02 5.0000e+01 -7.3606e-01
-1.5000e+02 6.0000e+01 8.0105e-01
-1.5000e+02 7.0000e+01 6.4203e-01
-1.5000e+02 8.0000e+01 4.1564e-01
-1.5000e+02 9.0000e+01 -3.1183e-01
-1.5000e+02 1.0000e+02 -2.0962e+00
-1.5000e+02 1.1000e+02 -2.2931e+00
-1.5000e+02 1.2000e+02 2.3063e-01
-1.5000e+02 1.3000e+02 -4.7589e-01
-1.5000e+02 1.4000e+02 9.0181e-01
-1.5000e+02 1.5000e+02 -4.3056e-01
-1.5000e+02 1.6000e+02 1.3785e+00
-1.5000e+02 1.7000e+02 2.4642e+00
-1.5000e+02 1.8000e+02 2.9645e+00
-1.5000e+02 1.9000e+02 2.6157e-01
-1.5000e+02 2.0000e+02 1.5525e+00
-1.4000e+02 -2.0000e+02 1.1840e+00
-1.4000e+02 -1.9000e+02 -1.8180e-01
-1.4000e+02 -1.8000e+02 -1.1945e-02
-1.4000e+02 -1.7000e+02 -1.4090e+00
-1.4000e+02 -1.6000e+02 9.9501e-01
-1.4000e+02 -1.5000e+02 1.4186e+00
-1.4000e+02 -1.4000e+02 -2.6216e+00
-1.4000e+02 -1.3000e+02 1.9243e+00
-1.4000e+02 -1.2000e+02 1.9468e+00
-1.4000e+02 -1.1000e+02 7.6864e-01
-1.4000e+02 -1.0000e+02 -4.2066e-01
-1.4000e+02 -9.0000e+01 -5.2883e-01
-1.4000e+02 -8.0000e+01 1.0350e+00
-1.4000e+02 -7.0000e+01 1.8725e+00
-1.4000e+02 -6.0000e+01 -4.2031e+00
-1.4000e+02 -5.0000e+01 -2.4867e-01
-1.4000e+02 -4.0000e+01 -2.4812e+00
-1.4000e+02 -3.0000e+01 -1.8972e+00
-1.4000e+02 -2.0000e+01 7.8071e-01
-1.4000e+02 -1.0000e+01 -9.8856e-01
-1.4000e+02 0.0000e+00 -1.9556e+00
-1.4000e+02 1.0000e+01 -1.6877e-01
-1.4000e+02 2.0000e+01 -1.2053e+00
-1.4000e+02 3.0000e+01 -8.9232e-01
-1.4000e+02 4.0000e+01 7.2044e-01
-1.4000e+02 5.0000e+01 -3.1558e+00
-1.4000e+02 6.0000e+01 -3.3754e+00
-1.4000e+02 7.0000e+01 3.2256e+00
-1.4000e+02 8.0000e+01 1.2492e+00
-1.4000e+02 9.0000e+01 1.6633e+00
-1.4000e+02 1.0000e+02 -8.0706e-01
-1.4000e+02 1.1000e+02 -1.2246e+00
-1.4000e+02 1.2000e+02 4.0290e-01
-1.4000e+02 1.3000e+02 9.7907e-01
-1.4000e+02 1.4000e+02 -1.8301e+00
-1.4000e+02 1.5000e+02 -3.1149e+00
-1.4000e+02 1.6000e+02 -1.5140e+00
-1.4000e+02 1.7000e+02 -1.3053e+00
-1.4000e+02 1.8000e+02 3.4404e-01
-1.4000e+02 1.9000e+02 -4.5037e-01
-1.4000e+02 2.0000e+02 -1.1196e+00
-1.3000e+02 -2.0000e+02 1.2326e+00
-1.3000e+02 -1.9000e+02 4.0278e-01
-1.3000e+02 -1.8000e+02 8.8471e-01
-1.3000e+02 -1.7000e+02 4.5181e-01
-1.3000e+02 -1.6000e+02 -1.3374e+00
-1.3000e+02 -1.5000e+02 1.3637e+00
-1.3000e+02 -1.4000e+02 -7.1229e-01
-1.3000e+02 -1.3000e+02 -1.2946e+00
-1.3000e+02 -1.2000e+02 -6.8832e-01
-1.3000e+02 -1.1000e+02 -1.5493e-01
-1.3000e+02 -1.0000e+02 2.4475e-01
-1.3000e+02 -9.0000e+01 -2.0558e+00
-1.3000e+02 -8.0000e+01 1.1208e-01
-1.3000e+02 -7.0000e+01 -2.0198e+00
-1.3000e+02 -6.0000e+01 1.4196e+00
-1.3000e+02 -5.0000e+01 2.0257e+00
-1.3000e+02 -4.0000e+01 -1.7840e+00
-1.3000e+02 -3.0000e+01 -3.1485e+00
-1.3000e+02 -2.0000e+01 3.4257e-01
-1.3000e+02 -1.0000e+01 3.0817e-01
-1.3000e+02 0.0000e+00 -1.1759e+00
-1.3000e+02 1.0000e+01 1.6247e+00
-1.3000e+02 2.0000e+01 -1.1619e-01
-1.3000e+02 3.0000e+01 -3.7377e+00
-1.3000e+02 4.0000e+01 8.7774e-01
-1.3000e+02 5.0000e+01 -1.7573e+00
-1.3000e+02 6.0000e+01 1.2966e+00
-1.3000e+02 7.0000e+01 -2.4072e+00
-1.3000e+02 8.0000e+01 -3.3725e+00
-1.3000e+02 9.0000e+01 1.1604e+00
-1.3000e+02 1.0000e+02 5.5368e-01
-1.3000e+02 1.1000e+02 -2.9820e-01
-1.3000e+02 1.2000e+02 -1.3804e+00
-1.3000e+02 1.3000e+02 6.7156e-01
-1.3000e+02 1.4000e+02 9.5275e-02
-1.3000e+02 1.5000e+02 1.7196e-01
-1.3000e+02 1.6000e+02 1.2425e+00
-1.3000e+02 1.7000e+02 9.7531e-01
-1.3000e+02 1.8000e+02 -7.5805e-01
-1.3000e+02 1.9000e+02 3.3161e-01
-1.3000e+02 2.0000e+02 2.6663e+00
-1.2000e+02 -2.0000e+02 7.3716e-01
-1.2000e+02 -1.9000e+02 -3.7756e-01
-1.2000e+02 -1.8000e+02 2.2319e+00
-1.2000e+02 -1.7000e+02 -2.0843e+00
-1.2000e+02 -1.6000e+02 2.0111e-01
-1.2000e+02 -1.5000e+02 -1.3394e+00
-1.2000e+02 -1.4000e+02 1.5565e+00
-1.2000e+02 -1.3000e+02 -1.6209e+00
-1.2000e+02 -1.2000e+02 -4.3708e-01
-1.2000e+02 -1.1000e+02 -7.9541e-01
-1.2000e+02 -1.0000e+02 -2.9619e-01
-1.2000e+02 -9.0000e+01 7.2082e-01
-1.2000e+02 -8.0000e+01 1.1460e-01
-1.2000e+02 -7.0000e+01 -2.4189e+00
-1.2000e+02 -6.0000e+01 -1.4954e+00
-1.2000e+02 -5.0000e+01 7.6776e-01
-1.2000e+02 -4.0000e+01 -3.7288e-01
-1.2000e+02 -3.0000e+01 -2.6888e+00
-1.2000e+02 -2.0000e+01 -3.9851e+00
-1.2000e+02 -1.0000e+01 -4.5736e-01
-1.2000e+02 0.0000e+00 -4.4322e-01
-1.2000e+02 1.0000e+01 -1.2754e+00
-1.2000e+02 2.0000e+01 -3.0865e+00
-1.2000e+02 3.0000e+01 5.4999e-01
-1.2000e+02 4.0000e+01 -1.7896e+00
-1.2000e+02 5.0000e+01 -2.1663e+00
-1.2000e+02 6.0000e+01 1.2673e+00
-1.2000e+02 7.0000e+01 3.7051e+00
-1.2000e+02 8.0000e+01 9.6581e-01
-1.2000e+02 9.0000e+01 -7.9532e-01
-1.2000e+02 1.0000e+02 1.2905e+00
-1.2000e+02 1.1000e+02 -1.4854e+00
-1.2000e+02 1.2000e+02 -1.4306e+00
-1.2000e+02 1.3000e+02 1.5468e+00
-1.2000e+02 1.4000e+02 -9.1557e-01
-1.2000e+02 1.5000e+02 -1.9361e-01
-1.2000e+02 1.6000e+02 -8.3056e-01
-1.2000e+02 1.7000e+02 1.8096e+00
-1.2000e+02 1.8000e+02 -9.1491e-01
-1.2000e+02 1.9000e+02 -6.1317e-01
-1.2000e+02 2.0000e+02 -7.2633e-01
-1.1000e+02 -2.0000e+02 -7.0342e-01
-1.1000e+02 -1.9000e+02 -2.3993e+00
-1.1000e+02 -1.8000e+02 3.4837e+00
-1.1000e+02 -1.7000e+02 1.8066e+00
-1.1000e+02 -1.6000e+02 -1.4929e+00
-1.1000e+02 -1.5000e+02 -1.3046e+00
-1.1000e+02 -1.4000e+02 -2.7164e-01
-1.1000e+02 -1.3000e+02 -5.5542e-01
-1.1000e+02 -1.2000e+02 2.6372e+00
-1.1000e+02 -1.1000e+02 2.2450e+00
-1.1000e+02 -1.0000e+02 -5.5393e-01
-1.1000e+02 -9.0000e+01 -8.8700e-01
-1.1000e+02 -8.0000e+01 1.8548e-01
-1.1000e+02 -7.0000e+01 5.8061e-01
-1.1000e+02 -6.0000e+01 -4.7173e-01
-1.1000e+02 -5.0000e+01 -2.5975e+00
-1.1000e+02 -4.0000e+01 -6.2794e-01
-1.1000e+02 -3.0000e+01 -7.6417e-01
-1.1000e+02 -2.0000e+01 3.9284e-01
-1.1000e+02 -1.0000e+01 -2.9774e+00
-1.1000e+02 0.0000e+00 -1.1250e+00
-1.1000e+02 1.0000e+01 -4.8438e+00
-1.1000e+02 2.0000e+01 -2.3570e+00
-1.1000e+02 3.0000e+01 1.2380e-02
-1.1000e+02 4.0000e+01 -3.2269e+00
-1.1000e+02 5.0000e+01 -3.7111e+00
-1.1000e+02 6.0000e+01 4.5187e-01
-1.1000e+02 7.0000e+01 -1.6063e+00
-1.1000e+02 8.0000e+01 6.0826e-01
-1.1000e+02 9.0000e+01 -5.7571e-01
-1.1000e+02 1.0000e+02 -2.1023e+00
-1.1000e+02 1.1000e+02 -1.2769e+00
-1.1000e+02 1.2000e+02 -8.7866e-01
-1.1000e+02 1.3000e+02 -8.5513e-01
-1.1000e+02 1.4000e+02 -3.4928e-01
-1.1000e+02 1.5000e+02 -2.2293e+00
-1.1000e+02 1.6000e+02 9.2182e-01
-1.1000e+02 1.7000e+02 -1.7431e+00
-1.1000e+02 1.8000e+02 -4.0779e+00
-1.1000e+02 1.9000e+02 3.9553e-02
-1.1000e+02 2.0000e+02 1.5973e+00
-1.0000e+02 -2.0000e+02 -2.2389e+00
-1.0000e+02 -1.9000e+02 -3.9533e-01
-1.0000e+02 -1.8000e+02 6.5667e-01
-1.0000e+02 -1.7000e+02 7.0428e-01
-1.0000e+02 -1.6000e+02 3.0448e+00
-1.0000e+02 -1.5000e+02 -6.9689e-01
-1.0000e+02 -1.4000e+02 1.5500e+00
-1.0000e+02 -1.3000e+02 3.9463e-01
-1.0000e+02 -1.2000e+02 -1.5026e+00
-1.0000e+02 -1.1000e+02 1.4631e+00
-1.0000e+02 -1.0000e+02 -7.9026e-01
-1.0000e+02 -9.0000e+01 -6.9216e-01
-1.0000e+02 -8.0000e+01 -1.5114e+00
-1.0000e+02 -7.0000e+01 -1.0194e+00
-1.0000e+02 -6.0000e+01 -1.5842e+00
-1.0000e+02 -5.0000e+01 -1.7167e+00
-1.0000e+02 -4.0000e+01 5.3326e-01
-1.0000e+02 -3.0000e+01 -3.2979e+00
-1.0000e+02 -2.0000e+01 -1.5912e+00
-1.0000e+02 -1.0000e+01 -4.4552e+00
-1.0000e+02 0.0000e+00 -8.5674e-01
-1.0000e+02 1.0000e+01 -4.0695e+00
-1.0000e+02 2.0000e+01 -3.7870e+00
-1.0000e+02 3.0000e+01 -4.0455e+00
-1.0000e+02 4.0000e+01 -1.3518e+00
-1.0000e+02 5.0000e+01 -4.1262e-01
-1.0000e+02 6.0000e+01 -1.9244e+00
-1.0000e+02 7.0000e+01 -6.2118e-01
-1.0000e+02 8.0000e+01 5.3679e-01
-1.0000e+02 9.0000e+01 2.0605e-01
-1.0000e+02 1.0000e+02 5.7769e-01
-1.0000e+02 1.1000e+02 3.3290e+00
-1.0000e+02 1.2000e+02 -6.7745e-01
-1.0000e+02 1.3000e+02 -7.6630e-01
-1.0000e+02 1.4000e+02 1.5346e+00
-1.0000e+02 1.5000e+02 -1.3477e+00
-1.0000e+02 1.6000e+02 -1.7708e+00
-1.0000e+02 1.7000e+02 -5.2520e-01
-1.0000e+02 1.8000e+02 -9.4844e-01
-1.0000e+02 1.9000e+02 -9.0458e-02
-1.0000e+02 2.0000e+02 -5.1137e-01
-9.0000e+01 -2.0000e+02 1.7197e+00
-9.0000e+01 -1.9000e+02 1.7267e+00
-9.0000e+01 -1.8000e+02 6.9905e-01
-9.0000e+01 -1.7000e+02 -1.0474e+00
-9.0000e+01 -1.6000e+02 9.6841e-01
-9.0000e+01 -1.5000e+02 4.3601e+00
-9.0000e+01 -1.4000e+02 1.7448e+00
-9.0000e+01 -1.3000e+02 2.0843e+00
-9.0000e+01 -1.2000e+02 9.3992e-01
-9.0000e+01 -1.1000e+02 -7.4212e-01
-9.0000e+01 -1.0000e+02 -1.2362e+00
-9.0000e+01 -9.0000e+01 -6.9961e-01
-9.0000e+01 -8.0000e+01 -1.1305e+00
-9.0000e+01 -7.0000e+01 -9.0526e-01
-9.0000e+01 -6.0000e+01 -9.9748e-01
-9.0000e+01 -5.0000e+01 -1.7201e+00
-9.0000e+01 -4.0000e+01 -4.6781e+00
-9.0000e+01 -3.0000e+01 -4.0570e+00
-9.0000e+01 -2.0000e+01 -5.5857e+00
-9.0000e+01 -1.0000e+01 -5.0865e+00
-9.0000e+01 0.0000e+00 -3.8961e+00
-9.0000e+01 1.0000e+01 -2.9675e+00
-9.0000e+01 2.0000e+01 -4.1989e+00
-9.0000e+01 3.0000e+01 -3.4193e+00
-9.0000e+01 4.0000e+01 -3.9965e+00
-9.0000e+01 5.0000e+01 -6.2388e+00
-9.0000e+01 6.0000e+01 -2.9227e+00
-9.0000e+01 7.0000e+01 -4.4299e+00
-9.0000e+01 8.0000e+01 -3.5074e+00
-9.0000e+01 9.0000e+01 -5.2737e-01
-9.0000e+01 1.0000e+02 8.9207e-01
-9.0000e+01 1.1000e+02 2.4940e-01
-9.0000e+01 1.2000e+02 -2.1357e+00
-9.0000e+01 1.3000e+02 8.8962e-01
-9.0000e+01 1.4000e+02 2.0176e+00
-9.0000e+01 1.5000e+02 6.7254e-01
-9.0000e+01 1.6000e+02 -4.9225e-01
-9.0000e+01 1.7000e+02 -2.6951e+00
-9.0000e+01 1.8000e+02 6.4174e-02
-9.0000e+01 1.9000e+02 1.4030e+00
-9.0000e+01 2.0000e+02 1.5781e+00
-8.0000e+01 -2.0000e+02 -1.0748e+00
-8.0000e+01 -1.9000e+02 -2.3326e+00
-8.0000e+01 -1.8000e+02 1.9544e-01
-8.0000e+01 -1.7000e+02 -5.5276e-01
-8.0000e+01 -1.6000e+02 1.2527e+00
-8.0000e+01 -1.5000e+02 1.5963e+00
-8.0000e+01 -1.4000e+02 -1.2550e-01
-8.0000e+01 -1.3000e+02 -2.4592e+00
-8.0000e+01 -1.2000e+02 -1.0888e+00
-8.0000e+01 -1.1000e+02 -6.2369e-01
-8.0000e+01 -1.0000e+02 -1.6623e+00
-8.0000e+01 -9.0000e+01 -1.5220e+00
-8.0000e+01 -8.0000e+01 -1.7839e+00
-8.0000e+01 -7.0000e+01 -3.9494e+00
-8.0000e+01 -6.0000e+01 -1.2547e+00
-8.0000e+01 -5.0000e+01 -3.6647e+00
-8.0000e+01 -4.0000e+01 -4.1979e+00
-8.0000e+01 -3.0000e+01 -4.3691e+00
-8.0000e+01 -2.0000e+01 -4.0429e+00
-8.0000e+01 -1.0000e+01 -6.1648e+00
-8.0000e+01 0.0000e+00 -7.6372e+00
-8.0000e+01 1.0000e+01 -6.1075e+00
-8.0000e+01 2.0000e+01 -5.4814e+00
-8.0000e+01 3.0000e+01 -3.6124e+00
-8.0000e+01 4.0000e+01 -5.4809e+00
-8.0000e+01 5.0000e+01 -2.5451e+00
-8.0000e+01 6.0000e+01 -1.6505e-01
-8.0000e+01 7.0000e+01 -3.5219e+00
-8.0000e+01 8.0000e+01 -1.8117e+00
-8.0000e+01 9.0000e+01 -1.1880e+00
-8.0000e+01 1.0000e+02 -2.6721e+00
-8.0000e+01 1.1000e+02 -2.1015e+00
-8.0000e+01 1.2000e+02 -7.4225e-01
-8.0000e+01 1.3000e+02 -7.8777e-02
-8.0000e+01 1.4000e+02 -5.0810e-01
-8.0000e+01 1.5000e+02 -8.9075e-02
-8.0000e+01 1.6000e+02 -1.3790e+00
-8.0000e+01 1.7000e+02 -8.7155e-01
-8.0000e+01 1.8000e+02 -1.4848e+00
-8.0000e+01 1.9000e+02 -7.1987e-01
-8.0000e+01 2.0000e+02 2.8215e+00
-7.0000e+01 -2.0000e+02 -6.8332e-01
-7.0000e+01 -1.9000e+02 -1.5744e-01
-7.0000e+01 -1.8000e+02 -1.7804e+00
-7.0000e+01 -1.7000e+02 -1.2944e+00
-7.0000e+01 -1.6000e+02 -2.5468e+00
-7.0000e+01 -1.5000e+02 -3.3732e-01
-7.0000e+01 -1.4000e+02 -1.0329e+00
-7.0000e+01 -1.3000e+02 -1.7571e+00
-7.0000e+01 -1.2000e+02 4.5630e-01
-7.0000e+01 -1.1000e+02 -2.2585e+00
-7.0000e+01 -1.0000e+02 -4.7479e-01
-7.0000e+01 -9.0000e+01 -2.8849e+00
-7.0000e+01 -8.0000e+01 -2.2293e+00
-7.0000e+01 -7.0000e+01 -2.0742e+00
-7.0000e+01 -6.0000e+01 -6.2921e+00
-7.0000e+01 -5.0000e+01 -2.7547e+00
-7.0000e+01 -4.0000e+01 -2.9710e+00
-7.0000e+01 -3.0000e+01 -5.2285e+00
-7.0000e+01 -2.0000e+01 -5.4925e+00
-7.0000e+01 -1.0000e+01 -6.8731e+00
-7.0000e+01 0.0000e+00 -8.9582e+00
-7.0000e+01 1.0000e+01 -6.4832e+00
-7.0000e+01 2.0000e+01 -6.4991e+00
-7.0000e+01 3.0000e+01 -8.5243e+00
-7.0000e+01 4.0000e+01 -4.1464e+00
-7.0000e+01 5.0000e+01 -6.0695e+00
-7.0000e+01 6.0000e+01 -4.0264e+00
-7.0000e+01 7.0000e+01 7.8311e-01
-7.0000e+01 8.0000e+01 -2.4336e+00
-7.0000e+01 9.0000e+01 -2.8804e+00
-7.0000e+01 1.0000e+02 -3.1777e+00
-7.0000e+01 1.1000e+02 -2.0516e+00
-7.0000e+01 1.2000e+02 -9.0955e-01
-7.0000e+01 1.3000e+02 -3.1912e+00
-7.0000e+01 1.4000e+02 -2.0253e+00
-7.0000e+01 1.5000e+02 1.4077e+00
-7.0000e+01 1.6000e+02 -9.4198e-01
-7.0000e+01 1.7000e+02 4.6512e-01
-7.0000e+01 1.8000e+02 1.1154e+00
-7.0000e+01 1.9000e+02 2.5788e+00
-7.0000e+01 2.0000e+02 -2.2507e+00
-6.0000e+01 -2.0000e+02 2.0799e+00
-6.0000e+01 -1.9000e+02 2.3226e-04
-6.0000e+01 -1.8000e+02 -8.7546e-01
-6.0000e+01 -1.7000e+02 -2.3708e+00
-6.0000e+01 -1.6000e+02 1.1155e+00
-6.0000e+01 -1.5000e+02 1.9054e+00
-6.0000e+01 -1.4000e+02 4.3772e-01
-6.0000e+01 -1.3000e+02 -9.3457e-02
-6.0000e+01 -1.2000e+02 3.3892e-02
-6.0000e+01 -1.1000e+02 -4.8625e-01
-6.0000e+01 -1.0000e+02 -3.3376e+00
-6.0000e+01 -9.0000e+01 -1.6309e+00
-6.0000e+01 -8.0000e+01 5.1139e-01
-6.0000e+01 -7.0000e+01 -4.4605e+00
-6.0000e+01 -6.0000e+01 -5.3551e+00
-6.0000e+01 -5.0000e+01 -8.8896e+00
-6.0000e+01 -4.0000e+01 -7.2488e+00
-6.0000e+01 -3.0000e+01 -7.8994e+00
-6.0000e+01 -2.0000e+01 -7.8322e+00
-6.0000e+01 -1.0000e+01 -6.9492e+00
-6.0000e+01 0.0000e+00 -7.8986e+00
-6.0000e+01 1.0000e+01 -9.9157e+00
-6.0000e+01 2.0000e+01 -7.7114e+00
-6.0000e+01 3.0000e+01 -6.7255e+00
-6.0000e+01 4.0000e+01 -7.9338e+00
-6.0000e+01 5.0000e+01 -6.8475e+00
-6.0000e+01 6.0000e+01 -3.9720e+00
-6.0000e+01 7.0000e+01 -2.4338e+00
-6.0000e+01 8.0000e+01 -5.4549e+00
-6.0000e+01 9.0000e+01 -2.9953e+00
-6.0000e+01 1.0000e+02 -2.5125e+00
-6.0000e+01 1.1000e+02 -2.7881e+00
-6.0000e+01 1.2000e+02 -2.1852e+00
-6.0000e+01 1.3000e+02 -2.3869e+00
-6.0000e+01 1.4000e+02 -2.8291e+00
-6.0000e+01 1.5000e+02 1.5189e+00
-6.0000e+01 1.6000e+02 3.3087e+00
-6.0000e+01 1.7000e+02 5.9220e-01
-6.0000e+01 1.8000e+02 -3.4503e-02
-6.0000e+01 1.9000e+02 -3.0675e-01
-6.0000e+01 2.0000e+02 -1.7384e+00
-5.0000e+01 -2.0000e+02 -3.3572e-01
-5.0000e+01 -1.9000e+02 -6.6680e-01
-5.0000e+01 -1.8000e+02 1.7663e+00
-5.0000e+01 -1.7000e+02 -1.9772e+00
-5.0000e+01 -1.6000e+02 -2.1666e+00
-5.0000e+01 -1.5000e+02 -4.0801e+00
-5.0000e+01 -1.4000e+02 -7.5872e-01
-5.0000e+01 -1.3000e+02 2.8642e+00
-5.0000e+01 -1.2000e+02 1.2539e+00
-5.0000e+01 -1.1000e+02 -1.7329e+00
-5.0000e+01 -1.0000e+02 -2.3801e-01
-5.0000e+01 -9.0000e+01 -5.0185e+00
-5.0000e+01 -8.0000e+01 -2.3342e+00
-5.0000e+01 -7.0000e+01 -4.3117e+00
-5.0000e+01 -6.0000e+01 -5.9657e+00
-5.0000e+01 -5.0000e+01 -6.4592e+00
-5.0000e+01 -4.0000e+01 -5.8552e+00
-5.0000e+01 -3.0000e+01 -9.6633e+00
-5.0000e+01 -2.0000e+01 -1.0479e+01
-5.0000e+01 -1.0000e+01 -1.0088e+01
-5.0000e+01 0.0000e+00 -1.2116e+01
-5.0000e+01 1.0000e+01 -1.0761e+01
-5.0000e+01 2.0000e+01 -1.0356e+01
-5.0000e+01 3.0000e+01 -8.6582e+00
-5.0000e+01 4.0000e+01 -1.0310e+01
-5.0000e+01 5.0000e+01 -5.8799e+00
-5.0000e+01 6.0000e+01 -7.2022e+00
-5.0000e+01 7.0000e+01 -5.1091e+00
-5.0000e+01 8.0000e+01 -3.2216e+00
-5.0000e+01 9.0000e+01 -1.5832e+00
-5.0000e+01 1.0000e+02 -1.0484e+00
-5.0000e+01 1.1000e+02 -1.1574e-01
-5.0000e+01 1.2000e+02 -1.3296e+00
-5.0000e+01 1.3000e+02 6.4129e-01
-5.0000e+01 1.4000e+02 -2.3743e+00
-5.0000e+01 1.5000e+02 2.0525e+00
-5.0000e+01 1.6000e+02 1.3137e+00
-5.0000e+01 1.7000e+02 -4.6536e-02
-5.0000e+01 1.8000e+02 4.4210e-01
-5.0000e+01 1.9000e+02 -1.3380e-01
-5.0000e+01 2.0000e+02 1.9879e+00
-4.0000e+01 -2.0000e+02 2.4307e+00
-4.0000e+01 -1.9000e+02 1.3169e+00
-4.0000e+01 -1.8000e+02 2.9015e+00
-4.0000e+01 -1.7000e+02 7.8583e-02
-4.0000e+01 -1.6000e+02 -1.5041e+00
-4.0000e+01 -1.5000e+02 6.1865e-01
-4.0000e+01 -1.4000e+02 6.5221e-01
-4.0000e+01 -1.3000e+02 -1.9456e+00
-4.0000e+01 -1.2000e+02 -1.0226e+00
-4.0000e+01 -1.1000e+02 -1.5806e+00
-4.0000e+01 -1.0000e+02 -2.2018e+00
-4.0000e+01 -9.0000e+01 -5.3192e+00
-4.0000e+01 -8.0000e+01 -4.2678e+00
-4.0000e+01 -7.0000e+01 -6.2425e+00
-4.0000e+01 -6.0000e+01 -9.1646e+00
-4.0000e+01 -5.0000e+01 -8.7048e+00
-4.0000e+01 -4.0000e+01 -8.9373e+00
-4.0000e+01 -3.0000e+01 -1.1647e+01
-4.0000e+01 -2.0000e+01 -1.2010e+01
-4.0000e+01 -1.0000e+01 -1.3143e+01
-4.0000e+01 0.0000e+00 -1.2124e+01
-4.0000e+01 1.0000e+01 -1.4960e+01
-4.0000e+01 2.0000e+01 -1.1089e+01
-4.0000e+01 3.0000e+01 -8.6642e+00
-4.0000e+01 4.0000e+01 -9.9075e+00
-4.0000e+01 5.0000e+01 -5.8544e+00
-4.0000e+01 6.0000e+01 -7.5200e+00
-4.0000e+01 7.0000e+01 -5.5383e+00
-4.0000e+01 8.0000e+01 -5.0357e+00
-4.0000e+01 9.0000e+01 -2.7532e+00
-4.0000e+01 1.0000e+02 -2.7040e+00
-4.0000e+01 1.1000e+02 -2.6698e+00
-4.0000e+01 1.2000e+02 -1.7435e+00
-4.0000e+01 1.3000e+02 8.2989e-01
-4.0000e+01 1.4000e+02 -2.5366e+00
-4.0000e+01 1.5000e+02 1.3603e+00
-4.0000e+01 1.6000e+02 4.3948e-01
-4.0000e+01 1.7000e+02 -9.1429e-01
-4.0000e+01 1.8000e+02 1.5119e+00
-4.0000e+01 1.9000e+02 8.1976e-02
-4.0000e+01 2.0000e+02 -1.6482e-01
-3.0000e+01 -2.0000e+02 1.4472e+00
-3.0000e+01 -1.9000e+02 7.4294e-01
-3.0000e+01 -1.8000e+02 7.0818e-01
-3.0000e+01 -1.7000e+02 7.3627e-01
-3.0000e+01 -1.6000e+02 4.2645e-01
-3.0000e+01 -1.5000e+02 -1.9908e+00
-3.0000e+01 -1.4000e+02 -3.0092e+00
-3.0000e+01 -1.3000e+02 1.6127e+00
-3.0000e+01 -1.2000e+02 -1.8868e+00
-3.0000e+01 -1.1000e+02 -1.9031e+00
-3.0000e+01 -1.0000e+02 -2.7270e+00
-3.0000e+01 -9.0000e+01 -5.1852e+00
-3.0000e+01 -8.0000e+01 -3.4191e+00
-3.0000e+01 -7.0000e+01 -4.5039e+00
-3.0000e+01 -6.0000e+01 -6.6364e+00
-3.0000e+01 -5.0000e+01 -8.1081e+00
-3.0000e+01 -4.0000e+01 -1.1329e+01
-3.0000e+01 -3.0000e+01 -1.0679e+01
-3.0000e+01 -2.0000e+01 -1.1332e+01
-3.0000e+01 -1.0000e+01 -1.1478e+01
-3.0000e+01 0.0000e+00 -1.2833e+01
-3.0000e+01 1.0000e+01 -1.0481e+01
-3.0000e+01 2.0000e+01 -1.2275e+01
-3.0000e+01 3.0000e+01 -1.1488e+01
-3.0000e+01 4.0000e+01 -1.0331e+01
-3.0000e+01 5.0000e+01 -9.0290e+00
-3.0000e+01 6.0000e+01 -7.8497e+00
-3.0000e+01 7.0000e+01 -5.3503e+00
-3.0000e+01 8.0000e+01 -4.1076e+00
-3.0000e+01 9.0000e+01 -1.4865e+00
-3.0000e+01 1.0000e+02 -2.2730e+00
-3.0000e+01 1.1000e+02 -5.9213e-01
-3.0000e+01 1.2000e+02 2.9537e-01
-3.0000e+01 1.3000e+02 -2.4501e+00
-3.0000e+01 1.4000e+02 -7.9290e-01
-3.0000e+01 1.5000e+02 -3.3154e+00
-3.0000e+01 1.6000e+02 1.1236e+00
-3.0000e+01 1.7000e+02 2.1737e-01
-3.0000e+01 1.8000e+02 -1.3993e+00
-3.0000e+01 1.9000e+02 -6.0257e-01
-3.0000e+01 2.0000e+02 -8.5052e-01
-2.0000e+01 -2.0000e+02 1.6881e+00
-2.0000e+01 -1.9000e+02 -6.3239e-01
-2.0000e+01 -1.8000e+02 -1.2052e-01
-2.0000e+01 -1.7000e+02 -2.9689e-01
-2.0000e+01 -1.6000e+02 -2.8259e-01
-2.0000e+01 -1.5000e+02 4.4862e-01
-2.0000e+01 -1.4000e+02 -2.9521e+00
-2.0000e+01 -1.3000e+02 2.1626e+00
-2.0000e+01 -1.2000e+02 -2.7334e+00
-2.0000e+01 -1.1000e+02 -3.9355e+00
-2.0000e+01 -1.0000e+02 -3.3870e+00
-2.0000e+01 -9.0000e+01 -3.2529e+00
-2.0000e+01 -8.0000e+01 -4.7904e+00
-2.0000e+01 -7.0000e+01 -4.7887e+00
-2.0000e+01 -6.0000e+01 -8.4443e+00
-2.0000e+01 -5.0000e+01 -1.0377e+01
-2.0000e+01 -4.0000e+01 -9.6079e+00
-2.0000e+01 -3.0000e+01 -1.1787e+01
-2.0000e+01 -2.0000e+01 -1.0735e+01
-2.0000e+01 -1.0000e+01 -1.4770e+01
-2.0000e+01 0.0000e+00 -1.3830e+01
-2.0000e+01 1.0000e+01 -1.3641e+01
-2.0000e+01 2.0000e+01 -1.4939e+01
-2.0000e+01 3.0000e+01 -9.1438e+00
-2.0000e+01 4.0000e+01 -9.0551e+00
-2.0000e+01 5.0000e+01 -1.1793e+01
-2.0000e+01 6.0000e+01 -7.8380e+00
-2.0000e+01 7.0000e+01 -8.1544e+00
-2.0000e+01 8.0000e+01 -5.1277e+00
-2.0000e+01 9.0000e+01 -5.1600e+00
-2.0000e+01 1.0000e+02 6.9621e-01
-2.0000e+01 1.1000e+02 -3.3322e+00
-2.0000e+01 1.2000e+02 -2.5263e+00
-2.0000e+01 1.3000e+02 1.8459e+00
-2.0000e+01 1.4000e+02 2.9640e-02
-2.0000e+01 1.5000e+02 -2.8611e+00
-2.0000e+01 1.6000e+02 6.8064e-01
-2.0000e+01 1.7000e+02 -2.5574e+00
-2.0000e+01 1.8000e+02 2.1423e+00
-2.0000e+01 1.9000e+02 -1.0600e-01
-2.0000e+01 2.0000e+02 2.6293e-02
-1.0000e+01 -2.0000e+02 1.4994e+00
-1.0000e+01 -1.9000e+02 3.3509e-01
-1.0000e+01 -1.8000e+02 -8.9509e-01
-1.0000e+01 -1.7000e+02 9.8836e-01
-1.0000e+01 -1.6000e+02 -3.8320e+00
-1.0000e+01 -1.5000e+02 1.5766e+00
-1.0000e+01 -1.4000e+02 -8.9577e-01
-1.0000e+01 -1.3000e+02 -3.5762e+00
-1.0000e+01 -1.2000e+02 -2.8379e+00
-1.0000e+01 -1.1000e+02 -1.5408e+00
-1.0000e+01 -1.0000e+02 -3.5150e+00
-1.0000e+01 -9.0000e+01 -2.0672e+00
-1.0000e+01 -8.0000e+01 -2.6815e+00
-1.0000e+01 -7.0000e+01 -8.7811e+00
-1.0000e+01 -6.0000e+01 -1.0085e+01
-1.0000e+01 -5.0000e+01 -1.3132e+01
-1.0000e+01 -4.0000e+01 -1.3224e+01
-1.0000e+01 -3.0000e+01 -1.1486e+01
-1.0000e+01 -2.0000e+01 -1.3986e+01
-1.0000e+01 -1.0000e+01 -1.3714e+01
-1.0000e+01 0.0000e+00 -1.4809e+01
-1.0000e+01 1.0000e+01 -1.4506e+01
-1.0000e+01 2.0000e+01 -1.4286e+01
-1.0000e+01 3.0000e+01 -1.2061e+01
-1.0000e+01 4.0000e+01 -1.2760e+01
-1.0000e+01 5.0000e+01 -1.1866e+01
-1.0000e+01 6.0000e+01 -8.8203e+00
-1.0000e+01 7.0000e+01 -8.8229e+00
-1.0000e+01 8.0000e+01 -5.7505e+00
-1.0000e+01 9.0000e+01 -4.8530e+00
-1.0000e+01 1.0000e+02 -3.1326e+00
-1.0000e+01 1.1000e+02 -5.0855e+00
-1.0000e+01 1.2000e+02 -2.2965e+00
-1.0000e+01 1.3000e+02 7.8843e-02
-1.0000e+01 1.4000e+02 -1.0959e+00
-1.0000e+01 1.5000e+02 -1.2755e+00
-1.0000e+01 1.6000e+02 -4.6702e-02
-1.0000e+01 1.7000e+02 -1.9146e+00
-1.0000e+01 1.8000e+02 -1.9498e+00
-1.0000e+01 1.9000e+02 -2.5690e-01
-1.0000e+01 2.0000e+02 5.1130e-01
0.0000e+00 -2.0000e+02 7.3754e-02
0.0000e+00 -1.9000e+02 4.2487e-01
0.0000e+00 -1.8000e+02 -2.9015e+00
0.0000e+00 -1.7000e+02 -1.4035e+00
0.0000e+00 -1.6000e+02 1.5789e-01
0.0000e+00 -1.5000e+02 -1.6285e-01
0.0000e+00 -1.4000e+02 -3.0404e+00
0.0000e+00 -1.3000e+02 -1.9529e+00
0.0000e+00 -1.2000e+02 -1.0110e+00
0.0000e+00 -1.1000e+02 -2.6260e+00
0.0000e+00 -1.0000e+02 -2.3315e+00
0.0000e+00 -9.0000e+01 -3.2918e+00
0.0000e+00 -8.0000e+01 -5.1060e+00
0.0000e+00 -7.0000e+01 -4.9464e+00
0.0000e+00 -6.0000e+01 -1.1124e+01
0.0000e+00 -5.0000e+01 -9.7464e+00
0.0000e+00 -4.0000e+01 -1.0940e+01
0.0000e+00 -3.0000e+01 -1.1790e+01
0.0000e+00 -2.0000e+01 -1.5343e+01
0.0000e+00 -1.0000e+01 -1.4951e+01
0.0000e+00 0.0000e+00 -1.4973e+01
0.0000e+00 1.0000e+01 -1.4848e+01
0.0000e+00 2.0000e+01 -1.3373e+01
0.0000e+00 3.0000e+01 -1.0624e+01
0.0000e+00 4.0000e+01 -1.1027e+01
0.0000e+00 5.0000e+01 -1.0132e+01
0.0000e+00 6.0000e+01 -7.6014e+00
0.0000e+00 7.0000e+01 -3.3491e+00
0.0000e+00 8.0000e+01 -3.9021e+00
0.0000e+00 9.0000e+01 -4.6033e+00
0.0000e+00 1.0000e+02 -3.3652e+00
0.0000e+00 1.1000e+02 -1.7356e+00
0.0000e+00 1.2000e+02 -9.2796e-01
0.0000e+00 1.3000e+02 9.5676e-02
0.0000e+00 1.4000e+02 1.8446e+00
0.0000e+00 1.5000e+02 1.0308e+00
0.0000e+00 1.6000e+02 9.5657e-01
0.0000e+00 1.7000e+02 -3.1900e-01
0.0000e+00 1.8000e+02 -1.7719e+00
0.0000e+00 1.9000e+02 1.2800e+00
0.0000e+00 2.0000e+02 -1.0818e+00
1.0000e+01 -2.0000e+02 1.6252e+00
1.0000e+01 -1.9000e+02 5.4294e-01
1.0000e+01 -1.8000e+02 1.8371e+00
1.0000e+01 -1.7000e+02 -3.8031e-01
1.0000e+01 -1.6000e+02 4.3000e-01
1.0000e+01 -1.5000e+02 -5.5903e-01
1.0000e+01 -1.4000e+02 8.1992e-01
1.0000e+01 -1.3000e+02 3.3155e-02
1.0000e+01 -1.2000e+02 -1.1818e+00
1.0000e+01 -1.1000e+02 -1.9956e+00
1.0000e+01 -1.0000e+02 -2.2802e+00
1.0000e+01 -9.0000e+01 -4.1282e+00
1.0000e+01 -8.0000e+01 -7.1634e+00
1.0000e+01 -7.0000e+01 -7.3818e+00
1.0000e+01 -6.0000e+01 -1.0204e+01
1.0000e+01 -5.0000e+01 -1.0774e+01
1.0000e+01 -4.0000e+01 -1.0140e+01
1.0000e+01 -3.0000e+01 -1.2396e+01
1.0000e+01 -2.0000e+01 -1.1871e+01
1.0000e+01 -1.0000e+01 -1.3518e+01
1.0000e+01 0.0000e+00 -1.6223e+01
1.0000e+01 1.0000e+01 -1.3715e+01
1.0000e+01 2.0000e+01 -1.1766e+01
1.0000e+01 3.0000e+01 -1.3156e+01
1.0000e+01 4.0000e+01 -9.4794e+00
1.0000e+01 5.0000e+01 -8.7040e+00
1.0000e+01 6.0000e+01 -8.0783e+00
1.0000e+01 7.0000e+01 -5.7577e+00
1.0000e+01 8.0000e+01 -4.3830e+00
1.0000e+01 9.0000e+01 -3.9053e+00
1.0000e+01 1.0000e+02 -3.1916e+00
1.0000e+01 1.1000e+02 -2.2907e+00
1.0000e+01 1.2000e+02 -1.7233e+00
1.0000e+01 1.3000e+02 -9.3490e-01
1.0000e+01 1.4000e+02 -1.8909e+00
1.0000e+01 1.5000e+02 2.9730e+00
1.0000e+01 1.6000e+02 -8.3197e-01
1.0000e+01 1.7000e+02 1.7242e-01
1.0000e+01 1.8000e+02 2.1438e+00
1.0000e+01 1.9000e+02 1.1070e+00
1.0000e+01 2.0000e+02 4.1823e-01
2.0000e+01 -2.0000e+02 -5.0187e-01
2.0000e+01 -1.9000e+02 -3.3178e+00
2.0000e+01 -1.8000e+02 -2.1469e+00
2.0000e+01 -1.7000e+02 -2.2011e+00
2.0000e+01 -1.6000e+02 9.3954e-01
2.0000e+01 -1.5000e+02 5.2110e-01
2.0000e+01 -1.4000e+02 -1.5576e+00
2.0000e+01 -1.3000e+02 -6.8452e-02
2.0000e+01 -1.2000e+02 -2.2778e+00
2.0000e+01 -1.1000e+02 3.8570e-02
2.0000e+01 -1.0000e+02 -3.5194e+00
2.0000e+01 -9.0000e+01 -4.3340e+00
2.0000e+01 -8.0000e+01 -3.8430e+00
2.0000e+01 -7.0000e+01 -6.5171e+00
2.0000e+01 -6.0000e+01 -9.1240e+00
2.0000e+01 -5.0000e+01 -9.0591e+00
2.0000e+01 -4.0000e+01 -1.2531e+01
2.0000e+01 -3.0000e+01 -1.2951e+01
2.0000e+01 -2.0000e+01 -1.5274e+01
2.0000e+01 -1.0000e+01 -1.5874e+01
2.0000e+01 0.0000e+00 -1.5221e+01
2.0000e+01 1.0000e+01 -1.3633e+01
2.0000e+01 2.0000e+01 -1.2686e+01
2.0000e+01 3.0000e+01 -1.3084e+01
2.0000e+01 4.0000e+01 -8.0877e+00
2.0000e+01 5.0000e+01 -8.1847e+00
2.0000e+01 6.0000e+01 -1.0116e+01
2.0000e+01 7.0000e+01 -5.7951e+00
2.0000e+01 8.0000e+01 -4.0854e+00
2.0000e+01 9.0000e+01 -2.1930e+00
2.0000e+01 1.0000e+02 -2.0905e+00
2.0000e+01 1.1000e+02 -2.6101e+00
2.0000e+01 1.2000e+02 -3.4029e-01
2.0000e+01 1.3000e+02 -8.1763e-01
2.0000e+01 1.4000e+02 -6.7317e-01
2.0000e+01 1.5000e+02 -1.9595e+00
2.0000e+01 1.6000e+02 -8.6192e-02
2.0000e+01 1.7000e+02 2.8521e-02
2.0000e+01 1.8000e+02 1.7401e+00
2.0000e+01 1.9000e+02 1.0131e-01
2.0000e+01 2.0000e+02 -1.8623e+00
3.0000e+01 -2.0000e+02 -2.2585e+00
3.0000e+01 -1.9000e+02 2.1290e-02
3.0000e+01 -1.8000e+02 1.5656e+00
3.0000e+01 -1.7000e+02 -7.4757e-01
3.0000e+01 -1.6000e+02 -2.6811e+00
3.0000e+01 -1.5000e+02 1.6890e-01
3.0000e+01 -1.4000e+02 -2.1751e+00
3.0000e+01 -1.3000e+02 -9.6204e-01
3.0000e+01 -1.2000e+02 -1.1077e+00
3.0000e+01 -1.1000e+02 -3.4354e+00
3.0000e+01 -1.0000e+02 -3.4600e+00
3.0000e+01 -9.0000e+01 -6.7491e-01
3.0000e+01 -8.0000e+01 -3.9962e+00
3.0000e+01 -7.0000e+01 -6.9531e+00
3.0000e+01 -6.0000e+01 -6.0431e+00
3.0000e+01 -5.0000e+01 -8.6857e+00
3.0000e+01 -4.0000e+01 -9.7432e+00
3.0000e+01 -3.0000e+01 -1.0045e+01
3.0000e+01 -2.0000e+01 -1.3248e+01
3.0000e+01 -1.0000e+01 -1.1614e+01
3.0000e+01 0.0000e+00 -1.0602e+01
3.0000e+01 1.0000e+01 -1.3870e+01
3.0000e+01 2.0000e+01 -1.1544e+01
3.0000e+01 3.0000e+01 -1.0921e+01
3.0000e+01 4.0000e+01 -9.0479e+00
3.0000e+01 5.0000e+01 -6.8255e+00
3.0000e+01 6.0000e+01 -6.0742e+00
3.0000e+01 7.0000e+01 -7.9991e+00
3.0000e+01 8.0000e+01 -6.3297e+00
3.0000e+01 9.0000e+01 -3.6062e+00
3.0000e+01 1.0000e+02 -2.6561e+00
3.0000e+01 1.1000e+02 3.7686e-01
3.0000e+01 1.2000e+02 6.9288e-01
3.0000e+01 1.3000e+02 -2.0200e+00
3.0000e+01 1.4000e+02 4.6871e-01
3.0000e+01 1.5000e+02 -2.6734e+00
3.0000e+01 1.6000e+02 7.9771e-01
3.0000e+01 1.7000e+02 -4.6083e-01
3.0000e+01 1.8000e+02 -2.6812e+00
3.0000e+01 1.9000e+02 9.3362e-01
3.0000e+01 2.0000e+02 6.2742e-01
4.0000e+01 -2.0000e+02 7.7530e-01
4.0000e+01 -1.9000e+02 3.0862e+00
4.0000e+01 -1.8000e+02 7.9642e-01
4.0000e+01 -1.7000e+02 1.4427e-01
4.0000e+01 -1.6000e+02 -2.0172e-01
4.0000e+01 -1.5000e+02 -2.9082e-01
4.0000e+01 -1.4000e+02 1.3748e+00
4.0000e+01 -1.3000e+02 -2.5935e+00
4.0000e+01 -1.2000e+02 -2.5495e+00
4.0000e+01 -1.1000e+02 -3.5010e+00
4.0000e+01 -1.0000e+02 -1.9848e+00
4.0000e+01 -9.0000e+01 -3.8245e+00
4.0000e+01 -8.0000e+01 -3.2791e+00
4.0000e+01 -7.0000e+01 -6.2202e+00
4.0000e+01 -6.0000e+01 -6.0846e+00
4.0000e+01 -5.0000e+01 -6.7285e+00
4.0000e+01 -4.0000e+01 -8.2999e+00
4.0000e+01 -3.0000e+01 -1.1545e+01
4.0000e+01 -2.0000e+01 -1.1571e+01
4.0000e+01 -1.0000e+01 -1.0497e+01
4.0000e+01 0.0000e+00 -1.2312e+01
4.0000e+01 1.0000e+01 -1.1924e+01
4.0000e+01 2.0000e+01 -1.1007e+01
4.0000e+01 3.0000e+01 -1.0340e+01
4.0000e+01 4.0000e+01 -9.7345e+00
4.0000e+01 5.0000e+01 -7.8662e+00
4.0000e+01 6.0000e+01 -7.1163e+00
4.0000e+01 7.0000e+01 -6.0081e+00
4.0000e+01 8.0000e+01 -4.1262e+00
4.0000e+01 9.0000e+01 -3.3748e+00
4.0000e+01 1.0000e+02 -4.6430e+00
4.0000e+01 1.1000e+02 -4.1434e+00
4.0000e+01 1.2000e+02 7.4110e-02
4.0000e+01 1.3000e+02 -2.2596e-01
4.0000e+01 1.4000e+02 -1.1978e+00
4.0000e+01 1.5000e+02 -4.5069e-02
4.0000e+01 1.6000e+02 -4.3223e+00
4.0000e+01 1.7000e+02 2.2493e-01
4.0000e+01 1.8000e+02 5.8137e+00
4.0000e+01 1.9000e+02 -1.3878e+00
4.0000e+01 2.0000e+02 -1.1398e-01
5.0000e+01 -2.0000e+02 1.2018e+00
5.0000e+01 -1.9000e+02 -2.1478e+00
5.0000e+01 -1.8000e+02 2.0084e+00
5.0000e+01 -1.7000e+02 5.3405e-01
5.0000e+01 -1.6000e+02 -1.6197e+00
5.0000e+01 -1.5000e+02 -2.5419e-02
5.0000e+01 -1.4000e+02 -1.4021e+00
5.0000e+01 -1.3000e+02 1.1722e+00
5.0000e+01 -1.2000e+02 -1.5452e+00
5.0000e+01 -1.1000e+02 -1.8251e+00
5.0000e+01 -1.0000e+02 -1.5284e+00
5.0000e+01 -9.0000e+01 -2.3901e+00
5.0000e+01 -8.0000e+01 -2.9473e+00
5.0000e+01 -7.0000e+01 -3.8661e+00
5.0000e+01 -6.0000e+01 -4.4121e+00
5.0000e+01 -5.0000e+01 -6.6358e+00
5.0000e+01 -4.0000e+01 -6.9131e+00
5.0000e+01 -3.0000e+01 -9.1563e+00
5.0000e+01 -2.0000e+01 -9.2233e+00
5.0000e+01 -1.0000e+01 -1.0996e+01
5.0000e+01 0.0000e+00 -7.7928e+00
5.0000e+01 1.0000e+01 -1.1281e+01
5.0000e+01 2.0000e+01 -1.1343e+01
5.0000e+01 3.0000e+01 -8.6742e+00
5.0000e+01 4.0000e+01 -7.8905e+00
5.0000e+01 5.0000e+01 -6.1410e+00
5.0000e+01 6.0000e+01 -7.1528e+00
5.0000e+01 7.0000e+01 -4.3064e+00
5.0000e+01 8.0000e+01 -6.1207e+00
5.0000e+01 9.0000e+01 -2.0923e+00
5.0000e+01 1.0000e+02 -3.4925e+00
5.0000e+01 1.1000e+02 6.6875e-01
5.0000e+01 1.2000e+02 -1.2303e+00
5.0000e+01 1.3000e+02 -5.1996e-02
5.0000e+01 1.4000e+02 -2.5738e+00
5.0000e+01 1.5000e+02 2.0344e+00
5.0000e+01 1.6000e+02 -1.8549e-01
5.0000e+01 1.7000e+02 1.4876e+00
5.0000e+01 1.8000e+02 -1.2342e-01
5.0000e+01 1.9000e+02 -1.0056e+00
5.0000e+01 2.0000e+02 2.0791e+00
6.0000e+01 -2.0000e+02 7.5453e-01
6.0000e+01 -1.9000e+02 -9.5815e-02
6.0000e+01 -1.8000e+02 -2.4675e+00
6.0000e+01 -1.7000e+02 4.7931e-01
6.0000e+01 -1.6000e+02 -7.1122e-01
6.0000e+01 -1.5000e+02 7.3124e-01
6.0000e+01 -1.4000e+02 1.4314e+00
6.0000e+01 -1.3000e+02 1.6689e-01
6.0000e+01 -1.2000e+02 -3.2215e+00
6.0000e+01 -1.1000e+02 1.0811e+00
6.0000e+01 -1.0000e+02 -2.8531e+00
6.0000e+01 -9.0000e+01 -3.6671e+00
6.0000e+01 -8.0000e+01 -6.7812e-01
6.0000e+01 -7.0000e+01 -4.5846e+00
6.0000e+01 -6.0000e+01 -7.0922e+00
6.0000e+01 -5.0000e+01 -4.8317e+00
6.0000e+01 -4.0000e+01 -6.3082e+00
6.0000e+01 -3.0000e+01 -7.8108e+00
6.0000e+01 -2.0000e+01 -7.7951e+00
6.0000e+01 -1.0000e+01 -8.3342e+00
6.0000e+01 0.0000e+00 -7.4317e+00
6.0000e+01 1.0000e+01 -9.4424e+00
6.0000e+01 2.0000e+01 -8.6232e+00
6.0000e+01 3.0000e+01 -9.4434e+00
6.0000e+01 4.0000e+01 -5.7432e+00
6.0000e+01 5.0000e+01 -5.9912e+00
6.0000e+01 6.0000e+01 -5.0748e+00
6.0000e+01 7.0000e+01 -3.4256e+00
6.0000e+01 8.0000e+01 -1.8215e+00
6.0000e+01 9.0000e+01 -1.1361e+00
6.0000e+01 1.0000e+02 -2.4558e+00
6.0000e+01 1.1000e+02 -2.5645e+00
6.0000e+01 1.2000e+02 -7.5667e-01
6.0000e+01 1.3000e+02 -1.5682e+00
6.0000e+01 1.4000e+02 1.2037e+00
6.0000e+01 1.5000e+02 2.0607e+00
6.0000e+01 1.6000e+02 -1.6390e+00
6.0000e+01 1.7000e+02 -2.3447e+00
6.0000e+01 1.8000e+02 2.4654e+00
6.0000e+01 1.9000e+02 1.9006e+00
6.0000e+01 2.0000e+02 4.0505e-01
7.0000e+01 -2.0000e+02 4.0919e-01
7.0000e+01 -1.9000e+02 3.2393e+00
7.0000e+01 -1.8000e+02 -1.9299e-01
7.0000e+01 -1.7000e+02 -1.1938e+00
7.0000e+01 -1.6000e+02 9.5552e-02
7.0000e+01 -1.5000e+02 1.1196e+00
7.0000e+01 -1.4000e+02 -6.0537e-01
7.0000e+01 -1.3000e+02 5.4650e-01
7.0000e+01 -1.2000e+02 1.1680e-01
7.0000e+01 -1.1000e+02 -8.2969e-01
7.0000e+01 -1.0000e+02 -1.1344e+00
7.0000e+01 -9.0000e+01 -1.0592e+00
7.0000e+01 -8.0000e+01 -1.9868e+00
7.0000e+01 -7.0000e+01 -4.0365e+00
7.0000e+01 -6.0000e+01 -3.3928e+00
7.0000e+01 -5.0000e+01 -5.5907e+00
7.0000e+01 -4.0000e+01 -5.0902e+00
7.0000e+01 -3.0000e+01 -5.0872e+00
7.0000e+01 -2.0000e+01 -3.1580e+00
7.0000e+01 -1.0000e+01 -8.6106e+00
7.0000e+01 0.0000e+00 -8.9727e+00
7.0000e+01 1.0000e+01 -6.8722e+00
7.0000e+01 2.0000e+01 -8.3039e+00
7.0000e+01 3.0000e+01 -5.1820e+00
7.0000e+01 4.0000e+01 -5.1293e+00
7.0000e+01 5.0000e+01 -7.5614e+00
7.0000e+01 6.0000e+01 -2.8694e+00
7.0000e+01 7.0000e+01 -2.0948e+00
7.0000e+01 8.0000e+01 -3.6178e+00
7.0000e+01 9.0000e+01 -4.3533e+00
7.0000e+01 1.0000e+02 -1.5242e+00
7.0000e+01 1.1000e+02 -8.2102e-01
7.0000e+01 1.2000e+02 -3.6200e+00
7.0000e+01 1.3000e+02 1.9135e-01
7.0000e+01 1.4000e+02 -1.9457e+00
7.0000e+01 1.5000e+02 3.0390e-01
7.0000e+01 1.6000e+02 1.5052e+00
7.0000e+01 1.7000e+02 -1.8111e+00
7.0000e+01 1.8000e+02 8.7787e-01
7.0000e+01 1.9000e+02 -1.1489e+00
7.0000e+01 2.0000e+02 -3.7376e-01
8.0000e+01 -2.0000e+02 3.8188e+00
8.0000e+01 -1.9000e+02 1.7087e+00
8.0000e+01 -1.8000e+02 2.3354e-01
8.0000e+01 -1.7000e+02 2.2753e+00
8.0000e+01 -1.6000e+02 -1.5019e+00
8.0000e+01 -1.5000e+02 1.7960e+00
8.0000e+01 -1.4000e+02 8.2340e-01
8.0000e+01 -1.3000e+02 5.1372e-01
8.0000e+01 -1.2000e+02 -4.3191e-01
8.0000e+01 -1.1000e+02 -1.8800e+00
8.0000e+01 -1.0000e+02 -1.8940e+00
8.0000e+01 -9.0000e+01 -6.2704e-01
8.0000e+01 -8.0000e+01 -2.5271e+00
8.0000e+01 -7.0000e+01 -3.0950e+00
8.0000e+01 -6.0000e+01 -3.9247e+00
8.0000e+01 -5.0000e+01 -6.2303e+00
8.0000e+01 -4.0000e+01 -3.3055e+00
8.0000e+01 -3.0000e+01 -4.8225e+00
8.0000e+01 -2.0000e+01 -5.6738e+00
8.0000e+01 -1.0000e+01 -4.8061e+00
8.0000e+01 0.0000e+00 -4.9684e+00
8.0000e+01 1.0000e+01 -5.5563e+00
8.0000e+01 2.0000e+01 -5.9717e+00
8.0000e+01 3.0000e+01 -3.7244e+00
8.0000e+01 4.0000e+01 -7.7510e+00
8.0000e+01 5.0000e+01 -3.1311e+00
8.0000e+01 6.0000e+01 -1.5591e+00
8.0000e+01 7.0000e+01 -4.8968e+00
8.0000e+01 8.0000e+01 -4.5201e+00
8.0000e+01 9.0000e+01 -8.8446e-01
8.0000e+01 1.0000e+02 -2.0873e+00
8.0000e+01 1.1000e+02 -4.2034e+00
8.0000e+01 1.2000e+02 -2.4251e+00
8.0000e+01 1.3000e+02 -3.7293e-01
8.0000e+01 1.4000e+02 1.7861e+00
8.0000e+01 1.5000e+02 -1.3407e+00
8.0000e+01 1.6000e+02 -1.5075e+00
8.0000e+01 1.7000e+02 -1.0218e+00
8.0000e+01 1.8000e+02 7.4166e-01
8.0000e+01 1.9000e+02 -4.0239e-01
8.0000e+01 2.0000e+02 -6.2377e-01
9.0000e+01 -2.0000e+02 -3.1553e+00
9.0000e+01 -1.9000e+02 6.4649e-01
9.0000e+01 -1.8000e+02 7.4532e-01
9.0000e+01 -1.7000e+02 1.7632e+00
9.0000e+01 -1.6000e+02 2.2853e-01
9.0000e+01 -1.5000e+02 3.5232e+00
9.0000e+01 -1.4000e+02 -7.3483e-01
9.0000e+01 -1.3000e+02 1.1620e+00
9.0000e+01 -1.2000e+02 8.6681e-01
9.0000e+01 -1.1000e+02 4.1472e-01
9.0000e+01 -1.0000e+02 -3.0650e+00
9.0000e+01 -9.0000e+01 -5.7239e-01
9.0000e+01 -8.0000e+01 -1.5105e+00
9.0000e+01 -7.0000e+01 -3.6220e-01
9.0000e+01 -6.0000e+01 -4.1934e+00
9.0000e+01 -5.0000e+01 -2.8804e+00
9.0000e+01 -4.0000e+01 -2.3987e+00
9.0000e+01 -3.0000e+01 -3.1147e+00
9.0000e+01 -2.0000e+01 -2.8769e+00
9.0000e+01 -1.0000e+01 -3.4527e+00
9.0000e+01 0.0000e+00 -3.5392e+00
9.0000e+01 1.0000e+01 -5.0450e+00
9.0000e+01 2.0000e+01 -3.3408e+00
9.0000e+01 3.0000e+01 -1.8114e+00
9.0000e+01 4.0000e+01 -3.4897e+00
9.0000e+01 5.0000e+01 -4.8832e+00
9.0000e+01 6.0000e+01 -1.0702e+00
9.0000e+01 7.0000e+01 1.0895e+00
9.0000e+01 8.0000e+01 1.1127e+00
9.0000e+01 9.0000e+01 -2.1891e-01
9.0000e+01 1.0000e+02 -4.8202e+00
9.0000e+01 1.1000e+02 1.9216e+00
9.0000e+01 1.2000e+02 1.2436e+00
9.0000e+01 1.3000e+02 -8.6065e-01
9.0000e+01 1.4000e+02 -4.9127e-01
9.0000e+01 1.5000e+02 1.2427e+00
9.0000e+01 1.6000e+02 1.7413e+00
9.0000e+01 1.7000e+02 8.7086e-01
9.0000e+01 1.8000e+02 3.0700e-01
9.0000e+01 1.9000e+02 -5.0917e-01
9.0000e+01 2.0000e+02 2.0199e+00
1.0000e+02 -2.0000e+02 1.3778e+00
1.0000e+02 -1.9000e+02 -1.8542e+00
1.0000e+02 -1.8000e+02 2.3499e-01
1.0000e+02 -1.7000e+02 4.0893e-01
1.0000e+02 -1.6000e+02 -1.3386e+00
1.0000e+02 -1.5000e+02 5.8719e-01
1.0000e+02 -1.4000e+02 1.9876e-01
1.0000e+02 -1.3000e+02 -7.5274e-01
1.0000e+02 -1.2000e+02 1.9761e+00
1.0000e+02 -1.1000e+02 -1.4953e+00
1.0000e+02 -1.0000e+02 -2.9315e-01
1.0000e+02 -9.0000e+01 -1.9474e+00
1.0000e+02 -8.0000e+01 -2.2877e+00
1.0000e+02 -7.0000e+01 -1.6643e+00
1.0000e+02 -6.0000e+01 -5.9180e-01
1.0000e+02 -5.0000e+01 -2.7246e+00
1.0000e+02 -4.0000e+01 -2.0889e+00
1.0000e+02 -3.0000e+01 -1.6147e+00
1.0000e+02 -2.0000e+01 -3.9951e+00
1.0000e+02 -1.0000e+01 -3.8160e+00
1.0000e+02 0.0000e+00 -2.7319e+00
1.0000e+02 1.0000e+01 -1.9895e-01
1.0000e+02 2.0000e+01 -5.8782e+00
1.0000e+02 3.0000e+01 -3.2099e+00
1.0000e+02 4.0000e+01 1.8655e-01
1.0000e+02 5.0000e+01 -2.8100e+00
1.0000e+02 6.0000e+01 -2.0657e+00
1.0000e+02 7.0000e+01 -3.4755e+00
1.0000e+02 8.0000e+01 1.8589e+00
1.0000e+02 9.0000e+01 -1.7398e-01
1.0000e+02 1.0000e+02 -1.4798e+00
1.0000e+02 1.1000e+02 -6.6197e-01
1.0000e+02 1.2000e+02 -2.9451e-02
1.0000e+02 1.3000e+02 5.9364e-01
1.0000e+02 1.4000e+02 -4.7544e-01
1.0000e+02 1.5000e+02 5.3771e-01
1.0000e+02 1.6000e+02 1.9022e+00
1.0000e+02 1.7000e+02 3.3077e-01
1.0000e+02 1.8000e+02 -3.7071e-01
1.0000e+02 1.9000e+02 -9.6341e-01
1.0000e+02 2.0000e+02 9.1982e-01
1.1000e+02 -2.0000e+02 -1.6049e+00
1.1000e+02 -1.9000e+02 3.3609e-01
1.1000e+02 -1.8000e+02 -6.1896e-01
1.1000e+02 -1.7000e+02 -2.3184e+00
1.1000e+02 -1.6000e+02 2.2797e+00
1.1000e+02 -1.5000e+02 5.2074e-02
1.1000e+02 -1.4000e+02 4.1439e+00
1.1000e+02 -1.3000e+02 -5.5343e-01
1.1000e+02 -1.2000e+02 -4.5567e-01
1.1000e+02 -1.1000e+02 2.3084e+00
1.1000e+02 -1.0000e+02 -1.1537e+00
1.1000e+02 -9.0000e+01 -4.5218e-01
1.1000e+02 -8.0000e+01 2.0496e+00
1.1000e+02 -7.0000e+01 1.1693e-01
1.1000e+02 -6.0000e+01 -3.3232e+00
1.1000e+02 -5.0000e+01 -1.8454e+00
1.1000e+02 -4.0000e+01 -4.0364e+00
1.1000e+02 -3.0000e+01 6.9736e-01
1.1000e+02 -2.0000e+01 -7.2281e-01
1.1000e+02 -1.0000e+01 -2.4130e+00
1.1000e+02 0.0000e+00 -1.2185e+00
1.1000e+02 1.0000e+01 -1.5629e+00
1.1000e+02 2.0000e+01 -1.0045e+00
1.1000e+02 3.0000e+01 -2.3829e+00
1.1000e+02 4.0000e+01 -3.1893e+00
1.1000e+02 5.0000e+01 5.3851e-01
1.1000e+02 6.0000e+01 -4.2797e-01
1.1000e+02 7.0000e+01 -1.7264e+00
1.1000e+02 8.0000e+01 1.0127e+00
1.1000e+02 9.0000e+01 2.0395e+00
1.1000e+02 1.0000e+02 -3.2775e-01
1.1000e+02 1.1000e+02 -1.2506e+00
1.1000e+02 1.2000e+02 2.0493e+00
1.1000e+02 1.3000e+02 1.1148e+00
1.1000e+02 1.4000e+02 5.5136e-01
1.1000e+02 1.5000e+02 -8.9154e-01
1.1000e+02 1.6000e+02 -3.0415e+00
1.1000e+02 1.7000e+02 1.8738e-01
1.1000e+02 1.8000e+02 -2.1897e+00
1.1000e+02 1.9000e+02 -2.7915e+00
1.1000e+02 2.0000e+02 -5.7593e-01
1.2000e+02 -2.0000e+02 -8.1849e-01
1.2000e+02 -1.9000e+02 -3.5757e-01
1.2000e+02 -1.8000e+02 2.2158e-01
1.2000e+02 -1.7000e+02 -1.0035e+00
1.2000e+02 -1.6000e+02 -3.8482e-01
1.2000e+02 -1.5000e+02 1.2138e+00
1.2000e+02 -1.4000e+02 -2.2362e-01
1.2000e+02 -1.3000e+02 2.4628e-01
1.2000e+02 -1.2000e+02 -1.0598e+00
1.2000e+02 -1.1000e+02 2.1212e+00
1.2000e+02 -1.0000e+02 -2.3322e-01
1.2000e+02 -9.0000e+01 4.2626e-01
1.2000e+02 -8.0000e+01 -8.4702e-01
1.2000e+02 -7.0000e+01 5.6413e-01
1.2000e+02 -6.0000e+01 1.6308e+00
1.2000e+02 -5.0000e+01 -1.3914e+00
1.2000e+02 -4.0000e+01 -2.0357e+00
1.2000e+02 -3.0000e+01 -1.8966e+00
1.2000e+02 -2.0000e+01 -3.5916e+00
1.2000e+02 -1.0000e+01 -1.2923e+00
1.2000e+02 0.0000e+00 3.2697e+00
1.2000e+02 1.0000e+01 -2.1911e+00
1.2000e+02 2.0000e+01 -1.9773e+00
1.2000e+02 3.0000e+01 1.4090e+00
1.2000e+02 4.0000e+01 -1.1827e+00
1.2000e+02 5.0000e+01 -2.9248e+00
1.2000e+02 6.0000e+01 -6.4971e-01
1.2000e+02 7.0000e+01 -9.2829e-01
1.2000e+02 8.0000e+01 -4.7649e-01
1.2000e+02 9.0000e+01 -1.6238e+00
1.2000e+02 1.0000e+02 -2.3069e-01
1.2000e+02 1.1000e+02 -1.7917e-01
1.2000e+02 1.2000e+02 -2.0048e+00
1.2000e+02 1.3000e+02 5.7277e-01
1.2000e+02 1.4000e+02 9.7894e-01
1.2000e+02 1.5000e+02 -5.3409e-01
1.2000e+02 1.6000e+02 -2.0124e-01
1.2000e+02 1.7000e+02 -1.7083e-02
1.2000e+02 1.8000e+02 -2.1504e+00
1.2000e+02 1.9000e+02 -3.7943e-01
1.2000e+02 2.0000e+02 -3.8012e-01
1.3000e+02 -2.0000e+02 6.8998e-02
1.3000e+02 -1.9000e+02 -2.4498e+00
1.3000e+02 -1.8000e+02 -2.1183e-01
1.3000e+02 -1.7000e+02 2.6842e-02
1.3000e+02 -1.6000e+02 -1.5483e+00
1.3000e+02 -1.5000e+02 6.1122e-01
1.3000e+02 -1.4000e+02 -1.9002e+00
1.3000e+02 -1.3000e+02 8.7843e-01
1.3000e+02 -1.2000e+02 1.1663e+00
1.3000e+02 -1.1000e+02 6.3724e-01
1.3000e+02 -1.0000e+02 -9.7930e-01
1.3000e+02 -9.0000e+01 3.3293e-02
1.3000e+02 -8.0000e+01 1.7849e+00
1.3000e+02 -7.0000e+01 -1.0914e+00
1.3000e+02 -6.0000e+01 -3.5838e+00
1.3000e+02 -5.0000e+01 -5.7202e-01
1.3000e+02 -4.0000e+01 -1.5422e+00
1.3000e+02 -3.0000e+01 1.6189e+00
1.3000e+02 -2.0000e+01 -1.8697e+00
1.3000e+02 -1.0000e+01 -1.9346e+00
1.3000e+02 0.0000e+00 -9.1671e-01
1.3000e+02 1.0000e+01 -1.6686e+00
1.3000e+02 2.0000e+01 -8.4588e-01
1.3000e+02 3.0000e+01 -3.5008e-01
1.3000e+02 4.0000e+01 -1.9325e+00
1.3000e+02 5.0000e+01 -8.0681e-01
1.3000e+02 6.0000e+01 -6.1718e-01
1.3000e+02 7.0000e+01 -1.2907e-01
1.3000e+02 8.0000e+01 -1.0221e+00
1.3000e+02 9.0000e+01 1.7089e+00
1.3000e+02 1.0000e+02 -1.7391e+00
1.3000e+02 1.1000e+02 -1.2860e+00
1.3000e+02 1.2000e+02 -4.1926e-01
1.3000e+02 1.3000e+02 7.2724e-01
1.3000e+02 1.4000e+02 -2.3685e+00
1.3000e+02 1.5000e+02 -1.5490e+00
1.3000e+02 1.6000e+02 7.3955e-01
1.3000e+02 1.7000e+02 4.4821e-01
1.3000e+02 1.8000e+02 -9.4448e-01
1.3000e+02 1.9000e+02 1.6126e+00
1.3000e+02 2.0000e+02 -2.1313e+00
1.4000e+02 -2.0000e+02 2.4898e+00
1.4000e+02 -1.9000e+02 1.0658e+00
1.4000e+02 -1.8000e+02 8.3007e-01
1.4000e+02 -1.7000e+02 8.1194e-01
1.4000e+02 -1.6000e+02 -1.9284e-01
1.4000e+02 -1.5000e+02 1.1722e+00
1.4000e+02 -1.4000e+02 -1.9223e+00
1.4000e+02 -1.3000e+02 3.1205e+00
1.4000e+02 -1.2000e+02 -3.3831e+00
1.4000e+02 -1.1000e+02 -1.2663e+00
1.4000e+02 -1.0000e+02 -1.6975e+00
1.4000e+02 -9.0000e+01 3.2334e+00
1.4000e+02 -8.0000e+01 -1.4082e+00
1.4000e+02 -7.0000e+01 -2.8564e+00
1.4000e+02 -6.0000e+01 -1.3519e+00
1.4000e+02 -5.0000e+01 1.8167e+00
1.4000e+02 -4.0000e+01 -1.4975e+00
1.4000e+02 -3.0000e+01 7.8734e-01
1.4000e+02 -2.0000e+01 -2.6318e+00
1.4000e+02 -1.0000e+01 -1.4220e+00
1.4000e+02 0.0000e+00 -7.8650e-01
1.4000e+02 1.0000e+01 6.6767e-02
1.4000e+02 2.0000e+01 -1.8055e+00
1.4000e+02 3.0000e+01 -1.5172e+00
1.4000e+02 4.0000e+01 1.5826e+00
1.4000e+02 5.0000e+01 -1.3200e+00
1.4000e+02 6.0000e+01 -6.9291e-01
1.4000e+02 7.0000e+01 3.7778e+00
1.4000e+02 8.0000e+01 -7.5338e-01
1.4000e+02 9.0000e+01 -6.7044e-01
1.4000e+02 1.0000e+02 4.4954e-01
1.4000e+02 1.1000e+02 7.5842e-01
1.4000e+02 1.2000e+02 1.4969e+00
1.4000e+02 1.3000e+02 -3.6263e+00
1.4000e+02 1.4000e+02 3.1452e-02
1.4000e+02 1.5000e+02 -9.0511e-01
1.4000e+02 1.6000e+02 -9.5482e-01
1.4000e+02 1.7000e+02 -2.0719e+00
1.4000e+02 1.8000e+02 1.2518e-01
1.4000e+02 1.9000e+02 -5.4240e-01
1.4000e+02 2.0000e+02 -3.1256e+00
1.5000e+02 -2.0000e+02 2.0878e+00
1.5000e+02 -1.9000e+02 -6.8288e-01
1.5000e+02 -1.8000e+02 8.5400e-01
1.5000e+02 -1.7000e+02 9.8866e-01
1.5000e+02 -1.6000e+02 -2.3613e+00
1.5000e+02 -1.5000e+02 -3.8466e-01
1.5000e+02 -1.4000e+02 -8.6151e-01
1.5000e+02 -1.3000e+02 6.0539e-01
1.5000e+02 -1.2000e+02 -1.0740e+00
1.5000e+02 -1.1000e+02 -1.1080e+00
1.5000e+02 -1.0000e+02 -6.1730e-01
1.5000e+02 -9.0000e+01 -1.2018e+00
1.5000e+02 -8.0000e+01 5.1712e-01
1.5000e+02 -7.0000e+01 -2.3024e+00
1.5000e+02 -6.0000e+01 -2.0921e+00
1.5000e+02 -5.0000e+01 6.4759e-01
1.5000e+02 -4.0000e+01 2.0774e+00
1.5000e+02 -3.0000e+01 -2.0245e-02
1.5000e+02 -2.0000e+01 7.8045e-01
1.5000e+02 -1.0000e+01 -5.4689e-01
1.5000e+02 0.0000e+00 -4.9013e-01
1.5000e+02 1.0000e+01 -2.4048e+00
1.5000e+02 2.0000e+01 -9.6674e-01
1.5000e+02 3.0000e+01 -2.0817e+00
1.5000e+02 4.0000e+01 7.0707e-01
1.5000e+02 5.0000e+01 -1.6227e+00
1.5000e+02 6.0000e+01 1.1078e+00
1.5000e+02 7.0000e+01 -7.8320e-01
1.5000e+02 8.0000e+01 1.7791e+00
1.5000e+02 9.0000e+01 4.9389e-01
1.5000e+02 1.0000e+02 1.1100e+00
1.5000e+02 1.1000e+02 8.3137e-01
1.5000e+02 1.2000e+02 -1.2410e+00
1.5000e+02 1.3000e+02 1.7348e+00
1.5000e+02 1.4000e+02 -1.7001e+00
1.5000e+02 1.5000e+02 1.7020e+00
1.5000e+02 1.6000e+02 -7.5553e-01
1.5000e+02 1.7000e+02 2.1378e+00
1.5000e+02 1.8000e+02 1.1100e+00
1.5000e+02 1.9000e+02 -5.5209e-02
1.5000e+02 2.0000e+02 8.8899e-01
1.6000e+02 -2.0000e+02 5.5472e-01
1.6000e+02 -1.9000e+02 5.2751e-01
1.6000e+02 -1.8000e+02 -7.5262e-01
1.6000e+02 -1.7000e+02 3.8251e-01
1.6000e+02 -1.6000e+02 -4.3154e-01
1.6000e+02 -1.5000e+02 -7.2620e-02
1.6000e+02 -1.4000e+02 -8.4629e-01
1.6000e+02 -1.3000e+02 2.9951e+00
1.6000e+02 -1.2000e+02 -9.3118e-01
1.6000e+02 -1.1000e+02 -1.3089e+00
1.6000e+02 -1.0000e+02 1.1526e+00
1.6000e+02 -9.0000e+01 -1.4983e+00
1.6000e+02 -8.0000e+01 -2.1709e+00
1.6000e+02 -7.0000e+01 -1.1800e-01
1.6000e+02 -6.0000e+01 3.6250e-01
1.6000e+02 -5.0000e+01 5.0479e-01
1.6000e+02 -4.0000e+01 3.7414e-01
1.6000e+02 -3.0000e+01 1.3961e+00
1.6000e+02 -2.0000e+01 1.3372e+00
1.6000e+02 -1.0000e+01 -3.2462e-01
1.6000e+02 0.0000e+00 2.0973e-01
1.6000e+02 1.0000e+01 -4.7475e-01
1.6000e+02 2.0000e+01 -1.0445e+00
1.6000e+02 3.0000e+01 2.9074e-01
1.6000e+02 4.0000e+01 -5.3419e-01
1.6000e+02 5.0000e+01 1.1217e+00
1.6000e+02 6.0000e+01 6.9626e-01
1.6000e+02 7.0000e+01 -2.7869e+00
1.6000e+02 8.0000e+01 1.3339e+00
1.6000e+02 9.0000e+01 7.5666e-01
1.6000e+02 1.0000e+02 -7.4159e-01
1.6000e+02 1.1000e+02 -6.3089e-01
1.6000e+02 1.2000e+02 -2.9605e+00
1.6000e+02 1.3000e+02 2.4332e+00
1.6000e+02 1.4000e+02 -2.0577e-01
1.6000e+02 1.5000e+02 1.6123e+00
1.6000e+02 1.6000e+02 -1.4641e+00
1.6000e+02 1.7000e+02 6.0701e-01
1.6000e+02 1.8000e+02 -8.5233e-01
1.6000e+02 1.9000e+02 1.8497e-01
1.6000e+02 2.0000e+02 9.5109e-02
1.7000e+02 -2.0000e+02 3.4129e+00
1.7000e+02 -1.9000e+02 2.7879e+00
1.7000e+02 -1.8000e+02 -9.6054e-01
1.7000e+02 -1.7000e+02 2.3180e+00
1.7000e+02 -1.6000e+02 1.4098e+00
1.7000e+02 -1.5000e+02 2.1242e+00
1.7000e+02 -1.4000e+02 1.4264e+00
1.7000e+02 -1.3000e+02 -8.1254e-01
1.7000e+02 -1.2000e+02 -2.1638e-01
1.7000e+02 -1.1000e+02 3.2167e-02
1.7000e+02 -1.0000e+02 -1.2286e+00
1.7000e+02 -9.0000e+01 5.7054e-01
1.7000e+02 -8.0000e+01 8.5076e-01
1.7000e+02 -7.0000e+01 6.3404e-01
1.7000e+02 -6.0000e+01 1.5768e+00
1.7000e+02 -5.0000e+01 -1.6945e+00
1.7000e+02 -4.0000e+01 1.3634e+00
1.7000e+02 -3.0000e+01 -1.9601e+00
1.7000e+02 -2.0000e+01 -2.2396e+00
1.7000e+02 -1.0000e+01 -2.0728e+00
1.7000e+02 0.0000e+00 -3.9644e-01
1.7000e+02 1.0000e+01 1.0182e-01
1.7000e+02 2.0000e+01 6.2253e-01
1.7000e+02 3.0000e+01 8.2213e-01
1.7000e+02 4.0000e+01 -2.7792e+00
1.7000e+02 5.0000e+01 -2.6043e-01
1.7000e+02 6.0000e+01 -1.8726e+00
1.7000e+02 7.0000e+01 3.4876e-01
1.7000e+02 8.0000e+01 1.5848e+00
1.7000e+02 9.0000e+01 1.7309e+00
1.7000e+02 1.0000e+02 -1.1735e+00
1.7000e+02 1.1000e+02 2.2746e+00
1.7000e+02 1.2000e+02 3.0812e-01
1.7000e+02 1.3000e+02 -1.2422e+00
1.7000e+02 1.4000e+02 4.5995e-01
1.7000e+02 1.5000e+02 2.2436e-01
1.7000e+02 1.6000e+02 -2.6630e+00
1.7000e+02 1.7000e+02 -3.1998e+00
1.7000e+02 1.8000e+02 -1.5863e+00
1.7000e+02 1.9000e+02 -1.3239e+00
1.7000e+02 2.0000e+02 -2.1103e-01
1.8000e+02 -2.0000e+02 6.6946e-01
1.8000e+02 -1.9000e+02 2.8977e-01
1.8000e+02 -1.8000e+02 -6.9532e-01
1.8000e+02 -1.7000e+02 1.3572e+00
1.8000e+02 -1.6000e+02 1.6475e+00
1.8000e+02 -1.5000e+02 6.2478e-01
1.8000e+02 -1.4000e+02 1.6631e+00
1.8000e+02 -1.3000e+02 -1.3982e+00
1.8000e+02 -1.2000e+02 3.4999e-01
1.8000e+02 -1.1000e+02 7.4835e-01
1.8000e+02 -1.0000e+02 7.5686e-01
1.8000e+02 -9.0000e+01 1.0831e+00
1.8000e+02 -8.0000e+01 -8.6135e-01
1.8000e+02 -7.0000e+01 1.7373e+00
1.8000e+02 -6.0000e+01 3.8296e-02
1.8000e+02 -5.0000e+01 -1.6519e-01
1.8000e+02 -4.0000e+01 2.1882e+00
1.8000e+02 -3.0000e+01 1.2269e+00
1.8000e+02 -2.0000e+01 -1.4150e+00
1.8000e+02 -1.0000e+01 -1.1110e+00
1.8000e+02 0.0000e+00 2.1825e-01
1.8000e+02 1.0000e+01 3.0122e+00
1.8000e+02 2.0000e+01 -2.0049e-02
1.8000e+02 3.0000e+01 1.9832e+00
1.8000e+02 4.0000e+01 6.5556e-01
1.8000e+02 5.0000e+01 2.7959e-01
1.8000e+02 6.0000e+01 3.6737e-01
1.8000e+02 7.0000e+01 -2.4970e+00
1.8000e+02 8.0000e+01 2.8733e+00
1.8000e+02 9.0000e+01 2.7874e+00
1.8000e+02 1.0000e+02 1.0208e+00
1.8000e+02 1.1000e+02 5.2846e-01
1.8000e+02 1.2000e+02 -2.3597e-01
1.8000e+02 1.3000e+02 -2.7895e+00
1.8000e+02 1.4000e+02 -2.0402e-01
1.8000e+02 1.5000e+02 -2.4937e+00
1.8000e+02 1.6000e+02 8.7854e-01
1.8000e+02 1.7000e+02 -3.2754e-01
1.8000e+02 1.8000e+02 -6.9181e-01
1.8000e+02 1.9000e+02 -3.0863e+00
1.8000e+02 2.0000e+02 -1.2333e+00
1.9000e+02 -2.0000e+02 6.4362e-01
1.9000e+02 -1.9000e+02 -2.1816e+00
1.9000e+02 -1.8000e+02 3.0626e-01
1.9000e+02 -1.7000e+02 6.1600e-01
1.9000e+02 -1.6000e+02 -1.7790e+00
1.9000e+02 -1.5000e+02 4.8106e-01
1.9000e+02 -1.4000e+02 -1.2903e-01
1.9000e+02 -1.3000e+02 2.6595e+00
1.9000e+02 -1.2000e+02 5.9527e-01
1.9000e+02 -1.1000e+02 -2.4635e+00
1.9000e+02 -1.0000e+02 2.1115e-01
1.9000e+02 -9.0000e+01 -2.5143e+00
1.9000e+02 -8.0000e+01 8.2411e-01
1.9000e+02 -7.0000e+01 -1.3336e+00
1.9000e+02 -6.0000e+01 -1.1121e+00
1.9000e+02 -5.0000e+01 1.2286e+00
1.9000e+02 -4.0000e+01 1.0191e+00
1.9000e+02 -3.0000e+01 1.9031e-02
1.9000e+02 -2.0000e+01 1.1803e+00
1.9000e+02 -1.0000e+01 3.2471e+00
1.9000e+02 0.0000e+00 1.4040e+00
1.9000e+02 1.0000e+01 5.6293e-01
1.9000e+02 2.0000e+01 -6.8598e-01
1.9000e+02 3.0000e+01 4.0470e+00
1.9000e+02 4.0000e+01 1.5664e+00
1.9000e+02 5.0000e+01 1.0314e+00
1.9000e+02 6.0000e+01 1.8333e+00
1.9000e+02 7.0000e+01 -2.1844e+00
1.9000e+02 8.0000e+01 -3.1877e+00
1.9000e+02 9.0000e+01 3.2278e-01
1.9000e+02 1.0000e+02 -1.0785e+00
1.9000e+02 1.1000e+02 -2.4302e+00
1.9000e+02 1.2000e+02 -5.4305e-01
1.9000e+02 1.3000e+02 -5.7302e-01
1.9000e+02 1.4000e+02 1.5919e+00
1.9000e+02 1.5000e+02 1.5734e-01
1.9000e+02 1.6000e+02 1.9340e+00
1.9000e+02 1.7000e+02 1.9816e+00
1.9000e+02 1.8000e+02 -1.4957e+00
1.9000e+02 1.9000e+02 -1.1452e+00
1.9000e+02 2.0000e+02 1.2489e+00
2.0000e+02 -2.0000e+02 -1.2698e+00
2.0000e+02 -1.9000e+02 -4.4736e-01
2.0000e+02 -1.8000e+02 1.4112e+00
2.0000e+02 -1.7000e+02 1.7884e+00
2.0000e+02 -1.6000e+02 2.7677e-01
2.0000e+02 -1.5000e+02 2.4956e+00
2.0000e+02 -1.4000e+02 3.3892e-01
2.0000e+02 -1.3000e+02 -2.0669e+00
2.0000e+02 -1.2000e+02 1.7613e+00
2.0000e+02 -1.1000e+02 6.6748e-01
2.0000e+02 -1.0000e+02 1.6770e+00
2.0000e+02 -9.0000e+01 -2.1709e+00
2.0000e+02 -8.0000e+01 -2.6095e-01
2.0000e+02 -7.0000e+01 9.5395e-01
2.0000e+02 -6.0000e+01 -2.0307e-01
2.0000e+02 -5.0000e+01 7.4807e-01
2.0000e+02 -4.0000e+01 5.3827e-01
2.0000e+02 -3.0000e+01 -3.0106e+00
2.0000e+02 -2.0000e+01 -2.8151e+00
2.0000e+02 -1.0000e+01 4.3342e-02
2.0000e+02 0.0000e+00 1.3646e+00
2.0000e+02 1.0000e+01 9.9751e-01
2.0000e+02 2.0000e+01 -2.8517e+00
2.0000e+02 3.0000e+01 2.5278e-01
2.0000e+02 4.0000e+01 8.2643e-01
2.0000e+02 5.0000e+01 9.7577e-01
2.0000e+02 6.0000e+01 6.8989e-02
2.0000e+02 7.0000e+01 1.6458e+00
2.0000e+02 8.0000e+01 -1.8820e+00
2.0000e+02 9.0000e+01 -9.9600e-01
2.0000e+02 1.0000e+02 -4.9403e-01
2.0000e+02 1.1000e+02 -9.7482e-01
2.0000e+02 1.2000e+02 1.9286e+00
2.0000e+02 1.3000e+02 -2.1835e+00
2.0000e+02 1.4000e+02 -1.7419e+00
2.0000e+02 1.5000e+02 -1.6889e+00
2.0000e+02 1.6000e+02 -1.8370e+00
2.0000e+02 1.7000e+02 -8.8309e-01
2.0000e+02 1.8000e+02 -3.1074e+00
2.0000e+02 1.9000e+02 -9.5245e-01
2.0000e+02 2.0000e+02 -2.3604e+00
