-2.0000e+02 -2.0000e+02 -9.0717e-01
-2.0000e+02 -1.9000e+02 1.6011e+00
-2.0000e+02 -1.8000e+02 7.3744e-01
-2.0000e+02 -1.7000e+02 2.7481e-01
-2.0000e+02 -1.6000e+02 -1.6988e+00
-2.0000e+02 -1.5000e+02 2.1799e+00
-2.0000e+02 -1.4000e+02 3.0770e+00
-2.0000e+02 -1.3000e+02 -3.1640e-01
-2.0000e+02 -1.2000e+02 2.1388e+00
-2.0000e+02 -1.1000e+02 -9.3232e-01
-2.0000e+02 -1.0000e+02 2.6752e+00
-2.0000e+02 -9.0000e+01 1.7893e+00
-2.0000e+02 -8.0000e+01 7.0767e-01
-2.0000e+02 -7.0000e+01 -7.2146e-01
-2.0000e+02 -6.0000e+01 -2.6238e+00
-2.0000e+02 -5.0000e+01 -1.0396e-01
-2.0000e+02 -4.0000e+01 -2.6469e+00
-2.0000e+02 -3.0000e+01 7.9994e-01
-2.0000e+02 -2.0000e+01 8.0581e-01
-2.0000e+02 -1.0000e+01 -1.6401e+00
-2.0000e+02 0.0000e+00 5.8186e-01
-2.0000e+02 1.0000e+01 2.7266e-01
-2.0000e+02 2.0000e+01 -5.5128e-01
-2.0000e+02 3.0000e+01 3.4034e+00
-2.0000e+02 4.0000e+01 -1.4761e+00
-2.0000e+02 5.0000e+01 3.3443e+00
-2.0000e+02 6.0000e+01 -1.6094e+00
-2.0000e+02 7.0000e+01 2.1707e+00
-2.0000e+02 8.0000e+01 -1.7287e+00
-2.0000e+02 9.0000e+01 3.0142e+00
-2.0000e+02 1.0000e+02 -2.7197e-02
-2.0000e+02 1.1000e+02 2.3249e+00
-2.0000e+02 1.2000e+02 1.0779e+00
-2.0000e+02 1.3000e+02 2.4563e+00
-2.0000e+02 1.4000e+02 7.4157e-01
-2.0000e+02 1.5000e+02 5.6992e-01
-2.0000e+02 1.6000e+02 -2.1724e+00
-2.0000e+02 1.7000e+02 -1.1561e+00
-2.0000e+02 1.8000e+02 -1.2555e-01
-2.0000e+02 1.9000e+02 2.0975e+00
-2.0000e+02 2.0000e+02 2.1981e-02
-1.9000e+02 -2.0000e+02 -1.0567e+00
-1.9000e+02 -1.9000e+02 -9.6107e-01
-1.9000e+02 -1.8000e+02 -8.2255e-01
-1.9000e+02 -1.7000e+02 -1.3677e-01
-1.9000e+02 -1.6000e+02 1.1876e+00
-1.9000e+02 -1.5000e+02 -1.0486e+00
-1.9000e+02 -1.4000e+02 1.0857e-01
-1.9000e+02 -1.3000e+02 -3.0441e+00
-1.9000e+02 -1.2000e+02 2.0446e+00
-1.9000e+02 -1.1000e+02 -5.4520e-01
-1.9000e+02 -1.0000e+02 6.5372e-01
-1.9000e+02 -9.0000e+01 -8.5213e-02
-1.9000e+02 -8.0000e+01 1.3405e+00
-1.9000e+02 -7.0000e+01 -1.1438e+00
-1.9000e+02 -6.0000e+01 -1.7680e+00
-1.9000e+02 -5.0000e+01 1.8326e+00
-1.9000e+02 -4.0000e+01 -1.7309e+00
-1.9000e+02 -3.0000e+01 2.6809e+00
-1.9000e+02 -2.0000e+01 1.8622e+00
-1.9000e+02 -1.0000e+01 -5.0754e-01
-1.9000e+02 0.0000e+00 3.2258e+00
-1.9000e+02 1.0000e+01 -1.6617e+00
-1.9000e+02 2.0000e+01 1.0928e+00
-1.9000e+02 3.0000e+01 -1.6201e-02
-1.9000e+02 4.0000e+01 2.9546e-01
-1.9000e+02 5.0000e+01 3.9832e-01
-1.9000e+02 6.0000e+01 -4.2532e+00
-1.9000e+02 7.0000e+01 1.4387e+00
-1.9000e+02 8.0000e+01 5.1221e-01
-1.9000e+02 9.0000e+01 -1.7114e+00
-1.9000e+02 1.0000e+02 -6.7310e-01
-1.9000e+02 1.1000e+02 5.9717e-01
-1.9000e+02 1.2000e+02 -1.1607e+00
-1.9000e+02 1.3000e+02 2.9769e-01
-1.9000e+02 1.4000e+02 9.4729e-01
-1.9000e+02 1.5000e+02 -2.3347e+00
-1.9000e+02 1.6000e+02 8.9206e-02
-1.9000e+02 1.7000e+02 -1.2523e+00
-1.9000e+02 1.8000e+02 1.7324e+00
-1.9000e+02 1.9000e+02 -5.5368e-01
-1.9000e+02 2.0000e+02 -3.2374e+00
-1.8000e+02 -2.0000e+02 2.3780e-02
-1.8000e+02 -1.9000e+02 -3.3774e-01
-1.8000e+02 -1.8000e+02 1.4538e+00
-1.8000e+02 -1.7000e+02 -3.7051e-01
-1.8000e+02 -1.6000e+02 4.8461e-01
-1.8000e+02 -1.5000e+02 -1.0588e+00
-1.8000e+02 -1.4000e+02 -9.5775e-01
-1.8000e+02 -1.3000e+02 1.1762e+00
-1.8000e+02 -1.2000e+02 -1.0662e+00
-1.8000e+02 -1.1000e+02 -1.6089e-01
-1.8000e+02 -1.0000e+02 -2.2101e+00
-1.8000e+02 -9.0000e+01 -1.1737e+00
-1.8000e+02 -8.0000e+01 2.1015e+00
-1.8000e+02 -7.0000e+01 -5.5369e-01
-1.8000e+02 -6.0000e+01 4.9176e-02
-1.8000e+02 -5.0000e+01 -2.2446e+00
-1.8000e+02 -4.0000e+01 1.3432e+00
-1.8000e+02 -3.0000e+01 3.1298e+00
-1.8000e+02 -2.0000e+01 -7.9281e-01
-1.8000e+02 -1.0000e+01 -1.5405e+00
-1.8000e+02 0.0000e+00 -1.7705e+00
-1.8000e+02 1.0000e+01 -1.6156e+00
-1.8000e+02 2.0000e+01 -9.4697e-01
-1.8000e+02 3.0000e+01 -2.2943e+00
-1.8000e+02 4.0000e+01 -9.2187e-02
-1.8000e+02 5.0000e+01 -1.6035e+00
-1.8000e+02 6.0000e+01 2.9252e+00
-1.8000e+02 7.0000e+01 2.1763e-01
-1.8000e+02 8.0000e+01 1.0491e+00
-1.8000e+02 9.0000e+01 -1.8714e+00
-1.8000e+02 1.0000e+02 -1.2942e-02
-1.8000e+02 1.1000e+02 4.5313e-01
-1.8000e+02 1.2000e+02 -1.2512e+00
-1.8000e+02 1.3000e+02 -5.6634e-01
-1.8000e+02 1.4000e+02 -8.4905e-01
-1.8000e+02 1.5000e+02 1.5387e+00
-1.8000e+02 1.6000e+02 -8.5439e-01
-1.8000e+02 1.7000e+02 1.6027e+00
-1.8000e+02 1.8000e+02 -1.2126e-01
-1.8000e+02 1.9000e+02 -1.4295e+00
-1.8000e+02 2.0000e+02 -2.9094e+00
-1.7000e+02 -2.0000e+02 5.6264e-01
-1.7000e+02 -1.9000e+02 1.0872e+00
-1.7000e+02 -1.8000e+02 1.2875e+00
-1.7000e+02 -1.7000e+02 -1.1047e+00
-1.7000e+02 -1.6000e+02 -4.7638e-01
-1.7000e+02 -1.5000e+02 2.2051e+00
-1.7000e+02 -1.4000e+02 -2.4164e-01
-1.7000e+02 -1.3000e+02 -2.5658e+00
-1.7000e+02 -1.2000e+02 1.1903e-01
-1.7000e+02 -1.1000e+02 -6.9348e-01
-1.7000e+02 -1.0000e+02 -1.3275e+00
-1.7000e+02 -9.0000e+01 -1.4727e+00
-1.7000e+02 -8.0000e+01 5.5445e-02
-1.7000e+02 -7.0000e+01 2.0379e+00
-1.7000e+02 -6.0000e+01 2.3768e+00
-1.7000e+02 -5.0000e+01 6.8703e-01
-1.7000e+02 -4.0000e+01 2.7277e-01
-1.7000e+02 -3.0000e+01 -3.2069e+00
-1.7000e+02 -2.0000e+01 1.9700e+00
-1.7000e+02 -1.0000e+01 5.9831e-01
-1.7000e+02 0.0000e+00 -7.3521e-01
-1.7000e+02 1.0000e+01 -2.7052e+00
-1.7000e+02 2.0000e+01 4.9367e-01
-1.7000e+02 3.0000e+01 -3.5601e+00
-1.7000e+02 4.0000e+01 -1.2676e+00
-1.7000e+02 5.0000e+01 7.9932e-01
-1.7000e+02 6.0000e+01 -2.1454e-01
-1.7000e+02 7.0000e+01 7.8079e-01
-1.7000e+02 8.0000e+01 -1.8869e+00
-1.7000e+02 9.0000e+01 -5.8369e-01
-1.7000e+02 1.0000e+02 -1.0207e+00
-1.7000e+02 1.1000e+02 -9.7612e-01
-1.7000e+02 1.2000e+02 -1.9283e+00
-1.7000e+02 1.3000e+02 -5.8550e-01
-1.7000e+02 1.4000e+02 -4.4200e-01
-1.7000e+02 1.5000e+02 4.8909e-01
-1.7000e+02 1.6000e+02 -2.8648e+00
-1.7000e+02 1.7000e+02 -2.1633e-01
-1.7000e+02 1.8000e+02 1.6979e+00
-1.7000e+02 1.9000e+02 8.0511e-01
-1.7000e+02 2.0000e+02 2.5045e+00
-1.6000e+02 -2.0000e+02 -9.4038e-02
-1.6000e+02 -1.9000e+02 2.3548e+00
-1.6000e+02 -1.8000e+02 3.7324e+00
-1.6000e+02 -1.7000e+02 1.0069e-01
-1.6000e+02 -1.6000e+02 -5.7129e-01
-1.6000e+02 -1.5000e+02 -6.6999e-01
-1.6000e+02 -1.4000e+02 2.1999e+00
-1.6000e+02 -1.3000e+02 7.2523e-01
-1.6000e+02 -1.2000e+02 1.2726e+00
-1.6000e+02 -1.1000e+02 -1.0492e+00
-1.6000e+02 -1.0000e+02 -5.0223e-01
-1.6000e+02 -9.0000e+01 2.4418e+00
-1.6000e+02 -8.0000e+01 3.0837e-01
-1.6000e+02 -7.0000e+01 1.2242e-02
-1.6000e+02 -6.0000e+01 -1.8273e+00
-1.6000e+02 -5.0000e+01 7.9345e-01
-1.6000e+02 -4.0000e+01 -1.6230e+00
-1.6000e+02 -3.0000e+01 -1.8713e-01
-1.6000e+02 -2.0000e+01 9.8111e-01
-1.6000e+02 -1.0000e+01 -1.5814e+00
-1.6000e+02 0.0000e+00 1.2595e+00
-1.6000e+02 1.0000e+01 -8.4708e-01
-1.6000e+02 2.0000e+01 -3.4359e-01
-1.6000e+02 3.0000e+01 -3.9837e-02
-1.6000e+02 4.0000e+01 1.3357e+00
-1.6000e+02 5.0000e+01 6.1863e-01
-1.6000e+02 6.0000e+01 2.1731e+00
-1.6000e+02 7.0000e+01 -4.4299e-01
-1.6000e+02 8.0000e+01 -1.3250e-01
-1.6000e+02 9.0000e+01 1.4239e+00
-1.6000e+02 1.0000e+02 -1.3717e+00
-1.6000e+02 1.1000e+02 -1.7366e+00
-1.6000e+02 1.2000e+02 -1.0046e+00
-1.6000e+02 1.3000e+02 4.5816e-01
-1.6000e+02 1.4000e+02 1.9278e+00
-1.6000e+02 1.5000e+02 2.5752e-02
-1.6000e+02 1.6000e+02 2.1605e+00
-1.6000e+02 1.7000e+02 9.0324e-01
-1.6000e+02 1.8000e+02 8.5064e-01
-1.6000e+02 1.9000e+02 1.3616e+00
-1.6000e+02 2.0000e+02 -7.5215e-01
-1.5000e+02 -2.0000e+02 8.3090e-01
-1.5000e+02 -1.9000e+02 7.6757e-01
-1.5000e+02 -1.8000e+02 -1.6519e+00
-1.5000e+02 -1.7000e+02 1.3404e+00
-1.5000e+02 -1.6000e+02 8.3154e-01
-1.5000e+02 -1.5000e+02 -9.3975e-01
-1.5000e+02 -1.4000e+02 -2.8414e-01
-1.5000e+02 -1.3000e+02 4.7645e-01
-1.5000e+02 -1.2000e+02 -3.3202e-01
-1.5000e+02 -1.1000e+02 8.5246e-02
-1.5000e+02 -1.0000e+02 -7.9049e-01
-1.5000e+02 -9.0000e+01 1.6102e+00
-1.5000e+02 -8.0000e+01 -1.2062e-01
-1.5000e+02 -7.0000e+01 -5.4409e-01
-1.5000e+02 -6.0000e+01 -4.1033e-03
-1.5000e+02 -5.0000e+01 3.4824e-01
-1.5000e+02 -4.0000e+01 -1.1426e+00
-1.5000e+02 -3.0000e+01 -5.6946e-01
-1.5000e+02 -2.0000e+01 -8.7095e-01
-1.5000e+02 -1.0000e+01 -2.5104e+00
-1.5000e+02 0.0000e+00 -2.7128e+00
-1.5000e+02 1.0000e+01 1.8833e+00
-1.5000e+02 2.0000e+01 8.5022e-01
-1.5000e+02 3.0000e+01 8.8861e-01
-1.5000e+02 4.0000e+01 1.3821e+00
-1.5000e+02 5.0000e+01 -4.1722e+00
-1.5000e+02 6.0000e+01 1.1621e+00
-1.5000e+02 7.0000e+01 1.1076e+00
-1.5000e+02 8.0000e+01 1.1851e+00
-1.5000e+02 9.0000e+01 -1.0474e+00
-1.5000e+02 1.0000e+02 -1.4199e+00
-1.5000e+02 1.1000e+02 7.1000e-01
-1.5000e+02 1.2000e+02 -1.1481e+00
-1.5000e+02 1.3000e+02 1.4992e+00
-1.5000e+02 1.4000e+02 -9.3731e-01
-1.5000e+02 1.5000e+02 -3.3834e-01
-1.5000e+02 1.6000e+02 1.9819e+00
-1.5000e+02 1.7000e+02 1.3646e+00
-1.5000e+02 1.8000e+02 1.8780e+00
-1.5000e+02 1.9000e+02 -1.3673e+00
-1.5000e+02 2.0000e+02 -2.0025e-01
-1.4000e+02 -2.0000e+02 5.7406e-01
-1.4000e+02 -1.9000e+02 4.9772e-02
-1.4000e+02 -1.8000e+02 2.6341e-01
-1.4000e+02 -1.7000e+02 -4.8294e-01
-1.4000e+02 -1.6000e+02 1.1628e+00
-1.4000e+02 -1.5000e+02 3.7866e+00
-1.4000e+02 -1.4000e+02 -5.9585e-01
-1.4000e+02 -1.3000e+02 2.8642e-01
-1.4000e+02 -1.2000e+02 1.2430e-01
-1.4000e+02 -1.1000e+02 -1.2866e+00
-1.4000e+02 -1.0000e+02 1.3332e+00
-1.4000e+02 -9.0000e+01 -1.2058e+00
-1.4000e+02 -8.0000e+01 1.4669e+00
-1.4000e+02 -7.0000e+01 -1.7344e+00
-1.4000e+02 -6.0000e+01 -2.4679e+00
-1.4000e+02 -5.0000e+01 -5.8997e-01
-1.4000e+02 -4.0000e+01 -4.3955e+00
-1.4000e+02 -3.0000e+01 -5.4765e-01
-1.4000e+02 -2.0000e+01 -2.6704e+00
-1.4000e+02 -1.0000e+01 -2.6667e+00
-1.4000e+02 0.0000e+00 9.9741e-01
-1.4000e+02 1.0000e+01 -9.2977e-02
-1.4000e+02 2.0000e+01 -8.7688e-02
-1.4000e+02 3.0000e+01 3.7688e-01
-1.4000e+02 4.0000e+01 -1.5916e+00
-1.4000e+02 5.0000e+01 -1.4776e+00
-1.4000e+02 6.0000e+01 -1.7054e-01
-1.4000e+02 7.0000e+01 -2.0296e+00
-1.4000e+02 8.0000e+01 -5.0317e-01
-1.4000e+02 9.0000e+01 -3.3660e-02
-1.4000e+02 1.0000e+02 -2.3115e+00
-1.4000e+02 1.1000e+02 1.6774e+00
-1.4000e+02 1.2000e+02 2.3200e+00
-1.4000e+02 1.3000e+02 -1.0063e+00
-1.4000e+02 1.4000e+02 1.0092e+00
-1.4000e+02 1.5000e+02 8.9813e-01
-1.4000e+02 1.6000e+02 3.5352e+00
-1.4000e+02 1.7000e+02 -4.1065e-01
-1.4000e+02 1.8000e+02 1.8522e+00
-1.4000e+02 1.9000e+02 2.7887e+00
-1.4000e+02 2.0000e+02 -7.8878e-01
-1.3000e+02 -2.0000e+02 1.4531e+00
-1.3000e+02 -1.9000e+02 4.7582e-01
-1.3000e+02 -1.8000e+02 -2.6560e+00
-1.3000e+02 -1.7000e+02 -2.2850e+00
-1.3000e+02 -1.6000e+02 -1.1481e+00
-1.3000e+02 -1.5000e+02 4.4932e-01
-1.3000e+02 -1.4000e+02 -6.3404e-01
-1.3000e+02 -1.3000e+02 9.5563e-02
-1.3000e+02 -1.2000e+02 7.4116e-01
-1.3000e+02 -1.1000e+02 -1.0550e-01
-1.3000e+02 -1.0000e+02 -1.2899e+00
-1.3000e+02 -9.0000e+01 -1.2295e+00
-1.3000e+02 -8.0000e+01 6.1500e-02
-1.3000e+02 -7.0000e+01 -2.1467e+00
-1.3000e+02 -6.0000e+01 -3.2136e-01
-1.3000e+02 -5.0000e+01 -1.6913e-01
-1.3000e+02 -4.0000e+01 5.4987e-02
-1.3000e+02 -3.0000e+01 1.6244e+00
-1.3000e+02 -2.0000e+01 -6.1972e-01
-1.3000e+02 -1.0000e+01 -1.2482e+00
-1.3000e+02 0.0000e+00 -1.0441e+00
-1.3000e+02 1.0000e+01 -1.4894e+00
-1.3000e+02 2.0000e+01 1.6219e+00
-1.3000e+02 3.0000e+01 -3.4131e+00
-1.3000e+02 4.0000e+01 -3.1586e+00
-1.3000e+02 5.0000e+01 -1.0047e+00
-1.3000e+02 6.0000e+01 -3.3099e+00
-1.3000e+02 7.0000e+01 3.5792e-01
-1.3000e+02 8.0000e+01 2.2501e+00
-1.3000e+02 9.0000e+01 -1.4465e+00
-1.3000e+02 1.0000e+02 -8.9840e-01
-1.3000e+02 1.1000e+02 4.3533e+00
-1.3000e+02 1.2000e+02 1.9180e+00
-1.3000e+02 1.3000e+02 -1.5404e+00
-1.3000e+02 1.4000e+02 3.0840e+00
-1.3000e+02 1.5000e+02 2.3988e-01
-1.3000e+02 1.6000e+02 2.5090e+00
-1.3000e+02 1.7000e+02 1.7897e+00
-1.3000e+02 1.8000e+02 -2.4143e+00
-1.3000e+02 1.9000e+02 -1.3632e+00
-1.3000e+02 2.0000e+02 -1.9144e+00
-1.2000e+02 -2.0000e+02 2.6187e+00
-1.2000e+02 -1.9000e+02 1.4550e+00
-1.2000e+02 -1.8000e+02 -1.7649e+00
-1.2000e+02 -1.7000e+02 2.2325e-01
-1.2000e+02 -1.6000e+02 3.0540e-01
-1.2000e+02 -1.5000e+02 1.1338e+00
-1.2000e+02 -1.4000e+02 1.0967e+00
-1.2000e+02 -1.3000e+02 9.5372e-01
-1.2000e+02 -1.2000e+02 5.2765e-01
-1.2000e+02 -1.1000e+02 -2.1436e+00
-1.2000e+02 -1.0000e+02 -1.0419e+00
-1.2000e+02 -9.0000e+01 2.1042e-01
-1.2000e+02 -8.0000e+01 -1.1250e+00
-1.2000e+02 -7.0000e+01 -3.9229e-02
-1.2000e+02 -6.0000e+01 -3.2219e+00
-1.2000e+02 -5.0000e+01 4.5107e-01
-1.2000e+02 -4.0000e+01 -4.6407e-01
-1.2000e+02 -3.0000e+01 -1.4546e+00
-1.2000e+02 -2.0000e+01 -1.3602e+00
-1.2000e+02 -1.0000e+01 -4.2141e+00
-1.2000e+02 0.0000e+00 7.1386e-01
-1.2000e+02 1.0000e+01 2.1759e+00
-1.2000e+02 2.0000e+01 -3.1653e+00
-1.2000e+02 3.0000e+01 -1.0128e+00
-1.2000e+02 4.0000e+01 -1.8822e+00
-1.2000e+02 5.0000e+01 -1.5877e+00
-1.2000e+02 6.0000e+01 -2.7444e+00
-1.2000e+02 7.0000e+01 -8.7200e-01
-1.2000e+02 8.0000e+01 -2.4792e+00
-1.2000e+02 9.0000e+01 -8.8991e-01
-1.2000e+02 1.0000e+02 2.5565e-01
-1.2000e+02 1.1000e+02 -6.6210e-01
-1.2000e+02 1.2000e+02 -8.7358e-01
-1.2000e+02 1.3000e+02 3.7394e-01
-1.2000e+02 1.4000e+02 -2.2323e+00
-1.2000e+02 1.5000e+02 -4.9265e-01
-1.2000e+02 1.6000e+02 -1.1063e+00
-1.2000e+02 1.7000e+02 8.2892e-02
-1.2000e+02 1.8000e+02 1.0325e+00
-1.2000e+02 1.9000e+02 2.6535e+00
-1.2000e+02 2.0000e+02 -3.7975e+00
-1.1000e+02 -2.0000e+02 -2.1819e-01
-1.1000e+02 -1.9000e+02 -2.3304e+00
-1.1000e+02 -1.8000e+02 -2.0014e+00
-1.1000e+02 -1.7000e+02 2.4567e-01
-1.1000e+02 -1.6000e+02 1.4164e+00
-1.1000e+02 -1.5000e+02 2.3615e+00
-1.1000e+02 -1.4000e+02 -3.6803e+00
-1.1000e+02 -1.3000e+02 -3.7977e+00
-1.1000e+02 -1.2000e+02 6.1257e-01
-1.1000e+02 -1.1000e+02 -1.4981e-01
-1.1000e+02 -1.0000e+02 -1.5645e+00
-1.1000e+02 -9.0000e+01 -2.0227e+00
-1.1000e+02 -8.0000e+01 1.0890e+00
-1.1000e+02 -7.0000e+01 -3.3477e+00
-1.1000e+02 -6.0000e+01 -1.9252e+00
-1.1000e+02 -5.0000e+01 -1.3011e+00
-1.1000e+02 -4.0000e+01 1.3359e+00
-1.1000e+02 -3.0000e+01 -2.5526e+00
-1.1000e+02 -2.0000e+01 -7.7371e-01
-1.1000e+02 -1.0000e+01 -1.5011e+00
-1.1000e+02 0.0000e+00 -4.8930e+00
-1.1000e+02 1.0000e+01 -3.3186e+00
-1.1000e+02 2.0000e+01 -4.0237e+00
-1.1000e+02 3.0000e+01 4.0860e-01
-1.1000e+02 4.0000e+01 -2.7014e-01
-1.1000e+02 5.0000e+01 -1.4174e+00
-1.1000e+02 6.0000e+01 -1.9936e+00
-1.1000e+02 7.0000e+01 2.3588e+00
-1.1000e+02 8.0000e+01 1.8066e+00
-1.1000e+02 9.0000e+01 2.2320e-01
-1.1000e+02 1.0000e+02 -4.4878e+00
-1.1000e+02 1.1000e+02 -1.5674e+00
-1.1000e+02 1.2000e+02 -2.9290e+00
-1.1000e+02 1.3000e+02 -4.0267e-01
-1.1000e+02 1.4000e+02 6.8063e-01
-1.1000e+02 1.5000e+02 7.3934e-01
-1.1000e+02 1.6000e+02 -7.2944e-01
-1.1000e+02 1.7000e+02 -8.1924e-01
-1.1000e+02 1.8000e+02 -3.3134e-01
-1.1000e+02 1.9000e+02 -9.1220e-01
-1.1000e+02 2.0000e+02 1.0071e+00
-1.0000e+02 -2.0000e+02 -1.7179e+00
-1.0000e+02 -1.9000e+02 1.4603e+00
-1.0000e+02 -1.8000e+02 2.2820e-02
-1.0000e+02 -1.7000e+02 1.0449e+00
-1.0000e+02 -1.6000e+02 -2.4172e-02
-1.0000e+02 -1.5000e+02 -1.6316e+00
-1.0000e+02 -1.4000e+02 2.0657e+00
-1.0000e+02 -1.3000e+02 -6.8463e-01
-1.0000e+02 -1.2000e+02 7.6192e-01
-1.0000e+02 -1.1000e+02 -8.7392e-01
-1.0000e+02 -1.0000e+02 -1.0067e+00
-1.0000e+02 -9.0000e+01 5.8661e-01
-1.0000e+02 -8.0000e+01 -2.0359e+00
-1.0000e+02 -7.0000e+01 -1.3062e+00
-1.0000e+02 -6.0000e+01 -1.7515e+00
-1.0000e+02 -5.0000e+01 -2.4706e+00
-1.0000e+02 -4.0000e+01 -1.0337e+00
-1.0000e+02 -3.0000e+01 1.7324e+00
-1.0000e+02 -2.0000e+01 -1.9604e+00
-1.0000e+02 -1.0000e+01 -3.2654e+00
-1.0000e+02 0.0000e+00 -2.8202e+00
-1.0000e+02 1.0000e+01 -4.7072e+00
-1.0000e+02 2.0000e+01 -2.1423e+00
-1.0000e+02 3.0000e+01 -2.8746e+00
-1.0000e+02 4.0000e+01 2.8395e-01
-1.0000e+02 5.0000e+01 -4.0560e+00
-1.0000e+02 6.0000e+01 -1.8058e+00
-1.0000e+02 7.0000e+01 -2.0497e+00
-1.0000e+02 8.0000e+01 -1.6913e+00
-1.0000e+02 9.0000e+01 -2.0728e-01
-1.0000e+02 1.0000e+02 -2.1838e+00
-1.0000e+02 1.1000e+02 -1.8179e+00
-1.0000e+02 1.2000e+02 -5.4513e-01
-1.0000e+02 1.3000e+02 -2.3876e-01
-1.0000e+02 1.4000e+02 -1.6442e+00
-1.0000e+02 1.5000e+02 -5.4699e-01
-1.0000e+02 1.6000e+02 8.1272e-01
-1.0000e+02 1.7000e+02 -1.1839e-01
-1.0000e+02 1.8000e+02 -4.1417e-01
-1.0000e+02 1.9000e+02 -1.8741e+00
-1.0000e+02 2.0000e+02 5.6110e-01
-9.0000e+01 -2.0000e+02 2.6885e-01
-9.0000e+01 -1.9000e+02 4.4884e-01
-9.0000e+01 -1.8000e+02 3.2197e-01
-9.0000e+01 -1.7000e+02 3.4251e+00
-9.0000e+01 -1.6000e+02 5.0698e-01
-9.0000e+01 -1.5000e+02 2.8675e+00
-9.0000e+01 -1.4000e+02 6.5513e-01
-9.0000e+01 -1.3000e+02 4.9465e-03
-9.0000e+01 -1.2000e+02 1.7214e+00
-9.0000e+01 -1.1000e+02 -1.0727e+00
-9.0000e+01 -1.0000e+02 1.7340e+00
-9.0000e+01 -9.0000e+01 -2.3241e+00
-9.0000e+01 -8.0000e+01 -1.0344e+00
-9.0000e+01 -7.0000e+01 -2.0626e+00
-9.0000e+01 -6.0000e+01 -3.6945e+00
-9.0000e+01 -5.0000e+01 -7.8102e-01
-9.0000e+01 -4.0000e+01 -1.7297e+00
-9.0000e+01 -3.0000e+01 -4.2628e+00
-9.0000e+01 -2.0000e+01 -2.3022e+00
-9.0000e+01 -1.0000e+01 -4.1254e+00
-9.0000e+01 0.0000e+00 -3.9079e+00
-9.0000e+01 1.0000e+01 -3.5104e+00
-9.0000e+01 2.0000e+01 -3.5894e+00
-9.0000e+01 3.0000e+01 -2.8114e+00
-9.0000e+01 4.0000e+01 -2.2365e+00
-9.0000e+01 5.0000e+01 -2.7629e+00
-9.0000e+01 6.0000e+01 -3.2585e+00
-9.0000e+01 7.0000e+01 3.2426e-01
-9.0000e+01 8.0000e+01 1.5958e-01
-9.0000e+01 9.0000e+01 -9.4085e-01
-9.0000e+01 1.0000e+02 -1.0247e+00
-9.0000e+01 1.1000e+02 1.4797e+00
-9.0000e+01 1.2000e+02 1.1017e+00
-9.0000e+01 1.3000e+02 1.6405e+00
-9.0000e+01 1.4000e+02 -2.5945e-01
-9.0000e+01 1.5000e+02 1.2315e+00
-9.0000e+01 1.6000e+02 7.3693e-01
-9.0000e+01 1.7000e+02 2.1897e+00
-9.0000e+01 1.8000e+02 -1.4902e+00
-9.0000e+01 1.9000e+02 2.3440e+00
-9.0000e+01 2.0000e+02 -1.6645e+00
-8.0000e+01 -2.0000e+02 -2.0420e+00
-8.0000e+01 -1.9000e+02 5.6252e-01
-8.0000e+01 -1.8000e+02 3.9606e+00
-8.0000e+01 -1.7000e+02 1.0671e+00
-8.0000e+01 -1.6000e+02 -1.9467e+00
-8.0000e+01 -1.5000e+02 -3.1512e+00
-8.0000e+01 -1.4000e+02 -1.4601e-01
-8.0000e+01 -1.3000e+02 8.4675e-01
-8.0000e+01 -1.2000e+02 -2.9421e+00
-8.0000e+01 -1.1000e+02 -2.7624e-01
-8.0000e+01 -1.0000e+02 -2.0992e-02
-8.0000e+01 -9.0000e+01 -1.7967e+00
-8.0000e+01 -8.0000e+01 -1.7676e+00
-8.0000e+01 -7.0000e+01 -1.8551e+00
-8.0000e+01 -6.0000e+01 -1.5209e+00
-8.0000e+01 -5.0000e+01 -4.6056e+00
-8.0000e+01 -4.0000e+01 -5.9977e+00
-8.0000e+01 -3.0000e+01 -4.4960e+00
-8.0000e+01 -2.0000e+01 -6.2618e+00
-8.0000e+01 -1.0000e+01 -8.5715e+00
-8.0000e+01 0.0000e+00 -5.5179e+00
-8.0000e+01 1.0000e+01 -2.3383e+00
-8.0000e+01 2.0000e+01 -4.6702e+00
-8.0000e+01 3.0000e+01 -2.7187e+00
-8.0000e+01 4.0000e+01 -5.6988e+00
-8.0000e+01 5.0000e+01 -7.0724e+00
-8.0000e+01 6.0000e+01 -3.3791e+00
-8.0000e+01 7.0000e+01 -2.9076e+00
-8.0000e+01 8.0000e+01 -4.5723e+00
-8.0000e+01 9.0000e+01 -3.3054e+00
-8.0000e+01 1.0000e+02 -1.9574e+00
-8.0000e+01 1.1000e+02 1.1011e-01
-8.0000e+01 1.2000e+02 1.3709e-01
-8.0000e+01 1.3000e+02 1.1315e+00
-8.0000e+01 1.4000e+02 -1.1268e+00
-8.0000e+01 1.5000e+02 -1.9601e+00
-8.0000e+01 1.6000e+02 -2.4520e+00
-8.0000e+01 1.7000e+02 -1.2906e+00
-8.0000e+01 1.8000e+02 -3.5784e-02
-8.0000e+01 1.9000e+02 -1.0427e+00
-8.0000e+01 2.0000e+02 1.0840e+00
-7.0000e+01 -2.0000e+02 9.9033e-02
-7.0000e+01 -1.9000e+02 -8.9933e-01
-7.0000e+01 -1.8000e+02 -1.3143e+00
-7.0000e+01 -1.7000e+02 -1.5276e+00
-7.0000e+01 -1.6000e+02 -2.5653e+00
-7.0000e+01 -1.5000e+02 -8.4230e-01
-7.0000e+01 -1.4000e+02 -1.6730e+00
-7.0000e+01 -1.3000e+02 -6.5966e-01
-7.0000e+01 -1.2000e+02 6.1242e-01
-7.0000e+01 -1.1000e+02 -1.4540e+00
-7.0000e+01 -1.0000e+02 -3.5303e+00
-7.0000e+01 -9.0000e+01 -3.2105e+00
-7.0000e+01 -8.0000e+01 -1.8321e+00
-7.0000e+01 -7.0000e+01 -4.8338e+00
-7.0000e+01 -6.0000e+01 -4.5428e+00
-7.0000e+01 -5.0000e+01 -7.0511e+00
-7.0000e+01 -4.0000e+01 -4.8637e+00
-7.0000e+01 -3.0000e+01 -5.9333e+00
-7.0000e+01 -2.0000e+01 -7.2047e+00
-7.0000e+01 -1.0000e+01 -7.0023e+00
-7.0000e+01 0.0000e+00 -9.6395e+00
-7.0000e+01 1.0000e+01 -4.6507e+00
-7.0000e+01 2.0000e+01 -6.7653e+00
-7.0000e+01 3.0000e+01 -5.5155e+00
-7.0000e+01 4.0000e+01 -7.8115e+00
-7.0000e+01 5.0000e+01 -6.8616e+00
-7.0000e+01 6.0000e+01 -4.9703e+00
-7.0000e+01 7.0000e+01 -4.9223e+00
-7.0000e+01 8.0000e+01 -1.2846e+00
-7.0000e+01 9.0000e+01 -2.3632e+00
-7.0000e+01 1.0000e+02 -1.5846e+00
-7.0000e+01 1.1000e+02 1.5799e+00
-7.0000e+01 1.2000e+02 -1.3628e+00
-7.0000e+01 1.3000e+02 9.9792e-01
-7.0000e+01 1.4000e+02 3.4983e-01
-7.0000e+01 1.5000e+02 -7.7266e-01
-7.0000e+01 1.6000e+02 -2.0188e+00
-7.0000e+01 1.7000e+02 -2.5934e-01
-7.0000e+01 1.8000e+02 7.5091e-01
-7.0000e+01 1.9000e+02 -7.6370e-01
-7.0000e+01 2.0000e+02 -1.5819e+00
-6.0000e+01 -2.0000e+02 -1.7280e+00
-6.0000e+01 -1.9000e+02 2.6375e+00
-6.0000e+01 -1.8000e+02 -2.7987e+00
-6.0000e+01 -1.7000e+02 7.8243e-02
-6.0000e+01 -1.6000e+02 1.4829e+00
-6.0000e+01 -1.5000e+02 -2.4349e-01
-6.0000e+01 -1.4000e+02 -6.1073e-01
-6.0000e+01 -1.3000e+02 -1.3106e+00
-6.0000e+01 -1.2000e+02 -1.0618e+00
-6.0000e+01 -1.1000e+02 -7.5266e-01
-6.0000e+01 -1.0000e+02 -2.5867e-01
-6.0000e+01 -9.0000e+01 -1.7185e+00
-6.0000e+01 -8.0000e+01 -3.5278e+00
-6.0000e+01 -7.0000e+01 -7.4941e+00
-6.0000e+01 -6.0000e+01 -6.2605e+00
-6.0000e+01 -5.0000e+01 -4.1215e+00
-6.0000e+01 -4.0000e+01 -8.3474e+00
-6.0000e+01 -3.0000e+01 -7.5297e+00
-6.0000e+01 -2.0000e+01 -7.8570e+00
-6.0000e+01 -1.0000e+01 -1.0056e+01
-6.0000e+01 0.0000e+00 -1.1120e+01
-6.0000e+01 1.0000e+01 -7.4161e+00
-6.0000e+01 2.0000e+01 -5.5663e+00
-6.0000e+01 3.0000e+01 -7.5284e+00
-6.0000e+01 4.0000e+01 -4.1405e+00
-6.0000e+01 5.0000e+01 -7.1531e+00
-6.0000e+01 6.0000e+01 -4.4810e+00
-6.0000e+01 7.0000e+01 -4.3453e+00
-6.0000e+01 8.0000e+01 -2.2238e+00
-6.0000e+01 9.0000e+01 -2.3009e+00
-6.0000e+01 1.0000e+02 2.7340e+00
-6.0000e+01 1.1000e+02 -1.5206e+00
-6.0000e+01 1.2000e+02 -9.4834e-01
-6.0000e+01 1.3000e+02 -5.1348e-01
-6.0000e+01 1.4000e+02 -3.1127e+00
-6.0000e+01 1.5000e+02 4.8575e-01
-6.0000e+01 1.6000e+02 -1.9028e+00
-6.0000e+01 1.7000e+02 1.2264e+00
-6.0000e+01 1.8000e+02 3.4576e-01
-6.0000e+01 1.9000e+02 -1.4150e+00
-6.0000e+01 2.0000e+02 3.5887e+00
-5.0000e+01 -2.0000e+02 9.1594e-01
-5.0000e+01 -1.9000e+02 -1.2057e+00
-5.0000e+01 -1.8000e+02 -9.4466e-01
-5.0000e+01 -1.7000e+02 1.2941e+00
-5.0000e+01 -1.6000e+02 -1.0476e+00
-5.0000e+01 -1.5000e+02 -3.7669e+00
-5.0000e+01 -1.4000e+02 -1.0903e+00
-5.0000e+01 -1.3000e+02 1.5966e+00
-5.0000e+01 -1.2000e+02 -1.8195e+00
-5.0000e+01 -1.1000e+02 1.4143e+00
-5.0000e+01 -1.0000e+02 -1.5152e+00
-5.0000e+01 -9.0000e+01 -4.9136e+00
-5.0000e+01 -8.0000e+01 -6.5205e+00
-5.0000e+01 -7.0000e+01 -5.1657e+00
-5.0000e+01 -6.0000e+01 -4.4678e+00
-5.0000e+01 -5.0000e+01 -5.8585e+00
-5.0000e+01 -4.0000e+01 -8.4706e+00
-5.0000e+01 -3.0000e+01 -5.0302e+00
-5.0000e+01 -2.0000e+01 -1.0595e+01
-5.0000e+01 -1.0000e+01 -1.1983e+01
-5.0000e+01 0.0000e+00 -9.2649e+00
-5.0000e+01 1.0000e+01 -1.0029e+01
-5.0000e+01 2.0000e+01 -9.8617e+00
-5.0000e+01 3.0000e+01 -1.0362e+01
-5.0000e+01 4.0000e+01 -9.1914e+00
-5.0000e+01 5.0000e+01 -7.4746e+00
-5.0000e+01 6.0000e+01 -6.4290e+00
-5.0000e+01 7.0000e+01 -2.0946e+00
-5.0000e+01 8.0000e+01 -2.4002e+00
-5.0000e+01 9.0000e+01 -1.2769e+00
-5.0000e+01 1.0000e+02 -4.4706e+00
-5.0000e+01 1.1000e+02 -8.7291e-01
-5.0000e+01 1.2000e+02 -1.7431e+00
-5.0000e+01 1.3000e+02 -8.0427e-01
-5.0000e+01 1.4000e+02 1.2480e+00
-5.0000e+01 1.5000e+02 1.9875e+00
-5.0000e+01 1.6000e+02 2.1644e+00
-5.0000e+01 1.7000e+02 -1.5791e+00
-5.0000e+01 1.8000e+02 -2.1519e+00
-5.0000e+01 1.9000e+02 1.6077e+00
-5.0000e+01 2.0000e+02 5.5698e-01
-4.0000e+01 -2.0000e+02 -7.7030e-01
-4.0000e+01 -1.9000e+02 9.1110e-01
-4.0000e+01 -1.8000e+02 -1.4186e+00
-4.0000e+01 -1.7000e+02 -6.2331e-01
-4.0000e+01 -1.6000e+02 -1.9398e+00
-4.0000e+01 -1.5000e+02 -1.1799e+00
-4.0000e+01 -1.4000e+02 2.9143e-01
-4.0000e+01 -1.3000e+02 -5.4767e-01
-4.0000e+01 -1.2000e+02 -6.0613e-01
-4.0000e+01 -1.1000e+02 1.2164e+00
-4.0000e+01 -1.0000e+02 -5.0418e+00
-4.0000e+01 -9.0000e+01 -3.0127e+00
-4.0000e+01 -8.0000e+01 -2.4083e+00
-4.0000e+01 -7.0000e+01 -4.9389e+00
-4.0000e+01 -6.0000e+01 -6.2033e+00
-4.0000e+01 -5.0000e+01 -7.6332e+00
-4.0000e+01 -4.0000e+01 -9.6734e+00
-4.0000e+01 -3.0000e+01 -1.0909e+01
-4.0000e+01 -2.0000e+01 -1.2950e+01
-4.0000e+01 -1.0000e+01 -1.2316e+01
-4.0000e+01 0.0000e+00 -9.2822e+00
-4.0000e+01 1.0000e+01 -1.2289e+01
-4.0000e+01 2.0000e+01 -1.0902e+01
-4.0000e+01 3.0000e+01 -1.0378e+01
-4.0000e+01 4.0000e+01 -9.8810e+00
-4.0000e+01 5.0000e+01 -7.7491e+00
-4.0000e+01 6.0000e+01 -5.3763e+00
-4.0000e+01 7.0000e+01 -5.9039e+00
-4.0000e+01 8.0000e+01 -5.0628e+00
-4.0000e+01 9.0000e+01 -3.6853e+00
-4.0000e+01 1.0000e+02 -2.1513e+00
-4.0000e+01 1.1000e+02 -5.3870e-01
-4.0000e+01 1.2000e+02 -1.3181e+00
-4.0000e+01 1.3000e+02 -2.7390e-01
-4.0000e+01 1.4000e+02 -6.4063e-01
-4.0000e+01 1.5000e+02 -4.9816e+00
-4.0000e+01 1.6000e+02 -2.2621e-01
-4.0000e+01 1.7000e+02 -1.0406e+00
-4.0000e+01 1.8000e+02 -9.5819e-01
-4.0000e+01 1.9000e+02 1.7879e+00
-4.0000e+01 2.0000e+02 5.4056e-01
-3.0000e+01 -2.0000e+02 1.7719e+00
-3.0000e+01 -1.9000e+02 7.5412e-01
-3.0000e+01 -1.8000e+02 2.3250e-01
-3.0000e+01 -1.7000e+02 -1.9400e+00
-3.0000e+01 -1.6000e+02 8.1105e-01
-3.0000e+01 -1.5000e+02 -1.6497e+00
-3.0000e+01 -1.4000e+02 1.8310e+00
-3.0000e+01 -1.3000e+02 -5.1780e-01
-3.0000e+01 -1.2000e+02 -1.2158e+00
-3.0000e+01 -1.1000e+02 -4.2466e+00
-3.0000e+01 -1.0000e+02 -1.2921e+00
-3.0000e+01 -9.0000e+01 -6.0725e+00
-3.0000e+01 -8.0000e+01 -5.2776e+00
-3.0000e+01 -7.0000e+01 -5.1514e+00
-3.0000e+01 -6.0000e+01 -6.3438e+00
-3.0000e+01 -5.0000e+01 -1.0033e+01
-3.0000e+01 -4.0000e+01 -9.2163e+00
-3.0000e+01 -3.0000e+01 -1.0124e+01
-3.0000e+01 -2.0000e+01 -1.1940e+01
-3.0000e+01 -1.0000e+01 -1.2074e+01
-3.0000e+01 0.0000e+00 -1.3237e+01
-3.0000e+01 1.0000e+01 -1.1732e+01
-3.0000e+01 2.0000e+01 -1.3386e+01
-3.0000e+01 3.0000e+01 -1.0307e+01
-3.0000e+01 4.0000e+01 -1.1195e+01
-3.0000e+01 5.0000e+01 -5.5992e+00
-3.0000e+01 6.0000e+01 -5.9240e+00
-3.0000e+01 7.0000e+01 -5.9196e+00
-3.0000e+01 8.0000e+01 -5.0610e+00
-3.0000e+01 9.0000e+01 -7.1851e+00
-3.0000e+01 1.0000e+02 -3.1834e+00
-3.0000e+01 1.1000e+02 -1.0420e+00
-3.0000e+01 1.2000e+02 -1.1725e+00
-3.0000e+01 1.3000e+02 -4.1862e+00
-3.0000e+01 1.4000e+02 -3.6284e-01
-3.0000e+01 1.5000e+02 -1.1953e+00
-3.0000e+01 1.6000e+02 -1.1349e+00
-3.0000e+01 1.7000e+02 1.6943e+00
-3.0000e+01 1.8000e+02 1.6097e+00
-3.0000e+01 1.9000e+02 -2.1016e+00
-3.0000e+01 2.0000e+02 3.7482e-01
-2.0000e+01 -2.0000e+02 -7.3710e-01
-2.0000e+01 -1.9000e+02 -1.1024e+00
-2.0000e+01 -1.8000e+02 -1.3259e+00
-2.0000e+01 -1.7000e+02 -1.0274e+00
-2.0000e+01 -1.6000e+02 6.3965e-01
-2.0000e+01 -1.5000e+02 1.3753e+00
-2.0000e+01 -1.4000e+02 3.2092e-01
-2.0000e+01 -1.3000e+02 -1.0881e+00
-2.0000e+01 -1.2000e+02 -5.1520e-01
-2.0000e+01 -1.1000e+02 -1.8547e+00
-2.0000e+01 -1.0000e+02 -2.2734e+00
-2.0000e+01 -9.0000e+01 -6.4056e+00
-2.0000e+01 -8.0000e+01 -4.6555e+00
-2.0000e+01 -7.0000e+01 -6.3385e+00
-2.0000e+01 -6.0000e+01 -7.1341e+00
-2.0000e+01 -5.0000e+01 -1.1013e+01
-2.0000e+01 -4.0000e+01 -1.3135e+01
-2.0000e+01 -3.0000e+01 -8.4654e+00
-2.0000e+01 -2.0000e+01 -1.3956e+01
-2.0000e+01 -1.0000e+01 -1.5145e+01
-2.0000e+01 0.0000e+00 -1.3766e+01
-2.0000e+01 1.0000e+01 -1.2107e+01
-2.0000e+01 2.0000e+01 -1.2510e+01
-2.0000e+01 3.0000e+01 -1.1519e+01
-2.0000e+01 4.0000e+01 -1.2521e+01
-2.0000e+01 5.0000e+01 -9.7604e+00
-2.0000e+01 6.0000e+01 -7.6463e+00
-2.0000e+01 7.0000e+01 -6.4393e+00
-2.0000e+01 8.0000e+01 -6.8756e+00
-2.0000e+01 9.0000e+01 -4.5277e+00
-2.0000e+01 1.0000e+02 -3.3325e+00
-2.0000e+01 1.1000e+02 -2.4400e+00
-2.0000e+01 1.2000e+02 -2.9622e+00
-2.0000e+01 1.3000e+02 -5.5717e-01
-2.0000e+01 1.4000e+02 -2.5359e+00
-2.0000e+01 1.5000e+02 1.9490e+00
-2.0000e+01 1.6000e+02 2.3775e+00
-2.0000e+01 1.7000e+02 -1.1350e+00
-2.0000e+01 1.8000e+02 1.9067e+00
-2.0000e+01 1.9000e+02 -6.2913e-01
-2.0000e+01 2.0000e+02 -3.9494e+00
-1.0000e+01 -2.0000e+02 1.6544e+00
-1.0000e+01 -1.9000e+02 1.0762e+00
-1.0000e+01 -1.8000e+02 -2.0210e+00
-1.0000e+01 -1.7000e+02 -1.7027e+00
-1.0000e+01 -1.6000e+02 6.0664e-01
-1.0000e+01 -1.5000e+02 -5.8517e-01
-1.0000e+01 -1.4000e+02 -5.4470e-01
-1.0000e+01 -1.3000e+02 -8.0099e-01
-1.0000e+01 -1.2000e+02 1.7853e+00
-1.0000e+01 -1.1000e+02 -1.6518e+00
-1.0000e+01 -1.0000e+02 -3.4409e+00
-1.0000e+01 -9.0000e+01 -1.9369e+00
-1.0000e+01 -8.0000e+01 -7.0025e+00
-1.0000e+01 -7.0000e+01 -3.5560e+00
-1.0000e+01 -6.0000e+01 -9.7005e+00
-1.0000e+01 -5.0000e+01 -8.3294e+00
-1.0000e+01 -4.0000e+01 -1.2750e+01
-1.0000e+01 -3.0000e+01 -1.3881e+01
-1.0000e+01 -2.0000e+01 -1.4078e+01
-1.0000e+01 -1.0000e+01 -1.6495e+01
-1.0000e+01 0.0000e+00 -1.5536e+01
-1.0000e+01 1.0000e+01 -1.1709e+01
-1.0000e+01 2.0000e+01 -1.1767e+01
-1.0000e+01 3.0000e+01 -1.3094e+01
-1.0000e+01 4.0000e+01 -1.1033e+01
-1.0000e+01 5.0000e+01 -9.7225e+00
-1.0000e+01 6.0000e+01 -9.4958e+00
-1.0000e+01 7.0000e+01 -7.7827e+00
-1.0000e+01 8.0000e+01 -5.7933e+00
-1.0000e+01 9.0000e+01 -2.7065e+00
-1.0000e+01 1.0000e+02 -2.4194e+00
-1.0000e+01 1.1000e+02 -2.4576e+00
-1.0000e+01 1.2000e+02 -8.5355e-01
-1.0000e+01 1.3000e+02 -4.8261e-01
-1.0000e+01 1.4000e+02 -1.0649e+00
-1.0000e+01 1.5000e+02 -1.5685e+00
-1.0000e+01 1.6000e+02 7.0230e-01
-1.0000e+01 1.7000e+02 4.0268e-01
-1.0000e+01 1.8000e+02 -8.5222e-02
-1.0000e+01 1.9000e+02 -1.0864e+00
-1.0000e+01 2.0000e+02 -6.0803e-01
0.0000e+00 -2.0000e+02 -4.8143e-01
0.0000e+00 -1.9000e+02 2.3422e+00
0.0000e+00 -1.8000e+02 2.9458e+00
0.0000e+00 -1.7000e+02 -2.6953e+00
0.0000e+00 -1.6000e+02 -7.6974e-01
0.0000e+00 -1.5000e+02 -1.4924e+00
0.0000e+00 -1.4000e+02 2.0277e-01
0.0000e+00 -1.3000e+02 3.6932e-01
0.0000e+00 -1.2000e+02 -3.9347e+00
0.0000e+00 -1.1000e+02 -3.0855e+00
0.0000e+00 -1.0000e+02 -3.7570e+00
0.0000e+00 -9.0000e+01 -6.7714e+00
0.0000e+00 -8.0000e+01 -4.5814e+00
0.0000e+00 -7.0000e+01 -7.1509e+00
0.0000e+00 -6.0000e+01 -8.0547e+00
0.0000e+00 -5.0000e+01 -8.4008e+00
0.0000e+00 -4.0000e+01 -9.5344e+00
0.0000e+00 -3.0000e+01 -1.2717e+01
0.0000e+00 -2.0000e+01 -1.2759e+01
0.0000e+00 -1.0000e+01 -1.1501e+01
0.0000e+00 0.0000e+00 -1.4448e+01
0.0000e+00 1.0000e+01 -1.4947e+01
0.0000e+00 2.0000e+01 -1.3281e+01
0.0000e+00 3.0000e+01 -1.3142e+01
0.0000e+00 4.0000e+01 -1.0608e+01
0.0000e+00 5.0000e+01 -8.7693e+00
0.0000e+00 6.0000e+01 -6.8786e+00
0.0000e+00 7.0000e+01 -6.0198e+00
0.0000e+00 8.0000e+01 -7.6328e+00
0.0000e+00 9.0000e+01 -3.4174e+00
0.0000e+00 1.0000e+02 -5.4576e-01
0.0000e+00 1.1000e+02 -3.2577e+00
0.0000e+00 1.2000e+02 -4.2109e+00
0.0000e+00 1.3000e+02 -3.9163e+00
0.0000e+00 1.4000e+02 -5.3629e-01
0.0000e+00 1.5000e+02 5.0629e-01
0.0000e+00 1.6000e+02 5.3996e-01
0.0000e+00 1.7000e+02 1.5597e+00
0.0000e+00 1.8000e+02 -9.4876e-01
0.0000e+00 1.9000e+02 -1.3715e+00
0.0000e+00 2.0000e+02 -6.5142e-01
1.0000e+01 -2.0000e+02 -1.2523e+00
1.0000e+01 -1.9000e+02 -1.9512e+00
1.0000e+01 -1.8000e+02 -7.2374e-01
1.0000e+01 -1.7000e+02 -7.3807e-01
1.0000e+01 -1.6000e+02 -5.4472e-01
1.0000e+01 -1.5000e+02 -1.8144e+00
1.0000e+01 -1.4000e+02 -3.2181e-01
1.0000e+01 -1.3000e+02 3.3104e-01
1.0000e+01 -1.2000e+02 -2.9819e-01
1.0000e+01 -1.1000e+02 -3.3275e+00
1.0000e+01 -1.0000e+02 -3.8173e+00
1.0000e+01 -9.0000e+01 -5.6631e+00
1.0000e+01 -8.0000e+01 -4.3651e+00
1.0000e+01 -7.0000e+01 -8.1909e+00
1.0000e+01 -6.0000e+01 -9.9053e+00
1.0000e+01 -5.0000e+01 -9.9118e+00
1.0000e+01 -4.0000e+01 -1.2559e+01
1.0000e+01 -3.0000e+01 -1.1248e+01
1.0000e+01 -2.0000e+01 -1.1841e+01
1.0000e+01 -1.0000e+01 -1.3728e+01
1.0000e+01 0.0000e+00 -1.6442e+01
1.0000e+01 1.0000e+01 -1.2969e+01
1.0000e+01 2.0000e+01 -1.4919e+01
1.0000e+01 3.0000e+01 -1.2456e+01
1.0000e+01 4.0000e+01 -9.8999e+00
1.0000e+01 5.0000e+01 -1.3689e+01
1.0000e+01 6.0000e+01 -9.4891e+00
1.0000e+01 7.0000e+01 -6.6667e+00
1.0000e+01 8.0000e+01 -6.7614e+00
1.0000e+01 9.0000e+01 -3.0639e+00
1.0000e+01 1.0000e+02 -1.7933e+00
1.0000e+01 1.1000e+02 -3.1778e+00
1.0000e+01 1.2000e+02 -4.1373e+00
1.0000e+01 1.3000e+02 8.6613e-01
1.0000e+01 1.4000e+02 6.0919e-01
1.0000e+01 1.5000e+02 1.3265e-01
1.0000e+01 1.6000e+02 9.3093e-03
1.0000e+01 1.7000e+02 2.6153e+00
1.0000e+01 1.8000e+02 -4.7958e-01
1.0000e+01 1.9000e+02 -8.7319e-01
1.0000e+01 2.0000e+02 2.9136e+00
2.0000e+01 -2.0000e+02 -3.6956e-01
2.0000e+01 -1.9000e+02 -1.0793e+00
2.0000e+01 -1.8000e+02 2.2260e+00
2.0000e+01 -1.7000e+02 -1.8887e+00
2.0000e+01 -1.6000e+02 9.2304e-01
2.0000e+01 -1.5000e+02 -1.7330e+00
2.0000e+01 -1.4000e+02 -5.3974e-01
2.0000e+01 -1.3000e+02 1.2386e+00
2.0000e+01 -1.2000e+02 -1.8227e+00
2.0000e+01 -1.1000e+02 -2.1479e+00
2.0000e+01 -1.0000e+02 -2.1961e+00
2.0000e+01 -9.0000e+01 -3.3845e+00
2.0000e+01 -8.0000e+01 -5.2032e+00
2.0000e+01 -7.0000e+01 -4.2311e+00
2.0000e+01 -6.0000e+01 -8.0768e+00
2.0000e+01 -5.0000e+01 -1.0980e+01
2.0000e+01 -4.0000e+01 -1.0023e+01
2.0000e+01 -3.0000e+01 -1.3187e+01
2.0000e+01 -2.0000e+01 -1.4445e+01
2.0000e+01 -1.0000e+01 -1.4162e+01
2.0000e+01 0.0000e+00 -1.5359e+01
2.0000e+01 1.0000e+01 -1.3295e+01
2.0000e+01 2.0000e+01 -1.1348e+01
2.0000e+01 3.0000e+01 -1.1258e+01
2.0000e+01 4.0000e+01 -9.9424e+00
2.0000e+01 5.0000e+01 -8.5939e+00
2.0000e+01 6.0000e+01 -1.0109e+01
2.0000e+01 7.0000e+01 -8.4545e+00
2.0000e+01 8.0000e+01 -5.3880e+00
2.0000e+01 9.0000e+01 -2.4265e+00
2.0000e+01 1.0000e+02 -3.4344e+00
2.0000e+01 1.1000e+02 -8.9636e-01
2.0000e+01 1.2000e+02 8.4625e-01
2.0000e+01 1.3000e+02 -8.2077e-01
2.0000e+01 1.4000e+02 -3.2565e+00
2.0000e+01 1.5000e+02 2.4724e+00
2.0000e+01 1.6000e+02 4.2648e-01
2.0000e+01 1.7000e+02 -1.0130e+00
2.0000e+01 1.8000e+02 -2.3474e+00
2.0000e+01 1.9000e+02 1.9577e+00
2.0000e+01 2.0000e+02 2.8887e-01
3.0000e+01 -2.0000e+02 -4.4360e-01
3.0000e+01 -1.9000e+02 -9.9254e-01
3.0000e+01 -1.8000e+02 1.2332e+00
3.0000e+01 -1.7000e+02 -1.3038e+00
3.0000e+01 -1.6000e+02 -6.8759e-01
3.0000e+01 -1.5000e+02 -6.4259e-01
3.0000e+01 -1.4000e+02 -1.5159e+00
3.0000e+01 -1.3000e+02 -1.2752e-01
3.0000e+01 -1.2000e+02 -1.7161e+00
3.0000e+01 -1.1000e+02 -1.2477e+00
3.0000e+01 -1.0000e+02 -2.5037e+00
3.0000e+01 -9.0000e+01 -4.5519e+00
3.0000e+01 -8.0000e+01 -2.6952e+00
3.0000e+01 -7.0000e+01 -4.6321e+00
3.0000e+01 -6.0000e+01 -5.1718e+00
3.0000e+01 -5.0000e+01 -9.3017e+00
3.0000e+01 -4.0000e+01 -7.3993e+00
3.0000e+01 -3.0000e+01 -1.2356e+01
3.0000e+01 -2.0000e+01 -1.1250e+01
3.0000e+01 -1.0000e+01 -1.5508e+01
3.0000e+01 0.0000e+00 -1.1199e+01
3.0000e+01 1.0000e+01 -1.3982e+01
3.0000e+01 2.0000e+01 -1.2650e+01
3.0000e+01 3.0000e+01 -1.1711e+01
3.0000e+01 4.0000e+01 -7.6684e+00
3.0000e+01 5.0000e+01 -9.7853e+00
3.0000e+01 6.0000e+01 -7.8970e+00
3.0000e+01 7.0000e+01 -4.9105e+00
3.0000e+01 8.0000e+01 -3.5845e+00
3.0000e+01 9.0000e+01 -5.1516e+00
3.0000e+01 1.0000e+02 -1.0634e+00
3.0000e+01 1.1000e+02 -1.1004e+00
3.0000e+01 1.2000e+02 4.6918e-01
3.0000e+01 1.3000e+02 -9.5545e-01
3.0000e+01 1.4000e+02 -7.4115e-01
3.0000e+01 1.5000e+02 -8.8768e-02
3.0000e+01 1.6000e+02 -7.5579e-01
3.0000e+01 1.7000e+02 1.5157e+00
3.0000e+01 1.8000e+02 8.2027e-01
3.0000e+01 1.9000e+02 2.6588e+00
3.0000e+01 2.0000e+02 4.3841e-01
4.0000e+01 -2.0000e+02 4.6833e-01
4.0000e+01 -1.9000e+02 -1.2888e+00
4.0000e+01 -1.8000e+02 -2.9838e+00
4.0000e+01 -1.7000e+02 1.0034e-02
4.0000e+01 -1.6000e+02 4.2452e+00
4.0000e+01 -1.5000e+02 -3.7810e+00
4.0000e+01 -1.4000e+02 -1.4024e+00
4.0000e+01 -1.3000e+02 -1.0754e+00
4.0000e+01 -1.2000e+02 -2.8828e+00
4.0000e+01 -1.1000e+02 -1.4009e+00
4.0000e+01 -1.0000e+02 -4.7008e+00
4.0000e+01 -9.0000e+01 -5.0537e-01
4.0000e+01 -8.0000e+01 -3.8631e+00
4.0000e+01 -7.0000e+01 -7.0196e+00
4.0000e+01 -6.0000e+01 -5.9912e+00
4.0000e+01 -5.0000e+01 -7.2098e+00
4.0000e+01 -4.0000e+01 -8.8350e+00
4.0000e+01 -3.0000e+01 -1.1979e+01
4.0000e+01 -2.0000e+01 -1.3270e+01
4.0000e+01 -1.0000e+01 -1.2037e+01
4.0000e+01 0.0000e+00 -1.2591e+01
4.0000e+01 1.0000e+01 -1.0497e+01
4.0000e+01 2.0000e+01 -1.2379e+01
4.0000e+01 3.0000e+01 -1.1710e+01
4.0000e+01 4.0000e+01 -8.2365e+00
4.0000e+01 5.0000e+01 -9.6101e+00
4.0000e+01 6.0000e+01 -8.6734e+00
4.0000e+01 7.0000e+01 -4.1189e+00
4.0000e+01 8.0000e+01 -4.3101e+00
4.0000e+01 9.0000e+01 -1.2589e+00
4.0000e+01 1.0000e+02 -1.0153e+00
4.0000e+01 1.1000e+02 -2.0494e+00
4.0000e+01 1.2000e+02 -2.4504e+00
4.0000e+01 1.3000e+02 -1.7827e+00
4.0000e+01 1.4000e+02 -1.3842e+00
4.0000e+01 1.5000e+02 -4.5226e-01
4.0000e+01 1.6000e+02 1.0084e+00
4.0000e+01 1.7000e+02 -8.2819e-01
4.0000e+01 1.8000e+02 -1.0923e+00
4.0000e+01 1.9000e+02 -7.7802e-02
4.0000e+01 2.0000e+02 1.8092e+00
5.0000e+01 -2.0000e+02 1.5424e+00
5.0000e+01 -1.9000e+02 -1.2118e+00
5.0000e+01 -1.8000e+02 1.1468e+00
5.0000e+01 -1.7000e+02 -1.5504e-01
5.0000e+01 -1.6000e+02 -2.3352e-01
5.0000e+01 -1.5000e+02 -1.1789e+00
5.0000e+01 -1.4000e+02 -2.9317e+00
5.0000e+01 -1.3000e+02 -1.4850e+00
5.0000e+01 -1.2000e+02 1.3713e+00
5.0000e+01 -1.1000e+02 -4.8882e-02
5.0000e+01 -1.0000e+02 -1.3746e+00
5.0000e+01 -9.0000e+01 -2.1453e+00
5.0000e+01 -8.0000e+01 -5.1190e+00
5.0000e+01 -7.0000e+01 -5.6812e+00
5.0000e+01 -6.0000e+01 -5.2241e+00
5.0000e+01 -5.0000e+01 -5.9876e+00
5.0000e+01 -4.0000e+01 -7.9914e+00
5.0000e+01 -3.0000e+01 -7.6187e+00
5.0000e+01 -2.0000e+01 -7.4724e+00
5.0000e+01 -1.0000e+01 -1.1224e+01
5.0000e+01 0.0000e+00 -8.8310e+00
5.0000e+01 1.0000e+01 -1.0471e+01
5.0000e+01 2.0000e+01 -9.6462e+00
5.0000e+01 3.0000e+01 -6.9883e+00
5.0000e+01 4.0000e+01 -7.5078e+00
5.0000e+01 5.0000e+01 -8.4932e+00
5.0000e+01 6.0000e+01 -7.2944e+00
5.0000e+01 7.0000e+01 -4.6254e+00
5.0000e+01 8.0000e+01 -5.0226e+00
5.0000e+01 9.0000e+01 -1.8246e+00
5.0000e+01 1.0000e+02 -2.9342e-01
5.0000e+01 1.1000e+02 -4.7467e+00
5.0000e+01 1.2000e+02 -2.0663e+00
5.0000e+01 1.3000e+02 -2.2172e+00
5.0000e+01 1.4000e+02 1.0202e+00
5.0000e+01 1.5000e+02 -2.4158e+00
5.0000e+01 1.6000e+02 2.4561e+00
5.0000e+01 1.7000e+02 -2.4769e+00
5.0000e+01 1.8000e+02 2.6793e-01
5.0000e+01 1.9000e+02 1.4173e+00
5.0000e+01 2.0000e+02 1.3085e+00
6.0000e+01 -2.0000e+02 -5.6419e-01
6.0000e+01 -1.9000e+02 2.9642e+00
6.0000e+01 -1.8000e+02 -6.7494e-01
6.0000e+01 -1.7000e+02 1.5331e+00
6.0000e+01 -1.6000e+02 -1.8785e-02
6.0000e+01 -1.5000e+02 9.9186e-01
6.0000e+01 -1.4000e+02 2.3517e+00
6.0000e+01 -1.3000e+02 1.4700e-01
6.0000e+01 -1.2000e+02 -6.8232e-01
6.0000e+01 -1.1000e+02 -3.0176e-01
6.0000e+01 -1.0000e+02 -3.4728e+00
6.0000e+01 -9.0000e+01 -2.0773e+00
6.0000e+01 -8.0000e+01 -2.2921e+00
6.0000e+01 -7.0000e+01 -2.3197e+00
6.0000e+01 -6.0000e+01 -5.5372e+00
6.0000e+01 -5.0000e+01 -7.0779e+00
6.0000e+01 -4.0000e+01 -5.5680e+00
6.0000e+01 -3.0000e+01 -6.3977e+00
6.0000e+01 -2.0000e+01 -7.9893e+00
6.0000e+01 -1.0000e+01 -9.5713e+00
6.0000e+01 0.0000e+00 -7.0650e+00
6.0000e+01 1.0000e+01 -8.3410e+00
6.0000e+01 2.0000e+01 -9.8941e+00
6.0000e+01 3.0000e+01 -6.0227e+00
6.0000e+01 4.0000e+01 -5.8493e+00
6.0000e+01 5.0000e+01 -6.5319e+00
6.0000e+01 6.0000e+01 -5.5780e+00
6.0000e+01 7.0000e+01 -5.3291e+00
6.0000e+01 8.0000e+01 -2.5363e+00
6.0000e+01 9.0000e+01 -4.2312e+00
6.0000e+01 1.0000e+02 -1.9247e-01
6.0000e+01 1.1000e+02 -7.4900e-01
6.0000e+01 1.2000e+02 -9.6580e-01
6.0000e+01 1.3000e+02 -1.3212e+00
6.0000e+01 1.4000e+02 -2.2292e+00
6.0000e+01 1.5000e+02 1.1699e+00
6.0000e+01 1.6000e+02 1.3628e+00
6.0000e+01 1.7000e+02 -8.4461e-01
6.0000e+01 1.8000e+02 1.9712e+00
6.0000e+01 1.9000e+02 -1.4156e+00
6.0000e+01 2.0000e+02 7.3822e-03
7.0000e+01 -2.0000e+02 -4.0425e-02
7.0000e+01 -1.9000e+02 -8.8569e-01
7.0000e+01 -1.8000e+02 -2.4294e-01
7.0000e+01 -1.7000e+02 -2.1865e+00
7.0000e+01 -1.6000e+02 -2.7578e+00
7.0000e+01 -1.5000e+02 4.9447e-01
7.0000e+01 -1.4000e+02 8.2724e-01
7.0000e+01 -1.3000e+02 -3.1698e+00
7.0000e+01 -1.2000e+02 -1.2409e+00
7.0000e+01 -1.1000e+02 -3.7750e+00
7.0000e+01 -1.0000e+02 -7.6084e-01
7.0000e+01 -9.0000e+01 -2.9585e+00
7.0000e+01 -8.0000e+01 -3.6576e+00
7.0000e+01 -7.0000e+01 -5.3729e-01
7.0000e+01 -6.0000e+01 -4.8877e+00
7.0000e+01 -5.0000e+01 -5.6584e+00
7.0000e+01 -4.0000e+01 -4.1506e+00
7.0000e+01 -3.0000e+01 -5.4360e+00
7.0000e+01 -2.0000e+01 -6.6545e+00
7.0000e+01 -1.0000e+01 -6.2351e+00
7.0000e+01 0.0000e+00 -6.6099e+00
7.0000e+01 1.0000e+01 -5.5575e+00
7.0000e+01 2.0000e+01 -6.6910e+00
7.0000e+01 3.0000e+01 -5.6006e+00
7.0000e+01 4.0000e+01 -4.4262e+00
7.0000e+01 5.0000e+01 -3.2175e+00
7.0000e+01 6.0000e+01 -1.3950e+00
7.0000e+01 7.0000e+01 -1.9510e+00
7.0000e+01 8.0000e+01 -2.9792e+00
7.0000e+01 9.0000e+01 -2.8518e+00
7.0000e+01 1.0000e+02 -3.4180e+00
7.0000e+01 1.1000e+02 -2.9117e+00
7.0000e+01 1.2000e+02 -2.0802e-01
7.0000e+01 1.3000e+02 -2.3730e+00
7.0000e+01 1.4000e+02 2.4829e+00
7.0000e+01 1.5000e+02 -1.4172e+00
7.0000e+01 1.6000e+02 -2.3639e+00
7.0000e+01 1.7000e+02 -2.8858e+00
7.0000e+01 1.8000e+02 -1.0761e+00
7.0000e+01 1.9000e+02 2.3841e-01
7.0000e+01 2.0000e+02 -3.8789e-02
8.0000e+01 -2.0000e+02 -8.5267e-01
8.0000e+01 -1.9000e+02 2.1069e+00
8.0000e+01 -1.8000e+02 -4.8800e-01
8.0000e+01 -1.7000e+02 -1.5683e+00
8.0000e+01 -1.6000e+02 2.5354e-01
8.0000e+01 -1.5000e+02 -2.4691e-01
8.0000e+01 -1.4000e+02 -3.5277e+00
8.0000e+01 -1.3000e+02 -3.6308e-02
8.0000e+01 -1.2000e+02 8.8608e-01
8.0000e+01 -1.1000e+02 1.1818e+00
8.0000e+01 -1.0000e+02 -2.1165e+00
8.0000e+01 -9.0000e+01 -2.4121e+00
8.0000e+01 -8.0000e+01 -2.2488e+00
8.0000e+01 -7.0000e+01 -1.8590e+00
8.0000e+01 -6.0000e+01 -2.5323e+00
8.0000e+01 -5.0000e+01 -2.2963e+00
8.0000e+01 -4.0000e+01 -3.3927e+00
8.0000e+01 -3.0000e+01 -8.3565e+00
8.0000e+01 -2.0000e+01 -7.3321e+00
8.0000e+01 -1.0000e+01 -4.8886e+00
8.0000e+01 0.0000e+00 -4.3772e+00
8.0000e+01 1.0000e+01 -6.9602e+00
8.0000e+01 2.0000e+01 -7.3248e+00
8.0000e+01 3.0000e+01 -5.8505e+00
8.0000e+01 4.0000e+01 -3.0387e+00
8.0000e+01 5.0000e+01 -5.1872e+00
8.0000e+01 6.0000e+01 -3.7429e+00
8.0000e+01 7.0000e+01 -3.6834e+00
8.0000e+01 8.0000e+01 -3.5822e+00
8.0000e+01 9.0000e+01 -2.4421e+00
8.0000e+01 1.0000e+02 8.2029e-01
8.0000e+01 1.1000e+02 -1.6717e+00
8.0000e+01 1.2000e+02 2.3699e+00
8.0000e+01 1.3000e+02 -2.2666e+00
8.0000e+01 1.4000e+02 -1.1802e+00
8.0000e+01 1.5000e+02 3.2046e-01
8.0000e+01 1.6000e+02 -1.1242e+00
8.0000e+01 1.7000e+02 2.0104e+00
8.0000e+01 1.8000e+02 5.6201e-01
8.0000e+01 1.9000e+02 1.2247e+00
8.0000e+01 2.0000e+02 1.0682e+00
9.0000e+01 -2.0000e+02 1.0998e+00
9.0000e+01 -1.9000e+02 -1.2824e+00
9.0000e+01 -1.8000e+02 -1.9072e+00
9.0000e+01 -1.7000e+02 -7.4685e-01
9.0000e+01 -1.6000e+02 8.8855e-01
9.0000e+01 -1.5000e+02 -4.3653e-01
9.0000e+01 -1.4000e+02 -2.8799e+00
9.0000e+01 -1.3000e+02 1.7461e+00
9.0000e+01 -1.2000e+02 5.9553e-01
9.0000e+01 -1.1000e+02 -1.3141e+00
9.0000e+01 -1.0000e+02 -6.2308e-01
9.0000e+01 -9.0000e+01 -2.5447e+00
9.0000e+01 -8.0000e+01 1.3606e+00
9.0000e+01 -7.0000e+01 -3.7064e+00
9.0000e+01 -6.0000e+01 -4.1881e+00
9.0000e+01 -5.0000e+01 -5.4098e+00
9.0000e+01 -4.0000e+01 -3.4282e+00
9.0000e+01 -3.0000e+01 -2.0220e+00
9.0000e+01 -2.0000e+01 -5.1369e+00
9.0000e+01 -1.0000e+01 -4.7904e+00
9.0000e+01 0.0000e+00 -5.6172e+00
9.0000e+01 1.0000e+01 -3.0273e+00
9.0000e+01 2.0000e+01 -4.2573e+00
9.0000e+01 3.0000e+01 -4.4393e+00
9.0000e+01 4.0000e+01 -4.5881e+00
9.0000e+01 5.0000e+01 -3.2059e+00
9.0000e+01 6.0000e+01 -1.5786e+00
9.0000e+01 7.0000e+01 -2.2756e+00
9.0000e+01 8.0000e+01 -2.5292e+00
9.0000e+01 9.0000e+01 -1.6257e+00
9.0000e+01 1.0000e+02 3.0859e-01
9.0000e+01 1.1000e+02 -2.5038e+00
9.0000e+01 1.2000e+02 3.8336e-01
9.0000e+01 1.3000e+02 -6.6503e-01
9.0000e+01 1.4000e+02 8.0193e-01
9.0000e+01 1.5000e+02 -1.7182e+00
9.0000e+01 1.6000e+02 3.1353e+00
9.0000e+01 1.7000e+02 3.2028e-01
9.0000e+01 1.8000e+02 1.4270e-01
9.0000e+01 1.9000e+02 -2.0360e+00
9.0000e+01 2.0000e+02 -2.5974e+00
1.0000e+02 -2.0000e+02 1.4438e+00
1.0000e+02 -1.9000e+02 -9.9581e-01
1.0000e+02 -1.8000e+02 5.1946e-01
1.0000e+02 -1.7000e+02 1.0365e+00
1.0000e+02 -1.6000e+02 -5.3028e-01
1.0000e+02 -1.5000e+02 9.9810e-01
1.0000e+02 -1.4000e+02 4.0225e-01
1.0000e+02 -1.3000e+02 -6.6061e-01
1.0000e+02 -1.2000e+02 -1.4449e+00
1.0000e+02 -1.1000e+02 6.2085e-01
1.0000e+02 -1.0000e+02 4.4411e-01
1.0000e+02 -9.0000e+01 -3.8989e+00
1.0000e+02 -8.0000e+01 -3.4351e-01
1.0000e+02 -7.0000e+01 -1.2716e+00
1.0000e+02 -6.0000e+01 -2.3623e+00
1.0000e+02 -5.0000e+01 5.8127e-01
1.0000e+02 -4.0000e+01 -1.1815e+00
1.0000e+02 -3.0000e+01 -2.8808e+00
1.0000e+02 -2.0000e+01 -3.9969e+00
1.0000e+02 -1.0000e+01 -1.7328e+00
1.0000e+02 0.0000e+00 -2.9800e+00
1.0000e+02 1.0000e+01 -3.2694e+00
1.0000e+02 2.0000e+01 -2.0505e+00
1.0000e+02 3.0000e+01 -3.0161e+00
1.0000e+02 4.0000e+01 -1.5518e+00
1.0000e+02 5.0000e+01 -4.0001e+00
1.0000e+02 6.0000e+01 -3.3922e-01
1.0000e+02 7.0000e+01 -1.5982e+00
1.0000e+02 8.0000e+01 1.5613e+00
1.0000e+02 9.0000e+01 -3.0124e+00
1.0000e+02 1.0000e+02 1.8832e-01
1.0000e+02 1.1000e+02 -1.0844e+00
1.0000e+02 1.2000e+02 2.1918e-01
1.0000e+02 1.3000e+02 1.5288e+00
1.0000e+02 1.4000e+02 1.3855e+00
1.0000e+02 1.5000e+02 -4.3135e+00
1.0000e+02 1.6000e+02 -1.1482e+00
1.0000e+02 1.7000e+02 1.4091e+00
1.0000e+02 1.8000e+02 2.3461e+00
1.0000e+02 1.9000e+02 1.6095e+00
1.0000e+02 2.0000e+02 -3.2476e-01
1.1000e+02 -2.0000e+02 -1.7029e+00
1.1000e+02 -1.9000e+02 -2.8963e+00
1.1000e+02 -1.8000e+02 -1.2900e+00
1.1000e+02 -1.7000e+02 1.1239e+00
1.1000e+02 -1.6000e+02 -1.2555e+00
1.1000e+02 -1.5000e+02 -6.7147e-01
1.1000e+02 -1.4000e+02 -2.4530e+00
1.1000e+02 -1.3000e+02 -1.1592e+00
1.1000e+02 -1.2000e+02 5.6874e-01
1.1000e+02 -1.1000e+02 1.3700e+00
1.1000e+02 -1.0000e+02 -1.7066e+00
1.1000e+02 -9.0000e+01 -2.3753e+00
1.1000e+02 -8.0000e+01 -4.1955e-01
1.1000e+02 -7.0000e+01 -2.9429e+00
1.1000e+02 -6.0000e+01 -1.8209e+00
1.1000e+02 -5.0000e+01 -4.3278e+00
1.1000e+02 -4.0000e+01 -1.0635e+00
1.1000e+02 -3.0000e+01 -2.3388e+00
1.1000e+02 -2.0000e+01 -3.6845e+00
1.1000e+02 -1.0000e+01 -3.3310e+00
1.1000e+02 0.0000e+00 -4.0307e+00
1.1000e+02 1.0000e+01 -1.3363e+00
1.1000e+02 2.0000e+01 -2.5498e+00
1.1000e+02 3.0000e+01 -5.0218e+00
1.1000e+02 4.0000e+01 -2.0200e+00
1.1000e+02 5.0000e+01 -1.5536e+00
1.1000e+02 6.0000e+01 -2.2938e+00
1.1000e+02 7.0000e+01 3.4682e-01
1.1000e+02 8.0000e+01 -4.6744e-01
1.1000e+02 9.0000e+01 -4.0125e-01
1.1000e+02 1.0000e+02 1.5465e+00
1.1000e+02 1.1000e+02 8.2737e-01
1.1000e+02 1.2000e+02 1.0903e+00
1.1000e+02 1.3000e+02 1.2215e+00
1.1000e+02 1.4000e+02 2.0207e+00
1.1000e+02 1.5000e+02 -3.4357e-01
1.1000e+02 1.6000e+02 -1.1254e+00
1.1000e+02 1.7000e+02 2.2174e+00
1.1000e+02 1.8000e+02 -1.1493e+00
1.1000e+02 1.9000e+02 3.1407e+00
1.1000e+02 2.0000e+02 8.5875e-01
1.2000e+02 -2.0000e+02 6.5456e-02
1.2000e+02 -1.9000e+02 -1.6281e+00
1.2000e+02 -1.8000e+02 -1.3321e+00
1.2000e+02 -1.7000e+02 3.4670e-01
1.2000e+02 -1.6000e+02 -6.8079e-01
1.2000e+02 -1.5000e+02 8.8039e-01
1.2000e+02 -1.4000e+02 -6.3733e-02
1.2000e+02 -1.3000e+02 1.6854e+00
1.2000e+02 -1.2000e+02 9.1014e-01
1.2000e+02 -1.1000e+02 -1.5733e+00
1.2000e+02 -1.0000e+02 -6.8737e-01
1.2000e+02 -9.0000e+01 5.8427e-02
1.2000e+02 -8.0000e+01 -4.7445e-01
1.2000e+02 -7.0000e+01 -1.1220e+00
1.2000e+02 -6.0000e+01 -2.4989e+00
1.2000e+02 -5.0000e+01 -1.5996e+00
1.2000e+02 -4.0000e+01 -2.9378e+00
1.2000e+02 -3.0000e+01 -2.6045e+00
1.2000e+02 -2.0000e+01 -9.9451e-01
1.2000e+02 -1.0000e+01 -2.8309e-02
1.2000e+02 0.0000e+00 -1.1469e+00
1.2000e+02 1.0000e+01 -4.0841e+00
1.2000e+02 2.0000e+01 -2.7380e+00
1.2000e+02 3.0000e+01 -2.9638e+00
1.2000e+02 4.0000e+01 -2.4819e+00
1.2000e+02 5.0000e+01 4.1187e-01
1.2000e+02 6.0000e+01 -1.3114e+00
1.2000e+02 7.0000e+01 -1.2733e+00
1.2000e+02 8.0000e+01 1.8073e+00
1.2000e+02 9.0000e+01 -7.0532e-01
1.2000e+02 1.0000e+02 -4.7152e-01
1.2000e+02 1.1000e+02 1.6329e+00
1.2000e+02 1.2000e+02 1.2643e-01
1.2000e+02 1.3000e+02 -4.8628e-01
1.2000e+02 1.4000e+02 -7.9684e-01
1.2000e+02 1.5000e+02 7.8895e-01
1.2000e+02 1.6000e+02 -9.0894e-01
1.2000e+02 1.7000e+02 1.9132e-01
1.2000e+02 1.8000e+02 -5.2973e-01
1.2000e+02 1.9000e+02 1.4525e-01
1.2000e+02 2.0000e+02 2.9488e+00
1.3000e+02 -2.0000e+02 1.9188e+00
1.3000e+02 -1.9000e+02 -1.4422e+00
1.3000e+02 -1.8000e+02 1.3393e+00
1.3000e+02 -1.7000e+02 2.2801e+00
1.3000e+02 -1.6000e+02 -2.8544e+00
1.3000e+02 -1.5000e+02 1.6258e+00
1.3000e+02 -1.4000e+02 1.5489e+00
1.3000e+02 -1.3000e+02 -3.2023e-01
1.3000e+02 -1.2000e+02 5.6743e-01
1.3000e+02 -1.1000e+02 2.7922e-01
1.3000e+02 -1.0000e+02 8.7312e-01
1.3000e+02 -9.0000e+01 3.5988e+00
1.3000e+02 -8.0000e+01 9.0280e-01
1.3000e+02 -7.0000e+01 1.0039e+00
1.3000e+02 -6.0000e+01 4.8364e-02
1.3000e+02 -5.0000e+01 -1.7730e+00
1.3000e+02 -4.0000e+01 5.2673e-01
1.3000e+02 -3.0000e+01 -2.1384e+00
1.3000e+02 -2.0000e+01 -2.2432e+00
1.3000e+02 -1.0000e+01 1.4624e-01
1.3000e+02 0.0000e+00 1.7539e+00
1.3000e+02 1.0000e+01 -2.1306e+00
1.3000e+02 2.0000e+01 1.5843e+00
1.3000e+02 3.0000e+01 -2.4645e+00
1.3000e+02 4.0000e+01 -2.2397e+00
1.3000e+02 5.0000e+01 1.5984e-01
1.3000e+02 6.0000e+01 1.0134e+00
1.3000e+02 7.0000e+01 -7.2045e-01
1.3000e+02 8.0000e+01 9.8476e-01
1.3000e+02 9.0000e+01 -2.4494e+00
1.3000e+02 1.0000e+02 2.5914e-01
1.3000e+02 1.1000e+02 -5.0534e-01
1.3000e+02 1.2000e+02 -1.5000e+00
1.3000e+02 1.3000e+02 6.4218e-01
1.3000e+02 1.4000e+02 2.0421e+00
1.3000e+02 1.5000e+02 1.8474e+00
1.3000e+02 1.6000e+02 -2.3884e+00
1.3000e+02 1.7000e+02 9.6620e-01
1.3000e+02 1.8000e+02 3.3270e-01
1.3000e+02 1.9000e+02 1.6340e+00
1.3000e+02 2.0000e+02 1.0449e+00
1.4000e+02 -2.0000e+02 -5.6510e-01
1.4000e+02 -1.9000e+02 -1.6550e+00
1.4000e+02 -1.8000e+02 1.2277e-02
1.4000e+02 -1.7000e+02 -1.4113e+00
1.4000e+02 -1.6000e+02 -1.1628e+00
1.4000e+02 -1.5000e+02 -8.1609e-01
1.4000e+02 -1.4000e+02 7.2946e-01
1.4000e+02 -1.3000e+02 -1.0741e-01
1.4000e+02 -1.2000e+02 -1.7834e+00
1.4000e+02 -1.1000e+02 2.5464e+00
1.4000e+02 -1.0000e+02 1.0046e-01
1.4000e+02 -9.0000e+01 -3.6616e+00
1.4000e+02 -8.0000e+01 -8.6991e-01
1.4000e+02 -7.0000e+01 -5.6233e-01
1.4000e+02 -6.0000e+01 -1.2112e+00
1.4000e+02 -5.0000e+01 1.6297e-01
1.4000e+02 -4.0000e+01 -9.0795e-02
1.4000e+02 -3.0000e+01 1.3400e+00
1.4000e+02 -2.0000e+01 1.6011e+00
1.4000e+02 -1.0000e+01 2.0821e+00
1.4000e+02 0.0000e+00 -2.3703e+00
1.4000e+02 1.0000e+01 -5.3542e-02
1.4000e+02 2.0000e+01 9.3397e-01
1.4000e+02 3.0000e+01 -3.7763e+00
1.4000e+02 4.0000e+01 -3.4072e+00
1.4000e+02 5.0000e+01 -1.1359e+00
1.4000e+02 6.0000e+01 -2.1941e-01
1.4000e+02 7.0000e+01 -2.7683e+00
1.4000e+02 8.0000e+01 9.0561e-01
1.4000e+02 9.0000e+01 -3.3140e-01
1.4000e+02 1.0000e+02 -1.1252e+00
1.4000e+02 1.1000e+02 -2.6358e-01
1.4000e+02 1.2000e+02 -8.1192e-01
1.4000e+02 1.3000e+02 2.9968e-01
1.4000e+02 1.4000e+02 -3.7428e+00
1.4000e+02 1.5000e+02 2.5082e+00
1.4000e+02 1.6000e+02 9.7449e-01
1.4000e+02 1.7000e+02 2.2342e-01
1.4000e+02 1.8000e+02 -4.0596e-01
1.4000e+02 1.9000e+02 4.5424e+00
1.4000e+02 2.0000e+02 -3.5483e-01
1.5000e+02 -2.0000e+02 1.3375e+00
1.5000e+02 -1.9000e+02 1.7575e-01
1.5000e+02 -1.8000e+02 -1.3692e+00
1.5000e+02 -1.7000e+02 1.1627e+00
1.5000e+02 -1.6000e+02 9.9028e-01
1.5000e+02 -1.5000e+02 -6.2895e-01
1.5000e+02 -1.4000e+02 -8.9051e-01
1.5000e+02 -1.3000e+02 1.1691e+00
1.5000e+02 -1.2000e+02 -5.6233e-01
1.5000e+02 -1.1000e+02 -1.7590e-01
1.5000e+02 -1.0000e+02 -4.1338e-01
1.5000e+02 -9.0000e+01 -2.8245e+00
1.5000e+02 -8.0000e+01 1.7111e+00
1.5000e+02 -7.0000e+01 8.9412e-01
1.5000e+02 -6.0000e+01 -1.1684e+00
1.5000e+02 -5.0000e+01 -4.0262e-01
1.5000e+02 -4.0000e+01 -2.6627e-02
1.5000e+02 -3.0000e+01 2.0530e+00
1.5000e+02 -2.0000e+01 -2.8500e+00
1.5000e+02 -1.0000e+01 -2.3722e-01
1.5000e+02 0.0000e+00 1.5450e+00
1.5000e+02 1.0000e+01 -2.3928e+00
1.5000e+02 2.0000e+01 3.3764e-01
1.5000e+02 3.0000e+01 -1.9000e+00
1.5000e+02 4.0000e+01 -1.7722e+00
1.5000e+02 5.0000e+01 -5.3065e-01
1.5000e+02 6.0000e+01 -5.2346e-01
1.5000e+02 7.0000e+01 2.0334e+00
1.5000e+02 8.0000e+01 1.3414e+00
1.5000e+02 9.0000e+01 -2.6515e+00
1.5000e+02 1.0000e+02 7.3862e-01
1.5000e+02 1.1000e+02 4.9258e+00
1.5000e+02 1.2000e+02 1.3990e+00
1.5000e+02 1.3000e+02 -2.3004e-01
1.5000e+02 1.4000e+02 -2.4836e-01
1.5000e+02 1.5000e+02 -9.4974e-01
1.5000e+02 1.6000e+02 -7.4931e-01
1.5000e+02 1.7000e+02 -1.9598e+00
1.5000e+02 1.8000e+02 -4.5800e-01
1.5000e+02 1.9000e+02 1.0963e+00
1.5000e+02 2.0000e+02 -1.2145e+00
1.6000e+02 -2.0000e+02 -1.7362e+00
1.6000e+02 -1.9000e+02 -2.1573e-01
1.6000e+02 -1.8000e+02 4.2993e+00
1.6000e+02 -1.7000e+02 3.0757e+00
1.6000e+02 -1.6000e+02 -1.5056e+00
1.6000e+02 -1.5000e+02 5.5298e-01
1.6000e+02 -1.4000e+02 -2.4169e+00
1.6000e+02 -1.3000e+02 2.7905e+00
1.6000e+02 -1.2000e+02 9.1079e-01
1.6000e+02 -1.1000e+02 3.1111e-01
1.6000e+02 -1.0000e+02 4.2919e+00
1.6000e+02 -9.0000e+01 1.3891e-01
1.6000e+02 -8.0000e+01 -6.6281e-01
1.6000e+02 -7.0000e+01 -3.0034e+00
1.6000e+02 -6.0000e+01 -2.2663e-01
1.6000e+02 -5.0000e+01 -2.2549e+00
1.6000e+02 -4.0000e+01 -2.0489e+00
1.6000e+02 -3.0000e+01 -1.2423e+00
1.6000e+02 -2.0000e+01 -4.3823e-01
1.6000e+02 -1.0000e+01 -1.4002e+00
1.6000e+02 0.0000e+00 7.7006e-01
1.6000e+02 1.0000e+01 -1.1518e+00
1.6000e+02 2.0000e+01 -2.1988e+00
1.6000e+02 3.0000e+01 -4.6587e-01
1.6000e+02 4.0000e+01 -1.6550e+00
1.6000e+02 5.0000e+01 -9.5733e-01
1.6000e+02 6.0000e+01 -7.2343e-01
1.6000e+02 7.0000e+01 -3.7295e+00
1.6000e+02 8.0000e+01 -6.3586e-01
1.6000e+02 9.0000e+01 -9.9601e-01
1.6000e+02 1.0000e+02 1.2821e-01
1.6000e+02 1.1000e+02 -1.7284e+00
1.6000e+02 1.2000e+02 -4.1957e-01
1.6000e+02 1.3000e+02 6.2141e-01
1.6000e+02 1.4000e+02 -2.3255e+00
1.6000e+02 1.5000e+02 7.9204e-01
1.6000e+02 1.6000e+02 1.7342e+00
1.6000e+02 1.7000e+02 -1.3344e+00
1.6000e+02 1.8000e+02 4.5023e-01
1.6000e+02 1.9000e+02 1.1639e-01
1.6000e+02 2.0000e+02 1.9635e+00
1.7000e+02 -2.0000e+02 -7.6631e-01
1.7000e+02 -1.9000e+02 4.1026e+00
1.7000e+02 -1.8000e+02 1.1066e+00
1.7000e+02 -1.7000e+02 -1.8386e+00
1.7000e+02 -1.6000e+02 -2.8355e+00
1.7000e+02 -1.5000e+02 9.5436e-01
1.7000e+02 -1.4000e+02 -2.5020e-01
1.7000e+02 -1.3000e+02 1.6175e+00
1.7000e+02 -1.2000e+02 2.4660e+00
1.7000e+02 -1.1000e+02 5.4462e-01
1.7000e+02 -1.0000e+02 1.3066e-01
1.7000e+02 -9.0000e+01 -4.9864e-01
1.7000e+02 -8.0000e+01 -3.3047e-02
1.7000e+02 -7.0000e+01 -2.1590e-01
1.7000e+02 -6.0000e+01 -8.7840e-01
1.7000e+02 -5.0000e+01 -1.7032e+00
1.7000e+02 -4.0000e+01 4.7046e-01
1.7000e+02 -3.0000e+01 -2.6378e+00
1.7000e+02 -2.0000e+01 2.8116e+00
1.7000e+02 -1.0000e+01 3.0139e+00
1.7000e+02 0.0000e+00 -1.0712e+00
1.7000e+02 1.0000e+01 -1.5024e+00
1.7000e+02 2.0000e+01 -1.6996e-01
1.7000e+02 3.0000e+01 -1.0113e+00
1.7000e+02 4.0000e+01 2.4888e+00
1.7000e+02 5.0000e+01 -5.0080e-01
1.7000e+02 6.0000e+01 -3.0008e+00
1.7000e+02 7.0000e+01 1.3159e+00
1.7000e+02 8.0000e+01 1.7834e+00
1.7000e+02 9.0000e+01 6.9310e-01
1.7000e+02 1.0000e+02 -4.9455e-02
1.7000e+02 1.1000e+02 -1.7000e+00
1.7000e+02 1.2000e+02 -9.2689e-01
1.7000e+02 1.3000e+02 -2.1204e-01
1.7000e+02 1.4000e+02 -1.0936e+00
1.7000e+02 1.5000e+02 -1.9226e+00
1.7000e+02 1.6000e+02 -2.1214e+00
1.7000e+02 1.7000e+02 1.9440e+00
1.7000e+02 1.8000e+02 -1.7916e+00
1.7000e+02 1.9000e+02 8.0261e-01
1.7000e+02 2.0000e+02 -5.9317e-01
1.8000e+02 -2.0000e+02 1.0621e+00
1.8000e+02 -1.9000e+02 6.4029e-01
1.8000e+02 -1.8000e+02 -1.0610e+00
1.8000e+02 -1.7000e+02 -1.2728e+00
1.8000e+02 -1.6000e+02 -7.1626e-01
1.8000e+02 -1.5000e+02 -3.3685e-01
1.8000e+02 -1.4000e+02 1.7019e+00
1.8000e+02 -1.3000e+02 -4.2958e+00
1.8000e+02 -1.2000e+02 6.0314e-01
1.8000e+02 -1.1000e+02 -3.3996e+00
1.8000e+02 -1.0000e+02 1.4200e+00
1.8000e+02 -9.0000e+01 2.6770e-01
1.8000e+02 -8.0000e+01 -1.8045e+00
1.8000e+02 -7.0000e+01 -7.5104e-01
1.8000e+02 -6.0000e+01 -2.5650e+00
1.8000e+02 -5.0000e+01 -2.3648e+00
1.8000e+02 -4.0000e+01 4.4285e-01
1.8000e+02 -3.0000e+01 -7.9794e-01
1.8000e+02 -2.0000e+01 1.0665e-01
1.8000e+02 -1.0000e+01 -8.6681e-01
1.8000e+02 0.0000e+00 1.9685e+00
1.8000e+02 1.0000e+01 -1.4535e+00
1.8000e+02 2.0000e+01 -3.8253e-03
1.8000e+02 3.0000e+01 8.5985e-01
1.8000e+02 4.0000e+01 6.6259e-01
1.8000e+02 5.0000e+01 9.5192e-01
1.8000e+02 6.0000e+01 -8.0798e-01
1.8000e+02 7.0000e+01 1.4384e+00
1.8000e+02 8.0000e+01 -1.0904e+00
1.8000e+02 9.0000e+01 -8.0568e-01
1.8000e+02 1.0000e+02 -2.4438e+00
1.8000e+02 1.1000e+02 1.4514e-01
1.8000e+02 1.2000e+02 5.8624e-01
1.8000e+02 1.3000e+02 8.0988e-01
1.8000e+02 1.4000e+02 -2.0254e-01
1.8000e+02 1.5000e+02 1.9416e-01
1.8000e+02 1.6000e+02 1.3629e+00
1.8000e+02 1.7000e+02 -1.7542e+00
1.8000e+02 1.8000e+02 -4.9168e-01
1.8000e+02 1.9000e+02 1.4380e+00
1.8000e+02 2.0000e+02 -9.3062e-01
1.9000e+02 -2.0000e+02 2.2340e+00
1.9000e+02 -1.9000e+02 -3.5549e-01
1.9000e+02 -1.8000e+02 3.1430e+00
1.9000e+02 -1.7000e+02 2.5578e+00
1.9000e+02 -1.6000e+02 -5.2174e-01
1.9000e+02 -1.5000e+02 1.3476e+00
1.9000e+02 -1.4000e+02 2.8812e+00
1.9000e+02 -1.3000e+02 2.0122e+00
1.9000e+02 -1.2000e+02 1.5918e-01
1.9000e+02 -1.1000e+02 -7.4896e-01
1.9000e+02 -1.0000e+02 7.4606e-02
1.9000e+02 -9.0000e+01 2.3916e+00
1.9000e+02 -8.0000e+01 7.5507e-01
1.9000e+02 -7.0000e+01 1.1486e+00
1.9000e+02 -6.0000e+01 3.9237e-01
1.9000e+02 -5.0000e+01 6.1169e-01
1.9000e+02 -4.0000e+01 -1.2862e+00
1.9000e+02 -3.0000e+01 1.2302e+00
1.9000e+02 -2.0000e+01 1.9403e+00
1.9000e+02 -1.0000e+01 1.0340e+00
1.9000e+02 0.0000e+00 -2.4666e-01
1.9000e+02 1.0000e+01 -8.0678e-01
1.9000e+02 2.0000e+01 8.0397e-01
1.9000e+02 3.0000e+01 -1.5325e+00
1.9000e+02 4.0000e+01 -3.2886e-01
1.9000e+02 5.0000e+01 2.2472e-01
1.9000e+02 6.0000e+01 1.1721e+00
1.9000e+02 7.0000e+01 -8.2834e-01
1.9000e+02 8.0000e+01 -1.4428e+00
1.9000e+02 9.0000e+01 -3.3715e-01
1.9000e+02 1.0000e+02 -2.4007e-02
1.9000e+02 1.1000e+02 7.7654e-01
1.9000e+02 1.2000e+02 4.0122e+00
1.9000e+02 1.3000e+02 -1.3517e+00
1.9000e+02 1.4000e+02 9.4448e-01
1.9000e+02 1.5000e+02 -5.6085e-01
1.9000e+02 1.6000e+02 2.3929e+00
1.9000e+02 1.7000e+02 -2.7060e+00
1.9000e+02 1.8000e+02 1.1003e+00
1.9000e+02 1.9000e+02 5.7828e-01
1.9000e+02 2.0000e+02 1.7568e+00
2.0000e+02 -2.0000e+02 9.7038e-02
2.0000e+02 -1.9000e+02 1.3841e-01
2.0000e+02 -1.8000e+02 1.1857e+00
2.0000e+02 -1.7000e+02 -8.8182e-01
2.0000e+02 -1.6000e+02 -6.1359e-01
2.0000e+02 -1.5000e+02 -1.5620e+00
2.0000e+02 -1.4000e+02 -2.2463e-01
2.0000e+02 -1.3000e+02 -1.6480e+00
2.0000e+02 -1.2000e+02 -6.3301e-01
2.0000e+02 -1.1000e+02 -1.6049e-01
2.0000e+02 -1.0000e+02 3.2192e-01
2.0000e+02 -9.0000e+01 6.8417e-01
2.0000e+02 -8.0000e+01 1.3865e+00
2.0000e+02 -7.0000e+01 -2.5492e+00
2.0000e+02 -6.0000e+01 2.0590e+00
2.0000e+02 -5.0000e+01 1.0830e+00
2.0000e+02 -4.0000e+01 1.3663e+00
2.0000e+02 -3.0000e+01 4.0383e-02
2.0000e+02 -2.0000e+01 -3.2896e-01
2.0000e+02 -1.0000e+01 -7.3419e-01
2.0000e+02 0.0000e+00 6.5433e-01
2.0000e+02 1.0000e+01 2.2698e+00
2.0000e+02 2.0000e+01 1.1704e+00
2.0000e+02 3.0000e+01 -4.6621e-01
2.0000e+02 4.0000e+01 8.9862e-01
2.0000e+02 5.0000e+01 -1.9070e+00
2.0000e+02 6.0000e+01 -1.0594e+00
2.0000e+02 7.0000e+01 1.7559e+00
2.0000e+02 8.0000e+01 -2.2032e+00
2.0000e+02 9.0000e+01 1.4089e+00
2.0000e+02 1.0000e+02 -2.7476e+00
2.0000e+02 1.1000e+02 -4.1576e+00
2.0000e+02 1.2000e+02 -9.3410e-01
2.0000e+02 1.3000e+02 1.5227e+00
2.0000e+02 1.4000e+02 -1.9757e+00
2.0000e+02 1.5000e+02 1.1564e+00
2.0000e+02 1.6000e+02 1.3480e+00
2.0000e+02 1.7000e+02 -1.2653e+00
2.0000e+02 1.8000e+02 -1.5192e+00
2.0000e+02 1.9000e+02 7.1984e-02
2.0000e+02 2.0000e+02 -6.3729e-01
