-2.0000e+02 -2.0000e+02 -1.2751e+00
-2.0000e+02 -1.9000e+02 5.1273e-01
-2.0000e+02 -1.8000e+02 -1.7716e+00
-2.0000e+02 -1.7000e+02 -3.9875e-01
-2.0000e+02 -1.6000e+02 -4.2481e-01
-2.0000e+02 -1.5000e+02 8.7173e-01
-2.0000e+02 -1.4000e+02 2.7950e+00
-2.0000e+02 -1.3000e+02 -2.0354e-01
-2.0000e+02 -1.2000e+02 -3.3421e+00
-2.0000e+02 -1.1000e+02 -3.3239e+00
-2.0000e+02 -1.0000e+02 1.3931e+00
-2.0000e+02 -9.0000e+01 -3.1932e+00
-2.0000e+02 -8.0000e+01 -4.9251e-01
-2.0000e+02 -7.0000e+01 1.1781e+00
-2.0000e+02 -6.0000e+01 -1.1717e+00
-2.0000e+02 -5.0000e+01 1.0435e+00
-2.0000e+02 -4.0000e+01 -6.8297e-04
-2.0000e+02 -3.0000e+01 2.9295e-01
-2.0000e+02 -2.0000e+01 5.4278e-01
-2.0000e+02 -1.0000e+01 1.1222e+00
-2.0000e+02 0.0000e+00 -2.7396e+00
-2.0000e+02 1.0000e+01 8.3835e-01
-2.0000e+02 2.0000e+01 2.0771e+00
-2.0000e+02 3.0000e+01 3.2610e-01
-2.0000e+02 4.0000e+01 -3.4075e+00
-2.0000e+02 5.0000e+01 -7.8667e-01
-2.0000e+02 6.0000e+01 1.7001e+00
-2.0000e+02 7.0000e+01 7.3819e-01
-2.0000e+02 8.0000e+01 -2.9375e+00
-2.0000e+02 9.0000e+01 -1.7248e-02
-2.0000e+02 1.0000e+02 -1.8185e+00
-2.0000e+02 1.1000e+02 1.2005e+00
-2.0000e+02 1.2000e+02 -3.0156e+00
-2.0000e+02 1.3000e+02 -2.6878e-01
-2.0000e+02 1.4000e+02 1.7768e+00
-2.0000e+02 1.5000e+02 -7.5403e-01
-2.0000e+02 1.6000e+02 -1.3293e+00
-2.0000e+02 1.7000e+02 1.1183e+00
-2.0000e+02 1.8000e+02 -1.6797e+00
-2.0000e+02 1.9000e+02 -1.6118e+00
-2.0000e+02 2.0000e+02 2.1663e+00
-1.9000e+02 -2.0000e+02 1.1143e-01
-1.9000e+02 -1.9000e+02 -1.6390e+00
-1.9000e+02 -1.8000e+02 7.3063e-01
-1.9000e+02 -1.7000e+02 -5.8480e-01
-1.9000e+02 -1.6000e+02 -2.8520e+00
-1.9000e+02 -1.5000e+02 3.2579e-02
-1.9000e+02 -1.4000e+02 -9.9338e-02
-1.9000e+02 -1.3000e+02 1.0990e+00
-1.9000e+02 -1.2000e+02 1.5802e+00
-1.9000e+02 -1.1000e+02 7.9538e-01
-1.9000e+02 -1.0000e+02 -5.6698e-01
-1.9000e+02 -9.0000e+01 -3.1964e+00
-1.9000e+02 -8.0000e+01 1.1369e+00
-1.9000e+02 -7.0000e+01 1.2942e-01
-1.9000e+02 -6.0000e+01 1.4702e+00
-1.9000e+02 -5.0000e+01 6.8316e-01
-1.9000e+02 -4.0000e+01 1.5805e+00
-1.9000e+02 -3.0000e+01 -2.8247e+00
-1.9000e+02 -2.0000e+01 -2.0755e+00
-1.9000e+02 -1.0000e+01 -2.9505e+00
-1.9000e+02 0.0000e+00 -5.6584e-01
-1.9000e+02 1.0000e+01 2.2074e+00
-1.9000e+02 2.0000e+01 2.0539e-01
-1.9000e+02 3.0000e+01 1.0085e+00
-1.9000e+02 4.0000e+01 4.1695e-01
-1.9000e+02 5.0000e+01 -1.6324e+00
-1.9000e+02 6.0000e+01 3.2561e+00
-1.9000e+02 7.0000e+01 -1.4738e+00
-1.9000e+02 8.0000e+01 3.0897e+00
-1.9000e+02 9.0000e+01 -8.4612e-02
-1.9000e+02 1.0000e+02 -7.1040e-01
-1.9000e+02 1.1000e+02 2.2345e+00
-1.9000e+02 1.2000e+02 -6.8821e-01
-1.9000e+02 1.3000e+02 2.0753e+00
-1.9000e+02 1.4000e+02 -1.0546e+00
-1.9000e+02 1.5000e+02 1.0915e+00
-1.9000e+02 1.6000e+02 2.5580e+00
-1.9000e+02 1.7000e+02 -1.5245e+00
-1.9000e+02 1.8000e+02 1.1969e+00
-1.9000e+02 1.9000e+02 4.2215e-01
-1.9000e+02 2.0000e+02 -6.2736e-01
-1.8000e+02 -2.0000e+02 1.2646e+00
-1.8000e+02 -1.9000e+02 -2.1855e+00
-1.8000e+02 -1.8000e+02 1.1781e+00
-1.8000e+02 -1.7000e+02 -6.2345e-01
-1.8000e+02 -1.6000e+02 -6.3979e-01
-1.8000e+02 -1.5000e+02 2.0416e-02
-1.8000e+02 -1.4000e+02 -1.7694e-01
-1.8000e+02 -1.3000e+02 -2.8186e+00
-1.8000e+02 -1.2000e+02 -2.4108e+00
-1.8000e+02 -1.1000e+02 -9.0537e-01
-1.8000e+02 -1.0000e+02 2.2647e-01
-1.8000e+02 -9.0000e+01 -3.5117e-01
-1.8000e+02 -8.0000e+01 1.4950e+00
-1.8000e+02 -7.0000e+01 3.3940e+00
-1.8000e+02 -6.0000e+01 1.3212e+00
-1.8000e+02 -5.0000e+01 1.6882e+00
-1.8000e+02 -4.0000e+01 5.5548e-01
-1.8000e+02 -3.0000e+01 -6.6158e-02
-1.8000e+02 -2.0000e+01 -1.2336e+00
-1.8000e+02 -1.0000e+01 2.6576e-02
-1.8000e+02 0.0000e+00 -8.9119e-01
-1.8000e+02 1.0000e+01 9.3847e-01
-1.8000e+02 2.0000e+01 -5.3829e-01
-1.8000e+02 3.0000e+01 -2.9451e+00
-1.8000e+02 4.0000e+01 2.7865e+00
-1.8000e+02 5.0000e+01 7.9176e-01
-1.8000e+02 6.0000e+01 -2.6795e+00
-1.8000e+02 7.0000e+01 -1.6209e+00
-1.8000e+02 8.0000e+01 5.1221e-01
-1.8000e+02 9.0000e+01 -1.2043e+00
-1.8000e+02 1.0000e+02 1.5949e+00
-1.8000e+02 1.1000e+02 1.3184e+00
-1.8000e+02 1.2000e+02 2.3633e+00
-1.8000e+02 1.3000e+02 1.3146e+00
-1.8000e+02 1.4000e+02 1.4030e+00
-1.8000e+02 1.5000e+02 -2.6297e-01
-1.8000e+02 1.6000e+02 -1.6891e-01
-1.8000e+02 1.7000e+02 3.1651e+00
-1.8000e+02 1.8000e+02 1.4923e+00
-1.8000e+02 1.9000e+02 -9.7570e-01
-1.8000e+02 2.0000e+02 -1.1007e+00
-1.7000e+02 -2.0000e+02 5.5149e-02
-1.7000e+02 -1.9000e+02 7.3618e-01
-1.7000e+02 -1.8000e+02 1.6750e+00
-1.7000e+02 -1.7000e+02 1.4152e+00
-1.7000e+02 -1.6000e+02 1.4593e+00
-1.7000e+02 -1.5000e+02 6.5455e-02
-1.7000e+02 -1.4000e+02 2.6414e+00
-1.7000e+02 -1.3000e+02 -1.4050e+00
-1.7000e+02 -1.2000e+02 8.9207e-01
-1.7000e+02 -1.1000e+02 -3.5211e+00
-1.7000e+02 -1.0000e+02 8.6255e-01
-1.7000e+02 -9.0000e+01 9.5540e-01
-1.7000e+02 -8.0000e+01 -2.4182e+00
-1.7000e+02 -7.0000e+01 -4.3670e-01
-1.7000e+02 -6.0000e+01 1.7370e+00
-1.7000e+02 -5.0000e+01 1.5478e+00
-1.7000e+02 -4.0000e+01 -3.3025e-01
-1.7000e+02 -3.0000e+01 -8.5334e-02
-1.7000e+02 -2.0000e+01 1.4027e+00
-1.7000e+02 -1.0000e+01 5.1794e-01
-1.7000e+02 0.0000e+00 -1.3991e+00
-1.7000e+02 1.0000e+01 -5.5866e-01
-1.7000e+02 2.0000e+01 -1.8652e+00
-1.7000e+02 3.0000e+01 1.5589e-01
-1.7000e+02 4.0000e+01 -1.7948e+00
-1.7000e+02 5.0000e+01 -1.3652e+00
-1.7000e+02 6.0000e+01 1.0726e+00
-1.7000e+02 7.0000e+01 -1.3760e+00
-1.7000e+02 8.0000e+01 -4.0589e-01
-1.7000e+02 9.0000e+01 5.8587e-01
-1.7000e+02 1.0000e+02 -2.3738e+00
-1.7000e+02 1.1000e+02 -1.9460e+00
-1.7000e+02 1.2000e+02 1.5136e+00
-1.7000e+02 1.3000e+02 2.5764e+00
-1.7000e+02 1.4000e+02 6.6204e-01
-1.7000e+02 1.5000e+02 2.7605e+00
-1.7000e+02 1.6000e+02 1.8881e+00
-1.7000e+02 1.7000e+02 -1.0185e+00
-1.7000e+02 1.8000e+02 -7.2966e-01
-1.7000e+02 1.9000e+02 9.3588e-01
-1.7000e+02 2.0000e+02 -1.9338e+00
-1.6000e+02 -2.0000e+02 3.0174e+00
-1.6000e+02 -1.9000e+02 -1.3336e+00
-1.6000e+02 -1.8000e+02 1.3985e+00
-1.6000e+02 -1.7000e+02 2.6397e+00
-1.6000e+02 -1.6000e+02 1.6486e+00
-1.6000e+02 -1.5000e+02 -1.2577e+00
-1.6000e+02 -1.4000e+02 1.3117e+00
-1.6000e+02 -1.3000e+02 7.5478e-01
-1.6000e+02 -1.2000e+02 -1.4966e+00
-1.6000e+02 -1.1000e+02 -1.0604e+00
-1.6000e+02 -1.0000e+02 -7.5509e-01
-1.6000e+02 -9.0000e+01 8.7460e-02
-1.6000e+02 -8.0000e+01 -1.4034e+00
-1.6000e+02 -7.0000e+01 -3.0414e-01
-1.6000e+02 -6.0000e+01 -7.0129e-01
-1.6000e+02 -5.0000e+01 -7.7799e-01
-1.6000e+02 -4.0000e+01 -1.0462e+00
-1.6000e+02 -3.0000e+01 1.1257e+00
-1.6000e+02 -2.0000e+01 -2.4228e+00
-1.6000e+02 -1.0000e+01 6.1179e-01
-1.6000e+02 0.0000e+00 -4.4464e-01
-1.6000e+02 1.0000e+01 -1.6163e+00
-1.6000e+02 2.0000e+01 -1.8598e+00
-1.6000e+02 3.0000e+01 -4.1820e-01
-1.6000e+02 4.0000e+01 -7.7151e-03
-1.6000e+02 5.0000e+01 3.2143e+00
-1.6000e+02 6.0000e+01 1.7531e+00
-1.6000e+02 7.0000e+01 -1.0896e+00
-1.6000e+02 8.0000e+01 1.4349e+00
-1.6000e+02 9.0000e+01 1.1162e+00
-1.6000e+02 1.0000e+02 3.6010e-01
-1.6000e+02 1.1000e+02 -1.2618e+00
-1.6000e+02 1.2000e+02 2.6462e+00
-1.6000e+02 1.3000e+02 1.2313e+00
-1.6000e+02 1.4000e+02 5.1222e-02
-1.6000e+02 1.5000e+02 1.0838e-01
-1.6000e+02 1.6000e+02 8.9380e-01
-1.6000e+02 1.7000e+02 -9.1430e-01
-1.6000e+02 1.8000e+02 1.0004e-01
-1.6000e+02 1.9000e+02 -1.9128e+00
-1.6000e+02 2.0000e+02 -9.9551e-01
-1.5000e+02 -2.0000e+02 -1.5536e+00
-1.5000e+02 -1.9000e+02 -1.6630e+00
-1.5000e+02 -1.8000e+02 9.3688e-01
-1.5000e+02 -1.7000e+02 -8.3806e-01
-1.5000e+02 -1.6000e+02 -6.8318e-01
-1.5000e+02 -1.5000e+02 5.5711e-01
-1.5000e+02 -1.4000e+02 1.4378e+00
-1.5000e+02 -1.3000e+02 1.0050e+00
-1.5000e+02 -1.2000e+02 5.4373e-01
-1.5000e+02 -1.1000e+02 -2.2258e+00
-1.5000e+02 -1.0000e+02 -1.6944e+00
-1.5000e+02 -9.0000e+01 1.1118e-01
-1.5000e+02 -8.0000e+01 8.5537e-01
-1.5000e+02 -7.0000e+01 6.9374e-02
-1.5000e+02 -6.0000e+01 3.2695e-01
-1.5000e+02 -5.0000e+01 -3.8721e-01
-1.5000e+02 -4.0000e+01 -2.5767e+00
-1.5000e+02 -3.0000e+01 -6.4665e-01
-1.5000e+02 -2.0000e+01 -1.6451e+00
-1.5000e+02 -1.0000e+01 -1.9226e+00
-1.5000e+02 0.0000e+00 1.4195e+00
-1.5000e+02 1.0000e+01 -2.0317e+00
-1.5000e+02 2.0000e+01 1.8819e-01
-1.5000e+02 3.0000e+01 1.0900e+00
-1.5000e+02 4.0000e+01 -2.5829e+00
-1.5000e+02 5.0000e+01 1.8180e+00
-1.5000e+02 6.0000e+01 -1.1082e-01
-1.5000e+02 7.0000e+01 1.6142e+00
-1.5000e+02 8.0000e+01 -2.0448e+00
-1.5000e+02 9.0000e+01 1.9361e+00
-1.5000e+02 1.0000e+02 1.8004e+00
-1.5000e+02 1.1000e+02 4.6823e+00
-1.5000e+02 1.2000e+02 -1.6199e-01
-1.5000e+02 1.3000e+02 -3.1462e-01
-1.5000e+02 1.4000e+02 -1.2449e+00
-1.5000e+02 1.5000e+02 1.0819e-01
-1.5000e+02 1.6000e+02 -2.6513e-02
-1.5000e+02 1.7000e+02 1.0440e+00
-1.5000e+02 1.8000e+02 -1.7736e+00
-1.5000e+02 1.9000e+02 -2.1089e+00
-1.5000e+02 2.0000e+02 4.1406e-01
-1.4000e+02 -2.0000e+02 -4.1416e-01
-1.4000e+02 -1.9000e+02 1.3636e+00
-1.4000e+02 -1.8000e+02 1.7817e+00
-1.4000e+02 -1.7000e+02 -3.6894e+00
-1.4000e+02 -1.6000e+02 2.5618e+00
-1.4000e+02 -1.5000e+02 1.3023e-01
-1.4000e+02 -1.4000e+02 1.4045e+00
-1.4000e+02 -1.3000e+02 1.8160e+00
-1.4000e+02 -1.2000e+02 1.0143e-01
-1.4000e+02 -1.1000e+02 -8.9681e-02
-1.4000e+02 -1.0000e+02 6.1207e-01
-1.4000e+02 -9.0000e+01 -1.3180e+00
-1.4000e+02 -8.0000e+01 -1.7260e+00
-1.4000e+02 -7.0000e+01 6.5190e-02
-1.4000e+02 -6.0000e+01 -1.7067e+00
-1.4000e+02 -5.0000e+01 -7.9201e-01
-1.4000e+02 -4.0000e+01 -2.0046e+00
-1.4000e+02 -3.0000e+01 -5.8098e-02
-1.4000e+02 -2.0000e+01 -2.2235e+00
-1.4000e+02 -1.0000e+01 -2.3745e+00
-1.4000e+02 0.0000e+00 -5.4696e-02
-1.4000e+02 1.0000e+01 -5.5384e-01
-1.4000e+02 2.0000e+01 -2.3896e+00
-1.4000e+02 3.0000e+01 2.8575e-01
-1.4000e+02 4.0000e+01 -2.5493e-01
-1.4000e+02 5.0000e+01 3.9681e+00
-1.4000e+02 6.0000e+01 -1.9744e+00
-1.4000e+02 7.0000e+01 -1.9671e+00
-1.4000e+02 8.0000e+01 2.2653e+00
-1.4000e+02 9.0000e+01 1.2845e+00
-1.4000e+02 1.0000e+02 2.5646e+00
-1.4000e+02 1.1000e+02 -2.1493e+00
-1.4000e+02 1.2000e+02 7.4631e-01
-1.4000e+02 1.3000e+02 1.1244e+00
-1.4000e+02 1.4000e+02 4.3923e-01
-1.4000e+02 1.5000e+02 2.4149e+00
-1.4000e+02 1.6000e+02 -8.6878e-02
-1.4000e+02 1.7000e+02 5.3792e-01
-1.4000e+02 1.8000e+02 1.4872e+00
-1.4000e+02 1.9000e+02 -2.6164e+00
-1.4000e+02 2.0000e+02 3.1139e+00
-1.3000e+02 -2.0000e+02 -4.2553e-01
-1.3000e+02 -1.9000e+02 -5.0015e-01
-1.3000e+02 -1.8000e+02 -6.4460e-01
-1.3000e+02 -1.7000e+02 -7.0534e-01
-1.3000e+02 -1.6000e+02 9.2430e-01
-1.3000e+02 -1.5000e+02 1.1163e+00
-1.3000e+02 -1.4000e+02 -1.3138e+00
-1.3000e+02 -1.3000e+02 8.9153e-01
-1.3000e+02 -1.2000e+02 1.3071e+00
-1.3000e+02 -1.1000e+02 3.4672e-01
-1.3000e+02 -1.0000e+02 2.9211e+00
-1.3000e+02 -9.0000e+01 -1.0993e+00
-1.3000e+02 -8.0000e+01 -1.2086e+00
-1.3000e+02 -7.0000e+01 -1.9689e+00
-1.3000e+02 -6.0000e+01 -1.2842e+00
-1.3000e+02 -5.0000e+01 -7.0528e-01
-1.3000e+02 -4.0000e+01 1.1588e+00
-1.3000e+02 -3.0000e+01 2.0527e+00
-1.3000e+02 -2.0000e+01 -2.8056e+00
-1.3000e+02 -1.0000e+01 -2.6977e-01
-1.3000e+02 0.0000e+00 -3.5907e+00
-1.3000e+02 1.0000e+01 -1.4588e+00
-1.3000e+02 2.0000e+01 -2.1317e+00
-1.3000e+02 3.0000e+01 8.6505e-01
-1.3000e+02 4.0000e+01 6.6998e-01
-1.3000e+02 5.0000e+01 -1.6171e+00
-1.3000e+02 6.0000e+01 1.1114e+00
-1.3000e+02 7.0000e+01 -2.3356e-02
-1.3000e+02 8.0000e+01 -2.7496e+00
-1.3000e+02 9.0000e+01 -1.0819e+00
-1.3000e+02 1.0000e+02 -1.2174e+00
-1.3000e+02 1.1000e+02 -2.3585e+00
-1.3000e+02 1.2000e+02 -1.5826e+00
-1.3000e+02 1.3000e+02 -1.5435e-01
-1.3000e+02 1.4000e+02 -1.3586e+00
-1.3000e+02 1.5000e+02 1.2851e-01
-1.3000e+02 1.6000e+02 5.3585e-01
-1.3000e+02 1.7000e+02 3.5070e-01
-1.3000e+02 1.8000e+02 -8.8697e-01
-1.3000e+02 1.9000e+02 -6.6149e-01
-1.3000e+02 2.0000e+02 -5.8493e-02
-1.2000e+02 -2.0000e+02 1.3362e+00
-1.2000e+02 -1.9000e+02 1.0956e-01
-1.2000e+02 -1.8000e+02 -3.1566e+00
-1.2000e+02 -1.7000e+02 3.9972e-02
-1.2000e+02 -1.6000e+02 3.5290e+00
-1.2000e+02 -1.5000e+02 9.0906e-01
-1.2000e+02 -1.4000e+02 1.0267e+00
-1.2000e+02 -1.3000e+02 -1.5380e+00
-1.2000e+02 -1.2000e+02 -8.4847e-01
-1.2000e+02 -1.1000e+02 2.4285e-01
-1.2000e+02 -1.0000e+02 -4.1775e-01
-1.2000e+02 -9.0000e+01 1.2490e+00
-1.2000e+02 -8.0000e+01 -2.0830e+00
-1.2000e+02 -7.0000e+01 -9.0038e-01
-1.2000e+02 -6.0000e+01 -3.7843e+00
-1.2000e+02 -5.0000e+01 -3.5778e+00
-1.2000e+02 -4.0000e+01 -5.3638e-01
-1.2000e+02 -3.0000e+01 -1.3122e+00
-1.2000e+02 -2.0000e+01 -4.2217e+00
-1.2000e+02 -1.0000e+01 -1.5398e+00
-1.2000e+02 0.0000e+00 -3.1748e+00
-1.2000e+02 1.0000e+01 -2.9268e+00
-1.2000e+02 2.0000e+01 -5.8146e+00
-1.2000e+02 3.0000e+01 -2.4200e+00
-1.2000e+02 4.0000e+01 -2.0914e-01
-1.2000e+02 5.0000e+01 -3.5695e+00
-1.2000e+02 6.0000e+01 -1.1824e+00
-1.2000e+02 7.0000e+01 1.2027e-01
-1.2000e+02 8.0000e+01 -2.5812e+00
-1.2000e+02 9.0000e+01 1.4430e+00
-1.2000e+02 1.0000e+02 1.6317e+00
-1.2000e+02 1.1000e+02 -1.0557e+00
-1.2000e+02 1.2000e+02 4.0707e-01
-1.2000e+02 1.3000e+02 -4.4295e-01
-1.2000e+02 1.4000e+02 -2.3628e+00
-1.2000e+02 1.5000e+02 1.3285e+00
-1.2000e+02 1.6000e+02 -3.6772e+00
-1.2000e+02 1.7000e+02 -6.2663e-01
-1.2000e+02 1.8000e+02 -2.2487e+00
-1.2000e+02 1.9000e+02 -1.1524e+00
-1.2000e+02 2.0000e+02 -5.6140e-01
-1.1000e+02 -2.0000e+02 -1.2923e+00
-1.1000e+02 -1.9000e+02 -1.2633e+00
-1.1000e+02 -1.8000e+02 -8.5078e-01
-1.1000e+02 -1.7000e+02 1.0679e+00
-1.1000e+02 -1.6000e+02 7.5960e-01
-1.1000e+02 -1.5000e+02 3.2166e-01
-1.1000e+02 -1.4000e+02 1.4070e+00
-1.1000e+02 -1.3000e+02 6.3309e-01
-1.1000e+02 -1.2000e+02 -3.0893e+00
-1.1000e+02 -1.1000e+02 -2.9207e-01
-1.1000e+02 -1.0000e+02 2.2206e+00
-1.1000e+02 -9.0000e+01 -1.1971e+00
-1.1000e+02 -8.0000e+01 -1.5231e+00
-1.1000e+02 -7.0000e+01 7.7661e-01
-1.1000e+02 -6.0000e+01 -5.9744e+00
-1.1000e+02 -5.0000e+01 -2.0850e+00
-1.1000e+02 -4.0000e+01 -1.1994e+00
-1.1000e+02 -3.0000e+01 -2.7165e+00
-1.1000e+02 -2.0000e+01 -1.6326e+00
-1.1000e+02 -1.0000e+01 -1.6950e+00
-1.1000e+02 0.0000e+00 -1.4395e+00
-1.1000e+02 1.0000e+01 -1.2518e+00
-1.1000e+02 2.0000e+01 -2.0803e+00
-1.1000e+02 3.0000e+01 -2.8152e+00
-1.1000e+02 4.0000e+01 -1.1678e+00
-1.1000e+02 5.0000e+01 -4.0603e-01
-1.1000e+02 6.0000e+01 -8.7387e-01
-1.1000e+02 7.0000e+01 -9.1636e-01
-1.1000e+02 8.0000e+01 -4.2610e+00
-1.1000e+02 9.0000e+01 2.3525e+00
-1.1000e+02 1.0000e+02 -1.2566e+00
-1.1000e+02 1.1000e+02 -2.6767e-01
-1.1000e+02 1.2000e+02 -1.4503e+00
-1.1000e+02 1.3000e+02 2.8525e+00
-1.1000e+02 1.4000e+02 -1.2150e+00
-1.1000e+02 1.5000e+02 2.3178e+00
-1.1000e+02 1.6000e+02 -2.1633e+00
-1.1000e+02 1.7000e+02 8.5843e-01
-1.1000e+02 1.8000e+02 -4.2990e-01
-1.1000e+02 1.9000e+02 1.1259e+00
-1.1000e+02 2.0000e+02 2.3095e+00
-1.0000e+02 -2.0000e+02 1.8515e+00
-1.0000e+02 -1.9000e+02 1.5525e+00
-1.0000e+02 -1.8000e+02 4.3121e-02
-1.0000e+02 -1.7000e+02 1.8259e+00
-1.0000e+02 -1.6000e+02 2.2804e+00
-1.0000e+02 -1.5000e+02 9.3900e-01
-1.0000e+02 -1.4000e+02 -2.0158e+00
-1.0000e+02 -1.3000e+02 5.2102e-01
-1.0000e+02 -1.2000e+02 6.1081e-01
-1.0000e+02 -1.1000e+02 -1.2015e-01
-1.0000e+02 -1.0000e+02 -2.2355e+00
-1.0000e+02 -9.0000e+01 -1.5152e+00
-1.0000e+02 -8.0000e+01 -1.4300e+00
-1.0000e+02 -7.0000e+01 -1.1526e+00
-1.0000e+02 -6.0000e+01 -1.6372e+00
-1.0000e+02 -5.0000e+01 -2.3941e+00
-1.0000e+02 -4.0000e+01 -1.6729e+00
-1.0000e+02 -3.0000e+01 6.5499e-02
-1.0000e+02 -2.0000e+01 -1.5738e+00
-1.0000e+02 -1.0000e+01 -2.8333e+00
-1.0000e+02 0.0000e+00 -2.0051e+00
-1.0000e+02 1.0000e+01 9.6590e-01
-1.0000e+02 2.0000e+01 -4.2672e+00
-1.0000e+02 3.0000e+01 -5.0584e+00
-1.0000e+02 4.0000e+01 -2.7852e+00
-1.0000e+02 5.0000e+01 -2.2057e+00
-1.0000e+02 6.0000e+01 -1.5096e+00
-1.0000e+02 7.0000e+01 -4.6287e+00
-1.0000e+02 8.0000e+01 8.5009e-01
-1.0000e+02 9.0000e+01 -5.3513e-01
-1.0000e+02 1.0000e+02 -2.8382e+00
-1.0000e+02 1.1000e+02 1.5140e-01
-1.0000e+02 1.2000e+02 -3.6007e-01
-1.0000e+02 1.3000e+02 -3.2350e-01
-1.0000e+02 1.4000e+02 1.1993e+00
-1.0000e+02 1.5000e+02 -2.0236e+00
-1.0000e+02 1.6000e+02 8.7071e-01
-1.0000e+02 1.7000e+02 -1.6620e+00
-1.0000e+02 1.8000e+02 9.4496e-01
-1.0000e+02 1.9000e+02 -1.0516e+00
-1.0000e+02 2.0000e+02 1.0301e+00
-9.0000e+01 -2.0000e+02 -2.3231e+00
-9.0000e+01 -1.9000e+02 -1.2453e+00
-9.0000e+01 -1.8000e+02 -1.6403e-02
-9.0000e+01 -1.7000e+02 9.0669e-01
-9.0000e+01 -1.6000e+02 -5.8246e-01
-9.0000e+01 -1.5000e+02 -7.8607e-02
-9.0000e+01 -1.4000e+02 -1.7224e+00
-9.0000e+01 -1.3000e+02 2.1993e+00
-9.0000e+01 -1.2000e+02 -1.8276e+00
-9.0000e+01 -1.1000e+02 -3.0410e-02
-9.0000e+01 -1.0000e+02 2.7583e+00
-9.0000e+01 -9.0000e+01 -2.1772e+00
-9.0000e+01 -8.0000e+01 -1.9313e+00
-9.0000e+01 -7.0000e+01 -1.0628e+00
-9.0000e+01 -6.0000e+01 -4.5755e+00
-9.0000e+01 -5.0000e+01 -1.9136e+00
-9.0000e+01 -4.0000e+01 -3.5532e+00
-9.0000e+01 -3.0000e+01 -1.5672e+00
-9.0000e+01 -2.0000e+01 -7.1628e+00
-9.0000e+01 -1.0000e+01 -6.0182e+00
-9.0000e+01 0.0000e+00 -4.3106e+00
-9.0000e+01 1.0000e+01 -2.5736e+00
-9.0000e+01 2.0000e+01 -3.7727e+00
-9.0000e+01 3.0000e+01 -2.9967e+00
-9.0000e+01 4.0000e+01 -2.5579e+00
-9.0000e+01 5.0000e+01 -6.4840e+00
-9.0000e+01 6.0000e+01 -1.2995e+00
-9.0000e+01 7.0000e+01 -3.5709e+00
-9.0000e+01 8.0000e+01 -3.5230e+00
-9.0000e+01 9.0000e+01 -1.9809e+00
-9.0000e+01 1.0000e+02 -6.7274e-01
-9.0000e+01 1.1000e+02 4.9453e-01
-9.0000e+01 1.2000e+02 1.7379e+00
-9.0000e+01 1.3000e+02 4.8442e-01
-9.0000e+01 1.4000e+02 -5.9841e-01
-9.0000e+01 1.5000e+02 1.3663e+00
-9.0000e+01 1.6000e+02 1.8582e+00
-9.0000e+01 1.7000e+02 -8.4931e-01
-9.0000e+01 1.8000e+02 -5.3579e-01
-9.0000e+01 1.9000e+02 -2.2754e+00
-9.0000e+01 2.0000e+02 1.3789e+00
-8.0000e+01 -2.0000e+02 2.2896e+00
-8.0000e+01 -1.9000e+02 -1.8029e+00
-8.0000e+01 -1.8000e+02 1.4415e+00
-8.0000e+01 -1.7000e+02 -2.3213e+00
-8.0000e+01 -1.6000e+02 1.9540e+00
-8.0000e+01 -1.5000e+02 1.5121e+00
-8.0000e+01 -1.4000e+02 -3.5381e+00
-8.0000e+01 -1.3000e+02 -1.6770e+00
-8.0000e+01 -1.2000e+02 -1.8543e+00
-8.0000e+01 -1.1000e+02 -1.6305e+00
-8.0000e+01 -1.0000e+02 -7.7403e-01
-8.0000e+01 -9.0000e+01 -1.9354e-01
-8.0000e+01 -8.0000e+01 1.7075e+00
-8.0000e+01 -7.0000e+01 -8.2124e-01
-8.0000e+01 -6.0000e+01 -7.0125e-01
-8.0000e+01 -5.0000e+01 -1.3981e+00
-8.0000e+01 -4.0000e+01 -6.7205e+00
-8.0000e+01 -3.0000e+01 -4.7044e+00
-8.0000e+01 -2.0000e+01 -9.6181e+00
-8.0000e+01 -1.0000e+01 -5.7687e+00
-8.0000e+01 0.0000e+00 -3.2448e+00
-8.0000e+01 1.0000e+01 -6.6441e+00
-8.0000e+01 2.0000e+01 -5.0211e+00
-8.0000e+01 3.0000e+01 -3.7140e+00
-8.0000e+01 4.0000e+01 -4.8943e+00
-8.0000e+01 5.0000e+01 -2.9082e+00
-8.0000e+01 6.0000e+01 -3.7647e+00
-8.0000e+01 7.0000e+01 1.1900e+00
-8.0000e+01 8.0000e+01 -1.5709e+00
-8.0000e+01 9.0000e+01 -1.0381e+00
-8.0000e+01 1.0000e+02 -2.8823e+00
-8.0000e+01 1.1000e+02 8.2041e-01
-8.0000e+01 1.2000e+02 3.9729e-01
-8.0000e+01 1.3000e+02 1.8230e+00
-8.0000e+01 1.4000e+02 2.5140e+00
-8.0000e+01 1.5000e+02 -2.5224e+00
-8.0000e+01 1.6000e+02 1.0897e+00
-8.0000e+01 1.7000e+02 1.6903e-01
-8.0000e+01 1.8000e+02 1.6680e+00
-8.0000e+01 1.9000e+02 -3.3794e-01
-8.0000e+01 2.0000e+02 -2.7715e+00
-7.0000e+01 -2.0000e+02 -4.2695e-01
-7.0000e+01 -1.9000e+02 2.1997e+00
-7.0000e+01 -1.8000e+02 -4.4010e-01
-7.0000e+01 -1.7000e+02 -9.6116e-01
-7.0000e+01 -1.6000e+02 8.0841e-01
-7.0000e+01 -1.5000e+02 2.0353e+00
-7.0000e+01 -1.4000e+02 1.2104e+00
-7.0000e+01 -1.3000e+02 -1.7405e+00
-7.0000e+01 -1.2000e+02 -2.8235e+00
-7.0000e+01 -1.1000e+02 -2.4938e-01
-7.0000e+01 -1.0000e+02 -2.1533e+00
-7.0000e+01 -9.0000e+01 -3.3687e+00
-7.0000e+01 -8.0000e+01 7.0693e-01
-7.0000e+01 -7.0000e+01 -2.0951e+00
-7.0000e+01 -6.0000e+01 -3.1021e+00
-7.0000e+01 -5.0000e+01 -5.3042e+00
-7.0000e+01 -4.0000e+01 -5.1673e+00
-7.0000e+01 -3.0000e+01 -3.7699e+00
-7.0000e+01 -2.0000e+01 -6.4816e+00
-7.0000e+01 -1.0000e+01 -7.6670e+00
-7.0000e+01 0.0000e+00 -6.9109e+00
-7.0000e+01 1.0000e+01 -5.2573e+00
-7.0000e+01 2.0000e+01 -6.3939e+00
-7.0000e+01 3.0000e+01 -7.4575e+00
-7.0000e+01 4.0000e+01 -8.6575e+00
-7.0000e+01 5.0000e+01 -5.7181e+00
-7.0000e+01 6.0000e+01 -1.4643e+00
-7.0000e+01 7.0000e+01 -4.7095e-01
-7.0000e+01 8.0000e+01 -3.9295e+00
-7.0000e+01 9.0000e+01 -2.4276e+00
-7.0000e+01 1.0000e+02 -1.6151e+00
-7.0000e+01 1.1000e+02 -2.9422e-01
-7.0000e+01 1.2000e+02 2.3361e+00
-7.0000e+01 1.3000e+02 -3.6687e+00
-7.0000e+01 1.4000e+02 1.7068e+00
-7.0000e+01 1.5000e+02 -1.1802e+00
-7.0000e+01 1.6000e+02 -1.0681e-02
-7.0000e+01 1.7000e+02 -1.8955e+00
-7.0000e+01 1.8000e+02 1.0363e+00
-7.0000e+01 1.9000e+02 -2.7928e-01
-7.0000e+01 2.0000e+02 -7.7087e-02
-6.0000e+01 -2.0000e+02 2.6608e+00
-6.0000e+01 -1.9000e+02 -1.2527e+00
-6.0000e+01 -1.8000e+02 1.8091e+00
-6.0000e+01 -1.7000e+02 3.1775e-01
-6.0000e+01 -1.6000e+02 1.8653e-01
-6.0000e+01 -1.5000e+02 -8.6704e-02
-6.0000e+01 -1.4000e+02 -1.9902e+00
-6.0000e+01 -1.3000e+02 -1.4684e-01
-6.0000e+01 -1.2000e+02 -6.0786e-01
-6.0000e+01 -1.1000e+02 -4.3801e+00
-6.0000e+01 -1.0000e+02 -1.2456e+00
-6.0000e+01 -9.0000e+01 -2.4518e+00
-6.0000e+01 -8.0000e+01 -9.4511e-01
-6.0000e+01 -7.0000e+01 -3.3490e+00
-6.0000e+01 -6.0000e+01 -5.6919e+00
-6.0000e+01 -5.0000e+01 -6.2983e+00
-6.0000e+01 -4.0000e+01 -4.9373e+00
-6.0000e+01 -3.0000e+01 -8.5423e+00
-6.0000e+01 -2.0000e+01 -7.4257e+00
-6.0000e+01 -1.0000e+01 -7.0303e+00
-6.0000e+01 0.0000e+00 -1.1630e+01
-6.0000e+01 1.0000e+01 -6.6874e+00
-6.0000e+01 2.0000e+01 -8.0464e+00
-6.0000e+01 3.0000e+01 -7.3468e+00
-6.0000e+01 4.0000e+01 -7.1022e+00
-6.0000e+01 5.0000e+01 -5.2899e+00
-6.0000e+01 6.0000e+01 -4.5009e+00
-6.0000e+01 7.0000e+01 -4.3242e+00
-6.0000e+01 8.0000e+01 -4.5196e+00
-6.0000e+01 9.0000e+01 -2.0811e+00
-6.0000e+01 1.0000e+02 -2.3551e+00
-6.0000e+01 1.1000e+02 -1.0094e+00
-6.0000e+01 1.2000e+02 -2.4007e+00
-6.0000e+01 1.3000e+02 2.9243e-01
-6.0000e+01 1.4000e+02 -2.2902e+00
-6.0000e+01 1.5000e+02 -3.3514e-01
-6.0000e+01 1.6000e+02 1.3207e-01
-6.0000e+01 1.7000e+02 1.8432e-02
-6.0000e+01 1.8000e+02 1.7076e+00
-6.0000e+01 1.9000e+02 1.5377e+00
-6.0000e+01 2.0000e+02 1.0755e+00
-5.0000e+01 -2.0000e+02 1.4396e+00
-5.0000e+01 -1.9000e+02 2.1449e+00
-5.0000e+01 -1.8000e+02 -6.4396e-01
-5.0000e+01 -1.7000e+02 -5.9821e-01
-5.0000e+01 -1.6000e+02 -1.0813e+00
-5.0000e+01 -1.5000e+02 -9.1742e-01
-5.0000e+01 -1.4000e+02 -2.9259e+00
-5.0000e+01 -1.3000e+02 2.0099e-01
-5.0000e+01 -1.2000e+02 -1.6652e+00
-5.0000e+01 -1.1000e+02 -1.5324e+00
-5.0000e+01 -1.0000e+02 6.7523e-01
-5.0000e+01 -9.0000e+01 -1.1815e+00
-5.0000e+01 -8.0000e+01 -1.8968e+00
-5.0000e+01 -7.0000e+01 -5.2913e+00
-5.0000e+01 -6.0000e+01 -4.4968e+00
-5.0000e+01 -5.0000e+01 -5.6356e+00
-5.0000e+01 -4.0000e+01 -9.1113e+00
-5.0000e+01 -3.0000e+01 -9.6260e+00
-5.0000e+01 -2.0000e+01 -8.8979e+00
-5.0000e+01 -1.0000e+01 -1.1486e+01
-5.0000e+01 0.0000e+00 -1.0404e+01
-5.0000e+01 1.0000e+01 -1.0892e+01
-5.0000e+01 2.0000e+01 -1.0384e+01
-5.0000e+01 3.0000e+01 -9.1741e+00
-5.0000e+01 4.0000e+01 -6.9912e+00
-5.0000e+01 5.0000e+01 -8.3503e+00
-5.0000e+01 6.0000e+01 -6.7868e+00
-5.0000e+01 7.0000e+01 -4.7748e+00
-5.0000e+01 8.0000e+01 -2.8095e+00
-5.0000e+01 9.0000e+01 -8.3427e-01
-5.0000e+01 1.0000e+02 4.1755e-02
-5.0000e+01 1.1000e+02 -1.0644e+00
-5.0000e+01 1.2000e+02 -2.6265e+00
-5.0000e+01 1.3000e+02 -2.8212e+00
-5.0000e+01 1.4000e+02 -1.6270e+00
-5.0000e+01 1.5000e+02 -9.2694e-02
-5.0000e+01 1.6000e+02 -1.2574e+00
-5.0000e+01 1.7000e+02 -3.0079e+00
-5.0000e+01 1.8000e+02 6.6688e-01
-5.0000e+01 1.9000e+02 3.0001e+00
-5.0000e+01 2.0000e+02 1.7514e+00
-4.0000e+01 -2.0000e+02 -3.7055e-01
-4.0000e+01 -1.9000e+02 -4.6858e-01
-4.0000e+01 -1.8000e+02 1.4252e-01
-4.0000e+01 -1.7000e+02 -1.2653e+00
-4.0000e+01 -1.6000e+02 -2.8509e+00
-4.0000e+01 -1.5000e+02 4.0008e-01
-4.0000e+01 -1.4000e+02 -2.1165e+00
-4.0000e+01 -1.3000e+02 -1.7895e+00
-4.0000e+01 -1.2000e+02 -2.9615e+00
-4.0000e+01 -1.1000e+02 -3.9844e+00
-4.0000e+01 -1.0000e+02 -1.7210e+00
-4.0000e+01 -9.0000e+01 -1.8255e+00
-4.0000e+01 -8.0000e+01 -2.0131e+00
-4.0000e+01 -7.0000e+01 -4.1052e+00
-4.0000e+01 -6.0000e+01 -7.6329e+00
-4.0000e+01 -5.0000e+01 -7.0572e+00
-4.0000e+01 -4.0000e+01 -7.4455e+00
-4.0000e+01 -3.0000e+01 -1.2101e+01
-4.0000e+01 -2.0000e+01 -1.3007e+01
-4.0000e+01 -1.0000e+01 -1.0463e+01
-4.0000e+01 0.0000e+00 -9.7183e+00
-4.0000e+01 1.0000e+01 -1.1281e+01
-4.0000e+01 2.0000e+01 -1.2292e+01
-4.0000e+01 3.0000e+01 -8.9525e+00
-4.0000e+01 4.0000e+01 -9.0891e+00
-4.0000e+01 5.0000e+01 -7.6108e+00
-4.0000e+01 6.0000e+01 -6.0990e+00
-4.0000e+01 7.0000e+01 -5.7061e+00
-4.0000e+01 8.0000e+01 -4.5662e+00
-4.0000e+01 9.0000e+01 -3.4469e+00
-4.0000e+01 1.0000e+02 -4.6436e+00
-4.0000e+01 1.1000e+02 -1.7191e+00
-4.0000e+01 1.2000e+02 1.1327e-02
-4.0000e+01 1.3000e+02 -2.0114e+00
-4.0000e+01 1.4000e+02 -2.0133e+00
-4.0000e+01 1.5000e+02 -2.9440e+00
-4.0000e+01 1.6000e+02 6.1272e-01
-4.0000e+01 1.7000e+02 8.7297e-01
-4.0000e+01 1.8000e+02 5.3317e-01
-4.0000e+01 1.9000e+02 -3.9373e-01
-4.0000e+01 2.0000e+02 -8.1168e-01
-3.0000e+01 -2.0000e+02 2.5803e-01
-3.0000e+01 -1.9000e+02 -1.7466e+00
-3.0000e+01 -1.8000e+02 2.2274e+00
-3.0000e+01 -1.7000e+02 -1.2454e+00
-3.0000e+01 -1.6000e+02 -8.9646e-01
-3.0000e+01 -1.5000e+02 -2.1771e+00
-3.0000e+01 -1.4000e+02 -9.2852e-02
-3.0000e+01 -1.3000e+02 3.2074e+00
-3.0000e+01 -1.2000e+02 -1.7654e+00
-3.0000e+01 -1.1000e+02 -4.5097e+00
-3.0000e+01 -1.0000e+02 -4.1126e+00
-3.0000e+01 -9.0000e+01 -1.2578e+00
-3.0000e+01 -8.0000e+01 -5.0710e+00
-3.0000e+01 -7.0000e+01 -3.5494e+00
-3.0000e+01 -6.0000e+01 -7.2417e+00
-3.0000e+01 -5.0000e+01 -9.9407e+00
-3.0000e+01 -4.0000e+01 -1.1074e+01
-3.0000e+01 -3.0000e+01 -1.2727e+01
-3.0000e+01 -2.0000e+01 -1.5821e+01
-3.0000e+01 -1.0000e+01 -1.2361e+01
-3.0000e+01 0.0000e+00 -1.1933e+01
-3.0000e+01 1.0000e+01 -1.2847e+01
-3.0000e+01 2.0000e+01 -1.2198e+01
-3.0000e+01 3.0000e+01 -1.0094e+01
-3.0000e+01 4.0000e+01 -1.1119e+01
-3.0000e+01 5.0000e+01 -1.0015e+01
-3.0000e+01 6.0000e+01 -8.3956e+00
-3.0000e+01 7.0000e+01 -7.2396e+00
-3.0000e+01 8.0000e+01 -6.0510e+00
-3.0000e+01 9.0000e+01 -3.8127e+00
-3.0000e+01 1.0000e+02 -3.9761e+00
-3.0000e+01 1.1000e+02 -1.1887e+00
-3.0000e+01 1.2000e+02 -3.4750e+00
-3.0000e+01 1.3000e+02 -2.1060e+00
-3.0000e+01 1.4000e+02 1.6151e-01
-3.0000e+01 1.5000e+02 -2.9590e+00
-3.0000e+01 1.6000e+02 -1.7244e+00
-3.0000e+01 1.7000e+02 3.0205e+00
-3.0000e+01 1.8000e+02 -3.7286e-01
-3.0000e+01 1.9000e+02 -4.1150e-01
-3.0000e+01 2.0000e+02 -3.9339e-01
-2.0000e+01 -2.0000e+02 -3.4744e-01
-2.0000e+01 -1.9000e+02 1.3232e+00
-2.0000e+01 -1.8000e+02 -2.9302e-01
-2.0000e+01 -1.7000e+02 -1.2587e-01
-2.0000e+01 -1.6000e+02 -3.4557e+00
-2.0000e+01 -1.5000e+02 1.6303e+00
-2.0000e+01 -1.4000e+02 -3.4411e+00
-2.0000e+01 -1.3000e+02 8.0275e-01
-2.0000e+01 -1.2000e+02 -1.7334e+00
-2.0000e+01 -1.1000e+02 -1.0076e+00
-2.0000e+01 -1.0000e+02 -3.7981e+00
-2.0000e+01 -9.0000e+01 -3.5565e+00
-2.0000e+01 -8.0000e+01 -5.8224e+00
-2.0000e+01 -7.0000e+01 -5.7712e+00
-2.0000e+01 -6.0000e+01 -9.8085e+00
-2.0000e+01 -5.0000e+01 -9.5079e+00
-2.0000e+01 -4.0000e+01 -1.2999e+01
-2.0000e+01 -3.0000e+01 -1.1497e+01
-2.0000e+01 -2.0000e+01 -9.6041e+00
-2.0000e+01 -1.0000e+01 -1.2158e+01
-2.0000e+01 0.0000e+00 -1.6048e+01
-2.0000e+01 1.0000e+01 -1.1992e+01
-2.0000e+01 2.0000e+01 -1.3979e+01
-2.0000e+01 3.0000e+01 -1.2130e+01
-2.0000e+01 4.0000e+01 -1.1340e+01
-2.0000e+01 5.0000e+01 -7.5967e+00
-2.0000e+01 6.0000e+01 -1.0020e+01
-2.0000e+01 7.0000e+01 -6.5287e+00
-2.0000e+01 8.0000e+01 -4.7940e+00
-2.0000e+01 9.0000e+01 -3.1390e+00
-2.0000e+01 1.0000e+02 -2.3010e+00
-2.0000e+01 1.1000e+02 -2.5044e+00
-2.0000e+01 1.2000e+02 1.2594e+00
-2.0000e+01 1.3000e+02 -1.1423e+00
-2.0000e+01 1.4000e+02 -2.5889e+00
-2.0000e+01 1.5000e+02 -1.8842e-01
-2.0000e+01 1.6000e+02 2.6865e+00
-2.0000e+01 1.7000e+02 -1.5984e+00
-2.0000e+01 1.8000e+02 2.4577e+00
-2.0000e+01 1.9000e+02 -9.5714e-01
-2.0000e+01 2.0000e+02 -3.2891e-01
-1.0000e+01 -2.0000e+02 1.9907e-01
-1.0000e+01 -1.9000e+02 -9.5099e-01
-1.0000e+01 -1.8000e+02 2.5533e+00
-1.0000e+01 -1.7000e+02 -3.7194e-01
-1.0000e+01 -1.6000e+02 -1.3497e+00
-1.0000e+01 -1.5000e+02 7.1615e-01
-1.0000e+01 -1.4000e+02 -3.3768e+00
-1.0000e+01 -1.3000e+02 -1.5125e+00
-1.0000e+01 -1.2000e+02 -1.8316e+00
-1.0000e+01 -1.1000e+02 -3.4852e+00
-1.0000e+01 -1.0000e+02 -1.8771e+00
-1.0000e+01 -9.0000e+01 -1.7757e+00
-1.0000e+01 -8.0000e+01 -5.5369e+00
-1.0000e+01 -7.0000e+01 -7.9534e+00
-1.0000e+01 -6.0000e+01 -7.0043e+00
-1.0000e+01 -5.0000e+01 -7.7382e+00
-1.0000e+01 -4.0000e+01 -1.2148e+01
-1.0000e+01 -3.0000e+01 -1.2527e+01
-1.0000e+01 -2.0000e+01 -1.5202e+01
-1.0000e+01 -1.0000e+01 -1.4295e+01
-1.0000e+01 0.0000e+00 -1.5927e+01
-1.0000e+01 1.0000e+01 -1.3778e+01
-1.0000e+01 2.0000e+01 -1.5715e+01
-1.0000e+01 3.0000e+01 -1.4484e+01
-1.0000e+01 4.0000e+01 -1.0629e+01
-1.0000e+01 5.0000e+01 -1.0341e+01
-1.0000e+01 6.0000e+01 -9.6340e+00
-1.0000e+01 7.0000e+01 -6.3787e+00
-1.0000e+01 8.0000e+01 -6.4337e+00
-1.0000e+01 9.0000e+01 -4.9279e+00
-1.0000e+01 1.0000e+02 -6.9327e-01
-1.0000e+01 1.1000e+02 1.2717e+00
-1.0000e+01 1.2000e+02 -8.4040e-01
-1.0000e+01 1.3000e+02 9.3470e-01
-1.0000e+01 1.4000e+02 -8.6683e-01
-1.0000e+01 1.5000e+02 -1.0881e+00
-1.0000e+01 1.6000e+02 -3.0923e+00
-1.0000e+01 1.7000e+02 -9.2826e-01
-1.0000e+01 1.8000e+02 -1.5804e+00
-1.0000e+01 1.9000e+02 3.0967e-01
-1.0000e+01 2.0000e+02 4.5084e-01
0.0000e+00 -2.0000e+02 5.9301e-03
0.0000e+00 -1.9000e+02 -2.7975e-01
0.0000e+00 -1.8000e+02 -9.7520e-01
0.0000e+00 -1.7000e+02 4.2580e-01
0.0000e+00 -1.6000e+02 2.5733e+00
0.0000e+00 -1.5000e+02 -2.1881e+00
0.0000e+00 -1.4000e+02 -1.1849e+00
0.0000e+00 -1.3000e+02 -1.1770e+00
0.0000e+00 -1.2000e+02 -1.3840e+00
0.0000e+00 -1.1000e+02 -3.9582e+00
0.0000e+00 -1.0000e+02 -1.0498e+00
0.0000e+00 -9.0000e+01 -9.7761e-01
0.0000e+00 -8.0000e+01 -8.1270e+00
0.0000e+00 -7.0000e+01 -5.3012e+00
0.0000e+00 -6.0000e+01 -8.1728e+00
0.0000e+00 -5.0000e+01 -9.1052e+00
0.0000e+00 -4.0000e+01 -1.1038e+01
0.0000e+00 -3.0000e+01 -1.2904e+01
0.0000e+00 -2.0000e+01 -1.5378e+01
0.0000e+00 -1.0000e+01 -1.6995e+01
0.0000e+00 0.0000e+00 -1.5787e+01
0.0000e+00 1.0000e+01 -1.3989e+01
0.0000e+00 2.0000e+01 -1.4007e+01
0.0000e+00 3.0000e+01 -1.1261e+01
0.0000e+00 4.0000e+01 -1.2804e+01
0.0000e+00 5.0000e+01 -1.0658e+01
0.0000e+00 6.0000e+01 -5.9075e+00
0.0000e+00 7.0000e+01 -8.1223e+00
0.0000e+00 8.0000e+01 -6.9256e+00
0.0000e+00 9.0000e+01 -4.5294e+00
0.0000e+00 1.0000e+02 -3.2532e+00
0.0000e+00 1.1000e+02 -1.6027e+00
0.0000e+00 1.2000e+02 9.6330e-01
0.0000e+00 1.3000e+02 -1.6245e+00
0.0000e+00 1.4000e+02 -5.6831e-01
0.0000e+00 1.5000e+02 -3.7792e-01
0.0000e+00 1.6000e+02 -2.2669e+00
0.0000e+00 1.7000e+02 1.6975e+00
0.0000e+00 1.8000e+02 -1.6017e-01
0.0000e+00 1.9000e+02 2.8205e-01
0.0000e+00 2.0000e+02 -4.4871e+00
1.0000e+01 -2.0000e+02 -2.9182e+00
1.0000e+01 -1.9000e+02 3.2516e-01
1.0000e+01 -1.8000e+02 -6.5851e-01
1.0000e+01 -1.7000e+02 5.5653e-01
1.0000e+01 -1.6000e+02 -5.6345e-01
1.0000e+01 -1.5000e+02 -8.5338e-01
1.0000e+01 -1.4000e+02 1.9742e+00
1.0000e+01 -1.3000e+02 4.5100e-01
1.0000e+01 -1.2000e+02 1.7782e-01
1.0000e+01 -1.1000e+02 -1.6453e+00
1.0000e+01 -1.0000e+02 -1.8923e+00
1.0000e+01 -9.0000e+01 -3.0662e+00
1.0000e+01 -8.0000e+01 -4.0668e+00
1.0000e+01 -7.0000e+01 -6.3873e+00
1.0000e+01 -6.0000e+01 -9.4945e+00
1.0000e+01 -5.0000e+01 -1.1007e+01
1.0000e+01 -4.0000e+01 -1.1805e+01
1.0000e+01 -3.0000e+01 -1.2778e+01
1.0000e+01 -2.0000e+01 -1.5100e+01
1.0000e+01 -1.0000e+01 -1.4284e+01
1.0000e+01 0.0000e+00 -1.6422e+01
1.0000e+01 1.0000e+01 -1.5455e+01
1.0000e+01 2.0000e+01 -1.6223e+01
1.0000e+01 3.0000e+01 -1.2005e+01
1.0000e+01 4.0000e+01 -9.9264e+00
1.0000e+01 5.0000e+01 -8.8724e+00
1.0000e+01 6.0000e+01 -8.7443e+00
1.0000e+01 7.0000e+01 -4.7650e+00
1.0000e+01 8.0000e+01 -5.9374e+00
1.0000e+01 9.0000e+01 -3.3059e+00
1.0000e+01 1.0000e+02 -3.3967e+00
1.0000e+01 1.1000e+02 -1.6673e+00
1.0000e+01 1.2000e+02 -2.3999e+00
1.0000e+01 1.3000e+02 1.2961e+00
1.0000e+01 1.4000e+02 -1.1586e+00
1.0000e+01 1.5000e+02 7.0459e-01
1.0000e+01 1.6000e+02 1.8274e+00
1.0000e+01 1.7000e+02 -3.8870e-01
1.0000e+01 1.8000e+02 -2.7590e+00
1.0000e+01 1.9000e+02 9.4057e-01
1.0000e+01 2.0000e+02 2.2939e+00
2.0000e+01 -2.0000e+02 -1.1545e+00
2.0000e+01 -1.9000e+02 7.2030e-01
2.0000e+01 -1.8000e+02 -5.0224e-01
2.0000e+01 -1.7000e+02 -3.7352e-01
2.0000e+01 -1.6000e+02 -1.5286e-01
2.0000e+01 -1.5000e+02 -4.9713e-02
2.0000e+01 -1.4000e+02 -1.6934e+00
2.0000e+01 -1.3000e+02 4.4980e-01
2.0000e+01 -1.2000e+02 -6.2774e-01
2.0000e+01 -1.1000e+02 -4.3914e+00
2.0000e+01 -1.0000e+02 -7.3238e-01
2.0000e+01 -9.0000e+01 -4.1701e+00
2.0000e+01 -8.0000e+01 -6.6525e+00
2.0000e+01 -7.0000e+01 -8.6938e+00
2.0000e+01 -6.0000e+01 -8.2225e+00
2.0000e+01 -5.0000e+01 -9.0237e+00
2.0000e+01 -4.0000e+01 -8.8331e+00
2.0000e+01 -3.0000e+01 -1.4637e+01
2.0000e+01 -2.0000e+01 -1.3756e+01
2.0000e+01 -1.0000e+01 -1.3572e+01
2.0000e+01 0.0000e+00 -1.3877e+01
2.0000e+01 1.0000e+01 -1.5240e+01
2.0000e+01 2.0000e+01 -1.6264e+01
2.0000e+01 3.0000e+01 -1.1662e+01
2.0000e+01 4.0000e+01 -1.1295e+01
2.0000e+01 5.0000e+01 -9.4956e+00
2.0000e+01 6.0000e+01 -9.1311e+00
2.0000e+01 7.0000e+01 -5.5573e+00
2.0000e+01 8.0000e+01 -3.9725e+00
2.0000e+01 9.0000e+01 -4.4234e+00
2.0000e+01 1.0000e+02 -3.7408e+00
2.0000e+01 1.1000e+02 8.7596e-01
2.0000e+01 1.2000e+02 -1.0757e+00
2.0000e+01 1.3000e+02 -6.6982e-01
2.0000e+01 1.4000e+02 -1.1967e+00
2.0000e+01 1.5000e+02 1.5105e+00
2.0000e+01 1.6000e+02 -1.1787e+00
2.0000e+01 1.7000e+02 1.2070e+00
2.0000e+01 1.8000e+02 2.1664e+00
2.0000e+01 1.9000e+02 -1.0653e-01
2.0000e+01 2.0000e+02 -6.0930e-01
3.0000e+01 -2.0000e+02 -1.9880e-01
3.0000e+01 -1.9000e+02 -6.5898e-01
3.0000e+01 -1.8000e+02 1.3858e+00
3.0000e+01 -1.7000e+02 -2.1639e+00
3.0000e+01 -1.6000e+02 2.7826e+00
3.0000e+01 -1.5000e+02 -3.2862e+00
3.0000e+01 -1.4000e+02 -1.5747e+00
3.0000e+01 -1.3000e+02 -4.5077e+00
3.0000e+01 -1.2000e+02 -3.1102e-01
3.0000e+01 -1.1000e+02 -2.6390e+00
3.0000e+01 -1.0000e+02 -2.1600e+00
3.0000e+01 -9.0000e+01 -4.1850e+00
3.0000e+01 -8.0000e+01 -5.8013e+00
3.0000e+01 -7.0000e+01 -5.5332e+00
3.0000e+01 -6.0000e+01 -1.0034e+01
3.0000e+01 -5.0000e+01 -1.0352e+01
3.0000e+01 -4.0000e+01 -9.5099e+00
3.0000e+01 -3.0000e+01 -9.7753e+00
3.0000e+01 -2.0000e+01 -1.2184e+01
3.0000e+01 -1.0000e+01 -1.3089e+01
3.0000e+01 0.0000e+00 -1.4087e+01
3.0000e+01 1.0000e+01 -1.2921e+01
3.0000e+01 2.0000e+01 -9.4441e+00
3.0000e+01 3.0000e+01 -9.8494e+00
3.0000e+01 4.0000e+01 -1.0600e+01
3.0000e+01 5.0000e+01 -5.7038e+00
3.0000e+01 6.0000e+01 -7.3026e+00
3.0000e+01 7.0000e+01 -7.8150e+00
3.0000e+01 8.0000e+01 -5.7636e+00
3.0000e+01 9.0000e+01 -3.2830e+00
3.0000e+01 1.0000e+02 -2.5559e+00
3.0000e+01 1.1000e+02 -4.4534e+00
3.0000e+01 1.2000e+02 -3.1858e-01
3.0000e+01 1.3000e+02 -2.0486e+00
3.0000e+01 1.4000e+02 9.2439e-01
3.0000e+01 1.5000e+02 -2.7024e-01
3.0000e+01 1.6000e+02 -1.6155e-01
3.0000e+01 1.7000e+02 1.8030e-01
3.0000e+01 1.8000e+02 2.2307e+00
3.0000e+01 1.9000e+02 9.7385e-01
3.0000e+01 2.0000e+02 8.6434e-01
4.0000e+01 -2.0000e+02 7.5886e-01
4.0000e+01 -1.9000e+02 -7.0892e-01
4.0000e+01 -1.8000e+02 -2.8301e-01
4.0000e+01 -1.7000e+02 9.0123e-01
4.0000e+01 -1.6000e+02 -2.5564e+00
4.0000e+01 -1.5000e+02 -2.6613e+00
4.0000e+01 -1.4000e+02 -4.9338e-01
4.0000e+01 -1.3000e+02 -9.7702e-02
4.0000e+01 -1.2000e+02 -2.8647e+00
4.0000e+01 -1.1000e+02 -4.6148e+00
4.0000e+01 -1.0000e+02 -2.5910e+00
4.0000e+01 -9.0000e+01 -3.7387e+00
4.0000e+01 -8.0000e+01 -3.4285e+00
4.0000e+01 -7.0000e+01 -5.3780e+00
4.0000e+01 -6.0000e+01 -5.7311e+00
4.0000e+01 -5.0000e+01 -9.7716e+00
4.0000e+01 -4.0000e+01 -1.1942e+01
4.0000e+01 -3.0000e+01 -9.4834e+00
4.0000e+01 -2.0000e+01 -1.0770e+01
4.0000e+01 -1.0000e+01 -1.0643e+01
4.0000e+01 0.0000e+00 -1.1523e+01
4.0000e+01 1.0000e+01 -1.0275e+01
4.0000e+01 2.0000e+01 -1.0737e+01
4.0000e+01 3.0000e+01 -1.1411e+01
4.0000e+01 4.0000e+01 -8.8667e+00
4.0000e+01 5.0000e+01 -8.0349e+00
4.0000e+01 6.0000e+01 -7.2750e+00
4.0000e+01 7.0000e+01 -6.9532e+00
4.0000e+01 8.0000e+01 -3.0296e+00
4.0000e+01 9.0000e+01 -4.0418e+00
4.0000e+01 1.0000e+02 -3.3851e+00
4.0000e+01 1.1000e+02 -5.1107e+00
4.0000e+01 1.2000e+02 -3.5869e+00
4.0000e+01 1.3000e+02 1.5712e+00
4.0000e+01 1.4000e+02 -8.5374e-01
4.0000e+01 1.5000e+02 -1.5829e-01
4.0000e+01 1.6000e+02 -8.8158e-02
4.0000e+01 1.7000e+02 1.7678e+00
4.0000e+01 1.8000e+02 -8.4691e-02
4.0000e+01 1.9000e+02 -2.6338e+00
4.0000e+01 2.0000e+02 1.6331e+00
5.0000e+01 -2.0000e+02 5.3737e-01
5.0000e+01 -1.9000e+02 3.9833e-01
5.0000e+01 -1.8000e+02 -2.2062e+00
5.0000e+01 -1.7000e+02 1.0298e+00
5.0000e+01 -1.6000e+02 5.9870e-01
5.0000e+01 -1.5000e+02 -1.1746e+00
5.0000e+01 -1.4000e+02 -2.0381e+00
5.0000e+01 -1.3000e+02 1.2422e+00
5.0000e+01 -1.2000e+02 -3.0924e+00
5.0000e+01 -1.1000e+02 -4.0759e+00
5.0000e+01 -1.0000e+02 -4.3202e+00
5.0000e+01 -9.0000e+01 -4.8933e+00
5.0000e+01 -8.0000e+01 -2.8918e+00
5.0000e+01 -7.0000e+01 -4.4198e+00
5.0000e+01 -6.0000e+01 -3.6863e+00
5.0000e+01 -5.0000e+01 -6.6730e+00
5.0000e+01 -4.0000e+01 -6.9887e+00
5.0000e+01 -3.0000e+01 -8.3719e+00
5.0000e+01 -2.0000e+01 -1.0653e+01
5.0000e+01 -1.0000e+01 -1.0884e+01
5.0000e+01 0.0000e+00 -9.6287e+00
5.0000e+01 1.0000e+01 -1.0421e+01
5.0000e+01 2.0000e+01 -9.4448e+00
5.0000e+01 3.0000e+01 -5.5772e+00
5.0000e+01 4.0000e+01 -7.7873e+00
5.0000e+01 5.0000e+01 -4.8427e+00
5.0000e+01 6.0000e+01 -7.1375e+00
5.0000e+01 7.0000e+01 -8.8156e+00
5.0000e+01 8.0000e+01 -2.2951e+00
5.0000e+01 9.0000e+01 -1.6893e+00
5.0000e+01 1.0000e+02 -1.4696e+00
5.0000e+01 1.1000e+02 -4.3681e+00
5.0000e+01 1.2000e+02 3.4870e+00
5.0000e+01 1.3000e+02 5.3204e-01
5.0000e+01 1.4000e+02 -5.1934e-01
5.0000e+01 1.5000e+02 1.0134e+00
5.0000e+01 1.6000e+02 1.6122e+00
5.0000e+01 1.7000e+02 -5.5327e-01
5.0000e+01 1.8000e+02 1.3073e+00
5.0000e+01 1.9000e+02 -6.5917e-02
5.0000e+01 2.0000e+02 5.6552e-02
6.0000e+01 -2.0000e+02 -4.6855e-01
6.0000e+01 -1.9000e+02 1.3196e+00
6.0000e+01 -1.8000e+02 1.7306e+00
6.0000e+01 -1.7000e+02 -3.7387e-01
6.0000e+01 -1.6000e+02 -1.2403e+00
6.0000e+01 -1.5000e+02 5.0308e-01
6.0000e+01 -1.4000e+02 2.3580e-01
6.0000e+01 -1.3000e+02 1.9453e+00
6.0000e+01 -1.2000e+02 2.4595e-01
6.0000e+01 -1.1000e+02 -1.5342e+00
6.0000e+01 -1.0000e+02 -4.3309e+00
6.0000e+01 -9.0000e+01 -2.4897e+00
6.0000e+01 -8.0000e+01 -3.5590e+00
6.0000e+01 -7.0000e+01 -2.2259e+00
6.0000e+01 -6.0000e+01 -6.7726e+00
6.0000e+01 -5.0000e+01 -5.5331e+00
6.0000e+01 -4.0000e+01 -8.8226e+00
6.0000e+01 -3.0000e+01 -7.7102e+00
6.0000e+01 -2.0000e+01 -1.0573e+01
6.0000e+01 -1.0000e+01 -7.3301e+00
6.0000e+01 0.0000e+00 -9.6824e+00
6.0000e+01 1.0000e+01 -8.0636e+00
6.0000e+01 2.0000e+01 -8.4312e+00
6.0000e+01 3.0000e+01 -6.7776e+00
6.0000e+01 4.0000e+01 -7.5798e+00
6.0000e+01 5.0000e+01 -4.8716e+00
6.0000e+01 6.0000e+01 -3.6592e+00
6.0000e+01 7.0000e+01 -8.8683e-01
6.0000e+01 8.0000e+01 -3.5414e+00
6.0000e+01 9.0000e+01 -2.5488e+00
6.0000e+01 1.0000e+02 -4.3205e+00
6.0000e+01 1.1000e+02 -1.1712e+00
6.0000e+01 1.2000e+02 -9.4520e-02
6.0000e+01 1.3000e+02 -5.0029e-01
6.0000e+01 1.4000e+02 -1.7348e-01
6.0000e+01 1.5000e+02 -1.4159e-01
6.0000e+01 1.6000e+02 4.9360e-01
6.0000e+01 1.7000e+02 -3.1807e-01
6.0000e+01 1.8000e+02 -1.5096e+00
6.0000e+01 1.9000e+02 4.4734e-01
6.0000e+01 2.0000e+02 -8.9505e-02
7.0000e+01 -2.0000e+02 -2.7729e-01
7.0000e+01 -1.9000e+02 1.3968e+00
7.0000e+01 -1.8000e+02 1.1739e+00
7.0000e+01 -1.7000e+02 2.1702e+00
7.0000e+01 -1.6000e+02 -8.7145e-02
7.0000e+01 -1.5000e+02 3.6632e-01
7.0000e+01 -1.4000e+02 -2.0325e+00
7.0000e+01 -1.3000e+02 -4.4841e+00
7.0000e+01 -1.2000e+02 -8.6630e-02
7.0000e+01 -1.1000e+02 -1.2207e+00
7.0000e+01 -1.0000e+02 -1.7386e+00
7.0000e+01 -9.0000e+01 -2.6705e+00
7.0000e+01 -8.0000e+01 -4.4427e+00
7.0000e+01 -7.0000e+01 -2.8223e+00
7.0000e+01 -6.0000e+01 -2.8664e+00
7.0000e+01 -5.0000e+01 -5.2521e+00
7.0000e+01 -4.0000e+01 -5.2527e+00
7.0000e+01 -3.0000e+01 -5.4076e+00
7.0000e+01 -2.0000e+01 -5.7692e+00
7.0000e+01 -1.0000e+01 -5.8284e+00
7.0000e+01 0.0000e+00 -7.6416e+00
7.0000e+01 1.0000e+01 -7.7468e+00
7.0000e+01 2.0000e+01 -6.5358e+00
7.0000e+01 3.0000e+01 -5.3362e+00
7.0000e+01 4.0000e+01 -5.9945e+00
7.0000e+01 5.0000e+01 -4.8359e+00
7.0000e+01 6.0000e+01 -6.1319e+00
7.0000e+01 7.0000e+01 -4.4449e+00
7.0000e+01 8.0000e+01 -2.3340e+00
7.0000e+01 9.0000e+01 -2.6481e+00
7.0000e+01 1.0000e+02 -2.0356e+00
7.0000e+01 1.1000e+02 1.1426e+00
7.0000e+01 1.2000e+02 4.6835e-01
7.0000e+01 1.3000e+02 -3.7979e+00
7.0000e+01 1.4000e+02 -7.6833e-01
7.0000e+01 1.5000e+02 -8.1987e-02
7.0000e+01 1.6000e+02 -4.5626e-01
7.0000e+01 1.7000e+02 1.7604e+00
7.0000e+01 1.8000e+02 -2.0842e+00
7.0000e+01 1.9000e+02 1.7506e+00
7.0000e+01 2.0000e+02 9.6237e-01
8.0000e+01 -2.0000e+02 -9.4645e-01
8.0000e+01 -1.9000e+02 5.4378e-01
8.0000e+01 -1.8000e+02 1.2326e+00
8.0000e+01 -1.7000e+02 2.4839e+00
8.0000e+01 -1.6000e+02 1.7146e-01
8.0000e+01 -1.5000e+02 -1.5363e+00
8.0000e+01 -1.4000e+02 1.4846e+00
8.0000e+01 -1.3000e+02 -1.6874e+00
8.0000e+01 -1.2000e+02 -4.7071e-01
8.0000e+01 -1.1000e+02 1.8667e-01
8.0000e+01 -1.0000e+02 -1.2557e+00
8.0000e+01 -9.0000e+01 -5.2847e+00
8.0000e+01 -8.0000e+01 -2.5214e+00
8.0000e+01 -7.0000e+01 2.2085e-01
8.0000e+01 -6.0000e+01 -1.7115e+00
8.0000e+01 -5.0000e+01 -2.3406e+00
8.0000e+01 -4.0000e+01 -7.1924e+00
8.0000e+01 -3.0000e+01 -4.0097e+00
8.0000e+01 -2.0000e+01 -5.5527e+00
8.0000e+01 -1.0000e+01 -5.5793e+00
8.0000e+01 0.0000e+00 -4.7997e+00
8.0000e+01 1.0000e+01 -6.1118e+00
8.0000e+01 2.0000e+01 -5.3069e+00
8.0000e+01 3.0000e+01 -8.1389e+00
8.0000e+01 4.0000e+01 -2.2997e+00
8.0000e+01 5.0000e+01 -3.3375e+00
8.0000e+01 6.0000e+01 -4.0879e+00
8.0000e+01 7.0000e+01 -5.3457e-01
8.0000e+01 8.0000e+01 -1.4806e+00
8.0000e+01 9.0000e+01 -1.6261e+00
8.0000e+01 1.0000e+02 -1.4932e+00
8.0000e+01 1.1000e+02 8.1916e-01
8.0000e+01 1.2000e+02 -2.2150e+00
8.0000e+01 1.3000e+02 9.3050e-02
8.0000e+01 1.4000e+02 -1.4369e+00
8.0000e+01 1.5000e+02 -3.0585e+00
8.0000e+01 1.6000e+02 1.7484e+00
8.0000e+01 1.7000e+02 -2.2022e+00
8.0000e+01 1.8000e+02 1.7427e+00
8.0000e+01 1.9000e+02 -8.2369e-01
8.0000e+01 2.0000e+02 -2.1017e-01
9.0000e+01 -2.0000e+02 -1.0831e+00
9.0000e+01 -1.9000e+02 4.9063e-01
9.0000e+01 -1.8000e+02 -1.8425e+00
9.0000e+01 -1.7000e+02 2.4927e-01
9.0000e+01 -1.6000e+02 -4.3685e-03
9.0000e+01 -1.5000e+02 -1.5532e-01
9.0000e+01 -1.4000e+02 -1.1631e+00
9.0000e+01 -1.3000e+02 1.8007e+00
9.0000e+01 -1.2000e+02 1.8275e+00
9.0000e+01 -1.1000e+02 1.0904e+00
9.0000e+01 -1.0000e+02 -2.2992e+00
9.0000e+01 -9.0000e+01 -2.4112e+00
9.0000e+01 -8.0000e+01 -3.3647e-01
9.0000e+01 -7.0000e+01 -5.1354e+00
9.0000e+01 -6.0000e+01 -3.3899e+00
9.0000e+01 -5.0000e+01 -4.8144e+00
9.0000e+01 -4.0000e+01 -4.4540e+00
9.0000e+01 -3.0000e+01 -4.1578e+00
9.0000e+01 -2.0000e+01 -3.3314e+00
9.0000e+01 -1.0000e+01 -4.1747e+00
9.0000e+01 0.0000e+00 -8.7655e+00
9.0000e+01 1.0000e+01 -4.4021e+00
9.0000e+01 2.0000e+01 -3.3189e+00
9.0000e+01 3.0000e+01 -3.8482e+00
9.0000e+01 4.0000e+01 -3.3960e+00
9.0000e+01 5.0000e+01 -4.0139e+00
9.0000e+01 6.0000e+01 -2.3884e+00
9.0000e+01 7.0000e+01 -9.3130e-01
9.0000e+01 8.0000e+01 -4.4466e+00
9.0000e+01 9.0000e+01 -3.4000e+00
9.0000e+01 1.0000e+02 -3.6072e+00
9.0000e+01 1.1000e+02 1.2994e+00
9.0000e+01 1.2000e+02 3.4866e-01
9.0000e+01 1.3000e+02 -5.0902e-01
9.0000e+01 1.4000e+02 1.6984e+00
9.0000e+01 1.5000e+02 2.4358e+00
9.0000e+01 1.6000e+02 -2.4173e+00
9.0000e+01 1.7000e+02 -1.5276e+00
9.0000e+01 1.8000e+02 1.1258e-01
9.0000e+01 1.9000e+02 2.1199e+00
9.0000e+01 2.0000e+02 4.5484e-01
1.0000e+02 -2.0000e+02 3.4175e+00
1.0000e+02 -1.9000e+02 5.2113e-01
1.0000e+02 -1.8000e+02 9.4915e-02
1.0000e+02 -1.7000e+02 -7.9039e-01
1.0000e+02 -1.6000e+02 -9.0572e-01
1.0000e+02 -1.5000e+02 -1.3947e+00
1.0000e+02 -1.4000e+02 -3.3273e-01
1.0000e+02 -1.3000e+02 -4.9416e-01
1.0000e+02 -1.2000e+02 3.1562e+00
1.0000e+02 -1.1000e+02 8.3177e-01
1.0000e+02 -1.0000e+02 -3.9969e+00
1.0000e+02 -9.0000e+01 -2.7924e-01
1.0000e+02 -8.0000e+01 -3.3520e+00
1.0000e+02 -7.0000e+01 -9.0304e-02
1.0000e+02 -6.0000e+01 -1.4280e+00
1.0000e+02 -5.0000e+01 -2.9264e+00
1.0000e+02 -4.0000e+01 -2.0103e+00
1.0000e+02 -3.0000e+01 -5.2533e+00
1.0000e+02 -2.0000e+01 -4.0927e+00
1.0000e+02 -1.0000e+01 -3.1755e-01
1.0000e+02 0.0000e+00 -3.0720e+00
1.0000e+02 1.0000e+01 9.9180e-02
1.0000e+02 2.0000e+01 -3.7575e+00
1.0000e+02 3.0000e+01 -2.0884e+00
1.0000e+02 4.0000e+01 -1.3027e+00
1.0000e+02 5.0000e+01 -1.8487e+00
1.0000e+02 6.0000e+01 -2.0246e+00
1.0000e+02 7.0000e+01 -1.5070e+00
1.0000e+02 8.0000e+01 1.8190e-01
1.0000e+02 9.0000e+01 -9.1005e-01
1.0000e+02 1.0000e+02 -2.2658e+00
1.0000e+02 1.1000e+02 7.8299e-01
1.0000e+02 1.2000e+02 -1.7972e+00
1.0000e+02 1.3000e+02 6.1676e-01
1.0000e+02 1.4000e+02 1.9270e+00
1.0000e+02 1.5000e+02 2.1473e-01
1.0000e+02 1.6000e+02 4.9087e-01
1.0000e+02 1.7000e+02 1.0688e+00
1.0000e+02 1.8000e+02 -4.4941e-01
1.0000e+02 1.9000e+02 -1.9428e+00
1.0000e+02 2.0000e+02 7.6568e-01
1.1000e+02 -2.0000e+02 2.6947e+00
1.1000e+02 -1.9000e+02 8.3025e-01
1.1000e+02 -1.8000e+02 -4.3019e-01
1.1000e+02 -1.7000e+02 1.0494e+00
1.1000e+02 -1.6000e+02 -8.8028e-01
1.1000e+02 -1.5000e+02 3.3499e-02
1.1000e+02 -1.4000e+02 -4.6858e-01
1.1000e+02 -1.3000e+02 -1.1371e-01
1.1000e+02 -1.2000e+02 3.2977e+00
1.1000e+02 -1.1000e+02 3.1950e-01
1.1000e+02 -1.0000e+02 2.3323e+00
1.1000e+02 -9.0000e+01 1.6184e+00
1.1000e+02 -8.0000e+01 -5.1224e-01
1.1000e+02 -7.0000e+01 -3.4985e+00
1.1000e+02 -6.0000e+01 -7.9249e-01
1.1000e+02 -5.0000e+01 2.2133e+00
1.1000e+02 -4.0000e+01 -1.6442e+00
1.1000e+02 -3.0000e+01 8.2516e-01
1.1000e+02 -2.0000e+01 -3.3466e+00
1.1000e+02 -1.0000e+01 -2.2664e+00
1.1000e+02 0.0000e+00 -9.0121e-01
1.1000e+02 1.0000e+01 -2.0276e+00
1.1000e+02 2.0000e+01 5.5899e-01
1.1000e+02 3.0000e+01 -1.8049e+00
1.1000e+02 4.0000e+01 -4.5951e+00
1.1000e+02 5.0000e+01 -2.7091e+00
1.1000e+02 6.0000e+01 -8.3671e-01
1.1000e+02 7.0000e+01 -2.1578e+00
1.1000e+02 8.0000e+01 -4.1554e+00
1.1000e+02 9.0000e+01 -2.7901e-01
1.1000e+02 1.0000e+02 -4.0242e-01
1.1000e+02 1.1000e+02 1.5007e-01
1.1000e+02 1.2000e+02 -2.2163e-02
1.1000e+02 1.3000e+02 -1.5736e+00
1.1000e+02 1.4000e+02 2.1148e+00
1.1000e+02 1.5000e+02 -2.5533e+00
1.1000e+02 1.6000e+02 -5.3165e-01
1.1000e+02 1.7000e+02 2.7715e+00
1.1000e+02 1.8000e+02 -1.9055e+00
1.1000e+02 1.9000e+02 4.3998e-01
1.1000e+02 2.0000e+02 -1.1803e+00
1.2000e+02 -2.0000e+02 -2.6455e-01
1.2000e+02 -1.9000e+02 -2.4767e+00
1.2000e+02 -1.8000e+02 -2.1975e+00
1.2000e+02 -1.7000e+02 -1.2493e+00
1.2000e+02 -1.6000e+02 1.9041e+00
1.2000e+02 -1.5000e+02 -8.4738e-01
1.2000e+02 -1.4000e+02 9.0095e-01
1.2000e+02 -1.3000e+02 -4.6168e-01
1.2000e+02 -1.2000e+02 -1.7569e+00
1.2000e+02 -1.1000e+02 -1.7305e+00
1.2000e+02 -1.0000e+02 -6.6962e-01
1.2000e+02 -9.0000e+01 -1.7491e+00
1.2000e+02 -8.0000e+01 -2.3584e+00
1.2000e+02 -7.0000e+01 3.7726e-01
1.2000e+02 -6.0000e+01 -2.5494e+00
1.2000e+02 -5.0000e+01 -5.1989e-01
1.2000e+02 -4.0000e+01 -4.5583e+00
1.2000e+02 -3.0000e+01 -2.0584e+00
1.2000e+02 -2.0000e+01 -2.5882e+00
1.2000e+02 -1.0000e+01 -2.1185e+00
1.2000e+02 0.0000e+00 -1.7112e+00
1.2000e+02 1.0000e+01 -1.5685e+00
1.2000e+02 2.0000e+01 -9.4235e-01
1.2000e+02 3.0000e+01 -2.2773e+00
1.2000e+02 4.0000e+01 -7.3961e-01
1.2000e+02 5.0000e+01 4.2265e-01
1.2000e+02 6.0000e+01 -3.0527e+00
1.2000e+02 7.0000e+01 -2.9102e+00
1.2000e+02 8.0000e+01 -2.7272e+00
1.2000e+02 9.0000e+01 -2.0976e+00
1.2000e+02 1.0000e+02 -1.6207e+00
1.2000e+02 1.1000e+02 -6.3051e-01
1.2000e+02 1.2000e+02 -8.2835e-01
1.2000e+02 1.3000e+02 -1.1374e+00
1.2000e+02 1.4000e+02 -7.2093e-01
1.2000e+02 1.5000e+02 1.5747e+00
1.2000e+02 1.6000e+02 -2.3213e+00
1.2000e+02 1.7000e+02 1.9143e+00
1.2000e+02 1.8000e+02 2.3789e+00
1.2000e+02 1.9000e+02 -4.2127e-01
1.2000e+02 2.0000e+02 -1.1223e+00
1.3000e+02 -2.0000e+02 -5.9021e-01
1.3000e+02 -1.9000e+02 1.2939e-01
1.3000e+02 -1.8000e+02 -9.0437e-01
1.3000e+02 -1.7000e+02 8.9176e-01
1.3000e+02 -1.6000e+02 3.3257e-02
1.3000e+02 -1.5000e+02 7.6266e-01
1.3000e+02 -1.4000e+02 -2.8753e-01
1.3000e+02 -1.3000e+02 3.0584e+00
1.3000e+02 -1.2000e+02 -1.6442e+00
1.3000e+02 -1.1000e+02 9.6160e-01
1.3000e+02 -1.0000e+02 -1.3551e+00
1.3000e+02 -9.0000e+01 3.2932e-01
1.3000e+02 -8.0000e+01 -8.7405e-01
1.3000e+02 -7.0000e+01 -8.5829e-01
1.3000e+02 -6.0000e+01 1.8296e-02
1.3000e+02 -5.0000e+01 1.0753e+00
1.3000e+02 -4.0000e+01 -8.2502e-01
1.3000e+02 -3.0000e+01 -2.3457e+00
1.3000e+02 -2.0000e+01 2.3916e-01
1.3000e+02 -1.0000e+01 -7.8614e-02
1.3000e+02 0.0000e+00 3.7607e+00
1.3000e+02 1.0000e+01 -1.6493e+00
1.3000e+02 2.0000e+01 4.7842e-02
1.3000e+02 3.0000e+01 -6.5241e-01
1.3000e+02 4.0000e+01 -2.7590e+00
1.3000e+02 5.0000e+01 1.4988e+00
1.3000e+02 6.0000e+01 -2.7447e+00
1.3000e+02 7.0000e+01 1.6099e+00
1.3000e+02 8.0000e+01 3.0329e-01
1.3000e+02 9.0000e+01 1.8731e+00
1.3000e+02 1.0000e+02 -9.1552e-01
1.3000e+02 1.1000e+02 2.5785e-01
1.3000e+02 1.2000e+02 5.5846e-01
1.3000e+02 1.3000e+02 -5.4315e-01
1.3000e+02 1.4000e+02 1.9177e-01
1.3000e+02 1.5000e+02 -1.0980e+00
1.3000e+02 1.6000e+02 -2.4615e-02
1.3000e+02 1.7000e+02 -2.1069e-01
1.3000e+02 1.8000e+02 -1.1570e+00
1.3000e+02 1.9000e+02 -1.5683e-01
1.3000e+02 2.0000e+02 -1.2474e+00
1.4000e+02 -2.0000e+02 1.4419e+00
1.4000e+02 -1.9000e+02 1.3807e+00
1.4000e+02 -1.8000e+02 -2.2205e+00
1.4000e+02 -1.7000e+02 -9.1546e-01
1.4000e+02 -1.6000e+02 2.5338e+00
1.4000e+02 -1.5000e+02 1.7082e+00
1.4000e+02 -1.4000e+02 -2.1937e-01
1.4000e+02 -1.3000e+02 6.7361e-01
1.4000e+02 -1.2000e+02 9.3950e-01
1.4000e+02 -1.1000e+02 2.9922e+00
1.4000e+02 -1.0000e+02 1.7660e+00
1.4000e+02 -9.0000e+01 -1.3423e+00
1.4000e+02 -8.0000e+01 -1.2632e+00
1.4000e+02 -7.0000e+01 -7.4029e-01
1.4000e+02 -6.0000e+01 8.0121e-01
1.4000e+02 -5.0000e+01 -6.8175e-01
1.4000e+02 -4.0000e+01 1.9057e+00
1.4000e+02 -3.0000e+01 -1.5645e+00
1.4000e+02 -2.0000e+01 3.5609e-01
1.4000e+02 -1.0000e+01 2.3424e-02
1.4000e+02 0.0000e+00 -1.8778e+00
1.4000e+02 1.0000e+01 -2.9441e+00
1.4000e+02 2.0000e+01 3.5087e-01
1.4000e+02 3.0000e+01 -1.4659e+00
1.4000e+02 4.0000e+01 -2.8302e+00
1.4000e+02 5.0000e+01 -3.6774e-02
1.4000e+02 6.0000e+01 -1.5210e-02
1.4000e+02 7.0000e+01 -1.0165e+00
1.4000e+02 8.0000e+01 -1.3800e+00
1.4000e+02 9.0000e+01 -9.1462e-02
1.4000e+02 1.0000e+02 8.6147e-01
1.4000e+02 1.1000e+02 5.2166e-01
1.4000e+02 1.2000e+02 -8.7782e-01
1.4000e+02 1.3000e+02 2.5897e-01
1.4000e+02 1.4000e+02 6.9607e-01
1.4000e+02 1.5000e+02 1.1164e+00
1.4000e+02 1.6000e+02 2.7539e-01
1.4000e+02 1.7000e+02 -2.0656e+00
1.4000e+02 1.8000e+02 4.5173e-01
1.4000e+02 1.9000e+02 1.8346e+00
1.4000e+02 2.0000e+02 -8.0544e-01
1.5000e+02 -2.0000e+02 -1.4530e+00
1.5000e+02 -1.9000e+02 -1.3436e+00
1.5000e+02 -1.8000e+02 -2.2615e+00
1.5000e+02 -1.7000e+02 -9.3909e-01
1.5000e+02 -1.6000e+02 -1.2220e+00
1.5000e+02 -1.5000e+02 -8.5378e-01
1.5000e+02 -1.4000e+02 1.8946e+00
1.5000e+02 -1.3000e+02 -1.5118e+00
1.5000e+02 -1.2000e+02 3.6190e+00
1.5000e+02 -1.1000e+02 2.7079e+00
1.5000e+02 -1.0000e+02 -9.1281e-01
1.5000e+02 -9.0000e+01 1.4277e+00
1.5000e+02 -8.0000e+01 2.6702e+00
1.5000e+02 -7.0000e+01 4.1164e-01
1.5000e+02 -6.0000e+01 1.2422e+00
1.5000e+02 -5.0000e+01 -8.3302e-01
1.5000e+02 -4.0000e+01 9.2660e-01
1.5000e+02 -3.0000e+01 -3.4993e-01
1.5000e+02 -2.0000e+01 9.3482e-01
1.5000e+02 -1.0000e+01 -1.8871e-01
1.5000e+02 0.0000e+00 -1.1490e+00
1.5000e+02 1.0000e+01 9.3338e-01
1.5000e+02 2.0000e+01 -1.0768e+00
1.5000e+02 3.0000e+01 -3.3523e+00
1.5000e+02 4.0000e+01 -1.0626e+00
1.5000e+02 5.0000e+01 -1.6958e+00
1.5000e+02 6.0000e+01 -3.9216e-01
1.5000e+02 7.0000e+01 -1.0574e+00
1.5000e+02 8.0000e+01 -3.0135e+00
1.5000e+02 9.0000e+01 -3.9792e-01
1.5000e+02 1.0000e+02 -1.2289e-01
1.5000e+02 1.1000e+02 -1.1385e+00
1.5000e+02 1.2000e+02 -1.5248e-02
1.5000e+02 1.3000e+02 2.2974e+00
1.5000e+02 1.4000e+02 2.7225e-01
1.5000e+02 1.5000e+02 1.3123e+00
1.5000e+02 1.6000e+02 -2.7765e-01
1.5000e+02 1.7000e+02 -3.0236e+00
1.5000e+02 1.8000e+02 -9.5633e-01
1.5000e+02 1.9000e+02 -1.6220e-02
1.5000e+02 2.0000e+02 -1.3802e+00
1.6000e+02 -2.0000e+02 9.8950e-01
1.6000e+02 -1.9000e+02 -5.0928e-02
1.6000e+02 -1.8000e+02 -6.1765e-01
1.6000e+02 -1.7000e+02 1.4791e+00
1.6000e+02 -1.6000e+02 -2.4397e+00
1.6000e+02 -1.5000e+02 4.1385e-01
1.6000e+02 -1.4000e+02 7.8417e-01
1.6000e+02 -1.3000e+02 -1.4600e+00
1.6000e+02 -1.2000e+02 -8.1456e-01
1.6000e+02 -1.1000e+02 2.1793e+00
1.6000e+02 -1.0000e+02 -5.8436e-01
1.6000e+02 -9.0000e+01 3.2443e+00
1.6000e+02 -8.0000e+01 3.2091e-01
1.6000e+02 -7.0000e+01 1.8932e+00
1.6000e+02 -6.0000e+01 7.3253e-01
1.6000e+02 -5.0000e+01 -1.2270e-01
1.6000e+02 -4.0000e+01 -1.3573e+00
1.6000e+02 -3.0000e+01 -1.8109e+00
1.6000e+02 -2.0000e+01 -3.2819e+00
1.6000e+02 -1.0000e+01 -1.4910e-01
1.6000e+02 0.0000e+00 8.1610e-01
1.6000e+02 1.0000e+01 -1.3282e+00
1.6000e+02 2.0000e+01 -2.3180e-01
1.6000e+02 3.0000e+01 -2.6921e+00
1.6000e+02 4.0000e+01 -7.2675e-01
1.6000e+02 5.0000e+01 -2.8347e+00
1.6000e+02 6.0000e+01 1.5470e+00
1.6000e+02 7.0000e+01 -8.3298e-01
1.6000e+02 8.0000e+01 2.4251e+00
1.6000e+02 9.0000e+01 -5.9321e-01
1.6000e+02 1.0000e+02 8.8388e-01
1.6000e+02 1.1000e+02 1.5482e-01
1.6000e+02 1.2000e+02 7.7797e-01
1.6000e+02 1.3000e+02 2.5666e-01
1.6000e+02 1.4000e+02 -4.1363e-01
1.6000e+02 1.5000e+02 5.1652e-01
1.6000e+02 1.6000e+02 -1.8832e-01
1.6000e+02 1.7000e+02 -1.2208e+00
1.6000e+02 1.8000e+02 -3.0082e-01
1.6000e+02 1.9000e+02 9.3671e-01
1.6000e+02 2.0000e+02 3.0875e-01
1.7000e+02 -2.0000e+02 -2.5832e-01
1.7000e+02 -1.9000e+02 -2.0197e-01
1.7000e+02 -1.8000e+02 1.3777e+00
1.7000e+02 -1.7000e+02 3.1622e-01
1.7000e+02 -1.6000e+02 -1.7174e+00
1.7000e+02 -1.5000e+02 -1.2389e-01
1.7000e+02 -1.4000e+02 1.6018e+00
1.7000e+02 -1.3000e+02 -2.3549e+00
1.7000e+02 -1.2000e+02 -1.4106e+00
1.7000e+02 -1.1000e+02 2.7104e+00
1.7000e+02 -1.0000e+02 3.0617e+00
1.7000e+02 -9.0000e+01 -2.0081e-02
1.7000e+02 -8.0000e+01 1.5284e+00
1.7000e+02 -7.0000e+01 1.5104e-01
1.7000e+02 -6.0000e+01 2.8034e+00
1.7000e+02 -5.0000e+01 -1.4929e+00
1.7000e+02 -4.0000e+01 3.4468e-01
1.7000e+02 -3.0000e+01 -1.5221e+00
1.7000e+02 -2.0000e+01 2.6104e+00
1.7000e+02 -1.0000e+01 -1.0628e+00
1.7000e+02 0.0000e+00 -7.5923e-01
1.7000e+02 1.0000e+01 -1.7101e-01
1.7000e+02 2.0000e+01 -1.8173e-01
1.7000e+02 3.0000e+01 5.9808e-01
1.7000e+02 4.0000e+01 3.9284e-01
1.7000e+02 5.0000e+01 2.6317e+00
1.7000e+02 6.0000e+01 6.3815e-01
1.7000e+02 7.0000e+01 8.4312e-01
1.7000e+02 8.0000e+01 -3.3839e-01
1.7000e+02 9.0000e+01 -9.6185e-01
1.7000e+02 1.0000e+02 9.6077e-01
1.7000e+02 1.1000e+02 -8.2473e-01
1.7000e+02 1.2000e+02 5.0514e-01
1.7000e+02 1.3000e+02 -5.2244e-02
1.7000e+02 1.4000e+02 -1.0953e+00
1.7000e+02 1.5000e+02 -2.4187e-01
1.7000e+02 1.6000e+02 -9.0744e-01
1.7000e+02 1.7000e+02 1.1485e+00
1.7000e+02 1.8000e+02 7.0218e-01
1.7000e+02 1.9000e+02 -1.3186e+00
1.7000e+02 2.0000e+02 -1.4052e+00
1.8000e+02 -2.0000e+02 8.5672e-01
1.8000e+02 -1.9000e+02 -1.8361e+00
1.8000e+02 -1.8000e+02 1.2049e-01
1.8000e+02 -1.7000e+02 -2.4200e+00
1.8000e+02 -1.6000e+02 2.1643e+00
1.8000e+02 -1.5000e+02 2.1715e-01
1.8000e+02 -1.4000e+02 5.9901e-02
1.8000e+02 -1.3000e+02 3.2662e-01
1.8000e+02 -1.2000e+02 9.7554e-01
1.8000e+02 -1.1000e+02 -4.0729e-01
1.8000e+02 -1.0000e+02 -1.4085e+00
1.8000e+02 -9.0000e+01 -8.7375e-01
1.8000e+02 -8.0000e+01 1.5920e+00
1.8000e+02 -7.0000e+01 -2.2103e+00
1.8000e+02 -6.0000e+01 7.0321e-01
1.8000e+02 -5.0000e+01 4.8499e-01
1.8000e+02 -4.0000e+01 -1.6050e-01
1.8000e+02 -3.0000e+01 1.5270e+00
1.8000e+02 -2.0000e+01 -3.1501e-01
1.8000e+02 -1.0000e+01 -9.2046e-01
1.8000e+02 0.0000e+00 -2.0254e+00
1.8000e+02 1.0000e+01 1.0318e+00
1.8000e+02 2.0000e+01 -3.4647e-01
1.8000e+02 3.0000e+01 2.2772e+00
1.8000e+02 4.0000e+01 3.8557e-01
1.8000e+02 5.0000e+01 3.7011e-01
1.8000e+02 6.0000e+01 -1.4046e+00
1.8000e+02 7.0000e+01 -8.7308e-01
1.8000e+02 8.0000e+01 -1.7716e+00
1.8000e+02 9.0000e+01 1.2115e+00
1.8000e+02 1.0000e+02 -1.9747e+00
1.8000e+02 1.1000e+02 1.0160e+00
1.8000e+02 1.2000e+02 -8.3564e-01
1.8000e+02 1.3000e+02 -1.8697e+00
1.8000e+02 1.4000e+02 3.6200e-01
1.8000e+02 1.5000e+02 -5.2946e-01
1.8000e+02 1.6000e+02 2.1783e+00
1.8000e+02 1.7000e+02 2.7436e+00
1.8000e+02 1.8000e+02 1.9391e+00
1.8000e+02 1.9000e+02 -3.0364e+00
1.8000e+02 2.0000e+02 -1.0839e+00
1.9000e+02 -2.0000e+02 -6.2294e-01
1.9000e+02 -1.9000e+02 -1.7382e+00
1.9000e+02 -1.8000e+02 7.6293e-02
1.9000e+02 -1.7000e+02 1.0136e+00
1.9000e+02 -1.6000e+02 -4.9844e-01
1.9000e+02 -1.5000e+02 -1.5868e-01
1.9000e+02 -1.4000e+02 2.7393e+00
1.9000e+02 -1.3000e+02 -7.7814e-01
1.9000e+02 -1.2000e+02 -1.3937e+00
1.9000e+02 -1.1000e+02 -6.6332e-01
1.9000e+02 -1.0000e+02 -8.1959e-01
1.9000e+02 -9.0000e+01 -1.5777e+00
1.9000e+02 -8.0000e+01 -4.1579e-01
1.9000e+02 -7.0000e+01 -1.7050e+00
1.9000e+02 -6.0000e+01 -1.8529e-01
1.9000e+02 -5.0000e+01 7.9846e-01
1.9000e+02 -4.0000e+01 7.6331e-01
1.9000e+02 -3.0000e+01 -1.4948e+00
1.9000e+02 -2.0000e+01 1.9810e-01
1.9000e+02 -1.0000e+01 8.8645e-01
1.9000e+02 0.0000e+00 2.7216e-01
1.9000e+02 1.0000e+01 -4.7214e-01
1.9000e+02 2.0000e+01 -1.1371e+00
1.9000e+02 3.0000e+01 -8.5478e-01
1.9000e+02 4.0000e+01 1.1547e+00
1.9000e+02 5.0000e+01 1.2903e+00
1.9000e+02 6.0000e+01 -2.7195e+00
1.9000e+02 7.0000e+01 1.8867e+00
1.9000e+02 8.0000e+01 -8.2056e-01
1.9000e+02 9.0000e+01 -2.0444e+00
1.9000e+02 1.0000e+02 -1.9405e+00
1.9000e+02 1.1000e+02 1.5297e+00
1.9000e+02 1.2000e+02 4.6646e-01
1.9000e+02 1.3000e+02 -2.1555e+00
1.9000e+02 1.4000e+02 -1.6593e+00
1.9000e+02 1.5000e+02 1.0189e-01
1.9000e+02 1.6000e+02 -1.1455e+00
1.9000e+02 1.7000e+02 -1.7568e+00
1.9000e+02 1.8000e+02 2.6086e-01
1.9000e+02 1.9000e+02 2.6049e-02
1.9000e+02 2.0000e+02 -2.0413e+00
2.0000e+02 -2.0000e+02 -8.0364e-01
2.0000e+02 -1.9000e+02 5.4781e-01
2.0000e+02 -1.8000e+02 1.0154e+00
2.0000e+02 -1.7000e+02 -2.3757e+00
2.0000e+02 -1.6000e+02 1.4693e+00
2.0000e+02 -1.5000e+02 -1.7683e+00
2.0000e+02 -1.4000e+02 1.0862e+00
2.0000e+02 -1.3000e+02 -1.9248e+00
2.0000e+02 -1.2000e+02 1.9011e+00
2.0000e+02 -1.1000e+02 1.5347e+00
2.0000e+02 -1.0000e+02 1.6857e+00
2.0000e+02 -9.0000e+01 1.9547e-01
2.0000e+02 -8.0000e+01 3.9455e-01
2.0000e+02 -7.0000e+01 1.8036e+00
2.0000e+02 -6.0000e+01 3.3984e+00
2.0000e+02 -5.0000e+01 2.4051e-01
2.0000e+02 -4.0000e+01 -1.1867e+00
2.0000e+02 -3.0000e+01 -2.1704e-01
2.0000e+02 -2.0000e+01 -1.7049e+00
2.0000e+02 -1.0000e+01 -1.6352e+00
2.0000e+02 0.0000e+00 -2.6213e+00
2.0000e+02 1.0000e+01 -1.2467e-01
2.0000e+02 2.0000e+01 1.4597e+00
2.0000e+02 3.0000e+01 -6.7270e-01
2.0000e+02 4.0000e+01 5.3606e-01
2.0000e+02 5.0000e+01 -9.0777e-01
2.0000e+02 6.0000e+01 -1.8831e+00
2.0000e+02 7.0000e+01 1.1578e+00
2.0000e+02 8.0000e+01 -2.3849e+00
2.0000e+02 9.0000e+01 7.1976e-01
2.0000e+02 1.0000e+02 -2.3099e+00
2.0000e+02 1.1000e+02 -1.9002e+00
2.0000e+02 1.2000e+02 3.0091e-01
2.0000e+02 1.3000e+02 -7.1186e-01
2.0000e+02 1.4000e+02 7.4593e-01
2.0000e+02 1.5000e+02 -2.1482e-01
2.0000e+02 1.6000e+02 6.0133e-01
2.0000e+02 1.7000e+02 -2.2745e+00
2.0000e+02 1.8000e+02 -1.6219e+00
2.0000e+02 1.9000e+02 4.8105e-02
2.0000e+02 2.0000e+02 1.8763e+00
