-2.0000e+02 -2.0000e+02 7.9126e-01
-2.0000e+02 -1.9000e+02 1.4519e+00
-2.0000e+02 -1.8000e+02 -7.9835e-01
-2.0000e+02 -1.7000e+02 8.5510e-01
-2.0000e+02 -1.6000e+02 6.0716e-01
-2.0000e+02 -1.5000e+02 3.3727e-01
-2.0000e+02 -1.4000e+02 -3.0409e-01
-2.0000e+02 -1.3000e+02 2.2889e+00
-2.0000e+02 -1.2000e+02 1.5751e+00
-2.0000e+02 -1.1000e+02 1.2149e+00
-2.0000e+02 -1.0000e+02 1.4892e+00
-2.0000e+02 -9.0000e+01 -8.5377e-01
-2.0000e+02 -8.0000e+01 -5.0008e-01
-2.0000e+02 -7.0000e+01 2.2067e+00
-2.0000e+02 -6.0000e+01 -3.3371e-01
-2.0000e+02 -5.0000e+01 -1.1349e+00
-2.0000e+02 -4.0000e+01 -8.3925e-01
-2.0000e+02 -3.0000e+01 7.6565e-01
-2.0000e+02 -2.0000e+01 -6.5490e-01
-2.0000e+02 -1.0000e+01 1.1111e+00
-2.0000e+02 0.0000e+00 6.5223e-03
-2.0000e+02 1.0000e+01 1.7318e-01
-2.0000e+02 2.0000e+01 9.3547e-01
-2.0000e+02 3.0000e+01 -5.4491e-01
-2.0000e+02 4.0000e+01 -3.8684e-01
-2.0000e+02 5.0000e+01 -1.5511e+00
-2.0000e+02 6.0000e+01 -1.4980e+00
-2.0000e+02 7.0000e+01 -1.6956e+00
-2.0000e+02 8.0000e+01 -1.7272e+00
-2.0000e+02 9.0000e+01 -2.0017e+00
-2.0000e+02 1.0000e+02 4.7431e-02
-2.0000e+02 1.1000e+02 1.6193e+00
-2.0000e+02 1.2000e+02 -3.9693e-01
-2.0000e+02 1.3000e+02 -1.1157e+00
-2.0000e+02 1.4000e+02 -9.2211e-01
-2.0000e+02 1.5000e+02 5.1089e-01
-2.0000e+02 1.6000e+02 4.3870e-01
-2.0000e+02 1.7000e+02 -9.6793e-04
-2.0000e+02 1.8000e+02 8.3376e-01
-2.0000e+02 1.9000e+02 -2.4337e+00
-2.0000e+02 2.0000e+02 3.9921e-01
-1.9000e+02 -2.0000e+02 8.2250e-01
-1.9000e+02 -1.9000e+02 -9.3580e-01
-1.9000e+02 -1.8000e+02 7.1425e-01
-1.9000e+02 -1.7000e+02 2.3559e+00
-1.9000e+02 -1.6000e+02 1.9636e+00
-1.9000e+02 -1.5000e+02 -4.9605e-01
-1.9000e+02 -1.4000e+02 -7.5589e-01
-1.9000e+02 -1.3000e+02 -2.8877e-01
-1.9000e+02 -1.2000e+02 -1.0148e-01
-1.9000e+02 -1.1000e+02 5.4035e-01
-1.9000e+02 -1.0000e+02 2.6741e-01
-1.9000e+02 -9.0000e+01 -3.6939e+00
-1.9000e+02 -8.0000e+01 7.5358e-01
-1.9000e+02 -7.0000e+01 -4.9969e-01
-1.9000e+02 -6.0000e+01 -7.7702e-01
-1.9000e+02 -5.0000e+01 2.2379e-01
-1.9000e+02 -4.0000e+01 7.7423e-01
-1.9000e+02 -3.0000e+01 -9.9874e-01
-1.9000e+02 -2.0000e+01 9.4017e-01
-1.9000e+02 -1.0000e+01 4.3963e-01
-1.9000e+02 0.0000e+00 1.1615e-01
-1.9000e+02 1.0000e+01 1.1421e+00
-1.9000e+02 2.0000e+01 1.8425e+00
-1.9000e+02 3.0000e+01 1.0585e-01
-1.9000e+02 4.0000e+01 4.8286e-01
-1.9000e+02 5.0000e+01 3.7095e-01
-1.9000e+02 6.0000e+01 2.4751e-01
-1.9000e+02 7.0000e+01 -9.7281e-01
-1.9000e+02 8.0000e+01 -6.2161e-01
-1.9000e+02 9.0000e+01 1.3215e+00
-1.9000e+02 1.0000e+02 2.0019e+00
-1.9000e+02 1.1000e+02 -5.1627e-01
-1.9000e+02 1.2000e+02 -1.2684e+00
-1.9000e+02 1.3000e+02 2.2278e-02
-1.9000e+02 1.4000e+02 -5.1703e-01
-1.9000e+02 1.5000e+02 1.6828e+00
-1.9000e+02 1.6000e+02 6.4689e-01
-1.9000e+02 1.7000e+02 -9.4983e-02
-1.9000e+02 1.8000e+02 -4.6394e-01
-1.9000e+02 1.9000e+02 -2.3095e+00
-1.9000e+02 2.0000e+02 4.1934e-01
-1.8000e+02 -2.0000e+02 -2.0578e+00
-1.8000e+02 -1.9000e+02 1.9438e+00
-1.8000e+02 -1.8000e+02 1.7920e+00
-1.8000e+02 -1.7000e+02 -1.8110e-01
-1.8000e+02 -1.6000e+02 9.0284e-02
-1.8000e+02 -1.5000e+02 2.1994e-01
-1.8000e+02 -1.4000e+02 1.9438e+00
-1.8000e+02 -1.3000e+02 5.5492e-01
-1.8000e+02 -1.2000e+02 1.3970e+00
-1.8000e+02 -1.1000e+02 1.7192e+00
-1.8000e+02 -1.0000e+02 1.2498e+00
-1.8000e+02 -9.0000e+01 -5.2766e-01
-1.8000e+02 -8.0000e+01 -1.6265e+00
-1.8000e+02 -7.0000e+01 -2.7730e-01
-1.8000e+02 -6.0000e+01 -9.1764e-01
-1.8000e+02 -5.0000e+01 -8.0648e-01
-1.8000e+02 -4.0000e+01 1.3836e+00
-1.8000e+02 -3.0000e+01 1.5111e+00
-1.8000e+02 -2.0000e+01 2.8754e-01
-1.8000e+02 -1.0000e+01 -1.1534e+00
-1.8000e+02 0.0000e+00 -6.3027e-01
-1.8000e+02 1.0000e+01 -1.0433e+00
-1.8000e+02 2.0000e+01 1.8697e+00
-1.8000e+02 3.0000e+01 6.8777e-01
-1.8000e+02 4.0000e+01 1.3680e+00
-1.8000e+02 5.0000e+01 3.1107e+00
-1.8000e+02 6.0000e+01 -1.3497e+00
-1.8000e+02 7.0000e+01 1.5359e+00
-1.8000e+02 8.0000e+01 8.6699e-01
-1.8000e+02 9.0000e+01 -1.5995e-01
-1.8000e+02 1.0000e+02 4.0387e-01
-1.8000e+02 1.1000e+02 -1.1174e+00
-1.8000e+02 1.2000e+02 1.5488e-01
-1.8000e+02 1.3000e+02 9.4869e-01
-1.8000e+02 1.4000e+02 -1.4515e+00
-1.8000e+02 1.5000e+02 -3.3378e-01
-1.8000e+02 1.6000e+02 -1.0892e+00
-1.8000e+02 1.7000e+02 -1.1230e-01
-1.8000e+02 1.8000e+02 -4.7037e-01
-1.8000e+02 1.9000e+02 -3.0585e+00
-1.8000e+02 2.0000e+02 4.1160e-01
-1.7000e+02 -2.0000e+02 1.0845e+00
-1.7000e+02 -1.9000e+02 6.3994e-01
-1.7000e+02 -1.8000e+02 1.2102e+00
-1.7000e+02 -1.7000e+02 -1.4154e+00
-1.7000e+02 -1.6000e+02 -9.1750e-02
-1.7000e+02 -1.5000e+02 1.0480e+00
-1.7000e+02 -1.4000e+02 1.1512e+00
-1.7000e+02 -1.3000e+02 2.5706e-01
-1.7000e+02 -1.2000e+02 5.7449e-01
-1.7000e+02 -1.1000e+02 3.4421e-01
-1.7000e+02 -1.0000e+02 -1.7631e+00
-1.7000e+02 -9.0000e+01 -2.3093e+00
-1.7000e+02 -8.0000e+01 4.9846e-01
-1.7000e+02 -7.0000e+01 2.0272e+00
-1.7000e+02 -6.0000e+01 1.3961e+00
-1.7000e+02 -5.0000e+01 1.1929e+00
-1.7000e+02 -4.0000e+01 -4.7302e-01
-1.7000e+02 -3.0000e+01 1.3944e+00
-1.7000e+02 -2.0000e+01 -2.4136e+00
-1.7000e+02 -1.0000e+01 2.6660e+00
-1.7000e+02 0.0000e+00 1.0532e+00
-1.7000e+02 1.0000e+01 -2.5922e+00
-1.7000e+02 2.0000e+01 2.5796e+00
-1.7000e+02 3.0000e+01 1.0229e+00
-1.7000e+02 4.0000e+01 -5.1267e-01
-1.7000e+02 5.0000e+01 1.3669e+00
-1.7000e+02 6.0000e+01 3.1170e-01
-1.7000e+02 7.0000e+01 -9.5891e-01
-1.7000e+02 8.0000e+01 6.0134e-01
-1.7000e+02 9.0000e+01 -3.0555e+00
-1.7000e+02 1.0000e+02 4.3902e-01
-1.7000e+02 1.1000e+02 -7.0242e-01
-1.7000e+02 1.2000e+02 7.6589e-01
-1.7000e+02 1.3000e+02 -9.9277e-01
-1.7000e+02 1.4000e+02 -5.3207e-01
-1.7000e+02 1.5000e+02 -1.8677e+00
-1.7000e+02 1.6000e+02 2.6184e+00
-1.7000e+02 1.7000e+02 -9.2195e-01
-1.7000e+02 1.8000e+02 -3.1702e+00
-1.7000e+02 1.9000e+02 -1.7329e+00
-1.7000e+02 2.0000e+02 -9.2273e-01
-1.6000e+02 -2.0000e+02 -5.6082e-01
-1.6000e+02 -1.9000e+02 3.3481e-01
-1.6000e+02 -1.8000e+02 -5.6919e-01
-1.6000e+02 -1.7000e+02 -3.0339e-01
-1.6000e+02 -1.6000e+02 1.5765e+00
-1.6000e+02 -1.5000e+02 -5.7010e-01
-1.6000e+02 -1.4000e+02 7.5135e-01
-1.6000e+02 -1.3000e+02 2.1596e+00
-1.6000e+02 -1.2000e+02 1.4270e+00
-1.6000e+02 -1.1000e+02 -1.1918e+00
-1.6000e+02 -1.0000e+02 5.7126e-01
-1.6000e+02 -9.0000e+01 -6.7924e-01
-1.6000e+02 -8.0000e+01 -1.3674e+00
-1.6000e+02 -7.0000e+01 -1.5638e+00
-1.6000e+02 -6.0000e+01 1.1402e+00
-1.6000e+02 -5.0000e+01 6.9585e-01
-1.6000e+02 -4.0000e+01 -1.4019e+00
-1.6000e+02 -3.0000e+01 -8.7970e-01
-1.6000e+02 -2.0000e+01 -7.7890e-01
-1.6000e+02 -1.0000e+01 1.7357e+00
-1.6000e+02 0.0000e+00 -1.4505e+00
-1.6000e+02 1.0000e+01 -7.2101e-01
-1.6000e+02 2.0000e+01 2.3399e+00
-1.6000e+02 3.0000e+01 1.9570e+00
-1.6000e+02 4.0000e+01 -1.4058e-01
-1.6000e+02 5.0000e+01 3.0578e-02
-1.6000e+02 6.0000e+01 4.2267e-01
-1.6000e+02 7.0000e+01 -2.8476e+00
-1.6000e+02 8.0000e+01 3.9491e-01
-1.6000e+02 9.0000e+01 -1.6302e+00
-1.6000e+02 1.0000e+02 1.9706e+00
-1.6000e+02 1.1000e+02 1.1585e+00
-1.6000e+02 1.2000e+02 -7.4703e-01
-1.6000e+02 1.3000e+02 2.8849e+00
-1.6000e+02 1.4000e+02 -6.9741e-01
-1.6000e+02 1.5000e+02 -7.9914e-01
-1.6000e+02 1.6000e+02 2.1024e-01
-1.6000e+02 1.7000e+02 -7.3210e-01
-1.6000e+02 1.8000e+02 -1.3284e+00
-1.6000e+02 1.9000e+02 -3.7190e+00
-1.6000e+02 2.0000e+02 9.9400e-01
-1.5000e+02 -2.0000e+02 2.0342e+00
-1.5000e+02 -1.9000e+02 1.0309e+00
-1.5000e+02 -1.8000e+02 -1.3129e+00
-1.5000e+02 -1.7000e+02 -4.3828e-01
-1.5000e+02 -1.6000e+02 -2.3210e+00
-1.5000e+02 -1.5000e+02 -2.2264e+00
-1.5000e+02 -1.4000e+02 -1.5637e+00
-1.5000e+02 -1.3000e+02 -1.2882e+00
-1.5000e+02 -1.2000e+02 2.5766e+00
-1.5000e+02 -1.1000e+02 -7.0694e-01
-1.5000e+02 -1.0000e+02 -1.2300e-01
-1.5000e+02 -9.0000e+01 1.0684e+00
-1.5000e+02 -8.0000e+01 -9.8450e-01
-1.5000e+02 -7.0000e+01 -2.3735e+00
-1.5000e+02 -6.0000e+01 2.0712e+00
-1.5000e+02 -5.0000e+01 -4.2011e+00
-1.5000e+02 -4.0000e+01 -1.0636e+00
-1.5000e+02 -3.0000e+01 3.6335e-01
-1.5000e+02 -2.0000e+01 -2.4447e-01
-1.5000e+02 -1.0000e+01 1.7027e+00
-1.5000e+02 0.0000e+00 -1.7628e+00
-1.5000e+02 1.0000e+01 1.0953e-01
-1.5000e+02 2.0000e+01 -2.5712e+00
-1.5000e+02 3.0000e+01 4.7475e-01
-1.5000e+02 4.0000e+01 -2.3337e+00
-1.5000e+02 5.0000e+01 2.0073e-01
-1.5000e+02 6.0000e+01 -3.6981e+00
-1.5000e+02 7.0000e+01 -3.4965e+00
-1.5000e+02 8.0000e+01 -1.2308e+00
-1.5000e+02 9.0000e+01 -4.8383e-01
-1.5000e+02 1.0000e+02 -1.7926e-01
-1.5000e+02 1.1000e+02 -5.2019e-01
-1.5000e+02 1.2000e+02 2.0126e+00
-1.5000e+02 1.3000e+02 -9.1193e-01
-1.5000e+02 1.4000e+02 -3.9670e+00
-1.5000e+02 1.5000e+02 2.7695e+00
-1.5000e+02 1.6000e+02 -1.4967e+00
-1.5000e+02 1.7000e+02 -7.2396e-02
-1.5000e+02 1.8000e+02 1.8683e+00
-1.5000e+02 1.9000e+02 2.4989e+00
-1.5000e+02 2.0000e+02 -1.5273e+00
-1.4000e+02 -2.0000e+02 -1.7810e-01
-1.4000e+02 -1.9000e+02 2.5828e-01
-1.4000e+02 -1.8000e+02 6.8151e-02
-1.4000e+02 -1.7000e+02 -4.7808e-03
-1.4000e+02 -1.6000e+02 -8.2630e-01
-1.4000e+02 -1.5000e+02 -2.0760e+00
-1.4000e+02 -1.4000e+02 -8.8437e-01
-1.4000e+02 -1.3000e+02 8.8199e-02
-1.4000e+02 -1.2000e+02 3.3105e-01
-1.4000e+02 -1.1000e+02 8.4634e-01
-1.4000e+02 -1.0000e+02 -1.6697e+00
-1.4000e+02 -9.0000e+01 -3.3862e-01
-1.4000e+02 -8.0000e+01 4.3025e+00
-1.4000e+02 -7.0000e+01 2.0224e+00
-1.4000e+02 -6.0000e+01 -1.1019e+00
-1.4000e+02 -5.0000e+01 -2.0037e+00
-1.4000e+02 -4.0000e+01 2.0779e+00
-1.4000e+02 -3.0000e+01 -1.9849e-02
-1.4000e+02 -2.0000e+01 1.1338e+00
-1.4000e+02 -1.0000e+01 -2.8272e-01
-1.4000e+02 0.0000e+00 -2.0226e+00
-1.4000e+02 1.0000e+01 -2.3408e+00
-1.4000e+02 2.0000e+01 -1.1110e-01
-1.4000e+02 3.0000e+01 -3.2130e-01
-1.4000e+02 4.0000e+01 -1.5843e-01
-1.4000e+02 5.0000e+01 -1.5055e+00
-1.4000e+02 6.0000e+01 1.2531e+00
-1.4000e+02 7.0000e+01 2.5481e+00
-1.4000e+02 8.0000e+01 1.3681e+00
-1.4000e+02 9.0000e+01 9.1346e-02
-1.4000e+02 1.0000e+02 -1.1820e+00
-1.4000e+02 1.1000e+02 -9.3259e-01
-1.4000e+02 1.2000e+02 1.5557e+00
-1.4000e+02 1.3000e+02 -3.2314e+00
-1.4000e+02 1.4000e+02 1.0534e+00
-1.4000e+02 1.5000e+02 -4.6918e-01
-1.4000e+02 1.6000e+02 1.4846e+00
-1.4000e+02 1.7000e+02 2.3069e+00
-1.4000e+02 1.8000e+02 -8.0662e-01
-1.4000e+02 1.9000e+02 2.7347e-01
-1.4000e+02 2.0000e+02 1.6506e+00
-1.3000e+02 -2.0000e+02 -1.6002e+00
-1.3000e+02 -1.9000e+02 3.4168e-01
-1.3000e+02 -1.8000e+02 4.8893e-01
-1.3000e+02 -1.7000e+02 -2.5067e+00
-1.3000e+02 -1.6000e+02 -1.5647e-01
-1.3000e+02 -1.5000e+02 -1.1527e-02
-1.3000e+02 -1.4000e+02 -2.6799e+00
-1.3000e+02 -1.3000e+02 -1.8202e+00
-1.3000e+02 -1.2000e+02 4.4615e-01
-1.3000e+02 -1.1000e+02 2.2447e+00
-1.3000e+02 -1.0000e+02 -7.4701e-01
-1.3000e+02 -9.0000e+01 -1.3893e+00
-1.3000e+02 -8.0000e+01 -2.1415e-01
-1.3000e+02 -7.0000e+01 9.8052e-01
-1.3000e+02 -6.0000e+01 -4.2633e-01
-1.3000e+02 -5.0000e+01 -1.7527e+00
-1.3000e+02 -4.0000e+01 -1.7974e+00
-1.3000e+02 -3.0000e+01 -4.1482e-01
-1.3000e+02 -2.0000e+01 1.1803e+00
-1.3000e+02 -1.0000e+01 1.5160e-01
-1.3000e+02 0.0000e+00 2.3425e+00
-1.3000e+02 1.0000e+01 -1.2536e+00
-1.3000e+02 2.0000e+01 1.2528e+00
-1.3000e+02 3.0000e+01 -6.9208e-03
-1.3000e+02 4.0000e+01 -1.4520e+00
-1.3000e+02 5.0000e+01 -4.2065e-01
-1.3000e+02 6.0000e+01 3.6325e-01
-1.3000e+02 7.0000e+01 -4.8625e+00
-1.3000e+02 8.0000e+01 -5.5009e-01
-1.3000e+02 9.0000e+01 1.3992e+00
-1.3000e+02 1.0000e+02 -2.4409e+00
-1.3000e+02 1.1000e+02 -1.6452e-01
-1.3000e+02 1.2000e+02 1.8108e+00
-1.3000e+02 1.3000e+02 -1.7482e+00
-1.3000e+02 1.4000e+02 1.8516e+00
-1.3000e+02 1.5000e+02 -5.0747e-01
-1.3000e+02 1.6000e+02 1.3081e-01
-1.3000e+02 1.7000e+02 -8.5642e-01
-1.3000e+02 1.8000e+02 -6.2892e-01
-1.3000e+02 1.9000e+02 -2.0902e+00
-1.3000e+02 2.0000e+02 -2.3482e+00
-1.2000e+02 -2.0000e+02 6.5465e-01
-1.2000e+02 -1.9000e+02 -1.0686e+00
-1.2000e+02 -1.8000e+02 5.7288e-01
-1.2000e+02 -1.7000e+02 -7.3596e-02
-1.2000e+02 -1.6000e+02 -1.2020e+00
-1.2000e+02 -1.5000e+02 8.2399e-01
-1.2000e+02 -1.4000e+02 8.7375e-01
-1.2000e+02 -1.3000e+02 -2.0550e+00
-1.2000e+02 -1.2000e+02 3.4239e-01
-1.2000e+02 -1.1000e+02 -1.8080e+00
-1.2000e+02 -1.0000e+02 1.5110e+00
-1.2000e+02 -9.0000e+01 1.1489e+00
-1.2000e+02 -8.0000e+01 -3.2652e-01
-1.2000e+02 -7.0000e+01 -3.4693e+00
-1.2000e+02 -6.0000e+01 9.7125e-01
-1.2000e+02 -5.0000e+01 -2.0207e+00
-1.2000e+02 -4.0000e+01 -1.9348e+00
-1.2000e+02 -3.0000e+01 -4.3213e-01
-1.2000e+02 -2.0000e+01 -2.2256e+00
-1.2000e+02 -1.0000e+01 -1.4761e+00
-1.2000e+02 0.0000e+00 -1.5842e+00
-1.2000e+02 1.0000e+01 -8.5738e-01
-1.2000e+02 2.0000e+01 -1.9400e+00
-1.2000e+02 3.0000e+01 8.0739e-01
-1.2000e+02 4.0000e+01 -2.0155e+00
-1.2000e+02 5.0000e+01 9.3249e-01
-1.2000e+02 6.0000e+01 -1.2219e+00
-1.2000e+02 7.0000e+01 -1.5773e+00
-1.2000e+02 8.0000e+01 -1.2080e+00
-1.2000e+02 9.0000e+01 -8.0362e-01
-1.2000e+02 1.0000e+02 -1.8958e+00
-1.2000e+02 1.1000e+02 6.5650e-01
-1.2000e+02 1.2000e+02 9.1767e-01
-1.2000e+02 1.3000e+02 -8.1915e-02
-1.2000e+02 1.4000e+02 1.1174e+00
-1.2000e+02 1.5000e+02 1.9753e+00
-1.2000e+02 1.6000e+02 1.0478e+00
-1.2000e+02 1.7000e+02 -1.0599e+00
-1.2000e+02 1.8000e+02 3.5197e-01
-1.2000e+02 1.9000e+02 -2.6287e+00
-1.2000e+02 2.0000e+02 2.3166e+00
-1.1000e+02 -2.0000e+02 -2.0149e+00
-1.1000e+02 -1.9000e+02 -2.5806e+00
-1.1000e+02 -1.8000e+02 -5.1113e-01
-1.1000e+02 -1.7000e+02 -3.9448e-01
-1.1000e+02 -1.6000e+02 -4.8506e-01
-1.1000e+02 -1.5000e+02 -7.6432e-01
-1.1000e+02 -1.4000e+02 -2.2414e+00
-1.1000e+02 -1.3000e+02 -6.5691e-01
-1.1000e+02 -1.2000e+02 -4.5548e-01
-1.1000e+02 -1.1000e+02 -1.0583e+00
-1.1000e+02 -1.0000e+02 -1.8905e+00
-1.1000e+02 -9.0000e+01 1.1826e+00
-1.1000e+02 -8.0000e+01 -6.8691e-01
-1.1000e+02 -7.0000e+01 -1.8708e+00
-1.1000e+02 -6.0000e+01 1.1063e+00
-1.1000e+02 -5.0000e+01 -1.9433e+00
-1.1000e+02 -4.0000e+01 -2.2105e+00
-1.1000e+02 -3.0000e+01 -2.1739e+00
-1.1000e+02 -2.0000e+01 -1.2775e+00
-1.1000e+02 -1.0000e+01 -3.4336e+00
-1.1000e+02 0.0000e+00 -2.0762e+00
-1.1000e+02 1.0000e+01 -3.2208e+00
-1.1000e+02 2.0000e+01 -1.7454e+00
-1.1000e+02 3.0000e+01 -2.5851e+00
-1.1000e+02 4.0000e+01 -1.9863e+00
-1.1000e+02 5.0000e+01 -9.4439e-01
-1.1000e+02 6.0000e+01 8.4464e-01
-1.1000e+02 7.0000e+01 -2.6654e+00
-1.1000e+02 8.0000e+01 2.2420e+00
-1.1000e+02 9.0000e+01 2.0654e+00
-1.1000e+02 1.0000e+02 2.1588e+00
-1.1000e+02 1.1000e+02 -3.7121e+00
-1.1000e+02 1.2000e+02 9.8175e-01
-1.1000e+02 1.3000e+02 4.3371e-01
-1.1000e+02 1.4000e+02 1.3565e+00
-1.1000e+02 1.5000e+02 -9.5141e-01
-1.1000e+02 1.6000e+02 -4.3075e-01
-1.1000e+02 1.7000e+02 2.7023e+00
-1.1000e+02 1.8000e+02 -1.2160e+00
-1.1000e+02 1.9000e+02 -2.6494e-02
-1.1000e+02 2.0000e+02 2.7193e-01
-1.0000e+02 -2.0000e+02 1.9222e-01
-1.0000e+02 -1.9000e+02 9.5522e-01
-1.0000e+02 -1.8000e+02 -7.8233e-01
-1.0000e+02 -1.7000e+02 1.5791e+00
-1.0000e+02 -1.6000e+02 -1.1505e+00
-1.0000e+02 -1.5000e+02 -2.0855e+00
-1.0000e+02 -1.4000e+02 -1.8233e+00
-1.0000e+02 -1.3000e+02 -3.0233e+00
-1.0000e+02 -1.2000e+02 7.2720e-01
-1.0000e+02 -1.1000e+02 -1.2949e+00
-1.0000e+02 -1.0000e+02 5.0547e-01
-1.0000e+02 -9.0000e+01 -3.7767e+00
-1.0000e+02 -8.0000e+01 -2.5358e+00
-1.0000e+02 -7.0000e+01 -4.7789e-01
-1.0000e+02 -6.0000e+01 -1.9285e+00
-1.0000e+02 -5.0000e+01 -2.1757e+00
-1.0000e+02 -4.0000e+01 -1.1551e+00
-1.0000e+02 -3.0000e+01 -3.6315e+00
-1.0000e+02 -2.0000e+01 -1.1120e+00
-1.0000e+02 -1.0000e+01 -2.9405e+00
-1.0000e+02 0.0000e+00 -2.5947e+00
-1.0000e+02 1.0000e+01 -4.5242e+00
-1.0000e+02 2.0000e+01 -2.4925e+00
-1.0000e+02 3.0000e+01 -2.8389e+00
-1.0000e+02 4.0000e+01 -2.1270e+00
-1.0000e+02 5.0000e+01 -2.0918e+00
-1.0000e+02 6.0000e+01 -2.8062e-01
-1.0000e+02 7.0000e+01 -7.4121e-01
-1.0000e+02 8.0000e+01 -1.4253e+00
-1.0000e+02 9.0000e+01 -3.5943e-01
-1.0000e+02 1.0000e+02 -7.2740e-01
-1.0000e+02 1.1000e+02 1.0721e+00
-1.0000e+02 1.2000e+02 1.1638e+00
-1.0000e+02 1.3000e+02 4.7914e-01
-1.0000e+02 1.4000e+02 -1.7439e+00
-1.0000e+02 1.5000e+02 1.5903e+00
-1.0000e+02 1.6000e+02 -1.6912e+00
-1.0000e+02 1.7000e+02 -2.1188e+00
-1.0000e+02 1.8000e+02 1.2399e+00
-1.0000e+02 1.9000e+02 -1.7126e-01
-1.0000e+02 2.0000e+02 1.1558e+00
-9.0000e+01 -2.0000e+02 1.1143e+00
-9.0000e+01 -1.9000e+02 4.9623e-01
-9.0000e+01 -1.8000e+02 1.5334e+00
-9.0000e+01 -1.7000e+02 5.0290e-01
-9.0000e+01 -1.6000e+02 2.0331e-01
-9.0000e+01 -1.5000e+02 -3.0459e+00
-9.0000e+01 -1.4000e+02 8.7941e-01
-9.0000e+01 -1.3000e+02 7.0127e-01
-9.0000e+01 -1.2000e+02 -1.0904e+00
-9.0000e+01 -1.1000e+02 9.3046e-01
-9.0000e+01 -1.0000e+02 5.3485e-02
-9.0000e+01 -9.0000e+01 -1.7869e+00
-9.0000e+01 -8.0000e+01 -1.9610e+00
-9.0000e+01 -7.0000e+01 -4.3521e+00
-9.0000e+01 -6.0000e+01 -3.1807e+00
-9.0000e+01 -5.0000e+01 -2.8322e+00
-9.0000e+01 -4.0000e+01 -4.0037e+00
-9.0000e+01 -3.0000e+01 -3.8901e+00
-9.0000e+01 -2.0000e+01 -4.4847e+00
-9.0000e+01 -1.0000e+01 -4.9081e+00
-9.0000e+01 0.0000e+00 -3.0619e+00
-9.0000e+01 1.0000e+01 -5.9451e+00
-9.0000e+01 2.0000e+01 -3.6457e+00
-9.0000e+01 3.0000e+01 -4.2257e+00
-9.0000e+01 4.0000e+01 -1.3791e+00
-9.0000e+01 5.0000e+01 9.0642e-01
-9.0000e+01 6.0000e+01 -2.9092e-01
-9.0000e+01 7.0000e+01 -4.9440e+00
-9.0000e+01 8.0000e+01 1.3928e-01
-9.0000e+01 9.0000e+01 -2.5933e+00
-9.0000e+01 1.0000e+02 -3.9542e-01
-9.0000e+01 1.1000e+02 -4.8393e+00
-9.0000e+01 1.2000e+02 7.5593e-01
-9.0000e+01 1.3000e+02 2.8933e+00
-9.0000e+01 1.4000e+02 1.5804e+00
-9.0000e+01 1.5000e+02 -2.9884e+00
-9.0000e+01 1.6000e+02 1.7700e+00
-9.0000e+01 1.7000e+02 -2.6344e-01
-9.0000e+01 1.8000e+02 1.7876e+00
-9.0000e+01 1.9000e+02 -5.2689e-01
-9.0000e+01 2.0000e+02 2.3895e+00
-8.0000e+01 -2.0000e+02 5.9447e-01
-8.0000e+01 -1.9000e+02 4.5536e-01
-8.0000e+01 -1.8000e+02 3.9567e-02
-8.0000e+01 -1.7000e+02 -1.5691e+00
-8.0000e+01 -1.6000e+02 2.6432e+00
-8.0000e+01 -1.5000e+02 4.3799e-01
-8.0000e+01 -1.4000e+02 1.2616e+00
-8.0000e+01 -1.3000e+02 4.7952e-01
-8.0000e+01 -1.2000e+02 -1.4732e+00
-8.0000e+01 -1.1000e+02 8.0585e-01
-8.0000e+01 -1.0000e+02 -4.3419e-01
-8.0000e+01 -9.0000e+01 -2.9042e+00
-8.0000e+01 -8.0000e+01 -1.2500e+00
-8.0000e+01 -7.0000e+01 -5.0460e+00
-8.0000e+01 -6.0000e+01 -3.0922e+00
-8.0000e+01 -5.0000e+01 -1.6133e+00
-8.0000e+01 -4.0000e+01 -3.0248e+00
-8.0000e+01 -3.0000e+01 -5.4658e+00
-8.0000e+01 -2.0000e+01 -5.3013e+00
-8.0000e+01 -1.0000e+01 -4.9177e+00
-8.0000e+01 0.0000e+00 -4.8894e+00
-8.0000e+01 1.0000e+01 -6.3063e+00
-8.0000e+01 2.0000e+01 -4.3809e+00
-8.0000e+01 3.0000e+01 -1.2638e+00
-8.0000e+01 4.0000e+01 -5.4179e+00
-8.0000e+01 5.0000e+01 -3.7788e+00
-8.0000e+01 6.0000e+01 -3.5535e+00
-8.0000e+01 7.0000e+01 -3.7570e+00
-8.0000e+01 8.0000e+01 -4.5291e+00
-8.0000e+01 9.0000e+01 -5.2733e-01
-8.0000e+01 1.0000e+02 3.1484e-01
-8.0000e+01 1.1000e+02 -1.6862e+00
-8.0000e+01 1.2000e+02 2.5791e-01
-8.0000e+01 1.3000e+02 -2.0109e+00
-8.0000e+01 1.4000e+02 2.3864e+00
-8.0000e+01 1.5000e+02 1.8131e+00
-8.0000e+01 1.6000e+02 1.2331e+00
-8.0000e+01 1.7000e+02 2.1076e-01
-8.0000e+01 1.8000e+02 -2.6591e+00
-8.0000e+01 1.9000e+02 2.2003e+00
-8.0000e+01 2.0000e+02 1.0951e+00
-7.0000e+01 -2.0000e+02 8.7411e-01
-7.0000e+01 -1.9000e+02 7.7916e-01
-7.0000e+01 -1.8000e+02 -4.5246e-01
-7.0000e+01 -1.7000e+02 2.1622e-01
-7.0000e+01 -1.6000e+02 1.7976e+00
-7.0000e+01 -1.5000e+02 8.8204e-01
-7.0000e+01 -1.4000e+02 -1.5783e+00
-7.0000e+01 -1.3000e+02 1.1465e+00
-7.0000e+01 -1.2000e+02 1.0363e-01
-7.0000e+01 -1.1000e+02 -1.0013e+00
-7.0000e+01 -1.0000e+02 -7.8099e-01
-7.0000e+01 -9.0000e+01 -3.6296e+00
-7.0000e+01 -8.0000e+01 -2.0335e+00
-7.0000e+01 -7.0000e+01 -5.3015e+00
-7.0000e+01 -6.0000e+01 -4.2606e+00
-7.0000e+01 -5.0000e+01 -5.0268e+00
-7.0000e+01 -4.0000e+01 -5.2421e+00
-7.0000e+01 -3.0000e+01 -7.0041e+00
-7.0000e+01 -2.0000e+01 -5.4103e+00
-7.0000e+01 -1.0000e+01 -4.8805e+00
-7.0000e+01 0.0000e+00 -5.6927e+00
-7.0000e+01 1.0000e+01 -6.3241e+00
-7.0000e+01 2.0000e+01 -6.1573e+00
-7.0000e+01 3.0000e+01 -4.4455e+00
-7.0000e+01 4.0000e+01 -6.5966e+00
-7.0000e+01 5.0000e+01 -7.1468e+00
-7.0000e+01 6.0000e+01 -5.6986e+00
-7.0000e+01 7.0000e+01 -3.4194e+00
-7.0000e+01 8.0000e+01 -6.4901e-01
-7.0000e+01 9.0000e+01 -1.9793e+00
-7.0000e+01 1.0000e+02 -1.3168e+00
-7.0000e+01 1.1000e+02 -1.6928e+00
-7.0000e+01 1.2000e+02 -9.6988e-01
-7.0000e+01 1.3000e+02 -3.6878e-02
-7.0000e+01 1.4000e+02 -1.7720e+00
-7.0000e+01 1.5000e+02 -5.7332e-01
-7.0000e+01 1.6000e+02 1.2243e+00
-7.0000e+01 1.7000e+02 -5.0504e-01
-7.0000e+01 1.8000e+02 9.4786e-02
-7.0000e+01 1.9000e+02 1.9863e-01
-7.0000e+01 2.0000e+02 -1.3468e+00
-6.0000e+01 -2.0000e+02 -2.7920e+00
-6.0000e+01 -1.9000e+02 -1.3316e+00
-6.0000e+01 -1.8000e+02 -1.8761e+00
-6.0000e+01 -1.7000e+02 3.7705e+00
-6.0000e+01 -1.6000e+02 -2.9021e+00
-6.0000e+01 -1.5000e+02 -9.8596e-01
-6.0000e+01 -1.4000e+02 -4.9922e-01
-6.0000e+01 -1.3000e+02 -1.3901e+00
-6.0000e+01 -1.2000e+02 -2.7982e+00
-6.0000e+01 -1.1000e+02 -1.7409e+00
-6.0000e+01 -1.0000e+02 -2.6554e+00
-6.0000e+01 -9.0000e+01 -1.3043e+00
-6.0000e+01 -8.0000e+01 -3.7893e+00
-6.0000e+01 -7.0000e+01 -5.3360e+00
-6.0000e+01 -6.0000e+01 -4.9867e+00
-6.0000e+01 -5.0000e+01 -5.5644e+00
-6.0000e+01 -4.0000e+01 -5.8148e+00
-6.0000e+01 -3.0000e+01 -7.5575e+00
-6.0000e+01 -2.0000e+01 -9.6598e+00
-6.0000e+01 -1.0000e+01 -7.5383e+00
-6.0000e+01 0.0000e+00 -1.1283e+01
-6.0000e+01 1.0000e+01 -6.8257e+00
-6.0000e+01 2.0000e+01 -9.3047e+00
-6.0000e+01 3.0000e+01 -4.7736e+00
-6.0000e+01 4.0000e+01 -5.9065e+00
-6.0000e+01 5.0000e+01 -5.4768e+00
-6.0000e+01 6.0000e+01 -7.2360e+00
-6.0000e+01 7.0000e+01 -4.4487e+00
-6.0000e+01 8.0000e+01 -4.0115e+00
-6.0000e+01 9.0000e+01 -2.9679e+00
-6.0000e+01 1.0000e+02 -4.8409e-01
-6.0000e+01 1.1000e+02 -2.9705e+00
-6.0000e+01 1.2000e+02 -5.7677e-01
-6.0000e+01 1.3000e+02 -7.3264e-01
-6.0000e+01 1.4000e+02 -1.6454e+00
-6.0000e+01 1.5000e+02 2.1805e+00
-6.0000e+01 1.6000e+02 -2.5899e+00
-6.0000e+01 1.7000e+02 4.3477e-01
-6.0000e+01 1.8000e+02 1.2490e+00
-6.0000e+01 1.9000e+02 -3.6759e-01
-6.0000e+01 2.0000e+02 1.2393e+00
-5.0000e+01 -2.0000e+02 2.4185e+00
-5.0000e+01 -1.9000e+02 -1.4474e+00
-5.0000e+01 -1.8000e+02 -1.0415e+00
-5.0000e+01 -1.7000e+02 -8.9393e-01
-5.0000e+01 -1.6000e+02 1.0433e+00
-5.0000e+01 -1.5000e+02 1.5816e-01
-5.0000e+01 -1.4000e+02 -1.0753e+00
-5.0000e+01 -1.3000e+02 -5.8197e-01
-5.0000e+01 -1.2000e+02 -1.6054e+00
-5.0000e+01 -1.1000e+02 -1.7907e+00
-5.0000e+01 -1.0000e+02 -2.7914e+00
-5.0000e+01 -9.0000e+01 -3.4281e+00
-5.0000e+01 -8.0000e+01 -2.3877e+00
-5.0000e+01 -7.0000e+01 -6.7375e+00
-5.0000e+01 -6.0000e+01 -5.6443e+00
-5.0000e+01 -5.0000e+01 -7.7902e+00
-5.0000e+01 -4.0000e+01 -1.0554e+01
-5.0000e+01 -3.0000e+01 -7.4978e+00
-5.0000e+01 -2.0000e+01 -9.4282e+00
-5.0000e+01 -1.0000e+01 -8.9938e+00
-5.0000e+01 0.0000e+00 -7.6895e+00
-5.0000e+01 1.0000e+01 -1.1226e+01
-5.0000e+01 2.0000e+01 -1.2569e+01
-5.0000e+01 3.0000e+01 -7.4314e+00
-5.0000e+01 4.0000e+01 -8.1793e+00
-5.0000e+01 5.0000e+01 -6.7429e+00
-5.0000e+01 6.0000e+01 -4.7385e+00
-5.0000e+01 7.0000e+01 -8.7432e-01
-5.0000e+01 8.0000e+01 -5.3598e+00
-5.0000e+01 9.0000e+01 -2.4653e+00
-5.0000e+01 1.0000e+02 -3.7052e+00
-5.0000e+01 1.1000e+02 -2.4714e+00
-5.0000e+01 1.2000e+02 -3.2830e+00
-5.0000e+01 1.3000e+02 -1.2894e+00
-5.0000e+01 1.4000e+02 -1.7429e+00
-5.0000e+01 1.5000e+02 1.4377e-01
-5.0000e+01 1.6000e+02 -9.1564e-02
-5.0000e+01 1.7000e+02 1.1660e+00
-5.0000e+01 1.8000e+02 1.0877e+00
-5.0000e+01 1.9000e+02 -2.3549e+00
-5.0000e+01 2.0000e+02 -5.1827e-01
-4.0000e+01 -2.0000e+02 1.0115e+00
-4.0000e+01 -1.9000e+02 1.1479e-01
-4.0000e+01 -1.8000e+02 -2.5002e+00
-4.0000e+01 -1.7000e+02 3.5834e+00
-4.0000e+01 -1.6000e+02 1.2592e+00
-4.0000e+01 -1.5000e+02 -2.6060e+00
-4.0000e+01 -1.4000e+02 -1.1993e+00
-4.0000e+01 -1.3000e+02 3.0592e+00
-4.0000e+01 -1.2000e+02 -4.2565e-03
-4.0000e+01 -1.1000e+02 -3.2276e+00
-4.0000e+01 -1.0000e+02 -9.8562e-01
-4.0000e+01 -9.0000e+01 -2.8953e+00
-4.0000e+01 -8.0000e+01 -3.3290e+00
-4.0000e+01 -7.0000e+01 -3.1276e+00
-4.0000e+01 -6.0000e+01 -6.5347e+00
-4.0000e+01 -5.0000e+01 -8.2869e+00
-4.0000e+01 -4.0000e+01 -8.2308e+00
-4.0000e+01 -3.0000e+01 -9.8559e+00
-4.0000e+01 -2.0000e+01 -1.1623e+01
-4.0000e+01 -1.0000e+01 -1.2963e+01
-4.0000e+01 0.0000e+00 -1.2720e+01
-4.0000e+01 1.0000e+01 -1.3585e+01
-4.0000e+01 2.0000e+01 -8.8072e+00
-4.0000e+01 3.0000e+01 -1.0269e+01
-4.0000e+01 4.0000e+01 -9.0859e+00
-4.0000e+01 5.0000e+01 -8.3178e+00
-4.0000e+01 6.0000e+01 -5.0834e+00
-4.0000e+01 7.0000e+01 -4.7561e+00
-4.0000e+01 8.0000e+01 -2.6631e+00
-4.0000e+01 9.0000e+01 -3.6328e+00
-4.0000e+01 1.0000e+02 -9.0607e-01
-4.0000e+01 1.1000e+02 -6.7075e-01
-4.0000e+01 1.2000e+02 -3.9321e+00
-4.0000e+01 1.3000e+02 6.3322e-01
-4.0000e+01 1.4000e+02 2.2067e+00
-4.0000e+01 1.5000e+02 -1.1191e+00
-4.0000e+01 1.6000e+02 -1.2060e+00
-4.0000e+01 1.7000e+02 5.0299e-01
-4.0000e+01 1.8000e+02 1.2798e+00
-4.0000e+01 1.9000e+02 1.9959e+00
-4.0000e+01 2.0000e+02 -4.2202e-01
-3.0000e+01 -2.0000e+02 3.4243e-01
-3.0000e+01 -1.9000e+02 3.5757e+00
-3.0000e+01 -1.8000e+02 -1.5902e-01
-3.0000e+01 -1.7000e+02 3.2018e+00
-3.0000e+01 -1.6000e+02 1.3300e+00
-3.0000e+01 -1.5000e+02 -4.7771e-01
-3.0000e+01 -1.4000e+02 -1.1485e+00
-3.0000e+01 -1.3000e+02 -1.3427e+00
-3.0000e+01 -1.2000e+02 -1.5151e+00
-3.0000e+01 -1.1000e+02 -4.0238e+00
-3.0000e+01 -1.0000e+02 -2.7587e+00
-3.0000e+01 -9.0000e+01 -3.3342e+00
-3.0000e+01 -8.0000e+01 -4.5884e+00
-3.0000e+01 -7.0000e+01 -7.1321e+00
-3.0000e+01 -6.0000e+01 -6.0624e+00
-3.0000e+01 -5.0000e+01 -9.2235e+00
-3.0000e+01 -4.0000e+01 -1.1044e+01
-3.0000e+01 -3.0000e+01 -1.0663e+01
-3.0000e+01 -2.0000e+01 -1.3605e+01
-3.0000e+01 -1.0000e+01 -1.3982e+01
-3.0000e+01 0.0000e+00 -1.2940e+01
-3.0000e+01 1.0000e+01 -1.4166e+01
-3.0000e+01 2.0000e+01 -1.1344e+01
-3.0000e+01 3.0000e+01 -8.7748e+00
-3.0000e+01 4.0000e+01 -8.7080e+00
-3.0000e+01 5.0000e+01 -8.6079e+00
-3.0000e+01 6.0000e+01 -5.6579e+00
-3.0000e+01 7.0000e+01 -3.0852e+00
-3.0000e+01 8.0000e+01 -6.4196e+00
-3.0000e+01 9.0000e+01 -6.2682e+00
-3.0000e+01 1.0000e+02 -1.4811e-01
-3.0000e+01 1.1000e+02 -2.2284e+00
-3.0000e+01 1.2000e+02 5.9635e-01
-3.0000e+01 1.3000e+02 -1.3708e+00
-3.0000e+01 1.4000e+02 7.0064e-01
-3.0000e+01 1.5000e+02 2.1304e-01
-3.0000e+01 1.6000e+02 1.0646e+00
-3.0000e+01 1.7000e+02 1.0542e+00
-3.0000e+01 1.8000e+02 1.6612e+00
-3.0000e+01 1.9000e+02 1.4771e+00
-3.0000e+01 2.0000e+02 3.9809e-02
-2.0000e+01 -2.0000e+02 -6.1182e-01
-2.0000e+01 -1.9000e+02 -7.8746e-01
-2.0000e+01 -1.8000e+02 9.6968e-01
-2.0000e+01 -1.7000e+02 1.2126e+00
-2.0000e+01 -1.6000e+02 -2.8622e+00
-2.0000e+01 -1.5000e+02 2.1146e+00
-2.0000e+01 -1.4000e+02 -1.1749e-01
-2.0000e+01 -1.3000e+02 -2.3429e+00
-2.0000e+01 -1.2000e+02 -3.1690e+00
-2.0000e+01 -1.1000e+02 -3.0902e+00
-2.0000e+01 -1.0000e+02 -2.3033e+00
-2.0000e+01 -9.0000e+01 -4.8209e-01
-2.0000e+01 -8.0000e+01 -2.9973e+00
-2.0000e+01 -7.0000e+01 -6.3236e+00
-2.0000e+01 -6.0000e+01 -5.6806e+00
-2.0000e+01 -5.0000e+01 -1.0257e+01
-2.0000e+01 -4.0000e+01 -9.9015e+00
-2.0000e+01 -3.0000e+01 -1.3271e+01
-2.0000e+01 -2.0000e+01 -1.3793e+01
-2.0000e+01 -1.0000e+01 -1.6436e+01
-2.0000e+01 0.0000e+00 -1.5219e+01
-2.0000e+01 1.0000e+01 -1.3620e+01
-2.0000e+01 2.0000e+01 -1.3880e+01
-2.0000e+01 3.0000e+01 -1.3706e+01
-2.0000e+01 4.0000e+01 -1.0921e+01
-2.0000e+01 5.0000e+01 -1.3896e+01
-2.0000e+01 6.0000e+01 -7.1762e+00
-2.0000e+01 7.0000e+01 -5.3306e+00
-2.0000e+01 8.0000e+01 -4.3195e+00
-2.0000e+01 9.0000e+01 -6.6267e+00
-2.0000e+01 1.0000e+02 -2.6514e+00
-2.0000e+01 1.1000e+02 -6.8277e+00
-2.0000e+01 1.2000e+02 -1.9160e+00
-2.0000e+01 1.3000e+02 -2.0336e+00
-2.0000e+01 1.4000e+02 4.4359e-01
-2.0000e+01 1.5000e+02 1.0323e+00
-2.0000e+01 1.6000e+02 3.2693e+00
-2.0000e+01 1.7000e+02 -2.1135e-01
-2.0000e+01 1.8000e+02 -1.4696e+00
-2.0000e+01 1.9000e+02 3.5636e+00
-2.0000e+01 2.0000e+02 -9.3265e-01
-1.0000e+01 -2.0000e+02 9.4558e-01
-1.0000e+01 -1.9000e+02 -1.2005e+00
-1.0000e+01 -1.8000e+02 9.9561e-01
-1.0000e+01 -1.7000e+02 3.1832e-01
-1.0000e+01 -1.6000e+02 -1.9589e+00
-1.0000e+01 -1.5000e+02 -1.0459e+00
-1.0000e+01 -1.4000e+02 -1.5940e+00
-1.0000e+01 -1.3000e+02 5.4320e-01
-1.0000e+01 -1.2000e+02 -8.1899e-01
-1.0000e+01 -1.1000e+02 -7.4593e-01
-1.0000e+01 -1.0000e+02 -2.7850e+00
-1.0000e+01 -9.0000e+01 -3.8863e+00
-1.0000e+01 -8.0000e+01 -6.1748e+00
-1.0000e+01 -7.0000e+01 -6.3713e+00
-1.0000e+01 -6.0000e+01 -8.1052e+00
-1.0000e+01 -5.0000e+01 -7.7684e+00
-1.0000e+01 -4.0000e+01 -8.3335e+00
-1.0000e+01 -3.0000e+01 -8.7069e+00
-1.0000e+01 -2.0000e+01 -1.5812e+01
-1.0000e+01 -1.0000e+01 -1.6761e+01
-1.0000e+01 0.0000e+00 -1.4688e+01
-1.0000e+01 1.0000e+01 -1.5880e+01
-1.0000e+01 2.0000e+01 -1.3718e+01
-1.0000e+01 3.0000e+01 -1.4952e+01
-1.0000e+01 4.0000e+01 -1.0246e+01
-1.0000e+01 5.0000e+01 -1.2261e+01
-1.0000e+01 6.0000e+01 -9.5730e+00
-1.0000e+01 7.0000e+01 -5.5137e+00
-1.0000e+01 8.0000e+01 -6.5485e+00
-1.0000e+01 9.0000e+01 -3.8703e+00
-1.0000e+01 1.0000e+02 -9.4782e-01
-1.0000e+01 1.1000e+02 -1.9342e+00
-1.0000e+01 1.2000e+02 4.1870e-01
-1.0000e+01 1.3000e+02 -1.2492e+00
-1.0000e+01 1.4000e+02 -2.8085e+00
-1.0000e+01 1.5000e+02 1.5172e+00
-1.0000e+01 1.6000e+02 2.4751e+00
-1.0000e+01 1.7000e+02 2.8955e-01
-1.0000e+01 1.8000e+02 -3.2147e-01
-1.0000e+01 1.9000e+02 2.1966e+00
-1.0000e+01 2.0000e+02 8.9722e-01
0.0000e+00 -2.0000e+02 2.1631e+00
0.0000e+00 -1.9000e+02 -1.4690e+00
0.0000e+00 -1.8000e+02 -1.9795e+00
0.0000e+00 -1.7000e+02 -6.0743e-01
0.0000e+00 -1.6000e+02 2.1567e-01
0.0000e+00 -1.5000e+02 -1.5894e+00
0.0000e+00 -1.4000e+02 -2.7391e+00
0.0000e+00 -1.3000e+02 3.5618e-01
0.0000e+00 -1.2000e+02 -2.3607e+00
0.0000e+00 -1.1000e+02 -2.0262e-01
0.0000e+00 -1.0000e+02 -3.8462e+00
0.0000e+00 -9.0000e+01 -4.4428e+00
0.0000e+00 -8.0000e+01 -5.5094e+00
0.0000e+00 -7.0000e+01 -6.1984e+00
0.0000e+00 -6.0000e+01 -5.3400e+00
0.0000e+00 -5.0000e+01 -8.9973e+00
0.0000e+00 -4.0000e+01 -1.0815e+01
0.0000e+00 -3.0000e+01 -1.3435e+01
0.0000e+00 -2.0000e+01 -1.3628e+01
0.0000e+00 -1.0000e+01 -1.5398e+01
0.0000e+00 0.0000e+00 -1.6259e+01
0.0000e+00 1.0000e+01 -1.6612e+01
0.0000e+00 2.0000e+01 -1.2807e+01
0.0000e+00 3.0000e+01 -8.9718e+00
0.0000e+00 4.0000e+01 -1.1677e+01
0.0000e+00 5.0000e+01 -8.4374e+00
0.0000e+00 6.0000e+01 -6.9808e+00
0.0000e+00 7.0000e+01 -7.0662e+00
0.0000e+00 8.0000e+01 -6.6753e+00
0.0000e+00 9.0000e+01 -4.5211e+00
0.0000e+00 1.0000e+02 -5.2362e+00
0.0000e+00 1.1000e+02 -1.3513e+00
0.0000e+00 1.2000e+02 -1.5987e+00
0.0000e+00 1.3000e+02 -3.4652e+00
0.0000e+00 1.4000e+02 -9.4043e-01
0.0000e+00 1.5000e+02 5.7362e-01
0.0000e+00 1.6000e+02 1.4261e-01
0.0000e+00 1.7000e+02 -1.2189e+00
0.0000e+00 1.8000e+02 3.2863e-01
0.0000e+00 1.9000e+02 -1.0943e+00
0.0000e+00 2.0000e+02 4.0511e-01
1.0000e+01 -2.0000e+02 -9.4623e-01
1.0000e+01 -1.9000e+02 -4.0422e+00
1.0000e+01 -1.8000e+02 8.8592e-01
1.0000e+01 -1.7000e+02 -2.4986e-01
1.0000e+01 -1.6000e+02 6.1036e-02
1.0000e+01 -1.5000e+02 9.5784e-01
1.0000e+01 -1.4000e+02 -9.9968e-01
1.0000e+01 -1.3000e+02 -4.0432e+00
1.0000e+01 -1.2000e+02 -1.8804e+00
1.0000e+01 -1.1000e+02 -5.3798e+00
1.0000e+01 -1.0000e+02 9.6853e-02
1.0000e+01 -9.0000e+01 -4.6481e+00
1.0000e+01 -8.0000e+01 -5.0704e+00
1.0000e+01 -7.0000e+01 -9.2922e+00
1.0000e+01 -6.0000e+01 -1.1121e+01
1.0000e+01 -5.0000e+01 -1.2291e+01
1.0000e+01 -4.0000e+01 -1.1901e+01
1.0000e+01 -3.0000e+01 -1.1975e+01
1.0000e+01 -2.0000e+01 -1.4274e+01
1.0000e+01 -1.0000e+01 -1.3210e+01
1.0000e+01 0.0000e+00 -1.6235e+01
1.0000e+01 1.0000e+01 -1.4618e+01
1.0000e+01 2.0000e+01 -1.3157e+01
1.0000e+01 3.0000e+01 -1.3634e+01
1.0000e+01 4.0000e+01 -1.5050e+01
1.0000e+01 5.0000e+01 -1.0516e+01
1.0000e+01 6.0000e+01 -7.3679e+00
1.0000e+01 7.0000e+01 -7.8517e+00
1.0000e+01 8.0000e+01 -5.6737e+00
1.0000e+01 9.0000e+01 -4.9684e+00
1.0000e+01 1.0000e+02 -3.3272e+00
1.0000e+01 1.1000e+02 -5.3341e-01
1.0000e+01 1.2000e+02 -2.8832e+00
1.0000e+01 1.3000e+02 -9.4933e-02
1.0000e+01 1.4000e+02 -9.3223e-01
1.0000e+01 1.5000e+02 1.9060e-01
1.0000e+01 1.6000e+02 -1.1587e+00
1.0000e+01 1.7000e+02 1.1706e+00
1.0000e+01 1.8000e+02 -6.4832e-01
1.0000e+01 1.9000e+02 -3.5084e-01
1.0000e+01 2.0000e+02 1.6249e-01
2.0000e+01 -2.0000e+02 4.5864e-01
2.0000e+01 -1.9000e+02 -1.3341e+00
2.0000e+01 -1.8000e+02 -1.3300e+00
2.0000e+01 -1.7000e+02 7.3911e-01
2.0000e+01 -1.6000e+02 -1.5606e-01
2.0000e+01 -1.5000e+02 -2.1728e-01
2.0000e+01 -1.4000e+02 -3.3822e+00
2.0000e+01 -1.3000e+02 -1.6272e+00
2.0000e+01 -1.2000e+02 -1.9623e+00
2.0000e+01 -1.1000e+02 -1.0184e+00
2.0000e+01 -1.0000e+02 -1.9049e+00
2.0000e+01 -9.0000e+01 -4.2020e+00
2.0000e+01 -8.0000e+01 -4.6122e+00
2.0000e+01 -7.0000e+01 -8.4553e+00
2.0000e+01 -6.0000e+01 -7.4841e+00
2.0000e+01 -5.0000e+01 -1.0184e+01
2.0000e+01 -4.0000e+01 -1.0142e+01
2.0000e+01 -3.0000e+01 -1.1216e+01
2.0000e+01 -2.0000e+01 -1.3781e+01
2.0000e+01 -1.0000e+01 -1.4391e+01
2.0000e+01 0.0000e+00 -1.3917e+01
2.0000e+01 1.0000e+01 -1.5706e+01
2.0000e+01 2.0000e+01 -1.2523e+01
2.0000e+01 3.0000e+01 -1.0470e+01
2.0000e+01 4.0000e+01 -1.1866e+01
2.0000e+01 5.0000e+01 -1.1612e+01
2.0000e+01 6.0000e+01 -6.7104e+00
2.0000e+01 7.0000e+01 -4.0226e+00
2.0000e+01 8.0000e+01 -6.8482e+00
2.0000e+01 9.0000e+01 -2.3213e+00
2.0000e+01 1.0000e+02 -2.5730e+00
2.0000e+01 1.1000e+02 -1.9083e+00
2.0000e+01 1.2000e+02 -2.3288e+00
2.0000e+01 1.3000e+02 -2.0964e+00
2.0000e+01 1.4000e+02 2.0534e+00
2.0000e+01 1.5000e+02 -4.4175e-01
2.0000e+01 1.6000e+02 7.2993e-01
2.0000e+01 1.7000e+02 -6.2391e-01
2.0000e+01 1.8000e+02 2.6003e-01
2.0000e+01 1.9000e+02 1.9202e+00
2.0000e+01 2.0000e+02 1.6631e-01
3.0000e+01 -2.0000e+02 -9.7503e-02
3.0000e+01 -1.9000e+02 4.3918e-01
3.0000e+01 -1.8000e+02 1.1452e+00
3.0000e+01 -1.7000e+02 -1.4095e+00
3.0000e+01 -1.6000e+02 8.9872e-01
3.0000e+01 -1.5000e+02 -9.6663e-02
3.0000e+01 -1.4000e+02 -4.2371e+00
3.0000e+01 -1.3000e+02 -3.0759e+00
3.0000e+01 -1.2000e+02 -3.5800e+00
3.0000e+01 -1.1000e+02 -2.4851e+00
3.0000e+01 -1.0000e+02 -1.3768e+00
3.0000e+01 -9.0000e+01 -5.8587e+00
3.0000e+01 -8.0000e+01 -2.1696e+00
3.0000e+01 -7.0000e+01 -4.9807e+00
3.0000e+01 -6.0000e+01 -7.1297e+00
3.0000e+01 -5.0000e+01 -8.9671e+00
3.0000e+01 -4.0000e+01 -1.1584e+01
3.0000e+01 -3.0000e+01 -9.4888e+00
3.0000e+01 -2.0000e+01 -1.2320e+01
3.0000e+01 -1.0000e+01 -1.0406e+01
3.0000e+01 0.0000e+00 -1.5974e+01
3.0000e+01 1.0000e+01 -1.1935e+01
3.0000e+01 2.0000e+01 -1.2560e+01
3.0000e+01 3.0000e+01 -1.0757e+01
3.0000e+01 4.0000e+01 -1.1412e+01
3.0000e+01 5.0000e+01 -1.0286e+01
3.0000e+01 6.0000e+01 -8.1595e+00
3.0000e+01 7.0000e+01 -6.2095e+00
3.0000e+01 8.0000e+01 -5.1774e+00
3.0000e+01 9.0000e+01 -3.0809e+00
3.0000e+01 1.0000e+02 -3.9864e+00
3.0000e+01 1.1000e+02 -2.7292e+00
3.0000e+01 1.2000e+02 -8.2272e-02
3.0000e+01 1.3000e+02 -1.4604e-01
3.0000e+01 1.4000e+02 -3.4764e-01
3.0000e+01 1.5000e+02 -1.2859e+00
3.0000e+01 1.6000e+02 -6.9912e-01
3.0000e+01 1.7000e+02 -1.3312e+00
3.0000e+01 1.8000e+02 8.2129e-01
3.0000e+01 1.9000e+02 2.4232e+00
3.0000e+01 2.0000e+02 -1.6324e+00
4.0000e+01 -2.0000e+02 -2.7186e+00
4.0000e+01 -1.9000e+02 1.8051e+00
4.0000e+01 -1.8000e+02 1.6199e+00
4.0000e+01 -1.7000e+02 -1.8101e+00
4.0000e+01 -1.6000e+02 1.1355e+00
4.0000e+01 -1.5000e+02 -1.1567e+00
4.0000e+01 -1.4000e+02 -3.2580e+00
4.0000e+01 -1.3000e+02 -1.7424e-01
4.0000e+01 -1.2000e+02 -1.2548e+00
4.0000e+01 -1.1000e+02 -4.4749e-01
4.0000e+01 -1.0000e+02 -3.4722e+00
4.0000e+01 -9.0000e+01 -1.4928e+00
4.0000e+01 -8.0000e+01 -4.2910e+00
4.0000e+01 -7.0000e+01 -4.5994e+00
4.0000e+01 -6.0000e+01 -5.2430e+00
4.0000e+01 -5.0000e+01 -4.5672e+00
4.0000e+01 -4.0000e+01 -7.5973e+00
4.0000e+01 -3.0000e+01 -1.1718e+01
4.0000e+01 -2.0000e+01 -1.1173e+01
4.0000e+01 -1.0000e+01 -1.1566e+01
4.0000e+01 0.0000e+00 -1.3111e+01
4.0000e+01 1.0000e+01 -9.6560e+00
4.0000e+01 2.0000e+01 -1.3541e+01
4.0000e+01 3.0000e+01 -9.1007e+00
4.0000e+01 4.0000e+01 -1.0678e+01
4.0000e+01 5.0000e+01 -8.6796e+00
4.0000e+01 6.0000e+01 -9.4640e+00
4.0000e+01 7.0000e+01 -6.6942e+00
4.0000e+01 8.0000e+01 -1.9812e+00
4.0000e+01 9.0000e+01 -3.7130e+00
4.0000e+01 1.0000e+02 -2.3415e+00
4.0000e+01 1.1000e+02 1.3498e-01
4.0000e+01 1.2000e+02 -1.2254e+00
4.0000e+01 1.3000e+02 -2.9661e+00
4.0000e+01 1.4000e+02 -1.7945e+00
4.0000e+01 1.5000e+02 8.6208e-01
4.0000e+01 1.6000e+02 1.8304e-01
4.0000e+01 1.7000e+02 -1.1815e+00
4.0000e+01 1.8000e+02 1.3552e+00
4.0000e+01 1.9000e+02 -3.3518e-01
4.0000e+01 2.0000e+02 -1.2754e-01
5.0000e+01 -2.0000e+02 -2.4336e+00
5.0000e+01 -1.9000e+02 3.9644e-01
5.0000e+01 -1.8000e+02 2.6940e+00
5.0000e+01 -1.7000e+02 6.3775e-01
5.0000e+01 -1.6000e+02 -5.8891e-01
5.0000e+01 -1.5000e+02 1.1477e+00
5.0000e+01 -1.4000e+02 3.7935e-01
5.0000e+01 -1.3000e+02 -9.8120e-01
5.0000e+01 -1.2000e+02 -1.2889e+00
5.0000e+01 -1.1000e+02 -2.4386e+00
5.0000e+01 -1.0000e+02 -1.0858e+00
5.0000e+01 -9.0000e+01 -2.9655e+00
5.0000e+01 -8.0000e+01 -3.4208e+00
5.0000e+01 -7.0000e+01 -5.7266e+00
5.0000e+01 -6.0000e+01 -5.6469e+00
5.0000e+01 -5.0000e+01 -5.9128e+00
5.0000e+01 -4.0000e+01 -7.2230e+00
5.0000e+01 -3.0000e+01 -9.3075e+00
5.0000e+01 -2.0000e+01 -9.7229e+00
5.0000e+01 -1.0000e+01 -1.0594e+01
5.0000e+01 0.0000e+00 -8.2490e+00
5.0000e+01 1.0000e+01 -1.0030e+01
5.0000e+01 2.0000e+01 -8.1533e+00
5.0000e+01 3.0000e+01 -6.2458e+00
5.0000e+01 4.0000e+01 -9.1709e+00
5.0000e+01 5.0000e+01 -5.2704e+00
5.0000e+01 6.0000e+01 -6.8644e+00
5.0000e+01 7.0000e+01 -5.4449e+00
5.0000e+01 8.0000e+01 -3.2025e+00
5.0000e+01 9.0000e+01 -4.0261e+00
5.0000e+01 1.0000e+02 -2.6904e+00
5.0000e+01 1.1000e+02 -1.5199e+00
5.0000e+01 1.2000e+02 -8.7009e-01
5.0000e+01 1.3000e+02 -4.3841e+00
5.0000e+01 1.4000e+02 2.4395e+00
5.0000e+01 1.5000e+02 -2.1631e+00
5.0000e+01 1.6000e+02 3.3629e-01
5.0000e+01 1.7000e+02 -3.1938e-01
5.0000e+01 1.8000e+02 -7.4012e-01
5.0000e+01 1.9000e+02 5.5457e-01
5.0000e+01 2.0000e+02 -9.1372e-01
6.0000e+01 -2.0000e+02 -2.3259e+00
6.0000e+01 -1.9000e+02 -1.4168e+00
6.0000e+01 -1.8000e+02 1.0338e-01
6.0000e+01 -1.7000e+02 8.6181e-01
6.0000e+01 -1.6000e+02 2.2966e-01
6.0000e+01 -1.5000e+02 2.5855e-01
6.0000e+01 -1.4000e+02 1.9321e+00
6.0000e+01 -1.3000e+02 -6.2996e-01
6.0000e+01 -1.2000e+02 -2.6424e+00
6.0000e+01 -1.1000e+02 -1.1610e+00
6.0000e+01 -1.0000e+02 -2.3280e+00
6.0000e+01 -9.0000e+01 -3.5617e+00
6.0000e+01 -8.0000e+01 -9.6877e-01
6.0000e+01 -7.0000e+01 -1.6347e+00
6.0000e+01 -6.0000e+01 -5.1291e+00
6.0000e+01 -5.0000e+01 -7.9832e+00
6.0000e+01 -4.0000e+01 -6.2353e+00
6.0000e+01 -3.0000e+01 -7.0295e+00
6.0000e+01 -2.0000e+01 -7.1634e+00
6.0000e+01 -1.0000e+01 -1.0368e+01
6.0000e+01 0.0000e+00 -8.1709e+00
6.0000e+01 1.0000e+01 -8.5197e+00
6.0000e+01 2.0000e+01 -8.0612e+00
6.0000e+01 3.0000e+01 -8.2455e+00
6.0000e+01 4.0000e+01 -6.2538e+00
6.0000e+01 5.0000e+01 -8.4088e+00
6.0000e+01 6.0000e+01 -4.7186e+00
6.0000e+01 7.0000e+01 -2.4026e+00
6.0000e+01 8.0000e+01 -2.6664e+00
6.0000e+01 9.0000e+01 -1.7028e+00
6.0000e+01 1.0000e+02 -1.9406e+00
6.0000e+01 1.1000e+02 -2.1628e+00
6.0000e+01 1.2000e+02 -1.8299e+00
6.0000e+01 1.3000e+02 -6.9344e-01
6.0000e+01 1.4000e+02 -1.1507e+00
6.0000e+01 1.5000e+02 -1.6202e+00
6.0000e+01 1.6000e+02 -9.5887e-01
6.0000e+01 1.7000e+02 -1.4631e+00
6.0000e+01 1.8000e+02 -1.0067e+00
6.0000e+01 1.9000e+02 -2.5941e-01
6.0000e+01 2.0000e+02 -9.4577e-01
7.0000e+01 -2.0000e+02 -1.0602e+00
7.0000e+01 -1.9000e+02 1.0413e+00
7.0000e+01 -1.8000e+02 5.1980e-01
7.0000e+01 -1.7000e+02 -1.1948e+00
7.0000e+01 -1.6000e+02 5.3582e-01
7.0000e+01 -1.5000e+02 3.2498e+00
7.0000e+01 -1.4000e+02 7.0744e-02
7.0000e+01 -1.3000e+02 -2.3828e-01
7.0000e+01 -1.2000e+02 1.9166e+00
7.0000e+01 -1.1000e+02 -2.3735e+00
7.0000e+01 -1.0000e+02 -2.0507e+00
7.0000e+01 -9.0000e+01 -5.9951e-01
7.0000e+01 -8.0000e+01 -2.4658e+00
7.0000e+01 -7.0000e+01 -2.4029e+00
7.0000e+01 -6.0000e+01 -6.5875e+00
7.0000e+01 -5.0000e+01 -4.1003e+00
7.0000e+01 -4.0000e+01 -4.0961e+00
7.0000e+01 -3.0000e+01 -5.7916e+00
7.0000e+01 -2.0000e+01 -7.6570e+00
7.0000e+01 -1.0000e+01 -5.5100e+00
7.0000e+01 0.0000e+00 -7.1511e+00
7.0000e+01 1.0000e+01 -5.1718e+00
7.0000e+01 2.0000e+01 -5.6605e+00
7.0000e+01 3.0000e+01 -4.0389e+00
7.0000e+01 4.0000e+01 -5.1482e+00
7.0000e+01 5.0000e+01 -5.4245e+00
7.0000e+01 6.0000e+01 -3.5749e+00
7.0000e+01 7.0000e+01 -3.8000e+00
7.0000e+01 8.0000e+01 -1.3396e+00
7.0000e+01 9.0000e+01 -3.3753e+00
7.0000e+01 1.0000e+02 1.0038e-01
7.0000e+01 1.1000e+02 -1.4475e+00
7.0000e+01 1.2000e+02 -2.7038e+00
7.0000e+01 1.3000e+02 -6.8640e-01
7.0000e+01 1.4000e+02 -1.4191e+00
7.0000e+01 1.5000e+02 -3.3303e+00
7.0000e+01 1.6000e+02 1.7702e+00
7.0000e+01 1.7000e+02 5.4258e-01
7.0000e+01 1.8000e+02 -1.4984e+00
7.0000e+01 1.9000e+02 7.7826e-01
7.0000e+01 2.0000e+02 2.6986e-01
8.0000e+01 -2.0000e+02 -3.5735e-01
8.0000e+01 -1.9000e+02 -1.2730e+00
8.0000e+01 -1.8000e+02 1.3404e-01
8.0000e+01 -1.7000e+02 -4.7122e-01
8.0000e+01 -1.6000e+02 -2.1508e+00
8.0000e+01 -1.5000e+02 1.3390e+00
8.0000e+01 -1.4000e+02 -5.1419e-01
8.0000e+01 -1.3000e+02 -2.3332e+00
8.0000e+01 -1.2000e+02 -2.0052e-01
8.0000e+01 -1.1000e+02 -4.1624e+00
8.0000e+01 -1.0000e+02 -2.1487e-01
8.0000e+01 -9.0000e+01 -3.4018e-01
8.0000e+01 -8.0000e+01 -3.8305e+00
8.0000e+01 -7.0000e+01 -2.0638e+00
8.0000e+01 -6.0000e+01 -1.6119e+00
8.0000e+01 -5.0000e+01 -2.0765e+00
8.0000e+01 -4.0000e+01 -3.3893e+00
8.0000e+01 -3.0000e+01 -6.0274e+00
8.0000e+01 -2.0000e+01 -4.0852e+00
8.0000e+01 -1.0000e+01 -4.1404e+00
8.0000e+01 0.0000e+00 -8.5100e+00
8.0000e+01 1.0000e+01 -4.9719e+00
8.0000e+01 2.0000e+01 -4.3064e+00
8.0000e+01 3.0000e+01 -6.2520e+00
8.0000e+01 4.0000e+01 -6.9838e+00
8.0000e+01 5.0000e+01 -3.1322e+00
8.0000e+01 6.0000e+01 -1.6751e+00
8.0000e+01 7.0000e+01 3.8653e-01
8.0000e+01 8.0000e+01 -2.0106e+00
8.0000e+01 9.0000e+01 -4.0512e+00
8.0000e+01 1.0000e+02 -3.8401e+00
8.0000e+01 1.1000e+02 -1.4475e+00
8.0000e+01 1.2000e+02 -9.6216e-01
8.0000e+01 1.3000e+02 -1.3527e+00
8.0000e+01 1.4000e+02 -1.0491e+00
8.0000e+01 1.5000e+02 -1.2727e+00
8.0000e+01 1.6000e+02 -2.6756e+00
8.0000e+01 1.7000e+02 -7.4684e-01
8.0000e+01 1.8000e+02 -1.7901e+00
8.0000e+01 1.9000e+02 6.5146e-01
8.0000e+01 2.0000e+02 -4.2984e-01
9.0000e+01 -2.0000e+02 1.3989e+00
9.0000e+01 -1.9000e+02 -5.5184e-01
9.0000e+01 -1.8000e+02 -3.8395e-01
9.0000e+01 -1.7000e+02 -1.7409e+00
9.0000e+01 -1.6000e+02 -1.5296e+00
9.0000e+01 -1.5000e+02 -8.5199e-01
9.0000e+01 -1.4000e+02 -5.9730e-03
9.0000e+01 -1.3000e+02 -5.2558e-02
9.0000e+01 -1.2000e+02 -2.6284e+00
9.0000e+01 -1.1000e+02 -5.5046e-01
9.0000e+01 -1.0000e+02 1.9732e+00
9.0000e+01 -9.0000e+01 2.5775e-01
9.0000e+01 -8.0000e+01 -4.5836e+00
9.0000e+01 -7.0000e+01 -2.6735e+00
9.0000e+01 -6.0000e+01 -1.3973e+00
9.0000e+01 -5.0000e+01 -2.6345e+00
9.0000e+01 -4.0000e+01 -1.3963e+00
9.0000e+01 -3.0000e+01 -4.9708e+00
9.0000e+01 -2.0000e+01 -5.0732e+00
9.0000e+01 -1.0000e+01 -5.4620e+00
9.0000e+01 0.0000e+00 -3.4293e+00
9.0000e+01 1.0000e+01 -2.9357e+00
9.0000e+01 2.0000e+01 -5.4372e+00
9.0000e+01 3.0000e+01 -4.8228e+00
9.0000e+01 4.0000e+01 -3.4446e+00
9.0000e+01 5.0000e+01 -3.9641e+00
9.0000e+01 6.0000e+01 -4.7633e+00
9.0000e+01 7.0000e+01 -2.0529e+00
9.0000e+01 8.0000e+01 -2.5291e+00
9.0000e+01 9.0000e+01 -2.9330e+00
9.0000e+01 1.0000e+02 -2.1355e+00
9.0000e+01 1.1000e+02 -1.3556e+00
9.0000e+01 1.2000e+02 -2.0501e+00
9.0000e+01 1.3000e+02 1.2649e+00
9.0000e+01 1.4000e+02 1.8875e+00
9.0000e+01 1.5000e+02 -2.3049e-01
9.0000e+01 1.6000e+02 1.8324e+00
9.0000e+01 1.7000e+02 1.1170e+00
9.0000e+01 1.8000e+02 1.2821e+00
9.0000e+01 1.9000e+02 -9.6426e-01
9.0000e+01 2.0000e+02 1.8810e-02
1.0000e+02 -2.0000e+02 1.8372e+00
1.0000e+02 -1.9000e+02 -1.2614e+00
1.0000e+02 -1.8000e+02 -2.2926e+00
1.0000e+02 -1.7000e+02 2.0348e-01
1.0000e+02 -1.6000e+02 -2.0612e-01
1.0000e+02 -1.5000e+02 1.1168e+00
1.0000e+02 -1.4000e+02 -1.1387e+00
1.0000e+02 -1.3000e+02 -2.2721e+00
1.0000e+02 -1.2000e+02 -2.5912e+00
1.0000e+02 -1.1000e+02 -2.6799e+00
1.0000e+02 -1.0000e+02 2.0770e+00
1.0000e+02 -9.0000e+01 -2.2974e-01
1.0000e+02 -8.0000e+01 3.4217e-01
1.0000e+02 -7.0000e+01 -3.8201e+00
1.0000e+02 -6.0000e+01 -1.9291e+00
1.0000e+02 -5.0000e+01 -4.7484e+00
1.0000e+02 -4.0000e+01 -2.1141e+00
1.0000e+02 -3.0000e+01 -2.1546e+00
1.0000e+02 -2.0000e+01 -2.4017e+00
1.0000e+02 -1.0000e+01 -1.4988e+00
1.0000e+02 0.0000e+00 -4.0888e+00
1.0000e+02 1.0000e+01 -4.6654e+00
1.0000e+02 2.0000e+01 -1.6216e+00
1.0000e+02 3.0000e+01 -3.4216e+00
1.0000e+02 4.0000e+01 -2.2262e+00
1.0000e+02 5.0000e+01 -2.5215e+00
1.0000e+02 6.0000e+01 -3.4082e+00
1.0000e+02 7.0000e+01 -2.7419e+00
1.0000e+02 8.0000e+01 -3.9147e+00
1.0000e+02 9.0000e+01 3.5283e-01
1.0000e+02 1.0000e+02 5.6176e-01
1.0000e+02 1.1000e+02 -7.8375e-01
1.0000e+02 1.2000e+02 -2.5978e-01
1.0000e+02 1.3000e+02 8.4285e-01
1.0000e+02 1.4000e+02 5.6620e-01
1.0000e+02 1.5000e+02 -3.9563e-01
1.0000e+02 1.6000e+02 1.2955e+00
1.0000e+02 1.7000e+02 7.3754e-01
1.0000e+02 1.8000e+02 6.4616e-01
1.0000e+02 1.9000e+02 -1.3411e+00
1.0000e+02 2.0000e+02 -1.4514e+00
1.1000e+02 -2.0000e+02 -2.0743e-01
1.1000e+02 -1.9000e+02 -9.1937e-01
1.1000e+02 -1.8000e+02 -1.0149e+00
1.1000e+02 -1.7000e+02 -9.6705e-01
1.1000e+02 -1.6000e+02 2.8135e+00
1.1000e+02 -1.5000e+02 2.0140e-01
1.1000e+02 -1.4000e+02 -5.9461e-01
1.1000e+02 -1.3000e+02 7.1527e-01
1.1000e+02 -1.2000e+02 3.7392e+00
1.1000e+02 -1.1000e+02 1.3505e-01
1.1000e+02 -1.0000e+02 -2.6759e+00
1.1000e+02 -9.0000e+01 1.3279e+00
1.1000e+02 -8.0000e+01 1.0459e+00
1.1000e+02 -7.0000e+01 1.3900e+00
1.1000e+02 -6.0000e+01 -2.7498e+00
1.1000e+02 -5.0000e+01 -3.1741e+00
1.1000e+02 -4.0000e+01 -1.2159e+00
1.1000e+02 -3.0000e+01 -1.8075e+00
1.1000e+02 -2.0000e+01 -1.6819e+00
1.1000e+02 -1.0000e+01 -1.6274e+00
1.1000e+02 0.0000e+00 -1.3407e+00
1.1000e+02 1.0000e+01 -5.1056e+00
1.1000e+02 2.0000e+01 -3.7784e+00
1.1000e+02 3.0000e+01 -1.5524e+00
1.1000e+02 4.0000e+01 -2.8951e+00
1.1000e+02 5.0000e+01 2.1027e+00
1.1000e+02 6.0000e+01 -6.9125e-01
1.1000e+02 7.0000e+01 -1.5751e+00
1.1000e+02 8.0000e+01 -8.6367e-01
1.1000e+02 9.0000e+01 2.3039e-01
1.1000e+02 1.0000e+02 -2.9217e-01
1.1000e+02 1.1000e+02 -5.2742e-02
1.1000e+02 1.2000e+02 2.7491e+00
1.1000e+02 1.3000e+02 1.2329e+00
1.1000e+02 1.4000e+02 -9.0463e-02
1.1000e+02 1.5000e+02 -1.1239e+00
1.1000e+02 1.6000e+02 -9.4705e-01
1.1000e+02 1.7000e+02 6.5110e-01
1.1000e+02 1.8000e+02 2.9745e+00
1.1000e+02 1.9000e+02 1.4110e+00
1.1000e+02 2.0000e+02 -1.1538e+00
1.2000e+02 -2.0000e+02 1.5207e+00
1.2000e+02 -1.9000e+02 9.7375e-01
1.2000e+02 -1.8000e+02 2.3362e+00
1.2000e+02 -1.7000e+02 1.7260e+00
1.2000e+02 -1.6000e+02 -2.3413e+00
1.2000e+02 -1.5000e+02 -2.8859e-01
1.2000e+02 -1.4000e+02 -2.8314e+00
1.2000e+02 -1.3000e+02 -6.6292e-01
1.2000e+02 -1.2000e+02 -1.3737e+00
1.2000e+02 -1.1000e+02 -2.7698e+00
1.2000e+02 -1.0000e+02 2.9712e-01
1.2000e+02 -9.0000e+01 -8.6135e-01
1.2000e+02 -8.0000e+01 2.7399e+00
1.2000e+02 -7.0000e+01 6.1473e-01
1.2000e+02 -6.0000e+01 -2.7463e+00
1.2000e+02 -5.0000e+01 1.6286e+00
1.2000e+02 -4.0000e+01 -1.0117e+00
1.2000e+02 -3.0000e+01 5.1340e-01
1.2000e+02 -2.0000e+01 3.2238e-01
1.2000e+02 -1.0000e+01 -3.9726e+00
1.2000e+02 0.0000e+00 8.5195e-02
1.2000e+02 1.0000e+01 -1.3335e+00
1.2000e+02 2.0000e+01 -2.3063e+00
1.2000e+02 3.0000e+01 -1.9622e+00
1.2000e+02 4.0000e+01 -1.0401e+00
1.2000e+02 5.0000e+01 -9.3740e-01
1.2000e+02 6.0000e+01 -2.8175e-01
1.2000e+02 7.0000e+01 -3.6631e+00
1.2000e+02 8.0000e+01 -1.6030e+00
1.2000e+02 9.0000e+01 -5.5189e-01
1.2000e+02 1.0000e+02 8.7655e-01
1.2000e+02 1.1000e+02 4.9640e-01
1.2000e+02 1.2000e+02 2.9077e+00
1.2000e+02 1.3000e+02 -3.4474e-01
1.2000e+02 1.4000e+02 3.6706e+00
1.2000e+02 1.5000e+02 -1.8222e+00
1.2000e+02 1.6000e+02 2.5034e+00
1.2000e+02 1.7000e+02 -2.4704e+00
1.2000e+02 1.8000e+02 -9.8477e-01
1.2000e+02 1.9000e+02 1.0945e+00
1.2000e+02 2.0000e+02 -1.6558e+00
1.3000e+02 -2.0000e+02 -2.9043e-02
1.3000e+02 -1.9000e+02 -2.0364e+00
1.3000e+02 -1.8000e+02 -1.8578e+00
1.3000e+02 -1.7000e+02 3.7570e+00
1.3000e+02 -1.6000e+02 -2.2547e+00
1.3000e+02 -1.5000e+02 8.0335e-01
1.3000e+02 -1.4000e+02 2.3430e-01
1.3000e+02 -1.3000e+02 1.0988e+00
1.3000e+02 -1.2000e+02 2.7375e-01
1.3000e+02 -1.1000e+02 -1.9143e+00
1.3000e+02 -1.0000e+02 1.7438e+00
1.3000e+02 -9.0000e+01 -2.7095e-01
1.3000e+02 -8.0000e+01 -1.3893e+00
1.3000e+02 -7.0000e+01 6.5340e-01
1.3000e+02 -6.0000e+01 -2.6647e+00
1.3000e+02 -5.0000e+01 -3.0702e+00
1.3000e+02 -4.0000e+01 -1.2807e+00
1.3000e+02 -3.0000e+01 -4.0759e+00
1.3000e+02 -2.0000e+01 -2.3906e+00
1.3000e+02 -1.0000e+01 2.4796e-01
1.3000e+02 0.0000e+00 1.5308e+00
1.3000e+02 1.0000e+01 -6.7872e-01
1.3000e+02 2.0000e+01 1.8719e+00
1.3000e+02 3.0000e+01 -1.9297e+00
1.3000e+02 4.0000e+01 -1.9546e+00
1.3000e+02 5.0000e+01 -2.0519e+00
1.3000e+02 6.0000e+01 -5.1432e-01
1.3000e+02 7.0000e+01 1.2392e+00
1.3000e+02 8.0000e+01 -1.8946e+00
1.3000e+02 9.0000e+01 -3.4529e+00
1.3000e+02 1.0000e+02 -1.2113e+00
1.3000e+02 1.1000e+02 2.6441e+00
1.3000e+02 1.2000e+02 -4.5309e-02
1.3000e+02 1.3000e+02 -3.4656e-01
1.3000e+02 1.4000e+02 7.4331e-01
1.3000e+02 1.5000e+02 5.1657e-01
1.3000e+02 1.6000e+02 -9.5781e-01
1.3000e+02 1.7000e+02 -8.1863e-01
1.3000e+02 1.8000e+02 8.1335e-01
1.3000e+02 1.9000e+02 -8.5134e-01
1.3000e+02 2.0000e+02 1.2495e-01
1.4000e+02 -2.0000e+02 2.3921e+00
1.4000e+02 -1.9000e+02 3.3474e-01
1.4000e+02 -1.8000e+02 2.1737e+00
1.4000e+02 -1.7000e+02 3.9465e-01
1.4000e+02 -1.6000e+02 1.4541e+00
1.4000e+02 -1.5000e+02 -3.9788e-01
1.4000e+02 -1.4000e+02 2.4421e-01
1.4000e+02 -1.3000e+02 1.1200e+00
1.4000e+02 -1.2000e+02 1.0616e+00
1.4000e+02 -1.1000e+02 -1.5156e+00
1.4000e+02 -1.0000e+02 -5.8296e-01
1.4000e+02 -9.0000e+01 6.2325e-01
1.4000e+02 -8.0000e+01 -3.0582e-01
1.4000e+02 -7.0000e+01 -1.0747e-01
1.4000e+02 -6.0000e+01 1.0245e+00
1.4000e+02 -5.0000e+01 -2.2236e+00
1.4000e+02 -4.0000e+01 1.0693e+00
1.4000e+02 -3.0000e+01 -1.2810e+00
1.4000e+02 -2.0000e+01 2.2099e-01
1.4000e+02 -1.0000e+01 1.5310e+00
1.4000e+02 0.0000e+00 -3.7564e-01
1.4000e+02 1.0000e+01 6.1388e-02
1.4000e+02 2.0000e+01 -1.5456e+00
1.4000e+02 3.0000e+01 2.0045e-01
1.4000e+02 4.0000e+01 6.0394e-01
1.4000e+02 5.0000e+01 1.8641e+00
1.4000e+02 6.0000e+01 2.8021e-01
1.4000e+02 7.0000e+01 5.1293e-01
1.4000e+02 8.0000e+01 2.0192e+00
1.4000e+02 9.0000e+01 7.8449e-01
1.4000e+02 1.0000e+02 1.4063e+00
1.4000e+02 1.1000e+02 -3.6633e-02
1.4000e+02 1.2000e+02 -1.7983e+00
1.4000e+02 1.3000e+02 7.2826e-01
1.4000e+02 1.4000e+02 2.6631e-01
1.4000e+02 1.5000e+02 1.0314e+00
1.4000e+02 1.6000e+02 1.0123e+00
1.4000e+02 1.7000e+02 -4.1863e-01
1.4000e+02 1.8000e+02 -1.9808e-01
1.4000e+02 1.9000e+02 6.9211e-01
1.4000e+02 2.0000e+02 3.8871e-02
1.5000e+02 -2.0000e+02 -4.3919e-02
1.5000e+02 -1.9000e+02 -4.5128e-01
1.5000e+02 -1.8000e+02 -2.8737e-01
1.5000e+02 -1.7000e+02 -4.2616e+00
1.5000e+02 -1.6000e+02 -1.0109e+00
1.5000e+02 -1.5000e+02 2.6628e+00
1.5000e+02 -1.4000e+02 2.0030e-01
1.5000e+02 -1.3000e+02 3.2543e-01
1.5000e+02 -1.2000e+02 2.4663e-01
1.5000e+02 -1.1000e+02 4.9079e-01
1.5000e+02 -1.0000e+02 -1.7346e-01
1.5000e+02 -9.0000e+01 -1.5978e+00
1.5000e+02 -8.0000e+01 1.9228e+00
1.5000e+02 -7.0000e+01 -2.1903e+00
1.5000e+02 -6.0000e+01 -1.2271e-01
1.5000e+02 -5.0000e+01 -2.6945e+00
1.5000e+02 -4.0000e+01 1.3191e+00
1.5000e+02 -3.0000e+01 -7.7033e-01
1.5000e+02 -2.0000e+01 -1.3662e+00
1.5000e+02 -1.0000e+01 -3.5080e-01
1.5000e+02 0.0000e+00 -1.6981e+00
1.5000e+02 1.0000e+01 -9.6542e-01
1.5000e+02 2.0000e+01 -2.6762e+00
1.5000e+02 3.0000e+01 -6.3036e-01
1.5000e+02 4.0000e+01 2.8705e+00
1.5000e+02 5.0000e+01 -9.0020e-01
1.5000e+02 6.0000e+01 -4.8366e-02
1.5000e+02 7.0000e+01 -2.5124e+00
1.5000e+02 8.0000e+01 -1.0158e+00
1.5000e+02 9.0000e+01 5.3209e-01
1.5000e+02 1.0000e+02 6.9725e-02
1.5000e+02 1.1000e+02 -1.3911e+00
1.5000e+02 1.2000e+02 1.1613e+00
1.5000e+02 1.3000e+02 -7.4875e-01
1.5000e+02 1.4000e+02 -5.5933e-01
1.5000e+02 1.5000e+02 7.1387e-01
1.5000e+02 1.6000e+02 7.3840e-01
1.5000e+02 1.7000e+02 4.5726e-01
1.5000e+02 1.8000e+02 -2.5811e+00
1.5000e+02 1.9000e+02 2.5483e+00
1.5000e+02 2.0000e+02 1.4200e+00
1.6000e+02 -2.0000e+02 -6.0266e-01
1.6000e+02 -1.9000e+02 1.9095e+00
1.6000e+02 -1.8000e+02 1.1665e+00
1.6000e+02 -1.7000e+02 -4.7101e-01
1.6000e+02 -1.6000e+02 6.4893e-02
1.6000e+02 -1.5000e+02 1.7692e-01
1.6000e+02 -1.4000e+02 1.8339e+00
1.6000e+02 -1.3000e+02 -7.3457e-01
1.6000e+02 -1.2000e+02 -1.1568e+00
1.6000e+02 -1.1000e+02 -2.3985e-01
1.6000e+02 -1.0000e+02 -7.4778e-01
1.6000e+02 -9.0000e+01 -4.7333e-01
1.6000e+02 -8.0000e+01 -2.3247e+00
1.6000e+02 -7.0000e+01 -3.0409e-01
1.6000e+02 -6.0000e+01 -5.9257e-01
1.6000e+02 -5.0000e+01 -1.0093e+00
1.6000e+02 -4.0000e+01 -8.2378e-01
1.6000e+02 -3.0000e+01 1.4662e+00
1.6000e+02 -2.0000e+01 1.8776e+00
1.6000e+02 -1.0000e+01 -6.4631e-01
1.6000e+02 0.0000e+00 -1.2594e+00
1.6000e+02 1.0000e+01 -6.4101e-01
1.6000e+02 2.0000e+01 5.7304e-01
1.6000e+02 3.0000e+01 6.7681e-01
1.6000e+02 4.0000e+01 -3.3773e-01
1.6000e+02 5.0000e+01 4.7625e-01
1.6000e+02 6.0000e+01 2.8921e-01
1.6000e+02 7.0000e+01 1.1393e+00
1.6000e+02 8.0000e+01 9.1481e-01
1.6000e+02 9.0000e+01 2.3222e+00
1.6000e+02 1.0000e+02 8.7249e-01
1.6000e+02 1.1000e+02 -2.0911e-01
1.6000e+02 1.2000e+02 -1.6675e+00
1.6000e+02 1.3000e+02 1.8541e+00
1.6000e+02 1.4000e+02 -1.7655e+00
1.6000e+02 1.5000e+02 6.0238e-01
1.6000e+02 1.6000e+02 -2.0101e+00
1.6000e+02 1.7000e+02 9.4869e-01
1.6000e+02 1.8000e+02 -9.3453e-01
1.6000e+02 1.9000e+02 2.2321e+00
1.6000e+02 2.0000e+02 -4.2681e-01
1.7000e+02 -2.0000e+02 4.6177e-01
1.7000e+02 -1.9000e+02 -2.1293e+00
1.7000e+02 -1.8000e+02 7.4674e-01
1.7000e+02 -1.7000e+02 1.4131e+00
1.7000e+02 -1.6000e+02 5.0134e-01
1.7000e+02 -1.5000e+02 -3.5346e-01
1.7000e+02 -1.4000e+02 -2.3153e+00
1.7000e+02 -1.3000e+02 4.9108e-01
1.7000e+02 -1.2000e+02 -3.5359e-03
1.7000e+02 -1.1000e+02 -6.8504e-01
1.7000e+02 -1.0000e+02 -3.9896e-01
1.7000e+02 -9.0000e+01 5.8366e-01
1.7000e+02 -8.0000e+01 1.1123e+00
1.7000e+02 -7.0000e+01 -5.8641e-01
1.7000e+02 -6.0000e+01 3.8793e-01
1.7000e+02 -5.0000e+01 -2.5154e-01
1.7000e+02 -4.0000e+01 2.0586e+00
1.7000e+02 -3.0000e+01 -3.0822e-02
1.7000e+02 -2.0000e+01 -1.3014e+00
1.7000e+02 -1.0000e+01 -1.9258e-02
1.7000e+02 0.0000e+00 2.2438e+00
1.7000e+02 1.0000e+01 -2.2619e-02
1.7000e+02 2.0000e+01 -5.7977e-01
1.7000e+02 3.0000e+01 2.0246e+00
1.7000e+02 4.0000e+01 3.1415e-01
1.7000e+02 5.0000e+01 -1.8898e+00
1.7000e+02 6.0000e+01 -5.8014e-01
1.7000e+02 7.0000e+01 -1.8886e+00
1.7000e+02 8.0000e+01 -4.9294e-01
1.7000e+02 9.0000e+01 -5.0066e-01
1.7000e+02 1.0000e+02 -1.8009e+00
1.7000e+02 1.1000e+02 9.1415e-01
1.7000e+02 1.2000e+02 2.5594e+00
1.7000e+02 1.3000e+02 2.6267e+00
1.7000e+02 1.4000e+02 -1.1784e+00
1.7000e+02 1.5000e+02 1.7896e+00
1.7000e+02 1.6000e+02 -1.3671e+00
1.7000e+02 1.7000e+02 -1.3421e+00
1.7000e+02 1.8000e+02 -7.4659e-01
1.7000e+02 1.9000e+02 2.3465e+00
1.7000e+02 2.0000e+02 -1.6229e-01
1.8000e+02 -2.0000e+02 -1.0998e+00
1.8000e+02 -1.9000e+02 -2.1608e+00
1.8000e+02 -1.8000e+02 -3.4035e-01
1.8000e+02 -1.7000e+02 1.2883e+00
1.8000e+02 -1.6000e+02 -2.4569e-01
1.8000e+02 -1.5000e+02 3.5762e+00
1.8000e+02 -1.4000e+02 1.7657e+00
1.8000e+02 -1.3000e+02 1.5083e+00
1.8000e+02 -1.2000e+02 8.8439e-01
1.8000e+02 -1.1000e+02 6.7777e-03
1.8000e+02 -1.0000e+02 -2.4467e+00
1.8000e+02 -9.0000e+01 -9.2217e-01
1.8000e+02 -8.0000e+01 -1.3130e+00
1.8000e+02 -7.0000e+01 1.0935e+00
1.8000e+02 -6.0000e+01 -5.8852e-01
1.8000e+02 -5.0000e+01 2.0483e+00
1.8000e+02 -4.0000e+01 -2.1439e+00
1.8000e+02 -3.0000e+01 -2.7549e-01
1.8000e+02 -2.0000e+01 -1.3055e-03
1.8000e+02 -1.0000e+01 -1.4212e+00
1.8000e+02 0.0000e+00 3.9471e-01
1.8000e+02 1.0000e+01 1.7909e-01
1.8000e+02 2.0000e+01 1.7686e+00
1.8000e+02 3.0000e+01 -1.9879e+00
1.8000e+02 4.0000e+01 -2.2133e+00
1.8000e+02 5.0000e+01 1.0477e+00
1.8000e+02 6.0000e+01 1.6720e+00
1.8000e+02 7.0000e+01 -4.9387e-01
1.8000e+02 8.0000e+01 -3.0247e-01
1.8000e+02 9.0000e+01 1.6439e+00
1.8000e+02 1.0000e+02 8.6974e-01
1.8000e+02 1.1000e+02 -1.2465e+00
1.8000e+02 1.2000e+02 -1.0461e+00
1.8000e+02 1.3000e+02 -4.7826e-01
1.8000e+02 1.4000e+02 -1.2602e+00
1.8000e+02 1.5000e+02 1.4067e+00
1.8000e+02 1.6000e+02 9.2197e-01
1.8000e+02 1.7000e+02 7.4800e-01
1.8000e+02 1.8000e+02 -6.7836e-01
1.8000e+02 1.9000e+02 -1.4376e+00
1.8000e+02 2.0000e+02 -7.4110e-01
1.9000e+02 -2.0000e+02 -1.5137e+00
1.9000e+02 -1.9000e+02 -1.7348e+00
1.9000e+02 -1.8000e+02 2.8464e+00
1.9000e+02 -1.7000e+02 -1.2461e+00
1.9000e+02 -1.6000e+02 -8.5902e-01
1.9000e+02 -1.5000e+02 2.6958e+00
1.9000e+02 -1.4000e+02 -1.2553e+00
1.9000e+02 -1.3000e+02 -1.7756e+00
1.9000e+02 -1.2000e+02 1.3034e+00
1.9000e+02 -1.1000e+02 -1.0257e+00
1.9000e+02 -1.0000e+02 -2.1995e+00
1.9000e+02 -9.0000e+01 1.9073e+00
1.9000e+02 -8.0000e+01 -4.7313e-01
1.9000e+02 -7.0000e+01 -2.0370e+00
1.9000e+02 -6.0000e+01 -5.4525e-01
1.9000e+02 -5.0000e+01 -1.5555e+00
1.9000e+02 -4.0000e+01 -1.3587e+00
1.9000e+02 -3.0000e+01 -3.1155e-01
1.9000e+02 -2.0000e+01 -1.4526e-01
1.9000e+02 -1.0000e+01 -1.7159e+00
1.9000e+02 0.0000e+00 -5.9651e-01
1.9000e+02 1.0000e+01 1.9424e+00
1.9000e+02 2.0000e+01 -2.3704e-01
1.9000e+02 3.0000e+01 1.2661e+00
1.9000e+02 4.0000e+01 1.0496e+00
1.9000e+02 5.0000e+01 1.7047e+00
1.9000e+02 6.0000e+01 -4.2063e-01
1.9000e+02 7.0000e+01 6.8160e-01
1.9000e+02 8.0000e+01 1.9650e+00
1.9000e+02 9.0000e+01 -7.2194e-01
1.9000e+02 1.0000e+02 -5.2767e-02
1.9000e+02 1.1000e+02 1.1063e+00
1.9000e+02 1.2000e+02 7.0214e-01
1.9000e+02 1.3000e+02 8.5392e-01
1.9000e+02 1.4000e+02 1.9748e+00
1.9000e+02 1.5000e+02 2.0434e+00
1.9000e+02 1.6000e+02 -3.7877e-02
1.9000e+02 1.7000e+02 2.1000e+00
1.9000e+02 1.8000e+02 6.7510e-02
1.9000e+02 1.9000e+02 3.8615e+00
1.9000e+02 2.0000e+02 -1.8879e+00
2.0000e+02 -2.0000e+02 -1.2014e-01
2.0000e+02 -1.9000e+02 -1.3610e+00
2.0000e+02 -1.8000e+02 -9.9547e-01
2.0000e+02 -1.7000e+02 -2.6700e+00
2.0000e+02 -1.6000e+02 2.1927e+00
2.0000e+02 -1.5000e+02 -1.1960e+00
2.0000e+02 -1.4000e+02 3.6794e+00
2.0000e+02 -1.3000e+02 2.3522e-01
2.0000e+02 -1.2000e+02 -1.8500e-01
2.0000e+02 -1.1000e+02 9.2175e-01
2.0000e+02 -1.0000e+02 1.3658e+00
2.0000e+02 -9.0000e+01 -1.9444e+00
2.0000e+02 -8.0000e+01 -2.7731e-01
2.0000e+02 -7.0000e+01 1.2694e+00
2.0000e+02 -6.0000e+01 4.3460e-01
2.0000e+02 -5.0000e+01 -5.6234e-01
2.0000e+02 -4.0000e+01 -2.2571e+00
2.0000e+02 -3.0000e+01 -5.6126e-01
2.0000e+02 -2.0000e+01 3.8527e-02
2.0000e+02 -1.0000e+01 -1.6452e+00
2.0000e+02 0.0000e+00 2.0871e+00
2.0000e+02 1.0000e+01 4.6080e-01
2.0000e+02 2.0000e+01 5.8041e-01
2.0000e+02 3.0000e+01 -5.2521e-01
2.0000e+02 4.0000e+01 2.0708e+00
2.0000e+02 5.0000e+01 1.4450e+00
2.0000e+02 6.0000e+01 -9.1559e-01
2.0000e+02 7.0000e+01 -6.4751e-01
2.0000e+02 8.0000e+01 -1.1012e+00
2.0000e+02 9.0000e+01 7.1345e-01
2.0000e+02 1.0000e+02 4.2082e-01
2.0000e+02 1.1000e+02 1.8255e+00
2.0000e+02 1.2000e+02 -1.5544e+00
2.0000e+02 1.3000e+02 -3.3946e-01
2.0000e+02 1.4000e+02 1.7684e+00
2.0000e+02 1.5000e+02 5.1224e-01
2.0000e+02 1.6000e+02 -1.6906e+00
2.0000e+02 1.7000e+02 4.5652e-01
2.0000e+02 1.8000e+02 -1.7097e+00
2.0000e+02 1.9000e+02 2.0846e+00
2.0000e+02 2.0000e+02 5.6693e-01
