-2.0000e+02 -2.0000e+02 -2.6355e+00
-2.0000e+02 -1.9000e+02 -1.1982e+00
-2.0000e+02 -1.8000e+02 1.0270e+00
-2.0000e+02 -1.7000e+02 -4.5568e-01
-2.0000e+02 -1.6000e+02 -2.3816e+00
-2.0000e+02 -1.5000e+02 -1.3049e+00
-2.0000e+02 -1.4000e+02 1.4314e+00
-2.0000e+02 -1.3000e+02 -8.6653e-01
-2.0000e+02 -1.2000e+02 -8.8090e-01
-2.0000e+02 -1.1000e+02 -2.9048e+00
-2.0000e+02 -1.0000e+02 2.1473e+00
-2.0000e+02 -9.0000e+01 2.1864e+00
-2.0000e+02 -8.0000e+01 1.2516e+00
-2.0000e+02 -7.0000e+01 5.7171e-01
-2.0000e+02 -6.0000e+01 3.6175e-01
-2.0000e+02 -5.0000e+01 8.5518e-03
-2.0000e+02 -4.0000e+01 -1.2327e-02
-2.0000e+02 -3.0000e+01 6.6966e-02
-2.0000e+02 -2.0000e+01 -1.3085e-01
-2.0000e+02 -1.0000e+01 -2.0196e+00
-2.0000e+02 0.0000e+00 1.1052e+00
-2.0000e+02 1.0000e+01 -2.0105e+00
-2.0000e+02 2.0000e+01 -2.3470e-01
-2.0000e+02 3.0000e+01 1.9335e-01
-2.0000e+02 4.0000e+01 -2.3097e-01
-2.0000e+02 5.0000e+01 -7.2785e-02
-2.0000e+02 6.0000e+01 -1.3665e+00
-2.0000e+02 7.0000e+01 1.3444e+00
-2.0000e+02 8.0000e+01 -1.6241e+00
-2.0000e+02 9.0000e+01 -1.9054e+00
-2.0000e+02 1.0000e+02 -1.4560e-01
-2.0000e+02 1.1000e+02 -1.7805e+00
-2.0000e+02 1.2000e+02 2.2053e+00
-2.0000e+02 1.3000e+02 1.2809e+00
-2.0000e+02 1.4000e+02 1.4201e+00
-2.0000e+02 1.5000e+02 1.2621e+00
-2.0000e+02 1.6000e+02 2.2306e-01
-2.0000e+02 1.7000e+02 -3.5207e-01
-2.0000e+02 1.8000e+02 -2.3156e-01
-2.0000e+02 1.9000e+02 -6.8143e-01
-2.0000e+02 2.0000e+02 5.8868e-01
-1.9000e+02 -2.0000e+02 -2.2145e-01
-1.9000e+02 -1.9000e+02 2.0585e+00
-1.9000e+02 -1.8000e+02 -1.1938e+00
-1.9000e+02 -1.7000e+02 2.2175e-01
-1.9000e+02 -1.6000e+02 1.6433e+00
-1.9000e+02 -1.5000e+02 9.9500e-01
-1.9000e+02 -1.4000e+02 -1.3322e-01
-1.9000e+02 -1.3000e+02 7.4521e-01
-1.9000e+02 -1.2000e+02 -5.3669e-01
-1.9000e+02 -1.1000e+02 1.4822e+00
-1.9000e+02 -1.0000e+02 1.6752e+00
-1.9000e+02 -9.0000e+01 5.5885e-01
-1.9000e+02 -8.0000e+01 -1.0312e+00
-1.9000e+02 -7.0000e+01 -1.5711e+00
-1.9000e+02 -6.0000e+01 5.8578e-01
-1.9000e+02 -5.0000e+01 1.1024e-01
-1.9000e+02 -4.0000e+01 -1.0361e+00
-1.9000e+02 -3.0000e+01 -1.4110e+00
-1.9000e+02 -2.0000e+01 -1.1470e+00
-1.9000e+02 -1.0000e+01 3.4914e-01
-1.9000e+02 0.0000e+00 9.2240e-01
-1.9000e+02 1.0000e+01 -1.5007e-01
-1.9000e+02 2.0000e+01 1.0964e+00
-1.9000e+02 3.0000e+01 -3.3258e-01
-1.9000e+02 4.0000e+01 1.1872e+00
-1.9000e+02 5.0000e+01 -2.3503e-01
-1.9000e+02 6.0000e+01 8.7292e-01
-1.9000e+02 7.0000e+01 -2.6915e+00
-1.9000e+02 8.0000e+01 6.3922e-01
-1.9000e+02 9.0000e+01 1.7980e+00
-1.9000e+02 1.0000e+02 4.5533e-01
-1.9000e+02 1.1000e+02 -8.6420e-01
-1.9000e+02 1.2000e+02 1.2791e+00
-1.9000e+02 1.3000e+02 2.5389e+00
-1.9000e+02 1.4000e+02 -1.0080e+00
-1.9000e+02 1.5000e+02 6.2836e-01
-1.9000e+02 1.6000e+02 -5.2505e-01
-1.9000e+02 1.7000e+02 3.4813e-01
-1.9000e+02 1.8000e+02 -1.1719e+00
-1.9000e+02 1.9000e+02 5.3971e-01
-1.9000e+02 2.0000e+02 -4.8278e+00
-1.8000e+02 -2.0000e+02 -2.5674e+00
-1.8000e+02 -1.9000e+02 1.9776e+00
-1.8000e+02 -1.8000e+02 2.2559e-01
-1.8000e+02 -1.7000e+02 -6.0686e-01
-1.8000e+02 -1.6000e+02 -1.2505e+00
-1.8000e+02 -1.5000e+02 8.3908e-02
-1.8000e+02 -1.4000e+02 3.5320e+00
-1.8000e+02 -1.3000e+02 5.5862e-01
-1.8000e+02 -1.2000e+02 1.1871e+00
-1.8000e+02 -1.1000e+02 1.1226e+00
-1.8000e+02 -1.0000e+02 -1.7033e+00
-1.8000e+02 -9.0000e+01 2.6059e+00
-1.8000e+02 -8.0000e+01 1.6050e+00
-1.8000e+02 -7.0000e+01 2.7106e-01
-1.8000e+02 -6.0000e+01 -3.6941e-01
-1.8000e+02 -5.0000e+01 1.2830e+00
-1.8000e+02 -4.0000e+01 -1.1492e+00
-1.8000e+02 -3.0000e+01 6.5824e-01
-1.8000e+02 -2.0000e+01 -5.6251e-01
-1.8000e+02 -1.0000e+01 -4.1831e-01
-1.8000e+02 0.0000e+00 -5.1369e-01
-1.8000e+02 1.0000e+01 -2.4610e-01
-1.8000e+02 2.0000e+01 1.8176e+00
-1.8000e+02 3.0000e+01 1.3607e+00
-1.8000e+02 4.0000e+01 1.3827e+00
-1.8000e+02 5.0000e+01 9.4341e-01
-1.8000e+02 6.0000e+01 -2.2861e+00
-1.8000e+02 7.0000e+01 2.2864e+00
-1.8000e+02 8.0000e+01 5.6005e-01
-1.8000e+02 9.0000e+01 -9.8479e-01
-1.8000e+02 1.0000e+02 -3.9236e-01
-1.8000e+02 1.1000e+02 6.4062e-01
-1.8000e+02 1.2000e+02 -8.8382e-01
-1.8000e+02 1.3000e+02 1.9460e+00
-1.8000e+02 1.4000e+02 2.0280e+00
-1.8000e+02 1.5000e+02 -1.4538e-01
-1.8000e+02 1.6000e+02 2.5029e+00
-1.8000e+02 1.7000e+02 2.8778e+00
-1.8000e+02 1.8000e+02 4.4142e-01
-1.8000e+02 1.9000e+02 3.7683e-01
-1.8000e+02 2.0000e+02 1.0853e+00
-1.7000e+02 -2.0000e+02 1.1511e+00
-1.7000e+02 -1.9000e+02 -1.8264e+00
-1.7000e+02 -1.8000e+02 -2.6389e+00
-1.7000e+02 -1.7000e+02 -3.4860e+00
-1.7000e+02 -1.6000e+02 -9.0445e-01
-1.7000e+02 -1.5000e+02 -3.1660e-01
-1.7000e+02 -1.4000e+02 -1.3119e+00
-1.7000e+02 -1.3000e+02 -1.6479e+00
-1.7000e+02 -1.2000e+02 -2.1291e+00
-1.7000e+02 -1.1000e+02 -1.1691e+00
-1.7000e+02 -1.0000e+02 -4.4215e-01
-1.7000e+02 -9.0000e+01 6.7504e-01
-1.7000e+02 -8.0000e+01 -9.0052e-01
-1.7000e+02 -7.0000e+01 3.3777e+00
-1.7000e+02 -6.0000e+01 6.9070e-01
-1.7000e+02 -5.0000e+01 9.8021e-01
-1.7000e+02 -4.0000e+01 3.7830e-01
-1.7000e+02 -3.0000e+01 -1.0449e+00
-1.7000e+02 -2.0000e+01 -4.7932e-01
-1.7000e+02 -1.0000e+01 1.6853e+00
-1.7000e+02 0.0000e+00 1.4268e+00
-1.7000e+02 1.0000e+01 -3.5647e-01
-1.7000e+02 2.0000e+01 1.0657e+00
-1.7000e+02 3.0000e+01 7.7411e-02
-1.7000e+02 4.0000e+01 1.2420e+00
-1.7000e+02 5.0000e+01 -1.6350e+00
-1.7000e+02 6.0000e+01 -1.7041e+00
-1.7000e+02 7.0000e+01 -9.9981e-01
-1.7000e+02 8.0000e+01 -1.2134e+00
-1.7000e+02 9.0000e+01 1.2446e-01
-1.7000e+02 1.0000e+02 -4.9546e-01
-1.7000e+02 1.1000e+02 -1.8620e+00
-1.7000e+02 1.2000e+02 -2.0313e+00
-1.7000e+02 1.3000e+02 1.5733e+00
-1.7000e+02 1.4000e+02 -1.7772e-01
-1.7000e+02 1.5000e+02 -3.0200e-01
-1.7000e+02 1.6000e+02 -3.6345e-02
-1.7000e+02 1.7000e+02 -2.7160e-01
-1.7000e+02 1.8000e+02 4.2630e-01
-1.7000e+02 1.9000e+02 -1.3449e+00
-1.7000e+02 2.0000e+02 -1.6537e+00
-1.6000e+02 -2.0000e+02 -1.4586e+00
-1.6000e+02 -1.9000e+02 -3.3700e-01
-1.6000e+02 -1.8000e+02 -7.2435e-01
-1.6000e+02 -1.7000e+02 -9.5281e-01
-1.6000e+02 -1.6000e+02 9.4834e-01
-1.6000e+02 -1.5000e+02 1.3517e+00
-1.6000e+02 -1.4000e+02 5.6441e-01
-1.6000e+02 -1.3000e+02 -1.0826e-01
-1.6000e+02 -1.2000e+02 -5.4109e-01
-1.6000e+02 -1.1000e+02 -1.4534e-02
-1.6000e+02 -1.0000e+02 -1.5514e+00
-1.6000e+02 -9.0000e+01 -2.5229e+00
-1.6000e+02 -8.0000e+01 -2.8308e+00
-1.6000e+02 -7.0000e+01 3.2080e-01
-1.6000e+02 -6.0000e+01 -1.0718e+00
-1.6000e+02 -5.0000e+01 2.1817e+00
-1.6000e+02 -4.0000e+01 -2.2626e+00
-1.6000e+02 -3.0000e+01 -5.6027e-02
-1.6000e+02 -2.0000e+01 -8.6123e-01
-1.6000e+02 -1.0000e+01 1.1656e+00
-1.6000e+02 0.0000e+00 1.5304e+00
-1.6000e+02 1.0000e+01 -5.7168e-01
-1.6000e+02 2.0000e+01 2.9850e-01
-1.6000e+02 3.0000e+01 7.3227e-01
-1.6000e+02 4.0000e+01 -7.3838e-01
-1.6000e+02 5.0000e+01 -2.2947e+00
-1.6000e+02 6.0000e+01 1.3348e+00
-1.6000e+02 7.0000e+01 -1.0538e+00
-1.6000e+02 8.0000e+01 -1.1194e+00
-1.6000e+02 9.0000e+01 2.1192e+00
-1.6000e+02 1.0000e+02 1.8336e+00
-1.6000e+02 1.1000e+02 2.3143e+00
-1.6000e+02 1.2000e+02 -3.8015e+00
-1.6000e+02 1.3000e+02 -5.4548e-01
-1.6000e+02 1.4000e+02 1.2928e+00
-1.6000e+02 1.5000e+02 -1.3525e+00
-1.6000e+02 1.6000e+02 -8.7987e-01
-1.6000e+02 1.7000e+02 -4.2123e-01
-1.6000e+02 1.8000e+02 -3.4588e-01
-1.6000e+02 1.9000e+02 5.3601e-01
-1.6000e+02 2.0000e+02 9.7122e-01
-1.5000e+02 -2.0000e+02 -1.4233e+00
-1.5000e+02 -1.9000e+02 1.4851e+00
-1.5000e+02 -1.8000e+02 -2.7685e+00
-1.5000e+02 -1.7000e+02 -1.2633e+00
-1.5000e+02 -1.6000e+02 -2.2776e-01
-1.5000e+02 -1.5000e+02 1.5618e+00
-1.5000e+02 -1.4000e+02 -1.7816e+00
-1.5000e+02 -1.3000e+02 -7.2804e-01
-1.5000e+02 -1.2000e+02 1.9922e+00
-1.5000e+02 -1.1000e+02 -2.7145e-01
-1.5000e+02 -1.0000e+02 3.4864e+00
-1.5000e+02 -9.0000e+01 -4.1829e+00
-1.5000e+02 -8.0000e+01 -2.3834e+00
-1.5000e+02 -7.0000e+01 1.7531e-01
-1.5000e+02 -6.0000e+01 -7.5196e-01
-1.5000e+02 -5.0000e+01 -1.7653e+00
-1.5000e+02 -4.0000e+01 -2.6442e+00
-1.5000e+02 -3.0000e+01 -3.5537e+00
-1.5000e+02 -2.0000e+01 5.9866e-01
-1.5000e+02 -1.0000e+01 -2.1651e+00
-1.5000e+02 0.0000e+00 -6.6998e-01
-1.5000e+02 1.0000e+01 -2.4094e-01
-1.5000e+02 2.0000e+01 -2.1704e+00
-1.5000e+02 3.0000e+01 -2.2431e+00
-1.5000e+02 4.0000e+01 -1.2060e+00
-1.5000e+02 5.0000e+01 2.7293e+00
-1.5000e+02 6.0000e+01 5.6109e-01
-1.5000e+02 7.0000e+01 7.5102e-01
-1.5000e+02 8.0000e+01 1.7786e+00
-1.5000e+02 9.0000e+01 -1.0614e-02
-1.5000e+02 1.0000e+02 -1.5518e+00
-1.5000e+02 1.1000e+02 -2.1459e+00
-1.5000e+02 1.2000e+02 6.3224e-01
-1.5000e+02 1.3000e+02 -1.7886e+00
-1.5000e+02 1.4000e+02 2.2377e+00
-1.5000e+02 1.5000e+02 1.6731e-01
-1.5000e+02 1.6000e+02 -1.5483e+00
-1.5000e+02 1.7000e+02 -1.3419e+00
-1.5000e+02 1.8000e+02 6.2914e-01
-1.5000e+02 1.9000e+02 -6.7416e-01
-1.5000e+02 2.0000e+02 -3.0116e+00
-1.4000e+02 -2.0000e+02 1.0541e-01
-1.4000e+02 -1.9000e+02 -2.2543e+00
-1.4000e+02 -1.8000e+02 -2.4242e+00
-1.4000e+02 -1.7000e+02 -9.9346e-01
-1.4000e+02 -1.6000e+02 2.1403e+00
-1.4000e+02 -1.5000e+02 -5.7166e-01
-1.4000e+02 -1.4000e+02 7.0638e-01
-1.4000e+02 -1.3000e+02 -7.1408e-01
-1.4000e+02 -1.2000e+02 -1.7262e+00
-1.4000e+02 -1.1000e+02 1.3522e+00
-1.4000e+02 -1.0000e+02 -2.2078e+00
-1.4000e+02 -9.0000e+01 6.1932e-01
-1.4000e+02 -8.0000e+01 -7.3102e-01
-1.4000e+02 -7.0000e+01 8.0189e-01
-1.4000e+02 -6.0000e+01 -4.4415e-01
-1.4000e+02 -5.0000e+01 -9.1099e-01
-1.4000e+02 -4.0000e+01 -1.3057e+00
-1.4000e+02 -3.0000e+01 1.0487e+00
-1.4000e+02 -2.0000e+01 7.1962e-02
-1.4000e+02 -1.0000e+01 -1.1230e+00
-1.4000e+02 0.0000e+00 -2.1149e+00
-1.4000e+02 1.0000e+01 -4.5115e+00
-1.4000e+02 2.0000e+01 -1.9483e+00
-1.4000e+02 3.0000e+01 -9.2598e-01
-1.4000e+02 4.0000e+01 2.2569e+00
-1.4000e+02 5.0000e+01 -5.7230e-01
-1.4000e+02 6.0000e+01 1.5885e+00
-1.4000e+02 7.0000e+01 -4.9649e-01
-1.4000e+02 8.0000e+01 -2.0457e-01
-1.4000e+02 9.0000e+01 8.8678e-01
-1.4000e+02 1.0000e+02 -1.0758e-01
-1.4000e+02 1.1000e+02 -1.8214e+00
-1.4000e+02 1.2000e+02 -2.6623e+00
-1.4000e+02 1.3000e+02 2.4589e+00
-1.4000e+02 1.4000e+02 1.7578e+00
-1.4000e+02 1.5000e+02 -1.1011e+00
-1.4000e+02 1.6000e+02 1.6908e+00
-1.4000e+02 1.7000e+02 1.9446e+00
-1.4000e+02 1.8000e+02 -6.1310e-01
-1.4000e+02 1.9000e+02 3.5758e-01
-1.4000e+02 2.0000e+02 -3.3980e-01
-1.3000e+02 -2.0000e+02 2.9882e-01
-1.3000e+02 -1.9000e+02 8.7758e-01
-1.3000e+02 -1.8000e+02 6.8442e-01
-1.3000e+02 -1.7000e+02 8.6056e-01
-1.3000e+02 -1.6000e+02 -1.2620e+00
-1.3000e+02 -1.5000e+02 1.8976e+00
-1.3000e+02 -1.4000e+02 1.1170e-01
-1.3000e+02 -1.3000e+02 9.2093e-01
-1.3000e+02 -1.2000e+02 -4.2684e+00
-1.3000e+02 -1.1000e+02 -1.3507e+00
-1.3000e+02 -1.0000e+02 8.0059e-01
-1.3000e+02 -9.0000e+01 -1.0636e+00
-1.3000e+02 -8.0000e+01 5.2523e-01
-1.3000e+02 -7.0000e+01 4.0652e+00
-1.3000e+02 -6.0000e+01 2.6588e+00
-1.3000e+02 -5.0000e+01 3.6564e-01
-1.3000e+02 -4.0000e+01 -1.4138e+00
-1.3000e+02 -3.0000e+01 -1.4404e+00
-1.3000e+02 -2.0000e+01 -1.0909e+00
-1.3000e+02 -1.0000e+01 7.9622e-01
-1.3000e+02 0.0000e+00 -9.9861e-01
-1.3000e+02 1.0000e+01 -4.1839e+00
-1.3000e+02 2.0000e+01 -1.7190e+00
-1.3000e+02 3.0000e+01 -1.2742e+00
-1.3000e+02 4.0000e+01 -3.5166e-01
-1.3000e+02 5.0000e+01 -2.2756e+00
-1.3000e+02 6.0000e+01 1.2247e+00
-1.3000e+02 7.0000e+01 -6.6909e-01
-1.3000e+02 8.0000e+01 1.9797e+00
-1.3000e+02 9.0000e+01 1.2749e+00
-1.3000e+02 1.0000e+02 2.2287e+00
-1.3000e+02 1.1000e+02 -9.2074e-01
-1.3000e+02 1.2000e+02 -9.4481e-01
-1.3000e+02 1.3000e+02 -1.6223e+00
-1.3000e+02 1.4000e+02 -3.7175e+00
-1.3000e+02 1.5000e+02 -5.0574e-01
-1.3000e+02 1.6000e+02 -1.8682e-01
-1.3000e+02 1.7000e+02 3.2027e+00
-1.3000e+02 1.8000e+02 9.8200e-01
-1.3000e+02 1.9000e+02 9.2859e-01
-1.3000e+02 2.0000e+02 -4.1947e-01
-1.2000e+02 -2.0000e+02 1.1701e+00
-1.2000e+02 -1.9000e+02 2.2658e+00
-1.2000e+02 -1.8000e+02 -2.6866e+00
-1.2000e+02 -1.7000e+02 -1.8118e+00
-1.2000e+02 -1.6000e+02 -2.5254e+00
-1.2000e+02 -1.5000e+02 -7.6122e-01
-1.2000e+02 -1.4000e+02 2.7839e-01
-1.2000e+02 -1.3000e+02 8.3101e-01
-1.2000e+02 -1.2000e+02 -7.6552e-01
-1.2000e+02 -1.1000e+02 -1.7362e+00
-1.2000e+02 -1.0000e+02 1.6094e+00
-1.2000e+02 -9.0000e+01 6.9013e-01
-1.2000e+02 -8.0000e+01 2.0045e-02
-1.2000e+02 -7.0000e+01 1.3780e+00
-1.2000e+02 -6.0000e+01 -1.3490e+00
-1.2000e+02 -5.0000e+01 -1.4000e+00
-1.2000e+02 -4.0000e+01 -3.2799e+00
-1.2000e+02 -3.0000e+01 -2.0856e+00
-1.2000e+02 -2.0000e+01 -4.0240e+00
-1.2000e+02 -1.0000e+01 -4.0763e+00
-1.2000e+02 0.0000e+00 -1.1235e+00
-1.2000e+02 1.0000e+01 -3.3037e+00
-1.2000e+02 2.0000e+01 6.9153e-01
-1.2000e+02 3.0000e+01 -3.0827e+00
-1.2000e+02 4.0000e+01 -2.7096e+00
-1.2000e+02 5.0000e+01 -4.5520e-01
-1.2000e+02 6.0000e+01 -3.3219e+00
-1.2000e+02 7.0000e+01 -2.5523e-01
-1.2000e+02 8.0000e+01 -1.2771e+00
-1.2000e+02 9.0000e+01 -3.1106e+00
-1.2000e+02 1.0000e+02 -2.2536e+00
-1.2000e+02 1.1000e+02 2.3018e+00
-1.2000e+02 1.2000e+02 -1.2592e+00
-1.2000e+02 1.3000e+02 -9.7138e-01
-1.2000e+02 1.4000e+02 -6.0983e-01
-1.2000e+02 1.5000e+02 -4.8706e-01
-1.2000e+02 1.6000e+02 4.9669e-01
-1.2000e+02 1.7000e+02 -5.5596e-01
-1.2000e+02 1.8000e+02 -7.4211e-02
-1.2000e+02 1.9000e+02 -6.4345e-01
-1.2000e+02 2.0000e+02 -1.2013e+00
-1.1000e+02 -2.0000e+02 3.5572e-02
-1.1000e+02 -1.9000e+02 -2.3769e+00
-1.1000e+02 -1.8000e+02 2.0282e+00
-1.1000e+02 -1.7000e+02 -1.0166e+00
-1.1000e+02 -1.6000e+02 1.9131e+00
-1.1000e+02 -1.5000e+02 8.2837e-01
-1.1000e+02 -1.4000e+02 -2.1931e+00
-1.1000e+02 -1.3000e+02 7.6527e-02
-1.1000e+02 -1.2000e+02 -2.3521e-01
-1.1000e+02 -1.1000e+02 -1.5854e+00
-1.1000e+02 -1.0000e+02 -1.4332e+00
-1.1000e+02 -9.0000e+01 -3.3549e+00
-1.1000e+02 -8.0000e+01 -2.8491e+00
-1.1000e+02 -7.0000e+01 -1.0266e+00
-1.1000e+02 -6.0000e+01 -6.5240e-01
-1.1000e+02 -5.0000e+01 -2.0974e+00
-1.1000e+02 -4.0000e+01 -3.5324e+00
-1.1000e+02 -3.0000e+01 -5.6011e-01
-1.1000e+02 -2.0000e+01 -1.3894e+00
-1.1000e+02 -1.0000e+01 -6.9795e-01
-1.1000e+02 0.0000e+00 -2.8906e+00
-1.1000e+02 1.0000e+01 -1.6036e+00
-1.1000e+02 2.0000e+01 -7.0773e-01
-1.1000e+02 3.0000e+01 -1.5499e+00
-1.1000e+02 4.0000e+01 -3.5651e+00
-1.1000e+02 5.0000e+01 -1.5272e+00
-1.1000e+02 6.0000e+01 -2.3677e+00
-1.1000e+02 7.0000e+01 -1.5720e+00
-1.1000e+02 8.0000e+01 -2.3254e+00
-1.1000e+02 9.0000e+01 5.8508e-01
-1.1000e+02 1.0000e+02 1.7119e+00
-1.1000e+02 1.1000e+02 1.0874e+00
-1.1000e+02 1.2000e+02 -1.9393e+00
-1.1000e+02 1.3000e+02 7.2149e-01
-1.1000e+02 1.4000e+02 8.9332e-01
-1.1000e+02 1.5000e+02 -3.1347e+00
-1.1000e+02 1.6000e+02 -5.1389e-01
-1.1000e+02 1.7000e+02 1.4927e+00
-1.1000e+02 1.8000e+02 4.2820e-01
-1.1000e+02 1.9000e+02 -1.6004e+00
-1.1000e+02 2.0000e+02 1.2810e+00
-1.0000e+02 -2.0000e+02 -2.1330e+00
-1.0000e+02 -1.9000e+02 6.5898e-01
-1.0000e+02 -1.8000e+02 7.5770e-01
-1.0000e+02 -1.7000e+02 1.6460e+00
-1.0000e+02 -1.6000e+02 -4.2538e-01
-1.0000e+02 -1.5000e+02 -9.3656e-01
-1.0000e+02 -1.4000e+02 -2.7904e-01
-1.0000e+02 -1.3000e+02 2.2192e+00
-1.0000e+02 -1.2000e+02 8.1198e-01
-1.0000e+02 -1.1000e+02 -2.8277e+00
-1.0000e+02 -1.0000e+02 -1.4966e-01
-1.0000e+02 -9.0000e+01 -2.3872e+00
-1.0000e+02 -8.0000e+01 -3.8273e-01
-1.0000e+02 -7.0000e+01 -4.7895e-01
-1.0000e+02 -6.0000e+01 2.3470e+00
-1.0000e+02 -5.0000e+01 -1.2080e+00
-1.0000e+02 -4.0000e+01 -2.3820e+00
-1.0000e+02 -3.0000e+01 -3.0442e+00
-1.0000e+02 -2.0000e+01 -2.9208e+00
-1.0000e+02 -1.0000e+01 -2.5478e+00
-1.0000e+02 0.0000e+00 -2.1650e+00
-1.0000e+02 1.0000e+01 -2.1790e+00
-1.0000e+02 2.0000e+01 -3.0515e+00
-1.0000e+02 3.0000e+01 -1.6718e+00
-1.0000e+02 4.0000e+01 -3.2187e+00
-1.0000e+02 5.0000e+01 -3.3361e+00
-1.0000e+02 6.0000e+01 9.5744e-01
-1.0000e+02 7.0000e+01 -6.4972e-01
-1.0000e+02 8.0000e+01 -2.1995e-01
-1.0000e+02 9.0000e+01 1.1149e+00
-1.0000e+02 1.0000e+02 3.6222e-01
-1.0000e+02 1.1000e+02 9.8333e-01
-1.0000e+02 1.2000e+02 4.6633e-01
-1.0000e+02 1.3000e+02 -1.2996e+00
-1.0000e+02 1.4000e+02 -1.0878e+00
-1.0000e+02 1.5000e+02 5.4090e-01
-1.0000e+02 1.6000e+02 1.4389e+00
-1.0000e+02 1.7000e+02 1.4094e+00
-1.0000e+02 1.8000e+02 4.0138e+00
-1.0000e+02 1.9000e+02 2.1786e+00
-1.0000e+02 2.0000e+02 9.0650e-01
-9.0000e+01 -2.0000e+02 2.8036e+00
-9.0000e+01 -1.9000e+02 -5.1451e-01
-9.0000e+01 -1.8000e+02 -1.7539e+00
-9.0000e+01 -1.7000e+02 7.2676e-01
-9.0000e+01 -1.6000e+02 1.8882e+00
-9.0000e+01 -1.5000e+02 -4.3317e-01
-9.0000e+01 -1.4000e+02 2.9373e-01
-9.0000e+01 -1.3000e+02 -1.6390e+00
-9.0000e+01 -1.2000e+02 -6.9829e-01
-9.0000e+01 -1.1000e+02 -1.8366e+00
-9.0000e+01 -1.0000e+02 1.0420e+00
-9.0000e+01 -9.0000e+01 -6.1445e-01
-9.0000e+01 -8.0000e+01 -6.2871e-01
-9.0000e+01 -7.0000e+01 2.0374e-01
-9.0000e+01 -6.0000e+01 -2.9498e+00
-9.0000e+01 -5.0000e+01 -6.9522e-01
-9.0000e+01 -4.0000e+01 -2.8535e+00
-9.0000e+01 -3.0000e+01 -4.2006e+00
-9.0000e+01 -2.0000e+01 -6.7020e+00
-9.0000e+01 -1.0000e+01 -5.6101e+00
-9.0000e+01 0.0000e+00 -6.9258e+00
-9.0000e+01 1.0000e+01 -5.4049e+00
-9.0000e+01 2.0000e+01 -4.8224e+00
-9.0000e+01 3.0000e+01 -5.1037e+00
-9.0000e+01 4.0000e+01 -4.0609e+00
-9.0000e+01 5.0000e+01 2.5908e-01
-9.0000e+01 6.0000e+01 2.3844e-01
-9.0000e+01 7.0000e+01 -2.8021e+00
-9.0000e+01 8.0000e+01 -2.4195e+00
-9.0000e+01 9.0000e+01 -3.1314e+00
-9.0000e+01 1.0000e+02 -1.0784e+00
-9.0000e+01 1.1000e+02 -3.3463e-01
-9.0000e+01 1.2000e+02 -1.5923e-01
-9.0000e+01 1.3000e+02 -4.9151e+00
-9.0000e+01 1.4000e+02 -1.8728e+00
-9.0000e+01 1.5000e+02 4.7254e-01
-9.0000e+01 1.6000e+02 1.4778e-01
-9.0000e+01 1.7000e+02 -2.9334e+00
-9.0000e+01 1.8000e+02 -1.5938e+00
-9.0000e+01 1.9000e+02 -1.4905e+00
-9.0000e+01 2.0000e+02 -1.3801e+00
-8.0000e+01 -2.0000e+02 9.0671e-01
-8.0000e+01 -1.9000e+02 -2.4059e+00
-8.0000e+01 -1.8000e+02 -2.1809e+00
-8.0000e+01 -1.7000e+02 1.3839e+00
-8.0000e+01 -1.6000e+02 1.2644e+00
-8.0000e+01 -1.5000e+02 -1.7829e+00
-8.0000e+01 -1.4000e+02 -2.6686e-01
-8.0000e+01 -1.3000e+02 -9.1424e-01
-8.0000e+01 -1.2000e+02 -2.3251e+00
-8.0000e+01 -1.1000e+02 -2.4328e+00
-8.0000e+01 -1.0000e+02 -5.3741e-01
-8.0000e+01 -9.0000e+01 2.4734e-01
-8.0000e+01 -8.0000e+01 -1.2967e+00
-8.0000e+01 -7.0000e+01 -3.3245e+00
-8.0000e+01 -6.0000e+01 -7.4742e+00
-8.0000e+01 -5.0000e+01 -1.9093e+00
-8.0000e+01 -4.0000e+01 -4.9158e+00
-8.0000e+01 -3.0000e+01 -6.0206e+00
-8.0000e+01 -2.0000e+01 -6.1844e+00
-8.0000e+01 -1.0000e+01 -5.3526e+00
-8.0000e+01 0.0000e+00 -6.2979e+00
-8.0000e+01 1.0000e+01 -5.9120e+00
-8.0000e+01 2.0000e+01 -6.3477e+00
-8.0000e+01 3.0000e+01 -4.6662e+00
-8.0000e+01 4.0000e+01 -4.4807e+00
-8.0000e+01 5.0000e+01 -1.9586e+00
-8.0000e+01 6.0000e+01 -3.4006e+00
-8.0000e+01 7.0000e+01 -9.3721e-02
-8.0000e+01 8.0000e+01 -3.8296e+00
-8.0000e+01 9.0000e+01 -1.3004e+00
-8.0000e+01 1.0000e+02 1.5380e+00
-8.0000e+01 1.1000e+02 -1.2300e+00
-8.0000e+01 1.2000e+02 -2.2704e+00
-8.0000e+01 1.3000e+02 -1.6130e-01
-8.0000e+01 1.4000e+02 -4.4695e-02
-8.0000e+01 1.5000e+02 1.0895e+00
-8.0000e+01 1.6000e+02 -1.3606e+00
-8.0000e+01 1.7000e+02 3.1042e-01
-8.0000e+01 1.8000e+02 -1.1501e-01
-8.0000e+01 1.9000e+02 -1.4471e+00
-8.0000e+01 2.0000e+02 -6.3259e-01
-7.0000e+01 -2.0000e+02 4.7298e-01
-7.0000e+01 -1.9000e+02 2.4224e+00
-7.0000e+01 -1.8000e+02 -2.7846e+00
-7.0000e+01 -1.7000e+02 -1.2993e+00
-7.0000e+01 -1.6000e+02 -1.5785e+00
-7.0000e+01 -1.5000e+02 -2.1349e-01
-7.0000e+01 -1.4000e+02 -1.5152e+00
-7.0000e+01 -1.3000e+02 4.8952e-01
-7.0000e+01 -1.2000e+02 -2.7459e+00
-7.0000e+01 -1.1000e+02 9.3541e-01
-7.0000e+01 -1.0000e+02 -1.9481e+00
-7.0000e+01 -9.0000e+01 -1.4831e+00
-7.0000e+01 -8.0000e+01 -3.9258e+00
-7.0000e+01 -7.0000e+01 -5.0557e+00
-7.0000e+01 -6.0000e+01 -1.0243e+00
-7.0000e+01 -5.0000e+01 -5.8017e+00
-7.0000e+01 -4.0000e+01 -5.5298e+00
-7.0000e+01 -3.0000e+01 -5.6983e+00
-7.0000e+01 -2.0000e+01 -6.3762e+00
-7.0000e+01 -1.0000e+01 -4.7475e+00
-7.0000e+01 0.0000e+00 -6.8205e+00
-7.0000e+01 1.0000e+01 -5.2596e+00
-7.0000e+01 2.0000e+01 -5.8676e+00
-7.0000e+01 3.0000e+01 -8.9286e+00
-7.0000e+01 4.0000e+01 -7.4961e+00
-7.0000e+01 5.0000e+01 -5.0036e+00
-7.0000e+01 6.0000e+01 -4.8294e+00
-7.0000e+01 7.0000e+01 -4.2534e+00
-7.0000e+01 8.0000e+01 -3.4623e+00
-7.0000e+01 9.0000e+01 -2.6022e+00
-7.0000e+01 1.0000e+02 -2.3797e+00
-7.0000e+01 1.1000e+02 1.0718e+00
-7.0000e+01 1.2000e+02 1.5552e+00
-7.0000e+01 1.3000e+02 1.4122e+00
-7.0000e+01 1.4000e+02 -2.7263e-02
-7.0000e+01 1.5000e+02 1.3380e-01
-7.0000e+01 1.6000e+02 -1.0910e+00
-7.0000e+01 1.7000e+02 2.6769e+00
-7.0000e+01 1.8000e+02 4.7595e-01
-7.0000e+01 1.9000e+02 -2.5145e+00
-7.0000e+01 2.0000e+02 1.1847e+00
-6.0000e+01 -2.0000e+02 5.6586e-01
-6.0000e+01 -1.9000e+02 -1.8109e+00
-6.0000e+01 -1.8000e+02 1.0127e+00
-6.0000e+01 -1.7000e+02 -7.8342e-01
-6.0000e+01 -1.6000e+02 6.6709e-01
-6.0000e+01 -1.5000e+02 -4.7396e-01
-6.0000e+01 -1.4000e+02 -1.4503e+00
-6.0000e+01 -1.3000e+02 -3.8369e+00
-6.0000e+01 -1.2000e+02 -1.3130e+00
-6.0000e+01 -1.1000e+02 -3.0851e-01
-6.0000e+01 -1.0000e+02 -2.0890e+00
-6.0000e+01 -9.0000e+01 -3.8445e-01
-6.0000e+01 -8.0000e+01 -3.5692e+00
-6.0000e+01 -7.0000e+01 -8.5661e-01
-6.0000e+01 -6.0000e+01 -6.1535e+00
-6.0000e+01 -5.0000e+01 -4.0736e+00
-6.0000e+01 -4.0000e+01 -9.1177e+00
-6.0000e+01 -3.0000e+01 -8.7230e+00
-6.0000e+01 -2.0000e+01 -8.1932e+00
-6.0000e+01 -1.0000e+01 -7.4556e+00
-6.0000e+01 0.0000e+00 -1.0148e+01
-6.0000e+01 1.0000e+01 -8.4923e+00
-6.0000e+01 2.0000e+01 -7.9520e+00
-6.0000e+01 3.0000e+01 -5.6964e+00
-6.0000e+01 4.0000e+01 -6.7956e+00
-6.0000e+01 5.0000e+01 -6.7631e+00
-6.0000e+01 6.0000e+01 -6.5432e+00
-6.0000e+01 7.0000e+01 -6.4129e+00
-6.0000e+01 8.0000e+01 -2.0523e+00
-6.0000e+01 9.0000e+01 -9.9516e-01
-6.0000e+01 1.0000e+02 -2.7139e+00
-6.0000e+01 1.1000e+02 -2.0622e+00
-6.0000e+01 1.2000e+02 3.2449e-01
-6.0000e+01 1.3000e+02 7.5452e-01
-6.0000e+01 1.4000e+02 -2.2191e+00
-6.0000e+01 1.5000e+02 -1.8546e+00
-6.0000e+01 1.6000e+02 -3.1174e-01
-6.0000e+01 1.7000e+02 7.0088e-01
-6.0000e+01 1.8000e+02 6.3551e-01
-6.0000e+01 1.9000e+02 3.3670e+00
-6.0000e+01 2.0000e+02 1.7782e+00
-5.0000e+01 -2.0000e+02 -2.5878e-01
-5.0000e+01 -1.9000e+02 -1.5957e+00
-5.0000e+01 -1.8000e+02 4.8963e-01
-5.0000e+01 -1.7000e+02 7.6539e-02
-5.0000e+01 -1.6000e+02 -4.7990e-01
-5.0000e+01 -1.5000e+02 5.4700e-01
-5.0000e+01 -1.4000e+02 -1.2994e+00
-5.0000e+01 -1.3000e+02 -2.1121e+00
-5.0000e+01 -1.2000e+02 -1.2123e+00
-5.0000e+01 -1.1000e+02 -7.1525e-01
-5.0000e+01 -1.0000e+02 -4.0893e+00
-5.0000e+01 -9.0000e+01 -1.0574e+00
-5.0000e+01 -8.0000e+01 -3.6284e+00
-5.0000e+01 -7.0000e+01 -5.6046e+00
-5.0000e+01 -6.0000e+01 -4.7727e+00
-5.0000e+01 -5.0000e+01 -4.3102e+00
-5.0000e+01 -4.0000e+01 -8.0970e+00
-5.0000e+01 -3.0000e+01 -8.1614e+00
-5.0000e+01 -2.0000e+01 -1.2269e+01
-5.0000e+01 -1.0000e+01 -7.4269e+00
-5.0000e+01 0.0000e+00 -9.2792e+00
-5.0000e+01 1.0000e+01 -7.8439e+00
-5.0000e+01 2.0000e+01 -9.9136e+00
-5.0000e+01 3.0000e+01 -9.3346e+00
-5.0000e+01 4.0000e+01 -9.8157e+00
-5.0000e+01 5.0000e+01 -5.1023e+00
-5.0000e+01 6.0000e+01 -3.9221e+00
-5.0000e+01 7.0000e+01 -4.0610e+00
-5.0000e+01 8.0000e+01 -4.5304e+00
-5.0000e+01 9.0000e+01 -3.4510e+00
-5.0000e+01 1.0000e+02 -6.0128e-01
-5.0000e+01 1.1000e+02 -4.2321e+00
-5.0000e+01 1.2000e+02 -1.4595e+00
-5.0000e+01 1.3000e+02 7.0833e-01
-5.0000e+01 1.4000e+02 2.3421e-01
-5.0000e+01 1.5000e+02 -7.1729e-01
-5.0000e+01 1.6000e+02 1.2448e+00
-5.0000e+01 1.7000e+02 -1.4139e+00
-5.0000e+01 1.8000e+02 2.2599e+00
-5.0000e+01 1.9000e+02 -7.0258e-01
-5.0000e+01 2.0000e+02 -1.8079e+00
-4.0000e+01 -2.0000e+02 1.0177e+00
-4.0000e+01 -1.9000e+02 -3.1614e-01
-4.0000e+01 -1.8000e+02 2.3623e+00
-4.0000e+01 -1.7000e+02 -3.1117e-01
-4.0000e+01 -1.6000e+02 -3.1147e+00
-4.0000e+01 -1.5000e+02 5.3105e-01
-4.0000e+01 -1.4000e+02 -1.1182e+00
-4.0000e+01 -1.3000e+02 1.8888e-01
-4.0000e+01 -1.2000e+02 -1.8421e+00
-4.0000e+01 -1.1000e+02 -1.9568e+00
-4.0000e+01 -1.0000e+02 -4.6630e+00
-4.0000e+01 -9.0000e+01 -4.8109e+00
-4.0000e+01 -8.0000e+01 -3.7830e+00
-4.0000e+01 -7.0000e+01 -4.4712e+00
-4.0000e+01 -6.0000e+01 -4.8949e+00
-4.0000e+01 -5.0000e+01 -1.1359e+01
-4.0000e+01 -4.0000e+01 -8.0983e+00
-4.0000e+01 -3.0000e+01 -1.1294e+01
-4.0000e+01 -2.0000e+01 -1.2455e+01
-4.0000e+01 -1.0000e+01 -1.1785e+01
-4.0000e+01 0.0000e+00 -1.2028e+01
-4.0000e+01 1.0000e+01 -9.6887e+00
-4.0000e+01 2.0000e+01 -1.0101e+01
-4.0000e+01 3.0000e+01 -1.1411e+01
-4.0000e+01 4.0000e+01 -7.4374e+00
-4.0000e+01 5.0000e+01 -6.8261e+00
-4.0000e+01 6.0000e+01 -5.2272e+00
-4.0000e+01 7.0000e+01 -4.5501e+00
-4.0000e+01 8.0000e+01 -4.3973e+00
-4.0000e+01 9.0000e+01 -2.6836e+00
-4.0000e+01 1.0000e+02 -3.3565e+00
-4.0000e+01 1.1000e+02 -2.3519e+00
-4.0000e+01 1.2000e+02 -1.8227e+00
-4.0000e+01 1.3000e+02 -5.7143e-01
-4.0000e+01 1.4000e+02 1.0870e-01
-4.0000e+01 1.5000e+02 1.1802e+00
-4.0000e+01 1.6000e+02 -4.0691e-02
-4.0000e+01 1.7000e+02 -1.5018e+00
-4.0000e+01 1.8000e+02 -2.7758e-01
-4.0000e+01 1.9000e+02 1.4601e+00
-4.0000e+01 2.0000e+02 -5.4016e-01
-3.0000e+01 -2.0000e+02 -5.5862e-03
-3.0000e+01 -1.9000e+02 -3.2243e-01
-3.0000e+01 -1.8000e+02 2.9381e-01
-3.0000e+01 -1.7000e+02 -1.4751e+00
-3.0000e+01 -1.6000e+02 -4.9579e-01
-3.0000e+01 -1.5000e+02 -1.5026e-01
-3.0000e+01 -1.4000e+02 5.9759e-01
-3.0000e+01 -1.3000e+02 5.3022e-01
-3.0000e+01 -1.2000e+02 -2.9675e+00
-3.0000e+01 -1.1000e+02 -1.1157e+00
-3.0000e+01 -1.0000e+02 -3.4367e+00
-3.0000e+01 -9.0000e+01 -6.4108e+00
-3.0000e+01 -8.0000e+01 -3.4739e+00
-3.0000e+01 -7.0000e+01 -5.5104e+00
-3.0000e+01 -6.0000e+01 -6.1969e+00
-3.0000e+01 -5.0000e+01 -1.1922e+01
-3.0000e+01 -4.0000e+01 -1.0074e+01
-3.0000e+01 -3.0000e+01 -8.8024e+00
-3.0000e+01 -2.0000e+01 -1.4379e+01
-3.0000e+01 -1.0000e+01 -1.1330e+01
-3.0000e+01 0.0000e+00 -1.5970e+01
-3.0000e+01 1.0000e+01 -1.2794e+01
-3.0000e+01 2.0000e+01 -1.0450e+01
-3.0000e+01 3.0000e+01 -1.1066e+01
-3.0000e+01 4.0000e+01 -8.1557e+00
-3.0000e+01 5.0000e+01 -8.0845e+00
-3.0000e+01 6.0000e+01 -7.0256e+00
-3.0000e+01 7.0000e+01 -7.1248e+00
-3.0000e+01 8.0000e+01 -3.7500e+00
-3.0000e+01 9.0000e+01 -2.5826e+00
-3.0000e+01 1.0000e+02 -1.4091e+00
-3.0000e+01 1.1000e+02 -1.6343e+00
-3.0000e+01 1.2000e+02 -2.3212e+00
-3.0000e+01 1.3000e+02 -1.6808e+00
-3.0000e+01 1.4000e+02 -1.1587e+00
-3.0000e+01 1.5000e+02 -2.4778e+00
-3.0000e+01 1.6000e+02 -7.3303e-01
-3.0000e+01 1.7000e+02 -3.3457e+00
-3.0000e+01 1.8000e+02 -1.6345e-01
-3.0000e+01 1.9000e+02 -9.8921e-01
-3.0000e+01 2.0000e+02 -7.9085e-01
-2.0000e+01 -2.0000e+02 2.4711e+00
-2.0000e+01 -1.9000e+02 3.8399e-01
-2.0000e+01 -1.8000e+02 1.8946e-01
-2.0000e+01 -1.7000e+02 -1.7944e+00
-2.0000e+01 -1.6000e+02 -2.4257e+00
-2.0000e+01 -1.5000e+02 -3.9273e-01
-2.0000e+01 -1.4000e+02 -1.6512e+00
-2.0000e+01 -1.3000e+02 -1.1192e+00
-2.0000e+01 -1.2000e+02 -2.9385e+00
-2.0000e+01 -1.1000e+02 -1.0640e+00
-2.0000e+01 -1.0000e+02 -3.0639e+00
-2.0000e+01 -9.0000e+01 -3.5873e+00
-2.0000e+01 -8.0000e+01 -4.0202e+00
-2.0000e+01 -7.0000e+01 -6.2546e+00
-2.0000e+01 -6.0000e+01 -9.9405e+00
-2.0000e+01 -5.0000e+01 -8.7810e+00
-2.0000e+01 -4.0000e+01 -1.2764e+01
-2.0000e+01 -3.0000e+01 -1.1325e+01
-2.0000e+01 -2.0000e+01 -1.2795e+01
-2.0000e+01 -1.0000e+01 -1.1213e+01
-2.0000e+01 0.0000e+00 -1.3047e+01
-2.0000e+01 1.0000e+01 -1.3430e+01
-2.0000e+01 2.0000e+01 -1.3538e+01
-2.0000e+01 3.0000e+01 -1.1455e+01
-2.0000e+01 4.0000e+01 -1.3029e+01
-2.0000e+01 5.0000e+01 -1.1338e+01
-2.0000e+01 6.0000e+01 -7.9042e+00
-2.0000e+01 7.0000e+01 -8.4487e+00
-2.0000e+01 8.0000e+01 -2.8881e+00
-2.0000e+01 9.0000e+01 -3.4666e+00
-2.0000e+01 1.0000e+02 -8.9854e-01
-2.0000e+01 1.1000e+02 1.1593e-01
-2.0000e+01 1.2000e+02 -1.6003e+00
-2.0000e+01 1.3000e+02 1.8113e-01
-2.0000e+01 1.4000e+02 -1.1962e-01
-2.0000e+01 1.5000e+02 -7.5525e-01
-2.0000e+01 1.6000e+02 3.5102e+00
-2.0000e+01 1.7000e+02 -5.1004e-01
-2.0000e+01 1.8000e+02 -2.6870e-01
-2.0000e+01 1.9000e+02 -1.2928e+00
-2.0000e+01 2.0000e+02 1.0109e+00
-1.0000e+01 -2.0000e+02 1.7055e+00
-1.0000e+01 -1.9000e+02 4.5263e-01
-1.0000e+01 -1.8000e+02 -9.1772e-01
-1.0000e+01 -1.7000e+02 -6.3618e-01
-1.0000e+01 -1.6000e+02 8.8961e-01
-1.0000e+01 -1.5000e+02 -1.3792e+00
-1.0000e+01 -1.4000e+02 9.1950e-02
-1.0000e+01 -1.3000e+02 8.1323e-01
-1.0000e+01 -1.2000e+02 -4.2826e+00
-1.0000e+01 -1.1000e+02 -2.6277e+00
-1.0000e+01 -1.0000e+02 -2.8085e+00
-1.0000e+01 -9.0000e+01 -3.5371e+00
-1.0000e+01 -8.0000e+01 -5.1246e+00
-1.0000e+01 -7.0000e+01 -6.5389e+00
-1.0000e+01 -6.0000e+01 -9.2355e+00
-1.0000e+01 -5.0000e+01 -7.4589e+00
-1.0000e+01 -4.0000e+01 -1.2296e+01
-1.0000e+01 -3.0000e+01 -1.6070e+01
-1.0000e+01 -2.0000e+01 -1.2446e+01
-1.0000e+01 -1.0000e+01 -1.6448e+01
-1.0000e+01 0.0000e+00 -1.4651e+01
-1.0000e+01 1.0000e+01 -1.3954e+01
-1.0000e+01 2.0000e+01 -1.3258e+01
-1.0000e+01 3.0000e+01 -1.1365e+01
-1.0000e+01 4.0000e+01 -9.2361e+00
-1.0000e+01 5.0000e+01 -1.0169e+01
-1.0000e+01 6.0000e+01 -1.0162e+01
-1.0000e+01 7.0000e+01 -4.6222e+00
-1.0000e+01 8.0000e+01 -9.5940e+00
-1.0000e+01 9.0000e+01 -3.4954e+00
-1.0000e+01 1.0000e+02 -1.7768e+00
-1.0000e+01 1.1000e+02 -4.2307e+00
-1.0000e+01 1.2000e+02 -3.2433e+00
-1.0000e+01 1.3000e+02 -1.2688e-01
-1.0000e+01 1.4000e+02 -8.0349e-01
-1.0000e+01 1.5000e+02 6.7075e-02
-1.0000e+01 1.6000e+02 6.6148e-01
-1.0000e+01 1.7000e+02 -2.7618e-01
-1.0000e+01 1.8000e+02 2.3550e+00
-1.0000e+01 1.9000e+02 9.8491e-01
-1.0000e+01 2.0000e+02 -2.5287e+00
0.0000e+00 -2.0000e+02 -1.4284e+00
0.0000e+00 -1.9000e+02 -6.1257e-01
0.0000e+00 -1.8000e+02 -2.2019e+00
0.0000e+00 -1.7000e+02 2.6971e+00
0.0000e+00 -1.6000e+02 5.4243e-01
0.0000e+00 -1.5000e+02 -1.9703e+00
0.0000e+00 -1.4000e+02 8.0005e-01
0.0000e+00 -1.3000e+02 -1.3299e+00
0.0000e+00 -1.2000e+02 -1.8420e+00
0.0000e+00 -1.1000e+02 -5.1366e+00
0.0000e+00 -1.0000e+02 -4.6051e+00
0.0000e+00 -9.0000e+01 -1.8328e+00
0.0000e+00 -8.0000e+01 -3.5269e+00
0.0000e+00 -7.0000e+01 -7.2523e+00
0.0000e+00 -6.0000e+01 -9.1959e+00
0.0000e+00 -5.0000e+01 -8.5137e+00
0.0000e+00 -4.0000e+01 -1.1353e+01
0.0000e+00 -3.0000e+01 -1.1694e+01
0.0000e+00 -2.0000e+01 -1.5963e+01
0.0000e+00 -1.0000e+01 -1.5306e+01
0.0000e+00 0.0000e+00 -1.7427e+01
0.0000e+00 1.0000e+01 -1.5271e+01
0.0000e+00 2.0000e+01 -1.4152e+01
0.0000e+00 3.0000e+01 -1.0792e+01
0.0000e+00 4.0000e+01 -1.2106e+01
0.0000e+00 5.0000e+01 -9.3827e+00
0.0000e+00 6.0000e+01 -8.3185e+00
0.0000e+00 7.0000e+01 -5.1298e+00
0.0000e+00 8.0000e+01 -7.0597e+00
0.0000e+00 9.0000e+01 -1.8635e+00
0.0000e+00 1.0000e+02 -1.5037e+00
0.0000e+00 1.1000e+02 -2.1860e+00
0.0000e+00 1.2000e+02 -3.0179e+00
0.0000e+00 1.3000e+02 -1.1336e+00
0.0000e+00 1.4000e+02 -3.1050e+00
0.0000e+00 1.5000e+02 -1.2090e-01
0.0000e+00 1.6000e+02 -4.9585e-01
0.0000e+00 1.7000e+02 4.6000e-01
0.0000e+00 1.8000e+02 -8.2295e-01
0.0000e+00 1.9000e+02 2.5419e+00
0.0000e+00 2.0000e+02 8.7500e-01
1.0000e+01 -2.0000e+02 -3.9324e+00
1.0000e+01 -1.9000e+02 5.1277e-01
1.0000e+01 -1.8000e+02 5.6894e-01
1.0000e+01 -1.7000e+02 -1.3911e+00
1.0000e+01 -1.6000e+02 1.6185e+00
1.0000e+01 -1.5000e+02 -1.7738e-01
1.0000e+01 -1.4000e+02 -3.4330e-01
1.0000e+01 -1.3000e+02 -2.7042e+00
1.0000e+01 -1.2000e+02 -3.9257e+00
1.0000e+01 -1.1000e+02 -3.3456e+00
1.0000e+01 -1.0000e+02 -5.2401e+00
1.0000e+01 -9.0000e+01 -3.6307e+00
1.0000e+01 -8.0000e+01 -6.8695e+00
1.0000e+01 -7.0000e+01 -7.8849e+00
1.0000e+01 -6.0000e+01 -8.7907e+00
1.0000e+01 -5.0000e+01 -7.0467e+00
1.0000e+01 -4.0000e+01 -1.2596e+01
1.0000e+01 -3.0000e+01 -1.1921e+01
1.0000e+01 -2.0000e+01 -1.8297e+01
1.0000e+01 -1.0000e+01 -1.3591e+01
1.0000e+01 0.0000e+00 -1.6893e+01
1.0000e+01 1.0000e+01 -1.4879e+01
1.0000e+01 2.0000e+01 -1.1929e+01
1.0000e+01 3.0000e+01 -1.4811e+01
1.0000e+01 4.0000e+01 -1.0501e+01
1.0000e+01 5.0000e+01 -1.2040e+01
1.0000e+01 6.0000e+01 -9.1684e+00
1.0000e+01 7.0000e+01 -6.1916e+00
1.0000e+01 8.0000e+01 -4.3678e+00
1.0000e+01 9.0000e+01 -4.6378e+00
1.0000e+01 1.0000e+02 -5.2618e+00
1.0000e+01 1.1000e+02 -2.8548e-01
1.0000e+01 1.2000e+02 -2.0973e+00
1.0000e+01 1.3000e+02 -2.1711e+00
1.0000e+01 1.4000e+02 -2.8906e+00
1.0000e+01 1.5000e+02 -1.7052e+00
1.0000e+01 1.6000e+02 9.0353e-01
1.0000e+01 1.7000e+02 -1.0414e+00
1.0000e+01 1.8000e+02 6.4429e-01
1.0000e+01 1.9000e+02 -2.6014e+00
1.0000e+01 2.0000e+02 -2.2810e+00
2.0000e+01 -2.0000e+02 3.1169e-01
2.0000e+01 -1.9000e+02 8.7573e-01
2.0000e+01 -1.8000e+02 8.5310e-01
2.0000e+01 -1.7000e+02 2.0478e-01
2.0000e+01 -1.6000e+02 -1.4224e+00
2.0000e+01 -1.5000e+02 1.1780e+00
2.0000e+01 -1.4000e+02 3.0604e-02
2.0000e+01 -1.3000e+02 1.4304e-02
2.0000e+01 -1.2000e+02 -1.8310e+00
2.0000e+01 -1.1000e+02 -5.2582e+00
2.0000e+01 -1.0000e+02 -3.1983e+00
2.0000e+01 -9.0000e+01 -2.4961e+00
2.0000e+01 -8.0000e+01 -5.5403e+00
2.0000e+01 -7.0000e+01 -6.3029e+00
2.0000e+01 -6.0000e+01 -8.6110e+00
2.0000e+01 -5.0000e+01 -9.9702e+00
2.0000e+01 -4.0000e+01 -1.1862e+01
2.0000e+01 -3.0000e+01 -9.5794e+00
2.0000e+01 -2.0000e+01 -1.4156e+01
2.0000e+01 -1.0000e+01 -1.5417e+01
2.0000e+01 0.0000e+00 -1.1799e+01
2.0000e+01 1.0000e+01 -1.2370e+01
2.0000e+01 2.0000e+01 -1.4112e+01
2.0000e+01 3.0000e+01 -1.5749e+01
2.0000e+01 4.0000e+01 -1.3242e+01
2.0000e+01 5.0000e+01 -1.1563e+01
2.0000e+01 6.0000e+01 -9.1814e+00
2.0000e+01 7.0000e+01 -5.5963e+00
2.0000e+01 8.0000e+01 -1.9245e+00
2.0000e+01 9.0000e+01 -3.8239e+00
2.0000e+01 1.0000e+02 -5.6006e+00
2.0000e+01 1.1000e+02 -2.1385e+00
2.0000e+01 1.2000e+02 -1.3532e+00
2.0000e+01 1.3000e+02 -3.7531e+00
2.0000e+01 1.4000e+02 6.7560e-01
2.0000e+01 1.5000e+02 -9.7040e-02
2.0000e+01 1.6000e+02 1.3735e-01
2.0000e+01 1.7000e+02 3.5537e-01
2.0000e+01 1.8000e+02 1.4252e-03
2.0000e+01 1.9000e+02 6.7088e-01
2.0000e+01 2.0000e+02 6.3068e-01
3.0000e+01 -2.0000e+02 -5.6385e-01
3.0000e+01 -1.9000e+02 -1.6534e+00
3.0000e+01 -1.8000e+02 4.8044e-01
3.0000e+01 -1.7000e+02 -1.4820e-01
3.0000e+01 -1.6000e+02 1.3796e+00
3.0000e+01 -1.5000e+02 4.2122e-01
3.0000e+01 -1.4000e+02 -3.4035e+00
3.0000e+01 -1.3000e+02 -2.3624e-01
3.0000e+01 -1.2000e+02 -2.4563e+00
3.0000e+01 -1.1000e+02 -1.0301e+00
3.0000e+01 -1.0000e+02 -4.1753e+00
3.0000e+01 -9.0000e+01 -2.2676e+00
3.0000e+01 -8.0000e+01 -4.5739e+00
3.0000e+01 -7.0000e+01 -5.8802e+00
3.0000e+01 -6.0000e+01 -1.0716e+01
3.0000e+01 -5.0000e+01 -6.5656e+00
3.0000e+01 -4.0000e+01 -1.0370e+01
3.0000e+01 -3.0000e+01 -1.4008e+01
3.0000e+01 -2.0000e+01 -1.3927e+01
3.0000e+01 -1.0000e+01 -1.3686e+01
3.0000e+01 0.0000e+00 -1.2947e+01
3.0000e+01 1.0000e+01 -1.2785e+01
3.0000e+01 2.0000e+01 -1.4658e+01
3.0000e+01 3.0000e+01 -1.1278e+01
3.0000e+01 4.0000e+01 -1.0541e+01
3.0000e+01 5.0000e+01 -8.7005e+00
3.0000e+01 6.0000e+01 -5.8986e+00
3.0000e+01 7.0000e+01 -3.9001e+00
3.0000e+01 8.0000e+01 -7.0998e+00
3.0000e+01 9.0000e+01 -4.4857e+00
3.0000e+01 1.0000e+02 -2.7030e+00
3.0000e+01 1.1000e+02 -2.2689e-01
3.0000e+01 1.2000e+02 5.3050e-01
3.0000e+01 1.3000e+02 -1.8879e+00
3.0000e+01 1.4000e+02 -6.9327e-01
3.0000e+01 1.5000e+02 -1.9572e+00
3.0000e+01 1.6000e+02 -2.7678e-01
3.0000e+01 1.7000e+02 5.1825e-01
3.0000e+01 1.8000e+02 -2.4566e+00
3.0000e+01 1.9000e+02 1.2508e+00
3.0000e+01 2.0000e+02 -2.5308e-01
4.0000e+01 -2.0000e+02 -3.6746e-01
4.0000e+01 -1.9000e+02 5.3416e-01
4.0000e+01 -1.8000e+02 -5.9383e-01
4.0000e+01 -1.7000e+02 -8.1171e-02
4.0000e+01 -1.6000e+02 -1.5498e+00
4.0000e+01 -1.5000e+02 2.6539e-01
4.0000e+01 -1.4000e+02 -2.0059e+00
4.0000e+01 -1.3000e+02 -1.9089e+00
4.0000e+01 -1.2000e+02 1.8586e-01
4.0000e+01 -1.1000e+02 -3.3039e-01
4.0000e+01 -1.0000e+02 -4.3194e+00
4.0000e+01 -9.0000e+01 -1.3698e+00
4.0000e+01 -8.0000e+01 -5.7992e+00
4.0000e+01 -7.0000e+01 -4.4470e+00
4.0000e+01 -6.0000e+01 -5.6835e+00
4.0000e+01 -5.0000e+01 -6.8730e+00
4.0000e+01 -4.0000e+01 -1.0006e+01
4.0000e+01 -3.0000e+01 -8.9487e+00
4.0000e+01 -2.0000e+01 -1.3589e+01
4.0000e+01 -1.0000e+01 -1.2215e+01
4.0000e+01 0.0000e+00 -1.0640e+01
4.0000e+01 1.0000e+01 -1.1182e+01
4.0000e+01 2.0000e+01 -1.4258e+01
4.0000e+01 3.0000e+01 -1.0733e+01
4.0000e+01 4.0000e+01 -1.2263e+01
4.0000e+01 5.0000e+01 -5.3615e+00
4.0000e+01 6.0000e+01 -8.8782e+00
4.0000e+01 7.0000e+01 -8.2647e+00
4.0000e+01 8.0000e+01 -4.8150e+00
4.0000e+01 9.0000e+01 -2.2670e+00
4.0000e+01 1.0000e+02 -3.0368e+00
4.0000e+01 1.1000e+02 -1.4678e+00
4.0000e+01 1.2000e+02 1.8217e+00
4.0000e+01 1.3000e+02 -3.4640e+00
4.0000e+01 1.4000e+02 -9.1104e-01
4.0000e+01 1.5000e+02 1.8087e+00
4.0000e+01 1.6000e+02 -2.2373e+00
4.0000e+01 1.7000e+02 9.5588e-01
4.0000e+01 1.8000e+02 -1.3920e+00
4.0000e+01 1.9000e+02 -5.3932e-01
4.0000e+01 2.0000e+02 6.4709e-02
5.0000e+01 -2.0000e+02 -1.7792e+00
5.0000e+01 -1.9000e+02 -9.4056e-01
5.0000e+01 -1.8000e+02 1.6424e+00
5.0000e+01 -1.7000e+02 6.1352e-01
5.0000e+01 -1.6000e+02 -1.4003e+00
5.0000e+01 -1.5000e+02 -1.9237e+00
5.0000e+01 -1.4000e+02 6.8959e-01
5.0000e+01 -1.3000e+02 -2.0444e+00
5.0000e+01 -1.2000e+02 1.6924e+00
5.0000e+01 -1.1000e+02 -3.1346e+00
5.0000e+01 -1.0000e+02 -8.9390e-01
5.0000e+01 -9.0000e+01 -3.2041e+00
5.0000e+01 -8.0000e+01 -1.9981e+00
5.0000e+01 -7.0000e+01 -4.9878e+00
5.0000e+01 -6.0000e+01 -7.8277e+00
5.0000e+01 -5.0000e+01 -6.9397e+00
5.0000e+01 -4.0000e+01 -1.0257e+01
5.0000e+01 -3.0000e+01 -9.0948e+00
5.0000e+01 -2.0000e+01 -8.4215e+00
5.0000e+01 -1.0000e+01 -8.8701e+00
5.0000e+01 0.0000e+00 -1.1197e+01
5.0000e+01 1.0000e+01 -1.0941e+01
5.0000e+01 2.0000e+01 -9.6934e+00
5.0000e+01 3.0000e+01 -1.0092e+01
5.0000e+01 4.0000e+01 -1.0282e+01
5.0000e+01 5.0000e+01 -6.5162e+00
5.0000e+01 6.0000e+01 -7.0997e+00
5.0000e+01 7.0000e+01 -5.3649e+00
5.0000e+01 8.0000e+01 -2.7606e+00
5.0000e+01 9.0000e+01 -9.9090e-01
5.0000e+01 1.0000e+02 -1.9540e+00
5.0000e+01 1.1000e+02 5.1556e-01
5.0000e+01 1.2000e+02 -2.5325e+00
5.0000e+01 1.3000e+02 -3.6285e+00
5.0000e+01 1.4000e+02 8.2907e-01
5.0000e+01 1.5000e+02 2.4472e-01
5.0000e+01 1.6000e+02 -1.0902e+00
5.0000e+01 1.7000e+02 -1.8736e+00
5.0000e+01 1.8000e+02 -1.9061e+00
5.0000e+01 1.9000e+02 1.6334e-01
5.0000e+01 2.0000e+02 1.0050e+00
6.0000e+01 -2.0000e+02 1.0756e+00
6.0000e+01 -1.9000e+02 -1.5347e+00
6.0000e+01 -1.8000e+02 1.4667e+00
6.0000e+01 -1.7000e+02 -9.3398e-01
6.0000e+01 -1.6000e+02 1.8576e+00
6.0000e+01 -1.5000e+02 5.8932e-01
6.0000e+01 -1.4000e+02 1.3459e+00
6.0000e+01 -1.3000e+02 -2.5462e+00
6.0000e+01 -1.2000e+02 1.6012e-01
6.0000e+01 -1.1000e+02 -2.1271e+00
6.0000e+01 -1.0000e+02 2.6161e+00
6.0000e+01 -9.0000e+01 -1.3218e+00
6.0000e+01 -8.0000e+01 -3.2247e+00
6.0000e+01 -7.0000e+01 -6.2315e+00
6.0000e+01 -6.0000e+01 -6.4297e+00
6.0000e+01 -5.0000e+01 -6.3004e+00
6.0000e+01 -4.0000e+01 -7.7423e+00
6.0000e+01 -3.0000e+01 -7.2073e+00
6.0000e+01 -2.0000e+01 -8.6857e+00
6.0000e+01 -1.0000e+01 -1.0039e+01
6.0000e+01 0.0000e+00 -8.0974e+00
6.0000e+01 1.0000e+01 -8.0770e+00
6.0000e+01 2.0000e+01 -6.4972e+00
6.0000e+01 3.0000e+01 -9.9895e+00
6.0000e+01 4.0000e+01 -6.4891e+00
6.0000e+01 5.0000e+01 -6.9218e+00
6.0000e+01 6.0000e+01 -6.0048e+00
6.0000e+01 7.0000e+01 -3.5376e+00
6.0000e+01 8.0000e+01 -1.7932e+00
6.0000e+01 9.0000e+01 -4.9571e+00
6.0000e+01 1.0000e+02 -1.8699e+00
6.0000e+01 1.1000e+02 -9.9407e-01
6.0000e+01 1.2000e+02 -3.3367e+00
6.0000e+01 1.3000e+02 2.7662e+00
6.0000e+01 1.4000e+02 -1.9444e-01
6.0000e+01 1.5000e+02 1.1102e+00
6.0000e+01 1.6000e+02 1.7093e+00
6.0000e+01 1.7000e+02 1.1669e+00
6.0000e+01 1.8000e+02 1.0520e+00
6.0000e+01 1.9000e+02 4.0697e-01
6.0000e+01 2.0000e+02 -1.6462e+00
7.0000e+01 -2.0000e+02 2.9331e-01
7.0000e+01 -1.9000e+02 1.9771e+00
7.0000e+01 -1.8000e+02 -1.8909e+00
7.0000e+01 -1.7000e+02 -4.6760e-01
7.0000e+01 -1.6000e+02 -8.5179e-01
7.0000e+01 -1.5000e+02 -9.6563e-01
7.0000e+01 -1.4000e+02 5.6706e-01
7.0000e+01 -1.3000e+02 1.7650e-01
7.0000e+01 -1.2000e+02 1.0128e+00
7.0000e+01 -1.1000e+02 -2.8933e+00
7.0000e+01 -1.0000e+02 -2.5158e+00
7.0000e+01 -9.0000e+01 -1.4968e+00
7.0000e+01 -8.0000e+01 -8.5120e-01
7.0000e+01 -7.0000e+01 -2.2484e+00
7.0000e+01 -6.0000e+01 -5.3091e+00
7.0000e+01 -5.0000e+01 -4.1539e+00
7.0000e+01 -4.0000e+01 -5.3380e+00
7.0000e+01 -3.0000e+01 -5.2387e+00
7.0000e+01 -2.0000e+01 -5.0982e+00
7.0000e+01 -1.0000e+01 -6.6964e+00
7.0000e+01 0.0000e+00 -3.8790e+00
7.0000e+01 1.0000e+01 -5.7736e+00
7.0000e+01 2.0000e+01 -6.8755e+00
7.0000e+01 3.0000e+01 -9.8775e+00
7.0000e+01 4.0000e+01 -5.5164e+00
7.0000e+01 5.0000e+01 -4.3119e+00
7.0000e+01 6.0000e+01 -3.2694e+00
7.0000e+01 7.0000e+01 -1.9926e+00
7.0000e+01 8.0000e+01 -3.6618e+00
7.0000e+01 9.0000e+01 -9.4085e-01
7.0000e+01 1.0000e+02 3.9040e-01
7.0000e+01 1.1000e+02 -9.4932e-01
7.0000e+01 1.2000e+02 1.3622e+00
7.0000e+01 1.3000e+02 -3.6227e-01
7.0000e+01 1.4000e+02 -2.4756e+00
7.0000e+01 1.5000e+02 -2.3366e+00
7.0000e+01 1.6000e+02 -1.3750e+00
7.0000e+01 1.7000e+02 3.0565e+00
7.0000e+01 1.8000e+02 1.0440e+00
7.0000e+01 1.9000e+02 8.2724e-01
7.0000e+01 2.0000e+02 -2.7320e-01
8.0000e+01 -2.0000e+02 2.7791e+00
8.0000e+01 -1.9000e+02 2.5900e-01
8.0000e+01 -1.8000e+02 -5.6114e-01
8.0000e+01 -1.7000e+02 9.8119e-02
8.0000e+01 -1.6000e+02 2.7401e-01
8.0000e+01 -1.5000e+02 1.6258e-01
8.0000e+01 -1.4000e+02 3.4782e-01
8.0000e+01 -1.3000e+02 7.1408e-01
8.0000e+01 -1.2000e+02 -3.4071e-02
8.0000e+01 -1.1000e+02 -4.4761e-01
8.0000e+01 -1.0000e+02 -2.3456e+00
8.0000e+01 -9.0000e+01 -3.2932e+00
8.0000e+01 -8.0000e+01 -1.7856e+00
8.0000e+01 -7.0000e+01 -1.4592e+00
8.0000e+01 -6.0000e+01 -3.2223e+00
8.0000e+01 -5.0000e+01 -4.5496e+00
8.0000e+01 -4.0000e+01 -2.4755e+00
8.0000e+01 -3.0000e+01 -4.6747e+00
8.0000e+01 -2.0000e+01 -4.5982e+00
8.0000e+01 -1.0000e+01 -5.6499e+00
8.0000e+01 0.0000e+00 -6.6169e+00
8.0000e+01 1.0000e+01 -6.1063e+00
8.0000e+01 2.0000e+01 -2.3813e+00
8.0000e+01 3.0000e+01 -6.1881e+00
8.0000e+01 4.0000e+01 -6.5619e+00
8.0000e+01 5.0000e+01 -1.3079e+00
8.0000e+01 6.0000e+01 -4.6377e+00
8.0000e+01 7.0000e+01 -2.9301e+00
8.0000e+01 8.0000e+01 -7.9840e-01
8.0000e+01 9.0000e+01 -2.6573e-01
8.0000e+01 1.0000e+02 -1.9853e+00
8.0000e+01 1.1000e+02 -1.7387e+00
8.0000e+01 1.2000e+02 4.6550e-01
8.0000e+01 1.3000e+02 -1.7599e+00
8.0000e+01 1.4000e+02 -4.0090e-01
8.0000e+01 1.5000e+02 1.0058e-01
8.0000e+01 1.6000e+02 5.6609e-01
8.0000e+01 1.7000e+02 -1.4751e+00
8.0000e+01 1.8000e+02 -9.3925e-02
8.0000e+01 1.9000e+02 6.9912e-01
8.0000e+01 2.0000e+02 -4.1701e-01
9.0000e+01 -2.0000e+02 -1.8237e+00
9.0000e+01 -1.9000e+02 1.5445e+00
9.0000e+01 -1.8000e+02 -2.1923e+00
9.0000e+01 -1.7000e+02 -8.3620e-01
9.0000e+01 -1.6000e+02 -1.1008e+00
9.0000e+01 -1.5000e+02 1.1023e+00
9.0000e+01 -1.4000e+02 -3.2743e+00
9.0000e+01 -1.3000e+02 9.1287e-01
9.0000e+01 -1.2000e+02 -1.6265e+00
9.0000e+01 -1.1000e+02 -7.6857e-01
9.0000e+01 -1.0000e+02 -1.5275e+00
9.0000e+01 -9.0000e+01 -2.9459e-01
9.0000e+01 -8.0000e+01 6.2288e-01
9.0000e+01 -7.0000e+01 -1.1755e+00
9.0000e+01 -6.0000e+01 -3.9666e+00
9.0000e+01 -5.0000e+01 -3.3063e+00
9.0000e+01 -4.0000e+01 -2.3441e+00
9.0000e+01 -3.0000e+01 -1.9184e+00
9.0000e+01 -2.0000e+01 -4.6176e+00
9.0000e+01 -1.0000e+01 -8.9749e+00
9.0000e+01 0.0000e+00 -4.7740e+00
9.0000e+01 1.0000e+01 -5.6102e+00
9.0000e+01 2.0000e+01 -2.7624e+00
9.0000e+01 3.0000e+01 -4.1932e+00
9.0000e+01 4.0000e+01 -1.9736e+00
9.0000e+01 5.0000e+01 -2.3185e+00
9.0000e+01 6.0000e+01 -1.2298e+00
9.0000e+01 7.0000e+01 -1.8715e+00
9.0000e+01 8.0000e+01 -2.0304e+00
9.0000e+01 9.0000e+01 -2.9748e+00
9.0000e+01 1.0000e+02 -1.5498e+00
9.0000e+01 1.1000e+02 -1.2871e-01
9.0000e+01 1.2000e+02 -6.0758e-01
9.0000e+01 1.3000e+02 2.4289e-01
9.0000e+01 1.4000e+02 5.4168e-01
9.0000e+01 1.5000e+02 -1.8256e+00
9.0000e+01 1.6000e+02 1.3370e+00
9.0000e+01 1.7000e+02 -3.2374e-01
9.0000e+01 1.8000e+02 -1.5294e+00
9.0000e+01 1.9000e+02 -5.0608e-01
9.0000e+01 2.0000e+02 1.4255e-01
1.0000e+02 -2.0000e+02 1.0282e+00
1.0000e+02 -1.9000e+02 2.3704e+00
1.0000e+02 -1.8000e+02 5.2557e+00
1.0000e+02 -1.7000e+02 1.1791e+00
1.0000e+02 -1.6000e+02 -2.7903e+00
1.0000e+02 -1.5000e+02 -6.0775e-01
1.0000e+02 -1.4000e+02 -6.7991e-01
1.0000e+02 -1.3000e+02 -6.6853e-01
1.0000e+02 -1.2000e+02 3.2323e-01
1.0000e+02 -1.1000e+02 -2.9598e+00
1.0000e+02 -1.0000e+02 -4.2997e+00
1.0000e+02 -9.0000e+01 -7.1227e-01
1.0000e+02 -8.0000e+01 -1.5552e+00
1.0000e+02 -7.0000e+01 1.6317e+00
1.0000e+02 -6.0000e+01 -2.4573e+00
1.0000e+02 -5.0000e+01 -4.8577e-01
1.0000e+02 -4.0000e+01 -3.7730e+00
1.0000e+02 -3.0000e+01 -2.5258e+00
1.0000e+02 -2.0000e+01 -6.9238e+00
1.0000e+02 -1.0000e+01 -3.0996e+00
1.0000e+02 0.0000e+00 -2.4633e+00
1.0000e+02 1.0000e+01 -7.3809e+00
1.0000e+02 2.0000e+01 -6.3006e-01
1.0000e+02 3.0000e+01 -1.8419e+00
1.0000e+02 4.0000e+01 -1.8736e+00
1.0000e+02 5.0000e+01 -4.6653e-01
1.0000e+02 6.0000e+01 -2.3342e+00
1.0000e+02 7.0000e+01 -6.1322e-01
1.0000e+02 8.0000e+01 -1.7168e+00
1.0000e+02 9.0000e+01 -1.2057e+00
1.0000e+02 1.0000e+02 -2.2168e+00
1.0000e+02 1.1000e+02 -3.4268e-01
1.0000e+02 1.2000e+02 -1.7831e+00
1.0000e+02 1.3000e+02 6.9253e-02
1.0000e+02 1.4000e+02 -1.2603e+00
1.0000e+02 1.5000e+02 2.7676e-01
1.0000e+02 1.6000e+02 7.7275e-02
1.0000e+02 1.7000e+02 1.0024e+00
1.0000e+02 1.8000e+02 2.4171e-01
1.0000e+02 1.9000e+02 1.3387e+00
1.0000e+02 2.0000e+02 -1.8232e+00
1.1000e+02 -2.0000e+02 -6.4705e-01
1.1000e+02 -1.9000e+02 -1.9257e+00
1.1000e+02 -1.8000e+02 -1.1562e+00
1.1000e+02 -1.7000e+02 -5.3312e-01
1.1000e+02 -1.6000e+02 -1.1144e-01
1.1000e+02 -1.5000e+02 -1.5804e-01
1.1000e+02 -1.4000e+02 -3.3322e+00
1.1000e+02 -1.3000e+02 1.5109e+00
1.1000e+02 -1.2000e+02 1.0014e+00
1.1000e+02 -1.1000e+02 5.0849e-01
1.1000e+02 -1.0000e+02 -2.5556e+00
1.1000e+02 -9.0000e+01 -3.4797e+00
1.1000e+02 -8.0000e+01 -1.5270e+00
1.1000e+02 -7.0000e+01 -1.7271e+00
1.1000e+02 -6.0000e+01 -3.9782e-01
1.1000e+02 -5.0000e+01 -1.5028e+00
1.1000e+02 -4.0000e+01 -2.1624e+00
1.1000e+02 -3.0000e+01 -2.7802e+00
1.1000e+02 -2.0000e+01 -3.4221e+00
1.1000e+02 -1.0000e+01 -3.0671e+00
1.1000e+02 0.0000e+00 -4.4696e+00
1.1000e+02 1.0000e+01 -3.9568e+00
1.1000e+02 2.0000e+01 -3.0756e+00
1.1000e+02 3.0000e+01 -3.8128e+00
1.1000e+02 4.0000e+01 -2.0824e+00
1.1000e+02 5.0000e+01 -2.0383e+00
1.1000e+02 6.0000e+01 -9.4821e-01
1.1000e+02 7.0000e+01 -8.6295e-01
1.1000e+02 8.0000e+01 -7.6091e-01
1.1000e+02 9.0000e+01 -1.9876e+00
1.1000e+02 1.0000e+02 -1.3201e+00
1.1000e+02 1.1000e+02 3.4377e+00
1.1000e+02 1.2000e+02 -2.2865e+00
1.1000e+02 1.3000e+02 2.2352e+00
1.1000e+02 1.4000e+02 1.3890e+00
1.1000e+02 1.5000e+02 -1.2733e+00
1.1000e+02 1.6000e+02 1.4034e+00
1.1000e+02 1.7000e+02 -6.6541e-03
1.1000e+02 1.8000e+02 7.0534e-01
1.1000e+02 1.9000e+02 5.6690e-01
1.1000e+02 2.0000e+02 2.5772e-01
1.2000e+02 -2.0000e+02 1.5001e+00
1.2000e+02 -1.9000e+02 1.6137e-01
1.2000e+02 -1.8000e+02 -7.4727e-01
1.2000e+02 -1.7000e+02 -5.7949e-01
1.2000e+02 -1.6000e+02 1.1869e+00
1.2000e+02 -1.5000e+02 -1.8372e-01
1.2000e+02 -1.4000e+02 -1.1194e+00
1.2000e+02 -1.3000e+02 1.2853e+00
1.2000e+02 -1.2000e+02 -1.3482e-01
1.2000e+02 -1.1000e+02 1.5495e+00
1.2000e+02 -1.0000e+02 -2.7143e+00
1.2000e+02 -9.0000e+01 -1.1187e+00
1.2000e+02 -8.0000e+01 -1.6117e+00
1.2000e+02 -7.0000e+01 -4.7095e-01
1.2000e+02 -6.0000e+01 2.5309e+00
1.2000e+02 -5.0000e+01 4.4398e-01
1.2000e+02 -4.0000e+01 -8.3645e-01
1.2000e+02 -3.0000e+01 -2.0487e-01
1.2000e+02 -2.0000e+01 -1.8055e+00
1.2000e+02 -1.0000e+01 -9.0619e-01
1.2000e+02 0.0000e+00 -1.2898e+00
1.2000e+02 1.0000e+01 -3.5953e+00
1.2000e+02 2.0000e+01 6.9715e-01
1.2000e+02 3.0000e+01 -1.8734e+00
1.2000e+02 4.0000e+01 -4.0646e-01
1.2000e+02 5.0000e+01 -8.7535e-01
1.2000e+02 6.0000e+01 -1.8247e+00
1.2000e+02 7.0000e+01 -1.7918e+00
1.2000e+02 8.0000e+01 1.6915e+00
1.2000e+02 9.0000e+01 -2.6650e-02
1.2000e+02 1.0000e+02 1.2871e+00
1.2000e+02 1.1000e+02 -1.1970e+00
1.2000e+02 1.2000e+02 7.8800e-01
1.2000e+02 1.3000e+02 7.7425e-01
1.2000e+02 1.4000e+02 4.8544e-01
1.2000e+02 1.5000e+02 -1.6723e-01
1.2000e+02 1.6000e+02 -6.0053e-01
1.2000e+02 1.7000e+02 5.1337e-01
1.2000e+02 1.8000e+02 1.9921e-01
1.2000e+02 1.9000e+02 3.0246e+00
1.2000e+02 2.0000e+02 -1.0402e+00
1.3000e+02 -2.0000e+02 -1.9090e+00
1.3000e+02 -1.9000e+02 7.3536e-01
1.3000e+02 -1.8000e+02 -3.7814e+00
1.3000e+02 -1.7000e+02 1.4851e+00
1.3000e+02 -1.6000e+02 -2.4682e+00
1.3000e+02 -1.5000e+02 -8.8189e-01
1.3000e+02 -1.4000e+02 -5.4375e-01
1.3000e+02 -1.3000e+02 1.6996e+00
1.3000e+02 -1.2000e+02 -8.6296e-01
1.3000e+02 -1.1000e+02 2.6212e+00
1.3000e+02 -1.0000e+02 1.6587e+00
1.3000e+02 -9.0000e+01 -3.5994e-01
1.3000e+02 -8.0000e+01 5.8382e-01
1.3000e+02 -7.0000e+01 5.2451e-01
1.3000e+02 -6.0000e+01 1.7170e+00
1.3000e+02 -5.0000e+01 7.2591e-01
1.3000e+02 -4.0000e+01 -9.0725e-01
1.3000e+02 -3.0000e+01 2.5640e+00
1.3000e+02 -2.0000e+01 -2.9386e+00
1.3000e+02 -1.0000e+01 -8.6016e-01
1.3000e+02 0.0000e+00 -2.2848e+00
1.3000e+02 1.0000e+01 1.0209e-01
1.3000e+02 2.0000e+01 -1.3300e+00
1.3000e+02 3.0000e+01 -2.6983e+00
1.3000e+02 4.0000e+01 -2.8199e+00
1.3000e+02 5.0000e+01 -1.9109e+00
1.3000e+02 6.0000e+01 -1.3859e+00
1.3000e+02 7.0000e+01 2.1314e+00
1.3000e+02 8.0000e+01 -4.8875e-02
1.3000e+02 9.0000e+01 6.1527e-01
1.3000e+02 1.0000e+02 -8.3661e-01
1.3000e+02 1.1000e+02 5.9902e-01
1.3000e+02 1.2000e+02 -6.9443e-01
1.3000e+02 1.3000e+02 1.5642e+00
1.3000e+02 1.4000e+02 1.6243e+00
1.3000e+02 1.5000e+02 -1.6481e+00
1.3000e+02 1.6000e+02 -1.5623e+00
1.3000e+02 1.7000e+02 1.7096e+00
1.3000e+02 1.8000e+02 1.6663e+00
1.3000e+02 1.9000e+02 1.4208e+00
1.3000e+02 2.0000e+02 1.4349e+00
1.4000e+02 -2.0000e+02 1.2020e+00
1.4000e+02 -1.9000e+02 -1.5027e+00
1.4000e+02 -1.8000e+02 1.3568e+00
1.4000e+02 -1.7000e+02 -9.0888e-01
1.4000e+02 -1.6000e+02 6.2098e-01
1.4000e+02 -1.5000e+02 2.9902e-01
1.4000e+02 -1.4000e+02 2.4691e+00
1.4000e+02 -1.3000e+02 8.4691e-01
1.4000e+02 -1.2000e+02 4.6611e-02
1.4000e+02 -1.1000e+02 1.4252e-01
1.4000e+02 -1.0000e+02 1.4248e+00
1.4000e+02 -9.0000e+01 2.5292e-01
1.4000e+02 -8.0000e+01 2.1168e+00
1.4000e+02 -7.0000e+01 -4.1632e-01
1.4000e+02 -6.0000e+01 1.2250e-01
1.4000e+02 -5.0000e+01 1.3315e+00
1.4000e+02 -4.0000e+01 9.6206e-02
1.4000e+02 -3.0000e+01 -2.0900e-01
1.4000e+02 -2.0000e+01 2.2335e+00
1.4000e+02 -1.0000e+01 -1.9462e+00
1.4000e+02 0.0000e+00 -2.5503e+00
1.4000e+02 1.0000e+01 -2.2952e+00
1.4000e+02 2.0000e+01 5.7621e-01
1.4000e+02 3.0000e+01 -1.0410e+00
1.4000e+02 4.0000e+01 6.7513e-01
1.4000e+02 5.0000e+01 -1.3522e+00
1.4000e+02 6.0000e+01 1.3113e+00
1.4000e+02 7.0000e+01 -6.0435e-01
1.4000e+02 8.0000e+01 3.1538e-01
1.4000e+02 9.0000e+01 6.1978e-02
1.4000e+02 1.0000e+02 -2.0275e+00
1.4000e+02 1.1000e+02 -5.8236e-01
1.4000e+02 1.2000e+02 -6.0018e-01
1.4000e+02 1.3000e+02 -2.1774e+00
1.4000e+02 1.4000e+02 -2.7194e+00
1.4000e+02 1.5000e+02 -6.5471e-01
1.4000e+02 1.6000e+02 1.2402e+00
1.4000e+02 1.7000e+02 1.3666e+00
1.4000e+02 1.8000e+02 4.4626e+00
1.4000e+02 1.9000e+02 -1.3944e+00
1.4000e+02 2.0000e+02 -5.8120e+00
1.5000e+02 -2.0000e+02 3.9334e-01
1.5000e+02 -1.9000e+02 -3.2264e+00
1.5000e+02 -1.8000e+02 1.4618e+00
1.5000e+02 -1.7000e+02 -9.0866e-01
1.5000e+02 -1.6000e+02 -8.3579e-02
1.5000e+02 -1.5000e+02 3.9831e-01
1.5000e+02 -1.4000e+02 -3.7800e+00
1.5000e+02 -1.3000e+02 3.6869e-01
1.5000e+02 -1.2000e+02 -1.4475e+00
1.5000e+02 -1.1000e+02 -2.0209e-01
1.5000e+02 -1.0000e+02 -5.0880e-01
1.5000e+02 -9.0000e+01 1.2226e+00
1.5000e+02 -8.0000e+01 -1.1462e+00
1.5000e+02 -7.0000e+01 -1.2090e+00
1.5000e+02 -6.0000e+01 -5.2051e-02
1.5000e+02 -5.0000e+01 -1.0491e+00
1.5000e+02 -4.0000e+01 -1.8268e+00
1.5000e+02 -3.0000e+01 -1.4499e+00
1.5000e+02 -2.0000e+01 4.2990e-02
1.5000e+02 -1.0000e+01 -1.0183e+00
1.5000e+02 0.0000e+00 -2.7702e+00
1.5000e+02 1.0000e+01 2.2571e+00
1.5000e+02 2.0000e+01 -3.7487e-01
1.5000e+02 3.0000e+01 -6.1852e-01
1.5000e+02 4.0000e+01 2.8519e-01
1.5000e+02 5.0000e+01 -1.7372e+00
1.5000e+02 6.0000e+01 -1.4808e+00
1.5000e+02 7.0000e+01 -1.0182e+00
1.5000e+02 8.0000e+01 2.6669e+00
1.5000e+02 9.0000e+01 -5.3082e-01
1.5000e+02 1.0000e+02 1.9921e+00
1.5000e+02 1.1000e+02 -8.7457e-01
1.5000e+02 1.2000e+02 -8.4153e-01
1.5000e+02 1.3000e+02 -3.6728e+00
1.5000e+02 1.4000e+02 -1.4044e+00
1.5000e+02 1.5000e+02 -1.1437e-01
1.5000e+02 1.6000e+02 2.5662e+00
1.5000e+02 1.7000e+02 5.4423e-01
1.5000e+02 1.8000e+02 -2.1925e-01
1.5000e+02 1.9000e+02 -1.0047e+00
1.5000e+02 2.0000e+02 -1.0803e+00
1.6000e+02 -2.0000e+02 -7.7526e-01
1.6000e+02 -1.9000e+02 1.3322e+00
1.6000e+02 -1.8000e+02 2.6350e-01
1.6000e+02 -1.7000e+02 -5.4611e+00
1.6000e+02 -1.6000e+02 -2.0716e+00
1.6000e+02 -1.5000e+02 -2.5573e+00
1.6000e+02 -1.4000e+02 -1.3389e+00
1.6000e+02 -1.3000e+02 -4.8126e-01
1.6000e+02 -1.2000e+02 -5.4402e-01
1.6000e+02 -1.1000e+02 -1.6076e+00
1.6000e+02 -1.0000e+02 -9.2472e-01
1.6000e+02 -9.0000e+01 1.0759e+00
1.6000e+02 -8.0000e+01 7.9035e-01
1.6000e+02 -7.0000e+01 -1.6690e+00
1.6000e+02 -6.0000e+01 -1.2071e+00
1.6000e+02 -5.0000e+01 -1.8270e+00
1.6000e+02 -4.0000e+01 -2.8912e-01
1.6000e+02 -3.0000e+01 9.7433e-01
1.6000e+02 -2.0000e+01 2.5547e-02
1.6000e+02 -1.0000e+01 -1.4683e+00
1.6000e+02 0.0000e+00 -9.3104e-02
1.6000e+02 1.0000e+01 -4.9788e-01
1.6000e+02 2.0000e+01 -1.4920e+00
1.6000e+02 3.0000e+01 -9.4226e-01
1.6000e+02 4.0000e+01 -2.0054e+00
1.6000e+02 5.0000e+01 1.3382e+00
1.6000e+02 6.0000e+01 -6.9194e-01
1.6000e+02 7.0000e+01 2.7474e-02
1.6000e+02 8.0000e+01 6.9845e-01
1.6000e+02 9.0000e+01 1.4406e+00
1.6000e+02 1.0000e+02 -1.4687e+00
1.6000e+02 1.1000e+02 2.3705e-01
1.6000e+02 1.2000e+02 -3.6213e-01
1.6000e+02 1.3000e+02 1.7066e+00
1.6000e+02 1.4000e+02 1.9220e+00
1.6000e+02 1.5000e+02 -1.6647e+00
1.6000e+02 1.6000e+02 8.6350e-01
1.6000e+02 1.7000e+02 9.9876e-01
1.6000e+02 1.8000e+02 -3.9049e+00
1.6000e+02 1.9000e+02 1.2917e+00
1.6000e+02 2.0000e+02 2.4124e+00
1.7000e+02 -2.0000e+02 -1.6109e+00
1.7000e+02 -1.9000e+02 1.7174e-01
1.7000e+02 -1.8000e+02 3.9207e-01
1.7000e+02 -1.7000e+02 -7.1804e-02
1.7000e+02 -1.6000e+02 1.3382e+00
1.7000e+02 -1.5000e+02 -1.4384e+00
1.7000e+02 -1.4000e+02 -1.7465e+00
1.7000e+02 -1.3000e+02 -1.6703e+00
1.7000e+02 -1.2000e+02 9.5944e-01
1.7000e+02 -1.1000e+02 2.6615e+00
1.7000e+02 -1.0000e+02 -4.8510e-01
1.7000e+02 -9.0000e+01 -3.3432e+00
1.7000e+02 -8.0000e+01 3.1028e-01
1.7000e+02 -7.0000e+01 -2.3411e+00
1.7000e+02 -6.0000e+01 -7.4836e-01
1.7000e+02 -5.0000e+01 -2.0889e-01
1.7000e+02 -4.0000e+01 1.0975e+00
1.7000e+02 -3.0000e+01 -8.7396e-01
1.7000e+02 -2.0000e+01 1.3661e+00
1.7000e+02 -1.0000e+01 -1.9447e+00
1.7000e+02 0.0000e+00 -2.0131e+00
1.7000e+02 1.0000e+01 1.6231e+00
1.7000e+02 2.0000e+01 -1.2987e+00
1.7000e+02 3.0000e+01 1.4943e+00
1.7000e+02 4.0000e+01 1.3339e+00
1.7000e+02 5.0000e+01 -1.6937e+00
1.7000e+02 6.0000e+01 -2.8522e-01
1.7000e+02 7.0000e+01 -1.4183e+00
1.7000e+02 8.0000e+01 2.5806e+00
1.7000e+02 9.0000e+01 3.7170e-01
1.7000e+02 1.0000e+02 2.7501e+00
1.7000e+02 1.1000e+02 1.0041e-01
1.7000e+02 1.2000e+02 8.5164e-01
1.7000e+02 1.3000e+02 -5.4789e-01
1.7000e+02 1.4000e+02 -1.5611e+00
1.7000e+02 1.5000e+02 2.3000e+00
1.7000e+02 1.6000e+02 3.6696e+00
1.7000e+02 1.7000e+02 3.6525e-01
1.7000e+02 1.8000e+02 -2.3075e-01
1.7000e+02 1.9000e+02 8.8384e-02
1.7000e+02 2.0000e+02 9.6904e-02
1.8000e+02 -2.0000e+02 2.1231e+00
1.8000e+02 -1.9000e+02 1.4908e+00
1.8000e+02 -1.8000e+02 -1.1153e+00
1.8000e+02 -1.7000e+02 -5.9901e-02
1.8000e+02 -1.6000e+02 -3.7899e+00
1.8000e+02 -1.5000e+02 -1.1338e+00
1.8000e+02 -1.4000e+02 8.1521e-01
1.8000e+02 -1.3000e+02 -2.3326e+00
1.8000e+02 -1.2000e+02 -2.1741e-01
1.8000e+02 -1.1000e+02 9.4968e-01
1.8000e+02 -1.0000e+02 4.9642e+00
1.8000e+02 -9.0000e+01 1.5713e+00
1.8000e+02 -8.0000e+01 -2.0553e+00
1.8000e+02 -7.0000e+01 -2.4341e+00
1.8000e+02 -6.0000e+01 -4.7008e-01
1.8000e+02 -5.0000e+01 -2.5586e+00
1.8000e+02 -4.0000e+01 7.6971e-01
1.8000e+02 -3.0000e+01 -3.0598e+00
1.8000e+02 -2.0000e+01 -1.6823e+00
1.8000e+02 -1.0000e+01 3.0187e+00
1.8000e+02 0.0000e+00 -3.0405e+00
1.8000e+02 1.0000e+01 2.3774e+00
1.8000e+02 2.0000e+01 -2.0453e+00
1.8000e+02 3.0000e+01 -2.8553e+00
1.8000e+02 4.0000e+01 1.0470e+00
1.8000e+02 5.0000e+01 -6.7130e-02
1.8000e+02 6.0000e+01 -3.0199e+00
1.8000e+02 7.0000e+01 -3.6825e-01
1.8000e+02 8.0000e+01 5.2890e-01
1.8000e+02 9.0000e+01 4.1404e-01
1.8000e+02 1.0000e+02 1.8875e+00
1.8000e+02 1.1000e+02 -3.0980e+00
1.8000e+02 1.2000e+02 8.1014e-01
1.8000e+02 1.3000e+02 3.2016e-01
1.8000e+02 1.4000e+02 2.2528e+00
1.8000e+02 1.5000e+02 -1.1212e+00
1.8000e+02 1.6000e+02 -3.0534e+00
1.8000e+02 1.7000e+02 4.4457e-01
1.8000e+02 1.8000e+02 -6.6110e-01
1.8000e+02 1.9000e+02 5.9353e-01
1.8000e+02 2.0000e+02 1.2637e+00
1.9000e+02 -2.0000e+02 1.8348e+00
1.9000e+02 -1.9000e+02 -2.7186e-01
1.9000e+02 -1.8000e+02 2.2699e+00
1.9000e+02 -1.7000e+02 1.5043e-01
1.9000e+02 -1.6000e+02 -2.3315e+00
1.9000e+02 -1.5000e+02 -8.3185e-01
1.9000e+02 -1.4000e+02 -1.2017e+00
1.9000e+02 -1.3000e+02 -1.7637e+00
1.9000e+02 -1.2000e+02 4.9596e-01
1.9000e+02 -1.1000e+02 -1.1869e+00
1.9000e+02 -1.0000e+02 -9.2807e-01
1.9000e+02 -9.0000e+01 3.6819e-02
1.9000e+02 -8.0000e+01 1.8727e+00
1.9000e+02 -7.0000e+01 -2.7977e+00
1.9000e+02 -6.0000e+01 8.7021e-01
1.9000e+02 -5.0000e+01 -7.7530e-01
1.9000e+02 -4.0000e+01 -7.9836e-01
1.9000e+02 -3.0000e+01 3.7582e-01
1.9000e+02 -2.0000e+01 -5.0643e-01
1.9000e+02 -1.0000e+01 3.8382e+00
1.9000e+02 0.0000e+00 2.8030e-01
1.9000e+02 1.0000e+01 -3.0040e-01
1.9000e+02 2.0000e+01 2.6448e-01
1.9000e+02 3.0000e+01 2.7388e+00
1.9000e+02 4.0000e+01 -1.8238e+00
1.9000e+02 5.0000e+01 -5.8989e-01
1.9000e+02 6.0000e+01 -3.0108e+00
1.9000e+02 7.0000e+01 5.9391e-01
1.9000e+02 8.0000e+01 3.3174e-01
1.9000e+02 9.0000e+01 -2.2597e+00
1.9000e+02 1.0000e+02 9.3276e-01
1.9000e+02 1.1000e+02 -2.9418e-01
1.9000e+02 1.2000e+02 -9.7429e-01
1.9000e+02 1.3000e+02 4.9859e-01
1.9000e+02 1.4000e+02 5.8842e-01
1.9000e+02 1.5000e+02 5.6998e-01
1.9000e+02 1.6000e+02 -1.8563e+00
1.9000e+02 1.7000e+02 4.4929e-01
1.9000e+02 1.8000e+02 -3.8745e-01
1.9000e+02 1.9000e+02 1.7285e-01
1.9000e+02 2.0000e+02 -7.2336e-01
2.0000e+02 -2.0000e+02 -2.4282e+00
2.0000e+02 -1.9000e+02 -9.6851e-01
2.0000e+02 -1.8000e+02 1.2692e-01
2.0000e+02 -1.7000e+02 2.5946e+00
2.0000e+02 -1.6000e+02 6.5309e-01
2.0000e+02 -1.5000e+02 1.3081e+00
2.0000e+02 -1.4000e+02 5.2586e-01
2.0000e+02 -1.3000e+02 -7.3729e-01
2.0000e+02 -1.2000e+02 1.8592e+00
2.0000e+02 -1.1000e+02 1.5567e-01
2.0000e+02 -1.0000e+02 9.6209e-01
2.0000e+02 -9.0000e+01 -4.4368e-01
2.0000e+02 -8.0000e+01 6.2924e-01
2.0000e+02 -7.0000e+01 -3.6056e-01
2.0000e+02 -6.0000e+01 -1.9024e+00
2.0000e+02 -5.0000e+01 -6.9939e-01
2.0000e+02 -4.0000e+01 -2.2322e-01
2.0000e+02 -3.0000e+01 -1.5540e+00
2.0000e+02 -2.0000e+01 -1.6540e+00
2.0000e+02 -1.0000e+01 1.6540e+00
2.0000e+02 0.0000e+00 -4.9013e-01
2.0000e+02 1.0000e+01 1.5742e+00
2.0000e+02 2.0000e+01 1.6914e+00
2.0000e+02 3.0000e+01 4.2684e-01
2.0000e+02 4.0000e+01 8.8328e-01
2.0000e+02 5.0000e+01 -1.0935e+00
2.0000e+02 6.0000e+01 1.7154e+00
2.0000e+02 7.0000e+01 -1.0331e+00
2.0000e+02 8.0000e+01 1.6462e+00
2.0000e+02 9.0000e+01 1.0298e+00
2.0000e+02 1.0000e+02 2.2074e+00
2.0000e+02 1.1000e+02 1.2456e+00
2.0000e+02 1.2000e+02 3.3116e-01
2.0000e+02 1.3000e+02 -1.2974e+00
2.0000e+02 1.4000e+02 2.9543e+00
2.0000e+02 1.5000e+02 1.0111e+00
2.0000e+02 1.6000e+02 2.0538e+00
2.0000e+02 1.7000e+02 -8.1480e-01
2.0000e+02 1.8000e+02 -6.4261e-01
2.0000e+02 1.9000e+02 1.1954e+00
2.0000e+02 2.0000e+02 1.5508e+00
