-2.0000e+02 -2.0000e+02 -7.7471e-01
-2.0000e+02 -1.9000e+02 -4.7125e-01
-2.0000e+02 -1.8000e+02 2.7133e+00
-2.0000e+02 -1.7000e+02 1.6898e-01
-2.0000e+02 -1.6000e+02 -2.7540e+00
-2.0000e+02 -1.5000e+02 -1.2555e+00
-2.0000e+02 -1.4000e+02 -1.1887e+00
-2.0000e+02 -1.3000e+02 -1.6138e-01
-2.0000e+02 -1.2000e+02 1.6780e-02
-2.0000e+02 -1.1000e+02 -6.0919e-01
-2.0000e+02 -1.0000e+02 -8.7169e-01
-2.0000e+02 -9.0000e+01 1.6038e-01
-2.0000e+02 -8.0000e+01 -4.6277e-02
-2.0000e+02 -7.0000e+01 1.5867e+00
-2.0000e+02 -6.0000e+01 2.3138e+00
-2.0000e+02 -5.0000e+01 -3.0825e+00
-2.0000e+02 -4.0000e+01 1.0694e+00
-2.0000e+02 -3.0000e+01 -1.2082e+00
-2.0000e+02 -2.0000e+01 4.6857e-01
-2.0000e+02 -1.0000e+01 6.6938e-01
-2.0000e+02 0.0000e+00 1.6918e+00
-2.0000e+02 1.0000e+01 -1.2911e+00
-2.0000e+02 2.0000e+01 3.3578e-01
-2.0000e+02 3.0000e+01 -1.2265e+00
-2.0000e+02 4.0000e+01 -1.1771e+00
-2.0000e+02 5.0000e+01 2.1703e+00
-2.0000e+02 6.0000e+01 -3.7622e+00
-2.0000e+02 7.0000e+01 -7.2099e-01
-2.0000e+02 8.0000e+01 7.1887e-03
-2.0000e+02 9.0000e+01 2.8620e-01
-2.0000e+02 1.0000e+02 1.5456e+00
-2.0000e+02 1.1000e+02 -7.8225e-01
-2.0000e+02 1.2000e+02 -1.4971e+00
-2.0000e+02 1.3000e+02 5.9536e-01
-2.0000e+02 1.4000e+02 -1.7907e+00
-2.0000e+02 1.5000e+02 -7.5789e-01
-2.0000e+02 1.6000e+02 1.1170e+00
-2.0000e+02 1.7000e+02 5.9111e-01
-2.0000e+02 1.8000e+02 8.9652e-01
-2.0000e+02 1.9000e+02 -1.8979e+00
-2.0000e+02 2.0000e+02 -7.7341e-01
-1.9000e+02 -2.0000e+02 1.0471e+00
-1.9000e+02 -1.9000e+02 -3.4333e-01
-1.9000e+02 -1.8000e+02 7.5057e-01
-1.9000e+02 -1.7000e+02 1.0519e+00
-1.9000e+02 -1.6000e+02 -1.1106e+00
-1.9000e+02 -1.5000e+02 -2.9965e+00
-1.9000e+02 -1.4000e+02 1.9829e+00
-1.9000e+02 -1.3000e+02 -2.9247e-01
-1.9000e+02 -1.2000e+02 -2.7369e+00
-1.9000e+02 -1.1000e+02 1.8038e+00
-1.9000e+02 -1.0000e+02 -1.0495e+00
-1.9000e+02 -9.0000e+01 -1.8756e+00
-1.9000e+02 -8.0000e+01 1.6966e+00
-1.9000e+02 -7.0000e+01 -1.7335e+00
-1.9000e+02 -6.0000e+01 -1.9530e+00
-1.9000e+02 -5.0000e+01 -1.0100e+00
-1.9000e+02 -4.0000e+01 -7.8661e-01
-1.9000e+02 -3.0000e+01 3.3975e-01
-1.9000e+02 -2.0000e+01 1.3124e+00
-1.9000e+02 -1.0000e+01 4.6840e-02
-1.9000e+02 0.0000e+00 -2.0344e+00
-1.9000e+02 1.0000e+01 1.4153e+00
-1.9000e+02 2.0000e+01 -1.4335e+00
-1.9000e+02 3.0000e+01 -6.7835e-02
-1.9000e+02 4.0000e+01 6.3241e-01
-1.9000e+02 5.0000e+01 -1.0444e+00
-1.9000e+02 6.0000e+01 -1.5248e+00
-1.9000e+02 7.0000e+01 -1.2934e+00
-1.9000e+02 8.0000e+01 -5.4203e-01
-1.9000e+02 9.0000e+01 -8.3939e-01
-1.9000e+02 1.0000e+02 -1.7279e+00
-1.9000e+02 1.1000e+02 1.5998e+00
-1.9000e+02 1.2000e+02 6.4161e-01
-1.9000e+02 1.3000e+02 -9.5998e-01
-1.9000e+02 1.4000e+02 6.6411e-03
-1.9000e+02 1.5000e+02 -6.4946e-01
-1.9000e+02 1.6000e+02 1.4388e+00
-1.9000e+02 1.7000e+02 -4.6685e-01
-1.9000e+02 1.8000e+02 7.0093e-01
-1.9000e+02 1.9000e+02 -1.9625e+00
-1.9000e+02 2.0000e+02 -2.5753e-02
-1.8000e+02 -2.0000e+02 4.8748e-02
-1.8000e+02 -1.9000e+02 -2.5991e-01
-1.8000e+02 -1.8000e+02 1.2457e+00
-1.8000e+02 -1.7000e+02 2.6778e-01
-1.8000e+02 -1.6000e+02 -2.0123e-01
-1.8000e+02 -1.5000e+02 1.3980e+00
-1.8000e+02 -1.4000e+02 1.4122e+00
-1.8000e+02 -1.3000e+02 6.6155e-01
-1.8000e+02 -1.2000e+02 -1.5772e+00
-1.8000e+02 -1.1000e+02 6.4695e-01
-1.8000e+02 -1.0000e+02 1.0316e+00
-1.8000e+02 -9.0000e+01 -2.0124e-01
-1.8000e+02 -8.0000e+01 -1.1281e+00
-1.8000e+02 -7.0000e+01 1.6071e+00
-1.8000e+02 -6.0000e+01 -3.4435e-01
-1.8000e+02 -5.0000e+01 1.4156e+00
-1.8000e+02 -4.0000e+01 2.7523e+00
-1.8000e+02 -3.0000e+01 4.6723e-01
-1.8000e+02 -2.0000e+01 1.0757e+00
-1.8000e+02 -1.0000e+01 7.3990e-01
-1.8000e+02 0.0000e+00 6.0628e-01
-1.8000e+02 1.0000e+01 -2.5772e+00
-1.8000e+02 2.0000e+01 1.3807e+00
-1.8000e+02 3.0000e+01 9.1126e-01
-1.8000e+02 4.0000e+01 2.8390e+00
-1.8000e+02 5.0000e+01 -5.7190e-02
-1.8000e+02 6.0000e+01 1.1153e+00
-1.8000e+02 7.0000e+01 -9.2700e-01
-1.8000e+02 8.0000e+01 -1.3689e+00
-1.8000e+02 9.0000e+01 -1.4399e+00
-1.8000e+02 1.0000e+02 3.3002e-01
-1.8000e+02 1.1000e+02 2.3621e+00
-1.8000e+02 1.2000e+02 -7.0917e-01
-1.8000e+02 1.3000e+02 3.7402e-01
-1.8000e+02 1.4000e+02 -6.0437e-01
-1.8000e+02 1.5000e+02 1.8508e+00
-1.8000e+02 1.6000e+02 -1.1424e+00
-1.8000e+02 1.7000e+02 -4.1535e-01
-1.8000e+02 1.8000e+02 -1.6274e+00
-1.8000e+02 1.9000e+02 1.4878e+00
-1.8000e+02 2.0000e+02 -3.1155e-01
-1.7000e+02 -2.0000e+02 2.8643e-02
-1.7000e+02 -1.9000e+02 4.1796e-01
-1.7000e+02 -1.8000e+02 -4.3357e+00
-1.7000e+02 -1.7000e+02 1.2871e+00
-1.7000e+02 -1.6000e+02 6.5203e-02
-1.7000e+02 -1.5000e+02 8.9225e-01
-1.7000e+02 -1.4000e+02 -2.2501e-02
-1.7000e+02 -1.3000e+02 2.6549e-02
-1.7000e+02 -1.2000e+02 -1.2772e+00
-1.7000e+02 -1.1000e+02 -6.7055e-01
-1.7000e+02 -1.0000e+02 1.3591e+00
-1.7000e+02 -9.0000e+01 1.1738e+00
-1.7000e+02 -8.0000e+01 1.0476e+00
-1.7000e+02 -7.0000e+01 -2.7300e+00
-1.7000e+02 -6.0000e+01 7.9580e-01
-1.7000e+02 -5.0000e+01 2.8612e+00
-1.7000e+02 -4.0000e+01 -7.8332e-01
-1.7000e+02 -3.0000e+01 2.9098e+00
-1.7000e+02 -2.0000e+01 6.2120e-01
-1.7000e+02 -1.0000e+01 1.9550e-01
-1.7000e+02 0.0000e+00 -2.7270e-01
-1.7000e+02 1.0000e+01 -1.2666e+00
-1.7000e+02 2.0000e+01 6.6411e-01
-1.7000e+02 3.0000e+01 -1.1775e-03
-1.7000e+02 4.0000e+01 8.7588e-01
-1.7000e+02 5.0000e+01 2.2612e+00
-1.7000e+02 6.0000e+01 1.2009e+00
-1.7000e+02 7.0000e+01 -1.4030e+00
-1.7000e+02 8.0000e+01 6.0913e-01
-1.7000e+02 9.0000e+01 -1.4498e+00
-1.7000e+02 1.0000e+02 1.4777e+00
-1.7000e+02 1.1000e+02 -1.3326e+00
-1.7000e+02 1.2000e+02 -2.5053e+00
-1.7000e+02 1.3000e+02 -1.4857e+00
-1.7000e+02 1.4000e+02 2.1021e+00
-1.7000e+02 1.5000e+02 1.6785e+00
-1.7000e+02 1.6000e+02 -5.9780e-01
-1.7000e+02 1.7000e+02 -1.8898e+00
-1.7000e+02 1.8000e+02 1.5873e+00
-1.7000e+02 1.9000e+02 -2.6429e-01
-1.7000e+02 2.0000e+02 -2.8212e+00
-1.6000e+02 -2.0000e+02 -1.7899e-01
-1.6000e+02 -1.9000e+02 9.4418e-01
-1.6000e+02 -1.8000e+02 -2.1648e+00
-1.6000e+02 -1.7000e+02 -1.8844e-01
-1.6000e+02 -1.6000e+02 -4.6999e+00
-1.6000e+02 -1.5000e+02 1.6025e+00
-1.6000e+02 -1.4000e+02 -1.8454e+00
-1.6000e+02 -1.3000e+02 1.2040e+00
-1.6000e+02 -1.2000e+02 -1.3221e+00
-1.6000e+02 -1.1000e+02 -2.3999e+00
-1.6000e+02 -1.0000e+02 -5.7365e-01
-1.6000e+02 -9.0000e+01 -6.2275e-01
-1.6000e+02 -8.0000e+01 -1.6340e+00
-1.6000e+02 -7.0000e+01 -8.7113e-01
-1.6000e+02 -6.0000e+01 1.6228e+00
-1.6000e+02 -5.0000e+01 2.1404e-01
-1.6000e+02 -4.0000e+01 -9.7819e-01
-1.6000e+02 -3.0000e+01 -1.0379e+00
-1.6000e+02 -2.0000e+01 -2.7302e-01
-1.6000e+02 -1.0000e+01 -6.6015e-01
-1.6000e+02 0.0000e+00 1.9902e+00
-1.6000e+02 1.0000e+01 4.8975e-01
-1.6000e+02 2.0000e+01 -7.8946e-01
-1.6000e+02 3.0000e+01 1.8604e+00
-1.6000e+02 4.0000e+01 3.9398e+00
-1.6000e+02 5.0000e+01 -1.8806e+00
-1.6000e+02 6.0000e+01 -2.8179e-01
-1.6000e+02 7.0000e+01 -1.4988e+00
-1.6000e+02 8.0000e+01 -8.1511e-01
-1.6000e+02 9.0000e+01 6.3125e-02
-1.6000e+02 1.0000e+02 9.9400e-01
-1.6000e+02 1.1000e+02 1.3451e+00
-1.6000e+02 1.2000e+02 1.8449e+00
-1.6000e+02 1.3000e+02 -1.7452e+00
-1.6000e+02 1.4000e+02 -3.1874e+00
-1.6000e+02 1.5000e+02 2.5743e-01
-1.6000e+02 1.6000e+02 1.1926e+00
-1.6000e+02 1.7000e+02 -3.1924e-01
-1.6000e+02 1.8000e+02 -1.9949e+00
-1.6000e+02 1.9000e+02 -9.7010e-02
-1.6000e+02 2.0000e+02 -3.9149e-01
-1.5000e+02 -2.0000e+02 1.4953e+00
-1.5000e+02 -1.9000e+02 3.6394e-01
-1.5000e+02 -1.8000e+02 4.7347e-01
-1.5000e+02 -1.7000e+02 -1.3762e+00
-1.5000e+02 -1.6000e+02 1.5708e+00
-1.5000e+02 -1.5000e+02 -1.7045e+00
-1.5000e+02 -1.4000e+02 1.1002e+00
-1.5000e+02 -1.3000e+02 1.4393e+00
-1.5000e+02 -1.2000e+02 -4.4661e-01
-1.5000e+02 -1.1000e+02 1.0415e+00
-1.5000e+02 -1.0000e+02 3.0367e-01
-1.5000e+02 -9.0000e+01 -1.2084e+00
-1.5000e+02 -8.0000e+01 -1.1194e+00
-1.5000e+02 -7.0000e+01 2.4714e+00
-1.5000e+02 -6.0000e+01 -2.5200e+00
-1.5000e+02 -5.0000e+01 1.3156e+00
-1.5000e+02 -4.0000e+01 -2.4700e+00
-1.5000e+02 -3.0000e+01 -1.0653e+00
-1.5000e+02 -2.0000e+01 1.2198e+00
-1.5000e+02 -1.0000e+01 1.0537e+00
-1.5000e+02 0.0000e+00 1.0477e-01
-1.5000e+02 1.0000e+01 1.9988e-01
-1.5000e+02 2.0000e+01 4.4284e-01
-1.5000e+02 3.0000e+01 -1.3165e+00
-1.5000e+02 4.0000e+01 -1.4305e-01
-1.5000e+02 5.0000e+01 -2.0894e+00
-1.5000e+02 6.0000e+01 3.9940e-01
-1.5000e+02 7.0000e+01 2.2771e+00
-1.5000e+02 8.0000e+01 -3.2131e+00
-1.5000e+02 9.0000e+01 1.4658e+00
-1.5000e+02 1.0000e+02 -7.5209e-01
-1.5000e+02 1.1000e+02 2.5420e+00
-1.5000e+02 1.2000e+02 2.4603e+00
-1.5000e+02 1.3000e+02 1.3843e+00
-1.5000e+02 1.4000e+02 1.3947e-02
-1.5000e+02 1.5000e+02 -1.7742e-01
-1.5000e+02 1.6000e+02 -3.0897e-01
-1.5000e+02 1.7000e+02 -1.1138e+00
-1.5000e+02 1.8000e+02 -5.4418e-01
-1.5000e+02 1.9000e+02 -5.1999e-01
-1.5000e+02 2.0000e+02 -1.3443e+00
-1.4000e+02 -2.0000e+02 5.1167e-01
-1.4000e+02 -1.9000e+02 2.0413e-02
-1.4000e+02 -1.8000e+02 1.3258e-01
-1.4000e+02 -1.7000e+02 -1.5218e+00
-1.4000e+02 -1.6000e+02 1.2032e+00
-1.4000e+02 -1.5000e+02 2.6225e+00
-1.4000e+02 -1.4000e+02 -1.4233e+00
-1.4000e+02 -1.3000e+02 -6.8810e-01
-1.4000e+02 -1.2000e+02 1.1394e+00
-1.4000e+02 -1.1000e+02 1.7818e-01
-1.4000e+02 -1.0000e+02 -2.1433e+00
-1.4000e+02 -9.0000e+01 -2.7610e+00
-1.4000e+02 -8.0000e+01 5.7944e-01
-1.4000e+02 -7.0000e+01 9.5013e-01
-1.4000e+02 -6.0000e+01 1.1076e+00
-1.4000e+02 -5.0000e+01 -1.5003e+00
-1.4000e+02 -4.0000e+01 2.6683e-01
-1.4000e+02 -3.0000e+01 1.2199e-01
-1.4000e+02 -2.0000e+01 -1.2260e+00
-1.4000e+02 -1.0000e+01 -3.8995e-01
-1.4000e+02 0.0000e+00 -3.3887e+00
-1.4000e+02 1.0000e+01 -7.1990e-01
-1.4000e+02 2.0000e+01 -2.7902e+00
-1.4000e+02 3.0000e+01 -3.2266e-02
-1.4000e+02 4.0000e+01 -1.0499e+00
-1.4000e+02 5.0000e+01 -3.2280e+00
-1.4000e+02 6.0000e+01 -1.1440e+00
-1.4000e+02 7.0000e+01 -3.8149e-01
-1.4000e+02 8.0000e+01 -1.1389e+00
-1.4000e+02 9.0000e+01 2.6851e-01
-1.4000e+02 1.0000e+02 -1.8217e+00
-1.4000e+02 1.1000e+02 -7.0301e-01
-1.4000e+02 1.2000e+02 -1.4711e-01
-1.4000e+02 1.3000e+02 4.5287e-01
-1.4000e+02 1.4000e+02 2.0404e+00
-1.4000e+02 1.5000e+02 1.7489e+00
-1.4000e+02 1.6000e+02 2.7915e+00
-1.4000e+02 1.7000e+02 -2.1108e-01
-1.4000e+02 1.8000e+02 -1.6298e-01
-1.4000e+02 1.9000e+02 -1.4737e+00
-1.4000e+02 2.0000e+02 2.0753e+00
-1.3000e+02 -2.0000e+02 -9.0941e-01
-1.3000e+02 -1.9000e+02 -8.0683e-01
-1.3000e+02 -1.8000e+02 -3.5584e-01
-1.3000e+02 -1.7000e+02 -1.9511e+00
-1.3000e+02 -1.6000e+02 2.0425e+00
-1.3000e+02 -1.5000e+02 -2.5919e+00
-1.3000e+02 -1.4000e+02 4.2499e-02
-1.3000e+02 -1.3000e+02 1.0419e+00
-1.3000e+02 -1.2000e+02 1.8527e+00
-1.3000e+02 -1.1000e+02 -1.4946e-01
-1.3000e+02 -1.0000e+02 1.8446e+00
-1.3000e+02 -9.0000e+01 -2.0813e+00
-1.3000e+02 -8.0000e+01 -1.6459e+00
-1.3000e+02 -7.0000e+01 -1.8385e+00
-1.3000e+02 -6.0000e+01 -9.3628e-01
-1.3000e+02 -5.0000e+01 -1.0591e-01
-1.3000e+02 -4.0000e+01 -2.1533e+00
-1.3000e+02 -3.0000e+01 -1.4952e+00
-1.3000e+02 -2.0000e+01 2.0090e+00
-1.3000e+02 -1.0000e+01 -1.9621e-01
-1.3000e+02 0.0000e+00 -1.6618e+00
-1.3000e+02 1.0000e+01 -3.5766e+00
-1.3000e+02 2.0000e+01 -4.0802e-01
-1.3000e+02 3.0000e+01 -1.0370e+00
-1.3000e+02 4.0000e+01 8.0250e-01
-1.3000e+02 5.0000e+01 1.3742e+00
-1.3000e+02 6.0000e+01 -1.9546e+00
-1.3000e+02 7.0000e+01 1.7104e+00
-1.3000e+02 8.0000e+01 2.5608e+00
-1.3000e+02 9.0000e+01 -1.6760e-01
-1.3000e+02 1.0000e+02 7.9212e-01
-1.3000e+02 1.1000e+02 -1.6256e+00
-1.3000e+02 1.2000e+02 -2.6966e+00
-1.3000e+02 1.3000e+02 7.2710e-01
-1.3000e+02 1.4000e+02 5.5867e-01
-1.3000e+02 1.5000e+02 6.0935e-01
-1.3000e+02 1.6000e+02 6.1339e-01
-1.3000e+02 1.7000e+02 1.2226e-01
-1.3000e+02 1.8000e+02 1.0191e+00
-1.3000e+02 1.9000e+02 -1.1520e+00
-1.3000e+02 2.0000e+02 1.7459e+00
-1.2000e+02 -2.0000e+02 2.0008e+00
-1.2000e+02 -1.9000e+02 -1.0551e+00
-1.2000e+02 -1.8000e+02 -9.1445e-01
-1.2000e+02 -1.7000e+02 2.0308e-01
-1.2000e+02 -1.6000e+02 -9.8019e-02
-1.2000e+02 -1.5000e+02 2.1495e-01
-1.2000e+02 -1.4000e+02 -1.7535e+00
-1.2000e+02 -1.3000e+02 4.0467e-01
-1.2000e+02 -1.2000e+02 1.0749e+00
-1.2000e+02 -1.1000e+02 1.1332e+00
-1.2000e+02 -1.0000e+02 -1.4774e+00
-1.2000e+02 -9.0000e+01 6.1980e-02
-1.2000e+02 -8.0000e+01 1.6594e-01
-1.2000e+02 -7.0000e+01 -7.3905e-01
-1.2000e+02 -6.0000e+01 -3.7519e+00
-1.2000e+02 -5.0000e+01 -1.9709e+00
-1.2000e+02 -4.0000e+01 -1.3235e+00
-1.2000e+02 -3.0000e+01 1.0801e+00
-1.2000e+02 -2.0000e+01 -8.5290e-01
-1.2000e+02 -1.0000e+01 -4.2571e+00
-1.2000e+02 0.0000e+00 -1.4517e-01
-1.2000e+02 1.0000e+01 -2.2321e+00
-1.2000e+02 2.0000e+01 -3.7407e+00
-1.2000e+02 3.0000e+01 1.0297e+00
-1.2000e+02 4.0000e+01 2.0078e-01
-1.2000e+02 5.0000e+01 2.3167e+00
-1.2000e+02 6.0000e+01 8.2620e-01
-1.2000e+02 7.0000e+01 -4.1317e-01
-1.2000e+02 8.0000e+01 -2.3266e-01
-1.2000e+02 9.0000e+01 -9.4351e-02
-1.2000e+02 1.0000e+02 3.2307e+00
-1.2000e+02 1.1000e+02 -9.3886e-01
-1.2000e+02 1.2000e+02 3.1675e-01
-1.2000e+02 1.3000e+02 -1.2874e-01
-1.2000e+02 1.4000e+02 2.0259e+00
-1.2000e+02 1.5000e+02 2.6876e+00
-1.2000e+02 1.6000e+02 -1.8137e-01
-1.2000e+02 1.7000e+02 -1.5656e+00
-1.2000e+02 1.8000e+02 1.7520e+00
-1.2000e+02 1.9000e+02 -4.5144e-01
-1.2000e+02 2.0000e+02 -1.1958e+00
-1.1000e+02 -2.0000e+02 -3.8206e-01
-1.1000e+02 -1.9000e+02 -2.0100e+00
-1.1000e+02 -1.8000e+02 1.1110e+00
-1.1000e+02 -1.7000e+02 1.6707e+00
-1.1000e+02 -1.6000e+02 6.1717e-01
-1.1000e+02 -1.5000e+02 1.9589e+00
-1.1000e+02 -1.4000e+02 -2.4590e+00
-1.1000e+02 -1.3000e+02 -4.5721e-02
-1.1000e+02 -1.2000e+02 -3.5125e-01
-1.1000e+02 -1.1000e+02 -2.8160e+00
-1.1000e+02 -1.0000e+02 -1.3816e+00
-1.1000e+02 -9.0000e+01 3.6716e-01
-1.1000e+02 -8.0000e+01 1.1068e+00
-1.1000e+02 -7.0000e+01 -2.2841e+00
-1.1000e+02 -6.0000e+01 -6.2635e-01
-1.1000e+02 -5.0000e+01 -1.0141e+00
-1.1000e+02 -4.0000e+01 -1.9922e+00
-1.1000e+02 -3.0000e+01 -1.7689e+00
-1.1000e+02 -2.0000e+01 -2.6073e+00
-1.1000e+02 -1.0000e+01 -2.5663e+00
-1.1000e+02 0.0000e+00 9.6165e-01
-1.1000e+02 1.0000e+01 -4.7697e-01
-1.1000e+02 2.0000e+01 -1.8319e+00
-1.1000e+02 3.0000e+01 -5.2388e-01
-1.1000e+02 4.0000e+01 -4.7474e-01
-1.1000e+02 5.0000e+01 1.5067e+00
-1.1000e+02 6.0000e+01 -7.3882e-02
-1.1000e+02 7.0000e+01 -1.6023e+00
-1.1000e+02 8.0000e+01 -3.5853e+00
-1.1000e+02 9.0000e+01 -2.5777e-01
-1.1000e+02 1.0000e+02 9.0518e-01
-1.1000e+02 1.1000e+02 -6.6272e-01
-1.1000e+02 1.2000e+02 -4.5916e-01
-1.1000e+02 1.3000e+02 -2.0336e+00
-1.1000e+02 1.4000e+02 3.6924e-02
-1.1000e+02 1.5000e+02 1.3530e-01
-1.1000e+02 1.6000e+02 -2.4792e+00
-1.1000e+02 1.7000e+02 2.0606e+00
-1.1000e+02 1.8000e+02 -2.2834e+00
-1.1000e+02 1.9000e+02 -1.2528e+00
-1.1000e+02 2.0000e+02 -1.8396e+00
-1.0000e+02 -2.0000e+02 3.3648e+00
-1.0000e+02 -1.9000e+02 -2.0282e+00
-1.0000e+02 -1.8000e+02 2.2059e+00
-1.0000e+02 -1.7000e+02 -8.9733e-02
-1.0000e+02 -1.6000e+02 7.8183e-01
-1.0000e+02 -1.5000e+02 -2.8769e-02
-1.0000e+02 -1.4000e+02 -2.9331e+00
-1.0000e+02 -1.3000e+02 1.7379e+00
-1.0000e+02 -1.2000e+02 1.3157e+00
-1.0000e+02 -1.1000e+02 -7.1038e-01
-1.0000e+02 -1.0000e+02 3.2356e-02
-1.0000e+02 -9.0000e+01 -1.6530e-01
-1.0000e+02 -8.0000e+01 -2.4042e+00
-1.0000e+02 -7.0000e+01 -1.1768e+00
-1.0000e+02 -6.0000e+01 -2.1274e+00
-1.0000e+02 -5.0000e+01 -6.0142e-01
-1.0000e+02 -4.0000e+01 -2.0961e+00
-1.0000e+02 -3.0000e+01 -2.6981e+00
-1.0000e+02 -2.0000e+01 -1.8481e+00
-1.0000e+02 -1.0000e+01 -2.6501e+00
-1.0000e+02 0.0000e+00 -5.9545e-01
-1.0000e+02 1.0000e+01 -2.1584e+00
-1.0000e+02 2.0000e+01 -3.0302e+00
-1.0000e+02 3.0000e+01 -9.2631e-01
-1.0000e+02 4.0000e+01 -1.6177e+00
-1.0000e+02 5.0000e+01 -1.9139e+00
-1.0000e+02 6.0000e+01 -8.4948e-01
-1.0000e+02 7.0000e+01 -4.3725e-01
-1.0000e+02 8.0000e+01 -2.3554e+00
-1.0000e+02 9.0000e+01 -8.5751e-01
-1.0000e+02 1.0000e+02 -1.7746e+00
-1.0000e+02 1.1000e+02 -1.7657e+00
-1.0000e+02 1.2000e+02 1.7638e+00
-1.0000e+02 1.3000e+02 -2.0780e-01
-1.0000e+02 1.4000e+02 -2.1500e+00
-1.0000e+02 1.5000e+02 2.1610e+00
-1.0000e+02 1.6000e+02 8.5096e-01
-1.0000e+02 1.7000e+02 7.7001e-01
-1.0000e+02 1.8000e+02 3.5280e-01
-1.0000e+02 1.9000e+02 1.1936e+00
-1.0000e+02 2.0000e+02 2.9760e-01
-9.0000e+01 -2.0000e+02 -3.8011e+00
-9.0000e+01 -1.9000e+02 2.0087e+00
-9.0000e+01 -1.8000e+02 -4.3089e-01
-9.0000e+01 -1.7000e+02 1.4015e+00
-9.0000e+01 -1.6000e+02 -1.5271e+00
-9.0000e+01 -1.5000e+02 1.4619e+00
-9.0000e+01 -1.4000e+02 3.4891e-01
-9.0000e+01 -1.3000e+02 2.3681e+00
-9.0000e+01 -1.2000e+02 -4.5183e+00
-9.0000e+01 -1.1000e+02 1.5163e-01
-9.0000e+01 -1.0000e+02 -2.1412e+00
-9.0000e+01 -9.0000e+01 -1.8614e+00
-9.0000e+01 -8.0000e+01 -4.3548e-01
-9.0000e+01 -7.0000e+01 -1.8404e+00
-9.0000e+01 -6.0000e+01 -1.1325e+00
-9.0000e+01 -5.0000e+01 -4.0841e+00
-9.0000e+01 -4.0000e+01 -3.0608e+00
-9.0000e+01 -3.0000e+01 -2.6064e+00
-9.0000e+01 -2.0000e+01 -1.8972e+00
-9.0000e+01 -1.0000e+01 -3.0813e+00
-9.0000e+01 0.0000e+00 -5.1633e+00
-9.0000e+01 1.0000e+01 -4.1775e+00
-9.0000e+01 2.0000e+01 -4.2801e+00
-9.0000e+01 3.0000e+01 -4.4673e+00
-9.0000e+01 4.0000e+01 -2.8982e+00
-9.0000e+01 5.0000e+01 -9.6708e-01
-9.0000e+01 6.0000e+01 -3.7883e+00
-9.0000e+01 7.0000e+01 -2.5163e+00
-9.0000e+01 8.0000e+01 -1.2466e+00
-9.0000e+01 9.0000e+01 -1.4713e+00
-9.0000e+01 1.0000e+02 -2.1903e+00
-9.0000e+01 1.1000e+02 -1.3523e+00
-9.0000e+01 1.2000e+02 1.2894e+00
-9.0000e+01 1.3000e+02 -1.2215e-01
-9.0000e+01 1.4000e+02 2.7472e-01
-9.0000e+01 1.5000e+02 1.6656e+00
-9.0000e+01 1.6000e+02 -8.1118e-01
-9.0000e+01 1.7000e+02 2.3952e-01
-9.0000e+01 1.8000e+02 3.9618e-01
-9.0000e+01 1.9000e+02 2.7285e+00
-9.0000e+01 2.0000e+02 2.4470e+00
-8.0000e+01 -2.0000e+02 -1.9577e+00
-8.0000e+01 -1.9000e+02 6.1797e-01
-8.0000e+01 -1.8000e+02 2.6977e+00
-8.0000e+01 -1.7000e+02 4.9886e-01
-8.0000e+01 -1.6000e+02 -2.6048e-01
-8.0000e+01 -1.5000e+02 -2.0303e+00
-8.0000e+01 -1.4000e+02 -5.3138e-01
-8.0000e+01 -1.3000e+02 1.4036e-01
-8.0000e+01 -1.2000e+02 2.2142e+00
-8.0000e+01 -1.1000e+02 2.0040e+00
-8.0000e+01 -1.0000e+02 -5.3567e-01
-8.0000e+01 -9.0000e+01 -1.1336e+00
-8.0000e+01 -8.0000e+01 -2.7389e+00
-8.0000e+01 -7.0000e+01 -4.0752e+00
-8.0000e+01 -6.0000e+01 -2.6237e+00
-8.0000e+01 -5.0000e+01 -4.5088e+00
-8.0000e+01 -4.0000e+01 -5.6856e+00
-8.0000e+01 -3.0000e+01 -3.5275e+00
-8.0000e+01 -2.0000e+01 -4.0192e+00
-8.0000e+01 -1.0000e+01 -6.6518e+00
-8.0000e+01 0.0000e+00 -3.8412e+00
-8.0000e+01 1.0000e+01 -6.4049e+00
-8.0000e+01 2.0000e+01 -6.1089e+00
-8.0000e+01 3.0000e+01 -2.1922e+00
-8.0000e+01 4.0000e+01 -3.2188e+00
-8.0000e+01 5.0000e+01 -1.9200e+00
-8.0000e+01 6.0000e+01 -4.7067e+00
-8.0000e+01 7.0000e+01 -3.3411e+00
-8.0000e+01 8.0000e+01 -4.8494e-01
-8.0000e+01 9.0000e+01 -2.5528e+00
-8.0000e+01 1.0000e+02 -1.7940e+00
-8.0000e+01 1.1000e+02 -1.3912e+00
-8.0000e+01 1.2000e+02 -1.8286e+00
-8.0000e+01 1.3000e+02 1.7714e+00
-8.0000e+01 1.4000e+02 -6.7929e-01
-8.0000e+01 1.5000e+02 -5.3683e-01
-8.0000e+01 1.6000e+02 1.8594e-01
-8.0000e+01 1.7000e+02 -8.8128e-01
-8.0000e+01 1.8000e+02 8.7835e-01
-8.0000e+01 1.9000e+02 8.9524e-01
-8.0000e+01 2.0000e+02 2.2084e+00
-7.0000e+01 -2.0000e+02 6.3876e-01
-7.0000e+01 -1.9000e+02 -1.6986e+00
-7.0000e+01 -1.8000e+02 1.5931e+00
-7.0000e+01 -1.7000e+02 -1.4323e+00
-7.0000e+01 -1.6000e+02 3.6940e-01
-7.0000e+01 -1.5000e+02 1.6453e-01
-7.0000e+01 -1.4000e+02 2.7563e-01
-7.0000e+01 -1.3000e+02 -1.5372e+00
-7.0000e+01 -1.2000e+02 1.5193e+00
-7.0000e+01 -1.1000e+02 -1.0670e+00
-7.0000e+01 -1.0000e+02 -2.1354e+00
-7.0000e+01 -9.0000e+01 -1.8088e+00
-7.0000e+01 -8.0000e+01 -3.8972e+00
-7.0000e+01 -7.0000e+01 -4.7033e+00
-7.0000e+01 -6.0000e+01 -3.8272e+00
-7.0000e+01 -5.0000e+01 -2.8628e+00
-7.0000e+01 -4.0000e+01 -5.1740e+00
-7.0000e+01 -3.0000e+01 -4.1305e+00
-7.0000e+01 -2.0000e+01 -5.9607e+00
-7.0000e+01 -1.0000e+01 -7.6652e+00
-7.0000e+01 0.0000e+00 -5.8386e+00
-7.0000e+01 1.0000e+01 -7.4761e+00
-7.0000e+01 2.0000e+01 -7.2377e+00
-7.0000e+01 3.0000e+01 -5.0334e+00
-7.0000e+01 4.0000e+01 -5.7236e+00
-7.0000e+01 5.0000e+01 -3.8399e+00
-7.0000e+01 6.0000e+01 -6.1913e+00
-7.0000e+01 7.0000e+01 -2.5818e+00
-7.0000e+01 8.0000e+01 -4.8196e+00
-7.0000e+01 9.0000e+01 -1.4918e+00
-7.0000e+01 1.0000e+02 3.1960e-02
-7.0000e+01 1.1000e+02 -1.8069e+00
-7.0000e+01 1.2000e+02 -1.7129e+00
-7.0000e+01 1.3000e+02 -1.0471e+00
-7.0000e+01 1.4000e+02 2.6581e+00
-7.0000e+01 1.5000e+02 2.7788e-01
-7.0000e+01 1.6000e+02 1.7382e+00
-7.0000e+01 1.7000e+02 -1.6537e+00
-7.0000e+01 1.8000e+02 -6.3468e-01
-7.0000e+01 1.9000e+02 1.9816e+00
-7.0000e+01 2.0000e+02 -6.4358e-01
-6.0000e+01 -2.0000e+02 1.6766e+00
-6.0000e+01 -1.9000e+02 -1.9874e+00
-6.0000e+01 -1.8000e+02 -1.2838e+00
-6.0000e+01 -1.7000e+02 -3.8698e+00
-6.0000e+01 -1.6000e+02 5.8551e-01
-6.0000e+01 -1.5000e+02 -7.1827e-01
-6.0000e+01 -1.4000e+02 2.5130e-01
-6.0000e+01 -1.3000e+02 5.7743e-01
-6.0000e+01 -1.2000e+02 -2.0495e+00
-6.0000e+01 -1.1000e+02 -1.1542e+00
-6.0000e+01 -1.0000e+02 -1.8376e-01
-6.0000e+01 -9.0000e+01 -9.3418e-01
-6.0000e+01 -8.0000e+01 -1.1579e+00
-6.0000e+01 -7.0000e+01 -6.6737e+00
-6.0000e+01 -6.0000e+01 -6.4500e+00
-6.0000e+01 -5.0000e+01 -8.2964e+00
-6.0000e+01 -4.0000e+01 -5.7833e+00
-6.0000e+01 -3.0000e+01 -7.9000e+00
-6.0000e+01 -2.0000e+01 -8.3828e+00
-6.0000e+01 -1.0000e+01 -7.2665e+00
-6.0000e+01 0.0000e+00 -8.2012e+00
-6.0000e+01 1.0000e+01 -7.8019e+00
-6.0000e+01 2.0000e+01 -6.4969e+00
-6.0000e+01 3.0000e+01 -5.9745e+00
-6.0000e+01 4.0000e+01 -7.5774e+00
-6.0000e+01 5.0000e+01 -6.0232e+00
-6.0000e+01 6.0000e+01 -4.5514e+00
-6.0000e+01 7.0000e+01 -2.9025e+00
-6.0000e+01 8.0000e+01 -3.8228e+00
-6.0000e+01 9.0000e+01 -2.4198e+00
-6.0000e+01 1.0000e+02 -1.7553e+00
-6.0000e+01 1.1000e+02 -1.0597e+00
-6.0000e+01 1.2000e+02 1.3635e+00
-6.0000e+01 1.3000e+02 -1.5355e+00
-6.0000e+01 1.4000e+02 5.1954e-02
-6.0000e+01 1.5000e+02 1.1752e+00
-6.0000e+01 1.6000e+02 1.1919e+00
-6.0000e+01 1.7000e+02 -3.6124e-01
-6.0000e+01 1.8000e+02 -1.0615e+00
-6.0000e+01 1.9000e+02 1.5374e+00
-6.0000e+01 2.0000e+02 1.9053e+00
-5.0000e+01 -2.0000e+02 -5.4870e-01
-5.0000e+01 -1.9000e+02 -1.7145e-01
-5.0000e+01 -1.8000e+02 2.5618e+00
-5.0000e+01 -1.7000e+02 -2.7794e-01
-5.0000e+01 -1.6000e+02 2.1257e+00
-5.0000e+01 -1.5000e+02 1.1640e+00
-5.0000e+01 -1.4000e+02 -1.6773e+00
-5.0000e+01 -1.3000e+02 -2.7194e+00
-5.0000e+01 -1.2000e+02 -4.7666e-01
-5.0000e+01 -1.1000e+02 -2.5414e-01
-5.0000e+01 -1.0000e+02 -1.6037e+00
-5.0000e+01 -9.0000e+01 -1.0402e+00
-5.0000e+01 -8.0000e+01 -2.0626e+00
-5.0000e+01 -7.0000e+01 -4.6906e+00
-5.0000e+01 -6.0000e+01 -6.2729e+00
-5.0000e+01 -5.0000e+01 -5.4811e+00
-5.0000e+01 -4.0000e+01 -9.8697e+00
-5.0000e+01 -3.0000e+01 -9.4445e+00
-5.0000e+01 -2.0000e+01 -9.5505e+00
-5.0000e+01 -1.0000e+01 -9.4170e+00
-5.0000e+01 0.0000e+00 -9.2539e+00
-5.0000e+01 1.0000e+01 -1.0636e+01
-5.0000e+01 2.0000e+01 -7.8867e+00
-5.0000e+01 3.0000e+01 -6.9046e+00
-5.0000e+01 4.0000e+01 -5.7791e+00
-5.0000e+01 5.0000e+01 -6.8656e+00
-5.0000e+01 6.0000e+01 -4.2940e+00
-5.0000e+01 7.0000e+01 -5.7035e+00
-5.0000e+01 8.0000e+01 -2.6073e+00
-5.0000e+01 9.0000e+01 -2.7579e+00
-5.0000e+01 1.0000e+02 -2.4892e+00
-5.0000e+01 1.1000e+02 -6.8836e-01
-5.0000e+01 1.2000e+02 -3.1627e+00
-5.0000e+01 1.3000e+02 -1.3149e-01
-5.0000e+01 1.4000e+02 -1.6485e+00
-5.0000e+01 1.5000e+02 1.2968e+00
-5.0000e+01 1.6000e+02 -1.3137e-02
-5.0000e+01 1.7000e+02 2.0371e+00
-5.0000e+01 1.8000e+02 1.7477e-01
-5.0000e+01 1.9000e+02 -4.3143e-01
-5.0000e+01 2.0000e+02 -2.1528e+00
-4.0000e+01 -2.0000e+02 -4.3528e-02
-4.0000e+01 -1.9000e+02 -1.0886e+00
-4.0000e+01 -1.8000e+02 2.1873e+00
-4.0000e+01 -1.7000e+02 1.9831e+00
-4.0000e+01 -1.6000e+02 1.9085e-01
-4.0000e+01 -1.5000e+02 1.2808e+00
-4.0000e+01 -1.4000e+02 -1.2271e+00
-4.0000e+01 -1.3000e+02 -3.6313e-02
-4.0000e+01 -1.2000e+02 -1.7696e+00
-4.0000e+01 -1.1000e+02 -1.5594e+00
-4.0000e+01 -1.0000e+02 -1.1525e+00
-4.0000e+01 -9.0000e+01 -5.2181e+00
-4.0000e+01 -8.0000e+01 -3.4698e+00
-4.0000e+01 -7.0000e+01 -5.1737e+00
-4.0000e+01 -6.0000e+01 -6.2942e+00
-4.0000e+01 -5.0000e+01 -8.9124e+00
-4.0000e+01 -4.0000e+01 -9.8715e+00
-4.0000e+01 -3.0000e+01 -1.0340e+01
-4.0000e+01 -2.0000e+01 -1.4014e+01
-4.0000e+01 -1.0000e+01 -1.3789e+01
-4.0000e+01 0.0000e+00 -1.2938e+01
-4.0000e+01 1.0000e+01 -1.2850e+01
-4.0000e+01 2.0000e+01 -7.9177e+00
-4.0000e+01 3.0000e+01 -8.2529e+00
-4.0000e+01 4.0000e+01 -9.5440e+00
-4.0000e+01 5.0000e+01 -8.9864e+00
-4.0000e+01 6.0000e+01 -5.6944e+00
-4.0000e+01 7.0000e+01 -6.9460e+00
-4.0000e+01 8.0000e+01 -4.0313e+00
-4.0000e+01 9.0000e+01 -1.4085e+00
-4.0000e+01 1.0000e+02 -5.7059e+00
-4.0000e+01 1.1000e+02 9.1976e-01
-4.0000e+01 1.2000e+02 -2.2810e+00
-4.0000e+01 1.3000e+02 -3.7943e-01
-4.0000e+01 1.4000e+02 -4.9939e-01
-4.0000e+01 1.5000e+02 1.3237e+00
-4.0000e+01 1.6000e+02 -1.8606e+00
-4.0000e+01 1.7000e+02 2.8891e-01
-4.0000e+01 1.8000e+02 1.1591e+00
-4.0000e+01 1.9000e+02 -2.9263e+00
-4.0000e+01 2.0000e+02 -5.0023e-01
-3.0000e+01 -2.0000e+02 6.9972e-01
-3.0000e+01 -1.9000e+02 2.0627e+00
-3.0000e+01 -1.8000e+02 -1.5949e+00
-3.0000e+01 -1.7000e+02 -8.1015e-01
-3.0000e+01 -1.6000e+02 -1.4212e+00
-3.0000e+01 -1.5000e+02 -2.9052e+00
-3.0000e+01 -1.4000e+02 -9.0234e-01
-3.0000e+01 -1.3000e+02 1.1672e+00
-3.0000e+01 -1.2000e+02 -1.5907e+00
-3.0000e+01 -1.1000e+02 -2.2360e+00
-3.0000e+01 -1.0000e+02 -1.8090e+00
-3.0000e+01 -9.0000e+01 -2.9363e+00
-3.0000e+01 -8.0000e+01 -5.0440e+00
-3.0000e+01 -7.0000e+01 -5.1972e+00
-3.0000e+01 -6.0000e+01 -7.4539e+00
-3.0000e+01 -5.0000e+01 -8.7472e+00
-3.0000e+01 -4.0000e+01 -1.1950e+01
-3.0000e+01 -3.0000e+01 -1.1336e+01
-3.0000e+01 -2.0000e+01 -1.2550e+01
-3.0000e+01 -1.0000e+01 -1.4530e+01
-3.0000e+01 0.0000e+00 -1.3806e+01
-3.0000e+01 1.0000e+01 -1.0521e+01
-3.0000e+01 2.0000e+01 -1.3481e+01
-3.0000e+01 3.0000e+01 -1.2726e+01
-3.0000e+01 4.0000e+01 -1.1763e+01
-3.0000e+01 5.0000e+01 -7.0209e+00
-3.0000e+01 6.0000e+01 -6.8341e+00
-3.0000e+01 7.0000e+01 -7.0196e+00
-3.0000e+01 8.0000e+01 -4.3153e+00
-3.0000e+01 9.0000e+01 -3.0871e+00
-3.0000e+01 1.0000e+02 -3.2622e+00
-3.0000e+01 1.1000e+02 -2.8311e+00
-3.0000e+01 1.2000e+02 -2.9839e+00
-3.0000e+01 1.3000e+02 -3.0673e+00
-3.0000e+01 1.4000e+02 -1.2827e+00
-3.0000e+01 1.5000e+02 1.4731e+00
-3.0000e+01 1.6000e+02 9.2403e-01
-3.0000e+01 1.7000e+02 -5.8822e-02
-3.0000e+01 1.8000e+02 -1.7999e+00
-3.0000e+01 1.9000e+02 -6.3849e-01
-3.0000e+01 2.0000e+02 -3.6341e+00
-2.0000e+01 -2.0000e+02 6.0153e-01
-2.0000e+01 -1.9000e+02 1.3698e+00
-2.0000e+01 -1.8000e+02 -9.8140e-01
-2.0000e+01 -1.7000e+02 3.5873e-01
-2.0000e+01 -1.6000e+02 -1.8452e+00
-2.0000e+01 -1.5000e+02 -2.6486e+00
-2.0000e+01 -1.4000e+02 -2.8573e+00
-2.0000e+01 -1.3000e+02 -2.3331e+00
-2.0000e+01 -1.2000e+02 -2.1656e+00
-2.0000e+01 -1.1000e+02 -3.9582e+00
-2.0000e+01 -1.0000e+02 -1.1355e+00
-2.0000e+01 -9.0000e+01 -4.3930e+00
-2.0000e+01 -8.0000e+01 -9.1607e-01
-2.0000e+01 -7.0000e+01 -4.1707e+00
-2.0000e+01 -6.0000e+01 -7.8803e+00
-2.0000e+01 -5.0000e+01 -1.1112e+01
-2.0000e+01 -4.0000e+01 -1.0195e+01
-2.0000e+01 -3.0000e+01 -1.3864e+01
-2.0000e+01 -2.0000e+01 -1.4219e+01
-2.0000e+01 -1.0000e+01 -1.2406e+01
-2.0000e+01 0.0000e+00 -1.4582e+01
-2.0000e+01 1.0000e+01 -1.1501e+01
-2.0000e+01 2.0000e+01 -1.2753e+01
-2.0000e+01 3.0000e+01 -1.2625e+01
-2.0000e+01 4.0000e+01 -1.2119e+01
-2.0000e+01 5.0000e+01 -9.7400e+00
-2.0000e+01 6.0000e+01 -8.8731e+00
-2.0000e+01 7.0000e+01 -8.4310e+00
-2.0000e+01 8.0000e+01 -4.4646e+00
-2.0000e+01 9.0000e+01 -3.0245e+00
-2.0000e+01 1.0000e+02 -2.6251e+00
-2.0000e+01 1.1000e+02 1.1774e+00
-2.0000e+01 1.2000e+02 -7.9191e-02
-2.0000e+01 1.3000e+02 1.0249e+00
-2.0000e+01 1.4000e+02 4.6665e-02
-2.0000e+01 1.5000e+02 5.9834e-01
-2.0000e+01 1.6000e+02 -2.6510e+00
-2.0000e+01 1.7000e+02 1.9206e+00
-2.0000e+01 1.8000e+02 1.6956e+00
-2.0000e+01 1.9000e+02 9.0017e-01
-2.0000e+01 2.0000e+02 -3.3185e+00
-1.0000e+01 -2.0000e+02 -4.4069e-01
-1.0000e+01 -1.9000e+02 -1.0769e+00
-1.0000e+01 -1.8000e+02 1.7631e+00
-1.0000e+01 -1.7000e+02 -2.7444e+00
-1.0000e+01 -1.6000e+02 -8.5823e-01
-1.0000e+01 -1.5000e+02 -1.2303e+00
-1.0000e+01 -1.4000e+02 2.1964e+00
-1.0000e+01 -1.3000e+02 1.3745e+00
-1.0000e+01 -1.2000e+02 -3.5636e+00
-1.0000e+01 -1.1000e+02 -2.4421e+00
-1.0000e+01 -1.0000e+02 -3.1082e+00
-1.0000e+01 -9.0000e+01 -2.4410e+00
-1.0000e+01 -8.0000e+01 -4.7418e+00
-1.0000e+01 -7.0000e+01 -7.9486e+00
-1.0000e+01 -6.0000e+01 -1.0470e+01
-1.0000e+01 -5.0000e+01 -9.4145e+00
-1.0000e+01 -4.0000e+01 -1.2801e+01
-1.0000e+01 -3.0000e+01 -1.3468e+01
-1.0000e+01 -2.0000e+01 -1.3433e+01
-1.0000e+01 -1.0000e+01 -1.3302e+01
-1.0000e+01 0.0000e+00 -1.4234e+01
-1.0000e+01 1.0000e+01 -1.4624e+01
-1.0000e+01 2.0000e+01 -1.3866e+01
-1.0000e+01 3.0000e+01 -1.1333e+01
-1.0000e+01 4.0000e+01 -1.2343e+01
-1.0000e+01 5.0000e+01 -1.0887e+01
-1.0000e+01 6.0000e+01 -7.6264e+00
-1.0000e+01 7.0000e+01 -6.4879e+00
-1.0000e+01 8.0000e+01 -5.2710e+00
-1.0000e+01 9.0000e+01 -5.0546e+00
-1.0000e+01 1.0000e+02 -3.4114e+00
-1.0000e+01 1.1000e+02 -2.6479e+00
-1.0000e+01 1.2000e+02 1.9809e-01
-1.0000e+01 1.3000e+02 -1.6372e+00
-1.0000e+01 1.4000e+02 -2.0698e+00
-1.0000e+01 1.5000e+02 -1.7685e+00
-1.0000e+01 1.6000e+02 7.1096e-01
-1.0000e+01 1.7000e+02 -2.9104e+00
-1.0000e+01 1.8000e+02 -2.6906e+00
-1.0000e+01 1.9000e+02 -9.1577e-01
-1.0000e+01 2.0000e+02 5.8314e-01
0.0000e+00 -2.0000e+02 -3.2100e-01
0.0000e+00 -1.9000e+02 3.2033e-01
0.0000e+00 -1.8000e+02 -4.7089e-01
0.0000e+00 -1.7000e+02 -1.5168e-01
0.0000e+00 -1.6000e+02 -1.7128e+00
0.0000e+00 -1.5000e+02 -1.3891e+00
0.0000e+00 -1.4000e+02 1.1504e+00
0.0000e+00 -1.3000e+02 -1.6183e+00
0.0000e+00 -1.2000e+02 -2.7521e+00
0.0000e+00 -1.1000e+02 -3.3870e+00
0.0000e+00 -1.0000e+02 -3.2274e+00
0.0000e+00 -9.0000e+01 -2.7647e+00
0.0000e+00 -8.0000e+01 -4.2851e+00
0.0000e+00 -7.0000e+01 -8.9375e+00
0.0000e+00 -6.0000e+01 -1.0056e+01
0.0000e+00 -5.0000e+01 -1.2063e+01
0.0000e+00 -4.0000e+01 -1.0291e+01
0.0000e+00 -3.0000e+01 -1.0517e+01
0.0000e+00 -2.0000e+01 -1.3588e+01
0.0000e+00 -1.0000e+01 -1.5444e+01
0.0000e+00 0.0000e+00 -1.3196e+01
0.0000e+00 1.0000e+01 -1.3266e+01
0.0000e+00 2.0000e+01 -1.3574e+01
0.0000e+00 3.0000e+01 -1.3704e+01
0.0000e+00 4.0000e+01 -1.2435e+01
0.0000e+00 5.0000e+01 -8.9873e+00
0.0000e+00 6.0000e+01 -7.7855e+00
0.0000e+00 7.0000e+01 -8.1748e+00
0.0000e+00 8.0000e+01 -5.0636e+00
0.0000e+00 9.0000e+01 -5.2534e+00
0.0000e+00 1.0000e+02 -3.3115e+00
0.0000e+00 1.1000e+02 -5.5849e+00
0.0000e+00 1.2000e+02 -3.2188e+00
0.0000e+00 1.3000e+02 -1.4988e+00
0.0000e+00 1.4000e+02 -3.5534e+00
0.0000e+00 1.5000e+02 -2.0891e+00
0.0000e+00 1.6000e+02 -1.5750e+00
0.0000e+00 1.7000e+02 9.8275e-01
0.0000e+00 1.8000e+02 -1.0467e-01
0.0000e+00 1.9000e+02 6.0240e-01
0.0000e+00 2.0000e+02 3.5273e+00
1.0000e+01 -2.0000e+02 -1.0842e-02
1.0000e+01 -1.9000e+02 2.5135e+00
1.0000e+01 -1.8000e+02 -1.4051e+00
1.0000e+01 -1.7000e+02 2.5220e-01
1.0000e+01 -1.6000e+02 -6.1140e-01
1.0000e+01 -1.5000e+02 -1.0165e+00
1.0000e+01 -1.4000e+02 -3.7612e+00
1.0000e+01 -1.3000e+02 -1.1790e+00
1.0000e+01 -1.2000e+02 -1.6126e+00
1.0000e+01 -1.1000e+02 -1.5679e+00
1.0000e+01 -1.0000e+02 -5.3823e+00
1.0000e+01 -9.0000e+01 -4.6328e+00
1.0000e+01 -8.0000e+01 -6.3475e+00
1.0000e+01 -7.0000e+01 -7.6834e+00
1.0000e+01 -6.0000e+01 -9.2490e+00
1.0000e+01 -5.0000e+01 -1.1296e+01
1.0000e+01 -4.0000e+01 -1.1756e+01
1.0000e+01 -3.0000e+01 -1.2530e+01
1.0000e+01 -2.0000e+01 -1.4771e+01
1.0000e+01 -1.0000e+01 -1.6086e+01
1.0000e+01 0.0000e+00 -1.4573e+01
1.0000e+01 1.0000e+01 -1.4389e+01
1.0000e+01 2.0000e+01 -1.0824e+01
1.0000e+01 3.0000e+01 -1.3230e+01
1.0000e+01 4.0000e+01 -1.2000e+01
1.0000e+01 5.0000e+01 -9.4112e+00
1.0000e+01 6.0000e+01 -8.4537e+00
1.0000e+01 7.0000e+01 -6.9672e+00
1.0000e+01 8.0000e+01 -4.3247e+00
1.0000e+01 9.0000e+01 -4.5793e+00
1.0000e+01 1.0000e+02 -1.5752e+00
1.0000e+01 1.1000e+02 -1.4640e+00
1.0000e+01 1.2000e+02 -1.9697e+00
1.0000e+01 1.3000e+02 -2.5092e+00
1.0000e+01 1.4000e+02 1.1080e+00
1.0000e+01 1.5000e+02 -2.0444e+00
1.0000e+01 1.6000e+02 -4.5709e-01
1.0000e+01 1.7000e+02 -5.6159e-01
1.0000e+01 1.8000e+02 1.5535e+00
1.0000e+01 1.9000e+02 -8.1164e-01
1.0000e+01 2.0000e+02 5.3633e-01
2.0000e+01 -2.0000e+02 2.5298e-01
2.0000e+01 -1.9000e+02 1.7270e+00
2.0000e+01 -1.8000e+02 -2.3704e+00
2.0000e+01 -1.7000e+02 -5.9609e-01
2.0000e+01 -1.6000e+02 -9.1444e-01
2.0000e+01 -1.5000e+02 2.2391e+00
2.0000e+01 -1.4000e+02 2.5581e+00
2.0000e+01 -1.3000e+02 -2.5981e+00
2.0000e+01 -1.2000e+02 -2.8449e+00
2.0000e+01 -1.1000e+02 1.7324e-02
2.0000e+01 -1.0000e+02 -1.5125e+00
2.0000e+01 -9.0000e+01 -5.5138e+00
2.0000e+01 -8.0000e+01 -6.5706e+00
2.0000e+01 -7.0000e+01 -4.0441e+00
2.0000e+01 -6.0000e+01 -7.4323e+00
2.0000e+01 -5.0000e+01 -8.4245e+00
2.0000e+01 -4.0000e+01 -1.1218e+01
2.0000e+01 -3.0000e+01 -1.2141e+01
2.0000e+01 -2.0000e+01 -1.4126e+01
2.0000e+01 -1.0000e+01 -1.5022e+01
2.0000e+01 0.0000e+00 -1.4300e+01
2.0000e+01 1.0000e+01 -1.2435e+01
2.0000e+01 2.0000e+01 -1.1708e+01
2.0000e+01 3.0000e+01 -1.0474e+01
2.0000e+01 4.0000e+01 -1.0530e+01
2.0000e+01 5.0000e+01 -8.8597e+00
2.0000e+01 6.0000e+01 -8.8822e+00
2.0000e+01 7.0000e+01 -7.3858e+00
2.0000e+01 8.0000e+01 -4.4820e+00
2.0000e+01 9.0000e+01 -4.9270e+00
2.0000e+01 1.0000e+02 -2.8783e+00
2.0000e+01 1.1000e+02 -3.9284e+00
2.0000e+01 1.2000e+02 -3.2051e-01
2.0000e+01 1.3000e+02 -1.2341e+00
2.0000e+01 1.4000e+02 -6.7048e-02
2.0000e+01 1.5000e+02 -6.4818e-01
2.0000e+01 1.6000e+02 -1.6155e+00
2.0000e+01 1.7000e+02 -1.1564e+00
2.0000e+01 1.8000e+02 -2.9114e+00
2.0000e+01 1.9000e+02 -1.2243e+00
2.0000e+01 2.0000e+02 1.0839e+00
3.0000e+01 -2.0000e+02 -2.2636e+00
3.0000e+01 -1.9000e+02 4.9219e-01
3.0000e+01 -1.8000e+02 -3.3875e-01
3.0000e+01 -1.7000e+02 1.3164e+00
3.0000e+01 -1.6000e+02 9.7851e-01
3.0000e+01 -1.5000e+02 -3.5504e-01
3.0000e+01 -1.4000e+02 -2.3671e+00
3.0000e+01 -1.3000e+02 3.8134e-01
3.0000e+01 -1.2000e+02 -1.5610e+00
3.0000e+01 -1.1000e+02 -2.8601e+00
3.0000e+01 -1.0000e+02 -3.3952e+00
3.0000e+01 -9.0000e+01 -3.2913e+00
3.0000e+01 -8.0000e+01 -3.7763e+00
3.0000e+01 -7.0000e+01 -5.9806e+00
3.0000e+01 -6.0000e+01 -6.9395e+00
3.0000e+01 -5.0000e+01 -1.0467e+01
3.0000e+01 -4.0000e+01 -8.6102e+00
3.0000e+01 -3.0000e+01 -1.1782e+01
3.0000e+01 -2.0000e+01 -1.3109e+01
3.0000e+01 -1.0000e+01 -1.4178e+01
3.0000e+01 0.0000e+00 -1.2669e+01
3.0000e+01 1.0000e+01 -1.1568e+01
3.0000e+01 2.0000e+01 -1.1708e+01
3.0000e+01 3.0000e+01 -1.3598e+01
3.0000e+01 4.0000e+01 -1.1794e+01
3.0000e+01 5.0000e+01 -1.1072e+01
3.0000e+01 6.0000e+01 -6.0885e+00
3.0000e+01 7.0000e+01 -6.4366e+00
3.0000e+01 8.0000e+01 -5.5160e+00
3.0000e+01 9.0000e+01 -3.9139e+00
3.0000e+01 1.0000e+02 -3.9938e+00
3.0000e+01 1.1000e+02 -2.2465e+00
3.0000e+01 1.2000e+02 -1.1825e+00
3.0000e+01 1.3000e+02 -1.2229e+00
3.0000e+01 1.4000e+02 -1.5931e+00
3.0000e+01 1.5000e+02 -7.3249e-01
3.0000e+01 1.6000e+02 -3.6083e-01
3.0000e+01 1.7000e+02 6.5455e-01
3.0000e+01 1.8000e+02 1.3203e+00
3.0000e+01 1.9000e+02 -1.4854e+00
3.0000e+01 2.0000e+02 -1.5077e+00
4.0000e+01 -2.0000e+02 -8.7115e-01
4.0000e+01 -1.9000e+02 -6.2882e-01
4.0000e+01 -1.8000e+02 9.1642e-01
4.0000e+01 -1.7000e+02 -2.8672e-01
4.0000e+01 -1.6000e+02 -1.7743e+00
4.0000e+01 -1.5000e+02 -5.2488e-01
4.0000e+01 -1.4000e+02 -7.2389e-01
4.0000e+01 -1.3000e+02 -6.0431e-02
4.0000e+01 -1.2000e+02 8.0589e-01
4.0000e+01 -1.1000e+02 -3.9872e+00
4.0000e+01 -1.0000e+02 -3.2962e+00
4.0000e+01 -9.0000e+01 -3.2525e+00
4.0000e+01 -8.0000e+01 -5.7857e+00
4.0000e+01 -7.0000e+01 -8.2616e+00
4.0000e+01 -6.0000e+01 -8.6146e+00
4.0000e+01 -5.0000e+01 -7.7909e+00
4.0000e+01 -4.0000e+01 -1.0406e+01
4.0000e+01 -3.0000e+01 -8.3828e+00
4.0000e+01 -2.0000e+01 -8.1813e+00
4.0000e+01 -1.0000e+01 -1.0618e+01
4.0000e+01 0.0000e+00 -1.3826e+01
4.0000e+01 1.0000e+01 -1.3088e+01
4.0000e+01 2.0000e+01 -1.4024e+01
4.0000e+01 3.0000e+01 -1.1251e+01
4.0000e+01 4.0000e+01 -1.1429e+01
4.0000e+01 5.0000e+01 -8.1938e+00
4.0000e+01 6.0000e+01 -7.6880e+00
4.0000e+01 7.0000e+01 -7.6961e+00
4.0000e+01 8.0000e+01 -7.4164e+00
4.0000e+01 9.0000e+01 -3.6091e+00
4.0000e+01 1.0000e+02 -3.3530e+00
4.0000e+01 1.1000e+02 -3.4594e+00
4.0000e+01 1.2000e+02 -2.1052e+00
4.0000e+01 1.3000e+02 -9.6183e-01
4.0000e+01 1.4000e+02 -9.0181e-02
4.0000e+01 1.5000e+02 -1.1987e-01
4.0000e+01 1.6000e+02 1.3263e+00
4.0000e+01 1.7000e+02 1.6545e-01
4.0000e+01 1.8000e+02 -1.3036e+00
4.0000e+01 1.9000e+02 8.0816e-01
4.0000e+01 2.0000e+02 1.5540e+00
5.0000e+01 -2.0000e+02 -2.0070e-01
5.0000e+01 -1.9000e+02 1.3232e+00
5.0000e+01 -1.8000e+02 -1.0960e+00
5.0000e+01 -1.7000e+02 1.3499e-01
5.0000e+01 -1.6000e+02 -2.0463e+00
5.0000e+01 -1.5000e+02 -5.4661e-01
5.0000e+01 -1.4000e+02 -2.5194e+00
5.0000e+01 -1.3000e+02 7.7634e-01
5.0000e+01 -1.2000e+02 -1.2151e+00
5.0000e+01 -1.1000e+02 8.3341e-01
5.0000e+01 -1.0000e+02 -2.8291e+00
5.0000e+01 -9.0000e+01 -1.8517e+00
5.0000e+01 -8.0000e+01 -5.2519e+00
5.0000e+01 -7.0000e+01 -4.4932e+00
5.0000e+01 -6.0000e+01 -4.2990e+00
5.0000e+01 -5.0000e+01 -6.7927e+00
5.0000e+01 -4.0000e+01 -8.2798e+00
5.0000e+01 -3.0000e+01 -8.2684e+00
5.0000e+01 -2.0000e+01 -7.9797e+00
5.0000e+01 -1.0000e+01 -1.0309e+01
5.0000e+01 0.0000e+00 -1.3875e+01
5.0000e+01 1.0000e+01 -6.9463e+00
5.0000e+01 2.0000e+01 -9.1371e+00
5.0000e+01 3.0000e+01 -8.3913e+00
5.0000e+01 4.0000e+01 -6.4788e+00
5.0000e+01 5.0000e+01 -6.6413e+00
5.0000e+01 6.0000e+01 -1.7773e+00
5.0000e+01 7.0000e+01 -5.0471e+00
5.0000e+01 8.0000e+01 -3.4466e+00
5.0000e+01 9.0000e+01 -1.7172e+00
5.0000e+01 1.0000e+02 -2.8506e+00
5.0000e+01 1.1000e+02 5.3126e-01
5.0000e+01 1.2000e+02 -2.1651e+00
5.0000e+01 1.3000e+02 1.8862e-01
5.0000e+01 1.4000e+02 -2.2078e-01
5.0000e+01 1.5000e+02 -4.5146e-01
5.0000e+01 1.6000e+02 5.0812e-01
5.0000e+01 1.7000e+02 6.1583e-01
5.0000e+01 1.8000e+02 8.1137e-01
5.0000e+01 1.9000e+02 1.6495e-02
5.0000e+01 2.0000e+02 -1.1484e+00
6.0000e+01 -2.0000e+02 -3.2417e+00
6.0000e+01 -1.9000e+02 1.3426e+00
6.0000e+01 -1.8000e+02 2.6372e-01
6.0000e+01 -1.7000e+02 -6.2514e-01
6.0000e+01 -1.6000e+02 -4.9781e-02
6.0000e+01 -1.5000e+02 -3.8320e+00
6.0000e+01 -1.4000e+02 -1.9237e+00
6.0000e+01 -1.3000e+02 2.2355e-01
6.0000e+01 -1.2000e+02 -3.4756e+00
6.0000e+01 -1.1000e+02 -2.1312e+00
6.0000e+01 -1.0000e+02 -5.2263e+00
6.0000e+01 -9.0000e+01 -2.1968e+00
6.0000e+01 -8.0000e+01 -4.3590e+00
6.0000e+01 -7.0000e+01 -2.3345e+00
6.0000e+01 -6.0000e+01 -5.5157e+00
6.0000e+01 -5.0000e+01 -4.1869e+00
6.0000e+01 -4.0000e+01 -7.1454e+00
6.0000e+01 -3.0000e+01 -5.7258e+00
6.0000e+01 -2.0000e+01 -8.6105e+00
6.0000e+01 -1.0000e+01 -9.0691e+00
6.0000e+01 0.0000e+00 -8.3236e+00
6.0000e+01 1.0000e+01 -1.1121e+01
6.0000e+01 2.0000e+01 -7.8298e+00
6.0000e+01 3.0000e+01 -6.4022e+00
6.0000e+01 4.0000e+01 -7.2143e+00
6.0000e+01 5.0000e+01 -3.6788e+00
6.0000e+01 6.0000e+01 -3.8208e+00
6.0000e+01 7.0000e+01 -4.6475e+00
6.0000e+01 8.0000e+01 -4.4988e+00
6.0000e+01 9.0000e+01 -3.3272e+00
6.0000e+01 1.0000e+02 -1.0403e+00
6.0000e+01 1.1000e+02 -1.0830e+00
6.0000e+01 1.2000e+02 -1.6140e+00
6.0000e+01 1.3000e+02 3.5771e-01
6.0000e+01 1.4000e+02 -2.1523e+00
6.0000e+01 1.5000e+02 -9.3465e-01
6.0000e+01 1.6000e+02 1.7452e+00
6.0000e+01 1.7000e+02 -1.2916e+00
6.0000e+01 1.8000e+02 -5.1790e-01
6.0000e+01 1.9000e+02 6.0675e-01
6.0000e+01 2.0000e+02 -2.5830e-01
7.0000e+01 -2.0000e+02 7.8530e-01
7.0000e+01 -1.9000e+02 1.6821e+00
7.0000e+01 -1.8000e+02 -8.6052e-01
7.0000e+01 -1.7000e+02 -5.3792e-01
7.0000e+01 -1.6000e+02 -2.5277e+00
7.0000e+01 -1.5000e+02 2.6837e+00
7.0000e+01 -1.4000e+02 -1.4488e-01
7.0000e+01 -1.3000e+02 -1.2859e+00
7.0000e+01 -1.2000e+02 -1.5686e+00
7.0000e+01 -1.1000e+02 -8.9923e-01
7.0000e+01 -1.0000e+02 -9.5671e-01
7.0000e+01 -9.0000e+01 -7.8021e-01
7.0000e+01 -8.0000e+01 -5.5635e+00
7.0000e+01 -7.0000e+01 -4.1242e+00
7.0000e+01 -6.0000e+01 -5.6034e+00
7.0000e+01 -5.0000e+01 -5.1028e+00
7.0000e+01 -4.0000e+01 -6.1394e+00
7.0000e+01 -3.0000e+01 -5.4775e+00
7.0000e+01 -2.0000e+01 -5.2897e+00
7.0000e+01 -1.0000e+01 -6.4668e+00
7.0000e+01 0.0000e+00 -7.2149e+00
7.0000e+01 1.0000e+01 -9.6207e+00
7.0000e+01 2.0000e+01 -8.5601e+00
7.0000e+01 3.0000e+01 -4.9087e+00
7.0000e+01 4.0000e+01 -2.3697e+00
7.0000e+01 5.0000e+01 -5.9774e+00
7.0000e+01 6.0000e+01 -4.8006e+00
7.0000e+01 7.0000e+01 -3.9133e+00
7.0000e+01 8.0000e+01 -6.1041e-01
7.0000e+01 9.0000e+01 -3.6342e+00
7.0000e+01 1.0000e+02 1.7103e+00
7.0000e+01 1.1000e+02 1.0694e+00
7.0000e+01 1.2000e+02 -8.2439e-01
7.0000e+01 1.3000e+02 -2.5613e-01
7.0000e+01 1.4000e+02 -1.0719e+00
7.0000e+01 1.5000e+02 5.9827e-01
7.0000e+01 1.6000e+02 -1.4837e+00
7.0000e+01 1.7000e+02 3.0145e-01
7.0000e+01 1.8000e+02 -1.9068e+00
7.0000e+01 1.9000e+02 -1.5204e+00
7.0000e+01 2.0000e+02 -3.0277e+00
8.0000e+01 -2.0000e+02 -4.1243e-01
8.0000e+01 -1.9000e+02 -3.2858e-01
8.0000e+01 -1.8000e+02 8.5190e-02
8.0000e+01 -1.7000e+02 8.0330e-01
8.0000e+01 -1.6000e+02 -2.1568e+00
8.0000e+01 -1.5000e+02 1.0786e+00
8.0000e+01 -1.4000e+02 -2.2337e-02
8.0000e+01 -1.3000e+02 2.8460e+00
8.0000e+01 -1.2000e+02 -2.2691e+00
8.0000e+01 -1.1000e+02 -2.3951e-01
8.0000e+01 -1.0000e+02 1.8517e+00
8.0000e+01 -9.0000e+01 1.0771e+00
8.0000e+01 -8.0000e+01 -1.8984e+00
8.0000e+01 -7.0000e+01 -2.9473e+00
8.0000e+01 -6.0000e+01 -1.4705e+00
8.0000e+01 -5.0000e+01 -9.4132e-01
8.0000e+01 -4.0000e+01 -2.6726e+00
8.0000e+01 -3.0000e+01 -5.5446e+00
8.0000e+01 -2.0000e+01 -5.5414e+00
8.0000e+01 -1.0000e+01 -4.3565e+00
8.0000e+01 0.0000e+00 -6.8840e+00
8.0000e+01 1.0000e+01 -1.7466e+00
8.0000e+01 2.0000e+01 -5.7472e+00
8.0000e+01 3.0000e+01 -4.9213e+00
8.0000e+01 4.0000e+01 -2.0162e+00
8.0000e+01 5.0000e+01 -4.3185e+00
8.0000e+01 6.0000e+01 -2.1332e+00
8.0000e+01 7.0000e+01 -4.0160e+00
8.0000e+01 8.0000e+01 -3.3368e+00
8.0000e+01 9.0000e+01 -3.0015e+00
8.0000e+01 1.0000e+02 -3.2943e+00
8.0000e+01 1.1000e+02 -2.1074e+00
8.0000e+01 1.2000e+02 -1.7202e+00
8.0000e+01 1.3000e+02 -2.8768e+00
8.0000e+01 1.4000e+02 -1.5893e+00
8.0000e+01 1.5000e+02 -1.6409e+00
8.0000e+01 1.6000e+02 5.4731e-01
8.0000e+01 1.7000e+02 -8.7941e-01
8.0000e+01 1.8000e+02 2.2343e+00
8.0000e+01 1.9000e+02 -5.5324e-01
8.0000e+01 2.0000e+02 -1.2677e+00
9.0000e+01 -2.0000e+02 -2.0923e-01
9.0000e+01 -1.9000e+02 -7.7381e-01
9.0000e+01 -1.8000e+02 -9.8322e-01
9.0000e+01 -1.7000e+02 1.4199e+00
9.0000e+01 -1.6000e+02 6.7160e-01
9.0000e+01 -1.5000e+02 -1.2000e+00
9.0000e+01 -1.4000e+02 1.8145e+00
9.0000e+01 -1.3000e+02 1.6991e-01
9.0000e+01 -1.2000e+02 1.0379e+00
9.0000e+01 -1.1000e+02 7.5634e-01
9.0000e+01 -1.0000e+02 1.0408e-01
9.0000e+01 -9.0000e+01 8.3800e-01
9.0000e+01 -8.0000e+01 -2.1065e+00
9.0000e+01 -7.0000e+01 2.0066e+00
9.0000e+01 -6.0000e+01 -1.8881e+00
9.0000e+01 -5.0000e+01 -5.2048e+00
9.0000e+01 -4.0000e+01 -3.3801e+00
9.0000e+01 -3.0000e+01 -2.2521e+00
9.0000e+01 -2.0000e+01 -2.5666e+00
9.0000e+01 -1.0000e+01 -5.2555e+00
9.0000e+01 0.0000e+00 -6.7163e+00
9.0000e+01 1.0000e+01 -3.7897e+00
9.0000e+01 2.0000e+01 -5.1277e+00
9.0000e+01 3.0000e+01 -5.5811e+00
9.0000e+01 4.0000e+01 -3.2996e+00
9.0000e+01 5.0000e+01 -4.3138e+00
9.0000e+01 6.0000e+01 -2.0248e+00
9.0000e+01 7.0000e+01 -4.5980e+00
9.0000e+01 8.0000e+01 -2.0640e+00
9.0000e+01 9.0000e+01 -3.3636e+00
9.0000e+01 1.0000e+02 -2.0937e+00
9.0000e+01 1.1000e+02 1.3297e+00
9.0000e+01 1.2000e+02 -9.5999e-01
9.0000e+01 1.3000e+02 2.1189e+00
9.0000e+01 1.4000e+02 -5.4597e-01
9.0000e+01 1.5000e+02 -3.4624e-01
9.0000e+01 1.6000e+02 -1.3073e+00
9.0000e+01 1.7000e+02 3.1467e-01
9.0000e+01 1.8000e+02 9.1811e-01
9.0000e+01 1.9000e+02 1.8646e+00
9.0000e+01 2.0000e+02 -1.8674e-01
1.0000e+02 -2.0000e+02 -2.4550e+00
1.0000e+02 -1.9000e+02 2.1157e+00
1.0000e+02 -1.8000e+02 6.7723e-01
1.0000e+02 -1.7000e+02 -2.4828e-02
1.0000e+02 -1.6000e+02 -1.4548e+00
1.0000e+02 -1.5000e+02 -1.8706e+00
1.0000e+02 -1.4000e+02 -6.8912e-02
1.0000e+02 -1.3000e+02 8.3270e-01
1.0000e+02 -1.2000e+02 -8.8581e-01
1.0000e+02 -1.1000e+02 5.2664e-02
1.0000e+02 -1.0000e+02 -2.5139e+00
1.0000e+02 -9.0000e+01 -9.2703e-01
1.0000e+02 -8.0000e+01 -1.7206e+00
1.0000e+02 -7.0000e+01 -4.5458e+00
1.0000e+02 -6.0000e+01 -1.0162e+00
1.0000e+02 -5.0000e+01 -9.3630e-01
1.0000e+02 -4.0000e+01 -2.4022e+00
1.0000e+02 -3.0000e+01 -4.9071e+00
1.0000e+02 -2.0000e+01 -1.3772e+00
1.0000e+02 -1.0000e+01 -1.8006e+00
1.0000e+02 0.0000e+00 -4.5664e+00
1.0000e+02 1.0000e+01 -3.4680e+00
1.0000e+02 2.0000e+01 -2.5689e+00
1.0000e+02 3.0000e+01 -5.6418e+00
1.0000e+02 4.0000e+01 -2.9441e+00
1.0000e+02 5.0000e+01 -4.0668e+00
1.0000e+02 6.0000e+01 -1.1183e+00
1.0000e+02 7.0000e+01 -3.4295e+00
1.0000e+02 8.0000e+01 -2.8324e+00
1.0000e+02 9.0000e+01 -1.1978e+00
1.0000e+02 1.0000e+02 1.3684e+00
1.0000e+02 1.1000e+02 -1.0135e+00
1.0000e+02 1.2000e+02 -1.7680e+00
1.0000e+02 1.3000e+02 -1.7438e+00
1.0000e+02 1.4000e+02 1.0542e+00
1.0000e+02 1.5000e+02 -1.3287e+00
1.0000e+02 1.6000e+02 -1.1904e+00
1.0000e+02 1.7000e+02 1.6204e+00
1.0000e+02 1.8000e+02 7.0155e-01
1.0000e+02 1.9000e+02 1.1935e+00
1.0000e+02 2.0000e+02 -2.1406e-01
1.1000e+02 -2.0000e+02 1.9918e+00
1.1000e+02 -1.9000e+02 5.3711e-01
1.1000e+02 -1.8000e+02 1.6259e+00
1.1000e+02 -1.7000e+02 1.2620e+00
1.1000e+02 -1.6000e+02 -2.0251e+00
1.1000e+02 -1.5000e+02 -3.6643e-01
1.1000e+02 -1.4000e+02 -1.0522e+00
1.1000e+02 -1.3000e+02 1.2113e+00
1.1000e+02 -1.2000e+02 2.6025e-01
1.1000e+02 -1.1000e+02 -1.1054e+00
1.1000e+02 -1.0000e+02 -1.7044e-01
1.1000e+02 -9.0000e+01 -2.5398e+00
1.1000e+02 -8.0000e+01 -1.5114e+00
1.1000e+02 -7.0000e+01 -1.1791e+00
1.1000e+02 -6.0000e+01 -1.3328e+00
1.1000e+02 -5.0000e+01 -6.9009e-01
1.1000e+02 -4.0000e+01 -1.4981e+00
1.1000e+02 -3.0000e+01 -4.3279e+00
1.1000e+02 -2.0000e+01 -1.2461e+00
1.1000e+02 -1.0000e+01 -7.8888e-01
1.1000e+02 0.0000e+00 -2.8613e+00
1.1000e+02 1.0000e+01 -1.3376e+00
1.1000e+02 2.0000e+01 -3.2614e+00
1.1000e+02 3.0000e+01 -1.6383e+00
1.1000e+02 4.0000e+01 -4.5462e+00
1.1000e+02 5.0000e+01 -2.1828e+00
1.1000e+02 6.0000e+01 -2.9479e+00
1.1000e+02 7.0000e+01 -1.2996e+00
1.1000e+02 8.0000e+01 -1.5350e+00
1.1000e+02 9.0000e+01 5.3258e-02
1.1000e+02 1.0000e+02 -5.4960e-01
1.1000e+02 1.1000e+02 -1.8324e-01
1.1000e+02 1.2000e+02 -8.4370e-01
1.1000e+02 1.3000e+02 1.3074e-01
1.1000e+02 1.4000e+02 -2.9441e+00
1.1000e+02 1.5000e+02 -8.1899e-01
1.1000e+02 1.6000e+02 -7.5938e-01
1.1000e+02 1.7000e+02 -2.0478e+00
1.1000e+02 1.8000e+02 -1.6072e-01
1.1000e+02 1.9000e+02 -8.1060e-01
1.1000e+02 2.0000e+02 -3.8085e+00
1.2000e+02 -2.0000e+02 -7.8606e-01
1.2000e+02 -1.9000e+02 -7.0717e-01
1.2000e+02 -1.8000e+02 5.3226e-01
1.2000e+02 -1.7000e+02 1.3246e-01
1.2000e+02 -1.6000e+02 -4.9340e-01
1.2000e+02 -1.5000e+02 -7.0269e-01
1.2000e+02 -1.4000e+02 -3.0979e-01
1.2000e+02 -1.3000e+02 3.2309e-01
1.2000e+02 -1.2000e+02 -4.5870e-01
1.2000e+02 -1.1000e+02 1.8100e+00
1.2000e+02 -1.0000e+02 -1.8286e+00
1.2000e+02 -9.0000e+01 6.8996e-01
1.2000e+02 -8.0000e+01 -3.6795e+00
1.2000e+02 -7.0000e+01 1.8751e-01
1.2000e+02 -6.0000e+01 -1.1173e+00
1.2000e+02 -5.0000e+01 5.4473e-01
1.2000e+02 -4.0000e+01 -1.8121e+00
1.2000e+02 -3.0000e+01 -5.1620e-01
1.2000e+02 -2.0000e+01 -1.5152e+00
1.2000e+02 -1.0000e+01 -2.6152e-01
1.2000e+02 0.0000e+00 -6.7952e-01
1.2000e+02 1.0000e+01 1.1232e+00
1.2000e+02 2.0000e+01 -2.0830e-01
1.2000e+02 3.0000e+01 5.7039e-01
1.2000e+02 4.0000e+01 1.5713e+00
1.2000e+02 5.0000e+01 -2.0007e+00
1.2000e+02 6.0000e+01 -2.3766e+00
1.2000e+02 7.0000e+01 -1.3577e+00
1.2000e+02 8.0000e+01 2.5970e-01
1.2000e+02 9.0000e+01 -7.9951e-03
1.2000e+02 1.0000e+02 -1.4355e+00
1.2000e+02 1.1000e+02 7.3635e-01
1.2000e+02 1.2000e+02 6.2452e-02
1.2000e+02 1.3000e+02 -1.0130e+00
1.2000e+02 1.4000e+02 -8.9511e-01
1.2000e+02 1.5000e+02 -1.4621e+00
1.2000e+02 1.6000e+02 -1.1972e+00
1.2000e+02 1.7000e+02 -1.3360e+00
1.2000e+02 1.8000e+02 5.0328e-01
1.2000e+02 1.9000e+02 1.0799e+00
1.2000e+02 2.0000e+02 -3.8206e-01
1.3000e+02 -2.0000e+02 -3.3573e-01
1.3000e+02 -1.9000e+02 1.0266e+00
1.3000e+02 -1.8000e+02 -1.2723e-01
1.3000e+02 -1.7000e+02 6.9892e-01
1.3000e+02 -1.6000e+02 -6.4341e-01
1.3000e+02 -1.5000e+02 -7.9350e-01
1.3000e+02 -1.4000e+02 2.2886e-02
1.3000e+02 -1.3000e+02 6.5424e-01
1.3000e+02 -1.2000e+02 -4.3563e-01
1.3000e+02 -1.1000e+02 -6.4155e-01
1.3000e+02 -1.0000e+02 8.8680e-01
1.3000e+02 -9.0000e+01 1.3826e-01
1.3000e+02 -8.0000e+01 -2.0308e+00
1.3000e+02 -7.0000e+01 -1.0096e+00
1.3000e+02 -6.0000e+01 5.6446e-01
1.3000e+02 -5.0000e+01 -1.2062e+00
1.3000e+02 -4.0000e+01 7.1046e-01
1.3000e+02 -3.0000e+01 -8.1540e-01
1.3000e+02 -2.0000e+01 -2.2182e+00
1.3000e+02 -1.0000e+01 1.5096e+00
1.3000e+02 0.0000e+00 -1.4461e+00
1.3000e+02 1.0000e+01 -9.2005e-01
1.3000e+02 2.0000e+01 -6.1636e-01
1.3000e+02 3.0000e+01 3.6817e-01
1.3000e+02 4.0000e+01 -1.9758e+00
1.3000e+02 5.0000e+01 -9.7035e-01
1.3000e+02 6.0000e+01 -7.0483e-01
1.3000e+02 7.0000e+01 -1.1943e+00
1.3000e+02 8.0000e+01 -3.3015e+00
1.3000e+02 9.0000e+01 -7.5070e-01
1.3000e+02 1.0000e+02 3.0233e+00
1.3000e+02 1.1000e+02 9.7267e-01
1.3000e+02 1.2000e+02 -2.2315e-01
1.3000e+02 1.3000e+02 -4.4360e-01
1.3000e+02 1.4000e+02 1.0014e+00
1.3000e+02 1.5000e+02 -1.1082e-01
1.3000e+02 1.6000e+02 -5.8704e-01
1.3000e+02 1.7000e+02 -1.0364e+00
1.3000e+02 1.8000e+02 2.1503e+00
1.3000e+02 1.9000e+02 4.4424e-01
1.3000e+02 2.0000e+02 -5.4410e-01
1.4000e+02 -2.0000e+02 -2.6020e-01
1.4000e+02 -1.9000e+02 2.5611e+00
1.4000e+02 -1.8000e+02 -2.2745e+00
1.4000e+02 -1.7000e+02 -1.0752e-01
1.4000e+02 -1.6000e+02 9.7478e-01
1.4000e+02 -1.5000e+02 1.0694e+00
1.4000e+02 -1.4000e+02 1.5403e+00
1.4000e+02 -1.3000e+02 -5.6383e-04
1.4000e+02 -1.2000e+02 4.9833e-01
1.4000e+02 -1.1000e+02 -1.4414e+00
1.4000e+02 -1.0000e+02 -4.9902e+00
1.4000e+02 -9.0000e+01 -2.0321e+00
1.4000e+02 -8.0000e+01 1.4179e+00
1.4000e+02 -7.0000e+01 -2.8807e+00
1.4000e+02 -6.0000e+01 1.2604e+00
1.4000e+02 -5.0000e+01 6.0135e-02
1.4000e+02 -4.0000e+01 -9.5231e-01
1.4000e+02 -3.0000e+01 6.9237e-01
1.4000e+02 -2.0000e+01 -9.8724e-01
1.4000e+02 -1.0000e+01 2.9444e-01
1.4000e+02 0.0000e+00 -2.3597e-01
1.4000e+02 1.0000e+01 1.2198e-01
1.4000e+02 2.0000e+01 -1.1732e+00
1.4000e+02 3.0000e+01 6.5348e-01
1.4000e+02 4.0000e+01 -2.9776e+00
1.4000e+02 5.0000e+01 -5.3893e-01
1.4000e+02 6.0000e+01 -7.0759e-01
1.4000e+02 7.0000e+01 8.3468e-02
1.4000e+02 8.0000e+01 1.6435e+00
1.4000e+02 9.0000e+01 -2.3877e+00
1.4000e+02 1.0000e+02 2.4732e+00
1.4000e+02 1.1000e+02 -1.2284e+00
1.4000e+02 1.2000e+02 1.6296e+00
1.4000e+02 1.3000e+02 -1.3189e+00
1.4000e+02 1.4000e+02 -5.0195e-02
1.4000e+02 1.5000e+02 -2.5019e+00
1.4000e+02 1.6000e+02 5.6553e-01
1.4000e+02 1.7000e+02 2.5250e+00
1.4000e+02 1.8000e+02 -1.0613e+00
1.4000e+02 1.9000e+02 -1.4133e+00
1.4000e+02 2.0000e+02 -1.6683e+00
1.5000e+02 -2.0000e+02 -5.3345e-01
1.5000e+02 -1.9000e+02 4.1749e-01
1.5000e+02 -1.8000e+02 -1.5324e+00
1.5000e+02 -1.7000e+02 -3.2824e-01
1.5000e+02 -1.6000e+02 5.3363e-01
1.5000e+02 -1.5000e+02 7.3942e-01
1.5000e+02 -1.4000e+02 -1.3452e+00
1.5000e+02 -1.3000e+02 -2.2465e+00
1.5000e+02 -1.2000e+02 -2.6998e-02
1.5000e+02 -1.1000e+02 2.6148e-01
1.5000e+02 -1.0000e+02 8.7062e-01
1.5000e+02 -9.0000e+01 -9.5428e-01
1.5000e+02 -8.0000e+01 1.0238e+00
1.5000e+02 -7.0000e+01 6.5790e-01
1.5000e+02 -6.0000e+01 -1.6729e+00
1.5000e+02 -5.0000e+01 6.7009e-01
1.5000e+02 -4.0000e+01 1.9784e+00
1.5000e+02 -3.0000e+01 1.3354e+00
1.5000e+02 -2.0000e+01 -8.1139e-01
1.5000e+02 -1.0000e+01 1.4689e+00
1.5000e+02 0.0000e+00 -2.5165e+00
1.5000e+02 1.0000e+01 1.7015e+00
1.5000e+02 2.0000e+01 -1.3285e+00
1.5000e+02 3.0000e+01 -2.4484e+00
1.5000e+02 4.0000e+01 -9.3376e-01
1.5000e+02 5.0000e+01 -1.8999e+00
1.5000e+02 6.0000e+01 1.9326e+00
1.5000e+02 7.0000e+01 -1.1494e+00
1.5000e+02 8.0000e+01 4.2298e-01
1.5000e+02 9.0000e+01 -3.7437e-01
1.5000e+02 1.0000e+02 5.9358e-01
1.5000e+02 1.1000e+02 -1.4913e+00
1.5000e+02 1.2000e+02 -2.8323e+00
1.5000e+02 1.3000e+02 -8.8865e-03
1.5000e+02 1.4000e+02 1.4509e-01
1.5000e+02 1.5000e+02 -1.4063e+00
1.5000e+02 1.6000e+02 -2.2817e+00
1.5000e+02 1.7000e+02 1.1610e+00
1.5000e+02 1.8000e+02 2.1367e-01
1.5000e+02 1.9000e+02 -3.3312e+00
1.5000e+02 2.0000e+02 1.5776e+00
1.6000e+02 -2.0000e+02 -9.1202e-01
1.6000e+02 -1.9000e+02 1.8105e+00
1.6000e+02 -1.8000e+02 -2.0639e+00
1.6000e+02 -1.7000e+02 -1.6453e+00
1.6000e+02 -1.6000e+02 1.4023e+00
1.6000e+02 -1.5000e+02 -5.3492e-01
1.6000e+02 -1.4000e+02 3.8023e-01
1.6000e+02 -1.3000e+02 1.1189e+00
1.6000e+02 -1.2000e+02 1.9074e+00
1.6000e+02 -1.1000e+02 1.0164e+00
1.6000e+02 -1.0000e+02 1.9839e+00
1.6000e+02 -9.0000e+01 2.8880e+00
1.6000e+02 -8.0000e+01 -3.9338e+00
1.6000e+02 -7.0000e+01 3.0688e+00
1.6000e+02 -6.0000e+01 1.4760e+00
1.6000e+02 -5.0000e+01 -1.5460e+00
1.6000e+02 -4.0000e+01 -1.2319e+00
1.6000e+02 -3.0000e+01 -2.6491e+00
1.6000e+02 -2.0000e+01 -1.4238e+00
1.6000e+02 -1.0000e+01 8.6440e-01
1.6000e+02 0.0000e+00 -2.3381e-01
1.6000e+02 1.0000e+01 1.9634e+00
1.6000e+02 2.0000e+01 -1.3799e+00
1.6000e+02 3.0000e+01 2.2260e+00
1.6000e+02 4.0000e+01 8.4635e-01
1.6000e+02 5.0000e+01 1.9221e+00
1.6000e+02 6.0000e+01 1.6201e+00
1.6000e+02 7.0000e+01 3.3476e+00
1.6000e+02 8.0000e+01 5.5592e-01
1.6000e+02 9.0000e+01 9.4938e-01
1.6000e+02 1.0000e+02 1.9906e+00
1.6000e+02 1.1000e+02 1.0812e+00
1.6000e+02 1.2000e+02 -2.5357e-01
1.6000e+02 1.3000e+02 -2.6651e+00
1.6000e+02 1.4000e+02 -1.1934e+00
1.6000e+02 1.5000e+02 -2.0167e+00
1.6000e+02 1.6000e+02 -5.1425e-01
1.6000e+02 1.7000e+02 -1.1913e+00
1.6000e+02 1.8000e+02 1.2238e+00
1.6000e+02 1.9000e+02 1.2613e+00
1.6000e+02 2.0000e+02 -1.3364e-02
1.7000e+02 -2.0000e+02 5.9913e-01
1.7000e+02 -1.9000e+02 3.0276e+00
1.7000e+02 -1.8000e+02 -4.7045e-01
1.7000e+02 -1.7000e+02 -2.2164e-01
1.7000e+02 -1.6000e+02 7.8544e-01
1.7000e+02 -1.5000e+02 -1.3446e+00
1.7000e+02 -1.4000e+02 -2.2679e+00
1.7000e+02 -1.3000e+02 -1.6430e+00
1.7000e+02 -1.2000e+02 -8.9474e-01
1.7000e+02 -1.1000e+02 9.7205e-01
1.7000e+02 -1.0000e+02 -1.6392e+00
1.7000e+02 -9.0000e+01 7.2196e-01
1.7000e+02 -8.0000e+01 -1.5018e+00
1.7000e+02 -7.0000e+01 -1.4345e+00
1.7000e+02 -6.0000e+01 -5.2902e-01
1.7000e+02 -5.0000e+01 9.0388e-01
1.7000e+02 -4.0000e+01 2.6048e-01
1.7000e+02 -3.0000e+01 -1.4257e+00
1.7000e+02 -2.0000e+01 -3.9860e-01
1.7000e+02 -1.0000e+01 -1.2617e+00
1.7000e+02 0.0000e+00 -2.3776e+00
1.7000e+02 1.0000e+01 -1.1374e+00
1.7000e+02 2.0000e+01 -7.5946e-01
1.7000e+02 3.0000e+01 9.7449e-01
1.7000e+02 4.0000e+01 1.8598e-01
1.7000e+02 5.0000e+01 -4.1770e-01
1.7000e+02 6.0000e+01 -3.2581e+00
1.7000e+02 7.0000e+01 3.1404e-02
1.7000e+02 8.0000e+01 -2.0963e+00
1.7000e+02 9.0000e+01 1.4986e-01
1.7000e+02 1.0000e+02 -9.4319e-02
1.7000e+02 1.1000e+02 1.1127e+00
1.7000e+02 1.2000e+02 -3.5327e-01
1.7000e+02 1.3000e+02 -6.1924e-01
1.7000e+02 1.4000e+02 1.1445e+00
1.7000e+02 1.5000e+02 9.7779e-01
1.7000e+02 1.6000e+02 7.1667e-01
1.7000e+02 1.7000e+02 4.3953e-01
1.7000e+02 1.8000e+02 -1.3330e+00
1.7000e+02 1.9000e+02 1.0406e+00
1.7000e+02 2.0000e+02 -3.4971e-02
1.8000e+02 -2.0000e+02 -2.9846e+00
1.8000e+02 -1.9000e+02 -8.0064e-01
1.8000e+02 -1.8000e+02 -1.4664e+00
1.8000e+02 -1.7000e+02 -2.1321e+00
1.8000e+02 -1.6000e+02 5.3019e-01
1.8000e+02 -1.5000e+02 2.0245e+00
1.8000e+02 -1.4000e+02 -1.4588e-01
1.8000e+02 -1.3000e+02 1.4970e+00
1.8000e+02 -1.2000e+02 3.2207e-01
1.8000e+02 -1.1000e+02 1.6127e-01
1.8000e+02 -1.0000e+02 1.6062e+00
1.8000e+02 -9.0000e+01 9.9626e-01
1.8000e+02 -8.0000e+01 1.7406e+00
1.8000e+02 -7.0000e+01 6.7617e-01
1.8000e+02 -6.0000e+01 1.3615e+00
1.8000e+02 -5.0000e+01 -9.8862e-02
1.8000e+02 -4.0000e+01 -3.3624e+00
1.8000e+02 -3.0000e+01 1.4828e+00
1.8000e+02 -2.0000e+01 -1.3006e+00
1.8000e+02 -1.0000e+01 -1.6768e+00
1.8000e+02 0.0000e+00 -4.2166e-01
1.8000e+02 1.0000e+01 -1.9078e+00
1.8000e+02 2.0000e+01 3.0874e+00
1.8000e+02 3.0000e+01 -6.1083e-01
1.8000e+02 4.0000e+01 -1.9622e+00
1.8000e+02 5.0000e+01 2.1595e+00
1.8000e+02 6.0000e+01 -1.3120e+00
1.8000e+02 7.0000e+01 3.7092e+00
1.8000e+02 8.0000e+01 -1.4496e+00
1.8000e+02 9.0000e+01 2.3057e-02
1.8000e+02 1.0000e+02 -6.4781e-01
1.8000e+02 1.1000e+02 3.6180e+00
1.8000e+02 1.2000e+02 -2.2101e+00
1.8000e+02 1.3000e+02 7.8880e-01
1.8000e+02 1.4000e+02 -1.6060e+00
1.8000e+02 1.5000e+02 -8.4521e-01
1.8000e+02 1.6000e+02 1.6609e+00
1.8000e+02 1.7000e+02 9.2815e-01
1.8000e+02 1.8000e+02 -7.4144e-01
1.8000e+02 1.9000e+02 -2.2757e+00
1.8000e+02 2.0000e+02 -3.6103e-01
1.9000e+02 -2.0000e+02 3.3598e-01
1.9000e+02 -1.9000e+02 7.3477e-01
1.9000e+02 -1.8000e+02 -9.9625e-01
1.9000e+02 -1.7000e+02 3.7090e+00
1.9000e+02 -1.6000e+02 -5.5707e-01
1.9000e+02 -1.5000e+02 -7.1626e-01
1.9000e+02 -1.4000e+02 -4.1603e-01
1.9000e+02 -1.3000e+02 1.4315e+00
1.9000e+02 -1.2000e+02 -4.8673e-02
1.9000e+02 -1.1000e+02 2.0960e+00
1.9000e+02 -1.0000e+02 3.0432e-01
1.9000e+02 -9.0000e+01 2.5313e+00
1.9000e+02 -8.0000e+01 6.9771e-01
1.9000e+02 -7.0000e+01 8.9065e-01
1.9000e+02 -6.0000e+01 -9.1771e-01
1.9000e+02 -5.0000e+01 -1.2498e+00
1.9000e+02 -4.0000e+01 -6.0231e-01
1.9000e+02 -3.0000e+01 2.1937e+00
1.9000e+02 -2.0000e+01 -2.6132e+00
1.9000e+02 -1.0000e+01 1.5001e+00
1.9000e+02 0.0000e+00 8.0974e-01
1.9000e+02 1.0000e+01 -1.8570e+00
1.9000e+02 2.0000e+01 1.3678e+00
1.9000e+02 3.0000e+01 -1.1898e+00
1.9000e+02 4.0000e+01 -1.3043e+00
1.9000e+02 5.0000e+01 -1.3820e+00
1.9000e+02 6.0000e+01 -2.0133e+00
1.9000e+02 7.0000e+01 -1.0536e+00
1.9000e+02 8.0000e+01 -8.7397e-01
1.9000e+02 9.0000e+01 2.1981e-01
1.9000e+02 1.0000e+02 2.3590e+00
1.9000e+02 1.1000e+02 4.0196e-01
1.9000e+02 1.2000e+02 1.9122e+00
1.9000e+02 1.3000e+02 8.6035e-01
1.9000e+02 1.4000e+02 5.8579e-01
1.9000e+02 1.5000e+02 5.0410e-01
1.9000e+02 1.6000e+02 -2.4705e+00
1.9000e+02 1.7000e+02 1.5460e+00
1.9000e+02 1.8000e+02 -4.3742e-01
1.9000e+02 1.9000e+02 -6.1226e-01
1.9000e+02 2.0000e+02 7.8767e-02
2.0000e+02 -2.0000e+02 -1.5866e+00
2.0000e+02 -1.9000e+02 -3.4795e-01
2.0000e+02 -1.8000e+02 1.0800e+00
2.0000e+02 -1.7000e+02 9.3136e-01
2.0000e+02 -1.6000e+02 3.6343e+00
2.0000e+02 -1.5000e+02 -3.1113e+00
2.0000e+02 -1.4000e+02 -2.0722e+00
2.0000e+02 -1.3000e+02 1.4437e+00
2.0000e+02 -1.2000e+02 -1.2244e+00
2.0000e+02 -1.1000e+02 5.6866e-01
2.0000e+02 -1.0000e+02 1.1679e+00
2.0000e+02 -9.0000e+01 2.6523e+00
2.0000e+02 -8.0000e+01 2.7363e+00
2.0000e+02 -7.0000e+01 -8.5397e-01
2.0000e+02 -6.0000e+01 6.9239e-01
2.0000e+02 -5.0000e+01 -1.4595e+00
2.0000e+02 -4.0000e+01 -3.6986e-01
2.0000e+02 -3.0000e+01 1.5525e+00
2.0000e+02 -2.0000e+01 -7.8753e-01
2.0000e+02 -1.0000e+01 3.0193e-01
2.0000e+02 0.0000e+00 1.5311e+00
2.0000e+02 1.0000e+01 -3.5565e-01
2.0000e+02 2.0000e+01 3.5379e-01
2.0000e+02 3.0000e+01 1.2075e-01
2.0000e+02 4.0000e+01 2.5460e+00
2.0000e+02 5.0000e+01 3.3802e+00
2.0000e+02 6.0000e+01 -1.9856e+00
2.0000e+02 7.0000e+01 1.2997e+00
2.0000e+02 8.0000e+01 2.6971e+00
2.0000e+02 9.0000e+01 2.7054e+00
2.0000e+02 1.0000e+02 9.7374e-03
2.0000e+02 1.1000e+02 -1.1986e+00
2.0000e+02 1.2000e+02 1.8920e+00
2.0000e+02 1.3000e+02 -1.1357e+00
2.0000e+02 1.4000e+02 1.5902e+00
2.0000e+02 1.5000e+02 -5.9361e-01
2.0000e+02 1.6000e+02 -3.4551e-01
2.0000e+02 1.7000e+02 7.0378e-01
2.0000e+02 1.8000e+02 2.8215e+00
2.0000e+02 1.9000e+02 4.8755e-03
2.0000e+02 2.0000e+02 7.9440e-01
