-2.0000e+02 -2.0000e+02 2.7854e-01
-2.0000e+02 -1.9000e+02 7.2696e-01
-2.0000e+02 -1.8000e+02 1.2176e+00
-2.0000e+02 -1.7000e+02 1.1696e+00
-2.0000e+02 -1.6000e+02 2.0217e-01
-2.0000e+02 -1.5000e+02 -9.4230e-01
-2.0000e+02 -1.4000e+02 8.6061e-01
-2.0000e+02 -1.3000e+02 1.9830e+00
-2.0000e+02 -1.2000e+02 7.2236e-01
-2.0000e+02 -1.1000e+02 -7.0560e-01
-2.0000e+02 -1.0000e+02 1.2069e+00
-2.0000e+02 -9.0000e+01 -1.0933e-01
-2.0000e+02 -8.0000e+01 -1.7097e+00
-2.0000e+02 -7.0000e+01 3.2879e+00
-2.0000e+02 -6.0000e+01 -4.2320e-02
-2.0000e+02 -5.0000e+01 -1.3404e+00
-2.0000e+02 -4.0000e+01 1.5273e+00
-2.0000e+02 -3.0000e+01 8.8129e-01
-2.0000e+02 -2.0000e+01 -1.0206e+00
-2.0000e+02 -1.0000e+01 1.1912e+00
-2.0000e+02 0.0000e+00 -1.4986e+00
-2.0000e+02 1.0000e+01 -1.7183e+00
-2.0000e+02 2.0000e+01 1.2341e+00
-2.0000e+02 3.0000e+01 -1.0188e+00
-2.0000e+02 4.0000e+01 -8.1701e-02
-2.0000e+02 5.0000e+01 4.9911e-01
-2.0000e+02 6.0000e+01 -9.3794e-03
-2.0000e+02 7.0000e+01 -5.8714e-01
-2.0000e+02 8.0000e+01 -1.4365e-01
-2.0000e+02 9.0000e+01 2.0192e+00
-2.0000e+02 1.0000e+02 3.5065e-02
-2.0000e+02 1.1000e+02 7.5236e-01
-2.0000e+02 1.2000e+02 4.6552e-01
-2.0000e+02 1.3000e+02 8.6100e-01
-2.0000e+02 1.4000e+02 -2.4579e+00
-2.0000e+02 1.5000e+02 1.0848e+00
-2.0000e+02 1.6000e+02 6.1633e-01
-2.0000e+02 1.7000e+02 -1.3541e+00
-2.0000e+02 1.8000e+02 1.1048e+00
-2.0000e+02 1.9000e+02 9.6909e-01
-2.0000e+02 2.0000e+02 -9.9111e-01
-1.9000e+02 -2.0000e+02 -2.3016e+00
-1.9000e+02 -1.9000e+02 -1.0617e+00
-1.9000e+02 -1.8000e+02 -3.8713e-01
-1.9000e+02 -1.7000e+02 -1.6033e+00
-1.9000e+02 -1.6000e+02 7.4164e-01
-1.9000e+02 -1.5000e+02 1.0311e-02
-1.9000e+02 -1.4000e+02 1.8234e+00
-1.9000e+02 -1.3000e+02 -9.7573e-01
-1.9000e+02 -1.2000e+02 -8.7385e-01
-1.9000e+02 -1.1000e+02 8.8767e-01
-1.9000e+02 -1.0000e+02 1.2290e+00
-1.9000e+02 -9.0000e+01 -1.1608e+00
-1.9000e+02 -8.0000e+01 -3.6324e-01
-1.9000e+02 -7.0000e+01 1.9367e+00
-1.9000e+02 -6.0000e+01 4.5640e-01
-1.9000e+02 -5.0000e+01 1.0492e-01
-1.9000e+02 -4.0000e+01 1.7779e+00
-1.9000e+02 -3.0000e+01 -1.2467e+00
-1.9000e+02 -2.0000e+01 -7.6569e-01
-1.9000e+02 -1.0000e+01 9.6623e-01
-1.9000e+02 0.0000e+00 3.6178e-01
-1.9000e+02 1.0000e+01 1.0418e+00
-1.9000e+02 2.0000e+01 1.8646e+00
-1.9000e+02 3.0000e+01 1.0617e+00
-1.9000e+02 4.0000e+01 -1.4448e+00
-1.9000e+02 5.0000e+01 -1.0161e+00
-1.9000e+02 6.0000e+01 9.8412e-01
-1.9000e+02 7.0000e+01 -1.7614e+00
-1.9000e+02 8.0000e+01 2.4220e+00
-1.9000e+02 9.0000e+01 -1.3156e+00
-1.9000e+02 1.0000e+02 -1.2210e+00
-1.9000e+02 1.1000e+02 3.7022e-01
-1.9000e+02 1.2000e+02 -2.5046e+00
-1.9000e+02 1.3000e+02 -5.5896e-01
-1.9000e+02 1.4000e+02 -5.7026e-01
-1.9000e+02 1.5000e+02 8.2479e-01
-1.9000e+02 1.6000e+02 -2.8307e+00
-1.9000e+02 1.7000e+02 -1.0208e+00
-1.9000e+02 1.8000e+02 -1.3313e+00
-1.9000e+02 1.9000e+02 -5.4914e-01
-1.9000e+02 2.0000e+02 -2.5618e+00
-1.8000e+02 -2.0000e+02 3.6645e+00
-1.8000e+02 -1.9000e+02 -7.7070e-01
-1.8000e+02 -1.8000e+02 3.5614e-01
-1.8000e+02 -1.7000e+02 6.7379e-01
-1.8000e+02 -1.6000e+02 -1.6956e-01
-1.8000e+02 -1.5000e+02 -9.8428e-01
-1.8000e+02 -1.4000e+02 3.0126e-01
-1.8000e+02 -1.3000e+02 1.0846e+00
-1.8000e+02 -1.2000e+02 2.5946e-02
-1.8000e+02 -1.1000e+02 -2.4646e+00
-1.8000e+02 -1.0000e+02 7.8629e-01
-1.8000e+02 -9.0000e+01 -1.2767e+00
-1.8000e+02 -8.0000e+01 -8.1750e-01
-1.8000e+02 -7.0000e+01 -1.4107e+00
-1.8000e+02 -6.0000e+01 3.4820e-01
-1.8000e+02 -5.0000e+01 -2.4000e+00
-1.8000e+02 -4.0000e+01 2.1468e+00
-1.8000e+02 -3.0000e+01 -5.6266e-02
-1.8000e+02 -2.0000e+01 2.1502e+00
-1.8000e+02 -1.0000e+01 4.2137e-01
-1.8000e+02 0.0000e+00 7.4009e-01
-1.8000e+02 1.0000e+01 4.1115e-01
-1.8000e+02 2.0000e+01 9.3373e-01
-1.8000e+02 3.0000e+01 -3.0978e-01
-1.8000e+02 4.0000e+01 -2.1855e+00
-1.8000e+02 5.0000e+01 6.3590e-01
-1.8000e+02 6.0000e+01 8.5574e-01
-1.8000e+02 7.0000e+01 8.1149e-02
-1.8000e+02 8.0000e+01 2.1833e+00
-1.8000e+02 9.0000e+01 1.6825e+00
-1.8000e+02 1.0000e+02 1.1582e+00
-1.8000e+02 1.1000e+02 1.1688e+00
-1.8000e+02 1.2000e+02 2.7568e+00
-1.8000e+02 1.3000e+02 -2.0861e-01
-1.8000e+02 1.4000e+02 -1.1840e+00
-1.8000e+02 1.5000e+02 3.1280e-02
-1.8000e+02 1.6000e+02 9.4829e-02
-1.8000e+02 1.7000e+02 2.2181e+00
-1.8000e+02 1.8000e+02 -1.0691e+00
-1.8000e+02 1.9000e+02 -2.0775e+00
-1.8000e+02 2.0000e+02 -1.0996e+00
-1.7000e+02 -2.0000e+02 -1.2002e+00
-1.7000e+02 -1.9000e+02 1.5614e+00
-1.7000e+02 -1.8000e+02 -9.0429e-01
-1.7000e+02 -1.7000e+02 1.8287e-01
-1.7000e+02 -1.6000e+02 -1.8428e+00
-1.7000e+02 -1.5000e+02 -1.6028e-01
-1.7000e+02 -1.4000e+02 -1.7198e+00
-1.7000e+02 -1.3000e+02 2.2870e+00
-1.7000e+02 -1.2000e+02 7.8994e-01
-1.7000e+02 -1.1000e+02 -4.5052e-02
-1.7000e+02 -1.0000e+02 2.5751e+00
-1.7000e+02 -9.0000e+01 -9.9016e-02
-1.7000e+02 -8.0000e+01 -6.8761e-01
-1.7000e+02 -7.0000e+01 -7.4047e-01
-1.7000e+02 -6.0000e+01 -1.4144e+00
-1.7000e+02 -5.0000e+01 2.7407e-01
-1.7000e+02 -4.0000e+01 1.5321e-02
-1.7000e+02 -3.0000e+01 5.6371e-01
-1.7000e+02 -2.0000e+01 -2.5592e+00
-1.7000e+02 -1.0000e+01 -1.6775e+00
-1.7000e+02 0.0000e+00 -2.1353e+00
-1.7000e+02 1.0000e+01 -4.7255e-02
-1.7000e+02 2.0000e+01 1.3507e+00
-1.7000e+02 3.0000e+01 -7.9573e-01
-1.7000e+02 4.0000e+01 -1.2322e+00
-1.7000e+02 5.0000e+01 1.1380e+00
-1.7000e+02 6.0000e+01 -2.8320e+00
-1.7000e+02 7.0000e+01 1.5484e+00
-1.7000e+02 8.0000e+01 7.4171e-01
-1.7000e+02 9.0000e+01 2.2095e+00
-1.7000e+02 1.0000e+02 1.6351e+00
-1.7000e+02 1.1000e+02 1.8049e-01
-1.7000e+02 1.2000e+02 -1.0792e+00
-1.7000e+02 1.3000e+02 7.4177e-01
-1.7000e+02 1.4000e+02 -4.4724e-01
-1.7000e+02 1.5000e+02 -1.0353e+00
-1.7000e+02 1.6000e+02 7.6333e-01
-1.7000e+02 1.7000e+02 1.0269e+00
-1.7000e+02 1.8000e+02 -2.1284e+00
-1.7000e+02 1.9000e+02 -9.5542e-01
-1.7000e+02 2.0000e+02 -1.8100e+00
-1.6000e+02 -2.0000e+02 -4.4081e-01
-1.6000e+02 -1.9000e+02 3.9289e-01
-1.6000e+02 -1.8000e+02 2.6729e+00
-1.6000e+02 -1.7000e+02 1.1366e+00
-1.6000e+02 -1.6000e+02 -5.3672e-01
-1.6000e+02 -1.5000e+02 1.4501e+00
-1.6000e+02 -1.4000e+02 -5.8012e-01
-1.6000e+02 -1.3000e+02 1.6308e+00
-1.6000e+02 -1.2000e+02 -3.0331e-01
-1.6000e+02 -1.1000e+02 -8.2667e-01
-1.6000e+02 -1.0000e+02 8.0181e-01
-1.6000e+02 -9.0000e+01 -1.6569e+00
-1.6000e+02 -8.0000e+01 1.1080e+00
-1.6000e+02 -7.0000e+01 -5.6254e-02
-1.6000e+02 -6.0000e+01 8.9498e-01
-1.6000e+02 -5.0000e+01 -1.2389e-01
-1.6000e+02 -4.0000e+01 1.2142e+00
-1.6000e+02 -3.0000e+01 6.5297e-01
-1.6000e+02 -2.0000e+01 -1.8221e+00
-1.6000e+02 -1.0000e+01 1.0894e+00
-1.6000e+02 0.0000e+00 -7.6579e-01
-1.6000e+02 1.0000e+01 2.0393e+00
-1.6000e+02 2.0000e+01 2.2499e-01
-1.6000e+02 3.0000e+01 1.9821e+00
-1.6000e+02 4.0000e+01 1.9449e+00
-1.6000e+02 5.0000e+01 -2.3456e-01
-1.6000e+02 6.0000e+01 4.5786e-01
-1.6000e+02 7.0000e+01 -2.5782e-01
-1.6000e+02 8.0000e+01 -1.4113e+00
-1.6000e+02 9.0000e+01 -5.8956e-01
-1.6000e+02 1.0000e+02 4.1424e-01
-1.6000e+02 1.1000e+02 4.5774e-01
-1.6000e+02 1.2000e+02 -1.7266e+00
-1.6000e+02 1.3000e+02 3.4221e+00
-1.6000e+02 1.4000e+02 1.2194e+00
-1.6000e+02 1.5000e+02 -8.7817e-01
-1.6000e+02 1.6000e+02 2.4812e+00
-1.6000e+02 1.7000e+02 -2.8687e-01
-1.6000e+02 1.8000e+02 6.3158e-01
-1.6000e+02 1.9000e+02 3.4071e-02
-1.6000e+02 2.0000e+02 8.4467e-02
-1.5000e+02 -2.0000e+02 2.6088e+00
-1.5000e+02 -1.9000e+02 5.0380e-01
-1.5000e+02 -1.8000e+02 2.6444e+00
-1.5000e+02 -1.7000e+02 5.0507e-01
-1.5000e+02 -1.6000e+02 -6.2472e-01
-1.5000e+02 -1.5000e+02 -6.3132e-01
-1.5000e+02 -1.4000e+02 1.3255e+00
-1.5000e+02 -1.3000e+02 -7.7075e-02
-1.5000e+02 -1.2000e+02 -7.4464e-01
-1.5000e+02 -1.1000e+02 -1.8921e+00
-1.5000e+02 -1.0000e+02 -6.5215e-02
-1.5000e+02 -9.0000e+01 -2.6561e+00
-1.5000e+02 -8.0000e+01 9.1943e-01
-1.5000e+02 -7.0000e+01 1.6919e+00
-1.5000e+02 -6.0000e+01 -9.6161e-01
-1.5000e+02 -5.0000e+01 1.8777e+00
-1.5000e+02 -4.0000e+01 -1.1870e+00
-1.5000e+02 -3.0000e+01 1.3621e+00
-1.5000e+02 -2.0000e+01 -7.4961e-01
-1.5000e+02 -1.0000e+01 -2.0819e+00
-1.5000e+02 0.0000e+00 2.7394e+00
-1.5000e+02 1.0000e+01 4.3540e-01
-1.5000e+02 2.0000e+01 -2.3300e+00
-1.5000e+02 3.0000e+01 -4.0682e+00
-1.5000e+02 4.0000e+01 3.3866e+00
-1.5000e+02 5.0000e+01 1.5076e+00
-1.5000e+02 6.0000e+01 -4.0387e+00
-1.5000e+02 7.0000e+01 -2.8503e-01
-1.5000e+02 8.0000e+01 -1.6234e+00
-1.5000e+02 9.0000e+01 -1.0241e+00
-1.5000e+02 1.0000e+02 5.7229e-02
-1.5000e+02 1.1000e+02 9.7762e-01
-1.5000e+02 1.2000e+02 1.9335e+00
-1.5000e+02 1.3000e+02 -8.7472e-01
-1.5000e+02 1.4000e+02 -2.2168e+00
-1.5000e+02 1.5000e+02 1.1179e+00
-1.5000e+02 1.6000e+02 -8.1198e-01
-1.5000e+02 1.7000e+02 -2.0496e+00
-1.5000e+02 1.8000e+02 -1.8584e-01
-1.5000e+02 1.9000e+02 2.2970e+00
-1.5000e+02 2.0000e+02 -1.8450e-01
-1.4000e+02 -2.0000e+02 1.2087e+00
-1.4000e+02 -1.9000e+02 2.0137e+00
-1.4000e+02 -1.8000e+02 -1.1248e+00
-1.4000e+02 -1.7000e+02 6.6284e-01
-1.4000e+02 -1.6000e+02 3.3646e-01
-1.4000e+02 -1.5000e+02 -5.0688e-03
-1.4000e+02 -1.4000e+02 5.9083e-02
-1.4000e+02 -1.3000e+02 1.4346e-02
-1.4000e+02 -1.2000e+02 9.3995e-01
-1.4000e+02 -1.1000e+02 1.3304e+00
-1.4000e+02 -1.0000e+02 -1.2902e+00
-1.4000e+02 -9.0000e+01 1.7917e+00
-1.4000e+02 -8.0000e+01 4.2071e-01
-1.4000e+02 -7.0000e+01 7.7249e-01
-1.4000e+02 -6.0000e+01 -1.7975e+00
-1.4000e+02 -5.0000e+01 -5.1595e-01
-1.4000e+02 -4.0000e+01 -2.3232e-01
-1.4000e+02 -3.0000e+01 2.1756e+00
-1.4000e+02 -2.0000e+01 -1.6544e+00
-1.4000e+02 -1.0000e+01 -8.8894e-01
-1.4000e+02 0.0000e+00 -1.5488e+00
-1.4000e+02 1.0000e+01 1.0318e+00
-1.4000e+02 2.0000e+01 -4.5108e-01
-1.4000e+02 3.0000e+01 -3.9300e+00
-1.4000e+02 4.0000e+01 1.4016e+00
-1.4000e+02 5.0000e+01 -2.0017e+00
-1.4000e+02 6.0000e+01 -5.0271e-01
-1.4000e+02 7.0000e+01 7.9250e-02
-1.4000e+02 8.0000e+01 1.4447e+00
-1.4000e+02 9.0000e+01 -4.4936e-01
-1.4000e+02 1.0000e+02 -3.5588e-01
-1.4000e+02 1.1000e+02 3.0359e-01
-1.4000e+02 1.2000e+02 -2.6898e+00
-1.4000e+02 1.3000e+02 3.3491e-01
-1.4000e+02 1.4000e+02 -4.1069e-01
-1.4000e+02 1.5000e+02 -3.6228e-01
-1.4000e+02 1.6000e+02 1.3640e+00
-1.4000e+02 1.7000e+02 -7.0425e-01
-1.4000e+02 1.8000e+02 -1.0721e+00
-1.4000e+02 1.9000e+02 -1.4860e+00
-1.4000e+02 2.0000e+02 1.4043e+00
-1.3000e+02 -2.0000e+02 -3.8794e+00
-1.3000e+02 -1.9000e+02 -9.0548e-01
-1.3000e+02 -1.8000e+02 -1.5066e+00
-1.3000e+02 -1.7000e+02 -4.1145e-01
-1.3000e+02 -1.6000e+02 -1.4856e+00
-1.3000e+02 -1.5000e+02 -5.7587e-01
-1.3000e+02 -1.4000e+02 1.2243e+00
-1.3000e+02 -1.3000e+02 -9.9191e-01
-1.3000e+02 -1.2000e+02 3.5756e-01
-1.3000e+02 -1.1000e+02 -5.9589e-01
-1.3000e+02 -1.0000e+02 -2.5347e+00
-1.3000e+02 -9.0000e+01 2.0464e+00
-1.3000e+02 -8.0000e+01 -6.2428e-01
-1.3000e+02 -7.0000e+01 2.4092e-01
-1.3000e+02 -6.0000e+01 2.4598e+00
-1.3000e+02 -5.0000e+01 -9.9087e-01
-1.3000e+02 -4.0000e+01 3.2268e-01
-1.3000e+02 -3.0000e+01 1.1894e+00
-1.3000e+02 -2.0000e+01 -1.7173e+00
-1.3000e+02 -1.0000e+01 -2.6069e-01
-1.3000e+02 0.0000e+00 -1.4841e+00
-1.3000e+02 1.0000e+01 -9.2539e-01
-1.3000e+02 2.0000e+01 -3.0342e-02
-1.3000e+02 3.0000e+01 4.6638e-02
-1.3000e+02 4.0000e+01 -1.6190e+00
-1.3000e+02 5.0000e+01 -1.5677e+00
-1.3000e+02 6.0000e+01 -6.6975e-01
-1.3000e+02 7.0000e+01 -3.8444e+00
-1.3000e+02 8.0000e+01 2.6761e+00
-1.3000e+02 9.0000e+01 1.3261e+00
-1.3000e+02 1.0000e+02 4.3658e-01
-1.3000e+02 1.1000e+02 -2.2054e+00
-1.3000e+02 1.2000e+02 -2.7423e+00
-1.3000e+02 1.3000e+02 -6.1386e-01
-1.3000e+02 1.4000e+02 -5.4538e-01
-1.3000e+02 1.5000e+02 -2.0983e+00
-1.3000e+02 1.6000e+02 -8.0720e-01
-1.3000e+02 1.7000e+02 -2.6978e-01
-1.3000e+02 1.8000e+02 -2.0085e+00
-1.3000e+02 1.9000e+02 1.9038e-02
-1.3000e+02 2.0000e+02 -1.2026e+00
-1.2000e+02 -2.0000e+02 6.4555e-01
-1.2000e+02 -1.9000e+02 6.4466e-01
-1.2000e+02 -1.8000e+02 9.9837e-01
-1.2000e+02 -1.7000e+02 8.3790e-01
-1.2000e+02 -1.6000e+02 3.2724e-01
-1.2000e+02 -1.5000e+02 -1.5261e+00
-1.2000e+02 -1.4000e+02 -4.8650e-01
-1.2000e+02 -1.3000e+02 -4.2369e+00
-1.2000e+02 -1.2000e+02 1.7890e+00
-1.2000e+02 -1.1000e+02 -3.5245e-01
-1.2000e+02 -1.0000e+02 -1.3353e+00
-1.2000e+02 -9.0000e+01 -5.9026e-01
-1.2000e+02 -8.0000e+01 -1.1599e+00
-1.2000e+02 -7.0000e+01 3.1575e+00
-1.2000e+02 -6.0000e+01 9.3425e-01
-1.2000e+02 -5.0000e+01 -4.3819e-01
-1.2000e+02 -4.0000e+01 -2.1842e+00
-1.2000e+02 -3.0000e+01 1.9348e-01
-1.2000e+02 -2.0000e+01 -1.7777e+00
-1.2000e+02 -1.0000e+01 -2.4048e+00
-1.2000e+02 0.0000e+00 -2.8768e+00
-1.2000e+02 1.0000e+01 5.0692e-01
-1.2000e+02 2.0000e+01 -9.3319e-02
-1.2000e+02 3.0000e+01 -1.6018e+00
-1.2000e+02 4.0000e+01 -2.3257e+00
-1.2000e+02 5.0000e+01 -5.1094e-01
-1.2000e+02 6.0000e+01 -2.0152e+00
-1.2000e+02 7.0000e+01 2.7202e+00
-1.2000e+02 8.0000e+01 1.8244e+00
-1.2000e+02 9.0000e+01 -1.0211e+00
-1.2000e+02 1.0000e+02 -1.9478e+00
-1.2000e+02 1.1000e+02 1.6620e+00
-1.2000e+02 1.2000e+02 -1.1735e+00
-1.2000e+02 1.3000e+02 2.9912e-01
-1.2000e+02 1.4000e+02 -2.3544e+00
-1.2000e+02 1.5000e+02 -3.0077e-01
-1.2000e+02 1.6000e+02 -7.2090e-01
-1.2000e+02 1.7000e+02 -8.6459e-01
-1.2000e+02 1.8000e+02 -6.9752e-01
-1.2000e+02 1.9000e+02 1.8688e+00
-1.2000e+02 2.0000e+02 -2.0262e-01
-1.1000e+02 -2.0000e+02 -1.0190e-01
-1.1000e+02 -1.9000e+02 2.1537e+00
-1.1000e+02 -1.8000e+02 -1.1372e+00
-1.1000e+02 -1.7000e+02 -1.2939e+00
-1.1000e+02 -1.6000e+02 7.2124e-01
-1.1000e+02 -1.5000e+02 6.0368e-01
-1.1000e+02 -1.4000e+02 7.1012e-01
-1.1000e+02 -1.3000e+02 -4.1438e-02
-1.1000e+02 -1.2000e+02 1.3677e+00
-1.1000e+02 -1.1000e+02 2.1294e+00
-1.1000e+02 -1.0000e+02 -4.9458e-01
-1.1000e+02 -9.0000e+01 1.6612e-01
-1.1000e+02 -8.0000e+01 3.0730e-01
-1.1000e+02 -7.0000e+01 5.6006e-01
-1.1000e+02 -6.0000e+01 -3.1838e+00
-1.1000e+02 -5.0000e+01 -1.2248e+00
-1.1000e+02 -4.0000e+01 -5.5134e-01
-1.1000e+02 -3.0000e+01 -3.9789e+00
-1.1000e+02 -2.0000e+01 -1.6176e+00
-1.1000e+02 -1.0000e+01 -3.3225e+00
-1.1000e+02 0.0000e+00 -4.2951e+00
-1.1000e+02 1.0000e+01 -3.4962e+00
-1.1000e+02 2.0000e+01 -1.6563e+00
-1.1000e+02 3.0000e+01 -1.4218e+00
-1.1000e+02 4.0000e+01 -3.0569e+00
-1.1000e+02 5.0000e+01 -4.9120e+00
-1.1000e+02 6.0000e+01 -1.8206e+00
-1.1000e+02 7.0000e+01 -1.7427e+00
-1.1000e+02 8.0000e+01 -1.6872e+00
-1.1000e+02 9.0000e+01 2.3063e+00
-1.1000e+02 1.0000e+02 -2.5495e+00
-1.1000e+02 1.1000e+02 -5.4405e-01
-1.1000e+02 1.2000e+02 1.6397e-01
-1.1000e+02 1.3000e+02 -7.2834e-01
-1.1000e+02 1.4000e+02 -1.2159e+00
-1.1000e+02 1.5000e+02 1.4892e+00
-1.1000e+02 1.6000e+02 1.9477e-01
-1.1000e+02 1.7000e+02 3.8038e-01
-1.1000e+02 1.8000e+02 -2.3525e-01
-1.1000e+02 1.9000e+02 6.9516e-02
-1.1000e+02 2.0000e+02 -2.4960e-01
-1.0000e+02 -2.0000e+02 6.7659e-01
-1.0000e+02 -1.9000e+02 2.2545e+00
-1.0000e+02 -1.8000e+02 7.7966e-01
-1.0000e+02 -1.7000e+02 2.1919e+00
-1.0000e+02 -1.6000e+02 -4.7260e-01
-1.0000e+02 -1.5000e+02 9.1914e-01
-1.0000e+02 -1.4000e+02 -1.4776e+00
-1.0000e+02 -1.3000e+02 -4.7270e-01
-1.0000e+02 -1.2000e+02 -4.7743e-01
-1.0000e+02 -1.1000e+02 7.7537e-01
-1.0000e+02 -1.0000e+02 5.7103e-01
-1.0000e+02 -9.0000e+01 8.3329e-01
-1.0000e+02 -8.0000e+01 -2.1290e+00
-1.0000e+02 -7.0000e+01 -7.1783e-01
-1.0000e+02 -6.0000e+01 -3.1402e+00
-1.0000e+02 -5.0000e+01 -2.7719e-01
-1.0000e+02 -4.0000e+01 -7.2499e-01
-1.0000e+02 -3.0000e+01 -2.7314e+00
-1.0000e+02 -2.0000e+01 -3.5281e+00
-1.0000e+02 -1.0000e+01 -4.8592e+00
-1.0000e+02 0.0000e+00 -2.4252e+00
-1.0000e+02 1.0000e+01 -3.6648e+00
-1.0000e+02 2.0000e+01 -1.8963e+00
-1.0000e+02 3.0000e+01 -2.4882e+00
-1.0000e+02 4.0000e+01 -4.1717e+00
-1.0000e+02 5.0000e+01 -2.6888e+00
-1.0000e+02 6.0000e+01 -4.1252e+00
-1.0000e+02 7.0000e+01 2.9562e-01
-1.0000e+02 8.0000e+01 -2.5589e+00
-1.0000e+02 9.0000e+01 -1.3050e+00
-1.0000e+02 1.0000e+02 -8.1918e-01
-1.0000e+02 1.1000e+02 -1.9681e+00
-1.0000e+02 1.2000e+02 -1.7206e+00
-1.0000e+02 1.3000e+02 7.9111e-01
-1.0000e+02 1.4000e+02 1.4600e+00
-1.0000e+02 1.5000e+02 3.0570e-01
-1.0000e+02 1.6000e+02 9.7184e-01
-1.0000e+02 1.7000e+02 -1.9204e-01
-1.0000e+02 1.8000e+02 1.4272e+00
-1.0000e+02 1.9000e+02 2.8504e+00
-1.0000e+02 2.0000e+02 -8.1848e-03
-9.0000e+01 -2.0000e+02 -4.9249e-01
-9.0000e+01 -1.9000e+02 2.1274e+00
-9.0000e+01 -1.8000e+02 -1.4802e+00
-9.0000e+01 -1.7000e+02 -1.5365e+00
-9.0000e+01 -1.6000e+02 -1.1194e+00
-9.0000e+01 -1.5000e+02 9.7046e-01
-9.0000e+01 -1.4000e+02 -2.4907e-01
-9.0000e+01 -1.3000e+02 -6.8918e-01
-9.0000e+01 -1.2000e+02 -2.9074e+00
-9.0000e+01 -1.1000e+02 -3.6386e+00
-9.0000e+01 -1.0000e+02 4.3034e-01
-9.0000e+01 -9.0000e+01 -2.4024e-01
-9.0000e+01 -8.0000e+01 8.0539e-01
-9.0000e+01 -7.0000e+01 -2.0553e-01
-9.0000e+01 -6.0000e+01 8.0562e-01
-9.0000e+01 -5.0000e+01 -1.7050e+00
-9.0000e+01 -4.0000e+01 -3.1246e+00
-9.0000e+01 -3.0000e+01 -4.5996e+00
-9.0000e+01 -2.0000e+01 -3.7059e+00
-9.0000e+01 -1.0000e+01 -4.5898e+00
-9.0000e+01 0.0000e+00 -2.6818e+00
-9.0000e+01 1.0000e+01 -6.4066e+00
-9.0000e+01 2.0000e+01 -8.5240e+00
-9.0000e+01 3.0000e+01 -3.9020e+00
-9.0000e+01 4.0000e+01 -3.8167e+00
-9.0000e+01 5.0000e+01 -1.3270e+00
-9.0000e+01 6.0000e+01 -1.7943e+00
-9.0000e+01 7.0000e+01 -3.1771e-01
-9.0000e+01 8.0000e+01 -8.1980e-01
-9.0000e+01 9.0000e+01 -1.3258e+00
-9.0000e+01 1.0000e+02 -7.4992e-01
-9.0000e+01 1.1000e+02 2.5489e+00
-9.0000e+01 1.2000e+02 1.3783e+00
-9.0000e+01 1.3000e+02 -2.3074e+00
-9.0000e+01 1.4000e+02 -1.0693e+00
-9.0000e+01 1.5000e+02 4.7009e-01
-9.0000e+01 1.6000e+02 1.2318e+00
-9.0000e+01 1.7000e+02 -4.1456e-01
-9.0000e+01 1.8000e+02 -1.3141e+00
-9.0000e+01 1.9000e+02 -5.0663e-01
-9.0000e+01 2.0000e+02 1.9482e-01
-8.0000e+01 -2.0000e+02 -3.6579e-01
-8.0000e+01 -1.9000e+02 5.3104e-01
-8.0000e+01 -1.8000e+02 -6.2114e-03
-8.0000e+01 -1.7000e+02 1.4645e+00
-8.0000e+01 -1.6000e+02 2.8944e+00
-8.0000e+01 -1.5000e+02 4.8386e-01
-8.0000e+01 -1.4000e+02 6.5328e-01
-8.0000e+01 -1.3000e+02 -1.5336e+00
-8.0000e+01 -1.2000e+02 -7.6158e-01
-8.0000e+01 -1.1000e+02 1.8945e-01
-8.0000e+01 -1.0000e+02 -1.7245e+00
-8.0000e+01 -9.0000e+01 -2.9344e+00
-8.0000e+01 -8.0000e+01 -1.3186e+00
-8.0000e+01 -7.0000e+01 -6.9388e+00
-8.0000e+01 -6.0000e+01 -3.3795e+00
-8.0000e+01 -5.0000e+01 -6.0407e+00
-8.0000e+01 -4.0000e+01 -1.5768e+00
-8.0000e+01 -3.0000e+01 -4.8128e+00
-8.0000e+01 -2.0000e+01 -5.8845e+00
-8.0000e+01 -1.0000e+01 -5.2297e+00
-8.0000e+01 0.0000e+00 -5.4839e+00
-8.0000e+01 1.0000e+01 -4.2926e+00
-8.0000e+01 2.0000e+01 -6.5213e+00
-8.0000e+01 3.0000e+01 -3.6983e+00
-8.0000e+01 4.0000e+01 -3.8988e+00
-8.0000e+01 5.0000e+01 -2.8963e+00
-8.0000e+01 6.0000e+01 -5.3390e+00
-8.0000e+01 7.0000e+01 -2.3370e+00
-8.0000e+01 8.0000e+01 -4.0123e+00
-8.0000e+01 9.0000e+01 -3.2444e+00
-8.0000e+01 1.0000e+02 -2.2324e+00
-8.0000e+01 1.1000e+02 1.1336e+00
-8.0000e+01 1.2000e+02 4.5835e-01
-8.0000e+01 1.3000e+02 -1.5820e+00
-8.0000e+01 1.4000e+02 -8.0931e-01
-8.0000e+01 1.5000e+02 5.8498e-01
-8.0000e+01 1.6000e+02 -1.5399e+00
-8.0000e+01 1.7000e+02 1.3861e-01
-8.0000e+01 1.8000e+02 5.4064e-01
-8.0000e+01 1.9000e+02 2.0170e+00
-8.0000e+01 2.0000e+02 1.6077e+00
-7.0000e+01 -2.0000e+02 -2.1481e+00
-7.0000e+01 -1.9000e+02 2.6785e-01
-7.0000e+01 -1.8000e+02 2.7666e+00
-7.0000e+01 -1.7000e+02 -9.6708e-01
-7.0000e+01 -1.6000e+02 3.1487e-01
-7.0000e+01 -1.5000e+02 -7.1125e-01
-7.0000e+01 -1.4000e+02 -3.2461e-01
-7.0000e+01 -1.3000e+02 -1.1271e+00
-7.0000e+01 -1.2000e+02 -2.5502e+00
-7.0000e+01 -1.1000e+02 -9.8860e-01
-7.0000e+01 -1.0000e+02 -2.6266e+00
-7.0000e+01 -9.0000e+01 -4.8357e+00
-7.0000e+01 -8.0000e+01 -3.4729e+00
-7.0000e+01 -7.0000e+01 -3.1728e+00
-7.0000e+01 -6.0000e+01 -4.0838e+00
-7.0000e+01 -5.0000e+01 -7.5177e+00
-7.0000e+01 -4.0000e+01 -4.6717e+00
-7.0000e+01 -3.0000e+01 -6.9079e+00
-7.0000e+01 -2.0000e+01 -7.9211e+00
-7.0000e+01 -1.0000e+01 -8.9595e+00
-7.0000e+01 0.0000e+00 -7.6808e+00
-7.0000e+01 1.0000e+01 -7.1851e+00
-7.0000e+01 2.0000e+01 -4.3844e+00
-7.0000e+01 3.0000e+01 -7.2950e+00
-7.0000e+01 4.0000e+01 -3.7605e+00
-7.0000e+01 5.0000e+01 -7.2654e+00
-7.0000e+01 6.0000e+01 -5.2302e+00
-7.0000e+01 7.0000e+01 -5.0576e+00
-7.0000e+01 8.0000e+01 -2.1396e+00
-7.0000e+01 9.0000e+01 -2.3503e+00
-7.0000e+01 1.0000e+02 -1.7802e+00
-7.0000e+01 1.1000e+02 -1.4200e+00
-7.0000e+01 1.2000e+02 -6.1856e-02
-7.0000e+01 1.3000e+02 -2.4291e+00
-7.0000e+01 1.4000e+02 1.1057e+00
-7.0000e+01 1.5000e+02 -9.8550e-01
-7.0000e+01 1.6000e+02 1.5062e+00
-7.0000e+01 1.7000e+02 -1.3397e+00
-7.0000e+01 1.8000e+02 2.7354e+00
-7.0000e+01 1.9000e+02 -1.5962e+00
-7.0000e+01 2.0000e+02 -8.0505e-01
-6.0000e+01 -2.0000e+02 -1.2612e+00
-6.0000e+01 -1.9000e+02 -1.6215e+00
-6.0000e+01 -1.8000e+02 1.3463e+00
-6.0000e+01 -1.7000e+02 1.3077e+00
-6.0000e+01 -1.6000e+02 -2.2935e+00
-6.0000e+01 -1.5000e+02 5.6412e-01
-6.0000e+01 -1.4000e+02 -6.0558e-01
-6.0000e+01 -1.3000e+02 -9.6080e-01
-6.0000e+01 -1.2000e+02 1.3186e+00
-6.0000e+01 -1.1000e+02 2.8892e-01
-6.0000e+01 -1.0000e+02 -6.1988e-01
-6.0000e+01 -9.0000e+01 -1.6375e+00
-6.0000e+01 -8.0000e+01 1.1891e-01
-6.0000e+01 -7.0000e+01 -3.3074e+00
-6.0000e+01 -6.0000e+01 -6.7789e+00
-6.0000e+01 -5.0000e+01 -5.7556e+00
-6.0000e+01 -4.0000e+01 -6.8609e+00
-6.0000e+01 -3.0000e+01 -7.4537e+00
-6.0000e+01 -2.0000e+01 -9.0516e+00
-6.0000e+01 -1.0000e+01 -8.9332e+00
-6.0000e+01 0.0000e+00 -8.2699e+00
-6.0000e+01 1.0000e+01 -1.0240e+01
-6.0000e+01 2.0000e+01 -1.0043e+01
-6.0000e+01 3.0000e+01 -8.1077e+00
-6.0000e+01 4.0000e+01 -5.8188e+00
-6.0000e+01 5.0000e+01 -6.4733e+00
-6.0000e+01 6.0000e+01 -3.0115e+00
-6.0000e+01 7.0000e+01 -1.4441e+00
-6.0000e+01 8.0000e+01 -1.2008e+00
-6.0000e+01 9.0000e+01 -9.7110e-01
-6.0000e+01 1.0000e+02 4.2380e-01
-6.0000e+01 1.1000e+02 2.6259e+00
-6.0000e+01 1.2000e+02 4.7531e-01
-6.0000e+01 1.3000e+02 -6.5772e-01
-6.0000e+01 1.4000e+02 -8.7358e-01
-6.0000e+01 1.5000e+02 -1.0030e+00
-6.0000e+01 1.6000e+02 -3.1665e-01
-6.0000e+01 1.7000e+02 -2.5762e+00
-6.0000e+01 1.8000e+02 -1.0910e+00
-6.0000e+01 1.9000e+02 1.4607e+00
-6.0000e+01 2.0000e+02 2.9973e-01
-5.0000e+01 -2.0000e+02 -6.9905e-01
-5.0000e+01 -1.9000e+02 -5.8297e-02
-5.0000e+01 -1.8000e+02 1.8572e+00
-5.0000e+01 -1.7000e+02 -1.0122e+00
-5.0000e+01 -1.6000e+02 1.3028e+00
-5.0000e+01 -1.5000e+02 1.3816e+00
-5.0000e+01 -1.4000e+02 -2.8943e-01
-5.0000e+01 -1.3000e+02 -3.4510e+00
-5.0000e+01 -1.2000e+02 -1.8617e+00
-5.0000e+01 -1.1000e+02 -3.0238e+00
-5.0000e+01 -1.0000e+02 -1.9414e+00
-5.0000e+01 -9.0000e+01 -3.1672e+00
-5.0000e+01 -8.0000e+01 -1.6555e+00
-5.0000e+01 -7.0000e+01 -4.5009e+00
-5.0000e+01 -6.0000e+01 -8.4863e+00
-5.0000e+01 -5.0000e+01 -4.9152e+00
-5.0000e+01 -4.0000e+01 -7.4229e+00
-5.0000e+01 -3.0000e+01 -1.2108e+01
-5.0000e+01 -2.0000e+01 -7.1484e+00
-5.0000e+01 -1.0000e+01 -6.7221e+00
-5.0000e+01 0.0000e+00 -8.3518e+00
-5.0000e+01 1.0000e+01 -9.6482e+00
-5.0000e+01 2.0000e+01 -1.2111e+01
-5.0000e+01 3.0000e+01 -7.6953e+00
-5.0000e+01 4.0000e+01 -7.0965e+00
-5.0000e+01 5.0000e+01 -6.0565e+00
-5.0000e+01 6.0000e+01 -4.8835e+00
-5.0000e+01 7.0000e+01 -3.9082e+00
-5.0000e+01 8.0000e+01 -6.4687e+00
-5.0000e+01 9.0000e+01 -3.3312e+00
-5.0000e+01 1.0000e+02 -2.3497e+00
-5.0000e+01 1.1000e+02 -2.1721e+00
-5.0000e+01 1.2000e+02 -5.7406e+00
-5.0000e+01 1.3000e+02 -2.8702e-01
-5.0000e+01 1.4000e+02 5.6600e-02
-5.0000e+01 1.5000e+02 -3.2363e+00
-5.0000e+01 1.6000e+02 -3.0348e-01
-5.0000e+01 1.7000e+02 -3.1980e+00
-5.0000e+01 1.8000e+02 -1.1349e+00
-5.0000e+01 1.9000e+02 -9.4261e-01
-5.0000e+01 2.0000e+02 -2.7451e+00
-4.0000e+01 -2.0000e+02 -6.6565e-01
-4.0000e+01 -1.9000e+02 -1.5703e+00
-4.0000e+01 -1.8000e+02 1.7006e+00
-4.0000e+01 -1.7000e+02 -1.2001e+00
-4.0000e+01 -1.6000e+02 -1.2686e+00
-4.0000e+01 -1.5000e+02 -9.4702e-02
-4.0000e+01 -1.4000e+02 -7.2093e-01
-4.0000e+01 -1.3000e+02 -7.4658e-01
-4.0000e+01 -1.2000e+02 -2.4315e+00
-4.0000e+01 -1.1000e+02 -1.4676e+00
-4.0000e+01 -1.0000e+02 -3.2104e+00
-4.0000e+01 -9.0000e+01 -2.9038e+00
-4.0000e+01 -8.0000e+01 -5.9587e+00
-4.0000e+01 -7.0000e+01 -5.4139e+00
-4.0000e+01 -6.0000e+01 -7.2391e+00
-4.0000e+01 -5.0000e+01 -7.0847e+00
-4.0000e+01 -4.0000e+01 -8.7818e+00
-4.0000e+01 -3.0000e+01 -1.1282e+01
-4.0000e+01 -2.0000e+01 -1.1128e+01
-4.0000e+01 -1.0000e+01 -1.3036e+01
-4.0000e+01 0.0000e+00 -1.2695e+01
-4.0000e+01 1.0000e+01 -1.2140e+01
-4.0000e+01 2.0000e+01 -8.7499e+00
-4.0000e+01 3.0000e+01 -1.1812e+01
-4.0000e+01 4.0000e+01 -8.5000e+00
-4.0000e+01 5.0000e+01 -8.9346e+00
-4.0000e+01 6.0000e+01 -7.9177e+00
-4.0000e+01 7.0000e+01 -5.0724e+00
-4.0000e+01 8.0000e+01 -3.3931e+00
-4.0000e+01 9.0000e+01 5.1144e-01
-4.0000e+01 1.0000e+02 -3.2745e+00
-4.0000e+01 1.1000e+02 -3.6661e+00
-4.0000e+01 1.2000e+02 -1.1930e+00
-4.0000e+01 1.3000e+02 8.8931e-01
-4.0000e+01 1.4000e+02 5.2397e-01
-4.0000e+01 1.5000e+02 -5.2801e-01
-4.0000e+01 1.6000e+02 1.0954e+00
-4.0000e+01 1.7000e+02 -1.0718e+00
-4.0000e+01 1.8000e+02 -1.2108e-01
-4.0000e+01 1.9000e+02 -8.5813e-01
-4.0000e+01 2.0000e+02 -6.1195e-01
-3.0000e+01 -2.0000e+02 9.8334e-03
-3.0000e+01 -1.9000e+02 7.2578e-01
-3.0000e+01 -1.8000e+02 1.4524e+00
-3.0000e+01 -1.7000e+02 -3.8432e+00
-3.0000e+01 -1.6000e+02 5.6051e-01
-3.0000e+01 -1.5000e+02 6.7337e-01
-3.0000e+01 -1.4000e+02 -1.1684e+00
-3.0000e+01 -1.3000e+02 3.4400e-01
-3.0000e+01 -1.2000e+02 -6.4924e-03
-3.0000e+01 -1.1000e+02 -8.7651e-01
-3.0000e+01 -1.0000e+02 -7.5305e+00
-3.0000e+01 -9.0000e+01 -2.7615e+00
-3.0000e+01 -8.0000e+01 -4.0801e+00
-3.0000e+01 -7.0000e+01 -6.8932e+00
-3.0000e+01 -6.0000e+01 -6.6946e+00
-3.0000e+01 -5.0000e+01 -8.5265e+00
-3.0000e+01 -4.0000e+01 -8.8612e+00
-3.0000e+01 -3.0000e+01 -1.1926e+01
-3.0000e+01 -2.0000e+01 -1.3201e+01
-3.0000e+01 -1.0000e+01 -1.2623e+01
-3.0000e+01 0.0000e+00 -1.5103e+01
-3.0000e+01 1.0000e+01 -1.2798e+01
-3.0000e+01 2.0000e+01 -1.1489e+01
-3.0000e+01 3.0000e+01 -1.2399e+01
-3.0000e+01 4.0000e+01 -1.1122e+01
-3.0000e+01 5.0000e+01 -8.5318e+00
-3.0000e+01 6.0000e+01 -9.1980e+00
-3.0000e+01 7.0000e+01 -4.2350e+00
-3.0000e+01 8.0000e+01 -6.1123e+00
-3.0000e+01 9.0000e+01 -4.1811e+00
-3.0000e+01 1.0000e+02 -3.5065e+00
-3.0000e+01 1.1000e+02 -1.1201e+00
-3.0000e+01 1.2000e+02 -6.8912e-01
-3.0000e+01 1.3000e+02 -1.5679e+00
-3.0000e+01 1.4000e+02 -1.6584e+00
-3.0000e+01 1.5000e+02 2.4067e+00
-3.0000e+01 1.6000e+02 -2.9157e+00
-3.0000e+01 1.7000e+02 2.2427e-01
-3.0000e+01 1.8000e+02 -1.1457e+00
-3.0000e+01 1.9000e+02 -5.8055e-01
-3.0000e+01 2.0000e+02 -1.0446e+00
-2.0000e+01 -2.0000e+02 1.9546e+00
-2.0000e+01 -1.9000e+02 1.1155e+00
-2.0000e+01 -1.8000e+02 -2.7285e+00
-2.0000e+01 -1.7000e+02 1.3755e+00
-2.0000e+01 -1.6000e+02 7.3346e-01
-2.0000e+01 -1.5000e+02 8.4995e-01
-2.0000e+01 -1.4000e+02 -4.0160e+00
-2.0000e+01 -1.3000e+02 1.1190e-01
-2.0000e+01 -1.2000e+02 3.3639e-01
-2.0000e+01 -1.1000e+02 -2.5369e+00
-2.0000e+01 -1.0000e+02 -3.4609e+00
-2.0000e+01 -9.0000e+01 -6.6708e+00
-2.0000e+01 -8.0000e+01 -4.4276e+00
-2.0000e+01 -7.0000e+01 -8.1841e+00
-2.0000e+01 -6.0000e+01 -1.0045e+01
-2.0000e+01 -5.0000e+01 -9.1928e+00
-2.0000e+01 -4.0000e+01 -1.2653e+01
-2.0000e+01 -3.0000e+01 -1.5634e+01
-2.0000e+01 -2.0000e+01 -1.3536e+01
-2.0000e+01 -1.0000e+01 -1.7049e+01
-2.0000e+01 0.0000e+00 -1.3836e+01
-2.0000e+01 1.0000e+01 -1.7060e+01
-2.0000e+01 2.0000e+01 -1.4401e+01
-2.0000e+01 3.0000e+01 -1.0771e+01
-2.0000e+01 4.0000e+01 -9.2094e+00
-2.0000e+01 5.0000e+01 -1.0653e+01
-2.0000e+01 6.0000e+01 -7.2008e+00
-2.0000e+01 7.0000e+01 -3.8308e+00
-2.0000e+01 8.0000e+01 -5.9872e+00
-2.0000e+01 9.0000e+01 -4.6955e+00
-2.0000e+01 1.0000e+02 -4.8653e+00
-2.0000e+01 1.1000e+02 -3.7493e+00
-2.0000e+01 1.2000e+02 -2.5955e+00
-2.0000e+01 1.3000e+02 4.2943e+00
-2.0000e+01 1.4000e+02 1.7305e-01
-2.0000e+01 1.5000e+02 7.0006e-01
-2.0000e+01 1.6000e+02 -7.4874e-01
-2.0000e+01 1.7000e+02 -1.7652e+00
-2.0000e+01 1.8000e+02 -5.3839e-01
-2.0000e+01 1.9000e+02 -4.3196e-02
-2.0000e+01 2.0000e+02 1.5962e+00
-1.0000e+01 -2.0000e+02 -2.5025e-01
-1.0000e+01 -1.9000e+02 -2.9746e+00
-1.0000e+01 -1.8000e+02 -7.8969e-01
-1.0000e+01 -1.7000e+02 -1.6643e+00
-1.0000e+01 -1.6000e+02 1.7473e+00
-1.0000e+01 -1.5000e+02 1.0042e+00
-1.0000e+01 -1.4000e+02 -5.4329e-01
-1.0000e+01 -1.3000e+02 -2.8285e+00
-1.0000e+01 -1.2000e+02 -4.4124e+00
-1.0000e+01 -1.1000e+02 -2.3008e+00
-1.0000e+01 -1.0000e+02 -2.0617e+00
-1.0000e+01 -9.0000e+01 -3.5106e+00
-1.0000e+01 -8.0000e+01 -4.3884e+00
-1.0000e+01 -7.0000e+01 -7.6340e+00
-1.0000e+01 -6.0000e+01 -8.3881e+00
-1.0000e+01 -5.0000e+01 -9.3744e+00
-1.0000e+01 -4.0000e+01 -1.0467e+01
-1.0000e+01 -3.0000e+01 -1.3400e+01
-1.0000e+01 -2.0000e+01 -1.6425e+01
-1.0000e+01 -1.0000e+01 -1.2334e+01
-1.0000e+01 0.0000e+00 -1.4564e+01
-1.0000e+01 1.0000e+01 -1.4527e+01
-1.0000e+01 2.0000e+01 -1.4240e+01
-1.0000e+01 3.0000e+01 -1.3711e+01
-1.0000e+01 4.0000e+01 -1.0020e+01
-1.0000e+01 5.0000e+01 -1.1031e+01
-1.0000e+01 6.0000e+01 -7.1159e+00
-1.0000e+01 7.0000e+01 -6.7061e+00
-1.0000e+01 8.0000e+01 -5.0734e+00
-1.0000e+01 9.0000e+01 -4.0784e+00
-1.0000e+01 1.0000e+02 -4.7818e+00
-1.0000e+01 1.1000e+02 -3.7834e+00
-1.0000e+01 1.2000e+02 -2.6095e+00
-1.0000e+01 1.3000e+02 7.4861e-02
-1.0000e+01 1.4000e+02 -4.4164e+00
-1.0000e+01 1.5000e+02 2.4008e-02
-1.0000e+01 1.6000e+02 2.3293e+00
-1.0000e+01 1.7000e+02 6.0810e-01
-1.0000e+01 1.8000e+02 1.5752e+00
-1.0000e+01 1.9000e+02 -1.7376e+00
-1.0000e+01 2.0000e+02 -1.5313e+00
0.0000e+00 -2.0000e+02 8.3921e-01
0.0000e+00 -1.9000e+02 -5.1210e-01
0.0000e+00 -1.8000e+02 -2.2018e+00
0.0000e+00 -1.7000e+02 -7.3606e-01
0.0000e+00 -1.6000e+02 1.7467e-02
0.0000e+00 -1.5000e+02 6.5563e-01
0.0000e+00 -1.4000e+02 -9.9415e-02
0.0000e+00 -1.3000e+02 -2.2823e+00
0.0000e+00 -1.2000e+02 -1.8349e+00
0.0000e+00 -1.1000e+02 -1.2857e+00
0.0000e+00 -1.0000e+02 -1.5791e+00
0.0000e+00 -9.0000e+01 -2.5834e+00
0.0000e+00 -8.0000e+01 -8.8018e+00
0.0000e+00 -7.0000e+01 -5.3780e+00
0.0000e+00 -6.0000e+01 -9.9540e+00
0.0000e+00 -5.0000e+01 -1.2528e+01
0.0000e+00 -4.0000e+01 -1.1274e+01
0.0000e+00 -3.0000e+01 -1.3334e+01
0.0000e+00 -2.0000e+01 -1.5230e+01
0.0000e+00 -1.0000e+01 -1.3471e+01
0.0000e+00 0.0000e+00 -1.5190e+01
0.0000e+00 1.0000e+01 -1.5695e+01
0.0000e+00 2.0000e+01 -1.4492e+01
0.0000e+00 3.0000e+01 -1.2980e+01
0.0000e+00 4.0000e+01 -1.4645e+01
0.0000e+00 5.0000e+01 -1.0846e+01
0.0000e+00 6.0000e+01 -1.0857e+01
0.0000e+00 7.0000e+01 -5.4634e+00
0.0000e+00 8.0000e+01 -3.7576e+00
0.0000e+00 9.0000e+01 -3.4333e+00
0.0000e+00 1.0000e+02 -2.6935e+00
0.0000e+00 1.1000e+02 -3.6063e+00
0.0000e+00 1.2000e+02 1.1160e+00
0.0000e+00 1.3000e+02 -1.9289e+00
0.0000e+00 1.4000e+02 -7.4956e-01
0.0000e+00 1.5000e+02 -1.6744e+00
0.0000e+00 1.6000e+02 1.2295e+00
0.0000e+00 1.7000e+02 2.1059e+00
0.0000e+00 1.8000e+02 -1.6525e+00
0.0000e+00 1.9000e+02 3.1386e-01
0.0000e+00 2.0000e+02 -3.1293e-01
1.0000e+01 -2.0000e+02 -2.8813e-02
1.0000e+01 -1.9000e+02 1.1333e-01
1.0000e+01 -1.8000e+02 3.4678e-01
1.0000e+01 -1.7000e+02 -2.1098e+00
1.0000e+01 -1.6000e+02 2.1120e+00
1.0000e+01 -1.5000e+02 1.5645e-01
1.0000e+01 -1.4000e+02 -2.0725e+00
1.0000e+01 -1.3000e+02 -6.2392e-01
1.0000e+01 -1.2000e+02 -1.8281e+00
1.0000e+01 -1.1000e+02 -2.6533e+00
1.0000e+01 -1.0000e+02 -6.7165e-01
1.0000e+01 -9.0000e+01 -5.0711e+00
1.0000e+01 -8.0000e+01 -3.0085e+00
1.0000e+01 -7.0000e+01 -7.7805e+00
1.0000e+01 -6.0000e+01 -9.7517e+00
1.0000e+01 -5.0000e+01 -1.1618e+01
1.0000e+01 -4.0000e+01 -1.0231e+01
1.0000e+01 -3.0000e+01 -1.1570e+01
1.0000e+01 -2.0000e+01 -1.1977e+01
1.0000e+01 -1.0000e+01 -1.4585e+01
1.0000e+01 0.0000e+00 -1.3532e+01
1.0000e+01 1.0000e+01 -1.5553e+01
1.0000e+01 2.0000e+01 -1.4566e+01
1.0000e+01 3.0000e+01 -1.1662e+01
1.0000e+01 4.0000e+01 -9.1757e+00
1.0000e+01 5.0000e+01 -8.9692e+00
1.0000e+01 6.0000e+01 -8.0041e+00
1.0000e+01 7.0000e+01 -9.3269e+00
1.0000e+01 8.0000e+01 -5.7912e+00
1.0000e+01 9.0000e+01 -2.6552e+00
1.0000e+01 1.0000e+02 -4.1585e+00
1.0000e+01 1.1000e+02 -2.8078e+00
1.0000e+01 1.2000e+02 -1.9448e+00
1.0000e+01 1.3000e+02 7.4899e-01
1.0000e+01 1.4000e+02 -1.0925e+00
1.0000e+01 1.5000e+02 1.1833e+00
1.0000e+01 1.6000e+02 9.5415e-01
1.0000e+01 1.7000e+02 1.9107e+00
1.0000e+01 1.8000e+02 1.2293e+00
1.0000e+01 1.9000e+02 -1.3441e+00
1.0000e+01 2.0000e+02 9.9435e-02
2.0000e+01 -2.0000e+02 -1.0148e+00
2.0000e+01 -1.9000e+02 1.7164e-01
2.0000e+01 -1.8000e+02 -9.0141e-01
2.0000e+01 -1.7000e+02 -2.9276e+00
2.0000e+01 -1.6000e+02 -3.5826e-01
2.0000e+01 -1.5000e+02 2.3031e-01
2.0000e+01 -1.4000e+02 1.2003e-01
2.0000e+01 -1.3000e+02 -4.0473e+00
2.0000e+01 -1.2000e+02 -6.4265e-01
2.0000e+01 -1.1000e+02 -4.8674e+00
2.0000e+01 -1.0000e+02 -5.2661e+00
2.0000e+01 -9.0000e+01 -5.3944e+00
2.0000e+01 -8.0000e+01 -5.1689e+00
2.0000e+01 -7.0000e+01 -6.1967e+00
2.0000e+01 -6.0000e+01 -7.0582e+00
2.0000e+01 -5.0000e+01 -8.9449e+00
2.0000e+01 -4.0000e+01 -1.0523e+01
2.0000e+01 -3.0000e+01 -1.3209e+01
2.0000e+01 -2.0000e+01 -1.2940e+01
2.0000e+01 -1.0000e+01 -1.4204e+01
2.0000e+01 0.0000e+00 -1.3943e+01
2.0000e+01 1.0000e+01 -1.4319e+01
2.0000e+01 2.0000e+01 -1.2725e+01
2.0000e+01 3.0000e+01 -1.4604e+01
2.0000e+01 4.0000e+01 -1.2765e+01
2.0000e+01 5.0000e+01 -7.5279e+00
2.0000e+01 6.0000e+01 -9.4113e+00
2.0000e+01 7.0000e+01 -6.7677e+00
2.0000e+01 8.0000e+01 -5.4205e+00
2.0000e+01 9.0000e+01 -5.1712e+00
2.0000e+01 1.0000e+02 -2.9640e+00
2.0000e+01 1.1000e+02 -2.3823e+00
2.0000e+01 1.2000e+02 1.0011e+00
2.0000e+01 1.3000e+02 -1.2684e+00
2.0000e+01 1.4000e+02 1.3675e+00
2.0000e+01 1.5000e+02 -6.0685e-02
2.0000e+01 1.6000e+02 -8.0596e-01
2.0000e+01 1.7000e+02 -1.3127e+00
2.0000e+01 1.8000e+02 1.0838e+00
2.0000e+01 1.9000e+02 -6.3001e-01
2.0000e+01 2.0000e+02 4.3999e-01
3.0000e+01 -2.0000e+02 4.0790e-01
3.0000e+01 -1.9000e+02 2.5018e-01
3.0000e+01 -1.8000e+02 -3.2079e-01
3.0000e+01 -1.7000e+02 1.7404e+00
3.0000e+01 -1.6000e+02 1.8027e-01
3.0000e+01 -1.5000e+02 -7.4257e-01
3.0000e+01 -1.4000e+02 -1.7564e-01
3.0000e+01 -1.3000e+02 -1.6944e+00
3.0000e+01 -1.2000e+02 -1.8158e+00
3.0000e+01 -1.1000e+02 -9.2551e-01
3.0000e+01 -1.0000e+02 -5.5731e+00
3.0000e+01 -9.0000e+01 -2.1622e+00
3.0000e+01 -8.0000e+01 -7.0804e+00
3.0000e+01 -7.0000e+01 -4.1275e+00
3.0000e+01 -6.0000e+01 -9.4243e+00
3.0000e+01 -5.0000e+01 -6.4691e+00
3.0000e+01 -4.0000e+01 -6.9949e+00
3.0000e+01 -3.0000e+01 -1.1623e+01
3.0000e+01 -2.0000e+01 -1.2336e+01
3.0000e+01 -1.0000e+01 -1.1471e+01
3.0000e+01 0.0000e+00 -1.1763e+01
3.0000e+01 1.0000e+01 -9.2566e+00
3.0000e+01 2.0000e+01 -1.2297e+01
3.0000e+01 3.0000e+01 -1.0759e+01
3.0000e+01 4.0000e+01 -1.2528e+01
3.0000e+01 5.0000e+01 -6.6533e+00
3.0000e+01 6.0000e+01 -7.6527e+00
3.0000e+01 7.0000e+01 -8.0757e+00
3.0000e+01 8.0000e+01 -3.9872e+00
3.0000e+01 9.0000e+01 -5.0383e+00
3.0000e+01 1.0000e+02 -5.8559e+00
3.0000e+01 1.1000e+02 -4.0551e+00
3.0000e+01 1.2000e+02 -2.4877e+00
3.0000e+01 1.3000e+02 -1.7101e+00
3.0000e+01 1.4000e+02 1.4613e+00
3.0000e+01 1.5000e+02 -1.1381e+00
3.0000e+01 1.6000e+02 -2.0487e+00
3.0000e+01 1.7000e+02 8.1197e-02
3.0000e+01 1.8000e+02 -6.8219e-01
3.0000e+01 1.9000e+02 1.1517e+00
3.0000e+01 2.0000e+02 6.9207e-01
4.0000e+01 -2.0000e+02 -2.0878e+00
4.0000e+01 -1.9000e+02 -3.8482e-01
4.0000e+01 -1.8000e+02 1.1159e+00
4.0000e+01 -1.7000e+02 -9.8846e-01
4.0000e+01 -1.6000e+02 -8.6969e-01
4.0000e+01 -1.5000e+02 -1.2116e+00
4.0000e+01 -1.4000e+02 -1.1928e+00
4.0000e+01 -1.3000e+02 -3.7422e-01
4.0000e+01 -1.2000e+02 -2.8478e+00
4.0000e+01 -1.1000e+02 -2.6714e-01
4.0000e+01 -1.0000e+02 -4.1183e+00
4.0000e+01 -9.0000e+01 -2.8803e+00
4.0000e+01 -8.0000e+01 -4.2012e+00
4.0000e+01 -7.0000e+01 -7.7324e+00
4.0000e+01 -6.0000e+01 -4.6176e+00
4.0000e+01 -5.0000e+01 -8.6964e+00
4.0000e+01 -4.0000e+01 -9.1299e+00
4.0000e+01 -3.0000e+01 -1.0758e+01
4.0000e+01 -2.0000e+01 -1.3398e+01
4.0000e+01 -1.0000e+01 -9.6263e+00
4.0000e+01 0.0000e+00 -1.1961e+01
4.0000e+01 1.0000e+01 -1.1681e+01
4.0000e+01 2.0000e+01 -1.0040e+01
4.0000e+01 3.0000e+01 -1.2600e+01
4.0000e+01 4.0000e+01 -9.3431e+00
4.0000e+01 5.0000e+01 -8.3682e+00
4.0000e+01 6.0000e+01 -7.8107e+00
4.0000e+01 7.0000e+01 -5.6441e+00
4.0000e+01 8.0000e+01 -6.1423e+00
4.0000e+01 9.0000e+01 -3.5788e+00
4.0000e+01 1.0000e+02 -2.0528e-01
4.0000e+01 1.1000e+02 -1.1994e+00
4.0000e+01 1.2000e+02 -3.3272e-01
4.0000e+01 1.3000e+02 -3.3966e-01
4.0000e+01 1.4000e+02 4.1539e-01
4.0000e+01 1.5000e+02 -4.1177e+00
4.0000e+01 1.6000e+02 -1.1587e+00
4.0000e+01 1.7000e+02 -6.4281e-03
4.0000e+01 1.8000e+02 -1.8026e+00
4.0000e+01 1.9000e+02 -1.8735e+00
4.0000e+01 2.0000e+02 8.9316e-01
5.0000e+01 -2.0000e+02 2.3200e+00
5.0000e+01 -1.9000e+02 1.3207e+00
5.0000e+01 -1.8000e+02 4.8502e-01
5.0000e+01 -1.7000e+02 2.5909e-01
5.0000e+01 -1.6000e+02 -2.3626e+00
5.0000e+01 -1.5000e+02 -7.1973e-01
5.0000e+01 -1.4000e+02 -3.7844e-02
5.0000e+01 -1.3000e+02 8.5644e-01
5.0000e+01 -1.2000e+02 -1.5772e-01
5.0000e+01 -1.1000e+02 -4.8637e-01
5.0000e+01 -1.0000e+02 -1.2066e+00
5.0000e+01 -9.0000e+01 -3.0479e+00
5.0000e+01 -8.0000e+01 -3.6133e+00
5.0000e+01 -7.0000e+01 -3.7906e+00
5.0000e+01 -6.0000e+01 -4.5145e+00
5.0000e+01 -5.0000e+01 -5.6014e+00
5.0000e+01 -4.0000e+01 -7.1581e+00
5.0000e+01 -3.0000e+01 -7.7225e+00
5.0000e+01 -2.0000e+01 -8.8868e+00
5.0000e+01 -1.0000e+01 -8.8133e+00
5.0000e+01 0.0000e+00 -8.5236e+00
5.0000e+01 1.0000e+01 -1.0385e+01
5.0000e+01 2.0000e+01 -8.4460e+00
5.0000e+01 3.0000e+01 -8.5344e+00
5.0000e+01 4.0000e+01 -6.3771e+00
5.0000e+01 5.0000e+01 -7.8401e+00
5.0000e+01 6.0000e+01 -5.4541e+00
5.0000e+01 7.0000e+01 -4.7994e+00
5.0000e+01 8.0000e+01 -1.6795e+00
5.0000e+01 9.0000e+01 -4.0874e+00
5.0000e+01 1.0000e+02 5.3484e-01
5.0000e+01 1.1000e+02 9.7060e-01
5.0000e+01 1.2000e+02 -2.9684e-01
5.0000e+01 1.3000e+02 2.0960e+00
5.0000e+01 1.4000e+02 -2.2353e+00
5.0000e+01 1.5000e+02 -1.6354e+00
5.0000e+01 1.6000e+02 1.7812e+00
5.0000e+01 1.7000e+02 -7.8506e-01
5.0000e+01 1.8000e+02 3.2475e+00
5.0000e+01 1.9000e+02 7.2205e-01
5.0000e+01 2.0000e+02 -1.3305e+00
6.0000e+01 -2.0000e+02 -3.7311e-01
6.0000e+01 -1.9000e+02 1.0370e+00
6.0000e+01 -1.8000e+02 5.3640e-01
6.0000e+01 -1.7000e+02 4.5618e-01
6.0000e+01 -1.6000e+02 -2.0582e-01
6.0000e+01 -1.5000e+02 1.7016e-01
6.0000e+01 -1.4000e+02 -1.2692e-01
6.0000e+01 -1.3000e+02 -8.4338e-01
6.0000e+01 -1.2000e+02 -1.1686e+00
6.0000e+01 -1.1000e+02 -8.3512e-01
6.0000e+01 -1.0000e+02 -1.8379e+00
6.0000e+01 -9.0000e+01 -1.2859e+00
6.0000e+01 -8.0000e+01 -2.1711e+00
6.0000e+01 -7.0000e+01 -4.5722e+00
6.0000e+01 -6.0000e+01 -6.9630e+00
6.0000e+01 -5.0000e+01 -4.4046e+00
6.0000e+01 -4.0000e+01 -6.3209e+00
6.0000e+01 -3.0000e+01 -9.6959e+00
6.0000e+01 -2.0000e+01 -9.5926e+00
6.0000e+01 -1.0000e+01 -9.8102e+00
6.0000e+01 0.0000e+00 -7.0293e+00
6.0000e+01 1.0000e+01 -6.6255e+00
6.0000e+01 2.0000e+01 -8.3858e+00
6.0000e+01 3.0000e+01 -5.8702e+00
6.0000e+01 4.0000e+01 -5.7166e+00
6.0000e+01 5.0000e+01 -6.6622e+00
6.0000e+01 6.0000e+01 -6.3424e+00
6.0000e+01 7.0000e+01 -7.3449e+00
6.0000e+01 8.0000e+01 -4.6506e+00
6.0000e+01 9.0000e+01 -3.6685e+00
6.0000e+01 1.0000e+02 -2.9518e+00
6.0000e+01 1.1000e+02 -2.0632e+00
6.0000e+01 1.2000e+02 -3.4480e+00
6.0000e+01 1.3000e+02 2.1951e+00
6.0000e+01 1.4000e+02 5.8556e-01
6.0000e+01 1.5000e+02 1.7697e+00
6.0000e+01 1.6000e+02 -1.3127e+00
6.0000e+01 1.7000e+02 -7.0347e-01
6.0000e+01 1.8000e+02 3.8856e+00
6.0000e+01 1.9000e+02 -3.3265e-01
6.0000e+01 2.0000e+02 -1.9051e+00
7.0000e+01 -2.0000e+02 9.5757e-01
7.0000e+01 -1.9000e+02 -6.3991e-01
7.0000e+01 -1.8000e+02 3.8698e-01
7.0000e+01 -1.7000e+02 1.1682e+00
7.0000e+01 -1.6000e+02 7.5201e-01
7.0000e+01 -1.5000e+02 2.0648e+00
7.0000e+01 -1.4000e+02 -2.0443e+00
7.0000e+01 -1.3000e+02 9.8113e-02
7.0000e+01 -1.2000e+02 6.4557e-01
7.0000e+01 -1.1000e+02 -1.9685e+00
7.0000e+01 -1.0000e+02 -5.4811e-03
7.0000e+01 -9.0000e+01 -2.6233e+00
7.0000e+01 -8.0000e+01 -1.1191e+00
7.0000e+01 -7.0000e+01 -4.1556e+00
7.0000e+01 -6.0000e+01 -3.6919e+00
7.0000e+01 -5.0000e+01 -2.9932e+00
7.0000e+01 -4.0000e+01 -5.1746e+00
7.0000e+01 -3.0000e+01 -3.5423e+00
7.0000e+01 -2.0000e+01 -5.9060e+00
7.0000e+01 -1.0000e+01 -8.0430e+00
7.0000e+01 0.0000e+00 -7.7189e+00
7.0000e+01 1.0000e+01 -7.1453e+00
7.0000e+01 2.0000e+01 -9.1405e+00
7.0000e+01 3.0000e+01 -6.5392e+00
7.0000e+01 4.0000e+01 -4.9016e+00
7.0000e+01 5.0000e+01 -3.6020e+00
7.0000e+01 6.0000e+01 -2.0935e+00
7.0000e+01 7.0000e+01 -4.8867e+00
7.0000e+01 8.0000e+01 -1.3785e+00
7.0000e+01 9.0000e+01 -3.3830e+00
7.0000e+01 1.0000e+02 -4.4691e-01
7.0000e+01 1.1000e+02 4.7001e-03
7.0000e+01 1.2000e+02 -1.6283e-01
7.0000e+01 1.3000e+02 -8.0352e-01
7.0000e+01 1.4000e+02 1.6411e-01
7.0000e+01 1.5000e+02 6.6734e-02
7.0000e+01 1.6000e+02 -2.0331e+00
7.0000e+01 1.7000e+02 -1.3504e+00
7.0000e+01 1.8000e+02 -2.6298e-01
7.0000e+01 1.9000e+02 1.6007e+00
7.0000e+01 2.0000e+02 3.3612e+00
8.0000e+01 -2.0000e+02 8.5626e-02
8.0000e+01 -1.9000e+02 7.8258e-01
8.0000e+01 -1.8000e+02 -1.2197e+00
8.0000e+01 -1.7000e+02 2.9079e+00
8.0000e+01 -1.6000e+02 -2.1300e-01
8.0000e+01 -1.5000e+02 1.0543e+00
8.0000e+01 -1.4000e+02 1.4432e+00
8.0000e+01 -1.3000e+02 -1.2050e+00
8.0000e+01 -1.2000e+02 3.3883e-01
8.0000e+01 -1.1000e+02 -3.4448e+00
8.0000e+01 -1.0000e+02 8.6740e-01
8.0000e+01 -9.0000e+01 8.5447e-01
8.0000e+01 -8.0000e+01 -4.2993e+00
8.0000e+01 -7.0000e+01 -9.1397e-02
8.0000e+01 -6.0000e+01 -2.6718e+00
8.0000e+01 -5.0000e+01 -3.5469e+00
8.0000e+01 -4.0000e+01 -7.3611e+00
8.0000e+01 -3.0000e+01 -5.3185e+00
8.0000e+01 -2.0000e+01 -4.4301e+00
8.0000e+01 -1.0000e+01 -6.1842e+00
8.0000e+01 0.0000e+00 -5.9364e+00
8.0000e+01 1.0000e+01 -4.8772e+00
8.0000e+01 2.0000e+01 -4.4701e+00
8.0000e+01 3.0000e+01 -2.2485e+00
8.0000e+01 4.0000e+01 -2.1173e+00
8.0000e+01 5.0000e+01 -5.0434e+00
8.0000e+01 6.0000e+01 -3.6013e+00
8.0000e+01 7.0000e+01 -1.3247e+00
8.0000e+01 8.0000e+01 1.5336e-01
8.0000e+01 9.0000e+01 -8.9464e-01
8.0000e+01 1.0000e+02 -2.2441e+00
8.0000e+01 1.1000e+02 -2.9793e+00
8.0000e+01 1.2000e+02 -9.0829e-01
8.0000e+01 1.3000e+02 1.8766e-01
8.0000e+01 1.4000e+02 1.1160e+00
8.0000e+01 1.5000e+02 2.3789e-01
8.0000e+01 1.6000e+02 -2.4286e+00
8.0000e+01 1.7000e+02 8.5862e-01
8.0000e+01 1.8000e+02 1.3626e-01
8.0000e+01 1.9000e+02 -1.0343e+00
8.0000e+01 2.0000e+02 -3.7294e+00
9.0000e+01 -2.0000e+02 -2.7325e-01
9.0000e+01 -1.9000e+02 -2.3275e+00
9.0000e+01 -1.8000e+02 -5.7006e-01
9.0000e+01 -1.7000e+02 -8.1408e-01
9.0000e+01 -1.6000e+02 -3.1731e-01
9.0000e+01 -1.5000e+02 -3.1675e+00
9.0000e+01 -1.4000e+02 4.1669e-01
9.0000e+01 -1.3000e+02 1.4945e+00
9.0000e+01 -1.2000e+02 2.0073e+00
9.0000e+01 -1.1000e+02 3.5893e-01
9.0000e+01 -1.0000e+02 1.2310e+00
9.0000e+01 -9.0000e+01 2.1316e+00
9.0000e+01 -8.0000e+01 -2.1859e+00
9.0000e+01 -7.0000e+01 -6.7731e-01
9.0000e+01 -6.0000e+01 -7.5259e-01
9.0000e+01 -5.0000e+01 -4.7544e+00
9.0000e+01 -4.0000e+01 -3.1847e+00
9.0000e+01 -3.0000e+01 -4.9674e+00
9.0000e+01 -2.0000e+01 -6.8085e+00
9.0000e+01 -1.0000e+01 -4.3053e+00
9.0000e+01 0.0000e+00 -6.2021e+00
9.0000e+01 1.0000e+01 -4.5920e+00
9.0000e+01 2.0000e+01 -7.4628e+00
9.0000e+01 3.0000e+01 -5.1383e+00
9.0000e+01 4.0000e+01 -6.7244e+00
9.0000e+01 5.0000e+01 -2.8774e+00
9.0000e+01 6.0000e+01 -3.2370e+00
9.0000e+01 7.0000e+01 -6.9631e-02
9.0000e+01 8.0000e+01 1.5001e-01
9.0000e+01 9.0000e+01 -7.7492e-01
9.0000e+01 1.0000e+02 -1.0580e+00
9.0000e+01 1.1000e+02 -8.6173e-01
9.0000e+01 1.2000e+02 -3.0198e+00
9.0000e+01 1.3000e+02 -8.6133e-01
9.0000e+01 1.4000e+02 -2.7443e+00
9.0000e+01 1.5000e+02 -1.9645e+00
9.0000e+01 1.6000e+02 1.4986e+00
9.0000e+01 1.7000e+02 3.4031e-01
9.0000e+01 1.8000e+02 6.8903e-01
9.0000e+01 1.9000e+02 -1.3263e+00
9.0000e+01 2.0000e+02 3.3542e+00
1.0000e+02 -2.0000e+02 1.3924e+00
1.0000e+02 -1.9000e+02 1.2272e+00
1.0000e+02 -1.8000e+02 2.0198e+00
1.0000e+02 -1.7000e+02 8.7301e-01
1.0000e+02 -1.6000e+02 3.6133e-01
1.0000e+02 -1.5000e+02 -4.3564e-01
1.0000e+02 -1.4000e+02 3.8654e+00
1.0000e+02 -1.3000e+02 2.5292e+00
1.0000e+02 -1.2000e+02 3.2541e-01
1.0000e+02 -1.1000e+02 -1.2052e+00
1.0000e+02 -1.0000e+02 1.4610e+00
1.0000e+02 -9.0000e+01 1.2813e+00
1.0000e+02 -8.0000e+01 -1.2929e-01
1.0000e+02 -7.0000e+01 -1.2795e-01
1.0000e+02 -6.0000e+01 -4.6544e+00
1.0000e+02 -5.0000e+01 -3.6517e+00
1.0000e+02 -4.0000e+01 -4.4922e+00
1.0000e+02 -3.0000e+01 -3.8946e-01
1.0000e+02 -2.0000e+01 -2.6809e+00
1.0000e+02 -1.0000e+01 -2.8837e+00
1.0000e+02 0.0000e+00 -3.7186e+00
1.0000e+02 1.0000e+01 -1.5583e+00
1.0000e+02 2.0000e+01 -2.5919e+00
1.0000e+02 3.0000e+01 -3.3147e+00
1.0000e+02 4.0000e+01 -2.0449e+00
1.0000e+02 5.0000e+01 -2.8041e+00
1.0000e+02 6.0000e+01 -3.5109e+00
1.0000e+02 7.0000e+01 -1.2859e+00
1.0000e+02 8.0000e+01 -2.1083e+00
1.0000e+02 9.0000e+01 2.8370e-01
1.0000e+02 1.0000e+02 -3.1582e+00
1.0000e+02 1.1000e+02 -2.0632e+00
1.0000e+02 1.2000e+02 -1.1662e+00
1.0000e+02 1.3000e+02 -9.4357e-02
1.0000e+02 1.4000e+02 1.5328e-01
1.0000e+02 1.5000e+02 3.5611e+00
1.0000e+02 1.6000e+02 1.1931e+00
1.0000e+02 1.7000e+02 -2.3559e-01
1.0000e+02 1.8000e+02 8.7607e-01
1.0000e+02 1.9000e+02 3.3434e-01
1.0000e+02 2.0000e+02 4.2898e+00
1.1000e+02 -2.0000e+02 1.8514e+00
1.1000e+02 -1.9000e+02 9.0988e-01
1.1000e+02 -1.8000e+02 -1.2323e+00
1.1000e+02 -1.7000e+02 -1.6215e+00
1.1000e+02 -1.6000e+02 -1.3080e+00
1.1000e+02 -1.5000e+02 -3.7320e-01
1.1000e+02 -1.4000e+02 -1.6907e-01
1.1000e+02 -1.3000e+02 2.6907e+00
1.1000e+02 -1.2000e+02 -2.3453e+00
1.1000e+02 -1.1000e+02 -1.7776e+00
1.1000e+02 -1.0000e+02 -2.2838e+00
1.1000e+02 -9.0000e+01 6.4468e-01
1.1000e+02 -8.0000e+01 4.4159e-01
1.1000e+02 -7.0000e+01 -2.0007e+00
1.1000e+02 -6.0000e+01 -4.0294e-01
1.1000e+02 -5.0000e+01 -1.5468e+00
1.1000e+02 -4.0000e+01 -1.8201e+00
1.1000e+02 -3.0000e+01 -3.3780e+00
1.1000e+02 -2.0000e+01 -5.8522e-01
1.1000e+02 -1.0000e+01 -2.2299e+00
1.1000e+02 0.0000e+00 -2.4266e+00
1.1000e+02 1.0000e+01 -2.5841e+00
1.1000e+02 2.0000e+01 -2.1829e+00
1.1000e+02 3.0000e+01 -3.7979e+00
1.1000e+02 4.0000e+01 -2.4871e+00
1.1000e+02 5.0000e+01 -3.4626e+00
1.1000e+02 6.0000e+01 -2.0120e+00
1.1000e+02 7.0000e+01 -5.5562e-02
1.1000e+02 8.0000e+01 8.3118e-01
1.1000e+02 9.0000e+01 -7.9224e-01
1.1000e+02 1.0000e+02 9.3137e-02
1.1000e+02 1.1000e+02 -1.6984e+00
1.1000e+02 1.2000e+02 -1.9099e-01
1.1000e+02 1.3000e+02 -2.5101e+00
1.1000e+02 1.4000e+02 6.5502e-01
1.1000e+02 1.5000e+02 1.2098e+00
1.1000e+02 1.6000e+02 5.8816e-02
1.1000e+02 1.7000e+02 1.5626e+00
1.1000e+02 1.8000e+02 7.1847e-01
1.1000e+02 1.9000e+02 6.6115e-01
1.1000e+02 2.0000e+02 2.9899e-01
1.2000e+02 -2.0000e+02 7.7471e-01
1.2000e+02 -1.9000e+02 -2.3207e+00
1.2000e+02 -1.8000e+02 4.4451e+00
1.2000e+02 -1.7000e+02 -1.6937e+00
1.2000e+02 -1.6000e+02 5.6856e-01
1.2000e+02 -1.5000e+02 1.1941e+00
1.2000e+02 -1.4000e+02 2.9315e+00
1.2000e+02 -1.3000e+02 -2.9111e+00
1.2000e+02 -1.2000e+02 3.5146e-01
1.2000e+02 -1.1000e+02 3.1309e-01
1.2000e+02 -1.0000e+02 1.3477e+00
1.2000e+02 -9.0000e+01 -6.0026e-01
1.2000e+02 -8.0000e+01 8.5170e-01
1.2000e+02 -7.0000e+01 -2.6971e+00
1.2000e+02 -6.0000e+01 -2.5302e+00
1.2000e+02 -5.0000e+01 -3.9151e+00
1.2000e+02 -4.0000e+01 -2.0786e+00
1.2000e+02 -3.0000e+01 -2.3439e+00
1.2000e+02 -2.0000e+01 -6.1279e-01
1.2000e+02 -1.0000e+01 -3.1253e-01
1.2000e+02 0.0000e+00 -9.0450e-02
1.2000e+02 1.0000e+01 -4.3627e-01
1.2000e+02 2.0000e+01 -1.6671e+00
1.2000e+02 3.0000e+01 -2.0613e+00
1.2000e+02 4.0000e+01 -1.7009e+00
1.2000e+02 5.0000e+01 9.8082e-01
1.2000e+02 6.0000e+01 4.3245e-03
1.2000e+02 7.0000e+01 1.5040e-01
1.2000e+02 8.0000e+01 -1.3867e+00
1.2000e+02 9.0000e+01 3.4422e-01
1.2000e+02 1.0000e+02 -2.2322e+00
1.2000e+02 1.1000e+02 4.7693e-01
1.2000e+02 1.2000e+02 -1.8728e+00
1.2000e+02 1.3000e+02 -9.3702e-01
1.2000e+02 1.4000e+02 -2.1958e-01
1.2000e+02 1.5000e+02 -1.7112e+00
1.2000e+02 1.6000e+02 -1.2447e-01
1.2000e+02 1.7000e+02 -9.0208e-01
1.2000e+02 1.8000e+02 2.2269e+00
1.2000e+02 1.9000e+02 -1.0435e+00
1.2000e+02 2.0000e+02 -4.4470e-01
1.3000e+02 -2.0000e+02 1.7016e+00
1.3000e+02 -1.9000e+02 -2.0105e-01
1.3000e+02 -1.8000e+02 -1.9027e-01
1.3000e+02 -1.7000e+02 1.6155e+00
1.3000e+02 -1.6000e+02 -2.0730e-01
1.3000e+02 -1.5000e+02 7.3687e-02
1.3000e+02 -1.4000e+02 -2.9324e+00
1.3000e+02 -1.3000e+02 1.6199e+00
1.3000e+02 -1.2000e+02 8.7572e-01
1.3000e+02 -1.1000e+02 -1.1246e-02
1.3000e+02 -1.0000e+02 2.0771e+00
1.3000e+02 -9.0000e+01 -1.7033e+00
1.3000e+02 -8.0000e+01 -7.1456e-01
1.3000e+02 -7.0000e+01 -8.8800e-01
1.3000e+02 -6.0000e+01 -3.4549e+00
1.3000e+02 -5.0000e+01 -2.7161e+00
1.3000e+02 -4.0000e+01 -1.1165e+00
1.3000e+02 -3.0000e+01 -6.5092e-02
1.3000e+02 -2.0000e+01 -2.5498e-01
1.3000e+02 -1.0000e+01 -1.6099e+00
1.3000e+02 0.0000e+00 -1.0583e+00
1.3000e+02 1.0000e+01 -2.5589e-01
1.3000e+02 2.0000e+01 -1.5380e+00
1.3000e+02 3.0000e+01 -7.9439e-01
1.3000e+02 4.0000e+01 1.2615e+00
1.3000e+02 5.0000e+01 -8.2137e-01
1.3000e+02 6.0000e+01 -4.6620e-01
1.3000e+02 7.0000e+01 -1.0379e+00
1.3000e+02 8.0000e+01 -1.8786e+00
1.3000e+02 9.0000e+01 4.3254e-01
1.3000e+02 1.0000e+02 9.1513e-01
1.3000e+02 1.1000e+02 9.0639e-01
1.3000e+02 1.2000e+02 -2.6892e+00
1.3000e+02 1.3000e+02 9.9758e-01
1.3000e+02 1.4000e+02 -1.0408e+00
1.3000e+02 1.5000e+02 -2.1697e+00
1.3000e+02 1.6000e+02 1.3636e+00
1.3000e+02 1.7000e+02 5.8448e-01
1.3000e+02 1.8000e+02 -1.9225e+00
1.3000e+02 1.9000e+02 -6.4471e-01
1.3000e+02 2.0000e+02 2.1850e+00
1.4000e+02 -2.0000e+02 1.6059e+00
1.4000e+02 -1.9000e+02 8.3181e-01
1.4000e+02 -1.8000e+02 2.8045e+00
1.4000e+02 -1.7000e+02 4.5291e-01
1.4000e+02 -1.6000e+02 -6.8623e-01
1.4000e+02 -1.5000e+02 1.5688e+00
1.4000e+02 -1.4000e+02 5.9854e-01
1.4000e+02 -1.3000e+02 1.3359e+00
1.4000e+02 -1.2000e+02 2.1318e+00
1.4000e+02 -1.1000e+02 -1.1630e+00
1.4000e+02 -1.0000e+02 -2.3278e+00
1.4000e+02 -9.0000e+01 1.7853e+00
1.4000e+02 -8.0000e+01 1.4170e+00
1.4000e+02 -7.0000e+01 -1.0609e+00
1.4000e+02 -6.0000e+01 -8.1989e-01
1.4000e+02 -5.0000e+01 -1.2015e+00
1.4000e+02 -4.0000e+01 -1.9855e+00
1.4000e+02 -3.0000e+01 -7.4524e-01
1.4000e+02 -2.0000e+01 -5.8622e-01
1.4000e+02 -1.0000e+01 2.1798e+00
1.4000e+02 0.0000e+00 -1.8249e-01
1.4000e+02 1.0000e+01 9.6041e-01
1.4000e+02 2.0000e+01 -1.9255e+00
1.4000e+02 3.0000e+01 -1.8580e+00
1.4000e+02 4.0000e+01 -1.5652e+00
1.4000e+02 5.0000e+01 1.2856e+00
1.4000e+02 6.0000e+01 -5.0283e-01
1.4000e+02 7.0000e+01 -3.8628e-01
1.4000e+02 8.0000e+01 -8.9577e-01
1.4000e+02 9.0000e+01 1.6242e+00
1.4000e+02 1.0000e+02 -9.6610e-01
1.4000e+02 1.1000e+02 -6.8842e-01
1.4000e+02 1.2000e+02 2.7993e+00
1.4000e+02 1.3000e+02 1.4943e+00
1.4000e+02 1.4000e+02 4.4017e-01
1.4000e+02 1.5000e+02 8.9102e-01
1.4000e+02 1.6000e+02 -2.4793e+00
1.4000e+02 1.7000e+02 -2.4960e-01
1.4000e+02 1.8000e+02 1.2464e+00
1.4000e+02 1.9000e+02 -1.9230e+00
1.4000e+02 2.0000e+02 1.0854e+00
1.5000e+02 -2.0000e+02 -1.1619e+00
1.5000e+02 -1.9000e+02 -9.9142e-01
1.5000e+02 -1.8000e+02 -1.0330e+00
1.5000e+02 -1.7000e+02 -2.1534e+00
1.5000e+02 -1.6000e+02 -7.2175e-01
1.5000e+02 -1.5000e+02 7.3901e-01
1.5000e+02 -1.4000e+02 -1.1983e+00
1.5000e+02 -1.3000e+02 -9.2141e-01
1.5000e+02 -1.2000e+02 -1.4384e+00
1.5000e+02 -1.1000e+02 -1.9032e+00
1.5000e+02 -1.0000e+02 1.4911e+00
1.5000e+02 -9.0000e+01 -7.9538e-02
1.5000e+02 -8.0000e+01 -1.1400e+00
1.5000e+02 -7.0000e+01 -4.2324e-01
1.5000e+02 -6.0000e+01 -8.4383e-01
1.5000e+02 -5.0000e+01 2.4411e+00
1.5000e+02 -4.0000e+01 -9.8937e-02
1.5000e+02 -3.0000e+01 1.1796e+00
1.5000e+02 -2.0000e+01 -2.9522e-01
1.5000e+02 -1.0000e+01 -2.2311e+00
1.5000e+02 0.0000e+00 3.3562e+00
1.5000e+02 1.0000e+01 1.1221e+00
1.5000e+02 2.0000e+01 -1.1738e+00
1.5000e+02 3.0000e+01 -7.3257e-01
1.5000e+02 4.0000e+01 -2.1590e+00
1.5000e+02 5.0000e+01 -3.3709e-01
1.5000e+02 6.0000e+01 9.8229e-01
1.5000e+02 7.0000e+01 -1.4453e-01
1.5000e+02 8.0000e+01 -2.1728e+00
1.5000e+02 9.0000e+01 -3.3762e-01
1.5000e+02 1.0000e+02 4.0068e-02
1.5000e+02 1.1000e+02 -1.0596e+00
1.5000e+02 1.2000e+02 2.6880e+00
1.5000e+02 1.3000e+02 -7.6998e-01
1.5000e+02 1.4000e+02 5.3337e-01
1.5000e+02 1.5000e+02 8.1209e-01
1.5000e+02 1.6000e+02 -1.6995e-01
1.5000e+02 1.7000e+02 1.5816e+00
1.5000e+02 1.8000e+02 -2.4223e+00
1.5000e+02 1.9000e+02 -4.5026e-01
1.5000e+02 2.0000e+02 1.1232e-01
1.6000e+02 -2.0000e+02 1.4374e+00
1.6000e+02 -1.9000e+02 9.6664e-01
1.6000e+02 -1.8000e+02 -1.1486e+00
1.6000e+02 -1.7000e+02 4.4390e-01
1.6000e+02 -1.6000e+02 -1.1489e+00
1.6000e+02 -1.5000e+02 3.4174e-01
1.6000e+02 -1.4000e+02 -2.9232e-01
1.6000e+02 -1.3000e+02 1.3173e+00
1.6000e+02 -1.2000e+02 5.5546e-01
1.6000e+02 -1.1000e+02 1.4098e+00
1.6000e+02 -1.0000e+02 -6.4421e-01
1.6000e+02 -9.0000e+01 -4.5324e-01
1.6000e+02 -8.0000e+01 6.9275e-01
1.6000e+02 -7.0000e+01 1.8413e+00
1.6000e+02 -6.0000e+01 -2.6716e+00
1.6000e+02 -5.0000e+01 1.3147e+00
1.6000e+02 -4.0000e+01 -6.2234e-01
1.6000e+02 -3.0000e+01 1.1857e+00
1.6000e+02 -2.0000e+01 1.1862e+00
1.6000e+02 -1.0000e+01 1.7801e+00
1.6000e+02 0.0000e+00 -2.0960e-01
1.6000e+02 1.0000e+01 1.8909e-02
1.6000e+02 2.0000e+01 4.6561e-01
1.6000e+02 3.0000e+01 -1.0730e-01
1.6000e+02 4.0000e+01 -1.2610e-01
1.6000e+02 5.0000e+01 8.6604e-01
1.6000e+02 6.0000e+01 6.8024e-01
1.6000e+02 7.0000e+01 1.0845e+00
1.6000e+02 8.0000e+01 -9.0691e-01
1.6000e+02 9.0000e+01 -8.0279e-01
1.6000e+02 1.0000e+02 -6.0152e-01
1.6000e+02 1.1000e+02 1.9208e-01
1.6000e+02 1.2000e+02 -7.3312e-01
1.6000e+02 1.3000e+02 2.7874e+00
1.6000e+02 1.4000e+02 1.6476e+00
1.6000e+02 1.5000e+02 -1.2294e+00
1.6000e+02 1.6000e+02 1.0662e+00
1.6000e+02 1.7000e+02 -6.6257e-01
1.6000e+02 1.8000e+02 2.7182e+00
1.6000e+02 1.9000e+02 1.0535e+00
1.6000e+02 2.0000e+02 -4.7079e-01
1.7000e+02 -2.0000e+02 1.5697e-01
1.7000e+02 -1.9000e+02 -4.6897e-01
1.7000e+02 -1.8000e+02 -1.4879e-01
1.7000e+02 -1.7000e+02 -2.0596e+00
1.7000e+02 -1.6000e+02 1.8623e+00
1.7000e+02 -1.5000e+02 -1.8202e+00
1.7000e+02 -1.4000e+02 -2.5644e+00
1.7000e+02 -1.3000e+02 1.4858e+00
1.7000e+02 -1.2000e+02 3.0897e+00
1.7000e+02 -1.1000e+02 -2.2133e+00
1.7000e+02 -1.0000e+02 3.5662e-01
1.7000e+02 -9.0000e+01 2.8265e+00
1.7000e+02 -8.0000e+01 4.0655e-01
1.7000e+02 -7.0000e+01 3.0917e+00
1.7000e+02 -6.0000e+01 -1.7176e+00
1.7000e+02 -5.0000e+01 5.8004e-02
1.7000e+02 -4.0000e+01 -2.4158e+00
1.7000e+02 -3.0000e+01 -5.2580e-01
1.7000e+02 -2.0000e+01 1.3941e+00
1.7000e+02 -1.0000e+01 -2.3402e+00
1.7000e+02 0.0000e+00 -2.7733e+00
1.7000e+02 1.0000e+01 -3.4673e-02
1.7000e+02 2.0000e+01 1.6520e+00
1.7000e+02 3.0000e+01 3.7146e-01
1.7000e+02 4.0000e+01 -1.2251e+00
1.7000e+02 5.0000e+01 6.6864e-01
1.7000e+02 6.0000e+01 7.6511e-01
1.7000e+02 7.0000e+01 6.6115e-01
1.7000e+02 8.0000e+01 -1.1658e+00
1.7000e+02 9.0000e+01 5.3857e-01
1.7000e+02 1.0000e+02 4.4717e-01
1.7000e+02 1.1000e+02 1.2578e+00
1.7000e+02 1.2000e+02 3.5281e-01
1.7000e+02 1.3000e+02 4.0551e-01
1.7000e+02 1.4000e+02 -1.0328e+00
1.7000e+02 1.5000e+02 7.7288e-01
1.7000e+02 1.6000e+02 -9.9229e-01
1.7000e+02 1.7000e+02 -1.4553e+00
1.7000e+02 1.8000e+02 4.9639e-01
1.7000e+02 1.9000e+02 -3.8026e-01
1.7000e+02 2.0000e+02 1.0947e-01
1.8000e+02 -2.0000e+02 8.7373e-01
1.8000e+02 -1.9000e+02 1.5090e-01
1.8000e+02 -1.8000e+02 -2.0427e+00
1.8000e+02 -1.7000e+02 -1.4017e+00
1.8000e+02 -1.6000e+02 3.1785e+00
1.8000e+02 -1.5000e+02 1.5152e-01
1.8000e+02 -1.4000e+02 -3.2949e+00
1.8000e+02 -1.3000e+02 -2.2579e+00
1.8000e+02 -1.2000e+02 -3.2126e-01
1.8000e+02 -1.1000e+02 -5.1405e-01
1.8000e+02 -1.0000e+02 -1.1037e+00
1.8000e+02 -9.0000e+01 -3.7318e+00
1.8000e+02 -8.0000e+01 6.6407e-01
1.8000e+02 -7.0000e+01 1.9280e+00
1.8000e+02 -6.0000e+01 -8.1851e-02
1.8000e+02 -5.0000e+01 -1.9175e+00
1.8000e+02 -4.0000e+01 2.4201e+00
1.8000e+02 -3.0000e+01 1.0486e+00
1.8000e+02 -2.0000e+01 2.4267e+00
1.8000e+02 -1.0000e+01 -2.1244e+00
1.8000e+02 0.0000e+00 -9.6690e-01
1.8000e+02 1.0000e+01 1.0131e+00
1.8000e+02 2.0000e+01 -2.9380e+00
1.8000e+02 3.0000e+01 1.4053e+00
1.8000e+02 4.0000e+01 -7.7982e-01
1.8000e+02 5.0000e+01 -3.3447e+00
1.8000e+02 6.0000e+01 2.2983e-01
1.8000e+02 7.0000e+01 7.4587e-01
1.8000e+02 8.0000e+01 -6.8288e-01
1.8000e+02 9.0000e+01 -1.0861e+00
1.8000e+02 1.0000e+02 2.0316e+00
1.8000e+02 1.1000e+02 -1.9453e+00
1.8000e+02 1.2000e+02 -2.3249e+00
1.8000e+02 1.3000e+02 -1.7517e+00
1.8000e+02 1.4000e+02 -1.6342e+00
1.8000e+02 1.5000e+02 -9.5122e-01
1.8000e+02 1.6000e+02 -2.1806e-01
1.8000e+02 1.7000e+02 -6.1039e-01
1.8000e+02 1.8000e+02 2.3541e-01
1.8000e+02 1.9000e+02 -1.4672e+00
1.8000e+02 2.0000e+02 3.1564e+00
1.9000e+02 -2.0000e+02 3.7883e-01
1.9000e+02 -1.9000e+02 2.0723e-01
1.9000e+02 -1.8000e+02 -7.5253e-01
1.9000e+02 -1.7000e+02 2.7219e+00
1.9000e+02 -1.6000e+02 3.5514e-01
1.9000e+02 -1.5000e+02 2.5903e+00
1.9000e+02 -1.4000e+02 1.1874e-01
1.9000e+02 -1.3000e+02 7.9093e-01
1.9000e+02 -1.2000e+02 3.1284e-01
1.9000e+02 -1.1000e+02 -1.7129e+00
1.9000e+02 -1.0000e+02 -8.7769e-01
1.9000e+02 -9.0000e+01 2.2165e+00
1.9000e+02 -8.0000e+01 1.5211e-01
1.9000e+02 -7.0000e+01 6.1051e-01
1.9000e+02 -6.0000e+01 4.5806e-01
1.9000e+02 -5.0000e+01 -6.1397e-01
1.9000e+02 -4.0000e+01 2.8537e+00
1.9000e+02 -3.0000e+01 -1.8349e+00
1.9000e+02 -2.0000e+01 -9.0729e-01
1.9000e+02 -1.0000e+01 -1.1338e+00
1.9000e+02 0.0000e+00 1.8032e+00
1.9000e+02 1.0000e+01 -2.9216e+00
1.9000e+02 2.0000e+01 -4.4676e-01
1.9000e+02 3.0000e+01 1.8527e+00
1.9000e+02 4.0000e+01 -1.1909e-01
1.9000e+02 5.0000e+01 1.2184e+00
1.9000e+02 6.0000e+01 5.1900e-01
1.9000e+02 7.0000e+01 -1.2743e+00
1.9000e+02 8.0000e+01 8.3078e-01
1.9000e+02 9.0000e+01 6.5943e-01
1.9000e+02 1.0000e+02 2.1181e+00
1.9000e+02 1.1000e+02 -8.8646e-01
1.9000e+02 1.2000e+02 -3.8865e-02
1.9000e+02 1.3000e+02 5.1599e-01
1.9000e+02 1.4000e+02 2.3913e-01
1.9000e+02 1.5000e+02 -1.7014e+00
1.9000e+02 1.6000e+02 6.2961e-01
1.9000e+02 1.7000e+02 -4.2223e+00
1.9000e+02 1.8000e+02 1.1194e+00
1.9000e+02 1.9000e+02 1.4827e+00
1.9000e+02 2.0000e+02 1.1493e+00
2.0000e+02 -2.0000e+02 -1.3017e+00
2.0000e+02 -1.9000e+02 1.0048e+00
2.0000e+02 -1.8000e+02 -9.8953e-01
2.0000e+02 -1.7000e+02 2.4353e+00
2.0000e+02 -1.6000e+02 -2.0613e+00
2.0000e+02 -1.5000e+02 -2.1107e+00
2.0000e+02 -1.4000e+02 2.4916e+00
2.0000e+02 -1.3000e+02 -1.1037e+00
2.0000e+02 -1.2000e+02 4.1862e-01
2.0000e+02 -1.1000e+02 5.2062e-01
2.0000e+02 -1.0000e+02 -7.8832e-01
2.0000e+02 -9.0000e+01 -2.0536e+00
2.0000e+02 -8.0000e+01 -2.0657e+00
2.0000e+02 -7.0000e+01 -5.7511e-01
2.0000e+02 -6.0000e+01 1.4146e+00
2.0000e+02 -5.0000e+01 -2.1488e+00
2.0000e+02 -4.0000e+01 1.2564e+00
2.0000e+02 -3.0000e+01 -8.0969e-01
2.0000e+02 -2.0000e+01 5.1690e-01
2.0000e+02 -1.0000e+01 6.5258e-01
2.0000e+02 0.0000e+00 -3.4492e-01
2.0000e+02 1.0000e+01 -1.1980e+00
2.0000e+02 2.0000e+01 2.1779e+00
2.0000e+02 3.0000e+01 -1.9561e+00
2.0000e+02 4.0000e+01 2.1213e+00
2.0000e+02 5.0000e+01 -1.7000e+00
2.0000e+02 6.0000e+01 1.9021e+00
2.0000e+02 7.0000e+01 -1.7920e-01
2.0000e+02 8.0000e+01 -1.0641e+00
2.0000e+02 9.0000e+01 6.2470e-01
2.0000e+02 1.0000e+02 2.3357e+00
2.0000e+02 1.1000e+02 -1.4161e+00
2.0000e+02 1.2000e+02 -2.3176e+00
2.0000e+02 1.3000e+02 -2.4153e+00
2.0000e+02 1.4000e+02 -6.6201e-01
2.0000e+02 1.5000e+02 1.4277e+00
2.0000e+02 1.6000e+02 1.2213e+00
2.0000e+02 1.7000e+02 -2.4195e+00
2.0000e+02 1.8000e+02 1.9736e-01
2.0000e+02 1.9000e+02 1.6092e+00
2.0000e+02 2.0000e+02 -8.4223e-01
