-2.0000e+02 -2.0000e+02 -1.5634e+00
-2.0000e+02 -1.9000e+02 -1.3257e+00
-2.0000e+02 -1.8000e+02 -6.9997e-01
-2.0000e+02 -1.7000e+02 1.8975e+00
-2.0000e+02 -1.6000e+02 1.9645e-01
-2.0000e+02 -1.5000e+02 -3.5347e-01
-2.0000e+02 -1.4000e+02 9.6573e-01
-2.0000e+02 -1.3000e+02 -4.1448e+00
-2.0000e+02 -1.2000e+02 -1.9119e+00
-2.0000e+02 -1.1000e+02 -6.7435e-01
-2.0000e+02 -1.0000e+02 1.5519e+00
-2.0000e+02 -9.0000e+01 -1.2235e+00
-2.0000e+02 -8.0000e+01 -3.4059e-01
-2.0000e+02 -7.0000e+01 -1.5928e+00
-2.0000e+02 -6.0000e+01 2.2512e+00
-2.0000e+02 -5.0000e+01 1.5936e+00
-2.0000e+02 -4.0000e+01 2.9162e+00
-2.0000e+02 -3.0000e+01 1.0022e+00
-2.0000e+02 -2.0000e+01 -2.6518e+00
-2.0000e+02 -1.0000e+01 -1.8492e+00
-2.0000e+02 0.0000e+00 7.7550e-01
-2.0000e+02 1.0000e+01 -2.1582e+00
-2.0000e+02 2.0000e+01 1.7238e+00
-2.0000e+02 3.0000e+01 -7.5633e-01
-2.0000e+02 4.0000e+01 1.5081e+00
-2.0000e+02 5.0000e+01 -1.8255e+00
-2.0000e+02 6.0000e+01 -2.4159e+00
-2.0000e+02 7.0000e+01 -2.7177e-01
-2.0000e+02 8.0000e+01 4.8387e-01
-2.0000e+02 9.0000e+01 -1.0630e+00
-2.0000e+02 1.0000e+02 -4.9025e-01
-2.0000e+02 1.1000e+02 1.0401e+00
-2.0000e+02 1.2000e+02 -5.4621e-01
-2.0000e+02 1.3000e+02 8.9376e-01
-2.0000e+02 1.4000e+02 -8.3101e-01
-2.0000e+02 1.5000e+02 -1.7807e+00
-2.0000e+02 1.6000e+02 -1.9720e+00
-2.0000e+02 1.7000e+02 3.2522e+00
-2.0000e+02 1.8000e+02 2.5142e+00
-2.0000e+02 1.9000e+02 2.8427e-02
-2.0000e+02 2.0000e+02 4.7134e-02
-1.9000e+02 -2.0000e+02 -3.6670e+00
-1.9000e+02 -1.9000e+02 3.7703e-01
-1.9000e+02 -1.8000e+02 -9.4764e-01
-1.9000e+02 -1.7000e+02 8.3749e-01
-1.9000e+02 -1.6000e+02 -9.0452e-01
-1.9000e+02 -1.5000e+02 3.0338e-01
-1.9000e+02 -1.4000e+02 -5.6999e-01
-1.9000e+02 -1.3000e+02 4.2216e-01
-1.9000e+02 -1.2000e+02 -1.6348e-01
-1.9000e+02 -1.1000e+02 -1.9466e-01
-1.9000e+02 -1.0000e+02 -2.2401e-01
-1.9000e+02 -9.0000e+01 2.1096e+00
-1.9000e+02 -8.0000e+01 1.0114e+00
-1.9000e+02 -7.0000e+01 2.3501e+00
-1.9000e+02 -6.0000e+01 -1.4390e+00
-1.9000e+02 -5.0000e+01 3.4886e+00
-1.9000e+02 -4.0000e+01 -3.0155e-01
-1.9000e+02 -3.0000e+01 1.7759e-01
-1.9000e+02 -2.0000e+01 3.4381e-01
-1.9000e+02 -1.0000e+01 -1.3385e+00
-1.9000e+02 0.0000e+00 1.5099e+00
-1.9000e+02 1.0000e+01 1.0123e+00
-1.9000e+02 2.0000e+01 -1.8956e+00
-1.9000e+02 3.0000e+01 3.5640e-01
-1.9000e+02 4.0000e+01 -7.5255e-01
-1.9000e+02 5.0000e+01 9.9973e-02
-1.9000e+02 6.0000e+01 2.3640e-01
-1.9000e+02 7.0000e+01 2.4595e+00
-1.9000e+02 8.0000e+01 2.7304e+00
-1.9000e+02 9.0000e+01 -1.5467e+00
-1.9000e+02 1.0000e+02 -4.5468e+00
-1.9000e+02 1.1000e+02 8.3357e-01
-1.9000e+02 1.2000e+02 -1.7009e+00
-1.9000e+02 1.3000e+02 -1.6902e+00
-1.9000e+02 1.4000e+02 -6.3887e-01
-1.9000e+02 1.5000e+02 1.3285e+00
-1.9000e+02 1.6000e+02 9.5836e-01
-1.9000e+02 1.7000e+02 -2.9118e+00
-1.9000e+02 1.8000e+02 9.1920e-01
-1.9000e+02 1.9000e+02 2.7059e-01
-1.9000e+02 2.0000e+02 -8.7576e-01
-1.8000e+02 -2.0000e+02 -1.6710e-01
-1.8000e+02 -1.9000e+02 2.1198e-01
-1.8000e+02 -1.8000e+02 -4.1087e-01
-1.8000e+02 -1.7000e+02 2.6036e+00
-1.8000e+02 -1.6000e+02 -1.9116e+00
-1.8000e+02 -1.5000e+02 -9.3616e-01
-1.8000e+02 -1.4000e+02 -1.1623e+00
-1.8000e+02 -1.3000e+02 -9.0318e-01
-1.8000e+02 -1.2000e+02 -1.7945e+00
-1.8000e+02 -1.1000e+02 9.0956e-01
-1.8000e+02 -1.0000e+02 1.5652e+00
-1.8000e+02 -9.0000e+01 1.1550e+00
-1.8000e+02 -8.0000e+01 -1.6064e+00
-1.8000e+02 -7.0000e+01 1.0103e+00
-1.8000e+02 -6.0000e+01 -2.2485e+00
-1.8000e+02 -5.0000e+01 1.6796e+00
-1.8000e+02 -4.0000e+01 2.5796e+00
-1.8000e+02 -3.0000e+01 3.5571e+00
-1.8000e+02 -2.0000e+01 1.7434e-01
-1.8000e+02 -1.0000e+01 -1.5124e+00
-1.8000e+02 0.0000e+00 -1.6483e+00
-1.8000e+02 1.0000e+01 7.4322e-01
-1.8000e+02 2.0000e+01 -5.7529e-01
-1.8000e+02 3.0000e+01 -1.7822e-01
-1.8000e+02 4.0000e+01 2.6296e-01
-1.8000e+02 5.0000e+01 -2.5152e+00
-1.8000e+02 6.0000e+01 5.0212e-01
-1.8000e+02 7.0000e+01 -8.3146e-01
-1.8000e+02 8.0000e+01 -4.3430e-01
-1.8000e+02 9.0000e+01 -2.7006e+00
-1.8000e+02 1.0000e+02 1.0588e+00
-1.8000e+02 1.1000e+02 2.2381e+00
-1.8000e+02 1.2000e+02 4.1257e+00
-1.8000e+02 1.3000e+02 1.2115e+00
-1.8000e+02 1.4000e+02 -2.5850e-01
-1.8000e+02 1.5000e+02 8.4934e-01
-1.8000e+02 1.6000e+02 6.9425e-01
-1.8000e+02 1.7000e+02 -2.3422e+00
-1.8000e+02 1.8000e+02 -9.0443e-01
-1.8000e+02 1.9000e+02 1.2052e+00
-1.8000e+02 2.0000e+02 2.1237e+00
-1.7000e+02 -2.0000e+02 -1.4506e+00
-1.7000e+02 -1.9000e+02 3.4472e+00
-1.7000e+02 -1.8000e+02 4.2249e-01
-1.7000e+02 -1.7000e+02 -3.3357e+00
-1.7000e+02 -1.6000e+02 1.1016e+00
-1.7000e+02 -1.5000e+02 -5.6631e-01
-1.7000e+02 -1.4000e+02 -1.9999e+00
-1.7000e+02 -1.3000e+02 -4.0678e-01
-1.7000e+02 -1.2000e+02 1.7115e+00
-1.7000e+02 -1.1000e+02 -1.2707e+00
-1.7000e+02 -1.0000e+02 -4.9864e-01
-1.7000e+02 -9.0000e+01 7.8784e-01
-1.7000e+02 -8.0000e+01 -1.5670e+00
-1.7000e+02 -7.0000e+01 -1.5402e+00
-1.7000e+02 -6.0000e+01 -1.2023e+00
-1.7000e+02 -5.0000e+01 1.3538e-01
-1.7000e+02 -4.0000e+01 6.1108e-01
-1.7000e+02 -3.0000e+01 -5.2273e-01
-1.7000e+02 -2.0000e+01 9.9027e-01
-1.7000e+02 -1.0000e+01 -2.2161e+00
-1.7000e+02 0.0000e+00 -4.3370e-01
-1.7000e+02 1.0000e+01 -1.2146e+00
-1.7000e+02 2.0000e+01 5.5926e-01
-1.7000e+02 3.0000e+01 -7.4461e-01
-1.7000e+02 4.0000e+01 -1.9432e+00
-1.7000e+02 5.0000e+01 1.6719e-01
-1.7000e+02 6.0000e+01 1.6366e+00
-1.7000e+02 7.0000e+01 -3.0231e-01
-1.7000e+02 8.0000e+01 3.1938e-01
-1.7000e+02 9.0000e+01 1.2790e+00
-1.7000e+02 1.0000e+02 -5.0169e-01
-1.7000e+02 1.1000e+02 3.4160e+00
-1.7000e+02 1.2000e+02 -8.1385e-01
-1.7000e+02 1.3000e+02 -3.6722e+00
-1.7000e+02 1.4000e+02 -1.6639e+00
-1.7000e+02 1.5000e+02 -5.4649e-01
-1.7000e+02 1.6000e+02 -2.7950e+00
-1.7000e+02 1.7000e+02 5.9201e-01
-1.7000e+02 1.8000e+02 -5.8528e-01
-1.7000e+02 1.9000e+02 4.6125e-01
-1.7000e+02 2.0000e+02 1.4706e+00
-1.6000e+02 -2.0000e+02 1.6364e-01
-1.6000e+02 -1.9000e+02 -4.1301e-01
-1.6000e+02 -1.8000e+02 -4.9357e-01
-1.6000e+02 -1.7000e+02 1.3301e+00
-1.6000e+02 -1.6000e+02 -1.2209e+00
-1.6000e+02 -1.5000e+02 7.5185e-01
-1.6000e+02 -1.4000e+02 2.4955e-01
-1.6000e+02 -1.3000e+02 2.1429e-01
-1.6000e+02 -1.2000e+02 -4.2973e+00
-1.6000e+02 -1.1000e+02 -1.9552e+00
-1.6000e+02 -1.0000e+02 -1.7375e+00
-1.6000e+02 -9.0000e+01 2.0886e+00
-1.6000e+02 -8.0000e+01 -6.5444e-01
-1.6000e+02 -7.0000e+01 -3.1176e-01
-1.6000e+02 -6.0000e+01 3.4354e-01
-1.6000e+02 -5.0000e+01 -8.5058e-02
-1.6000e+02 -4.0000e+01 -3.4496e+00
-1.6000e+02 -3.0000e+01 -1.3318e-01
-1.6000e+02 -2.0000e+01 -2.6614e+00
-1.6000e+02 -1.0000e+01 -1.4744e+00
-1.6000e+02 0.0000e+00 -5.6992e-01
-1.6000e+02 1.0000e+01 4.3232e-01
-1.6000e+02 2.0000e+01 1.3545e+00
-1.6000e+02 3.0000e+01 -1.2406e+00
-1.6000e+02 4.0000e+01 -7.7305e-01
-1.6000e+02 5.0000e+01 1.7825e+00
-1.6000e+02 6.0000e+01 4.0542e+00
-1.6000e+02 7.0000e+01 -5.4949e-01
-1.6000e+02 8.0000e+01 -1.0478e+00
-1.6000e+02 9.0000e+01 2.7681e+00
-1.6000e+02 1.0000e+02 -1.1860e+00
-1.6000e+02 1.1000e+02 -8.0282e-01
-1.6000e+02 1.2000e+02 -1.1629e+00
-1.6000e+02 1.3000e+02 3.0651e+00
-1.6000e+02 1.4000e+02 1.5471e+00
-1.6000e+02 1.5000e+02 -1.5245e+00
-1.6000e+02 1.6000e+02 2.7009e+00
-1.6000e+02 1.7000e+02 1.5600e+00
-1.6000e+02 1.8000e+02 9.1646e-01
-1.6000e+02 1.9000e+02 -7.8206e-01
-1.6000e+02 2.0000e+02 -2.1175e+00
-1.5000e+02 -2.0000e+02 2.2487e+00
-1.5000e+02 -1.9000e+02 -8.2565e-01
-1.5000e+02 -1.8000e+02 -5.9528e+00
-1.5000e+02 -1.7000e+02 7.4428e-01
-1.5000e+02 -1.6000e+02 -1.0020e+00
-1.5000e+02 -1.5000e+02 -2.2295e+00
-1.5000e+02 -1.4000e+02 6.9178e-01
-1.5000e+02 -1.3000e+02 -3.2763e+00
-1.5000e+02 -1.2000e+02 -4.2133e-01
-1.5000e+02 -1.1000e+02 -6.9461e-01
-1.5000e+02 -1.0000e+02 -3.4896e+00
-1.5000e+02 -9.0000e+01 8.4153e-01
-1.5000e+02 -8.0000e+01 -2.4438e+00
-1.5000e+02 -7.0000e+01 -1.0442e-01
-1.5000e+02 -6.0000e+01 -1.8138e-01
-1.5000e+02 -5.0000e+01 -2.3560e+00
-1.5000e+02 -4.0000e+01 -7.2381e-01
-1.5000e+02 -3.0000e+01 1.6714e+00
-1.5000e+02 -2.0000e+01 -3.1097e+00
-1.5000e+02 -1.0000e+01 7.6284e-01
-1.5000e+02 0.0000e+00 -2.9147e-01
-1.5000e+02 1.0000e+01 -4.0794e-01
-1.5000e+02 2.0000e+01 -1.4179e+00
-1.5000e+02 3.0000e+01 -7.8065e-01
-1.5000e+02 4.0000e+01 -2.0094e+00
-1.5000e+02 5.0000e+01 1.3159e+00
-1.5000e+02 6.0000e+01 -1.1163e+00
-1.5000e+02 7.0000e+01 2.2048e+00
-1.5000e+02 8.0000e+01 8.8766e-01
-1.5000e+02 9.0000e+01 2.4015e+00
-1.5000e+02 1.0000e+02 -9.3310e-01
-1.5000e+02 1.1000e+02 -3.7514e+00
-1.5000e+02 1.2000e+02 -1.1331e+00
-1.5000e+02 1.3000e+02 1.1551e+00
-1.5000e+02 1.4000e+02 -9.6770e-01
-1.5000e+02 1.5000e+02 1.8886e-01
-1.5000e+02 1.6000e+02 -1.9714e+00
-1.5000e+02 1.7000e+02 -7.9595e-01
-1.5000e+02 1.8000e+02 9.5070e-01
-1.5000e+02 1.9000e+02 3.6807e+00
-1.5000e+02 2.0000e+02 3.3472e-03
-1.4000e+02 -2.0000e+02 -4.0122e-01
-1.4000e+02 -1.9000e+02 2.0358e-02
-1.4000e+02 -1.8000e+02 6.8370e-01
-1.4000e+02 -1.7000e+02 -2.5548e-01
-1.4000e+02 -1.6000e+02 -1.4814e+00
-1.4000e+02 -1.5000e+02 3.8455e+00
-1.4000e+02 -1.4000e+02 -5.0171e-01
-1.4000e+02 -1.3000e+02 -4.3491e-01
-1.4000e+02 -1.2000e+02 -1.0728e+00
-1.4000e+02 -1.1000e+02 2.3501e+00
-1.4000e+02 -1.0000e+02 8.0040e-01
-1.4000e+02 -9.0000e+01 1.3052e+00
-1.4000e+02 -8.0000e+01 2.4989e+00
-1.4000e+02 -7.0000e+01 -3.6618e-02
-1.4000e+02 -6.0000e+01 -5.1740e-01
-1.4000e+02 -5.0000e+01 -1.6802e+00
-1.4000e+02 -4.0000e+01 -1.5553e+00
-1.4000e+02 -3.0000e+01 9.7568e-03
-1.4000e+02 -2.0000e+01 -2.1973e+00
-1.4000e+02 -1.0000e+01 -8.2352e-01
-1.4000e+02 0.0000e+00 -4.3080e+00
-1.4000e+02 1.0000e+01 6.1874e-02
-1.4000e+02 2.0000e+01 3.9523e-01
-1.4000e+02 3.0000e+01 -2.3373e-01
-1.4000e+02 4.0000e+01 1.8250e+00
-1.4000e+02 5.0000e+01 -1.5333e+00
-1.4000e+02 6.0000e+01 -1.8068e+00
-1.4000e+02 7.0000e+01 -1.0057e+00
-1.4000e+02 8.0000e+01 -1.7028e+00
-1.4000e+02 9.0000e+01 -1.8123e+00
-1.4000e+02 1.0000e+02 1.1473e+00
-1.4000e+02 1.1000e+02 -3.1159e+00
-1.4000e+02 1.2000e+02 3.3454e-02
-1.4000e+02 1.3000e+02 -1.4777e+00
-1.4000e+02 1.4000e+02 -1.6118e+00
-1.4000e+02 1.5000e+02 4.5126e-01
-1.4000e+02 1.6000e+02 5.6053e-01
-1.4000e+02 1.7000e+02 -2.0043e+00
-1.4000e+02 1.8000e+02 3.8746e-01
-1.4000e+02 1.9000e+02 -1.2226e+00
-1.4000e+02 2.0000e+02 -2.8081e+00
-1.3000e+02 -2.0000e+02 -1.4872e-01
-1.3000e+02 -1.9000e+02 -8.2935e-01
-1.3000e+02 -1.8000e+02 -8.4081e-02
-1.3000e+02 -1.7000e+02 -9.9806e-01
-1.3000e+02 -1.6000e+02 -7.7256e-01
-1.3000e+02 -1.5000e+02 1.5642e+00
-1.3000e+02 -1.4000e+02 2.3511e-01
-1.3000e+02 -1.3000e+02 6.7141e-01
-1.3000e+02 -1.2000e+02 -7.6069e-01
-1.3000e+02 -1.1000e+02 -1.3369e+00
-1.3000e+02 -1.0000e+02 -8.2057e-01
-1.3000e+02 -9.0000e+01 1.2566e+00
-1.3000e+02 -8.0000e+01 -1.5563e+00
-1.3000e+02 -7.0000e+01 -2.8379e-01
-1.3000e+02 -6.0000e+01 -1.1134e+00
-1.3000e+02 -5.0000e+01 2.4114e+00
-1.3000e+02 -4.0000e+01 -1.5604e+00
-1.3000e+02 -3.0000e+01 7.0170e-01
-1.3000e+02 -2.0000e+01 -3.3506e-01
-1.3000e+02 -1.0000e+01 -1.2483e-01
-1.3000e+02 0.0000e+00 -2.4191e+00
-1.3000e+02 1.0000e+01 -2.2698e+00
-1.3000e+02 2.0000e+01 -1.6117e+00
-1.3000e+02 3.0000e+01 5.8750e-01
-1.3000e+02 4.0000e+01 1.4148e+00
-1.3000e+02 5.0000e+01 -1.9540e-02
-1.3000e+02 6.0000e+01 -1.6539e+00
-1.3000e+02 7.0000e+01 7.5070e-01
-1.3000e+02 8.0000e+01 1.1020e+00
-1.3000e+02 9.0000e+01 -5.3951e-01
-1.3000e+02 1.0000e+02 -1.6322e+00
-1.3000e+02 1.1000e+02 3.2604e-01
-1.3000e+02 1.2000e+02 -1.9323e+00
-1.3000e+02 1.3000e+02 -1.6965e+00
-1.3000e+02 1.4000e+02 -3.0186e-01
-1.3000e+02 1.5000e+02 -1.3274e+00
-1.3000e+02 1.6000e+02 1.3707e+00
-1.3000e+02 1.7000e+02 1.5226e+00
-1.3000e+02 1.8000e+02 9.8047e-01
-1.3000e+02 1.9000e+02 7.8244e-01
-1.3000e+02 2.0000e+02 -4.1345e-01
-1.2000e+02 -2.0000e+02 -4.9668e-01
-1.2000e+02 -1.9000e+02 -4.5613e-01
-1.2000e+02 -1.8000e+02 -1.9839e+00
-1.2000e+02 -1.7000e+02 -2.8815e+00
-1.2000e+02 -1.6000e+02 -1.0009e+00
-1.2000e+02 -1.5000e+02 -1.2348e+00
-1.2000e+02 -1.4000e+02 -2.9118e+00
-1.2000e+02 -1.3000e+02 -6.4310e-01
-1.2000e+02 -1.2000e+02 -6.9496e-01
-1.2000e+02 -1.1000e+02 1.5518e+00
-1.2000e+02 -1.0000e+02 3.2909e-01
-1.2000e+02 -9.0000e+01 7.2232e-01
-1.2000e+02 -8.0000e+01 -8.8091e-02
-1.2000e+02 -7.0000e+01 -1.5173e-01
-1.2000e+02 -6.0000e+01 4.9556e-01
-1.2000e+02 -5.0000e+01 -2.0187e+00
-1.2000e+02 -4.0000e+01 7.6804e-01
-1.2000e+02 -3.0000e+01 -1.2526e+00
-1.2000e+02 -2.0000e+01 -2.1012e+00
-1.2000e+02 -1.0000e+01 -2.3554e+00
-1.2000e+02 0.0000e+00 -3.1659e+00
-1.2000e+02 1.0000e+01 -8.8627e-01
-1.2000e+02 2.0000e+01 1.4236e+00
-1.2000e+02 3.0000e+01 -3.9527e+00
-1.2000e+02 4.0000e+01 -9.1133e-01
-1.2000e+02 5.0000e+01 -3.1006e+00
-1.2000e+02 6.0000e+01 -4.8145e-01
-1.2000e+02 7.0000e+01 -2.5634e+00
-1.2000e+02 8.0000e+01 1.3058e-01
-1.2000e+02 9.0000e+01 1.1062e-01
-1.2000e+02 1.0000e+02 3.8428e-01
-1.2000e+02 1.1000e+02 -7.7445e-01
-1.2000e+02 1.2000e+02 -1.3678e+00
-1.2000e+02 1.3000e+02 -8.7999e-01
-1.2000e+02 1.4000e+02 -3.0567e-01
-1.2000e+02 1.5000e+02 1.5591e+00
-1.2000e+02 1.6000e+02 -1.4864e+00
-1.2000e+02 1.7000e+02 9.9032e-01
-1.2000e+02 1.8000e+02 -2.8406e-01
-1.2000e+02 1.9000e+02 1.4401e-01
-1.2000e+02 2.0000e+02 -5.3932e-01
-1.1000e+02 -2.0000e+02 3.5278e-01
-1.1000e+02 -1.9000e+02 2.1202e+00
-1.1000e+02 -1.8000e+02 3.1385e+00
-1.1000e+02 -1.7000e+02 1.9696e+00
-1.1000e+02 -1.6000e+02 4.3145e-01
-1.1000e+02 -1.5000e+02 -1.6561e+00
-1.1000e+02 -1.4000e+02 -2.4474e-01
-1.1000e+02 -1.3000e+02 -1.5942e+00
-1.1000e+02 -1.2000e+02 -1.2578e+00
-1.1000e+02 -1.1000e+02 2.0464e+00
-1.1000e+02 -1.0000e+02 1.6321e+00
-1.1000e+02 -9.0000e+01 -2.1653e-01
-1.1000e+02 -8.0000e+01 -1.3897e+00
-1.1000e+02 -7.0000e+01 -3.0698e-01
-1.1000e+02 -6.0000e+01 -2.5822e+00
-1.1000e+02 -5.0000e+01 -1.3242e+00
-1.1000e+02 -4.0000e+01 -1.5020e+00
-1.1000e+02 -3.0000e+01 -1.2615e+00
-1.1000e+02 -2.0000e+01 -1.4002e+00
-1.1000e+02 -1.0000e+01 -3.0126e+00
-1.1000e+02 0.0000e+00 -3.2847e+00
-1.1000e+02 1.0000e+01 -2.5750e+00
-1.1000e+02 2.0000e+01 -9.7283e-01
-1.1000e+02 3.0000e+01 -4.8623e+00
-1.1000e+02 4.0000e+01 8.7489e-01
-1.1000e+02 5.0000e+01 -1.9327e+00
-1.1000e+02 6.0000e+01 -1.4375e+00
-1.1000e+02 7.0000e+01 9.9566e-01
-1.1000e+02 8.0000e+01 -8.9316e-01
-1.1000e+02 9.0000e+01 -7.6962e-01
-1.1000e+02 1.0000e+02 -1.2105e+00
-1.1000e+02 1.1000e+02 -1.0220e+00
-1.1000e+02 1.2000e+02 5.2470e-03
-1.1000e+02 1.3000e+02 -1.5300e+00
-1.1000e+02 1.4000e+02 -2.1594e-01
-1.1000e+02 1.5000e+02 -1.5058e+00
-1.1000e+02 1.6000e+02 1.1838e-01
-1.1000e+02 1.7000e+02 -2.5554e-01
-1.1000e+02 1.8000e+02 3.6462e-02
-1.1000e+02 1.9000e+02 -1.6003e+00
-1.1000e+02 2.0000e+02 -6.6423e-01
-1.0000e+02 -2.0000e+02 8.4627e-01
-1.0000e+02 -1.9000e+02 -6.8374e-01
-1.0000e+02 -1.8000e+02 1.4820e+00
-1.0000e+02 -1.7000e+02 1.2315e-02
-1.0000e+02 -1.6000e+02 -5.3773e-01
-1.0000e+02 -1.5000e+02 7.2920e-01
-1.0000e+02 -1.4000e+02 -1.8466e+00
-1.0000e+02 -1.3000e+02 -4.3574e-01
-1.0000e+02 -1.2000e+02 -5.3631e-01
-1.0000e+02 -1.1000e+02 2.1678e+00
-1.0000e+02 -1.0000e+02 7.8343e-01
-1.0000e+02 -9.0000e+01 -6.2812e-01
-1.0000e+02 -8.0000e+01 6.4535e-03
-1.0000e+02 -7.0000e+01 -2.9579e+00
-1.0000e+02 -6.0000e+01 -2.6641e+00
-1.0000e+02 -5.0000e+01 6.2680e-01
-1.0000e+02 -4.0000e+01 -5.1060e+00
-1.0000e+02 -3.0000e+01 -4.3352e+00
-1.0000e+02 -2.0000e+01 -4.1211e+00
-1.0000e+02 -1.0000e+01 -1.8746e+00
-1.0000e+02 0.0000e+00 -3.6360e+00
-1.0000e+02 1.0000e+01 -2.9905e+00
-1.0000e+02 2.0000e+01 -1.6319e+00
-1.0000e+02 3.0000e+01 -3.2579e+00
-1.0000e+02 4.0000e+01 -4.0169e+00
-1.0000e+02 5.0000e+01 -2.3910e+00
-1.0000e+02 6.0000e+01 -1.2529e+00
-1.0000e+02 7.0000e+01 -1.5326e-01
-1.0000e+02 8.0000e+01 7.7442e-01
-1.0000e+02 9.0000e+01 -1.0456e+00
-1.0000e+02 1.0000e+02 -3.1918e-01
-1.0000e+02 1.1000e+02 1.0721e+00
-1.0000e+02 1.2000e+02 -5.7056e-01
-1.0000e+02 1.3000e+02 -2.1196e+00
-1.0000e+02 1.4000e+02 -1.7060e-01
-1.0000e+02 1.5000e+02 -2.0492e+00
-1.0000e+02 1.6000e+02 -1.0093e+00
-1.0000e+02 1.7000e+02 -1.6697e+00
-1.0000e+02 1.8000e+02 -2.1023e+00
-1.0000e+02 1.9000e+02 1.0258e+00
-1.0000e+02 2.0000e+02 -1.2944e+00
-9.0000e+01 -2.0000e+02 -1.3402e+00
-9.0000e+01 -1.9000e+02 1.0387e+00
-9.0000e+01 -1.8000e+02 9.1493e-01
-9.0000e+01 -1.7000e+02 7.3880e-01
-9.0000e+01 -1.6000e+02 -3.9570e-01
-9.0000e+01 -1.5000e+02 3.7150e-02
-9.0000e+01 -1.4000e+02 2.8525e-01
-9.0000e+01 -1.3000e+02 -1.2780e+00
-9.0000e+01 -1.2000e+02 -2.0564e+00
-9.0000e+01 -1.1000e+02 -1.5243e+00
-9.0000e+01 -1.0000e+02 -7.6584e-01
-9.0000e+01 -9.0000e+01 -5.1663e-01
-9.0000e+01 -8.0000e+01 -4.2407e+00
-9.0000e+01 -7.0000e+01 -2.6448e-01
-9.0000e+01 -6.0000e+01 -6.8391e-01
-9.0000e+01 -5.0000e+01 -3.5185e+00
-9.0000e+01 -4.0000e+01 -3.7695e+00
-9.0000e+01 -3.0000e+01 -2.9865e+00
-9.0000e+01 -2.0000e+01 -2.5542e+00
-9.0000e+01 -1.0000e+01 -3.2878e+00
-9.0000e+01 0.0000e+00 -4.9198e+00
-9.0000e+01 1.0000e+01 -2.4880e+00
-9.0000e+01 2.0000e+01 -4.4418e+00
-9.0000e+01 3.0000e+01 -4.6633e+00
-9.0000e+01 4.0000e+01 -4.7529e+00
-9.0000e+01 5.0000e+01 -9.7346e-01
-9.0000e+01 6.0000e+01 -2.9400e+00
-9.0000e+01 7.0000e+01 -1.4530e+00
-9.0000e+01 8.0000e+01 -5.1238e+00
-9.0000e+01 9.0000e+01 -3.1133e+00
-9.0000e+01 1.0000e+02 6.3246e-02
-9.0000e+01 1.1000e+02 -5.9143e-01
-9.0000e+01 1.2000e+02 -2.9083e+00
-9.0000e+01 1.3000e+02 3.3932e-01
-9.0000e+01 1.4000e+02 6.8009e-03
-9.0000e+01 1.5000e+02 1.9128e-01
-9.0000e+01 1.6000e+02 -6.1283e-01
-9.0000e+01 1.7000e+02 2.5911e+00
-9.0000e+01 1.8000e+02 -1.7198e+00
-9.0000e+01 1.9000e+02 -1.2056e+00
-9.0000e+01 2.0000e+02 -5.7748e-02
-8.0000e+01 -2.0000e+02 -1.4830e-01
-8.0000e+01 -1.9000e+02 -1.2547e+00
-8.0000e+01 -1.8000e+02 1.3354e+00
-8.0000e+01 -1.7000e+02 -1.0622e-01
-8.0000e+01 -1.6000e+02 -2.6644e+00
-8.0000e+01 -1.5000e+02 1.2173e+00
-8.0000e+01 -1.4000e+02 4.0683e-01
-8.0000e+01 -1.3000e+02 -5.6337e-01
-8.0000e+01 -1.2000e+02 1.8902e+00
-8.0000e+01 -1.1000e+02 -3.2045e-01
-8.0000e+01 -1.0000e+02 -2.7918e+00
-8.0000e+01 -9.0000e+01 -2.0962e+00
-8.0000e+01 -8.0000e+01 -2.0289e+00
-8.0000e+01 -7.0000e+01 -3.7471e+00
-8.0000e+01 -6.0000e+01 -8.4624e-01
-8.0000e+01 -5.0000e+01 -4.1107e+00
-8.0000e+01 -4.0000e+01 -4.8929e+00
-8.0000e+01 -3.0000e+01 -6.1795e+00
-8.0000e+01 -2.0000e+01 -7.7157e+00
-8.0000e+01 -1.0000e+01 -3.3940e+00
-8.0000e+01 0.0000e+00 -6.0622e+00
-8.0000e+01 1.0000e+01 -5.6626e+00
-8.0000e+01 2.0000e+01 -5.3393e+00
-8.0000e+01 3.0000e+01 -3.5428e+00
-8.0000e+01 4.0000e+01 -3.7897e+00
-8.0000e+01 5.0000e+01 -2.7660e+00
-8.0000e+01 6.0000e+01 -3.4749e+00
-8.0000e+01 7.0000e+01 -2.9664e+00
-8.0000e+01 8.0000e+01 -2.6727e+00
-8.0000e+01 9.0000e+01 -3.9247e+00
-8.0000e+01 1.0000e+02 -2.5637e+00
-8.0000e+01 1.1000e+02 5.5519e-01
-8.0000e+01 1.2000e+02 2.7690e+00
-8.0000e+01 1.3000e+02 -4.1808e+00
-8.0000e+01 1.4000e+02 1.6531e+00
-8.0000e+01 1.5000e+02 1.1642e+00
-8.0000e+01 1.6000e+02 2.5950e-01
-8.0000e+01 1.7000e+02 -1.8980e+00
-8.0000e+01 1.8000e+02 -4.4881e-01
-8.0000e+01 1.9000e+02 -1.5350e+00
-8.0000e+01 2.0000e+02 3.0710e+00
-7.0000e+01 -2.0000e+02 -2.5389e+00
-7.0000e+01 -1.9000e+02 -1.7678e-01
-7.0000e+01 -1.8000e+02 1.7856e+00
-7.0000e+01 -1.7000e+02 -9.9497e-01
-7.0000e+01 -1.6000e+02 -1.9914e+00
-7.0000e+01 -1.5000e+02 1.6670e+00
-7.0000e+01 -1.4000e+02 -1.4195e+00
-7.0000e+01 -1.3000e+02 -5.3008e-01
-7.0000e+01 -1.2000e+02 -3.1700e+00
-7.0000e+01 -1.1000e+02 -7.3062e-01
-7.0000e+01 -1.0000e+02 -2.7321e+00
-7.0000e+01 -9.0000e+01 -1.5028e+00
-7.0000e+01 -8.0000e+01 -1.8096e+00
-7.0000e+01 -7.0000e+01 -2.7886e+00
-7.0000e+01 -6.0000e+01 -2.8181e+00
-7.0000e+01 -5.0000e+01 -5.0983e+00
-7.0000e+01 -4.0000e+01 -6.0697e+00
-7.0000e+01 -3.0000e+01 -5.8477e+00
-7.0000e+01 -2.0000e+01 -9.0296e+00
-7.0000e+01 -1.0000e+01 -7.0577e+00
-7.0000e+01 0.0000e+00 -5.5245e+00
-7.0000e+01 1.0000e+01 -6.1431e+00
-7.0000e+01 2.0000e+01 -5.5008e+00
-7.0000e+01 3.0000e+01 -4.7442e+00
-7.0000e+01 4.0000e+01 -6.7699e+00
-7.0000e+01 5.0000e+01 -4.5815e+00
-7.0000e+01 6.0000e+01 -4.1075e+00
-7.0000e+01 7.0000e+01 -1.9368e+00
-7.0000e+01 8.0000e+01 -3.3701e+00
-7.0000e+01 9.0000e+01 -2.2558e+00
-7.0000e+01 1.0000e+02 4.5219e-02
-7.0000e+01 1.1000e+02 -1.0395e+00
-7.0000e+01 1.2000e+02 3.5989e-01
-7.0000e+01 1.3000e+02 -1.9684e+00
-7.0000e+01 1.4000e+02 3.8008e-01
-7.0000e+01 1.5000e+02 2.2706e-01
-7.0000e+01 1.6000e+02 1.1544e-01
-7.0000e+01 1.7000e+02 2.6206e+00
-7.0000e+01 1.8000e+02 -1.2637e+00
-7.0000e+01 1.9000e+02 2.7417e-01
-7.0000e+01 2.0000e+02 -7.8049e-01
-6.0000e+01 -2.0000e+02 1.9468e+00
-6.0000e+01 -1.9000e+02 2.3540e-03
-6.0000e+01 -1.8000e+02 3.8980e-01
-6.0000e+01 -1.7000e+02 -2.5720e+00
-6.0000e+01 -1.6000e+02 -1.3993e+00
-6.0000e+01 -1.5000e+02 1.6402e+00
-6.0000e+01 -1.4000e+02 1.5061e+00
-6.0000e+01 -1.3000e+02 -1.8010e+00
-6.0000e+01 -1.2000e+02 1.6287e+00
-6.0000e+01 -1.1000e+02 -6.3481e-01
-6.0000e+01 -1.0000e+02 3.5353e-01
-6.0000e+01 -9.0000e+01 -2.1573e+00
-6.0000e+01 -8.0000e+01 -3.5770e+00
-6.0000e+01 -7.0000e+01 -5.7010e+00
-6.0000e+01 -6.0000e+01 -6.5730e+00
-6.0000e+01 -5.0000e+01 -4.5583e+00
-6.0000e+01 -4.0000e+01 -4.2430e+00
-6.0000e+01 -3.0000e+01 -9.7500e+00
-6.0000e+01 -2.0000e+01 -8.3852e+00
-6.0000e+01 -1.0000e+01 -8.6550e+00
-6.0000e+01 0.0000e+00 -9.0725e+00
-6.0000e+01 1.0000e+01 -9.6182e+00
-6.0000e+01 2.0000e+01 -3.9641e+00
-6.0000e+01 3.0000e+01 -1.1223e+01
-6.0000e+01 4.0000e+01 -4.8514e+00
-6.0000e+01 5.0000e+01 -8.4482e+00
-6.0000e+01 6.0000e+01 -3.5998e+00
-6.0000e+01 7.0000e+01 -5.2283e+00
-6.0000e+01 8.0000e+01 -2.4156e+00
-6.0000e+01 9.0000e+01 -2.1837e+00
-6.0000e+01 1.0000e+02 8.5197e-02
-6.0000e+01 1.1000e+02 -1.2718e+00
-6.0000e+01 1.2000e+02 -2.6756e+00
-6.0000e+01 1.3000e+02 3.3427e+00
-6.0000e+01 1.4000e+02 -2.9702e+00
-6.0000e+01 1.5000e+02 -1.9988e+00
-6.0000e+01 1.6000e+02 -1.1955e+00
-6.0000e+01 1.7000e+02 -2.6693e+00
-6.0000e+01 1.8000e+02 3.8264e-01
-6.0000e+01 1.9000e+02 7.7499e-01
-6.0000e+01 2.0000e+02 -2.9315e+00
-5.0000e+01 -2.0000e+02 -2.8385e-01
-5.0000e+01 -1.9000e+02 -2.2977e+00
-5.0000e+01 -1.8000e+02 7.3172e-01
-5.0000e+01 -1.7000e+02 5.2631e-02
-5.0000e+01 -1.6000e+02 2.6827e-01
-5.0000e+01 -1.5000e+02 -1.5903e+00
-5.0000e+01 -1.4000e+02 2.2324e+00
-5.0000e+01 -1.3000e+02 -2.0992e-01
-5.0000e+01 -1.2000e+02 6.3976e-01
-5.0000e+01 -1.1000e+02 -2.2868e+00
-5.0000e+01 -1.0000e+02 -1.6747e+00
-5.0000e+01 -9.0000e+01 -3.8706e+00
-5.0000e+01 -8.0000e+01 -1.7420e+00
-5.0000e+01 -7.0000e+01 -5.0616e+00
-5.0000e+01 -6.0000e+01 -6.5161e+00
-5.0000e+01 -5.0000e+01 -7.4831e+00
-5.0000e+01 -4.0000e+01 -8.7032e+00
-5.0000e+01 -3.0000e+01 -9.3172e+00
-5.0000e+01 -2.0000e+01 -1.0278e+01
-5.0000e+01 -1.0000e+01 -1.0229e+01
-5.0000e+01 0.0000e+00 -7.6217e+00
-5.0000e+01 1.0000e+01 -1.0368e+01
-5.0000e+01 2.0000e+01 -7.7566e+00
-5.0000e+01 3.0000e+01 -1.1211e+01
-5.0000e+01 4.0000e+01 -1.0706e+01
-5.0000e+01 5.0000e+01 -4.5663e+00
-5.0000e+01 6.0000e+01 -5.0171e+00
-5.0000e+01 7.0000e+01 -6.5051e+00
-5.0000e+01 8.0000e+01 -3.7706e+00
-5.0000e+01 9.0000e+01 -3.4908e+00
-5.0000e+01 1.0000e+02 -3.4829e+00
-5.0000e+01 1.1000e+02 -2.9760e+00
-5.0000e+01 1.2000e+02 -2.2950e+00
-5.0000e+01 1.3000e+02 5.9667e-01
-5.0000e+01 1.4000e+02 -3.2880e-02
-5.0000e+01 1.5000e+02 -3.6565e+00
-5.0000e+01 1.6000e+02 8.4429e-01
-5.0000e+01 1.7000e+02 -3.8849e-02
-5.0000e+01 1.8000e+02 4.1247e-01
-5.0000e+01 1.9000e+02 -2.3708e-01
-5.0000e+01 2.0000e+02 9.6252e-01
-4.0000e+01 -2.0000e+02 -1.7176e-01
-4.0000e+01 -1.9000e+02 -2.1666e+00
-4.0000e+01 -1.8000e+02 1.3886e+00
-4.0000e+01 -1.7000e+02 -1.7875e+00
-4.0000e+01 -1.6000e+02 -8.9427e-01
-4.0000e+01 -1.5000e+02 -1.4531e+00
-4.0000e+01 -1.4000e+02 -2.6881e+00
-4.0000e+01 -1.3000e+02 -3.4178e+00
-4.0000e+01 -1.2000e+02 -4.2237e+00
-4.0000e+01 -1.1000e+02 -3.1239e+00
-4.0000e+01 -1.0000e+02 -3.6219e+00
-4.0000e+01 -9.0000e+01 -1.1907e+00
-4.0000e+01 -8.0000e+01 -5.8985e+00
-4.0000e+01 -7.0000e+01 -5.4626e+00
-4.0000e+01 -6.0000e+01 -6.7598e+00
-4.0000e+01 -5.0000e+01 -6.5584e+00
-4.0000e+01 -4.0000e+01 -7.9433e+00
-4.0000e+01 -3.0000e+01 -8.5603e+00
-4.0000e+01 -2.0000e+01 -1.0450e+01
-4.0000e+01 -1.0000e+01 -1.1245e+01
-4.0000e+01 0.0000e+00 -1.1850e+01
-4.0000e+01 1.0000e+01 -1.0787e+01
-4.0000e+01 2.0000e+01 -1.1002e+01
-4.0000e+01 3.0000e+01 -9.3338e+00
-4.0000e+01 4.0000e+01 -1.3724e+01
-4.0000e+01 5.0000e+01 -6.3628e+00
-4.0000e+01 6.0000e+01 -5.5802e+00
-4.0000e+01 7.0000e+01 -7.5195e+00
-4.0000e+01 8.0000e+01 -6.0422e+00
-4.0000e+01 9.0000e+01 -3.7331e+00
-4.0000e+01 1.0000e+02 -4.0355e+00
-4.0000e+01 1.1000e+02 -2.0531e+00
-4.0000e+01 1.2000e+02 -2.3806e+00
-4.0000e+01 1.3000e+02 -1.0357e+00
-4.0000e+01 1.4000e+02 3.2612e-01
-4.0000e+01 1.5000e+02 5.2409e-01
-4.0000e+01 1.6000e+02 8.0548e-01
-4.0000e+01 1.7000e+02 -5.5037e-02
-4.0000e+01 1.8000e+02 -2.7970e+00
-4.0000e+01 1.9000e+02 1.6871e+00
-4.0000e+01 2.0000e+02 2.2876e+00
-3.0000e+01 -2.0000e+02 1.6401e+00
-3.0000e+01 -1.9000e+02 2.9390e+00
-3.0000e+01 -1.8000e+02 1.5038e-01
-3.0000e+01 -1.7000e+02 6.8625e-01
-3.0000e+01 -1.6000e+02 -2.2962e+00
-3.0000e+01 -1.5000e+02 -2.6100e+00
-3.0000e+01 -1.4000e+02 -5.3016e-01
-3.0000e+01 -1.3000e+02 -4.3365e-01
-3.0000e+01 -1.2000e+02 -1.2215e-01
-3.0000e+01 -1.1000e+02 -2.4658e+00
-3.0000e+01 -1.0000e+02 -2.4962e+00
-3.0000e+01 -9.0000e+01 -4.3334e+00
-3.0000e+01 -8.0000e+01 -6.0454e+00
-3.0000e+01 -7.0000e+01 -6.6360e+00
-3.0000e+01 -6.0000e+01 -9.3633e+00
-3.0000e+01 -5.0000e+01 -1.0711e+01
-3.0000e+01 -4.0000e+01 -1.0571e+01
-3.0000e+01 -3.0000e+01 -1.3877e+01
-3.0000e+01 -2.0000e+01 -1.1232e+01
-3.0000e+01 -1.0000e+01 -1.2434e+01
-3.0000e+01 0.0000e+00 -9.7061e+00
-3.0000e+01 1.0000e+01 -1.1969e+01
-3.0000e+01 2.0000e+01 -1.1378e+01
-3.0000e+01 3.0000e+01 -1.2600e+01
-3.0000e+01 4.0000e+01 -1.1485e+01
-3.0000e+01 5.0000e+01 -8.7814e+00
-3.0000e+01 6.0000e+01 -5.4640e+00
-3.0000e+01 7.0000e+01 -7.1688e+00
-3.0000e+01 8.0000e+01 -5.6064e+00
-3.0000e+01 9.0000e+01 -3.3800e+00
-3.0000e+01 1.0000e+02 -4.8656e+00
-3.0000e+01 1.1000e+02 -3.2377e+00
-3.0000e+01 1.2000e+02 -1.6877e+00
-3.0000e+01 1.3000e+02 -1.2473e+00
-3.0000e+01 1.4000e+02 2.6295e+00
-3.0000e+01 1.5000e+02 -3.7328e+00
-3.0000e+01 1.6000e+02 -9.6612e-01
-3.0000e+01 1.7000e+02 1.1506e+00
-3.0000e+01 1.8000e+02 6.8437e-01
-3.0000e+01 1.9000e+02 2.4405e+00
-3.0000e+01 2.0000e+02 -1.5178e-01
-2.0000e+01 -2.0000e+02 -1.1201e+00
-2.0000e+01 -1.9000e+02 -2.0131e+00
-2.0000e+01 -1.8000e+02 1.1307e-01
-2.0000e+01 -1.7000e+02 2.3940e+00
-2.0000e+01 -1.6000e+02 -8.5846e-01
-2.0000e+01 -1.5000e+02 -9.4635e-01
-2.0000e+01 -1.4000e+02 -2.1973e+00
-2.0000e+01 -1.3000e+02 -8.1537e-01
-2.0000e+01 -1.2000e+02 -2.2384e+00
-2.0000e+01 -1.1000e+02 -5.8799e-01
-2.0000e+01 -1.0000e+02 -1.4667e+00
-2.0000e+01 -9.0000e+01 -3.0509e+00
-2.0000e+01 -8.0000e+01 -6.8963e+00
-2.0000e+01 -7.0000e+01 -5.9374e+00
-2.0000e+01 -6.0000e+01 -7.7730e+00
-2.0000e+01 -5.0000e+01 -7.0324e+00
-2.0000e+01 -4.0000e+01 -8.5018e+00
-2.0000e+01 -3.0000e+01 -1.4576e+01
-2.0000e+01 -2.0000e+01 -1.1168e+01
-2.0000e+01 -1.0000e+01 -1.4196e+01
-2.0000e+01 0.0000e+00 -1.2657e+01
-2.0000e+01 1.0000e+01 -1.0832e+01
-2.0000e+01 2.0000e+01 -1.1869e+01
-2.0000e+01 3.0000e+01 -1.3721e+01
-2.0000e+01 4.0000e+01 -1.0522e+01
-2.0000e+01 5.0000e+01 -1.0161e+01
-2.0000e+01 6.0000e+01 -6.6027e+00
-2.0000e+01 7.0000e+01 -5.6062e+00
-2.0000e+01 8.0000e+01 -5.5081e+00
-2.0000e+01 9.0000e+01 -4.4991e+00
-2.0000e+01 1.0000e+02 -1.3012e-01
-2.0000e+01 1.1000e+02 -1.8867e+00
-2.0000e+01 1.2000e+02 -1.8527e+00
-2.0000e+01 1.3000e+02 2.1000e+00
-2.0000e+01 1.4000e+02 -1.2961e+00
-2.0000e+01 1.5000e+02 -4.8053e+00
-2.0000e+01 1.6000e+02 1.2014e+00
-2.0000e+01 1.7000e+02 -1.1416e+00
-2.0000e+01 1.8000e+02 9.3569e-01
-2.0000e+01 1.9000e+02 -2.9844e-02
-2.0000e+01 2.0000e+02 -2.5666e+00
-1.0000e+01 -2.0000e+02 5.9294e-01
-1.0000e+01 -1.9000e+02 -2.8229e+00
-1.0000e+01 -1.8000e+02 1.3656e+00
-1.0000e+01 -1.7000e+02 -3.6866e-01
-1.0000e+01 -1.6000e+02 -1.2055e+00
-1.0000e+01 -1.5000e+02 1.6836e+00
-1.0000e+01 -1.4000e+02 -7.8398e-01
-1.0000e+01 -1.3000e+02 -1.3235e-01
-1.0000e+01 -1.2000e+02 -1.6340e+00
-1.0000e+01 -1.1000e+02 -1.6338e+00
-1.0000e+01 -1.0000e+02 -1.5393e+00
-1.0000e+01 -9.0000e+01 -5.1921e+00
-1.0000e+01 -8.0000e+01 -5.0906e+00
-1.0000e+01 -7.0000e+01 -7.0326e+00
-1.0000e+01 -6.0000e+01 -7.0784e+00
-1.0000e+01 -5.0000e+01 -1.2024e+01
-1.0000e+01 -4.0000e+01 -1.5208e+01
-1.0000e+01 -3.0000e+01 -1.4851e+01
-1.0000e+01 -2.0000e+01 -1.4700e+01
-1.0000e+01 -1.0000e+01 -1.3941e+01
-1.0000e+01 0.0000e+00 -1.5095e+01
-1.0000e+01 1.0000e+01 -1.6563e+01
-1.0000e+01 2.0000e+01 -1.3470e+01
-1.0000e+01 3.0000e+01 -1.3267e+01
-1.0000e+01 4.0000e+01 -1.1092e+01
-1.0000e+01 5.0000e+01 -9.1708e+00
-1.0000e+01 6.0000e+01 -9.2828e+00
-1.0000e+01 7.0000e+01 -7.1489e+00
-1.0000e+01 8.0000e+01 -7.0097e+00
-1.0000e+01 9.0000e+01 -3.5494e+00
-1.0000e+01 1.0000e+02 -2.6756e+00
-1.0000e+01 1.1000e+02 -1.0543e+00
-1.0000e+01 1.2000e+02 -3.0642e+00
-1.0000e+01 1.3000e+02 -9.2770e-01
-1.0000e+01 1.4000e+02 -2.7841e+00
-1.0000e+01 1.5000e+02 8.0367e-01
-1.0000e+01 1.6000e+02 -1.3832e-02
-1.0000e+01 1.7000e+02 1.1055e+00
-1.0000e+01 1.8000e+02 5.4700e-01
-1.0000e+01 1.9000e+02 -4.6953e-01
-1.0000e+01 2.0000e+02 -7.1865e-01
0.0000e+00 -2.0000e+02 -8.9969e-01
0.0000e+00 -1.9000e+02 1.8984e+00
0.0000e+00 -1.8000e+02 -7.3428e-01
0.0000e+00 -1.7000e+02 -1.2127e-01
0.0000e+00 -1.6000e+02 1.3009e+00
0.0000e+00 -1.5000e+02 -3.4160e+00
0.0000e+00 -1.4000e+02 -4.0873e+00
0.0000e+00 -1.3000e+02 -2.6112e+00
0.0000e+00 -1.2000e+02 -2.2015e+00
0.0000e+00 -1.1000e+02 -2.7858e+00
0.0000e+00 -1.0000e+02 -5.3952e+00
0.0000e+00 -9.0000e+01 -6.3402e+00
0.0000e+00 -8.0000e+01 -4.6212e+00
0.0000e+00 -7.0000e+01 -5.8839e+00
0.0000e+00 -6.0000e+01 -7.1608e+00
0.0000e+00 -5.0000e+01 -1.1462e+01
0.0000e+00 -4.0000e+01 -1.1484e+01
0.0000e+00 -3.0000e+01 -1.0542e+01
0.0000e+00 -2.0000e+01 -1.6435e+01
0.0000e+00 -1.0000e+01 -1.5807e+01
0.0000e+00 0.0000e+00 -1.7376e+01
0.0000e+00 1.0000e+01 -1.3748e+01
0.0000e+00 2.0000e+01 -1.3375e+01
0.0000e+00 3.0000e+01 -1.1906e+01
0.0000e+00 4.0000e+01 -1.3348e+01
0.0000e+00 5.0000e+01 -1.0396e+01
0.0000e+00 6.0000e+01 -6.6152e+00
0.0000e+00 7.0000e+01 -8.8303e+00
0.0000e+00 8.0000e+01 -6.9384e+00
0.0000e+00 9.0000e+01 -2.7419e+00
0.0000e+00 1.0000e+02 -4.2019e+00
0.0000e+00 1.1000e+02 -2.7677e+00
0.0000e+00 1.2000e+02 -3.6762e-01
0.0000e+00 1.3000e+02 -1.0986e+00
0.0000e+00 1.4000e+02 -1.1497e+00
0.0000e+00 1.5000e+02 6.8404e-01
0.0000e+00 1.6000e+02 -7.5965e-01
0.0000e+00 1.7000e+02 1.0704e+00
0.0000e+00 1.8000e+02 -7.3877e-01
0.0000e+00 1.9000e+02 -4.7717e-01
0.0000e+00 2.0000e+02 1.3460e+00
1.0000e+01 -2.0000e+02 -1.0206e+00
1.0000e+01 -1.9000e+02 1.2163e+00
1.0000e+01 -1.8000e+02 -3.2002e+00
1.0000e+01 -1.7000e+02 1.7730e+00
1.0000e+01 -1.6000e+02 -1.6577e+00
1.0000e+01 -1.5000e+02 -2.7118e+00
1.0000e+01 -1.4000e+02 -1.9576e+00
1.0000e+01 -1.3000e+02 -2.7534e+00
1.0000e+01 -1.2000e+02 -1.6402e+00
1.0000e+01 -1.1000e+02 -3.0115e+00
1.0000e+01 -1.0000e+02 -1.7811e+00
1.0000e+01 -9.0000e+01 -3.0714e+00
1.0000e+01 -8.0000e+01 -6.4746e+00
1.0000e+01 -7.0000e+01 -5.9437e+00
1.0000e+01 -6.0000e+01 -9.2096e+00
1.0000e+01 -5.0000e+01 -1.0910e+01
1.0000e+01 -4.0000e+01 -1.4113e+01
1.0000e+01 -3.0000e+01 -1.1898e+01
1.0000e+01 -2.0000e+01 -1.3140e+01
1.0000e+01 -1.0000e+01 -1.5465e+01
1.0000e+01 0.0000e+00 -1.3741e+01
1.0000e+01 1.0000e+01 -1.4610e+01
1.0000e+01 2.0000e+01 -1.7466e+01
1.0000e+01 3.0000e+01 -1.2537e+01
1.0000e+01 4.0000e+01 -1.0799e+01
1.0000e+01 5.0000e+01 -1.1861e+01
1.0000e+01 6.0000e+01 -9.9821e+00
1.0000e+01 7.0000e+01 -7.1851e+00
1.0000e+01 8.0000e+01 -4.8026e+00
1.0000e+01 9.0000e+01 -3.4587e+00
1.0000e+01 1.0000e+02 -1.6246e+00
1.0000e+01 1.1000e+02 -1.9998e+00
1.0000e+01 1.2000e+02 -2.8114e+00
1.0000e+01 1.3000e+02 -8.5143e-01
1.0000e+01 1.4000e+02 4.5927e-01
1.0000e+01 1.5000e+02 -2.7925e+00
1.0000e+01 1.6000e+02 4.5704e-02
1.0000e+01 1.7000e+02 4.3358e-01
1.0000e+01 1.8000e+02 7.8756e-02
1.0000e+01 1.9000e+02 3.1363e-01
1.0000e+01 2.0000e+02 2.0197e+00
2.0000e+01 -2.0000e+02 -2.8769e+00
2.0000e+01 -1.9000e+02 -5.3368e-01
2.0000e+01 -1.8000e+02 1.7103e+00
2.0000e+01 -1.7000e+02 -9.6792e-01
2.0000e+01 -1.6000e+02 -1.7015e+00
2.0000e+01 -1.5000e+02 -1.2795e+00
2.0000e+01 -1.4000e+02 -9.0947e-01
2.0000e+01 -1.3000e+02 -1.6256e+00
2.0000e+01 -1.2000e+02 -1.9158e+00
2.0000e+01 -1.1000e+02 6.0308e-01
2.0000e+01 -1.0000e+02 -1.7269e-01
2.0000e+01 -9.0000e+01 -2.6519e+00
2.0000e+01 -8.0000e+01 -6.0184e+00
2.0000e+01 -7.0000e+01 -4.5918e+00
2.0000e+01 -6.0000e+01 -6.7288e+00
2.0000e+01 -5.0000e+01 -1.0478e+01
2.0000e+01 -4.0000e+01 -1.1126e+01
2.0000e+01 -3.0000e+01 -1.5211e+01
2.0000e+01 -2.0000e+01 -1.3741e+01
2.0000e+01 -1.0000e+01 -1.4911e+01
2.0000e+01 0.0000e+00 -1.7223e+01
2.0000e+01 1.0000e+01 -1.4239e+01
2.0000e+01 2.0000e+01 -1.3564e+01
2.0000e+01 3.0000e+01 -1.2359e+01
2.0000e+01 4.0000e+01 -9.2888e+00
2.0000e+01 5.0000e+01 -8.4433e+00
2.0000e+01 6.0000e+01 -9.4853e+00
2.0000e+01 7.0000e+01 -6.6227e+00
2.0000e+01 8.0000e+01 -5.8006e+00
2.0000e+01 9.0000e+01 -5.0756e+00
2.0000e+01 1.0000e+02 -2.7642e+00
2.0000e+01 1.1000e+02 -1.2463e+00
2.0000e+01 1.2000e+02 -4.1321e+00
2.0000e+01 1.3000e+02 -1.5164e+00
2.0000e+01 1.4000e+02 3.0820e-01
2.0000e+01 1.5000e+02 -1.8110e+00
2.0000e+01 1.6000e+02 -2.4720e+00
2.0000e+01 1.7000e+02 -7.3756e-01
2.0000e+01 1.8000e+02 3.1485e+00
2.0000e+01 1.9000e+02 1.0998e+00
2.0000e+01 2.0000e+02 1.1289e+00
3.0000e+01 -2.0000e+02 -7.5622e-01
3.0000e+01 -1.9000e+02 3.0813e-02
3.0000e+01 -1.8000e+02 -1.7907e+00
3.0000e+01 -1.7000e+02 6.8827e-01
3.0000e+01 -1.6000e+02 5.7351e-01
3.0000e+01 -1.5000e+02 1.0787e-01
3.0000e+01 -1.4000e+02 -9.5093e-01
3.0000e+01 -1.3000e+02 -2.0733e+00
3.0000e+01 -1.2000e+02 -3.3124e-01
3.0000e+01 -1.1000e+02 -1.9502e-01
3.0000e+01 -1.0000e+02 -1.9252e+00
3.0000e+01 -9.0000e+01 -6.1178e+00
3.0000e+01 -8.0000e+01 -5.5011e+00
3.0000e+01 -7.0000e+01 -7.0960e+00
3.0000e+01 -6.0000e+01 -6.6562e+00
3.0000e+01 -5.0000e+01 -1.0140e+01
3.0000e+01 -4.0000e+01 -9.0791e+00
3.0000e+01 -3.0000e+01 -1.3338e+01
3.0000e+01 -2.0000e+01 -1.3475e+01
3.0000e+01 -1.0000e+01 -1.2792e+01
3.0000e+01 0.0000e+00 -1.1850e+01
3.0000e+01 1.0000e+01 -1.2014e+01
3.0000e+01 2.0000e+01 -1.0795e+01
3.0000e+01 3.0000e+01 -1.3431e+01
3.0000e+01 4.0000e+01 -7.6832e+00
3.0000e+01 5.0000e+01 -9.8777e+00
3.0000e+01 6.0000e+01 -6.5895e+00
3.0000e+01 7.0000e+01 -5.7089e+00
3.0000e+01 8.0000e+01 -3.3796e+00
3.0000e+01 9.0000e+01 -1.0963e+00
3.0000e+01 1.0000e+02 -4.3785e+00
3.0000e+01 1.1000e+02 -2.2788e+00
3.0000e+01 1.2000e+02 -9.7684e-01
3.0000e+01 1.3000e+02 -1.4055e+00
3.0000e+01 1.4000e+02 -4.5273e-01
3.0000e+01 1.5000e+02 1.7472e+00
3.0000e+01 1.6000e+02 -1.7497e+00
3.0000e+01 1.7000e+02 4.5716e-01
3.0000e+01 1.8000e+02 1.3580e+00
3.0000e+01 1.9000e+02 -1.7938e+00
3.0000e+01 2.0000e+02 1.4458e+00
4.0000e+01 -2.0000e+02 2.8934e+00
4.0000e+01 -1.9000e+02 1.3271e+00
4.0000e+01 -1.8000e+02 -7.3607e-01
4.0000e+01 -1.7000e+02 -6.2074e-01
4.0000e+01 -1.6000e+02 -1.7607e+00
4.0000e+01 -1.5000e+02 1.6273e-01
4.0000e+01 -1.4000e+02 3.6812e-01
4.0000e+01 -1.3000e+02 -1.1215e+00
4.0000e+01 -1.2000e+02 -3.3992e+00
4.0000e+01 -1.1000e+02 -1.7040e+00
4.0000e+01 -1.0000e+02 -4.6991e-01
4.0000e+01 -9.0000e+01 -3.3788e+00
4.0000e+01 -8.0000e+01 -1.6112e+00
4.0000e+01 -7.0000e+01 -5.0185e+00
4.0000e+01 -6.0000e+01 -2.5806e+00
4.0000e+01 -5.0000e+01 -8.7411e+00
4.0000e+01 -4.0000e+01 -1.0147e+01
4.0000e+01 -3.0000e+01 -1.2286e+01
4.0000e+01 -2.0000e+01 -1.1410e+01
4.0000e+01 -1.0000e+01 -9.8297e+00
4.0000e+01 0.0000e+00 -9.7209e+00
4.0000e+01 1.0000e+01 -1.1089e+01
4.0000e+01 2.0000e+01 -9.9572e+00
4.0000e+01 3.0000e+01 -8.5898e+00
4.0000e+01 4.0000e+01 -3.6957e+00
4.0000e+01 5.0000e+01 -1.0662e+01
4.0000e+01 6.0000e+01 -6.9536e+00
4.0000e+01 7.0000e+01 -8.3492e+00
4.0000e+01 8.0000e+01 -5.8801e+00
4.0000e+01 9.0000e+01 -4.4247e+00
4.0000e+01 1.0000e+02 -3.2921e+00
4.0000e+01 1.1000e+02 -6.9749e-02
4.0000e+01 1.2000e+02 1.3184e+00
4.0000e+01 1.3000e+02 -1.0048e+00
4.0000e+01 1.4000e+02 5.2710e-02
4.0000e+01 1.5000e+02 -8.5783e-01
4.0000e+01 1.6000e+02 9.2350e-01
4.0000e+01 1.7000e+02 1.2156e+00
4.0000e+01 1.8000e+02 -1.9518e+00
4.0000e+01 1.9000e+02 -1.2454e+00
4.0000e+01 2.0000e+02 -1.0378e+00
5.0000e+01 -2.0000e+02 1.1257e+00
5.0000e+01 -1.9000e+02 8.3415e-01
5.0000e+01 -1.8000e+02 -3.0584e-01
5.0000e+01 -1.7000e+02 3.0269e+00
5.0000e+01 -1.6000e+02 2.5548e-01
5.0000e+01 -1.5000e+02 6.4965e-02
5.0000e+01 -1.4000e+02 -2.0928e+00
5.0000e+01 -1.3000e+02 -2.3199e+00
5.0000e+01 -1.2000e+02 -2.1808e+00
5.0000e+01 -1.1000e+02 -9.8657e-01
5.0000e+01 -1.0000e+02 2.6440e-01
5.0000e+01 -9.0000e+01 -2.4641e+00
5.0000e+01 -8.0000e+01 -4.9213e+00
5.0000e+01 -7.0000e+01 -6.1760e+00
5.0000e+01 -6.0000e+01 -2.2815e+00
5.0000e+01 -5.0000e+01 -6.8464e+00
5.0000e+01 -4.0000e+01 -7.9408e+00
5.0000e+01 -3.0000e+01 -8.6420e+00
5.0000e+01 -2.0000e+01 -1.0572e+01
5.0000e+01 -1.0000e+01 -9.6986e+00
5.0000e+01 0.0000e+00 -1.0965e+01
5.0000e+01 1.0000e+01 -7.6937e+00
5.0000e+01 2.0000e+01 -1.1726e+01
5.0000e+01 3.0000e+01 -6.7864e+00
5.0000e+01 4.0000e+01 -8.5957e+00
5.0000e+01 5.0000e+01 -3.7048e+00
5.0000e+01 6.0000e+01 -5.0378e+00
5.0000e+01 7.0000e+01 -5.0212e+00
5.0000e+01 8.0000e+01 -5.8190e+00
5.0000e+01 9.0000e+01 -4.0230e+00
5.0000e+01 1.0000e+02 -1.6397e+00
5.0000e+01 1.1000e+02 2.0244e-01
5.0000e+01 1.2000e+02 5.8680e-01
5.0000e+01 1.3000e+02 -1.6822e+00
5.0000e+01 1.4000e+02 1.0690e+00
5.0000e+01 1.5000e+02 3.9353e-01
5.0000e+01 1.6000e+02 -2.9174e+00
5.0000e+01 1.7000e+02 2.6301e+00
5.0000e+01 1.8000e+02 -6.7511e-01
5.0000e+01 1.9000e+02 -8.6961e-01
5.0000e+01 2.0000e+02 -2.0860e+00
6.0000e+01 -2.0000e+02 -4.2410e-01
6.0000e+01 -1.9000e+02 -4.2911e-01
6.0000e+01 -1.8000e+02 -1.4772e+00
6.0000e+01 -1.7000e+02 4.8252e-01
6.0000e+01 -1.6000e+02 -9.8673e-01
6.0000e+01 -1.5000e+02 1.0981e+00
6.0000e+01 -1.4000e+02 -2.0532e+00
6.0000e+01 -1.3000e+02 -2.2328e+00
6.0000e+01 -1.2000e+02 -3.2685e+00
6.0000e+01 -1.1000e+02 1.0018e+00
6.0000e+01 -1.0000e+02 -2.8823e+00
6.0000e+01 -9.0000e+01 -2.8985e+00
6.0000e+01 -8.0000e+01 -3.6515e+00
6.0000e+01 -7.0000e+01 -4.2958e+00
6.0000e+01 -6.0000e+01 -4.9858e+00
6.0000e+01 -5.0000e+01 -5.3244e+00
6.0000e+01 -4.0000e+01 -3.7280e+00
6.0000e+01 -3.0000e+01 -7.0352e+00
6.0000e+01 -2.0000e+01 -7.2165e+00
6.0000e+01 -1.0000e+01 -7.7107e+00
6.0000e+01 0.0000e+00 -7.5571e+00
6.0000e+01 1.0000e+01 -9.0256e+00
6.0000e+01 2.0000e+01 -9.4727e+00
6.0000e+01 3.0000e+01 -8.6248e+00
6.0000e+01 4.0000e+01 -6.7445e+00
6.0000e+01 5.0000e+01 -3.6501e+00
6.0000e+01 6.0000e+01 -5.1668e+00
6.0000e+01 7.0000e+01 -3.8021e+00
6.0000e+01 8.0000e+01 -3.8943e+00
6.0000e+01 9.0000e+01 -1.6810e+00
6.0000e+01 1.0000e+02 -2.0010e+00
6.0000e+01 1.1000e+02 -2.3435e+00
6.0000e+01 1.2000e+02 -3.0713e+00
6.0000e+01 1.3000e+02 -2.3085e-01
6.0000e+01 1.4000e+02 -3.8465e+00
6.0000e+01 1.5000e+02 2.5506e+00
6.0000e+01 1.6000e+02 -2.9216e+00
6.0000e+01 1.7000e+02 -6.3643e-01
6.0000e+01 1.8000e+02 -1.2141e-01
6.0000e+01 1.9000e+02 -2.5418e+00
6.0000e+01 2.0000e+02 1.6677e-01
7.0000e+01 -2.0000e+02 1.0542e-01
7.0000e+01 -1.9000e+02 -4.0713e+00
7.0000e+01 -1.8000e+02 -3.5146e+00
7.0000e+01 -1.7000e+02 5.5010e-03
7.0000e+01 -1.6000e+02 1.4713e+00
7.0000e+01 -1.5000e+02 2.6447e+00
7.0000e+01 -1.4000e+02 -2.0273e+00
7.0000e+01 -1.3000e+02 -2.3804e+00
7.0000e+01 -1.2000e+02 -2.1903e+00
7.0000e+01 -1.1000e+02 -1.5114e+00
7.0000e+01 -1.0000e+02 -1.5729e+00
7.0000e+01 -9.0000e+01 -1.0582e+00
7.0000e+01 -8.0000e+01 -2.9770e+00
7.0000e+01 -7.0000e+01 -3.5644e+00
7.0000e+01 -6.0000e+01 -3.6899e+00
7.0000e+01 -5.0000e+01 -6.6882e+00
7.0000e+01 -4.0000e+01 -4.5389e+00
7.0000e+01 -3.0000e+01 -4.3406e+00
7.0000e+01 -2.0000e+01 -7.2001e+00
7.0000e+01 -1.0000e+01 -9.7656e+00
7.0000e+01 0.0000e+00 -5.6955e+00
7.0000e+01 1.0000e+01 -7.1994e+00
7.0000e+01 2.0000e+01 -8.0791e+00
7.0000e+01 3.0000e+01 -5.9128e+00
7.0000e+01 4.0000e+01 -5.5309e+00
7.0000e+01 5.0000e+01 -5.1188e+00
7.0000e+01 6.0000e+01 -5.2278e+00
7.0000e+01 7.0000e+01 -3.6789e+00
7.0000e+01 8.0000e+01 -2.0036e+00
7.0000e+01 9.0000e+01 -2.6070e+00
7.0000e+01 1.0000e+02 -6.2446e-01
7.0000e+01 1.1000e+02 -2.4229e+00
7.0000e+01 1.2000e+02 3.4094e-01
7.0000e+01 1.3000e+02 -1.8209e-01
7.0000e+01 1.4000e+02 -2.7969e+00
7.0000e+01 1.5000e+02 -1.3025e+00
7.0000e+01 1.6000e+02 -1.2260e+00
7.0000e+01 1.7000e+02 -2.1025e-01
7.0000e+01 1.8000e+02 1.9196e+00
7.0000e+01 1.9000e+02 -9.8571e-01
7.0000e+01 2.0000e+02 1.5035e+00
8.0000e+01 -2.0000e+02 -1.8138e+00
8.0000e+01 -1.9000e+02 2.5809e+00
8.0000e+01 -1.8000e+02 -2.0122e-01
8.0000e+01 -1.7000e+02 1.8739e-01
8.0000e+01 -1.6000e+02 6.7944e-01
8.0000e+01 -1.5000e+02 -1.0141e+00
8.0000e+01 -1.4000e+02 -1.2402e+00
8.0000e+01 -1.3000e+02 -3.9520e-01
8.0000e+01 -1.2000e+02 -3.4143e+00
8.0000e+01 -1.1000e+02 7.5212e-01
8.0000e+01 -1.0000e+02 -3.2549e+00
8.0000e+01 -9.0000e+01 -9.5300e-01
8.0000e+01 -8.0000e+01 -1.8475e+00
8.0000e+01 -7.0000e+01 -5.8119e+00
8.0000e+01 -6.0000e+01 -5.7953e+00
8.0000e+01 -5.0000e+01 -4.8116e+00
8.0000e+01 -4.0000e+01 -5.3050e+00
8.0000e+01 -3.0000e+01 -5.7235e+00
8.0000e+01 -2.0000e+01 -4.3119e+00
8.0000e+01 -1.0000e+01 -6.2278e+00
8.0000e+01 0.0000e+00 -5.2322e+00
8.0000e+01 1.0000e+01 -7.0234e+00
8.0000e+01 2.0000e+01 -5.1700e+00
8.0000e+01 3.0000e+01 -6.0240e+00
8.0000e+01 4.0000e+01 -9.9934e-01
8.0000e+01 5.0000e+01 -3.3646e+00
8.0000e+01 6.0000e+01 -2.8163e+00
8.0000e+01 7.0000e+01 -4.1913e+00
8.0000e+01 8.0000e+01 -1.3831e+00
8.0000e+01 9.0000e+01 -1.2887e+00
8.0000e+01 1.0000e+02 -1.1302e+00
8.0000e+01 1.1000e+02 -1.2005e+00
8.0000e+01 1.2000e+02 -3.8838e+00
8.0000e+01 1.3000e+02 3.3329e-01
8.0000e+01 1.4000e+02 -7.3549e-01
8.0000e+01 1.5000e+02 2.3261e-02
8.0000e+01 1.6000e+02 -9.4765e-01
8.0000e+01 1.7000e+02 3.4747e-01
8.0000e+01 1.8000e+02 2.0296e-01
8.0000e+01 1.9000e+02 -5.5605e-01
8.0000e+01 2.0000e+02 7.5332e-01
9.0000e+01 -2.0000e+02 -7.2427e-01
9.0000e+01 -1.9000e+02 -5.1180e-01
9.0000e+01 -1.8000e+02 -7.2255e-01
9.0000e+01 -1.7000e+02 -1.7723e-01
9.0000e+01 -1.6000e+02 3.1410e-04
9.0000e+01 -1.5000e+02 1.5639e+00
9.0000e+01 -1.4000e+02 -9.8819e-01
9.0000e+01 -1.3000e+02 1.8436e+00
9.0000e+01 -1.2000e+02 1.2930e+00
9.0000e+01 -1.1000e+02 -6.2305e-01
9.0000e+01 -1.0000e+02 -2.2392e+00
9.0000e+01 -9.0000e+01 -1.1345e-01
9.0000e+01 -8.0000e+01 -2.9105e+00
9.0000e+01 -7.0000e+01 1.4336e-01
9.0000e+01 -6.0000e+01 -1.7526e-01
9.0000e+01 -5.0000e+01 -1.2383e+00
9.0000e+01 -4.0000e+01 -2.1248e+00
9.0000e+01 -3.0000e+01 -4.1155e-01
9.0000e+01 -2.0000e+01 -3.0652e+00
9.0000e+01 -1.0000e+01 -4.0758e+00
9.0000e+01 0.0000e+00 -4.9566e+00
9.0000e+01 1.0000e+01 -2.9255e+00
9.0000e+01 2.0000e+01 -3.0973e+00
9.0000e+01 3.0000e+01 -2.7357e+00
9.0000e+01 4.0000e+01 -8.8839e-01
9.0000e+01 5.0000e+01 -5.3969e+00
9.0000e+01 6.0000e+01 -3.6613e+00
9.0000e+01 7.0000e+01 -1.5062e-01
9.0000e+01 8.0000e+01 -1.7637e+00
9.0000e+01 9.0000e+01 1.6213e-02
9.0000e+01 1.0000e+02 -1.5477e+00
9.0000e+01 1.1000e+02 -3.8271e-01
9.0000e+01 1.2000e+02 -2.3870e+00
9.0000e+01 1.3000e+02 1.6180e+00
9.0000e+01 1.4000e+02 -1.1885e+00
9.0000e+01 1.5000e+02 -2.0673e+00
9.0000e+01 1.6000e+02 -2.4683e+00
9.0000e+01 1.7000e+02 3.0971e-01
9.0000e+01 1.8000e+02 -1.2238e+00
9.0000e+01 1.9000e+02 -2.3954e+00
9.0000e+01 2.0000e+02 7.0819e-01
1.0000e+02 -2.0000e+02 8.4944e-01
1.0000e+02 -1.9000e+02 -1.2852e+00
1.0000e+02 -1.8000e+02 -2.0898e+00
1.0000e+02 -1.7000e+02 -2.1878e+00
1.0000e+02 -1.6000e+02 3.3195e-01
1.0000e+02 -1.5000e+02 6.2009e-01
1.0000e+02 -1.4000e+02 -1.5662e+00
1.0000e+02 -1.3000e+02 -6.5693e-01
1.0000e+02 -1.2000e+02 -1.0755e+00
1.0000e+02 -1.1000e+02 -4.5264e-02
1.0000e+02 -1.0000e+02 -7.7066e-01
1.0000e+02 -9.0000e+01 -1.7881e-01
1.0000e+02 -8.0000e+01 -3.7583e+00
1.0000e+02 -7.0000e+01 -5.8373e-01
1.0000e+02 -6.0000e+01 -8.9168e-01
1.0000e+02 -5.0000e+01 -4.4194e-01
1.0000e+02 -4.0000e+01 -2.9344e+00
1.0000e+02 -3.0000e+01 -2.6568e+00
1.0000e+02 -2.0000e+01 -2.6419e+00
1.0000e+02 -1.0000e+01 -3.4250e+00
1.0000e+02 0.0000e+00 -4.3160e+00
1.0000e+02 1.0000e+01 -6.0780e+00
1.0000e+02 2.0000e+01 -3.5469e+00
1.0000e+02 3.0000e+01 -1.2800e+00
1.0000e+02 4.0000e+01 -3.1747e+00
1.0000e+02 5.0000e+01 -2.3297e+00
1.0000e+02 6.0000e+01 -1.1570e+00
1.0000e+02 7.0000e+01 1.5972e+00
1.0000e+02 8.0000e+01 -3.2056e+00
1.0000e+02 9.0000e+01 -2.2358e+00
1.0000e+02 1.0000e+02 9.8659e-01
1.0000e+02 1.1000e+02 -4.3456e-02
1.0000e+02 1.2000e+02 -1.6841e-01
1.0000e+02 1.3000e+02 -1.0739e-01
1.0000e+02 1.4000e+02 2.2772e+00
1.0000e+02 1.5000e+02 9.4011e-01
1.0000e+02 1.6000e+02 3.4951e+00
1.0000e+02 1.7000e+02 -1.2675e+00
1.0000e+02 1.8000e+02 -1.1337e+00
1.0000e+02 1.9000e+02 -4.3552e-01
1.0000e+02 2.0000e+02 -1.2446e+00
1.1000e+02 -2.0000e+02 2.1700e+00
1.1000e+02 -1.9000e+02 1.1104e-01
1.1000e+02 -1.8000e+02 -1.3305e+00
1.1000e+02 -1.7000e+02 -7.8623e-01
1.1000e+02 -1.6000e+02 1.0912e+00
1.1000e+02 -1.5000e+02 1.9358e+00
1.1000e+02 -1.4000e+02 -8.4853e-01
1.1000e+02 -1.3000e+02 1.4439e+00
1.1000e+02 -1.2000e+02 8.3293e-01
1.1000e+02 -1.1000e+02 -5.6360e-01
1.1000e+02 -1.0000e+02 -9.4455e-01
1.1000e+02 -9.0000e+01 8.2062e-01
1.1000e+02 -8.0000e+01 6.1623e-01
1.1000e+02 -7.0000e+01 4.8646e-01
1.1000e+02 -6.0000e+01 -2.6808e+00
1.1000e+02 -5.0000e+01 -2.0541e+00
1.1000e+02 -4.0000e+01 1.9165e-01
1.1000e+02 -3.0000e+01 -2.0949e+00
1.1000e+02 -2.0000e+01 -1.8399e+00
1.1000e+02 -1.0000e+01 -2.9593e+00
1.1000e+02 0.0000e+00 -7.9572e-01
1.1000e+02 1.0000e+01 -2.2183e+00
1.1000e+02 2.0000e+01 -2.1742e+00
1.1000e+02 3.0000e+01 -1.5386e+00
1.1000e+02 4.0000e+01 5.7469e-01
1.1000e+02 5.0000e+01 -3.9778e+00
1.1000e+02 6.0000e+01 -1.8175e+00
1.1000e+02 7.0000e+01 -1.9182e+00
1.1000e+02 8.0000e+01 -1.1613e+00
1.1000e+02 9.0000e+01 -1.2883e+00
1.1000e+02 1.0000e+02 -1.6112e+00
1.1000e+02 1.1000e+02 -2.5081e+00
1.1000e+02 1.2000e+02 -5.4081e-01
1.1000e+02 1.3000e+02 -4.4058e+00
1.1000e+02 1.4000e+02 -2.3746e+00
1.1000e+02 1.5000e+02 4.8500e-01
1.1000e+02 1.6000e+02 -1.7472e+00
1.1000e+02 1.7000e+02 4.8275e-01
1.1000e+02 1.8000e+02 8.9007e-02
1.1000e+02 1.9000e+02 -2.3771e+00
1.1000e+02 2.0000e+02 1.0309e+00
1.2000e+02 -2.0000e+02 6.0868e-01
1.2000e+02 -1.9000e+02 -1.7456e+00
1.2000e+02 -1.8000e+02 -1.8971e+00
1.2000e+02 -1.7000e+02 1.8536e+00
1.2000e+02 -1.6000e+02 3.7745e-01
1.2000e+02 -1.5000e+02 -1.9645e-01
1.2000e+02 -1.4000e+02 -4.0676e-01
1.2000e+02 -1.3000e+02 1.1104e+00
1.2000e+02 -1.2000e+02 2.0084e+00
1.2000e+02 -1.1000e+02 -5.9567e-01
1.2000e+02 -1.0000e+02 -6.8426e-01
1.2000e+02 -9.0000e+01 2.5723e+00
1.2000e+02 -8.0000e+01 3.3021e-02
1.2000e+02 -7.0000e+01 -3.6485e+00
1.2000e+02 -6.0000e+01 -9.7036e-01
1.2000e+02 -5.0000e+01 1.2668e+00
1.2000e+02 -4.0000e+01 -2.2969e+00
1.2000e+02 -3.0000e+01 -1.0714e-01
1.2000e+02 -2.0000e+01 -4.4939e+00
1.2000e+02 -1.0000e+01 -2.8096e+00
1.2000e+02 0.0000e+00 1.3625e-01
1.2000e+02 1.0000e+01 -1.3542e+00
1.2000e+02 2.0000e+01 -2.8119e+00
1.2000e+02 3.0000e+01 -1.5526e+00
1.2000e+02 4.0000e+01 3.9395e-01
1.2000e+02 5.0000e+01 -1.5974e+00
1.2000e+02 6.0000e+01 -9.5301e-01
1.2000e+02 7.0000e+01 2.8821e-01
1.2000e+02 8.0000e+01 2.2253e-01
1.2000e+02 9.0000e+01 2.3659e+00
1.2000e+02 1.0000e+02 -6.9811e-01
1.2000e+02 1.1000e+02 4.5657e-02
1.2000e+02 1.2000e+02 1.1414e+00
1.2000e+02 1.3000e+02 2.0506e+00
1.2000e+02 1.4000e+02 1.3545e+00
1.2000e+02 1.5000e+02 9.6455e-01
1.2000e+02 1.6000e+02 -4.3767e-01
1.2000e+02 1.7000e+02 -1.7881e+00
1.2000e+02 1.8000e+02 -7.6071e-02
1.2000e+02 1.9000e+02 -2.7331e-01
1.2000e+02 2.0000e+02 1.4227e+00
1.3000e+02 -2.0000e+02 1.9266e+00
1.3000e+02 -1.9000e+02 -3.1028e-01
1.3000e+02 -1.8000e+02 -3.3475e-01
1.3000e+02 -1.7000e+02 -3.4047e-01
1.3000e+02 -1.6000e+02 7.8039e-01
1.3000e+02 -1.5000e+02 1.9814e-01
1.3000e+02 -1.4000e+02 -1.2161e+00
1.3000e+02 -1.3000e+02 3.9614e-01
1.3000e+02 -1.2000e+02 5.8872e-01
1.3000e+02 -1.1000e+02 -1.2025e+00
1.3000e+02 -1.0000e+02 -1.4184e+00
1.3000e+02 -9.0000e+01 1.8770e+00
1.3000e+02 -8.0000e+01 -1.5319e+00
1.3000e+02 -7.0000e+01 -2.2079e+00
1.3000e+02 -6.0000e+01 1.0310e+00
1.3000e+02 -5.0000e+01 -2.0808e+00
1.3000e+02 -4.0000e+01 -8.9790e-01
1.3000e+02 -3.0000e+01 -1.0221e+00
1.3000e+02 -2.0000e+01 -1.1848e+00
1.3000e+02 -1.0000e+01 5.2324e-02
1.3000e+02 0.0000e+00 1.0632e+00
1.3000e+02 1.0000e+01 -3.6007e+00
1.3000e+02 2.0000e+01 -2.6189e+00
1.3000e+02 3.0000e+01 -9.6728e-01
1.3000e+02 4.0000e+01 -1.6454e+00
1.3000e+02 5.0000e+01 -4.4024e-01
1.3000e+02 6.0000e+01 -5.0153e-01
1.3000e+02 7.0000e+01 1.2653e+00
1.3000e+02 8.0000e+01 -1.3829e+00
1.3000e+02 9.0000e+01 -2.1278e+00
1.3000e+02 1.0000e+02 2.6546e+00
1.3000e+02 1.1000e+02 2.0608e+00
1.3000e+02 1.2000e+02 2.4773e+00
1.3000e+02 1.3000e+02 1.1804e+00
1.3000e+02 1.4000e+02 2.0883e-01
1.3000e+02 1.5000e+02 -7.4740e-01
1.3000e+02 1.6000e+02 -3.7002e-01
1.3000e+02 1.7000e+02 1.1787e+00
1.3000e+02 1.8000e+02 -2.0687e+00
1.3000e+02 1.9000e+02 2.9494e+00
1.3000e+02 2.0000e+02 1.8290e+00
1.4000e+02 -2.0000e+02 1.5534e+00
1.4000e+02 -1.9000e+02 1.4942e-01
1.4000e+02 -1.8000e+02 -3.6912e-01
1.4000e+02 -1.7000e+02 3.7910e-01
1.4000e+02 -1.6000e+02 3.8058e-01
1.4000e+02 -1.5000e+02 -4.6169e-02
1.4000e+02 -1.4000e+02 -1.4965e+00
1.4000e+02 -1.3000e+02 -4.6052e-01
1.4000e+02 -1.2000e+02 -6.1062e-01
1.4000e+02 -1.1000e+02 2.8758e-03
1.4000e+02 -1.0000e+02 -1.4872e+00
1.4000e+02 -9.0000e+01 1.6284e-01
1.4000e+02 -8.0000e+01 2.8233e-04
1.4000e+02 -7.0000e+01 2.9867e-01
1.4000e+02 -6.0000e+01 2.3722e-01
1.4000e+02 -5.0000e+01 -3.5201e+00
1.4000e+02 -4.0000e+01 -1.8378e+00
1.4000e+02 -3.0000e+01 -1.1677e-01
1.4000e+02 -2.0000e+01 -1.2838e-01
1.4000e+02 -1.0000e+01 1.1721e+00
1.4000e+02 0.0000e+00 -1.3725e+00
1.4000e+02 1.0000e+01 9.0698e-01
1.4000e+02 2.0000e+01 -1.0701e+00
1.4000e+02 3.0000e+01 -8.8589e-02
1.4000e+02 4.0000e+01 1.3416e-01
1.4000e+02 5.0000e+01 -1.7523e+00
1.4000e+02 6.0000e+01 1.2644e+00
1.4000e+02 7.0000e+01 -8.5288e-01
1.4000e+02 8.0000e+01 4.1235e+00
1.4000e+02 9.0000e+01 4.0520e-01
1.4000e+02 1.0000e+02 -1.8590e+00
1.4000e+02 1.1000e+02 -5.5597e-01
1.4000e+02 1.2000e+02 1.9289e+00
1.4000e+02 1.3000e+02 -1.6065e+00
1.4000e+02 1.4000e+02 -2.4466e-01
1.4000e+02 1.5000e+02 8.2039e-01
1.4000e+02 1.6000e+02 1.1452e-01
1.4000e+02 1.7000e+02 1.8883e-01
1.4000e+02 1.8000e+02 -1.9596e+00
1.4000e+02 1.9000e+02 8.0636e-01
1.4000e+02 2.0000e+02 -3.1927e+00
1.5000e+02 -2.0000e+02 2.7890e+00
1.5000e+02 -1.9000e+02 -1.6236e+00
1.5000e+02 -1.8000e+02 -3.2123e-01
1.5000e+02 -1.7000e+02 -1.0321e+00
1.5000e+02 -1.6000e+02 3.4211e-01
1.5000e+02 -1.5000e+02 -1.6873e+00
1.5000e+02 -1.4000e+02 1.3237e+00
1.5000e+02 -1.3000e+02 -1.0240e+00
1.5000e+02 -1.2000e+02 8.6903e-01
1.5000e+02 -1.1000e+02 -7.5733e-01
1.5000e+02 -1.0000e+02 -1.6337e+00
1.5000e+02 -9.0000e+01 -4.7626e-01
1.5000e+02 -8.0000e+01 -1.2611e+00
1.5000e+02 -7.0000e+01 1.4261e+00
1.5000e+02 -6.0000e+01 -2.5191e-01
1.5000e+02 -5.0000e+01 -1.0214e+00
1.5000e+02 -4.0000e+01 4.8989e-01
1.5000e+02 -3.0000e+01 -6.5515e-01
1.5000e+02 -2.0000e+01 5.4713e-01
1.5000e+02 -1.0000e+01 -1.9830e+00
1.5000e+02 0.0000e+00 -2.3724e+00
1.5000e+02 1.0000e+01 -6.1647e-01
1.5000e+02 2.0000e+01 1.1355e+00
1.5000e+02 3.0000e+01 1.4537e+00
1.5000e+02 4.0000e+01 -4.4446e+00
1.5000e+02 5.0000e+01 1.9111e-01
1.5000e+02 6.0000e+01 -1.6578e+00
1.5000e+02 7.0000e+01 3.8847e-01
1.5000e+02 8.0000e+01 -7.3121e-01
1.5000e+02 9.0000e+01 2.9767e-01
1.5000e+02 1.0000e+02 -5.8996e-02
1.5000e+02 1.1000e+02 -1.2729e+00
1.5000e+02 1.2000e+02 -1.3922e+00
1.5000e+02 1.3000e+02 6.4284e-02
1.5000e+02 1.4000e+02 2.5516e+00
1.5000e+02 1.5000e+02 -5.8577e-01
1.5000e+02 1.6000e+02 -9.9931e-01
1.5000e+02 1.7000e+02 1.1256e+00
1.5000e+02 1.8000e+02 -1.3032e+00
1.5000e+02 1.9000e+02 4.7556e-01
1.5000e+02 2.0000e+02 -5.5034e-01
1.6000e+02 -2.0000e+02 -3.4399e-01
1.6000e+02 -1.9000e+02 -3.3349e-01
1.6000e+02 -1.8000e+02 7.9912e-01
1.6000e+02 -1.7000e+02 -3.6321e+00
1.6000e+02 -1.6000e+02 2.8373e+00
1.6000e+02 -1.5000e+02 -2.2076e+00
1.6000e+02 -1.4000e+02 -3.2762e+00
1.6000e+02 -1.3000e+02 2.8175e+00
1.6000e+02 -1.2000e+02 2.6421e-02
1.6000e+02 -1.1000e+02 1.9091e+00
1.6000e+02 -1.0000e+02 2.9947e-01
1.6000e+02 -9.0000e+01 1.6543e+00
1.6000e+02 -8.0000e+01 -2.8616e+00
1.6000e+02 -7.0000e+01 6.4501e-02
1.6000e+02 -6.0000e+01 -2.5403e+00
1.6000e+02 -5.0000e+01 -2.9267e+00
1.6000e+02 -4.0000e+01 -1.7910e+00
1.6000e+02 -3.0000e+01 -6.8374e-01
1.6000e+02 -2.0000e+01 7.5333e-01
1.6000e+02 -1.0000e+01 1.5256e+00
1.6000e+02 0.0000e+00 -1.8667e+00
1.6000e+02 1.0000e+01 -6.5252e-01
1.6000e+02 2.0000e+01 1.3758e-01
1.6000e+02 3.0000e+01 1.1800e+00
1.6000e+02 4.0000e+01 3.3445e-01
1.6000e+02 5.0000e+01 -1.6334e-01
1.6000e+02 6.0000e+01 2.0367e+00
1.6000e+02 7.0000e+01 -1.8667e+00
1.6000e+02 8.0000e+01 6.5489e-01
1.6000e+02 9.0000e+01 1.1703e+00
1.6000e+02 1.0000e+02 -2.9342e-03
1.6000e+02 1.1000e+02 1.9068e+00
1.6000e+02 1.2000e+02 2.1226e+00
1.6000e+02 1.3000e+02 -1.5685e+00
1.6000e+02 1.4000e+02 -9.3569e-01
1.6000e+02 1.5000e+02 -6.7792e-02
1.6000e+02 1.6000e+02 -6.3473e-01
1.6000e+02 1.7000e+02 -1.1388e+00
1.6000e+02 1.8000e+02 -2.3937e+00
1.6000e+02 1.9000e+02 6.1642e-01
1.6000e+02 2.0000e+02 -7.6199e-01
1.7000e+02 -2.0000e+02 -1.4380e+00
1.7000e+02 -1.9000e+02 1.0866e-01
1.7000e+02 -1.8000e+02 2.7414e-01
1.7000e+02 -1.7000e+02 -8.0083e-01
1.7000e+02 -1.6000e+02 9.1468e-03
1.7000e+02 -1.5000e+02 2.2891e+00
1.7000e+02 -1.4000e+02 2.3403e+00
1.7000e+02 -1.3000e+02 -6.5478e-01
1.7000e+02 -1.2000e+02 1.2510e+00
1.7000e+02 -1.1000e+02 -1.7262e-01
1.7000e+02 -1.0000e+02 -2.9465e-01
1.7000e+02 -9.0000e+01 7.1361e-01
1.7000e+02 -8.0000e+01 -1.3482e+00
1.7000e+02 -7.0000e+01 2.4663e+00
1.7000e+02 -6.0000e+01 -9.9788e-01
1.7000e+02 -5.0000e+01 2.8426e-01
1.7000e+02 -4.0000e+01 1.7719e-01
1.7000e+02 -3.0000e+01 9.5550e-01
1.7000e+02 -2.0000e+01 -2.6234e+00
1.7000e+02 -1.0000e+01 -2.0122e-01
1.7000e+02 0.0000e+00 -2.3802e-01
1.7000e+02 1.0000e+01 -1.0831e+00
1.7000e+02 2.0000e+01 -9.2404e-01
1.7000e+02 3.0000e+01 -3.3399e+00
1.7000e+02 4.0000e+01 -1.3139e+00
1.7000e+02 5.0000e+01 4.0084e-01
1.7000e+02 6.0000e+01 9.3358e-01
1.7000e+02 7.0000e+01 -1.8172e+00
1.7000e+02 8.0000e+01 -7.5073e-01
1.7000e+02 9.0000e+01 2.8279e+00
1.7000e+02 1.0000e+02 -1.7349e+00
1.7000e+02 1.1000e+02 -1.7562e+00
1.7000e+02 1.2000e+02 -1.1818e+00
1.7000e+02 1.3000e+02 1.3897e+00
1.7000e+02 1.4000e+02 -1.1160e+00
1.7000e+02 1.5000e+02 -5.6509e-01
1.7000e+02 1.6000e+02 3.5570e+00
1.7000e+02 1.7000e+02 9.3640e-01
1.7000e+02 1.8000e+02 1.3639e+00
1.7000e+02 1.9000e+02 9.2744e-02
1.7000e+02 2.0000e+02 -3.7570e-01
1.8000e+02 -2.0000e+02 4.6702e-01
1.8000e+02 -1.9000e+02 1.2042e+00
1.8000e+02 -1.8000e+02 -1.2076e+00
1.8000e+02 -1.7000e+02 7.7969e-01
1.8000e+02 -1.6000e+02 2.0037e-01
1.8000e+02 -1.5000e+02 7.0051e-01
1.8000e+02 -1.4000e+02 1.0762e+00
1.8000e+02 -1.3000e+02 -1.0857e-02
1.8000e+02 -1.2000e+02 -6.9011e-01
1.8000e+02 -1.1000e+02 -1.2012e-02
1.8000e+02 -1.0000e+02 -3.2063e-01
1.8000e+02 -9.0000e+01 -6.0534e-01
1.8000e+02 -8.0000e+01 -1.7305e+00
1.8000e+02 -7.0000e+01 -5.5852e-01
1.8000e+02 -6.0000e+01 3.9973e-01
1.8000e+02 -5.0000e+01 1.6853e+00
1.8000e+02 -4.0000e+01 7.1719e-01
1.8000e+02 -3.0000e+01 1.3855e+00
1.8000e+02 -2.0000e+01 -1.5266e+00
1.8000e+02 -1.0000e+01 -1.3771e-01
1.8000e+02 0.0000e+00 -9.5465e-01
1.8000e+02 1.0000e+01 -6.5550e-01
1.8000e+02 2.0000e+01 1.6799e+00
1.8000e+02 3.0000e+01 -9.8956e-02
1.8000e+02 4.0000e+01 -4.3624e-01
1.8000e+02 5.0000e+01 2.7480e+00
1.8000e+02 6.0000e+01 -1.2714e+00
1.8000e+02 7.0000e+01 -1.4233e-01
1.8000e+02 8.0000e+01 -1.7964e+00
1.8000e+02 9.0000e+01 3.1184e-01
1.8000e+02 1.0000e+02 -6.2402e-01
1.8000e+02 1.1000e+02 3.0018e-01
1.8000e+02 1.2000e+02 -7.2164e-01
1.8000e+02 1.3000e+02 -8.3785e-01
1.8000e+02 1.4000e+02 1.7350e+00
1.8000e+02 1.5000e+02 -8.9851e-01
1.8000e+02 1.6000e+02 1.8585e+00
1.8000e+02 1.7000e+02 9.5518e-01
1.8000e+02 1.8000e+02 8.8839e-01
1.8000e+02 1.9000e+02 -1.1554e+00
1.8000e+02 2.0000e+02 3.5092e-01
1.9000e+02 -2.0000e+02 1.4107e+00
1.9000e+02 -1.9000e+02 7.6350e-01
1.9000e+02 -1.8000e+02 -2.7190e+00
1.9000e+02 -1.7000e+02 -1.3108e+00
1.9000e+02 -1.6000e+02 -5.4141e-01
1.9000e+02 -1.5000e+02 -4.6162e-01
1.9000e+02 -1.4000e+02 -6.0559e-01
1.9000e+02 -1.3000e+02 -4.5223e-01
1.9000e+02 -1.2000e+02 -1.7925e+00
1.9000e+02 -1.1000e+02 1.5638e+00
1.9000e+02 -1.0000e+02 1.9410e+00
1.9000e+02 -9.0000e+01 -3.2916e-01
1.9000e+02 -8.0000e+01 1.9867e+00
1.9000e+02 -7.0000e+01 -1.1624e+00
1.9000e+02 -6.0000e+01 6.5505e-01
1.9000e+02 -5.0000e+01 -1.6639e+00
1.9000e+02 -4.0000e+01 8.8979e-01
1.9000e+02 -3.0000e+01 -4.0367e-01
1.9000e+02 -2.0000e+01 -2.8862e-01
1.9000e+02 -1.0000e+01 6.8139e-01
1.9000e+02 0.0000e+00 -6.6908e-01
1.9000e+02 1.0000e+01 1.0141e+00
1.9000e+02 2.0000e+01 2.2750e-01
1.9000e+02 3.0000e+01 2.6566e-01
1.9000e+02 4.0000e+01 -2.4536e+00
1.9000e+02 5.0000e+01 -1.9236e+00
1.9000e+02 6.0000e+01 5.3184e-01
1.9000e+02 7.0000e+01 -1.4633e+00
1.9000e+02 8.0000e+01 -1.9044e+00
1.9000e+02 9.0000e+01 2.9453e-01
1.9000e+02 1.0000e+02 -4.5290e-01
1.9000e+02 1.1000e+02 3.8622e-01
1.9000e+02 1.2000e+02 -2.9657e+00
1.9000e+02 1.3000e+02 2.2528e+00
1.9000e+02 1.4000e+02 2.4460e+00
1.9000e+02 1.5000e+02 -1.7971e-02
1.9000e+02 1.6000e+02 -1.2750e+00
1.9000e+02 1.7000e+02 -2.0484e+00
1.9000e+02 1.8000e+02 -3.6236e+00
1.9000e+02 1.9000e+02 -1.1123e+00
1.9000e+02 2.0000e+02 5.2195e-01
2.0000e+02 -2.0000e+02 -6.2411e-01
2.0000e+02 -1.9000e+02 -4.5506e-02
2.0000e+02 -1.8000e+02 1.8561e+00
2.0000e+02 -1.7000e+02 1.2763e+00
2.0000e+02 -1.6000e+02 2.6212e+00
2.0000e+02 -1.5000e+02 -1.2051e+00
2.0000e+02 -1.4000e+02 2.1751e+00
2.0000e+02 -1.3000e+02 -1.8656e+00
2.0000e+02 -1.2000e+02 -1.0752e+00
2.0000e+02 -1.1000e+02 5.5204e-01
2.0000e+02 -1.0000e+02 1.4369e+00
2.0000e+02 -9.0000e+01 -3.4548e+00
2.0000e+02 -8.0000e+01 -9.8763e-01
2.0000e+02 -7.0000e+01 -1.6988e-01
2.0000e+02 -6.0000e+01 1.3012e+00
2.0000e+02 -5.0000e+01 4.2776e-02
2.0000e+02 -4.0000e+01 -1.3487e+00
2.0000e+02 -3.0000e+01 9.2906e-01
2.0000e+02 -2.0000e+01 -1.0180e+00
2.0000e+02 -1.0000e+01 -4.4335e-01
2.0000e+02 0.0000e+00 -1.1508e+00
2.0000e+02 1.0000e+01 1.0612e-01
2.0000e+02 2.0000e+01 -5.7518e-01
2.0000e+02 3.0000e+01 1.5391e+00
2.0000e+02 4.0000e+01 4.1059e-01
2.0000e+02 5.0000e+01 -5.0533e-01
2.0000e+02 6.0000e+01 -2.4450e+00
2.0000e+02 7.0000e+01 -6.0018e-01
2.0000e+02 8.0000e+01 1.6711e+00
2.0000e+02 9.0000e+01 -4.7116e-01
2.0000e+02 1.0000e+02 -8.5139e-01
2.0000e+02 1.1000e+02 -1.8792e+00
2.0000e+02 1.2000e+02 1.7429e+00
2.0000e+02 1.3000e+02 -2.0599e+00
2.0000e+02 1.4000e+02 -2.1384e+00
2.0000e+02 1.5000e+02 -4.8287e-01
2.0000e+02 1.6000e+02 9.5113e-03
2.0000e+02 1.7000e+02 -2.6946e+00
2.0000e+02 1.8000e+02 8.0155e-01
2.0000e+02 1.9000e+02 1.0853e+00
2.0000e+02 2.0000e+02 1.3807e+00
