-2.0000e+02 -2.0000e+02 3.1594e-01
-2.0000e+02 -1.9000e+02 2.6259e-01
-2.0000e+02 -1.8000e+02 1.3625e+00
-2.0000e+02 -1.7000e+02 -1.5202e+00
-2.0000e+02 -1.6000e+02 7.3887e-01
-2.0000e+02 -1.5000e+02 1.4271e-01
-2.0000e+02 -1.4000e+02 2.3909e-02
-2.0000e+02 -1.3000e+02 -3.0554e+00
-2.0000e+02 -1.2000e+02 -1.6485e-01
-2.0000e+02 -1.1000e+02 4.7423e-01
-2.0000e+02 -1.0000e+02 -2.1431e+00
-2.0000e+02 -9.0000e+01 3.0014e+00
-2.0000e+02 -8.0000e+01 5.7845e-01
-2.0000e+02 -7.0000e+01 -4.0919e+00
-2.0000e+02 -6.0000e+01 9.2195e-01
-2.0000e+02 -5.0000e+01 2.0213e+00
-2.0000e+02 -4.0000e+01 2.6846e+00
-2.0000e+02 -3.0000e+01 -1.4911e+00
-2.0000e+02 -2.0000e+01 2.7058e-01
-2.0000e+02 -1.0000e+01 6.1496e-02
-2.0000e+02 0.0000e+00 1.1746e+00
-2.0000e+02 1.0000e+01 4.8777e-01
-2.0000e+02 2.0000e+01 -1.0790e-01
-2.0000e+02 3.0000e+01 6.5806e-01
-2.0000e+02 4.0000e+01 -2.4135e+00
-2.0000e+02 5.0000e+01 1.2686e+00
-2.0000e+02 6.0000e+01 1.1791e+00
-2.0000e+02 7.0000e+01 -1.3852e-01
-2.0000e+02 8.0000e+01 -7.5980e-01
-2.0000e+02 9.0000e+01 1.5644e-01
-2.0000e+02 1.0000e+02 3.4623e-01
-2.0000e+02 1.1000e+02 -3.0119e-01
-2.0000e+02 1.2000e+02 7.5819e-01
-2.0000e+02 1.3000e+02 -6.6128e-01
-2.0000e+02 1.4000e+02 1.3083e+00
-2.0000e+02 1.5000e+02 -1.3644e+00
-2.0000e+02 1.6000e+02 -1.5054e+00
-2.0000e+02 1.7000e+02 2.7766e+00
-2.0000e+02 1.8000e+02 1.0255e+00
-2.0000e+02 1.9000e+02 3.9117e-01
-2.0000e+02 2.0000e+02 1.4434e-01
-1.9000e+02 -2.0000e+02 3.6968e-01
-1.9000e+02 -1.9000e+02 6.1319e-01
-1.9000e+02 -1.8000e+02 2.9236e-01
-1.9000e+02 -1.7000e+02 -2.8812e-01
-1.9000e+02 -1.6000e+02 -9.1724e-01
-1.9000e+02 -1.5000e+02 2.7209e-01
-1.9000e+02 -1.4000e+02 -2.1128e+00
-1.9000e+02 -1.3000e+02 8.3646e-01
-1.9000e+02 -1.2000e+02 -1.5116e+00
-1.9000e+02 -1.1000e+02 4.0563e+00
-1.9000e+02 -1.0000e+02 1.4771e+00
-1.9000e+02 -9.0000e+01 1.7814e+00
-1.9000e+02 -8.0000e+01 -2.5302e-01
-1.9000e+02 -7.0000e+01 -1.2572e+00
-1.9000e+02 -6.0000e+01 8.2862e-02
-1.9000e+02 -5.0000e+01 -1.9248e+00
-1.9000e+02 -4.0000e+01 -1.2434e+00
-1.9000e+02 -3.0000e+01 -6.4465e-01
-1.9000e+02 -2.0000e+01 5.8417e-01
-1.9000e+02 -1.0000e+01 7.5161e-01
-1.9000e+02 0.0000e+00 1.1402e-01
-1.9000e+02 1.0000e+01 -2.4103e-01
-1.9000e+02 2.0000e+01 -1.5624e+00
-1.9000e+02 3.0000e+01 -1.0019e+00
-1.9000e+02 4.0000e+01 1.1903e+00
-1.9000e+02 5.0000e+01 -1.6469e+00
-1.9000e+02 6.0000e+01 -1.4515e-01
-1.9000e+02 7.0000e+01 1.0433e+00
-1.9000e+02 8.0000e+01 2.0271e+00
-1.9000e+02 9.0000e+01 1.6673e+00
-1.9000e+02 1.0000e+02 2.3986e+00
-1.9000e+02 1.1000e+02 -2.1952e+00
-1.9000e+02 1.2000e+02 1.5329e+00
-1.9000e+02 1.3000e+02 1.9087e+00
-1.9000e+02 1.4000e+02 1.4313e+00
-1.9000e+02 1.5000e+02 1.6394e-01
-1.9000e+02 1.6000e+02 5.8681e-01
-1.9000e+02 1.7000e+02 -6.1136e-01
-1.9000e+02 1.8000e+02 -9.5182e-01
-1.9000e+02 1.9000e+02 -3.0251e+00
-1.9000e+02 2.0000e+02 -1.0380e+00
-1.8000e+02 -2.0000e+02 -2.6896e+00
-1.8000e+02 -1.9000e+02 1.3075e+00
-1.8000e+02 -1.8000e+02 1.3576e+00
-1.8000e+02 -1.7000e+02 1.3543e+00
-1.8000e+02 -1.6000e+02 6.0310e-01
-1.8000e+02 -1.5000e+02 -6.5642e-01
-1.8000e+02 -1.4000e+02 -3.0357e-01
-1.8000e+02 -1.3000e+02 5.7032e-02
-1.8000e+02 -1.2000e+02 1.1385e+00
-1.8000e+02 -1.1000e+02 9.7638e-01
-1.8000e+02 -1.0000e+02 -1.6995e+00
-1.8000e+02 -9.0000e+01 -3.7393e+00
-1.8000e+02 -8.0000e+01 -2.4415e+00
-1.8000e+02 -7.0000e+01 -1.5882e-01
-1.8000e+02 -6.0000e+01 1.7968e+00
-1.8000e+02 -5.0000e+01 1.0136e+00
-1.8000e+02 -4.0000e+01 1.2049e+00
-1.8000e+02 -3.0000e+01 1.4817e+00
-1.8000e+02 -2.0000e+01 -1.1922e+00
-1.8000e+02 -1.0000e+01 -1.4897e-01
-1.8000e+02 0.0000e+00 -2.1287e+00
-1.8000e+02 1.0000e+01 -1.5052e+00
-1.8000e+02 2.0000e+01 2.3358e-01
-1.8000e+02 3.0000e+01 -1.2324e+00
-1.8000e+02 4.0000e+01 -1.4306e-01
-1.8000e+02 5.0000e+01 2.1300e+00
-1.8000e+02 6.0000e+01 -1.7381e+00
-1.8000e+02 7.0000e+01 -3.2902e+00
-1.8000e+02 8.0000e+01 7.6626e-01
-1.8000e+02 9.0000e+01 8.9537e-01
-1.8000e+02 1.0000e+02 2.9177e-01
-1.8000e+02 1.1000e+02 9.5713e-01
-1.8000e+02 1.2000e+02 -3.2362e-01
-1.8000e+02 1.3000e+02 6.1923e-01
-1.8000e+02 1.4000e+02 -2.4247e+00
-1.8000e+02 1.5000e+02 -2.9683e-01
-1.8000e+02 1.6000e+02 3.1267e-01
-1.8000e+02 1.7000e+02 -2.1812e+00
-1.8000e+02 1.8000e+02 -6.0567e-01
-1.8000e+02 1.9000e+02 2.8468e-02
-1.8000e+02 2.0000e+02 6.2584e-01
-1.7000e+02 -2.0000e+02 -1.0663e+00
-1.7000e+02 -1.9000e+02 -3.1740e+00
-1.7000e+02 -1.8000e+02 -4.7452e-02
-1.7000e+02 -1.7000e+02 1.0980e+00
-1.7000e+02 -1.6000e+02 2.3295e+00
-1.7000e+02 -1.5000e+02 -2.0995e+00
-1.7000e+02 -1.4000e+02 -1.9580e+00
-1.7000e+02 -1.3000e+02 1.4840e+00
-1.7000e+02 -1.2000e+02 -9.6216e-01
-1.7000e+02 -1.1000e+02 1.6207e+00
-1.7000e+02 -1.0000e+02 -5.3911e-01
-1.7000e+02 -9.0000e+01 3.3888e-01
-1.7000e+02 -8.0000e+01 4.5351e-01
-1.7000e+02 -7.0000e+01 -3.0408e+00
-1.7000e+02 -6.0000e+01 1.3666e+00
-1.7000e+02 -5.0000e+01 -6.4610e-01
-1.7000e+02 -4.0000e+01 8.4511e-02
-1.7000e+02 -3.0000e+01 1.8374e+00
-1.7000e+02 -2.0000e+01 -1.7361e+00
-1.7000e+02 -1.0000e+01 -6.2788e-01
-1.7000e+02 0.0000e+00 2.0597e+00
-1.7000e+02 1.0000e+01 -1.5903e+00
-1.7000e+02 2.0000e+01 -3.1883e-01
-1.7000e+02 3.0000e+01 -1.2854e-01
-1.7000e+02 4.0000e+01 6.8887e-01
-1.7000e+02 5.0000e+01 5.5331e-01
-1.7000e+02 6.0000e+01 2.5474e+00
-1.7000e+02 7.0000e+01 1.2840e+00
-1.7000e+02 8.0000e+01 -1.5654e+00
-1.7000e+02 9.0000e+01 1.4721e-01
-1.7000e+02 1.0000e+02 -1.0832e+00
-1.7000e+02 1.1000e+02 -2.0078e+00
-1.7000e+02 1.2000e+02 1.9672e+00
-1.7000e+02 1.3000e+02 3.1241e-01
-1.7000e+02 1.4000e+02 8.8586e-01
-1.7000e+02 1.5000e+02 -1.7147e+00
-1.7000e+02 1.6000e+02 9.8147e-01
-1.7000e+02 1.7000e+02 -1.8684e+00
-1.7000e+02 1.8000e+02 -2.0380e-02
-1.7000e+02 1.9000e+02 1.0014e+00
-1.7000e+02 2.0000e+02 -1.8141e+00
-1.6000e+02 -2.0000e+02 3.6138e-01
-1.6000e+02 -1.9000e+02 8.9076e-01
-1.6000e+02 -1.8000e+02 -5.6263e-01
-1.6000e+02 -1.7000e+02 3.9705e-01
-1.6000e+02 -1.6000e+02 2.7886e+00
-1.6000e+02 -1.5000e+02 -2.6497e+00
-1.6000e+02 -1.4000e+02 2.0967e+00
-1.6000e+02 -1.3000e+02 1.1829e+00
-1.6000e+02 -1.2000e+02 -1.9862e+00
-1.6000e+02 -1.1000e+02 6.7926e-01
-1.6000e+02 -1.0000e+02 2.1121e-01
-1.6000e+02 -9.0000e+01 -1.1517e+00
-1.6000e+02 -8.0000e+01 -8.5715e-01
-1.6000e+02 -7.0000e+01 -2.0811e+00
-1.6000e+02 -6.0000e+01 1.4963e-01
-1.6000e+02 -5.0000e+01 -1.5390e-01
-1.6000e+02 -4.0000e+01 -6.9687e-01
-1.6000e+02 -3.0000e+01 -1.5717e+00
-1.6000e+02 -2.0000e+01 -1.3495e+00
-1.6000e+02 -1.0000e+01 5.1800e-01
-1.6000e+02 0.0000e+00 -6.9032e-02
-1.6000e+02 1.0000e+01 -1.5585e+00
-1.6000e+02 2.0000e+01 1.7927e+00
-1.6000e+02 3.0000e+01 -1.9734e+00
-1.6000e+02 4.0000e+01 -4.6542e-01
-1.6000e+02 5.0000e+01 2.2060e-01
-1.6000e+02 6.0000e+01 -1.3533e-02
-1.6000e+02 7.0000e+01 -9.4214e-02
-1.6000e+02 8.0000e+01 3.3051e-01
-1.6000e+02 9.0000e+01 1.7284e+00
-1.6000e+02 1.0000e+02 -1.7871e+00
-1.6000e+02 1.1000e+02 -3.5939e-01
-1.6000e+02 1.2000e+02 -1.4997e+00
-1.6000e+02 1.3000e+02 -2.7270e+00
-1.6000e+02 1.4000e+02 2.7494e+00
-1.6000e+02 1.5000e+02 -2.0324e+00
-1.6000e+02 1.6000e+02 1.9125e-01
-1.6000e+02 1.7000e+02 -8.4406e-01
-1.6000e+02 1.8000e+02 1.3016e+00
-1.6000e+02 1.9000e+02 3.8348e+00
-1.6000e+02 2.0000e+02 2.4857e-01
-1.5000e+02 -2.0000e+02 1.8962e+00
-1.5000e+02 -1.9000e+02 -8.0350e-01
-1.5000e+02 -1.8000e+02 1.4191e+00
-1.5000e+02 -1.7000e+02 5.6682e-01
-1.5000e+02 -1.6000e+02 1.1045e+00
-1.5000e+02 -1.5000e+02 -1.0173e+00
-1.5000e+02 -1.4000e+02 3.4978e-01
-1.5000e+02 -1.3000e+02 -8.0446e-01
-1.5000e+02 -1.2000e+02 -1.3860e+00
-1.5000e+02 -1.1000e+02 -1.9671e+00
-1.5000e+02 -1.0000e+02 7.8820e-01
-1.5000e+02 -9.0000e+01 -4.4728e-01
-1.5000e+02 -8.0000e+01 -1.6848e+00
-1.5000e+02 -7.0000e+01 -2.1435e-01
-1.5000e+02 -6.0000e+01 -1.9191e+00
-1.5000e+02 -5.0000e+01 2.2667e-01
-1.5000e+02 -4.0000e+01 -2.2833e+00
-1.5000e+02 -3.0000e+01 -2.8849e+00
-1.5000e+02 -2.0000e+01 -5.6629e-01
-1.5000e+02 -1.0000e+01 3.4777e-01
-1.5000e+02 0.0000e+00 2.6818e+00
-1.5000e+02 1.0000e+01 -3.2967e+00
-1.5000e+02 2.0000e+01 1.7934e-01
-1.5000e+02 3.0000e+01 6.6133e-01
-1.5000e+02 4.0000e+01 3.2861e-01
-1.5000e+02 5.0000e+01 -6.3036e-01
-1.5000e+02 6.0000e+01 2.0962e+00
-1.5000e+02 7.0000e+01 3.7034e-01
-1.5000e+02 8.0000e+01 -1.4226e+00
-1.5000e+02 9.0000e+01 -7.0740e-01
-1.5000e+02 1.0000e+02 2.1781e+00
-1.5000e+02 1.1000e+02 -2.5057e+00
-1.5000e+02 1.2000e+02 -4.6716e+00
-1.5000e+02 1.3000e+02 7.4712e-01
-1.5000e+02 1.4000e+02 1.3747e+00
-1.5000e+02 1.5000e+02 9.0313e-01
-1.5000e+02 1.6000e+02 3.5995e+00
-1.5000e+02 1.7000e+02 -6.8041e-01
-1.5000e+02 1.8000e+02 6.9920e-02
-1.5000e+02 1.9000e+02 1.4631e-01
-1.5000e+02 2.0000e+02 -1.0114e+00
-1.4000e+02 -2.0000e+02 2.2972e+00
-1.4000e+02 -1.9000e+02 -8.8939e-01
-1.4000e+02 -1.8000e+02 1.3136e+00
-1.4000e+02 -1.7000e+02 -2.0874e+00
-1.4000e+02 -1.6000e+02 3.9815e-03
-1.4000e+02 -1.5000e+02 1.9591e+00
-1.4000e+02 -1.4000e+02 5.2752e-01
-1.4000e+02 -1.3000e+02 -4.1562e-01
-1.4000e+02 -1.2000e+02 -2.8084e-01
-1.4000e+02 -1.1000e+02 7.6990e-01
-1.4000e+02 -1.0000e+02 9.6150e-01
-1.4000e+02 -9.0000e+01 -9.3040e-01
-1.4000e+02 -8.0000e+01 -1.6095e+00
-1.4000e+02 -7.0000e+01 -3.8677e-01
-1.4000e+02 -6.0000e+01 -6.6788e-02
-1.4000e+02 -5.0000e+01 1.0790e+00
-1.4000e+02 -4.0000e+01 -1.3412e+00
-1.4000e+02 -3.0000e+01 4.3460e-01
-1.4000e+02 -2.0000e+01 2.3304e+00
-1.4000e+02 -1.0000e+01 9.2413e-01
-1.4000e+02 0.0000e+00 -2.0431e+00
-1.4000e+02 1.0000e+01 -7.4307e-01
-1.4000e+02 2.0000e+01 -2.6942e-01
-1.4000e+02 3.0000e+01 -4.6984e-01
-1.4000e+02 4.0000e+01 2.0333e-01
-1.4000e+02 5.0000e+01 3.4168e-01
-1.4000e+02 6.0000e+01 5.1986e-01
-1.4000e+02 7.0000e+01 3.5961e-01
-1.4000e+02 8.0000e+01 -1.2478e+00
-1.4000e+02 9.0000e+01 -7.2449e-01
-1.4000e+02 1.0000e+02 1.5883e+00
-1.4000e+02 1.1000e+02 3.3018e-01
-1.4000e+02 1.2000e+02 6.5881e-01
-1.4000e+02 1.3000e+02 -1.8288e+00
-1.4000e+02 1.4000e+02 -1.3702e+00
-1.4000e+02 1.5000e+02 -8.2240e-02
-1.4000e+02 1.6000e+02 -2.4535e-01
-1.4000e+02 1.7000e+02 -1.7291e-01
-1.4000e+02 1.8000e+02 1.8045e+00
-1.4000e+02 1.9000e+02 2.9933e+00
-1.4000e+02 2.0000e+02 1.4792e+00
-1.3000e+02 -2.0000e+02 1.9178e+00
-1.3000e+02 -1.9000e+02 2.8594e+00
-1.3000e+02 -1.8000e+02 -6.5487e-01
-1.3000e+02 -1.7000e+02 1.5521e+00
-1.3000e+02 -1.6000e+02 -1.0748e+00
-1.3000e+02 -1.5000e+02 -6.7294e-01
-1.3000e+02 -1.4000e+02 -1.5970e-01
-1.3000e+02 -1.3000e+02 -2.7970e-01
-1.3000e+02 -1.2000e+02 9.7590e-01
-1.3000e+02 -1.1000e+02 -2.8167e+00
-1.3000e+02 -1.0000e+02 -1.8562e+00
-1.3000e+02 -9.0000e+01 -8.1529e-01
-1.3000e+02 -8.0000e+01 1.1585e+00
-1.3000e+02 -7.0000e+01 1.9849e+00
-1.3000e+02 -6.0000e+01 -8.4063e-01
-1.3000e+02 -5.0000e+01 3.2727e-01
-1.3000e+02 -4.0000e+01 -8.6598e-01
-1.3000e+02 -3.0000e+01 -7.0966e-01
-1.3000e+02 -2.0000e+01 -5.7769e-01
-1.3000e+02 -1.0000e+01 -1.9703e+00
-1.3000e+02 0.0000e+00 -2.5824e+00
-1.3000e+02 1.0000e+01 -2.4192e+00
-1.3000e+02 2.0000e+01 -2.4578e+00
-1.3000e+02 3.0000e+01 -1.3107e+00
-1.3000e+02 4.0000e+01 1.0244e+00
-1.3000e+02 5.0000e+01 -2.2583e+00
-1.3000e+02 6.0000e+01 -2.0989e+00
-1.3000e+02 7.0000e+01 -7.4141e-01
-1.3000e+02 8.0000e+01 2.1408e+00
-1.3000e+02 9.0000e+01 2.9981e+00
-1.3000e+02 1.0000e+02 -4.8516e-02
-1.3000e+02 1.1000e+02 -3.4455e-01
-1.3000e+02 1.2000e+02 7.4563e-01
-1.3000e+02 1.3000e+02 -8.8389e-01
-1.3000e+02 1.4000e+02 -1.4015e+00
-1.3000e+02 1.5000e+02 -1.8570e+00
-1.3000e+02 1.6000e+02 1.3343e+00
-1.3000e+02 1.7000e+02 -7.7453e-02
-1.3000e+02 1.8000e+02 9.4809e-01
-1.3000e+02 1.9000e+02 -4.0679e-01
-1.3000e+02 2.0000e+02 1.6459e-01
-1.2000e+02 -2.0000e+02 1.9321e+00
-1.2000e+02 -1.9000e+02 -9.5022e-01
-1.2000e+02 -1.8000e+02 -9.5220e-01
-1.2000e+02 -1.7000e+02 2.3438e-01
-1.2000e+02 -1.6000e+02 4.2805e-01
-1.2000e+02 -1.5000e+02 2.7126e+00
-1.2000e+02 -1.4000e+02 2.2839e+00
-1.2000e+02 -1.3000e+02 3.4505e-01
-1.2000e+02 -1.2000e+02 -1.1194e-01
-1.2000e+02 -1.1000e+02 3.3908e-01
-1.2000e+02 -1.0000e+02 9.6052e-01
-1.2000e+02 -9.0000e+01 -1.2577e+00
-1.2000e+02 -8.0000e+01 3.4449e-01
-1.2000e+02 -7.0000e+01 -4.0131e+00
-1.2000e+02 -6.0000e+01 -3.1144e+00
-1.2000e+02 -5.0000e+01 1.8078e-01
-1.2000e+02 -4.0000e+01 -1.0028e+00
-1.2000e+02 -3.0000e+01 1.7848e+00
-1.2000e+02 -2.0000e+01 -1.3425e+00
-1.2000e+02 -1.0000e+01 2.1505e+00
-1.2000e+02 0.0000e+00 -3.6349e+00
-1.2000e+02 1.0000e+01 -9.4460e-01
-1.2000e+02 2.0000e+01 -3.3958e+00
-1.2000e+02 3.0000e+01 -1.6334e+00
-1.2000e+02 4.0000e+01 -3.0498e+00
-1.2000e+02 5.0000e+01 -1.4865e-01
-1.2000e+02 6.0000e+01 -8.4023e-01
-1.2000e+02 7.0000e+01 -8.4630e-01
-1.2000e+02 8.0000e+01 1.9253e+00
-1.2000e+02 9.0000e+01 -1.5158e+00
-1.2000e+02 1.0000e+02 6.9646e-01
-1.2000e+02 1.1000e+02 9.3085e-01
-1.2000e+02 1.2000e+02 -2.4950e+00
-1.2000e+02 1.3000e+02 -5.1730e-01
-1.2000e+02 1.4000e+02 2.6166e+00
-1.2000e+02 1.5000e+02 -1.8087e+00
-1.2000e+02 1.6000e+02 1.7874e-01
-1.2000e+02 1.7000e+02 -6.8651e-02
-1.2000e+02 1.8000e+02 2.9397e-01
-1.2000e+02 1.9000e+02 1.5404e+00
-1.2000e+02 2.0000e+02 -4.2031e-01
-1.1000e+02 -2.0000e+02 2.8905e-01
-1.1000e+02 -1.9000e+02 1.8722e-01
-1.1000e+02 -1.8000e+02 1.0564e+00
-1.1000e+02 -1.7000e+02 -4.5477e-01
-1.1000e+02 -1.6000e+02 3.8781e-01
-1.1000e+02 -1.5000e+02 -3.1103e+00
-1.1000e+02 -1.4000e+02 6.7728e-01
-1.1000e+02 -1.3000e+02 6.4370e-01
-1.1000e+02 -1.2000e+02 8.1509e-01
-1.1000e+02 -1.1000e+02 1.0420e+00
-1.1000e+02 -1.0000e+02 -1.5045e-01
-1.1000e+02 -9.0000e+01 -6.1848e-01
-1.1000e+02 -8.0000e+01 -1.3397e+00
-1.1000e+02 -7.0000e+01 8.1386e-01
-1.1000e+02 -6.0000e+01 8.4589e-01
-1.1000e+02 -5.0000e+01 -2.9419e+00
-1.1000e+02 -4.0000e+01 -2.2110e+00
-1.1000e+02 -3.0000e+01 -2.4825e+00
-1.1000e+02 -2.0000e+01 -4.0983e+00
-1.1000e+02 -1.0000e+01 -2.5744e-01
-1.1000e+02 0.0000e+00 -2.4267e+00
-1.1000e+02 1.0000e+01 -4.1638e+00
-1.1000e+02 2.0000e+01 -1.1463e+00
-1.1000e+02 3.0000e+01 -2.9008e-01
-1.1000e+02 4.0000e+01 -2.9514e+00
-1.1000e+02 5.0000e+01 -8.0940e-01
-1.1000e+02 6.0000e+01 -2.3565e+00
-1.1000e+02 7.0000e+01 -5.6470e-01
-1.1000e+02 8.0000e+01 -1.4857e+00
-1.1000e+02 9.0000e+01 -5.9858e-01
-1.1000e+02 1.0000e+02 1.8001e+00
-1.1000e+02 1.1000e+02 -3.3096e-01
-1.1000e+02 1.2000e+02 -1.1659e+00
-1.1000e+02 1.3000e+02 -1.5354e-01
-1.1000e+02 1.4000e+02 -2.3793e-03
-1.1000e+02 1.5000e+02 -1.1417e+00
-1.1000e+02 1.6000e+02 8.8238e-01
-1.1000e+02 1.7000e+02 1.9581e+00
-1.1000e+02 1.8000e+02 -3.1615e-02
-1.1000e+02 1.9000e+02 1.2535e+00
-1.1000e+02 2.0000e+02 -2.2510e-01
-1.0000e+02 -2.0000e+02 3.7448e+00
-1.0000e+02 -1.9000e+02 3.5897e-01
-1.0000e+02 -1.8000e+02 5.2310e-01
-1.0000e+02 -1.7000e+02 1.0889e+00
-1.0000e+02 -1.6000e+02 5.6640e-01
-1.0000e+02 -1.5000e+02 7.1290e-01
-1.0000e+02 -1.4000e+02 1.7899e+00
-1.0000e+02 -1.3000e+02 -1.0216e+00
-1.0000e+02 -1.2000e+02 -3.3591e+00
-1.0000e+02 -1.1000e+02 -6.1721e-01
-1.0000e+02 -1.0000e+02 -2.8922e+00
-1.0000e+02 -9.0000e+01 -1.5002e+00
-1.0000e+02 -8.0000e+01 -3.7100e+00
-1.0000e+02 -7.0000e+01 4.3100e-01
-1.0000e+02 -6.0000e+01 -6.4586e-01
-1.0000e+02 -5.0000e+01 -2.3763e+00
-1.0000e+02 -4.0000e+01 -2.5037e-01
-1.0000e+02 -3.0000e+01 -2.9980e+00
-1.0000e+02 -2.0000e+01 -5.3998e+00
-1.0000e+02 -1.0000e+01 -4.6978e+00
-1.0000e+02 0.0000e+00 -3.7261e+00
-1.0000e+02 1.0000e+01 -3.7357e+00
-1.0000e+02 2.0000e+01 -5.0893e+00
-1.0000e+02 3.0000e+01 3.2218e-01
-1.0000e+02 4.0000e+01 -2.6097e+00
-1.0000e+02 5.0000e+01 -7.6408e-01
-1.0000e+02 6.0000e+01 -2.3046e+00
-1.0000e+02 7.0000e+01 8.5546e-01
-1.0000e+02 8.0000e+01 -1.7313e+00
-1.0000e+02 9.0000e+01 -4.6916e+00
-1.0000e+02 1.0000e+02 -5.6892e-01
-1.0000e+02 1.1000e+02 1.2568e-01
-1.0000e+02 1.2000e+02 -6.4017e-01
-1.0000e+02 1.3000e+02 1.0626e+00
-1.0000e+02 1.4000e+02 4.7986e-01
-1.0000e+02 1.5000e+02 -4.6650e-01
-1.0000e+02 1.6000e+02 -8.6113e-01
-1.0000e+02 1.7000e+02 -1.1884e+00
-1.0000e+02 1.8000e+02 4.1975e-01
-1.0000e+02 1.9000e+02 1.2921e+00
-1.0000e+02 2.0000e+02 2.7838e+00
-9.0000e+01 -2.0000e+02 6.6051e-01
-9.0000e+01 -1.9000e+02 2.9494e+00
-9.0000e+01 -1.8000e+02 4.4240e-02
-9.0000e+01 -1.7000e+02 8.8260e-01
-9.0000e+01 -1.6000e+02 -1.0786e-01
-9.0000e+01 -1.5000e+02 -1.7014e+00
-9.0000e+01 -1.4000e+02 -1.0956e+00
-9.0000e+01 -1.3000e+02 -1.1588e+00
-9.0000e+01 -1.2000e+02 -1.3305e+00
-9.0000e+01 -1.1000e+02 -2.7536e+00
-9.0000e+01 -1.0000e+02 8.2664e-02
-9.0000e+01 -9.0000e+01 -7.1758e-01
-9.0000e+01 -8.0000e+01 -2.1169e+00
-9.0000e+01 -7.0000e+01 -3.0893e+00
-9.0000e+01 -6.0000e+01 -3.3181e-01
-9.0000e+01 -5.0000e+01 -5.1099e+00
-9.0000e+01 -4.0000e+01 -4.8230e+00
-9.0000e+01 -3.0000e+01 -2.8904e+00
-9.0000e+01 -2.0000e+01 -3.3690e+00
-9.0000e+01 -1.0000e+01 -4.7742e+00
-9.0000e+01 0.0000e+00 -4.5373e+00
-9.0000e+01 1.0000e+01 -6.8850e+00
-9.0000e+01 2.0000e+01 -4.1019e+00
-9.0000e+01 3.0000e+01 1.0475e+00
-9.0000e+01 4.0000e+01 -3.2821e+00
-9.0000e+01 5.0000e+01 -5.7453e+00
-9.0000e+01 6.0000e+01 -3.1761e+00
-9.0000e+01 7.0000e+01 -9.9727e-01
-9.0000e+01 8.0000e+01 -3.6613e+00
-9.0000e+01 9.0000e+01 -2.6717e+00
-9.0000e+01 1.0000e+02 -1.9044e+00
-9.0000e+01 1.1000e+02 -1.7574e+00
-9.0000e+01 1.2000e+02 9.7908e-02
-9.0000e+01 1.3000e+02 -9.6119e-01
-9.0000e+01 1.4000e+02 3.8352e+00
-9.0000e+01 1.5000e+02 -6.7050e-01
-9.0000e+01 1.6000e+02 -2.6993e+00
-9.0000e+01 1.7000e+02 4.2158e+00
-9.0000e+01 1.8000e+02 -5.1596e-01
-9.0000e+01 1.9000e+02 3.1253e+00
-9.0000e+01 2.0000e+02 -7.5916e-01
-8.0000e+01 -2.0000e+02 -8.8464e-01
-8.0000e+01 -1.9000e+02 -4.1468e-01
-8.0000e+01 -1.8000e+02 -1.9963e+00
-8.0000e+01 -1.7000e+02 -2.6355e+00
-8.0000e+01 -1.6000e+02 -2.6535e+00
-8.0000e+01 -1.5000e+02 4.3063e+00
-8.0000e+01 -1.4000e+02 1.3586e+00
-8.0000e+01 -1.3000e+02 6.0414e-01
-8.0000e+01 -1.2000e+02 -1.3534e+00
-8.0000e+01 -1.1000e+02 1.0070e+00
-8.0000e+01 -1.0000e+02 -2.5088e-01
-8.0000e+01 -9.0000e+01 -3.7169e+00
-8.0000e+01 -8.0000e+01 -4.1661e+00
-8.0000e+01 -7.0000e+01 -2.6575e+00
-8.0000e+01 -6.0000e+01 -9.6598e-01
-8.0000e+01 -5.0000e+01 -2.9929e+00
-8.0000e+01 -4.0000e+01 -4.6496e+00
-8.0000e+01 -3.0000e+01 -3.7040e+00
-8.0000e+01 -2.0000e+01 -5.6326e+00
-8.0000e+01 -1.0000e+01 -4.5074e+00
-8.0000e+01 0.0000e+00 -4.6442e+00
-8.0000e+01 1.0000e+01 -7.3401e+00
-8.0000e+01 2.0000e+01 -7.5064e+00
-8.0000e+01 3.0000e+01 -6.0012e+00
-8.0000e+01 4.0000e+01 -4.8229e+00
-8.0000e+01 5.0000e+01 -2.9470e+00
-8.0000e+01 6.0000e+01 -4.4838e+00
-8.0000e+01 7.0000e+01 -2.8841e+00
-8.0000e+01 8.0000e+01 -3.2723e+00
-8.0000e+01 9.0000e+01 -1.7643e+00
-8.0000e+01 1.0000e+02 -1.0006e+00
-8.0000e+01 1.1000e+02 -1.3029e+00
-8.0000e+01 1.2000e+02 2.3238e-01
-8.0000e+01 1.3000e+02 3.3111e+00
-8.0000e+01 1.4000e+02 -4.3107e-01
-8.0000e+01 1.5000e+02 1.2038e+00
-8.0000e+01 1.6000e+02 1.2651e+00
-8.0000e+01 1.7000e+02 1.3613e+00
-8.0000e+01 1.8000e+02 4.9706e-01
-8.0000e+01 1.9000e+02 -4.0055e-01
-8.0000e+01 2.0000e+02 2.6249e-01
-7.0000e+01 -2.0000e+02 1.2090e+00
-7.0000e+01 -1.9000e+02 -7.1888e-01
-7.0000e+01 -1.8000e+02 -1.0734e+00
-7.0000e+01 -1.7000e+02 -6.1026e-01
-7.0000e+01 -1.6000e+02 -9.3504e-01
-7.0000e+01 -1.5000e+02 2.8797e+00
-7.0000e+01 -1.4000e+02 2.3490e-01
-7.0000e+01 -1.3000e+02 -2.5412e-01
-7.0000e+01 -1.2000e+02 -1.1530e+00
-7.0000e+01 -1.1000e+02 9.7267e-01
-7.0000e+01 -1.0000e+02 -4.2755e+00
-7.0000e+01 -9.0000e+01 -2.0050e+00
-7.0000e+01 -8.0000e+01 -4.5754e+00
-7.0000e+01 -7.0000e+01 -1.7507e+00
-7.0000e+01 -6.0000e+01 -3.1732e+00
-7.0000e+01 -5.0000e+01 -5.0962e+00
-7.0000e+01 -4.0000e+01 -6.0404e+00
-7.0000e+01 -3.0000e+01 -4.7882e+00
-7.0000e+01 -2.0000e+01 -4.9006e+00
-7.0000e+01 -1.0000e+01 -2.9425e+00
-7.0000e+01 0.0000e+00 -9.6836e+00
-7.0000e+01 1.0000e+01 -8.1522e+00
-7.0000e+01 2.0000e+01 -7.3834e+00
-7.0000e+01 3.0000e+01 -6.9001e+00
-7.0000e+01 4.0000e+01 -3.6352e+00
-7.0000e+01 5.0000e+01 -5.1736e+00
-7.0000e+01 6.0000e+01 -3.1409e+00
-7.0000e+01 7.0000e+01 -2.5938e+00
-7.0000e+01 8.0000e+01 -3.6999e+00
-7.0000e+01 9.0000e+01 -1.5741e+00
-7.0000e+01 1.0000e+02 -4.8229e-01
-7.0000e+01 1.1000e+02 -6.3147e-01
-7.0000e+01 1.2000e+02 2.4943e+00
-7.0000e+01 1.3000e+02 -9.9226e-01
-7.0000e+01 1.4000e+02 -3.1659e+00
-7.0000e+01 1.5000e+02 -2.0060e+00
-7.0000e+01 1.6000e+02 2.8182e-02
-7.0000e+01 1.7000e+02 3.6092e-02
-7.0000e+01 1.8000e+02 -2.1875e+00
-7.0000e+01 1.9000e+02 1.2130e+00
-7.0000e+01 2.0000e+02 -7.8230e-01
-6.0000e+01 -2.0000e+02 -1.4809e+00
-6.0000e+01 -1.9000e+02 -1.2598e+00
-6.0000e+01 -1.8000e+02 -2.0302e+00
-6.0000e+01 -1.7000e+02 -5.1052e-01
-6.0000e+01 -1.6000e+02 -3.0883e+00
-6.0000e+01 -1.5000e+02 3.4071e-01
-6.0000e+01 -1.4000e+02 -5.0796e-01
-6.0000e+01 -1.3000e+02 -3.5043e+00
-6.0000e+01 -1.2000e+02 -1.5935e+00
-6.0000e+01 -1.1000e+02 -1.6455e-01
-6.0000e+01 -1.0000e+02 -1.4338e+00
-6.0000e+01 -9.0000e+01 -3.4102e+00
-6.0000e+01 -8.0000e+01 -5.3950e+00
-6.0000e+01 -7.0000e+01 -5.5977e+00
-6.0000e+01 -6.0000e+01 -3.6707e+00
-6.0000e+01 -5.0000e+01 -5.1443e+00
-6.0000e+01 -4.0000e+01 -5.6633e+00
-6.0000e+01 -3.0000e+01 -7.4061e+00
-6.0000e+01 -2.0000e+01 -7.9026e+00
-6.0000e+01 -1.0000e+01 -6.8266e+00
-6.0000e+01 0.0000e+00 -1.1898e+01
-6.0000e+01 1.0000e+01 -1.0347e+01
-6.0000e+01 2.0000e+01 -9.9833e+00
-6.0000e+01 3.0000e+01 -4.5240e+00
-6.0000e+01 4.0000e+01 -6.5306e+00
-6.0000e+01 5.0000e+01 -8.7200e+00
-6.0000e+01 6.0000e+01 -5.6883e+00
-6.0000e+01 7.0000e+01 -6.7181e+00
-6.0000e+01 8.0000e+01 -7.6338e-01
-6.0000e+01 9.0000e+01 -7.6415e-01
-6.0000e+01 1.0000e+02 -1.7422e+00
-6.0000e+01 1.1000e+02 7.5880e-01
-6.0000e+01 1.2000e+02 -9.8502e-01
-6.0000e+01 1.3000e+02 -2.0188e+00
-6.0000e+01 1.4000e+02 1.4241e+00
-6.0000e+01 1.5000e+02 -1.3275e+00
-6.0000e+01 1.6000e+02 -2.3019e-01
-6.0000e+01 1.7000e+02 1.1667e+00
-6.0000e+01 1.8000e+02 9.1751e-01
-6.0000e+01 1.9000e+02 -9.7930e-01
-6.0000e+01 2.0000e+02 1.7294e+00
-5.0000e+01 -2.0000e+02 8.4072e-01
-5.0000e+01 -1.9000e+02 1.0810e+00
-5.0000e+01 -1.8000e+02 -3.3258e-01
-5.0000e+01 -1.7000e+02 -9.1842e-01
-5.0000e+01 -1.6000e+02 8.3254e-01
-5.0000e+01 -1.5000e+02 1.0542e-01
-5.0000e+01 -1.4000e+02 -1.9778e+00
-5.0000e+01 -1.3000e+02 2.1050e+00
-5.0000e+01 -1.2000e+02 -1.5203e+00
-5.0000e+01 -1.1000e+02 -3.0517e+00
-5.0000e+01 -1.0000e+02 -2.3682e-01
-5.0000e+01 -9.0000e+01 -2.9116e+00
-5.0000e+01 -8.0000e+01 -4.6205e+00
-5.0000e+01 -7.0000e+01 -5.9541e+00
-5.0000e+01 -6.0000e+01 -8.2146e+00
-5.0000e+01 -5.0000e+01 -5.9283e+00
-5.0000e+01 -4.0000e+01 -8.2352e+00
-5.0000e+01 -3.0000e+01 -9.3177e+00
-5.0000e+01 -2.0000e+01 -1.1076e+01
-5.0000e+01 -1.0000e+01 -9.3258e+00
-5.0000e+01 0.0000e+00 -1.1191e+01
-5.0000e+01 1.0000e+01 -1.0131e+01
-5.0000e+01 2.0000e+01 -9.3906e+00
-5.0000e+01 3.0000e+01 -7.9349e+00
-5.0000e+01 4.0000e+01 -5.5383e+00
-5.0000e+01 5.0000e+01 -7.9622e+00
-5.0000e+01 6.0000e+01 -4.0545e+00
-5.0000e+01 7.0000e+01 -6.7600e+00
-5.0000e+01 8.0000e+01 -2.8165e+00
-5.0000e+01 9.0000e+01 -3.0142e+00
-5.0000e+01 1.0000e+02 4.6785e-01
-5.0000e+01 1.1000e+02 -2.5563e+00
-5.0000e+01 1.2000e+02 -2.2500e+00
-5.0000e+01 1.3000e+02 9.9446e-01
-5.0000e+01 1.4000e+02 8.5846e-02
-5.0000e+01 1.5000e+02 -3.4462e-01
-5.0000e+01 1.6000e+02 -1.5996e+00
-5.0000e+01 1.7000e+02 4.2911e-01
-5.0000e+01 1.8000e+02 8.7927e-01
-5.0000e+01 1.9000e+02 1.9199e+00
-5.0000e+01 2.0000e+02 -1.8651e+00
-4.0000e+01 -2.0000e+02 9.0657e-01
-4.0000e+01 -1.9000e+02 1.4161e+00
-4.0000e+01 -1.8000e+02 -9.8835e-02
-4.0000e+01 -1.7000e+02 8.0003e-02
-4.0000e+01 -1.6000e+02 -8.0837e-01
-4.0000e+01 -1.5000e+02 -1.0948e+00
-4.0000e+01 -1.4000e+02 -4.9492e-01
-4.0000e+01 -1.3000e+02 -7.7608e-01
-4.0000e+01 -1.2000e+02 -2.1053e+00
-4.0000e+01 -1.1000e+02 -2.3221e+00
-4.0000e+01 -1.0000e+02 -1.3235e+00
-4.0000e+01 -9.0000e+01 -4.1589e+00
-4.0000e+01 -8.0000e+01 -3.7389e+00
-4.0000e+01 -7.0000e+01 -8.2048e+00
-4.0000e+01 -6.0000e+01 -6.8187e+00
-4.0000e+01 -5.0000e+01 -6.0334e+00
-4.0000e+01 -4.0000e+01 -8.4877e+00
-4.0000e+01 -3.0000e+01 -1.0591e+01
-4.0000e+01 -2.0000e+01 -1.1741e+01
-4.0000e+01 -1.0000e+01 -1.0329e+01
-4.0000e+01 0.0000e+00 -1.0811e+01
-4.0000e+01 1.0000e+01 -1.0235e+01
-4.0000e+01 2.0000e+01 -9.4383e+00
-4.0000e+01 3.0000e+01 -9.0775e+00
-4.0000e+01 4.0000e+01 -1.1534e+01
-4.0000e+01 5.0000e+01 -6.7888e+00
-4.0000e+01 6.0000e+01 -7.9024e+00
-4.0000e+01 7.0000e+01 -6.8672e+00
-4.0000e+01 8.0000e+01 -5.1632e+00
-4.0000e+01 9.0000e+01 -2.0166e+00
-4.0000e+01 1.0000e+02 -2.2739e+00
-4.0000e+01 1.1000e+02 -3.7523e+00
-4.0000e+01 1.2000e+02 -2.8355e+00
-4.0000e+01 1.3000e+02 1.2363e+00
-4.0000e+01 1.4000e+02 7.5765e-01
-4.0000e+01 1.5000e+02 1.4161e+00
-4.0000e+01 1.6000e+02 -5.6937e-01
-4.0000e+01 1.7000e+02 -1.4249e+00
-4.0000e+01 1.8000e+02 -2.1323e-01
-4.0000e+01 1.9000e+02 1.4486e+00
-4.0000e+01 2.0000e+02 -1.0412e+00
-3.0000e+01 -2.0000e+02 8.1405e-01
-3.0000e+01 -1.9000e+02 5.9008e-01
-3.0000e+01 -1.8000e+02 -2.2255e+00
-3.0000e+01 -1.7000e+02 1.2500e+00
-3.0000e+01 -1.6000e+02 3.3131e+00
-3.0000e+01 -1.5000e+02 -1.1663e+00
-3.0000e+01 -1.4000e+02 6.2074e-01
-3.0000e+01 -1.3000e+02 -2.2566e+00
-3.0000e+01 -1.2000e+02 -8.1034e-01
-3.0000e+01 -1.1000e+02 -1.1466e+00
-3.0000e+01 -1.0000e+02 -3.7543e+00
-3.0000e+01 -9.0000e+01 -1.7398e+00
-3.0000e+01 -8.0000e+01 -4.9907e+00
-3.0000e+01 -7.0000e+01 -4.8640e+00
-3.0000e+01 -6.0000e+01 -6.5142e+00
-3.0000e+01 -5.0000e+01 -8.8557e+00
-3.0000e+01 -4.0000e+01 -1.2155e+01
-3.0000e+01 -3.0000e+01 -8.8673e+00
-3.0000e+01 -2.0000e+01 -1.1837e+01
-3.0000e+01 -1.0000e+01 -1.4464e+01
-3.0000e+01 0.0000e+00 -1.1804e+01
-3.0000e+01 1.0000e+01 -1.3293e+01
-3.0000e+01 2.0000e+01 -1.0700e+01
-3.0000e+01 3.0000e+01 -1.3566e+01
-3.0000e+01 4.0000e+01 -9.8267e+00
-3.0000e+01 5.0000e+01 -7.4872e+00
-3.0000e+01 6.0000e+01 -9.5320e+00
-3.0000e+01 7.0000e+01 -8.0060e+00
-3.0000e+01 8.0000e+01 -4.3323e+00
-3.0000e+01 9.0000e+01 -1.3873e+00
-3.0000e+01 1.0000e+02 -1.9779e+00
-3.0000e+01 1.1000e+02 -3.6831e+00
-3.0000e+01 1.2000e+02 4.6978e-01
-3.0000e+01 1.3000e+02 -5.0307e-01
-3.0000e+01 1.4000e+02 -2.2624e+00
-3.0000e+01 1.5000e+02 1.2995e+00
-3.0000e+01 1.6000e+02 4.4082e-01
-3.0000e+01 1.7000e+02 -1.2979e+00
-3.0000e+01 1.8000e+02 1.6331e-01
-3.0000e+01 1.9000e+02 3.4732e-01
-3.0000e+01 2.0000e+02 2.3810e+00
-2.0000e+01 -2.0000e+02 5.4708e-01
-2.0000e+01 -1.9000e+02 -1.5315e-01
-2.0000e+01 -1.8000e+02 6.0294e-01
-2.0000e+01 -1.7000e+02 6.6635e-01
-2.0000e+01 -1.6000e+02 -3.6237e-01
-2.0000e+01 -1.5000e+02 -1.8067e+00
-2.0000e+01 -1.4000e+02 -9.8733e-01
-2.0000e+01 -1.3000e+02 1.6435e-01
-2.0000e+01 -1.2000e+02 1.2725e-01
-2.0000e+01 -1.1000e+02 -2.8365e+00
-2.0000e+01 -1.0000e+02 -2.3791e+00
-2.0000e+01 -9.0000e+01 -2.3890e+00
-2.0000e+01 -8.0000e+01 -4.2766e+00
-2.0000e+01 -7.0000e+01 -6.9117e+00
-2.0000e+01 -6.0000e+01 -6.7045e+00
-2.0000e+01 -5.0000e+01 -8.7306e+00
-2.0000e+01 -4.0000e+01 -1.2664e+01
-2.0000e+01 -3.0000e+01 -1.4317e+01
-2.0000e+01 -2.0000e+01 -1.1448e+01
-2.0000e+01 -1.0000e+01 -1.4172e+01
-2.0000e+01 0.0000e+00 -1.3955e+01
-2.0000e+01 1.0000e+01 -1.3216e+01
-2.0000e+01 2.0000e+01 -1.4625e+01
-2.0000e+01 3.0000e+01 -1.1059e+01
-2.0000e+01 4.0000e+01 -7.4420e+00
-2.0000e+01 5.0000e+01 -8.8861e+00
-2.0000e+01 6.0000e+01 -1.0150e+01
-2.0000e+01 7.0000e+01 -7.6802e+00
-2.0000e+01 8.0000e+01 -7.5651e+00
-2.0000e+01 9.0000e+01 -4.4033e+00
-2.0000e+01 1.0000e+02 -4.6686e+00
-2.0000e+01 1.1000e+02 -3.2970e+00
-2.0000e+01 1.2000e+02 -2.5757e+00
-2.0000e+01 1.3000e+02 -1.6422e+00
-2.0000e+01 1.4000e+02 -1.8151e+00
-2.0000e+01 1.5000e+02 -1.3039e+00
-2.0000e+01 1.6000e+02 2.3879e+00
-2.0000e+01 1.7000e+02 -3.8445e-01
-2.0000e+01 1.8000e+02 3.2425e+00
-2.0000e+01 1.9000e+02 -5.3495e+00
-2.0000e+01 2.0000e+02 1.4637e+00
-1.0000e+01 -2.0000e+02 5.7517e-01
-1.0000e+01 -1.9000e+02 -2.4114e+00
-1.0000e+01 -1.8000e+02 -2.0656e-01
-1.0000e+01 -1.7000e+02 -3.1308e+00
-1.0000e+01 -1.6000e+02 9.1054e-01
-1.0000e+01 -1.5000e+02 -1.1813e+00
-1.0000e+01 -1.4000e+02 -1.8412e+00
-1.0000e+01 -1.3000e+02 -1.3043e+00
-1.0000e+01 -1.2000e+02 -4.7943e+00
-1.0000e+01 -1.1000e+02 -9.8672e-01
-1.0000e+01 -1.0000e+02 -4.0313e-01
-1.0000e+01 -9.0000e+01 -4.8234e-01
-1.0000e+01 -8.0000e+01 -5.6573e+00
-1.0000e+01 -7.0000e+01 -4.8702e+00
-1.0000e+01 -6.0000e+01 -9.4115e+00
-1.0000e+01 -5.0000e+01 -7.7022e+00
-1.0000e+01 -4.0000e+01 -9.6140e+00
-1.0000e+01 -3.0000e+01 -1.4050e+01
-1.0000e+01 -2.0000e+01 -1.6047e+01
-1.0000e+01 -1.0000e+01 -1.4351e+01
-1.0000e+01 0.0000e+00 -1.6221e+01
-1.0000e+01 1.0000e+01 -1.6233e+01
-1.0000e+01 2.0000e+01 -1.2494e+01
-1.0000e+01 3.0000e+01 -1.2776e+01
-1.0000e+01 4.0000e+01 -1.1777e+01
-1.0000e+01 5.0000e+01 -1.2226e+01
-1.0000e+01 6.0000e+01 -7.7958e+00
-1.0000e+01 7.0000e+01 -6.0940e+00
-1.0000e+01 8.0000e+01 -3.9805e+00
-1.0000e+01 9.0000e+01 -2.5688e+00
-1.0000e+01 1.0000e+02 -1.6989e+00
-1.0000e+01 1.1000e+02 -3.4854e-01
-1.0000e+01 1.2000e+02 -6.7716e-01
-1.0000e+01 1.3000e+02 4.2849e-02
-1.0000e+01 1.4000e+02 1.0032e+00
-1.0000e+01 1.5000e+02 -7.5280e-02
-1.0000e+01 1.6000e+02 6.3308e-01
-1.0000e+01 1.7000e+02 1.1464e+00
-1.0000e+01 1.8000e+02 2.8789e-01
-1.0000e+01 1.9000e+02 -1.6263e+00
-1.0000e+01 2.0000e+02 2.2441e-01
0.0000e+00 -2.0000e+02 -5.3317e-01
0.0000e+00 -1.9000e+02 -1.8460e+00
0.0000e+00 -1.8000e+02 -1.4690e+00
0.0000e+00 -1.7000e+02 -2.7985e+00
0.0000e+00 -1.6000e+02 6.6198e-01
0.0000e+00 -1.5000e+02 8.8800e-01
0.0000e+00 -1.4000e+02 -6.2553e-01
0.0000e+00 -1.3000e+02 -3.8054e+00
0.0000e+00 -1.2000e+02 -4.0079e+00
0.0000e+00 -1.1000e+02 -9.1501e-01
0.0000e+00 -1.0000e+02 -4.5695e+00
0.0000e+00 -9.0000e+01 -4.5395e+00
0.0000e+00 -8.0000e+01 -1.7594e+00
0.0000e+00 -7.0000e+01 -3.7115e+00
0.0000e+00 -6.0000e+01 -1.0019e+01
0.0000e+00 -5.0000e+01 -6.7598e+00
0.0000e+00 -4.0000e+01 -1.1453e+01
0.0000e+00 -3.0000e+01 -1.5214e+01
0.0000e+00 -2.0000e+01 -1.2472e+01
0.0000e+00 -1.0000e+01 -1.6677e+01
0.0000e+00 0.0000e+00 -1.5919e+01
0.0000e+00 1.0000e+01 -1.2337e+01
0.0000e+00 2.0000e+01 -1.4547e+01
0.0000e+00 3.0000e+01 -1.1722e+01
0.0000e+00 4.0000e+01 -7.9880e+00
0.0000e+00 5.0000e+01 -9.5982e+00
0.0000e+00 6.0000e+01 -7.8820e+00
0.0000e+00 7.0000e+01 -7.5775e+00
0.0000e+00 8.0000e+01 -6.1223e+00
0.0000e+00 9.0000e+01 -4.4648e+00
0.0000e+00 1.0000e+02 -3.2652e+00
0.0000e+00 1.1000e+02 -1.5866e+00
0.0000e+00 1.2000e+02 -3.2286e+00
0.0000e+00 1.3000e+02 -1.8594e+00
0.0000e+00 1.4000e+02 -2.9450e+00
0.0000e+00 1.5000e+02 5.6531e-02
0.0000e+00 1.6000e+02 5.2004e-01
0.0000e+00 1.7000e+02 1.1967e-01
0.0000e+00 1.8000e+02 1.2763e+00
0.0000e+00 1.9000e+02 1.1174e+00
0.0000e+00 2.0000e+02 5.5993e-01
1.0000e+01 -2.0000e+02 1.5176e+00
1.0000e+01 -1.9000e+02 1.9163e-01
1.0000e+01 -1.8000e+02 5.5715e-01
1.0000e+01 -1.7000e+02 -5.3370e-02
1.0000e+01 -1.6000e+02 4.3198e+00
1.0000e+01 -1.5000e+02 -5.9172e-01
1.0000e+01 -1.4000e+02 -1.8907e+00
1.0000e+01 -1.3000e+02 -2.3072e+00
1.0000e+01 -1.2000e+02 -4.2198e+00
1.0000e+01 -1.1000e+02 -4.4030e-01
1.0000e+01 -1.0000e+02 -2.9326e+00
1.0000e+01 -9.0000e+01 -4.6777e+00
1.0000e+01 -8.0000e+01 -5.3625e+00
1.0000e+01 -7.0000e+01 -8.6742e+00
1.0000e+01 -6.0000e+01 -7.2877e+00
1.0000e+01 -5.0000e+01 -6.4473e+00
1.0000e+01 -4.0000e+01 -9.1429e+00
1.0000e+01 -3.0000e+01 -9.8305e+00
1.0000e+01 -2.0000e+01 -1.3870e+01
1.0000e+01 -1.0000e+01 -1.5379e+01
1.0000e+01 0.0000e+00 -1.4972e+01
1.0000e+01 1.0000e+01 -1.3465e+01
1.0000e+01 2.0000e+01 -1.3634e+01
1.0000e+01 3.0000e+01 -1.3885e+01
1.0000e+01 4.0000e+01 -1.0225e+01
1.0000e+01 5.0000e+01 -8.5328e+00
1.0000e+01 6.0000e+01 -8.0028e+00
1.0000e+01 7.0000e+01 -5.5431e+00
1.0000e+01 8.0000e+01 -1.6449e+00
1.0000e+01 9.0000e+01 -4.5249e+00
1.0000e+01 1.0000e+02 -3.2810e+00
1.0000e+01 1.1000e+02 -7.6054e-01
1.0000e+01 1.2000e+02 -4.6556e-01
1.0000e+01 1.3000e+02 -1.5360e+00
1.0000e+01 1.4000e+02 -1.0850e+00
1.0000e+01 1.5000e+02 -3.5466e+00
1.0000e+01 1.6000e+02 1.9567e-01
1.0000e+01 1.7000e+02 -4.3066e-02
1.0000e+01 1.8000e+02 -4.6995e-01
1.0000e+01 1.9000e+02 -1.1566e+00
1.0000e+01 2.0000e+02 -1.1080e+00
2.0000e+01 -2.0000e+02 1.4089e+00
2.0000e+01 -1.9000e+02 1.6035e-02
2.0000e+01 -1.8000e+02 1.0811e-01
2.0000e+01 -1.7000e+02 -1.5034e-01
2.0000e+01 -1.6000e+02 1.1933e+00
2.0000e+01 -1.5000e+02 1.1032e+00
2.0000e+01 -1.4000e+02 6.3772e-01
2.0000e+01 -1.3000e+02 1.6308e-01
2.0000e+01 -1.2000e+02 6.2911e-01
2.0000e+01 -1.1000e+02 -3.0907e+00
2.0000e+01 -1.0000e+02 -3.5539e+00
2.0000e+01 -9.0000e+01 -4.7915e+00
2.0000e+01 -8.0000e+01 -5.2350e+00
2.0000e+01 -7.0000e+01 -4.6696e+00
2.0000e+01 -6.0000e+01 -9.5119e+00
2.0000e+01 -5.0000e+01 -9.1855e+00
2.0000e+01 -4.0000e+01 -1.1865e+01
2.0000e+01 -3.0000e+01 -1.1149e+01
2.0000e+01 -2.0000e+01 -1.1577e+01
2.0000e+01 -1.0000e+01 -1.4048e+01
2.0000e+01 0.0000e+00 -1.2262e+01
2.0000e+01 1.0000e+01 -1.5852e+01
2.0000e+01 2.0000e+01 -1.3620e+01
2.0000e+01 3.0000e+01 -1.3524e+01
2.0000e+01 4.0000e+01 -1.1063e+01
2.0000e+01 5.0000e+01 -7.4103e+00
2.0000e+01 6.0000e+01 -8.0125e+00
2.0000e+01 7.0000e+01 -8.5691e+00
2.0000e+01 8.0000e+01 -6.0695e+00
2.0000e+01 9.0000e+01 -6.8012e+00
2.0000e+01 1.0000e+02 -2.0264e+00
2.0000e+01 1.1000e+02 -1.3152e+00
2.0000e+01 1.2000e+02 -1.3019e+00
2.0000e+01 1.3000e+02 -3.4090e+00
2.0000e+01 1.4000e+02 -1.5790e+00
2.0000e+01 1.5000e+02 -1.5741e+00
2.0000e+01 1.6000e+02 -1.4888e+00
2.0000e+01 1.7000e+02 -1.0496e+00
2.0000e+01 1.8000e+02 -6.3706e-01
2.0000e+01 1.9000e+02 1.4896e+00
2.0000e+01 2.0000e+02 3.7734e-01
3.0000e+01 -2.0000e+02 -5.2549e-01
3.0000e+01 -1.9000e+02 2.7487e-01
3.0000e+01 -1.8000e+02 -1.6341e+00
3.0000e+01 -1.7000e+02 -7.8818e-01
3.0000e+01 -1.6000e+02 -5.7548e-01
3.0000e+01 -1.5000e+02 -4.0301e+00
3.0000e+01 -1.4000e+02 -2.7111e-01
3.0000e+01 -1.3000e+02 -5.5178e-01
3.0000e+01 -1.2000e+02 -3.1378e+00
3.0000e+01 -1.1000e+02 -1.2194e+00
3.0000e+01 -1.0000e+02 -3.3166e+00
3.0000e+01 -9.0000e+01 -1.9675e+00
3.0000e+01 -8.0000e+01 -5.8078e+00
3.0000e+01 -7.0000e+01 -3.7258e+00
3.0000e+01 -6.0000e+01 -7.4625e+00
3.0000e+01 -5.0000e+01 -9.4932e+00
3.0000e+01 -4.0000e+01 -1.0356e+01
3.0000e+01 -3.0000e+01 -1.0691e+01
3.0000e+01 -2.0000e+01 -1.0485e+01
3.0000e+01 -1.0000e+01 -1.4031e+01
3.0000e+01 0.0000e+00 -1.0242e+01
3.0000e+01 1.0000e+01 -1.2070e+01
3.0000e+01 2.0000e+01 -7.5594e+00
3.0000e+01 3.0000e+01 -1.0491e+01
3.0000e+01 4.0000e+01 -1.0642e+01
3.0000e+01 5.0000e+01 -9.5561e+00
3.0000e+01 6.0000e+01 -7.7852e+00
3.0000e+01 7.0000e+01 -6.8782e+00
3.0000e+01 8.0000e+01 -4.6969e+00
3.0000e+01 9.0000e+01 -2.8660e+00
3.0000e+01 1.0000e+02 -3.9562e+00
3.0000e+01 1.1000e+02 -4.1046e+00
3.0000e+01 1.2000e+02 -2.0021e+00
3.0000e+01 1.3000e+02 -7.8693e-01
3.0000e+01 1.4000e+02 -1.5312e+00
3.0000e+01 1.5000e+02 -4.2688e-01
3.0000e+01 1.6000e+02 -3.8179e+00
3.0000e+01 1.7000e+02 -2.8780e+00
3.0000e+01 1.8000e+02 2.4161e+00
3.0000e+01 1.9000e+02 -1.3135e-01
3.0000e+01 2.0000e+02 -1.8115e+00
4.0000e+01 -2.0000e+02 8.7874e-01
4.0000e+01 -1.9000e+02 9.9777e-01
4.0000e+01 -1.8000e+02 7.6765e-01
4.0000e+01 -1.7000e+02 6.6171e-01
4.0000e+01 -1.6000e+02 -1.0652e+00
4.0000e+01 -1.5000e+02 -1.9382e-01
4.0000e+01 -1.4000e+02 1.4470e+00
4.0000e+01 -1.3000e+02 -1.2232e+00
4.0000e+01 -1.2000e+02 -2.3606e+00
4.0000e+01 -1.1000e+02 -2.0231e+00
4.0000e+01 -1.0000e+02 -3.2947e+00
4.0000e+01 -9.0000e+01 -4.2333e+00
4.0000e+01 -8.0000e+01 -4.7635e+00
4.0000e+01 -7.0000e+01 -3.8221e+00
4.0000e+01 -6.0000e+01 -6.5470e+00
4.0000e+01 -5.0000e+01 -5.7333e+00
4.0000e+01 -4.0000e+01 -1.0732e+01
4.0000e+01 -3.0000e+01 -1.2772e+01
4.0000e+01 -2.0000e+01 -1.2927e+01
4.0000e+01 -1.0000e+01 -1.1388e+01
4.0000e+01 0.0000e+00 -8.3844e+00
4.0000e+01 1.0000e+01 -1.1698e+01
4.0000e+01 2.0000e+01 -9.2515e+00
4.0000e+01 3.0000e+01 -1.0302e+01
4.0000e+01 4.0000e+01 -8.5399e+00
4.0000e+01 5.0000e+01 -6.6890e+00
4.0000e+01 6.0000e+01 -6.9915e+00
4.0000e+01 7.0000e+01 -5.6453e+00
4.0000e+01 8.0000e+01 -7.7793e+00
4.0000e+01 9.0000e+01 -4.2057e+00
4.0000e+01 1.0000e+02 -1.8910e+00
4.0000e+01 1.1000e+02 -7.1194e-01
4.0000e+01 1.2000e+02 -1.0777e+00
4.0000e+01 1.3000e+02 -9.3817e-01
4.0000e+01 1.4000e+02 -2.1004e+00
4.0000e+01 1.5000e+02 -2.7975e-01
4.0000e+01 1.6000e+02 -2.7642e+00
4.0000e+01 1.7000e+02 1.5131e+00
4.0000e+01 1.8000e+02 -1.4462e+00
4.0000e+01 1.9000e+02 -8.0779e-01
4.0000e+01 2.0000e+02 -7.4762e-01
5.0000e+01 -2.0000e+02 -6.3986e-01
5.0000e+01 -1.9000e+02 2.4352e-01
5.0000e+01 -1.8000e+02 -2.5775e+00
5.0000e+01 -1.7000e+02 -8.8915e-01
5.0000e+01 -1.6000e+02 -1.5104e+00
5.0000e+01 -1.5000e+02 -1.7710e+00
5.0000e+01 -1.4000e+02 1.5587e+00
5.0000e+01 -1.3000e+02 8.9279e-01
5.0000e+01 -1.2000e+02 -4.0345e-01
5.0000e+01 -1.1000e+02 -6.5796e-01
5.0000e+01 -1.0000e+02 -8.7229e-02
5.0000e+01 -9.0000e+01 -3.2270e+00
5.0000e+01 -8.0000e+01 -4.1306e+00
5.0000e+01 -7.0000e+01 -1.1867e+00
5.0000e+01 -6.0000e+01 -7.3202e+00
5.0000e+01 -5.0000e+01 -9.1649e+00
5.0000e+01 -4.0000e+01 -9.5756e+00
5.0000e+01 -3.0000e+01 -9.6300e+00
5.0000e+01 -2.0000e+01 -1.0161e+01
5.0000e+01 -1.0000e+01 -9.6106e+00
5.0000e+01 0.0000e+00 -9.5753e+00
5.0000e+01 1.0000e+01 -9.5367e+00
5.0000e+01 2.0000e+01 -1.0558e+01
5.0000e+01 3.0000e+01 -9.1272e+00
5.0000e+01 4.0000e+01 -5.4296e+00
5.0000e+01 5.0000e+01 -8.4321e+00
5.0000e+01 6.0000e+01 -8.5691e+00
5.0000e+01 7.0000e+01 -6.7878e+00
5.0000e+01 8.0000e+01 -3.2190e+00
5.0000e+01 9.0000e+01 -4.4271e+00
5.0000e+01 1.0000e+02 -4.2046e+00
5.0000e+01 1.1000e+02 -1.9450e+00
5.0000e+01 1.2000e+02 -1.1277e-01
5.0000e+01 1.3000e+02 -3.3510e+00
5.0000e+01 1.4000e+02 -7.0412e-01
5.0000e+01 1.5000e+02 8.9790e-01
5.0000e+01 1.6000e+02 6.7935e-01
5.0000e+01 1.7000e+02 1.6764e+00
5.0000e+01 1.8000e+02 3.4704e-01
5.0000e+01 1.9000e+02 2.8548e+00
5.0000e+01 2.0000e+02 -1.6095e+00
6.0000e+01 -2.0000e+02 -2.6445e+00
6.0000e+01 -1.9000e+02 -1.3738e+00
6.0000e+01 -1.8000e+02 3.5626e-01
6.0000e+01 -1.7000e+02 2.0026e+00
6.0000e+01 -1.6000e+02 -2.4201e+00
6.0000e+01 -1.5000e+02 -1.0701e+00
6.0000e+01 -1.4000e+02 -2.8243e+00
6.0000e+01 -1.3000e+02 -1.2725e+00
6.0000e+01 -1.2000e+02 -1.8320e+00
6.0000e+01 -1.1000e+02 -1.1441e+00
6.0000e+01 -1.0000e+02 -1.0293e+00
6.0000e+01 -9.0000e+01 -8.0087e-01
6.0000e+01 -8.0000e+01 -2.4828e+00
6.0000e+01 -7.0000e+01 -5.7284e+00
6.0000e+01 -6.0000e+01 -2.5995e+00
6.0000e+01 -5.0000e+01 -6.6201e+00
6.0000e+01 -4.0000e+01 -5.8982e+00
6.0000e+01 -3.0000e+01 -5.8307e+00
6.0000e+01 -2.0000e+01 -9.0147e+00
6.0000e+01 -1.0000e+01 -9.8546e+00
6.0000e+01 0.0000e+00 -7.0197e+00
6.0000e+01 1.0000e+01 -6.2370e+00
6.0000e+01 2.0000e+01 -5.5332e+00
6.0000e+01 3.0000e+01 -6.3420e+00
6.0000e+01 4.0000e+01 -5.3683e+00
6.0000e+01 5.0000e+01 -5.5074e+00
6.0000e+01 6.0000e+01 -4.9501e+00
6.0000e+01 7.0000e+01 -5.9708e+00
6.0000e+01 8.0000e+01 -2.7900e+00
6.0000e+01 9.0000e+01 -1.2144e+00
6.0000e+01 1.0000e+02 2.2909e-01
6.0000e+01 1.1000e+02 -2.6405e+00
6.0000e+01 1.2000e+02 -1.3279e+00
6.0000e+01 1.3000e+02 -1.3530e+00
6.0000e+01 1.4000e+02 -1.3255e+00
6.0000e+01 1.5000e+02 -1.4587e+00
6.0000e+01 1.6000e+02 -5.5638e-01
6.0000e+01 1.7000e+02 1.1486e-01
6.0000e+01 1.8000e+02 1.4644e+00
6.0000e+01 1.9000e+02 -8.8175e-01
6.0000e+01 2.0000e+02 -2.2371e+00
7.0000e+01 -2.0000e+02 1.3117e+00
7.0000e+01 -1.9000e+02 1.9994e+00
7.0000e+01 -1.8000e+02 4.4081e-01
7.0000e+01 -1.7000e+02 -2.4129e+00
7.0000e+01 -1.6000e+02 1.4664e+00
7.0000e+01 -1.5000e+02 1.3641e+00
7.0000e+01 -1.4000e+02 -7.0020e-01
7.0000e+01 -1.3000e+02 -2.4548e-01
7.0000e+01 -1.2000e+02 -9.5960e-01
7.0000e+01 -1.1000e+02 -1.2173e+00
7.0000e+01 -1.0000e+02 -3.6246e+00
7.0000e+01 -9.0000e+01 -1.5973e+00
7.0000e+01 -8.0000e+01 -2.0340e+00
7.0000e+01 -7.0000e+01 -5.3749e+00
7.0000e+01 -6.0000e+01 -2.4894e+00
7.0000e+01 -5.0000e+01 -6.0826e+00
7.0000e+01 -4.0000e+01 -4.9148e+00
7.0000e+01 -3.0000e+01 -5.4677e+00
7.0000e+01 -2.0000e+01 -6.6865e+00
7.0000e+01 -1.0000e+01 -6.6421e+00
7.0000e+01 0.0000e+00 -8.3533e+00
7.0000e+01 1.0000e+01 -6.2144e+00
7.0000e+01 2.0000e+01 -7.6343e+00
7.0000e+01 3.0000e+01 -5.9266e+00
7.0000e+01 4.0000e+01 -2.9708e+00
7.0000e+01 5.0000e+01 -7.5689e+00
7.0000e+01 6.0000e+01 -2.9737e+00
7.0000e+01 7.0000e+01 -2.9558e+00
7.0000e+01 8.0000e+01 -2.4427e+00
7.0000e+01 9.0000e+01 -2.6512e+00
7.0000e+01 1.0000e+02 4.6121e-01
7.0000e+01 1.1000e+02 7.0207e-01
7.0000e+01 1.2000e+02 1.1457e+00
7.0000e+01 1.3000e+02 4.5969e-01
7.0000e+01 1.4000e+02 -9.4458e-01
7.0000e+01 1.5000e+02 -1.8055e-01
7.0000e+01 1.6000e+02 -1.2610e+00
7.0000e+01 1.7000e+02 -1.0141e+00
7.0000e+01 1.8000e+02 -1.4650e+00
7.0000e+01 1.9000e+02 -1.0993e+00
7.0000e+01 2.0000e+02 2.0162e+00
8.0000e+01 -2.0000e+02 -4.4222e-01
8.0000e+01 -1.9000e+02 1.9283e+00
8.0000e+01 -1.8000e+02 -1.0533e+00
8.0000e+01 -1.7000e+02 9.8132e-01
8.0000e+01 -1.6000e+02 -1.7247e-01
8.0000e+01 -1.5000e+02 -2.3679e+00
8.0000e+01 -1.4000e+02 -1.0467e-03
8.0000e+01 -1.3000e+02 1.4411e+00
8.0000e+01 -1.2000e+02 -4.1861e-01
8.0000e+01 -1.1000e+02 -6.8628e-01
8.0000e+01 -1.0000e+02 -1.2207e+00
8.0000e+01 -9.0000e+01 -2.4910e-01
8.0000e+01 -8.0000e+01 -1.6033e+00
8.0000e+01 -7.0000e+01 -2.2538e+00
8.0000e+01 -6.0000e+01 -5.4987e+00
8.0000e+01 -5.0000e+01 -4.8483e+00
8.0000e+01 -4.0000e+01 -6.3099e+00
8.0000e+01 -3.0000e+01 -6.8047e+00
8.0000e+01 -2.0000e+01 -4.7011e+00
8.0000e+01 -1.0000e+01 -7.6492e+00
8.0000e+01 0.0000e+00 -1.5650e+00
8.0000e+01 1.0000e+01 -5.6964e+00
8.0000e+01 2.0000e+01 -3.7729e+00
8.0000e+01 3.0000e+01 -4.2330e+00
8.0000e+01 4.0000e+01 -5.4130e+00
8.0000e+01 5.0000e+01 -5.9701e+00
8.0000e+01 6.0000e+01 -2.5258e+00
8.0000e+01 7.0000e+01 -1.2291e+00
8.0000e+01 8.0000e+01 -3.2223e+00
8.0000e+01 9.0000e+01 -5.1265e+00
8.0000e+01 1.0000e+02 -1.9889e-01
8.0000e+01 1.1000e+02 -9.9416e-01
8.0000e+01 1.2000e+02 2.5723e-01
8.0000e+01 1.3000e+02 -6.7808e-01
8.0000e+01 1.4000e+02 3.1257e-01
8.0000e+01 1.5000e+02 -1.9946e+00
8.0000e+01 1.6000e+02 -9.2163e-01
8.0000e+01 1.7000e+02 1.9609e-01
8.0000e+01 1.8000e+02 2.8835e+00
8.0000e+01 1.9000e+02 2.3639e+00
8.0000e+01 2.0000e+02 -7.6583e-01
9.0000e+01 -2.0000e+02 4.9291e-02
9.0000e+01 -1.9000e+02 1.7872e+00
9.0000e+01 -1.8000e+02 -1.6915e+00
9.0000e+01 -1.7000e+02 -1.6445e+00
9.0000e+01 -1.6000e+02 1.5523e-02
9.0000e+01 -1.5000e+02 -4.8644e-01
9.0000e+01 -1.4000e+02 1.1049e+00
9.0000e+01 -1.3000e+02 -8.6142e-01
9.0000e+01 -1.2000e+02 -7.9527e-01
9.0000e+01 -1.1000e+02 -1.0895e-02
9.0000e+01 -1.0000e+02 -1.7809e+00
9.0000e+01 -9.0000e+01 1.1706e+00
9.0000e+01 -8.0000e+01 -1.7540e+00
9.0000e+01 -7.0000e+01 -2.3686e-01
9.0000e+01 -6.0000e+01 -3.3361e+00
9.0000e+01 -5.0000e+01 -5.5512e+00
9.0000e+01 -4.0000e+01 -3.4244e+00
9.0000e+01 -3.0000e+01 -2.8582e+00
9.0000e+01 -2.0000e+01 -3.9028e+00
9.0000e+01 -1.0000e+01 -6.7791e+00
9.0000e+01 0.0000e+00 -4.2833e+00
9.0000e+01 1.0000e+01 -4.7423e+00
9.0000e+01 2.0000e+01 -6.3412e+00
9.0000e+01 3.0000e+01 -8.0620e-01
9.0000e+01 4.0000e+01 -4.7286e+00
9.0000e+01 5.0000e+01 -3.7011e+00
9.0000e+01 6.0000e+01 -2.6270e+00
9.0000e+01 7.0000e+01 -2.4601e+00
9.0000e+01 8.0000e+01 -2.6176e+00
9.0000e+01 9.0000e+01 1.7754e+00
9.0000e+01 1.0000e+02 -1.1958e+00
9.0000e+01 1.1000e+02 -8.5998e-01
9.0000e+01 1.2000e+02 -2.5337e-01
9.0000e+01 1.3000e+02 4.5058e-01
9.0000e+01 1.4000e+02 -1.6852e+00
9.0000e+01 1.5000e+02 -7.8801e-01
9.0000e+01 1.6000e+02 1.4180e+00
9.0000e+01 1.7000e+02 5.3504e-01
9.0000e+01 1.8000e+02 1.9035e-01
9.0000e+01 1.9000e+02 7.7618e-01
9.0000e+01 2.0000e+02 1.0549e-01
1.0000e+02 -2.0000e+02 -1.4036e+00
1.0000e+02 -1.9000e+02 -2.0722e+00
1.0000e+02 -1.8000e+02 -6.5766e-01
1.0000e+02 -1.7000e+02 8.8804e-01
1.0000e+02 -1.6000e+02 -2.3160e+00
1.0000e+02 -1.5000e+02 -9.7844e-01
1.0000e+02 -1.4000e+02 -1.3584e+00
1.0000e+02 -1.3000e+02 -1.5845e+00
1.0000e+02 -1.2000e+02 -2.5401e+00
1.0000e+02 -1.1000e+02 1.8619e+00
1.0000e+02 -1.0000e+02 1.6103e+00
1.0000e+02 -9.0000e+01 -3.3940e+00
1.0000e+02 -8.0000e+01 -1.8995e+00
1.0000e+02 -7.0000e+01 -5.9219e-01
1.0000e+02 -6.0000e+01 -3.3094e+00
1.0000e+02 -5.0000e+01 -2.5729e+00
1.0000e+02 -4.0000e+01 -2.7866e+00
1.0000e+02 -3.0000e+01 -3.4961e+00
1.0000e+02 -2.0000e+01 -6.1219e+00
1.0000e+02 -1.0000e+01 -1.4143e+00
1.0000e+02 0.0000e+00 -1.2712e+00
1.0000e+02 1.0000e+01 -4.2189e+00
1.0000e+02 2.0000e+01 -3.1103e+00
1.0000e+02 3.0000e+01 -4.4723e+00
1.0000e+02 4.0000e+01 -3.2708e+00
1.0000e+02 5.0000e+01 -9.6770e-01
1.0000e+02 6.0000e+01 -2.1940e+00
1.0000e+02 7.0000e+01 -3.2612e+00
1.0000e+02 8.0000e+01 -1.7875e+00
1.0000e+02 9.0000e+01 2.3303e-01
1.0000e+02 1.0000e+02 -1.6222e+00
1.0000e+02 1.1000e+02 -1.9116e-02
1.0000e+02 1.2000e+02 -1.5014e+00
1.0000e+02 1.3000e+02 -2.4529e+00
1.0000e+02 1.4000e+02 4.8959e-01
1.0000e+02 1.5000e+02 -4.1982e+00
1.0000e+02 1.6000e+02 6.4878e-01
1.0000e+02 1.7000e+02 5.7715e-01
1.0000e+02 1.8000e+02 1.5851e+00
1.0000e+02 1.9000e+02 -1.9035e-01
1.0000e+02 2.0000e+02 -1.4520e+00
1.1000e+02 -2.0000e+02 2.0849e-01
1.1000e+02 -1.9000e+02 1.8448e+00
1.1000e+02 -1.8000e+02 -4.8204e-01
1.1000e+02 -1.7000e+02 3.6141e-01
1.1000e+02 -1.6000e+02 2.4887e+00
1.1000e+02 -1.5000e+02 1.4433e+00
1.1000e+02 -1.4000e+02 2.2147e+00
1.1000e+02 -1.3000e+02 6.6233e-01
1.1000e+02 -1.2000e+02 -1.8588e+00
1.1000e+02 -1.1000e+02 -3.1606e-01
1.1000e+02 -1.0000e+02 -3.4139e-01
1.1000e+02 -9.0000e+01 6.2887e-01
1.1000e+02 -8.0000e+01 -2.3841e+00
1.1000e+02 -7.0000e+01 -2.4820e-01
1.1000e+02 -6.0000e+01 -5.1636e-01
1.1000e+02 -5.0000e+01 -1.9299e+00
1.1000e+02 -4.0000e+01 -2.2147e+00
1.1000e+02 -3.0000e+01 -2.8926e+00
1.1000e+02 -2.0000e+01 -6.7487e-01
1.1000e+02 -1.0000e+01 -1.8569e+00
1.1000e+02 0.0000e+00 -2.4961e+00
1.1000e+02 1.0000e+01 -2.1464e+00
1.1000e+02 2.0000e+01 -2.3307e+00
1.1000e+02 3.0000e+01 -2.9605e+00
1.1000e+02 4.0000e+01 -2.2805e-01
1.1000e+02 5.0000e+01 -3.7960e+00
1.1000e+02 6.0000e+01 -4.4164e+00
1.1000e+02 7.0000e+01 7.9262e-02
1.1000e+02 8.0000e+01 -1.4584e+00
1.1000e+02 9.0000e+01 -1.6853e+00
1.1000e+02 1.0000e+02 -2.0037e+00
1.1000e+02 1.1000e+02 -1.7506e+00
1.1000e+02 1.2000e+02 -1.7794e+00
1.1000e+02 1.3000e+02 -2.1160e+00
1.1000e+02 1.4000e+02 1.7112e+00
1.1000e+02 1.5000e+02 1.9014e+00
1.1000e+02 1.6000e+02 9.3627e-01
1.1000e+02 1.7000e+02 3.5250e-01
1.1000e+02 1.8000e+02 2.0681e+00
1.1000e+02 1.9000e+02 1.1583e+00
1.1000e+02 2.0000e+02 -5.1737e-01
1.2000e+02 -2.0000e+02 -1.3333e+00
1.2000e+02 -1.9000e+02 -8.5041e-01
1.2000e+02 -1.8000e+02 -1.9599e+00
1.2000e+02 -1.7000e+02 -1.1660e+00
1.2000e+02 -1.6000e+02 2.8149e-01
1.2000e+02 -1.5000e+02 -8.5859e-02
1.2000e+02 -1.4000e+02 -1.2140e+00
1.2000e+02 -1.3000e+02 -4.8298e-01
1.2000e+02 -1.2000e+02 -1.8660e+00
1.2000e+02 -1.1000e+02 -3.1026e-01
1.2000e+02 -1.0000e+02 1.3277e-01
1.2000e+02 -9.0000e+01 -8.7201e-01
1.2000e+02 -8.0000e+01 -2.3584e+00
1.2000e+02 -7.0000e+01 1.3163e+00
1.2000e+02 -6.0000e+01 8.2742e-02
1.2000e+02 -5.0000e+01 -4.2659e-01
1.2000e+02 -4.0000e+01 -1.6621e+00
1.2000e+02 -3.0000e+01 -4.3407e+00
1.2000e+02 -2.0000e+01 -2.6396e+00
1.2000e+02 -1.0000e+01 -2.3653e+00
1.2000e+02 0.0000e+00 1.2898e+00
1.2000e+02 1.0000e+01 1.7400e+00
1.2000e+02 2.0000e+01 -1.0129e+00
1.2000e+02 3.0000e+01 -3.1733e+00
1.2000e+02 4.0000e+01 -4.3680e+00
1.2000e+02 5.0000e+01 -7.9586e-01
1.2000e+02 6.0000e+01 -1.2593e+00
1.2000e+02 7.0000e+01 -2.1275e+00
1.2000e+02 8.0000e+01 -2.0805e+00
1.2000e+02 9.0000e+01 -2.2001e+00
1.2000e+02 1.0000e+02 -8.8069e-01
1.2000e+02 1.1000e+02 -1.4267e+00
1.2000e+02 1.2000e+02 -2.1242e+00
1.2000e+02 1.3000e+02 -2.0411e-01
1.2000e+02 1.4000e+02 -5.5452e-01
1.2000e+02 1.5000e+02 8.4001e-01
1.2000e+02 1.6000e+02 -1.0100e+00
1.2000e+02 1.7000e+02 -3.4077e+00
1.2000e+02 1.8000e+02 -1.7648e+00
1.2000e+02 1.9000e+02 9.0843e-01
1.2000e+02 2.0000e+02 -2.9080e+00
1.3000e+02 -2.0000e+02 -2.1331e-01
1.3000e+02 -1.9000e+02 -2.1220e+00
1.3000e+02 -1.8000e+02 -1.2324e-01
1.3000e+02 -1.7000e+02 3.9988e-01
1.3000e+02 -1.6000e+02 2.0885e+00
1.3000e+02 -1.5000e+02 -4.7028e-01
1.3000e+02 -1.4000e+02 1.2047e+00
1.3000e+02 -1.3000e+02 -6.3545e-01
1.3000e+02 -1.2000e+02 1.5969e+00
1.3000e+02 -1.1000e+02 8.9808e-01
1.3000e+02 -1.0000e+02 -1.2289e+00
1.3000e+02 -9.0000e+01 -2.8257e+00
1.3000e+02 -8.0000e+01 -2.2415e-01
1.3000e+02 -7.0000e+01 -1.5799e+00
1.3000e+02 -6.0000e+01 -2.9131e+00
1.3000e+02 -5.0000e+01 1.1210e+00
1.3000e+02 -4.0000e+01 2.7967e+00
1.3000e+02 -3.0000e+01 -2.8650e+00
1.3000e+02 -2.0000e+01 -2.2451e+00
1.3000e+02 -1.0000e+01 4.0839e-01
1.3000e+02 0.0000e+00 -7.5480e-01
1.3000e+02 1.0000e+01 -1.4930e-01
1.3000e+02 2.0000e+01 -5.8801e+00
1.3000e+02 3.0000e+01 3.3103e-01
1.3000e+02 4.0000e+01 -1.0688e+00
1.3000e+02 5.0000e+01 -2.7141e+00
1.3000e+02 6.0000e+01 -4.6131e+00
1.3000e+02 7.0000e+01 -1.1980e+00
1.3000e+02 8.0000e+01 4.5996e-01
1.3000e+02 9.0000e+01 -8.2636e-01
1.3000e+02 1.0000e+02 -1.0202e+00
1.3000e+02 1.1000e+02 3.6843e-01
1.3000e+02 1.2000e+02 -5.1146e-01
1.3000e+02 1.3000e+02 -1.1566e+00
1.3000e+02 1.4000e+02 1.0571e+00
1.3000e+02 1.5000e+02 1.3655e+00
1.3000e+02 1.6000e+02 -2.2674e+00
1.3000e+02 1.7000e+02 4.5423e-01
1.3000e+02 1.8000e+02 -2.2322e+00
1.3000e+02 1.9000e+02 -3.4167e+00
1.3000e+02 2.0000e+02 -8.8415e-01
1.4000e+02 -2.0000e+02 -9.9772e-01
1.4000e+02 -1.9000e+02 3.3570e-01
1.4000e+02 -1.8000e+02 -1.0840e+00
1.4000e+02 -1.7000e+02 -1.1286e+00
1.4000e+02 -1.6000e+02 -1.7012e+00
1.4000e+02 -1.5000e+02 -8.6592e-02
1.4000e+02 -1.4000e+02 1.4680e+00
1.4000e+02 -1.3000e+02 1.4499e+00
1.4000e+02 -1.2000e+02 1.7395e+00
1.4000e+02 -1.1000e+02 -1.6118e+00
1.4000e+02 -1.0000e+02 2.4020e+00
1.4000e+02 -9.0000e+01 -2.7417e+00
1.4000e+02 -8.0000e+01 -8.7175e-01
1.4000e+02 -7.0000e+01 -1.6481e+00
1.4000e+02 -6.0000e+01 -1.5805e-01
1.4000e+02 -5.0000e+01 3.4741e+00
1.4000e+02 -4.0000e+01 -3.5038e-01
1.4000e+02 -3.0000e+01 -1.1077e+00
1.4000e+02 -2.0000e+01 -1.2247e+00
1.4000e+02 -1.0000e+01 1.4036e-01
1.4000e+02 0.0000e+00 -2.7974e+00
1.4000e+02 1.0000e+01 1.4807e+00
1.4000e+02 2.0000e+01 -2.6368e+00
1.4000e+02 3.0000e+01 1.6151e+00
1.4000e+02 4.0000e+01 -1.1266e+00
1.4000e+02 5.0000e+01 6.0541e-01
1.4000e+02 6.0000e+01 6.6542e-01
1.4000e+02 7.0000e+01 -4.1652e+00
1.4000e+02 8.0000e+01 6.7600e-01
1.4000e+02 9.0000e+01 6.7540e-02
1.4000e+02 1.0000e+02 -4.9150e-01
1.4000e+02 1.1000e+02 2.1379e+00
1.4000e+02 1.2000e+02 -4.5139e-01
1.4000e+02 1.3000e+02 9.2038e-02
1.4000e+02 1.4000e+02 2.1364e+00
1.4000e+02 1.5000e+02 -1.2022e+00
1.4000e+02 1.6000e+02 1.4408e+00
1.4000e+02 1.7000e+02 1.7911e+00
1.4000e+02 1.8000e+02 4.5484e-01
1.4000e+02 1.9000e+02 -2.7039e+00
1.4000e+02 2.0000e+02 -2.3078e+00
1.5000e+02 -2.0000e+02 -6.7901e-02
1.5000e+02 -1.9000e+02 1.4057e+00
1.5000e+02 -1.8000e+02 -6.0612e-02
1.5000e+02 -1.7000e+02 -6.0751e-01
1.5000e+02 -1.6000e+02 1.7941e+00
1.5000e+02 -1.5000e+02 1.1156e+00
1.5000e+02 -1.4000e+02 6.8463e-02
1.5000e+02 -1.3000e+02 -1.7433e+00
1.5000e+02 -1.2000e+02 3.0292e+00
1.5000e+02 -1.1000e+02 -4.4578e-01
1.5000e+02 -1.0000e+02 -4.1196e-01
1.5000e+02 -9.0000e+01 -2.5922e+00
1.5000e+02 -8.0000e+01 -1.1234e+00
1.5000e+02 -7.0000e+01 9.7586e-01
1.5000e+02 -6.0000e+01 -3.8329e-01
1.5000e+02 -5.0000e+01 2.3363e-01
1.5000e+02 -4.0000e+01 -1.7482e+00
1.5000e+02 -3.0000e+01 5.6327e-01
1.5000e+02 -2.0000e+01 -1.1710e+00
1.5000e+02 -1.0000e+01 -8.5094e-01
1.5000e+02 0.0000e+00 -1.7265e+00
1.5000e+02 1.0000e+01 3.2234e-01
1.5000e+02 2.0000e+01 -5.3540e-02
1.5000e+02 3.0000e+01 -1.6770e+00
1.5000e+02 4.0000e+01 -9.6817e-01
1.5000e+02 5.0000e+01 -2.9980e+00
1.5000e+02 6.0000e+01 -1.4680e+00
1.5000e+02 7.0000e+01 -1.8757e+00
1.5000e+02 8.0000e+01 4.6007e-01
1.5000e+02 9.0000e+01 9.3341e-01
1.5000e+02 1.0000e+02 1.1537e-01
1.5000e+02 1.1000e+02 -1.9108e-01
1.5000e+02 1.2000e+02 -3.0571e+00
1.5000e+02 1.3000e+02 2.5447e+00
1.5000e+02 1.4000e+02 1.2827e+00
1.5000e+02 1.5000e+02 -3.8365e-01
1.5000e+02 1.6000e+02 2.4017e+00
1.5000e+02 1.7000e+02 -3.2670e-01
1.5000e+02 1.8000e+02 1.9194e+00
1.5000e+02 1.9000e+02 -7.6923e-01
1.5000e+02 2.0000e+02 1.9477e+00
1.6000e+02 -2.0000e+02 1.0376e+00
1.6000e+02 -1.9000e+02 -6.0114e-01
1.6000e+02 -1.8000e+02 -7.7660e-02
1.6000e+02 -1.7000e+02 -2.2858e+00
1.6000e+02 -1.6000e+02 1.5236e+00
1.6000e+02 -1.5000e+02 2.7017e+00
1.6000e+02 -1.4000e+02 2.1499e+00
1.6000e+02 -1.3000e+02 1.0937e+00
1.6000e+02 -1.2000e+02 1.2073e+00
1.6000e+02 -1.1000e+02 1.4721e-01
1.6000e+02 -1.0000e+02 9.1108e-01
1.6000e+02 -9.0000e+01 1.2666e+00
1.6000e+02 -8.0000e+01 -1.2866e+00
1.6000e+02 -7.0000e+01 8.3481e-01
1.6000e+02 -6.0000e+01 2.6608e-01
1.6000e+02 -5.0000e+01 -1.6515e-01
1.6000e+02 -4.0000e+01 6.8617e-01
1.6000e+02 -3.0000e+01 6.6122e-01
1.6000e+02 -2.0000e+01 2.2241e-01
1.6000e+02 -1.0000e+01 1.3979e+00
1.6000e+02 0.0000e+00 1.0029e+00
1.6000e+02 1.0000e+01 -1.0177e+00
1.6000e+02 2.0000e+01 -2.6136e+00
1.6000e+02 3.0000e+01 2.8485e+00
1.6000e+02 4.0000e+01 1.0779e+00
1.6000e+02 5.0000e+01 3.0175e+00
1.6000e+02 6.0000e+01 -4.8696e-01
1.6000e+02 7.0000e+01 -4.2841e-01
1.6000e+02 8.0000e+01 9.4443e-01
1.6000e+02 9.0000e+01 6.9235e-01
1.6000e+02 1.0000e+02 2.6570e-01
1.6000e+02 1.1000e+02 1.0452e+00
1.6000e+02 1.2000e+02 -1.8047e+00
1.6000e+02 1.3000e+02 1.9715e+00
1.6000e+02 1.4000e+02 7.1874e-01
1.6000e+02 1.5000e+02 1.3634e+00
1.6000e+02 1.6000e+02 -1.6502e+00
1.6000e+02 1.7000e+02 -1.0953e+00
1.6000e+02 1.8000e+02 1.1507e+00
1.6000e+02 1.9000e+02 -1.0517e+00
1.6000e+02 2.0000e+02 -3.1815e+00
1.7000e+02 -2.0000e+02 1.0778e+00
1.7000e+02 -1.9000e+02 -8.6709e-01
1.7000e+02 -1.8000e+02 -1.8196e-01
1.7000e+02 -1.7000e+02 -8.7732e-01
1.7000e+02 -1.6000e+02 1.6229e+00
1.7000e+02 -1.5000e+02 -4.9839e-01
1.7000e+02 -1.4000e+02 -8.9221e-01
1.7000e+02 -1.3000e+02 3.1043e+00
1.7000e+02 -1.2000e+02 1.0116e+00
1.7000e+02 -1.1000e+02 6.1932e-01
1.7000e+02 -1.0000e+02 5.7985e+00
1.7000e+02 -9.0000e+01 3.4237e-01
1.7000e+02 -8.0000e+01 -2.2375e+00
1.7000e+02 -7.0000e+01 -1.5720e+00
1.7000e+02 -6.0000e+01 2.9744e+00
1.7000e+02 -5.0000e+01 2.2963e+00
1.7000e+02 -4.0000e+01 -2.3935e+00
1.7000e+02 -3.0000e+01 -2.0306e+00
1.7000e+02 -2.0000e+01 -2.2821e+00
1.7000e+02 -1.0000e+01 -2.7589e-01
1.7000e+02 0.0000e+00 -2.3072e+00
1.7000e+02 1.0000e+01 -6.0864e-01
1.7000e+02 2.0000e+01 -8.5776e-01
1.7000e+02 3.0000e+01 1.8854e-01
1.7000e+02 4.0000e+01 1.4492e+00
1.7000e+02 5.0000e+01 -1.4962e+00
1.7000e+02 6.0000e+01 3.2582e+00
1.7000e+02 7.0000e+01 3.0124e+00
1.7000e+02 8.0000e+01 -9.4383e-01
1.7000e+02 9.0000e+01 5.7029e-01
1.7000e+02 1.0000e+02 1.5330e-01
1.7000e+02 1.1000e+02 7.7093e-01
1.7000e+02 1.2000e+02 4.1124e-02
1.7000e+02 1.3000e+02 1.6809e+00
1.7000e+02 1.4000e+02 2.1509e+00
1.7000e+02 1.5000e+02 1.2435e+00
1.7000e+02 1.6000e+02 -2.0960e+00
1.7000e+02 1.7000e+02 -7.0524e-01
1.7000e+02 1.8000e+02 6.7276e-02
1.7000e+02 1.9000e+02 -8.6742e-01
1.7000e+02 2.0000e+02 1.9039e+00
1.8000e+02 -2.0000e+02 1.8104e+00
1.8000e+02 -1.9000e+02 9.0127e-01
1.8000e+02 -1.8000e+02 7.3193e-01
1.8000e+02 -1.7000e+02 1.4276e+00
1.8000e+02 -1.6000e+02 -1.5369e+00
1.8000e+02 -1.5000e+02 2.3774e-01
1.8000e+02 -1.4000e+02 1.6374e+00
1.8000e+02 -1.3000e+02 -2.2644e-01
1.8000e+02 -1.2000e+02 1.1722e+00
1.8000e+02 -1.1000e+02 -1.5107e-01
1.8000e+02 -1.0000e+02 -6.0768e-01
1.8000e+02 -9.0000e+01 1.6123e-03
1.8000e+02 -8.0000e+01 -8.5934e-02
1.8000e+02 -7.0000e+01 6.3408e-01
1.8000e+02 -6.0000e+01 1.4613e+00
1.8000e+02 -5.0000e+01 -2.8700e+00
1.8000e+02 -4.0000e+01 8.9023e-01
1.8000e+02 -3.0000e+01 1.0125e+00
1.8000e+02 -2.0000e+01 1.5000e+00
1.8000e+02 -1.0000e+01 1.7034e+00
1.8000e+02 0.0000e+00 7.8917e-01
1.8000e+02 1.0000e+01 -3.1991e+00
1.8000e+02 2.0000e+01 -7.6848e-01
1.8000e+02 3.0000e+01 9.3096e-01
1.8000e+02 4.0000e+01 -4.4292e+00
1.8000e+02 5.0000e+01 -1.0120e+00
1.8000e+02 6.0000e+01 3.2586e+00
1.8000e+02 7.0000e+01 -2.4301e+00
1.8000e+02 8.0000e+01 1.7581e+00
1.8000e+02 9.0000e+01 -1.2576e+00
1.8000e+02 1.0000e+02 -1.3790e+00
1.8000e+02 1.1000e+02 -8.2070e-01
1.8000e+02 1.2000e+02 -1.8618e-01
1.8000e+02 1.3000e+02 1.3446e+00
1.8000e+02 1.4000e+02 -4.4982e-01
1.8000e+02 1.5000e+02 4.0721e-01
1.8000e+02 1.6000e+02 -3.6059e-01
1.8000e+02 1.7000e+02 -2.3524e-01
1.8000e+02 1.8000e+02 1.9858e+00
1.8000e+02 1.9000e+02 1.6069e+00
1.8000e+02 2.0000e+02 -5.1005e-01
1.9000e+02 -2.0000e+02 3.6514e-01
1.9000e+02 -1.9000e+02 5.4760e-01
1.9000e+02 -1.8000e+02 1.6668e-01
1.9000e+02 -1.7000e+02 1.4679e+00
1.9000e+02 -1.6000e+02 -1.7753e+00
1.9000e+02 -1.5000e+02 4.2921e-01
1.9000e+02 -1.4000e+02 2.8559e+00
1.9000e+02 -1.3000e+02 -2.6302e+00
1.9000e+02 -1.2000e+02 7.9797e-01
1.9000e+02 -1.1000e+02 3.9659e+00
1.9000e+02 -1.0000e+02 2.8270e-01
1.9000e+02 -9.0000e+01 -1.5487e+00
1.9000e+02 -8.0000e+01 2.2688e+00
1.9000e+02 -7.0000e+01 2.4600e+00
1.9000e+02 -6.0000e+01 4.4252e-01
1.9000e+02 -5.0000e+01 -2.7104e+00
1.9000e+02 -4.0000e+01 8.5737e-01
1.9000e+02 -3.0000e+01 1.5138e+00
1.9000e+02 -2.0000e+01 1.1300e+00
1.9000e+02 -1.0000e+01 -7.7600e-01
1.9000e+02 0.0000e+00 8.3758e-01
1.9000e+02 1.0000e+01 -6.7638e-01
1.9000e+02 2.0000e+01 6.1780e-01
1.9000e+02 3.0000e+01 -1.5433e+00
1.9000e+02 4.0000e+01 1.3314e-01
1.9000e+02 5.0000e+01 -3.3255e-01
1.9000e+02 6.0000e+01 1.6373e+00
1.9000e+02 7.0000e+01 2.1710e+00
1.9000e+02 8.0000e+01 -9.1938e-01
1.9000e+02 9.0000e+01 -1.4776e+00
1.9000e+02 1.0000e+02 -2.2493e-01
1.9000e+02 1.1000e+02 -1.8358e+00
1.9000e+02 1.2000e+02 -1.2867e+00
1.9000e+02 1.3000e+02 3.1870e-01
1.9000e+02 1.4000e+02 7.4379e-01
1.9000e+02 1.5000e+02 1.6061e+00
1.9000e+02 1.6000e+02 3.0233e-01
1.9000e+02 1.7000e+02 -1.7204e+00
1.9000e+02 1.8000e+02 6.8031e-01
1.9000e+02 1.9000e+02 -3.5902e-01
1.9000e+02 2.0000e+02 -8.6671e-01
2.0000e+02 -2.0000e+02 -1.7041e+00
2.0000e+02 -1.9000e+02 -3.6055e+00
2.0000e+02 -1.8000e+02 1.3359e+00
2.0000e+02 -1.7000e+02 7.2125e-01
2.0000e+02 -1.6000e+02 3.5017e-01
2.0000e+02 -1.5000e+02 -5.0978e-02
2.0000e+02 -1.4000e+02 -3.6322e-01
2.0000e+02 -1.3000e+02 2.1561e+00
2.0000e+02 -1.2000e+02 -6.4893e-01
2.0000e+02 -1.1000e+02 -2.6466e+00
2.0000e+02 -1.0000e+02 6.3297e-01
2.0000e+02 -9.0000e+01 1.4562e+00
2.0000e+02 -8.0000e+01 9.8067e-01
2.0000e+02 -7.0000e+01 8.7363e-01
2.0000e+02 -6.0000e+01 -1.6710e+00
2.0000e+02 -5.0000e+01 -1.6475e+00
2.0000e+02 -4.0000e+01 3.1191e-01
2.0000e+02 -3.0000e+01 -2.1922e-01
2.0000e+02 -2.0000e+01 4.8438e-01
2.0000e+02 -1.0000e+01 -4.8212e-01
2.0000e+02 0.0000e+00 -1.2288e+00
2.0000e+02 1.0000e+01 3.9441e-01
2.0000e+02 2.0000e+01 -1.2107e+00
2.0000e+02 3.0000e+01 2.6566e+00
2.0000e+02 4.0000e+01 1.5328e+00
2.0000e+02 5.0000e+01 1.8399e+00
2.0000e+02 6.0000e+01 -1.1204e+00
2.0000e+02 7.0000e+01 -1.0121e+00
2.0000e+02 8.0000e+01 1.3940e+00
2.0000e+02 9.0000e+01 2.4642e-01
2.0000e+02 1.0000e+02 2.6680e+00
2.0000e+02 1.1000e+02 -1.9984e+00
2.0000e+02 1.2000e+02 -1.9301e+00
2.0000e+02 1.3000e+02 1.9385e+00
2.0000e+02 1.4000e+02 1.8952e+00
2.0000e+02 1.5000e+02 -8.7669e-01
2.0000e+02 1.6000e+02 -9.2894e-01
2.0000e+02 1.7000e+02 -8.7801e-01
2.0000e+02 1.8000e+02 -4.9225e-01
2.0000e+02 1.9000e+02 5.7076e-01
2.0000e+02 2.0000e+02 -8.2730e-01
