-2.0000e+02 -2.0000e+02 1.2502e+00
-2.0000e+02 -1.9000e+02 -9.4720e-01
-2.0000e+02 -1.8000e+02 3.7435e-01
-2.0000e+02 -1.7000e+02 4.6529e-02
-2.0000e+02 -1.6000e+02 -6.3593e-01
-2.0000e+02 -1.5000e+02 -3.9343e-01
-2.0000e+02 -1.4000e+02 -2.2287e+00
-2.0000e+02 -1.3000e+02 -8.8898e-01
-2.0000e+02 -1.2000e+02 -3.9012e-01
-2.0000e+02 -1.1000e+02 -7.1210e-02
-2.0000e+02 -1.0000e+02 -5.3305e-01
-2.0000e+02 -9.0000e+01 1.0244e+00
-2.0000e+02 -8.0000e+01 1.6358e+00
-2.0000e+02 -7.0000e+01 -2.3229e+00
-2.0000e+02 -6.0000e+01 -1.1768e+00
-2.0000e+02 -5.0000e+01 9.9514e-01
-2.0000e+02 -4.0000e+01 -1.3625e+00
-2.0000e+02 -3.0000e+01 1.1582e+00
-2.0000e+02 -2.0000e+01 -1.0867e-01
-2.0000e+02 -1.0000e+01 -9.0484e-01
-2.0000e+02 0.0000e+00 9.4251e-02
-2.0000e+02 1.0000e+01 3.0919e-01
-2.0000e+02 2.0000e+01 1.3651e-01
-2.0000e+02 3.0000e+01 1.1349e+00
-2.0000e+02 4.0000e+01 2.1808e+00
-2.0000e+02 5.0000e+01 5.4857e-01
-2.0000e+02 6.0000e+01 4.8097e-01
-2.0000e+02 7.0000e+01 -1.1094e+00
-2.0000e+02 8.0000e+01 -3.6958e-01
-2.0000e+02 9.0000e+01 1.5323e+00
-2.0000e+02 1.0000e+02 -2.9591e+00
-2.0000e+02 1.1000e+02 -5.6506e-01
-2.0000e+02 1.2000e+02 1.5618e+00
-2.0000e+02 1.3000e+02 8.2643e-01
-2.0000e+02 1.4000e+02 -1.2953e+00
-2.0000e+02 1.5000e+02 -6.0154e-02
-2.0000e+02 1.6000e+02 1.7220e+00
-2.0000e+02 1.7000e+02 -1.9261e+00
-2.0000e+02 1.8000e+02 1.7971e-01
-2.0000e+02 1.9000e+02 -8.4280e-01
-2.0000e+02 2.0000e+02 -5.5893e-01
-1.9000e+02 -2.0000e+02 1.4016e+00
-1.9000e+02 -1.9000e+02 -2.5076e+00
-1.9000e+02 -1.8000e+02 5.8614e-01
-1.9000e+02 -1.7000e+02 1.7885e+00
-1.9000e+02 -1.6000e+02 3.7324e+00
-1.9000e+02 -1.5000e+02 -8.8506e-01
-1.9000e+02 -1.4000e+02 -1.0062e+00
-1.9000e+02 -1.3000e+02 1.5713e-01
-1.9000e+02 -1.2000e+02 -1.7659e-01
-1.9000e+02 -1.1000e+02 -6.9226e-01
-1.9000e+02 -1.0000e+02 5.8742e-01
-1.9000e+02 -9.0000e+01 5.6375e-01
-1.9000e+02 -8.0000e+01 2.5806e+00
-1.9000e+02 -7.0000e+01 -9.2964e-01
-1.9000e+02 -6.0000e+01 -1.2232e-01
-1.9000e+02 -5.0000e+01 3.1091e+00
-1.9000e+02 -4.0000e+01 1.8168e+00
-1.9000e+02 -3.0000e+01 -2.9891e-01
-1.9000e+02 -2.0000e+01 -3.3907e-01
-1.9000e+02 -1.0000e+01 -7.3073e-01
-1.9000e+02 0.0000e+00 1.8404e+00
-1.9000e+02 1.0000e+01 -2.0865e+00
-1.9000e+02 2.0000e+01 7.5896e-01
-1.9000e+02 3.0000e+01 1.5742e+00
-1.9000e+02 4.0000e+01 1.1606e+00
-1.9000e+02 5.0000e+01 -1.4421e-01
-1.9000e+02 6.0000e+01 -1.0188e+00
-1.9000e+02 7.0000e+01 6.2354e-02
-1.9000e+02 8.0000e+01 1.2064e-02
-1.9000e+02 9.0000e+01 -3.4063e+00
-1.9000e+02 1.0000e+02 6.7599e-02
-1.9000e+02 1.1000e+02 -3.1564e-01
-1.9000e+02 1.2000e+02 -6.9505e-01
-1.9000e+02 1.3000e+02 -3.5421e-01
-1.9000e+02 1.4000e+02 1.4530e+00
-1.9000e+02 1.5000e+02 2.4176e-01
-1.9000e+02 1.6000e+02 -1.2671e+00
-1.9000e+02 1.7000e+02 2.9435e+00
-1.9000e+02 1.8000e+02 -1.8362e+00
-1.9000e+02 1.9000e+02 -2.0327e+00
-1.9000e+02 2.0000e+02 -1.0873e-01
-1.8000e+02 -2.0000e+02 -7.3121e-01
-1.8000e+02 -1.9000e+02 -1.6277e+00
-1.8000e+02 -1.8000e+02 -1.0992e+00
-1.8000e+02 -1.7000e+02 -1.0247e-01
-1.8000e+02 -1.6000e+02 -1.3563e+00
-1.8000e+02 -1.5000e+02 1.7556e+00
-1.8000e+02 -1.4000e+02 -1.9755e+00
-1.8000e+02 -1.3000e+02 2.4677e-01
-1.8000e+02 -1.2000e+02 6.4711e-01
-1.8000e+02 -1.1000e+02 -2.2050e+00
-1.8000e+02 -1.0000e+02 8.3118e-01
-1.8000e+02 -9.0000e+01 1.3807e-01
-1.8000e+02 -8.0000e+01 2.3981e+00
-1.8000e+02 -7.0000e+01 -2.0501e+00
-1.8000e+02 -6.0000e+01 -9.9591e-01
-1.8000e+02 -5.0000e+01 3.0428e-01
-1.8000e+02 -4.0000e+01 1.4361e+00
-1.8000e+02 -3.0000e+01 1.8775e+00
-1.8000e+02 -2.0000e+01 1.3600e+00
-1.8000e+02 -1.0000e+01 -3.1451e+00
-1.8000e+02 0.0000e+00 1.7610e-01
-1.8000e+02 1.0000e+01 -1.5739e+00
-1.8000e+02 2.0000e+01 1.4220e-01
-1.8000e+02 3.0000e+01 1.3828e+00
-1.8000e+02 4.0000e+01 -1.7442e+00
-1.8000e+02 5.0000e+01 -9.4361e-01
-1.8000e+02 6.0000e+01 -1.6773e+00
-1.8000e+02 7.0000e+01 8.9543e-01
-1.8000e+02 8.0000e+01 -1.5415e+00
-1.8000e+02 9.0000e+01 -2.2983e-01
-1.8000e+02 1.0000e+02 1.6906e-01
-1.8000e+02 1.1000e+02 1.6827e+00
-1.8000e+02 1.2000e+02 -9.7277e-01
-1.8000e+02 1.3000e+02 -2.0044e+00
-1.8000e+02 1.4000e+02 5.0865e-01
-1.8000e+02 1.5000e+02 6.0294e-01
-1.8000e+02 1.6000e+02 -2.2050e+00
-1.8000e+02 1.7000e+02 -1.2021e+00
-1.8000e+02 1.8000e+02 -8.7841e-01
-1.8000e+02 1.9000e+02 3.0250e+00
-1.8000e+02 2.0000e+02 7.2952e-02
-1.7000e+02 -2.0000e+02 3.4662e-01
-1.7000e+02 -1.9000e+02 -4.9320e-02
-1.7000e+02 -1.8000e+02 2.7613e+00
-1.7000e+02 -1.7000e+02 8.7456e-01
-1.7000e+02 -1.6000e+02 -1.0010e+00
-1.7000e+02 -1.5000e+02 -2.9533e-01
-1.7000e+02 -1.4000e+02 2.3450e+00
-1.7000e+02 -1.3000e+02 -4.5818e-01
-1.7000e+02 -1.2000e+02 -4.7891e-01
-1.7000e+02 -1.1000e+02 4.1323e+00
-1.7000e+02 -1.0000e+02 -7.5790e-01
-1.7000e+02 -9.0000e+01 1.8705e-01
-1.7000e+02 -8.0000e+01 -3.9105e-01
-1.7000e+02 -7.0000e+01 -6.0877e-01
-1.7000e+02 -6.0000e+01 -8.1412e-01
-1.7000e+02 -5.0000e+01 -1.7474e+00
-1.7000e+02 -4.0000e+01 -9.7641e-01
-1.7000e+02 -3.0000e+01 -5.7784e-01
-1.7000e+02 -2.0000e+01 -1.6775e-01
-1.7000e+02 -1.0000e+01 -6.1777e-01
-1.7000e+02 0.0000e+00 -8.2366e-02
-1.7000e+02 1.0000e+01 5.6806e-01
-1.7000e+02 2.0000e+01 3.1133e+00
-1.7000e+02 3.0000e+01 -2.5694e+00
-1.7000e+02 4.0000e+01 3.4481e+00
-1.7000e+02 5.0000e+01 -1.6967e+00
-1.7000e+02 6.0000e+01 2.4958e+00
-1.7000e+02 7.0000e+01 -3.5184e-01
-1.7000e+02 8.0000e+01 1.8540e+00
-1.7000e+02 9.0000e+01 -2.5970e+00
-1.7000e+02 1.0000e+02 7.0514e-01
-1.7000e+02 1.1000e+02 2.1091e-01
-1.7000e+02 1.2000e+02 -1.9135e+00
-1.7000e+02 1.3000e+02 1.7902e+00
-1.7000e+02 1.4000e+02 -3.3609e-01
-1.7000e+02 1.5000e+02 -4.2365e-01
-1.7000e+02 1.6000e+02 3.9137e-01
-1.7000e+02 1.7000e+02 1.7426e+00
-1.7000e+02 1.8000e+02 -2.7390e-02
-1.7000e+02 1.9000e+02 -8.5067e-01
-1.7000e+02 2.0000e+02 -2.8572e+00
-1.6000e+02 -2.0000e+02 1.0212e+00
-1.6000e+02 -1.9000e+02 1.4062e+00
-1.6000e+02 -1.8000e+02 1.4802e+00
-1.6000e+02 -1.7000e+02 1.9408e+00
-1.6000e+02 -1.6000e+02 2.7762e+00
-1.6000e+02 -1.5000e+02 5.3429e-01
-1.6000e+02 -1.4000e+02 8.1442e-01
-1.6000e+02 -1.3000e+02 -2.4136e+00
-1.6000e+02 -1.2000e+02 -3.9427e-01
-1.6000e+02 -1.1000e+02 -5.4275e-01
-1.6000e+02 -1.0000e+02 -1.8445e+00
-1.6000e+02 -9.0000e+01 1.2755e+00
-1.6000e+02 -8.0000e+01 1.5305e-01
-1.6000e+02 -7.0000e+01 1.0786e+00
-1.6000e+02 -6.0000e+01 -1.0522e+00
-1.6000e+02 -5.0000e+01 9.0382e-01
-1.6000e+02 -4.0000e+01 3.0761e+00
-1.6000e+02 -3.0000e+01 6.4587e-01
-1.6000e+02 -2.0000e+01 4.1027e-01
-1.6000e+02 -1.0000e+01 -3.1359e+00
-1.6000e+02 0.0000e+00 -4.2066e-01
-1.6000e+02 1.0000e+01 -7.9063e-01
-1.6000e+02 2.0000e+01 1.1865e+00
-1.6000e+02 3.0000e+01 2.9445e-01
-1.6000e+02 4.0000e+01 2.6670e+00
-1.6000e+02 5.0000e+01 -8.9048e-02
-1.6000e+02 6.0000e+01 -1.4070e+00
-1.6000e+02 7.0000e+01 -6.3327e-01
-1.6000e+02 8.0000e+01 -2.4811e+00
-1.6000e+02 9.0000e+01 1.8762e+00
-1.6000e+02 1.0000e+02 2.0213e-01
-1.6000e+02 1.1000e+02 2.5467e-01
-1.6000e+02 1.2000e+02 1.4468e-01
-1.6000e+02 1.3000e+02 -5.8660e-01
-1.6000e+02 1.4000e+02 2.0745e+00
-1.6000e+02 1.5000e+02 -3.1717e+00
-1.6000e+02 1.6000e+02 -2.8163e+00
-1.6000e+02 1.7000e+02 2.9232e-01
-1.6000e+02 1.8000e+02 -7.1525e-01
-1.6000e+02 1.9000e+02 1.8615e+00
-1.6000e+02 2.0000e+02 1.9322e+00
-1.5000e+02 -2.0000e+02 -2.3028e-01
-1.5000e+02 -1.9000e+02 3.4056e+00
-1.5000e+02 -1.8000e+02 -4.4051e-01
-1.5000e+02 -1.7000e+02 -2.1238e+00
-1.5000e+02 -1.6000e+02 -1.2002e+00
-1.5000e+02 -1.5000e+02 1.7430e+00
-1.5000e+02 -1.4000e+02 2.0041e-01
-1.5000e+02 -1.3000e+02 1.3145e+00
-1.5000e+02 -1.2000e+02 -8.7354e-01
-1.5000e+02 -1.1000e+02 1.5535e+00
-1.5000e+02 -1.0000e+02 -1.3965e+00
-1.5000e+02 -9.0000e+01 -3.0405e-01
-1.5000e+02 -8.0000e+01 -1.2898e-01
-1.5000e+02 -7.0000e+01 -3.8949e-01
-1.5000e+02 -6.0000e+01 -3.3187e-03
-1.5000e+02 -5.0000e+01 -1.0155e+00
-1.5000e+02 -4.0000e+01 6.3168e-02
-1.5000e+02 -3.0000e+01 -2.3096e+00
-1.5000e+02 -2.0000e+01 -7.4191e-01
-1.5000e+02 -1.0000e+01 -5.6686e-01
-1.5000e+02 0.0000e+00 -9.4456e-01
-1.5000e+02 1.0000e+01 -1.5237e+00
-1.5000e+02 2.0000e+01 -2.4026e+00
-1.5000e+02 3.0000e+01 2.6864e-01
-1.5000e+02 4.0000e+01 -8.3657e-01
-1.5000e+02 5.0000e+01 6.1377e-01
-1.5000e+02 6.0000e+01 -1.1720e+00
-1.5000e+02 7.0000e+01 -2.7205e+00
-1.5000e+02 8.0000e+01 1.6837e+00
-1.5000e+02 9.0000e+01 3.5838e+00
-1.5000e+02 1.0000e+02 -2.4760e-01
-1.5000e+02 1.1000e+02 2.0767e+00
-1.5000e+02 1.2000e+02 -1.5988e+00
-1.5000e+02 1.3000e+02 -4.2877e-01
-1.5000e+02 1.4000e+02 -1.2402e+00
-1.5000e+02 1.5000e+02 -1.9915e+00
-1.5000e+02 1.6000e+02 1.0750e+00
-1.5000e+02 1.7000e+02 -1.1095e+00
-1.5000e+02 1.8000e+02 1.3229e+00
-1.5000e+02 1.9000e+02 5.5137e-01
-1.5000e+02 2.0000e+02 -1.5857e+00
-1.4000e+02 -2.0000e+02 -3.5017e-01
-1.4000e+02 -1.9000e+02 1.2189e+00
-1.4000e+02 -1.8000e+02 -4.7167e-01
-1.4000e+02 -1.7000e+02 1.0660e+00
-1.4000e+02 -1.6000e+02 -3.5503e-01
-1.4000e+02 -1.5000e+02 2.7675e+00
-1.4000e+02 -1.4000e+02 -1.3159e+00
-1.4000e+02 -1.3000e+02 1.8515e+00
-1.4000e+02 -1.2000e+02 -2.0666e+00
-1.4000e+02 -1.1000e+02 -1.0469e+00
-1.4000e+02 -1.0000e+02 1.6162e-01
-1.4000e+02 -9.0000e+01 -1.4178e+00
-1.4000e+02 -8.0000e+01 2.2355e-01
-1.4000e+02 -7.0000e+01 -2.0158e+00
-1.4000e+02 -6.0000e+01 -3.7553e-01
-1.4000e+02 -5.0000e+01 -1.4274e+00
-1.4000e+02 -4.0000e+01 -1.5901e+00
-1.4000e+02 -3.0000e+01 -1.1088e+00
-1.4000e+02 -2.0000e+01 -1.4552e+00
-1.4000e+02 -1.0000e+01 -3.4401e+00
-1.4000e+02 0.0000e+00 -1.2255e-02
-1.4000e+02 1.0000e+01 -7.1137e-01
-1.4000e+02 2.0000e+01 1.2533e+00
-1.4000e+02 3.0000e+01 1.1940e+00
-1.4000e+02 4.0000e+01 -5.4295e-01
-1.4000e+02 5.0000e+01 1.1243e+00
-1.4000e+02 6.0000e+01 5.9549e-01
-1.4000e+02 7.0000e+01 -6.2230e-01
-1.4000e+02 8.0000e+01 -2.6482e+00
-1.4000e+02 9.0000e+01 -3.7556e-01
-1.4000e+02 1.0000e+02 -1.5809e+00
-1.4000e+02 1.1000e+02 2.1973e-01
-1.4000e+02 1.2000e+02 1.0841e+00
-1.4000e+02 1.3000e+02 -1.8378e-01
-1.4000e+02 1.4000e+02 -1.1992e+00
-1.4000e+02 1.5000e+02 9.0782e-01
-1.4000e+02 1.6000e+02 1.4842e+00
-1.4000e+02 1.7000e+02 -2.5236e-01
-1.4000e+02 1.8000e+02 3.2102e+00
-1.4000e+02 1.9000e+02 7.7396e-01
-1.4000e+02 2.0000e+02 -8.7070e-01
-1.3000e+02 -2.0000e+02 -1.7916e+00
-1.3000e+02 -1.9000e+02 -9.5018e-01
-1.3000e+02 -1.8000e+02 4.7747e+00
-1.3000e+02 -1.7000e+02 3.2628e+00
-1.3000e+02 -1.6000e+02 1.9590e-01
-1.3000e+02 -1.5000e+02 -2.1769e+00
-1.3000e+02 -1.4000e+02 1.4609e+00
-1.3000e+02 -1.3000e+02 1.0247e+00
-1.3000e+02 -1.2000e+02 7.2587e-01
-1.3000e+02 -1.1000e+02 -1.3327e+00
-1.3000e+02 -1.0000e+02 -2.6881e+00
-1.3000e+02 -9.0000e+01 4.3096e-01
-1.3000e+02 -8.0000e+01 -1.7927e+00
-1.3000e+02 -7.0000e+01 -1.7710e+00
-1.3000e+02 -6.0000e+01 -1.7741e+00
-1.3000e+02 -5.0000e+01 3.6124e+00
-1.3000e+02 -4.0000e+01 5.8508e-01
-1.3000e+02 -3.0000e+01 -8.9086e-01
-1.3000e+02 -2.0000e+01 2.1061e-01
-1.3000e+02 -1.0000e+01 -7.4309e-01
-1.3000e+02 0.0000e+00 -1.9564e+00
-1.3000e+02 1.0000e+01 1.7890e+00
-1.3000e+02 2.0000e+01 -1.2750e+00
-1.3000e+02 3.0000e+01 -4.5463e+00
-1.3000e+02 4.0000e+01 -7.4615e-01
-1.3000e+02 5.0000e+01 -1.6529e+00
-1.3000e+02 6.0000e+01 1.2623e+00
-1.3000e+02 7.0000e+01 -1.6377e+00
-1.3000e+02 8.0000e+01 9.0637e-02
-1.3000e+02 9.0000e+01 1.0065e+00
-1.3000e+02 1.0000e+02 9.2690e-02
-1.3000e+02 1.1000e+02 2.6168e+00
-1.3000e+02 1.2000e+02 -9.0154e-01
-1.3000e+02 1.3000e+02 -1.1137e+00
-1.3000e+02 1.4000e+02 6.8520e-02
-1.3000e+02 1.5000e+02 -8.6538e-01
-1.3000e+02 1.6000e+02 7.5294e-01
-1.3000e+02 1.7000e+02 -8.6038e-01
-1.3000e+02 1.8000e+02 1.8839e+00
-1.3000e+02 1.9000e+02 -8.1266e-01
-1.3000e+02 2.0000e+02 -1.2265e+00
-1.2000e+02 -2.0000e+02 6.8192e-01
-1.2000e+02 -1.9000e+02 -5.8645e-02
-1.2000e+02 -1.8000e+02 2.2575e-01
-1.2000e+02 -1.7000e+02 1.9700e+00
-1.2000e+02 -1.6000e+02 -5.2871e-01
-1.2000e+02 -1.5000e+02 1.1161e+00
-1.2000e+02 -1.4000e+02 7.2471e-01
-1.2000e+02 -1.3000e+02 5.0211e-01
-1.2000e+02 -1.2000e+02 4.6916e-01
-1.2000e+02 -1.1000e+02 -7.5225e-01
-1.2000e+02 -1.0000e+02 -2.8028e+00
-1.2000e+02 -9.0000e+01 6.6314e-01
-1.2000e+02 -8.0000e+01 3.9076e-01
-1.2000e+02 -7.0000e+01 1.4093e+00
-1.2000e+02 -6.0000e+01 -6.6363e-01
-1.2000e+02 -5.0000e+01 -2.2234e+00
-1.2000e+02 -4.0000e+01 -1.1421e+00
-1.2000e+02 -3.0000e+01 -4.6774e+00
-1.2000e+02 -2.0000e+01 -9.9376e-02
-1.2000e+02 -1.0000e+01 -1.9059e+00
-1.2000e+02 0.0000e+00 -2.0673e+00
-1.2000e+02 1.0000e+01 -3.7115e+00
-1.2000e+02 2.0000e+01 -1.9753e+00
-1.2000e+02 3.0000e+01 -4.4165e+00
-1.2000e+02 4.0000e+01 -2.8351e+00
-1.2000e+02 5.0000e+01 -1.2640e+00
-1.2000e+02 6.0000e+01 -2.2919e+00
-1.2000e+02 7.0000e+01 1.3112e+00
-1.2000e+02 8.0000e+01 -2.8877e+00
-1.2000e+02 9.0000e+01 5.3552e-01
-1.2000e+02 1.0000e+02 1.0614e+00
-1.2000e+02 1.1000e+02 6.1912e-03
-1.2000e+02 1.2000e+02 2.1394e+00
-1.2000e+02 1.3000e+02 -5.8456e-01
-1.2000e+02 1.4000e+02 2.9581e+00
-1.2000e+02 1.5000e+02 1.1724e+00
-1.2000e+02 1.6000e+02 -1.2740e+00
-1.2000e+02 1.7000e+02 -9.4459e-01
-1.2000e+02 1.8000e+02 1.1219e+00
-1.2000e+02 1.9000e+02 -1.2953e+00
-1.2000e+02 2.0000e+02 3.7292e+00
-1.1000e+02 -2.0000e+02 -6.4342e-01
-1.1000e+02 -1.9000e+02 -9.0394e-01
-1.1000e+02 -1.8000e+02 -6.2047e-01
-1.1000e+02 -1.7000e+02 -5.3017e-01
-1.1000e+02 -1.6000e+02 -1.7540e+00
-1.1000e+02 -1.5000e+02 -2.7088e+00
-1.1000e+02 -1.4000e+02 -1.6770e+00
-1.1000e+02 -1.3000e+02 2.0125e+00
-1.1000e+02 -1.2000e+02 2.3016e+00
-1.1000e+02 -1.1000e+02 -2.3333e+00
-1.1000e+02 -1.0000e+02 -8.0304e-02
-1.1000e+02 -9.0000e+01 -1.0457e+00
-1.1000e+02 -8.0000e+01 -1.2327e+00
-1.1000e+02 -7.0000e+01 -1.2207e+00
-1.1000e+02 -6.0000e+01 1.7677e+00
-1.1000e+02 -5.0000e+01 -1.1505e+00
-1.1000e+02 -4.0000e+01 -1.0489e+00
-1.1000e+02 -3.0000e+01 -2.4962e+00
-1.1000e+02 -2.0000e+01 -8.3852e-01
-1.1000e+02 -1.0000e+01 2.0458e+00
-1.1000e+02 0.0000e+00 -3.1689e+00
-1.1000e+02 1.0000e+01 -3.5396e+00
-1.1000e+02 2.0000e+01 -3.0718e+00
-1.1000e+02 3.0000e+01 -1.7206e-01
-1.1000e+02 4.0000e+01 -2.0390e+00
-1.1000e+02 5.0000e+01 -1.3690e+00
-1.1000e+02 6.0000e+01 -3.4065e+00
-1.1000e+02 7.0000e+01 -1.5340e+00
-1.1000e+02 8.0000e+01 -1.0981e-01
-1.1000e+02 9.0000e+01 -1.4091e+00
-1.1000e+02 1.0000e+02 -7.8501e-01
-1.1000e+02 1.1000e+02 -4.0703e+00
-1.1000e+02 1.2000e+02 -1.5166e+00
-1.1000e+02 1.3000e+02 -1.9781e-02
-1.1000e+02 1.4000e+02 -1.5851e+00
-1.1000e+02 1.5000e+02 -4.6222e-01
-1.1000e+02 1.6000e+02 -2.0547e+00
-1.1000e+02 1.7000e+02 -2.7913e+00
-1.1000e+02 1.8000e+02 1.2222e+00
-1.1000e+02 1.9000e+02 9.6483e-01
-1.1000e+02 2.0000e+02 1.9618e+00
-1.0000e+02 -2.0000e+02 1.5345e+00
-1.0000e+02 -1.9000e+02 -3.5188e-01
-1.0000e+02 -1.8000e+02 -2.8761e-01
-1.0000e+02 -1.7000e+02 -6.4925e-01
-1.0000e+02 -1.6000e+02 5.1206e-01
-1.0000e+02 -1.5000e+02 2.4325e-01
-1.0000e+02 -1.4000e+02 1.2348e+00
-1.0000e+02 -1.3000e+02 9.2704e-02
-1.0000e+02 -1.2000e+02 -3.0375e-01
-1.0000e+02 -1.1000e+02 6.6532e-02
-1.0000e+02 -1.0000e+02 2.3755e+00
-1.0000e+02 -9.0000e+01 -2.3844e+00
-1.0000e+02 -8.0000e+01 1.7935e-02
-1.0000e+02 -7.0000e+01 -3.4580e+00
-1.0000e+02 -6.0000e+01 -2.7925e+00
-1.0000e+02 -5.0000e+01 -1.3591e+00
-1.0000e+02 -4.0000e+01 -2.1762e+00
-1.0000e+02 -3.0000e+01 -3.2793e+00
-1.0000e+02 -2.0000e+01 -1.7395e+00
-1.0000e+02 -1.0000e+01 -1.0945e+00
-1.0000e+02 0.0000e+00 -1.8407e+00
-1.0000e+02 1.0000e+01 -3.4358e+00
-1.0000e+02 2.0000e+01 -5.4195e+00
-1.0000e+02 3.0000e+01 -1.7742e+00
-1.0000e+02 4.0000e+01 -3.1429e+00
-1.0000e+02 5.0000e+01 -4.0835e+00
-1.0000e+02 6.0000e+01 -2.3079e-01
-1.0000e+02 7.0000e+01 -3.4512e+00
-1.0000e+02 8.0000e+01 2.8435e-01
-1.0000e+02 9.0000e+01 -1.4113e+00
-1.0000e+02 1.0000e+02 1.9679e-01
-1.0000e+02 1.1000e+02 -7.6788e-01
-1.0000e+02 1.2000e+02 -3.8564e-01
-1.0000e+02 1.3000e+02 -1.8629e+00
-1.0000e+02 1.4000e+02 -2.2533e+00
-1.0000e+02 1.5000e+02 -1.3719e+00
-1.0000e+02 1.6000e+02 1.0089e+00
-1.0000e+02 1.7000e+02 1.5614e+00
-1.0000e+02 1.8000e+02 -6.8921e-01
-1.0000e+02 1.9000e+02 1.5626e+00
-1.0000e+02 2.0000e+02 6.5684e-01
-9.0000e+01 -2.0000e+02 -9.8113e-01
-9.0000e+01 -1.9000e+02 2.8746e+00
-9.0000e+01 -1.8000e+02 -1.5827e+00
-9.0000e+01 -1.7000e+02 -3.7322e+00
-9.0000e+01 -1.6000e+02 -2.6247e+00
-9.0000e+01 -1.5000e+02 8.9499e-01
-9.0000e+01 -1.4000e+02 -2.0755e+00
-9.0000e+01 -1.3000e+02 -1.8943e+00
-9.0000e+01 -1.2000e+02 -3.2568e+00
-9.0000e+01 -1.1000e+02 -1.6101e+00
-9.0000e+01 -1.0000e+02 2.2183e+00
-9.0000e+01 -9.0000e+01 -1.8371e+00
-9.0000e+01 -8.0000e+01 -5.1192e+00
-9.0000e+01 -7.0000e+01 -1.2281e+00
-9.0000e+01 -6.0000e+01 -2.4624e+00
-9.0000e+01 -5.0000e+01 -2.2389e+00
-9.0000e+01 -4.0000e+01 -3.3772e+00
-9.0000e+01 -3.0000e+01 -4.0437e+00
-9.0000e+01 -2.0000e+01 -4.9615e+00
-9.0000e+01 -1.0000e+01 -4.2719e+00
-9.0000e+01 0.0000e+00 -3.5433e+00
-9.0000e+01 1.0000e+01 -3.8509e+00
-9.0000e+01 2.0000e+01 -4.9078e+00
-9.0000e+01 3.0000e+01 -3.0985e+00
-9.0000e+01 4.0000e+01 -2.2268e+00
-9.0000e+01 5.0000e+01 -3.7821e+00
-9.0000e+01 6.0000e+01 -2.6169e+00
-9.0000e+01 7.0000e+01 -2.2548e+00
-9.0000e+01 8.0000e+01 -1.2918e-01
-9.0000e+01 9.0000e+01 -3.7180e+00
-9.0000e+01 1.0000e+02 -3.2114e+00
-9.0000e+01 1.1000e+02 -2.1275e+00
-9.0000e+01 1.2000e+02 -3.1713e-01
-9.0000e+01 1.3000e+02 -2.9905e+00
-9.0000e+01 1.4000e+02 -1.1886e-02
-9.0000e+01 1.5000e+02 2.0972e+00
-9.0000e+01 1.6000e+02 -8.0257e-01
-9.0000e+01 1.7000e+02 7.6499e-02
-9.0000e+01 1.8000e+02 3.0367e+00
-9.0000e+01 1.9000e+02 2.0098e-01
-9.0000e+01 2.0000e+02 2.8041e-01
-8.0000e+01 -2.0000e+02 -5.0490e-01
-8.0000e+01 -1.9000e+02 -7.1982e-01
-8.0000e+01 -1.8000e+02 1.6545e+00
-8.0000e+01 -1.7000e+02 -7.7872e-01
-8.0000e+01 -1.6000e+02 9.5292e-02
-8.0000e+01 -1.5000e+02 -1.4908e+00
-8.0000e+01 -1.4000e+02 -3.0519e+00
-8.0000e+01 -1.3000e+02 -2.6394e+00
-8.0000e+01 -1.2000e+02 -3.0233e+00
-8.0000e+01 -1.1000e+02 7.6454e-01
-8.0000e+01 -1.0000e+02 -2.8870e+00
-8.0000e+01 -9.0000e+01 -2.7418e+00
-8.0000e+01 -8.0000e+01 -2.4169e+00
-8.0000e+01 -7.0000e+01 -2.3717e+00
-8.0000e+01 -6.0000e+01 -2.0573e+00
-8.0000e+01 -5.0000e+01 -4.3366e+00
-8.0000e+01 -4.0000e+01 -3.7828e+00
-8.0000e+01 -3.0000e+01 -5.0058e+00
-8.0000e+01 -2.0000e+01 -4.6373e+00
-8.0000e+01 -1.0000e+01 -4.6112e+00
-8.0000e+01 0.0000e+00 -7.2285e+00
-8.0000e+01 1.0000e+01 -6.4767e+00
-8.0000e+01 2.0000e+01 -5.9621e+00
-8.0000e+01 3.0000e+01 -2.4448e+00
-8.0000e+01 4.0000e+01 -4.4528e+00
-8.0000e+01 5.0000e+01 -4.3726e+00
-8.0000e+01 6.0000e+01 -4.9027e+00
-8.0000e+01 7.0000e+01 -3.6947e+00
-8.0000e+01 8.0000e+01 -2.4782e+00
-8.0000e+01 9.0000e+01 -9.2561e-01
-8.0000e+01 1.0000e+02 -2.8205e+00
-8.0000e+01 1.1000e+02 -9.9731e-01
-8.0000e+01 1.2000e+02 -1.1824e+00
-8.0000e+01 1.3000e+02 -9.2133e-01
-8.0000e+01 1.4000e+02 9.5002e-01
-8.0000e+01 1.5000e+02 -5.0884e-01
-8.0000e+01 1.6000e+02 -8.1247e-01
-8.0000e+01 1.7000e+02 -8.2809e-01
-8.0000e+01 1.8000e+02 1.7748e+00
-8.0000e+01 1.9000e+02 1.6238e+00
-8.0000e+01 2.0000e+02 9.9627e-01
-7.0000e+01 -2.0000e+02 -2.5181e+00
-7.0000e+01 -1.9000e+02 -1.9073e+00
-7.0000e+01 -1.8000e+02 -1.1326e+00
-7.0000e+01 -1.7000e+02 1.9326e+00
-7.0000e+01 -1.6000e+02 2.9842e+00
-7.0000e+01 -1.5000e+02 -2.5156e+00
-7.0000e+01 -1.4000e+02 -1.9668e+00
-7.0000e+01 -1.3000e+02 9.8894e-01
-7.0000e+01 -1.2000e+02 -2.7270e+00
-7.0000e+01 -1.1000e+02 5.7208e-01
-7.0000e+01 -1.0000e+02 1.9152e+00
-7.0000e+01 -9.0000e+01 -2.0865e+00
-7.0000e+01 -8.0000e+01 -2.7337e+00
-7.0000e+01 -7.0000e+01 -5.0470e+00
-7.0000e+01 -6.0000e+01 -2.1502e+00
-7.0000e+01 -5.0000e+01 -3.1844e+00
-7.0000e+01 -4.0000e+01 -4.2042e+00
-7.0000e+01 -3.0000e+01 -8.4782e+00
-7.0000e+01 -2.0000e+01 -5.7234e+00
-7.0000e+01 -1.0000e+01 -6.2989e+00
-7.0000e+01 0.0000e+00 -7.7320e+00
-7.0000e+01 1.0000e+01 -8.9984e+00
-7.0000e+01 2.0000e+01 -6.6150e+00
-7.0000e+01 3.0000e+01 -5.9712e+00
-7.0000e+01 4.0000e+01 -1.7943e+00
-7.0000e+01 5.0000e+01 -3.5356e+00
-7.0000e+01 6.0000e+01 -6.0759e+00
-7.0000e+01 7.0000e+01 -3.4684e+00
-7.0000e+01 8.0000e+01 -3.3733e+00
-7.0000e+01 9.0000e+01 -3.2974e-01
-7.0000e+01 1.0000e+02 1.0981e+00
-7.0000e+01 1.1000e+02 -4.7859e-01
-7.0000e+01 1.2000e+02 2.3139e+00
-7.0000e+01 1.3000e+02 -1.0800e+00
-7.0000e+01 1.4000e+02 -2.9449e+00
-7.0000e+01 1.5000e+02 3.1075e-01
-7.0000e+01 1.6000e+02 -1.1867e+00
-7.0000e+01 1.7000e+02 1.7224e+00
-7.0000e+01 1.8000e+02 -2.2581e+00
-7.0000e+01 1.9000e+02 -7.4150e-01
-7.0000e+01 2.0000e+02 -1.5132e+00
-6.0000e+01 -2.0000e+02 -2.6460e-02
-6.0000e+01 -1.9000e+02 3.7468e-02
-6.0000e+01 -1.8000e+02 8.6756e-01
-6.0000e+01 -1.7000e+02 -6.6388e-01
-6.0000e+01 -1.6000e+02 -5.7924e-01
-6.0000e+01 -1.5000e+02 -7.0691e-01
-6.0000e+01 -1.4000e+02 -1.9533e+00
-6.0000e+01 -1.3000e+02 3.0003e-01
-6.0000e+01 -1.2000e+02 -2.2827e+00
-6.0000e+01 -1.1000e+02 -1.7411e+00
-6.0000e+01 -1.0000e+02 -2.5456e+00
-6.0000e+01 -9.0000e+01 -1.5226e+00
-6.0000e+01 -8.0000e+01 -3.0409e+00
-6.0000e+01 -7.0000e+01 -2.7885e+00
-6.0000e+01 -6.0000e+01 -5.0130e+00
-6.0000e+01 -5.0000e+01 -5.6547e+00
-6.0000e+01 -4.0000e+01 -5.2307e+00
-6.0000e+01 -3.0000e+01 -6.7757e+00
-6.0000e+01 -2.0000e+01 -1.0239e+01
-6.0000e+01 -1.0000e+01 -6.8639e+00
-6.0000e+01 0.0000e+00 -8.9689e+00
-6.0000e+01 1.0000e+01 -7.2225e+00
-6.0000e+01 2.0000e+01 -5.4625e+00
-6.0000e+01 3.0000e+01 -1.0220e+01
-6.0000e+01 4.0000e+01 -6.0007e+00
-6.0000e+01 5.0000e+01 -4.6353e+00
-6.0000e+01 6.0000e+01 -4.7634e+00
-6.0000e+01 7.0000e+01 -3.4609e+00
-6.0000e+01 8.0000e+01 -2.2254e+00
-6.0000e+01 9.0000e+01 -2.0491e+00
-6.0000e+01 1.0000e+02 -9.0169e-01
-6.0000e+01 1.1000e+02 -1.1622e-01
-6.0000e+01 1.2000e+02 -1.1454e+00
-6.0000e+01 1.3000e+02 2.5830e+00
-6.0000e+01 1.4000e+02 -1.8223e+00
-6.0000e+01 1.5000e+02 -4.6699e-01
-6.0000e+01 1.6000e+02 -3.6901e-01
-6.0000e+01 1.7000e+02 8.6170e-01
-6.0000e+01 1.8000e+02 -4.3581e+00
-6.0000e+01 1.9000e+02 9.1312e-01
-6.0000e+01 2.0000e+02 -1.2251e+00
-5.0000e+01 -2.0000e+02 1.4067e+00
-5.0000e+01 -1.9000e+02 3.3898e+00
-5.0000e+01 -1.8000e+02 -8.4174e-01
-5.0000e+01 -1.7000e+02 1.7618e+00
-5.0000e+01 -1.6000e+02 7.6579e-01
-5.0000e+01 -1.5000e+02 1.0945e+00
-5.0000e+01 -1.4000e+02 -1.2113e+00
-5.0000e+01 -1.3000e+02 -1.6864e+00
-5.0000e+01 -1.2000e+02 -2.7587e+00
-5.0000e+01 -1.1000e+02 -4.4619e+00
-5.0000e+01 -1.0000e+02 -2.5266e+00
-5.0000e+01 -9.0000e+01 -9.6726e-01
-5.0000e+01 -8.0000e+01 -3.7077e+00
-5.0000e+01 -7.0000e+01 -3.0607e+00
-5.0000e+01 -6.0000e+01 -8.9169e+00
-5.0000e+01 -5.0000e+01 -4.8814e+00
-5.0000e+01 -4.0000e+01 -7.5624e+00
-5.0000e+01 -3.0000e+01 -1.2154e+01
-5.0000e+01 -2.0000e+01 -1.1382e+01
-5.0000e+01 -1.0000e+01 -1.0124e+01
-5.0000e+01 0.0000e+00 -9.6465e+00
-5.0000e+01 1.0000e+01 -1.0195e+01
-5.0000e+01 2.0000e+01 -8.0034e+00
-5.0000e+01 3.0000e+01 -8.3754e+00
-5.0000e+01 4.0000e+01 -8.0873e+00
-5.0000e+01 5.0000e+01 -7.1781e+00
-5.0000e+01 6.0000e+01 -7.2506e+00
-5.0000e+01 7.0000e+01 -4.1377e+00
-5.0000e+01 8.0000e+01 -2.9889e+00
-5.0000e+01 9.0000e+01 -4.4033e+00
-5.0000e+01 1.0000e+02 -3.4257e+00
-5.0000e+01 1.1000e+02 -4.6363e+00
-5.0000e+01 1.2000e+02 -1.8235e+00
-5.0000e+01 1.3000e+02 -1.7974e+00
-5.0000e+01 1.4000e+02 7.9492e-02
-5.0000e+01 1.5000e+02 -1.2356e+00
-5.0000e+01 1.6000e+02 -1.8364e+00
-5.0000e+01 1.7000e+02 1.4368e+00
-5.0000e+01 1.8000e+02 -2.3929e+00
-5.0000e+01 1.9000e+02 1.4357e+00
-5.0000e+01 2.0000e+02 9.7831e-01
-4.0000e+01 -2.0000e+02 -1.2485e+00
-4.0000e+01 -1.9000e+02 1.7792e-01
-4.0000e+01 -1.8000e+02 5.6129e-01
-4.0000e+01 -1.7000e+02 6.7333e-01
-4.0000e+01 -1.6000e+02 2.3382e+00
-4.0000e+01 -1.5000e+02 -1.8110e+00
-4.0000e+01 -1.4000e+02 -1.4867e+00
-4.0000e+01 -1.3000e+02 -3.3447e-01
-4.0000e+01 -1.2000e+02 -1.6736e+00
-4.0000e+01 -1.1000e+02 -2.2686e+00
-4.0000e+01 -1.0000e+02 -4.3952e+00
-4.0000e+01 -9.0000e+01 -1.6397e+00
-4.0000e+01 -8.0000e+01 -3.7025e+00
-4.0000e+01 -7.0000e+01 -5.6067e+00
-4.0000e+01 -6.0000e+01 -3.6218e+00
-4.0000e+01 -5.0000e+01 -8.0219e+00
-4.0000e+01 -4.0000e+01 -1.1998e+01
-4.0000e+01 -3.0000e+01 -1.0419e+01
-4.0000e+01 -2.0000e+01 -1.2108e+01
-4.0000e+01 -1.0000e+01 -9.5266e+00
-4.0000e+01 0.0000e+00 -1.1143e+01
-4.0000e+01 1.0000e+01 -1.3240e+01
-4.0000e+01 2.0000e+01 -9.7729e+00
-4.0000e+01 3.0000e+01 -9.9725e+00
-4.0000e+01 4.0000e+01 -1.0312e+01
-4.0000e+01 5.0000e+01 -7.8613e+00
-4.0000e+01 6.0000e+01 -6.6667e+00
-4.0000e+01 7.0000e+01 -4.4117e+00
-4.0000e+01 8.0000e+01 -4.5549e+00
-4.0000e+01 9.0000e+01 -1.9183e+00
-4.0000e+01 1.0000e+02 -1.9252e+00
-4.0000e+01 1.1000e+02 -3.2636e+00
-4.0000e+01 1.2000e+02 -2.1503e+00
-4.0000e+01 1.3000e+02 6.4199e-02
-4.0000e+01 1.4000e+02 1.2688e+00
-4.0000e+01 1.5000e+02 -1.5335e+00
-4.0000e+01 1.6000e+02 -1.0890e+00
-4.0000e+01 1.7000e+02 -9.0912e-01
-4.0000e+01 1.8000e+02 1.1801e+00
-4.0000e+01 1.9000e+02 -1.1196e+00
-4.0000e+01 2.0000e+02 -8.9736e-01
-3.0000e+01 -2.0000e+02 -1.2988e+00
-3.0000e+01 -1.9000e+02 -2.8874e+00
-3.0000e+01 -1.8000e+02 -1.4081e+00
-3.0000e+01 -1.7000e+02 1.1562e+00
-3.0000e+01 -1.6000e+02 2.7475e+00
-3.0000e+01 -1.5000e+02 1.2905e+00
-3.0000e+01 -1.4000e+02 -2.2881e+00
-3.0000e+01 -1.3000e+02 -3.1011e+00
-3.0000e+01 -1.2000e+02 -2.7164e+00
-3.0000e+01 -1.1000e+02 -2.0710e+00
-3.0000e+01 -1.0000e+02 4.6319e-01
-3.0000e+01 -9.0000e+01 -3.5905e+00
-3.0000e+01 -8.0000e+01 -5.3252e+00
-3.0000e+01 -7.0000e+01 -6.3138e+00
-3.0000e+01 -6.0000e+01 -7.8038e+00
-3.0000e+01 -5.0000e+01 -8.1622e+00
-3.0000e+01 -4.0000e+01 -1.3124e+01
-3.0000e+01 -3.0000e+01 -1.1285e+01
-3.0000e+01 -2.0000e+01 -1.1840e+01
-3.0000e+01 -1.0000e+01 -1.3150e+01
-3.0000e+01 0.0000e+00 -1.3453e+01
-3.0000e+01 1.0000e+01 -1.2015e+01
-3.0000e+01 2.0000e+01 -1.6429e+01
-3.0000e+01 3.0000e+01 -1.1331e+01
-3.0000e+01 4.0000e+01 -9.1503e+00
-3.0000e+01 5.0000e+01 -9.2064e+00
-3.0000e+01 6.0000e+01 -9.8194e+00
-3.0000e+01 7.0000e+01 -7.5440e+00
-3.0000e+01 8.0000e+01 -5.3696e+00
-3.0000e+01 9.0000e+01 -1.5109e+00
-3.0000e+01 1.0000e+02 -2.6823e+00
-3.0000e+01 1.1000e+02 -2.1584e+00
-3.0000e+01 1.2000e+02 -5.0390e-01
-3.0000e+01 1.3000e+02 -3.9080e-01
-3.0000e+01 1.4000e+02 -8.0335e-01
-3.0000e+01 1.5000e+02 -9.4335e-01
-3.0000e+01 1.6000e+02 1.0536e+00
-3.0000e+01 1.7000e+02 -1.2812e-01
-3.0000e+01 1.8000e+02 -1.6989e-01
-3.0000e+01 1.9000e+02 2.1613e+00
-3.0000e+01 2.0000e+02 -1.4705e+00
-2.0000e+01 -2.0000e+02 4.5335e+00
-2.0000e+01 -1.9000e+02 4.0782e-01
-2.0000e+01 -1.8000e+02 1.4203e+00
-2.0000e+01 -1.7000e+02 9.6326e-01
-2.0000e+01 -1.6000e+02 -2.0763e-01
-2.0000e+01 -1.5000e+02 -2.9554e+00
-2.0000e+01 -1.4000e+02 -1.1489e+00
-2.0000e+01 -1.3000e+02 -1.7333e+00
-2.0000e+01 -1.2000e+02 -1.3742e+00
-2.0000e+01 -1.1000e+02 3.1689e-01
-2.0000e+01 -1.0000e+02 -9.1138e-01
-2.0000e+01 -9.0000e+01 -4.6792e+00
-2.0000e+01 -8.0000e+01 -4.8328e+00
-2.0000e+01 -7.0000e+01 -7.7257e+00
-2.0000e+01 -6.0000e+01 -5.7472e+00
-2.0000e+01 -5.0000e+01 -1.1105e+01
-2.0000e+01 -4.0000e+01 -9.9113e+00
-2.0000e+01 -3.0000e+01 -1.2723e+01
-2.0000e+01 -2.0000e+01 -1.4534e+01
-2.0000e+01 -1.0000e+01 -1.5095e+01
-2.0000e+01 0.0000e+00 -1.4396e+01
-2.0000e+01 1.0000e+01 -1.3036e+01
-2.0000e+01 2.0000e+01 -1.2931e+01
-2.0000e+01 3.0000e+01 -1.0866e+01
-2.0000e+01 4.0000e+01 -1.3919e+01
-2.0000e+01 5.0000e+01 -8.3505e+00
-2.0000e+01 6.0000e+01 -7.2036e+00
-2.0000e+01 7.0000e+01 -4.9119e+00
-2.0000e+01 8.0000e+01 -5.5835e+00
-2.0000e+01 9.0000e+01 -1.3233e+00
-2.0000e+01 1.0000e+02 -2.3730e+00
-2.0000e+01 1.1000e+02 -4.8206e+00
-2.0000e+01 1.2000e+02 -1.0295e+00
-2.0000e+01 1.3000e+02 -1.8184e-01
-2.0000e+01 1.4000e+02 -1.2372e+00
-2.0000e+01 1.5000e+02 -3.7115e-01
-2.0000e+01 1.6000e+02 7.4693e-01
-2.0000e+01 1.7000e+02 -4.1823e-01
-2.0000e+01 1.8000e+02 -2.2027e+00
-2.0000e+01 1.9000e+02 1.8968e+00
-2.0000e+01 2.0000e+02 1.3603e-01
-1.0000e+01 -2.0000e+02 3.6100e-01
-1.0000e+01 -1.9000e+02 -3.5704e-01
-1.0000e+01 -1.8000e+02 2.7961e+00
-1.0000e+01 -1.7000e+02 -8.3769e-01
-1.0000e+01 -1.6000e+02 -1.0960e+00
-1.0000e+01 -1.5000e+02 3.0686e+00
-1.0000e+01 -1.4000e+02 -4.2593e-01
-1.0000e+01 -1.3000e+02 -1.2488e+00
-1.0000e+01 -1.2000e+02 -3.2508e+00
-1.0000e+01 -1.1000e+02 -6.5995e-01
-1.0000e+01 -1.0000e+02 6.6068e-01
-1.0000e+01 -9.0000e+01 -6.1179e+00
-1.0000e+01 -8.0000e+01 -5.6403e+00
-1.0000e+01 -7.0000e+01 -8.6388e+00
-1.0000e+01 -6.0000e+01 -7.2831e+00
-1.0000e+01 -5.0000e+01 -6.9421e+00
-1.0000e+01 -4.0000e+01 -1.1383e+01
-1.0000e+01 -3.0000e+01 -1.4779e+01
-1.0000e+01 -2.0000e+01 -1.2312e+01
-1.0000e+01 -1.0000e+01 -1.3928e+01
-1.0000e+01 0.0000e+00 -1.4468e+01
-1.0000e+01 1.0000e+01 -1.4285e+01
-1.0000e+01 2.0000e+01 -1.5802e+01
-1.0000e+01 3.0000e+01 -1.1574e+01
-1.0000e+01 4.0000e+01 -1.2704e+01
-1.0000e+01 5.0000e+01 -1.0930e+01
-1.0000e+01 6.0000e+01 -9.3113e+00
-1.0000e+01 7.0000e+01 -6.0280e+00
-1.0000e+01 8.0000e+01 -6.8001e+00
-1.0000e+01 9.0000e+01 -2.7235e+00
-1.0000e+01 1.0000e+02 -3.2237e+00
-1.0000e+01 1.1000e+02 -1.0432e+00
-1.0000e+01 1.2000e+02 -7.6665e-01
-1.0000e+01 1.3000e+02 2.5393e+00
-1.0000e+01 1.4000e+02 -2.0588e+00
-1.0000e+01 1.5000e+02 -6.0978e-01
-1.0000e+01 1.6000e+02 -2.4369e+00
-1.0000e+01 1.7000e+02 -2.2332e+00
-1.0000e+01 1.8000e+02 -2.2586e+00
-1.0000e+01 1.9000e+02 -2.6685e+00
-1.0000e+01 2.0000e+02 1.3917e+00
0.0000e+00 -2.0000e+02 1.8521e+00
0.0000e+00 -1.9000e+02 -6.6900e-01
0.0000e+00 -1.8000e+02 -5.9299e-02
0.0000e+00 -1.7000e+02 1.4676e+00
0.0000e+00 -1.6000e+02 -6.4921e-02
0.0000e+00 -1.5000e+02 -1.2933e+00
0.0000e+00 -1.4000e+02 -1.3928e+00
0.0000e+00 -1.3000e+02 -1.6298e+00
0.0000e+00 -1.2000e+02 -4.0407e+00
0.0000e+00 -1.1000e+02 -3.2298e+00
0.0000e+00 -1.0000e+02 -2.6882e+00
0.0000e+00 -9.0000e+01 -3.2921e+00
0.0000e+00 -8.0000e+01 -2.7791e+00
0.0000e+00 -7.0000e+01 -6.7132e+00
0.0000e+00 -6.0000e+01 -7.8612e+00
0.0000e+00 -5.0000e+01 -1.0525e+01
0.0000e+00 -4.0000e+01 -1.2005e+01
0.0000e+00 -3.0000e+01 -1.6054e+01
0.0000e+00 -2.0000e+01 -1.4943e+01
0.0000e+00 -1.0000e+01 -1.5816e+01
0.0000e+00 0.0000e+00 -1.5225e+01
0.0000e+00 1.0000e+01 -1.4212e+01
0.0000e+00 2.0000e+01 -1.6550e+01
0.0000e+00 3.0000e+01 -1.2125e+01
0.0000e+00 4.0000e+01 -1.2769e+01
0.0000e+00 5.0000e+01 -1.2408e+01
0.0000e+00 6.0000e+01 -9.1323e+00
0.0000e+00 7.0000e+01 -8.2850e+00
0.0000e+00 8.0000e+01 -4.6010e+00
0.0000e+00 9.0000e+01 -3.6662e+00
0.0000e+00 1.0000e+02 -5.3018e+00
0.0000e+00 1.1000e+02 -2.9592e+00
0.0000e+00 1.2000e+02 -5.6473e-01
0.0000e+00 1.3000e+02 -5.0852e+00
0.0000e+00 1.4000e+02 -5.2753e-01
0.0000e+00 1.5000e+02 -3.1748e-01
0.0000e+00 1.6000e+02 1.3255e+00
0.0000e+00 1.7000e+02 1.7795e+00
0.0000e+00 1.8000e+02 6.1658e-01
0.0000e+00 1.9000e+02 -1.4080e+00
0.0000e+00 2.0000e+02 -3.3435e-01
1.0000e+01 -2.0000e+02 -1.8088e+00
1.0000e+01 -1.9000e+02 1.6838e-01
1.0000e+01 -1.8000e+02 5.4741e-01
1.0000e+01 -1.7000e+02 -4.4235e+00
1.0000e+01 -1.6000e+02 8.2339e-01
1.0000e+01 -1.5000e+02 -2.6387e+00
1.0000e+01 -1.4000e+02 -3.7281e-01
1.0000e+01 -1.3000e+02 -1.8687e-01
1.0000e+01 -1.2000e+02 -3.1660e+00
1.0000e+01 -1.1000e+02 -1.8622e+00
1.0000e+01 -1.0000e+02 -5.9001e+00
1.0000e+01 -9.0000e+01 -4.4044e+00
1.0000e+01 -8.0000e+01 -6.1015e+00
1.0000e+01 -7.0000e+01 -6.8756e+00
1.0000e+01 -6.0000e+01 -1.0100e+01
1.0000e+01 -5.0000e+01 -7.9923e+00
1.0000e+01 -4.0000e+01 -1.1736e+01
1.0000e+01 -3.0000e+01 -1.3099e+01
1.0000e+01 -2.0000e+01 -1.3904e+01
1.0000e+01 -1.0000e+01 -1.3370e+01
1.0000e+01 0.0000e+00 -1.4236e+01
1.0000e+01 1.0000e+01 -1.4338e+01
1.0000e+01 2.0000e+01 -1.3919e+01
1.0000e+01 3.0000e+01 -1.4699e+01
1.0000e+01 4.0000e+01 -1.3871e+01
1.0000e+01 5.0000e+01 -7.6854e+00
1.0000e+01 6.0000e+01 -8.7498e+00
1.0000e+01 7.0000e+01 -6.3684e+00
1.0000e+01 8.0000e+01 -6.1392e+00
1.0000e+01 9.0000e+01 -3.9268e+00
1.0000e+01 1.0000e+02 -1.7400e+00
1.0000e+01 1.1000e+02 -5.4712e+00
1.0000e+01 1.2000e+02 -3.5395e+00
1.0000e+01 1.3000e+02 3.0887e-01
1.0000e+01 1.4000e+02 -6.8187e-01
1.0000e+01 1.5000e+02 6.7429e-01
1.0000e+01 1.6000e+02 -3.5694e-01
1.0000e+01 1.7000e+02 -8.3618e-02
1.0000e+01 1.8000e+02 -1.6362e+00
1.0000e+01 1.9000e+02 2.5139e-01
1.0000e+01 2.0000e+02 -3.5378e-01
2.0000e+01 -2.0000e+02 7.9672e-01
2.0000e+01 -1.9000e+02 1.3378e+00
2.0000e+01 -1.8000e+02 -6.9015e-01
2.0000e+01 -1.7000e+02 -1.2900e+00
2.0000e+01 -1.6000e+02 7.0065e-01
2.0000e+01 -1.5000e+02 -1.8676e+00
2.0000e+01 -1.4000e+02 -1.8762e+00
2.0000e+01 -1.3000e+02 -2.4411e-01
2.0000e+01 -1.2000e+02 -3.2059e-01
2.0000e+01 -1.1000e+02 -2.6079e+00
2.0000e+01 -1.0000e+02 -3.6703e+00
2.0000e+01 -9.0000e+01 -6.3341e+00
2.0000e+01 -8.0000e+01 -5.5338e+00
2.0000e+01 -7.0000e+01 -7.2960e+00
2.0000e+01 -6.0000e+01 -9.7806e+00
2.0000e+01 -5.0000e+01 -8.3228e+00
2.0000e+01 -4.0000e+01 -1.1540e+01
2.0000e+01 -3.0000e+01 -1.1146e+01
2.0000e+01 -2.0000e+01 -1.5305e+01
2.0000e+01 -1.0000e+01 -1.5475e+01
2.0000e+01 0.0000e+00 -1.5834e+01
2.0000e+01 1.0000e+01 -1.2613e+01
2.0000e+01 2.0000e+01 -1.2099e+01
2.0000e+01 3.0000e+01 -1.3574e+01
2.0000e+01 4.0000e+01 -1.0370e+01
2.0000e+01 5.0000e+01 -1.0579e+01
2.0000e+01 6.0000e+01 -7.9296e+00
2.0000e+01 7.0000e+01 -1.0155e+01
2.0000e+01 8.0000e+01 -2.3342e+00
2.0000e+01 9.0000e+01 -3.7633e+00
2.0000e+01 1.0000e+02 -1.8797e+00
2.0000e+01 1.1000e+02 -2.1070e+00
2.0000e+01 1.2000e+02 -1.3002e+00
2.0000e+01 1.3000e+02 -1.0138e+00
2.0000e+01 1.4000e+02 -3.8028e-01
2.0000e+01 1.5000e+02 -7.9353e-01
2.0000e+01 1.6000e+02 2.2741e-01
2.0000e+01 1.7000e+02 -2.7707e+00
2.0000e+01 1.8000e+02 -1.1007e+00
2.0000e+01 1.9000e+02 6.9336e-01
2.0000e+01 2.0000e+02 7.9258e-01
3.0000e+01 -2.0000e+02 8.0125e-01
3.0000e+01 -1.9000e+02 1.1128e+00
3.0000e+01 -1.8000e+02 -7.6673e-02
3.0000e+01 -1.7000e+02 -1.4373e-01
3.0000e+01 -1.6000e+02 1.6378e+00
3.0000e+01 -1.5000e+02 6.8822e-01
3.0000e+01 -1.4000e+02 -6.7741e-01
3.0000e+01 -1.3000e+02 -1.6566e+00
3.0000e+01 -1.2000e+02 -4.3751e+00
3.0000e+01 -1.1000e+02 -3.7040e+00
3.0000e+01 -1.0000e+02 -2.0943e+00
3.0000e+01 -9.0000e+01 -5.9146e+00
3.0000e+01 -8.0000e+01 -5.4853e+00
3.0000e+01 -7.0000e+01 -8.3784e+00
3.0000e+01 -6.0000e+01 -4.6790e+00
3.0000e+01 -5.0000e+01 -8.3344e+00
3.0000e+01 -4.0000e+01 -9.7334e+00
3.0000e+01 -3.0000e+01 -1.0452e+01
3.0000e+01 -2.0000e+01 -1.1164e+01
3.0000e+01 -1.0000e+01 -1.0790e+01
3.0000e+01 0.0000e+00 -1.3371e+01
3.0000e+01 1.0000e+01 -1.3057e+01
3.0000e+01 2.0000e+01 -1.0040e+01
3.0000e+01 3.0000e+01 -1.2873e+01
3.0000e+01 4.0000e+01 -1.0242e+01
3.0000e+01 5.0000e+01 -1.0758e+01
3.0000e+01 6.0000e+01 -6.1597e+00
3.0000e+01 7.0000e+01 -6.2376e+00
3.0000e+01 8.0000e+01 -5.4061e+00
3.0000e+01 9.0000e+01 -4.0573e+00
3.0000e+01 1.0000e+02 -2.6711e+00
3.0000e+01 1.1000e+02 -3.0934e+00
3.0000e+01 1.2000e+02 6.1656e-01
3.0000e+01 1.3000e+02 -9.9597e-01
3.0000e+01 1.4000e+02 3.0467e-01
3.0000e+01 1.5000e+02 -1.8642e+00
3.0000e+01 1.6000e+02 1.4849e+00
3.0000e+01 1.7000e+02 -5.7356e-01
3.0000e+01 1.8000e+02 -1.5842e+00
3.0000e+01 1.9000e+02 4.1025e-01
3.0000e+01 2.0000e+02 -1.7300e+00
4.0000e+01 -2.0000e+02 -1.3454e+00
4.0000e+01 -1.9000e+02 -1.0111e+00
4.0000e+01 -1.8000e+02 5.1230e-01
4.0000e+01 -1.7000e+02 2.8830e-01
4.0000e+01 -1.6000e+02 3.8006e-01
4.0000e+01 -1.5000e+02 1.0005e-01
4.0000e+01 -1.4000e+02 -8.6940e-01
4.0000e+01 -1.3000e+02 -2.6229e+00
4.0000e+01 -1.2000e+02 1.6284e+00
4.0000e+01 -1.1000e+02 -3.6643e+00
4.0000e+01 -1.0000e+02 -5.0662e+00
4.0000e+01 -9.0000e+01 -2.4490e+00
4.0000e+01 -8.0000e+01 -3.5193e+00
4.0000e+01 -7.0000e+01 -5.6423e+00
4.0000e+01 -6.0000e+01 -4.7285e+00
4.0000e+01 -5.0000e+01 -7.3462e+00
4.0000e+01 -4.0000e+01 -1.0692e+01
4.0000e+01 -3.0000e+01 -1.0031e+01
4.0000e+01 -2.0000e+01 -1.0238e+01
4.0000e+01 -1.0000e+01 -1.2158e+01
4.0000e+01 0.0000e+00 -1.0095e+01
4.0000e+01 1.0000e+01 -1.0215e+01
4.0000e+01 2.0000e+01 -1.2570e+01
4.0000e+01 3.0000e+01 -8.3861e+00
4.0000e+01 4.0000e+01 -1.0224e+01
4.0000e+01 5.0000e+01 -7.5561e+00
4.0000e+01 6.0000e+01 -5.2682e+00
4.0000e+01 7.0000e+01 -3.5711e+00
4.0000e+01 8.0000e+01 -4.4271e+00
4.0000e+01 9.0000e+01 -2.5421e+00
4.0000e+01 1.0000e+02 -4.8032e+00
4.0000e+01 1.1000e+02 -4.3799e+00
4.0000e+01 1.2000e+02 -2.3789e+00
4.0000e+01 1.3000e+02 -2.2571e+00
4.0000e+01 1.4000e+02 -1.0313e+00
4.0000e+01 1.5000e+02 -6.9678e-01
4.0000e+01 1.6000e+02 3.9289e-01
4.0000e+01 1.7000e+02 -5.7088e-02
4.0000e+01 1.8000e+02 1.7158e+00
4.0000e+01 1.9000e+02 5.5335e-01
4.0000e+01 2.0000e+02 3.0574e+00
5.0000e+01 -2.0000e+02 5.8965e-01
5.0000e+01 -1.9000e+02 -5.8405e-01
5.0000e+01 -1.8000e+02 4.5133e+00
5.0000e+01 -1.7000e+02 3.1975e-01
5.0000e+01 -1.6000e+02 -6.6509e-01
5.0000e+01 -1.5000e+02 -3.5006e+00
5.0000e+01 -1.4000e+02 6.2731e-01
5.0000e+01 -1.3000e+02 -1.9947e+00
5.0000e+01 -1.2000e+02 1.2400e+00
5.0000e+01 -1.1000e+02 -2.1947e+00
5.0000e+01 -1.0000e+02 4.6187e-01
5.0000e+01 -9.0000e+01 -3.6758e+00
5.0000e+01 -8.0000e+01 -6.2045e+00
5.0000e+01 -7.0000e+01 -4.2365e+00
5.0000e+01 -6.0000e+01 -8.7103e+00
5.0000e+01 -5.0000e+01 -5.6364e+00
5.0000e+01 -4.0000e+01 -8.4310e+00
5.0000e+01 -3.0000e+01 -9.1874e+00
5.0000e+01 -2.0000e+01 -9.5031e+00
5.0000e+01 -1.0000e+01 -6.5362e+00
5.0000e+01 0.0000e+00 -1.0217e+01
5.0000e+01 1.0000e+01 -1.1895e+01
5.0000e+01 2.0000e+01 -8.0401e+00
5.0000e+01 3.0000e+01 -6.8059e+00
5.0000e+01 4.0000e+01 -9.6968e+00
5.0000e+01 5.0000e+01 -8.3588e+00
5.0000e+01 6.0000e+01 -4.5481e+00
5.0000e+01 7.0000e+01 -2.2516e+00
5.0000e+01 8.0000e+01 -4.6034e+00
5.0000e+01 9.0000e+01 -1.8510e+00
5.0000e+01 1.0000e+02 -3.2295e+00
5.0000e+01 1.1000e+02 -1.6986e+00
5.0000e+01 1.2000e+02 -2.3475e+00
5.0000e+01 1.3000e+02 -3.4250e+00
5.0000e+01 1.4000e+02 -1.7841e-01
5.0000e+01 1.5000e+02 7.4680e-01
5.0000e+01 1.6000e+02 1.5168e+00
5.0000e+01 1.7000e+02 -1.8809e+00
5.0000e+01 1.8000e+02 -8.7377e-01
5.0000e+01 1.9000e+02 -3.4986e-02
5.0000e+01 2.0000e+02 1.6292e+00
6.0000e+01 -2.0000e+02 1.4826e-01
6.0000e+01 -1.9000e+02 5.2478e-01
6.0000e+01 -1.8000e+02 -2.1859e+00
6.0000e+01 -1.7000e+02 1.2947e+00
6.0000e+01 -1.6000e+02 1.5658e+00
6.0000e+01 -1.5000e+02 -2.1800e-01
6.0000e+01 -1.4000e+02 6.0914e-01
6.0000e+01 -1.3000e+02 -1.1874e+00
6.0000e+01 -1.2000e+02 6.5443e-01
6.0000e+01 -1.1000e+02 3.8866e-01
6.0000e+01 -1.0000e+02 2.0740e-01
6.0000e+01 -9.0000e+01 -2.9190e+00
6.0000e+01 -8.0000e+01 -3.2606e+00
6.0000e+01 -7.0000e+01 -1.8634e+00
6.0000e+01 -6.0000e+01 -6.6931e+00
6.0000e+01 -5.0000e+01 -5.2474e+00
6.0000e+01 -4.0000e+01 -6.7309e+00
6.0000e+01 -3.0000e+01 -1.0877e+01
6.0000e+01 -2.0000e+01 -9.5540e+00
6.0000e+01 -1.0000e+01 -8.9213e+00
6.0000e+01 0.0000e+00 -7.0123e+00
6.0000e+01 1.0000e+01 -7.6544e+00
6.0000e+01 2.0000e+01 -7.6909e+00
6.0000e+01 3.0000e+01 -6.7662e+00
6.0000e+01 4.0000e+01 -5.0881e+00
6.0000e+01 5.0000e+01 -4.8528e+00
6.0000e+01 6.0000e+01 -5.3756e+00
6.0000e+01 7.0000e+01 -2.3291e+00
6.0000e+01 8.0000e+01 -8.2099e-01
6.0000e+01 9.0000e+01 -3.9895e+00
6.0000e+01 1.0000e+02 -3.1456e+00
6.0000e+01 1.1000e+02 -4.5575e+00
6.0000e+01 1.2000e+02 -2.3595e+00
6.0000e+01 1.3000e+02 -9.2439e-02
6.0000e+01 1.4000e+02 2.5801e+00
6.0000e+01 1.5000e+02 -1.3686e+00
6.0000e+01 1.6000e+02 2.6863e-01
6.0000e+01 1.7000e+02 -1.2717e+00
6.0000e+01 1.8000e+02 -2.0084e-01
6.0000e+01 1.9000e+02 -1.9879e+00
6.0000e+01 2.0000e+02 3.0923e-01
7.0000e+01 -2.0000e+02 5.6346e-01
7.0000e+01 -1.9000e+02 -8.2949e-01
7.0000e+01 -1.8000e+02 7.2982e-01
7.0000e+01 -1.7000e+02 -1.2936e+00
7.0000e+01 -1.6000e+02 -2.0555e+00
7.0000e+01 -1.5000e+02 -1.1209e+00
7.0000e+01 -1.4000e+02 -1.1275e-01
7.0000e+01 -1.3000e+02 -1.7057e+00
7.0000e+01 -1.2000e+02 -1.9188e+00
7.0000e+01 -1.1000e+02 6.1484e-01
7.0000e+01 -1.0000e+02 -1.2425e+00
7.0000e+01 -9.0000e+01 -3.4429e+00
7.0000e+01 -8.0000e+01 -2.3686e+00
7.0000e+01 -7.0000e+01 -4.5507e-01
7.0000e+01 -6.0000e+01 -6.6251e+00
7.0000e+01 -5.0000e+01 -4.4576e+00
7.0000e+01 -4.0000e+01 -4.9870e+00
7.0000e+01 -3.0000e+01 -7.9811e+00
7.0000e+01 -2.0000e+01 -4.5158e+00
7.0000e+01 -1.0000e+01 -5.0357e+00
7.0000e+01 0.0000e+00 -7.1490e+00
7.0000e+01 1.0000e+01 -9.4296e+00
7.0000e+01 2.0000e+01 -6.5959e+00
7.0000e+01 3.0000e+01 -5.8001e+00
7.0000e+01 4.0000e+01 -7.8335e+00
7.0000e+01 5.0000e+01 -3.6755e+00
7.0000e+01 6.0000e+01 -9.9919e-01
7.0000e+01 7.0000e+01 -2.4745e+00
7.0000e+01 8.0000e+01 -1.9776e+00
7.0000e+01 9.0000e+01 -1.9212e+00
7.0000e+01 1.0000e+02 -6.0005e+00
7.0000e+01 1.1000e+02 -2.9286e+00
7.0000e+01 1.2000e+02 -2.9513e-01
7.0000e+01 1.3000e+02 -7.7334e-01
7.0000e+01 1.4000e+02 -7.7587e-01
7.0000e+01 1.5000e+02 1.6805e+00
7.0000e+01 1.6000e+02 -3.2095e-01
7.0000e+01 1.7000e+02 5.6426e-01
7.0000e+01 1.8000e+02 2.6955e+00
7.0000e+01 1.9000e+02 7.3386e-02
7.0000e+01 2.0000e+02 -1.2477e+00
8.0000e+01 -2.0000e+02 5.5358e-01
8.0000e+01 -1.9000e+02 9.8938e-01
8.0000e+01 -1.8000e+02 -8.3266e-01
8.0000e+01 -1.7000e+02 2.4835e-01
8.0000e+01 -1.6000e+02 -7.1855e-01
8.0000e+01 -1.5000e+02 -2.5501e+00
8.0000e+01 -1.4000e+02 -2.3611e+00
8.0000e+01 -1.3000e+02 -2.6961e-01
8.0000e+01 -1.2000e+02 -1.3064e+00
8.0000e+01 -1.1000e+02 4.5436e-01
8.0000e+01 -1.0000e+02 -1.3937e+00
8.0000e+01 -9.0000e+01 -3.4324e+00
8.0000e+01 -8.0000e+01 -2.7681e+00
8.0000e+01 -7.0000e+01 -1.6622e+00
8.0000e+01 -6.0000e+01 -4.3888e+00
8.0000e+01 -5.0000e+01 -3.2518e+00
8.0000e+01 -4.0000e+01 -3.6925e+00
8.0000e+01 -3.0000e+01 -3.6260e+00
8.0000e+01 -2.0000e+01 -7.7306e+00
8.0000e+01 -1.0000e+01 -6.6367e+00
8.0000e+01 0.0000e+00 -3.7991e+00
8.0000e+01 1.0000e+01 -6.3625e+00
8.0000e+01 2.0000e+01 -5.7379e+00
8.0000e+01 3.0000e+01 -6.1824e+00
8.0000e+01 4.0000e+01 -2.4868e+00
8.0000e+01 5.0000e+01 -3.9775e+00
8.0000e+01 6.0000e+01 -1.9018e+00
8.0000e+01 7.0000e+01 -9.3419e-01
8.0000e+01 8.0000e+01 -3.6634e+00
8.0000e+01 9.0000e+01 8.8891e-01
8.0000e+01 1.0000e+02 6.6191e-01
8.0000e+01 1.1000e+02 7.7458e-02
8.0000e+01 1.2000e+02 -4.9430e-01
8.0000e+01 1.3000e+02 -2.3212e+00
8.0000e+01 1.4000e+02 -1.0246e+00
8.0000e+01 1.5000e+02 3.9676e-01
8.0000e+01 1.6000e+02 -6.1216e-03
8.0000e+01 1.7000e+02 9.3875e-01
8.0000e+01 1.8000e+02 1.1624e+00
8.0000e+01 1.9000e+02 9.5653e-01
8.0000e+01 2.0000e+02 -1.3267e+00
9.0000e+01 -2.0000e+02 -2.0804e+00
9.0000e+01 -1.9000e+02 -7.1138e-02
9.0000e+01 -1.8000e+02 -2.3414e+00
9.0000e+01 -1.7000e+02 -2.6941e+00
9.0000e+01 -1.6000e+02 -1.5083e+00
9.0000e+01 -1.5000e+02 -2.6040e+00
9.0000e+01 -1.4000e+02 -4.9616e-01
9.0000e+01 -1.3000e+02 1.0280e+00
9.0000e+01 -1.2000e+02 -2.4879e+00
9.0000e+01 -1.1000e+02 -3.7856e+00
9.0000e+01 -1.0000e+02 -1.7098e-01
9.0000e+01 -9.0000e+01 -3.2177e-01
9.0000e+01 -8.0000e+01 -1.9165e-01
9.0000e+01 -7.0000e+01 -3.4412e+00
9.0000e+01 -6.0000e+01 -2.3265e-01
9.0000e+01 -5.0000e+01 -4.1504e+00
9.0000e+01 -4.0000e+01 -3.2201e-01
9.0000e+01 -3.0000e+01 -2.4136e+00
9.0000e+01 -2.0000e+01 -4.0575e+00
9.0000e+01 -1.0000e+01 -6.3867e+00
9.0000e+01 0.0000e+00 -2.1654e+00
9.0000e+01 1.0000e+01 -6.5704e+00
9.0000e+01 2.0000e+01 -2.3689e+00
9.0000e+01 3.0000e+01 -4.7515e+00
9.0000e+01 4.0000e+01 -2.6378e+00
9.0000e+01 5.0000e+01 -1.1650e+00
9.0000e+01 6.0000e+01 -2.5135e+00
9.0000e+01 7.0000e+01 -1.3935e+00
9.0000e+01 8.0000e+01 -6.6468e-01
9.0000e+01 9.0000e+01 1.2661e+00
9.0000e+01 1.0000e+02 -2.2830e+00
9.0000e+01 1.1000e+02 -1.3157e+00
9.0000e+01 1.2000e+02 4.1930e+00
9.0000e+01 1.3000e+02 -5.4571e-01
9.0000e+01 1.4000e+02 -1.3856e+00
9.0000e+01 1.5000e+02 -1.3878e+00
9.0000e+01 1.6000e+02 1.3713e+00
9.0000e+01 1.7000e+02 5.9954e-01
9.0000e+01 1.8000e+02 -2.9047e-01
9.0000e+01 1.9000e+02 -4.5345e+00
9.0000e+01 2.0000e+02 3.3428e-01
1.0000e+02 -2.0000e+02 -1.2506e+00
1.0000e+02 -1.9000e+02 1.0221e+00
1.0000e+02 -1.8000e+02 -8.1213e-01
1.0000e+02 -1.7000e+02 7.3403e-01
1.0000e+02 -1.6000e+02 1.1571e-01
1.0000e+02 -1.5000e+02 3.9974e+00
1.0000e+02 -1.4000e+02 -2.0280e+00
1.0000e+02 -1.3000e+02 -1.2600e+00
1.0000e+02 -1.2000e+02 -1.3378e+00
1.0000e+02 -1.1000e+02 -1.9102e+00
1.0000e+02 -1.0000e+02 -1.7465e+00
1.0000e+02 -9.0000e+01 -5.0950e-01
1.0000e+02 -8.0000e+01 4.7745e-01
1.0000e+02 -7.0000e+01 -2.2557e+00
1.0000e+02 -6.0000e+01 -4.7241e-01
1.0000e+02 -5.0000e+01 -3.6742e+00
1.0000e+02 -4.0000e+01 -3.3811e+00
1.0000e+02 -3.0000e+01 -2.1949e+00
1.0000e+02 -2.0000e+01 -3.1810e+00
1.0000e+02 -1.0000e+01 -2.4557e+00
1.0000e+02 0.0000e+00 -3.6962e+00
1.0000e+02 1.0000e+01 -4.2061e+00
1.0000e+02 2.0000e+01 -3.7366e+00
1.0000e+02 3.0000e+01 -2.9951e+00
1.0000e+02 4.0000e+01 -1.5854e+00
1.0000e+02 5.0000e+01 -3.0606e+00
1.0000e+02 6.0000e+01 -1.7916e+00
1.0000e+02 7.0000e+01 -1.5331e+00
1.0000e+02 8.0000e+01 6.4288e-01
1.0000e+02 9.0000e+01 -3.2375e+00
1.0000e+02 1.0000e+02 6.8261e-02
1.0000e+02 1.1000e+02 7.2499e-02
1.0000e+02 1.2000e+02 5.1193e-01
1.0000e+02 1.3000e+02 -2.5812e+00
1.0000e+02 1.4000e+02 8.7533e-01
1.0000e+02 1.5000e+02 -1.5406e+00
1.0000e+02 1.6000e+02 -1.8012e+00
1.0000e+02 1.7000e+02 4.9854e-02
1.0000e+02 1.8000e+02 -1.5498e+00
1.0000e+02 1.9000e+02 2.0369e+00
1.0000e+02 2.0000e+02 1.5985e+00
1.1000e+02 -2.0000e+02 1.1200e-02
1.1000e+02 -1.9000e+02 1.6520e-01
1.1000e+02 -1.8000e+02 6.0566e-01
1.1000e+02 -1.7000e+02 -2.5378e+00
1.1000e+02 -1.6000e+02 -1.6327e+00
1.1000e+02 -1.5000e+02 1.7718e+00
1.1000e+02 -1.4000e+02 -5.5346e-01
1.1000e+02 -1.3000e+02 -6.9110e-01
1.1000e+02 -1.2000e+02 -2.2314e+00
1.1000e+02 -1.1000e+02 -2.4055e+00
1.1000e+02 -1.0000e+02 -2.9011e-01
1.1000e+02 -9.0000e+01 -9.0068e-01
1.1000e+02 -8.0000e+01 -6.6459e-01
1.1000e+02 -7.0000e+01 -2.9909e+00
1.1000e+02 -6.0000e+01 -2.1468e+00
1.1000e+02 -5.0000e+01 -6.1553e-01
1.1000e+02 -4.0000e+01 -2.3348e+00
1.1000e+02 -3.0000e+01 -2.8354e+00
1.1000e+02 -2.0000e+01 -7.1508e-01
1.1000e+02 -1.0000e+01 -4.4070e+00
1.1000e+02 0.0000e+00 -1.1888e+00
1.1000e+02 1.0000e+01 -5.4625e+00
1.1000e+02 2.0000e+01 -2.4544e+00
1.1000e+02 3.0000e+01 -2.8893e+00
1.1000e+02 4.0000e+01 -2.9319e+00
1.1000e+02 5.0000e+01 -1.1160e+00
1.1000e+02 6.0000e+01 -8.9490e-01
1.1000e+02 7.0000e+01 -1.2869e-02
1.1000e+02 8.0000e+01 -1.8892e+00
1.1000e+02 9.0000e+01 -1.3542e+00
1.1000e+02 1.0000e+02 2.3980e-01
1.1000e+02 1.1000e+02 -1.4429e+00
1.1000e+02 1.2000e+02 -2.2277e+00
1.1000e+02 1.3000e+02 -2.8179e+00
1.1000e+02 1.4000e+02 -3.0078e-01
1.1000e+02 1.5000e+02 -1.4089e+00
1.1000e+02 1.6000e+02 3.3126e-01
1.1000e+02 1.7000e+02 1.7758e+00
1.1000e+02 1.8000e+02 8.7606e-01
1.1000e+02 1.9000e+02 -3.3428e+00
1.1000e+02 2.0000e+02 -1.7393e-02
1.2000e+02 -2.0000e+02 -1.2154e+00
1.2000e+02 -1.9000e+02 1.6787e+00
1.2000e+02 -1.8000e+02 7.5726e-01
1.2000e+02 -1.7000e+02 -4.8036e-01
1.2000e+02 -1.6000e+02 5.4331e-02
1.2000e+02 -1.5000e+02 2.4814e+00
1.2000e+02 -1.4000e+02 1.7556e+00
1.2000e+02 -1.3000e+02 1.9830e-01
1.2000e+02 -1.2000e+02 -7.3709e-01
1.2000e+02 -1.1000e+02 6.0173e-02
1.2000e+02 -1.0000e+02 -3.4989e+00
1.2000e+02 -9.0000e+01 1.5782e+00
1.2000e+02 -8.0000e+01 7.2152e-01
1.2000e+02 -7.0000e+01 -4.2112e-01
1.2000e+02 -6.0000e+01 -2.6645e+00
1.2000e+02 -5.0000e+01 1.1267e+00
1.2000e+02 -4.0000e+01 -2.0987e+00
1.2000e+02 -3.0000e+01 8.4229e-02
1.2000e+02 -2.0000e+01 -1.7179e+00
1.2000e+02 -1.0000e+01 -2.1306e-02
1.2000e+02 0.0000e+00 -2.7269e+00
1.2000e+02 1.0000e+01 -1.3747e-01
1.2000e+02 2.0000e+01 -2.9840e+00
1.2000e+02 3.0000e+01 -1.7808e+00
1.2000e+02 4.0000e+01 -1.9391e+00
1.2000e+02 5.0000e+01 -3.0425e+00
1.2000e+02 6.0000e+01 -8.9074e-01
1.2000e+02 7.0000e+01 -3.4891e+00
1.2000e+02 8.0000e+01 -4.3739e-01
1.2000e+02 9.0000e+01 -5.2090e-01
1.2000e+02 1.0000e+02 -2.4783e+00
1.2000e+02 1.1000e+02 -1.3149e+00
1.2000e+02 1.2000e+02 -5.9417e-01
1.2000e+02 1.3000e+02 -9.9246e-01
1.2000e+02 1.4000e+02 3.1860e-01
1.2000e+02 1.5000e+02 -1.5470e+00
1.2000e+02 1.6000e+02 2.1623e+00
1.2000e+02 1.7000e+02 2.0057e-01
1.2000e+02 1.8000e+02 -3.5115e-01
1.2000e+02 1.9000e+02 1.2066e+00
1.2000e+02 2.0000e+02 -2.8920e-01
1.3000e+02 -2.0000e+02 3.2005e-01
1.3000e+02 -1.9000e+02 -4.2796e-01
1.3000e+02 -1.8000e+02 9.9456e-02
1.3000e+02 -1.7000e+02 5.6658e-01
1.3000e+02 -1.6000e+02 -1.6095e+00
1.3000e+02 -1.5000e+02 -1.4732e+00
1.3000e+02 -1.4000e+02 -8.4953e-01
1.3000e+02 -1.3000e+02 -1.0075e+00
1.3000e+02 -1.2000e+02 -1.0292e+00
1.3000e+02 -1.1000e+02 -1.3351e-02
1.3000e+02 -1.0000e+02 5.2054e-02
1.3000e+02 -9.0000e+01 -7.2913e-02
1.3000e+02 -8.0000e+01 -1.3754e+00
1.3000e+02 -7.0000e+01 -1.0023e+00
1.3000e+02 -6.0000e+01 -1.4461e+00
1.3000e+02 -5.0000e+01 -8.0362e-01
1.3000e+02 -4.0000e+01 -2.4099e+00
1.3000e+02 -3.0000e+01 2.2131e+00
1.3000e+02 -2.0000e+01 1.1768e+00
1.3000e+02 -1.0000e+01 -1.8294e+00
1.3000e+02 0.0000e+00 1.6923e+00
1.3000e+02 1.0000e+01 1.9276e-01
1.3000e+02 2.0000e+01 -2.7588e+00
1.3000e+02 3.0000e+01 1.1527e+00
1.3000e+02 4.0000e+01 -2.3095e+00
1.3000e+02 5.0000e+01 -1.6757e-01
1.3000e+02 6.0000e+01 -3.3237e+00
1.3000e+02 7.0000e+01 3.5840e-01
1.3000e+02 8.0000e+01 1.6527e-01
1.3000e+02 9.0000e+01 9.8314e-02
1.3000e+02 1.0000e+02 -8.8440e-01
1.3000e+02 1.1000e+02 1.6928e+00
1.3000e+02 1.2000e+02 -1.0912e+00
1.3000e+02 1.3000e+02 -7.6325e-01
1.3000e+02 1.4000e+02 1.2736e+00
1.3000e+02 1.5000e+02 4.7644e-01
1.3000e+02 1.6000e+02 2.4483e-01
1.3000e+02 1.7000e+02 1.3777e+00
1.3000e+02 1.8000e+02 -6.7339e-01
1.3000e+02 1.9000e+02 -2.8866e+00
1.3000e+02 2.0000e+02 -4.6816e-01
1.4000e+02 -2.0000e+02 -7.0404e-01
1.4000e+02 -1.9000e+02 1.2863e+00
1.4000e+02 -1.8000e+02 -7.3942e-01
1.4000e+02 -1.7000e+02 2.6807e+00
1.4000e+02 -1.6000e+02 8.1014e-01
1.4000e+02 -1.5000e+02 -1.4098e+00
1.4000e+02 -1.4000e+02 2.5151e+00
1.4000e+02 -1.3000e+02 6.8313e-01
1.4000e+02 -1.2000e+02 2.1044e+00
1.4000e+02 -1.1000e+02 -9.2195e-01
1.4000e+02 -1.0000e+02 -2.6975e+00
1.4000e+02 -9.0000e+01 2.1655e+00
1.4000e+02 -8.0000e+01 -2.8884e+00
1.4000e+02 -7.0000e+01 8.4018e-01
1.4000e+02 -6.0000e+01 -9.1307e-01
1.4000e+02 -5.0000e+01 -8.4993e-01
1.4000e+02 -4.0000e+01 1.6394e+00
1.4000e+02 -3.0000e+01 -2.4704e+00
1.4000e+02 -2.0000e+01 -1.3463e+00
1.4000e+02 -1.0000e+01 -9.3033e-01
1.4000e+02 0.0000e+00 -1.2094e+00
1.4000e+02 1.0000e+01 -6.7483e-01
1.4000e+02 2.0000e+01 -2.5848e-01
1.4000e+02 3.0000e+01 3.1690e+00
1.4000e+02 4.0000e+01 -7.7763e-01
1.4000e+02 5.0000e+01 -2.5537e+00
1.4000e+02 6.0000e+01 6.4086e-01
1.4000e+02 7.0000e+01 1.4948e+00
1.4000e+02 8.0000e+01 -5.8503e-01
1.4000e+02 9.0000e+01 -1.5020e+00
1.4000e+02 1.0000e+02 -5.3499e-01
1.4000e+02 1.1000e+02 -1.2315e-01
1.4000e+02 1.2000e+02 1.9378e+00
1.4000e+02 1.3000e+02 -3.4489e-01
1.4000e+02 1.4000e+02 8.8260e-02
1.4000e+02 1.5000e+02 2.4831e+00
1.4000e+02 1.6000e+02 1.1504e+00
1.4000e+02 1.7000e+02 -2.6732e+00
1.4000e+02 1.8000e+02 8.0729e-01
1.4000e+02 1.9000e+02 -5.5802e-01
1.4000e+02 2.0000e+02 1.8268e+00
1.5000e+02 -2.0000e+02 2.2171e+00
1.5000e+02 -1.9000e+02 1.6329e+00
1.5000e+02 -1.8000e+02 -1.5243e-01
1.5000e+02 -1.7000e+02 -1.8663e+00
1.5000e+02 -1.6000e+02 2.3395e+00
1.5000e+02 -1.5000e+02 -2.9737e+00
1.5000e+02 -1.4000e+02 -5.4251e-01
1.5000e+02 -1.3000e+02 9.7716e-01
1.5000e+02 -1.2000e+02 2.6807e-01
1.5000e+02 -1.1000e+02 -1.9814e+00
1.5000e+02 -1.0000e+02 2.5154e+00
1.5000e+02 -9.0000e+01 -1.1460e+00
1.5000e+02 -8.0000e+01 5.1887e-01
1.5000e+02 -7.0000e+01 -2.5105e+00
1.5000e+02 -6.0000e+01 -1.1274e+00
1.5000e+02 -5.0000e+01 -2.8685e+00
1.5000e+02 -4.0000e+01 -2.1320e+00
1.5000e+02 -3.0000e+01 -2.2437e+00
1.5000e+02 -2.0000e+01 -1.7807e+00
1.5000e+02 -1.0000e+01 1.3493e+00
1.5000e+02 0.0000e+00 7.1772e-01
1.5000e+02 1.0000e+01 -1.0165e+00
1.5000e+02 2.0000e+01 6.5696e-01
1.5000e+02 3.0000e+01 -7.2668e-01
1.5000e+02 4.0000e+01 1.4864e+00
1.5000e+02 5.0000e+01 1.5415e+00
1.5000e+02 6.0000e+01 -5.9158e-01
1.5000e+02 7.0000e+01 -3.6059e+00
1.5000e+02 8.0000e+01 -1.2765e+00
1.5000e+02 9.0000e+01 2.1252e+00
1.5000e+02 1.0000e+02 9.6885e-01
1.5000e+02 1.1000e+02 3.2969e-01
1.5000e+02 1.2000e+02 -1.5262e+00
1.5000e+02 1.3000e+02 -1.3782e+00
1.5000e+02 1.4000e+02 1.2940e+00
1.5000e+02 1.5000e+02 -1.3363e-01
1.5000e+02 1.6000e+02 3.0772e+00
1.5000e+02 1.7000e+02 2.5949e+00
1.5000e+02 1.8000e+02 -4.9024e-01
1.5000e+02 1.9000e+02 1.2385e+00
1.5000e+02 2.0000e+02 1.0290e+00
1.6000e+02 -2.0000e+02 -2.9156e+00
1.6000e+02 -1.9000e+02 2.1100e-02
1.6000e+02 -1.8000e+02 1.0029e+00
1.6000e+02 -1.7000e+02 4.3214e-01
1.6000e+02 -1.6000e+02 -4.3594e-01
1.6000e+02 -1.5000e+02 -1.2195e+00
1.6000e+02 -1.4000e+02 2.9776e-01
1.6000e+02 -1.3000e+02 -2.5977e-01
1.6000e+02 -1.2000e+02 -1.3963e+00
1.6000e+02 -1.1000e+02 -3.6394e-01
1.6000e+02 -1.0000e+02 6.7650e-01
1.6000e+02 -9.0000e+01 1.1941e-01
1.6000e+02 -8.0000e+01 -3.1927e+00
1.6000e+02 -7.0000e+01 2.8554e-01
1.6000e+02 -6.0000e+01 -5.9053e-01
1.6000e+02 -5.0000e+01 -2.1610e-01
1.6000e+02 -4.0000e+01 -7.1671e-01
1.6000e+02 -3.0000e+01 2.3588e+00
1.6000e+02 -2.0000e+01 -3.6390e+00
1.6000e+02 -1.0000e+01 3.3296e-01
1.6000e+02 0.0000e+00 -9.9751e-01
1.6000e+02 1.0000e+01 -1.6455e+00
1.6000e+02 2.0000e+01 1.6047e+00
1.6000e+02 3.0000e+01 -1.0513e+00
1.6000e+02 4.0000e+01 -2.0283e+00
1.6000e+02 5.0000e+01 9.2156e-01
1.6000e+02 6.0000e+01 -4.8564e-01
1.6000e+02 7.0000e+01 -3.9920e-01
1.6000e+02 8.0000e+01 5.2470e-01
1.6000e+02 9.0000e+01 -1.3261e-01
1.6000e+02 1.0000e+02 -1.2385e+00
1.6000e+02 1.1000e+02 8.4642e-01
1.6000e+02 1.2000e+02 2.7613e+00
1.6000e+02 1.3000e+02 -2.7245e+00
1.6000e+02 1.4000e+02 -1.3441e-01
1.6000e+02 1.5000e+02 6.8334e-01
1.6000e+02 1.6000e+02 -3.1063e+00
1.6000e+02 1.7000e+02 2.5476e-01
1.6000e+02 1.8000e+02 6.5937e-01
1.6000e+02 1.9000e+02 -4.0613e-01
1.6000e+02 2.0000e+02 6.2307e-01
1.7000e+02 -2.0000e+02 -1.6686e+00
1.7000e+02 -1.9000e+02 1.5351e-01
1.7000e+02 -1.8000e+02 -1.7040e-01
1.7000e+02 -1.7000e+02 -2.3921e+00
1.7000e+02 -1.6000e+02 -1.2010e+00
1.7000e+02 -1.5000e+02 -5.9463e-02
1.7000e+02 -1.4000e+02 1.0971e+00
1.7000e+02 -1.3000e+02 -5.1521e-02
1.7000e+02 -1.2000e+02 -1.8762e+00
1.7000e+02 -1.1000e+02 2.1573e+00
1.7000e+02 -1.0000e+02 -1.0637e+00
1.7000e+02 -9.0000e+01 -1.9732e+00
1.7000e+02 -8.0000e+01 -4.1688e-01
1.7000e+02 -7.0000e+01 1.3281e+00
1.7000e+02 -6.0000e+01 -6.3545e-02
1.7000e+02 -5.0000e+01 -5.8656e-01
1.7000e+02 -4.0000e+01 3.1500e+00
1.7000e+02 -3.0000e+01 -1.4114e+00
1.7000e+02 -2.0000e+01 6.2164e-01
1.7000e+02 -1.0000e+01 1.1057e+00
1.7000e+02 0.0000e+00 -9.6522e-01
1.7000e+02 1.0000e+01 -1.0221e+00
1.7000e+02 2.0000e+01 2.1652e-01
1.7000e+02 3.0000e+01 1.2491e+00
1.7000e+02 4.0000e+01 -1.4075e+00
1.7000e+02 5.0000e+01 2.4963e-01
1.7000e+02 6.0000e+01 1.2726e-01
1.7000e+02 7.0000e+01 -1.0199e+00
1.7000e+02 8.0000e+01 -9.3588e-01
1.7000e+02 9.0000e+01 -2.3104e+00
1.7000e+02 1.0000e+02 2.6491e+00
1.7000e+02 1.1000e+02 7.7234e-01
1.7000e+02 1.2000e+02 9.6707e-01
1.7000e+02 1.3000e+02 -8.4686e-01
1.7000e+02 1.4000e+02 -1.0860e+00
1.7000e+02 1.5000e+02 -5.1631e-01
1.7000e+02 1.6000e+02 -2.4884e+00
1.7000e+02 1.7000e+02 2.9078e-01
1.7000e+02 1.8000e+02 -2.2163e+00
1.7000e+02 1.9000e+02 7.1277e-01
1.7000e+02 2.0000e+02 -7.8063e-01
1.8000e+02 -2.0000e+02 2.5532e+00
1.8000e+02 -1.9000e+02 -4.9578e-01
1.8000e+02 -1.8000e+02 2.8696e+00
1.8000e+02 -1.7000e+02 -1.8595e+00
1.8000e+02 -1.6000e+02 -6.2248e-01
1.8000e+02 -1.5000e+02 5.0905e+00
1.8000e+02 -1.4000e+02 -1.4522e+00
1.8000e+02 -1.3000e+02 -3.1030e+00
1.8000e+02 -1.2000e+02 1.4196e+00
1.8000e+02 -1.1000e+02 -7.6313e-01
1.8000e+02 -1.0000e+02 -7.4415e-01
1.8000e+02 -9.0000e+01 -1.0651e+00
1.8000e+02 -8.0000e+01 9.4738e-01
1.8000e+02 -7.0000e+01 -5.9607e-02
1.8000e+02 -6.0000e+01 1.0194e-01
1.8000e+02 -5.0000e+01 -1.4559e+00
1.8000e+02 -4.0000e+01 6.1338e-03
1.8000e+02 -3.0000e+01 -3.8084e+00
1.8000e+02 -2.0000e+01 2.7639e+00
1.8000e+02 -1.0000e+01 -3.8821e-01
1.8000e+02 0.0000e+00 1.5453e+00
1.8000e+02 1.0000e+01 -4.9810e-01
1.8000e+02 2.0000e+01 2.2715e+00
1.8000e+02 3.0000e+01 -3.3173e+00
1.8000e+02 4.0000e+01 -7.6469e-01
1.8000e+02 5.0000e+01 -5.2610e+00
1.8000e+02 6.0000e+01 5.1679e-01
1.8000e+02 7.0000e+01 -9.0351e-03
1.8000e+02 8.0000e+01 1.7008e+00
1.8000e+02 9.0000e+01 -2.4017e+00
1.8000e+02 1.0000e+02 4.1940e-01
1.8000e+02 1.1000e+02 -1.0646e+00
1.8000e+02 1.2000e+02 5.6087e-01
1.8000e+02 1.3000e+02 -1.2471e+00
1.8000e+02 1.4000e+02 -5.7968e-01
1.8000e+02 1.5000e+02 1.2534e-01
1.8000e+02 1.6000e+02 -3.4262e-01
1.8000e+02 1.7000e+02 9.1076e-02
1.8000e+02 1.8000e+02 2.6609e+00
1.8000e+02 1.9000e+02 -1.7973e+00
1.8000e+02 2.0000e+02 7.4760e-01
1.9000e+02 -2.0000e+02 -2.1936e-01
1.9000e+02 -1.9000e+02 -3.8515e+00
1.9000e+02 -1.8000e+02 -3.3265e+00
1.9000e+02 -1.7000e+02 -1.5434e-01
1.9000e+02 -1.6000e+02 2.1820e-01
1.9000e+02 -1.5000e+02 -4.5199e-01
1.9000e+02 -1.4000e+02 1.9364e+00
1.9000e+02 -1.3000e+02 -1.8880e-01
1.9000e+02 -1.2000e+02 -2.5118e+00
1.9000e+02 -1.1000e+02 2.5767e+00
1.9000e+02 -1.0000e+02 -4.6331e-01
1.9000e+02 -9.0000e+01 -3.0589e+00
1.9000e+02 -8.0000e+01 1.8222e+00
1.9000e+02 -7.0000e+01 -3.4334e-01
1.9000e+02 -6.0000e+01 -2.3753e+00
1.9000e+02 -5.0000e+01 -1.1425e+00
1.9000e+02 -4.0000e+01 -3.0943e+00
1.9000e+02 -3.0000e+01 1.9192e-01
1.9000e+02 -2.0000e+01 -3.0805e-02
1.9000e+02 -1.0000e+01 -1.4436e-01
1.9000e+02 0.0000e+00 -3.5552e+00
1.9000e+02 1.0000e+01 6.3204e-01
1.9000e+02 2.0000e+01 -1.4470e+00
1.9000e+02 3.0000e+01 -1.2844e+00
1.9000e+02 4.0000e+01 8.8096e-01
1.9000e+02 5.0000e+01 -9.9918e-01
1.9000e+02 6.0000e+01 3.8319e-01
1.9000e+02 7.0000e+01 -2.6775e+00
1.9000e+02 8.0000e+01 8.7491e-01
1.9000e+02 9.0000e+01 -1.0430e-01
1.9000e+02 1.0000e+02 -1.3772e+00
1.9000e+02 1.1000e+02 -2.0954e-01
1.9000e+02 1.2000e+02 3.3102e-01
1.9000e+02 1.3000e+02 -2.9476e+00
1.9000e+02 1.4000e+02 -3.9613e-01
1.9000e+02 1.5000e+02 -3.6026e+00
1.9000e+02 1.6000e+02 -4.2265e-01
1.9000e+02 1.7000e+02 1.8790e+00
1.9000e+02 1.8000e+02 2.1345e-01
1.9000e+02 1.9000e+02 -1.4563e+00
1.9000e+02 2.0000e+02 1.7751e+00
2.0000e+02 -2.0000e+02 3.1775e+00
2.0000e+02 -1.9000e+02 -1.6164e+00
2.0000e+02 -1.8000e+02 -1.7900e-01
2.0000e+02 -1.7000e+02 3.8480e-02
2.0000e+02 -1.6000e+02 1.3391e+00
2.0000e+02 -1.5000e+02 1.5295e+00
2.0000e+02 -1.4000e+02 -2.0785e-01
2.0000e+02 -1.3000e+02 5.5335e-01
2.0000e+02 -1.2000e+02 1.7661e+00
2.0000e+02 -1.1000e+02 -1.5978e+00
2.0000e+02 -1.0000e+02 2.3151e+00
2.0000e+02 -9.0000e+01 -1.2503e+00
2.0000e+02 -8.0000e+01 -1.3801e+00
2.0000e+02 -7.0000e+01 -1.6829e-02
2.0000e+02 -6.0000e+01 -1.0904e+00
2.0000e+02 -5.0000e+01 1.3141e+00
2.0000e+02 -4.0000e+01 1.4539e-02
2.0000e+02 -3.0000e+01 -2.1382e+00
2.0000e+02 -2.0000e+01 -3.3280e-01
2.0000e+02 -1.0000e+01 -5.7556e-01
2.0000e+02 0.0000e+00 1.7272e-02
2.0000e+02 1.0000e+01 2.4892e-01
2.0000e+02 2.0000e+01 8.5625e-01
2.0000e+02 3.0000e+01 -1.8194e+00
2.0000e+02 4.0000e+01 -1.1421e+00
2.0000e+02 5.0000e+01 5.9482e-01
2.0000e+02 6.0000e+01 -1.5273e-01
2.0000e+02 7.0000e+01 1.1633e+00
2.0000e+02 8.0000e+01 1.5587e+00
2.0000e+02 9.0000e+01 1.1216e+00
2.0000e+02 1.0000e+02 1.5317e-01
2.0000e+02 1.1000e+02 -1.0769e+00
2.0000e+02 1.2000e+02 1.3458e+00
2.0000e+02 1.3000e+02 2.4743e+00
2.0000e+02 1.4000e+02 1.5110e+00
2.0000e+02 1.5000e+02 -1.1062e+00
2.0000e+02 1.6000e+02 -6.4750e-01
2.0000e+02 1.7000e+02 3.7433e+00
2.0000e+02 1.8000e+02 -1.0314e-01
2.0000e+02 1.9000e+02 3.0700e-01
2.0000e+02 2.0000e+02 1.2556e+00
