-2.0000e+02 -2.0000e+02 -2.8308e+00
-2.0000e+02 -1.9000e+02 -3.3367e-02
-2.0000e+02 -1.8000e+02 1.2602e+00
-2.0000e+02 -1.7000e+02 1.7083e+00
-2.0000e+02 -1.6000e+02 4.7155e-01
-2.0000e+02 -1.5000e+02 -2.2585e-01
-2.0000e+02 -1.4000e+02 -1.7580e+00
-2.0000e+02 -1.3000e+02 -7.2035e-01
-2.0000e+02 -1.2000e+02 1.3200e-01
-2.0000e+02 -1.1000e+02 -8.4923e-01
-2.0000e+02 -1.0000e+02 8.1893e-01
-2.0000e+02 -9.0000e+01 -1.6159e+00
-2.0000e+02 -8.0000e+01 -2.1001e+00
-2.0000e+02 -7.0000e+01 -1.0073e+00
-2.0000e+02 -6.0000e+01 1.4228e-01
-2.0000e+02 -5.0000e+01 -5.5352e-01
-2.0000e+02 -4.0000e+01 4.6397e-01
-2.0000e+02 -3.0000e+01 -1.1031e+00
-2.0000e+02 -2.0000e+01 1.1552e+00
-2.0000e+02 -1.0000e+01 -1.9021e+00
-2.0000e+02 0.0000e+00 2.3044e+00
-2.0000e+02 1.0000e+01 1.7165e+00
-2.0000e+02 2.0000e+01 -7.0916e-01
-2.0000e+02 3.0000e+01 -5.1852e-01
-2.0000e+02 4.0000e+01 3.2091e-01
-2.0000e+02 5.0000e+01 -1.8452e+00
-2.0000e+02 6.0000e+01 -8.2460e-01
-2.0000e+02 7.0000e+01 -1.8251e+00
-2.0000e+02 8.0000e+01 1.2945e+00
-2.0000e+02 9.0000e+01 1.7365e-01
-2.0000e+02 1.0000e+02 4.5667e-01
-2.0000e+02 1.1000e+02 2.2196e+00
-2.0000e+02 1.2000e+02 1.6232e+00
-2.0000e+02 1.3000e+02 7.5193e-01
-2.0000e+02 1.4000e+02 1.3077e+00
-2.0000e+02 1.5000e+02 -1.3579e+00
-2.0000e+02 1.6000e+02 3.4886e+00
-2.0000e+02 1.7000e+02 -2.2612e-01
-2.0000e+02 1.8000e+02 8.9057e-02
-2.0000e+02 1.9000e+02 -1.8331e+00
-2.0000e+02 2.0000e+02 -1.1524e+00
-1.9000e+02 -2.0000e+02 -5.2551e-01
-1.9000e+02 -1.9000e+02 2.2981e+00
-1.9000e+02 -1.8000e+02 9.9651e-01
-1.9000e+02 -1.7000e+02 5.1906e-01
-1.9000e+02 -1.6000e+02 -1.2020e+00
-1.9000e+02 -1.5000e+02 -3.9575e-01
-1.9000e+02 -1.4000e+02 -1.8715e+00
-1.9000e+02 -1.3000e+02 -1.2714e+00
-1.9000e+02 -1.2000e+02 -7.5145e-01
-1.9000e+02 -1.1000e+02 -7.0972e-01
-1.9000e+02 -1.0000e+02 1.8788e+00
-1.9000e+02 -9.0000e+01 -8.0820e-01
-1.9000e+02 -8.0000e+01 2.0423e+00
-1.9000e+02 -7.0000e+01 3.1879e+00
-1.9000e+02 -6.0000e+01 1.5491e+00
-1.9000e+02 -5.0000e+01 -1.6957e-01
-1.9000e+02 -4.0000e+01 -6.4754e-01
-1.9000e+02 -3.0000e+01 2.3195e+00
-1.9000e+02 -2.0000e+01 1.0785e+00
-1.9000e+02 -1.0000e+01 3.8957e-01
-1.9000e+02 0.0000e+00 6.8102e-01
-1.9000e+02 1.0000e+01 -1.0435e+00
-1.9000e+02 2.0000e+01 2.6558e+00
-1.9000e+02 3.0000e+01 -9.7305e-02
-1.9000e+02 4.0000e+01 -5.6932e-02
-1.9000e+02 5.0000e+01 -1.8262e+00
-1.9000e+02 6.0000e+01 -1.2203e+00
-1.9000e+02 7.0000e+01 -1.9116e+00
-1.9000e+02 8.0000e+01 8.9298e-01
-1.9000e+02 9.0000e+01 -1.2114e+00
-1.9000e+02 1.0000e+02 4.6885e+00
-1.9000e+02 1.1000e+02 -2.2421e+00
-1.9000e+02 1.2000e+02 -1.0607e+00
-1.9000e+02 1.3000e+02 -1.2826e+00
-1.9000e+02 1.4000e+02 1.4676e+00
-1.9000e+02 1.5000e+02 1.7020e+00
-1.9000e+02 1.6000e+02 9.3675e-01
-1.9000e+02 1.7000e+02 -4.4890e-03
-1.9000e+02 1.8000e+02 2.9455e+00
-1.9000e+02 1.9000e+02 -5.9807e-01
-1.9000e+02 2.0000e+02 -1.4362e+00
-1.8000e+02 -2.0000e+02 9.2009e-01
-1.8000e+02 -1.9000e+02 1.0425e+00
-1.8000e+02 -1.8000e+02 6.9002e-02
-1.8000e+02 -1.7000e+02 1.4988e-01
-1.8000e+02 -1.6000e+02 -2.8713e+00
-1.8000e+02 -1.5000e+02 -9.8031e-01
-1.8000e+02 -1.4000e+02 -1.4922e+00
-1.8000e+02 -1.3000e+02 4.0546e-01
-1.8000e+02 -1.2000e+02 -1.7718e+00
-1.8000e+02 -1.1000e+02 7.4822e-02
-1.8000e+02 -1.0000e+02 -1.0166e+00
-1.8000e+02 -9.0000e+01 -9.0778e-01
-1.8000e+02 -8.0000e+01 7.2883e-01
-1.8000e+02 -7.0000e+01 1.1150e+00
-1.8000e+02 -6.0000e+01 -1.3737e+00
-1.8000e+02 -5.0000e+01 -1.8987e+00
-1.8000e+02 -4.0000e+01 -7.9611e-01
-1.8000e+02 -3.0000e+01 3.4814e+00
-1.8000e+02 -2.0000e+01 1.4443e+00
-1.8000e+02 -1.0000e+01 2.8919e+00
-1.8000e+02 0.0000e+00 1.5045e+00
-1.8000e+02 1.0000e+01 1.5789e+00
-1.8000e+02 2.0000e+01 1.6130e+00
-1.8000e+02 3.0000e+01 1.4412e+00
-1.8000e+02 4.0000e+01 -8.8378e-01
-1.8000e+02 5.0000e+01 -1.9521e+00
-1.8000e+02 6.0000e+01 -1.5729e+00
-1.8000e+02 7.0000e+01 -4.6243e-01
-1.8000e+02 8.0000e+01 -3.8671e-01
-1.8000e+02 9.0000e+01 -5.7889e-01
-1.8000e+02 1.0000e+02 7.3213e-01
-1.8000e+02 1.1000e+02 -3.9140e-01
-1.8000e+02 1.2000e+02 -6.3881e-01
-1.8000e+02 1.3000e+02 -3.1100e+00
-1.8000e+02 1.4000e+02 3.0954e-01
-1.8000e+02 1.5000e+02 -1.0518e+00
-1.8000e+02 1.6000e+02 2.9561e+00
-1.8000e+02 1.7000e+02 -1.7959e+00
-1.8000e+02 1.8000e+02 2.1792e+00
-1.8000e+02 1.9000e+02 1.0179e+00
-1.8000e+02 2.0000e+02 -9.1345e-01
-1.7000e+02 -2.0000e+02 6.4232e-01
-1.7000e+02 -1.9000e+02 -2.5118e-01
-1.7000e+02 -1.8000e+02 5.4088e-01
-1.7000e+02 -1.7000e+02 2.7562e-01
-1.7000e+02 -1.6000e+02 -9.6890e-01
-1.7000e+02 -1.5000e+02 -2.4318e-01
-1.7000e+02 -1.4000e+02 -1.3209e+00
-1.7000e+02 -1.3000e+02 -3.7101e-01
-1.7000e+02 -1.2000e+02 2.7219e+00
-1.7000e+02 -1.1000e+02 -1.2419e+00
-1.7000e+02 -1.0000e+02 1.0714e+00
-1.7000e+02 -9.0000e+01 2.5259e-01
-1.7000e+02 -8.0000e+01 -2.6545e+00
-1.7000e+02 -7.0000e+01 3.1159e-01
-1.7000e+02 -6.0000e+01 -9.3326e-01
-1.7000e+02 -5.0000e+01 -1.8199e+00
-1.7000e+02 -4.0000e+01 -8.5237e-01
-1.7000e+02 -3.0000e+01 -7.5026e-01
-1.7000e+02 -2.0000e+01 -1.0115e+00
-1.7000e+02 -1.0000e+01 -1.1957e+00
-1.7000e+02 0.0000e+00 2.5657e+00
-1.7000e+02 1.0000e+01 -3.7403e-01
-1.7000e+02 2.0000e+01 -5.6416e-01
-1.7000e+02 3.0000e+01 3.1101e+00
-1.7000e+02 4.0000e+01 1.5115e+00
-1.7000e+02 5.0000e+01 -2.6430e-01
-1.7000e+02 6.0000e+01 -9.9095e-02
-1.7000e+02 7.0000e+01 -1.0698e+00
-1.7000e+02 8.0000e+01 -9.7063e-01
-1.7000e+02 9.0000e+01 2.1909e+00
-1.7000e+02 1.0000e+02 -1.1118e+00
-1.7000e+02 1.1000e+02 -1.7943e+00
-1.7000e+02 1.2000e+02 -1.5478e+00
-1.7000e+02 1.3000e+02 6.4977e-02
-1.7000e+02 1.4000e+02 -1.8509e+00
-1.7000e+02 1.5000e+02 -3.7808e-01
-1.7000e+02 1.6000e+02 1.3930e+00
-1.7000e+02 1.7000e+02 1.4327e+00
-1.7000e+02 1.8000e+02 -2.6622e-02
-1.7000e+02 1.9000e+02 -1.7981e+00
-1.7000e+02 2.0000e+02 3.5318e-01
-1.6000e+02 -2.0000e+02 1.6589e+00
-1.6000e+02 -1.9000e+02 -1.4598e+00
-1.6000e+02 -1.8000e+02 -8.2808e-01
-1.6000e+02 -1.7000e+02 -7.2480e-01
-1.6000e+02 -1.6000e+02 2.2975e+00
-1.6000e+02 -1.5000e+02 2.1840e-01
-1.6000e+02 -1.4000e+02 -7.7810e-02
-1.6000e+02 -1.3000e+02 5.4110e-01
-1.6000e+02 -1.2000e+02 6.2179e-01
-1.6000e+02 -1.1000e+02 3.0347e-01
-1.6000e+02 -1.0000e+02 1.0642e+00
-1.6000e+02 -9.0000e+01 -4.2681e-01
-1.6000e+02 -8.0000e+01 -3.1036e+00
-1.6000e+02 -7.0000e+01 -3.2920e-01
-1.6000e+02 -6.0000e+01 -1.9441e+00
-1.6000e+02 -5.0000e+01 2.3279e+00
-1.6000e+02 -4.0000e+01 4.2106e-01
-1.6000e+02 -3.0000e+01 -4.6229e+00
-1.6000e+02 -2.0000e+01 2.6925e+00
-1.6000e+02 -1.0000e+01 -2.9853e+00
-1.6000e+02 0.0000e+00 -2.1792e+00
-1.6000e+02 1.0000e+01 7.0289e-01
-1.6000e+02 2.0000e+01 -1.1750e+00
-1.6000e+02 3.0000e+01 -1.9481e+00
-1.6000e+02 4.0000e+01 -1.9205e-02
-1.6000e+02 5.0000e+01 2.4288e+00
-1.6000e+02 6.0000e+01 -2.2993e+00
-1.6000e+02 7.0000e+01 5.1106e-01
-1.6000e+02 8.0000e+01 -5.3562e-01
-1.6000e+02 9.0000e+01 2.5248e+00
-1.6000e+02 1.0000e+02 -2.9830e+00
-1.6000e+02 1.1000e+02 -3.7917e-01
-1.6000e+02 1.2000e+02 -1.7507e+00
-1.6000e+02 1.3000e+02 3.3154e+00
-1.6000e+02 1.4000e+02 -9.6799e-02
-1.6000e+02 1.5000e+02 1.4543e+00
-1.6000e+02 1.6000e+02 8.0900e-01
-1.6000e+02 1.7000e+02 9.4892e-01
-1.6000e+02 1.8000e+02 1.7688e+00
-1.6000e+02 1.9000e+02 1.1486e+00
-1.6000e+02 2.0000e+02 4.0630e-01
-1.5000e+02 -2.0000e+02 7.8030e-01
-1.5000e+02 -1.9000e+02 -2.0331e+00
-1.5000e+02 -1.8000e+02 6.9317e-01
-1.5000e+02 -1.7000e+02 -9.8247e-01
-1.5000e+02 -1.6000e+02 -1.8422e+00
-1.5000e+02 -1.5000e+02 1.0329e+00
-1.5000e+02 -1.4000e+02 1.1193e-01
-1.5000e+02 -1.3000e+02 -2.9369e-01
-1.5000e+02 -1.2000e+02 -9.9308e-01
-1.5000e+02 -1.1000e+02 8.3215e-01
-1.5000e+02 -1.0000e+02 -8.3223e-01
-1.5000e+02 -9.0000e+01 -1.6225e+00
-1.5000e+02 -8.0000e+01 1.6555e+00
-1.5000e+02 -7.0000e+01 6.6986e-01
-1.5000e+02 -6.0000e+01 1.5726e+00
-1.5000e+02 -5.0000e+01 -1.9299e-02
-1.5000e+02 -4.0000e+01 -1.0435e+00
-1.5000e+02 -3.0000e+01 -8.6727e-01
-1.5000e+02 -2.0000e+01 -6.5962e-01
-1.5000e+02 -1.0000e+01 -2.0643e+00
-1.5000e+02 0.0000e+00 5.5477e-01
-1.5000e+02 1.0000e+01 3.3804e-01
-1.5000e+02 2.0000e+01 7.1723e-01
-1.5000e+02 3.0000e+01 -1.8019e-02
-1.5000e+02 4.0000e+01 8.7199e-01
-1.5000e+02 5.0000e+01 -1.4371e+00
-1.5000e+02 6.0000e+01 6.6846e-01
-1.5000e+02 7.0000e+01 -1.3587e+00
-1.5000e+02 8.0000e+01 2.4818e-01
-1.5000e+02 9.0000e+01 1.6560e+00
-1.5000e+02 1.0000e+02 -6.9407e-01
-1.5000e+02 1.1000e+02 -1.3010e+00
-1.5000e+02 1.2000e+02 1.5782e+00
-1.5000e+02 1.3000e+02 -3.5048e+00
-1.5000e+02 1.4000e+02 -1.8411e-01
-1.5000e+02 1.5000e+02 1.3707e+00
-1.5000e+02 1.6000e+02 3.4620e+00
-1.5000e+02 1.7000e+02 -1.0091e+00
-1.5000e+02 1.8000e+02 -1.1937e+00
-1.5000e+02 1.9000e+02 -2.6204e+00
-1.5000e+02 2.0000e+02 3.1461e-01
-1.4000e+02 -2.0000e+02 7.8341e-01
-1.4000e+02 -1.9000e+02 1.8929e+00
-1.4000e+02 -1.8000e+02 5.5692e-01
-1.4000e+02 -1.7000e+02 -6.2401e-01
-1.4000e+02 -1.6000e+02 -1.8921e+00
-1.4000e+02 -1.5000e+02 1.3499e+00
-1.4000e+02 -1.4000e+02 -1.4866e+00
-1.4000e+02 -1.3000e+02 -1.3141e+00
-1.4000e+02 -1.2000e+02 4.9902e-01
-1.4000e+02 -1.1000e+02 -1.2237e-01
-1.4000e+02 -1.0000e+02 -9.1808e-01
-1.4000e+02 -9.0000e+01 -2.2111e+00
-1.4000e+02 -8.0000e+01 -2.4864e+00
-1.4000e+02 -7.0000e+01 1.6851e+00
-1.4000e+02 -6.0000e+01 -1.5607e+00
-1.4000e+02 -5.0000e+01 1.1595e+00
-1.4000e+02 -4.0000e+01 6.6493e-01
-1.4000e+02 -3.0000e+01 -2.4980e+00
-1.4000e+02 -2.0000e+01 8.9753e-01
-1.4000e+02 -1.0000e+01 9.8615e-01
-1.4000e+02 0.0000e+00 1.1442e+00
-1.4000e+02 1.0000e+01 -1.1931e+00
-1.4000e+02 2.0000e+01 -3.0442e-01
-1.4000e+02 3.0000e+01 -9.3193e-01
-1.4000e+02 4.0000e+01 -8.4390e-01
-1.4000e+02 5.0000e+01 -3.7183e+00
-1.4000e+02 6.0000e+01 -9.0459e-02
-1.4000e+02 7.0000e+01 -3.7992e-01
-1.4000e+02 8.0000e+01 2.5601e+00
-1.4000e+02 9.0000e+01 -1.2602e+00
-1.4000e+02 1.0000e+02 -2.5779e-01
-1.4000e+02 1.1000e+02 -3.3242e-01
-1.4000e+02 1.2000e+02 -3.1402e+00
-1.4000e+02 1.3000e+02 2.6554e+00
-1.4000e+02 1.4000e+02 -2.6471e-01
-1.4000e+02 1.5000e+02 5.3319e-01
-1.4000e+02 1.6000e+02 -5.6889e-01
-1.4000e+02 1.7000e+02 -5.8218e-01
-1.4000e+02 1.8000e+02 9.0681e-02
-1.4000e+02 1.9000e+02 7.3446e-01
-1.4000e+02 2.0000e+02 -1.5832e+00
-1.3000e+02 -2.0000e+02 -9.4704e-01
-1.3000e+02 -1.9000e+02 -4.1237e-01
-1.3000e+02 -1.8000e+02 7.8007e-01
-1.3000e+02 -1.7000e+02 -1.6886e-01
-1.3000e+02 -1.6000e+02 -1.4636e+00
-1.3000e+02 -1.5000e+02 -1.2932e+00
-1.3000e+02 -1.4000e+02 -3.8077e-01
-1.3000e+02 -1.3000e+02 -2.1515e+00
-1.3000e+02 -1.2000e+02 -2.5453e+00
-1.3000e+02 -1.1000e+02 -7.5068e-01
-1.3000e+02 -1.0000e+02 2.5520e-01
-1.3000e+02 -9.0000e+01 -8.9245e-01
-1.3000e+02 -8.0000e+01 8.8383e-01
-1.3000e+02 -7.0000e+01 1.1893e-01
-1.3000e+02 -6.0000e+01 -3.6122e+00
-1.3000e+02 -5.0000e+01 -1.7212e+00
-1.3000e+02 -4.0000e+01 -2.2778e+00
-1.3000e+02 -3.0000e+01 -1.3630e+00
-1.3000e+02 -2.0000e+01 -1.1314e+00
-1.3000e+02 -1.0000e+01 1.7205e-01
-1.3000e+02 0.0000e+00 -1.9837e+00
-1.3000e+02 1.0000e+01 -3.4135e+00
-1.3000e+02 2.0000e+01 -3.0632e+00
-1.3000e+02 3.0000e+01 -2.0600e-01
-1.3000e+02 4.0000e+01 -3.2822e+00
-1.3000e+02 5.0000e+01 -2.1367e+00
-1.3000e+02 6.0000e+01 -2.4699e+00
-1.3000e+02 7.0000e+01 -2.6923e+00
-1.3000e+02 8.0000e+01 1.3201e-01
-1.3000e+02 9.0000e+01 9.8951e-01
-1.3000e+02 1.0000e+02 -1.2466e+00
-1.3000e+02 1.1000e+02 1.7096e+00
-1.3000e+02 1.2000e+02 1.1581e+00
-1.3000e+02 1.3000e+02 9.1896e-01
-1.3000e+02 1.4000e+02 -3.0646e-01
-1.3000e+02 1.5000e+02 3.0917e+00
-1.3000e+02 1.6000e+02 1.5862e-01
-1.3000e+02 1.7000e+02 -1.8107e+00
-1.3000e+02 1.8000e+02 -2.0920e+00
-1.3000e+02 1.9000e+02 -2.0186e+00
-1.3000e+02 2.0000e+02 1.2011e-01
-1.2000e+02 -2.0000e+02 -1.7266e+00
-1.2000e+02 -1.9000e+02 4.3164e-01
-1.2000e+02 -1.8000e+02 -2.1189e-01
-1.2000e+02 -1.7000e+02 1.8316e+00
-1.2000e+02 -1.6000e+02 2.1647e-01
-1.2000e+02 -1.5000e+02 1.0877e+00
-1.2000e+02 -1.4000e+02 1.3191e+00
-1.2000e+02 -1.3000e+02 -4.0199e-01
-1.2000e+02 -1.2000e+02 1.9870e+00
-1.2000e+02 -1.1000e+02 2.9515e-01
-1.2000e+02 -1.0000e+02 -9.4331e-01
-1.2000e+02 -9.0000e+01 3.5680e-01
-1.2000e+02 -8.0000e+01 2.6808e-01
-1.2000e+02 -7.0000e+01 -1.8521e+00
-1.2000e+02 -6.0000e+01 -8.9854e-01
-1.2000e+02 -5.0000e+01 -3.1884e+00
-1.2000e+02 -4.0000e+01 -1.9657e+00
-1.2000e+02 -3.0000e+01 -2.2721e+00
-1.2000e+02 -2.0000e+01 -3.5507e+00
-1.2000e+02 -1.0000e+01 4.1753e-01
-1.2000e+02 0.0000e+00 -3.8198e+00
-1.2000e+02 1.0000e+01 8.7480e-02
-1.2000e+02 2.0000e+01 -4.8090e+00
-1.2000e+02 3.0000e+01 -2.6850e-01
-1.2000e+02 4.0000e+01 -2.0233e+00
-1.2000e+02 5.0000e+01 -7.0087e-01
-1.2000e+02 6.0000e+01 -2.7660e+00
-1.2000e+02 7.0000e+01 -1.6560e+00
-1.2000e+02 8.0000e+01 9.2396e-01
-1.2000e+02 9.0000e+01 4.0044e+00
-1.2000e+02 1.0000e+02 -1.4473e+00
-1.2000e+02 1.1000e+02 1.8755e+00
-1.2000e+02 1.2000e+02 -7.4625e-01
-1.2000e+02 1.3000e+02 1.1273e+00
-1.2000e+02 1.4000e+02 1.9976e+00
-1.2000e+02 1.5000e+02 -4.5203e+00
-1.2000e+02 1.6000e+02 -2.2339e+00
-1.2000e+02 1.7000e+02 6.9224e-01
-1.2000e+02 1.8000e+02 -5.5630e-01
-1.2000e+02 1.9000e+02 1.1216e-01
-1.2000e+02 2.0000e+02 2.8355e+00
-1.1000e+02 -2.0000e+02 1.0681e+00
-1.1000e+02 -1.9000e+02 1.0759e+00
-1.1000e+02 -1.8000e+02 6.8574e-01
-1.1000e+02 -1.7000e+02 -1.1285e+00
-1.1000e+02 -1.6000e+02 1.5061e+00
-1.1000e+02 -1.5000e+02 -2.0654e+00
-1.1000e+02 -1.4000e+02 1.3089e+00
-1.1000e+02 -1.3000e+02 2.7008e+00
-1.1000e+02 -1.2000e+02 1.2040e+00
-1.1000e+02 -1.1000e+02 2.0759e+00
-1.1000e+02 -1.0000e+02 9.2223e-01
-1.1000e+02 -9.0000e+01 6.5220e-01
-1.1000e+02 -8.0000e+01 -1.9149e+00
-1.1000e+02 -7.0000e+01 -1.8579e+00
-1.1000e+02 -6.0000e+01 -7.6244e-01
-1.1000e+02 -5.0000e+01 1.0559e+00
-1.1000e+02 -4.0000e+01 -3.7096e-01
-1.1000e+02 -3.0000e+01 -2.3888e+00
-1.1000e+02 -2.0000e+01 2.0899e-01
-1.1000e+02 -1.0000e+01 -3.7792e+00
-1.1000e+02 0.0000e+00 4.6329e-01
-1.1000e+02 1.0000e+01 -2.5419e+00
-1.1000e+02 2.0000e+01 9.2636e-01
-1.1000e+02 3.0000e+01 -1.8856e+00
-1.1000e+02 4.0000e+01 -3.3540e+00
-1.1000e+02 5.0000e+01 5.6920e-01
-1.1000e+02 6.0000e+01 -8.0972e-01
-1.1000e+02 7.0000e+01 -2.1951e+00
-1.1000e+02 8.0000e+01 6.7526e-02
-1.1000e+02 9.0000e+01 4.5297e-01
-1.1000e+02 1.0000e+02 -4.7921e-02
-1.1000e+02 1.1000e+02 -1.8399e-01
-1.1000e+02 1.2000e+02 -1.9360e+00
-1.1000e+02 1.3000e+02 -8.0477e-01
-1.1000e+02 1.4000e+02 9.6519e-01
-1.1000e+02 1.5000e+02 4.1526e-01
-1.1000e+02 1.6000e+02 -1.0334e+00
-1.1000e+02 1.7000e+02 7.7405e-01
-1.1000e+02 1.8000e+02 -9.3464e-01
-1.1000e+02 1.9000e+02 1.7562e+00
-1.1000e+02 2.0000e+02 5.5663e-01
-1.0000e+02 -2.0000e+02 4.0094e-01
-1.0000e+02 -1.9000e+02 -1.9592e+00
-1.0000e+02 -1.8000e+02 8.2007e-01
-1.0000e+02 -1.7000e+02 1.0753e+00
-1.0000e+02 -1.6000e+02 -2.9565e+00
-1.0000e+02 -1.5000e+02 -1.9294e+00
-1.0000e+02 -1.4000e+02 6.1111e-01
-1.0000e+02 -1.3000e+02 -5.2128e-01
-1.0000e+02 -1.2000e+02 4.0866e-01
-1.0000e+02 -1.1000e+02 2.5500e-01
-1.0000e+02 -1.0000e+02 -1.8563e+00
-1.0000e+02 -9.0000e+01 2.1843e+00
-1.0000e+02 -8.0000e+01 -1.1378e+00
-1.0000e+02 -7.0000e+01 2.9148e-01
-1.0000e+02 -6.0000e+01 2.0461e+00
-1.0000e+02 -5.0000e+01 5.2057e-02
-1.0000e+02 -4.0000e+01 -1.9722e+00
-1.0000e+02 -3.0000e+01 -2.6775e+00
-1.0000e+02 -2.0000e+01 -4.3740e+00
-1.0000e+02 -1.0000e+01 -1.0333e+00
-1.0000e+02 0.0000e+00 -1.7367e+00
-1.0000e+02 1.0000e+01 -4.2164e+00
-1.0000e+02 2.0000e+01 -2.6019e+00
-1.0000e+02 3.0000e+01 -2.3502e+00
-1.0000e+02 4.0000e+01 -2.8169e+00
-1.0000e+02 5.0000e+01 -2.9730e+00
-1.0000e+02 6.0000e+01 -1.6069e+00
-1.0000e+02 7.0000e+01 1.2803e-01
-1.0000e+02 8.0000e+01 2.1442e+00
-1.0000e+02 9.0000e+01 -2.1230e+00
-1.0000e+02 1.0000e+02 -4.5194e-01
-1.0000e+02 1.1000e+02 1.7608e+00
-1.0000e+02 1.2000e+02 6.6026e-01
-1.0000e+02 1.3000e+02 1.9547e+00
-1.0000e+02 1.4000e+02 -4.7870e-01
-1.0000e+02 1.5000e+02 -2.2791e+00
-1.0000e+02 1.6000e+02 2.2704e+00
-1.0000e+02 1.7000e+02 3.4661e+00
-1.0000e+02 1.8000e+02 -2.2361e+00
-1.0000e+02 1.9000e+02 2.9851e-01
-1.0000e+02 2.0000e+02 6.9831e-01
-9.0000e+01 -2.0000e+02 1.7889e+00
-9.0000e+01 -1.9000e+02 -9.0802e-01
-9.0000e+01 -1.8000e+02 -2.9273e-01
-9.0000e+01 -1.7000e+02 1.4897e+00
-9.0000e+01 -1.6000e+02 -1.2053e+00
-9.0000e+01 -1.5000e+02 -1.8497e-01
-9.0000e+01 -1.4000e+02 -1.3251e+00
-9.0000e+01 -1.3000e+02 -1.3500e+00
-9.0000e+01 -1.2000e+02 2.4904e-01
-9.0000e+01 -1.1000e+02 -1.7115e+00
-9.0000e+01 -1.0000e+02 -2.8003e+00
-9.0000e+01 -9.0000e+01 -6.0783e-01
-9.0000e+01 -8.0000e+01 -7.4935e-01
-9.0000e+01 -7.0000e+01 -3.0155e+00
-9.0000e+01 -6.0000e+01 -1.4713e+00
-9.0000e+01 -5.0000e+01 -3.4073e+00
-9.0000e+01 -4.0000e+01 -3.7793e+00
-9.0000e+01 -3.0000e+01 -5.2620e+00
-9.0000e+01 -2.0000e+01 -3.2809e+00
-9.0000e+01 -1.0000e+01 -5.0275e+00
-9.0000e+01 0.0000e+00 -5.1196e+00
-9.0000e+01 1.0000e+01 -3.7680e+00
-9.0000e+01 2.0000e+01 -4.5067e+00
-9.0000e+01 3.0000e+01 -4.5152e+00
-9.0000e+01 4.0000e+01 -5.4453e+00
-9.0000e+01 5.0000e+01 -3.2726e+00
-9.0000e+01 6.0000e+01 -1.6350e-01
-9.0000e+01 7.0000e+01 -6.7892e+00
-9.0000e+01 8.0000e+01 -4.3072e+00
-9.0000e+01 9.0000e+01 -1.1313e+00
-9.0000e+01 1.0000e+02 -1.6421e+00
-9.0000e+01 1.1000e+02 -2.7750e+00
-9.0000e+01 1.2000e+02 2.7672e-01
-9.0000e+01 1.3000e+02 -2.1822e+00
-9.0000e+01 1.4000e+02 1.2213e-01
-9.0000e+01 1.5000e+02 -5.8799e-01
-9.0000e+01 1.6000e+02 1.4523e+00
-9.0000e+01 1.7000e+02 7.4549e-01
-9.0000e+01 1.8000e+02 -4.1449e-02
-9.0000e+01 1.9000e+02 -3.7991e-01
-9.0000e+01 2.0000e+02 1.4925e+00
-8.0000e+01 -2.0000e+02 -6.2573e-01
-8.0000e+01 -1.9000e+02 -7.4054e-01
-8.0000e+01 -1.8000e+02 7.7596e-01
-8.0000e+01 -1.7000e+02 -2.2581e-01
-8.0000e+01 -1.6000e+02 -7.0233e-01
-8.0000e+01 -1.5000e+02 2.5284e+00
-8.0000e+01 -1.4000e+02 -9.0326e-01
-8.0000e+01 -1.3000e+02 4.9516e-01
-8.0000e+01 -1.2000e+02 -3.6614e+00
-8.0000e+01 -1.1000e+02 -9.6482e-01
-8.0000e+01 -1.0000e+02 -2.2072e+00
-8.0000e+01 -9.0000e+01 -1.7729e+00
-8.0000e+01 -8.0000e+01 -2.1384e+00
-8.0000e+01 -7.0000e+01 -2.5627e+00
-8.0000e+01 -6.0000e+01 -2.5573e+00
-8.0000e+01 -5.0000e+01 -2.7823e+00
-8.0000e+01 -4.0000e+01 -3.1869e+00
-8.0000e+01 -3.0000e+01 -2.9372e+00
-8.0000e+01 -2.0000e+01 -4.8681e+00
-8.0000e+01 -1.0000e+01 -5.9033e+00
-8.0000e+01 0.0000e+00 -2.3715e+00
-8.0000e+01 1.0000e+01 -4.8900e+00
-8.0000e+01 2.0000e+01 -8.3873e+00
-8.0000e+01 3.0000e+01 -6.0594e+00
-8.0000e+01 4.0000e+01 -3.5239e+00
-8.0000e+01 5.0000e+01 -3.5027e+00
-8.0000e+01 6.0000e+01 -4.4157e+00
-8.0000e+01 7.0000e+01 -4.9264e+00
-8.0000e+01 8.0000e+01 -1.9367e-01
-8.0000e+01 9.0000e+01 -1.6957e+00
-8.0000e+01 1.0000e+02 1.6208e+00
-8.0000e+01 1.1000e+02 -1.8481e+00
-8.0000e+01 1.2000e+02 -1.5286e-01
-8.0000e+01 1.3000e+02 3.2324e-01
-8.0000e+01 1.4000e+02 -9.9174e-01
-8.0000e+01 1.5000e+02 -1.7579e+00
-8.0000e+01 1.6000e+02 -1.8396e+00
-8.0000e+01 1.7000e+02 -2.1017e+00
-8.0000e+01 1.8000e+02 1.8884e+00
-8.0000e+01 1.9000e+02 -1.9782e+00
-8.0000e+01 2.0000e+02 -1.6888e+00
-7.0000e+01 -2.0000e+02 3.4429e-01
-7.0000e+01 -1.9000e+02 -1.2192e+00
-7.0000e+01 -1.8000e+02 -4.6008e-01
-7.0000e+01 -1.7000e+02 1.2801e+00
-7.0000e+01 -1.6000e+02 1.4303e-01
-7.0000e+01 -1.5000e+02 1.5151e-01
-7.0000e+01 -1.4000e+02 1.5252e+00
-7.0000e+01 -1.3000e+02 -7.2500e-01
-7.0000e+01 -1.2000e+02 -1.6605e+00
-7.0000e+01 -1.1000e+02 -4.7390e-01
-7.0000e+01 -1.0000e+02 -9.2967e-01
-7.0000e+01 -9.0000e+01 -2.9064e+00
-7.0000e+01 -8.0000e+01 -1.4542e+00
-7.0000e+01 -7.0000e+01 -3.9964e+00
-7.0000e+01 -6.0000e+01 -4.6012e+00
-7.0000e+01 -5.0000e+01 -4.5672e+00
-7.0000e+01 -4.0000e+01 -5.9964e+00
-7.0000e+01 -3.0000e+01 -4.9836e+00
-7.0000e+01 -2.0000e+01 -5.9090e+00
-7.0000e+01 -1.0000e+01 -7.8651e+00
-7.0000e+01 0.0000e+00 -4.6130e+00
-7.0000e+01 1.0000e+01 -8.2380e+00
-7.0000e+01 2.0000e+01 -6.2012e+00
-7.0000e+01 3.0000e+01 -7.8410e+00
-7.0000e+01 4.0000e+01 -4.9832e+00
-7.0000e+01 5.0000e+01 -5.3272e+00
-7.0000e+01 6.0000e+01 -3.7409e+00
-7.0000e+01 7.0000e+01 -2.4954e+00
-7.0000e+01 8.0000e+01 -1.5525e+00
-7.0000e+01 9.0000e+01 -2.6763e+00
-7.0000e+01 1.0000e+02 6.4328e-01
-7.0000e+01 1.1000e+02 -2.3953e-01
-7.0000e+01 1.2000e+02 9.1143e-01
-7.0000e+01 1.3000e+02 -1.3197e+00
-7.0000e+01 1.4000e+02 -1.3786e+00
-7.0000e+01 1.5000e+02 1.6678e+00
-7.0000e+01 1.6000e+02 3.3295e-01
-7.0000e+01 1.7000e+02 -2.8897e+00
-7.0000e+01 1.8000e+02 -1.5367e+00
-7.0000e+01 1.9000e+02 2.2088e+00
-7.0000e+01 2.0000e+02 5.1255e-01
-6.0000e+01 -2.0000e+02 -1.7839e+00
-6.0000e+01 -1.9000e+02 -5.7876e-01
-6.0000e+01 -1.8000e+02 9.6391e-01
-6.0000e+01 -1.7000e+02 1.0494e+00
-6.0000e+01 -1.6000e+02 -1.6281e+00
-6.0000e+01 -1.5000e+02 9.3253e-01
-6.0000e+01 -1.4000e+02 -3.8674e+00
-6.0000e+01 -1.3000e+02 -2.1004e+00
-6.0000e+01 -1.2000e+02 4.8705e-02
-6.0000e+01 -1.1000e+02 8.4963e-01
-6.0000e+01 -1.0000e+02 -2.1178e+00
-6.0000e+01 -9.0000e+01 4.1967e-01
-6.0000e+01 -8.0000e+01 -5.2832e+00
-6.0000e+01 -7.0000e+01 -3.4877e+00
-6.0000e+01 -6.0000e+01 -2.8602e+00
-6.0000e+01 -5.0000e+01 -7.2057e+00
-6.0000e+01 -4.0000e+01 -6.0367e+00
-6.0000e+01 -3.0000e+01 -5.9250e+00
-6.0000e+01 -2.0000e+01 -9.4701e+00
-6.0000e+01 -1.0000e+01 -9.4192e+00
-6.0000e+01 0.0000e+00 -7.5211e+00
-6.0000e+01 1.0000e+01 -8.0703e+00
-6.0000e+01 2.0000e+01 -7.8504e+00
-6.0000e+01 3.0000e+01 -9.8528e+00
-6.0000e+01 4.0000e+01 -6.4325e+00
-6.0000e+01 5.0000e+01 -6.1406e+00
-6.0000e+01 6.0000e+01 -5.0810e+00
-6.0000e+01 7.0000e+01 -4.5807e+00
-6.0000e+01 8.0000e+01 -3.2891e+00
-6.0000e+01 9.0000e+01 -1.5406e+00
-6.0000e+01 1.0000e+02 -2.6307e-01
-6.0000e+01 1.1000e+02 -3.4204e+00
-6.0000e+01 1.2000e+02 -1.3168e+00
-6.0000e+01 1.3000e+02 -9.1093e-01
-6.0000e+01 1.4000e+02 -7.3063e-01
-6.0000e+01 1.5000e+02 -2.6740e+00
-6.0000e+01 1.6000e+02 -1.0605e+00
-6.0000e+01 1.7000e+02 1.5802e+00
-6.0000e+01 1.8000e+02 -6.7612e-01
-6.0000e+01 1.9000e+02 -3.0571e+00
-6.0000e+01 2.0000e+02 3.0094e+00
-5.0000e+01 -2.0000e+02 1.3570e+00
-5.0000e+01 -1.9000e+02 7.6049e-01
-5.0000e+01 -1.8000e+02 5.5650e-01
-5.0000e+01 -1.7000e+02 -1.1978e+00
-5.0000e+01 -1.6000e+02 6.3633e-01
-5.0000e+01 -1.5000e+02 -2.1479e+00
-5.0000e+01 -1.4000e+02 -9.2602e-01
-5.0000e+01 -1.3000e+02 2.5036e-02
-5.0000e+01 -1.2000e+02 5.3334e-01
-5.0000e+01 -1.1000e+02 -5.2948e-01
-5.0000e+01 -1.0000e+02 -2.5272e+00
-5.0000e+01 -9.0000e+01 -3.3978e+00
-5.0000e+01 -8.0000e+01 -4.7752e+00
-5.0000e+01 -7.0000e+01 -3.9195e+00
-5.0000e+01 -6.0000e+01 -3.7430e+00
-5.0000e+01 -5.0000e+01 -5.1408e+00
-5.0000e+01 -4.0000e+01 -7.0624e+00
-5.0000e+01 -3.0000e+01 -6.8983e+00
-5.0000e+01 -2.0000e+01 -7.3558e+00
-5.0000e+01 -1.0000e+01 -9.5575e+00
-5.0000e+01 0.0000e+00 -9.6309e+00
-5.0000e+01 1.0000e+01 -1.0861e+01
-5.0000e+01 2.0000e+01 -7.8136e+00
-5.0000e+01 3.0000e+01 -1.1687e+01
-5.0000e+01 4.0000e+01 -8.6957e+00
-5.0000e+01 5.0000e+01 -5.7404e+00
-5.0000e+01 6.0000e+01 -4.4525e+00
-5.0000e+01 7.0000e+01 -2.2989e+00
-5.0000e+01 8.0000e+01 -8.4784e+00
-5.0000e+01 9.0000e+01 -2.3034e+00
-5.0000e+01 1.0000e+02 -1.0671e+00
-5.0000e+01 1.1000e+02 -2.2497e+00
-5.0000e+01 1.2000e+02 -6.9388e-01
-5.0000e+01 1.3000e+02 7.7532e-02
-5.0000e+01 1.4000e+02 -7.5040e-01
-5.0000e+01 1.5000e+02 1.2587e+00
-5.0000e+01 1.6000e+02 -4.1574e-01
-5.0000e+01 1.7000e+02 -2.0045e+00
-5.0000e+01 1.8000e+02 3.4680e-01
-5.0000e+01 1.9000e+02 1.3732e+00
-5.0000e+01 2.0000e+02 -6.6761e-01
-4.0000e+01 -2.0000e+02 1.5716e+00
-4.0000e+01 -1.9000e+02 -1.5039e+00
-4.0000e+01 -1.8000e+02 -2.6783e-01
-4.0000e+01 -1.7000e+02 -3.5795e+00
-4.0000e+01 -1.6000e+02 -2.7767e-01
-4.0000e+01 -1.5000e+02 -9.0544e-01
-4.0000e+01 -1.4000e+02 -1.9503e+00
-4.0000e+01 -1.3000e+02 -3.9437e-01
-4.0000e+01 -1.2000e+02 1.1961e+00
-4.0000e+01 -1.1000e+02 -2.6386e+00
-4.0000e+01 -1.0000e+02 -3.9735e+00
-4.0000e+01 -9.0000e+01 -3.6239e+00
-4.0000e+01 -8.0000e+01 -6.3853e+00
-4.0000e+01 -7.0000e+01 -4.2218e+00
-4.0000e+01 -6.0000e+01 -8.2136e+00
-4.0000e+01 -5.0000e+01 -6.7782e+00
-4.0000e+01 -4.0000e+01 -7.2175e+00
-4.0000e+01 -3.0000e+01 -1.1220e+01
-4.0000e+01 -2.0000e+01 -1.2303e+01
-4.0000e+01 -1.0000e+01 -1.2735e+01
-4.0000e+01 0.0000e+00 -9.8740e+00
-4.0000e+01 1.0000e+01 -1.2882e+01
-4.0000e+01 2.0000e+01 -1.0510e+01
-4.0000e+01 3.0000e+01 -8.9952e+00
-4.0000e+01 4.0000e+01 -8.7831e+00
-4.0000e+01 5.0000e+01 -7.9775e+00
-4.0000e+01 6.0000e+01 -7.1668e+00
-4.0000e+01 7.0000e+01 -6.9316e+00
-4.0000e+01 8.0000e+01 -3.7992e+00
-4.0000e+01 9.0000e+01 -2.4313e+00
-4.0000e+01 1.0000e+02 -2.7595e+00
-4.0000e+01 1.1000e+02 -1.0961e+00
-4.0000e+01 1.2000e+02 -1.5169e+00
-4.0000e+01 1.3000e+02 8.7892e-01
-4.0000e+01 1.4000e+02 -1.5617e+00
-4.0000e+01 1.5000e+02 9.1116e-01
-4.0000e+01 1.6000e+02 1.1319e+00
-4.0000e+01 1.7000e+02 2.1981e+00
-4.0000e+01 1.8000e+02 5.2171e-01
-4.0000e+01 1.9000e+02 -7.3908e-01
-4.0000e+01 2.0000e+02 1.0084e+00
-3.0000e+01 -2.0000e+02 2.1235e+00
-3.0000e+01 -1.9000e+02 -8.5735e-02
-3.0000e+01 -1.8000e+02 3.0113e+00
-3.0000e+01 -1.7000e+02 -1.5735e+00
-3.0000e+01 -1.6000e+02 4.1648e-01
-3.0000e+01 -1.5000e+02 2.4238e-01
-3.0000e+01 -1.4000e+02 -1.8989e-01
-3.0000e+01 -1.3000e+02 -2.8049e-01
-3.0000e+01 -1.2000e+02 -3.9476e-01
-3.0000e+01 -1.1000e+02 -1.0243e+00
-3.0000e+01 -1.0000e+02 -3.9684e+00
-3.0000e+01 -9.0000e+01 -1.8196e+00
-3.0000e+01 -8.0000e+01 -4.3428e+00
-3.0000e+01 -7.0000e+01 -1.0155e+01
-3.0000e+01 -6.0000e+01 -7.0166e+00
-3.0000e+01 -5.0000e+01 -6.6726e+00
-3.0000e+01 -4.0000e+01 -1.0908e+01
-3.0000e+01 -3.0000e+01 -1.2987e+01
-3.0000e+01 -2.0000e+01 -8.1281e+00
-3.0000e+01 -1.0000e+01 -1.1325e+01
-3.0000e+01 0.0000e+00 -1.4161e+01
-3.0000e+01 1.0000e+01 -1.3054e+01
-3.0000e+01 2.0000e+01 -1.4342e+01
-3.0000e+01 3.0000e+01 -1.4657e+01
-3.0000e+01 4.0000e+01 -1.1334e+01
-3.0000e+01 5.0000e+01 -8.7552e+00
-3.0000e+01 6.0000e+01 -6.9968e+00
-3.0000e+01 7.0000e+01 -3.6605e+00
-3.0000e+01 8.0000e+01 -6.1619e+00
-3.0000e+01 9.0000e+01 -1.5270e+00
-3.0000e+01 1.0000e+02 -2.0642e+00
-3.0000e+01 1.1000e+02 -3.3756e+00
-3.0000e+01 1.2000e+02 -2.7868e+00
-3.0000e+01 1.3000e+02 -2.2717e+00
-3.0000e+01 1.4000e+02 -8.8674e-01
-3.0000e+01 1.5000e+02 -1.2948e-01
-3.0000e+01 1.6000e+02 -4.6012e-01
-3.0000e+01 1.7000e+02 -1.0042e+00
-3.0000e+01 1.8000e+02 -1.1625e+00
-3.0000e+01 1.9000e+02 1.0620e+00
-3.0000e+01 2.0000e+02 -2.7960e+00
-2.0000e+01 -2.0000e+02 -2.1853e+00
-2.0000e+01 -1.9000e+02 -2.9681e-01
-2.0000e+01 -1.8000e+02 -7.2849e-01
-2.0000e+01 -1.7000e+02 -1.8586e+00
-2.0000e+01 -1.6000e+02 -1.3873e+00
-2.0000e+01 -1.5000e+02 -6.0825e-01
-2.0000e+01 -1.4000e+02 -1.4831e+00
-2.0000e+01 -1.3000e+02 -3.0495e-01
-2.0000e+01 -1.2000e+02 -2.8957e+00
-2.0000e+01 -1.1000e+02 -2.6760e+00
-2.0000e+01 -1.0000e+02 -1.9374e+00
-2.0000e+01 -9.0000e+01 -1.9157e+00
-2.0000e+01 -8.0000e+01 -8.3163e+00
-2.0000e+01 -7.0000e+01 -4.0766e+00
-2.0000e+01 -6.0000e+01 -8.9413e+00
-2.0000e+01 -5.0000e+01 -8.3076e+00
-2.0000e+01 -4.0000e+01 -1.1365e+01
-2.0000e+01 -3.0000e+01 -1.1372e+01
-2.0000e+01 -2.0000e+01 -1.3880e+01
-2.0000e+01 -1.0000e+01 -1.3716e+01
-2.0000e+01 0.0000e+00 -1.5771e+01
-2.0000e+01 1.0000e+01 -1.4769e+01
-2.0000e+01 2.0000e+01 -1.3568e+01
-2.0000e+01 3.0000e+01 -1.5783e+01
-2.0000e+01 4.0000e+01 -1.0919e+01
-2.0000e+01 5.0000e+01 -1.0029e+01
-2.0000e+01 6.0000e+01 -5.3101e+00
-2.0000e+01 7.0000e+01 -5.4798e+00
-2.0000e+01 8.0000e+01 -3.7016e+00
-2.0000e+01 9.0000e+01 -3.2011e+00
-2.0000e+01 1.0000e+02 -1.9415e+00
-2.0000e+01 1.1000e+02 -2.6390e+00
-2.0000e+01 1.2000e+02 -1.3158e+00
-2.0000e+01 1.3000e+02 1.0901e+00
-2.0000e+01 1.4000e+02 -1.6740e+00
-2.0000e+01 1.5000e+02 4.9984e-01
-2.0000e+01 1.6000e+02 -1.7963e+00
-2.0000e+01 1.7000e+02 5.8909e-01
-2.0000e+01 1.8000e+02 1.7557e+00
-2.0000e+01 1.9000e+02 -1.2998e+00
-2.0000e+01 2.0000e+02 1.4401e+00
-1.0000e+01 -2.0000e+02 -1.1914e+00
-1.0000e+01 -1.9000e+02 -1.8697e+00
-1.0000e+01 -1.8000e+02 3.5890e-01
-1.0000e+01 -1.7000e+02 -3.9538e-01
-1.0000e+01 -1.6000e+02 -1.0528e+00
-1.0000e+01 -1.5000e+02 -6.1304e-01
-1.0000e+01 -1.4000e+02 -3.9428e-01
-1.0000e+01 -1.3000e+02 -1.4608e+00
-1.0000e+01 -1.2000e+02 1.0761e+00
-1.0000e+01 -1.1000e+02 -2.7151e+00
-1.0000e+01 -1.0000e+02 -4.3975e+00
-1.0000e+01 -9.0000e+01 -2.2793e+00
-1.0000e+01 -8.0000e+01 -4.5735e+00
-1.0000e+01 -7.0000e+01 -8.0429e+00
-1.0000e+01 -6.0000e+01 -7.4750e+00
-1.0000e+01 -5.0000e+01 -1.1693e+01
-1.0000e+01 -4.0000e+01 -7.8484e+00
-1.0000e+01 -3.0000e+01 -1.3124e+01
-1.0000e+01 -2.0000e+01 -1.4881e+01
-1.0000e+01 -1.0000e+01 -1.4513e+01
-1.0000e+01 0.0000e+00 -1.5861e+01
-1.0000e+01 1.0000e+01 -1.8061e+01
-1.0000e+01 2.0000e+01 -1.3457e+01
-1.0000e+01 3.0000e+01 -1.3700e+01
-1.0000e+01 4.0000e+01 -1.1798e+01
-1.0000e+01 5.0000e+01 -1.0907e+01
-1.0000e+01 6.0000e+01 -8.5043e+00
-1.0000e+01 7.0000e+01 -6.9475e+00
-1.0000e+01 8.0000e+01 -7.4832e+00
-1.0000e+01 9.0000e+01 -5.0067e+00
-1.0000e+01 1.0000e+02 -2.4878e+00
-1.0000e+01 1.1000e+02 -3.0031e+00
-1.0000e+01 1.2000e+02 -1.5110e-01
-1.0000e+01 1.3000e+02 1.2160e+00
-1.0000e+01 1.4000e+02 1.6098e+00
-1.0000e+01 1.5000e+02 -9.9145e-01
-1.0000e+01 1.6000e+02 1.2499e+00
-1.0000e+01 1.7000e+02 -5.7360e-01
-1.0000e+01 1.8000e+02 1.8893e+00
-1.0000e+01 1.9000e+02 2.8581e+00
-1.0000e+01 2.0000e+02 -1.4240e+00
0.0000e+00 -2.0000e+02 -1.7019e+00
0.0000e+00 -1.9000e+02 2.3727e+00
0.0000e+00 -1.8000e+02 7.7618e-01
0.0000e+00 -1.7000e+02 -6.0210e-01
0.0000e+00 -1.6000e+02 1.8957e+00
0.0000e+00 -1.5000e+02 -3.6041e+00
0.0000e+00 -1.4000e+02 -1.1341e-01
0.0000e+00 -1.3000e+02 2.6616e-01
0.0000e+00 -1.2000e+02 -1.9101e+00
0.0000e+00 -1.1000e+02 -1.8793e+00
0.0000e+00 -1.0000e+02 -4.3625e+00
0.0000e+00 -9.0000e+01 -2.5317e+00
0.0000e+00 -8.0000e+01 -2.7960e+00
0.0000e+00 -7.0000e+01 -8.4899e+00
0.0000e+00 -6.0000e+01 -8.8954e+00
0.0000e+00 -5.0000e+01 -1.0151e+01
0.0000e+00 -4.0000e+01 -1.0742e+01
0.0000e+00 -3.0000e+01 -1.4547e+01
0.0000e+00 -2.0000e+01 -1.2263e+01
0.0000e+00 -1.0000e+01 -1.5842e+01
0.0000e+00 0.0000e+00 -1.6239e+01
0.0000e+00 1.0000e+01 -1.6473e+01
0.0000e+00 2.0000e+01 -1.3442e+01
0.0000e+00 3.0000e+01 -1.6231e+01
0.0000e+00 4.0000e+01 -9.9069e+00
0.0000e+00 5.0000e+01 -1.0502e+01
0.0000e+00 6.0000e+01 -7.9844e+00
0.0000e+00 7.0000e+01 -6.5199e+00
0.0000e+00 8.0000e+01 -6.1279e+00
0.0000e+00 9.0000e+01 -2.9040e+00
0.0000e+00 1.0000e+02 -7.0863e-01
0.0000e+00 1.1000e+02 -1.4413e+00
0.0000e+00 1.2000e+02 -1.1216e+00
0.0000e+00 1.3000e+02 -1.8155e+00
0.0000e+00 1.4000e+02 -2.6406e-01
0.0000e+00 1.5000e+02 -1.5581e+00
0.0000e+00 1.6000e+02 5.7298e-01
0.0000e+00 1.7000e+02 -8.5311e-01
0.0000e+00 1.8000e+02 3.0219e+00
0.0000e+00 1.9000e+02 -5.9115e-01
0.0000e+00 2.0000e+02 -2.0050e-01
1.0000e+01 -2.0000e+02 3.5461e-02
1.0000e+01 -1.9000e+02 -1.3655e+00
1.0000e+01 -1.8000e+02 -6.8836e-01
1.0000e+01 -1.7000e+02 -9.3710e-01
1.0000e+01 -1.6000e+02 -2.6738e-01
1.0000e+01 -1.5000e+02 -2.2818e+00
1.0000e+01 -1.4000e+02 -7.7618e-02
1.0000e+01 -1.3000e+02 -8.7489e-01
1.0000e+01 -1.2000e+02 -5.7968e-01
1.0000e+01 -1.1000e+02 -1.1310e+00
1.0000e+01 -1.0000e+02 -2.5432e+00
1.0000e+01 -9.0000e+01 -3.6407e+00
1.0000e+01 -8.0000e+01 -8.8131e+00
1.0000e+01 -7.0000e+01 -8.7831e+00
1.0000e+01 -6.0000e+01 -1.2324e+01
1.0000e+01 -5.0000e+01 -8.7508e+00
1.0000e+01 -4.0000e+01 -1.0357e+01
1.0000e+01 -3.0000e+01 -1.2532e+01
1.0000e+01 -2.0000e+01 -1.0252e+01
1.0000e+01 -1.0000e+01 -1.2571e+01
1.0000e+01 0.0000e+00 -1.4859e+01
1.0000e+01 1.0000e+01 -1.4917e+01
1.0000e+01 2.0000e+01 -1.3485e+01
1.0000e+01 3.0000e+01 -1.3883e+01
1.0000e+01 4.0000e+01 -8.1939e+00
1.0000e+01 5.0000e+01 -7.8586e+00
1.0000e+01 6.0000e+01 -5.9918e+00
1.0000e+01 7.0000e+01 -6.0717e+00
1.0000e+01 8.0000e+01 -4.1375e+00
1.0000e+01 9.0000e+01 -3.9465e+00
1.0000e+01 1.0000e+02 -1.8781e+00
1.0000e+01 1.1000e+02 3.3887e-01
1.0000e+01 1.2000e+02 7.6507e-02
1.0000e+01 1.3000e+02 3.4219e-01
1.0000e+01 1.4000e+02 -2.4124e+00
1.0000e+01 1.5000e+02 -5.9491e-01
1.0000e+01 1.6000e+02 2.5909e+00
1.0000e+01 1.7000e+02 2.6467e-01
1.0000e+01 1.8000e+02 6.5939e-01
1.0000e+01 1.9000e+02 1.2379e+00
1.0000e+01 2.0000e+02 -4.4587e-01
2.0000e+01 -2.0000e+02 6.4793e-01
2.0000e+01 -1.9000e+02 -1.5345e+00
2.0000e+01 -1.8000e+02 -8.8865e-01
2.0000e+01 -1.7000e+02 8.0271e-01
2.0000e+01 -1.6000e+02 -3.5432e+00
2.0000e+01 -1.5000e+02 1.0462e-01
2.0000e+01 -1.4000e+02 -2.6609e-01
2.0000e+01 -1.3000e+02 8.2123e-01
2.0000e+01 -1.2000e+02 -1.0482e+00
2.0000e+01 -1.1000e+02 -8.6835e-01
2.0000e+01 -1.0000e+02 -4.1562e+00
2.0000e+01 -9.0000e+01 -6.6314e+00
2.0000e+01 -8.0000e+01 -6.1301e+00
2.0000e+01 -7.0000e+01 -7.3770e+00
2.0000e+01 -6.0000e+01 -7.0606e+00
2.0000e+01 -5.0000e+01 -7.2244e+00
2.0000e+01 -4.0000e+01 -9.1646e+00
2.0000e+01 -3.0000e+01 -1.4092e+01
2.0000e+01 -2.0000e+01 -1.3321e+01
2.0000e+01 -1.0000e+01 -1.4568e+01
2.0000e+01 0.0000e+00 -1.6439e+01
2.0000e+01 1.0000e+01 -1.3379e+01
2.0000e+01 2.0000e+01 -1.4921e+01
2.0000e+01 3.0000e+01 -7.9231e+00
2.0000e+01 4.0000e+01 -1.1043e+01
2.0000e+01 5.0000e+01 -8.2043e+00
2.0000e+01 6.0000e+01 -7.2565e+00
2.0000e+01 7.0000e+01 -3.9778e+00
2.0000e+01 8.0000e+01 -4.4039e+00
2.0000e+01 9.0000e+01 -8.0453e-01
2.0000e+01 1.0000e+02 -3.9470e-01
2.0000e+01 1.1000e+02 -5.8284e-01
2.0000e+01 1.2000e+02 -2.4951e+00
2.0000e+01 1.3000e+02 -1.8840e+00
2.0000e+01 1.4000e+02 -3.6410e-01
2.0000e+01 1.5000e+02 -1.1620e+00
2.0000e+01 1.6000e+02 -1.6767e-01
2.0000e+01 1.7000e+02 -9.6732e-01
2.0000e+01 1.8000e+02 -5.6248e-01
2.0000e+01 1.9000e+02 -2.7568e+00
2.0000e+01 2.0000e+02 -7.8269e-01
3.0000e+01 -2.0000e+02 -2.9287e+00
3.0000e+01 -1.9000e+02 5.8316e-01
3.0000e+01 -1.8000e+02 -9.1212e-02
3.0000e+01 -1.7000e+02 -9.7712e-01
3.0000e+01 -1.6000e+02 2.1164e+00
3.0000e+01 -1.5000e+02 -1.9439e+00
3.0000e+01 -1.4000e+02 -3.5203e+00
3.0000e+01 -1.3000e+02 -3.4213e+00
3.0000e+01 -1.2000e+02 -2.2280e-01
3.0000e+01 -1.1000e+02 -2.6433e+00
3.0000e+01 -1.0000e+02 -1.7197e+00
3.0000e+01 -9.0000e+01 -3.1444e+00
3.0000e+01 -8.0000e+01 -5.5516e+00
3.0000e+01 -7.0000e+01 -4.1806e+00
3.0000e+01 -6.0000e+01 -9.8294e+00
3.0000e+01 -5.0000e+01 -7.9881e+00
3.0000e+01 -4.0000e+01 -1.0478e+01
3.0000e+01 -3.0000e+01 -1.3315e+01
3.0000e+01 -2.0000e+01 -1.3618e+01
3.0000e+01 -1.0000e+01 -9.9183e+00
3.0000e+01 0.0000e+00 -1.3227e+01
3.0000e+01 1.0000e+01 -1.4321e+01
3.0000e+01 2.0000e+01 -1.1645e+01
3.0000e+01 3.0000e+01 -1.1979e+01
3.0000e+01 4.0000e+01 -9.7585e+00
3.0000e+01 5.0000e+01 -1.0022e+01
3.0000e+01 6.0000e+01 -7.5342e+00
3.0000e+01 7.0000e+01 -7.5251e+00
3.0000e+01 8.0000e+01 -4.6855e+00
3.0000e+01 9.0000e+01 -3.6248e+00
3.0000e+01 1.0000e+02 -3.7911e+00
3.0000e+01 1.1000e+02 -3.8042e+00
3.0000e+01 1.2000e+02 -2.6812e-01
3.0000e+01 1.3000e+02 1.8502e+00
3.0000e+01 1.4000e+02 -4.1835e+00
3.0000e+01 1.5000e+02 -6.4759e-01
3.0000e+01 1.6000e+02 -2.0321e+00
3.0000e+01 1.7000e+02 2.0719e+00
3.0000e+01 1.8000e+02 2.0608e+00
3.0000e+01 1.9000e+02 2.2069e+00
3.0000e+01 2.0000e+02 -1.7851e+00
4.0000e+01 -2.0000e+02 1.2855e+00
4.0000e+01 -1.9000e+02 1.5419e+00
4.0000e+01 -1.8000e+02 -1.7675e+00
4.0000e+01 -1.7000e+02 -2.2196e+00
4.0000e+01 -1.6000e+02 -1.7121e+00
4.0000e+01 -1.5000e+02 -5.9736e-01
4.0000e+01 -1.4000e+02 -1.5546e+00
4.0000e+01 -1.3000e+02 -1.5592e+00
4.0000e+01 -1.2000e+02 -1.6964e+00
4.0000e+01 -1.1000e+02 -1.1026e+00
4.0000e+01 -1.0000e+02 -3.0215e+00
4.0000e+01 -9.0000e+01 -5.2955e+00
4.0000e+01 -8.0000e+01 -3.0799e+00
4.0000e+01 -7.0000e+01 -3.7827e+00
4.0000e+01 -6.0000e+01 -8.9378e+00
4.0000e+01 -5.0000e+01 -8.4013e+00
4.0000e+01 -4.0000e+01 -8.2709e+00
4.0000e+01 -3.0000e+01 -9.0331e+00
4.0000e+01 -2.0000e+01 -1.0438e+01
4.0000e+01 -1.0000e+01 -1.0674e+01
4.0000e+01 0.0000e+00 -1.2379e+01
4.0000e+01 1.0000e+01 -1.3183e+01
4.0000e+01 2.0000e+01 -1.1359e+01
4.0000e+01 3.0000e+01 -1.2259e+01
4.0000e+01 4.0000e+01 -1.1379e+01
4.0000e+01 5.0000e+01 -5.2888e+00
4.0000e+01 6.0000e+01 -7.9937e+00
4.0000e+01 7.0000e+01 -3.5130e+00
4.0000e+01 8.0000e+01 -8.1222e+00
4.0000e+01 9.0000e+01 -1.7789e+00
4.0000e+01 1.0000e+02 -2.9818e+00
4.0000e+01 1.1000e+02 -5.8718e-01
4.0000e+01 1.2000e+02 -2.8359e+00
4.0000e+01 1.3000e+02 -2.1214e+00
4.0000e+01 1.4000e+02 3.8982e-01
4.0000e+01 1.5000e+02 -2.6706e-01
4.0000e+01 1.6000e+02 5.2647e-02
4.0000e+01 1.7000e+02 2.4133e+00
4.0000e+01 1.8000e+02 3.4329e-01
4.0000e+01 1.9000e+02 1.6570e-01
4.0000e+01 2.0000e+02 6.6765e-01
5.0000e+01 -2.0000e+02 -1.0476e+00
5.0000e+01 -1.9000e+02 2.0247e+00
5.0000e+01 -1.8000e+02 -8.7561e-01
5.0000e+01 -1.7000e+02 2.7351e-01
5.0000e+01 -1.6000e+02 -1.1509e+00
5.0000e+01 -1.5000e+02 -5.9318e-01
5.0000e+01 -1.4000e+02 3.5511e-01
5.0000e+01 -1.3000e+02 -2.1783e+00
5.0000e+01 -1.2000e+02 -2.2045e-01
5.0000e+01 -1.1000e+02 -7.6360e-01
5.0000e+01 -1.0000e+02 -3.2158e+00
5.0000e+01 -9.0000e+01 -3.7595e+00
5.0000e+01 -8.0000e+01 -1.6713e+00
5.0000e+01 -7.0000e+01 -4.8275e+00
5.0000e+01 -6.0000e+01 -4.3244e+00
5.0000e+01 -5.0000e+01 -6.4871e+00
5.0000e+01 -4.0000e+01 -7.4448e+00
5.0000e+01 -3.0000e+01 -9.5859e+00
5.0000e+01 -2.0000e+01 -7.5829e+00
5.0000e+01 -1.0000e+01 -8.7795e+00
5.0000e+01 0.0000e+00 -8.7475e+00
5.0000e+01 1.0000e+01 -8.7614e+00
5.0000e+01 2.0000e+01 -7.9253e+00
5.0000e+01 3.0000e+01 -9.6038e+00
5.0000e+01 4.0000e+01 -4.9773e+00
5.0000e+01 5.0000e+01 -4.4559e+00
5.0000e+01 6.0000e+01 -8.5571e+00
5.0000e+01 7.0000e+01 -5.8189e+00
5.0000e+01 8.0000e+01 -6.7680e+00
5.0000e+01 9.0000e+01 -3.4674e+00
5.0000e+01 1.0000e+02 -2.6031e+00
5.0000e+01 1.1000e+02 -2.0211e+00
5.0000e+01 1.2000e+02 -2.3399e+00
5.0000e+01 1.3000e+02 -2.9184e+00
5.0000e+01 1.4000e+02 2.1418e+00
5.0000e+01 1.5000e+02 -2.1685e+00
5.0000e+01 1.6000e+02 -1.2573e-01
5.0000e+01 1.7000e+02 2.3734e+00
5.0000e+01 1.8000e+02 7.4368e-02
5.0000e+01 1.9000e+02 2.4812e+00
5.0000e+01 2.0000e+02 7.5218e-01
6.0000e+01 -2.0000e+02 -2.8767e-01
6.0000e+01 -1.9000e+02 -1.9627e+00
6.0000e+01 -1.8000e+02 -7.6855e-01
6.0000e+01 -1.7000e+02 2.8669e-01
6.0000e+01 -1.6000e+02 9.8877e-01
6.0000e+01 -1.5000e+02 -2.4397e-01
6.0000e+01 -1.4000e+02 -2.0796e+00
6.0000e+01 -1.3000e+02 1.0745e+00
6.0000e+01 -1.2000e+02 1.2862e+00
6.0000e+01 -1.1000e+02 -1.2152e-01
6.0000e+01 -1.0000e+02 -2.4481e+00
6.0000e+01 -9.0000e+01 -4.6427e+00
6.0000e+01 -8.0000e+01 -1.9826e+00
6.0000e+01 -7.0000e+01 -2.7635e+00
6.0000e+01 -6.0000e+01 -6.9686e+00
6.0000e+01 -5.0000e+01 -5.8836e+00
6.0000e+01 -4.0000e+01 -5.0044e+00
6.0000e+01 -3.0000e+01 -7.9691e+00
6.0000e+01 -2.0000e+01 -6.2283e+00
6.0000e+01 -1.0000e+01 -7.5643e+00
6.0000e+01 0.0000e+00 -7.4617e+00
6.0000e+01 1.0000e+01 -9.3621e+00
6.0000e+01 2.0000e+01 -7.1355e+00
6.0000e+01 3.0000e+01 -9.7760e+00
6.0000e+01 4.0000e+01 -6.2398e+00
6.0000e+01 5.0000e+01 -7.4588e+00
6.0000e+01 6.0000e+01 -6.5838e+00
6.0000e+01 7.0000e+01 -4.6430e+00
6.0000e+01 8.0000e+01 -1.1794e+00
6.0000e+01 9.0000e+01 -9.6083e-01
6.0000e+01 1.0000e+02 -2.0068e+00
6.0000e+01 1.1000e+02 -6.1088e-01
6.0000e+01 1.2000e+02 -9.7051e-01
6.0000e+01 1.3000e+02 1.5134e+00
6.0000e+01 1.4000e+02 -4.7626e-01
6.0000e+01 1.5000e+02 -1.0822e-02
6.0000e+01 1.6000e+02 8.4449e-01
6.0000e+01 1.7000e+02 -8.4346e-01
6.0000e+01 1.8000e+02 9.7500e-01
6.0000e+01 1.9000e+02 1.2082e+00
6.0000e+01 2.0000e+02 -7.4442e-01
7.0000e+01 -2.0000e+02 -1.4427e+00
7.0000e+01 -1.9000e+02 -1.6738e+00
7.0000e+01 -1.8000e+02 5.7473e-01
7.0000e+01 -1.7000e+02 -3.4434e+00
7.0000e+01 -1.6000e+02 -2.5577e+00
7.0000e+01 -1.5000e+02 1.7037e+00
7.0000e+01 -1.4000e+02 -1.0671e+00
7.0000e+01 -1.3000e+02 1.1453e-01
7.0000e+01 -1.2000e+02 5.4734e-01
7.0000e+01 -1.1000e+02 -2.3440e+00
7.0000e+01 -1.0000e+02 -4.4799e-01
7.0000e+01 -9.0000e+01 -3.6269e+00
7.0000e+01 -8.0000e+01 -1.1816e+00
7.0000e+01 -7.0000e+01 -2.2424e+00
7.0000e+01 -6.0000e+01 -4.5316e+00
7.0000e+01 -5.0000e+01 -4.8643e+00
7.0000e+01 -4.0000e+01 -7.5154e+00
7.0000e+01 -3.0000e+01 -5.7255e+00
7.0000e+01 -2.0000e+01 -6.1319e+00
7.0000e+01 -1.0000e+01 -5.4526e+00
7.0000e+01 0.0000e+00 -7.7272e+00
7.0000e+01 1.0000e+01 -6.4541e+00
7.0000e+01 2.0000e+01 -7.1821e+00
7.0000e+01 3.0000e+01 -5.0209e+00
7.0000e+01 4.0000e+01 -6.7086e+00
7.0000e+01 5.0000e+01 -6.0206e+00
7.0000e+01 6.0000e+01 -2.1414e+00
7.0000e+01 7.0000e+01 -1.2834e+00
7.0000e+01 8.0000e+01 2.0147e+00
7.0000e+01 9.0000e+01 -8.7426e-03
7.0000e+01 1.0000e+02 -2.2163e+00
7.0000e+01 1.1000e+02 -1.1948e+00
7.0000e+01 1.2000e+02 -1.3717e+00
7.0000e+01 1.3000e+02 -1.0877e-01
7.0000e+01 1.4000e+02 -5.1929e-01
7.0000e+01 1.5000e+02 -8.3331e-01
7.0000e+01 1.6000e+02 9.0931e-01
7.0000e+01 1.7000e+02 1.2896e+00
7.0000e+01 1.8000e+02 -1.5476e+00
7.0000e+01 1.9000e+02 5.9612e-01
7.0000e+01 2.0000e+02 3.7683e+00
8.0000e+01 -2.0000e+02 -1.3937e+00
8.0000e+01 -1.9000e+02 1.4559e+00
8.0000e+01 -1.8000e+02 -5.3593e-03
8.0000e+01 -1.7000e+02 2.9534e+00
8.0000e+01 -1.6000e+02 -1.5176e+00
8.0000e+01 -1.5000e+02 -1.3119e+00
8.0000e+01 -1.4000e+02 1.1564e-01
8.0000e+01 -1.3000e+02 5.2137e-01
8.0000e+01 -1.2000e+02 2.5600e-01
8.0000e+01 -1.1000e+02 -2.1076e+00
8.0000e+01 -1.0000e+02 -2.3726e+00
8.0000e+01 -9.0000e+01 1.5956e+00
8.0000e+01 -8.0000e+01 -1.7097e+00
8.0000e+01 -7.0000e+01 -2.8249e+00
8.0000e+01 -6.0000e+01 -2.5542e+00
8.0000e+01 -5.0000e+01 -1.4293e+00
8.0000e+01 -4.0000e+01 -4.4586e+00
8.0000e+01 -3.0000e+01 -4.2304e+00
8.0000e+01 -2.0000e+01 -2.7292e+00
8.0000e+01 -1.0000e+01 -5.7947e+00
8.0000e+01 0.0000e+00 -7.1005e+00
8.0000e+01 1.0000e+01 -6.2466e+00
8.0000e+01 2.0000e+01 -6.8639e+00
8.0000e+01 3.0000e+01 -3.8675e+00
8.0000e+01 4.0000e+01 -3.9157e+00
8.0000e+01 5.0000e+01 -3.9476e+00
8.0000e+01 6.0000e+01 -2.0746e+00
8.0000e+01 7.0000e+01 -1.7728e+00
8.0000e+01 8.0000e+01 -1.0452e+00
8.0000e+01 9.0000e+01 -4.3003e+00
8.0000e+01 1.0000e+02 1.0326e+00
8.0000e+01 1.1000e+02 6.3729e-02
8.0000e+01 1.2000e+02 1.2808e+00
8.0000e+01 1.3000e+02 9.6100e-01
8.0000e+01 1.4000e+02 -4.7518e-01
8.0000e+01 1.5000e+02 -7.1995e-01
8.0000e+01 1.6000e+02 -1.2694e+00
8.0000e+01 1.7000e+02 1.4027e+00
8.0000e+01 1.8000e+02 -4.8691e-01
8.0000e+01 1.9000e+02 -1.5523e+00
8.0000e+01 2.0000e+02 -1.2094e+00
9.0000e+01 -2.0000e+02 -8.1810e-01
9.0000e+01 -1.9000e+02 -2.7642e+00
9.0000e+01 -1.8000e+02 1.9814e+00
9.0000e+01 -1.7000e+02 2.1376e+00
9.0000e+01 -1.6000e+02 -9.8827e-01
9.0000e+01 -1.5000e+02 -1.1424e-01
9.0000e+01 -1.4000e+02 3.2458e-01
9.0000e+01 -1.3000e+02 1.1574e+00
9.0000e+01 -1.2000e+02 2.1542e-01
9.0000e+01 -1.1000e+02 -1.1349e+00
9.0000e+01 -1.0000e+02 1.0662e+00
9.0000e+01 -9.0000e+01 -1.6495e-01
9.0000e+01 -8.0000e+01 -1.7992e+00
9.0000e+01 -7.0000e+01 -2.5768e+00
9.0000e+01 -6.0000e+01 -1.2652e+00
9.0000e+01 -5.0000e+01 -4.1495e+00
9.0000e+01 -4.0000e+01 -2.0335e-01
9.0000e+01 -3.0000e+01 -3.8690e+00
9.0000e+01 -2.0000e+01 -3.0293e+00
9.0000e+01 -1.0000e+01 -2.2266e+00
9.0000e+01 0.0000e+00 -3.5560e+00
9.0000e+01 1.0000e+01 -3.0083e+00
9.0000e+01 2.0000e+01 -2.6457e+00
9.0000e+01 3.0000e+01 -1.5773e+00
9.0000e+01 4.0000e+01 -4.3651e+00
9.0000e+01 5.0000e+01 -1.3111e+00
9.0000e+01 6.0000e+01 -3.6078e+00
9.0000e+01 7.0000e+01 -3.4002e-01
9.0000e+01 8.0000e+01 -1.6386e+00
9.0000e+01 9.0000e+01 -1.9054e+00
9.0000e+01 1.0000e+02 -8.5516e-01
9.0000e+01 1.1000e+02 -1.2592e+00
9.0000e+01 1.2000e+02 4.5992e-02
9.0000e+01 1.3000e+02 1.7221e+00
9.0000e+01 1.4000e+02 9.0539e-01
9.0000e+01 1.5000e+02 -6.3518e-01
9.0000e+01 1.6000e+02 -2.6182e+00
9.0000e+01 1.7000e+02 -5.0131e-01
9.0000e+01 1.8000e+02 -1.1627e+00
9.0000e+01 1.9000e+02 -1.7497e+00
9.0000e+01 2.0000e+02 8.4009e-01
1.0000e+02 -2.0000e+02 -1.9744e+00
1.0000e+02 -1.9000e+02 -2.5547e+00
1.0000e+02 -1.8000e+02 -7.0970e-01
1.0000e+02 -1.7000e+02 -3.2364e+00
1.0000e+02 -1.6000e+02 1.1679e+00
1.0000e+02 -1.5000e+02 -2.4703e+00
1.0000e+02 -1.4000e+02 1.2072e+00
1.0000e+02 -1.3000e+02 -1.0968e+00
1.0000e+02 -1.2000e+02 5.4838e-01
1.0000e+02 -1.1000e+02 -4.9969e-02
1.0000e+02 -1.0000e+02 -3.0850e+00
1.0000e+02 -9.0000e+01 -2.0758e+00
1.0000e+02 -8.0000e+01 -2.2599e+00
1.0000e+02 -7.0000e+01 -2.2751e+00
1.0000e+02 -6.0000e+01 -2.3100e+00
1.0000e+02 -5.0000e+01 -1.5903e+00
1.0000e+02 -4.0000e+01 -1.6272e+00
1.0000e+02 -3.0000e+01 -2.9853e+00
1.0000e+02 -2.0000e+01 -2.7744e+00
1.0000e+02 -1.0000e+01 -2.2590e+00
1.0000e+02 0.0000e+00 -3.7223e+00
1.0000e+02 1.0000e+01 -4.3371e+00
1.0000e+02 2.0000e+01 -3.4638e+00
1.0000e+02 3.0000e+01 -2.3714e+00
1.0000e+02 4.0000e+01 -3.3631e+00
1.0000e+02 5.0000e+01 1.1660e-01
1.0000e+02 6.0000e+01 -3.1924e+00
1.0000e+02 7.0000e+01 7.6427e-01
1.0000e+02 8.0000e+01 2.4813e-01
1.0000e+02 9.0000e+01 5.6280e-02
1.0000e+02 1.0000e+02 -2.1529e+00
1.0000e+02 1.1000e+02 1.5990e+00
1.0000e+02 1.2000e+02 4.3223e-02
1.0000e+02 1.3000e+02 1.0807e+00
1.0000e+02 1.4000e+02 -2.2119e+00
1.0000e+02 1.5000e+02 -8.0322e-01
1.0000e+02 1.6000e+02 -6.9984e-01
1.0000e+02 1.7000e+02 -1.2173e+00
1.0000e+02 1.8000e+02 -5.2899e-01
1.0000e+02 1.9000e+02 1.7421e+00
1.0000e+02 2.0000e+02 -1.1145e+00
1.1000e+02 -2.0000e+02 -1.9280e+00
1.1000e+02 -1.9000e+02 -1.6241e+00
1.1000e+02 -1.8000e+02 3.2398e-03
1.1000e+02 -1.7000e+02 -1.0841e+00
1.1000e+02 -1.6000e+02 2.5272e+00
1.1000e+02 -1.5000e+02 -1.0366e+00
1.1000e+02 -1.4000e+02 3.4276e-01
1.1000e+02 -1.3000e+02 -2.5897e-01
1.1000e+02 -1.2000e+02 -1.5680e+00
1.1000e+02 -1.1000e+02 -1.5010e+00
1.1000e+02 -1.0000e+02 1.5283e+00
1.1000e+02 -9.0000e+01 3.1336e-01
1.1000e+02 -8.0000e+01 -1.7274e+00
1.1000e+02 -7.0000e+01 -1.7775e+00
1.1000e+02 -6.0000e+01 -8.6317e-02
1.1000e+02 -5.0000e+01 -4.8611e-01
1.1000e+02 -4.0000e+01 -5.0863e-02
1.1000e+02 -3.0000e+01 -1.9179e+00
1.1000e+02 -2.0000e+01 -2.1802e+00
1.1000e+02 -1.0000e+01 -3.9140e+00
1.1000e+02 0.0000e+00 -2.0951e+00
1.1000e+02 1.0000e+01 -2.0553e+00
1.1000e+02 2.0000e+01 -2.9097e+00
1.1000e+02 3.0000e+01 -1.6086e+00
1.1000e+02 4.0000e+01 -3.2334e-01
1.1000e+02 5.0000e+01 -8.5032e-01
1.1000e+02 6.0000e+01 -3.0268e+00
1.1000e+02 7.0000e+01 -9.1571e-01
1.1000e+02 8.0000e+01 -3.2880e+00
1.1000e+02 9.0000e+01 1.3663e+00
1.1000e+02 1.0000e+02 -1.9699e+00
1.1000e+02 1.1000e+02 -2.8917e+00
1.1000e+02 1.2000e+02 -2.5947e+00
1.1000e+02 1.3000e+02 7.3362e-01
1.1000e+02 1.4000e+02 -8.3323e-01
1.1000e+02 1.5000e+02 2.2246e+00
1.1000e+02 1.6000e+02 -4.0310e-01
1.1000e+02 1.7000e+02 -2.4105e-01
1.1000e+02 1.8000e+02 1.0350e+00
1.1000e+02 1.9000e+02 -1.3688e+00
1.1000e+02 2.0000e+02 -8.2369e-01
1.2000e+02 -2.0000e+02 -2.0346e+00
1.2000e+02 -1.9000e+02 1.9145e+00
1.2000e+02 -1.8000e+02 1.4952e+00
1.2000e+02 -1.7000e+02 4.2822e-01
1.2000e+02 -1.6000e+02 -3.7407e-01
1.2000e+02 -1.5000e+02 9.2488e-02
1.2000e+02 -1.4000e+02 -2.0309e-01
1.2000e+02 -1.3000e+02 -1.4955e+00
1.2000e+02 -1.2000e+02 -7.6759e-01
1.2000e+02 -1.1000e+02 1.6309e+00
1.2000e+02 -1.0000e+02 4.6455e-01
1.2000e+02 -9.0000e+01 1.7122e-02
1.2000e+02 -8.0000e+01 -1.4186e+00
1.2000e+02 -7.0000e+01 8.0126e-01
1.2000e+02 -6.0000e+01 -8.4264e-01
1.2000e+02 -5.0000e+01 -1.6283e+00
1.2000e+02 -4.0000e+01 3.1547e-01
1.2000e+02 -3.0000e+01 -2.6009e+00
1.2000e+02 -2.0000e+01 -3.0726e+00
1.2000e+02 -1.0000e+01 -2.1599e+00
1.2000e+02 0.0000e+00 -7.7790e-01
1.2000e+02 1.0000e+01 -2.1692e+00
1.2000e+02 2.0000e+01 -2.3042e+00
1.2000e+02 3.0000e+01 -1.7640e+00
1.2000e+02 4.0000e+01 -1.7697e+00
1.2000e+02 5.0000e+01 -3.6933e+00
1.2000e+02 6.0000e+01 -2.1659e+00
1.2000e+02 7.0000e+01 -8.1717e-01
1.2000e+02 8.0000e+01 4.6329e-01
1.2000e+02 9.0000e+01 -2.3323e+00
1.2000e+02 1.0000e+02 -6.1070e-01
1.2000e+02 1.1000e+02 -1.7339e+00
1.2000e+02 1.2000e+02 1.4583e+00
1.2000e+02 1.3000e+02 2.7654e+00
1.2000e+02 1.4000e+02 4.9988e-02
1.2000e+02 1.5000e+02 3.6968e-01
1.2000e+02 1.6000e+02 -1.7488e+00
1.2000e+02 1.7000e+02 -6.0471e-01
1.2000e+02 1.8000e+02 1.7020e+00
1.2000e+02 1.9000e+02 -1.0512e+00
1.2000e+02 2.0000e+02 9.3782e-01
1.3000e+02 -2.0000e+02 -9.5957e-01
1.3000e+02 -1.9000e+02 -9.3143e-01
1.3000e+02 -1.8000e+02 2.3046e+00
1.3000e+02 -1.7000e+02 -1.2477e-01
1.3000e+02 -1.6000e+02 1.5919e+00
1.3000e+02 -1.5000e+02 -8.2851e-01
1.3000e+02 -1.4000e+02 -7.8435e-01
1.3000e+02 -1.3000e+02 1.0087e+00
1.3000e+02 -1.2000e+02 1.7809e+00
1.3000e+02 -1.1000e+02 -2.7505e+00
1.3000e+02 -1.0000e+02 7.8878e-01
1.3000e+02 -9.0000e+01 3.1433e+00
1.3000e+02 -8.0000e+01 -4.1769e+00
1.3000e+02 -7.0000e+01 1.3734e+00
1.3000e+02 -6.0000e+01 -9.7435e-01
1.3000e+02 -5.0000e+01 1.5386e+00
1.3000e+02 -4.0000e+01 -2.0550e+00
1.3000e+02 -3.0000e+01 4.0459e-01
1.3000e+02 -2.0000e+01 -1.7198e+00
1.3000e+02 -1.0000e+01 -2.7712e-03
1.3000e+02 0.0000e+00 1.8957e-01
1.3000e+02 1.0000e+01 -2.2465e+00
1.3000e+02 2.0000e+01 -6.2205e-01
1.3000e+02 3.0000e+01 -1.7575e+00
1.3000e+02 4.0000e+01 -9.1758e-01
1.3000e+02 5.0000e+01 1.1016e+00
1.3000e+02 6.0000e+01 -3.7377e-02
1.3000e+02 7.0000e+01 1.8000e-01
1.3000e+02 8.0000e+01 -6.4131e-01
1.3000e+02 9.0000e+01 -1.8954e+00
1.3000e+02 1.0000e+02 -3.2474e+00
1.3000e+02 1.1000e+02 -8.1207e-01
1.3000e+02 1.2000e+02 -3.1786e+00
1.3000e+02 1.3000e+02 1.5884e+00
1.3000e+02 1.4000e+02 -2.4644e+00
1.3000e+02 1.5000e+02 -2.4787e-01
1.3000e+02 1.6000e+02 -4.8780e-01
1.3000e+02 1.7000e+02 4.1939e-02
1.3000e+02 1.8000e+02 -4.6396e-01
1.3000e+02 1.9000e+02 -1.1508e+00
1.3000e+02 2.0000e+02 -2.4627e+00
1.4000e+02 -2.0000e+02 -8.0274e-01
1.4000e+02 -1.9000e+02 1.0433e+00
1.4000e+02 -1.8000e+02 3.1015e+00
1.4000e+02 -1.7000e+02 1.2868e-01
1.4000e+02 -1.6000e+02 -3.3843e-01
1.4000e+02 -1.5000e+02 -3.6549e-01
1.4000e+02 -1.4000e+02 6.2326e-01
1.4000e+02 -1.3000e+02 -3.4483e-01
1.4000e+02 -1.2000e+02 -1.2460e+00
1.4000e+02 -1.1000e+02 5.7319e-01
1.4000e+02 -1.0000e+02 1.3823e+00
1.4000e+02 -9.0000e+01 -6.9984e-01
1.4000e+02 -8.0000e+01 1.2211e+00
1.4000e+02 -7.0000e+01 3.4703e-01
1.4000e+02 -6.0000e+01 -6.0161e-01
1.4000e+02 -5.0000e+01 -1.5275e+00
1.4000e+02 -4.0000e+01 -2.0237e+00
1.4000e+02 -3.0000e+01 -2.1069e+00
1.4000e+02 -2.0000e+01 -3.4662e+00
1.4000e+02 -1.0000e+01 9.8302e-01
1.4000e+02 0.0000e+00 -1.1196e+00
1.4000e+02 1.0000e+01 3.8676e-01
1.4000e+02 2.0000e+01 -2.5853e+00
1.4000e+02 3.0000e+01 -1.4025e+00
1.4000e+02 4.0000e+01 -7.9385e-01
1.4000e+02 5.0000e+01 4.8361e-01
1.4000e+02 6.0000e+01 1.0785e+00
1.4000e+02 7.0000e+01 -3.1802e-01
1.4000e+02 8.0000e+01 -1.1524e+00
1.4000e+02 9.0000e+01 -2.9267e+00
1.4000e+02 1.0000e+02 -2.2023e-01
1.4000e+02 1.1000e+02 -1.4171e-01
1.4000e+02 1.2000e+02 3.0034e+00
1.4000e+02 1.3000e+02 -2.1129e+00
1.4000e+02 1.4000e+02 1.5689e+00
1.4000e+02 1.5000e+02 1.4845e+00
1.4000e+02 1.6000e+02 6.6640e-01
1.4000e+02 1.7000e+02 -1.5597e-01
1.4000e+02 1.8000e+02 -1.9107e-01
1.4000e+02 1.9000e+02 6.9685e-01
1.4000e+02 2.0000e+02 -3.5588e+00
1.5000e+02 -2.0000e+02 -1.7651e-01
1.5000e+02 -1.9000e+02 -1.7157e+00
1.5000e+02 -1.8000e+02 1.3755e+00
1.5000e+02 -1.7000e+02 -8.3835e-01
1.5000e+02 -1.6000e+02 2.8677e+00
1.5000e+02 -1.5000e+02 1.1267e+00
1.5000e+02 -1.4000e+02 -1.4506e-01
1.5000e+02 -1.3000e+02 1.6571e-01
1.5000e+02 -1.2000e+02 9.0229e-01
1.5000e+02 -1.1000e+02 3.8162e-01
1.5000e+02 -1.0000e+02 9.9423e-01
1.5000e+02 -9.0000e+01 -1.1942e+00
1.5000e+02 -8.0000e+01 1.6982e+00
1.5000e+02 -7.0000e+01 1.3758e+00
1.5000e+02 -6.0000e+01 -1.1033e+00
1.5000e+02 -5.0000e+01 -1.6827e+00
1.5000e+02 -4.0000e+01 -7.6649e-01
1.5000e+02 -3.0000e+01 -7.1131e-01
1.5000e+02 -2.0000e+01 -8.3087e-01
1.5000e+02 -1.0000e+01 -1.6418e+00
1.5000e+02 0.0000e+00 -6.0192e-01
1.5000e+02 1.0000e+01 -2.0835e+00
1.5000e+02 2.0000e+01 3.7759e-01
1.5000e+02 3.0000e+01 -1.8774e+00
1.5000e+02 4.0000e+01 -6.4329e-01
1.5000e+02 5.0000e+01 1.8889e-01
1.5000e+02 6.0000e+01 -1.1645e+00
1.5000e+02 7.0000e+01 -9.0165e-01
1.5000e+02 8.0000e+01 -9.0338e-01
1.5000e+02 9.0000e+01 1.7303e+00
1.5000e+02 1.0000e+02 2.2422e+00
1.5000e+02 1.1000e+02 -1.4956e+00
1.5000e+02 1.2000e+02 -3.0271e+00
1.5000e+02 1.3000e+02 2.6882e+00
1.5000e+02 1.4000e+02 -1.6604e-01
1.5000e+02 1.5000e+02 -9.6406e-01
1.5000e+02 1.6000e+02 2.5918e-01
1.5000e+02 1.7000e+02 3.1004e-01
1.5000e+02 1.8000e+02 -1.5297e-01
1.5000e+02 1.9000e+02 2.0881e+00
1.5000e+02 2.0000e+02 -1.1630e+00
1.6000e+02 -2.0000e+02 1.2490e+00
1.6000e+02 -1.9000e+02 6.7632e-01
1.6000e+02 -1.8000e+02 -1.2233e+00
1.6000e+02 -1.7000e+02 3.6908e-01
1.6000e+02 -1.6000e+02 -1.2521e-01
1.6000e+02 -1.5000e+02 3.5688e-01
1.6000e+02 -1.4000e+02 1.5852e-01
1.6000e+02 -1.3000e+02 -2.5497e+00
1.6000e+02 -1.2000e+02 1.8084e-01
1.6000e+02 -1.1000e+02 6.6899e-01
1.6000e+02 -1.0000e+02 -7.2449e-01
1.6000e+02 -9.0000e+01 -2.1475e+00
1.6000e+02 -8.0000e+01 -1.0146e+00
1.6000e+02 -7.0000e+01 1.2947e+00
1.6000e+02 -6.0000e+01 -1.1504e+00
1.6000e+02 -5.0000e+01 9.2888e-01
1.6000e+02 -4.0000e+01 1.6942e+00
1.6000e+02 -3.0000e+01 -5.1320e-01
1.6000e+02 -2.0000e+01 -1.3431e+00
1.6000e+02 -1.0000e+01 1.7609e+00
1.6000e+02 0.0000e+00 3.4488e+00
1.6000e+02 1.0000e+01 -1.4409e+00
1.6000e+02 2.0000e+01 -6.6016e-01
1.6000e+02 3.0000e+01 -4.7276e-01
1.6000e+02 4.0000e+01 1.6209e+00
1.6000e+02 5.0000e+01 8.1771e-02
1.6000e+02 6.0000e+01 1.8485e+00
1.6000e+02 7.0000e+01 -2.1937e+00
1.6000e+02 8.0000e+01 6.6554e-01
1.6000e+02 9.0000e+01 -1.9708e+00
1.6000e+02 1.0000e+02 7.7071e-01
1.6000e+02 1.1000e+02 6.0620e-02
1.6000e+02 1.2000e+02 -1.5067e-01
1.6000e+02 1.3000e+02 5.0792e-01
1.6000e+02 1.4000e+02 -1.2962e+00
1.6000e+02 1.5000e+02 9.0026e-01
1.6000e+02 1.6000e+02 6.7400e-01
1.6000e+02 1.7000e+02 -3.3962e-01
1.6000e+02 1.8000e+02 1.1575e-02
1.6000e+02 1.9000e+02 -1.8041e+00
1.6000e+02 2.0000e+02 -1.1447e+00
1.7000e+02 -2.0000e+02 1.5093e+00
1.7000e+02 -1.9000e+02 -2.6954e+00
1.7000e+02 -1.8000e+02 -3.1225e+00
1.7000e+02 -1.7000e+02 4.6195e-01
1.7000e+02 -1.6000e+02 9.5356e-01
1.7000e+02 -1.5000e+02 -9.8170e-01
1.7000e+02 -1.4000e+02 1.0395e+00
1.7000e+02 -1.3000e+02 -1.1236e+00
1.7000e+02 -1.2000e+02 -3.8712e-01
1.7000e+02 -1.1000e+02 -2.0703e+00
1.7000e+02 -1.0000e+02 -2.0282e-01
1.7000e+02 -9.0000e+01 1.5774e+00
1.7000e+02 -8.0000e+01 -1.2186e+00
1.7000e+02 -7.0000e+01 -3.3166e+00
1.7000e+02 -6.0000e+01 -1.1497e+00
1.7000e+02 -5.0000e+01 -9.3144e-01
1.7000e+02 -4.0000e+01 1.1113e+00
1.7000e+02 -3.0000e+01 -3.0134e+00
1.7000e+02 -2.0000e+01 -1.0349e+00
1.7000e+02 -1.0000e+01 -7.6170e-01
1.7000e+02 0.0000e+00 1.0285e+00
1.7000e+02 1.0000e+01 6.3558e-02
1.7000e+02 2.0000e+01 1.3545e+00
1.7000e+02 3.0000e+01 -5.9564e-01
1.7000e+02 4.0000e+01 -1.6786e+00
1.7000e+02 5.0000e+01 1.4249e+00
1.7000e+02 6.0000e+01 -1.3916e+00
1.7000e+02 7.0000e+01 -9.1696e-01
1.7000e+02 8.0000e+01 1.7115e+00
1.7000e+02 9.0000e+01 -2.2607e+00
1.7000e+02 1.0000e+02 -1.4459e-02
1.7000e+02 1.1000e+02 -7.0839e-01
1.7000e+02 1.2000e+02 -4.3802e-01
1.7000e+02 1.3000e+02 -1.8669e+00
1.7000e+02 1.4000e+02 2.8707e+00
1.7000e+02 1.5000e+02 2.4230e-01
1.7000e+02 1.6000e+02 -7.6873e-01
1.7000e+02 1.7000e+02 -1.4582e+00
1.7000e+02 1.8000e+02 -1.3858e+00
1.7000e+02 1.9000e+02 3.0581e+00
1.7000e+02 2.0000e+02 1.7442e-01
1.8000e+02 -2.0000e+02 -1.1323e+00
1.8000e+02 -1.9000e+02 -5.2255e-01
1.8000e+02 -1.8000e+02 -1.3612e-01
1.8000e+02 -1.7000e+02 -1.2543e+00
1.8000e+02 -1.6000e+02 -3.6620e-01
1.8000e+02 -1.5000e+02 -3.4945e+00
1.8000e+02 -1.4000e+02 1.3268e+00
1.8000e+02 -1.3000e+02 -2.6651e+00
1.8000e+02 -1.2000e+02 2.6768e+00
1.8000e+02 -1.1000e+02 -3.4510e-01
1.8000e+02 -1.0000e+02 1.7573e+00
1.8000e+02 -9.0000e+01 2.3053e+00
1.8000e+02 -8.0000e+01 -1.0314e+00
1.8000e+02 -7.0000e+01 3.0969e+00
1.8000e+02 -6.0000e+01 -2.1024e-01
1.8000e+02 -5.0000e+01 -1.7568e+00
1.8000e+02 -4.0000e+01 -1.6540e+00
1.8000e+02 -3.0000e+01 -2.0569e+00
1.8000e+02 -2.0000e+01 -1.6761e+00
1.8000e+02 -1.0000e+01 4.4398e-01
1.8000e+02 0.0000e+00 -2.6819e-02
1.8000e+02 1.0000e+01 1.3955e+00
1.8000e+02 2.0000e+01 1.1220e+00
1.8000e+02 3.0000e+01 -3.7862e+00
1.8000e+02 4.0000e+01 2.4768e-02
1.8000e+02 5.0000e+01 2.5286e+00
1.8000e+02 6.0000e+01 7.3710e-02
1.8000e+02 7.0000e+01 8.5606e-02
1.8000e+02 8.0000e+01 4.2914e+00
1.8000e+02 9.0000e+01 1.3201e+00
1.8000e+02 1.0000e+02 3.9171e-01
1.8000e+02 1.1000e+02 -2.6298e-02
1.8000e+02 1.2000e+02 9.3029e-01
1.8000e+02 1.3000e+02 -9.5752e-01
1.8000e+02 1.4000e+02 -4.7369e-01
1.8000e+02 1.5000e+02 1.0305e+00
1.8000e+02 1.6000e+02 4.7946e-01
1.8000e+02 1.7000e+02 1.7350e-01
1.8000e+02 1.8000e+02 -3.0875e-01
1.8000e+02 1.9000e+02 1.1775e+00
1.8000e+02 2.0000e+02 3.0185e-01
1.9000e+02 -2.0000e+02 8.0545e-01
1.9000e+02 -1.9000e+02 7.5123e-02
1.9000e+02 -1.8000e+02 -2.4176e+00
1.9000e+02 -1.7000e+02 -1.0731e+00
1.9000e+02 -1.6000e+02 -3.2809e-01
1.9000e+02 -1.5000e+02 -7.1716e-01
1.9000e+02 -1.4000e+02 -1.3581e+00
1.9000e+02 -1.3000e+02 6.3208e-01
1.9000e+02 -1.2000e+02 -8.3858e-01
1.9000e+02 -1.1000e+02 -1.3288e+00
1.9000e+02 -1.0000e+02 -1.6972e+00
1.9000e+02 -9.0000e+01 -2.2228e+00
1.9000e+02 -8.0000e+01 -1.3862e+00
1.9000e+02 -7.0000e+01 1.6067e+00
1.9000e+02 -6.0000e+01 1.5644e+00
1.9000e+02 -5.0000e+01 9.6846e-01
1.9000e+02 -4.0000e+01 -1.2858e+00
1.9000e+02 -3.0000e+01 -2.3631e-01
1.9000e+02 -2.0000e+01 -1.8416e+00
1.9000e+02 -1.0000e+01 2.4731e+00
1.9000e+02 0.0000e+00 -2.8480e+00
1.9000e+02 1.0000e+01 1.4021e-01
1.9000e+02 2.0000e+01 -1.1250e-01
1.9000e+02 3.0000e+01 1.0072e+00
1.9000e+02 4.0000e+01 -5.9747e-01
1.9000e+02 5.0000e+01 5.4658e-01
1.9000e+02 6.0000e+01 7.5348e-01
1.9000e+02 7.0000e+01 -1.7053e+00
1.9000e+02 8.0000e+01 -1.8985e+00
1.9000e+02 9.0000e+01 -1.2177e+00
1.9000e+02 1.0000e+02 -4.1256e+00
1.9000e+02 1.1000e+02 -1.7342e-01
1.9000e+02 1.2000e+02 3.5225e+00
1.9000e+02 1.3000e+02 2.2386e+00
1.9000e+02 1.4000e+02 -2.4609e+00
1.9000e+02 1.5000e+02 -6.5698e-01
1.9000e+02 1.6000e+02 -3.7052e-01
1.9000e+02 1.7000e+02 -2.0244e+00
1.9000e+02 1.8000e+02 2.1785e+00
1.9000e+02 1.9000e+02 -3.5005e-01
1.9000e+02 2.0000e+02 1.6039e+00
2.0000e+02 -2.0000e+02 9.1220e-01
2.0000e+02 -1.9000e+02 -1.6580e-01
2.0000e+02 -1.8000e+02 -1.1729e+00
2.0000e+02 -1.7000e+02 -5.4808e-01
2.0000e+02 -1.6000e+02 -1.6235e+00
2.0000e+02 -1.5000e+02 2.0748e+00
2.0000e+02 -1.4000e+02 1.6110e-01
2.0000e+02 -1.3000e+02 -7.8516e-01
2.0000e+02 -1.2000e+02 1.9360e+00
2.0000e+02 -1.1000e+02 1.2151e+00
2.0000e+02 -1.0000e+02 -8.8330e-01
2.0000e+02 -9.0000e+01 -8.8940e-01
2.0000e+02 -8.0000e+01 5.5051e-01
2.0000e+02 -7.0000e+01 -2.7928e-01
2.0000e+02 -6.0000e+01 -7.8997e-02
2.0000e+02 -5.0000e+01 -1.5299e+00
2.0000e+02 -4.0000e+01 5.0266e-01
2.0000e+02 -3.0000e+01 1.3655e+00
2.0000e+02 -2.0000e+01 2.9214e+00
2.0000e+02 -1.0000e+01 -1.3430e+00
2.0000e+02 0.0000e+00 -5.8774e-02
2.0000e+02 1.0000e+01 -1.6783e+00
2.0000e+02 2.0000e+01 -2.1874e-02
2.0000e+02 3.0000e+01 3.2904e+00
2.0000e+02 4.0000e+01 -8.2282e-01
2.0000e+02 5.0000e+01 3.0118e+00
2.0000e+02 6.0000e+01 -1.9276e+00
2.0000e+02 7.0000e+01 -1.9649e+00
2.0000e+02 8.0000e+01 1.9409e+00
2.0000e+02 9.0000e+01 3.7804e-02
2.0000e+02 1.0000e+02 8.7914e-01
2.0000e+02 1.1000e+02 -1.1949e+00
2.0000e+02 1.2000e+02 7.2415e-02
2.0000e+02 1.3000e+02 5.8237e-01
2.0000e+02 1.4000e+02 -1.0319e+00
2.0000e+02 1.5000e+02 6.6578e-01
2.0000e+02 1.6000e+02 1.9402e+00
2.0000e+02 1.7000e+02 -3.5291e-01
2.0000e+02 1.8000e+02 1.4108e+00
2.0000e+02 1.9000e+02 -2.6912e+00
2.0000e+02 2.0000e+02 -8.2325e-01
