-2.0000e+02 -2.0000e+02 7.7707e-01
-2.0000e+02 -1.9000e+02 2.1224e-01
-2.0000e+02 -1.8000e+02 1.0819e-01
-2.0000e+02 -1.7000e+02 -1.9201e+00
-2.0000e+02 -1.6000e+02 2.1405e+00
-2.0000e+02 -1.5000e+02 -2.2705e+00
-2.0000e+02 -1.4000e+02 -8.9849e-01
-2.0000e+02 -1.3000e+02 1.8394e-01
-2.0000e+02 -1.2000e+02 -3.6272e-02
-2.0000e+02 -1.1000e+02 -1.1678e+00
-2.0000e+02 -1.0000e+02 1.0313e+00
-2.0000e+02 -9.0000e+01 1.3814e+00
-2.0000e+02 -8.0000e+01 -2.8424e+00
-2.0000e+02 -7.0000e+01 2.5933e+00
-2.0000e+02 -6.0000e+01 -1.1622e+00
-2.0000e+02 -5.0000e+01 1.1527e+00
-2.0000e+02 -4.0000e+01 -2.1549e+00
-2.0000e+02 -3.0000e+01 -4.4693e-01
-2.0000e+02 -2.0000e+01 -1.1274e+00
-2.0000e+02 -1.0000e+01 -1.8222e-01
-2.0000e+02 0.0000e+00 2.5679e+00
-2.0000e+02 1.0000e+01 1.4237e+00
-2.0000e+02 2.0000e+01 7.5056e-01
-2.0000e+02 3.0000e+01 -1.7651e+00
-2.0000e+02 4.0000e+01 -1.7205e+00
-2.0000e+02 5.0000e+01 1.9502e+00
-2.0000e+02 6.0000e+01 1.1463e+00
-2.0000e+02 7.0000e+01 -6.8089e-01
-2.0000e+02 8.0000e+01 -1.6819e-01
-2.0000e+02 9.0000e+01 1.3551e+00
-2.0000e+02 1.0000e+02 -8.0365e-01
-2.0000e+02 1.1000e+02 3.0794e-01
-2.0000e+02 1.2000e+02 -1.7284e+00
-2.0000e+02 1.3000e+02 -1.7359e+00
-2.0000e+02 1.4000e+02 1.1614e+00
-2.0000e+02 1.5000e+02 1.1925e+00
-2.0000e+02 1.6000e+02 -1.6787e+00
-2.0000e+02 1.7000e+02 1.8574e-01
-2.0000e+02 1.8000e+02 3.3122e-01
-2.0000e+02 1.9000e+02 1.5145e+00
-2.0000e+02 2.0000e+02 -1.5662e+00
-1.9000e+02 -2.0000e+02 -8.8538e-02
-1.9000e+02 -1.9000e+02 3.1422e-01
-1.9000e+02 -1.8000e+02 9.2640e-01
-1.9000e+02 -1.7000e+02 2.5461e+00
-1.9000e+02 -1.6000e+02 -4.3482e-01
-1.9000e+02 -1.5000e+02 -1.9589e+00
-1.9000e+02 -1.4000e+02 2.0934e+00
-1.9000e+02 -1.3000e+02 7.9013e-01
-1.9000e+02 -1.2000e+02 1.7796e+00
-1.9000e+02 -1.1000e+02 -2.8528e+00
-1.9000e+02 -1.0000e+02 2.4647e+00
-1.9000e+02 -9.0000e+01 1.0733e+00
-1.9000e+02 -8.0000e+01 4.9506e-01
-1.9000e+02 -7.0000e+01 -7.6466e-01
-1.9000e+02 -6.0000e+01 -2.0432e+00
-1.9000e+02 -5.0000e+01 -2.0745e+00
-1.9000e+02 -4.0000e+01 -1.0955e+00
-1.9000e+02 -3.0000e+01 1.6069e+00
-1.9000e+02 -2.0000e+01 -1.6841e+00
-1.9000e+02 -1.0000e+01 -2.0619e+00
-1.9000e+02 0.0000e+00 1.4865e+00
-1.9000e+02 1.0000e+01 1.2111e+00
-1.9000e+02 2.0000e+01 1.2601e+00
-1.9000e+02 3.0000e+01 1.6093e+00
-1.9000e+02 4.0000e+01 -6.4775e-01
-1.9000e+02 5.0000e+01 -8.4933e-01
-1.9000e+02 6.0000e+01 1.4893e+00
-1.9000e+02 7.0000e+01 -8.3434e-01
-1.9000e+02 8.0000e+01 -6.6104e-01
-1.9000e+02 9.0000e+01 1.1665e+00
-1.9000e+02 1.0000e+02 -1.8003e+00
-1.9000e+02 1.1000e+02 2.9576e-01
-1.9000e+02 1.2000e+02 1.9635e+00
-1.9000e+02 1.3000e+02 2.1786e+00
-1.9000e+02 1.4000e+02 2.0498e-01
-1.9000e+02 1.5000e+02 -1.2403e+00
-1.9000e+02 1.6000e+02 -1.0457e+00
-1.9000e+02 1.7000e+02 -6.1084e-01
-1.9000e+02 1.8000e+02 -1.3772e+00
-1.9000e+02 1.9000e+02 3.3874e-01
-1.9000e+02 2.0000e+02 -7.3251e-01
-1.8000e+02 -2.0000e+02 -1.7520e+00
-1.8000e+02 -1.9000e+02 -1.6396e+00
-1.8000e+02 -1.8000e+02 -1.3911e+00
-1.8000e+02 -1.7000e+02 5.0965e-01
-1.8000e+02 -1.6000e+02 -2.2458e+00
-1.8000e+02 -1.5000e+02 4.8570e-01
-1.8000e+02 -1.4000e+02 -2.2982e+00
-1.8000e+02 -1.3000e+02 6.1397e-01
-1.8000e+02 -1.2000e+02 2.6357e+00
-1.8000e+02 -1.1000e+02 9.9120e-01
-1.8000e+02 -1.0000e+02 2.0770e+00
-1.8000e+02 -9.0000e+01 2.8191e+00
-1.8000e+02 -8.0000e+01 6.8065e-01
-1.8000e+02 -7.0000e+01 1.1742e+00
-1.8000e+02 -6.0000e+01 -2.1185e-01
-1.8000e+02 -5.0000e+01 -1.3740e+00
-1.8000e+02 -4.0000e+01 -9.5387e-01
-1.8000e+02 -3.0000e+01 -1.3678e+00
-1.8000e+02 -2.0000e+01 2.5946e-02
-1.8000e+02 -1.0000e+01 -8.8381e-01
-1.8000e+02 0.0000e+00 7.7441e-01
-1.8000e+02 1.0000e+01 1.6082e+00
-1.8000e+02 2.0000e+01 7.6294e-01
-1.8000e+02 3.0000e+01 -1.3606e+00
-1.8000e+02 4.0000e+01 1.6135e+00
-1.8000e+02 5.0000e+01 2.7097e-01
-1.8000e+02 6.0000e+01 6.8017e-01
-1.8000e+02 7.0000e+01 -3.5235e-02
-1.8000e+02 8.0000e+01 -2.5987e+00
-1.8000e+02 9.0000e+01 -8.6871e-01
-1.8000e+02 1.0000e+02 7.4098e-01
-1.8000e+02 1.1000e+02 2.2025e-01
-1.8000e+02 1.2000e+02 -2.0467e+00
-1.8000e+02 1.3000e+02 4.5757e-01
-1.8000e+02 1.4000e+02 2.0675e+00
-1.8000e+02 1.5000e+02 3.7207e+00
-1.8000e+02 1.6000e+02 -3.2790e-01
-1.8000e+02 1.7000e+02 -1.9906e+00
-1.8000e+02 1.8000e+02 -2.5614e+00
-1.8000e+02 1.9000e+02 -1.5609e-01
-1.8000e+02 2.0000e+02 -2.9488e+00
-1.7000e+02 -2.0000e+02 -2.0949e+00
-1.7000e+02 -1.9000e+02 -1.5933e+00
-1.7000e+02 -1.8000e+02 1.7954e+00
-1.7000e+02 -1.7000e+02 -9.0489e-01
-1.7000e+02 -1.6000e+02 -2.3981e+00
-1.7000e+02 -1.5000e+02 -1.6088e-02
-1.7000e+02 -1.4000e+02 -3.6876e-01
-1.7000e+02 -1.3000e+02 1.3957e+00
-1.7000e+02 -1.2000e+02 -2.2554e+00
-1.7000e+02 -1.1000e+02 -2.2435e+00
-1.7000e+02 -1.0000e+02 2.8049e+00
-1.7000e+02 -9.0000e+01 1.2195e+00
-1.7000e+02 -8.0000e+01 6.5211e-01
-1.7000e+02 -7.0000e+01 -1.1887e+00
-1.7000e+02 -6.0000e+01 2.6474e+00
-1.7000e+02 -5.0000e+01 -8.3500e-01
-1.7000e+02 -4.0000e+01 -1.9848e-01
-1.7000e+02 -3.0000e+01 -1.9023e+00
-1.7000e+02 -2.0000e+01 3.6923e-01
-1.7000e+02 -1.0000e+01 -1.4370e-01
-1.7000e+02 0.0000e+00 -1.4234e+00
-1.7000e+02 1.0000e+01 -3.4670e+00
-1.7000e+02 2.0000e+01 -4.4827e+00
-1.7000e+02 3.0000e+01 -1.1006e+00
-1.7000e+02 4.0000e+01 7.7889e-02
-1.7000e+02 5.0000e+01 1.1816e+00
-1.7000e+02 6.0000e+01 -4.6493e-01
-1.7000e+02 7.0000e+01 1.1815e+00
-1.7000e+02 8.0000e+01 -5.4486e-01
-1.7000e+02 9.0000e+01 9.8550e-01
-1.7000e+02 1.0000e+02 9.8467e-01
-1.7000e+02 1.1000e+02 1.7584e+00
-1.7000e+02 1.2000e+02 1.1613e+00
-1.7000e+02 1.3000e+02 -7.5963e-01
-1.7000e+02 1.4000e+02 5.3170e-01
-1.7000e+02 1.5000e+02 -1.1825e+00
-1.7000e+02 1.6000e+02 -4.5458e-01
-1.7000e+02 1.7000e+02 2.4572e-01
-1.7000e+02 1.8000e+02 4.1801e-01
-1.7000e+02 1.9000e+02 -1.5422e+00
-1.7000e+02 2.0000e+02 -3.0601e+00
-1.6000e+02 -2.0000e+02 6.0383e-01
-1.6000e+02 -1.9000e+02 -1.0880e+00
-1.6000e+02 -1.8000e+02 2.9854e-01
-1.6000e+02 -1.7000e+02 3.7232e+00
-1.6000e+02 -1.6000e+02 -9.3293e-01
-1.6000e+02 -1.5000e+02 3.4534e+00
-1.6000e+02 -1.4000e+02 2.5163e+00
-1.6000e+02 -1.3000e+02 8.1916e-01
-1.6000e+02 -1.2000e+02 -2.0403e+00
-1.6000e+02 -1.1000e+02 7.7260e-01
-1.6000e+02 -1.0000e+02 2.9818e+00
-1.6000e+02 -9.0000e+01 1.2848e+00
-1.6000e+02 -8.0000e+01 -1.7013e+00
-1.6000e+02 -7.0000e+01 -7.0672e-01
-1.6000e+02 -6.0000e+01 8.3962e-01
-1.6000e+02 -5.0000e+01 3.8173e-02
-1.6000e+02 -4.0000e+01 5.3290e-01
-1.6000e+02 -3.0000e+01 2.9569e-02
-1.6000e+02 -2.0000e+01 -5.0330e-01
-1.6000e+02 -1.0000e+01 -3.5414e-01
-1.6000e+02 0.0000e+00 -1.3505e+00
-1.6000e+02 1.0000e+01 -2.3682e+00
-1.6000e+02 2.0000e+01 -1.7891e+00
-1.6000e+02 3.0000e+01 -1.8133e-01
-1.6000e+02 4.0000e+01 4.5046e-01
-1.6000e+02 5.0000e+01 1.2348e-01
-1.6000e+02 6.0000e+01 8.7397e-01
-1.6000e+02 7.0000e+01 4.0301e-01
-1.6000e+02 8.0000e+01 -1.6167e+00
-1.6000e+02 9.0000e+01 -1.4475e+00
-1.6000e+02 1.0000e+02 -9.2231e-03
-1.6000e+02 1.1000e+02 9.7973e-02
-1.6000e+02 1.2000e+02 -2.7977e+00
-1.6000e+02 1.3000e+02 3.3140e-01
-1.6000e+02 1.4000e+02 7.8284e-01
-1.6000e+02 1.5000e+02 1.3002e+00
-1.6000e+02 1.6000e+02 -3.8072e-01
-1.6000e+02 1.7000e+02 -6.3819e-01
-1.6000e+02 1.8000e+02 -4.5976e-02
-1.6000e+02 1.9000e+02 -6.2321e-01
-1.6000e+02 2.0000e+02 9.0379e-01
-1.5000e+02 -2.0000e+02 -3.7788e-01
-1.5000e+02 -1.9000e+02 8.3336e-01
-1.5000e+02 -1.8000e+02 3.6158e+00
-1.5000e+02 -1.7000e+02 -3.1657e-01
-1.5000e+02 -1.6000e+02 -5.6910e-01
-1.5000e+02 -1.5000e+02 -9.0091e-01
-1.5000e+02 -1.4000e+02 -1.6252e+00
-1.5000e+02 -1.3000e+02 -1.2995e+00
-1.5000e+02 -1.2000e+02 -1.1561e+00
-1.5000e+02 -1.1000e+02 -1.3966e+00
-1.5000e+02 -1.0000e+02 2.2997e+00
-1.5000e+02 -9.0000e+01 5.8291e-01
-1.5000e+02 -8.0000e+01 -2.0998e+00
-1.5000e+02 -7.0000e+01 7.6672e-01
-1.5000e+02 -6.0000e+01 -4.9586e-01
-1.5000e+02 -5.0000e+01 5.3694e-01
-1.5000e+02 -4.0000e+01 -1.8919e+00
-1.5000e+02 -3.0000e+01 -7.2526e-01
-1.5000e+02 -2.0000e+01 7.1961e-02
-1.5000e+02 -1.0000e+01 2.9886e-01
-1.5000e+02 0.0000e+00 -1.5738e+00
-1.5000e+02 1.0000e+01 -1.7342e+00
-1.5000e+02 2.0000e+01 -2.9637e-01
-1.5000e+02 3.0000e+01 4.7431e-01
-1.5000e+02 4.0000e+01 9.7374e-01
-1.5000e+02 5.0000e+01 -4.8192e-01
-1.5000e+02 6.0000e+01 8.2613e-01
-1.5000e+02 7.0000e+01 -1.5652e+00
-1.5000e+02 8.0000e+01 2.3757e+00
-1.5000e+02 9.0000e+01 9.9960e-02
-1.5000e+02 1.0000e+02 2.2867e+00
-1.5000e+02 1.1000e+02 -1.1340e+00
-1.5000e+02 1.2000e+02 -2.7556e-01
-1.5000e+02 1.3000e+02 -1.8440e+00
-1.5000e+02 1.4000e+02 1.3959e+00
-1.5000e+02 1.5000e+02 -1.8322e+00
-1.5000e+02 1.6000e+02 1.5069e+00
-1.5000e+02 1.7000e+02 -2.3442e+00
-1.5000e+02 1.8000e+02 9.0302e-01
-1.5000e+02 1.9000e+02 4.9886e-01
-1.5000e+02 2.0000e+02 -5.1838e+00
-1.4000e+02 -2.0000e+02 1.4447e+00
-1.4000e+02 -1.9000e+02 3.7512e-01
-1.4000e+02 -1.8000e+02 -1.2233e+00
-1.4000e+02 -1.7000e+02 -3.2232e-01
-1.4000e+02 -1.6000e+02 -1.0214e+00
-1.4000e+02 -1.5000e+02 1.6513e+00
-1.4000e+02 -1.4000e+02 -2.5536e+00
-1.4000e+02 -1.3000e+02 2.7704e+00
-1.4000e+02 -1.2000e+02 -2.1655e+00
-1.4000e+02 -1.1000e+02 3.2392e+00
-1.4000e+02 -1.0000e+02 -3.7634e-02
-1.4000e+02 -9.0000e+01 -1.9966e-01
-1.4000e+02 -8.0000e+01 -8.5554e-01
-1.4000e+02 -7.0000e+01 1.9907e+00
-1.4000e+02 -6.0000e+01 -2.5025e-01
-1.4000e+02 -5.0000e+01 -2.8431e-02
-1.4000e+02 -4.0000e+01 -1.1724e+00
-1.4000e+02 -3.0000e+01 -1.8592e+00
-1.4000e+02 -2.0000e+01 -1.2328e+00
-1.4000e+02 -1.0000e+01 -2.1420e+00
-1.4000e+02 0.0000e+00 -1.9962e+00
-1.4000e+02 1.0000e+01 -1.9785e+00
-1.4000e+02 2.0000e+01 -1.3217e+00
-1.4000e+02 3.0000e+01 3.6478e-01
-1.4000e+02 4.0000e+01 9.3618e-01
-1.4000e+02 5.0000e+01 -5.7372e-01
-1.4000e+02 6.0000e+01 -4.1012e-02
-1.4000e+02 7.0000e+01 -8.7459e-01
-1.4000e+02 8.0000e+01 1.3528e-01
-1.4000e+02 9.0000e+01 3.1724e+00
-1.4000e+02 1.0000e+02 -6.2677e-01
-1.4000e+02 1.1000e+02 -5.1553e-02
-1.4000e+02 1.2000e+02 8.6042e-01
-1.4000e+02 1.3000e+02 3.0847e+00
-1.4000e+02 1.4000e+02 4.6509e-01
-1.4000e+02 1.5000e+02 1.2794e+00
-1.4000e+02 1.6000e+02 5.0012e-01
-1.4000e+02 1.7000e+02 -1.5867e+00
-1.4000e+02 1.8000e+02 8.3205e-01
-1.4000e+02 1.9000e+02 -1.3350e+00
-1.4000e+02 2.0000e+02 1.2813e+00
-1.3000e+02 -2.0000e+02 -2.9945e+00
-1.3000e+02 -1.9000e+02 3.4543e-01
-1.3000e+02 -1.8000e+02 3.1996e-01
-1.3000e+02 -1.7000e+02 -1.6832e+00
-1.3000e+02 -1.6000e+02 9.4051e-01
-1.3000e+02 -1.5000e+02 7.5676e-01
-1.3000e+02 -1.4000e+02 -1.0315e+00
-1.3000e+02 -1.3000e+02 -9.2835e-01
-1.3000e+02 -1.2000e+02 -7.5884e-01
-1.3000e+02 -1.1000e+02 1.5516e+00
-1.3000e+02 -1.0000e+02 -2.5059e+00
-1.3000e+02 -9.0000e+01 3.7289e+00
-1.3000e+02 -8.0000e+01 -4.0674e-01
-1.3000e+02 -7.0000e+01 -2.2099e+00
-1.3000e+02 -6.0000e+01 -1.5167e+00
-1.3000e+02 -5.0000e+01 2.7604e-01
-1.3000e+02 -4.0000e+01 -6.3783e-02
-1.3000e+02 -3.0000e+01 -2.1569e-01
-1.3000e+02 -2.0000e+01 -1.0455e-01
-1.3000e+02 -1.0000e+01 -1.0741e+00
-1.3000e+02 0.0000e+00 -1.8814e+00
-1.3000e+02 1.0000e+01 -1.2477e+00
-1.3000e+02 2.0000e+01 -2.5732e+00
-1.3000e+02 3.0000e+01 -7.9168e-01
-1.3000e+02 4.0000e+01 -3.1731e+00
-1.3000e+02 5.0000e+01 -1.5208e+00
-1.3000e+02 6.0000e+01 6.1402e-01
-1.3000e+02 7.0000e+01 2.7768e-01
-1.3000e+02 8.0000e+01 -5.8683e-02
-1.3000e+02 9.0000e+01 -3.1069e-01
-1.3000e+02 1.0000e+02 -1.1688e+00
-1.3000e+02 1.1000e+02 8.8336e-01
-1.3000e+02 1.2000e+02 -2.1462e+00
-1.3000e+02 1.3000e+02 9.8714e-01
-1.3000e+02 1.4000e+02 1.2914e+00
-1.3000e+02 1.5000e+02 -7.4363e-01
-1.3000e+02 1.6000e+02 1.3484e+00
-1.3000e+02 1.7000e+02 -4.4796e-03
-1.3000e+02 1.8000e+02 5.0539e-01
-1.3000e+02 1.9000e+02 1.2784e+00
-1.3000e+02 2.0000e+02 -5.2005e-01
-1.2000e+02 -2.0000e+02 1.3390e+00
-1.2000e+02 -1.9000e+02 9.1275e-02
-1.2000e+02 -1.8000e+02 -1.7100e+00
-1.2000e+02 -1.7000e+02 1.6328e+00
-1.2000e+02 -1.6000e+02 -7.6424e-01
-1.2000e+02 -1.5000e+02 1.9213e+00
-1.2000e+02 -1.4000e+02 6.3953e-01
-1.2000e+02 -1.3000e+02 -1.3147e+00
-1.2000e+02 -1.2000e+02 3.5212e-01
-1.2000e+02 -1.1000e+02 -2.4263e+00
-1.2000e+02 -1.0000e+02 -2.4018e+00
-1.2000e+02 -9.0000e+01 -5.2222e-01
-1.2000e+02 -8.0000e+01 1.0008e+00
-1.2000e+02 -7.0000e+01 -9.0350e-01
-1.2000e+02 -6.0000e+01 -9.0669e-01
-1.2000e+02 -5.0000e+01 -1.6353e+00
-1.2000e+02 -4.0000e+01 -4.7314e-02
-1.2000e+02 -3.0000e+01 -3.0062e+00
-1.2000e+02 -2.0000e+01 -3.0996e+00
-1.2000e+02 -1.0000e+01 -2.5643e+00
-1.2000e+02 0.0000e+00 -3.7000e+00
-1.2000e+02 1.0000e+01 -2.6996e+00
-1.2000e+02 2.0000e+01 1.3394e+00
-1.2000e+02 3.0000e+01 3.4423e+00
-1.2000e+02 4.0000e+01 -3.0041e+00
-1.2000e+02 5.0000e+01 -1.7223e+00
-1.2000e+02 6.0000e+01 -2.3938e+00
-1.2000e+02 7.0000e+01 -4.0710e-01
-1.2000e+02 8.0000e+01 -1.8731e+00
-1.2000e+02 9.0000e+01 1.2854e-01
-1.2000e+02 1.0000e+02 9.6537e-01
-1.2000e+02 1.1000e+02 -4.3783e-01
-1.2000e+02 1.2000e+02 -3.2388e+00
-1.2000e+02 1.3000e+02 1.7730e+00
-1.2000e+02 1.4000e+02 2.7046e-01
-1.2000e+02 1.5000e+02 -2.5715e+00
-1.2000e+02 1.6000e+02 2.7222e+00
-1.2000e+02 1.7000e+02 -2.6029e+00
-1.2000e+02 1.8000e+02 5.4715e-01
-1.2000e+02 1.9000e+02 -1.9806e+00
-1.2000e+02 2.0000e+02 1.3935e+00
-1.1000e+02 -2.0000e+02 8.0607e-02
-1.1000e+02 -1.9000e+02 -1.7966e+00
-1.1000e+02 -1.8000e+02 1.4159e+00
-1.1000e+02 -1.7000e+02 8.3856e-01
-1.1000e+02 -1.6000e+02 -2.7489e-01
-1.1000e+02 -1.5000e+02 -6.0040e-01
-1.1000e+02 -1.4000e+02 4.3181e-01
-1.1000e+02 -1.3000e+02 4.1976e-01
-1.1000e+02 -1.2000e+02 -3.9044e-01
-1.1000e+02 -1.1000e+02 4.5974e-01
-1.1000e+02 -1.0000e+02 -2.1258e-01
-1.1000e+02 -9.0000e+01 7.5498e-01
-1.1000e+02 -8.0000e+01 -6.7382e-02
-1.1000e+02 -7.0000e+01 -3.3610e+00
-1.1000e+02 -6.0000e+01 -2.1990e+00
-1.1000e+02 -5.0000e+01 -3.5109e+00
-1.1000e+02 -4.0000e+01 -1.0320e-01
-1.1000e+02 -3.0000e+01 -2.4368e+00
-1.1000e+02 -2.0000e+01 -2.8677e+00
-1.1000e+02 -1.0000e+01 -4.9554e+00
-1.1000e+02 0.0000e+00 -3.7285e+00
-1.1000e+02 1.0000e+01 -2.3294e+00
-1.1000e+02 2.0000e+01 -7.2388e-01
-1.1000e+02 3.0000e+01 -3.6569e+00
-1.1000e+02 4.0000e+01 -3.9536e+00
-1.1000e+02 5.0000e+01 -2.4421e+00
-1.1000e+02 6.0000e+01 -2.0708e+00
-1.1000e+02 7.0000e+01 -2.5420e-01
-1.1000e+02 8.0000e+01 -1.4302e+00
-1.1000e+02 9.0000e+01 -2.6058e+00
-1.1000e+02 1.0000e+02 -1.6969e+00
-1.1000e+02 1.1000e+02 1.0112e-01
-1.1000e+02 1.2000e+02 1.7489e+00
-1.1000e+02 1.3000e+02 4.9241e-01
-1.1000e+02 1.4000e+02 8.3569e-01
-1.1000e+02 1.5000e+02 -2.3764e+00
-1.1000e+02 1.6000e+02 -1.1496e+00
-1.1000e+02 1.7000e+02 -1.7958e+00
-1.1000e+02 1.8000e+02 5.8613e-01
-1.1000e+02 1.9000e+02 -9.7970e-01
-1.1000e+02 2.0000e+02 -4.4594e+00
-1.0000e+02 -2.0000e+02 -1.8371e-01
-1.0000e+02 -1.9000e+02 3.9744e-01
-1.0000e+02 -1.8000e+02 5.6112e-01
-1.0000e+02 -1.7000e+02 -1.6278e+00
-1.0000e+02 -1.6000e+02 -3.6918e+00
-1.0000e+02 -1.5000e+02 2.7307e-01
-1.0000e+02 -1.4000e+02 -1.1461e+00
-1.0000e+02 -1.3000e+02 2.2929e-01
-1.0000e+02 -1.2000e+02 -3.5565e+00
-1.0000e+02 -1.1000e+02 -2.1253e+00
-1.0000e+02 -1.0000e+02 7.4947e-02
-1.0000e+02 -9.0000e+01 -1.1234e+00
-1.0000e+02 -8.0000e+01 -2.5718e+00
-1.0000e+02 -7.0000e+01 -6.6969e-01
-1.0000e+02 -6.0000e+01 -3.1668e+00
-1.0000e+02 -5.0000e+01 -1.0898e+00
-1.0000e+02 -4.0000e+01 -1.5138e+00
-1.0000e+02 -3.0000e+01 -1.9125e+00
-1.0000e+02 -2.0000e+01 -3.2638e+00
-1.0000e+02 -1.0000e+01 -2.5583e+00
-1.0000e+02 0.0000e+00 -4.2268e+00
-1.0000e+02 1.0000e+01 -3.4504e+00
-1.0000e+02 2.0000e+01 -3.7294e+00
-1.0000e+02 3.0000e+01 -2.6530e+00
-1.0000e+02 4.0000e+01 -1.0421e+00
-1.0000e+02 5.0000e+01 -8.1350e-01
-1.0000e+02 6.0000e+01 -3.3130e+00
-1.0000e+02 7.0000e+01 -2.9188e+00
-1.0000e+02 8.0000e+01 4.5300e-01
-1.0000e+02 9.0000e+01 -1.1816e+00
-1.0000e+02 1.0000e+02 -7.3075e-01
-1.0000e+02 1.1000e+02 -1.8458e+00
-1.0000e+02 1.2000e+02 2.1024e+00
-1.0000e+02 1.3000e+02 2.5046e+00
-1.0000e+02 1.4000e+02 -6.2897e-01
-1.0000e+02 1.5000e+02 -1.7572e+00
-1.0000e+02 1.6000e+02 1.8129e-01
-1.0000e+02 1.7000e+02 2.2952e+00
-1.0000e+02 1.8000e+02 2.0776e+00
-1.0000e+02 1.9000e+02 2.7167e-01
-1.0000e+02 2.0000e+02 -4.7751e+00
-9.0000e+01 -2.0000e+02 6.3470e-01
-9.0000e+01 -1.9000e+02 2.9762e+00
-9.0000e+01 -1.8000e+02 1.1030e-01
-9.0000e+01 -1.7000e+02 1.2553e+00
-9.0000e+01 -1.6000e+02 -1.7953e+00
-9.0000e+01 -1.5000e+02 2.1739e+00
-9.0000e+01 -1.4000e+02 -6.4440e-01
-9.0000e+01 -1.3000e+02 -3.3593e+00
-9.0000e+01 -1.2000e+02 1.3669e+00
-9.0000e+01 -1.1000e+02 -9.6936e-01
-9.0000e+01 -1.0000e+02 -1.9994e+00
-9.0000e+01 -9.0000e+01 -2.3392e+00
-9.0000e+01 -8.0000e+01 -1.8011e+00
-9.0000e+01 -7.0000e+01 -2.6192e+00
-9.0000e+01 -6.0000e+01 -1.1512e+00
-9.0000e+01 -5.0000e+01 -2.8705e+00
-9.0000e+01 -4.0000e+01 -4.6181e+00
-9.0000e+01 -3.0000e+01 -7.1486e+00
-9.0000e+01 -2.0000e+01 -4.1485e+00
-9.0000e+01 -1.0000e+01 -4.0762e+00
-9.0000e+01 0.0000e+00 -5.8265e+00
-9.0000e+01 1.0000e+01 -4.7799e+00
-9.0000e+01 2.0000e+01 -1.9303e+00
-9.0000e+01 3.0000e+01 -4.0829e+00
-9.0000e+01 4.0000e+01 -4.1776e+00
-9.0000e+01 5.0000e+01 -1.9547e+00
-9.0000e+01 6.0000e+01 -1.7216e+00
-9.0000e+01 7.0000e+01 -1.9466e+00
-9.0000e+01 8.0000e+01 -3.5569e+00
-9.0000e+01 9.0000e+01 -2.9795e-01
-9.0000e+01 1.0000e+02 1.3374e+00
-9.0000e+01 1.1000e+02 -5.7057e-01
-9.0000e+01 1.2000e+02 -2.0575e+00
-9.0000e+01 1.3000e+02 7.0094e-01
-9.0000e+01 1.4000e+02 7.4063e-01
-9.0000e+01 1.5000e+02 -1.8046e-01
-9.0000e+01 1.6000e+02 2.1166e+00
-9.0000e+01 1.7000e+02 1.1763e+00
-9.0000e+01 1.8000e+02 3.9811e+00
-9.0000e+01 1.9000e+02 2.0507e+00
-9.0000e+01 2.0000e+02 -1.6519e+00
-8.0000e+01 -2.0000e+02 -4.9977e-01
-8.0000e+01 -1.9000e+02 -1.9162e+00
-8.0000e+01 -1.8000e+02 -2.1401e-01
-8.0000e+01 -1.7000e+02 -1.9511e+00
-8.0000e+01 -1.6000e+02 6.1710e-01
-8.0000e+01 -1.5000e+02 3.0755e-01
-8.0000e+01 -1.4000e+02 -1.7268e+00
-8.0000e+01 -1.3000e+02 -4.0492e+00
-8.0000e+01 -1.2000e+02 3.4781e-01
-8.0000e+01 -1.1000e+02 -9.3999e-01
-8.0000e+01 -1.0000e+02 -3.3178e-02
-8.0000e+01 -9.0000e+01 -1.1587e+00
-8.0000e+01 -8.0000e+01 -1.5880e+00
-8.0000e+01 -7.0000e+01 -3.3642e+00
-8.0000e+01 -6.0000e+01 -2.6001e+00
-8.0000e+01 -5.0000e+01 -2.9054e+00
-8.0000e+01 -4.0000e+01 -2.6596e+00
-8.0000e+01 -3.0000e+01 -6.2088e+00
-8.0000e+01 -2.0000e+01 -3.5624e+00
-8.0000e+01 -1.0000e+01 -5.5460e+00
-8.0000e+01 0.0000e+00 -5.8329e+00
-8.0000e+01 1.0000e+01 -4.2518e+00
-8.0000e+01 2.0000e+01 -7.5585e+00
-8.0000e+01 3.0000e+01 -5.3247e+00
-8.0000e+01 4.0000e+01 -5.9301e+00
-8.0000e+01 5.0000e+01 -4.4832e+00
-8.0000e+01 6.0000e+01 -2.8062e+00
-8.0000e+01 7.0000e+01 -3.1437e+00
-8.0000e+01 8.0000e+01 -1.8619e+00
-8.0000e+01 9.0000e+01 -3.9331e-01
-8.0000e+01 1.0000e+02 -3.3711e+00
-8.0000e+01 1.1000e+02 -2.8449e-01
-8.0000e+01 1.2000e+02 -2.2306e-02
-8.0000e+01 1.3000e+02 -7.5073e-01
-8.0000e+01 1.4000e+02 -2.5046e+00
-8.0000e+01 1.5000e+02 1.0909e+00
-8.0000e+01 1.6000e+02 -2.5146e-01
-8.0000e+01 1.7000e+02 -2.2379e+00
-8.0000e+01 1.8000e+02 -1.0638e+00
-8.0000e+01 1.9000e+02 -1.3785e+00
-8.0000e+01 2.0000e+02 -4.8119e-01
-7.0000e+01 -2.0000e+02 7.4461e-01
-7.0000e+01 -1.9000e+02 1.8200e-01
-7.0000e+01 -1.8000e+02 1.0123e+00
-7.0000e+01 -1.7000e+02 -1.6836e+00
-7.0000e+01 -1.6000e+02 -2.0521e+00
-7.0000e+01 -1.5000e+02 3.4620e+00
-7.0000e+01 -1.4000e+02 9.3017e-02
-7.0000e+01 -1.3000e+02 -3.5751e-01
-7.0000e+01 -1.2000e+02 -2.1407e+00
-7.0000e+01 -1.1000e+02 4.9866e-01
-7.0000e+01 -1.0000e+02 5.8396e-01
-7.0000e+01 -9.0000e+01 -2.4545e+00
-7.0000e+01 -8.0000e+01 -5.3796e+00
-7.0000e+01 -7.0000e+01 -3.7483e+00
-7.0000e+01 -6.0000e+01 -5.1020e+00
-7.0000e+01 -5.0000e+01 -6.3145e+00
-7.0000e+01 -4.0000e+01 -4.9029e+00
-7.0000e+01 -3.0000e+01 -9.2260e+00
-7.0000e+01 -2.0000e+01 -8.1294e+00
-7.0000e+01 -1.0000e+01 -7.6820e+00
-7.0000e+01 0.0000e+00 -6.5412e+00
-7.0000e+01 1.0000e+01 -8.8565e+00
-7.0000e+01 2.0000e+01 -7.6806e+00
-7.0000e+01 3.0000e+01 -3.7566e+00
-7.0000e+01 4.0000e+01 -4.0779e+00
-7.0000e+01 5.0000e+01 -4.2840e+00
-7.0000e+01 6.0000e+01 -3.5628e+00
-7.0000e+01 7.0000e+01 -4.1701e+00
-7.0000e+01 8.0000e+01 -4.5272e+00
-7.0000e+01 9.0000e+01 -4.5086e+00
-7.0000e+01 1.0000e+02 1.4675e-02
-7.0000e+01 1.1000e+02 7.9481e-01
-7.0000e+01 1.2000e+02 -2.3416e+00
-7.0000e+01 1.3000e+02 4.2326e-01
-7.0000e+01 1.4000e+02 -9.2230e-01
-7.0000e+01 1.5000e+02 -1.7359e+00
-7.0000e+01 1.6000e+02 -7.6753e-02
-7.0000e+01 1.7000e+02 2.6569e+00
-7.0000e+01 1.8000e+02 -7.7652e-01
-7.0000e+01 1.9000e+02 -5.2303e-01
-7.0000e+01 2.0000e+02 2.0229e-02
-6.0000e+01 -2.0000e+02 1.0633e-01
-6.0000e+01 -1.9000e+02 -1.4762e+00
-6.0000e+01 -1.8000e+02 -8.7080e-01
-6.0000e+01 -1.7000e+02 -4.1909e-01
-6.0000e+01 -1.6000e+02 -7.8590e-01
-6.0000e+01 -1.5000e+02 -1.2871e+00
-6.0000e+01 -1.4000e+02 7.7308e-01
-6.0000e+01 -1.3000e+02 -1.8939e+00
-6.0000e+01 -1.2000e+02 1.4503e+00
-6.0000e+01 -1.1000e+02 -2.9547e-01
-6.0000e+01 -1.0000e+02 -7.1148e-01
-6.0000e+01 -9.0000e+01 -1.6122e+00
-6.0000e+01 -8.0000e+01 -3.9250e+00
-6.0000e+01 -7.0000e+01 -5.1643e+00
-6.0000e+01 -6.0000e+01 -5.4159e+00
-6.0000e+01 -5.0000e+01 -8.1519e+00
-6.0000e+01 -4.0000e+01 -7.5614e+00
-6.0000e+01 -3.0000e+01 -1.0791e+01
-6.0000e+01 -2.0000e+01 -7.6448e+00
-6.0000e+01 -1.0000e+01 -8.6651e+00
-6.0000e+01 0.0000e+00 -5.0129e+00
-6.0000e+01 1.0000e+01 -7.9973e+00
-6.0000e+01 2.0000e+01 -6.9343e+00
-6.0000e+01 3.0000e+01 -8.4852e+00
-6.0000e+01 4.0000e+01 -6.9711e+00
-6.0000e+01 5.0000e+01 -6.4875e+00
-6.0000e+01 6.0000e+01 -7.0806e+00
-6.0000e+01 7.0000e+01 -4.3023e+00
-6.0000e+01 8.0000e+01 -4.5386e+00
-6.0000e+01 9.0000e+01 -1.6328e+00
-6.0000e+01 1.0000e+02 -2.7379e+00
-6.0000e+01 1.1000e+02 -5.7850e-01
-6.0000e+01 1.2000e+02 -2.6023e+00
-6.0000e+01 1.3000e+02 -7.3154e-01
-6.0000e+01 1.4000e+02 -6.2039e-02
-6.0000e+01 1.5000e+02 1.5150e+00
-6.0000e+01 1.6000e+02 -2.8312e+00
-6.0000e+01 1.7000e+02 -2.4066e+00
-6.0000e+01 1.8000e+02 8.5259e-01
-6.0000e+01 1.9000e+02 2.1012e-01
-6.0000e+01 2.0000e+02 5.3662e-01
-5.0000e+01 -2.0000e+02 -3.0745e-01
-5.0000e+01 -1.9000e+02 -1.8103e+00
-5.0000e+01 -1.8000e+02 1.0953e+00
-5.0000e+01 -1.7000e+02 -2.6425e-02
-5.0000e+01 -1.6000e+02 1.8283e-01
-5.0000e+01 -1.5000e+02 -9.0983e-01
-5.0000e+01 -1.4000e+02 2.5170e+00
-5.0000e+01 -1.3000e+02 -8.6984e-01
-5.0000e+01 -1.2000e+02 -8.5199e-02
-5.0000e+01 -1.1000e+02 -1.8502e+00
-5.0000e+01 -1.0000e+02 -4.7921e+00
-5.0000e+01 -9.0000e+01 -4.0739e+00
-5.0000e+01 -8.0000e+01 -4.6778e+00
-5.0000e+01 -7.0000e+01 -2.5685e+00
-5.0000e+01 -6.0000e+01 -6.2211e+00
-5.0000e+01 -5.0000e+01 -6.5599e+00
-5.0000e+01 -4.0000e+01 -8.0695e+00
-5.0000e+01 -3.0000e+01 -8.7242e+00
-5.0000e+01 -2.0000e+01 -1.2577e+01
-5.0000e+01 -1.0000e+01 -1.0276e+01
-5.0000e+01 0.0000e+00 -1.1262e+01
-5.0000e+01 1.0000e+01 -9.8253e+00
-5.0000e+01 2.0000e+01 -9.1424e+00
-5.0000e+01 3.0000e+01 -1.0332e+01
-5.0000e+01 4.0000e+01 -8.4201e+00
-5.0000e+01 5.0000e+01 -6.0163e+00
-5.0000e+01 6.0000e+01 -5.6842e+00
-5.0000e+01 7.0000e+01 -3.7837e+00
-5.0000e+01 8.0000e+01 -5.1153e+00
-5.0000e+01 9.0000e+01 -1.2692e+00
-5.0000e+01 1.0000e+02 -4.3087e+00
-5.0000e+01 1.1000e+02 -2.0433e+00
-5.0000e+01 1.2000e+02 -9.1994e-01
-5.0000e+01 1.3000e+02 -2.3283e+00
-5.0000e+01 1.4000e+02 -1.5079e+00
-5.0000e+01 1.5000e+02 -3.4715e+00
-5.0000e+01 1.6000e+02 3.7815e-02
-5.0000e+01 1.7000e+02 -1.1443e+00
-5.0000e+01 1.8000e+02 -9.7581e-01
-5.0000e+01 1.9000e+02 -3.2537e+00
-5.0000e+01 2.0000e+02 1.8163e+00
-4.0000e+01 -2.0000e+02 4.5665e-02
-4.0000e+01 -1.9000e+02 -6.6169e-01
-4.0000e+01 -1.8000e+02 2.5349e-01
-4.0000e+01 -1.7000e+02 -7.9363e-01
-4.0000e+01 -1.6000e+02 1.5150e+00
-4.0000e+01 -1.5000e+02 1.6423e+00
-4.0000e+01 -1.4000e+02 -3.3695e-01
-4.0000e+01 -1.3000e+02 -1.3971e+00
-4.0000e+01 -1.2000e+02 -1.2666e+00
-4.0000e+01 -1.1000e+02 -3.3004e+00
-4.0000e+01 -1.0000e+02 -1.9289e+00
-4.0000e+01 -9.0000e+01 -1.6499e+00
-4.0000e+01 -8.0000e+01 -5.6409e+00
-4.0000e+01 -7.0000e+01 -4.4011e+00
-4.0000e+01 -6.0000e+01 -9.8369e+00
-4.0000e+01 -5.0000e+01 -5.8570e+00
-4.0000e+01 -4.0000e+01 -1.1512e+01
-4.0000e+01 -3.0000e+01 -1.1050e+01
-4.0000e+01 -2.0000e+01 -1.2774e+01
-4.0000e+01 -1.0000e+01 -1.0756e+01
-4.0000e+01 0.0000e+00 -1.0939e+01
-4.0000e+01 1.0000e+01 -1.0437e+01
-4.0000e+01 2.0000e+01 -1.0653e+01
-4.0000e+01 3.0000e+01 -7.6219e+00
-4.0000e+01 4.0000e+01 -9.1072e+00
-4.0000e+01 5.0000e+01 -6.9079e+00
-4.0000e+01 6.0000e+01 -6.5616e+00
-4.0000e+01 7.0000e+01 -7.1783e+00
-4.0000e+01 8.0000e+01 -4.2586e+00
-4.0000e+01 9.0000e+01 -3.8410e+00
-4.0000e+01 1.0000e+02 -3.3057e+00
-4.0000e+01 1.1000e+02 -2.6946e+00
-4.0000e+01 1.2000e+02 -2.0259e+00
-4.0000e+01 1.3000e+02 -1.6121e+00
-4.0000e+01 1.4000e+02 -7.0958e-01
-4.0000e+01 1.5000e+02 -1.1244e+00
-4.0000e+01 1.6000e+02 -1.2713e+00
-4.0000e+01 1.7000e+02 -1.5162e+00
-4.0000e+01 1.8000e+02 -5.8438e-01
-4.0000e+01 1.9000e+02 -8.5002e-01
-4.0000e+01 2.0000e+02 1.9292e+00
-3.0000e+01 -2.0000e+02 8.4649e-01
-3.0000e+01 -1.9000e+02 -5.2261e-01
-3.0000e+01 -1.8000e+02 -6.0081e-01
-3.0000e+01 -1.7000e+02 2.2574e-01
-3.0000e+01 -1.6000e+02 2.5038e-01
-3.0000e+01 -1.5000e+02 -1.7859e-01
-3.0000e+01 -1.4000e+02 1.7589e+00
-3.0000e+01 -1.3000e+02 -1.6633e+00
-3.0000e+01 -1.2000e+02 -2.0555e+00
-3.0000e+01 -1.1000e+02 -1.8929e+00
-3.0000e+01 -1.0000e+02 -3.3396e+00
-3.0000e+01 -9.0000e+01 -2.7883e+00
-3.0000e+01 -8.0000e+01 -4.3865e+00
-3.0000e+01 -7.0000e+01 -4.6801e+00
-3.0000e+01 -6.0000e+01 -6.9756e+00
-3.0000e+01 -5.0000e+01 -7.2216e+00
-3.0000e+01 -4.0000e+01 -1.1211e+01
-3.0000e+01 -3.0000e+01 -1.1431e+01
-3.0000e+01 -2.0000e+01 -1.2132e+01
-3.0000e+01 -1.0000e+01 -1.2915e+01
-3.0000e+01 0.0000e+00 -1.1447e+01
-3.0000e+01 1.0000e+01 -1.3861e+01
-3.0000e+01 2.0000e+01 -1.4936e+01
-3.0000e+01 3.0000e+01 -1.3196e+01
-3.0000e+01 4.0000e+01 -8.7153e+00
-3.0000e+01 5.0000e+01 -7.3619e+00
-3.0000e+01 6.0000e+01 -9.5391e+00
-3.0000e+01 7.0000e+01 -7.0799e+00
-3.0000e+01 8.0000e+01 -1.2949e+00
-3.0000e+01 9.0000e+01 -4.1387e+00
-3.0000e+01 1.0000e+02 -3.7590e+00
-3.0000e+01 1.1000e+02 -3.1683e+00
-3.0000e+01 1.2000e+02 -3.1327e+00
-3.0000e+01 1.3000e+02 -4.7853e-01
-3.0000e+01 1.4000e+02 -3.3615e+00
-3.0000e+01 1.5000e+02 -4.6988e-01
-3.0000e+01 1.6000e+02 -2.2418e+00
-3.0000e+01 1.7000e+02 2.2325e+00
-3.0000e+01 1.8000e+02 -1.7888e+00
-3.0000e+01 1.9000e+02 5.1945e-01
-3.0000e+01 2.0000e+02 1.7930e+00
-2.0000e+01 -2.0000e+02 1.3865e+00
-2.0000e+01 -1.9000e+02 -1.6817e+00
-2.0000e+01 -1.8000e+02 -2.1681e+00
-2.0000e+01 -1.7000e+02 5.0590e-01
-2.0000e+01 -1.6000e+02 4.7697e-01
-2.0000e+01 -1.5000e+02 5.2440e-01
-2.0000e+01 -1.4000e+02 -2.2513e+00
-2.0000e+01 -1.3000e+02 -1.0566e+00
-2.0000e+01 -1.2000e+02 1.8236e+00
-2.0000e+01 -1.1000e+02 -3.8718e+00
-2.0000e+01 -1.0000e+02 -3.0697e+00
-2.0000e+01 -9.0000e+01 -4.5446e+00
-2.0000e+01 -8.0000e+01 -6.3245e+00
-2.0000e+01 -7.0000e+01 -6.2460e+00
-2.0000e+01 -6.0000e+01 -1.1020e+01
-2.0000e+01 -5.0000e+01 -1.0037e+01
-2.0000e+01 -4.0000e+01 -1.3453e+01
-2.0000e+01 -3.0000e+01 -1.1940e+01
-2.0000e+01 -2.0000e+01 -1.6121e+01
-2.0000e+01 -1.0000e+01 -1.0212e+01
-2.0000e+01 0.0000e+00 -1.3762e+01
-2.0000e+01 1.0000e+01 -1.3871e+01
-2.0000e+01 2.0000e+01 -1.2136e+01
-2.0000e+01 3.0000e+01 -1.4589e+01
-2.0000e+01 4.0000e+01 -9.0856e+00
-2.0000e+01 5.0000e+01 -9.1313e+00
-2.0000e+01 6.0000e+01 -8.5984e+00
-2.0000e+01 7.0000e+01 -8.6962e+00
-2.0000e+01 8.0000e+01 -7.7504e+00
-2.0000e+01 9.0000e+01 -3.9532e+00
-2.0000e+01 1.0000e+02 -2.6145e+00
-2.0000e+01 1.1000e+02 -3.2944e+00
-2.0000e+01 1.2000e+02 -1.7073e+00
-2.0000e+01 1.3000e+02 -9.9104e-01
-2.0000e+01 1.4000e+02 -2.9881e-01
-2.0000e+01 1.5000e+02 7.2465e-02
-2.0000e+01 1.6000e+02 -1.0140e+00
-2.0000e+01 1.7000e+02 -2.5998e-01
-2.0000e+01 1.8000e+02 2.1270e-01
-2.0000e+01 1.9000e+02 -1.5421e+00
-2.0000e+01 2.0000e+02 -9.5678e-01
-1.0000e+01 -2.0000e+02 -2.5461e-01
-1.0000e+01 -1.9000e+02 -1.2315e+00
-1.0000e+01 -1.8000e+02 -2.1745e+00
-1.0000e+01 -1.7000e+02 -2.2295e+00
-1.0000e+01 -1.6000e+02 -1.1055e+00
-1.0000e+01 -1.5000e+02 -3.4152e+00
-1.0000e+01 -1.4000e+02 -5.6852e-01
-1.0000e+01 -1.3000e+02 -6.0761e-01
-1.0000e+01 -1.2000e+02 -2.4285e+00
-1.0000e+01 -1.1000e+02 -1.5266e+00
-1.0000e+01 -1.0000e+02 -4.4754e+00
-1.0000e+01 -9.0000e+01 -6.4772e+00
-1.0000e+01 -8.0000e+01 -4.0848e+00
-1.0000e+01 -7.0000e+01 -8.1158e+00
-1.0000e+01 -6.0000e+01 -8.4124e+00
-1.0000e+01 -5.0000e+01 -9.5731e+00
-1.0000e+01 -4.0000e+01 -1.2681e+01
-1.0000e+01 -3.0000e+01 -1.1822e+01
-1.0000e+01 -2.0000e+01 -1.5020e+01
-1.0000e+01 -1.0000e+01 -1.1496e+01
-1.0000e+01 0.0000e+00 -1.2954e+01
-1.0000e+01 1.0000e+01 -1.4958e+01
-1.0000e+01 2.0000e+01 -1.5002e+01
-1.0000e+01 3.0000e+01 -1.2525e+01
-1.0000e+01 4.0000e+01 -1.3827e+01
-1.0000e+01 5.0000e+01 -1.0473e+01
-1.0000e+01 6.0000e+01 -1.0522e+01
-1.0000e+01 7.0000e+01 -8.9655e+00
-1.0000e+01 8.0000e+01 -5.3523e+00
-1.0000e+01 9.0000e+01 -5.1310e+00
-1.0000e+01 1.0000e+02 -2.8329e+00
-1.0000e+01 1.1000e+02 -2.7315e+00
-1.0000e+01 1.2000e+02 -6.1005e-01
-1.0000e+01 1.3000e+02 7.6515e-01
-1.0000e+01 1.4000e+02 -2.0159e+00
-1.0000e+01 1.5000e+02 -1.4077e-01
-1.0000e+01 1.6000e+02 1.0665e-01
-1.0000e+01 1.7000e+02 -1.1811e+00
-1.0000e+01 1.8000e+02 -5.2629e-01
-1.0000e+01 1.9000e+02 -1.2087e+00
-1.0000e+01 2.0000e+02 -2.6375e-01
0.0000e+00 -2.0000e+02 -3.4164e-01
0.0000e+00 -1.9000e+02 -3.2181e+00
0.0000e+00 -1.8000e+02 -9.0267e-02
0.0000e+00 -1.7000e+02 -4.2858e-01
0.0000e+00 -1.6000e+02 3.6762e-01
0.0000e+00 -1.5000e+02 -9.4978e-01
0.0000e+00 -1.4000e+02 -1.6476e+00
0.0000e+00 -1.3000e+02 -6.9378e-01
0.0000e+00 -1.2000e+02 -6.2106e-01
0.0000e+00 -1.1000e+02 -2.9788e+00
0.0000e+00 -1.0000e+02 -2.9438e+00
0.0000e+00 -9.0000e+01 -4.5120e+00
0.0000e+00 -8.0000e+01 -6.3893e+00
0.0000e+00 -7.0000e+01 -6.0406e+00
0.0000e+00 -6.0000e+01 -7.7989e+00
0.0000e+00 -5.0000e+01 -9.3988e+00
0.0000e+00 -4.0000e+01 -9.8907e+00
0.0000e+00 -3.0000e+01 -1.3739e+01
0.0000e+00 -2.0000e+01 -1.3199e+01
0.0000e+00 -1.0000e+01 -1.4839e+01
0.0000e+00 0.0000e+00 -1.7502e+01
0.0000e+00 1.0000e+01 -1.3686e+01
0.0000e+00 2.0000e+01 -1.2065e+01
0.0000e+00 3.0000e+01 -1.3669e+01
0.0000e+00 4.0000e+01 -9.0090e+00
0.0000e+00 5.0000e+01 -8.0646e+00
0.0000e+00 6.0000e+01 -7.0459e+00
0.0000e+00 7.0000e+01 -7.1867e+00
0.0000e+00 8.0000e+01 -5.8193e+00
0.0000e+00 9.0000e+01 -4.7061e+00
0.0000e+00 1.0000e+02 -4.0956e+00
0.0000e+00 1.1000e+02 -1.8892e+00
0.0000e+00 1.2000e+02 -2.6272e+00
0.0000e+00 1.3000e+02 -5.2550e+00
0.0000e+00 1.4000e+02 -2.0648e+00
0.0000e+00 1.5000e+02 1.0300e+00
0.0000e+00 1.6000e+02 -1.1104e+00
0.0000e+00 1.7000e+02 4.7008e-02
0.0000e+00 1.8000e+02 1.6320e+00
0.0000e+00 1.9000e+02 2.4460e+00
0.0000e+00 2.0000e+02 -1.1382e+00
1.0000e+01 -2.0000e+02 -1.2562e+00
1.0000e+01 -1.9000e+02 1.2086e-01
1.0000e+01 -1.8000e+02 -1.3441e+00
1.0000e+01 -1.7000e+02 -1.5661e+00
1.0000e+01 -1.6000e+02 -2.2665e+00
1.0000e+01 -1.5000e+02 7.6107e-02
1.0000e+01 -1.4000e+02 -1.2889e+00
1.0000e+01 -1.3000e+02 1.3244e+00
1.0000e+01 -1.2000e+02 -2.3920e+00
1.0000e+01 -1.1000e+02 -2.9229e+00
1.0000e+01 -1.0000e+02 -2.9356e+00
1.0000e+01 -9.0000e+01 -3.8583e+00
1.0000e+01 -8.0000e+01 -6.9045e+00
1.0000e+01 -7.0000e+01 -6.0122e+00
1.0000e+01 -6.0000e+01 -7.4351e+00
1.0000e+01 -5.0000e+01 -1.0179e+01
1.0000e+01 -4.0000e+01 -1.2982e+01
1.0000e+01 -3.0000e+01 -1.2247e+01
1.0000e+01 -2.0000e+01 -1.3799e+01
1.0000e+01 -1.0000e+01 -1.3760e+01
1.0000e+01 0.0000e+00 -1.5286e+01
1.0000e+01 1.0000e+01 -1.5182e+01
1.0000e+01 2.0000e+01 -1.3617e+01
1.0000e+01 3.0000e+01 -1.2742e+01
1.0000e+01 4.0000e+01 -1.0781e+01
1.0000e+01 5.0000e+01 -9.2764e+00
1.0000e+01 6.0000e+01 -7.3069e+00
1.0000e+01 7.0000e+01 -8.5400e+00
1.0000e+01 8.0000e+01 -3.8003e+00
1.0000e+01 9.0000e+01 -4.9671e+00
1.0000e+01 1.0000e+02 -1.4370e+00
1.0000e+01 1.1000e+02 -4.9000e+00
1.0000e+01 1.2000e+02 -2.2647e+00
1.0000e+01 1.3000e+02 -4.2664e+00
1.0000e+01 1.4000e+02 1.2874e+00
1.0000e+01 1.5000e+02 -3.6693e+00
1.0000e+01 1.6000e+02 -3.7189e-01
1.0000e+01 1.7000e+02 -1.3071e+00
1.0000e+01 1.8000e+02 6.4006e-01
1.0000e+01 1.9000e+02 -1.6047e-01
1.0000e+01 2.0000e+02 -3.3561e-02
2.0000e+01 -2.0000e+02 -4.3893e-02
2.0000e+01 -1.9000e+02 2.5994e+00
2.0000e+01 -1.8000e+02 1.7855e+00
2.0000e+01 -1.7000e+02 -5.8768e-01
2.0000e+01 -1.6000e+02 1.6794e-01
2.0000e+01 -1.5000e+02 -1.3048e+00
2.0000e+01 -1.4000e+02 2.1563e+00
2.0000e+01 -1.3000e+02 -2.8330e+00
2.0000e+01 -1.2000e+02 -2.6733e+00
2.0000e+01 -1.1000e+02 1.3788e-01
2.0000e+01 -1.0000e+02 -3.6355e+00
2.0000e+01 -9.0000e+01 -2.4639e+00
2.0000e+01 -8.0000e+01 -3.4734e+00
2.0000e+01 -7.0000e+01 -5.7230e+00
2.0000e+01 -6.0000e+01 -5.8973e+00
2.0000e+01 -5.0000e+01 -1.0993e+01
2.0000e+01 -4.0000e+01 -1.1179e+01
2.0000e+01 -3.0000e+01 -1.2130e+01
2.0000e+01 -2.0000e+01 -1.3292e+01
2.0000e+01 -1.0000e+01 -1.5203e+01
2.0000e+01 0.0000e+00 -1.3730e+01
2.0000e+01 1.0000e+01 -1.5545e+01
2.0000e+01 2.0000e+01 -1.3739e+01
2.0000e+01 3.0000e+01 -1.1302e+01
2.0000e+01 4.0000e+01 -1.1223e+01
2.0000e+01 5.0000e+01 -9.9067e+00
2.0000e+01 6.0000e+01 -1.0484e+01
2.0000e+01 7.0000e+01 -5.6938e+00
2.0000e+01 8.0000e+01 -3.2998e+00
2.0000e+01 9.0000e+01 -3.5124e+00
2.0000e+01 1.0000e+02 -4.4511e+00
2.0000e+01 1.1000e+02 -1.2258e+00
2.0000e+01 1.2000e+02 -2.4576e+00
2.0000e+01 1.3000e+02 -2.5603e+00
2.0000e+01 1.4000e+02 -1.2686e+00
2.0000e+01 1.5000e+02 -3.2104e+00
2.0000e+01 1.6000e+02 -2.8665e+00
2.0000e+01 1.7000e+02 -9.3062e-01
2.0000e+01 1.8000e+02 -3.9379e-01
2.0000e+01 1.9000e+02 -7.8889e-01
2.0000e+01 2.0000e+02 8.3964e-01
3.0000e+01 -2.0000e+02 -4.0164e+00
3.0000e+01 -1.9000e+02 -8.7638e-01
3.0000e+01 -1.8000e+02 -4.5688e-01
3.0000e+01 -1.7000e+02 -1.5375e+00
3.0000e+01 -1.6000e+02 -3.7511e-01
3.0000e+01 -1.5000e+02 1.4464e-01
3.0000e+01 -1.4000e+02 1.3291e+00
3.0000e+01 -1.3000e+02 2.4385e-02
3.0000e+01 -1.2000e+02 -1.4267e+00
3.0000e+01 -1.1000e+02 -2.3116e+00
3.0000e+01 -1.0000e+02 -1.8297e+00
3.0000e+01 -9.0000e+01 -4.3968e+00
3.0000e+01 -8.0000e+01 -5.9560e+00
3.0000e+01 -7.0000e+01 -7.6216e+00
3.0000e+01 -6.0000e+01 -7.5042e+00
3.0000e+01 -5.0000e+01 -7.7974e+00
3.0000e+01 -4.0000e+01 -1.1289e+01
3.0000e+01 -3.0000e+01 -1.0103e+01
3.0000e+01 -2.0000e+01 -1.1929e+01
3.0000e+01 -1.0000e+01 -1.3736e+01
3.0000e+01 0.0000e+00 -1.2350e+01
3.0000e+01 1.0000e+01 -1.2435e+01
3.0000e+01 2.0000e+01 -1.1784e+01
3.0000e+01 3.0000e+01 -1.5170e+01
3.0000e+01 4.0000e+01 -9.2590e+00
3.0000e+01 5.0000e+01 -1.0171e+01
3.0000e+01 6.0000e+01 -7.1521e+00
3.0000e+01 7.0000e+01 -8.3303e+00
3.0000e+01 8.0000e+01 -4.5342e+00
3.0000e+01 9.0000e+01 -4.0864e+00
3.0000e+01 1.0000e+02 7.5115e-01
3.0000e+01 1.1000e+02 -1.5584e+00
3.0000e+01 1.2000e+02 -2.9537e+00
3.0000e+01 1.3000e+02 1.6001e+00
3.0000e+01 1.4000e+02 1.9765e+00
3.0000e+01 1.5000e+02 2.1394e-01
3.0000e+01 1.6000e+02 -5.1978e-01
3.0000e+01 1.7000e+02 2.2567e+00
3.0000e+01 1.8000e+02 -1.1906e+00
3.0000e+01 1.9000e+02 1.9431e+00
3.0000e+01 2.0000e+02 -2.3855e+00
4.0000e+01 -2.0000e+02 2.3524e+00
4.0000e+01 -1.9000e+02 -6.4696e-01
4.0000e+01 -1.8000e+02 8.7295e-01
4.0000e+01 -1.7000e+02 1.2281e+00
4.0000e+01 -1.6000e+02 -1.1262e+00
4.0000e+01 -1.5000e+02 6.5136e-02
4.0000e+01 -1.4000e+02 -8.0119e-01
4.0000e+01 -1.3000e+02 -7.4586e-02
4.0000e+01 -1.2000e+02 -1.3200e+00
4.0000e+01 -1.1000e+02 -3.9076e+00
4.0000e+01 -1.0000e+02 -6.4818e+00
4.0000e+01 -9.0000e+01 -2.6054e+00
4.0000e+01 -8.0000e+01 -5.7471e+00
4.0000e+01 -7.0000e+01 -3.9486e+00
4.0000e+01 -6.0000e+01 -8.0482e+00
4.0000e+01 -5.0000e+01 -8.7529e+00
4.0000e+01 -4.0000e+01 -8.3034e+00
4.0000e+01 -3.0000e+01 -1.2943e+01
4.0000e+01 -2.0000e+01 -1.3351e+01
4.0000e+01 -1.0000e+01 -1.1167e+01
4.0000e+01 0.0000e+00 -1.2048e+01
4.0000e+01 1.0000e+01 -1.4657e+01
4.0000e+01 2.0000e+01 -1.1800e+01
4.0000e+01 3.0000e+01 -1.0223e+01
4.0000e+01 4.0000e+01 -8.3918e+00
4.0000e+01 5.0000e+01 -6.7462e+00
4.0000e+01 6.0000e+01 -5.9709e+00
4.0000e+01 7.0000e+01 -3.4379e+00
4.0000e+01 8.0000e+01 -4.6695e+00
4.0000e+01 9.0000e+01 -1.4106e+00
4.0000e+01 1.0000e+02 -2.1356e+00
4.0000e+01 1.1000e+02 -5.4738e-01
4.0000e+01 1.2000e+02 -7.5876e-01
4.0000e+01 1.3000e+02 2.9126e-01
4.0000e+01 1.4000e+02 8.5418e-02
4.0000e+01 1.5000e+02 -2.1471e+00
4.0000e+01 1.6000e+02 -2.5790e+00
4.0000e+01 1.7000e+02 -1.1104e+00
4.0000e+01 1.8000e+02 -1.1873e-01
4.0000e+01 1.9000e+02 2.2085e+00
4.0000e+01 2.0000e+02 2.4856e+00
5.0000e+01 -2.0000e+02 -1.5100e+00
5.0000e+01 -1.9000e+02 -9.8851e-01
5.0000e+01 -1.8000e+02 3.4597e-01
5.0000e+01 -1.7000e+02 1.6976e+00
5.0000e+01 -1.6000e+02 -2.4957e-02
5.0000e+01 -1.5000e+02 -4.1547e-01
5.0000e+01 -1.4000e+02 -2.3146e+00
5.0000e+01 -1.3000e+02 7.0243e-01
5.0000e+01 -1.2000e+02 8.7223e-01
5.0000e+01 -1.1000e+02 -1.7571e+00
5.0000e+01 -1.0000e+02 -5.0984e+00
5.0000e+01 -9.0000e+01 -2.7657e+00
5.0000e+01 -8.0000e+01 -2.2974e+00
5.0000e+01 -7.0000e+01 -2.6021e+00
5.0000e+01 -6.0000e+01 -7.4633e+00
5.0000e+01 -5.0000e+01 -8.8457e+00
5.0000e+01 -4.0000e+01 -8.9592e+00
5.0000e+01 -3.0000e+01 -7.6580e+00
5.0000e+01 -2.0000e+01 -7.8130e+00
5.0000e+01 -1.0000e+01 -1.1497e+01
5.0000e+01 0.0000e+00 -9.8001e+00
5.0000e+01 1.0000e+01 -8.6421e+00
5.0000e+01 2.0000e+01 -1.1589e+01
5.0000e+01 3.0000e+01 -1.0110e+01
5.0000e+01 4.0000e+01 -6.7803e+00
5.0000e+01 5.0000e+01 -7.5069e+00
5.0000e+01 6.0000e+01 -5.4636e+00
5.0000e+01 7.0000e+01 -2.9953e+00
5.0000e+01 8.0000e+01 -4.7263e+00
5.0000e+01 9.0000e+01 -2.2612e+00
5.0000e+01 1.0000e+02 -3.8166e+00
5.0000e+01 1.1000e+02 -2.9806e-01
5.0000e+01 1.2000e+02 -1.0080e+00
5.0000e+01 1.3000e+02 3.4785e-01
5.0000e+01 1.4000e+02 -1.0868e+00
5.0000e+01 1.5000e+02 -3.1811e+00
5.0000e+01 1.6000e+02 -7.1720e-01
5.0000e+01 1.7000e+02 1.6226e+00
5.0000e+01 1.8000e+02 -2.2548e+00
5.0000e+01 1.9000e+02 4.2137e-01
5.0000e+01 2.0000e+02 -9.0041e-01
6.0000e+01 -2.0000e+02 3.1320e+00
6.0000e+01 -1.9000e+02 -2.0213e+00
6.0000e+01 -1.8000e+02 -1.7691e+00
6.0000e+01 -1.7000e+02 -1.2032e+00
6.0000e+01 -1.6000e+02 -1.2279e+00
6.0000e+01 -1.5000e+02 2.7540e-01
6.0000e+01 -1.4000e+02 -5.2696e-01
6.0000e+01 -1.3000e+02 -5.4456e-01
6.0000e+01 -1.2000e+02 -1.9058e+00
6.0000e+01 -1.1000e+02 -7.7925e-01
6.0000e+01 -1.0000e+02 -1.5689e+00
6.0000e+01 -9.0000e+01 -2.5084e+00
6.0000e+01 -8.0000e+01 -4.6932e+00
6.0000e+01 -7.0000e+01 -3.5343e+00
6.0000e+01 -6.0000e+01 -1.7375e+00
6.0000e+01 -5.0000e+01 -3.7190e+00
6.0000e+01 -4.0000e+01 -9.2429e+00
6.0000e+01 -3.0000e+01 -8.4352e+00
6.0000e+01 -2.0000e+01 -7.8307e+00
6.0000e+01 -1.0000e+01 -8.9347e+00
6.0000e+01 0.0000e+00 -7.5346e+00
6.0000e+01 1.0000e+01 -6.6740e+00
6.0000e+01 2.0000e+01 -6.1499e+00
6.0000e+01 3.0000e+01 -7.3309e+00
6.0000e+01 4.0000e+01 -5.8100e+00
6.0000e+01 5.0000e+01 -7.9378e+00
6.0000e+01 6.0000e+01 -6.1752e+00
6.0000e+01 7.0000e+01 -3.2452e+00
6.0000e+01 8.0000e+01 -4.3003e+00
6.0000e+01 9.0000e+01 -2.2264e+00
6.0000e+01 1.0000e+02 -3.8471e+00
6.0000e+01 1.1000e+02 -1.5261e+00
6.0000e+01 1.2000e+02 -3.5528e-01
6.0000e+01 1.3000e+02 3.8955e-01
6.0000e+01 1.4000e+02 -2.8813e+00
6.0000e+01 1.5000e+02 1.0342e-01
6.0000e+01 1.6000e+02 5.0562e-01
6.0000e+01 1.7000e+02 1.6314e+00
6.0000e+01 1.8000e+02 -3.3126e-01
6.0000e+01 1.9000e+02 1.0373e+00
6.0000e+01 2.0000e+02 -1.4252e+00
7.0000e+01 -2.0000e+02 1.9797e-01
7.0000e+01 -1.9000e+02 1.5272e+00
7.0000e+01 -1.8000e+02 2.9799e+00
7.0000e+01 -1.7000e+02 1.0335e+00
7.0000e+01 -1.6000e+02 -1.7781e+00
7.0000e+01 -1.5000e+02 2.3211e+00
7.0000e+01 -1.4000e+02 -2.1556e+00
7.0000e+01 -1.3000e+02 1.2956e+00
7.0000e+01 -1.2000e+02 -1.3122e+00
7.0000e+01 -1.1000e+02 -2.3171e+00
7.0000e+01 -1.0000e+02 -5.0448e-01
7.0000e+01 -9.0000e+01 -1.6126e+00
7.0000e+01 -8.0000e+01 -2.0390e+00
7.0000e+01 -7.0000e+01 -3.1376e+00
7.0000e+01 -6.0000e+01 -2.7117e+00
7.0000e+01 -5.0000e+01 -7.3496e+00
7.0000e+01 -4.0000e+01 -3.8907e+00
7.0000e+01 -3.0000e+01 -7.7835e+00
7.0000e+01 -2.0000e+01 -8.3737e+00
7.0000e+01 -1.0000e+01 -7.2104e+00
7.0000e+01 0.0000e+00 -7.4484e+00
7.0000e+01 1.0000e+01 -8.2821e+00
7.0000e+01 2.0000e+01 -4.8708e+00
7.0000e+01 3.0000e+01 -6.4688e+00
7.0000e+01 4.0000e+01 -6.4007e+00
7.0000e+01 5.0000e+01 -7.4811e+00
7.0000e+01 6.0000e+01 -2.8291e+00
7.0000e+01 7.0000e+01 -4.3372e+00
7.0000e+01 8.0000e+01 -2.2612e+00
7.0000e+01 9.0000e+01 -2.1476e+00
7.0000e+01 1.0000e+02 -6.3775e-01
7.0000e+01 1.1000e+02 -1.8889e+00
7.0000e+01 1.2000e+02 -4.2699e-01
7.0000e+01 1.3000e+02 3.1204e-01
7.0000e+01 1.4000e+02 1.8349e+00
7.0000e+01 1.5000e+02 -6.2586e-01
7.0000e+01 1.6000e+02 -3.1663e-01
7.0000e+01 1.7000e+02 2.7826e-01
7.0000e+01 1.8000e+02 -1.0098e+00
7.0000e+01 1.9000e+02 1.0525e+00
7.0000e+01 2.0000e+02 1.0844e+00
8.0000e+01 -2.0000e+02 -7.6103e-01
8.0000e+01 -1.9000e+02 -4.7097e-01
8.0000e+01 -1.8000e+02 -3.6422e-01
8.0000e+01 -1.7000e+02 1.5770e+00
8.0000e+01 -1.6000e+02 -4.6959e-01
8.0000e+01 -1.5000e+02 2.3252e-01
8.0000e+01 -1.4000e+02 -3.6824e-01
8.0000e+01 -1.3000e+02 5.1780e-02
8.0000e+01 -1.2000e+02 -1.2473e+00
8.0000e+01 -1.1000e+02 -9.2029e-01
8.0000e+01 -1.0000e+02 5.3784e-01
8.0000e+01 -9.0000e+01 -2.1586e+00
8.0000e+01 -8.0000e+01 -6.4678e-01
8.0000e+01 -7.0000e+01 -8.2207e-01
8.0000e+01 -6.0000e+01 -4.2891e+00
8.0000e+01 -5.0000e+01 -6.3378e+00
8.0000e+01 -4.0000e+01 -4.2820e+00
8.0000e+01 -3.0000e+01 -4.8153e+00
8.0000e+01 -2.0000e+01 -4.4459e+00
8.0000e+01 -1.0000e+01 -4.4457e+00
8.0000e+01 0.0000e+00 -6.8062e+00
8.0000e+01 1.0000e+01 -7.1356e+00
8.0000e+01 2.0000e+01 -6.0511e+00
8.0000e+01 3.0000e+01 -5.3747e+00
8.0000e+01 4.0000e+01 -5.8249e+00
8.0000e+01 5.0000e+01 -2.1633e+00
8.0000e+01 6.0000e+01 -2.9095e+00
8.0000e+01 7.0000e+01 -4.2081e+00
8.0000e+01 8.0000e+01 -4.5603e-02
8.0000e+01 9.0000e+01 -1.7193e+00
8.0000e+01 1.0000e+02 -6.5871e-01
8.0000e+01 1.1000e+02 4.9738e-01
8.0000e+01 1.2000e+02 9.3553e-01
8.0000e+01 1.3000e+02 -2.7344e-01
8.0000e+01 1.4000e+02 -1.9431e+00
8.0000e+01 1.5000e+02 4.7492e+00
8.0000e+01 1.6000e+02 -8.5615e-01
8.0000e+01 1.7000e+02 1.4280e+00
8.0000e+01 1.8000e+02 -2.1744e-01
8.0000e+01 1.9000e+02 -4.4452e-01
8.0000e+01 2.0000e+02 1.0793e-01
9.0000e+01 -2.0000e+02 -1.6591e+00
9.0000e+01 -1.9000e+02 7.3237e-01
9.0000e+01 -1.8000e+02 -1.7752e-02
9.0000e+01 -1.7000e+02 3.9351e-01
9.0000e+01 -1.6000e+02 -5.6570e-01
9.0000e+01 -1.5000e+02 2.8197e-01
9.0000e+01 -1.4000e+02 -5.0651e-01
9.0000e+01 -1.3000e+02 -9.6529e-01
9.0000e+01 -1.2000e+02 -2.1419e+00
9.0000e+01 -1.1000e+02 1.2191e+00
9.0000e+01 -1.0000e+02 2.0364e+00
9.0000e+01 -9.0000e+01 6.4193e-01
9.0000e+01 -8.0000e+01 -1.9167e-01
9.0000e+01 -7.0000e+01 -1.3082e+00
9.0000e+01 -6.0000e+01 -2.7625e+00
9.0000e+01 -5.0000e+01 -2.9535e+00
9.0000e+01 -4.0000e+01 -1.8360e+00
9.0000e+01 -3.0000e+01 -6.8290e+00
9.0000e+01 -2.0000e+01 -2.7530e+00
9.0000e+01 -1.0000e+01 -4.9999e+00
9.0000e+01 0.0000e+00 -4.6473e+00
9.0000e+01 1.0000e+01 -3.4579e+00
9.0000e+01 2.0000e+01 -6.0790e+00
9.0000e+01 3.0000e+01 -3.1930e+00
9.0000e+01 4.0000e+01 -4.2201e+00
9.0000e+01 5.0000e+01 -3.2618e+00
9.0000e+01 6.0000e+01 -9.3794e-01
9.0000e+01 7.0000e+01 -3.7822e+00
9.0000e+01 8.0000e+01 -1.2049e+00
9.0000e+01 9.0000e+01 -2.2430e+00
9.0000e+01 1.0000e+02 1.8188e+00
9.0000e+01 1.1000e+02 6.4071e-02
9.0000e+01 1.2000e+02 8.0474e-01
9.0000e+01 1.3000e+02 6.1377e-01
9.0000e+01 1.4000e+02 1.3015e+00
9.0000e+01 1.5000e+02 -1.1822e+00
9.0000e+01 1.6000e+02 5.9484e-01
9.0000e+01 1.7000e+02 -5.7855e-01
9.0000e+01 1.8000e+02 -2.8665e-01
9.0000e+01 1.9000e+02 -1.0753e-01
9.0000e+01 2.0000e+02 -1.5267e+00
1.0000e+02 -2.0000e+02 -1.6863e-01
1.0000e+02 -1.9000e+02 -1.2125e+00
1.0000e+02 -1.8000e+02 1.9934e-02
1.0000e+02 -1.7000e+02 3.2937e+00
1.0000e+02 -1.6000e+02 -6.1528e-02
1.0000e+02 -1.5000e+02 2.5658e-01
1.0000e+02 -1.4000e+02 8.2984e-01
1.0000e+02 -1.3000e+02 4.0754e-01
1.0000e+02 -1.2000e+02 8.3145e-02
1.0000e+02 -1.1000e+02 -6.7908e-01
1.0000e+02 -1.0000e+02 -1.6011e+00
1.0000e+02 -9.0000e+01 -1.5871e+00
1.0000e+02 -8.0000e+01 -2.9990e-01
1.0000e+02 -7.0000e+01 -1.7707e+00
1.0000e+02 -6.0000e+01 -3.5957e+00
1.0000e+02 -5.0000e+01 -1.4593e+00
1.0000e+02 -4.0000e+01 4.4579e-01
1.0000e+02 -3.0000e+01 -1.0088e+00
1.0000e+02 -2.0000e+01 -1.9210e+00
1.0000e+02 -1.0000e+01 -2.1500e+00
1.0000e+02 0.0000e+00 -3.3109e+00
1.0000e+02 1.0000e+01 -4.3749e+00
1.0000e+02 2.0000e+01 -3.7245e+00
1.0000e+02 3.0000e+01 -6.9331e+00
1.0000e+02 4.0000e+01 -4.2598e+00
1.0000e+02 5.0000e+01 -2.3020e+00
1.0000e+02 6.0000e+01 -1.0632e+00
1.0000e+02 7.0000e+01 7.1931e-01
1.0000e+02 8.0000e+01 -9.0747e-01
1.0000e+02 9.0000e+01 -3.3134e+00
1.0000e+02 1.0000e+02 -2.1021e+00
1.0000e+02 1.1000e+02 -1.1851e+00
1.0000e+02 1.2000e+02 -6.8344e-01
1.0000e+02 1.3000e+02 7.6643e-01
1.0000e+02 1.4000e+02 1.6178e+00
1.0000e+02 1.5000e+02 3.2407e-01
1.0000e+02 1.6000e+02 -3.3573e+00
1.0000e+02 1.7000e+02 -1.0795e+00
1.0000e+02 1.8000e+02 -1.8106e+00
1.0000e+02 1.9000e+02 -4.9635e-01
1.0000e+02 2.0000e+02 2.5566e+00
1.1000e+02 -2.0000e+02 2.6176e+00
1.1000e+02 -1.9000e+02 -1.4517e-01
1.1000e+02 -1.8000e+02 -9.5102e-01
1.1000e+02 -1.7000e+02 -1.2016e+00
1.1000e+02 -1.6000e+02 -1.3473e+00
1.1000e+02 -1.5000e+02 7.5724e-01
1.1000e+02 -1.4000e+02 -1.7811e+00
1.1000e+02 -1.3000e+02 8.9771e-01
1.1000e+02 -1.2000e+02 -6.5269e-01
1.1000e+02 -1.1000e+02 -3.5380e-01
1.1000e+02 -1.0000e+02 3.8722e-02
1.1000e+02 -9.0000e+01 -3.5542e-01
1.1000e+02 -8.0000e+01 3.1021e-02
1.1000e+02 -7.0000e+01 -6.1780e-01
1.1000e+02 -6.0000e+01 8.1771e-04
1.1000e+02 -5.0000e+01 -3.7371e+00
1.1000e+02 -4.0000e+01 -1.9247e+00
1.1000e+02 -3.0000e+01 -3.3381e+00
1.1000e+02 -2.0000e+01 -1.5750e+00
1.1000e+02 -1.0000e+01 -2.7019e+00
1.1000e+02 0.0000e+00 -1.9836e+00
1.1000e+02 1.0000e+01 -3.1069e+00
1.1000e+02 2.0000e+01 -1.1835e+00
1.1000e+02 3.0000e+01 1.4240e+00
1.1000e+02 4.0000e+01 -9.7725e-01
1.1000e+02 5.0000e+01 -3.8333e-01
1.1000e+02 6.0000e+01 -2.6964e+00
1.1000e+02 7.0000e+01 3.0501e-02
1.1000e+02 8.0000e+01 2.3262e+00
1.1000e+02 9.0000e+01 4.4569e-01
1.1000e+02 1.0000e+02 -6.7833e-01
1.1000e+02 1.1000e+02 -9.3097e-01
1.1000e+02 1.2000e+02 -1.7845e-01
1.1000e+02 1.3000e+02 -6.1203e-01
1.1000e+02 1.4000e+02 -1.5784e+00
1.1000e+02 1.5000e+02 2.4828e+00
1.1000e+02 1.6000e+02 -9.9950e-01
1.1000e+02 1.7000e+02 5.0422e-01
1.1000e+02 1.8000e+02 -5.2406e-01
1.1000e+02 1.9000e+02 1.1278e+00
1.1000e+02 2.0000e+02 -2.1784e+00
1.2000e+02 -2.0000e+02 3.4982e-01
1.2000e+02 -1.9000e+02 3.3837e+00
1.2000e+02 -1.8000e+02 -8.2223e-01
1.2000e+02 -1.7000e+02 7.4542e-01
1.2000e+02 -1.6000e+02 8.4677e-02
1.2000e+02 -1.5000e+02 -6.0221e-01
1.2000e+02 -1.4000e+02 1.1119e+00
1.2000e+02 -1.3000e+02 -9.0766e-01
1.2000e+02 -1.2000e+02 7.0647e-01
1.2000e+02 -1.1000e+02 -1.4497e+00
1.2000e+02 -1.0000e+02 1.1679e-01
1.2000e+02 -9.0000e+01 -9.0213e-01
1.2000e+02 -8.0000e+01 2.3209e+00
1.2000e+02 -7.0000e+01 -2.6665e+00
1.2000e+02 -6.0000e+01 7.7093e-01
1.2000e+02 -5.0000e+01 -2.6415e+00
1.2000e+02 -4.0000e+01 9.4623e-01
1.2000e+02 -3.0000e+01 -1.2916e+00
1.2000e+02 -2.0000e+01 -1.8599e+00
1.2000e+02 -1.0000e+01 4.0128e-01
1.2000e+02 0.0000e+00 -3.0837e+00
1.2000e+02 1.0000e+01 -1.0583e+00
1.2000e+02 2.0000e+01 -9.5949e-01
1.2000e+02 3.0000e+01 -2.8462e+00
1.2000e+02 4.0000e+01 -1.0377e+00
1.2000e+02 5.0000e+01 -3.8068e-01
1.2000e+02 6.0000e+01 6.1837e-01
1.2000e+02 7.0000e+01 -8.3431e-02
1.2000e+02 8.0000e+01 6.5489e-01
1.2000e+02 9.0000e+01 1.6473e+00
1.2000e+02 1.0000e+02 8.5586e-01
1.2000e+02 1.1000e+02 1.6922e+00
1.2000e+02 1.2000e+02 8.3398e-01
1.2000e+02 1.3000e+02 -6.0545e-01
1.2000e+02 1.4000e+02 2.0437e+00
1.2000e+02 1.5000e+02 4.3247e-01
1.2000e+02 1.6000e+02 -1.3230e+00
1.2000e+02 1.7000e+02 1.6346e-01
1.2000e+02 1.8000e+02 -2.8746e+00
1.2000e+02 1.9000e+02 -2.0668e+00
1.2000e+02 2.0000e+02 -1.1704e+00
1.3000e+02 -2.0000e+02 -2.6408e-02
1.3000e+02 -1.9000e+02 -3.6251e-01
1.3000e+02 -1.8000e+02 2.1858e+00
1.3000e+02 -1.7000e+02 1.4673e+00
1.3000e+02 -1.6000e+02 -2.5707e+00
1.3000e+02 -1.5000e+02 1.6587e+00
1.3000e+02 -1.4000e+02 1.4034e+00
1.3000e+02 -1.3000e+02 2.1442e+00
1.3000e+02 -1.2000e+02 -2.5468e+00
1.3000e+02 -1.1000e+02 -7.4325e-01
1.3000e+02 -1.0000e+02 3.8477e-01
1.3000e+02 -9.0000e+01 7.3334e-01
1.3000e+02 -8.0000e+01 4.5349e-01
1.3000e+02 -7.0000e+01 8.0824e-01
1.3000e+02 -6.0000e+01 -3.1292e+00
1.3000e+02 -5.0000e+01 -8.5174e-01
1.3000e+02 -4.0000e+01 -1.8982e+00
1.3000e+02 -3.0000e+01 -3.3596e-01
1.3000e+02 -2.0000e+01 -3.1865e+00
1.3000e+02 -1.0000e+01 -4.1967e-02
1.3000e+02 0.0000e+00 -2.9165e+00
1.3000e+02 1.0000e+01 -8.9771e-01
1.3000e+02 2.0000e+01 -1.8472e+00
1.3000e+02 3.0000e+01 -3.4619e-01
1.3000e+02 4.0000e+01 -1.1987e+00
1.3000e+02 5.0000e+01 -3.6595e+00
1.3000e+02 6.0000e+01 6.3490e-01
1.3000e+02 7.0000e+01 2.2656e-02
1.3000e+02 8.0000e+01 2.0349e+00
1.3000e+02 9.0000e+01 -3.5004e-02
1.3000e+02 1.0000e+02 -4.9013e-02
1.3000e+02 1.1000e+02 1.7913e+00
1.3000e+02 1.2000e+02 3.3343e+00
1.3000e+02 1.3000e+02 -1.1166e-01
1.3000e+02 1.4000e+02 2.6331e+00
1.3000e+02 1.5000e+02 -3.0832e-01
1.3000e+02 1.6000e+02 -1.9262e-01
1.3000e+02 1.7000e+02 -7.6842e-01
1.3000e+02 1.8000e+02 1.8163e-03
1.3000e+02 1.9000e+02 1.1845e-01
1.3000e+02 2.0000e+02 -3.0461e-01
1.4000e+02 -2.0000e+02 -5.7279e-01
1.4000e+02 -1.9000e+02 1.7474e+00
1.4000e+02 -1.8000e+02 8.1742e-01
1.4000e+02 -1.7000e+02 -7.2260e-01
1.4000e+02 -1.6000e+02 1.7515e+00
1.4000e+02 -1.5000e+02 1.1816e+00
1.4000e+02 -1.4000e+02 -9.8621e-01
1.4000e+02 -1.3000e+02 -1.3741e+00
1.4000e+02 -1.2000e+02 -3.7284e-01
1.4000e+02 -1.1000e+02 1.8964e-01
1.4000e+02 -1.0000e+02 -8.6758e-01
1.4000e+02 -9.0000e+01 -2.5525e+00
1.4000e+02 -8.0000e+01 -3.0817e-02
1.4000e+02 -7.0000e+01 3.9217e-01
1.4000e+02 -6.0000e+01 1.8623e+00
1.4000e+02 -5.0000e+01 -2.1065e+00
1.4000e+02 -4.0000e+01 -1.8852e-01
1.4000e+02 -3.0000e+01 5.5718e-01
1.4000e+02 -2.0000e+01 -2.7707e-01
1.4000e+02 -1.0000e+01 -9.0323e-01
1.4000e+02 0.0000e+00 -6.7822e-02
1.4000e+02 1.0000e+01 -4.5331e+00
1.4000e+02 2.0000e+01 -6.1000e-01
1.4000e+02 3.0000e+01 -2.3852e+00
1.4000e+02 4.0000e+01 2.5050e+00
1.4000e+02 5.0000e+01 -4.4093e-01
1.4000e+02 6.0000e+01 -1.2871e+00
1.4000e+02 7.0000e+01 9.9326e-02
1.4000e+02 8.0000e+01 5.7167e-01
1.4000e+02 9.0000e+01 1.9978e+00
1.4000e+02 1.0000e+02 -7.2356e-01
1.4000e+02 1.1000e+02 -8.2794e-01
1.4000e+02 1.2000e+02 2.4979e+00
1.4000e+02 1.3000e+02 9.6545e-02
1.4000e+02 1.4000e+02 5.9556e-01
1.4000e+02 1.5000e+02 -1.6766e+00
1.4000e+02 1.6000e+02 -2.7318e-01
1.4000e+02 1.7000e+02 6.4293e-01
1.4000e+02 1.8000e+02 2.4696e-01
1.4000e+02 1.9000e+02 -1.8272e+00
1.4000e+02 2.0000e+02 1.6715e+00
1.5000e+02 -2.0000e+02 7.7062e-01
1.5000e+02 -1.9000e+02 -3.6586e+00
1.5000e+02 -1.8000e+02 -1.8559e+00
1.5000e+02 -1.7000e+02 -2.9635e-01
1.5000e+02 -1.6000e+02 -1.6324e+00
1.5000e+02 -1.5000e+02 2.6958e+00
1.5000e+02 -1.4000e+02 -2.5950e-02
1.5000e+02 -1.3000e+02 1.0834e+00
1.5000e+02 -1.2000e+02 9.0351e-01
1.5000e+02 -1.1000e+02 -9.8354e-01
1.5000e+02 -1.0000e+02 8.3054e-02
1.5000e+02 -9.0000e+01 -7.7236e-01
1.5000e+02 -8.0000e+01 -1.5874e+00
1.5000e+02 -7.0000e+01 -7.5783e-01
1.5000e+02 -6.0000e+01 -2.6467e+00
1.5000e+02 -5.0000e+01 -1.8244e+00
1.5000e+02 -4.0000e+01 -1.2470e+00
1.5000e+02 -3.0000e+01 -1.1468e+00
1.5000e+02 -2.0000e+01 -9.9081e-01
1.5000e+02 -1.0000e+01 -6.5996e-01
1.5000e+02 0.0000e+00 5.1012e-01
1.5000e+02 1.0000e+01 -2.1974e+00
1.5000e+02 2.0000e+01 -1.2983e+00
1.5000e+02 3.0000e+01 -3.1357e+00
1.5000e+02 4.0000e+01 1.7296e+00
1.5000e+02 5.0000e+01 -1.0543e+00
1.5000e+02 6.0000e+01 1.3219e+00
1.5000e+02 7.0000e+01 -1.2377e+00
1.5000e+02 8.0000e+01 -1.4900e-01
1.5000e+02 9.0000e+01 5.6724e-01
1.5000e+02 1.0000e+02 1.5721e+00
1.5000e+02 1.1000e+02 1.1468e+00
1.5000e+02 1.2000e+02 -1.8702e+00
1.5000e+02 1.3000e+02 3.5814e-01
1.5000e+02 1.4000e+02 -1.5243e+00
1.5000e+02 1.5000e+02 2.9158e+00
1.5000e+02 1.6000e+02 7.7985e-01
1.5000e+02 1.7000e+02 3.7235e-01
1.5000e+02 1.8000e+02 -5.2509e+00
1.5000e+02 1.9000e+02 2.3528e+00
1.5000e+02 2.0000e+02 -1.1873e+00
1.6000e+02 -2.0000e+02 -7.0262e-01
1.6000e+02 -1.9000e+02 -1.1364e+00
1.6000e+02 -1.8000e+02 -1.6452e+00
1.6000e+02 -1.7000e+02 1.4258e-01
1.6000e+02 -1.6000e+02 -1.2315e+00
1.6000e+02 -1.5000e+02 -1.5330e+00
1.6000e+02 -1.4000e+02 2.4456e+00
1.6000e+02 -1.3000e+02 -2.3470e-01
1.6000e+02 -1.2000e+02 -2.0945e+00
1.6000e+02 -1.1000e+02 9.8153e-02
1.6000e+02 -1.0000e+02 -1.2821e+00
1.6000e+02 -9.0000e+01 5.1772e-01
1.6000e+02 -8.0000e+01 -1.1331e+00
1.6000e+02 -7.0000e+01 -9.6209e-01
1.6000e+02 -6.0000e+01 -7.7912e-01
1.6000e+02 -5.0000e+01 -1.5538e+00
1.6000e+02 -4.0000e+01 -1.4848e+00
1.6000e+02 -3.0000e+01 -4.2045e-02
1.6000e+02 -2.0000e+01 -9.2512e-01
1.6000e+02 -1.0000e+01 -1.1837e-01
1.6000e+02 0.0000e+00 -2.0930e+00
1.6000e+02 1.0000e+01 4.0525e-01
1.6000e+02 2.0000e+01 2.8487e+00
1.6000e+02 3.0000e+01 -1.0555e+00
1.6000e+02 4.0000e+01 -1.3927e+00
1.6000e+02 5.0000e+01 -1.5776e+00
1.6000e+02 6.0000e+01 -5.4339e-01
1.6000e+02 7.0000e+01 1.7562e+00
1.6000e+02 8.0000e+01 -1.1982e+00
1.6000e+02 9.0000e+01 1.4964e+00
1.6000e+02 1.0000e+02 -1.7926e+00
1.6000e+02 1.1000e+02 7.3804e-01
1.6000e+02 1.2000e+02 4.1726e-01
1.6000e+02 1.3000e+02 3.8998e-02
1.6000e+02 1.4000e+02 5.7766e-01
1.6000e+02 1.5000e+02 9.1775e-01
1.6000e+02 1.6000e+02 3.1456e-02
1.6000e+02 1.7000e+02 1.2697e+00
1.6000e+02 1.8000e+02 -2.5990e+00
1.6000e+02 1.9000e+02 2.8880e-01
1.6000e+02 2.0000e+02 -1.2509e+00
1.7000e+02 -2.0000e+02 -9.1090e-02
1.7000e+02 -1.9000e+02 -1.0529e+00
1.7000e+02 -1.8000e+02 1.9676e+00
1.7000e+02 -1.7000e+02 3.4678e-01
1.7000e+02 -1.6000e+02 1.1718e-01
1.7000e+02 -1.5000e+02 -2.5425e-01
1.7000e+02 -1.4000e+02 -2.5577e-01
1.7000e+02 -1.3000e+02 6.3424e-01
1.7000e+02 -1.2000e+02 3.1845e+00
1.7000e+02 -1.1000e+02 1.2441e+00
1.7000e+02 -1.0000e+02 4.2534e-02
1.7000e+02 -9.0000e+01 -3.6285e-01
1.7000e+02 -8.0000e+01 -1.1944e+00
1.7000e+02 -7.0000e+01 6.5049e-01
1.7000e+02 -6.0000e+01 5.9238e-01
1.7000e+02 -5.0000e+01 2.3982e+00
1.7000e+02 -4.0000e+01 -2.3413e+00
1.7000e+02 -3.0000e+01 -8.3779e-01
1.7000e+02 -2.0000e+01 -6.8465e-03
1.7000e+02 -1.0000e+01 9.5977e-01
1.7000e+02 0.0000e+00 1.9492e-01
1.7000e+02 1.0000e+01 2.1692e-01
1.7000e+02 2.0000e+01 1.5414e+00
1.7000e+02 3.0000e+01 1.6013e+00
1.7000e+02 4.0000e+01 2.8562e+00
1.7000e+02 5.0000e+01 2.1603e+00
1.7000e+02 6.0000e+01 -1.1131e+00
1.7000e+02 7.0000e+01 9.7756e-01
1.7000e+02 8.0000e+01 1.1637e+00
1.7000e+02 9.0000e+01 1.4421e+00
1.7000e+02 1.0000e+02 9.8009e-01
1.7000e+02 1.1000e+02 2.3752e+00
1.7000e+02 1.2000e+02 1.1111e+00
1.7000e+02 1.3000e+02 3.6005e+00
1.7000e+02 1.4000e+02 -6.0165e-01
1.7000e+02 1.5000e+02 -2.9194e+00
1.7000e+02 1.6000e+02 2.9313e-01
1.7000e+02 1.7000e+02 -2.6456e-02
1.7000e+02 1.8000e+02 3.8790e+00
1.7000e+02 1.9000e+02 2.6271e+00
1.7000e+02 2.0000e+02 7.2119e-02
1.8000e+02 -2.0000e+02 9.8094e-01
1.8000e+02 -1.9000e+02 -1.4690e+00
1.8000e+02 -1.8000e+02 -2.3190e+00
1.8000e+02 -1.7000e+02 -2.7478e-01
1.8000e+02 -1.6000e+02 -2.0001e+00
1.8000e+02 -1.5000e+02 -1.9801e+00
1.8000e+02 -1.4000e+02 9.7905e-01
1.8000e+02 -1.3000e+02 -1.7535e+00
1.8000e+02 -1.2000e+02 1.2454e+00
1.8000e+02 -1.1000e+02 2.7716e+00
1.8000e+02 -1.0000e+02 -3.5590e-03
1.8000e+02 -9.0000e+01 -7.0496e-01
1.8000e+02 -8.0000e+01 8.0719e-01
1.8000e+02 -7.0000e+01 1.5915e-01
1.8000e+02 -6.0000e+01 9.9483e-01
1.8000e+02 -5.0000e+01 -9.2393e-01
1.8000e+02 -4.0000e+01 2.0602e+00
1.8000e+02 -3.0000e+01 -8.7149e-02
1.8000e+02 -2.0000e+01 -5.8401e-01
1.8000e+02 -1.0000e+01 1.1534e+00
1.8000e+02 0.0000e+00 -2.0675e+00
1.8000e+02 1.0000e+01 -1.5466e+00
1.8000e+02 2.0000e+01 4.8304e-01
1.8000e+02 3.0000e+01 2.3071e+00
1.8000e+02 4.0000e+01 -2.2660e+00
1.8000e+02 5.0000e+01 1.3474e+00
1.8000e+02 6.0000e+01 6.3721e-01
1.8000e+02 7.0000e+01 -5.8285e-01
1.8000e+02 8.0000e+01 5.6179e-01
1.8000e+02 9.0000e+01 3.7390e-01
1.8000e+02 1.0000e+02 -4.1068e-01
1.8000e+02 1.1000e+02 -1.5748e+00
1.8000e+02 1.2000e+02 1.3670e+00
1.8000e+02 1.3000e+02 -2.1043e-01
1.8000e+02 1.4000e+02 9.2156e-01
1.8000e+02 1.5000e+02 1.2192e+00
1.8000e+02 1.6000e+02 -2.3772e+00
1.8000e+02 1.7000e+02 2.4402e-01
1.8000e+02 1.8000e+02 1.1159e+00
1.8000e+02 1.9000e+02 -4.1372e-01
1.8000e+02 2.0000e+02 -1.3691e+00
1.9000e+02 -2.0000e+02 1.1207e-01
1.9000e+02 -1.9000e+02 -1.3793e+00
1.9000e+02 -1.8000e+02 1.6425e-01
1.9000e+02 -1.7000e+02 4.4116e-01
1.9000e+02 -1.6000e+02 -9.0423e-01
1.9000e+02 -1.5000e+02 -4.8509e-01
1.9000e+02 -1.4000e+02 9.1085e-01
1.9000e+02 -1.3000e+02 8.6320e-01
1.9000e+02 -1.2000e+02 -6.6707e-01
1.9000e+02 -1.1000e+02 1.4087e+00
1.9000e+02 -1.0000e+02 2.0623e+00
1.9000e+02 -9.0000e+01 8.8168e-01
1.9000e+02 -8.0000e+01 -2.0669e+00
1.9000e+02 -7.0000e+01 -1.8908e-01
1.9000e+02 -6.0000e+01 -2.9331e+00
1.9000e+02 -5.0000e+01 -4.0787e-01
1.9000e+02 -4.0000e+01 1.1508e+00
1.9000e+02 -3.0000e+01 -3.1506e-01
1.9000e+02 -2.0000e+01 -3.4277e-01
1.9000e+02 -1.0000e+01 1.5359e+00
1.9000e+02 0.0000e+00 1.2789e+00
1.9000e+02 1.0000e+01 3.4326e-01
1.9000e+02 2.0000e+01 2.6115e+00
1.9000e+02 3.0000e+01 3.5620e+00
1.9000e+02 4.0000e+01 1.3241e+00
1.9000e+02 5.0000e+01 -3.6346e-01
1.9000e+02 6.0000e+01 6.7500e-01
1.9000e+02 7.0000e+01 3.0281e-01
1.9000e+02 8.0000e+01 1.1731e+00
1.9000e+02 9.0000e+01 5.8732e-01
1.9000e+02 1.0000e+02 9.1714e-01
1.9000e+02 1.1000e+02 2.2471e+00
1.9000e+02 1.2000e+02 1.6760e+00
1.9000e+02 1.3000e+02 -1.5683e+00
1.9000e+02 1.4000e+02 -1.3215e+00
1.9000e+02 1.5000e+02 3.2755e-01
1.9000e+02 1.6000e+02 -3.2272e-01
1.9000e+02 1.7000e+02 -2.6650e-01
1.9000e+02 1.8000e+02 -2.4722e+00
1.9000e+02 1.9000e+02 2.0594e-01
1.9000e+02 2.0000e+02 5.8859e-01
2.0000e+02 -2.0000e+02 1.4404e+00
2.0000e+02 -1.9000e+02 3.4978e+00
2.0000e+02 -1.8000e+02 1.3838e+00
2.0000e+02 -1.7000e+02 1.4419e-01
2.0000e+02 -1.6000e+02 -3.3157e+00
2.0000e+02 -1.5000e+02 -1.4313e+00
2.0000e+02 -1.4000e+02 -1.1330e+00
2.0000e+02 -1.3000e+02 -1.4300e+00
2.0000e+02 -1.2000e+02 -6.3360e-01
2.0000e+02 -1.1000e+02 5.9340e-01
2.0000e+02 -1.0000e+02 -5.5607e-01
2.0000e+02 -9.0000e+01 1.4598e+00
2.0000e+02 -8.0000e+01 -1.8773e+00
2.0000e+02 -7.0000e+01 -2.4075e+00
2.0000e+02 -6.0000e+01 3.2693e-01
2.0000e+02 -5.0000e+01 -2.4305e+00
2.0000e+02 -4.0000e+01 -1.5170e+00
2.0000e+02 -3.0000e+01 4.8896e-01
2.0000e+02 -2.0000e+01 -1.1813e+00
2.0000e+02 -1.0000e+01 -7.1811e-01
2.0000e+02 0.0000e+00 -1.7523e+00
2.0000e+02 1.0000e+01 2.0850e+00
2.0000e+02 2.0000e+01 6.7565e-01
2.0000e+02 3.0000e+01 -1.0137e+00
2.0000e+02 4.0000e+01 -6.6195e-01
2.0000e+02 5.0000e+01 7.8606e-01
2.0000e+02 6.0000e+01 9.1530e-01
2.0000e+02 7.0000e+01 2.0567e+00
2.0000e+02 8.0000e+01 1.1047e+00
2.0000e+02 9.0000e+01 -3.3727e-01
2.0000e+02 1.0000e+02 -8.4762e-01
2.0000e+02 1.1000e+02 1.2723e+00
2.0000e+02 1.2000e+02 -4.9599e-01
2.0000e+02 1.3000e+02 1.5058e+00
2.0000e+02 1.4000e+02 7.3418e-02
2.0000e+02 1.5000e+02 -3.4495e-01
2.0000e+02 1.6000e+02 -2.2897e-01
2.0000e+02 1.7000e+02 -2.1223e+00
2.0000e+02 1.8000e+02 2.0299e-02
2.0000e+02 1.9000e+02 1.6255e+00
2.0000e+02 2.0000e+02 1.6403e+00
