-2.0000e+02 -2.0000e+02 3.6700e-01
-2.0000e+02 -1.9000e+02 -5.9180e-01
-2.0000e+02 -1.8000e+02 1.2365e+00
-2.0000e+02 -1.7000e+02 6.9850e-01
-2.0000e+02 -1.6000e+02 1.3889e+00
-2.0000e+02 -1.5000e+02 1.0809e+00
-2.0000e+02 -1.4000e+02 -6.3556e-01
-2.0000e+02 -1.3000e+02 -9.2820e-01
-2.0000e+02 -1.2000e+02 1.0719e+00
-2.0000e+02 -1.1000e+02 1.5781e+00
-2.0000e+02 -1.0000e+02 2.8455e+00
-2.0000e+02 -9.0000e+01 -3.5033e+00
-2.0000e+02 -8.0000e+01 -6.2621e-01
-2.0000e+02 -7.0000e+01 3.0348e+00
-2.0000e+02 -6.0000e+01 1.0027e+00
-2.0000e+02 -5.0000e+01 -2.7636e-01
-2.0000e+02 -4.0000e+01 2.0766e+00
-2.0000e+02 -3.0000e+01 1.9057e+00
-2.0000e+02 -2.0000e+01 1.7061e+00
-2.0000e+02 -1.0000e+01 -1.2543e+00
-2.0000e+02 0.0000e+00 9.6924e-01
-2.0000e+02 1.0000e+01 -1.9486e+00
-2.0000e+02 2.0000e+01 2.2167e-01
-2.0000e+02 3.0000e+01 -1.2271e-01
-2.0000e+02 4.0000e+01 1.8134e-01
-2.0000e+02 5.0000e+01 -3.1362e+00
-2.0000e+02 6.0000e+01 -1.6614e+00
-2.0000e+02 7.0000e+01 7.8757e-01
-2.0000e+02 8.0000e+01 -4.9116e-01
-2.0000e+02 9.0000e+01 8.5682e-01
-2.0000e+02 1.0000e+02 2.5744e+00
-2.0000e+02 1.1000e+02 7.5413e-01
-2.0000e+02 1.2000e+02 1.3725e+00
-2.0000e+02 1.3000e+02 -1.6701e+00
-2.0000e+02 1.4000e+02 1.4377e-01
-2.0000e+02 1.5000e+02 -3.2541e+00
-2.0000e+02 1.6000e+02 1.8809e-01
-2.0000e+02 1.7000e+02 5.6375e-01
-2.0000e+02 1.8000e+02 -1.1210e+00
-2.0000e+02 1.9000e+02 1.8485e+00
-2.0000e+02 2.0000e+02 -2.3047e-01
-1.9000e+02 -2.0000e+02 3.7594e+00
-1.9000e+02 -1.9000e+02 4.8380e-01
-1.9000e+02 -1.8000e+02 1.3735e+00
-1.9000e+02 -1.7000e+02 3.9638e-01
-1.9000e+02 -1.6000e+02 1.7776e+00
-1.9000e+02 -1.5000e+02 -3.5432e+00
-1.9000e+02 -1.4000e+02 7.7944e-01
-1.9000e+02 -1.3000e+02 -4.3590e-01
-1.9000e+02 -1.2000e+02 5.4098e-01
-1.9000e+02 -1.1000e+02 -2.0647e-01
-1.9000e+02 -1.0000e+02 2.4590e-01
-1.9000e+02 -9.0000e+01 2.1721e+00
-1.9000e+02 -8.0000e+01 2.0558e+00
-1.9000e+02 -7.0000e+01 -3.2439e-01
-1.9000e+02 -6.0000e+01 -1.6275e+00
-1.9000e+02 -5.0000e+01 6.1108e-02
-1.9000e+02 -4.0000e+01 2.3573e+00
-1.9000e+02 -3.0000e+01 1.8675e+00
-1.9000e+02 -2.0000e+01 -4.8690e-01
-1.9000e+02 -1.0000e+01 -7.6582e-01
-1.9000e+02 0.0000e+00 -6.4579e-02
-1.9000e+02 1.0000e+01 2.0339e-01
-1.9000e+02 2.0000e+01 -1.5724e-01
-1.9000e+02 3.0000e+01 -2.4287e-01
-1.9000e+02 4.0000e+01 -1.0971e+00
-1.9000e+02 5.0000e+01 1.9374e+00
-1.9000e+02 6.0000e+01 -1.2562e+00
-1.9000e+02 7.0000e+01 -6.9905e-01
-1.9000e+02 8.0000e+01 -1.1456e+00
-1.9000e+02 9.0000e+01 1.2404e-01
-1.9000e+02 1.0000e+02 5.2487e-01
-1.9000e+02 1.1000e+02 1.3213e+00
-1.9000e+02 1.2000e+02 -6.2886e-01
-1.9000e+02 1.3000e+02 4.5123e+00
-1.9000e+02 1.4000e+02 8.6439e-01
-1.9000e+02 1.5000e+02 1.3036e+00
-1.9000e+02 1.6000e+02 2.5967e+00
-1.9000e+02 1.7000e+02 -4.0011e+00
-1.9000e+02 1.8000e+02 -1.2815e+00
-1.9000e+02 1.9000e+02 -2.5087e+00
-1.9000e+02 2.0000e+02 6.7865e-01
-1.8000e+02 -2.0000e+02 -3.7715e-01
-1.8000e+02 -1.9000e+02 -1.1414e+00
-1.8000e+02 -1.8000e+02 3.1492e+00
-1.8000e+02 -1.7000e+02 1.1635e+00
-1.8000e+02 -1.6000e+02 2.8436e-01
-1.8000e+02 -1.5000e+02 4.5650e-01
-1.8000e+02 -1.4000e+02 -6.3819e-01
-1.8000e+02 -1.3000e+02 1.0291e+00
-1.8000e+02 -1.2000e+02 6.2560e-01
-1.8000e+02 -1.1000e+02 2.8867e+00
-1.8000e+02 -1.0000e+02 -9.9822e-01
-1.8000e+02 -9.0000e+01 1.9022e-01
-1.8000e+02 -8.0000e+01 1.0805e+00
-1.8000e+02 -7.0000e+01 -2.3668e+00
-1.8000e+02 -6.0000e+01 -7.8176e-01
-1.8000e+02 -5.0000e+01 -4.5038e-01
-1.8000e+02 -4.0000e+01 -5.9187e-01
-1.8000e+02 -3.0000e+01 1.1594e+00
-1.8000e+02 -2.0000e+01 -2.3634e+00
-1.8000e+02 -1.0000e+01 1.4302e+00
-1.8000e+02 0.0000e+00 -3.1072e+00
-1.8000e+02 1.0000e+01 8.2854e-01
-1.8000e+02 2.0000e+01 -2.6974e-01
-1.8000e+02 3.0000e+01 2.8655e-01
-1.8000e+02 4.0000e+01 -4.1658e+00
-1.8000e+02 5.0000e+01 -6.0073e-01
-1.8000e+02 6.0000e+01 -1.4113e-01
-1.8000e+02 7.0000e+01 4.1966e-01
-1.8000e+02 8.0000e+01 -2.2838e+00
-1.8000e+02 9.0000e+01 -1.3200e+00
-1.8000e+02 1.0000e+02 1.5634e+00
-1.8000e+02 1.1000e+02 1.4012e+00
-1.8000e+02 1.2000e+02 1.1354e+00
-1.8000e+02 1.3000e+02 -1.8057e+00
-1.8000e+02 1.4000e+02 -1.5261e+00
-1.8000e+02 1.5000e+02 2.2095e-01
-1.8000e+02 1.6000e+02 9.5951e-01
-1.8000e+02 1.7000e+02 -1.5210e-01
-1.8000e+02 1.8000e+02 5.1798e-01
-1.8000e+02 1.9000e+02 3.3270e+00
-1.8000e+02 2.0000e+02 1.2662e+00
-1.7000e+02 -2.0000e+02 3.0037e+00
-1.7000e+02 -1.9000e+02 4.3015e-01
-1.7000e+02 -1.8000e+02 7.3927e-01
-1.7000e+02 -1.7000e+02 5.4325e-01
-1.7000e+02 -1.6000e+02 -7.8477e-02
-1.7000e+02 -1.5000e+02 1.9550e+00
-1.7000e+02 -1.4000e+02 2.0628e+00
-1.7000e+02 -1.3000e+02 3.3774e-01
-1.7000e+02 -1.2000e+02 7.3358e-01
-1.7000e+02 -1.1000e+02 1.6488e-01
-1.7000e+02 -1.0000e+02 -1.5727e+00
-1.7000e+02 -9.0000e+01 -5.3810e-02
-1.7000e+02 -8.0000e+01 -8.4598e-01
-1.7000e+02 -7.0000e+01 -1.6935e+00
-1.7000e+02 -6.0000e+01 -1.1787e+00
-1.7000e+02 -5.0000e+01 2.0147e+00
-1.7000e+02 -4.0000e+01 -3.0522e+00
-1.7000e+02 -3.0000e+01 2.6623e+00
-1.7000e+02 -2.0000e+01 4.1991e+00
-1.7000e+02 -1.0000e+01 -2.0609e+00
-1.7000e+02 0.0000e+00 5.8842e-01
-1.7000e+02 1.0000e+01 -9.9371e-01
-1.7000e+02 2.0000e+01 -1.6923e+00
-1.7000e+02 3.0000e+01 -1.9294e+00
-1.7000e+02 4.0000e+01 1.8584e+00
-1.7000e+02 5.0000e+01 -1.2273e+00
-1.7000e+02 6.0000e+01 -4.8672e-01
-1.7000e+02 7.0000e+01 -2.4315e-01
-1.7000e+02 8.0000e+01 -4.9094e-01
-1.7000e+02 9.0000e+01 -1.5035e+00
-1.7000e+02 1.0000e+02 2.6463e+00
-1.7000e+02 1.1000e+02 -1.8498e+00
-1.7000e+02 1.2000e+02 8.6917e-01
-1.7000e+02 1.3000e+02 1.0252e+00
-1.7000e+02 1.4000e+02 1.9992e+00
-1.7000e+02 1.5000e+02 3.0988e+00
-1.7000e+02 1.6000e+02 1.1248e+00
-1.7000e+02 1.7000e+02 -9.1938e-01
-1.7000e+02 1.8000e+02 -1.3379e+00
-1.7000e+02 1.9000e+02 -6.0500e-01
-1.7000e+02 2.0000e+02 1.9911e+00
-1.6000e+02 -2.0000e+02 -7.9049e-01
-1.6000e+02 -1.9000e+02 3.2245e-01
-1.6000e+02 -1.8000e+02 -2.2072e+00
-1.6000e+02 -1.7000e+02 1.2369e+00
-1.6000e+02 -1.6000e+02 2.0172e+00
-1.6000e+02 -1.5000e+02 -3.0792e-01
-1.6000e+02 -1.4000e+02 -3.2816e-02
-1.6000e+02 -1.3000e+02 -1.4463e+00
-1.6000e+02 -1.2000e+02 -2.0732e+00
-1.6000e+02 -1.1000e+02 -1.9118e-01
-1.6000e+02 -1.0000e+02 1.1078e+00
-1.6000e+02 -9.0000e+01 -1.0760e+00
-1.6000e+02 -8.0000e+01 4.0857e-01
-1.6000e+02 -7.0000e+01 1.5058e+00
-1.6000e+02 -6.0000e+01 1.3369e+00
-1.6000e+02 -5.0000e+01 -5.0504e-01
-1.6000e+02 -4.0000e+01 2.7049e+00
-1.6000e+02 -3.0000e+01 -2.1171e+00
-1.6000e+02 -2.0000e+01 3.6088e-02
-1.6000e+02 -1.0000e+01 1.3487e-01
-1.6000e+02 0.0000e+00 -2.5112e+00
-1.6000e+02 1.0000e+01 -3.3955e-01
-1.6000e+02 2.0000e+01 -6.4545e-01
-1.6000e+02 3.0000e+01 -2.3041e+00
-1.6000e+02 4.0000e+01 1.1523e+00
-1.6000e+02 5.0000e+01 2.5466e+00
-1.6000e+02 6.0000e+01 -2.2518e+00
-1.6000e+02 7.0000e+01 -5.8796e-01
-1.6000e+02 8.0000e+01 -1.9150e+00
-1.6000e+02 9.0000e+01 -2.7624e+00
-1.6000e+02 1.0000e+02 -3.7943e-01
-1.6000e+02 1.1000e+02 2.7607e+00
-1.6000e+02 1.2000e+02 7.5301e-01
-1.6000e+02 1.3000e+02 -2.4825e-01
-1.6000e+02 1.4000e+02 -1.4894e+00
-1.6000e+02 1.5000e+02 2.4913e+00
-1.6000e+02 1.6000e+02 2.5170e+00
-1.6000e+02 1.7000e+02 -4.4034e-01
-1.6000e+02 1.8000e+02 6.9753e-01
-1.6000e+02 1.9000e+02 -1.6309e-01
-1.6000e+02 2.0000e+02 -1.7011e+00
-1.5000e+02 -2.0000e+02 2.4850e-01
-1.5000e+02 -1.9000e+02 -2.2215e+00
-1.5000e+02 -1.8000e+02 -5.0031e-01
-1.5000e+02 -1.7000e+02 -6.3372e-02
-1.5000e+02 -1.6000e+02 -1.5476e+00
-1.5000e+02 -1.5000e+02 -1.7510e+00
-1.5000e+02 -1.4000e+02 -1.1582e+00
-1.5000e+02 -1.3000e+02 -5.0319e-01
-1.5000e+02 -1.2000e+02 -1.2426e+00
-1.5000e+02 -1.1000e+02 1.0882e+00
-1.5000e+02 -1.0000e+02 -9.4975e-01
-1.5000e+02 -9.0000e+01 -2.2989e+00
-1.5000e+02 -8.0000e+01 6.3380e-01
-1.5000e+02 -7.0000e+01 -4.9456e-01
-1.5000e+02 -6.0000e+01 -6.2174e-01
-1.5000e+02 -5.0000e+01 -2.3620e+00
-1.5000e+02 -4.0000e+01 2.5502e+00
-1.5000e+02 -3.0000e+01 -1.1412e-01
-1.5000e+02 -2.0000e+01 -2.8407e+00
-1.5000e+02 -1.0000e+01 1.8531e-01
-1.5000e+02 0.0000e+00 -2.5830e-01
-1.5000e+02 1.0000e+01 1.4423e+00
-1.5000e+02 2.0000e+01 1.8169e+00
-1.5000e+02 3.0000e+01 -8.7011e-01
-1.5000e+02 4.0000e+01 1.3808e-01
-1.5000e+02 5.0000e+01 -2.2073e+00
-1.5000e+02 6.0000e+01 -4.2930e-01
-1.5000e+02 7.0000e+01 -4.7274e-01
-1.5000e+02 8.0000e+01 -6.6034e-01
-1.5000e+02 9.0000e+01 -8.9650e-01
-1.5000e+02 1.0000e+02 1.5337e+00
-1.5000e+02 1.1000e+02 4.4347e-01
-1.5000e+02 1.2000e+02 2.2508e-01
-1.5000e+02 1.3000e+02 -2.2577e+00
-1.5000e+02 1.4000e+02 -2.3667e+00
-1.5000e+02 1.5000e+02 3.9659e+00
-1.5000e+02 1.6000e+02 -1.0923e+00
-1.5000e+02 1.7000e+02 9.6423e-01
-1.5000e+02 1.8000e+02 3.1722e-01
-1.5000e+02 1.9000e+02 -9.0492e-01
-1.5000e+02 2.0000e+02 -1.2771e+00
-1.4000e+02 -2.0000e+02 2.2451e+00
-1.4000e+02 -1.9000e+02 2.0392e+00
-1.4000e+02 -1.8000e+02 -2.0356e-01
-1.4000e+02 -1.7000e+02 -1.3023e+00
-1.4000e+02 -1.6000e+02 -2.1971e+00
-1.4000e+02 -1.5000e+02 -2.4649e+00
-1.4000e+02 -1.4000e+02 3.5316e-01
-1.4000e+02 -1.3000e+02 -1.0397e+00
-1.4000e+02 -1.2000e+02 2.3930e+00
-1.4000e+02 -1.1000e+02 1.1859e-01
-1.4000e+02 -1.0000e+02 -2.8959e+00
-1.4000e+02 -9.0000e+01 -1.5229e+00
-1.4000e+02 -8.0000e+01 -1.6665e+00
-1.4000e+02 -7.0000e+01 -1.5274e+00
-1.4000e+02 -6.0000e+01 -4.5821e-01
-1.4000e+02 -5.0000e+01 -2.1911e+00
-1.4000e+02 -4.0000e+01 -4.0679e-03
-1.4000e+02 -3.0000e+01 7.5835e-01
-1.4000e+02 -2.0000e+01 5.9022e-01
-1.4000e+02 -1.0000e+01 1.5999e+00
-1.4000e+02 0.0000e+00 -1.1384e+00
-1.4000e+02 1.0000e+01 1.0275e+00
-1.4000e+02 2.0000e+01 -4.0531e-01
-1.4000e+02 3.0000e+01 -1.5806e+00
-1.4000e+02 4.0000e+01 -1.6851e+00
-1.4000e+02 5.0000e+01 -2.2734e+00
-1.4000e+02 6.0000e+01 -1.5777e-01
-1.4000e+02 7.0000e+01 9.9050e-01
-1.4000e+02 8.0000e+01 3.2748e+00
-1.4000e+02 9.0000e+01 1.0466e-01
-1.4000e+02 1.0000e+02 -1.0871e-01
-1.4000e+02 1.1000e+02 -5.1119e-01
-1.4000e+02 1.2000e+02 2.0976e+00
-1.4000e+02 1.3000e+02 4.9350e-01
-1.4000e+02 1.4000e+02 3.7849e-01
-1.4000e+02 1.5000e+02 -8.7879e-02
-1.4000e+02 1.6000e+02 -1.4490e+00
-1.4000e+02 1.7000e+02 -1.0794e+00
-1.4000e+02 1.8000e+02 1.8058e+00
-1.4000e+02 1.9000e+02 1.1333e+00
-1.4000e+02 2.0000e+02 -2.1398e+00
-1.3000e+02 -2.0000e+02 2.6800e+00
-1.3000e+02 -1.9000e+02 -3.9152e-01
-1.3000e+02 -1.8000e+02 -1.0154e+00
-1.3000e+02 -1.7000e+02 3.5445e-01
-1.3000e+02 -1.6000e+02 1.3266e+00
-1.3000e+02 -1.5000e+02 6.1753e-01
-1.3000e+02 -1.4000e+02 -9.9552e-01
-1.3000e+02 -1.3000e+02 2.9634e+00
-1.3000e+02 -1.2000e+02 1.2163e+00
-1.3000e+02 -1.1000e+02 -2.7498e+00
-1.3000e+02 -1.0000e+02 -1.5664e+00
-1.3000e+02 -9.0000e+01 -2.6414e+00
-1.3000e+02 -8.0000e+01 2.8156e-01
-1.3000e+02 -7.0000e+01 -5.6530e-01
-1.3000e+02 -6.0000e+01 -1.4803e-01
-1.3000e+02 -5.0000e+01 -4.1844e-01
-1.3000e+02 -4.0000e+01 -2.9461e+00
-1.3000e+02 -3.0000e+01 -4.5780e+00
-1.3000e+02 -2.0000e+01 -1.9723e+00
-1.3000e+02 -1.0000e+01 -1.2511e+00
-1.3000e+02 0.0000e+00 3.9054e-01
-1.3000e+02 1.0000e+01 -4.4343e-01
-1.3000e+02 2.0000e+01 -4.8532e-01
-1.3000e+02 3.0000e+01 -1.9169e+00
-1.3000e+02 4.0000e+01 -3.9000e+00
-1.3000e+02 5.0000e+01 -3.4644e+00
-1.3000e+02 6.0000e+01 7.4122e-01
-1.3000e+02 7.0000e+01 -4.1101e+00
-1.3000e+02 8.0000e+01 -7.2693e-01
-1.3000e+02 9.0000e+01 -1.3717e+00
-1.3000e+02 1.0000e+02 -1.1453e+00
-1.3000e+02 1.1000e+02 -1.7716e+00
-1.3000e+02 1.2000e+02 -3.3037e+00
-1.3000e+02 1.3000e+02 1.8293e-01
-1.3000e+02 1.4000e+02 -1.9281e-01
-1.3000e+02 1.5000e+02 -1.4874e+00
-1.3000e+02 1.6000e+02 -1.5053e+00
-1.3000e+02 1.7000e+02 -8.4860e-01
-1.3000e+02 1.8000e+02 -5.8730e-01
-1.3000e+02 1.9000e+02 1.5262e+00
-1.3000e+02 2.0000e+02 1.2155e+00
-1.2000e+02 -2.0000e+02 4.3006e-02
-1.2000e+02 -1.9000e+02 -4.7501e-01
-1.2000e+02 -1.8000e+02 1.6203e+00
-1.2000e+02 -1.7000e+02 -1.5450e+00
-1.2000e+02 -1.6000e+02 1.5763e+00
-1.2000e+02 -1.5000e+02 1.5388e-01
-1.2000e+02 -1.4000e+02 -1.2592e+00
-1.2000e+02 -1.3000e+02 -3.6019e-01
-1.2000e+02 -1.2000e+02 -3.1844e+00
-1.2000e+02 -1.1000e+02 -1.0801e+00
-1.2000e+02 -1.0000e+02 3.1063e-01
-1.2000e+02 -9.0000e+01 2.1661e-01
-1.2000e+02 -8.0000e+01 -6.5802e-01
-1.2000e+02 -7.0000e+01 -1.3693e+00
-1.2000e+02 -6.0000e+01 1.7931e-01
-1.2000e+02 -5.0000e+01 1.2552e+00
-1.2000e+02 -4.0000e+01 2.3357e+00
-1.2000e+02 -3.0000e+01 -3.7442e+00
-1.2000e+02 -2.0000e+01 -2.2739e+00
-1.2000e+02 -1.0000e+01 -9.1424e-01
-1.2000e+02 0.0000e+00 -1.9467e+00
-1.2000e+02 1.0000e+01 -1.6074e+00
-1.2000e+02 2.0000e+01 -1.5693e-01
-1.2000e+02 3.0000e+01 -1.5106e+00
-1.2000e+02 4.0000e+01 -3.0999e+00
-1.2000e+02 5.0000e+01 -1.5537e+00
-1.2000e+02 6.0000e+01 -2.2279e+00
-1.2000e+02 7.0000e+01 -4.1694e+00
-1.2000e+02 8.0000e+01 -9.7303e-01
-1.2000e+02 9.0000e+01 2.0326e+00
-1.2000e+02 1.0000e+02 -2.3907e+00
-1.2000e+02 1.1000e+02 -6.9470e-01
-1.2000e+02 1.2000e+02 3.0116e+00
-1.2000e+02 1.3000e+02 -3.3947e-01
-1.2000e+02 1.4000e+02 -8.5009e-01
-1.2000e+02 1.5000e+02 9.2708e-01
-1.2000e+02 1.6000e+02 -3.0655e-01
-1.2000e+02 1.7000e+02 2.0747e-02
-1.2000e+02 1.8000e+02 2.1433e-01
-1.2000e+02 1.9000e+02 2.1160e-01
-1.2000e+02 2.0000e+02 -1.7080e+00
-1.1000e+02 -2.0000e+02 5.9760e-01
-1.1000e+02 -1.9000e+02 -1.0353e+00
-1.1000e+02 -1.8000e+02 -1.2610e-01
-1.1000e+02 -1.7000e+02 3.0021e+00
-1.1000e+02 -1.6000e+02 1.7605e+00
-1.1000e+02 -1.5000e+02 -1.5629e+00
-1.1000e+02 -1.4000e+02 2.8923e+00
-1.1000e+02 -1.3000e+02 1.2832e-01
-1.1000e+02 -1.2000e+02 -1.5220e+00
-1.1000e+02 -1.1000e+02 -1.6198e+00
-1.1000e+02 -1.0000e+02 1.9626e+00
-1.1000e+02 -9.0000e+01 9.0787e-01
-1.1000e+02 -8.0000e+01 8.4776e-01
-1.1000e+02 -7.0000e+01 -1.4027e+00
-1.1000e+02 -6.0000e+01 -4.2958e-01
-1.1000e+02 -5.0000e+01 -2.3274e+00
-1.1000e+02 -4.0000e+01 -1.4380e+00
-1.1000e+02 -3.0000e+01 8.3208e-01
-1.1000e+02 -2.0000e+01 -5.0042e-01
-1.1000e+02 -1.0000e+01 -4.2406e+00
-1.1000e+02 0.0000e+00 -1.4301e+00
-1.1000e+02 1.0000e+01 -2.9634e+00
-1.1000e+02 2.0000e+01 -4.4251e+00
-1.1000e+02 3.0000e+01 -7.1515e-02
-1.1000e+02 4.0000e+01 -1.3296e+00
-1.1000e+02 5.0000e+01 -1.5725e+00
-1.1000e+02 6.0000e+01 1.7277e+00
-1.1000e+02 7.0000e+01 -2.0748e+00
-1.1000e+02 8.0000e+01 7.9726e-03
-1.1000e+02 9.0000e+01 -3.0538e+00
-1.1000e+02 1.0000e+02 -1.0256e+00
-1.1000e+02 1.1000e+02 2.0357e+00
-1.1000e+02 1.2000e+02 -1.7805e+00
-1.1000e+02 1.3000e+02 2.9791e-01
-1.1000e+02 1.4000e+02 1.2850e+00
-1.1000e+02 1.5000e+02 1.5439e+00
-1.1000e+02 1.6000e+02 -1.7804e-01
-1.1000e+02 1.7000e+02 2.0261e+00
-1.1000e+02 1.8000e+02 -1.7316e+00
-1.1000e+02 1.9000e+02 -7.2549e-01
-1.1000e+02 2.0000e+02 2.0030e+00
-1.0000e+02 -2.0000e+02 -1.6698e+00
-1.0000e+02 -1.9000e+02 -1.5412e+00
-1.0000e+02 -1.8000e+02 5.4000e-01
-1.0000e+02 -1.7000e+02 -1.5200e+00
-1.0000e+02 -1.6000e+02 -1.3520e+00
-1.0000e+02 -1.5000e+02 -3.3232e-01
-1.0000e+02 -1.4000e+02 5.3730e-01
-1.0000e+02 -1.3000e+02 -6.8487e-01
-1.0000e+02 -1.2000e+02 -9.6733e-01
-1.0000e+02 -1.1000e+02 -1.0500e+00
-1.0000e+02 -1.0000e+02 -1.6494e+00
-1.0000e+02 -9.0000e+01 -2.6257e+00
-1.0000e+02 -8.0000e+01 -7.7889e-01
-1.0000e+02 -7.0000e+01 6.3193e-01
-1.0000e+02 -6.0000e+01 2.6141e-01
-1.0000e+02 -5.0000e+01 -3.3536e+00
-1.0000e+02 -4.0000e+01 6.1645e-01
-1.0000e+02 -3.0000e+01 -3.9131e+00
-1.0000e+02 -2.0000e+01 -1.4513e+00
-1.0000e+02 -1.0000e+01 -3.3123e+00
-1.0000e+02 0.0000e+00 -3.3405e+00
-1.0000e+02 1.0000e+01 -1.9163e+00
-1.0000e+02 2.0000e+01 -5.7921e+00
-1.0000e+02 3.0000e+01 -6.2873e-01
-1.0000e+02 4.0000e+01 -4.3059e+00
-1.0000e+02 5.0000e+01 -2.9415e+00
-1.0000e+02 6.0000e+01 -1.6508e+00
-1.0000e+02 7.0000e+01 3.5637e-01
-1.0000e+02 8.0000e+01 -3.2497e+00
-1.0000e+02 9.0000e+01 -1.6217e+00
-1.0000e+02 1.0000e+02 -3.3328e+00
-1.0000e+02 1.1000e+02 -3.1268e-01
-1.0000e+02 1.2000e+02 -3.9073e-01
-1.0000e+02 1.3000e+02 3.5586e-01
-1.0000e+02 1.4000e+02 -2.5956e+00
-1.0000e+02 1.5000e+02 -3.0138e+00
-1.0000e+02 1.6000e+02 2.0633e-01
-1.0000e+02 1.7000e+02 1.0610e+00
-1.0000e+02 1.8000e+02 3.0459e-01
-1.0000e+02 1.9000e+02 3.7696e-01
-1.0000e+02 2.0000e+02 2.5629e+00
-9.0000e+01 -2.0000e+02 1.3564e-01
-9.0000e+01 -1.9000e+02 1.1876e+00
-9.0000e+01 -1.8000e+02 3.3806e+00
-9.0000e+01 -1.7000e+02 -5.6815e-01
-9.0000e+01 -1.6000e+02 1.7637e-01
-9.0000e+01 -1.5000e+02 -6.1622e-01
-9.0000e+01 -1.4000e+02 9.8527e-01
-9.0000e+01 -1.3000e+02 2.4950e+00
-9.0000e+01 -1.2000e+02 -2.0768e+00
-9.0000e+01 -1.1000e+02 3.7306e-02
-9.0000e+01 -1.0000e+02 -4.3133e+00
-9.0000e+01 -9.0000e+01 2.1527e-01
-9.0000e+01 -8.0000e+01 -3.5102e+00
-9.0000e+01 -7.0000e+01 -8.4566e-01
-9.0000e+01 -6.0000e+01 -3.5895e+00
-9.0000e+01 -5.0000e+01 -1.5857e-01
-9.0000e+01 -4.0000e+01 -3.0900e+00
-9.0000e+01 -3.0000e+01 -2.6519e+00
-9.0000e+01 -2.0000e+01 -2.3761e+00
-9.0000e+01 -1.0000e+01 -2.3385e+00
-9.0000e+01 0.0000e+00 -3.5968e+00
-9.0000e+01 1.0000e+01 -3.9247e+00
-9.0000e+01 2.0000e+01 -3.2739e+00
-9.0000e+01 3.0000e+01 -3.4124e+00
-9.0000e+01 4.0000e+01 -4.1090e+00
-9.0000e+01 5.0000e+01 -2.5937e+00
-9.0000e+01 6.0000e+01 -3.5692e+00
-9.0000e+01 7.0000e+01 -1.7851e+00
-9.0000e+01 8.0000e+01 -2.9122e+00
-9.0000e+01 9.0000e+01 1.1449e+00
-9.0000e+01 1.0000e+02 -2.9735e-01
-9.0000e+01 1.1000e+02 -1.8848e+00
-9.0000e+01 1.2000e+02 -1.3274e+00
-9.0000e+01 1.3000e+02 -1.2572e+00
-9.0000e+01 1.4000e+02 -2.3189e+00
-9.0000e+01 1.5000e+02 1.1459e-03
-9.0000e+01 1.6000e+02 -1.0559e+00
-9.0000e+01 1.7000e+02 -9.7889e-01
-9.0000e+01 1.8000e+02 1.1397e+00
-9.0000e+01 1.9000e+02 -1.3581e+00
-9.0000e+01 2.0000e+02 -1.7294e-01
-8.0000e+01 -2.0000e+02 1.7163e-01
-8.0000e+01 -1.9000e+02 -2.2076e-01
-8.0000e+01 -1.8000e+02 -1.2990e+00
-8.0000e+01 -1.7000e+02 -3.2520e+00
-8.0000e+01 -1.6000e+02 1.7119e+00
-8.0000e+01 -1.5000e+02 -3.0680e+00
-8.0000e+01 -1.4000e+02 6.5315e-01
-8.0000e+01 -1.3000e+02 -3.0816e-01
-8.0000e+01 -1.2000e+02 -1.3237e+00
-8.0000e+01 -1.1000e+02 -1.1052e+00
-8.0000e+01 -1.0000e+02 -4.1098e+00
-8.0000e+01 -9.0000e+01 -1.9003e+00
-8.0000e+01 -8.0000e+01 -1.2346e+00
-8.0000e+01 -7.0000e+01 -1.5890e+00
-8.0000e+01 -6.0000e+01 -2.3329e+00
-8.0000e+01 -5.0000e+01 -6.8950e+00
-8.0000e+01 -4.0000e+01 -2.8785e+00
-8.0000e+01 -3.0000e+01 -4.1929e+00
-8.0000e+01 -2.0000e+01 -5.9569e+00
-8.0000e+01 -1.0000e+01 -3.7333e+00
-8.0000e+01 0.0000e+00 -9.9694e+00
-8.0000e+01 1.0000e+01 -4.8638e+00
-8.0000e+01 2.0000e+01 -6.1062e+00
-8.0000e+01 3.0000e+01 -5.6513e+00
-8.0000e+01 4.0000e+01 -4.4337e+00
-8.0000e+01 5.0000e+01 -6.6707e+00
-8.0000e+01 6.0000e+01 -2.6402e+00
-8.0000e+01 7.0000e+01 -1.5809e+00
-8.0000e+01 8.0000e+01 -2.0103e+00
-8.0000e+01 9.0000e+01 -2.8003e+00
-8.0000e+01 1.0000e+02 -9.3103e-01
-8.0000e+01 1.1000e+02 2.7876e-01
-8.0000e+01 1.2000e+02 1.3328e-01
-8.0000e+01 1.3000e+02 2.6489e-01
-8.0000e+01 1.4000e+02 -1.7796e+00
-8.0000e+01 1.5000e+02 2.7760e-01
-8.0000e+01 1.6000e+02 1.3075e+00
-8.0000e+01 1.7000e+02 -1.2772e+00
-8.0000e+01 1.8000e+02 -2.1896e+00
-8.0000e+01 1.9000e+02 -1.5370e-01
-8.0000e+01 2.0000e+02 -1.0558e+00
-7.0000e+01 -2.0000e+02 2.2038e-01
-7.0000e+01 -1.9000e+02 7.6891e-02
-7.0000e+01 -1.8000e+02 -2.1342e+00
-7.0000e+01 -1.7000e+02 -9.7659e-02
-7.0000e+01 -1.6000e+02 5.9314e-02
-7.0000e+01 -1.5000e+02 -1.8695e+00
-7.0000e+01 -1.4000e+02 -7.0764e-01
-7.0000e+01 -1.3000e+02 -4.2967e-01
-7.0000e+01 -1.2000e+02 -1.0377e+00
-7.0000e+01 -1.1000e+02 -4.6848e+00
-7.0000e+01 -1.0000e+02 -7.5370e-01
-7.0000e+01 -9.0000e+01 -9.8279e-01
-7.0000e+01 -8.0000e+01 -4.5445e+00
-7.0000e+01 -7.0000e+01 -1.3248e+00
-7.0000e+01 -6.0000e+01 -2.9626e+00
-7.0000e+01 -5.0000e+01 -6.4831e+00
-7.0000e+01 -4.0000e+01 -8.9603e+00
-7.0000e+01 -3.0000e+01 -6.2321e+00
-7.0000e+01 -2.0000e+01 -5.2567e+00
-7.0000e+01 -1.0000e+01 -9.7595e+00
-7.0000e+01 0.0000e+00 -7.2866e+00
-7.0000e+01 1.0000e+01 -7.1628e+00
-7.0000e+01 2.0000e+01 -4.5720e+00
-7.0000e+01 3.0000e+01 -5.1061e+00
-7.0000e+01 4.0000e+01 -5.3682e+00
-7.0000e+01 5.0000e+01 -5.3936e+00
-7.0000e+01 6.0000e+01 -1.6858e+00
-7.0000e+01 7.0000e+01 -3.8469e+00
-7.0000e+01 8.0000e+01 -4.1243e+00
-7.0000e+01 9.0000e+01 -8.0640e-01
-7.0000e+01 1.0000e+02 -8.2014e-01
-7.0000e+01 1.1000e+02 -2.1880e+00
-7.0000e+01 1.2000e+02 6.9351e-02
-7.0000e+01 1.3000e+02 -1.2195e+00
-7.0000e+01 1.4000e+02 -4.2359e-01
-7.0000e+01 1.5000e+02 1.4506e+00
-7.0000e+01 1.6000e+02 1.5346e+00
-7.0000e+01 1.7000e+02 3.0599e+00
-7.0000e+01 1.8000e+02 -1.9258e+00
-7.0000e+01 1.9000e+02 5.8286e-01
-7.0000e+01 2.0000e+02 3.5973e-01
-6.0000e+01 -2.0000e+02 -7.4106e-01
-6.0000e+01 -1.9000e+02 -3.3476e-01
-6.0000e+01 -1.8000e+02 3.3582e-01
-6.0000e+01 -1.7000e+02 2.6253e+00
-6.0000e+01 -1.6000e+02 -2.1101e+00
-6.0000e+01 -1.5000e+02 1.1465e+00
-6.0000e+01 -1.4000e+02 2.0179e+00
-6.0000e+01 -1.3000e+02 -2.7884e+00
-6.0000e+01 -1.2000e+02 -1.5465e+00
-6.0000e+01 -1.1000e+02 -2.3413e+00
-6.0000e+01 -1.0000e+02 -1.0464e+00
-6.0000e+01 -9.0000e+01 -6.1045e-01
-6.0000e+01 -8.0000e+01 -3.1206e+00
-6.0000e+01 -7.0000e+01 -2.1529e+00
-6.0000e+01 -6.0000e+01 -4.4475e+00
-6.0000e+01 -5.0000e+01 -5.9189e+00
-6.0000e+01 -4.0000e+01 -7.9958e+00
-6.0000e+01 -3.0000e+01 -8.6124e+00
-6.0000e+01 -2.0000e+01 -7.0723e+00
-6.0000e+01 -1.0000e+01 -8.0379e+00
-6.0000e+01 0.0000e+00 -8.4208e+00
-6.0000e+01 1.0000e+01 -7.2497e+00
-6.0000e+01 2.0000e+01 -1.0578e+01
-6.0000e+01 3.0000e+01 -8.2215e+00
-6.0000e+01 4.0000e+01 -5.9840e+00
-6.0000e+01 5.0000e+01 -4.8203e+00
-6.0000e+01 6.0000e+01 -6.3242e+00
-6.0000e+01 7.0000e+01 -4.1080e+00
-6.0000e+01 8.0000e+01 -3.7316e+00
-6.0000e+01 9.0000e+01 1.2766e+00
-6.0000e+01 1.0000e+02 -7.8605e-01
-6.0000e+01 1.1000e+02 -1.4278e+00
-6.0000e+01 1.2000e+02 -3.1926e+00
-6.0000e+01 1.3000e+02 1.4535e+00
-6.0000e+01 1.4000e+02 -2.1245e+00
-6.0000e+01 1.5000e+02 -1.9831e+00
-6.0000e+01 1.6000e+02 1.9128e+00
-6.0000e+01 1.7000e+02 -1.0999e+00
-6.0000e+01 1.8000e+02 -9.9045e-01
-6.0000e+01 1.9000e+02 1.3712e+00
-6.0000e+01 2.0000e+02 4.2233e-01
-5.0000e+01 -2.0000e+02 -1.2053e-01
-5.0000e+01 -1.9000e+02 1.2347e+00
-5.0000e+01 -1.8000e+02 -9.3150e-01
-5.0000e+01 -1.7000e+02 -2.5502e+00
-5.0000e+01 -1.6000e+02 1.6621e+00
-5.0000e+01 -1.5000e+02 -2.0567e+00
-5.0000e+01 -1.4000e+02 -5.6265e-01
-5.0000e+01 -1.3000e+02 6.8154e-01
-5.0000e+01 -1.2000e+02 -2.8998e+00
-5.0000e+01 -1.1000e+02 -9.8192e-01
-5.0000e+01 -1.0000e+02 -1.5475e+00
-5.0000e+01 -9.0000e+01 2.0509e-01
-5.0000e+01 -8.0000e+01 -3.5302e+00
-5.0000e+01 -7.0000e+01 -4.7072e+00
-5.0000e+01 -6.0000e+01 -6.6953e+00
-5.0000e+01 -5.0000e+01 -8.0159e+00
-5.0000e+01 -4.0000e+01 -7.6267e+00
-5.0000e+01 -3.0000e+01 -6.3078e+00
-5.0000e+01 -2.0000e+01 -1.0374e+01
-5.0000e+01 -1.0000e+01 -7.3749e+00
-5.0000e+01 0.0000e+00 -1.1051e+01
-5.0000e+01 1.0000e+01 -1.0650e+01
-5.0000e+01 2.0000e+01 -8.5643e+00
-5.0000e+01 3.0000e+01 -1.1599e+01
-5.0000e+01 4.0000e+01 -8.7658e+00
-5.0000e+01 5.0000e+01 -6.4333e+00
-5.0000e+01 6.0000e+01 -5.8293e+00
-5.0000e+01 7.0000e+01 -5.9399e+00
-5.0000e+01 8.0000e+01 -3.5921e+00
-5.0000e+01 9.0000e+01 -3.1097e+00
-5.0000e+01 1.0000e+02 7.8275e-01
-5.0000e+01 1.1000e+02 -1.1745e-01
-5.0000e+01 1.2000e+02 -1.3062e+00
-5.0000e+01 1.3000e+02 -1.3469e+00
-5.0000e+01 1.4000e+02 1.6086e+00
-5.0000e+01 1.5000e+02 1.7515e+00
-5.0000e+01 1.6000e+02 -1.4408e+00
-5.0000e+01 1.7000e+02 2.4627e+00
-5.0000e+01 1.8000e+02 2.9485e+00
-5.0000e+01 1.9000e+02 -1.0405e+00
-5.0000e+01 2.0000e+02 1.8500e+00
-4.0000e+01 -2.0000e+02 7.0245e-01
-4.0000e+01 -1.9000e+02 -1.0640e+00
-4.0000e+01 -1.8000e+02 -1.5599e+00
-4.0000e+01 -1.7000e+02 -1.0969e+00
-4.0000e+01 -1.6000e+02 -1.2071e+00
-4.0000e+01 -1.5000e+02 -1.5066e+00
-4.0000e+01 -1.4000e+02 -1.2413e+00
-4.0000e+01 -1.3000e+02 1.1658e+00
-4.0000e+01 -1.2000e+02 -2.0185e+00
-4.0000e+01 -1.1000e+02 -1.1841e+00
-4.0000e+01 -1.0000e+02 -3.1038e-01
-4.0000e+01 -9.0000e+01 -4.2716e+00
-4.0000e+01 -8.0000e+01 -4.5414e+00
-4.0000e+01 -7.0000e+01 -7.5631e+00
-4.0000e+01 -6.0000e+01 -4.8827e+00
-4.0000e+01 -5.0000e+01 -8.1976e+00
-4.0000e+01 -4.0000e+01 -8.7163e+00
-4.0000e+01 -3.0000e+01 -8.8585e+00
-4.0000e+01 -2.0000e+01 -1.5564e+01
-4.0000e+01 -1.0000e+01 -1.0863e+01
-4.0000e+01 0.0000e+00 -1.1796e+01
-4.0000e+01 1.0000e+01 -1.0919e+01
-4.0000e+01 2.0000e+01 -1.4103e+01
-4.0000e+01 3.0000e+01 -1.1182e+01
-4.0000e+01 4.0000e+01 -7.6437e+00
-4.0000e+01 5.0000e+01 -8.2002e+00
-4.0000e+01 6.0000e+01 -7.8529e+00
-4.0000e+01 7.0000e+01 -6.0843e+00
-4.0000e+01 8.0000e+01 -4.1165e+00
-4.0000e+01 9.0000e+01 -4.0743e+00
-4.0000e+01 1.0000e+02 -1.2779e+00
-4.0000e+01 1.1000e+02 -5.7162e+00
-4.0000e+01 1.2000e+02 -3.3919e+00
-4.0000e+01 1.3000e+02 -8.4145e-01
-4.0000e+01 1.4000e+02 -7.9101e-01
-4.0000e+01 1.5000e+02 -1.7453e+00
-4.0000e+01 1.6000e+02 -5.3272e-01
-4.0000e+01 1.7000e+02 -8.5455e-01
-4.0000e+01 1.8000e+02 6.7525e-01
-4.0000e+01 1.9000e+02 -1.7042e+00
-4.0000e+01 2.0000e+02 1.3027e+00
-3.0000e+01 -2.0000e+02 1.5741e+00
-3.0000e+01 -1.9000e+02 5.6952e-01
-3.0000e+01 -1.8000e+02 2.3881e+00
-3.0000e+01 -1.7000e+02 -1.4486e+00
-3.0000e+01 -1.6000e+02 1.1182e+00
-3.0000e+01 -1.5000e+02 -1.0264e+00
-3.0000e+01 -1.4000e+02 -1.5279e+00
-3.0000e+01 -1.3000e+02 -2.7088e+00
-3.0000e+01 -1.2000e+02 -9.6880e-01
-3.0000e+01 -1.1000e+02 -3.7043e+00
-3.0000e+01 -1.0000e+02 -3.5010e+00
-3.0000e+01 -9.0000e+01 -1.8468e+00
-3.0000e+01 -8.0000e+01 -6.1194e+00
-3.0000e+01 -7.0000e+01 -8.0833e+00
-3.0000e+01 -6.0000e+01 -7.8083e+00
-3.0000e+01 -5.0000e+01 -8.4459e+00
-3.0000e+01 -4.0000e+01 -8.7290e+00
-3.0000e+01 -3.0000e+01 -1.0085e+01
-3.0000e+01 -2.0000e+01 -1.2339e+01
-3.0000e+01 -1.0000e+01 -1.4273e+01
-3.0000e+01 0.0000e+00 -1.2766e+01
-3.0000e+01 1.0000e+01 -1.3746e+01
-3.0000e+01 2.0000e+01 -1.2646e+01
-3.0000e+01 3.0000e+01 -1.3375e+01
-3.0000e+01 4.0000e+01 -1.0535e+01
-3.0000e+01 5.0000e+01 -7.1295e+00
-3.0000e+01 6.0000e+01 -9.3253e+00
-3.0000e+01 7.0000e+01 -5.1554e+00
-3.0000e+01 8.0000e+01 -5.7649e+00
-3.0000e+01 9.0000e+01 -3.8678e+00
-3.0000e+01 1.0000e+02 -1.8163e+00
-3.0000e+01 1.1000e+02 -8.6342e-01
-3.0000e+01 1.2000e+02 1.1173e-01
-3.0000e+01 1.3000e+02 4.0254e-01
-3.0000e+01 1.4000e+02 -2.6592e+00
-3.0000e+01 1.5000e+02 1.2360e+00
-3.0000e+01 1.6000e+02 5.7510e-01
-3.0000e+01 1.7000e+02 1.2492e+00
-3.0000e+01 1.8000e+02 -6.8822e-01
-3.0000e+01 1.9000e+02 -1.8964e-02
-3.0000e+01 2.0000e+02 7.0576e-01
-2.0000e+01 -2.0000e+02 5.4674e-01
-2.0000e+01 -1.9000e+02 3.7303e-01
-2.0000e+01 -1.8000e+02 -1.0907e+00
-2.0000e+01 -1.7000e+02 -2.6338e+00
-2.0000e+01 -1.6000e+02 -2.2315e-01
-2.0000e+01 -1.5000e+02 4.2988e-01
-2.0000e+01 -1.4000e+02 -1.3117e+00
-2.0000e+01 -1.3000e+02 -2.4233e+00
-2.0000e+01 -1.2000e+02 -1.9689e+00
-2.0000e+01 -1.1000e+02 -7.6902e-01
-2.0000e+01 -1.0000e+02 -3.3055e+00
-2.0000e+01 -9.0000e+01 -6.0807e+00
-2.0000e+01 -8.0000e+01 -6.2008e+00
-2.0000e+01 -7.0000e+01 -9.0729e+00
-2.0000e+01 -6.0000e+01 -7.9923e+00
-2.0000e+01 -5.0000e+01 -9.7659e+00
-2.0000e+01 -4.0000e+01 -1.2302e+01
-2.0000e+01 -3.0000e+01 -1.0211e+01
-2.0000e+01 -2.0000e+01 -1.2050e+01
-2.0000e+01 -1.0000e+01 -1.1381e+01
-2.0000e+01 0.0000e+00 -1.2713e+01
-2.0000e+01 1.0000e+01 -1.5060e+01
-2.0000e+01 2.0000e+01 -1.2048e+01
-2.0000e+01 3.0000e+01 -1.2247e+01
-2.0000e+01 4.0000e+01 -1.3128e+01
-2.0000e+01 5.0000e+01 -6.7558e+00
-2.0000e+01 6.0000e+01 -5.9248e+00
-2.0000e+01 7.0000e+01 -6.8449e+00
-2.0000e+01 8.0000e+01 -5.5558e+00
-2.0000e+01 9.0000e+01 -6.4222e+00
-2.0000e+01 1.0000e+02 -2.6334e+00
-2.0000e+01 1.1000e+02 -2.0584e+00
-2.0000e+01 1.2000e+02 -4.3937e-01
-2.0000e+01 1.3000e+02 -5.9660e-01
-2.0000e+01 1.4000e+02 -2.0734e+00
-2.0000e+01 1.5000e+02 -1.4438e+00
-2.0000e+01 1.6000e+02 2.5201e-01
-2.0000e+01 1.7000e+02 3.1835e+00
-2.0000e+01 1.8000e+02 -6.5425e-01
-2.0000e+01 1.9000e+02 7.7566e-01
-2.0000e+01 2.0000e+02 2.6102e-01
-1.0000e+01 -2.0000e+02 1.4796e+00
-1.0000e+01 -1.9000e+02 -1.6430e+00
-1.0000e+01 -1.8000e+02 -1.2792e+00
-1.0000e+01 -1.7000e+02 2.5407e+00
-1.0000e+01 -1.6000e+02 -1.7561e+00
-1.0000e+01 -1.5000e+02 -1.5906e+00
-1.0000e+01 -1.4000e+02 -3.3573e-01
-1.0000e+01 -1.3000e+02 -1.1043e+00
-1.0000e+01 -1.2000e+02 -2.8176e+00
-1.0000e+01 -1.1000e+02 -4.1487e+00
-1.0000e+01 -1.0000e+02 -3.4131e+00
-1.0000e+01 -9.0000e+01 -2.6925e+00
-1.0000e+01 -8.0000e+01 -5.2625e+00
-1.0000e+01 -7.0000e+01 -7.6552e+00
-1.0000e+01 -6.0000e+01 -7.2082e+00
-1.0000e+01 -5.0000e+01 -1.1238e+01
-1.0000e+01 -4.0000e+01 -1.0919e+01
-1.0000e+01 -3.0000e+01 -1.1362e+01
-1.0000e+01 -2.0000e+01 -1.4947e+01
-1.0000e+01 -1.0000e+01 -1.5638e+01
-1.0000e+01 0.0000e+00 -1.3623e+01
-1.0000e+01 1.0000e+01 -1.7289e+01
-1.0000e+01 2.0000e+01 -1.2664e+01
-1.0000e+01 3.0000e+01 -1.3115e+01
-1.0000e+01 4.0000e+01 -1.0104e+01
-1.0000e+01 5.0000e+01 -9.7869e+00
-1.0000e+01 6.0000e+01 -8.2844e+00
-1.0000e+01 7.0000e+01 -8.6686e+00
-1.0000e+01 8.0000e+01 -5.2499e+00
-1.0000e+01 9.0000e+01 -5.0591e+00
-1.0000e+01 1.0000e+02 -2.8229e+00
-1.0000e+01 1.1000e+02 -2.4501e+00
-1.0000e+01 1.2000e+02 2.1831e-01
-1.0000e+01 1.3000e+02 1.2270e-02
-1.0000e+01 1.4000e+02 -7.6649e-01
-1.0000e+01 1.5000e+02 2.2777e-01
-1.0000e+01 1.6000e+02 -2.0696e+00
-1.0000e+01 1.7000e+02 -4.8139e-01
-1.0000e+01 1.8000e+02 3.1988e-01
-1.0000e+01 1.9000e+02 -6.8794e-01
-1.0000e+01 2.0000e+02 -1.1086e+00
0.0000e+00 -2.0000e+02 1.8821e-01
0.0000e+00 -1.9000e+02 -1.9586e+00
0.0000e+00 -1.8000e+02 2.0055e+00
0.0000e+00 -1.7000e+02 1.7277e+00
0.0000e+00 -1.6000e+02 -2.3617e+00
0.0000e+00 -1.5000e+02 -1.7193e+00
0.0000e+00 -1.4000e+02 1.1106e+00
0.0000e+00 -1.3000e+02 1.1000e+00
0.0000e+00 -1.2000e+02 -3.0699e+00
0.0000e+00 -1.1000e+02 -2.4298e+00
0.0000e+00 -1.0000e+02 -3.1831e+00
0.0000e+00 -9.0000e+01 -5.3161e+00
0.0000e+00 -8.0000e+01 -8.0238e+00
0.0000e+00 -7.0000e+01 -9.0216e+00
0.0000e+00 -6.0000e+01 -8.1784e+00
0.0000e+00 -5.0000e+01 -1.0834e+01
0.0000e+00 -4.0000e+01 -9.2655e+00
0.0000e+00 -3.0000e+01 -1.4164e+01
0.0000e+00 -2.0000e+01 -1.5271e+01
0.0000e+00 -1.0000e+01 -1.6286e+01
0.0000e+00 0.0000e+00 -1.3895e+01
0.0000e+00 1.0000e+01 -1.4641e+01
0.0000e+00 2.0000e+01 -1.3840e+01
0.0000e+00 3.0000e+01 -1.2356e+01
0.0000e+00 4.0000e+01 -1.3165e+01
0.0000e+00 5.0000e+01 -9.6355e+00
0.0000e+00 6.0000e+01 -8.8634e+00
0.0000e+00 7.0000e+01 -5.9518e+00
0.0000e+00 8.0000e+01 -7.3186e+00
0.0000e+00 9.0000e+01 -6.3633e+00
0.0000e+00 1.0000e+02 -4.3760e+00
0.0000e+00 1.1000e+02 -3.3585e+00
0.0000e+00 1.2000e+02 -2.2417e+00
0.0000e+00 1.3000e+02 2.9607e-01
0.0000e+00 1.4000e+02 -7.5598e-01
0.0000e+00 1.5000e+02 -1.6229e+00
0.0000e+00 1.6000e+02 -5.4562e-01
0.0000e+00 1.7000e+02 -6.7630e-01
0.0000e+00 1.8000e+02 1.1437e+00
0.0000e+00 1.9000e+02 4.2419e-01
0.0000e+00 2.0000e+02 1.2348e+00
1.0000e+01 -2.0000e+02 -1.7471e+00
1.0000e+01 -1.9000e+02 1.4593e+00
1.0000e+01 -1.8000e+02 -1.8988e+00
1.0000e+01 -1.7000e+02 -1.8432e+00
1.0000e+01 -1.6000e+02 -5.9412e-01
1.0000e+01 -1.5000e+02 -7.8228e-01
1.0000e+01 -1.4000e+02 -1.6275e+00
1.0000e+01 -1.3000e+02 -2.6589e+00
1.0000e+01 -1.2000e+02 -3.1280e+00
1.0000e+01 -1.1000e+02 -1.6387e-01
1.0000e+01 -1.0000e+02 -1.6923e+00
1.0000e+01 -9.0000e+01 -3.9219e+00
1.0000e+01 -8.0000e+01 -4.3798e+00
1.0000e+01 -7.0000e+01 -7.0736e+00
1.0000e+01 -6.0000e+01 -8.4175e+00
1.0000e+01 -5.0000e+01 -9.0672e+00
1.0000e+01 -4.0000e+01 -1.2832e+01
1.0000e+01 -3.0000e+01 -1.4386e+01
1.0000e+01 -2.0000e+01 -1.4445e+01
1.0000e+01 -1.0000e+01 -1.2541e+01
1.0000e+01 0.0000e+00 -1.3308e+01
1.0000e+01 1.0000e+01 -1.4845e+01
1.0000e+01 2.0000e+01 -1.1001e+01
1.0000e+01 3.0000e+01 -1.6679e+01
1.0000e+01 4.0000e+01 -9.7119e+00
1.0000e+01 5.0000e+01 -9.4286e+00
1.0000e+01 6.0000e+01 -7.5216e+00
1.0000e+01 7.0000e+01 -6.5284e+00
1.0000e+01 8.0000e+01 -5.0591e+00
1.0000e+01 9.0000e+01 -5.0982e+00
1.0000e+01 1.0000e+02 -3.7229e+00
1.0000e+01 1.1000e+02 -2.9791e+00
1.0000e+01 1.2000e+02 1.3496e+00
1.0000e+01 1.3000e+02 -2.7081e+00
1.0000e+01 1.4000e+02 1.4862e+00
1.0000e+01 1.5000e+02 9.4009e-01
1.0000e+01 1.6000e+02 9.8828e-01
1.0000e+01 1.7000e+02 1.4085e+00
1.0000e+01 1.8000e+02 -1.1277e+00
1.0000e+01 1.9000e+02 -1.0130e+00
1.0000e+01 2.0000e+02 -2.8793e+00
2.0000e+01 -2.0000e+02 8.6000e-02
2.0000e+01 -1.9000e+02 7.6098e-01
2.0000e+01 -1.8000e+02 -1.5820e+00
2.0000e+01 -1.7000e+02 1.9279e+00
2.0000e+01 -1.6000e+02 -2.0818e+00
2.0000e+01 -1.5000e+02 -8.3236e-01
2.0000e+01 -1.4000e+02 5.6927e-01
2.0000e+01 -1.3000e+02 -2.4274e+00
2.0000e+01 -1.2000e+02 8.9742e-02
2.0000e+01 -1.1000e+02 -4.0725e+00
2.0000e+01 -1.0000e+02 -2.9918e+00
2.0000e+01 -9.0000e+01 -2.5646e+00
2.0000e+01 -8.0000e+01 -2.8049e+00
2.0000e+01 -7.0000e+01 -5.7123e+00
2.0000e+01 -6.0000e+01 -9.1183e+00
2.0000e+01 -5.0000e+01 -1.1412e+01
2.0000e+01 -4.0000e+01 -1.1471e+01
2.0000e+01 -3.0000e+01 -1.2232e+01
2.0000e+01 -2.0000e+01 -1.3183e+01
2.0000e+01 -1.0000e+01 -1.2815e+01
2.0000e+01 0.0000e+00 -1.4791e+01
2.0000e+01 1.0000e+01 -1.2707e+01
2.0000e+01 2.0000e+01 -1.2443e+01
2.0000e+01 3.0000e+01 -1.2200e+01
2.0000e+01 4.0000e+01 -8.8773e+00
2.0000e+01 5.0000e+01 -1.2114e+01
2.0000e+01 6.0000e+01 -6.7893e+00
2.0000e+01 7.0000e+01 -5.7004e+00
2.0000e+01 8.0000e+01 -7.3930e+00
2.0000e+01 9.0000e+01 -4.1582e+00
2.0000e+01 1.0000e+02 -4.7131e+00
2.0000e+01 1.1000e+02 -3.5668e-01
2.0000e+01 1.2000e+02 -2.9485e+00
2.0000e+01 1.3000e+02 1.5735e+00
2.0000e+01 1.4000e+02 2.4308e+00
2.0000e+01 1.5000e+02 -8.9365e-01
2.0000e+01 1.6000e+02 4.7957e-01
2.0000e+01 1.7000e+02 1.1580e+00
2.0000e+01 1.8000e+02 -1.5750e+00
2.0000e+01 1.9000e+02 3.0817e+00
2.0000e+01 2.0000e+02 2.1326e-01
3.0000e+01 -2.0000e+02 -1.8313e+00
3.0000e+01 -1.9000e+02 8.6171e-01
3.0000e+01 -1.8000e+02 -1.2354e+00
3.0000e+01 -1.7000e+02 1.0217e+00
3.0000e+01 -1.6000e+02 -2.1420e+00
3.0000e+01 -1.5000e+02 -5.2042e-01
3.0000e+01 -1.4000e+02 -1.7053e+00
3.0000e+01 -1.3000e+02 -3.5509e-01
3.0000e+01 -1.2000e+02 -2.3338e+00
3.0000e+01 -1.1000e+02 -1.0133e+00
3.0000e+01 -1.0000e+02 -1.8810e+00
3.0000e+01 -9.0000e+01 -4.1121e+00
3.0000e+01 -8.0000e+01 -4.2936e+00
3.0000e+01 -7.0000e+01 -6.0155e+00
3.0000e+01 -6.0000e+01 -8.9178e+00
3.0000e+01 -5.0000e+01 -9.9114e+00
3.0000e+01 -4.0000e+01 -9.4640e+00
3.0000e+01 -3.0000e+01 -1.1113e+01
3.0000e+01 -2.0000e+01 -8.3243e+00
3.0000e+01 -1.0000e+01 -1.3896e+01
3.0000e+01 0.0000e+00 -1.4613e+01
3.0000e+01 1.0000e+01 -1.3190e+01
3.0000e+01 2.0000e+01 -1.2848e+01
3.0000e+01 3.0000e+01 -1.0410e+01
3.0000e+01 4.0000e+01 -9.6986e+00
3.0000e+01 5.0000e+01 -7.2486e+00
3.0000e+01 6.0000e+01 -4.3653e+00
3.0000e+01 7.0000e+01 -6.6489e+00
3.0000e+01 8.0000e+01 -4.0770e+00
3.0000e+01 9.0000e+01 -4.1139e+00
3.0000e+01 1.0000e+02 -1.3357e+00
3.0000e+01 1.1000e+02 1.2655e+00
3.0000e+01 1.2000e+02 -3.3594e+00
3.0000e+01 1.3000e+02 -1.4021e+00
3.0000e+01 1.4000e+02 -9.6512e-01
3.0000e+01 1.5000e+02 2.4111e+00
3.0000e+01 1.6000e+02 -1.2034e+00
3.0000e+01 1.7000e+02 2.8555e-01
3.0000e+01 1.8000e+02 -4.1101e-01
3.0000e+01 1.9000e+02 1.0717e+00
3.0000e+01 2.0000e+02 -7.7420e-01
4.0000e+01 -2.0000e+02 1.2604e+00
4.0000e+01 -1.9000e+02 -1.9186e+00
4.0000e+01 -1.8000e+02 6.9663e-01
4.0000e+01 -1.7000e+02 -4.5944e-01
4.0000e+01 -1.6000e+02 -3.7883e-01
4.0000e+01 -1.5000e+02 -1.7896e-01
4.0000e+01 -1.4000e+02 -1.3291e+00
4.0000e+01 -1.3000e+02 -1.3360e-01
4.0000e+01 -1.2000e+02 -1.5868e+00
4.0000e+01 -1.1000e+02 -2.2643e+00
4.0000e+01 -1.0000e+02 -5.5165e+00
4.0000e+01 -9.0000e+01 -1.0730e+00
4.0000e+01 -8.0000e+01 -2.9280e+00
4.0000e+01 -7.0000e+01 -4.4342e+00
4.0000e+01 -6.0000e+01 -3.3685e+00
4.0000e+01 -5.0000e+01 -7.6510e+00
4.0000e+01 -4.0000e+01 -1.0010e+01
4.0000e+01 -3.0000e+01 -1.0852e+01
4.0000e+01 -2.0000e+01 -1.1619e+01
4.0000e+01 -1.0000e+01 -1.2269e+01
4.0000e+01 0.0000e+00 -1.3001e+01
4.0000e+01 1.0000e+01 -1.1530e+01
4.0000e+01 2.0000e+01 -9.2576e+00
4.0000e+01 3.0000e+01 -1.1742e+01
4.0000e+01 4.0000e+01 -1.1043e+01
4.0000e+01 5.0000e+01 -6.7716e+00
4.0000e+01 6.0000e+01 -7.8520e+00
4.0000e+01 7.0000e+01 -5.9616e+00
4.0000e+01 8.0000e+01 -5.1132e+00
4.0000e+01 9.0000e+01 -5.5026e+00
4.0000e+01 1.0000e+02 -1.0158e+00
4.0000e+01 1.1000e+02 -2.3005e+00
4.0000e+01 1.2000e+02 -1.6847e+00
4.0000e+01 1.3000e+02 8.1742e-01
4.0000e+01 1.4000e+02 -4.8603e-01
4.0000e+01 1.5000e+02 -5.7805e-03
4.0000e+01 1.6000e+02 -4.7451e-01
4.0000e+01 1.7000e+02 -1.6894e+00
4.0000e+01 1.8000e+02 -1.8753e+00
4.0000e+01 1.9000e+02 -1.6757e+00
4.0000e+01 2.0000e+02 -1.6427e+00
5.0000e+01 -2.0000e+02 6.0144e-01
5.0000e+01 -1.9000e+02 -1.5591e+00
5.0000e+01 -1.8000e+02 -3.3052e+00
5.0000e+01 -1.7000e+02 6.1665e-01
5.0000e+01 -1.6000e+02 1.9883e-01
5.0000e+01 -1.5000e+02 -8.2530e-02
5.0000e+01 -1.4000e+02 -9.1494e-01
5.0000e+01 -1.3000e+02 -3.0282e+00
5.0000e+01 -1.2000e+02 -3.5716e+00
5.0000e+01 -1.1000e+02 -1.4918e+00
5.0000e+01 -1.0000e+02 -2.2550e+00
5.0000e+01 -9.0000e+01 -1.8126e+00
5.0000e+01 -8.0000e+01 -2.8650e-01
5.0000e+01 -7.0000e+01 -5.8903e+00
5.0000e+01 -6.0000e+01 -4.6852e+00
5.0000e+01 -5.0000e+01 -5.1038e+00
5.0000e+01 -4.0000e+01 -8.9306e+00
5.0000e+01 -3.0000e+01 -8.6694e+00
5.0000e+01 -2.0000e+01 -9.2864e+00
5.0000e+01 -1.0000e+01 -7.3939e+00
5.0000e+01 0.0000e+00 -1.1409e+01
5.0000e+01 1.0000e+01 -1.1859e+01
5.0000e+01 2.0000e+01 -1.0529e+01
5.0000e+01 3.0000e+01 -8.4023e+00
5.0000e+01 4.0000e+01 -8.5839e+00
5.0000e+01 5.0000e+01 -6.7631e+00
5.0000e+01 6.0000e+01 -6.0011e+00
5.0000e+01 7.0000e+01 -6.7364e+00
5.0000e+01 8.0000e+01 -3.7508e+00
5.0000e+01 9.0000e+01 -3.0909e+00
5.0000e+01 1.0000e+02 -1.6774e+00
5.0000e+01 1.1000e+02 -1.1447e+00
5.0000e+01 1.2000e+02 -1.6342e+00
5.0000e+01 1.3000e+02 -2.5026e+00
5.0000e+01 1.4000e+02 -2.6481e+00
5.0000e+01 1.5000e+02 -6.3498e-01
5.0000e+01 1.6000e+02 -9.4413e-01
5.0000e+01 1.7000e+02 1.2672e+00
5.0000e+01 1.8000e+02 1.5857e+00
5.0000e+01 1.9000e+02 1.3567e+00
5.0000e+01 2.0000e+02 -1.6279e+00
6.0000e+01 -2.0000e+02 3.1716e+00
6.0000e+01 -1.9000e+02 -1.1984e-01
6.0000e+01 -1.8000e+02 1.2562e+00
6.0000e+01 -1.7000e+02 -1.1485e+00
6.0000e+01 -1.6000e+02 4.7139e-01
6.0000e+01 -1.5000e+02 4.8535e-02
6.0000e+01 -1.4000e+02 -1.9128e+00
6.0000e+01 -1.3000e+02 -4.1994e-01
6.0000e+01 -1.2000e+02 -3.3832e-01
6.0000e+01 -1.1000e+02 3.7858e-01
6.0000e+01 -1.0000e+02 -2.5758e+00
6.0000e+01 -9.0000e+01 -3.8029e+00
6.0000e+01 -8.0000e+01 -5.6565e+00
6.0000e+01 -7.0000e+01 -2.9157e+00
6.0000e+01 -6.0000e+01 -4.7839e+00
6.0000e+01 -5.0000e+01 -6.0685e+00
6.0000e+01 -4.0000e+01 -5.7460e+00
6.0000e+01 -3.0000e+01 -1.0028e+01
6.0000e+01 -2.0000e+01 -8.9973e+00
6.0000e+01 -1.0000e+01 -7.5294e+00
6.0000e+01 0.0000e+00 -1.1257e+01
6.0000e+01 1.0000e+01 -7.7096e+00
6.0000e+01 2.0000e+01 -1.0993e+01
6.0000e+01 3.0000e+01 -5.9080e+00
6.0000e+01 4.0000e+01 -5.6824e+00
6.0000e+01 5.0000e+01 -6.0342e+00
6.0000e+01 6.0000e+01 -5.7278e+00
6.0000e+01 7.0000e+01 -4.4929e+00
6.0000e+01 8.0000e+01 -4.0819e+00
6.0000e+01 9.0000e+01 1.5428e+00
6.0000e+01 1.0000e+02 -1.0737e+00
6.0000e+01 1.1000e+02 -3.9609e+00
6.0000e+01 1.2000e+02 -8.7773e-01
6.0000e+01 1.3000e+02 1.6047e+00
6.0000e+01 1.4000e+02 -1.3846e+00
6.0000e+01 1.5000e+02 -2.9160e-01
6.0000e+01 1.6000e+02 1.2469e-01
6.0000e+01 1.7000e+02 2.4712e+00
6.0000e+01 1.8000e+02 -1.5754e+00
6.0000e+01 1.9000e+02 1.7869e+00
6.0000e+01 2.0000e+02 5.3762e-01
7.0000e+01 -2.0000e+02 -9.3238e-01
7.0000e+01 -1.9000e+02 1.4237e+00
7.0000e+01 -1.8000e+02 9.8841e-01
7.0000e+01 -1.7000e+02 3.1060e+00
7.0000e+01 -1.6000e+02 2.0507e+00
7.0000e+01 -1.5000e+02 -1.6640e+00
7.0000e+01 -1.4000e+02 3.9864e-01
7.0000e+01 -1.3000e+02 1.6797e+00
7.0000e+01 -1.2000e+02 2.9299e+00
7.0000e+01 -1.1000e+02 -2.4384e+00
7.0000e+01 -1.0000e+02 -2.0182e+00
7.0000e+01 -9.0000e+01 -2.6827e+00
7.0000e+01 -8.0000e+01 -4.4318e+00
7.0000e+01 -7.0000e+01 -3.0256e+00
7.0000e+01 -6.0000e+01 -4.0938e+00
7.0000e+01 -5.0000e+01 -2.5145e+00
7.0000e+01 -4.0000e+01 -5.3013e+00
7.0000e+01 -3.0000e+01 -5.3245e+00
7.0000e+01 -2.0000e+01 -7.3788e+00
7.0000e+01 -1.0000e+01 -8.7113e+00
7.0000e+01 0.0000e+00 -8.2040e+00
7.0000e+01 1.0000e+01 -4.6139e+00
7.0000e+01 2.0000e+01 -7.5776e+00
7.0000e+01 3.0000e+01 -6.3468e+00
7.0000e+01 4.0000e+01 -4.6626e+00
7.0000e+01 5.0000e+01 -2.7931e+00
7.0000e+01 6.0000e+01 -4.6313e+00
7.0000e+01 7.0000e+01 -4.1503e+00
7.0000e+01 8.0000e+01 -4.0113e+00
7.0000e+01 9.0000e+01 -2.3391e+00
7.0000e+01 1.0000e+02 -2.5196e+00
7.0000e+01 1.1000e+02 -1.8041e+00
7.0000e+01 1.2000e+02 -3.5050e-01
7.0000e+01 1.3000e+02 -9.7367e-01
7.0000e+01 1.4000e+02 -1.6296e+00
7.0000e+01 1.5000e+02 6.4923e-01
7.0000e+01 1.6000e+02 -5.7818e-01
7.0000e+01 1.7000e+02 1.5647e+00
7.0000e+01 1.8000e+02 3.3266e-02
7.0000e+01 1.9000e+02 -2.2153e+00
7.0000e+01 2.0000e+02 1.1864e+00
8.0000e+01 -2.0000e+02 -1.1052e+00
8.0000e+01 -1.9000e+02 -1.1963e+00
8.0000e+01 -1.8000e+02 -4.9012e-01
8.0000e+01 -1.7000e+02 -9.7345e-01
8.0000e+01 -1.6000e+02 -8.2689e-02
8.0000e+01 -1.5000e+02 -1.7028e+00
8.0000e+01 -1.4000e+02 -1.3049e+00
8.0000e+01 -1.3000e+02 -8.0013e-01
8.0000e+01 -1.2000e+02 4.5565e-01
8.0000e+01 -1.1000e+02 -3.7735e+00
8.0000e+01 -1.0000e+02 -2.0472e+00
8.0000e+01 -9.0000e+01 -2.9312e-01
8.0000e+01 -8.0000e+01 -2.5870e+00
8.0000e+01 -7.0000e+01 -4.2305e+00
8.0000e+01 -6.0000e+01 -4.7142e+00
8.0000e+01 -5.0000e+01 -5.2775e+00
8.0000e+01 -4.0000e+01 -4.2079e+00
8.0000e+01 -3.0000e+01 -6.8368e+00
8.0000e+01 -2.0000e+01 -5.2376e+00
8.0000e+01 -1.0000e+01 -8.2496e+00
8.0000e+01 0.0000e+00 -4.5161e+00
8.0000e+01 1.0000e+01 -3.3660e+00
8.0000e+01 2.0000e+01 -4.1448e+00
8.0000e+01 3.0000e+01 -2.3316e+00
8.0000e+01 4.0000e+01 -5.0997e+00
8.0000e+01 5.0000e+01 -4.9915e+00
8.0000e+01 6.0000e+01 -1.6684e+00
8.0000e+01 7.0000e+01 -3.7544e+00
8.0000e+01 8.0000e+01 -4.1582e-01
8.0000e+01 9.0000e+01 -1.7427e+00
8.0000e+01 1.0000e+02 -1.9411e+00
8.0000e+01 1.1000e+02 -4.2746e-01
8.0000e+01 1.2000e+02 1.0696e+00
8.0000e+01 1.3000e+02 1.7473e-01
8.0000e+01 1.4000e+02 2.1040e+00
8.0000e+01 1.5000e+02 -7.7519e-01
8.0000e+01 1.6000e+02 -1.1975e+00
8.0000e+01 1.7000e+02 -2.5909e+00
8.0000e+01 1.8000e+02 9.0479e-01
8.0000e+01 1.9000e+02 -1.1794e+00
8.0000e+01 2.0000e+02 -1.4620e+00
9.0000e+01 -2.0000e+02 1.1247e+00
9.0000e+01 -1.9000e+02 2.5778e+00
9.0000e+01 -1.8000e+02 2.7557e+00
9.0000e+01 -1.7000e+02 2.9046e+00
9.0000e+01 -1.6000e+02 1.6308e+00
9.0000e+01 -1.5000e+02 1.9405e+00
9.0000e+01 -1.4000e+02 -2.8611e-01
9.0000e+01 -1.3000e+02 2.9650e-01
9.0000e+01 -1.2000e+02 -1.5216e+00
9.0000e+01 -1.1000e+02 2.4301e-01
9.0000e+01 -1.0000e+02 -1.7727e+00
9.0000e+01 -9.0000e+01 -3.5584e+00
9.0000e+01 -8.0000e+01 1.0167e+00
9.0000e+01 -7.0000e+01 -3.0671e+00
9.0000e+01 -6.0000e+01 -6.0557e+00
9.0000e+01 -5.0000e+01 -1.4045e+00
9.0000e+01 -4.0000e+01 -5.8383e+00
9.0000e+01 -3.0000e+01 -2.0409e+00
9.0000e+01 -2.0000e+01 -4.6203e+00
9.0000e+01 -1.0000e+01 -5.5192e+00
9.0000e+01 0.0000e+00 -5.7689e+00
9.0000e+01 1.0000e+01 -3.2527e+00
9.0000e+01 2.0000e+01 -5.5012e+00
9.0000e+01 3.0000e+01 -6.0543e+00
9.0000e+01 4.0000e+01 2.3710e+00
9.0000e+01 5.0000e+01 -6.6302e-01
9.0000e+01 6.0000e+01 -4.3848e+00
9.0000e+01 7.0000e+01 7.2552e-01
9.0000e+01 8.0000e+01 -2.5937e+00
9.0000e+01 9.0000e+01 5.5303e-01
9.0000e+01 1.0000e+02 1.6697e+00
9.0000e+01 1.1000e+02 7.7826e-01
9.0000e+01 1.2000e+02 -1.9990e-01
9.0000e+01 1.3000e+02 7.1376e-01
9.0000e+01 1.4000e+02 1.3959e+00
9.0000e+01 1.5000e+02 -1.4657e+00
9.0000e+01 1.6000e+02 -6.0532e-01
9.0000e+01 1.7000e+02 -2.0172e+00
9.0000e+01 1.8000e+02 -2.0314e+00
9.0000e+01 1.9000e+02 -6.4524e-01
9.0000e+01 2.0000e+02 2.2767e+00
1.0000e+02 -2.0000e+02 -1.2248e+00
1.0000e+02 -1.9000e+02 2.8766e+00
1.0000e+02 -1.8000e+02 -2.5804e-01
1.0000e+02 -1.7000e+02 -4.4339e-01
1.0000e+02 -1.6000e+02 8.4153e-01
1.0000e+02 -1.5000e+02 6.1548e-01
1.0000e+02 -1.4000e+02 7.8268e-01
1.0000e+02 -1.3000e+02 1.2123e+00
1.0000e+02 -1.2000e+02 -7.1607e-01
1.0000e+02 -1.1000e+02 -1.3668e+00
1.0000e+02 -1.0000e+02 5.1671e-01
1.0000e+02 -9.0000e+01 2.3013e+00
1.0000e+02 -8.0000e+01 -3.6627e-01
1.0000e+02 -7.0000e+01 -1.7960e+00
1.0000e+02 -6.0000e+01 -2.2412e+00
1.0000e+02 -5.0000e+01 -2.2498e-01
1.0000e+02 -4.0000e+01 -1.4981e+00
1.0000e+02 -3.0000e+01 -3.4258e+00
1.0000e+02 -2.0000e+01 -6.1105e-01
1.0000e+02 -1.0000e+01 -3.2637e+00
1.0000e+02 0.0000e+00 -6.2786e+00
1.0000e+02 1.0000e+01 -3.4917e+00
1.0000e+02 2.0000e+01 -1.9429e+00
1.0000e+02 3.0000e+01 -8.3882e-01
1.0000e+02 4.0000e+01 -2.0460e+00
1.0000e+02 5.0000e+01 -2.9078e+00
1.0000e+02 6.0000e+01 -4.5023e-01
1.0000e+02 7.0000e+01 -1.5071e+00
1.0000e+02 8.0000e+01 -4.1402e+00
1.0000e+02 9.0000e+01 2.9466e+00
1.0000e+02 1.0000e+02 -1.0967e+00
1.0000e+02 1.1000e+02 1.1271e+00
1.0000e+02 1.2000e+02 -7.8422e-01
1.0000e+02 1.3000e+02 2.1009e+00
1.0000e+02 1.4000e+02 -1.3624e-01
1.0000e+02 1.5000e+02 5.9391e-01
1.0000e+02 1.6000e+02 7.2824e-01
1.0000e+02 1.7000e+02 -8.9659e-01
1.0000e+02 1.8000e+02 -2.6093e+00
1.0000e+02 1.9000e+02 -7.4693e-01
1.0000e+02 2.0000e+02 -2.3934e+00
1.1000e+02 -2.0000e+02 1.4198e-01
1.1000e+02 -1.9000e+02 8.1744e-01
1.1000e+02 -1.8000e+02 3.9598e-01
1.1000e+02 -1.7000e+02 -3.2053e+00
1.1000e+02 -1.6000e+02 -4.6929e-01
1.1000e+02 -1.5000e+02 -1.9852e+00
1.1000e+02 -1.4000e+02 1.4074e+00
1.1000e+02 -1.3000e+02 -1.2302e+00
1.1000e+02 -1.2000e+02 6.0793e-01
1.1000e+02 -1.1000e+02 8.1149e-01
1.1000e+02 -1.0000e+02 -4.1924e-01
1.1000e+02 -9.0000e+01 4.4538e-01
1.1000e+02 -8.0000e+01 -1.1541e+00
1.1000e+02 -7.0000e+01 -7.9208e-01
1.1000e+02 -6.0000e+01 -3.8671e+00
1.1000e+02 -5.0000e+01 -2.8910e-01
1.1000e+02 -4.0000e+01 -1.3895e+00
1.1000e+02 -3.0000e+01 -1.2987e+00
1.1000e+02 -2.0000e+01 -3.0784e+00
1.1000e+02 -1.0000e+01 -1.7397e+00
1.1000e+02 0.0000e+00 -2.4975e+00
1.1000e+02 1.0000e+01 -4.8367e-01
1.1000e+02 2.0000e+01 -8.4514e-01
1.1000e+02 3.0000e+01 -8.6795e-01
1.1000e+02 4.0000e+01 1.3145e+00
1.1000e+02 5.0000e+01 -1.0471e+00
1.1000e+02 6.0000e+01 -3.7890e-01
1.1000e+02 7.0000e+01 -1.4674e+00
1.1000e+02 8.0000e+01 -4.6951e-01
1.1000e+02 9.0000e+01 2.8817e+00
1.1000e+02 1.0000e+02 -1.5114e+00
1.1000e+02 1.1000e+02 -3.3456e+00
1.1000e+02 1.2000e+02 -6.9715e-01
1.1000e+02 1.3000e+02 -1.2323e+00
1.1000e+02 1.4000e+02 1.9554e+00
1.1000e+02 1.5000e+02 -6.7266e-01
1.1000e+02 1.6000e+02 -1.7152e+00
1.1000e+02 1.7000e+02 2.0243e+00
1.1000e+02 1.8000e+02 -2.0832e+00
1.1000e+02 1.9000e+02 1.3084e+00
1.1000e+02 2.0000e+02 4.3809e-03
1.2000e+02 -2.0000e+02 -7.3046e-01
1.2000e+02 -1.9000e+02 -5.6535e-01
1.2000e+02 -1.8000e+02 -1.0614e+00
1.2000e+02 -1.7000e+02 2.0520e+00
1.2000e+02 -1.6000e+02 6.4643e-01
1.2000e+02 -1.5000e+02 -1.5975e+00
1.2000e+02 -1.4000e+02 3.1715e+00
1.2000e+02 -1.3000e+02 3.4519e+00
1.2000e+02 -1.2000e+02 -5.1225e-01
1.2000e+02 -1.1000e+02 -4.4606e-02
1.2000e+02 -1.0000e+02 1.6371e-01
1.2000e+02 -9.0000e+01 -2.0803e+00
1.2000e+02 -8.0000e+01 -1.6972e+00
1.2000e+02 -7.0000e+01 6.8227e-03
1.2000e+02 -6.0000e+01 -7.1629e-01
1.2000e+02 -5.0000e+01 -1.1910e+00
1.2000e+02 -4.0000e+01 -2.9825e+00
1.2000e+02 -3.0000e+01 -2.6994e+00
1.2000e+02 -2.0000e+01 -1.5948e+00
1.2000e+02 -1.0000e+01 -3.7694e+00
1.2000e+02 0.0000e+00 -1.7194e+00
1.2000e+02 1.0000e+01 -2.9062e+00
1.2000e+02 2.0000e+01 -3.3550e-01
1.2000e+02 3.0000e+01 -5.7048e-01
1.2000e+02 4.0000e+01 -5.2324e-02
1.2000e+02 5.0000e+01 -2.4703e+00
1.2000e+02 6.0000e+01 1.0448e+00
1.2000e+02 7.0000e+01 -2.2557e+00
1.2000e+02 8.0000e+01 -7.3763e-01
1.2000e+02 9.0000e+01 7.9818e-01
1.2000e+02 1.0000e+02 3.8707e-01
1.2000e+02 1.1000e+02 -2.8701e-01
1.2000e+02 1.2000e+02 -1.1830e+00
1.2000e+02 1.3000e+02 -4.3394e-01
1.2000e+02 1.4000e+02 -1.7299e-02
1.2000e+02 1.5000e+02 9.8642e-01
1.2000e+02 1.6000e+02 -1.3672e+00
1.2000e+02 1.7000e+02 4.0629e+00
1.2000e+02 1.8000e+02 -4.4860e-01
1.2000e+02 1.9000e+02 2.5312e-01
1.2000e+02 2.0000e+02 8.7507e-01
1.3000e+02 -2.0000e+02 -1.2378e+00
1.3000e+02 -1.9000e+02 -2.8061e-01
1.3000e+02 -1.8000e+02 2.6654e+00
1.3000e+02 -1.7000e+02 -2.7572e-01
1.3000e+02 -1.6000e+02 2.2132e+00
1.3000e+02 -1.5000e+02 1.5414e+00
1.3000e+02 -1.4000e+02 1.0832e-01
1.3000e+02 -1.3000e+02 -8.5023e-01
1.3000e+02 -1.2000e+02 5.8424e-01
1.3000e+02 -1.1000e+02 -1.0389e+00
1.3000e+02 -1.0000e+02 -1.4317e+00
1.3000e+02 -9.0000e+01 -7.8352e-01
1.3000e+02 -8.0000e+01 1.2093e+00
1.3000e+02 -7.0000e+01 -2.5650e+00
1.3000e+02 -6.0000e+01 -4.9253e-01
1.3000e+02 -5.0000e+01 -1.7096e+00
1.3000e+02 -4.0000e+01 -1.1665e+00
1.3000e+02 -3.0000e+01 -5.5183e-01
1.3000e+02 -2.0000e+01 -2.6063e+00
1.3000e+02 -1.0000e+01 -1.8327e+00
1.3000e+02 0.0000e+00 -1.1430e+00
1.3000e+02 1.0000e+01 5.7046e-01
1.3000e+02 2.0000e+01 -2.8483e-01
1.3000e+02 3.0000e+01 -4.5665e-01
1.3000e+02 4.0000e+01 -9.3167e-01
1.3000e+02 5.0000e+01 6.3088e-01
1.3000e+02 6.0000e+01 1.6675e+00
1.3000e+02 7.0000e+01 2.8245e+00
1.3000e+02 8.0000e+01 2.6706e+00
1.3000e+02 9.0000e+01 -3.5426e-02
1.3000e+02 1.0000e+02 2.2787e-01
1.3000e+02 1.1000e+02 -1.4116e-01
1.3000e+02 1.2000e+02 1.0596e-01
1.3000e+02 1.3000e+02 9.0282e-01
1.3000e+02 1.4000e+02 3.9606e+00
1.3000e+02 1.5000e+02 -8.6948e-01
1.3000e+02 1.6000e+02 -1.6601e+00
1.3000e+02 1.7000e+02 -9.9205e-01
1.3000e+02 1.8000e+02 -3.9526e-01
1.3000e+02 1.9000e+02 3.0201e-01
1.3000e+02 2.0000e+02 2.6015e+00
1.4000e+02 -2.0000e+02 -2.2875e-02
1.4000e+02 -1.9000e+02 1.3419e-01
1.4000e+02 -1.8000e+02 3.1858e+00
1.4000e+02 -1.7000e+02 3.7708e-01
1.4000e+02 -1.6000e+02 7.6445e-01
1.4000e+02 -1.5000e+02 -1.6649e+00
1.4000e+02 -1.4000e+02 4.4679e-01
1.4000e+02 -1.3000e+02 -2.1823e+00
1.4000e+02 -1.2000e+02 1.3281e-01
1.4000e+02 -1.1000e+02 5.9397e-01
1.4000e+02 -1.0000e+02 2.6761e+00
1.4000e+02 -9.0000e+01 -5.4248e-01
1.4000e+02 -8.0000e+01 -2.9864e-01
1.4000e+02 -7.0000e+01 -6.3901e-01
1.4000e+02 -6.0000e+01 -8.2975e-01
1.4000e+02 -5.0000e+01 -2.4199e+00
1.4000e+02 -4.0000e+01 2.7137e-01
1.4000e+02 -3.0000e+01 -2.7915e+00
1.4000e+02 -2.0000e+01 -1.8464e+00
1.4000e+02 -1.0000e+01 -8.8254e-01
1.4000e+02 0.0000e+00 -6.3136e-01
1.4000e+02 1.0000e+01 -8.8204e-01
1.4000e+02 2.0000e+01 -2.6163e+00
1.4000e+02 3.0000e+01 -1.7423e+00
1.4000e+02 4.0000e+01 -3.7101e+00
1.4000e+02 5.0000e+01 -4.3385e-01
1.4000e+02 6.0000e+01 -5.2748e-01
1.4000e+02 7.0000e+01 1.1376e+00
1.4000e+02 8.0000e+01 -6.6029e-01
1.4000e+02 9.0000e+01 2.1465e+00
1.4000e+02 1.0000e+02 -6.1497e-02
1.4000e+02 1.1000e+02 1.2578e+00
1.4000e+02 1.2000e+02 -6.9101e-01
1.4000e+02 1.3000e+02 1.5236e+00
1.4000e+02 1.4000e+02 1.2831e+00
1.4000e+02 1.5000e+02 1.6031e+00
1.4000e+02 1.6000e+02 -2.3345e-02
1.4000e+02 1.7000e+02 -1.2320e+00
1.4000e+02 1.8000e+02 1.5448e+00
1.4000e+02 1.9000e+02 1.4708e+00
1.4000e+02 2.0000e+02 -7.5666e-01
1.5000e+02 -2.0000e+02 1.3180e+00
1.5000e+02 -1.9000e+02 -4.6904e-01
1.5000e+02 -1.8000e+02 -2.7749e+00
1.5000e+02 -1.7000e+02 2.4015e+00
1.5000e+02 -1.6000e+02 -2.3016e+00
1.5000e+02 -1.5000e+02 -7.3737e-02
1.5000e+02 -1.4000e+02 -7.6840e-01
1.5000e+02 -1.3000e+02 -4.9334e-01
1.5000e+02 -1.2000e+02 -1.1269e-01
1.5000e+02 -1.1000e+02 -3.2242e-01
1.5000e+02 -1.0000e+02 4.5092e-01
1.5000e+02 -9.0000e+01 1.7499e+00
1.5000e+02 -8.0000e+01 -1.9706e+00
1.5000e+02 -7.0000e+01 1.6486e-01
1.5000e+02 -6.0000e+01 -4.4727e+00
1.5000e+02 -5.0000e+01 1.2891e+00
1.5000e+02 -4.0000e+01 -7.0113e-01
1.5000e+02 -3.0000e+01 -1.2424e+00
1.5000e+02 -2.0000e+01 -3.8965e-02
1.5000e+02 -1.0000e+01 -1.0354e+00
1.5000e+02 0.0000e+00 1.0806e+00
1.5000e+02 1.0000e+01 -9.0439e-01
1.5000e+02 2.0000e+01 -3.9419e-01
1.5000e+02 3.0000e+01 -6.5424e-01
1.5000e+02 4.0000e+01 6.0206e-01
1.5000e+02 5.0000e+01 -4.4393e-01
1.5000e+02 6.0000e+01 1.3875e+00
1.5000e+02 7.0000e+01 2.2092e+00
1.5000e+02 8.0000e+01 -1.4314e+00
1.5000e+02 9.0000e+01 -1.9299e+00
1.5000e+02 1.0000e+02 -6.1098e-01
1.5000e+02 1.1000e+02 5.5155e-01
1.5000e+02 1.2000e+02 -4.9173e-01
1.5000e+02 1.3000e+02 -1.2762e+00
1.5000e+02 1.4000e+02 9.5754e-01
1.5000e+02 1.5000e+02 8.8321e-01
1.5000e+02 1.6000e+02 -1.6873e+00
1.5000e+02 1.7000e+02 -1.2129e+00
1.5000e+02 1.8000e+02 1.3584e+00
1.5000e+02 1.9000e+02 4.6531e-01
1.5000e+02 2.0000e+02 9.4236e-01
1.6000e+02 -2.0000e+02 -1.4127e+00
1.6000e+02 -1.9000e+02 1.0405e+00
1.6000e+02 -1.8000e+02 2.1910e+00
1.6000e+02 -1.7000e+02 -2.5804e-01
1.6000e+02 -1.6000e+02 1.0237e-01
1.6000e+02 -1.5000e+02 9.8916e-01
1.6000e+02 -1.4000e+02 -4.1001e+00
1.6000e+02 -1.3000e+02 5.7164e-01
1.6000e+02 -1.2000e+02 -2.3060e+00
1.6000e+02 -1.1000e+02 -4.3936e-01
1.6000e+02 -1.0000e+02 -5.8249e-02
1.6000e+02 -9.0000e+01 -1.6269e+00
1.6000e+02 -8.0000e+01 3.4294e-01
1.6000e+02 -7.0000e+01 -1.3421e+00
1.6000e+02 -6.0000e+01 1.2992e-01
1.6000e+02 -5.0000e+01 -3.8536e-01
1.6000e+02 -4.0000e+01 1.1922e+00
1.6000e+02 -3.0000e+01 -2.6165e-01
1.6000e+02 -2.0000e+01 1.0206e+00
1.6000e+02 -1.0000e+01 -1.9843e+00
1.6000e+02 0.0000e+00 2.0240e+00
1.6000e+02 1.0000e+01 3.0108e-01
1.6000e+02 2.0000e+01 -2.9410e+00
1.6000e+02 3.0000e+01 2.4748e-01
1.6000e+02 4.0000e+01 1.2943e+00
1.6000e+02 5.0000e+01 7.5446e-01
1.6000e+02 6.0000e+01 5.5580e-01
1.6000e+02 7.0000e+01 4.0469e-01
1.6000e+02 8.0000e+01 -7.6529e-01
1.6000e+02 9.0000e+01 8.1122e-01
1.6000e+02 1.0000e+02 2.2018e+00
1.6000e+02 1.1000e+02 2.3695e+00
1.6000e+02 1.2000e+02 -3.4023e-01
1.6000e+02 1.3000e+02 -2.8955e-01
1.6000e+02 1.4000e+02 -4.0668e-01
1.6000e+02 1.5000e+02 1.1926e+00
1.6000e+02 1.6000e+02 -2.6681e+00
1.6000e+02 1.7000e+02 -3.3908e-01
1.6000e+02 1.8000e+02 1.7543e+00
1.6000e+02 1.9000e+02 -1.2483e+00
1.6000e+02 2.0000e+02 1.9550e+00
1.7000e+02 -2.0000e+02 1.5448e+00
1.7000e+02 -1.9000e+02 2.1043e+00
1.7000e+02 -1.8000e+02 -1.0646e+00
1.7000e+02 -1.7000e+02 -6.6067e-02
1.7000e+02 -1.6000e+02 -4.0374e-01
1.7000e+02 -1.5000e+02 1.1141e+00
1.7000e+02 -1.4000e+02 -1.1308e+00
1.7000e+02 -1.3000e+02 -2.0442e+00
1.7000e+02 -1.2000e+02 1.8632e+00
1.7000e+02 -1.1000e+02 2.2375e+00
1.7000e+02 -1.0000e+02 9.4530e-01
1.7000e+02 -9.0000e+01 4.0800e-01
1.7000e+02 -8.0000e+01 2.8361e-01
1.7000e+02 -7.0000e+01 1.5037e+00
1.7000e+02 -6.0000e+01 -2.9963e+00
1.7000e+02 -5.0000e+01 1.2400e+00
1.7000e+02 -4.0000e+01 -2.0739e+00
1.7000e+02 -3.0000e+01 -2.9422e+00
1.7000e+02 -2.0000e+01 5.4872e-01
1.7000e+02 -1.0000e+01 -1.0821e+00
1.7000e+02 0.0000e+00 -1.0343e+00
1.7000e+02 1.0000e+01 1.1598e+00
1.7000e+02 2.0000e+01 -1.0050e+00
1.7000e+02 3.0000e+01 -3.2231e+00
1.7000e+02 4.0000e+01 6.1051e-02
1.7000e+02 5.0000e+01 3.3511e-01
1.7000e+02 6.0000e+01 1.5540e+00
1.7000e+02 7.0000e+01 7.6735e-01
1.7000e+02 8.0000e+01 4.2329e-01
1.7000e+02 9.0000e+01 3.1484e-01
1.7000e+02 1.0000e+02 -2.5170e-01
1.7000e+02 1.1000e+02 4.6485e-01
1.7000e+02 1.2000e+02 -1.4654e+00
1.7000e+02 1.3000e+02 -1.7782e+00
1.7000e+02 1.4000e+02 3.0971e+00
1.7000e+02 1.5000e+02 -4.4806e+00
1.7000e+02 1.6000e+02 -3.0188e+00
1.7000e+02 1.7000e+02 -3.9501e-01
1.7000e+02 1.8000e+02 1.3342e+00
1.7000e+02 1.9000e+02 -1.4836e+00
1.7000e+02 2.0000e+02 -1.1287e+00
1.8000e+02 -2.0000e+02 2.3278e+00
1.8000e+02 -1.9000e+02 -1.5817e-01
1.8000e+02 -1.8000e+02 -5.8210e-01
1.8000e+02 -1.7000e+02 -1.4620e+00
1.8000e+02 -1.6000e+02 1.6561e+00
1.8000e+02 -1.5000e+02 -1.4692e+00
1.8000e+02 -1.4000e+02 4.9177e-01
1.8000e+02 -1.3000e+02 9.4605e-01
1.8000e+02 -1.2000e+02 8.0853e-01
1.8000e+02 -1.1000e+02 4.2850e-01
1.8000e+02 -1.0000e+02 -8.1997e-01
1.8000e+02 -9.0000e+01 1.0587e+00
1.8000e+02 -8.0000e+01 -1.9032e+00
1.8000e+02 -7.0000e+01 2.2024e+00
1.8000e+02 -6.0000e+01 -1.3152e+00
1.8000e+02 -5.0000e+01 7.7652e-01
1.8000e+02 -4.0000e+01 -1.6967e+00
1.8000e+02 -3.0000e+01 -1.8780e-01
1.8000e+02 -2.0000e+01 3.3314e-01
1.8000e+02 -1.0000e+01 -1.2637e+00
1.8000e+02 0.0000e+00 6.7605e-01
1.8000e+02 1.0000e+01 2.7876e+00
1.8000e+02 2.0000e+01 -7.0553e-01
1.8000e+02 3.0000e+01 -2.1285e-01
1.8000e+02 4.0000e+01 -3.9408e+00
1.8000e+02 5.0000e+01 9.5392e-01
1.8000e+02 6.0000e+01 -6.9878e-01
1.8000e+02 7.0000e+01 3.6942e-01
1.8000e+02 8.0000e+01 -1.5729e+00
1.8000e+02 9.0000e+01 1.5145e+00
1.8000e+02 1.0000e+02 1.6104e+00
1.8000e+02 1.1000e+02 -2.7188e+00
1.8000e+02 1.2000e+02 -5.0179e-01
1.8000e+02 1.3000e+02 -4.0962e-01
1.8000e+02 1.4000e+02 8.0985e-01
1.8000e+02 1.5000e+02 -9.3936e-01
1.8000e+02 1.6000e+02 -2.3621e-01
1.8000e+02 1.7000e+02 4.6892e+00
1.8000e+02 1.8000e+02 -7.7089e-01
1.8000e+02 1.9000e+02 3.3410e-01
1.8000e+02 2.0000e+02 -9.2213e-02
1.9000e+02 -2.0000e+02 -1.1937e+00
1.9000e+02 -1.9000e+02 6.9870e-01
1.9000e+02 -1.8000e+02 -2.3772e+00
1.9000e+02 -1.7000e+02 -5.2940e-01
1.9000e+02 -1.6000e+02 -2.0219e-01
1.9000e+02 -1.5000e+02 -3.7311e-01
1.9000e+02 -1.4000e+02 4.3426e-01
1.9000e+02 -1.3000e+02 -7.0184e-01
1.9000e+02 -1.2000e+02 -1.6123e-01
1.9000e+02 -1.1000e+02 2.4378e+00
1.9000e+02 -1.0000e+02 7.7864e-01
1.9000e+02 -9.0000e+01 -2.0311e+00
1.9000e+02 -8.0000e+01 -3.5558e+00
1.9000e+02 -7.0000e+01 1.2911e+00
1.9000e+02 -6.0000e+01 -1.7442e+00
1.9000e+02 -5.0000e+01 2.8094e+00
1.9000e+02 -4.0000e+01 -1.4522e-01
1.9000e+02 -3.0000e+01 -8.6659e-01
1.9000e+02 -2.0000e+01 1.3845e-01
1.9000e+02 -1.0000e+01 -1.8651e+00
1.9000e+02 0.0000e+00 5.1676e-01
1.9000e+02 1.0000e+01 -3.7885e+00
1.9000e+02 2.0000e+01 -1.4781e+00
1.9000e+02 3.0000e+01 -2.0424e+00
1.9000e+02 4.0000e+01 -1.8264e+00
1.9000e+02 5.0000e+01 -4.3726e-01
1.9000e+02 6.0000e+01 2.6279e+00
1.9000e+02 7.0000e+01 1.5605e+00
1.9000e+02 8.0000e+01 1.1352e+00
1.9000e+02 9.0000e+01 -3.1850e+00
1.9000e+02 1.0000e+02 1.8988e-02
1.9000e+02 1.1000e+02 -4.0791e-01
1.9000e+02 1.2000e+02 3.5734e-01
1.9000e+02 1.3000e+02 1.2778e+00
1.9000e+02 1.4000e+02 -1.1916e+00
1.9000e+02 1.5000e+02 -3.6318e-01
1.9000e+02 1.6000e+02 -1.7664e-01
1.9000e+02 1.7000e+02 6.9576e-01
1.9000e+02 1.8000e+02 -1.3624e+00
1.9000e+02 1.9000e+02 1.7291e+00
1.9000e+02 2.0000e+02 -4.9976e-01
2.0000e+02 -2.0000e+02 2.3179e-01
2.0000e+02 -1.9000e+02 -5.0331e+00
2.0000e+02 -1.8000e+02 4.3328e-01
2.0000e+02 -1.7000e+02 -1.7106e+00
2.0000e+02 -1.6000e+02 -3.7535e-01
2.0000e+02 -1.5000e+02 1.4649e+00
2.0000e+02 -1.4000e+02 -1.4612e-01
2.0000e+02 -1.3000e+02 6.1983e-01
2.0000e+02 -1.2000e+02 1.1660e+00
2.0000e+02 -1.1000e+02 -2.0669e+00
2.0000e+02 -1.0000e+02 8.8880e-01
2.0000e+02 -9.0000e+01 -2.2274e+00
2.0000e+02 -8.0000e+01 1.0554e+00
2.0000e+02 -7.0000e+01 -1.5221e+00
2.0000e+02 -6.0000e+01 -1.9501e+00
2.0000e+02 -5.0000e+01 -9.0927e-02
2.0000e+02 -4.0000e+01 -3.5144e-01
2.0000e+02 -3.0000e+01 6.1967e-01
2.0000e+02 -2.0000e+01 3.1857e+00
2.0000e+02 -1.0000e+01 -1.5598e+00
2.0000e+02 0.0000e+00 -1.3348e-01
2.0000e+02 1.0000e+01 1.0207e-01
2.0000e+02 2.0000e+01 4.0350e-01
2.0000e+02 3.0000e+01 -1.8018e+00
2.0000e+02 4.0000e+01 -1.1854e+00
2.0000e+02 5.0000e+01 1.0371e+00
2.0000e+02 6.0000e+01 4.3756e-01
2.0000e+02 7.0000e+01 -1.1135e-01
2.0000e+02 8.0000e+01 -1.4116e+00
2.0000e+02 9.0000e+01 -1.4727e+00
2.0000e+02 1.0000e+02 1.9417e+00
2.0000e+02 1.1000e+02 1.3691e+00
2.0000e+02 1.2000e+02 1.6793e-01
2.0000e+02 1.3000e+02 -6.1219e-01
2.0000e+02 1.4000e+02 -9.3567e-01
2.0000e+02 1.5000e+02 -2.9668e-01
2.0000e+02 1.6000e+02 1.0353e+00
2.0000e+02 1.7000e+02 4.8520e+00
2.0000e+02 1.8000e+02 1.6522e+00
2.0000e+02 1.9000e+02 -1.5086e-01
2.0000e+02 2.0000e+02 -2.5467e-01
