-2.0000e+02 -2.0000e+02 -1.6200e+00
-2.0000e+02 -1.9000e+02 -7.1614e-01
-2.0000e+02 -1.8000e+02 3.6106e-01
-2.0000e+02 -1.7000e+02 -4.6529e-02
-2.0000e+02 -1.6000e+02 -1.4472e+00
-2.0000e+02 -1.5000e+02 1.4605e-01
-2.0000e+02 -1.4000e+02 8.9913e-01
-2.0000e+02 -1.3000e+02 -2.4557e-01
-2.0000e+02 -1.2000e+02 -1.0704e+00
-2.0000e+02 -1.1000e+02 -9.7473e-01
-2.0000e+02 -1.0000e+02 2.6304e+00
-2.0000e+02 -9.0000e+01 -1.4069e+00
-2.0000e+02 -8.0000e+01 -4.2490e-01
-2.0000e+02 -7.0000e+01 2.1376e+00
-2.0000e+02 -6.0000e+01 1.7613e+00
-2.0000e+02 -5.0000e+01 5.8030e-01
-2.0000e+02 -4.0000e+01 2.2814e+00
-2.0000e+02 -3.0000e+01 2.0256e+00
-2.0000e+02 -2.0000e+01 1.0340e+00
-2.0000e+02 -1.0000e+01 -2.7845e+00
-2.0000e+02 0.0000e+00 3.5171e-01
-2.0000e+02 1.0000e+01 1.6826e+00
-2.0000e+02 2.0000e+01 -1.0007e+00
-2.0000e+02 3.0000e+01 -3.6279e-02
-2.0000e+02 4.0000e+01 1.0992e+00
-2.0000e+02 5.0000e+01 1.3571e-01
-2.0000e+02 6.0000e+01 4.4349e-01
-2.0000e+02 7.0000e+01 2.2536e+00
-2.0000e+02 8.0000e+01 -4.7218e-01
-2.0000e+02 9.0000e+01 6.3056e-01
-2.0000e+02 1.0000e+02 -2.7503e-01
-2.0000e+02 1.1000e+02 -2.2065e+00
-2.0000e+02 1.2000e+02 -2.2426e-02
-2.0000e+02 1.3000e+02 -9.9963e-01
-2.0000e+02 1.4000e+02 1.8396e-01
-2.0000e+02 1.5000e+02 -2.3693e+00
-2.0000e+02 1.6000e+02 -6.2301e-01
-2.0000e+02 1.7000e+02 -1.3295e+00
-2.0000e+02 1.8000e+02 5.3365e-01
-2.0000e+02 1.9000e+02 2.5782e+00
-2.0000e+02 2.0000e+02 5.8509e-01
-1.9000e+02 -2.0000e+02 4.2332e-02
-1.9000e+02 -1.9000e+02 -1.7030e+00
-1.9000e+02 -1.8000e+02 -1.5013e+00
-1.9000e+02 -1.7000e+02 -2.2028e+00
-1.9000e+02 -1.6000e+02 2.0137e+00
-1.9000e+02 -1.5000e+02 2.6973e-01
-1.9000e+02 -1.4000e+02 -3.8783e-01
-1.9000e+02 -1.3000e+02 -8.0617e-01
-1.9000e+02 -1.2000e+02 -1.2609e+00
-1.9000e+02 -1.1000e+02 1.0865e+00
-1.9000e+02 -1.0000e+02 -3.9786e-01
-1.9000e+02 -9.0000e+01 1.0422e+00
-1.9000e+02 -8.0000e+01 -2.2972e+00
-1.9000e+02 -7.0000e+01 2.0371e-01
-1.9000e+02 -6.0000e+01 2.1340e+00
-1.9000e+02 -5.0000e+01 -1.3058e+00
-1.9000e+02 -4.0000e+01 -9.3971e-01
-1.9000e+02 -3.0000e+01 1.8498e+00
-1.9000e+02 -2.0000e+01 1.7361e+00
-1.9000e+02 -1.0000e+01 -1.5547e+00
-1.9000e+02 0.0000e+00 -2.3242e+00
-1.9000e+02 1.0000e+01 -1.2135e+00
-1.9000e+02 2.0000e+01 -3.0076e+00
-1.9000e+02 3.0000e+01 -2.1817e-01
-1.9000e+02 4.0000e+01 3.0669e-01
-1.9000e+02 5.0000e+01 1.5615e-01
-1.9000e+02 6.0000e+01 -1.4307e-01
-1.9000e+02 7.0000e+01 -4.9906e-01
-1.9000e+02 8.0000e+01 1.7873e-01
-1.9000e+02 9.0000e+01 1.1660e-01
-1.9000e+02 1.0000e+02 8.5263e-01
-1.9000e+02 1.1000e+02 2.7315e-01
-1.9000e+02 1.2000e+02 -3.3043e-01
-1.9000e+02 1.3000e+02 1.5588e+00
-1.9000e+02 1.4000e+02 -1.1116e+00
-1.9000e+02 1.5000e+02 -6.5850e-01
-1.9000e+02 1.6000e+02 -3.6566e-01
-1.9000e+02 1.7000e+02 1.0619e+00
-1.9000e+02 1.8000e+02 -6.8869e-01
-1.9000e+02 1.9000e+02 -4.9220e-01
-1.9000e+02 2.0000e+02 -2.0815e+00
-1.8000e+02 -2.0000e+02 -1.8970e+00
-1.8000e+02 -1.9000e+02 -7.2261e-01
-1.8000e+02 -1.8000e+02 4.2859e-01
-1.8000e+02 -1.7000e+02 -2.8933e-01
-1.8000e+02 -1.6000e+02 2.3734e+00
-1.8000e+02 -1.5000e+02 2.0146e+00
-1.8000e+02 -1.4000e+02 1.5823e+00
-1.8000e+02 -1.3000e+02 -7.2523e-01
-1.8000e+02 -1.2000e+02 -1.1788e+00
-1.8000e+02 -1.1000e+02 -8.5690e-01
-1.8000e+02 -1.0000e+02 -1.1796e+00
-1.8000e+02 -9.0000e+01 4.7582e-02
-1.8000e+02 -8.0000e+01 6.1213e-01
-1.8000e+02 -7.0000e+01 1.3202e+00
-1.8000e+02 -6.0000e+01 -8.2669e-02
-1.8000e+02 -5.0000e+01 6.6180e-01
-1.8000e+02 -4.0000e+01 -1.8293e+00
-1.8000e+02 -3.0000e+01 1.1536e+00
-1.8000e+02 -2.0000e+01 1.3260e+00
-1.8000e+02 -1.0000e+01 -2.7231e+00
-1.8000e+02 0.0000e+00 -7.5370e-01
-1.8000e+02 1.0000e+01 -2.5549e+00
-1.8000e+02 2.0000e+01 -5.9272e-01
-1.8000e+02 3.0000e+01 -1.0229e+00
-1.8000e+02 4.0000e+01 -2.8049e-01
-1.8000e+02 5.0000e+01 2.1576e+00
-1.8000e+02 6.0000e+01 -7.0188e-01
-1.8000e+02 7.0000e+01 -6.0326e-01
-1.8000e+02 8.0000e+01 1.9444e-01
-1.8000e+02 9.0000e+01 6.7127e-01
-1.8000e+02 1.0000e+02 -1.3003e+00
-1.8000e+02 1.1000e+02 1.6615e+00
-1.8000e+02 1.2000e+02 1.8101e+00
-1.8000e+02 1.3000e+02 -6.7000e-01
-1.8000e+02 1.4000e+02 1.1482e+00
-1.8000e+02 1.5000e+02 2.8790e+00
-1.8000e+02 1.6000e+02 9.2081e-01
-1.8000e+02 1.7000e+02 -3.9561e-01
-1.8000e+02 1.8000e+02 6.4711e-01
-1.8000e+02 1.9000e+02 2.9140e+00
-1.8000e+02 2.0000e+02 -8.2449e-01
-1.7000e+02 -2.0000e+02 7.2713e-01
-1.7000e+02 -1.9000e+02 -5.8039e-01
-1.7000e+02 -1.8000e+02 -6.7057e-01
-1.7000e+02 -1.7000e+02 2.5799e-02
-1.7000e+02 -1.6000e+02 -8.7337e-01
-1.7000e+02 -1.5000e+02 1.0770e+00
-1.7000e+02 -1.4000e+02 -2.8897e+00
-1.7000e+02 -1.3000e+02 -1.0324e+00
-1.7000e+02 -1.2000e+02 -7.7516e-01
-1.7000e+02 -1.1000e+02 -1.0649e+00
-1.7000e+02 -1.0000e+02 4.4690e-01
-1.7000e+02 -9.0000e+01 -5.4072e-01
-1.7000e+02 -8.0000e+01 1.1645e+00
-1.7000e+02 -7.0000e+01 -1.0139e+00
-1.7000e+02 -6.0000e+01 -1.4400e+00
-1.7000e+02 -5.0000e+01 -1.7040e+00
-1.7000e+02 -4.0000e+01 -1.5634e+00
-1.7000e+02 -3.0000e+01 1.1418e+00
-1.7000e+02 -2.0000e+01 -6.1946e-01
-1.7000e+02 -1.0000e+01 -1.3749e+00
-1.7000e+02 0.0000e+00 -3.1760e+00
-1.7000e+02 1.0000e+01 -1.5848e+00
-1.7000e+02 2.0000e+01 -8.1679e-01
-1.7000e+02 3.0000e+01 -6.4353e-01
-1.7000e+02 4.0000e+01 2.2209e-01
-1.7000e+02 5.0000e+01 9.0529e-01
-1.7000e+02 6.0000e+01 -2.0253e+00
-1.7000e+02 7.0000e+01 -2.5840e+00
-1.7000e+02 8.0000e+01 2.0932e-01
-1.7000e+02 9.0000e+01 3.3234e+00
-1.7000e+02 1.0000e+02 -1.9269e+00
-1.7000e+02 1.1000e+02 4.9100e-02
-1.7000e+02 1.2000e+02 1.3372e+00
-1.7000e+02 1.3000e+02 9.1388e-02
-1.7000e+02 1.4000e+02 5.7085e-01
-1.7000e+02 1.5000e+02 -1.5085e+00
-1.7000e+02 1.6000e+02 -6.6890e-01
-1.7000e+02 1.7000e+02 1.1959e+00
-1.7000e+02 1.8000e+02 5.3912e-01
-1.7000e+02 1.9000e+02 -1.0621e+00
-1.7000e+02 2.0000e+02 -5.1638e-01
-1.6000e+02 -2.0000e+02 -5.2894e-01
-1.6000e+02 -1.9000e+02 1.9925e-01
-1.6000e+02 -1.8000e+02 -3.4677e+00
-1.6000e+02 -1.7000e+02 2.9818e-01
-1.6000e+02 -1.6000e+02 -2.2643e+00
-1.6000e+02 -1.5000e+02 -1.6920e+00
-1.6000e+02 -1.4000e+02 1.4786e+00
-1.6000e+02 -1.3000e+02 2.7468e+00
-1.6000e+02 -1.2000e+02 1.4611e+00
-1.6000e+02 -1.1000e+02 2.7238e-02
-1.6000e+02 -1.0000e+02 -1.7625e+00
-1.6000e+02 -9.0000e+01 1.2490e+00
-1.6000e+02 -8.0000e+01 3.5023e+00
-1.6000e+02 -7.0000e+01 1.5997e-02
-1.6000e+02 -6.0000e+01 -2.0322e+00
-1.6000e+02 -5.0000e+01 1.4472e+00
-1.6000e+02 -4.0000e+01 2.3317e+00
-1.6000e+02 -3.0000e+01 -1.3788e+00
-1.6000e+02 -2.0000e+01 9.6456e-01
-1.6000e+02 -1.0000e+01 -9.4314e-01
-1.6000e+02 0.0000e+00 3.4227e-01
-1.6000e+02 1.0000e+01 7.2260e-02
-1.6000e+02 2.0000e+01 -3.9317e+00
-1.6000e+02 3.0000e+01 2.3534e-02
-1.6000e+02 4.0000e+01 3.7098e-02
-1.6000e+02 5.0000e+01 -4.7506e-01
-1.6000e+02 6.0000e+01 -4.1974e-01
-1.6000e+02 7.0000e+01 1.0067e+00
-1.6000e+02 8.0000e+01 3.1386e-01
-1.6000e+02 9.0000e+01 -6.3880e-01
-1.6000e+02 1.0000e+02 -3.1252e+00
-1.6000e+02 1.1000e+02 1.6663e+00
-1.6000e+02 1.2000e+02 2.1709e+00
-1.6000e+02 1.3000e+02 -7.2396e-01
-1.6000e+02 1.4000e+02 -1.5165e+00
-1.6000e+02 1.5000e+02 1.4351e+00
-1.6000e+02 1.6000e+02 4.8353e-01
-1.6000e+02 1.7000e+02 -3.4841e-02
-1.6000e+02 1.8000e+02 1.1125e+00
-1.6000e+02 1.9000e+02 9.6865e-01
-1.6000e+02 2.0000e+02 4.4261e+00
-1.5000e+02 -2.0000e+02 -3.0849e-01
-1.5000e+02 -1.9000e+02 -5.8098e-01
-1.5000e+02 -1.8000e+02 1.0575e+00
-1.5000e+02 -1.7000e+02 -3.4379e+00
-1.5000e+02 -1.6000e+02 -1.8180e+00
-1.5000e+02 -1.5000e+02 -4.8428e-01
-1.5000e+02 -1.4000e+02 -1.3402e+00
-1.5000e+02 -1.3000e+02 -2.1300e+00
-1.5000e+02 -1.2000e+02 8.1979e-01
-1.5000e+02 -1.1000e+02 -6.2935e-01
-1.5000e+02 -1.0000e+02 -1.2982e+00
-1.5000e+02 -9.0000e+01 8.6344e-01
-1.5000e+02 -8.0000e+01 2.8895e-01
-1.5000e+02 -7.0000e+01 -7.8828e-01
-1.5000e+02 -6.0000e+01 -2.7816e+00
-1.5000e+02 -5.0000e+01 1.9961e+00
-1.5000e+02 -4.0000e+01 1.2239e+00
-1.5000e+02 -3.0000e+01 -1.1778e+00
-1.5000e+02 -2.0000e+01 5.1564e-01
-1.5000e+02 -1.0000e+01 -3.0965e+00
-1.5000e+02 0.0000e+00 -2.2855e+00
-1.5000e+02 1.0000e+01 1.6454e+00
-1.5000e+02 2.0000e+01 1.7346e+00
-1.5000e+02 3.0000e+01 1.9458e+00
-1.5000e+02 4.0000e+01 2.1384e+00
-1.5000e+02 5.0000e+01 -4.7319e-01
-1.5000e+02 6.0000e+01 -1.1635e+00
-1.5000e+02 7.0000e+01 1.1293e+00
-1.5000e+02 8.0000e+01 -1.4520e+00
-1.5000e+02 9.0000e+01 -5.0181e-01
-1.5000e+02 1.0000e+02 -1.1021e+00
-1.5000e+02 1.1000e+02 6.3919e-02
-1.5000e+02 1.2000e+02 4.4305e-01
-1.5000e+02 1.3000e+02 -1.3020e+00
-1.5000e+02 1.4000e+02 -1.3375e+00
-1.5000e+02 1.5000e+02 2.1161e+00
-1.5000e+02 1.6000e+02 -2.8009e+00
-1.5000e+02 1.7000e+02 1.5843e-01
-1.5000e+02 1.8000e+02 -3.1548e-01
-1.5000e+02 1.9000e+02 2.5289e+00
-1.5000e+02 2.0000e+02 1.1734e+00
-1.4000e+02 -2.0000e+02 -2.8929e-01
-1.4000e+02 -1.9000e+02 -3.0841e-01
-1.4000e+02 -1.8000e+02 -1.4032e+00
-1.4000e+02 -1.7000e+02 1.4476e+00
-1.4000e+02 -1.6000e+02 7.2036e-01
-1.4000e+02 -1.5000e+02 -1.8133e+00
-1.4000e+02 -1.4000e+02 1.3770e-01
-1.4000e+02 -1.3000e+02 -1.5376e+00
-1.4000e+02 -1.2000e+02 3.0865e-01
-1.4000e+02 -1.1000e+02 1.4954e-01
-1.4000e+02 -1.0000e+02 -4.2086e-01
-1.4000e+02 -9.0000e+01 6.2546e-02
-1.4000e+02 -8.0000e+01 -4.1530e-01
-1.4000e+02 -7.0000e+01 1.1044e+00
-1.4000e+02 -6.0000e+01 -1.0063e+00
-1.4000e+02 -5.0000e+01 1.0633e+00
-1.4000e+02 -4.0000e+01 8.9374e-01
-1.4000e+02 -3.0000e+01 -6.2541e-01
-1.4000e+02 -2.0000e+01 2.6176e+00
-1.4000e+02 -1.0000e+01 -7.1729e-01
-1.4000e+02 0.0000e+00 -3.2092e-01
-1.4000e+02 1.0000e+01 -2.4968e+00
-1.4000e+02 2.0000e+01 7.6305e-02
-1.4000e+02 3.0000e+01 1.0478e+00
-1.4000e+02 4.0000e+01 -1.8801e+00
-1.4000e+02 5.0000e+01 1.3535e+00
-1.4000e+02 6.0000e+01 3.4887e-01
-1.4000e+02 7.0000e+01 1.8360e+00
-1.4000e+02 8.0000e+01 -7.6532e-01
-1.4000e+02 9.0000e+01 -1.0281e+00
-1.4000e+02 1.0000e+02 5.6840e-01
-1.4000e+02 1.1000e+02 -4.2228e+00
-1.4000e+02 1.2000e+02 1.2404e+00
-1.4000e+02 1.3000e+02 -1.4284e-02
-1.4000e+02 1.4000e+02 1.1128e+00
-1.4000e+02 1.5000e+02 -4.0096e-01
-1.4000e+02 1.6000e+02 6.9989e-01
-1.4000e+02 1.7000e+02 -1.3277e+00
-1.4000e+02 1.8000e+02 -1.4724e+00
-1.4000e+02 1.9000e+02 3.4725e-02
-1.4000e+02 2.0000e+02 9.3748e-01
-1.3000e+02 -2.0000e+02 1.9203e-01
-1.3000e+02 -1.9000e+02 -1.0518e+00
-1.3000e+02 -1.8000e+02 6.4960e-01
-1.3000e+02 -1.7000e+02 -1.0738e+00
-1.3000e+02 -1.6000e+02 1.5124e-01
-1.3000e+02 -1.5000e+02 -2.4070e-01
-1.3000e+02 -1.4000e+02 -1.2367e+00
-1.3000e+02 -1.3000e+02 1.6571e+00
-1.3000e+02 -1.2000e+02 -2.0280e+00
-1.3000e+02 -1.1000e+02 2.8361e-02
-1.3000e+02 -1.0000e+02 -5.7952e-01
-1.3000e+02 -9.0000e+01 1.2009e+00
-1.3000e+02 -8.0000e+01 -3.1692e+00
-1.3000e+02 -7.0000e+01 -3.9338e-01
-1.3000e+02 -6.0000e+01 -7.3509e-01
-1.3000e+02 -5.0000e+01 -8.9733e-01
-1.3000e+02 -4.0000e+01 9.0370e-01
-1.3000e+02 -3.0000e+01 -1.5772e+00
-1.3000e+02 -2.0000e+01 -8.3674e-02
-1.3000e+02 -1.0000e+01 -1.7997e+00
-1.3000e+02 0.0000e+00 -9.6552e-01
-1.3000e+02 1.0000e+01 -2.8972e+00
-1.3000e+02 2.0000e+01 -2.8999e+00
-1.3000e+02 3.0000e+01 -2.0348e-01
-1.3000e+02 4.0000e+01 -1.8069e+00
-1.3000e+02 5.0000e+01 -2.2851e+00
-1.3000e+02 6.0000e+01 -3.3266e-01
-1.3000e+02 7.0000e+01 -2.9220e-01
-1.3000e+02 8.0000e+01 -1.1079e+00
-1.3000e+02 9.0000e+01 2.2473e+00
-1.3000e+02 1.0000e+02 -1.9182e+00
-1.3000e+02 1.1000e+02 3.7676e+00
-1.3000e+02 1.2000e+02 8.7990e-01
-1.3000e+02 1.3000e+02 -1.0156e+00
-1.3000e+02 1.4000e+02 -1.0241e+00
-1.3000e+02 1.5000e+02 -4.0084e-01
-1.3000e+02 1.6000e+02 1.1907e+00
-1.3000e+02 1.7000e+02 -4.7917e+00
-1.3000e+02 1.8000e+02 1.3591e+00
-1.3000e+02 1.9000e+02 -3.8164e-01
-1.3000e+02 2.0000e+02 1.9419e+00
-1.2000e+02 -2.0000e+02 -1.4070e+00
-1.2000e+02 -1.9000e+02 2.8044e-01
-1.2000e+02 -1.8000e+02 5.0758e-01
-1.2000e+02 -1.7000e+02 2.8917e+00
-1.2000e+02 -1.6000e+02 1.0599e+00
-1.2000e+02 -1.5000e+02 3.2693e-01
-1.2000e+02 -1.4000e+02 -8.1540e-02
-1.2000e+02 -1.3000e+02 -4.7107e-01
-1.2000e+02 -1.2000e+02 8.3496e-01
-1.2000e+02 -1.1000e+02 -5.1892e-02
-1.2000e+02 -1.0000e+02 -1.0343e+00
-1.2000e+02 -9.0000e+01 3.7996e-01
-1.2000e+02 -8.0000e+01 -3.9796e-01
-1.2000e+02 -7.0000e+01 2.9281e+00
-1.2000e+02 -6.0000e+01 -5.1333e-01
-1.2000e+02 -5.0000e+01 -3.0449e+00
-1.2000e+02 -4.0000e+01 -3.0088e+00
-1.2000e+02 -3.0000e+01 -2.0951e+00
-1.2000e+02 -2.0000e+01 -1.4941e-01
-1.2000e+02 -1.0000e+01 -2.8739e+00
-1.2000e+02 0.0000e+00 -3.7617e+00
-1.2000e+02 1.0000e+01 -4.3285e+00
-1.2000e+02 2.0000e+01 3.2565e-01
-1.2000e+02 3.0000e+01 -9.8101e-01
-1.2000e+02 4.0000e+01 -6.0743e-01
-1.2000e+02 5.0000e+01 -1.0383e+00
-1.2000e+02 6.0000e+01 -1.0443e+00
-1.2000e+02 7.0000e+01 -8.0606e-01
-1.2000e+02 8.0000e+01 7.0574e-01
-1.2000e+02 9.0000e+01 -2.1394e-01
-1.2000e+02 1.0000e+02 1.5474e+00
-1.2000e+02 1.1000e+02 -1.3308e+00
-1.2000e+02 1.2000e+02 1.8354e+00
-1.2000e+02 1.3000e+02 -1.7343e-02
-1.2000e+02 1.4000e+02 1.6974e-01
-1.2000e+02 1.5000e+02 1.4890e-02
-1.2000e+02 1.6000e+02 -1.4799e+00
-1.2000e+02 1.7000e+02 2.1857e-01
-1.2000e+02 1.8000e+02 -2.5328e+00
-1.2000e+02 1.9000e+02 1.2095e+00
-1.2000e+02 2.0000e+02 -3.1725e+00
-1.1000e+02 -2.0000e+02 5.0074e-01
-1.1000e+02 -1.9000e+02 6.1122e-01
-1.1000e+02 -1.8000e+02 -1.0909e+00
-1.1000e+02 -1.7000e+02 -1.6727e+00
-1.1000e+02 -1.6000e+02 1.6600e+00
-1.1000e+02 -1.5000e+02 3.6627e-01
-1.1000e+02 -1.4000e+02 -5.7218e-01
-1.1000e+02 -1.3000e+02 1.9334e+00
-1.1000e+02 -1.2000e+02 -2.5011e+00
-1.1000e+02 -1.1000e+02 -5.7012e-01
-1.1000e+02 -1.0000e+02 1.8435e-01
-1.1000e+02 -9.0000e+01 9.0697e-01
-1.1000e+02 -8.0000e+01 1.4829e+00
-1.1000e+02 -7.0000e+01 -4.3191e+00
-1.1000e+02 -6.0000e+01 -1.4853e+00
-1.1000e+02 -5.0000e+01 -1.5667e+00
-1.1000e+02 -4.0000e+01 -1.5368e+00
-1.1000e+02 -3.0000e+01 -2.0627e+00
-1.1000e+02 -2.0000e+01 -5.4625e-01
-1.1000e+02 -1.0000e+01 -3.6801e+00
-1.1000e+02 0.0000e+00 -1.9720e+00
-1.1000e+02 1.0000e+01 -1.9711e+00
-1.1000e+02 2.0000e+01 -2.5307e+00
-1.1000e+02 3.0000e+01 -1.9076e+00
-1.1000e+02 4.0000e+01 -3.4088e+00
-1.1000e+02 5.0000e+01 -9.4889e-01
-1.1000e+02 6.0000e+01 -2.4142e+00
-1.1000e+02 7.0000e+01 -3.1746e+00
-1.1000e+02 8.0000e+01 -2.6865e+00
-1.1000e+02 9.0000e+01 1.6789e+00
-1.1000e+02 1.0000e+02 -4.9120e-01
-1.1000e+02 1.1000e+02 -3.0368e+00
-1.1000e+02 1.2000e+02 -1.8034e+00
-1.1000e+02 1.3000e+02 1.0366e+00
-1.1000e+02 1.4000e+02 1.7061e+00
-1.1000e+02 1.5000e+02 1.3932e+00
-1.1000e+02 1.6000e+02 1.1042e+00
-1.1000e+02 1.7000e+02 -1.7101e+00
-1.1000e+02 1.8000e+02 -6.3746e-01
-1.1000e+02 1.9000e+02 7.0026e-02
-1.1000e+02 2.0000e+02 2.9012e+00
-1.0000e+02 -2.0000e+02 -2.5455e-01
-1.0000e+02 -1.9000e+02 8.5482e-01
-1.0000e+02 -1.8000e+02 1.1325e+00
-1.0000e+02 -1.7000e+02 8.1029e-01
-1.0000e+02 -1.6000e+02 -3.0599e-01
-1.0000e+02 -1.5000e+02 2.0891e+00
-1.0000e+02 -1.4000e+02 1.9446e+00
-1.0000e+02 -1.3000e+02 1.6813e+00
-1.0000e+02 -1.2000e+02 1.1045e+00
-1.0000e+02 -1.1000e+02 -6.0225e-01
-1.0000e+02 -1.0000e+02 -1.2809e+00
-1.0000e+02 -9.0000e+01 -4.0038e+00
-1.0000e+02 -8.0000e+01 -3.2478e+00
-1.0000e+02 -7.0000e+01 1.1073e+00
-1.0000e+02 -6.0000e+01 -1.6792e+00
-1.0000e+02 -5.0000e+01 -3.1156e+00
-1.0000e+02 -4.0000e+01 -2.7691e+00
-1.0000e+02 -3.0000e+01 -3.3765e+00
-1.0000e+02 -2.0000e+01 -4.1911e+00
-1.0000e+02 -1.0000e+01 -3.2555e+00
-1.0000e+02 0.0000e+00 -4.7682e+00
-1.0000e+02 1.0000e+01 -2.7420e+00
-1.0000e+02 2.0000e+01 -2.6882e+00
-1.0000e+02 3.0000e+01 -2.5262e+00
-1.0000e+02 4.0000e+01 -3.0825e+00
-1.0000e+02 5.0000e+01 -3.5693e+00
-1.0000e+02 6.0000e+01 -1.3142e+00
-1.0000e+02 7.0000e+01 -8.4527e-01
-1.0000e+02 8.0000e+01 -1.9562e+00
-1.0000e+02 9.0000e+01 -1.4138e+00
-1.0000e+02 1.0000e+02 -8.5258e-01
-1.0000e+02 1.1000e+02 1.2396e+00
-1.0000e+02 1.2000e+02 8.1885e-01
-1.0000e+02 1.3000e+02 2.0743e-01
-1.0000e+02 1.4000e+02 -1.2036e+00
-1.0000e+02 1.5000e+02 4.5160e-02
-1.0000e+02 1.6000e+02 -7.0270e-01
-1.0000e+02 1.7000e+02 1.1368e+00
-1.0000e+02 1.8000e+02 -5.3667e-01
-1.0000e+02 1.9000e+02 -5.6703e-01
-1.0000e+02 2.0000e+02 2.4340e+00
-9.0000e+01 -2.0000e+02 1.0707e+00
-9.0000e+01 -1.9000e+02 -1.5314e+00
-9.0000e+01 -1.8000e+02 -6.5988e-02
-9.0000e+01 -1.7000e+02 -3.6951e-01
-9.0000e+01 -1.6000e+02 2.0370e+00
-9.0000e+01 -1.5000e+02 -2.5640e+00
-9.0000e+01 -1.4000e+02 -1.9578e+00
-9.0000e+01 -1.3000e+02 2.3891e+00
-9.0000e+01 -1.2000e+02 -3.5195e+00
-9.0000e+01 -1.1000e+02 4.6284e-01
-9.0000e+01 -1.0000e+02 9.6241e-01
-9.0000e+01 -9.0000e+01 -9.5910e-01
-9.0000e+01 -8.0000e+01 -2.6423e+00
-9.0000e+01 -7.0000e+01 -3.8849e+00
-9.0000e+01 -6.0000e+01 -1.9307e+00
-9.0000e+01 -5.0000e+01 -4.0700e+00
-9.0000e+01 -4.0000e+01 -1.1545e+00
-9.0000e+01 -3.0000e+01 -4.1191e+00
-9.0000e+01 -2.0000e+01 -2.4549e+00
-9.0000e+01 -1.0000e+01 -3.6679e+00
-9.0000e+01 0.0000e+00 -6.3886e+00
-9.0000e+01 1.0000e+01 -5.3554e+00
-9.0000e+01 2.0000e+01 -2.3660e+00
-9.0000e+01 3.0000e+01 -4.0911e+00
-9.0000e+01 4.0000e+01 -4.3594e+00
-9.0000e+01 5.0000e+01 -4.5334e+00
-9.0000e+01 6.0000e+01 -1.3557e+00
-9.0000e+01 7.0000e+01 -8.8569e-01
-9.0000e+01 8.0000e+01 -8.0356e-01
-9.0000e+01 9.0000e+01 -3.7675e+00
-9.0000e+01 1.0000e+02 -7.3805e-01
-9.0000e+01 1.1000e+02 3.0650e-01
-9.0000e+01 1.2000e+02 1.3746e+00
-9.0000e+01 1.3000e+02 -3.7617e+00
-9.0000e+01 1.4000e+02 3.4115e+00
-9.0000e+01 1.5000e+02 -9.9135e-01
-9.0000e+01 1.6000e+02 4.7780e-01
-9.0000e+01 1.7000e+02 1.8746e-01
-9.0000e+01 1.8000e+02 -8.3634e-01
-9.0000e+01 1.9000e+02 2.4505e-01
-9.0000e+01 2.0000e+02 -8.9336e-01
-8.0000e+01 -2.0000e+02 -1.4718e-01
-8.0000e+01 -1.9000e+02 -5.3778e-01
-8.0000e+01 -1.8000e+02 9.2148e-01
-8.0000e+01 -1.7000e+02 -1.1115e-01
-8.0000e+01 -1.6000e+02 9.0845e-01
-8.0000e+01 -1.5000e+02 -2.7766e+00
-8.0000e+01 -1.4000e+02 -1.2941e+00
-8.0000e+01 -1.3000e+02 -2.6162e-01
-8.0000e+01 -1.2000e+02 9.4629e-01
-8.0000e+01 -1.1000e+02 -5.2534e-01
-8.0000e+01 -1.0000e+02 -1.3506e+00
-8.0000e+01 -9.0000e+01 -2.4108e+00
-8.0000e+01 -8.0000e+01 -3.3153e+00
-8.0000e+01 -7.0000e+01 -4.5165e+00
-8.0000e+01 -6.0000e+01 -5.2264e+00
-8.0000e+01 -5.0000e+01 -1.8676e+00
-8.0000e+01 -4.0000e+01 -4.1589e+00
-8.0000e+01 -3.0000e+01 -2.4011e+00
-8.0000e+01 -2.0000e+01 -3.7510e+00
-8.0000e+01 -1.0000e+01 -3.4896e+00
-8.0000e+01 0.0000e+00 -7.9238e+00
-8.0000e+01 1.0000e+01 -5.4995e+00
-8.0000e+01 2.0000e+01 -6.5975e+00
-8.0000e+01 3.0000e+01 -4.8099e+00
-8.0000e+01 4.0000e+01 -3.9573e+00
-8.0000e+01 5.0000e+01 -4.3412e+00
-8.0000e+01 6.0000e+01 -2.9215e+00
-8.0000e+01 7.0000e+01 -1.4647e+00
-8.0000e+01 8.0000e+01 -9.4832e-01
-8.0000e+01 9.0000e+01 1.1160e+00
-8.0000e+01 1.0000e+02 1.2468e-03
-8.0000e+01 1.1000e+02 2.4757e-02
-8.0000e+01 1.2000e+02 -8.6187e-01
-8.0000e+01 1.3000e+02 -6.5560e-01
-8.0000e+01 1.4000e+02 -1.0611e+00
-8.0000e+01 1.5000e+02 2.2073e+00
-8.0000e+01 1.6000e+02 5.6283e-01
-8.0000e+01 1.7000e+02 5.9722e-01
-8.0000e+01 1.8000e+02 -8.9578e-01
-8.0000e+01 1.9000e+02 -8.3955e-01
-8.0000e+01 2.0000e+02 8.4852e-01
-7.0000e+01 -2.0000e+02 -5.7029e-01
-7.0000e+01 -1.9000e+02 9.6577e-01
-7.0000e+01 -1.8000e+02 9.6344e-02
-7.0000e+01 -1.7000e+02 -6.9980e-01
-7.0000e+01 -1.6000e+02 2.2802e+00
-7.0000e+01 -1.5000e+02 -3.9663e-01
-7.0000e+01 -1.4000e+02 -4.8187e-01
-7.0000e+01 -1.3000e+02 -2.5477e+00
-7.0000e+01 -1.2000e+02 -3.6651e+00
-7.0000e+01 -1.1000e+02 -1.4727e+00
-7.0000e+01 -1.0000e+02 -1.0343e+00
-7.0000e+01 -9.0000e+01 6.4020e-01
-7.0000e+01 -8.0000e+01 -3.5070e+00
-7.0000e+01 -7.0000e+01 -4.9770e+00
-7.0000e+01 -6.0000e+01 -1.9265e+00
-7.0000e+01 -5.0000e+01 -4.2898e+00
-7.0000e+01 -4.0000e+01 -6.3388e+00
-7.0000e+01 -3.0000e+01 -4.8590e+00
-7.0000e+01 -2.0000e+01 -6.8195e+00
-7.0000e+01 -1.0000e+01 -7.8242e+00
-7.0000e+01 0.0000e+00 -6.8042e+00
-7.0000e+01 1.0000e+01 -6.2273e+00
-7.0000e+01 2.0000e+01 -7.9089e+00
-7.0000e+01 3.0000e+01 -4.6932e+00
-7.0000e+01 4.0000e+01 -6.7434e+00
-7.0000e+01 5.0000e+01 -2.6636e+00
-7.0000e+01 6.0000e+01 -3.0384e+00
-7.0000e+01 7.0000e+01 -4.4720e+00
-7.0000e+01 8.0000e+01 -1.8461e-01
-7.0000e+01 9.0000e+01 -2.6680e+00
-7.0000e+01 1.0000e+02 -3.8216e+00
-7.0000e+01 1.1000e+02 1.7688e+00
-7.0000e+01 1.2000e+02 2.5776e-01
-7.0000e+01 1.3000e+02 4.5087e-01
-7.0000e+01 1.4000e+02 1.6064e+00
-7.0000e+01 1.5000e+02 1.2512e+00
-7.0000e+01 1.6000e+02 -3.5614e+00
-7.0000e+01 1.7000e+02 2.3388e+00
-7.0000e+01 1.8000e+02 1.6629e+00
-7.0000e+01 1.9000e+02 1.3570e+00
-7.0000e+01 2.0000e+02 1.3570e+00
-6.0000e+01 -2.0000e+02 1.5205e+00
-6.0000e+01 -1.9000e+02 8.9615e-01
-6.0000e+01 -1.8000e+02 7.7298e-01
-6.0000e+01 -1.7000e+02 -1.2968e-01
-6.0000e+01 -1.6000e+02 -1.6161e-01
-6.0000e+01 -1.5000e+02 -4.6850e-01
-6.0000e+01 -1.4000e+02 1.4703e+00
-6.0000e+01 -1.3000e+02 -9.1856e-01
-6.0000e+01 -1.2000e+02 -2.0917e+00
-6.0000e+01 -1.1000e+02 -2.2483e+00
-6.0000e+01 -1.0000e+02 -4.0992e+00
-6.0000e+01 -9.0000e+01 -3.2329e+00
-6.0000e+01 -8.0000e+01 -2.7438e+00
-6.0000e+01 -7.0000e+01 -1.5763e+00
-6.0000e+01 -6.0000e+01 -4.0945e+00
-6.0000e+01 -5.0000e+01 -5.0636e+00
-6.0000e+01 -4.0000e+01 -5.8821e+00
-6.0000e+01 -3.0000e+01 -6.4561e+00
-6.0000e+01 -2.0000e+01 -9.4210e+00
-6.0000e+01 -1.0000e+01 -9.1232e+00
-6.0000e+01 0.0000e+00 -7.5632e+00
-6.0000e+01 1.0000e+01 -5.8838e+00
-6.0000e+01 2.0000e+01 -6.7089e+00
-6.0000e+01 3.0000e+01 -8.8610e+00
-6.0000e+01 4.0000e+01 -5.1723e+00
-6.0000e+01 5.0000e+01 -3.7696e+00
-6.0000e+01 6.0000e+01 -6.7642e+00
-6.0000e+01 7.0000e+01 -4.7582e+00
-6.0000e+01 8.0000e+01 -2.7182e+00
-6.0000e+01 9.0000e+01 -3.9753e+00
-6.0000e+01 1.0000e+02 -4.1540e+00
-6.0000e+01 1.1000e+02 -9.5781e-01
-6.0000e+01 1.2000e+02 1.6204e+00
-6.0000e+01 1.3000e+02 -1.4103e+00
-6.0000e+01 1.4000e+02 7.2624e-01
-6.0000e+01 1.5000e+02 -1.6531e+00
-6.0000e+01 1.6000e+02 1.1043e+00
-6.0000e+01 1.7000e+02 3.1313e+00
-6.0000e+01 1.8000e+02 1.2268e+00
-6.0000e+01 1.9000e+02 4.7819e+00
-6.0000e+01 2.0000e+02 5.5779e-01
-5.0000e+01 -2.0000e+02 9.2683e-02
-5.0000e+01 -1.9000e+02 -1.3023e+00
-5.0000e+01 -1.8000e+02 -8.0824e-01
-5.0000e+01 -1.7000e+02 -1.6540e+00
-5.0000e+01 -1.6000e+02 -1.0200e+00
-5.0000e+01 -1.5000e+02 2.7175e+00
-5.0000e+01 -1.4000e+02 -1.2566e+00
-5.0000e+01 -1.3000e+02 1.8577e+00
-5.0000e+01 -1.2000e+02 -1.9821e+00
-5.0000e+01 -1.1000e+02 -2.5159e+00
-5.0000e+01 -1.0000e+02 -3.1698e+00
-5.0000e+01 -9.0000e+01 -5.5529e+00
-5.0000e+01 -8.0000e+01 -2.7252e+00
-5.0000e+01 -7.0000e+01 -3.2249e+00
-5.0000e+01 -6.0000e+01 -5.1158e+00
-5.0000e+01 -5.0000e+01 -5.3254e+00
-5.0000e+01 -4.0000e+01 -7.4754e+00
-5.0000e+01 -3.0000e+01 -7.3135e+00
-5.0000e+01 -2.0000e+01 -8.9212e+00
-5.0000e+01 -1.0000e+01 -1.2253e+01
-5.0000e+01 0.0000e+00 -9.4648e+00
-5.0000e+01 1.0000e+01 -8.8325e+00
-5.0000e+01 2.0000e+01 -1.0139e+01
-5.0000e+01 3.0000e+01 -1.1360e+01
-5.0000e+01 4.0000e+01 -1.0012e+01
-5.0000e+01 5.0000e+01 -8.9627e+00
-5.0000e+01 6.0000e+01 -3.9556e+00
-5.0000e+01 7.0000e+01 -7.3733e+00
-5.0000e+01 8.0000e+01 -3.8283e+00
-5.0000e+01 9.0000e+01 -4.2652e+00
-5.0000e+01 1.0000e+02 -1.5277e+00
-5.0000e+01 1.1000e+02 7.0497e-01
-5.0000e+01 1.2000e+02 7.2486e-01
-5.0000e+01 1.3000e+02 -1.3779e-01
-5.0000e+01 1.4000e+02 -6.4878e-01
-5.0000e+01 1.5000e+02 -1.7514e+00
-5.0000e+01 1.6000e+02 -2.4389e+00
-5.0000e+01 1.7000e+02 -1.0691e+00
-5.0000e+01 1.8000e+02 2.0476e+00
-5.0000e+01 1.9000e+02 2.6898e-01
-5.0000e+01 2.0000e+02 5.4830e-01
-4.0000e+01 -2.0000e+02 -1.5601e+00
-4.0000e+01 -1.9000e+02 -1.0014e+00
-4.0000e+01 -1.8000e+02 -7.0614e-01
-4.0000e+01 -1.7000e+02 -2.6532e+00
-4.0000e+01 -1.6000e+02 9.7442e-01
-4.0000e+01 -1.5000e+02 -5.6009e-01
-4.0000e+01 -1.4000e+02 -7.8401e-01
-4.0000e+01 -1.3000e+02 -7.4526e-01
-4.0000e+01 -1.2000e+02 -2.9122e+00
-4.0000e+01 -1.1000e+02 -1.2293e+00
-4.0000e+01 -1.0000e+02 7.0196e-01
-4.0000e+01 -9.0000e+01 -4.2582e+00
-4.0000e+01 -8.0000e+01 -9.0252e-01
-4.0000e+01 -7.0000e+01 -5.9669e+00
-4.0000e+01 -6.0000e+01 -5.4822e+00
-4.0000e+01 -5.0000e+01 -6.6097e+00
-4.0000e+01 -4.0000e+01 -1.2743e+01
-4.0000e+01 -3.0000e+01 -1.0728e+01
-4.0000e+01 -2.0000e+01 -9.4215e+00
-4.0000e+01 -1.0000e+01 -1.0445e+01
-4.0000e+01 0.0000e+00 -1.3788e+01
-4.0000e+01 1.0000e+01 -8.9145e+00
-4.0000e+01 2.0000e+01 -1.1708e+01
-4.0000e+01 3.0000e+01 -1.0718e+01
-4.0000e+01 4.0000e+01 -9.2343e+00
-4.0000e+01 5.0000e+01 -8.6144e+00
-4.0000e+01 6.0000e+01 -8.6501e+00
-4.0000e+01 7.0000e+01 -4.8995e+00
-4.0000e+01 8.0000e+01 -5.7148e+00
-4.0000e+01 9.0000e+01 -4.2752e+00
-4.0000e+01 1.0000e+02 -5.9823e+00
-4.0000e+01 1.1000e+02 7.7473e-01
-4.0000e+01 1.2000e+02 -3.7136e-01
-4.0000e+01 1.3000e+02 1.2523e+00
-4.0000e+01 1.4000e+02 -2.6565e-01
-4.0000e+01 1.5000e+02 -1.4282e+00
-4.0000e+01 1.6000e+02 -1.6972e+00
-4.0000e+01 1.7000e+02 6.4484e-01
-4.0000e+01 1.8000e+02 1.6852e+00
-4.0000e+01 1.9000e+02 -6.0609e-01
-4.0000e+01 2.0000e+02 1.2486e+00
-3.0000e+01 -2.0000e+02 4.8224e-01
-3.0000e+01 -1.9000e+02 -8.4357e-01
-3.0000e+01 -1.8000e+02 1.7011e+00
-3.0000e+01 -1.7000e+02 -7.7206e-02
-3.0000e+01 -1.6000e+02 -2.4774e+00
-3.0000e+01 -1.5000e+02 -4.4623e-01
-3.0000e+01 -1.4000e+02 -1.2049e+00
-3.0000e+01 -1.3000e+02 -2.9980e+00
-3.0000e+01 -1.2000e+02 -1.3029e+00
-3.0000e+01 -1.1000e+02 -3.1538e+00
-3.0000e+01 -1.0000e+02 -2.9206e+00
-3.0000e+01 -9.0000e+01 -6.4768e+00
-3.0000e+01 -8.0000e+01 -6.0741e+00
-3.0000e+01 -7.0000e+01 -8.7243e+00
-3.0000e+01 -6.0000e+01 -7.0010e+00
-3.0000e+01 -5.0000e+01 -9.9707e+00
-3.0000e+01 -4.0000e+01 -9.4097e+00
-3.0000e+01 -3.0000e+01 -1.2207e+01
-3.0000e+01 -2.0000e+01 -1.2608e+01
-3.0000e+01 -1.0000e+01 -1.2377e+01
-3.0000e+01 0.0000e+00 -1.3354e+01
-3.0000e+01 1.0000e+01 -1.4260e+01
-3.0000e+01 2.0000e+01 -1.3803e+01
-3.0000e+01 3.0000e+01 -1.0624e+01
-3.0000e+01 4.0000e+01 -1.1547e+01
-3.0000e+01 5.0000e+01 -9.6512e+00
-3.0000e+01 6.0000e+01 -8.5889e+00
-3.0000e+01 7.0000e+01 -6.2067e+00
-3.0000e+01 8.0000e+01 -3.7928e+00
-3.0000e+01 9.0000e+01 -2.2483e+00
-3.0000e+01 1.0000e+02 -2.9906e+00
-3.0000e+01 1.1000e+02 -1.0857e-01
-3.0000e+01 1.2000e+02 1.2400e+00
-3.0000e+01 1.3000e+02 -5.3050e+00
-3.0000e+01 1.4000e+02 -2.2908e+00
-3.0000e+01 1.5000e+02 -2.0493e+00
-3.0000e+01 1.6000e+02 -1.4731e-01
-3.0000e+01 1.7000e+02 9.1843e-01
-3.0000e+01 1.8000e+02 -1.9050e+00
-3.0000e+01 1.9000e+02 -2.9131e+00
-3.0000e+01 2.0000e+02 2.1439e+00
-2.0000e+01 -2.0000e+02 2.8900e+00
-2.0000e+01 -1.9000e+02 1.9461e-02
-2.0000e+01 -1.8000e+02 -2.1579e+00
-2.0000e+01 -1.7000e+02 -1.4905e+00
-2.0000e+01 -1.6000e+02 -1.1824e+00
-2.0000e+01 -1.5000e+02 1.9377e-01
-2.0000e+01 -1.4000e+02 -3.4646e+00
-2.0000e+01 -1.3000e+02 -4.0104e-01
-2.0000e+01 -1.2000e+02 -2.3868e+00
-2.0000e+01 -1.1000e+02 -9.5774e-01
-2.0000e+01 -1.0000e+02 -5.4300e+00
-2.0000e+01 -9.0000e+01 -4.4526e+00
-2.0000e+01 -8.0000e+01 -5.0007e+00
-2.0000e+01 -7.0000e+01 -3.8744e+00
-2.0000e+01 -6.0000e+01 -8.6441e+00
-2.0000e+01 -5.0000e+01 -9.0864e+00
-2.0000e+01 -4.0000e+01 -1.1743e+01
-2.0000e+01 -3.0000e+01 -1.4467e+01
-2.0000e+01 -2.0000e+01 -1.2200e+01
-2.0000e+01 -1.0000e+01 -1.4642e+01
-2.0000e+01 0.0000e+00 -1.4145e+01
-2.0000e+01 1.0000e+01 -1.1976e+01
-2.0000e+01 2.0000e+01 -1.2200e+01
-2.0000e+01 3.0000e+01 -1.1267e+01
-2.0000e+01 4.0000e+01 -1.2274e+01
-2.0000e+01 5.0000e+01 -9.9687e+00
-2.0000e+01 6.0000e+01 -8.4927e+00
-2.0000e+01 7.0000e+01 -6.0035e+00
-2.0000e+01 8.0000e+01 -5.4980e+00
-2.0000e+01 9.0000e+01 -4.3628e+00
-2.0000e+01 1.0000e+02 8.2795e-01
-2.0000e+01 1.1000e+02 -2.9700e+00
-2.0000e+01 1.2000e+02 -2.9344e+00
-2.0000e+01 1.3000e+02 -3.3857e+00
-2.0000e+01 1.4000e+02 -1.5981e+00
-2.0000e+01 1.5000e+02 -7.6436e-01
-2.0000e+01 1.6000e+02 2.3567e+00
-2.0000e+01 1.7000e+02 3.9554e-01
-2.0000e+01 1.8000e+02 2.8680e+00
-2.0000e+01 1.9000e+02 -2.0369e+00
-2.0000e+01 2.0000e+02 -1.2815e+00
-1.0000e+01 -2.0000e+02 -1.8254e+00
-1.0000e+01 -1.9000e+02 -6.3585e-01
-1.0000e+01 -1.8000e+02 3.6241e+00
-1.0000e+01 -1.7000e+02 1.7468e+00
-1.0000e+01 -1.6000e+02 -3.4854e+00
-1.0000e+01 -1.5000e+02 -1.1427e+00
-1.0000e+01 -1.4000e+02 8.1322e-03
-1.0000e+01 -1.3000e+02 2.0013e+00
-1.0000e+01 -1.2000e+02 -3.3656e+00
-1.0000e+01 -1.1000e+02 -1.6937e-01
-1.0000e+01 -1.0000e+02 -1.6268e+00
-1.0000e+01 -9.0000e+01 -3.8090e+00
-1.0000e+01 -8.0000e+01 -5.7888e+00
-1.0000e+01 -7.0000e+01 -1.0676e+01
-1.0000e+01 -6.0000e+01 -6.2019e+00
-1.0000e+01 -5.0000e+01 -8.6007e+00
-1.0000e+01 -4.0000e+01 -1.2193e+01
-1.0000e+01 -3.0000e+01 -1.3138e+01
-1.0000e+01 -2.0000e+01 -1.3185e+01
-1.0000e+01 -1.0000e+01 -1.3224e+01
-1.0000e+01 0.0000e+00 -1.4317e+01
-1.0000e+01 1.0000e+01 -1.5585e+01
-1.0000e+01 2.0000e+01 -1.4708e+01
-1.0000e+01 3.0000e+01 -1.2565e+01
-1.0000e+01 4.0000e+01 -1.0681e+01
-1.0000e+01 5.0000e+01 -7.5455e+00
-1.0000e+01 6.0000e+01 -8.2248e+00
-1.0000e+01 7.0000e+01 -4.9108e+00
-1.0000e+01 8.0000e+01 -3.3170e+00
-1.0000e+01 9.0000e+01 -5.8618e+00
-1.0000e+01 1.0000e+02 -2.0164e+00
-1.0000e+01 1.1000e+02 -1.8030e+00
-1.0000e+01 1.2000e+02 -3.7710e+00
-1.0000e+01 1.3000e+02 -1.9102e+00
-1.0000e+01 1.4000e+02 -4.1491e+00
-1.0000e+01 1.5000e+02 1.6917e-01
-1.0000e+01 1.6000e+02 -1.6408e+00
-1.0000e+01 1.7000e+02 -2.9445e+00
-1.0000e+01 1.8000e+02 3.6558e-01
-1.0000e+01 1.9000e+02 1.4031e+00
-1.0000e+01 2.0000e+02 6.1112e-01
0.0000e+00 -2.0000e+02 1.7292e+00
0.0000e+00 -1.9000e+02 -8.7366e-01
0.0000e+00 -1.8000e+02 -1.3221e+00
0.0000e+00 -1.7000e+02 -3.6517e-02
0.0000e+00 -1.6000e+02 -1.7509e+00
0.0000e+00 -1.5000e+02 2.7797e+00
0.0000e+00 -1.4000e+02 2.1924e+00
0.0000e+00 -1.3000e+02 -3.1534e+00
0.0000e+00 -1.2000e+02 -1.5048e+00
0.0000e+00 -1.1000e+02 -2.1899e+00
0.0000e+00 -1.0000e+02 -1.3324e+00
0.0000e+00 -9.0000e+01 -4.8904e+00
0.0000e+00 -8.0000e+01 -2.6471e+00
0.0000e+00 -7.0000e+01 -8.1149e+00
0.0000e+00 -6.0000e+01 -8.0938e+00
0.0000e+00 -5.0000e+01 -9.9933e+00
0.0000e+00 -4.0000e+01 -1.2576e+01
0.0000e+00 -3.0000e+01 -1.3035e+01
0.0000e+00 -2.0000e+01 -1.2145e+01
0.0000e+00 -1.0000e+01 -1.4290e+01
0.0000e+00 0.0000e+00 -1.4406e+01
0.0000e+00 1.0000e+01 -1.5689e+01
0.0000e+00 2.0000e+01 -1.6643e+01
0.0000e+00 3.0000e+01 -1.2316e+01
0.0000e+00 4.0000e+01 -1.0895e+01
0.0000e+00 5.0000e+01 -9.8885e+00
0.0000e+00 6.0000e+01 -4.9152e+00
0.0000e+00 7.0000e+01 -4.5362e+00
0.0000e+00 8.0000e+01 -4.5310e+00
0.0000e+00 9.0000e+01 -5.7299e+00
0.0000e+00 1.0000e+02 -2.2012e+00
0.0000e+00 1.1000e+02 -3.9955e+00
0.0000e+00 1.2000e+02 -2.4935e+00
0.0000e+00 1.3000e+02 -7.7774e-01
0.0000e+00 1.4000e+02 -1.7609e+00
0.0000e+00 1.5000e+02 -7.1079e-01
0.0000e+00 1.6000e+02 -3.0736e-01
0.0000e+00 1.7000e+02 -5.0998e-01
0.0000e+00 1.8000e+02 4.8763e-01
0.0000e+00 1.9000e+02 -1.7160e-02
0.0000e+00 2.0000e+02 -2.4553e+00
1.0000e+01 -2.0000e+02 1.6217e-01
1.0000e+01 -1.9000e+02 5.3975e-01
1.0000e+01 -1.8000e+02 1.2511e+00
1.0000e+01 -1.7000e+02 2.0231e-01
1.0000e+01 -1.6000e+02 -2.5395e-01
1.0000e+01 -1.5000e+02 8.4055e-01
1.0000e+01 -1.4000e+02 -1.9124e+00
1.0000e+01 -1.3000e+02 -6.6491e-01
1.0000e+01 -1.2000e+02 -1.8169e+00
1.0000e+01 -1.1000e+02 -1.4973e-01
1.0000e+01 -1.0000e+02 -2.6617e+00
1.0000e+01 -9.0000e+01 3.1464e-01
1.0000e+01 -8.0000e+01 -4.7252e+00
1.0000e+01 -7.0000e+01 -9.1786e+00
1.0000e+01 -6.0000e+01 -9.3675e+00
1.0000e+01 -5.0000e+01 -9.0847e+00
1.0000e+01 -4.0000e+01 -1.0570e+01
1.0000e+01 -3.0000e+01 -1.3046e+01
1.0000e+01 -2.0000e+01 -1.5064e+01
1.0000e+01 -1.0000e+01 -1.5361e+01
1.0000e+01 0.0000e+00 -1.6461e+01
1.0000e+01 1.0000e+01 -1.1472e+01
1.0000e+01 2.0000e+01 -1.4884e+01
1.0000e+01 3.0000e+01 -1.3905e+01
1.0000e+01 4.0000e+01 -1.1522e+01
1.0000e+01 5.0000e+01 -6.6915e+00
1.0000e+01 6.0000e+01 -8.7785e+00
1.0000e+01 7.0000e+01 -7.7271e+00
1.0000e+01 8.0000e+01 -5.3980e+00
1.0000e+01 9.0000e+01 -2.2124e+00
1.0000e+01 1.0000e+02 -2.0262e+00
1.0000e+01 1.1000e+02 -1.5639e+00
1.0000e+01 1.2000e+02 -3.5172e+00
1.0000e+01 1.3000e+02 -2.7238e+00
1.0000e+01 1.4000e+02 5.9365e-01
1.0000e+01 1.5000e+02 -6.4582e-01
1.0000e+01 1.6000e+02 -1.7031e-01
1.0000e+01 1.7000e+02 2.8343e-01
1.0000e+01 1.8000e+02 -6.1823e-01
1.0000e+01 1.9000e+02 1.8294e+00
1.0000e+01 2.0000e+02 2.2353e-01
2.0000e+01 -2.0000e+02 -9.1405e-01
2.0000e+01 -1.9000e+02 -1.3582e+00
2.0000e+01 -1.8000e+02 1.1936e+00
2.0000e+01 -1.7000e+02 -1.6533e+00
2.0000e+01 -1.6000e+02 -2.4683e-01
2.0000e+01 -1.5000e+02 -1.6580e-02
2.0000e+01 -1.4000e+02 1.2482e+00
2.0000e+01 -1.3000e+02 -6.0728e-01
2.0000e+01 -1.2000e+02 -8.4174e-01
2.0000e+01 -1.1000e+02 6.7526e-02
2.0000e+01 -1.0000e+02 -3.0478e+00
2.0000e+01 -9.0000e+01 -3.4737e+00
2.0000e+01 -8.0000e+01 -6.7342e+00
2.0000e+01 -7.0000e+01 -6.8227e+00
2.0000e+01 -6.0000e+01 -7.6823e+00
2.0000e+01 -5.0000e+01 -7.4225e+00
2.0000e+01 -4.0000e+01 -1.0355e+01
2.0000e+01 -3.0000e+01 -1.2086e+01
2.0000e+01 -2.0000e+01 -1.8217e+01
2.0000e+01 -1.0000e+01 -1.5720e+01
2.0000e+01 0.0000e+00 -1.5663e+01
2.0000e+01 1.0000e+01 -1.5818e+01
2.0000e+01 2.0000e+01 -1.1757e+01
2.0000e+01 3.0000e+01 -1.2949e+01
2.0000e+01 4.0000e+01 -9.1516e+00
2.0000e+01 5.0000e+01 -9.7552e+00
2.0000e+01 6.0000e+01 -7.6505e+00
2.0000e+01 7.0000e+01 -5.1186e+00
2.0000e+01 8.0000e+01 -5.6666e+00
2.0000e+01 9.0000e+01 -1.7049e+00
2.0000e+01 1.0000e+02 -1.8398e+00
2.0000e+01 1.1000e+02 -1.6433e+00
2.0000e+01 1.2000e+02 -3.3654e+00
2.0000e+01 1.3000e+02 4.1428e-01
2.0000e+01 1.4000e+02 -1.7182e+00
2.0000e+01 1.5000e+02 -4.8581e-01
2.0000e+01 1.6000e+02 -1.1314e+00
2.0000e+01 1.7000e+02 -3.0032e+00
2.0000e+01 1.8000e+02 -4.0028e-01
2.0000e+01 1.9000e+02 -6.9256e-02
2.0000e+01 2.0000e+02 6.9627e-02
3.0000e+01 -2.0000e+02 3.7005e-01
3.0000e+01 -1.9000e+02 -1.5901e+00
3.0000e+01 -1.8000e+02 -2.3862e+00
3.0000e+01 -1.7000e+02 -1.1132e+00
3.0000e+01 -1.6000e+02 1.3599e-02
3.0000e+01 -1.5000e+02 -5.2023e-01
3.0000e+01 -1.4000e+02 2.5705e-01
3.0000e+01 -1.3000e+02 -1.6153e-01
3.0000e+01 -1.2000e+02 -1.9287e+00
3.0000e+01 -1.1000e+02 -3.0823e+00
3.0000e+01 -1.0000e+02 -3.1578e+00
3.0000e+01 -9.0000e+01 -3.0163e+00
3.0000e+01 -8.0000e+01 -4.2473e+00
3.0000e+01 -7.0000e+01 -4.7288e+00
3.0000e+01 -6.0000e+01 -8.9236e+00
3.0000e+01 -5.0000e+01 -9.2226e+00
3.0000e+01 -4.0000e+01 -7.8264e+00
3.0000e+01 -3.0000e+01 -9.4837e+00
3.0000e+01 -2.0000e+01 -9.0695e+00
3.0000e+01 -1.0000e+01 -1.5019e+01
3.0000e+01 0.0000e+00 -1.3757e+01
3.0000e+01 1.0000e+01 -1.4033e+01
3.0000e+01 2.0000e+01 -1.2502e+01
3.0000e+01 3.0000e+01 -1.0858e+01
3.0000e+01 4.0000e+01 -9.6465e+00
3.0000e+01 5.0000e+01 -8.2761e+00
3.0000e+01 6.0000e+01 -7.1515e+00
3.0000e+01 7.0000e+01 -6.0984e+00
3.0000e+01 8.0000e+01 -4.1824e+00
3.0000e+01 9.0000e+01 -3.9739e+00
3.0000e+01 1.0000e+02 -1.3916e+00
3.0000e+01 1.1000e+02 -2.2518e+00
3.0000e+01 1.2000e+02 1.3459e+00
3.0000e+01 1.3000e+02 -1.4986e+00
3.0000e+01 1.4000e+02 1.1146e-01
3.0000e+01 1.5000e+02 2.6106e-01
3.0000e+01 1.6000e+02 9.4082e-01
3.0000e+01 1.7000e+02 -7.8711e-01
3.0000e+01 1.8000e+02 -8.3057e-01
3.0000e+01 1.9000e+02 3.0561e+00
3.0000e+01 2.0000e+02 -3.1815e-01
4.0000e+01 -2.0000e+02 -1.7541e+00
4.0000e+01 -1.9000e+02 1.5408e+00
4.0000e+01 -1.8000e+02 1.2935e+00
4.0000e+01 -1.7000e+02 1.4428e+00
4.0000e+01 -1.6000e+02 4.9248e-01
4.0000e+01 -1.5000e+02 -5.9740e-01
4.0000e+01 -1.4000e+02 3.7383e-01
4.0000e+01 -1.3000e+02 -1.2618e+00
4.0000e+01 -1.2000e+02 -1.8753e+00
4.0000e+01 -1.1000e+02 3.5459e-01
4.0000e+01 -1.0000e+02 -3.6593e+00
4.0000e+01 -9.0000e+01 -1.9101e+00
4.0000e+01 -8.0000e+01 -5.7280e+00
4.0000e+01 -7.0000e+01 -5.9317e+00
4.0000e+01 -6.0000e+01 -6.3883e+00
4.0000e+01 -5.0000e+01 -9.4660e+00
4.0000e+01 -4.0000e+01 -8.8573e+00
4.0000e+01 -3.0000e+01 -1.1968e+01
4.0000e+01 -2.0000e+01 -9.5653e+00
4.0000e+01 -1.0000e+01 -9.1798e+00
4.0000e+01 0.0000e+00 -1.0895e+01
4.0000e+01 1.0000e+01 -1.0597e+01
4.0000e+01 2.0000e+01 -8.7270e+00
4.0000e+01 3.0000e+01 -1.1778e+01
4.0000e+01 4.0000e+01 -8.7258e+00
4.0000e+01 5.0000e+01 -7.6937e+00
4.0000e+01 6.0000e+01 -5.6936e+00
4.0000e+01 7.0000e+01 -5.1868e+00
4.0000e+01 8.0000e+01 -3.3721e+00
4.0000e+01 9.0000e+01 -5.3655e+00
4.0000e+01 1.0000e+02 6.4332e-01
4.0000e+01 1.1000e+02 -1.2382e-01
4.0000e+01 1.2000e+02 -2.5012e+00
4.0000e+01 1.3000e+02 -1.7244e+00
4.0000e+01 1.4000e+02 -2.6032e+00
4.0000e+01 1.5000e+02 -7.9433e-01
4.0000e+01 1.6000e+02 -2.1178e+00
4.0000e+01 1.7000e+02 3.8165e-01
4.0000e+01 1.8000e+02 1.6300e+00
4.0000e+01 1.9000e+02 1.1026e-01
4.0000e+01 2.0000e+02 1.1557e+00
5.0000e+01 -2.0000e+02 -6.7226e-01
5.0000e+01 -1.9000e+02 6.0851e-01
5.0000e+01 -1.8000e+02 -1.2248e+00
5.0000e+01 -1.7000e+02 3.8155e-01
5.0000e+01 -1.6000e+02 -1.6677e+00
5.0000e+01 -1.5000e+02 -2.4909e+00
5.0000e+01 -1.4000e+02 -2.3690e+00
5.0000e+01 -1.3000e+02 1.5849e+00
5.0000e+01 -1.2000e+02 -1.3013e+00
5.0000e+01 -1.1000e+02 -3.0727e+00
5.0000e+01 -1.0000e+02 3.8683e-01
5.0000e+01 -9.0000e+01 -1.9865e+00
5.0000e+01 -8.0000e+01 -4.8278e+00
5.0000e+01 -7.0000e+01 -3.0568e+00
5.0000e+01 -6.0000e+01 -8.0839e+00
5.0000e+01 -5.0000e+01 -8.6769e+00
5.0000e+01 -4.0000e+01 -8.7624e+00
5.0000e+01 -3.0000e+01 -9.2621e+00
5.0000e+01 -2.0000e+01 -9.0925e+00
5.0000e+01 -1.0000e+01 -1.0290e+01
5.0000e+01 0.0000e+00 -8.9163e+00
5.0000e+01 1.0000e+01 -1.1419e+01
5.0000e+01 2.0000e+01 -8.2634e+00
5.0000e+01 3.0000e+01 -9.4889e+00
5.0000e+01 4.0000e+01 -6.2245e+00
5.0000e+01 5.0000e+01 -7.3109e+00
5.0000e+01 6.0000e+01 -5.6436e+00
5.0000e+01 7.0000e+01 -5.2423e+00
5.0000e+01 8.0000e+01 -6.9070e+00
5.0000e+01 9.0000e+01 -3.0379e+00
5.0000e+01 1.0000e+02 -3.6169e-01
5.0000e+01 1.1000e+02 -3.0018e+00
5.0000e+01 1.2000e+02 9.8481e-01
5.0000e+01 1.3000e+02 -8.8446e-01
5.0000e+01 1.4000e+02 3.7585e-01
5.0000e+01 1.5000e+02 -1.8588e-01
5.0000e+01 1.6000e+02 8.3020e-01
5.0000e+01 1.7000e+02 -1.5121e+00
5.0000e+01 1.8000e+02 -2.1594e-01
5.0000e+01 1.9000e+02 4.4922e-01
5.0000e+01 2.0000e+02 -1.4369e-01
6.0000e+01 -2.0000e+02 -4.4113e-01
6.0000e+01 -1.9000e+02 2.0637e+00
6.0000e+01 -1.8000e+02 -5.7571e-01
6.0000e+01 -1.7000e+02 1.9858e+00
6.0000e+01 -1.6000e+02 -8.0703e-01
6.0000e+01 -1.5000e+02 1.2550e+00
6.0000e+01 -1.4000e+02 2.1220e-01
6.0000e+01 -1.3000e+02 -1.8561e-01
6.0000e+01 -1.2000e+02 -7.0325e-01
6.0000e+01 -1.1000e+02 -5.1765e-01
6.0000e+01 -1.0000e+02 -8.2117e-01
6.0000e+01 -9.0000e+01 -1.6867e+00
6.0000e+01 -8.0000e+01 -2.4990e+00
6.0000e+01 -7.0000e+01 -2.9162e+00
6.0000e+01 -6.0000e+01 -5.9053e+00
6.0000e+01 -5.0000e+01 -2.4094e+00
6.0000e+01 -4.0000e+01 -4.7154e+00
6.0000e+01 -3.0000e+01 -5.8057e+00
6.0000e+01 -2.0000e+01 -8.5386e+00
6.0000e+01 -1.0000e+01 -9.6134e+00
6.0000e+01 0.0000e+00 -9.6383e+00
6.0000e+01 1.0000e+01 -7.3115e+00
6.0000e+01 2.0000e+01 -6.8131e+00
6.0000e+01 3.0000e+01 -7.0232e+00
6.0000e+01 4.0000e+01 -6.2291e+00
6.0000e+01 5.0000e+01 -8.3997e+00
6.0000e+01 6.0000e+01 -5.1965e+00
6.0000e+01 7.0000e+01 -4.7907e+00
6.0000e+01 8.0000e+01 -1.1692e+00
6.0000e+01 9.0000e+01 -7.2689e-01
6.0000e+01 1.0000e+02 -9.5446e-01
6.0000e+01 1.1000e+02 6.3691e-01
6.0000e+01 1.2000e+02 -6.2265e-01
6.0000e+01 1.3000e+02 -1.5605e+00
6.0000e+01 1.4000e+02 1.3971e+00
6.0000e+01 1.5000e+02 -7.0417e-01
6.0000e+01 1.6000e+02 1.4956e+00
6.0000e+01 1.7000e+02 5.4604e-01
6.0000e+01 1.8000e+02 9.3003e-01
6.0000e+01 1.9000e+02 -2.2564e+00
6.0000e+01 2.0000e+02 2.1137e+00
7.0000e+01 -2.0000e+02 -2.3082e+00
7.0000e+01 -1.9000e+02 -2.2489e+00
7.0000e+01 -1.8000e+02 1.4540e+00
7.0000e+01 -1.7000e+02 -1.4165e+00
7.0000e+01 -1.6000e+02 -1.1674e+00
7.0000e+01 -1.5000e+02 -1.4049e+00
7.0000e+01 -1.4000e+02 -1.6827e+00
7.0000e+01 -1.3000e+02 6.9980e-02
7.0000e+01 -1.2000e+02 -2.5411e+00
7.0000e+01 -1.1000e+02 -1.6209e+00
7.0000e+01 -1.0000e+02 -4.2240e-01
7.0000e+01 -9.0000e+01 8.3554e-01
7.0000e+01 -8.0000e+01 -2.6124e+00
7.0000e+01 -7.0000e+01 -3.0493e+00
7.0000e+01 -6.0000e+01 -3.6017e+00
7.0000e+01 -5.0000e+01 -6.7866e+00
7.0000e+01 -4.0000e+01 -3.8508e+00
7.0000e+01 -3.0000e+01 -4.8809e+00
7.0000e+01 -2.0000e+01 -6.6440e+00
7.0000e+01 -1.0000e+01 -4.7569e+00
7.0000e+01 0.0000e+00 -9.0596e+00
7.0000e+01 1.0000e+01 -6.1071e+00
7.0000e+01 2.0000e+01 -6.8702e+00
7.0000e+01 3.0000e+01 -8.6646e+00
7.0000e+01 4.0000e+01 -1.7826e+00
7.0000e+01 5.0000e+01 -4.5582e+00
7.0000e+01 6.0000e+01 -5.2348e+00
7.0000e+01 7.0000e+01 -5.2435e+00
7.0000e+01 8.0000e+01 -3.4031e+00
7.0000e+01 9.0000e+01 -5.4480e-01
7.0000e+01 1.0000e+02 -6.1210e-01
7.0000e+01 1.1000e+02 -1.7737e+00
7.0000e+01 1.2000e+02 -1.7732e+00
7.0000e+01 1.3000e+02 -1.4439e+00
7.0000e+01 1.4000e+02 -7.6182e-01
7.0000e+01 1.5000e+02 2.1954e+00
7.0000e+01 1.6000e+02 -1.3724e+00
7.0000e+01 1.7000e+02 -2.2625e+00
7.0000e+01 1.8000e+02 6.4781e-01
7.0000e+01 1.9000e+02 -1.0729e+00
7.0000e+01 2.0000e+02 -1.7486e+00
8.0000e+01 -2.0000e+02 -1.7257e+00
8.0000e+01 -1.9000e+02 1.8270e+00
8.0000e+01 -1.8000e+02 -5.6576e-01
8.0000e+01 -1.7000e+02 -2.1705e+00
8.0000e+01 -1.6000e+02 1.2673e+00
8.0000e+01 -1.5000e+02 1.4674e+00
8.0000e+01 -1.4000e+02 -2.8676e+00
8.0000e+01 -1.3000e+02 -1.9267e+00
8.0000e+01 -1.2000e+02 1.1445e-01
8.0000e+01 -1.1000e+02 5.0437e-01
8.0000e+01 -1.0000e+02 -4.3463e+00
8.0000e+01 -9.0000e+01 -1.0708e+00
8.0000e+01 -8.0000e+01 -2.3010e+00
8.0000e+01 -7.0000e+01 -2.4296e+00
8.0000e+01 -6.0000e+01 -4.5756e+00
8.0000e+01 -5.0000e+01 -6.4174e+00
8.0000e+01 -4.0000e+01 -5.2052e+00
8.0000e+01 -3.0000e+01 -5.0682e+00
8.0000e+01 -2.0000e+01 -5.1022e+00
8.0000e+01 -1.0000e+01 -5.3762e+00
8.0000e+01 0.0000e+00 -7.6258e+00
8.0000e+01 1.0000e+01 -5.4566e+00
8.0000e+01 2.0000e+01 -4.3881e+00
8.0000e+01 3.0000e+01 -4.0959e+00
8.0000e+01 4.0000e+01 -6.2289e+00
8.0000e+01 5.0000e+01 -4.6343e+00
8.0000e+01 6.0000e+01 -2.0206e+00
8.0000e+01 7.0000e+01 -5.2029e-01
8.0000e+01 8.0000e+01 -8.4623e-01
8.0000e+01 9.0000e+01 -3.0045e-01
8.0000e+01 1.0000e+02 -3.0866e+00
8.0000e+01 1.1000e+02 -2.8641e+00
8.0000e+01 1.2000e+02 -2.2501e+00
8.0000e+01 1.3000e+02 -3.8589e-01
8.0000e+01 1.4000e+02 1.3333e+00
8.0000e+01 1.5000e+02 -2.8509e-01
8.0000e+01 1.6000e+02 3.2387e+00
8.0000e+01 1.7000e+02 -1.3595e-01
8.0000e+01 1.8000e+02 -1.0121e-01
8.0000e+01 1.9000e+02 2.9589e+00
8.0000e+01 2.0000e+02 -1.5791e+00
9.0000e+01 -2.0000e+02 1.3423e-01
9.0000e+01 -1.9000e+02 -2.2298e+00
9.0000e+01 -1.8000e+02 -1.8643e-01
9.0000e+01 -1.7000e+02 2.3374e+00
9.0000e+01 -1.6000e+02 -1.1810e+00
9.0000e+01 -1.5000e+02 -7.0446e-03
9.0000e+01 -1.4000e+02 2.1104e-01
9.0000e+01 -1.3000e+02 -1.6912e+00
9.0000e+01 -1.2000e+02 1.0244e+00
9.0000e+01 -1.1000e+02 1.9133e+00
9.0000e+01 -1.0000e+02 3.8285e-01
9.0000e+01 -9.0000e+01 -9.8810e-01
9.0000e+01 -8.0000e+01 -2.7330e+00
9.0000e+01 -7.0000e+01 -1.4452e+00
9.0000e+01 -6.0000e+01 -3.9778e+00
9.0000e+01 -5.0000e+01 -1.1154e+00
9.0000e+01 -4.0000e+01 -2.2804e+00
9.0000e+01 -3.0000e+01 -1.0864e+00
9.0000e+01 -2.0000e+01 -3.4532e+00
9.0000e+01 -1.0000e+01 -6.0635e+00
9.0000e+01 0.0000e+00 -4.7361e+00
9.0000e+01 1.0000e+01 -4.7985e+00
9.0000e+01 2.0000e+01 -5.0657e+00
9.0000e+01 3.0000e+01 -4.6231e+00
9.0000e+01 4.0000e+01 -2.7181e+00
9.0000e+01 5.0000e+01 -4.2348e+00
9.0000e+01 6.0000e+01 -4.0597e+00
9.0000e+01 7.0000e+01 1.1519e+00
9.0000e+01 8.0000e+01 -2.4618e+00
9.0000e+01 9.0000e+01 -3.2500e+00
9.0000e+01 1.0000e+02 -2.0249e+00
9.0000e+01 1.1000e+02 -1.8227e-01
9.0000e+01 1.2000e+02 -3.8766e+00
9.0000e+01 1.3000e+02 -1.2826e+00
9.0000e+01 1.4000e+02 1.7920e+00
9.0000e+01 1.5000e+02 1.1813e+00
9.0000e+01 1.6000e+02 -1.5151e+00
9.0000e+01 1.7000e+02 -3.8183e-01
9.0000e+01 1.8000e+02 3.0222e+00
9.0000e+01 1.9000e+02 -6.6528e-02
9.0000e+01 2.0000e+02 -4.2203e-01
1.0000e+02 -2.0000e+02 5.5039e-01
1.0000e+02 -1.9000e+02 2.1225e+00
1.0000e+02 -1.8000e+02 -5.7769e-01
1.0000e+02 -1.7000e+02 -1.0659e+00
1.0000e+02 -1.6000e+02 1.2180e-01
1.0000e+02 -1.5000e+02 2.7669e+00
1.0000e+02 -1.4000e+02 -7.5966e-02
1.0000e+02 -1.3000e+02 3.5533e-02
1.0000e+02 -1.2000e+02 -9.9565e-01
1.0000e+02 -1.1000e+02 -9.0660e-01
1.0000e+02 -1.0000e+02 4.7196e-01
1.0000e+02 -9.0000e+01 2.2325e+00
1.0000e+02 -8.0000e+01 1.6642e+00
1.0000e+02 -7.0000e+01 -1.9316e+00
1.0000e+02 -6.0000e+01 -3.4547e+00
1.0000e+02 -5.0000e+01 -2.7365e+00
1.0000e+02 -4.0000e+01 -3.3101e+00
1.0000e+02 -3.0000e+01 6.2519e-01
1.0000e+02 -2.0000e+01 -1.9649e+00
1.0000e+02 -1.0000e+01 -3.3972e+00
1.0000e+02 0.0000e+00 -3.3059e+00
1.0000e+02 1.0000e+01 -1.6163e+00
1.0000e+02 2.0000e+01 -2.2885e+00
1.0000e+02 3.0000e+01 -1.1113e+00
1.0000e+02 4.0000e+01 -4.1805e+00
1.0000e+02 5.0000e+01 -1.7797e+00
1.0000e+02 6.0000e+01 -2.2449e-01
1.0000e+02 7.0000e+01 -1.2669e+00
1.0000e+02 8.0000e+01 -5.4866e+00
1.0000e+02 9.0000e+01 1.2621e+00
1.0000e+02 1.0000e+02 9.1720e-01
1.0000e+02 1.1000e+02 -5.2950e-01
1.0000e+02 1.2000e+02 -2.6719e+00
1.0000e+02 1.3000e+02 3.5011e+00
1.0000e+02 1.4000e+02 9.5526e-01
1.0000e+02 1.5000e+02 -1.8821e+00
1.0000e+02 1.6000e+02 3.4462e-01
1.0000e+02 1.7000e+02 -7.7660e-02
1.0000e+02 1.8000e+02 -7.1327e-03
1.0000e+02 1.9000e+02 -5.7206e-01
1.0000e+02 2.0000e+02 -4.2276e-01
1.1000e+02 -2.0000e+02 -4.8621e-02
1.1000e+02 -1.9000e+02 -2.1400e+00
1.1000e+02 -1.8000e+02 -1.0955e+00
1.1000e+02 -1.7000e+02 4.3190e-01
1.1000e+02 -1.6000e+02 5.2313e-01
1.1000e+02 -1.5000e+02 -4.1940e-01
1.1000e+02 -1.4000e+02 -1.5453e+00
1.1000e+02 -1.3000e+02 3.8663e-01
1.1000e+02 -1.2000e+02 1.3733e+00
1.1000e+02 -1.1000e+02 1.2082e+00
1.1000e+02 -1.0000e+02 -6.7067e-01
1.1000e+02 -9.0000e+01 -2.1318e+00
1.1000e+02 -8.0000e+01 -2.2130e+00
1.1000e+02 -7.0000e+01 -1.5901e-03
1.1000e+02 -6.0000e+01 -2.4508e+00
1.1000e+02 -5.0000e+01 -3.4203e+00
1.1000e+02 -4.0000e+01 -5.4804e+00
1.1000e+02 -3.0000e+01 -1.1177e+00
1.1000e+02 -2.0000e+01 -1.4908e+00
1.1000e+02 -1.0000e+01 -1.9475e+00
1.1000e+02 0.0000e+00 -3.6518e+00
1.1000e+02 1.0000e+01 -3.0097e+00
1.1000e+02 2.0000e+01 -4.2679e+00
1.1000e+02 3.0000e+01 -9.6798e-01
1.1000e+02 4.0000e+01 -5.0268e-01
1.1000e+02 5.0000e+01 -1.8488e+00
1.1000e+02 6.0000e+01 2.7065e-01
1.1000e+02 7.0000e+01 4.1074e-02
1.1000e+02 8.0000e+01 -1.0361e+00
1.1000e+02 9.0000e+01 9.8759e-01
1.1000e+02 1.0000e+02 7.8059e-01
1.1000e+02 1.1000e+02 8.5593e-01
1.1000e+02 1.2000e+02 7.8304e-01
1.1000e+02 1.3000e+02 -6.9261e-01
1.1000e+02 1.4000e+02 -1.3696e+00
1.1000e+02 1.5000e+02 1.2088e+00
1.1000e+02 1.6000e+02 -1.8417e+00
1.1000e+02 1.7000e+02 -2.0172e+00
1.1000e+02 1.8000e+02 -2.0231e+00
1.1000e+02 1.9000e+02 2.8831e+00
1.1000e+02 2.0000e+02 1.5938e+00
1.2000e+02 -2.0000e+02 -1.1991e+00
1.2000e+02 -1.9000e+02 2.9077e+00
1.2000e+02 -1.8000e+02 -1.6095e+00
1.2000e+02 -1.7000e+02 6.6259e-01
1.2000e+02 -1.6000e+02 8.3152e-01
1.2000e+02 -1.5000e+02 1.3115e+00
1.2000e+02 -1.4000e+02 -9.7011e-01
1.2000e+02 -1.3000e+02 -1.0238e+00
1.2000e+02 -1.2000e+02 1.2656e+00
1.2000e+02 -1.1000e+02 -1.9622e+00
1.2000e+02 -1.0000e+02 1.4974e-01
1.2000e+02 -9.0000e+01 1.7376e+00
1.2000e+02 -8.0000e+01 8.3485e-03
1.2000e+02 -7.0000e+01 8.8993e-01
1.2000e+02 -6.0000e+01 -1.7698e+00
1.2000e+02 -5.0000e+01 6.2127e-01
1.2000e+02 -4.0000e+01 2.0794e-01
1.2000e+02 -3.0000e+01 -1.4420e+00
1.2000e+02 -2.0000e+01 -2.2313e+00
1.2000e+02 -1.0000e+01 -1.6029e+00
1.2000e+02 0.0000e+00 -1.4506e+00
1.2000e+02 1.0000e+01 -2.3695e+00
1.2000e+02 2.0000e+01 -2.0036e+00
1.2000e+02 3.0000e+01 -2.6211e+00
1.2000e+02 4.0000e+01 4.8858e-02
1.2000e+02 5.0000e+01 -1.9158e+00
1.2000e+02 6.0000e+01 -3.3375e+00
1.2000e+02 7.0000e+01 -6.3146e-01
1.2000e+02 8.0000e+01 2.6326e+00
1.2000e+02 9.0000e+01 -1.0029e+00
1.2000e+02 1.0000e+02 1.2877e-01
1.2000e+02 1.1000e+02 2.4271e-01
1.2000e+02 1.2000e+02 1.6465e-01
1.2000e+02 1.3000e+02 -1.5950e+00
1.2000e+02 1.4000e+02 -1.7706e+00
1.2000e+02 1.5000e+02 -4.8319e-01
1.2000e+02 1.6000e+02 2.2131e+00
1.2000e+02 1.7000e+02 6.6041e-02
1.2000e+02 1.8000e+02 -7.5361e-01
1.2000e+02 1.9000e+02 4.3327e-01
1.2000e+02 2.0000e+02 1.2762e+00
1.3000e+02 -2.0000e+02 1.6739e+00
1.3000e+02 -1.9000e+02 -7.6470e-01
1.3000e+02 -1.8000e+02 -9.7418e-01
1.3000e+02 -1.7000e+02 1.0561e+00
1.3000e+02 -1.6000e+02 -2.1685e-01
1.3000e+02 -1.5000e+02 1.2131e+00
1.3000e+02 -1.4000e+02 -1.0948e-01
1.3000e+02 -1.3000e+02 1.0987e+00
1.3000e+02 -1.2000e+02 -1.0428e+00
1.3000e+02 -1.1000e+02 2.8483e+00
1.3000e+02 -1.0000e+02 -1.7399e+00
1.3000e+02 -9.0000e+01 -2.7218e+00
1.3000e+02 -8.0000e+01 1.8617e+00
1.3000e+02 -7.0000e+01 4.7341e-01
1.3000e+02 -6.0000e+01 -2.1258e+00
1.3000e+02 -5.0000e+01 9.4667e-01
1.3000e+02 -4.0000e+01 -2.3996e+00
1.3000e+02 -3.0000e+01 -1.9137e-01
1.3000e+02 -2.0000e+01 -3.3913e+00
1.3000e+02 -1.0000e+01 7.2458e-01
1.3000e+02 0.0000e+00 2.2582e+00
1.3000e+02 1.0000e+01 1.6852e-01
1.3000e+02 2.0000e+01 1.4765e-02
1.3000e+02 3.0000e+01 -8.0599e-01
1.3000e+02 4.0000e+01 -9.9267e-01
1.3000e+02 5.0000e+01 -2.7155e+00
1.3000e+02 6.0000e+01 -3.3800e-01
1.3000e+02 7.0000e+01 -2.3341e+00
1.3000e+02 8.0000e+01 -4.7175e-01
1.3000e+02 9.0000e+01 -2.3318e+00
1.3000e+02 1.0000e+02 1.8250e+00
1.3000e+02 1.1000e+02 4.2800e-01
1.3000e+02 1.2000e+02 -2.0231e+00
1.3000e+02 1.3000e+02 5.1619e-01
1.3000e+02 1.4000e+02 1.7500e+00
1.3000e+02 1.5000e+02 5.6738e-01
1.3000e+02 1.6000e+02 -1.2134e+00
1.3000e+02 1.7000e+02 -2.3067e-01
1.3000e+02 1.8000e+02 2.1255e+00
1.3000e+02 1.9000e+02 -2.8224e+00
1.3000e+02 2.0000e+02 8.7581e-01
1.4000e+02 -2.0000e+02 1.2525e+00
1.4000e+02 -1.9000e+02 -1.0434e-01
1.4000e+02 -1.8000e+02 -1.7184e-01
1.4000e+02 -1.7000e+02 -6.8458e-01
1.4000e+02 -1.6000e+02 9.1668e-01
1.4000e+02 -1.5000e+02 1.9385e-01
1.4000e+02 -1.4000e+02 -2.3724e+00
1.4000e+02 -1.3000e+02 2.7543e+00
1.4000e+02 -1.2000e+02 9.2357e-01
1.4000e+02 -1.1000e+02 -8.3279e-01
1.4000e+02 -1.0000e+02 -7.2646e-01
1.4000e+02 -9.0000e+01 -6.0748e-01
1.4000e+02 -8.0000e+01 2.7190e-01
1.4000e+02 -7.0000e+01 -2.0535e+00
1.4000e+02 -6.0000e+01 -4.1578e+00
1.4000e+02 -5.0000e+01 -1.9081e+00
1.4000e+02 -4.0000e+01 -5.2887e-01
1.4000e+02 -3.0000e+01 6.4198e-02
1.4000e+02 -2.0000e+01 -7.4388e-01
1.4000e+02 -1.0000e+01 -2.4158e+00
1.4000e+02 0.0000e+00 -5.4260e-02
1.4000e+02 1.0000e+01 -4.5332e-01
1.4000e+02 2.0000e+01 -1.2437e+00
1.4000e+02 3.0000e+01 -2.0786e+00
1.4000e+02 4.0000e+01 3.5974e-01
1.4000e+02 5.0000e+01 -1.2735e+00
1.4000e+02 6.0000e+01 7.7738e-01
1.4000e+02 7.0000e+01 -7.4261e-01
1.4000e+02 8.0000e+01 -6.5275e-01
1.4000e+02 9.0000e+01 -1.1922e+00
1.4000e+02 1.0000e+02 -7.0663e-01
1.4000e+02 1.1000e+02 -7.2430e-01
1.4000e+02 1.2000e+02 2.5126e+00
1.4000e+02 1.3000e+02 -8.6263e-01
1.4000e+02 1.4000e+02 -5.6566e-02
1.4000e+02 1.5000e+02 1.1604e-01
1.4000e+02 1.6000e+02 1.9627e+00
1.4000e+02 1.7000e+02 -7.2166e-01
1.4000e+02 1.8000e+02 -1.7282e+00
1.4000e+02 1.9000e+02 9.4214e-01
1.4000e+02 2.0000e+02 -1.7639e+00
1.5000e+02 -2.0000e+02 -2.8821e+00
1.5000e+02 -1.9000e+02 1.3561e-01
1.5000e+02 -1.8000e+02 1.6516e+00
1.5000e+02 -1.7000e+02 -1.3805e+00
1.5000e+02 -1.6000e+02 -2.2044e+00
1.5000e+02 -1.5000e+02 -7.4392e-01
1.5000e+02 -1.4000e+02 1.0706e+00
1.5000e+02 -1.3000e+02 -2.6495e-01
1.5000e+02 -1.2000e+02 -8.1355e-01
1.5000e+02 -1.1000e+02 -2.5497e-01
1.5000e+02 -1.0000e+02 -1.2701e+00
1.5000e+02 -9.0000e+01 1.5199e+00
1.5000e+02 -8.0000e+01 -3.0385e-01
1.5000e+02 -7.0000e+01 -1.7012e+00
1.5000e+02 -6.0000e+01 -6.8130e-01
1.5000e+02 -5.0000e+01 -2.9221e+00
1.5000e+02 -4.0000e+01 1.5475e-01
1.5000e+02 -3.0000e+01 -1.3294e+00
1.5000e+02 -2.0000e+01 -4.8808e-01
1.5000e+02 -1.0000e+01 -2.2651e-01
1.5000e+02 0.0000e+00 -1.2658e+00
1.5000e+02 1.0000e+01 -7.8483e-02
1.5000e+02 2.0000e+01 -1.1343e+00
1.5000e+02 3.0000e+01 -7.9858e-01
1.5000e+02 4.0000e+01 -5.8241e-01
1.5000e+02 5.0000e+01 -2.4233e+00
1.5000e+02 6.0000e+01 4.8285e-01
1.5000e+02 7.0000e+01 -1.8804e-01
1.5000e+02 8.0000e+01 -1.3303e+00
1.5000e+02 9.0000e+01 -4.3326e-01
1.5000e+02 1.0000e+02 -2.7956e+00
1.5000e+02 1.1000e+02 -9.0093e-01
1.5000e+02 1.2000e+02 6.8692e-01
1.5000e+02 1.3000e+02 2.3358e-01
1.5000e+02 1.4000e+02 1.2111e+00
1.5000e+02 1.5000e+02 -9.3653e-01
1.5000e+02 1.6000e+02 -1.0635e+00
1.5000e+02 1.7000e+02 -5.0057e-01
1.5000e+02 1.8000e+02 -2.0533e+00
1.5000e+02 1.9000e+02 1.6688e+00
1.5000e+02 2.0000e+02 -9.3503e-02
1.6000e+02 -2.0000e+02 1.1331e+00
1.6000e+02 -1.9000e+02 -1.4561e+00
1.6000e+02 -1.8000e+02 1.4476e+00
1.6000e+02 -1.7000e+02 -5.4373e-02
1.6000e+02 -1.6000e+02 -2.8085e-01
1.6000e+02 -1.5000e+02 2.4817e+00
1.6000e+02 -1.4000e+02 7.2265e-01
1.6000e+02 -1.3000e+02 2.7685e+00
1.6000e+02 -1.2000e+02 1.0225e+00
1.6000e+02 -1.1000e+02 1.2846e+00
1.6000e+02 -1.0000e+02 4.2151e-01
1.6000e+02 -9.0000e+01 -1.8086e+00
1.6000e+02 -8.0000e+01 -2.9131e-01
1.6000e+02 -7.0000e+01 1.4312e+00
1.6000e+02 -6.0000e+01 2.6397e+00
1.6000e+02 -5.0000e+01 -1.3772e+00
1.6000e+02 -4.0000e+01 -6.4468e-01
1.6000e+02 -3.0000e+01 -2.4786e+00
1.6000e+02 -2.0000e+01 1.5475e+00
1.6000e+02 -1.0000e+01 1.3625e-01
1.6000e+02 0.0000e+00 -2.4810e+00
1.6000e+02 1.0000e+01 2.8985e-01
1.6000e+02 2.0000e+01 -2.2485e+00
1.6000e+02 3.0000e+01 1.4647e+00
1.6000e+02 4.0000e+01 -4.7797e-01
1.6000e+02 5.0000e+01 -5.6547e-01
1.6000e+02 6.0000e+01 1.5955e+00
1.6000e+02 7.0000e+01 1.5469e+00
1.6000e+02 8.0000e+01 1.9326e+00
1.6000e+02 9.0000e+01 1.1177e-01
1.6000e+02 1.0000e+02 1.6752e+00
1.6000e+02 1.1000e+02 -8.4996e-01
1.6000e+02 1.2000e+02 3.6613e-01
1.6000e+02 1.3000e+02 1.0738e+00
1.6000e+02 1.4000e+02 -1.4453e+00
1.6000e+02 1.5000e+02 -5.1466e-01
1.6000e+02 1.6000e+02 -6.9882e-01
1.6000e+02 1.7000e+02 2.5545e-01
1.6000e+02 1.8000e+02 3.6321e-02
1.6000e+02 1.9000e+02 1.3203e+00
1.6000e+02 2.0000e+02 9.6152e-01
1.7000e+02 -2.0000e+02 2.4914e+00
1.7000e+02 -1.9000e+02 1.7538e-01
1.7000e+02 -1.8000e+02 -4.1108e-01
1.7000e+02 -1.7000e+02 1.7057e+00
1.7000e+02 -1.6000e+02 1.2939e+00
1.7000e+02 -1.5000e+02 -6.6684e-01
1.7000e+02 -1.4000e+02 -9.6405e-01
1.7000e+02 -1.3000e+02 -7.4053e-01
1.7000e+02 -1.2000e+02 6.9530e-01
1.7000e+02 -1.1000e+02 1.6300e+00
1.7000e+02 -1.0000e+02 1.3356e+00
1.7000e+02 -9.0000e+01 1.2146e+00
1.7000e+02 -8.0000e+01 3.0482e-01
1.7000e+02 -7.0000e+01 -6.9653e-01
1.7000e+02 -6.0000e+01 1.3724e-01
1.7000e+02 -5.0000e+01 -1.1318e-01
1.7000e+02 -4.0000e+01 1.7727e+00
1.7000e+02 -3.0000e+01 1.1441e+00
1.7000e+02 -2.0000e+01 -1.3914e+00
1.7000e+02 -1.0000e+01 9.8523e-01
1.7000e+02 0.0000e+00 -1.5990e+00
1.7000e+02 1.0000e+01 6.4478e-01
1.7000e+02 2.0000e+01 -1.5514e+00
1.7000e+02 3.0000e+01 -7.3550e-01
1.7000e+02 4.0000e+01 -6.2842e-01
1.7000e+02 5.0000e+01 -1.5848e+00
1.7000e+02 6.0000e+01 -8.5021e-01
1.7000e+02 7.0000e+01 -1.4465e+00
1.7000e+02 8.0000e+01 -1.8259e-01
1.7000e+02 9.0000e+01 -1.4496e+00
1.7000e+02 1.0000e+02 -2.0186e+00
1.7000e+02 1.1000e+02 -2.9272e+00
1.7000e+02 1.2000e+02 -5.0386e-01
1.7000e+02 1.3000e+02 2.6196e+00
1.7000e+02 1.4000e+02 -2.5551e+00
1.7000e+02 1.5000e+02 5.2751e-01
1.7000e+02 1.6000e+02 1.5621e-01
1.7000e+02 1.7000e+02 -1.1635e+00
1.7000e+02 1.8000e+02 -4.2901e-02
1.7000e+02 1.9000e+02 3.3117e-02
1.7000e+02 2.0000e+02 1.7847e+00
1.8000e+02 -2.0000e+02 8.6987e-01
1.8000e+02 -1.9000e+02 1.1987e+00
1.8000e+02 -1.8000e+02 -2.0618e+00
1.8000e+02 -1.7000e+02 3.3625e-01
1.8000e+02 -1.6000e+02 -8.4079e-02
1.8000e+02 -1.5000e+02 -4.3717e-01
1.8000e+02 -1.4000e+02 1.2826e+00
1.8000e+02 -1.3000e+02 2.8962e+00
1.8000e+02 -1.2000e+02 1.6311e+00
1.8000e+02 -1.1000e+02 -6.7595e-01
1.8000e+02 -1.0000e+02 -1.0700e+00
1.8000e+02 -9.0000e+01 -1.3423e+00
1.8000e+02 -8.0000e+01 1.6269e+00
1.8000e+02 -7.0000e+01 6.5881e-01
1.8000e+02 -6.0000e+01 -3.3898e-01
1.8000e+02 -5.0000e+01 -2.0680e+00
1.8000e+02 -4.0000e+01 -8.0790e-02
1.8000e+02 -3.0000e+01 -1.4809e+00
1.8000e+02 -2.0000e+01 -1.4380e+00
1.8000e+02 -1.0000e+01 6.8165e-01
1.8000e+02 0.0000e+00 -7.5993e-01
1.8000e+02 1.0000e+01 -1.6473e+00
1.8000e+02 2.0000e+01 1.4517e+00
1.8000e+02 3.0000e+01 1.0009e+00
1.8000e+02 4.0000e+01 -6.7000e-04
1.8000e+02 5.0000e+01 -2.4346e+00
1.8000e+02 6.0000e+01 -8.5305e-01
1.8000e+02 7.0000e+01 -1.7588e-02
1.8000e+02 8.0000e+01 -1.6058e-01
1.8000e+02 9.0000e+01 2.1321e+00
1.8000e+02 1.0000e+02 -3.3946e-01
1.8000e+02 1.1000e+02 1.9732e+00
1.8000e+02 1.2000e+02 -1.0933e+00
1.8000e+02 1.3000e+02 -1.2974e+00
1.8000e+02 1.4000e+02 -1.4216e+00
1.8000e+02 1.5000e+02 1.1938e+00
1.8000e+02 1.6000e+02 -2.2315e+00
1.8000e+02 1.7000e+02 -6.8993e-01
1.8000e+02 1.8000e+02 1.3597e+00
1.8000e+02 1.9000e+02 1.6191e+00
1.8000e+02 2.0000e+02 -2.7677e+00
1.9000e+02 -2.0000e+02 -1.3909e-01
1.9000e+02 -1.9000e+02 -5.7830e-01
1.9000e+02 -1.8000e+02 -4.3403e-01
1.9000e+02 -1.7000e+02 -1.6105e+00
1.9000e+02 -1.6000e+02 2.2839e+00
1.9000e+02 -1.5000e+02 9.1001e-01
1.9000e+02 -1.4000e+02 -2.2696e+00
1.9000e+02 -1.3000e+02 -1.7243e+00
1.9000e+02 -1.2000e+02 -7.0037e-01
1.9000e+02 -1.1000e+02 -1.7220e+00
1.9000e+02 -1.0000e+02 9.8729e-01
1.9000e+02 -9.0000e+01 -2.8367e+00
1.9000e+02 -8.0000e+01 -1.0004e+00
1.9000e+02 -7.0000e+01 -1.7631e+00
1.9000e+02 -6.0000e+01 -3.9768e-01
1.9000e+02 -5.0000e+01 -7.3220e-01
1.9000e+02 -4.0000e+01 -2.1502e+00
1.9000e+02 -3.0000e+01 4.1975e-01
1.9000e+02 -2.0000e+01 -1.4137e+00
1.9000e+02 -1.0000e+01 -1.0776e+00
1.9000e+02 0.0000e+00 3.1171e-01
1.9000e+02 1.0000e+01 2.7855e-01
1.9000e+02 2.0000e+01 1.4015e+00
1.9000e+02 3.0000e+01 9.5940e-01
1.9000e+02 4.0000e+01 1.0038e+00
1.9000e+02 5.0000e+01 6.7520e-01
1.9000e+02 6.0000e+01 -2.2921e-01
1.9000e+02 7.0000e+01 -2.2809e-01
1.9000e+02 8.0000e+01 2.7969e+00
1.9000e+02 9.0000e+01 7.0013e-01
1.9000e+02 1.0000e+02 1.5243e+00
1.9000e+02 1.1000e+02 4.4062e-01
1.9000e+02 1.2000e+02 7.5911e-01
1.9000e+02 1.3000e+02 6.3005e-01
1.9000e+02 1.4000e+02 1.1473e+00
1.9000e+02 1.5000e+02 -4.6976e-02
1.9000e+02 1.6000e+02 -4.5695e-01
1.9000e+02 1.7000e+02 -3.6958e-01
1.9000e+02 1.8000e+02 2.7790e+00
1.9000e+02 1.9000e+02 6.2051e-01
1.9000e+02 2.0000e+02 2.2538e+00
2.0000e+02 -2.0000e+02 1.0095e+00
2.0000e+02 -1.9000e+02 1.2111e+00
2.0000e+02 -1.8000e+02 -2.8390e+00
2.0000e+02 -1.7000e+02 7.1958e-01
2.0000e+02 -1.6000e+02 -1.7912e+00
2.0000e+02 -1.5000e+02 -1.3040e+00
2.0000e+02 -1.4000e+02 1.6984e+00
2.0000e+02 -1.3000e+02 4.8363e-01
2.0000e+02 -1.2000e+02 4.0608e-01
2.0000e+02 -1.1000e+02 -1.3073e+00
2.0000e+02 -1.0000e+02 -9.5549e-01
2.0000e+02 -9.0000e+01 7.0506e-01
2.0000e+02 -8.0000e+01 -5.2363e-01
2.0000e+02 -7.0000e+01 8.6247e-01
2.0000e+02 -6.0000e+01 1.6138e+00
2.0000e+02 -5.0000e+01 2.0078e+00
2.0000e+02 -4.0000e+01 -1.4304e-01
2.0000e+02 -3.0000e+01 -1.0135e+00
2.0000e+02 -2.0000e+01 4.5886e-02
2.0000e+02 -1.0000e+01 -3.7145e+00
2.0000e+02 0.0000e+00 9.9145e-01
2.0000e+02 1.0000e+01 9.3742e-01
2.0000e+02 2.0000e+01 -8.4115e-01
2.0000e+02 3.0000e+01 -4.6750e-01
2.0000e+02 4.0000e+01 7.1954e-01
2.0000e+02 5.0000e+01 -1.4484e+00
2.0000e+02 6.0000e+01 1.3369e+00
2.0000e+02 7.0000e+01 -3.0830e-01
2.0000e+02 8.0000e+01 2.6767e+00
2.0000e+02 9.0000e+01 -7.6971e-01
2.0000e+02 1.0000e+02 -9.9828e-01
2.0000e+02 1.1000e+02 -1.5167e+00
2.0000e+02 1.2000e+02 -2.1530e+00
2.0000e+02 1.3000e+02 -1.5614e+00
2.0000e+02 1.4000e+02 8.9338e-01
2.0000e+02 1.5000e+02 1.8050e-01
2.0000e+02 1.6000e+02 -1.5192e+00
2.0000e+02 1.7000e+02 7.0257e-01
2.0000e+02 1.8000e+02 8.4823e-01
2.0000e+02 1.9000e+02 9.3127e-01
2.0000e+02 2.0000e+02 5.2177e-01
