-2.0000e+02 -2.0000e+02 6.5486e-01
-2.0000e+02 -1.9000e+02 2.3365e+00
-2.0000e+02 -1.8000e+02 -2.0193e+00
-2.0000e+02 -1.7000e+02 5.0617e-01
-2.0000e+02 -1.6000e+02 7.1566e-01
-2.0000e+02 -1.5000e+02 -2.7132e+00
-2.0000e+02 -1.4000e+02 -2.3318e-01
-2.0000e+02 -1.3000e+02 7.8903e-01
-2.0000e+02 -1.2000e+02 1.7461e+00
-2.0000e+02 -1.1000e+02 -5.2555e-01
-2.0000e+02 -1.0000e+02 -1.7702e-01
-2.0000e+02 -9.0000e+01 3.1164e+00
-2.0000e+02 -8.0000e+01 1.4993e+00
-2.0000e+02 -7.0000e+01 -1.8570e+00
-2.0000e+02 -6.0000e+01 4.7280e-01
-2.0000e+02 -5.0000e+01 -6.6161e-01
-2.0000e+02 -4.0000e+01 1.2926e+00
-2.0000e+02 -3.0000e+01 1.0175e+00
-2.0000e+02 -2.0000e+01 2.1833e+00
-2.0000e+02 -1.0000e+01 2.1022e-02
-2.0000e+02 0.0000e+00 6.6471e-01
-2.0000e+02 1.0000e+01 -2.3161e+00
-2.0000e+02 2.0000e+01 2.8378e+00
-2.0000e+02 3.0000e+01 5.4627e-01
-2.0000e+02 4.0000e+01 -3.7606e-01
-2.0000e+02 5.0000e+01 -1.3689e+00
-2.0000e+02 6.0000e+01 -3.7203e-01
-2.0000e+02 7.0000e+01 2.7673e+00
-2.0000e+02 8.0000e+01 -2.5516e+00
-2.0000e+02 9.0000e+01 1.6814e+00
-2.0000e+02 1.0000e+02 2.3229e+00
-2.0000e+02 1.1000e+02 -4.0197e-01
-2.0000e+02 1.2000e+02 1.5193e+00
-2.0000e+02 1.3000e+02 3.9284e-01
-2.0000e+02 1.4000e+02 3.6619e-01
-2.0000e+02 1.5000e+02 -6.4842e-01
-2.0000e+02 1.6000e+02 7.3290e-01
-2.0000e+02 1.7000e+02 -1.9519e+00
-2.0000e+02 1.8000e+02 4.2377e-01
-2.0000e+02 1.9000e+02 -8.3869e-01
-2.0000e+02 2.0000e+02 -2.1009e+00
-1.9000e+02 -2.0000e+02 5.4281e-01
-1.9000e+02 -1.9000e+02 2.9647e+00
-1.9000e+02 -1.8000e+02 1.4529e+00
-1.9000e+02 -1.7000e+02 -7.0326e-01
-1.9000e+02 -1.6000e+02 -5.4739e-01
-1.9000e+02 -1.5000e+02 1.9410e+00
-1.9000e+02 -1.4000e+02 1.1784e+00
-1.9000e+02 -1.3000e+02 -2.5931e+00
-1.9000e+02 -1.2000e+02 -2.5278e+00
-1.9000e+02 -1.1000e+02 -2.3490e+00
-1.9000e+02 -1.0000e+02 -4.0695e-01
-1.9000e+02 -9.0000e+01 -9.7783e-01
-1.9000e+02 -8.0000e+01 6.6061e-01
-1.9000e+02 -7.0000e+01 -8.8922e-01
-1.9000e+02 -6.0000e+01 1.2011e+00
-1.9000e+02 -5.0000e+01 -2.3493e+00
-1.9000e+02 -4.0000e+01 -6.6394e-01
-1.9000e+02 -3.0000e+01 1.1160e-02
-1.9000e+02 -2.0000e+01 8.1296e-01
-1.9000e+02 -1.0000e+01 -9.1846e-01
-1.9000e+02 0.0000e+00 2.3287e+00
-1.9000e+02 1.0000e+01 2.0394e+00
-1.9000e+02 2.0000e+01 -5.4745e-01
-1.9000e+02 3.0000e+01 1.9343e+00
-1.9000e+02 4.0000e+01 1.8859e+00
-1.9000e+02 5.0000e+01 -2.1947e+00
-1.9000e+02 6.0000e+01 1.0393e+00
-1.9000e+02 7.0000e+01 2.3556e+00
-1.9000e+02 8.0000e+01 1.6619e+00
-1.9000e+02 9.0000e+01 1.1408e+00
-1.9000e+02 1.0000e+02 -1.1546e+00
-1.9000e+02 1.1000e+02 1.9962e-01
-1.9000e+02 1.2000e+02 -8.8035e-01
-1.9000e+02 1.3000e+02 1.5035e+00
-1.9000e+02 1.4000e+02 7.5968e-01
-1.9000e+02 1.5000e+02 1.4032e+00
-1.9000e+02 1.6000e+02 8.3987e-01
-1.9000e+02 1.7000e+02 -8.0913e-01
-1.9000e+02 1.8000e+02 1.5781e+00
-1.9000e+02 1.9000e+02 1.2196e+00
-1.9000e+02 2.0000e+02 -1.3804e+00
-1.8000e+02 -2.0000e+02 1.1665e+00
-1.8000e+02 -1.9000e+02 -1.1256e+00
-1.8000e+02 -1.8000e+02 -1.4791e+00
-1.8000e+02 -1.7000e+02 -1.1984e+00
-1.8000e+02 -1.6000e+02 -6.0533e-02
-1.8000e+02 -1.5000e+02 -7.2137e-01
-1.8000e+02 -1.4000e+02 2.6354e+00
-1.8000e+02 -1.3000e+02 -1.4927e+00
-1.8000e+02 -1.2000e+02 3.7116e-01
-1.8000e+02 -1.1000e+02 -4.2542e+00
-1.8000e+02 -1.0000e+02 3.4450e-01
-1.8000e+02 -9.0000e+01 -2.4864e+00
-1.8000e+02 -8.0000e+01 -8.5387e-01
-1.8000e+02 -7.0000e+01 -9.0344e-01
-1.8000e+02 -6.0000e+01 7.6803e-01
-1.8000e+02 -5.0000e+01 -6.6229e-02
-1.8000e+02 -4.0000e+01 -8.1165e-01
-1.8000e+02 -3.0000e+01 1.2355e+00
-1.8000e+02 -2.0000e+01 6.4235e-01
-1.8000e+02 -1.0000e+01 -2.1165e+00
-1.8000e+02 0.0000e+00 1.7420e+00
-1.8000e+02 1.0000e+01 1.7049e+00
-1.8000e+02 2.0000e+01 1.0894e-01
-1.8000e+02 3.0000e+01 -5.5820e-01
-1.8000e+02 4.0000e+01 -4.8752e-01
-1.8000e+02 5.0000e+01 1.1707e+00
-1.8000e+02 6.0000e+01 -8.9315e-01
-1.8000e+02 7.0000e+01 1.2290e+00
-1.8000e+02 8.0000e+01 2.5150e+00
-1.8000e+02 9.0000e+01 2.5323e+00
-1.8000e+02 1.0000e+02 5.7328e-01
-1.8000e+02 1.1000e+02 -1.5170e+00
-1.8000e+02 1.2000e+02 -2.5045e-01
-1.8000e+02 1.3000e+02 5.9176e-01
-1.8000e+02 1.4000e+02 1.2293e+00
-1.8000e+02 1.5000e+02 3.4482e-01
-1.8000e+02 1.6000e+02 2.2865e+00
-1.8000e+02 1.7000e+02 -2.3484e+00
-1.8000e+02 1.8000e+02 1.6906e+00
-1.8000e+02 1.9000e+02 8.8077e-01
-1.8000e+02 2.0000e+02 -1.8235e+00
-1.7000e+02 -2.0000e+02 -1.2431e+00
-1.7000e+02 -1.9000e+02 -1.3756e+00
-1.7000e+02 -1.8000e+02 -3.3935e-02
-1.7000e+02 -1.7000e+02 1.4597e+00
-1.7000e+02 -1.6000e+02 -9.1469e-02
-1.7000e+02 -1.5000e+02 1.8257e+00
-1.7000e+02 -1.4000e+02 1.2386e+00
-1.7000e+02 -1.3000e+02 -1.3740e-01
-1.7000e+02 -1.2000e+02 -1.5067e+00
-1.7000e+02 -1.1000e+02 1.2430e+00
-1.7000e+02 -1.0000e+02 -1.4187e+00
-1.7000e+02 -9.0000e+01 -1.3536e-01
-1.7000e+02 -8.0000e+01 1.6153e+00
-1.7000e+02 -7.0000e+01 -1.9867e+00
-1.7000e+02 -6.0000e+01 -2.5304e+00
-1.7000e+02 -5.0000e+01 -2.0325e+00
-1.7000e+02 -4.0000e+01 1.3424e-01
-1.7000e+02 -3.0000e+01 -2.1568e+00
-1.7000e+02 -2.0000e+01 1.9523e+00
-1.7000e+02 -1.0000e+01 -5.2005e-01
-1.7000e+02 0.0000e+00 1.2517e+00
-1.7000e+02 1.0000e+01 1.4031e-01
-1.7000e+02 2.0000e+01 9.5582e-01
-1.7000e+02 3.0000e+01 1.9017e-01
-1.7000e+02 4.0000e+01 1.3846e+00
-1.7000e+02 5.0000e+01 -2.2532e+00
-1.7000e+02 6.0000e+01 1.7976e-01
-1.7000e+02 7.0000e+01 -2.8506e-01
-1.7000e+02 8.0000e+01 -9.3947e-01
-1.7000e+02 9.0000e+01 -4.6209e-02
-1.7000e+02 1.0000e+02 -1.7330e-01
-1.7000e+02 1.1000e+02 -4.2094e+00
-1.7000e+02 1.2000e+02 1.4306e+00
-1.7000e+02 1.3000e+02 -3.4814e+00
-1.7000e+02 1.4000e+02 5.6145e-01
-1.7000e+02 1.5000e+02 1.4693e+00
-1.7000e+02 1.6000e+02 -2.3794e+00
-1.7000e+02 1.7000e+02 -1.0012e+00
-1.7000e+02 1.8000e+02 2.0141e+00
-1.7000e+02 1.9000e+02 1.4381e+00
-1.7000e+02 2.0000e+02 1.5590e+00
-1.6000e+02 -2.0000e+02 1.8120e+00
-1.6000e+02 -1.9000e+02 -2.1769e+00
-1.6000e+02 -1.8000e+02 1.7643e-01
-1.6000e+02 -1.7000e+02 2.2449e+00
-1.6000e+02 -1.6000e+02 4.7799e-01
-1.6000e+02 -1.5000e+02 5.3092e-01
-1.6000e+02 -1.4000e+02 -5.6887e-01
-1.6000e+02 -1.3000e+02 -6.4100e-01
-1.6000e+02 -1.2000e+02 -8.6139e-01
-1.6000e+02 -1.1000e+02 3.2651e-01
-1.6000e+02 -1.0000e+02 -1.6477e-02
-1.6000e+02 -9.0000e+01 -1.0809e+00
-1.6000e+02 -8.0000e+01 -7.6030e-01
-1.6000e+02 -7.0000e+01 2.3046e-01
-1.6000e+02 -6.0000e+01 2.2558e+00
-1.6000e+02 -5.0000e+01 -1.8117e+00
-1.6000e+02 -4.0000e+01 1.1674e+00
-1.6000e+02 -3.0000e+01 -7.6100e-01
-1.6000e+02 -2.0000e+01 -4.0723e-01
-1.6000e+02 -1.0000e+01 -1.3308e+00
-1.6000e+02 0.0000e+00 7.0691e-01
-1.6000e+02 1.0000e+01 -2.3105e-01
-1.6000e+02 2.0000e+01 1.0086e+00
-1.6000e+02 3.0000e+01 -1.5202e+00
-1.6000e+02 4.0000e+01 1.2966e+00
-1.6000e+02 5.0000e+01 -2.7371e+00
-1.6000e+02 6.0000e+01 -1.3783e-01
-1.6000e+02 7.0000e+01 -3.5090e-01
-1.6000e+02 8.0000e+01 1.8887e+00
-1.6000e+02 9.0000e+01 1.6271e+00
-1.6000e+02 1.0000e+02 2.4487e+00
-1.6000e+02 1.1000e+02 9.5635e-01
-1.6000e+02 1.2000e+02 -2.4580e-01
-1.6000e+02 1.3000e+02 -3.3664e-01
-1.6000e+02 1.4000e+02 2.2572e+00
-1.6000e+02 1.5000e+02 2.2573e+00
-1.6000e+02 1.6000e+02 7.7151e-01
-1.6000e+02 1.7000e+02 6.7464e-01
-1.6000e+02 1.8000e+02 1.1874e+00
-1.6000e+02 1.9000e+02 7.2668e-01
-1.6000e+02 2.0000e+02 6.3725e-01
-1.5000e+02 -2.0000e+02 -1.0721e+00
-1.5000e+02 -1.9000e+02 -1.9807e+00
-1.5000e+02 -1.8000e+02 2.2418e-01
-1.5000e+02 -1.7000e+02 -7.5539e-01
-1.5000e+02 -1.6000e+02 1.3514e-01
-1.5000e+02 -1.5000e+02 1.4732e+00
-1.5000e+02 -1.4000e+02 -3.2462e+00
-1.5000e+02 -1.3000e+02 -2.1099e+00
-1.5000e+02 -1.2000e+02 8.3362e-02
-1.5000e+02 -1.1000e+02 2.6744e+00
-1.5000e+02 -1.0000e+02 1.3579e+00
-1.5000e+02 -9.0000e+01 -7.1611e-01
-1.5000e+02 -8.0000e+01 -1.2205e-01
-1.5000e+02 -7.0000e+01 -1.4416e+00
-1.5000e+02 -6.0000e+01 1.5863e+00
-1.5000e+02 -5.0000e+01 1.7478e-01
-1.5000e+02 -4.0000e+01 -1.7629e+00
-1.5000e+02 -3.0000e+01 7.7587e-01
-1.5000e+02 -2.0000e+01 -9.8521e-02
-1.5000e+02 -1.0000e+01 -3.2428e+00
-1.5000e+02 0.0000e+00 2.9549e-01
-1.5000e+02 1.0000e+01 1.0507e+00
-1.5000e+02 2.0000e+01 -7.8717e-01
-1.5000e+02 3.0000e+01 -5.6904e-01
-1.5000e+02 4.0000e+01 1.3323e+00
-1.5000e+02 5.0000e+01 -4.0852e+00
-1.5000e+02 6.0000e+01 1.5243e-01
-1.5000e+02 7.0000e+01 -7.6020e-01
-1.5000e+02 8.0000e+01 4.8890e-01
-1.5000e+02 9.0000e+01 6.1643e-01
-1.5000e+02 1.0000e+02 1.0582e+00
-1.5000e+02 1.1000e+02 5.8532e-01
-1.5000e+02 1.2000e+02 1.2061e+00
-1.5000e+02 1.3000e+02 1.9982e+00
-1.5000e+02 1.4000e+02 1.4416e-01
-1.5000e+02 1.5000e+02 -1.2333e+00
-1.5000e+02 1.6000e+02 -1.1401e+00
-1.5000e+02 1.7000e+02 1.8817e+00
-1.5000e+02 1.8000e+02 -2.0923e+00
-1.5000e+02 1.9000e+02 9.1650e-01
-1.5000e+02 2.0000e+02 2.5418e+00
-1.4000e+02 -2.0000e+02 6.5096e-02
-1.4000e+02 -1.9000e+02 5.9190e-02
-1.4000e+02 -1.8000e+02 -1.9893e+00
-1.4000e+02 -1.7000e+02 -5.8657e-01
-1.4000e+02 -1.6000e+02 -9.6869e-01
-1.4000e+02 -1.5000e+02 -1.8039e+00
-1.4000e+02 -1.4000e+02 -8.6914e-01
-1.4000e+02 -1.3000e+02 -2.7747e+00
-1.4000e+02 -1.2000e+02 -3.9902e-01
-1.4000e+02 -1.1000e+02 8.5907e-01
-1.4000e+02 -1.0000e+02 8.1357e-01
-1.4000e+02 -9.0000e+01 -1.9037e+00
-1.4000e+02 -8.0000e+01 -8.3528e-01
-1.4000e+02 -7.0000e+01 1.7047e+00
-1.4000e+02 -6.0000e+01 -1.4617e+00
-1.4000e+02 -5.0000e+01 1.2595e+00
-1.4000e+02 -4.0000e+01 1.3785e+00
-1.4000e+02 -3.0000e+01 -2.1954e+00
-1.4000e+02 -2.0000e+01 -3.2746e-01
-1.4000e+02 -1.0000e+01 6.5809e-01
-1.4000e+02 0.0000e+00 -2.7494e-01
-1.4000e+02 1.0000e+01 -1.9051e+00
-1.4000e+02 2.0000e+01 4.0171e-01
-1.4000e+02 3.0000e+01 -3.6053e+00
-1.4000e+02 4.0000e+01 -2.6648e-02
-1.4000e+02 5.0000e+01 -8.0556e-01
-1.4000e+02 6.0000e+01 1.4558e+00
-1.4000e+02 7.0000e+01 2.1405e+00
-1.4000e+02 8.0000e+01 -1.3722e+00
-1.4000e+02 9.0000e+01 3.6251e-01
-1.4000e+02 1.0000e+02 2.0482e-01
-1.4000e+02 1.1000e+02 1.2177e+00
-1.4000e+02 1.2000e+02 3.9865e-01
-1.4000e+02 1.3000e+02 -4.6339e-01
-1.4000e+02 1.4000e+02 8.7281e-01
-1.4000e+02 1.5000e+02 2.0538e+00
-1.4000e+02 1.6000e+02 2.1035e-01
-1.4000e+02 1.7000e+02 -1.0070e+00
-1.4000e+02 1.8000e+02 -3.6640e+00
-1.4000e+02 1.9000e+02 -1.1901e+00
-1.4000e+02 2.0000e+02 2.2188e-01
-1.3000e+02 -2.0000e+02 -2.6290e+00
-1.3000e+02 -1.9000e+02 -1.5453e+00
-1.3000e+02 -1.8000e+02 1.5834e+00
-1.3000e+02 -1.7000e+02 3.3430e+00
-1.3000e+02 -1.6000e+02 3.0538e+00
-1.3000e+02 -1.5000e+02 1.0072e+00
-1.3000e+02 -1.4000e+02 2.8024e+00
-1.3000e+02 -1.3000e+02 -1.1991e+00
-1.3000e+02 -1.2000e+02 -7.1322e-01
-1.3000e+02 -1.1000e+02 6.5476e-01
-1.3000e+02 -1.0000e+02 -2.1984e+00
-1.3000e+02 -9.0000e+01 -2.7105e+00
-1.3000e+02 -8.0000e+01 1.4658e+00
-1.3000e+02 -7.0000e+01 -2.0473e+00
-1.3000e+02 -6.0000e+01 7.2226e-01
-1.3000e+02 -5.0000e+01 1.1719e+00
-1.3000e+02 -4.0000e+01 -1.9856e+00
-1.3000e+02 -3.0000e+01 -4.8227e-01
-1.3000e+02 -2.0000e+01 2.6204e-01
-1.3000e+02 -1.0000e+01 -1.3086e+00
-1.3000e+02 0.0000e+00 -1.4822e+00
-1.3000e+02 1.0000e+01 -3.0952e+00
-1.3000e+02 2.0000e+01 -2.1309e+00
-1.3000e+02 3.0000e+01 -2.2049e+00
-1.3000e+02 4.0000e+01 3.7009e-03
-1.3000e+02 5.0000e+01 -9.1168e-01
-1.3000e+02 6.0000e+01 -7.7644e-01
-1.3000e+02 7.0000e+01 -5.6136e-01
-1.3000e+02 8.0000e+01 1.7119e+00
-1.3000e+02 9.0000e+01 -7.3194e-01
-1.3000e+02 1.0000e+02 -7.3472e-01
-1.3000e+02 1.1000e+02 -9.4724e-01
-1.3000e+02 1.2000e+02 1.6754e+00
-1.3000e+02 1.3000e+02 2.7815e-01
-1.3000e+02 1.4000e+02 4.9450e-01
-1.3000e+02 1.5000e+02 2.0449e-01
-1.3000e+02 1.6000e+02 -1.3058e+00
-1.3000e+02 1.7000e+02 3.1353e+00
-1.3000e+02 1.8000e+02 -9.0451e-01
-1.3000e+02 1.9000e+02 -2.8384e+00
-1.3000e+02 2.0000e+02 -6.2951e-01
-1.2000e+02 -2.0000e+02 -2.1836e+00
-1.2000e+02 -1.9000e+02 9.9316e-01
-1.2000e+02 -1.8000e+02 2.2318e-01
-1.2000e+02 -1.7000e+02 -1.0873e-01
-1.2000e+02 -1.6000e+02 2.8110e-01
-1.2000e+02 -1.5000e+02 -1.7350e+00
-1.2000e+02 -1.4000e+02 2.3203e+00
-1.2000e+02 -1.3000e+02 -1.9097e+00
-1.2000e+02 -1.2000e+02 -3.0247e-01
-1.2000e+02 -1.1000e+02 -5.3068e-01
-1.2000e+02 -1.0000e+02 -2.7228e+00
-1.2000e+02 -9.0000e+01 1.1851e+00
-1.2000e+02 -8.0000e+01 -1.4436e+00
-1.2000e+02 -7.0000e+01 6.5998e-01
-1.2000e+02 -6.0000e+01 -2.7022e-01
-1.2000e+02 -5.0000e+01 -3.4822e+00
-1.2000e+02 -4.0000e+01 -1.2370e+00
-1.2000e+02 -3.0000e+01 -1.4447e-01
-1.2000e+02 -2.0000e+01 -4.0184e+00
-1.2000e+02 -1.0000e+01 -2.4836e+00
-1.2000e+02 0.0000e+00 -4.2836e-01
-1.2000e+02 1.0000e+01 -1.5964e+00
-1.2000e+02 2.0000e+01 -2.8705e+00
-1.2000e+02 3.0000e+01 -2.8879e+00
-1.2000e+02 4.0000e+01 -2.5585e-01
-1.2000e+02 5.0000e+01 -7.2737e-01
-1.2000e+02 6.0000e+01 1.5573e+00
-1.2000e+02 7.0000e+01 -1.8016e+00
-1.2000e+02 8.0000e+01 -5.8410e-01
-1.2000e+02 9.0000e+01 -9.1296e-01
-1.2000e+02 1.0000e+02 -2.3813e+00
-1.2000e+02 1.1000e+02 1.5312e+00
-1.2000e+02 1.2000e+02 -1.5760e+00
-1.2000e+02 1.3000e+02 -1.0748e+00
-1.2000e+02 1.4000e+02 -1.7576e+00
-1.2000e+02 1.5000e+02 -5.8899e-01
-1.2000e+02 1.6000e+02 -4.6806e-02
-1.2000e+02 1.7000e+02 1.9226e-02
-1.2000e+02 1.8000e+02 -8.4306e-02
-1.2000e+02 1.9000e+02 -7.2791e-01
-1.2000e+02 2.0000e+02 2.8077e+00
-1.1000e+02 -2.0000e+02 -2.3709e-01
-1.1000e+02 -1.9000e+02 -1.2322e-01
-1.1000e+02 -1.8000e+02 -2.8356e-01
-1.1000e+02 -1.7000e+02 -9.4840e-01
-1.1000e+02 -1.6000e+02 -6.2098e-01
-1.1000e+02 -1.5000e+02 -9.0615e-01
-1.1000e+02 -1.4000e+02 -4.0687e-01
-1.1000e+02 -1.3000e+02 -2.1485e-01
-1.1000e+02 -1.2000e+02 2.0160e+00
-1.1000e+02 -1.1000e+02 1.0594e+00
-1.1000e+02 -1.0000e+02 2.1458e+00
-1.1000e+02 -9.0000e+01 -2.0918e+00
-1.1000e+02 -8.0000e+01 1.1702e+00
-1.1000e+02 -7.0000e+01 -5.9396e-01
-1.1000e+02 -6.0000e+01 -1.2499e+00
-1.1000e+02 -5.0000e+01 -5.3574e-02
-1.1000e+02 -4.0000e+01 -2.2332e+00
-1.1000e+02 -3.0000e+01 -2.8507e+00
-1.1000e+02 -2.0000e+01 -6.8138e-01
-1.1000e+02 -1.0000e+01 -9.0634e-01
-1.1000e+02 0.0000e+00 -2.8928e+00
-1.1000e+02 1.0000e+01 4.5277e-02
-1.1000e+02 2.0000e+01 -5.7399e+00
-1.1000e+02 3.0000e+01 -2.7670e+00
-1.1000e+02 4.0000e+01 -8.6360e-01
-1.1000e+02 5.0000e+01 6.5139e-01
-1.1000e+02 6.0000e+01 -2.2730e+00
-1.1000e+02 7.0000e+01 -1.6591e+00
-1.1000e+02 8.0000e+01 -2.2400e-01
-1.1000e+02 9.0000e+01 8.1605e-01
-1.1000e+02 1.0000e+02 -1.1378e-01
-1.1000e+02 1.1000e+02 2.1626e+00
-1.1000e+02 1.2000e+02 1.8767e+00
-1.1000e+02 1.3000e+02 1.3522e+00
-1.1000e+02 1.4000e+02 9.3609e-01
-1.1000e+02 1.5000e+02 5.6646e-01
-1.1000e+02 1.6000e+02 -2.3447e+00
-1.1000e+02 1.7000e+02 -1.7064e+00
-1.1000e+02 1.8000e+02 1.7127e+00
-1.1000e+02 1.9000e+02 1.0228e+00
-1.1000e+02 2.0000e+02 7.6635e-01
-1.0000e+02 -2.0000e+02 -1.0791e+00
-1.0000e+02 -1.9000e+02 -3.7681e-01
-1.0000e+02 -1.8000e+02 -3.3843e-01
-1.0000e+02 -1.7000e+02 -1.0811e+00
-1.0000e+02 -1.6000e+02 5.0566e-01
-1.0000e+02 -1.5000e+02 6.6050e-01
-1.0000e+02 -1.4000e+02 -5.3796e-01
-1.0000e+02 -1.3000e+02 4.1716e-01
-1.0000e+02 -1.2000e+02 -1.0122e+00
-1.0000e+02 -1.1000e+02 1.3716e-02
-1.0000e+02 -1.0000e+02 -1.2467e+00
-1.0000e+02 -9.0000e+01 2.9430e-01
-1.0000e+02 -8.0000e+01 -3.4554e-01
-1.0000e+02 -7.0000e+01 -3.0059e+00
-1.0000e+02 -6.0000e+01 -4.3052e-01
-1.0000e+02 -5.0000e+01 -2.7875e+00
-1.0000e+02 -4.0000e+01 -1.9445e+00
-1.0000e+02 -3.0000e+01 -1.8984e+00
-1.0000e+02 -2.0000e+01 -4.9117e+00
-1.0000e+02 -1.0000e+01 -3.8129e+00
-1.0000e+02 0.0000e+00 -4.9526e+00
-1.0000e+02 1.0000e+01 -5.1823e+00
-1.0000e+02 2.0000e+01 -6.8305e+00
-1.0000e+02 3.0000e+01 -3.5224e+00
-1.0000e+02 4.0000e+01 -4.0585e+00
-1.0000e+02 5.0000e+01 1.3473e+00
-1.0000e+02 6.0000e+01 -2.4447e+00
-1.0000e+02 7.0000e+01 -3.7285e+00
-1.0000e+02 8.0000e+01 5.3612e-04
-1.0000e+02 9.0000e+01 -2.8555e+00
-1.0000e+02 1.0000e+02 -3.3945e-03
-1.0000e+02 1.1000e+02 -4.1393e-01
-1.0000e+02 1.2000e+02 -7.4531e-01
-1.0000e+02 1.3000e+02 -1.2322e+00
-1.0000e+02 1.4000e+02 -1.3662e+00
-1.0000e+02 1.5000e+02 1.0356e+00
-1.0000e+02 1.6000e+02 -1.5882e+00
-1.0000e+02 1.7000e+02 -2.3316e+00
-1.0000e+02 1.8000e+02 -3.4457e-01
-1.0000e+02 1.9000e+02 7.1781e-01
-1.0000e+02 2.0000e+02 -1.4530e+00
-9.0000e+01 -2.0000e+02 -9.1152e-01
-9.0000e+01 -1.9000e+02 2.3004e-01
-9.0000e+01 -1.8000e+02 -1.4012e+00
-9.0000e+01 -1.7000e+02 2.0753e-01
-9.0000e+01 -1.6000e+02 -9.3312e-01
-9.0000e+01 -1.5000e+02 -6.6404e-01
-9.0000e+01 -1.4000e+02 -2.2495e+00
-9.0000e+01 -1.3000e+02 -5.0185e-01
-9.0000e+01 -1.2000e+02 -3.8166e+00
-9.0000e+01 -1.1000e+02 -8.2107e-01
-9.0000e+01 -1.0000e+02 -1.4799e+00
-9.0000e+01 -9.0000e+01 -3.3422e-02
-9.0000e+01 -8.0000e+01 -2.0409e+00
-9.0000e+01 -7.0000e+01 -1.0926e+00
-9.0000e+01 -6.0000e+01 -1.2650e+00
-9.0000e+01 -5.0000e+01 -3.6921e+00
-9.0000e+01 -4.0000e+01 -4.1963e+00
-9.0000e+01 -3.0000e+01 -2.9525e+00
-9.0000e+01 -2.0000e+01 -4.3252e+00
-9.0000e+01 -1.0000e+01 -4.3319e+00
-9.0000e+01 0.0000e+00 -5.9198e+00
-9.0000e+01 1.0000e+01 -6.3068e+00
-9.0000e+01 2.0000e+01 -3.4095e+00
-9.0000e+01 3.0000e+01 -2.7192e+00
-9.0000e+01 4.0000e+01 -3.0363e+00
-9.0000e+01 5.0000e+01 -1.3765e+00
-9.0000e+01 6.0000e+01 -4.0195e+00
-9.0000e+01 7.0000e+01 -4.1784e+00
-9.0000e+01 8.0000e+01 -1.6709e+00
-9.0000e+01 9.0000e+01 -5.3270e-01
-9.0000e+01 1.0000e+02 -7.3725e-01
-9.0000e+01 1.1000e+02 -2.4695e+00
-9.0000e+01 1.2000e+02 -2.7362e+00
-9.0000e+01 1.3000e+02 1.2083e+00
-9.0000e+01 1.4000e+02 -5.9958e-02
-9.0000e+01 1.5000e+02 3.9591e-01
-9.0000e+01 1.6000e+02 -1.4027e+00
-9.0000e+01 1.7000e+02 -2.7818e-01
-9.0000e+01 1.8000e+02 1.6228e+00
-9.0000e+01 1.9000e+02 1.4997e+00
-9.0000e+01 2.0000e+02 9.5421e-01
-8.0000e+01 -2.0000e+02 -5.0911e-01
-8.0000e+01 -1.9000e+02 -1.4827e-01
-8.0000e+01 -1.8000e+02 2.3450e+00
-8.0000e+01 -1.7000e+02 -1.6846e+00
-8.0000e+01 -1.6000e+02 1.4370e+00
-8.0000e+01 -1.5000e+02 1.9132e+00
-8.0000e+01 -1.4000e+02 -1.3435e+00
-8.0000e+01 -1.3000e+02 -3.1579e+00
-8.0000e+01 -1.2000e+02 1.2849e+00
-8.0000e+01 -1.1000e+02 -8.1301e-01
-8.0000e+01 -1.0000e+02 -2.8017e+00
-8.0000e+01 -9.0000e+01 6.1284e-02
-8.0000e+01 -8.0000e+01 -1.6484e+00
-8.0000e+01 -7.0000e+01 -5.5248e+00
-8.0000e+01 -6.0000e+01 -3.0125e+00
-8.0000e+01 -5.0000e+01 -3.7190e+00
-8.0000e+01 -4.0000e+01 -3.5723e+00
-8.0000e+01 -3.0000e+01 -6.1064e+00
-8.0000e+01 -2.0000e+01 -7.0130e+00
-8.0000e+01 -1.0000e+01 -5.4839e+00
-8.0000e+01 0.0000e+00 -8.0066e+00
-8.0000e+01 1.0000e+01 -5.3303e+00
-8.0000e+01 2.0000e+01 -6.8830e+00
-8.0000e+01 3.0000e+01 -3.2307e+00
-8.0000e+01 4.0000e+01 -3.1838e+00
-8.0000e+01 5.0000e+01 -3.9540e+00
-8.0000e+01 6.0000e+01 -9.0600e-01
-8.0000e+01 7.0000e+01 -2.7253e+00
-8.0000e+01 8.0000e+01 -3.5270e+00
-8.0000e+01 9.0000e+01 -3.4289e+00
-8.0000e+01 1.0000e+02 2.2259e-01
-8.0000e+01 1.1000e+02 -1.6401e+00
-8.0000e+01 1.2000e+02 1.3196e+00
-8.0000e+01 1.3000e+02 -2.4066e+00
-8.0000e+01 1.4000e+02 -1.3887e+00
-8.0000e+01 1.5000e+02 -1.2923e+00
-8.0000e+01 1.6000e+02 -6.5563e-01
-8.0000e+01 1.7000e+02 -2.6802e-02
-8.0000e+01 1.8000e+02 2.5095e+00
-8.0000e+01 1.9000e+02 -1.6759e-01
-8.0000e+01 2.0000e+02 4.5009e-01
-7.0000e+01 -2.0000e+02 1.6770e+00
-7.0000e+01 -1.9000e+02 4.4477e-01
-7.0000e+01 -1.8000e+02 1.7354e+00
-7.0000e+01 -1.7000e+02 -7.7528e-01
-7.0000e+01 -1.6000e+02 3.6719e-01
-7.0000e+01 -1.5000e+02 2.3924e-01
-7.0000e+01 -1.4000e+02 -5.5803e-01
-7.0000e+01 -1.3000e+02 -2.1098e+00
-7.0000e+01 -1.2000e+02 2.2586e-01
-7.0000e+01 -1.1000e+02 1.7546e+00
-7.0000e+01 -1.0000e+02 1.0430e+00
-7.0000e+01 -9.0000e+01 -2.0582e+00
-7.0000e+01 -8.0000e+01 -3.5816e+00
-7.0000e+01 -7.0000e+01 -2.6378e+00
-7.0000e+01 -6.0000e+01 -6.1397e+00
-7.0000e+01 -5.0000e+01 -5.5473e+00
-7.0000e+01 -4.0000e+01 -4.2606e+00
-7.0000e+01 -3.0000e+01 -7.5653e+00
-7.0000e+01 -2.0000e+01 -7.9652e+00
-7.0000e+01 -1.0000e+01 -7.1381e+00
-7.0000e+01 0.0000e+00 -4.2773e+00
-7.0000e+01 1.0000e+01 -6.9062e+00
-7.0000e+01 2.0000e+01 -4.9618e+00
-7.0000e+01 3.0000e+01 -5.7538e+00
-7.0000e+01 4.0000e+01 -5.6466e+00
-7.0000e+01 5.0000e+01 -6.2005e+00
-7.0000e+01 6.0000e+01 -5.8174e+00
-7.0000e+01 7.0000e+01 -4.2407e+00
-7.0000e+01 8.0000e+01 -3.2937e+00
-7.0000e+01 9.0000e+01 -6.1830e-01
-7.0000e+01 1.0000e+02 -3.3251e+00
-7.0000e+01 1.1000e+02 -7.1688e-01
-7.0000e+01 1.2000e+02 -2.3401e+00
-7.0000e+01 1.3000e+02 -3.1683e+00
-7.0000e+01 1.4000e+02 -8.0330e-01
-7.0000e+01 1.5000e+02 2.0641e+00
-7.0000e+01 1.6000e+02 2.5038e+00
-7.0000e+01 1.7000e+02 1.0218e+00
-7.0000e+01 1.8000e+02 -2.2740e+00
-7.0000e+01 1.9000e+02 -2.2815e+00
-7.0000e+01 2.0000e+02 2.4158e+00
-6.0000e+01 -2.0000e+02 3.5249e-01
-6.0000e+01 -1.9000e+02 8.9001e-01
-6.0000e+01 -1.8000e+02 -1.5087e+00
-6.0000e+01 -1.7000e+02 -6.4097e-01
-6.0000e+01 -1.6000e+02 -2.7697e-01
-6.0000e+01 -1.5000e+02 -2.0509e-01
-6.0000e+01 -1.4000e+02 5.4999e-01
-6.0000e+01 -1.3000e+02 2.1086e-01
-6.0000e+01 -1.2000e+02 1.7868e-01
-6.0000e+01 -1.1000e+02 -2.0735e+00
-6.0000e+01 -1.0000e+02 -7.7419e-01
-6.0000e+01 -9.0000e+01 -3.1102e+00
-6.0000e+01 -8.0000e+01 -3.5581e+00
-6.0000e+01 -7.0000e+01 -5.3691e+00
-6.0000e+01 -6.0000e+01 -5.0214e+00
-6.0000e+01 -5.0000e+01 -1.2474e+00
-6.0000e+01 -4.0000e+01 -6.8181e+00
-6.0000e+01 -3.0000e+01 -8.6717e+00
-6.0000e+01 -2.0000e+01 -6.8060e+00
-6.0000e+01 -1.0000e+01 -7.1271e+00
-6.0000e+01 0.0000e+00 -7.4000e+00
-6.0000e+01 1.0000e+01 -8.5264e+00
-6.0000e+01 2.0000e+01 -7.8371e+00
-6.0000e+01 3.0000e+01 -6.4303e+00
-6.0000e+01 4.0000e+01 -8.4741e+00
-6.0000e+01 5.0000e+01 -5.1426e+00
-6.0000e+01 6.0000e+01 -3.9594e+00
-6.0000e+01 7.0000e+01 -4.6431e+00
-6.0000e+01 8.0000e+01 1.0368e+00
-6.0000e+01 9.0000e+01 -4.4766e+00
-6.0000e+01 1.0000e+02 -2.2573e+00
-6.0000e+01 1.1000e+02 -1.3493e+00
-6.0000e+01 1.2000e+02 2.6421e-01
-6.0000e+01 1.3000e+02 2.7926e-01
-6.0000e+01 1.4000e+02 -2.6356e+00
-6.0000e+01 1.5000e+02 5.8233e-01
-6.0000e+01 1.6000e+02 1.8543e+00
-6.0000e+01 1.7000e+02 -1.2037e+00
-6.0000e+01 1.8000e+02 -1.6538e+00
-6.0000e+01 1.9000e+02 2.5786e+00
-6.0000e+01 2.0000e+02 1.1700e-01
-5.0000e+01 -2.0000e+02 2.8913e-01
-5.0000e+01 -1.9000e+02 -6.3324e-02
-5.0000e+01 -1.8000e+02 -1.9221e-01
-5.0000e+01 -1.7000e+02 -1.7261e+00
-5.0000e+01 -1.6000e+02 -1.8318e-01
-5.0000e+01 -1.5000e+02 1.6714e+00
-5.0000e+01 -1.4000e+02 -1.6673e+00
-5.0000e+01 -1.3000e+02 1.2330e+00
-5.0000e+01 -1.2000e+02 -1.5001e+00
-5.0000e+01 -1.1000e+02 -2.6988e+00
-5.0000e+01 -1.0000e+02 -1.0400e+00
-5.0000e+01 -9.0000e+01 -3.5498e+00
-5.0000e+01 -8.0000e+01 -6.3896e+00
-5.0000e+01 -7.0000e+01 -6.3420e+00
-5.0000e+01 -6.0000e+01 -5.0797e+00
-5.0000e+01 -5.0000e+01 -6.4964e+00
-5.0000e+01 -4.0000e+01 -8.2100e+00
-5.0000e+01 -3.0000e+01 -7.5380e+00
-5.0000e+01 -2.0000e+01 -1.1924e+01
-5.0000e+01 -1.0000e+01 -8.8304e+00
-5.0000e+01 0.0000e+00 -1.0030e+01
-5.0000e+01 1.0000e+01 -1.1132e+01
-5.0000e+01 2.0000e+01 -9.9265e+00
-5.0000e+01 3.0000e+01 -1.0972e+01
-5.0000e+01 4.0000e+01 -7.0159e+00
-5.0000e+01 5.0000e+01 -4.8497e+00
-5.0000e+01 6.0000e+01 -6.0366e+00
-5.0000e+01 7.0000e+01 -7.2812e+00
-5.0000e+01 8.0000e+01 -4.2097e+00
-5.0000e+01 9.0000e+01 -2.7931e+00
-5.0000e+01 1.0000e+02 -2.6650e+00
-5.0000e+01 1.1000e+02 -2.7806e+00
-5.0000e+01 1.2000e+02 -8.8237e-01
-5.0000e+01 1.3000e+02 9.0597e-01
-5.0000e+01 1.4000e+02 2.2939e-01
-5.0000e+01 1.5000e+02 -2.0510e-01
-5.0000e+01 1.6000e+02 1.2665e+00
-5.0000e+01 1.7000e+02 -3.1419e+00
-5.0000e+01 1.8000e+02 -4.3935e-01
-5.0000e+01 1.9000e+02 1.7404e+00
-5.0000e+01 2.0000e+02 1.4212e+00
-4.0000e+01 -2.0000e+02 1.5028e-01
-4.0000e+01 -1.9000e+02 1.3777e+00
-4.0000e+01 -1.8000e+02 -5.6828e-01
-4.0000e+01 -1.7000e+02 3.7648e-01
-4.0000e+01 -1.6000e+02 -3.1175e-01
-4.0000e+01 -1.5000e+02 2.8062e-01
-4.0000e+01 -1.4000e+02 -1.8406e+00
-4.0000e+01 -1.3000e+02 -1.5113e+00
-4.0000e+01 -1.2000e+02 -1.1496e+00
-4.0000e+01 -1.1000e+02 -1.2922e+00
-4.0000e+01 -1.0000e+02 -2.9606e+00
-4.0000e+01 -9.0000e+01 -1.7160e+00
-4.0000e+01 -8.0000e+01 -3.8737e+00
-4.0000e+01 -7.0000e+01 -5.7386e+00
-4.0000e+01 -6.0000e+01 -8.8160e+00
-4.0000e+01 -5.0000e+01 -1.0861e+01
-4.0000e+01 -4.0000e+01 -9.5872e+00
-4.0000e+01 -3.0000e+01 -1.0668e+01
-4.0000e+01 -2.0000e+01 -1.1353e+01
-4.0000e+01 -1.0000e+01 -1.0849e+01
-4.0000e+01 0.0000e+00 -1.2721e+01
-4.0000e+01 1.0000e+01 -1.3840e+01
-4.0000e+01 2.0000e+01 -1.1259e+01
-4.0000e+01 3.0000e+01 -1.1433e+01
-4.0000e+01 4.0000e+01 -8.6681e+00
-4.0000e+01 5.0000e+01 -9.1203e+00
-4.0000e+01 6.0000e+01 -6.9056e+00
-4.0000e+01 7.0000e+01 -4.7157e+00
-4.0000e+01 8.0000e+01 -3.8083e+00
-4.0000e+01 9.0000e+01 -3.7932e+00
-4.0000e+01 1.0000e+02 -1.6222e+00
-4.0000e+01 1.1000e+02 -2.6914e+00
-4.0000e+01 1.2000e+02 3.9710e-01
-4.0000e+01 1.3000e+02 -6.6108e-01
-4.0000e+01 1.4000e+02 7.4339e-01
-4.0000e+01 1.5000e+02 2.0606e+00
-4.0000e+01 1.6000e+02 -3.0023e+00
-4.0000e+01 1.7000e+02 9.2590e-01
-4.0000e+01 1.8000e+02 -3.1916e-01
-4.0000e+01 1.9000e+02 6.4582e-01
-4.0000e+01 2.0000e+02 5.1599e-01
-3.0000e+01 -2.0000e+02 -2.0739e+00
-3.0000e+01 -1.9000e+02 6.4139e-01
-3.0000e+01 -1.8000e+02 1.4256e+00
-3.0000e+01 -1.7000e+02 4.7369e+00
-3.0000e+01 -1.6000e+02 -6.2195e-01
-3.0000e+01 -1.5000e+02 -2.3486e+00
-3.0000e+01 -1.4000e+02 -1.6490e+00
-3.0000e+01 -1.3000e+02 -2.1594e+00
-3.0000e+01 -1.2000e+02 1.0650e+00
-3.0000e+01 -1.1000e+02 -1.5972e+00
-3.0000e+01 -1.0000e+02 -3.1597e+00
-3.0000e+01 -9.0000e+01 -4.0723e+00
-3.0000e+01 -8.0000e+01 -3.1054e+00
-3.0000e+01 -7.0000e+01 -5.3099e+00
-3.0000e+01 -6.0000e+01 -6.0487e+00
-3.0000e+01 -5.0000e+01 -1.0123e+01
-3.0000e+01 -4.0000e+01 -1.0747e+01
-3.0000e+01 -3.0000e+01 -9.9824e+00
-3.0000e+01 -2.0000e+01 -1.1015e+01
-3.0000e+01 -1.0000e+01 -1.2033e+01
-3.0000e+01 0.0000e+00 -1.5722e+01
-3.0000e+01 1.0000e+01 -1.3521e+01
-3.0000e+01 2.0000e+01 -1.2384e+01
-3.0000e+01 3.0000e+01 -1.0122e+01
-3.0000e+01 4.0000e+01 -9.8336e+00
-3.0000e+01 5.0000e+01 -1.1387e+01
-3.0000e+01 6.0000e+01 -9.2276e+00
-3.0000e+01 7.0000e+01 -1.4925e+00
-3.0000e+01 8.0000e+01 -4.9057e+00
-3.0000e+01 9.0000e+01 -2.8357e+00
-3.0000e+01 1.0000e+02 1.7013e+00
-3.0000e+01 1.1000e+02 -2.1408e+00
-3.0000e+01 1.2000e+02 1.9450e+00
-3.0000e+01 1.3000e+02 -9.0024e-01
-3.0000e+01 1.4000e+02 8.4069e-01
-3.0000e+01 1.5000e+02 1.1968e-01
-3.0000e+01 1.6000e+02 1.7350e+00
-3.0000e+01 1.7000e+02 -9.9885e-01
-3.0000e+01 1.8000e+02 1.9311e+00
-3.0000e+01 1.9000e+02 -4.0020e-01
-3.0000e+01 2.0000e+02 7.4682e-01
-2.0000e+01 -2.0000e+02 -2.5754e+00
-2.0000e+01 -1.9000e+02 -2.0684e-02
-2.0000e+01 -1.8000e+02 -1.2055e+00
-2.0000e+01 -1.7000e+02 1.8472e+00
-2.0000e+01 -1.6000e+02 -2.6226e+00
-2.0000e+01 -1.5000e+02 5.6002e-01
-2.0000e+01 -1.4000e+02 -1.8550e+00
-2.0000e+01 -1.3000e+02 7.7879e-01
-2.0000e+01 -1.2000e+02 -2.1142e+00
-2.0000e+01 -1.1000e+02 -8.9042e-01
-2.0000e+01 -1.0000e+02 -1.6121e+00
-2.0000e+01 -9.0000e+01 -4.6407e+00
-2.0000e+01 -8.0000e+01 -5.3281e+00
-2.0000e+01 -7.0000e+01 -7.4413e+00
-2.0000e+01 -6.0000e+01 -7.6563e+00
-2.0000e+01 -5.0000e+01 -6.1310e+00
-2.0000e+01 -4.0000e+01 -1.0882e+01
-2.0000e+01 -3.0000e+01 -1.2657e+01
-2.0000e+01 -2.0000e+01 -1.4911e+01
-2.0000e+01 -1.0000e+01 -1.4816e+01
-2.0000e+01 0.0000e+00 -1.2278e+01
-2.0000e+01 1.0000e+01 -1.2976e+01
-2.0000e+01 2.0000e+01 -1.3163e+01
-2.0000e+01 3.0000e+01 -1.3681e+01
-2.0000e+01 4.0000e+01 -1.2147e+01
-2.0000e+01 5.0000e+01 -1.1110e+01
-2.0000e+01 6.0000e+01 -7.1400e+00
-2.0000e+01 7.0000e+01 -5.4933e+00
-2.0000e+01 8.0000e+01 -4.2047e+00
-2.0000e+01 9.0000e+01 -3.6717e+00
-2.0000e+01 1.0000e+02 -4.4245e+00
-2.0000e+01 1.1000e+02 -1.9786e+00
-2.0000e+01 1.2000e+02 3.4166e-02
-2.0000e+01 1.3000e+02 8.3800e-01
-2.0000e+01 1.4000e+02 -1.5061e+00
-2.0000e+01 1.5000e+02 2.2742e+00
-2.0000e+01 1.6000e+02 5.1746e-01
-2.0000e+01 1.7000e+02 -3.1491e+00
-2.0000e+01 1.8000e+02 6.7960e-01
-2.0000e+01 1.9000e+02 8.0836e-01
-2.0000e+01 2.0000e+02 1.1831e+00
-1.0000e+01 -2.0000e+02 2.6670e-01
-1.0000e+01 -1.9000e+02 -1.1320e+00
-1.0000e+01 -1.8000e+02 -9.5212e-01
-1.0000e+01 -1.7000e+02 -1.5337e-01
-1.0000e+01 -1.6000e+02 -2.7025e+00
-1.0000e+01 -1.5000e+02 -1.6997e+00
-1.0000e+01 -1.4000e+02 5.9539e-01
-1.0000e+01 -1.3000e+02 -2.3694e+00
-1.0000e+01 -1.2000e+02 -1.3822e+00
-1.0000e+01 -1.1000e+02 -2.4357e+00
-1.0000e+01 -1.0000e+02 -4.0217e+00
-1.0000e+01 -9.0000e+01 -4.6547e+00
-1.0000e+01 -8.0000e+01 -7.7167e+00
-1.0000e+01 -7.0000e+01 -5.1840e+00
-1.0000e+01 -6.0000e+01 -9.9107e+00
-1.0000e+01 -5.0000e+01 -1.0799e+01
-1.0000e+01 -4.0000e+01 -1.2275e+01
-1.0000e+01 -3.0000e+01 -1.3070e+01
-1.0000e+01 -2.0000e+01 -1.2833e+01
-1.0000e+01 -1.0000e+01 -1.5448e+01
-1.0000e+01 0.0000e+00 -1.4044e+01
-1.0000e+01 1.0000e+01 -1.3143e+01
-1.0000e+01 2.0000e+01 -1.3780e+01
-1.0000e+01 3.0000e+01 -1.5615e+01
-1.0000e+01 4.0000e+01 -1.0583e+01
-1.0000e+01 5.0000e+01 -1.2015e+01
-1.0000e+01 6.0000e+01 -7.0015e+00
-1.0000e+01 7.0000e+01 -8.2715e+00
-1.0000e+01 8.0000e+01 -3.5304e+00
-1.0000e+01 9.0000e+01 -4.4101e+00
-1.0000e+01 1.0000e+02 -4.9269e+00
-1.0000e+01 1.1000e+02 -2.0837e+00
-1.0000e+01 1.2000e+02 -9.1621e-01
-1.0000e+01 1.3000e+02 -1.6066e+00
-1.0000e+01 1.4000e+02 1.1116e+00
-1.0000e+01 1.5000e+02 1.3353e+00
-1.0000e+01 1.6000e+02 2.0276e+00
-1.0000e+01 1.7000e+02 1.1944e+00
-1.0000e+01 1.8000e+02 1.1561e+00
-1.0000e+01 1.9000e+02 1.5494e+00
-1.0000e+01 2.0000e+02 5.5979e-01
0.0000e+00 -2.0000e+02 -2.0978e+00
0.0000e+00 -1.9000e+02 -1.1528e+00
0.0000e+00 -1.8000e+02 -1.3377e-01
0.0000e+00 -1.7000e+02 -2.0504e+00
0.0000e+00 -1.6000e+02 5.5004e-01
0.0000e+00 -1.5000e+02 7.7881e-01
0.0000e+00 -1.4000e+02 -1.6093e+00
0.0000e+00 -1.3000e+02 -1.3687e+00
0.0000e+00 -1.2000e+02 -1.0646e+00
0.0000e+00 -1.1000e+02 -1.7659e+00
0.0000e+00 -1.0000e+02 -3.1215e+00
0.0000e+00 -9.0000e+01 -4.8122e+00
0.0000e+00 -8.0000e+01 -6.2018e+00
0.0000e+00 -7.0000e+01 -7.6813e+00
0.0000e+00 -6.0000e+01 -8.5968e+00
0.0000e+00 -5.0000e+01 -9.8849e+00
0.0000e+00 -4.0000e+01 -1.2318e+01
0.0000e+00 -3.0000e+01 -1.4515e+01
0.0000e+00 -2.0000e+01 -1.3689e+01
0.0000e+00 -1.0000e+01 -1.8097e+01
0.0000e+00 0.0000e+00 -1.6481e+01
0.0000e+00 1.0000e+01 -1.5887e+01
0.0000e+00 2.0000e+01 -1.5578e+01
0.0000e+00 3.0000e+01 -1.4863e+01
0.0000e+00 4.0000e+01 -1.0680e+01
0.0000e+00 5.0000e+01 -9.8579e+00
0.0000e+00 6.0000e+01 -1.1198e+01
0.0000e+00 7.0000e+01 -8.0082e+00
0.0000e+00 8.0000e+01 -4.8231e+00
0.0000e+00 9.0000e+01 -5.7951e+00
0.0000e+00 1.0000e+02 -9.2133e-01
0.0000e+00 1.1000e+02 -2.0491e+00
0.0000e+00 1.2000e+02 -6.1168e-01
0.0000e+00 1.3000e+02 -3.5318e+00
0.0000e+00 1.4000e+02 -3.2362e-01
0.0000e+00 1.5000e+02 -8.8591e-01
0.0000e+00 1.6000e+02 -1.5193e+00
0.0000e+00 1.7000e+02 2.0257e-01
0.0000e+00 1.8000e+02 -6.5071e-01
0.0000e+00 1.9000e+02 -2.1042e+00
0.0000e+00 2.0000e+02 -1.6121e+00
1.0000e+01 -2.0000e+02 -5.4169e-01
1.0000e+01 -1.9000e+02 -2.2624e+00
1.0000e+01 -1.8000e+02 -1.6751e+00
1.0000e+01 -1.7000e+02 -4.7322e-01
1.0000e+01 -1.6000e+02 6.5663e-01
1.0000e+01 -1.5000e+02 -1.1704e+00
1.0000e+01 -1.4000e+02 9.6723e-01
1.0000e+01 -1.3000e+02 -2.2147e-01
1.0000e+01 -1.2000e+02 -2.0012e+00
1.0000e+01 -1.1000e+02 -3.0062e-01
1.0000e+01 -1.0000e+02 -1.1730e+00
1.0000e+01 -9.0000e+01 -4.3218e+00
1.0000e+01 -8.0000e+01 -3.8192e+00
1.0000e+01 -7.0000e+01 -5.3541e+00
1.0000e+01 -6.0000e+01 -1.0987e+01
1.0000e+01 -5.0000e+01 -9.1758e+00
1.0000e+01 -4.0000e+01 -1.1675e+01
1.0000e+01 -3.0000e+01 -1.3551e+01
1.0000e+01 -2.0000e+01 -1.3858e+01
1.0000e+01 -1.0000e+01 -1.6702e+01
1.0000e+01 0.0000e+00 -1.2712e+01
1.0000e+01 1.0000e+01 -1.4367e+01
1.0000e+01 2.0000e+01 -1.2801e+01
1.0000e+01 3.0000e+01 -1.1954e+01
1.0000e+01 4.0000e+01 -1.0359e+01
1.0000e+01 5.0000e+01 -8.9417e+00
1.0000e+01 6.0000e+01 -1.0236e+01
1.0000e+01 7.0000e+01 -8.5066e+00
1.0000e+01 8.0000e+01 -5.0871e+00
1.0000e+01 9.0000e+01 -3.6418e+00
1.0000e+01 1.0000e+02 -3.1114e+00
1.0000e+01 1.1000e+02 -2.5299e+00
1.0000e+01 1.2000e+02 -1.3788e+00
1.0000e+01 1.3000e+02 -1.5490e+00
1.0000e+01 1.4000e+02 -7.4219e-01
1.0000e+01 1.5000e+02 -5.3558e-01
1.0000e+01 1.6000e+02 -8.6516e-01
1.0000e+01 1.7000e+02 -1.5070e-01
1.0000e+01 1.8000e+02 -1.6545e+00
1.0000e+01 1.9000e+02 -6.9375e-01
1.0000e+01 2.0000e+02 -2.2414e+00
2.0000e+01 -2.0000e+02 -9.0866e-01
2.0000e+01 -1.9000e+02 -2.4924e+00
2.0000e+01 -1.8000e+02 -3.0218e-01
2.0000e+01 -1.7000e+02 -1.6506e+00
2.0000e+01 -1.6000e+02 -1.7362e+00
2.0000e+01 -1.5000e+02 -3.8881e-02
2.0000e+01 -1.4000e+02 -9.1762e-01
2.0000e+01 -1.3000e+02 -8.8195e-01
2.0000e+01 -1.2000e+02 1.0274e-01
2.0000e+01 -1.1000e+02 -4.7325e+00
2.0000e+01 -1.0000e+02 -3.3235e+00
2.0000e+01 -9.0000e+01 -3.8516e+00
2.0000e+01 -8.0000e+01 -2.2760e+00
2.0000e+01 -7.0000e+01 -7.6835e+00
2.0000e+01 -6.0000e+01 -7.9328e+00
2.0000e+01 -5.0000e+01 -1.1531e+01
2.0000e+01 -4.0000e+01 -9.3305e+00
2.0000e+01 -3.0000e+01 -1.0905e+01
2.0000e+01 -2.0000e+01 -1.3870e+01
2.0000e+01 -1.0000e+01 -1.4561e+01
2.0000e+01 0.0000e+00 -1.4219e+01
2.0000e+01 1.0000e+01 -1.5996e+01
2.0000e+01 2.0000e+01 -1.2916e+01
2.0000e+01 3.0000e+01 -1.3019e+01
2.0000e+01 4.0000e+01 -1.3032e+01
2.0000e+01 5.0000e+01 -9.2294e+00
2.0000e+01 6.0000e+01 -6.8766e+00
2.0000e+01 7.0000e+01 -6.5038e+00
2.0000e+01 8.0000e+01 -7.3963e+00
2.0000e+01 9.0000e+01 -5.2685e+00
2.0000e+01 1.0000e+02 -2.3306e+00
2.0000e+01 1.1000e+02 -6.0222e-01
2.0000e+01 1.2000e+02 -2.4346e+00
2.0000e+01 1.3000e+02 1.1700e+00
2.0000e+01 1.4000e+02 -2.3572e+00
2.0000e+01 1.5000e+02 5.4303e-01
2.0000e+01 1.6000e+02 -2.2547e+00
2.0000e+01 1.7000e+02 -1.5497e+00
2.0000e+01 1.8000e+02 -6.1467e-02
2.0000e+01 1.9000e+02 5.9895e-01
2.0000e+01 2.0000e+02 -2.8436e-01
3.0000e+01 -2.0000e+02 -1.5381e+00
3.0000e+01 -1.9000e+02 -2.3329e+00
3.0000e+01 -1.8000e+02 -2.5274e+00
3.0000e+01 -1.7000e+02 4.3248e-01
3.0000e+01 -1.6000e+02 1.2185e-01
3.0000e+01 -1.5000e+02 -2.0641e-01
3.0000e+01 -1.4000e+02 -3.3834e+00
3.0000e+01 -1.3000e+02 9.0354e-01
3.0000e+01 -1.2000e+02 -3.5174e+00
3.0000e+01 -1.1000e+02 -4.2922e-01
3.0000e+01 -1.0000e+02 -2.9295e+00
3.0000e+01 -9.0000e+01 -5.7083e+00
3.0000e+01 -8.0000e+01 -2.6017e+00
3.0000e+01 -7.0000e+01 -7.4878e+00
3.0000e+01 -6.0000e+01 -7.6959e+00
3.0000e+01 -5.0000e+01 -8.6832e+00
3.0000e+01 -4.0000e+01 -1.0186e+01
3.0000e+01 -3.0000e+01 -1.2822e+01
3.0000e+01 -2.0000e+01 -1.3533e+01
3.0000e+01 -1.0000e+01 -1.3621e+01
3.0000e+01 0.0000e+00 -1.4327e+01
3.0000e+01 1.0000e+01 -9.9784e+00
3.0000e+01 2.0000e+01 -1.3006e+01
3.0000e+01 3.0000e+01 -8.6935e+00
3.0000e+01 4.0000e+01 -1.2029e+01
3.0000e+01 5.0000e+01 -7.4340e+00
3.0000e+01 6.0000e+01 -9.2857e+00
3.0000e+01 7.0000e+01 -4.0375e+00
3.0000e+01 8.0000e+01 -2.5697e+00
3.0000e+01 9.0000e+01 -3.6821e+00
3.0000e+01 1.0000e+02 -2.5561e+00
3.0000e+01 1.1000e+02 -1.6220e+00
3.0000e+01 1.2000e+02 -1.0649e+00
3.0000e+01 1.3000e+02 -2.0237e+00
3.0000e+01 1.4000e+02 6.1732e-01
3.0000e+01 1.5000e+02 -1.2423e+00
3.0000e+01 1.6000e+02 1.3647e+00
3.0000e+01 1.7000e+02 -3.3907e-02
3.0000e+01 1.8000e+02 2.4818e+00
3.0000e+01 1.9000e+02 -3.7708e-01
3.0000e+01 2.0000e+02 1.2540e-01
4.0000e+01 -2.0000e+02 2.1426e+00
4.0000e+01 -1.9000e+02 -1.8656e-01
4.0000e+01 -1.8000e+02 3.2940e-02
4.0000e+01 -1.7000e+02 4.8431e-01
4.0000e+01 -1.6000e+02 6.7771e-01
4.0000e+01 -1.5000e+02 7.3901e-01
4.0000e+01 -1.4000e+02 2.7728e-01
4.0000e+01 -1.3000e+02 -1.7818e+00
4.0000e+01 -1.2000e+02 -1.5144e+00
4.0000e+01 -1.1000e+02 -1.1162e+00
4.0000e+01 -1.0000e+02 -2.2099e+00
4.0000e+01 -9.0000e+01 -5.5889e+00
4.0000e+01 -8.0000e+01 -4.3968e+00
4.0000e+01 -7.0000e+01 -4.2029e+00
4.0000e+01 -6.0000e+01 -5.4420e+00
4.0000e+01 -5.0000e+01 -7.1816e+00
4.0000e+01 -4.0000e+01 -8.4590e+00
4.0000e+01 -3.0000e+01 -1.3888e+01
4.0000e+01 -2.0000e+01 -1.2347e+01
4.0000e+01 -1.0000e+01 -1.1289e+01
4.0000e+01 0.0000e+00 -1.0849e+01
4.0000e+01 1.0000e+01 -1.5121e+01
4.0000e+01 2.0000e+01 -9.1805e+00
4.0000e+01 3.0000e+01 -9.4691e+00
4.0000e+01 4.0000e+01 -1.0155e+01
4.0000e+01 5.0000e+01 -6.6741e+00
4.0000e+01 6.0000e+01 -6.4673e+00
4.0000e+01 7.0000e+01 -4.3710e+00
4.0000e+01 8.0000e+01 -3.5649e+00
4.0000e+01 9.0000e+01 -4.6410e+00
4.0000e+01 1.0000e+02 -3.8862e+00
4.0000e+01 1.1000e+02 -4.8871e+00
4.0000e+01 1.2000e+02 -1.9287e+00
4.0000e+01 1.3000e+02 1.1371e+00
4.0000e+01 1.4000e+02 -1.3926e+00
4.0000e+01 1.5000e+02 -2.8991e+00
4.0000e+01 1.6000e+02 1.7943e+00
4.0000e+01 1.7000e+02 -3.7592e+00
4.0000e+01 1.8000e+02 5.0221e-01
4.0000e+01 1.9000e+02 5.2373e-01
4.0000e+01 2.0000e+02 -1.2870e+00
5.0000e+01 -2.0000e+02 -1.2547e+00
5.0000e+01 -1.9000e+02 -2.0232e+00
5.0000e+01 -1.8000e+02 8.4709e-01
5.0000e+01 -1.7000e+02 -3.0803e-01
5.0000e+01 -1.6000e+02 -5.6634e-01
5.0000e+01 -1.5000e+02 -9.2306e-01
5.0000e+01 -1.4000e+02 -2.6557e+00
5.0000e+01 -1.3000e+02 -6.7844e-01
5.0000e+01 -1.2000e+02 -1.9887e+00
5.0000e+01 -1.1000e+02 -1.0297e+00
5.0000e+01 -1.0000e+02 -2.4407e+00
5.0000e+01 -9.0000e+01 -3.2236e+00
5.0000e+01 -8.0000e+01 -3.6858e+00
5.0000e+01 -7.0000e+01 -4.6761e+00
5.0000e+01 -6.0000e+01 -4.2966e+00
5.0000e+01 -5.0000e+01 -6.3795e+00
5.0000e+01 -4.0000e+01 -6.6755e+00
5.0000e+01 -3.0000e+01 -8.8848e+00
5.0000e+01 -2.0000e+01 -9.1982e+00
5.0000e+01 -1.0000e+01 -8.3614e+00
5.0000e+01 0.0000e+00 -8.6521e+00
5.0000e+01 1.0000e+01 -1.2307e+01
5.0000e+01 2.0000e+01 -1.0301e+01
5.0000e+01 3.0000e+01 -1.1290e+01
5.0000e+01 4.0000e+01 -3.9370e+00
5.0000e+01 5.0000e+01 -7.2316e+00
5.0000e+01 6.0000e+01 -6.1131e+00
5.0000e+01 7.0000e+01 -5.6999e+00
5.0000e+01 8.0000e+01 -4.3034e+00
5.0000e+01 9.0000e+01 -1.1109e+00
5.0000e+01 1.0000e+02 -1.4662e+00
5.0000e+01 1.1000e+02 -1.9103e+00
5.0000e+01 1.2000e+02 -2.7228e+00
5.0000e+01 1.3000e+02 7.1401e-01
5.0000e+01 1.4000e+02 -3.2042e+00
5.0000e+01 1.5000e+02 -6.5543e-01
5.0000e+01 1.6000e+02 -1.5985e+00
5.0000e+01 1.7000e+02 -2.2339e-01
5.0000e+01 1.8000e+02 1.4173e+00
5.0000e+01 1.9000e+02 5.2564e-02
5.0000e+01 2.0000e+02 -8.0644e-01
6.0000e+01 -2.0000e+02 -1.4757e+00
6.0000e+01 -1.9000e+02 -1.3968e+00
6.0000e+01 -1.8000e+02 2.3125e+00
6.0000e+01 -1.7000e+02 5.9578e-01
6.0000e+01 -1.6000e+02 -8.1724e-01
6.0000e+01 -1.5000e+02 -1.8858e+00
6.0000e+01 -1.4000e+02 -4.6405e-01
6.0000e+01 -1.3000e+02 -1.1483e-01
6.0000e+01 -1.2000e+02 1.0037e+00
6.0000e+01 -1.1000e+02 1.0079e+00
6.0000e+01 -1.0000e+02 -2.5704e+00
6.0000e+01 -9.0000e+01 -7.6815e-01
6.0000e+01 -8.0000e+01 -3.8381e+00
6.0000e+01 -7.0000e+01 -4.9731e+00
6.0000e+01 -6.0000e+01 -5.8169e+00
6.0000e+01 -5.0000e+01 -6.0361e+00
6.0000e+01 -4.0000e+01 -8.1811e+00
6.0000e+01 -3.0000e+01 -9.2984e+00
6.0000e+01 -2.0000e+01 -7.7989e+00
6.0000e+01 -1.0000e+01 -7.2728e+00
6.0000e+01 0.0000e+00 -9.4019e+00
6.0000e+01 1.0000e+01 -1.0164e+01
6.0000e+01 2.0000e+01 -8.4432e+00
6.0000e+01 3.0000e+01 -7.0898e+00
6.0000e+01 4.0000e+01 -5.3378e+00
6.0000e+01 5.0000e+01 -7.5904e+00
6.0000e+01 6.0000e+01 -4.2339e+00
6.0000e+01 7.0000e+01 -5.8416e+00
6.0000e+01 8.0000e+01 -3.3196e+00
6.0000e+01 9.0000e+01 -2.8159e+00
6.0000e+01 1.0000e+02 -1.0815e-01
6.0000e+01 1.1000e+02 -2.9547e+00
6.0000e+01 1.2000e+02 -3.2956e+00
6.0000e+01 1.3000e+02 -2.4435e+00
6.0000e+01 1.4000e+02 1.0403e+00
6.0000e+01 1.5000e+02 -1.8106e+00
6.0000e+01 1.6000e+02 -1.6579e+00
6.0000e+01 1.7000e+02 -1.1125e+00
6.0000e+01 1.8000e+02 -1.8699e+00
6.0000e+01 1.9000e+02 7.1627e-01
6.0000e+01 2.0000e+02 -4.3142e-01
7.0000e+01 -2.0000e+02 -6.2101e-01
7.0000e+01 -1.9000e+02 8.0212e-01
7.0000e+01 -1.8000e+02 5.7142e-01
7.0000e+01 -1.7000e+02 -2.0780e+00
7.0000e+01 -1.6000e+02 3.8564e-01
7.0000e+01 -1.5000e+02 5.8770e-02
7.0000e+01 -1.4000e+02 -7.0908e-01
7.0000e+01 -1.3000e+02 -2.4709e+00
7.0000e+01 -1.2000e+02 1.1018e+00
7.0000e+01 -1.1000e+02 -4.3710e+00
7.0000e+01 -1.0000e+02 -1.9940e+00
7.0000e+01 -9.0000e+01 -1.8778e+00
7.0000e+01 -8.0000e+01 -2.5000e+00
7.0000e+01 -7.0000e+01 -4.6158e+00
7.0000e+01 -6.0000e+01 -3.9791e+00
7.0000e+01 -5.0000e+01 -6.2881e+00
7.0000e+01 -4.0000e+01 -5.4094e+00
7.0000e+01 -3.0000e+01 -7.0590e+00
7.0000e+01 -2.0000e+01 -8.2762e+00
7.0000e+01 -1.0000e+01 -1.0532e+01
7.0000e+01 0.0000e+00 -4.1946e+00
7.0000e+01 1.0000e+01 -5.7208e+00
7.0000e+01 2.0000e+01 -7.3347e+00
7.0000e+01 3.0000e+01 -8.0995e+00
7.0000e+01 4.0000e+01 -6.0243e+00
7.0000e+01 5.0000e+01 -3.9897e+00
7.0000e+01 6.0000e+01 -3.0608e+00
7.0000e+01 7.0000e+01 -5.0812e+00
7.0000e+01 8.0000e+01 -1.8936e+00
7.0000e+01 9.0000e+01 -1.3102e+00
7.0000e+01 1.0000e+02 -8.2362e-01
7.0000e+01 1.1000e+02 -1.7874e+00
7.0000e+01 1.2000e+02 -6.6286e-03
7.0000e+01 1.3000e+02 1.8224e+00
7.0000e+01 1.4000e+02 1.3836e+00
7.0000e+01 1.5000e+02 -1.2267e+00
7.0000e+01 1.6000e+02 7.3373e-01
7.0000e+01 1.7000e+02 1.8892e+00
7.0000e+01 1.8000e+02 -3.6249e+00
7.0000e+01 1.9000e+02 -1.3104e+00
7.0000e+01 2.0000e+02 1.5614e+00
8.0000e+01 -2.0000e+02 3.1910e-01
8.0000e+01 -1.9000e+02 7.1687e-01
8.0000e+01 -1.8000e+02 -1.5982e+00
8.0000e+01 -1.7000e+02 -1.1770e+00
8.0000e+01 -1.6000e+02 -3.1882e-01
8.0000e+01 -1.5000e+02 -4.6663e-01
8.0000e+01 -1.4000e+02 -1.3179e-01
8.0000e+01 -1.3000e+02 -2.7308e+00
8.0000e+01 -1.2000e+02 -1.7275e+00
8.0000e+01 -1.1000e+02 -1.2275e+00
8.0000e+01 -1.0000e+02 -2.5481e+00
8.0000e+01 -9.0000e+01 1.4242e+00
8.0000e+01 -8.0000e+01 -8.2813e-01
8.0000e+01 -7.0000e+01 -3.4354e+00
8.0000e+01 -6.0000e+01 -4.3655e+00
8.0000e+01 -5.0000e+01 -3.8692e+00
8.0000e+01 -4.0000e+01 -3.1660e+00
8.0000e+01 -3.0000e+01 -5.0786e+00
8.0000e+01 -2.0000e+01 -7.4974e+00
8.0000e+01 -1.0000e+01 -4.9986e+00
8.0000e+01 0.0000e+00 -3.2661e+00
8.0000e+01 1.0000e+01 -4.3402e+00
8.0000e+01 2.0000e+01 -8.1921e+00
8.0000e+01 3.0000e+01 -6.8491e+00
8.0000e+01 4.0000e+01 -6.1395e+00
8.0000e+01 5.0000e+01 -4.7138e+00
8.0000e+01 6.0000e+01 -4.7825e+00
8.0000e+01 7.0000e+01 -2.4927e+00
8.0000e+01 8.0000e+01 -1.7521e+00
8.0000e+01 9.0000e+01 -1.9460e+00
8.0000e+01 1.0000e+02 1.4027e-01
8.0000e+01 1.1000e+02 -4.3285e-02
8.0000e+01 1.2000e+02 -6.2990e-01
8.0000e+01 1.3000e+02 1.6555e-01
8.0000e+01 1.4000e+02 -1.3710e+00
8.0000e+01 1.5000e+02 -1.8318e+00
8.0000e+01 1.6000e+02 1.7462e+00
8.0000e+01 1.7000e+02 6.6289e-01
8.0000e+01 1.8000e+02 2.1587e-01
8.0000e+01 1.9000e+02 3.4958e+00
8.0000e+01 2.0000e+02 -2.3898e-01
9.0000e+01 -2.0000e+02 -1.4055e+00
9.0000e+01 -1.9000e+02 2.4119e+00
9.0000e+01 -1.8000e+02 7.8650e-01
9.0000e+01 -1.7000e+02 -1.3537e+00
9.0000e+01 -1.6000e+02 8.2037e-01
9.0000e+01 -1.5000e+02 2.2042e+00
9.0000e+01 -1.4000e+02 1.8138e-01
9.0000e+01 -1.3000e+02 1.1175e+00
9.0000e+01 -1.2000e+02 -1.5609e+00
9.0000e+01 -1.1000e+02 -1.3111e+00
9.0000e+01 -1.0000e+02 -6.5137e-01
9.0000e+01 -9.0000e+01 -3.2933e+00
9.0000e+01 -8.0000e+01 4.5324e-01
9.0000e+01 -7.0000e+01 -1.1155e+00
9.0000e+01 -6.0000e+01 -3.1266e+00
9.0000e+01 -5.0000e+01 -1.3379e+00
9.0000e+01 -4.0000e+01 -5.8677e+00
9.0000e+01 -3.0000e+01 -5.1460e+00
9.0000e+01 -2.0000e+01 -5.3154e+00
9.0000e+01 -1.0000e+01 -2.5111e+00
9.0000e+01 0.0000e+00 -3.9030e+00
9.0000e+01 1.0000e+01 -3.6677e+00
9.0000e+01 2.0000e+01 -4.8113e+00
9.0000e+01 3.0000e+01 -4.9324e+00
9.0000e+01 4.0000e+01 -4.1270e+00
9.0000e+01 5.0000e+01 -1.9459e+00
9.0000e+01 6.0000e+01 -3.2968e+00
9.0000e+01 7.0000e+01 -3.3808e+00
9.0000e+01 8.0000e+01 -1.4488e+00
9.0000e+01 9.0000e+01 -3.4921e+00
9.0000e+01 1.0000e+02 -4.0747e+00
9.0000e+01 1.1000e+02 -3.0513e+00
9.0000e+01 1.2000e+02 1.5536e-01
9.0000e+01 1.3000e+02 -2.0441e+00
9.0000e+01 1.4000e+02 -1.6334e+00
9.0000e+01 1.5000e+02 -4.0332e-01
9.0000e+01 1.6000e+02 3.3606e-01
9.0000e+01 1.7000e+02 -1.5566e+00
9.0000e+01 1.8000e+02 7.8680e-01
9.0000e+01 1.9000e+02 1.4962e-02
9.0000e+01 2.0000e+02 3.0159e-01
1.0000e+02 -2.0000e+02 4.4440e-01
1.0000e+02 -1.9000e+02 7.8693e-01
1.0000e+02 -1.8000e+02 -5.6265e-01
1.0000e+02 -1.7000e+02 1.5762e-01
1.0000e+02 -1.6000e+02 9.1250e-01
1.0000e+02 -1.5000e+02 -1.5091e+00
1.0000e+02 -1.4000e+02 -2.0747e-01
1.0000e+02 -1.3000e+02 -3.2156e-01
1.0000e+02 -1.2000e+02 -2.1320e+00
1.0000e+02 -1.1000e+02 -1.0891e-01
1.0000e+02 -1.0000e+02 -1.3384e+00
1.0000e+02 -9.0000e+01 -1.3780e+00
1.0000e+02 -8.0000e+01 -2.9871e-01
1.0000e+02 -7.0000e+01 -1.4709e+00
1.0000e+02 -6.0000e+01 -1.2593e+00
1.0000e+02 -5.0000e+01 -1.1219e+00
1.0000e+02 -4.0000e+01 -1.7705e+00
1.0000e+02 -3.0000e+01 -7.6717e-01
1.0000e+02 -2.0000e+01 -6.3703e+00
1.0000e+02 -1.0000e+01 -4.3837e+00
1.0000e+02 0.0000e+00 -2.6307e+00
1.0000e+02 1.0000e+01 -5.1601e+00
1.0000e+02 2.0000e+01 -1.6901e+00
1.0000e+02 3.0000e+01 -3.1779e+00
1.0000e+02 4.0000e+01 -4.2016e+00
1.0000e+02 5.0000e+01 -1.2419e+00
1.0000e+02 6.0000e+01 -3.4492e+00
1.0000e+02 7.0000e+01 -2.2614e+00
1.0000e+02 8.0000e+01 -2.2651e+00
1.0000e+02 9.0000e+01 -1.2437e+00
1.0000e+02 1.0000e+02 4.8549e-01
1.0000e+02 1.1000e+02 2.7932e-01
1.0000e+02 1.2000e+02 2.2288e+00
1.0000e+02 1.3000e+02 -8.5036e-01
1.0000e+02 1.4000e+02 3.4088e-01
1.0000e+02 1.5000e+02 1.5394e+00
1.0000e+02 1.6000e+02 1.2476e+00
1.0000e+02 1.7000e+02 -1.7007e+00
1.0000e+02 1.8000e+02 1.4695e+00
1.0000e+02 1.9000e+02 -1.4933e+00
1.0000e+02 2.0000e+02 5.7234e-02
1.1000e+02 -2.0000e+02 -1.9279e+00
1.1000e+02 -1.9000e+02 3.4374e-01
1.1000e+02 -1.8000e+02 -3.3916e+00
1.1000e+02 -1.7000e+02 -1.0486e+00
1.1000e+02 -1.6000e+02 2.6276e-01
1.1000e+02 -1.5000e+02 -5.5365e-01
1.1000e+02 -1.4000e+02 4.9822e+00
1.1000e+02 -1.3000e+02 1.8046e-01
1.1000e+02 -1.2000e+02 5.5845e-01
1.1000e+02 -1.1000e+02 1.3474e+00
1.1000e+02 -1.0000e+02 1.3009e+00
1.1000e+02 -9.0000e+01 -7.3208e-01
1.1000e+02 -8.0000e+01 4.6620e-01
1.1000e+02 -7.0000e+01 8.8398e-01
1.1000e+02 -6.0000e+01 -1.7136e+00
1.1000e+02 -5.0000e+01 -2.1517e-01
1.1000e+02 -4.0000e+01 -3.2589e-01
1.1000e+02 -3.0000e+01 -2.6486e+00
1.1000e+02 -2.0000e+01 -1.4357e+00
1.1000e+02 -1.0000e+01 2.1670e+00
1.1000e+02 0.0000e+00 -3.0941e+00
1.1000e+02 1.0000e+01 -4.0590e+00
1.1000e+02 2.0000e+01 -1.2190e+00
1.1000e+02 3.0000e+01 -2.2543e+00
1.1000e+02 4.0000e+01 -1.4585e+00
1.1000e+02 5.0000e+01 -2.6532e+00
1.1000e+02 6.0000e+01 -9.0908e-01
1.1000e+02 7.0000e+01 -1.4710e+00
1.1000e+02 8.0000e+01 1.5413e+00
1.1000e+02 9.0000e+01 -8.7626e-01
1.1000e+02 1.0000e+02 2.1437e-01
1.1000e+02 1.1000e+02 1.2454e+00
1.1000e+02 1.2000e+02 1.0124e+00
1.1000e+02 1.3000e+02 5.9603e-01
1.1000e+02 1.4000e+02 -2.2817e-01
1.1000e+02 1.5000e+02 1.1561e+00
1.1000e+02 1.6000e+02 -1.7871e+00
1.1000e+02 1.7000e+02 4.2280e-01
1.1000e+02 1.8000e+02 1.3513e+00
1.1000e+02 1.9000e+02 -1.6847e+00
1.1000e+02 2.0000e+02 2.2984e+00
1.2000e+02 -2.0000e+02 -9.8817e-01
1.2000e+02 -1.9000e+02 -1.1878e+00
1.2000e+02 -1.8000e+02 8.4314e-01
1.2000e+02 -1.7000e+02 2.0795e+00
1.2000e+02 -1.6000e+02 9.7014e-01
1.2000e+02 -1.5000e+02 -7.2175e-01
1.2000e+02 -1.4000e+02 3.2355e-01
1.2000e+02 -1.3000e+02 1.5771e+00
1.2000e+02 -1.2000e+02 -5.9251e-01
1.2000e+02 -1.1000e+02 2.0870e+00
1.2000e+02 -1.0000e+02 -1.3268e+00
1.2000e+02 -9.0000e+01 1.8830e+00
1.2000e+02 -8.0000e+01 2.5436e+00
1.2000e+02 -7.0000e+01 -7.4278e-01
1.2000e+02 -6.0000e+01 1.7612e-01
1.2000e+02 -5.0000e+01 3.8678e-01
1.2000e+02 -4.0000e+01 -1.9578e+00
1.2000e+02 -3.0000e+01 -6.7150e-01
1.2000e+02 -2.0000e+01 -1.9575e+00
1.2000e+02 -1.0000e+01 -2.9307e-01
1.2000e+02 0.0000e+00 -1.8367e+00
1.2000e+02 1.0000e+01 3.5071e-01
1.2000e+02 2.0000e+01 -4.5455e+00
1.2000e+02 3.0000e+01 -3.1736e+00
1.2000e+02 4.0000e+01 -1.3186e+00
1.2000e+02 5.0000e+01 -1.1455e+00
1.2000e+02 6.0000e+01 3.1888e-01
1.2000e+02 7.0000e+01 1.1859e-01
1.2000e+02 8.0000e+01 -2.8657e-01
1.2000e+02 9.0000e+01 -2.9645e+00
1.2000e+02 1.0000e+02 1.7113e+00
1.2000e+02 1.1000e+02 4.4980e+00
1.2000e+02 1.2000e+02 2.1660e+00
1.2000e+02 1.3000e+02 -2.7261e+00
1.2000e+02 1.4000e+02 -9.3137e-01
1.2000e+02 1.5000e+02 1.0014e+00
1.2000e+02 1.6000e+02 -1.1125e+00
1.2000e+02 1.7000e+02 1.2485e+00
1.2000e+02 1.8000e+02 1.4524e+00
1.2000e+02 1.9000e+02 -1.8317e+00
1.2000e+02 2.0000e+02 -1.8885e+00
1.3000e+02 -2.0000e+02 2.0511e-01
1.3000e+02 -1.9000e+02 1.0044e+00
1.3000e+02 -1.8000e+02 -2.9131e+00
1.3000e+02 -1.7000e+02 2.5556e+00
1.3000e+02 -1.6000e+02 -1.4369e+00
1.3000e+02 -1.5000e+02 -3.9957e+00
1.3000e+02 -1.4000e+02 2.6480e+00
1.3000e+02 -1.3000e+02 -5.1538e-01
1.3000e+02 -1.2000e+02 -7.4515e-01
1.3000e+02 -1.1000e+02 -9.5978e-01
1.3000e+02 -1.0000e+02 -1.1871e+00
1.3000e+02 -9.0000e+01 -2.2988e-01
1.3000e+02 -8.0000e+01 -1.8961e+00
1.3000e+02 -7.0000e+01 1.3540e+00
1.3000e+02 -6.0000e+01 1.8430e+00
1.3000e+02 -5.0000e+01 -1.2271e+00
1.3000e+02 -4.0000e+01 1.0231e-01
1.3000e+02 -3.0000e+01 -3.1910e-01
1.3000e+02 -2.0000e+01 -9.3253e-01
1.3000e+02 -1.0000e+01 -3.3460e-01
1.3000e+02 0.0000e+00 -2.8602e-01
1.3000e+02 1.0000e+01 -1.6856e+00
1.3000e+02 2.0000e+01 -7.3561e-01
1.3000e+02 3.0000e+01 2.7663e+00
1.3000e+02 4.0000e+01 9.7402e-01
1.3000e+02 5.0000e+01 1.6216e+00
1.3000e+02 6.0000e+01 -2.2103e+00
1.3000e+02 7.0000e+01 -4.0029e-01
1.3000e+02 8.0000e+01 -1.6248e+00
1.3000e+02 9.0000e+01 8.7885e-01
1.3000e+02 1.0000e+02 1.1193e+00
1.3000e+02 1.1000e+02 -8.8312e-02
1.3000e+02 1.2000e+02 -1.0471e+00
1.3000e+02 1.3000e+02 -2.8826e-01
1.3000e+02 1.4000e+02 -5.1096e-01
1.3000e+02 1.5000e+02 -3.1058e+00
1.3000e+02 1.6000e+02 -7.8119e-01
1.3000e+02 1.7000e+02 -9.4252e-01
1.3000e+02 1.8000e+02 6.2003e-01
1.3000e+02 1.9000e+02 -6.6610e-01
1.3000e+02 2.0000e+02 6.5619e-01
1.4000e+02 -2.0000e+02 -1.0660e-01
1.4000e+02 -1.9000e+02 -1.6787e+00
1.4000e+02 -1.8000e+02 8.5577e-01
1.4000e+02 -1.7000e+02 -1.4652e-02
1.4000e+02 -1.6000e+02 -4.5181e-01
1.4000e+02 -1.5000e+02 -2.5797e+00
1.4000e+02 -1.4000e+02 1.3621e+00
1.4000e+02 -1.3000e+02 -1.8189e+00
1.4000e+02 -1.2000e+02 -6.3204e-01
1.4000e+02 -1.1000e+02 1.0736e+00
1.4000e+02 -1.0000e+02 1.6842e+00
1.4000e+02 -9.0000e+01 -1.1564e+00
1.4000e+02 -8.0000e+01 1.6023e+00
1.4000e+02 -7.0000e+01 -9.4310e-01
1.4000e+02 -6.0000e+01 -1.7231e+00
1.4000e+02 -5.0000e+01 -2.1094e+00
1.4000e+02 -4.0000e+01 -1.1343e-01
1.4000e+02 -3.0000e+01 -3.7217e+00
1.4000e+02 -2.0000e+01 -3.7338e+00
1.4000e+02 -1.0000e+01 5.5732e-01
1.4000e+02 0.0000e+00 -3.0354e+00
1.4000e+02 1.0000e+01 2.1169e-02
1.4000e+02 2.0000e+01 -1.1457e+00
1.4000e+02 3.0000e+01 -1.3987e-01
1.4000e+02 4.0000e+01 -2.9690e+00
1.4000e+02 5.0000e+01 -1.0568e+00
1.4000e+02 6.0000e+01 1.1332e+00
1.4000e+02 7.0000e+01 6.8494e-01
1.4000e+02 8.0000e+01 -3.4340e-01
1.4000e+02 9.0000e+01 -3.4454e-02
1.4000e+02 1.0000e+02 1.3500e+00
1.4000e+02 1.1000e+02 1.3973e+00
1.4000e+02 1.2000e+02 8.3960e-01
1.4000e+02 1.3000e+02 -4.9032e-01
1.4000e+02 1.4000e+02 5.3957e-01
1.4000e+02 1.5000e+02 2.3996e-02
1.4000e+02 1.6000e+02 -6.0338e-01
1.4000e+02 1.7000e+02 -5.0035e-01
1.4000e+02 1.8000e+02 -8.3862e-02
1.4000e+02 1.9000e+02 -8.6774e-01
1.4000e+02 2.0000e+02 -8.7829e-01
1.5000e+02 -2.0000e+02 2.8619e+00
1.5000e+02 -1.9000e+02 -4.8834e-01
1.5000e+02 -1.8000e+02 1.7743e+00
1.5000e+02 -1.7000e+02 3.9419e-01
1.5000e+02 -1.6000e+02 -4.5624e-01
1.5000e+02 -1.5000e+02 -1.5503e+00
1.5000e+02 -1.4000e+02 5.3612e-02
1.5000e+02 -1.3000e+02 -1.3456e+00
1.5000e+02 -1.2000e+02 -4.5519e-01
1.5000e+02 -1.1000e+02 -1.1084e-01
1.5000e+02 -1.0000e+02 -3.1623e+00
1.5000e+02 -9.0000e+01 -3.8201e-02
1.5000e+02 -8.0000e+01 2.5078e+00
1.5000e+02 -7.0000e+01 1.1985e+00
1.5000e+02 -6.0000e+01 1.2356e-01
1.5000e+02 -5.0000e+01 7.6547e-01
1.5000e+02 -4.0000e+01 -1.7605e+00
1.5000e+02 -3.0000e+01 -3.0286e+00
1.5000e+02 -2.0000e+01 1.6991e+00
1.5000e+02 -1.0000e+01 7.1828e-02
1.5000e+02 0.0000e+00 -8.5344e-01
1.5000e+02 1.0000e+01 -3.5335e+00
1.5000e+02 2.0000e+01 2.1210e-01
1.5000e+02 3.0000e+01 -6.0224e-01
1.5000e+02 4.0000e+01 -4.1614e+00
1.5000e+02 5.0000e+01 -1.3739e-01
1.5000e+02 6.0000e+01 -2.3491e-01
1.5000e+02 7.0000e+01 1.8692e+00
1.5000e+02 8.0000e+01 1.5998e+00
1.5000e+02 9.0000e+01 2.1238e+00
1.5000e+02 1.0000e+02 1.8218e+00
1.5000e+02 1.1000e+02 -6.6505e-01
1.5000e+02 1.2000e+02 -7.2262e-02
1.5000e+02 1.3000e+02 -3.5679e+00
1.5000e+02 1.4000e+02 1.1420e+00
1.5000e+02 1.5000e+02 -8.7797e-01
1.5000e+02 1.6000e+02 1.5149e+00
1.5000e+02 1.7000e+02 -1.9075e+00
1.5000e+02 1.8000e+02 1.7076e+00
1.5000e+02 1.9000e+02 2.2942e+00
1.5000e+02 2.0000e+02 -1.1540e+00
1.6000e+02 -2.0000e+02 -1.5271e-01
1.6000e+02 -1.9000e+02 2.5774e-01
1.6000e+02 -1.8000e+02 -1.3792e+00
1.6000e+02 -1.7000e+02 -2.4358e+00
1.6000e+02 -1.6000e+02 -9.1222e-01
1.6000e+02 -1.5000e+02 -3.6837e-01
1.6000e+02 -1.4000e+02 1.2720e+00
1.6000e+02 -1.3000e+02 -1.2274e+00
1.6000e+02 -1.2000e+02 -3.3640e-01
1.6000e+02 -1.1000e+02 -3.2307e-01
1.6000e+02 -1.0000e+02 7.5446e-01
1.6000e+02 -9.0000e+01 -1.5051e+00
1.6000e+02 -8.0000e+01 4.0681e+00
1.6000e+02 -7.0000e+01 -1.8516e-01
1.6000e+02 -6.0000e+01 -6.3748e-01
1.6000e+02 -5.0000e+01 -2.7921e+00
1.6000e+02 -4.0000e+01 -1.2092e+00
1.6000e+02 -3.0000e+01 -2.2572e+00
1.6000e+02 -2.0000e+01 1.3670e+00
1.6000e+02 -1.0000e+01 -1.6901e+00
1.6000e+02 0.0000e+00 -2.7382e-01
1.6000e+02 1.0000e+01 -1.3045e+00
1.6000e+02 2.0000e+01 -2.6892e+00
1.6000e+02 3.0000e+01 -9.9186e-01
1.6000e+02 4.0000e+01 -1.1971e-01
1.6000e+02 5.0000e+01 -1.0583e-01
1.6000e+02 6.0000e+01 -2.7210e+00
1.6000e+02 7.0000e+01 -5.5392e-01
1.6000e+02 8.0000e+01 -3.0732e+00
1.6000e+02 9.0000e+01 -9.8145e-01
1.6000e+02 1.0000e+02 -4.0260e-01
1.6000e+02 1.1000e+02 2.7970e+00
1.6000e+02 1.2000e+02 -1.0741e+00
1.6000e+02 1.3000e+02 6.1357e-01
1.6000e+02 1.4000e+02 -1.1758e-01
1.6000e+02 1.5000e+02 -9.5803e-01
1.6000e+02 1.6000e+02 -7.9186e-01
1.6000e+02 1.7000e+02 -8.2072e-01
1.6000e+02 1.8000e+02 5.2003e-01
1.6000e+02 1.9000e+02 -9.3567e-01
1.6000e+02 2.0000e+02 -1.8844e-01
1.7000e+02 -2.0000e+02 -1.0383e+00
1.7000e+02 -1.9000e+02 -7.3428e-01
1.7000e+02 -1.8000e+02 -7.9976e-01
1.7000e+02 -1.7000e+02 -8.9851e-01
1.7000e+02 -1.6000e+02 -6.7092e-01
1.7000e+02 -1.5000e+02 4.3909e-01
1.7000e+02 -1.4000e+02 -1.8245e+00
1.7000e+02 -1.3000e+02 1.4565e+00
1.7000e+02 -1.2000e+02 5.2866e-01
1.7000e+02 -1.1000e+02 6.1233e-02
1.7000e+02 -1.0000e+02 1.1628e+00
1.7000e+02 -9.0000e+01 -1.4582e+00
1.7000e+02 -8.0000e+01 1.8665e+00
1.7000e+02 -7.0000e+01 -9.2617e-01
1.7000e+02 -6.0000e+01 2.2454e+00
1.7000e+02 -5.0000e+01 -5.5181e-01
1.7000e+02 -4.0000e+01 1.3309e+00
1.7000e+02 -3.0000e+01 -1.4367e+00
1.7000e+02 -2.0000e+01 -4.3823e+00
1.7000e+02 -1.0000e+01 1.2503e+00
1.7000e+02 0.0000e+00 2.2316e+00
1.7000e+02 1.0000e+01 -7.3918e-01
1.7000e+02 2.0000e+01 6.9422e-01
1.7000e+02 3.0000e+01 -3.3586e-01
1.7000e+02 4.0000e+01 -4.2758e-01
1.7000e+02 5.0000e+01 -1.7444e+00
1.7000e+02 6.0000e+01 -4.9412e-01
1.7000e+02 7.0000e+01 1.6454e+00
1.7000e+02 8.0000e+01 3.9241e+00
1.7000e+02 9.0000e+01 9.6029e-03
1.7000e+02 1.0000e+02 2.8492e-01
1.7000e+02 1.1000e+02 -1.7359e+00
1.7000e+02 1.2000e+02 -7.8684e-01
1.7000e+02 1.3000e+02 -4.1243e-01
1.7000e+02 1.4000e+02 1.0890e-01
1.7000e+02 1.5000e+02 2.3372e-01
1.7000e+02 1.6000e+02 -2.3598e+00
1.7000e+02 1.7000e+02 1.2495e-01
1.7000e+02 1.8000e+02 1.8855e+00
1.7000e+02 1.9000e+02 -2.3484e-01
1.7000e+02 2.0000e+02 -2.1131e+00
1.8000e+02 -2.0000e+02 -3.0062e+00
1.8000e+02 -1.9000e+02 4.5393e-01
1.8000e+02 -1.8000e+02 4.6256e-01
1.8000e+02 -1.7000e+02 -5.4703e-01
1.8000e+02 -1.6000e+02 -2.2051e+00
1.8000e+02 -1.5000e+02 1.0756e-01
1.8000e+02 -1.4000e+02 2.5437e+00
1.8000e+02 -1.3000e+02 2.5325e+00
1.8000e+02 -1.2000e+02 2.8728e+00
1.8000e+02 -1.1000e+02 -1.1148e-02
1.8000e+02 -1.0000e+02 1.4296e+00
1.8000e+02 -9.0000e+01 1.0921e-01
1.8000e+02 -8.0000e+01 -5.1082e-01
1.8000e+02 -7.0000e+01 1.2546e+00
1.8000e+02 -6.0000e+01 -1.4874e+00
1.8000e+02 -5.0000e+01 -6.0434e-01
1.8000e+02 -4.0000e+01 1.9728e+00
1.8000e+02 -3.0000e+01 -1.4510e-01
1.8000e+02 -2.0000e+01 -1.3016e+00
1.8000e+02 -1.0000e+01 -7.0225e-01
1.8000e+02 0.0000e+00 2.4621e-01
1.8000e+02 1.0000e+01 2.2096e+00
1.8000e+02 2.0000e+01 8.0983e-01
1.8000e+02 3.0000e+01 -2.4800e+00
1.8000e+02 4.0000e+01 -3.7726e-01
1.8000e+02 5.0000e+01 7.9296e-01
1.8000e+02 6.0000e+01 6.4773e-01
1.8000e+02 7.0000e+01 2.8042e+00
1.8000e+02 8.0000e+01 -1.1938e+00
1.8000e+02 9.0000e+01 4.3715e-01
1.8000e+02 1.0000e+02 2.6437e-01
1.8000e+02 1.1000e+02 -6.1448e-01
1.8000e+02 1.2000e+02 -3.6502e-01
1.8000e+02 1.3000e+02 -5.4772e-01
1.8000e+02 1.4000e+02 3.1610e+00
1.8000e+02 1.5000e+02 -8.7865e-01
1.8000e+02 1.6000e+02 1.1036e+00
1.8000e+02 1.7000e+02 8.9153e-01
1.8000e+02 1.8000e+02 -1.2042e+00
1.8000e+02 1.9000e+02 2.3052e+00
1.8000e+02 2.0000e+02 -1.1103e+00
1.9000e+02 -2.0000e+02 1.0106e+00
1.9000e+02 -1.9000e+02 -2.8638e-01
1.9000e+02 -1.8000e+02 -1.5277e-02
1.9000e+02 -1.7000e+02 -9.8773e-01
1.9000e+02 -1.6000e+02 -1.0327e+00
1.9000e+02 -1.5000e+02 4.9085e-01
1.9000e+02 -1.4000e+02 1.3867e-01
1.9000e+02 -1.3000e+02 2.3425e+00
1.9000e+02 -1.2000e+02 3.5550e-01
1.9000e+02 -1.1000e+02 -1.5446e-02
1.9000e+02 -1.0000e+02 -1.5502e+00
1.9000e+02 -9.0000e+01 -2.4988e-02
1.9000e+02 -8.0000e+01 -1.6634e+00
1.9000e+02 -7.0000e+01 1.3713e+00
1.9000e+02 -6.0000e+01 -1.5559e+00
1.9000e+02 -5.0000e+01 2.0522e-01
1.9000e+02 -4.0000e+01 -1.3013e-01
1.9000e+02 -3.0000e+01 4.7005e-01
1.9000e+02 -2.0000e+01 -1.8735e+00
1.9000e+02 -1.0000e+01 -1.3057e+00
1.9000e+02 0.0000e+00 -5.8206e-01
1.9000e+02 1.0000e+01 2.2764e+00
1.9000e+02 2.0000e+01 -2.6860e+00
1.9000e+02 3.0000e+01 -1.2217e-01
1.9000e+02 4.0000e+01 2.2679e+00
1.9000e+02 5.0000e+01 -1.4747e+00
1.9000e+02 6.0000e+01 -3.4169e-01
1.9000e+02 7.0000e+01 -1.0809e+00
1.9000e+02 8.0000e+01 -1.2367e+00
1.9000e+02 9.0000e+01 1.5718e+00
1.9000e+02 1.0000e+02 -8.5614e-01
1.9000e+02 1.1000e+02 2.7284e+00
1.9000e+02 1.2000e+02 -1.5494e+00
1.9000e+02 1.3000e+02 -6.1701e-01
1.9000e+02 1.4000e+02 -2.0186e-01
1.9000e+02 1.5000e+02 3.4058e-01
1.9000e+02 1.6000e+02 -2.3906e+00
1.9000e+02 1.7000e+02 4.1931e-01
1.9000e+02 1.8000e+02 -8.5426e-01
1.9000e+02 1.9000e+02 -1.7946e+00
1.9000e+02 2.0000e+02 -4.8891e-01
2.0000e+02 -2.0000e+02 2.3305e+00
2.0000e+02 -1.9000e+02 -3.8111e+00
2.0000e+02 -1.8000e+02 -2.0841e+00
2.0000e+02 -1.7000e+02 -3.6797e+00
2.0000e+02 -1.6000e+02 2.2449e+00
2.0000e+02 -1.5000e+02 1.8705e+00
2.0000e+02 -1.4000e+02 4.7346e-02
2.0000e+02 -1.3000e+02 1.5598e-01
2.0000e+02 -1.2000e+02 2.6700e+00
2.0000e+02 -1.1000e+02 -4.8644e-01
2.0000e+02 -1.0000e+02 -9.1332e-01
2.0000e+02 -9.0000e+01 3.8923e-02
2.0000e+02 -8.0000e+01 1.5569e+00
2.0000e+02 -7.0000e+01 4.4940e-01
2.0000e+02 -6.0000e+01 1.8220e-01
2.0000e+02 -5.0000e+01 1.3717e+00
2.0000e+02 -4.0000e+01 3.1262e+00
2.0000e+02 -3.0000e+01 -6.2823e-01
2.0000e+02 -2.0000e+01 3.0134e+00
2.0000e+02 -1.0000e+01 -1.6725e+00
2.0000e+02 0.0000e+00 -3.0131e+00
2.0000e+02 1.0000e+01 9.8731e-01
2.0000e+02 2.0000e+01 3.7789e-01
2.0000e+02 3.0000e+01 3.5108e-01
2.0000e+02 4.0000e+01 -1.0856e+00
2.0000e+02 5.0000e+01 5.4025e-01
2.0000e+02 6.0000e+01 -3.2529e+00
2.0000e+02 7.0000e+01 1.3496e-01
2.0000e+02 8.0000e+01 -1.0617e-01
2.0000e+02 9.0000e+01 -3.1297e+00
2.0000e+02 1.0000e+02 -8.6450e-01
2.0000e+02 1.1000e+02 9.1440e-01
2.0000e+02 1.2000e+02 -6.0528e-01
2.0000e+02 1.3000e+02 -9.3814e-01
2.0000e+02 1.4000e+02 1.8434e+00
2.0000e+02 1.5000e+02 -8.5963e-02
2.0000e+02 1.6000e+02 6.0543e-01
2.0000e+02 1.7000e+02 5.3557e-01
2.0000e+02 1.8000e+02 3.0695e+00
2.0000e+02 1.9000e+02 -6.2190e-01
2.0000e+02 2.0000e+02 1.1469e+00
