-2.0000e+02 -2.0000e+02 -3.7783e+00
-2.0000e+02 -1.9000e+02 -2.3046e-01
-2.0000e+02 -1.8000e+02 3.2588e+00
-2.0000e+02 -1.7000e+02 8.6440e-01
-2.0000e+02 -1.6000e+02 6.1756e-01
-2.0000e+02 -1.5000e+02 -2.4343e-01
-2.0000e+02 -1.4000e+02 1.2770e+00
-2.0000e+02 -1.3000e+02 1.7980e+00
-2.0000e+02 -1.2000e+02 9.7303e-01
-2.0000e+02 -1.1000e+02 -2.3849e+00
-2.0000e+02 -1.0000e+02 2.3284e+00
-2.0000e+02 -9.0000e+01 -1.1271e+00
-2.0000e+02 -8.0000e+01 -1.9489e+00
-2.0000e+02 -7.0000e+01 6.9354e-01
-2.0000e+02 -6.0000e+01 1.3105e+00
-2.0000e+02 -5.0000e+01 -3.2712e+00
-2.0000e+02 -4.0000e+01 -8.6533e-01
-2.0000e+02 -3.0000e+01 9.6257e-01
-2.0000e+02 -2.0000e+01 -2.8990e-01
-2.0000e+02 -1.0000e+01 -6.4701e-01
-2.0000e+02 0.0000e+00 2.4466e-01
-2.0000e+02 1.0000e+01 -4.0271e-01
-2.0000e+02 2.0000e+01 1.7877e+00
-2.0000e+02 3.0000e+01 5.6283e-01
-2.0000e+02 4.0000e+01 -1.0760e-01
-2.0000e+02 5.0000e+01 -2.1983e+00
-2.0000e+02 6.0000e+01 6.7888e-01
-2.0000e+02 7.0000e+01 -9.1612e-01
-2.0000e+02 8.0000e+01 -1.0060e+00
-2.0000e+02 9.0000e+01 -8.2461e-01
-2.0000e+02 1.0000e+02 -1.7927e+00
-2.0000e+02 1.1000e+02 1.4002e+00
-2.0000e+02 1.2000e+02 1.8590e+00
-2.0000e+02 1.3000e+02 1.0986e-01
-2.0000e+02 1.4000e+02 6.0515e-01
-2.0000e+02 1.5000e+02 -1.0790e+00
-2.0000e+02 1.6000e+02 -1.7995e+00
-2.0000e+02 1.7000e+02 -1.4064e+00
-2.0000e+02 1.8000e+02 -6.1578e-01
-2.0000e+02 1.9000e+02 7.6488e-02
-2.0000e+02 2.0000e+02 1.7586e+00
-1.9000e+02 -2.0000e+02 -2.7077e+00
-1.9000e+02 -1.9000e+02 1.0005e+00
-1.9000e+02 -1.8000e+02 -3.3031e-01
-1.9000e+02 -1.7000e+02 -1.9158e-01
-1.9000e+02 -1.6000e+02 -1.8879e+00
-1.9000e+02 -1.5000e+02 1.1989e+00
-1.9000e+02 -1.4000e+02 1.6938e+00
-1.9000e+02 -1.3000e+02 -3.6289e+00
-1.9000e+02 -1.2000e+02 -1.3919e+00
-1.9000e+02 -1.1000e+02 2.9720e-01
-1.9000e+02 -1.0000e+02 -1.6865e+00
-1.9000e+02 -9.0000e+01 -4.0532e-01
-1.9000e+02 -8.0000e+01 2.0420e+00
-1.9000e+02 -7.0000e+01 2.6777e-01
-1.9000e+02 -6.0000e+01 4.4324e-01
-1.9000e+02 -5.0000e+01 1.4521e+00
-1.9000e+02 -4.0000e+01 -2.0476e-01
-1.9000e+02 -3.0000e+01 -1.0943e+00
-1.9000e+02 -2.0000e+01 -5.1661e-01
-1.9000e+02 -1.0000e+01 7.0906e-01
-1.9000e+02 0.0000e+00 7.1220e-01
-1.9000e+02 1.0000e+01 4.8229e-03
-1.9000e+02 2.0000e+01 -8.0179e-01
-1.9000e+02 3.0000e+01 -2.5160e+00
-1.9000e+02 4.0000e+01 2.6338e+00
-1.9000e+02 5.0000e+01 -2.4223e+00
-1.9000e+02 6.0000e+01 2.7500e+00
-1.9000e+02 7.0000e+01 -2.2281e+00
-1.9000e+02 8.0000e+01 -9.7228e-01
-1.9000e+02 9.0000e+01 -1.2236e+00
-1.9000e+02 1.0000e+02 -1.4936e+00
-1.9000e+02 1.1000e+02 1.5027e+00
-1.9000e+02 1.2000e+02 2.3979e+00
-1.9000e+02 1.3000e+02 -6.5034e-02
-1.9000e+02 1.4000e+02 1.0796e+00
-1.9000e+02 1.5000e+02 1.2198e+00
-1.9000e+02 1.6000e+02 -1.1380e-01
-1.9000e+02 1.7000e+02 6.0555e-01
-1.9000e+02 1.8000e+02 1.2450e+00
-1.9000e+02 1.9000e+02 -1.3057e+00
-1.9000e+02 2.0000e+02 -1.2311e+00
-1.8000e+02 -2.0000e+02 -2.2547e-01
-1.8000e+02 -1.9000e+02 -3.9919e-01
-1.8000e+02 -1.8000e+02 1.3657e+00
-1.8000e+02 -1.7000e+02 3.0833e-01
-1.8000e+02 -1.6000e+02 1.6844e+00
-1.8000e+02 -1.5000e+02 1.8099e+00
-1.8000e+02 -1.4000e+02 4.0500e-01
-1.8000e+02 -1.3000e+02 -1.1319e+00
-1.8000e+02 -1.2000e+02 -3.1497e-01
-1.8000e+02 -1.1000e+02 -2.9839e+00
-1.8000e+02 -1.0000e+02 2.9006e-01
-1.8000e+02 -9.0000e+01 3.2588e-01
-1.8000e+02 -8.0000e+01 5.3452e-01
-1.8000e+02 -7.0000e+01 -3.2782e+00
-1.8000e+02 -6.0000e+01 1.7978e-01
-1.8000e+02 -5.0000e+01 -1.9761e+00
-1.8000e+02 -4.0000e+01 8.4087e-01
-1.8000e+02 -3.0000e+01 2.2870e-02
-1.8000e+02 -2.0000e+01 -1.5762e+00
-1.8000e+02 -1.0000e+01 9.3017e-01
-1.8000e+02 0.0000e+00 -1.5625e+00
-1.8000e+02 1.0000e+01 1.7298e+00
-1.8000e+02 2.0000e+01 -9.0062e-01
-1.8000e+02 3.0000e+01 7.9600e-01
-1.8000e+02 4.0000e+01 6.5233e-01
-1.8000e+02 5.0000e+01 8.6645e-01
-1.8000e+02 6.0000e+01 -1.9656e+00
-1.8000e+02 7.0000e+01 4.0409e-01
-1.8000e+02 8.0000e+01 5.3370e-01
-1.8000e+02 9.0000e+01 2.4963e+00
-1.8000e+02 1.0000e+02 1.3433e+00
-1.8000e+02 1.1000e+02 1.5950e+00
-1.8000e+02 1.2000e+02 2.0651e+00
-1.8000e+02 1.3000e+02 1.1407e+00
-1.8000e+02 1.4000e+02 -1.5908e+00
-1.8000e+02 1.5000e+02 3.1495e-01
-1.8000e+02 1.6000e+02 -1.3392e+00
-1.8000e+02 1.7000e+02 1.5723e+00
-1.8000e+02 1.8000e+02 -3.1854e-01
-1.8000e+02 1.9000e+02 9.2408e-01
-1.8000e+02 2.0000e+02 -4.7244e-01
-1.7000e+02 -2.0000e+02 1.2060e+00
-1.7000e+02 -1.9000e+02 3.1438e-01
-1.7000e+02 -1.8000e+02 -1.9216e+00
-1.7000e+02 -1.7000e+02 1.0138e+00
-1.7000e+02 -1.6000e+02 1.1186e+00
-1.7000e+02 -1.5000e+02 2.7742e-01
-1.7000e+02 -1.4000e+02 3.7990e-01
-1.7000e+02 -1.3000e+02 6.9278e-01
-1.7000e+02 -1.2000e+02 5.1106e-01
-1.7000e+02 -1.1000e+02 -5.7063e-01
-1.7000e+02 -1.0000e+02 1.6024e+00
-1.7000e+02 -9.0000e+01 2.8187e-02
-1.7000e+02 -8.0000e+01 4.7113e-01
-1.7000e+02 -7.0000e+01 -2.5488e+00
-1.7000e+02 -6.0000e+01 -1.5403e+00
-1.7000e+02 -5.0000e+01 1.5901e+00
-1.7000e+02 -4.0000e+01 3.3094e+00
-1.7000e+02 -3.0000e+01 -6.5266e-01
-1.7000e+02 -2.0000e+01 1.5771e+00
-1.7000e+02 -1.0000e+01 -2.0509e+00
-1.7000e+02 0.0000e+00 -7.9554e-01
-1.7000e+02 1.0000e+01 7.1819e-02
-1.7000e+02 2.0000e+01 -9.1651e-01
-1.7000e+02 3.0000e+01 2.4366e+00
-1.7000e+02 4.0000e+01 -8.6421e-01
-1.7000e+02 5.0000e+01 -1.1145e+00
-1.7000e+02 6.0000e+01 -2.1967e+00
-1.7000e+02 7.0000e+01 -1.3681e+00
-1.7000e+02 8.0000e+01 2.0837e-01
-1.7000e+02 9.0000e+01 2.7457e+00
-1.7000e+02 1.0000e+02 -1.9667e-02
-1.7000e+02 1.1000e+02 5.7963e-01
-1.7000e+02 1.2000e+02 -2.3630e+00
-1.7000e+02 1.3000e+02 1.7993e+00
-1.7000e+02 1.4000e+02 1.7224e-01
-1.7000e+02 1.5000e+02 -3.1556e-01
-1.7000e+02 1.6000e+02 1.9966e+00
-1.7000e+02 1.7000e+02 1.4131e+00
-1.7000e+02 1.8000e+02 1.9095e+00
-1.7000e+02 1.9000e+02 -3.6694e-02
-1.7000e+02 2.0000e+02 2.0493e-01
-1.6000e+02 -2.0000e+02 -4.2057e-01
-1.6000e+02 -1.9000e+02 1.4029e+00
-1.6000e+02 -1.8000e+02 -9.7155e-02
-1.6000e+02 -1.7000e+02 -1.5635e+00
-1.6000e+02 -1.6000e+02 -1.3308e+00
-1.6000e+02 -1.5000e+02 -3.2723e-01
-1.6000e+02 -1.4000e+02 -2.0255e+00
-1.6000e+02 -1.3000e+02 2.7878e-02
-1.6000e+02 -1.2000e+02 7.7698e-01
-1.6000e+02 -1.1000e+02 -2.3700e-02
-1.6000e+02 -1.0000e+02 1.6948e+00
-1.6000e+02 -9.0000e+01 2.1965e+00
-1.6000e+02 -8.0000e+01 2.0144e+00
-1.6000e+02 -7.0000e+01 -1.4776e-01
-1.6000e+02 -6.0000e+01 -1.5208e+00
-1.6000e+02 -5.0000e+01 -5.9816e-01
-1.6000e+02 -4.0000e+01 -4.8159e-01
-1.6000e+02 -3.0000e+01 -1.9778e-01
-1.6000e+02 -2.0000e+01 1.5873e+00
-1.6000e+02 -1.0000e+01 -2.1140e+00
-1.6000e+02 0.0000e+00 -5.3067e-01
-1.6000e+02 1.0000e+01 1.5417e-01
-1.6000e+02 2.0000e+01 7.6577e-01
-1.6000e+02 3.0000e+01 -1.1546e+00
-1.6000e+02 4.0000e+01 -6.5974e-01
-1.6000e+02 5.0000e+01 -1.7003e-01
-1.6000e+02 6.0000e+01 1.5150e+00
-1.6000e+02 7.0000e+01 1.9906e-02
-1.6000e+02 8.0000e+01 4.6464e-01
-1.6000e+02 9.0000e+01 2.7333e+00
-1.6000e+02 1.0000e+02 2.1289e+00
-1.6000e+02 1.1000e+02 -1.5707e+00
-1.6000e+02 1.2000e+02 -2.1169e+00
-1.6000e+02 1.3000e+02 -3.5163e-01
-1.6000e+02 1.4000e+02 -1.7338e+00
-1.6000e+02 1.5000e+02 -2.3093e+00
-1.6000e+02 1.6000e+02 1.6225e+00
-1.6000e+02 1.7000e+02 -2.8742e+00
-1.6000e+02 1.8000e+02 -1.0658e+00
-1.6000e+02 1.9000e+02 6.6232e-01
-1.6000e+02 2.0000e+02 4.6673e-01
-1.5000e+02 -2.0000e+02 -1.0024e+00
-1.5000e+02 -1.9000e+02 9.0413e-02
-1.5000e+02 -1.8000e+02 -9.8813e-01
-1.5000e+02 -1.7000e+02 6.2986e-01
-1.5000e+02 -1.6000e+02 1.4029e+00
-1.5000e+02 -1.5000e+02 2.4546e-01
-1.5000e+02 -1.4000e+02 1.9888e+00
-1.5000e+02 -1.3000e+02 -3.9740e-01
-1.5000e+02 -1.2000e+02 -3.1598e-02
-1.5000e+02 -1.1000e+02 -1.9998e+00
-1.5000e+02 -1.0000e+02 -4.1516e-01
-1.5000e+02 -9.0000e+01 1.4292e+00
-1.5000e+02 -8.0000e+01 6.9508e-01
-1.5000e+02 -7.0000e+01 -1.9914e-01
-1.5000e+02 -6.0000e+01 -2.2553e+00
-1.5000e+02 -5.0000e+01 3.3356e+00
-1.5000e+02 -4.0000e+01 -7.5143e-01
-1.5000e+02 -3.0000e+01 -3.3719e+00
-1.5000e+02 -2.0000e+01 -3.6020e+00
-1.5000e+02 -1.0000e+01 -5.0712e-01
-1.5000e+02 0.0000e+00 7.2878e-01
-1.5000e+02 1.0000e+01 -2.8375e-01
-1.5000e+02 2.0000e+01 -1.5215e+00
-1.5000e+02 3.0000e+01 1.4728e+00
-1.5000e+02 4.0000e+01 -1.4529e+00
-1.5000e+02 5.0000e+01 -3.7386e+00
-1.5000e+02 6.0000e+01 1.6129e+00
-1.5000e+02 7.0000e+01 4.1652e-01
-1.5000e+02 8.0000e+01 -1.0032e+00
-1.5000e+02 9.0000e+01 1.3490e+00
-1.5000e+02 1.0000e+02 -2.1902e+00
-1.5000e+02 1.1000e+02 1.0612e+00
-1.5000e+02 1.2000e+02 5.7455e-01
-1.5000e+02 1.3000e+02 7.6268e-01
-1.5000e+02 1.4000e+02 -1.2070e+00
-1.5000e+02 1.5000e+02 9.5675e-01
-1.5000e+02 1.6000e+02 3.2423e-01
-1.5000e+02 1.7000e+02 -2.7126e-01
-1.5000e+02 1.8000e+02 -2.8648e-01
-1.5000e+02 1.9000e+02 1.3628e+00
-1.5000e+02 2.0000e+02 -1.0198e+00
-1.4000e+02 -2.0000e+02 -5.2230e-01
-1.4000e+02 -1.9000e+02 2.1186e+00
-1.4000e+02 -1.8000e+02 -1.0103e+00
-1.4000e+02 -1.7000e+02 2.6484e+00
-1.4000e+02 -1.6000e+02 1.6179e+00
-1.4000e+02 -1.5000e+02 -1.3891e-01
-1.4000e+02 -1.4000e+02 -1.3841e+00
-1.4000e+02 -1.3000e+02 -3.1757e+00
-1.4000e+02 -1.2000e+02 -2.0800e+00
-1.4000e+02 -1.1000e+02 5.3348e-01
-1.4000e+02 -1.0000e+02 -1.2337e-01
-1.4000e+02 -9.0000e+01 7.6234e-01
-1.4000e+02 -8.0000e+01 -1.6032e+00
-1.4000e+02 -7.0000e+01 1.0206e-01
-1.4000e+02 -6.0000e+01 2.1850e+00
-1.4000e+02 -5.0000e+01 2.1563e+00
-1.4000e+02 -4.0000e+01 -5.9757e-01
-1.4000e+02 -3.0000e+01 9.5805e-01
-1.4000e+02 -2.0000e+01 -1.0644e+00
-1.4000e+02 -1.0000e+01 4.0408e-01
-1.4000e+02 0.0000e+00 1.7249e+00
-1.4000e+02 1.0000e+01 -6.9515e-01
-1.4000e+02 2.0000e+01 2.2970e+00
-1.4000e+02 3.0000e+01 -1.3645e+00
-1.4000e+02 4.0000e+01 -2.4480e+00
-1.4000e+02 5.0000e+01 1.3587e+00
-1.4000e+02 6.0000e+01 9.2824e-01
-1.4000e+02 7.0000e+01 1.8043e+00
-1.4000e+02 8.0000e+01 -7.9538e-01
-1.4000e+02 9.0000e+01 -5.6116e-01
-1.4000e+02 1.0000e+02 -1.1442e+00
-1.4000e+02 1.1000e+02 -3.2634e-01
-1.4000e+02 1.2000e+02 2.4427e+00
-1.4000e+02 1.3000e+02 1.4884e+00
-1.4000e+02 1.4000e+02 3.1510e-01
-1.4000e+02 1.5000e+02 -8.6573e-01
-1.4000e+02 1.6000e+02 -1.4642e+00
-1.4000e+02 1.7000e+02 -2.4229e-01
-1.4000e+02 1.8000e+02 -2.8615e-01
-1.4000e+02 1.9000e+02 1.0957e+00
-1.4000e+02 2.0000e+02 2.0262e+00
-1.3000e+02 -2.0000e+02 -2.0840e+00
-1.3000e+02 -1.9000e+02 7.6210e-01
-1.3000e+02 -1.8000e+02 2.2886e-01
-1.3000e+02 -1.7000e+02 1.5862e+00
-1.3000e+02 -1.6000e+02 -2.5092e+00
-1.3000e+02 -1.5000e+02 -4.3207e-01
-1.3000e+02 -1.4000e+02 1.4987e-01
-1.3000e+02 -1.3000e+02 -2.5912e-01
-1.3000e+02 -1.2000e+02 -5.5017e-01
-1.3000e+02 -1.1000e+02 -6.9408e-02
-1.3000e+02 -1.0000e+02 2.7324e+00
-1.3000e+02 -9.0000e+01 -1.4841e+00
-1.3000e+02 -8.0000e+01 -3.1158e+00
-1.3000e+02 -7.0000e+01 -2.1135e+00
-1.3000e+02 -6.0000e+01 -2.8143e+00
-1.3000e+02 -5.0000e+01 5.5992e-01
-1.3000e+02 -4.0000e+01 7.9003e-01
-1.3000e+02 -3.0000e+01 3.1102e-01
-1.3000e+02 -2.0000e+01 5.3818e-01
-1.3000e+02 -1.0000e+01 -5.8739e-02
-1.3000e+02 0.0000e+00 -3.1330e+00
-1.3000e+02 1.0000e+01 -8.1025e-01
-1.3000e+02 2.0000e+01 -2.4881e+00
-1.3000e+02 3.0000e+01 3.0009e-01
-1.3000e+02 4.0000e+01 7.0630e-01
-1.3000e+02 5.0000e+01 -2.5945e+00
-1.3000e+02 6.0000e+01 -1.4742e+00
-1.3000e+02 7.0000e+01 -2.6069e+00
-1.3000e+02 8.0000e+01 4.9730e-01
-1.3000e+02 9.0000e+01 1.2033e+00
-1.3000e+02 1.0000e+02 -1.3937e+00
-1.3000e+02 1.1000e+02 1.1880e+00
-1.3000e+02 1.2000e+02 1.6708e+00
-1.3000e+02 1.3000e+02 -8.3078e-01
-1.3000e+02 1.4000e+02 -3.9012e-02
-1.3000e+02 1.5000e+02 2.5436e+00
-1.3000e+02 1.6000e+02 -1.5771e+00
-1.3000e+02 1.7000e+02 8.0727e-01
-1.3000e+02 1.8000e+02 2.3996e+00
-1.3000e+02 1.9000e+02 -1.7520e+00
-1.3000e+02 2.0000e+02 -1.0623e+00
-1.2000e+02 -2.0000e+02 -1.1196e+00
-1.2000e+02 -1.9000e+02 1.8550e-01
-1.2000e+02 -1.8000e+02 -1.5133e+00
-1.2000e+02 -1.7000e+02 -1.1789e+00
-1.2000e+02 -1.6000e+02 5.1907e-01
-1.2000e+02 -1.5000e+02 -1.5435e+00
-1.2000e+02 -1.4000e+02 1.0418e+00
-1.2000e+02 -1.3000e+02 -1.6315e+00
-1.2000e+02 -1.2000e+02 1.5985e+00
-1.2000e+02 -1.1000e+02 -1.5217e+00
-1.2000e+02 -1.0000e+02 1.7233e+00
-1.2000e+02 -9.0000e+01 -1.0134e+00
-1.2000e+02 -8.0000e+01 5.6399e-02
-1.2000e+02 -7.0000e+01 -2.5136e-01
-1.2000e+02 -6.0000e+01 1.9170e+00
-1.2000e+02 -5.0000e+01 2.4984e+00
-1.2000e+02 -4.0000e+01 -9.2331e-01
-1.2000e+02 -3.0000e+01 -1.6465e+00
-1.2000e+02 -2.0000e+01 4.3288e-01
-1.2000e+02 -1.0000e+01 -3.1409e+00
-1.2000e+02 0.0000e+00 2.0745e-01
-1.2000e+02 1.0000e+01 1.9325e+00
-1.2000e+02 2.0000e+01 -2.6303e+00
-1.2000e+02 3.0000e+01 -4.5324e-01
-1.2000e+02 4.0000e+01 6.5194e-02
-1.2000e+02 5.0000e+01 -2.9410e+00
-1.2000e+02 6.0000e+01 6.7987e-01
-1.2000e+02 7.0000e+01 5.3565e-01
-1.2000e+02 8.0000e+01 2.7336e+00
-1.2000e+02 9.0000e+01 -2.6068e+00
-1.2000e+02 1.0000e+02 -9.1967e-01
-1.2000e+02 1.1000e+02 4.5427e-01
-1.2000e+02 1.2000e+02 -6.2545e-01
-1.2000e+02 1.3000e+02 1.7521e-01
-1.2000e+02 1.4000e+02 9.5132e-01
-1.2000e+02 1.5000e+02 1.3983e+00
-1.2000e+02 1.6000e+02 -1.3673e+00
-1.2000e+02 1.7000e+02 2.1272e-01
-1.2000e+02 1.8000e+02 9.8051e-03
-1.2000e+02 1.9000e+02 1.2695e+00
-1.2000e+02 2.0000e+02 1.8612e+00
-1.1000e+02 -2.0000e+02 1.9345e+00
-1.1000e+02 -1.9000e+02 -5.5983e-01
-1.1000e+02 -1.8000e+02 -3.6127e+00
-1.1000e+02 -1.7000e+02 2.9316e-01
-1.1000e+02 -1.6000e+02 1.2353e-01
-1.1000e+02 -1.5000e+02 -1.4577e+00
-1.1000e+02 -1.4000e+02 -5.1020e-01
-1.1000e+02 -1.3000e+02 2.7956e+00
-1.1000e+02 -1.2000e+02 -6.1618e-01
-1.1000e+02 -1.1000e+02 -4.6050e-02
-1.1000e+02 -1.0000e+02 5.4292e-01
-1.1000e+02 -9.0000e+01 -5.7872e-01
-1.1000e+02 -8.0000e+01 -2.1986e+00
-1.1000e+02 -7.0000e+01 -1.5551e-01
-1.1000e+02 -6.0000e+01 -2.4585e-01
-1.1000e+02 -5.0000e+01 -1.3535e+00
-1.1000e+02 -4.0000e+01 -7.7856e-01
-1.1000e+02 -3.0000e+01 -3.3066e+00
-1.1000e+02 -2.0000e+01 -1.4099e+00
-1.1000e+02 -1.0000e+01 -1.5757e+00
-1.1000e+02 0.0000e+00 -9.6926e-01
-1.1000e+02 1.0000e+01 -1.6012e+00
-1.1000e+02 2.0000e+01 -1.9706e+00
-1.1000e+02 3.0000e+01 2.1034e-01
-1.1000e+02 4.0000e+01 -1.1991e+00
-1.1000e+02 5.0000e+01 -2.1976e+00
-1.1000e+02 6.0000e+01 -1.4065e+00
-1.1000e+02 7.0000e+01 -4.3650e-01
-1.1000e+02 8.0000e+01 -1.7099e+00
-1.1000e+02 9.0000e+01 -8.9863e-01
-1.1000e+02 1.0000e+02 -1.2079e+00
-1.1000e+02 1.1000e+02 -3.1627e-01
-1.1000e+02 1.2000e+02 2.2404e-01
-1.1000e+02 1.3000e+02 4.5091e-01
-1.1000e+02 1.4000e+02 -5.4350e-01
-1.1000e+02 1.5000e+02 -2.6062e+00
-1.1000e+02 1.6000e+02 1.1143e+00
-1.1000e+02 1.7000e+02 2.3271e-01
-1.1000e+02 1.8000e+02 2.7284e-01
-1.1000e+02 1.9000e+02 2.6197e+00
-1.1000e+02 2.0000e+02 -2.9781e-02
-1.0000e+02 -2.0000e+02 4.4041e-02
-1.0000e+02 -1.9000e+02 2.3440e+00
-1.0000e+02 -1.8000e+02 -1.6513e+00
-1.0000e+02 -1.7000e+02 -5.5151e-01
-1.0000e+02 -1.6000e+02 -1.9810e+00
-1.0000e+02 -1.5000e+02 1.0042e+00
-1.0000e+02 -1.4000e+02 9.9089e-01
-1.0000e+02 -1.3000e+02 9.4952e-01
-1.0000e+02 -1.2000e+02 -7.8721e-01
-1.0000e+02 -1.1000e+02 -1.8786e+00
-1.0000e+02 -1.0000e+02 -1.5635e+00
-1.0000e+02 -9.0000e+01 1.0908e+00
-1.0000e+02 -8.0000e+01 -7.2296e-01
-1.0000e+02 -7.0000e+01 -1.4657e+00
-1.0000e+02 -6.0000e+01 7.0504e-02
-1.0000e+02 -5.0000e+01 -2.6168e+00
-1.0000e+02 -4.0000e+01 -6.7271e-01
-1.0000e+02 -3.0000e+01 -8.8975e-01
-1.0000e+02 -2.0000e+01 -3.1298e+00
-1.0000e+02 -1.0000e+01 -4.1381e+00
-1.0000e+02 0.0000e+00 -3.3460e+00
-1.0000e+02 1.0000e+01 -1.5107e+00
-1.0000e+02 2.0000e+01 -2.4108e+00
-1.0000e+02 3.0000e+01 -3.8713e+00
-1.0000e+02 4.0000e+01 -8.5447e-01
-1.0000e+02 5.0000e+01 -6.7212e-02
-1.0000e+02 6.0000e+01 -4.2295e+00
-1.0000e+02 7.0000e+01 -1.4691e+00
-1.0000e+02 8.0000e+01 -1.9875e+00
-1.0000e+02 9.0000e+01 2.1759e+00
-1.0000e+02 1.0000e+02 5.6361e-01
-1.0000e+02 1.1000e+02 -1.7128e+00
-1.0000e+02 1.2000e+02 7.2292e-01
-1.0000e+02 1.3000e+02 -3.9894e+00
-1.0000e+02 1.4000e+02 -3.7265e+00
-1.0000e+02 1.5000e+02 -4.8694e-01
-1.0000e+02 1.6000e+02 5.7242e-01
-1.0000e+02 1.7000e+02 -7.3790e-01
-1.0000e+02 1.8000e+02 -8.3570e-01
-1.0000e+02 1.9000e+02 -8.9258e-01
-1.0000e+02 2.0000e+02 -3.6658e-03
-9.0000e+01 -2.0000e+02 -5.7654e-01
-9.0000e+01 -1.9000e+02 9.5379e-02
-9.0000e+01 -1.8000e+02 6.0337e-01
-9.0000e+01 -1.7000e+02 -1.0748e+00
-9.0000e+01 -1.6000e+02 -2.8148e+00
-9.0000e+01 -1.5000e+02 -3.0674e-01
-9.0000e+01 -1.4000e+02 1.4761e+00
-9.0000e+01 -1.3000e+02 -9.1968e-01
-9.0000e+01 -1.2000e+02 6.2307e-03
-9.0000e+01 -1.1000e+02 -2.1069e-01
-9.0000e+01 -1.0000e+02 -3.0376e+00
-9.0000e+01 -9.0000e+01 -1.1389e+00
-9.0000e+01 -8.0000e+01 -1.0602e+00
-9.0000e+01 -7.0000e+01 -4.9874e+00
-9.0000e+01 -6.0000e+01 -4.5946e+00
-9.0000e+01 -5.0000e+01 -4.8679e+00
-9.0000e+01 -4.0000e+01 -2.8596e+00
-9.0000e+01 -3.0000e+01 -3.5645e+00
-9.0000e+01 -2.0000e+01 -3.6462e+00
-9.0000e+01 -1.0000e+01 -2.4811e+00
-9.0000e+01 0.0000e+00 -7.2422e+00
-9.0000e+01 1.0000e+01 -1.7984e+00
-9.0000e+01 2.0000e+01 -2.5552e+00
-9.0000e+01 3.0000e+01 -3.1255e+00
-9.0000e+01 4.0000e+01 -3.8330e+00
-9.0000e+01 5.0000e+01 -2.5947e+00
-9.0000e+01 6.0000e+01 -1.0204e+00
-9.0000e+01 7.0000e+01 -2.8612e+00
-9.0000e+01 8.0000e+01 -4.6160e+00
-9.0000e+01 9.0000e+01 -2.6396e-01
-9.0000e+01 1.0000e+02 3.3751e+00
-9.0000e+01 1.1000e+02 1.5121e+00
-9.0000e+01 1.2000e+02 -3.1891e-01
-9.0000e+01 1.3000e+02 7.0917e-02
-9.0000e+01 1.4000e+02 9.3956e-01
-9.0000e+01 1.5000e+02 -6.7742e-02
-9.0000e+01 1.6000e+02 1.7527e+00
-9.0000e+01 1.7000e+02 1.1357e+00
-9.0000e+01 1.8000e+02 -5.8559e-01
-9.0000e+01 1.9000e+02 -1.0012e-01
-9.0000e+01 2.0000e+02 2.4919e+00
-8.0000e+01 -2.0000e+02 2.0803e+00
-8.0000e+01 -1.9000e+02 -1.0321e+00
-8.0000e+01 -1.8000e+02 3.7618e-01
-8.0000e+01 -1.7000e+02 -4.8534e-01
-8.0000e+01 -1.6000e+02 1.8301e+00
-8.0000e+01 -1.5000e+02 -2.8439e-01
-8.0000e+01 -1.4000e+02 -1.1348e+00
-8.0000e+01 -1.3000e+02 -8.4386e-01
-8.0000e+01 -1.2000e+02 8.3966e-01
-8.0000e+01 -1.1000e+02 -2.0232e-01
-8.0000e+01 -1.0000e+02 -2.8218e+00
-8.0000e+01 -9.0000e+01 -2.0386e+00
-8.0000e+01 -8.0000e+01 -3.5787e+00
-8.0000e+01 -7.0000e+01 -2.0889e+00
-8.0000e+01 -6.0000e+01 -2.5145e+00
-8.0000e+01 -5.0000e+01 -1.3567e+00
-8.0000e+01 -4.0000e+01 -4.3923e+00
-8.0000e+01 -3.0000e+01 -2.7340e+00
-8.0000e+01 -2.0000e+01 -8.2243e+00
-8.0000e+01 -1.0000e+01 -4.0048e+00
-8.0000e+01 0.0000e+00 -6.9935e+00
-8.0000e+01 1.0000e+01 -6.3731e+00
-8.0000e+01 2.0000e+01 -6.5382e+00
-8.0000e+01 3.0000e+01 -4.9726e+00
-8.0000e+01 4.0000e+01 -6.9303e+00
-8.0000e+01 5.0000e+01 -3.7728e+00
-8.0000e+01 6.0000e+01 -4.4707e+00
-8.0000e+01 7.0000e+01 -2.7942e+00
-8.0000e+01 8.0000e+01 -3.0283e+00
-8.0000e+01 9.0000e+01 -2.5800e+00
-8.0000e+01 1.0000e+02 -6.3817e-01
-8.0000e+01 1.1000e+02 2.5842e+00
-8.0000e+01 1.2000e+02 -1.2365e+00
-8.0000e+01 1.3000e+02 4.3429e-01
-8.0000e+01 1.4000e+02 -1.7043e+00
-8.0000e+01 1.5000e+02 -2.6940e-01
-8.0000e+01 1.6000e+02 -2.1658e+00
-8.0000e+01 1.7000e+02 2.2312e+00
-8.0000e+01 1.8000e+02 -5.4460e-01
-8.0000e+01 1.9000e+02 -3.6413e-01
-8.0000e+01 2.0000e+02 3.6088e-01
-7.0000e+01 -2.0000e+02 -2.3285e+00
-7.0000e+01 -1.9000e+02 1.2312e+00
-7.0000e+01 -1.8000e+02 1.8501e-01
-7.0000e+01 -1.7000e+02 -3.7085e+00
-7.0000e+01 -1.6000e+02 -4.4842e-01
-7.0000e+01 -1.5000e+02 2.8184e-01
-7.0000e+01 -1.4000e+02 -3.2310e-01
-7.0000e+01 -1.3000e+02 -3.9833e+00
-7.0000e+01 -1.2000e+02 -3.4735e+00
-7.0000e+01 -1.1000e+02 -7.1030e-01
-7.0000e+01 -1.0000e+02 7.5975e-01
-7.0000e+01 -9.0000e+01 -3.1703e+00
-7.0000e+01 -8.0000e+01 -4.1278e-01
-7.0000e+01 -7.0000e+01 -1.6770e+00
-7.0000e+01 -6.0000e+01 -4.6186e+00
-7.0000e+01 -5.0000e+01 -6.4391e+00
-7.0000e+01 -4.0000e+01 -8.9130e+00
-7.0000e+01 -3.0000e+01 -7.0932e+00
-7.0000e+01 -2.0000e+01 -6.4174e+00
-7.0000e+01 -1.0000e+01 -6.5451e+00
-7.0000e+01 0.0000e+00 -6.8963e+00
-7.0000e+01 1.0000e+01 -6.8272e+00
-7.0000e+01 2.0000e+01 -8.3976e+00
-7.0000e+01 3.0000e+01 -7.1113e+00
-7.0000e+01 4.0000e+01 -8.9395e+00
-7.0000e+01 5.0000e+01 -4.6697e+00
-7.0000e+01 6.0000e+01 -4.5115e+00
-7.0000e+01 7.0000e+01 -4.0887e+00
-7.0000e+01 8.0000e+01 -2.2573e+00
-7.0000e+01 9.0000e+01 -3.7880e+00
-7.0000e+01 1.0000e+02 -1.1668e+00
-7.0000e+01 1.1000e+02 1.1469e-01
-7.0000e+01 1.2000e+02 -9.5702e-01
-7.0000e+01 1.3000e+02 2.4058e+00
-7.0000e+01 1.4000e+02 -3.8529e-01
-7.0000e+01 1.5000e+02 2.3363e+00
-7.0000e+01 1.6000e+02 -2.3523e+00
-7.0000e+01 1.7000e+02 -1.5102e+00
-7.0000e+01 1.8000e+02 1.3525e+00
-7.0000e+01 1.9000e+02 2.2641e+00
-7.0000e+01 2.0000e+02 1.2964e+00
-6.0000e+01 -2.0000e+02 -1.5059e+00
-6.0000e+01 -1.9000e+02 -2.7716e-01
-6.0000e+01 -1.8000e+02 -2.1738e+00
-6.0000e+01 -1.7000e+02 1.3281e+00
-6.0000e+01 -1.6000e+02 1.4832e+00
-6.0000e+01 -1.5000e+02 -1.9870e+00
-6.0000e+01 -1.4000e+02 -1.9273e-01
-6.0000e+01 -1.3000e+02 -1.3852e-01
-6.0000e+01 -1.2000e+02 1.6718e+00
-6.0000e+01 -1.1000e+02 -3.9839e+00
-6.0000e+01 -1.0000e+02 -4.8233e+00
-6.0000e+01 -9.0000e+01 -1.0228e+00
-6.0000e+01 -8.0000e+01 -3.9098e+00
-6.0000e+01 -7.0000e+01 -5.4277e+00
-6.0000e+01 -6.0000e+01 -3.3611e+00
-6.0000e+01 -5.0000e+01 -5.7377e+00
-6.0000e+01 -4.0000e+01 -3.8202e+00
-6.0000e+01 -3.0000e+01 -4.8088e+00
-6.0000e+01 -2.0000e+01 -7.1663e+00
-6.0000e+01 -1.0000e+01 -9.3719e+00
-6.0000e+01 0.0000e+00 -7.0346e+00
-6.0000e+01 1.0000e+01 -9.4755e+00
-6.0000e+01 2.0000e+01 -4.6878e+00
-6.0000e+01 3.0000e+01 -8.1606e+00
-6.0000e+01 4.0000e+01 -7.3602e+00
-6.0000e+01 5.0000e+01 -7.4772e+00
-6.0000e+01 6.0000e+01 -4.9107e+00
-6.0000e+01 7.0000e+01 -3.8492e+00
-6.0000e+01 8.0000e+01 -4.4074e+00
-6.0000e+01 9.0000e+01 -5.5978e+00
-6.0000e+01 1.0000e+02 -2.0032e+00
-6.0000e+01 1.1000e+02 -8.2879e-01
-6.0000e+01 1.2000e+02 -1.5780e+00
-6.0000e+01 1.3000e+02 -7.4369e-02
-6.0000e+01 1.4000e+02 1.5339e+00
-6.0000e+01 1.5000e+02 -5.7011e-01
-6.0000e+01 1.6000e+02 -1.0096e-01
-6.0000e+01 1.7000e+02 -4.5507e-02
-6.0000e+01 1.8000e+02 -9.3484e-01
-6.0000e+01 1.9000e+02 7.6628e-01
-6.0000e+01 2.0000e+02 -1.6490e+00
-5.0000e+01 -2.0000e+02 6.1459e-01
-5.0000e+01 -1.9000e+02 -2.4276e+00
-5.0000e+01 -1.8000e+02 2.0871e+00
-5.0000e+01 -1.7000e+02 1.6877e+00
-5.0000e+01 -1.6000e+02 6.5561e-01
-5.0000e+01 -1.5000e+02 1.3511e+00
-5.0000e+01 -1.4000e+02 -2.3678e+00
-5.0000e+01 -1.3000e+02 -8.6700e-02
-5.0000e+01 -1.2000e+02 -2.1232e+00
-5.0000e+01 -1.1000e+02 5.2503e-01
-5.0000e+01 -1.0000e+02 -3.3231e-01
-5.0000e+01 -9.0000e+01 -2.5453e+00
-5.0000e+01 -8.0000e+01 -4.8234e+00
-5.0000e+01 -7.0000e+01 -4.4351e+00
-5.0000e+01 -6.0000e+01 -6.9560e+00
-5.0000e+01 -5.0000e+01 -9.1479e+00
-5.0000e+01 -4.0000e+01 -8.4094e+00
-5.0000e+01 -3.0000e+01 -8.8913e+00
-5.0000e+01 -2.0000e+01 -8.4091e+00
-5.0000e+01 -1.0000e+01 -1.1341e+01
-5.0000e+01 0.0000e+00 -9.6259e+00
-5.0000e+01 1.0000e+01 -1.1697e+01
-5.0000e+01 2.0000e+01 -1.0358e+01
-5.0000e+01 3.0000e+01 -6.4359e+00
-5.0000e+01 4.0000e+01 -8.7983e+00
-5.0000e+01 5.0000e+01 -8.2105e+00
-5.0000e+01 6.0000e+01 -2.4566e+00
-5.0000e+01 7.0000e+01 -3.4274e+00
-5.0000e+01 8.0000e+01 2.0351e-01
-5.0000e+01 9.0000e+01 -3.7417e+00
-5.0000e+01 1.0000e+02 -4.6736e+00
-5.0000e+01 1.1000e+02 -3.9402e+00
-5.0000e+01 1.2000e+02 1.1502e+00
-5.0000e+01 1.3000e+02 -2.9025e+00
-5.0000e+01 1.4000e+02 6.9804e-01
-5.0000e+01 1.5000e+02 -6.2106e-02
-5.0000e+01 1.6000e+02 -2.4112e+00
-5.0000e+01 1.7000e+02 9.9525e-01
-5.0000e+01 1.8000e+02 -3.8390e-02
-5.0000e+01 1.9000e+02 -2.6606e-03
-5.0000e+01 2.0000e+02 -5.2269e-01
-4.0000e+01 -2.0000e+02 -1.3917e+00
-4.0000e+01 -1.9000e+02 -2.0613e-02
-4.0000e+01 -1.8000e+02 -2.3353e-01
-4.0000e+01 -1.7000e+02 8.6550e-01
-4.0000e+01 -1.6000e+02 3.7637e-01
-4.0000e+01 -1.5000e+02 -3.3558e+00
-4.0000e+01 -1.4000e+02 5.8902e-01
-4.0000e+01 -1.3000e+02 -4.4887e-01
-4.0000e+01 -1.2000e+02 -3.7866e+00
-4.0000e+01 -1.1000e+02 -2.1349e+00
-4.0000e+01 -1.0000e+02 -1.8033e+00
-4.0000e+01 -9.0000e+01 -5.3848e+00
-4.0000e+01 -8.0000e+01 -4.9666e+00
-4.0000e+01 -7.0000e+01 -5.8192e+00
-4.0000e+01 -6.0000e+01 -4.3272e+00
-4.0000e+01 -5.0000e+01 -5.7611e+00
-4.0000e+01 -4.0000e+01 -8.0695e+00
-4.0000e+01 -3.0000e+01 -1.0366e+01
-4.0000e+01 -2.0000e+01 -1.1919e+01
-4.0000e+01 -1.0000e+01 -1.1820e+01
-4.0000e+01 0.0000e+00 -1.2118e+01
-4.0000e+01 1.0000e+01 -1.2169e+01
-4.0000e+01 2.0000e+01 -1.3947e+01
-4.0000e+01 3.0000e+01 -8.8989e+00
-4.0000e+01 4.0000e+01 -8.9640e+00
-4.0000e+01 5.0000e+01 -7.6010e+00
-4.0000e+01 6.0000e+01 -8.0881e+00
-4.0000e+01 7.0000e+01 -6.0754e+00
-4.0000e+01 8.0000e+01 -5.5467e+00
-4.0000e+01 9.0000e+01 -5.0730e+00
-4.0000e+01 1.0000e+02 -4.9388e+00
-4.0000e+01 1.1000e+02 -1.8880e+00
-4.0000e+01 1.2000e+02 7.0734e-01
-4.0000e+01 1.3000e+02 -2.3846e-01
-4.0000e+01 1.4000e+02 2.1151e+00
-4.0000e+01 1.5000e+02 -2.1195e+00
-4.0000e+01 1.6000e+02 -1.7655e+00
-4.0000e+01 1.7000e+02 -1.7770e+00
-4.0000e+01 1.8000e+02 2.1572e+00
-4.0000e+01 1.9000e+02 8.7298e-01
-4.0000e+01 2.0000e+02 8.6898e-01
-3.0000e+01 -2.0000e+02 -1.4899e-01
-3.0000e+01 -1.9000e+02 8.5106e-01
-3.0000e+01 -1.8000e+02 4.4803e-01
-3.0000e+01 -1.7000e+02 -9.9762e-02
-3.0000e+01 -1.6000e+02 -8.6517e-01
-3.0000e+01 -1.5000e+02 4.9578e-01
-3.0000e+01 -1.4000e+02 -1.3895e+00
-3.0000e+01 -1.3000e+02 -2.0428e+00
-3.0000e+01 -1.2000e+02 -1.6480e+00
-3.0000e+01 -1.1000e+02 -2.9251e+00
-3.0000e+01 -1.0000e+02 -2.5217e-01
-3.0000e+01 -9.0000e+01 -4.6895e+00
-3.0000e+01 -8.0000e+01 -1.6383e+00
-3.0000e+01 -7.0000e+01 -5.7539e+00
-3.0000e+01 -6.0000e+01 -5.7825e+00
-3.0000e+01 -5.0000e+01 -9.1218e+00
-3.0000e+01 -4.0000e+01 -1.4402e+01
-3.0000e+01 -3.0000e+01 -1.1776e+01
-3.0000e+01 -2.0000e+01 -1.2541e+01
-3.0000e+01 -1.0000e+01 -1.3090e+01
-3.0000e+01 0.0000e+00 -1.3296e+01
-3.0000e+01 1.0000e+01 -1.4206e+01
-3.0000e+01 2.0000e+01 -1.0819e+01
-3.0000e+01 3.0000e+01 -1.0814e+01
-3.0000e+01 4.0000e+01 -1.1965e+01
-3.0000e+01 5.0000e+01 -7.7483e+00
-3.0000e+01 6.0000e+01 -9.2585e+00
-3.0000e+01 7.0000e+01 -3.7038e+00
-3.0000e+01 8.0000e+01 -4.4591e+00
-3.0000e+01 9.0000e+01 -5.3491e+00
-3.0000e+01 1.0000e+02 -2.5595e+00
-3.0000e+01 1.1000e+02 -2.3230e+00
-3.0000e+01 1.2000e+02 1.9754e-01
-3.0000e+01 1.3000e+02 -1.9579e+00
-3.0000e+01 1.4000e+02 -2.1326e+00
-3.0000e+01 1.5000e+02 -2.6837e+00
-3.0000e+01 1.6000e+02 5.9375e-01
-3.0000e+01 1.7000e+02 -4.1457e-01
-3.0000e+01 1.8000e+02 -1.4555e+00
-3.0000e+01 1.9000e+02 5.2255e-01
-3.0000e+01 2.0000e+02 -1.6858e+00
-2.0000e+01 -2.0000e+02 -1.0729e+00
-2.0000e+01 -1.9000e+02 -2.3700e+00
-2.0000e+01 -1.8000e+02 -8.8861e-01
-2.0000e+01 -1.7000e+02 -2.1636e+00
-2.0000e+01 -1.6000e+02 6.1802e-01
-2.0000e+01 -1.5000e+02 -5.6693e-01
-2.0000e+01 -1.4000e+02 3.7868e-01
-2.0000e+01 -1.3000e+02 8.1629e-01
-2.0000e+01 -1.2000e+02 -1.1206e+00
-2.0000e+01 -1.1000e+02 -4.2288e+00
-2.0000e+01 -1.0000e+02 -1.8430e+00
-2.0000e+01 -9.0000e+01 -6.7191e+00
-2.0000e+01 -8.0000e+01 -4.2398e+00
-2.0000e+01 -7.0000e+01 -3.6960e+00
-2.0000e+01 -6.0000e+01 -7.4617e+00
-2.0000e+01 -5.0000e+01 -8.5842e+00
-2.0000e+01 -4.0000e+01 -9.7458e+00
-2.0000e+01 -3.0000e+01 -1.3103e+01
-2.0000e+01 -2.0000e+01 -1.6843e+01
-2.0000e+01 -1.0000e+01 -1.3947e+01
-2.0000e+01 0.0000e+00 -1.4774e+01
-2.0000e+01 1.0000e+01 -1.3468e+01
-2.0000e+01 2.0000e+01 -1.3590e+01
-2.0000e+01 3.0000e+01 -1.3850e+01
-2.0000e+01 4.0000e+01 -1.2135e+01
-2.0000e+01 5.0000e+01 -9.2490e+00
-2.0000e+01 6.0000e+01 -9.6816e+00
-2.0000e+01 7.0000e+01 -7.1793e+00
-2.0000e+01 8.0000e+01 -3.3010e+00
-2.0000e+01 9.0000e+01 -3.7842e+00
-2.0000e+01 1.0000e+02 -3.5175e+00
-2.0000e+01 1.1000e+02 1.6222e-01
-2.0000e+01 1.2000e+02 -2.5582e+00
-2.0000e+01 1.3000e+02 -8.5847e-01
-2.0000e+01 1.4000e+02 -2.7809e+00
-2.0000e+01 1.5000e+02 6.1360e-02
-2.0000e+01 1.6000e+02 -1.2364e+00
-2.0000e+01 1.7000e+02 -1.2057e+00
-2.0000e+01 1.8000e+02 -2.2617e-01
-2.0000e+01 1.9000e+02 4.0928e-01
-2.0000e+01 2.0000e+02 8.5593e-01
-1.0000e+01 -2.0000e+02 -2.2076e-01
-1.0000e+01 -1.9000e+02 -2.1537e+00
-1.0000e+01 -1.8000e+02 -1.9092e+00
-1.0000e+01 -1.7000e+02 -1.7353e-02
-1.0000e+01 -1.6000e+02 -1.3481e-01
-1.0000e+01 -1.5000e+02 -8.4706e-01
-1.0000e+01 -1.4000e+02 3.6447e-01
-1.0000e+01 -1.3000e+02 -5.1753e-01
-1.0000e+01 -1.2000e+02 -1.7486e+00
-1.0000e+01 -1.1000e+02 -4.0873e+00
-1.0000e+01 -1.0000e+02 -4.1643e+00
-1.0000e+01 -9.0000e+01 -5.7635e+00
-1.0000e+01 -8.0000e+01 -3.9969e+00
-1.0000e+01 -7.0000e+01 -8.2410e+00
-1.0000e+01 -6.0000e+01 -9.3959e+00
-1.0000e+01 -5.0000e+01 -9.7256e+00
-1.0000e+01 -4.0000e+01 -1.2858e+01
-1.0000e+01 -3.0000e+01 -1.3653e+01
-1.0000e+01 -2.0000e+01 -1.6687e+01
-1.0000e+01 -1.0000e+01 -1.6127e+01
-1.0000e+01 0.0000e+00 -1.4873e+01
-1.0000e+01 1.0000e+01 -1.2427e+01
-1.0000e+01 2.0000e+01 -1.0458e+01
-1.0000e+01 3.0000e+01 -1.4609e+01
-1.0000e+01 4.0000e+01 -1.0902e+01
-1.0000e+01 5.0000e+01 -7.2624e+00
-1.0000e+01 6.0000e+01 -8.8724e+00
-1.0000e+01 7.0000e+01 -2.2869e+00
-1.0000e+01 8.0000e+01 -6.2112e+00
-1.0000e+01 9.0000e+01 -4.9378e+00
-1.0000e+01 1.0000e+02 -4.9096e+00
-1.0000e+01 1.1000e+02 -2.5718e+00
-1.0000e+01 1.2000e+02 -2.2668e+00
-1.0000e+01 1.3000e+02 9.6399e-01
-1.0000e+01 1.4000e+02 3.8923e-01
-1.0000e+01 1.5000e+02 1.1888e+00
-1.0000e+01 1.6000e+02 -3.1993e+00
-1.0000e+01 1.7000e+02 1.5314e+00
-1.0000e+01 1.8000e+02 2.6103e+00
-1.0000e+01 1.9000e+02 -1.5990e+00
-1.0000e+01 2.0000e+02 5.7621e-01
0.0000e+00 -2.0000e+02 -6.4923e-01
0.0000e+00 -1.9000e+02 1.0789e+00
0.0000e+00 -1.8000e+02 4.6736e-01
0.0000e+00 -1.7000e+02 -1.7217e+00
0.0000e+00 -1.6000e+02 -1.9094e-01
0.0000e+00 -1.5000e+02 -9.5091e-01
0.0000e+00 -1.4000e+02 1.0902e+00
0.0000e+00 -1.3000e+02 6.8140e-01
0.0000e+00 -1.2000e+02 -3.1068e+00
0.0000e+00 -1.1000e+02 -5.0700e+00
0.0000e+00 -1.0000e+02 -1.4480e+00
0.0000e+00 -9.0000e+01 -7.2588e+00
0.0000e+00 -8.0000e+01 -1.8936e+00
0.0000e+00 -7.0000e+01 -4.4887e+00
0.0000e+00 -6.0000e+01 -8.7619e+00
0.0000e+00 -5.0000e+01 -9.7076e+00
0.0000e+00 -4.0000e+01 -1.2754e+01
0.0000e+00 -3.0000e+01 -1.4489e+01
0.0000e+00 -2.0000e+01 -1.6805e+01
0.0000e+00 -1.0000e+01 -1.3607e+01
0.0000e+00 0.0000e+00 -1.7162e+01
0.0000e+00 1.0000e+01 -1.3022e+01
0.0000e+00 2.0000e+01 -1.3905e+01
0.0000e+00 3.0000e+01 -1.3188e+01
0.0000e+00 4.0000e+01 -1.0682e+01
0.0000e+00 5.0000e+01 -8.7538e+00
0.0000e+00 6.0000e+01 -1.0656e+01
0.0000e+00 7.0000e+01 -6.9339e+00
0.0000e+00 8.0000e+01 -5.2207e+00
0.0000e+00 9.0000e+01 -4.1788e+00
0.0000e+00 1.0000e+02 1.0994e+00
0.0000e+00 1.1000e+02 -3.5889e+00
0.0000e+00 1.2000e+02 -1.5657e+00
0.0000e+00 1.3000e+02 2.3303e-01
0.0000e+00 1.4000e+02 -8.2680e-01
0.0000e+00 1.5000e+02 -1.7886e+00
0.0000e+00 1.6000e+02 4.6206e-01
0.0000e+00 1.7000e+02 -4.4073e+00
0.0000e+00 1.8000e+02 9.0865e-01
0.0000e+00 1.9000e+02 1.8481e+00
0.0000e+00 2.0000e+02 7.5204e-01
1.0000e+01 -2.0000e+02 -2.1252e+00
1.0000e+01 -1.9000e+02 -5.7528e-01
1.0000e+01 -1.8000e+02 -8.6312e-01
1.0000e+01 -1.7000e+02 -5.0621e-01
1.0000e+01 -1.6000e+02 1.4166e+00
1.0000e+01 -1.5000e+02 -3.7386e-01
1.0000e+01 -1.4000e+02 -3.9375e-03
1.0000e+01 -1.3000e+02 -5.8873e-01
1.0000e+01 -1.2000e+02 1.1994e-01
1.0000e+01 -1.1000e+02 -2.5097e-01
1.0000e+01 -1.0000e+02 -3.9983e+00
1.0000e+01 -9.0000e+01 -5.3965e+00
1.0000e+01 -8.0000e+01 -4.8271e+00
1.0000e+01 -7.0000e+01 -7.7253e+00
1.0000e+01 -6.0000e+01 -8.9243e+00
1.0000e+01 -5.0000e+01 -7.9322e+00
1.0000e+01 -4.0000e+01 -1.0353e+01
1.0000e+01 -3.0000e+01 -1.2843e+01
1.0000e+01 -2.0000e+01 -1.3365e+01
1.0000e+01 -1.0000e+01 -1.5181e+01
1.0000e+01 0.0000e+00 -1.5608e+01
1.0000e+01 1.0000e+01 -1.7481e+01
1.0000e+01 2.0000e+01 -1.5195e+01
1.0000e+01 3.0000e+01 -1.3684e+01
1.0000e+01 4.0000e+01 -1.3182e+01
1.0000e+01 5.0000e+01 -1.0785e+01
1.0000e+01 6.0000e+01 -9.6877e+00
1.0000e+01 7.0000e+01 -9.0756e+00
1.0000e+01 8.0000e+01 -3.6084e+00
1.0000e+01 9.0000e+01 -6.6521e+00
1.0000e+01 1.0000e+02 -5.4313e+00
1.0000e+01 1.1000e+02 -3.5139e+00
1.0000e+01 1.2000e+02 -3.9008e+00
1.0000e+01 1.3000e+02 4.8375e-01
1.0000e+01 1.4000e+02 6.9374e-01
1.0000e+01 1.5000e+02 -1.6769e+00
1.0000e+01 1.6000e+02 -3.0574e-01
1.0000e+01 1.7000e+02 -3.6974e-02
1.0000e+01 1.8000e+02 -8.7734e-01
1.0000e+01 1.9000e+02 -1.3594e+00
1.0000e+01 2.0000e+02 -2.0605e+00
2.0000e+01 -2.0000e+02 -7.0888e-01
2.0000e+01 -1.9000e+02 5.4786e-01
2.0000e+01 -1.8000e+02 -2.3104e+00
2.0000e+01 -1.7000e+02 1.9757e+00
2.0000e+01 -1.6000e+02 6.1398e-01
2.0000e+01 -1.5000e+02 -4.3661e-01
2.0000e+01 -1.4000e+02 -2.3834e+00
2.0000e+01 -1.3000e+02 -2.2794e+00
2.0000e+01 -1.2000e+02 -1.5894e+00
2.0000e+01 -1.1000e+02 -4.1606e+00
2.0000e+01 -1.0000e+02 -2.3334e+00
2.0000e+01 -9.0000e+01 -5.5380e+00
2.0000e+01 -8.0000e+01 -5.7767e+00
2.0000e+01 -7.0000e+01 -5.6523e+00
2.0000e+01 -6.0000e+01 -9.0067e+00
2.0000e+01 -5.0000e+01 -1.0173e+01
2.0000e+01 -4.0000e+01 -1.4517e+01
2.0000e+01 -3.0000e+01 -1.2080e+01
2.0000e+01 -2.0000e+01 -1.1018e+01
2.0000e+01 -1.0000e+01 -1.2534e+01
2.0000e+01 0.0000e+00 -1.4005e+01
2.0000e+01 1.0000e+01 -1.1811e+01
2.0000e+01 2.0000e+01 -1.2435e+01
2.0000e+01 3.0000e+01 -1.1055e+01
2.0000e+01 4.0000e+01 -1.2882e+01
2.0000e+01 5.0000e+01 -8.6833e+00
2.0000e+01 6.0000e+01 -8.0214e+00
2.0000e+01 7.0000e+01 -7.1014e+00
2.0000e+01 8.0000e+01 -4.1951e+00
2.0000e+01 9.0000e+01 -5.8347e+00
2.0000e+01 1.0000e+02 -1.2700e+00
2.0000e+01 1.1000e+02 -1.6014e+00
2.0000e+01 1.2000e+02 -4.6209e-01
2.0000e+01 1.3000e+02 -1.8932e+00
2.0000e+01 1.4000e+02 -7.3871e-01
2.0000e+01 1.5000e+02 9.2669e-01
2.0000e+01 1.6000e+02 2.9816e+00
2.0000e+01 1.7000e+02 2.4534e+00
2.0000e+01 1.8000e+02 -3.1571e-01
2.0000e+01 1.9000e+02 1.0906e+00
2.0000e+01 2.0000e+02 -3.3522e+00
3.0000e+01 -2.0000e+02 1.9051e+00
3.0000e+01 -1.9000e+02 1.6325e+00
3.0000e+01 -1.8000e+02 -7.7144e-01
3.0000e+01 -1.7000e+02 -6.4389e-01
3.0000e+01 -1.6000e+02 -1.5290e-01
3.0000e+01 -1.5000e+02 1.6945e+00
3.0000e+01 -1.4000e+02 -1.2010e-01
3.0000e+01 -1.3000e+02 -5.6005e-01
3.0000e+01 -1.2000e+02 -2.5485e+00
3.0000e+01 -1.1000e+02 -2.0972e+00
3.0000e+01 -1.0000e+02 -8.2814e-01
3.0000e+01 -9.0000e+01 -1.6619e+00
3.0000e+01 -8.0000e+01 -5.6613e+00
3.0000e+01 -7.0000e+01 -9.2492e+00
3.0000e+01 -6.0000e+01 -7.4067e+00
3.0000e+01 -5.0000e+01 -1.0776e+01
3.0000e+01 -4.0000e+01 -1.1007e+01
3.0000e+01 -3.0000e+01 -1.0323e+01
3.0000e+01 -2.0000e+01 -1.3249e+01
3.0000e+01 -1.0000e+01 -1.2212e+01
3.0000e+01 0.0000e+00 -1.3747e+01
3.0000e+01 1.0000e+01 -1.3734e+01
3.0000e+01 2.0000e+01 -1.3457e+01
3.0000e+01 3.0000e+01 -1.2123e+01
3.0000e+01 4.0000e+01 -9.4955e+00
3.0000e+01 5.0000e+01 -9.2343e+00
3.0000e+01 6.0000e+01 -8.2373e+00
3.0000e+01 7.0000e+01 -8.2117e+00
3.0000e+01 8.0000e+01 -6.6789e+00
3.0000e+01 9.0000e+01 -2.4293e+00
3.0000e+01 1.0000e+02 -1.6976e+00
3.0000e+01 1.1000e+02 -2.0635e+00
3.0000e+01 1.2000e+02 -8.5426e-01
3.0000e+01 1.3000e+02 -2.4334e+00
3.0000e+01 1.4000e+02 7.5200e-01
3.0000e+01 1.5000e+02 6.2054e-01
3.0000e+01 1.6000e+02 1.6264e+00
3.0000e+01 1.7000e+02 8.6978e-01
3.0000e+01 1.8000e+02 -1.3019e-01
3.0000e+01 1.9000e+02 2.9993e-01
3.0000e+01 2.0000e+02 -8.7310e-01
4.0000e+01 -2.0000e+02 -1.4871e+00
4.0000e+01 -1.9000e+02 -2.2071e-02
4.0000e+01 -1.8000e+02 5.5743e-02
4.0000e+01 -1.7000e+02 1.0992e+00
4.0000e+01 -1.6000e+02 -4.4327e-02
4.0000e+01 -1.5000e+02 -1.4460e+00
4.0000e+01 -1.4000e+02 -1.1685e+00
4.0000e+01 -1.3000e+02 -2.5792e+00
4.0000e+01 -1.2000e+02 -8.5922e-01
4.0000e+01 -1.1000e+02 -2.6656e+00
4.0000e+01 -1.0000e+02 -1.3989e+00
4.0000e+01 -9.0000e+01 -4.7543e+00
4.0000e+01 -8.0000e+01 -3.7253e+00
4.0000e+01 -7.0000e+01 -5.3484e+00
4.0000e+01 -6.0000e+01 -8.1460e+00
4.0000e+01 -5.0000e+01 -5.9002e+00
4.0000e+01 -4.0000e+01 -1.2038e+01
4.0000e+01 -3.0000e+01 -1.2182e+01
4.0000e+01 -2.0000e+01 -1.2084e+01
4.0000e+01 -1.0000e+01 -1.1098e+01
4.0000e+01 0.0000e+00 -1.4382e+01
4.0000e+01 1.0000e+01 -1.1462e+01
4.0000e+01 2.0000e+01 -9.2137e+00
4.0000e+01 3.0000e+01 -1.2053e+01
4.0000e+01 4.0000e+01 -1.0491e+01
4.0000e+01 5.0000e+01 -1.1121e+01
4.0000e+01 6.0000e+01 -7.6051e+00
4.0000e+01 7.0000e+01 -5.5847e+00
4.0000e+01 8.0000e+01 -4.6868e+00
4.0000e+01 9.0000e+01 -2.6267e+00
4.0000e+01 1.0000e+02 -1.8021e+00
4.0000e+01 1.1000e+02 -4.1208e-01
4.0000e+01 1.2000e+02 -1.3828e+00
4.0000e+01 1.3000e+02 5.9102e-01
4.0000e+01 1.4000e+02 -1.0019e+00
4.0000e+01 1.5000e+02 -2.1374e+00
4.0000e+01 1.6000e+02 4.5896e-03
4.0000e+01 1.7000e+02 1.0915e+00
4.0000e+01 1.8000e+02 -9.6614e-01
4.0000e+01 1.9000e+02 6.8702e-01
4.0000e+01 2.0000e+02 -2.0460e+00
5.0000e+01 -2.0000e+02 1.0041e-01
5.0000e+01 -1.9000e+02 6.7589e-01
5.0000e+01 -1.8000e+02 -2.4032e-01
5.0000e+01 -1.7000e+02 -1.8443e-01
5.0000e+01 -1.6000e+02 -1.7698e-01
5.0000e+01 -1.5000e+02 1.9033e+00
5.0000e+01 -1.4000e+02 1.1508e+00
5.0000e+01 -1.3000e+02 5.1036e-02
5.0000e+01 -1.2000e+02 -1.0198e+00
5.0000e+01 -1.1000e+02 -1.5296e-01
5.0000e+01 -1.0000e+02 -4.3300e+00
5.0000e+01 -9.0000e+01 -4.0272e+00
5.0000e+01 -8.0000e+01 -5.4469e+00
5.0000e+01 -7.0000e+01 -4.0578e+00
5.0000e+01 -6.0000e+01 -5.2390e+00
5.0000e+01 -5.0000e+01 -6.7153e+00
5.0000e+01 -4.0000e+01 -7.8196e+00
5.0000e+01 -3.0000e+01 -8.4286e+00
5.0000e+01 -2.0000e+01 -1.2721e+01
5.0000e+01 -1.0000e+01 -8.7906e+00
5.0000e+01 0.0000e+00 -1.0741e+01
5.0000e+01 1.0000e+01 -1.0446e+01
5.0000e+01 2.0000e+01 -6.9198e+00
5.0000e+01 3.0000e+01 -1.1904e+01
5.0000e+01 4.0000e+01 -9.6754e+00
5.0000e+01 5.0000e+01 -8.2839e+00
5.0000e+01 6.0000e+01 -1.0345e+01
5.0000e+01 7.0000e+01 -3.8611e+00
5.0000e+01 8.0000e+01 -4.0960e+00
5.0000e+01 9.0000e+01 -3.5475e+00
5.0000e+01 1.0000e+02 -8.9082e-01
5.0000e+01 1.1000e+02 3.3187e-01
5.0000e+01 1.2000e+02 4.3421e-01
5.0000e+01 1.3000e+02 -1.4138e+00
5.0000e+01 1.4000e+02 -4.5465e+00
5.0000e+01 1.5000e+02 -4.4543e-01
5.0000e+01 1.6000e+02 1.3526e+00
5.0000e+01 1.7000e+02 -3.1382e-01
5.0000e+01 1.8000e+02 9.4805e-02
5.0000e+01 1.9000e+02 1.2713e+00
5.0000e+01 2.0000e+02 4.9071e-01
6.0000e+01 -2.0000e+02 -6.9923e-01
6.0000e+01 -1.9000e+02 4.9407e-01
6.0000e+01 -1.8000e+02 5.3099e-02
6.0000e+01 -1.7000e+02 -3.3953e+00
6.0000e+01 -1.6000e+02 -9.3236e-01
6.0000e+01 -1.5000e+02 5.4346e-01
6.0000e+01 -1.4000e+02 3.6661e-01
6.0000e+01 -1.3000e+02 -4.1317e-01
6.0000e+01 -1.2000e+02 8.3826e-01
6.0000e+01 -1.1000e+02 -7.2026e-01
6.0000e+01 -1.0000e+02 1.4951e+00
6.0000e+01 -9.0000e+01 -1.3792e+00
6.0000e+01 -8.0000e+01 3.1636e-01
6.0000e+01 -7.0000e+01 -4.0915e+00
6.0000e+01 -6.0000e+01 -4.3728e+00
6.0000e+01 -5.0000e+01 -4.4027e+00
6.0000e+01 -4.0000e+01 -8.5383e+00
6.0000e+01 -3.0000e+01 -6.7711e+00
6.0000e+01 -2.0000e+01 -8.4461e+00
6.0000e+01 -1.0000e+01 -5.6675e+00
6.0000e+01 0.0000e+00 -1.0258e+01
6.0000e+01 1.0000e+01 -9.0742e+00
6.0000e+01 2.0000e+01 -1.0196e+01
6.0000e+01 3.0000e+01 -8.1006e+00
6.0000e+01 4.0000e+01 -6.8006e+00
6.0000e+01 5.0000e+01 -6.6386e+00
6.0000e+01 6.0000e+01 -3.2428e+00
6.0000e+01 7.0000e+01 -6.4339e+00
6.0000e+01 8.0000e+01 -3.2505e+00
6.0000e+01 9.0000e+01 -4.8849e+00
6.0000e+01 1.0000e+02 -1.2296e+00
6.0000e+01 1.1000e+02 -2.2208e+00
6.0000e+01 1.2000e+02 1.2780e+00
6.0000e+01 1.3000e+02 -1.8472e+00
6.0000e+01 1.4000e+02 -6.1845e-03
6.0000e+01 1.5000e+02 -3.2818e+00
6.0000e+01 1.6000e+02 -2.1550e+00
6.0000e+01 1.7000e+02 6.4988e-01
6.0000e+01 1.8000e+02 1.4484e+00
6.0000e+01 1.9000e+02 -1.9777e+00
6.0000e+01 2.0000e+02 6.5135e-01
7.0000e+01 -2.0000e+02 5.0421e-01
7.0000e+01 -1.9000e+02 -1.5886e+00
7.0000e+01 -1.8000e+02 -4.2239e-01
7.0000e+01 -1.7000e+02 -2.3738e+00
7.0000e+01 -1.6000e+02 -5.7958e-01
7.0000e+01 -1.5000e+02 5.9908e-01
7.0000e+01 -1.4000e+02 -2.1213e+00
7.0000e+01 -1.3000e+02 -1.3405e+00
7.0000e+01 -1.2000e+02 -3.3017e+00
7.0000e+01 -1.1000e+02 -1.6270e+00
7.0000e+01 -1.0000e+02 -3.0797e+00
7.0000e+01 -9.0000e+01 1.9352e+00
7.0000e+01 -8.0000e+01 -1.7361e+00
7.0000e+01 -7.0000e+01 -1.1639e+00
7.0000e+01 -6.0000e+01 -3.7951e+00
7.0000e+01 -5.0000e+01 -5.4035e+00
7.0000e+01 -4.0000e+01 -7.1074e+00
7.0000e+01 -3.0000e+01 -6.9366e+00
7.0000e+01 -2.0000e+01 -7.6109e+00
7.0000e+01 -1.0000e+01 -4.3159e+00
7.0000e+01 0.0000e+00 -6.8153e+00
7.0000e+01 1.0000e+01 -5.5387e+00
7.0000e+01 2.0000e+01 -8.3933e+00
7.0000e+01 3.0000e+01 -1.0175e+01
7.0000e+01 4.0000e+01 -7.3297e+00
7.0000e+01 5.0000e+01 -4.0497e+00
7.0000e+01 6.0000e+01 -5.6471e+00
7.0000e+01 7.0000e+01 -4.1508e+00
7.0000e+01 8.0000e+01 -2.6289e+00
7.0000e+01 9.0000e+01 -5.3442e-01
7.0000e+01 1.0000e+02 1.9533e+00
7.0000e+01 1.1000e+02 -7.9617e-01
7.0000e+01 1.2000e+02 -6.4694e-01
7.0000e+01 1.3000e+02 6.3992e-01
7.0000e+01 1.4000e+02 -5.4943e-01
7.0000e+01 1.5000e+02 1.3030e+00
7.0000e+01 1.6000e+02 5.2097e-01
7.0000e+01 1.7000e+02 -1.6666e-01
7.0000e+01 1.8000e+02 9.2033e-01
7.0000e+01 1.9000e+02 7.6654e-01
7.0000e+01 2.0000e+02 7.3229e-01
8.0000e+01 -2.0000e+02 -1.9857e+00
8.0000e+01 -1.9000e+02 4.9156e-01
8.0000e+01 -1.8000e+02 -2.5903e+00
8.0000e+01 -1.7000e+02 1.6302e+00
8.0000e+01 -1.6000e+02 1.7860e+00
8.0000e+01 -1.5000e+02 1.1254e+00
8.0000e+01 -1.4000e+02 -1.2538e+00
8.0000e+01 -1.3000e+02 9.0854e-01
8.0000e+01 -1.2000e+02 -1.2630e-01
8.0000e+01 -1.1000e+02 -5.4828e-01
8.0000e+01 -1.0000e+02 9.4275e-01
8.0000e+01 -9.0000e+01 9.1853e-01
8.0000e+01 -8.0000e+01 2.7338e-01
8.0000e+01 -7.0000e+01 -6.8378e-01
8.0000e+01 -6.0000e+01 -3.6277e+00
8.0000e+01 -5.0000e+01 -3.6475e+00
8.0000e+01 -4.0000e+01 -7.5172e+00
8.0000e+01 -3.0000e+01 -2.5393e+00
8.0000e+01 -2.0000e+01 -2.7640e+00
8.0000e+01 -1.0000e+01 -2.3305e+00
8.0000e+01 0.0000e+00 -7.3933e+00
8.0000e+01 1.0000e+01 -3.4706e+00
8.0000e+01 2.0000e+01 -6.8799e+00
8.0000e+01 3.0000e+01 -2.8699e+00
8.0000e+01 4.0000e+01 -5.1484e+00
8.0000e+01 5.0000e+01 -2.3579e+00
8.0000e+01 6.0000e+01 -2.8603e+00
8.0000e+01 7.0000e+01 -1.6335e+00
8.0000e+01 8.0000e+01 -1.2302e+00
8.0000e+01 9.0000e+01 -4.8178e+00
8.0000e+01 1.0000e+02 -1.4609e+00
8.0000e+01 1.1000e+02 -1.2184e+00
8.0000e+01 1.2000e+02 -1.6231e+00
8.0000e+01 1.3000e+02 -7.2715e-01
8.0000e+01 1.4000e+02 1.5113e+00
8.0000e+01 1.5000e+02 7.4992e-01
8.0000e+01 1.6000e+02 -2.1357e+00
8.0000e+01 1.7000e+02 -6.4610e-02
8.0000e+01 1.8000e+02 -1.7355e+00
8.0000e+01 1.9000e+02 6.2601e-01
8.0000e+01 2.0000e+02 -1.5162e+00
9.0000e+01 -2.0000e+02 1.2753e+00
9.0000e+01 -1.9000e+02 4.2852e-01
9.0000e+01 -1.8000e+02 1.3856e+00
9.0000e+01 -1.7000e+02 -1.0012e+00
9.0000e+01 -1.6000e+02 2.1824e+00
9.0000e+01 -1.5000e+02 -5.1859e-01
9.0000e+01 -1.4000e+02 -1.1571e+00
9.0000e+01 -1.3000e+02 -2.0811e-01
9.0000e+01 -1.2000e+02 -2.7983e-01
9.0000e+01 -1.1000e+02 8.4602e-01
9.0000e+01 -1.0000e+02 -4.1971e-01
9.0000e+01 -9.0000e+01 -1.4210e+00
9.0000e+01 -8.0000e+01 -3.2957e+00
9.0000e+01 -7.0000e+01 -3.5736e+00
9.0000e+01 -6.0000e+01 4.0345e-01
9.0000e+01 -5.0000e+01 -4.5956e+00
9.0000e+01 -4.0000e+01 -5.7466e+00
9.0000e+01 -3.0000e+01 -5.1197e+00
9.0000e+01 -2.0000e+01 -3.4224e+00
9.0000e+01 -1.0000e+01 -6.0223e+00
9.0000e+01 0.0000e+00 -3.7622e+00
9.0000e+01 1.0000e+01 -5.9264e+00
9.0000e+01 2.0000e+01 -4.2046e+00
9.0000e+01 3.0000e+01 -3.4902e+00
9.0000e+01 4.0000e+01 -5.9330e+00
9.0000e+01 5.0000e+01 -9.3026e-01
9.0000e+01 6.0000e+01 -3.7648e+00
9.0000e+01 7.0000e+01 7.1952e-01
9.0000e+01 8.0000e+01 -7.8251e-01
9.0000e+01 9.0000e+01 -3.6193e+00
9.0000e+01 1.0000e+02 9.2236e-02
9.0000e+01 1.1000e+02 -1.0156e+00
9.0000e+01 1.2000e+02 7.5732e-01
9.0000e+01 1.3000e+02 -9.0822e-01
9.0000e+01 1.4000e+02 -6.3864e-01
9.0000e+01 1.5000e+02 1.0045e+00
9.0000e+01 1.6000e+02 -1.8685e-01
9.0000e+01 1.7000e+02 1.0689e+00
9.0000e+01 1.8000e+02 -2.8966e+00
9.0000e+01 1.9000e+02 -6.6199e-01
9.0000e+01 2.0000e+02 1.7913e-01
1.0000e+02 -2.0000e+02 8.0528e-02
1.0000e+02 -1.9000e+02 1.9961e-01
1.0000e+02 -1.8000e+02 6.5810e-01
1.0000e+02 -1.7000e+02 -2.8819e+00
1.0000e+02 -1.6000e+02 -2.1350e+00
1.0000e+02 -1.5000e+02 -2.4550e-01
1.0000e+02 -1.4000e+02 6.8337e-03
1.0000e+02 -1.3000e+02 3.9780e-01
1.0000e+02 -1.2000e+02 -1.1258e+00
1.0000e+02 -1.1000e+02 8.7532e-01
1.0000e+02 -1.0000e+02 9.9080e-01
1.0000e+02 -9.0000e+01 -1.1384e+00
1.0000e+02 -8.0000e+01 6.6185e-01
1.0000e+02 -7.0000e+01 -9.5562e-01
1.0000e+02 -6.0000e+01 1.2073e+00
1.0000e+02 -5.0000e+01 -2.2056e+00
1.0000e+02 -4.0000e+01 -2.1090e+00
1.0000e+02 -3.0000e+01 -3.8830e+00
1.0000e+02 -2.0000e+01 -2.9298e+00
1.0000e+02 -1.0000e+01 -3.3938e+00
1.0000e+02 0.0000e+00 -5.9007e+00
1.0000e+02 1.0000e+01 -3.7801e+00
1.0000e+02 2.0000e+01 -1.9192e+00
1.0000e+02 3.0000e+01 -3.3879e+00
1.0000e+02 4.0000e+01 8.3109e-01
1.0000e+02 5.0000e+01 -2.0380e+00
1.0000e+02 6.0000e+01 -1.0789e+00
1.0000e+02 7.0000e+01 -1.1163e+00
1.0000e+02 8.0000e+01 -2.6076e+00
1.0000e+02 9.0000e+01 2.5939e+00
1.0000e+02 1.0000e+02 7.1567e-01
1.0000e+02 1.1000e+02 1.7302e+00
1.0000e+02 1.2000e+02 -5.4498e-02
1.0000e+02 1.3000e+02 2.2685e-01
1.0000e+02 1.4000e+02 1.1187e+00
1.0000e+02 1.5000e+02 3.7960e+00
1.0000e+02 1.6000e+02 4.6869e-01
1.0000e+02 1.7000e+02 -1.2512e+00
1.0000e+02 1.8000e+02 7.4291e-01
1.0000e+02 1.9000e+02 -5.5638e-01
1.0000e+02 2.0000e+02 6.6248e-01
1.1000e+02 -2.0000e+02 -1.2254e+00
1.1000e+02 -1.9000e+02 -3.1979e-01
1.1000e+02 -1.8000e+02 2.5529e-01
1.1000e+02 -1.7000e+02 4.6244e-01
1.1000e+02 -1.6000e+02 -4.0935e-01
1.1000e+02 -1.5000e+02 -9.7884e-01
1.1000e+02 -1.4000e+02 3.2637e+00
1.1000e+02 -1.3000e+02 1.5047e+00
1.1000e+02 -1.2000e+02 2.4696e+00
1.1000e+02 -1.1000e+02 2.2850e-01
1.1000e+02 -1.0000e+02 -3.0587e+00
1.1000e+02 -9.0000e+01 2.1639e+00
1.1000e+02 -8.0000e+01 -1.0425e-01
1.1000e+02 -7.0000e+01 -1.8973e+00
1.1000e+02 -6.0000e+01 8.3684e-01
1.1000e+02 -5.0000e+01 -2.0063e-01
1.1000e+02 -4.0000e+01 -3.2293e+00
1.1000e+02 -3.0000e+01 -2.2722e+00
1.1000e+02 -2.0000e+01 -3.6554e+00
1.1000e+02 -1.0000e+01 -5.2460e+00
1.1000e+02 0.0000e+00 -2.9444e+00
1.1000e+02 1.0000e+01 -1.5457e+00
1.1000e+02 2.0000e+01 -4.5524e+00
1.1000e+02 3.0000e+01 -3.1784e+00
1.1000e+02 4.0000e+01 3.5228e-01
1.1000e+02 5.0000e+01 -2.9689e+00
1.1000e+02 6.0000e+01 -3.4522e+00
1.1000e+02 7.0000e+01 -9.0849e-02
1.1000e+02 8.0000e+01 -1.5591e+00
1.1000e+02 9.0000e+01 5.5180e-01
1.1000e+02 1.0000e+02 -1.2536e+00
1.1000e+02 1.1000e+02 -5.1894e-01
1.1000e+02 1.2000e+02 1.3302e+00
1.1000e+02 1.3000e+02 -8.1948e-01
1.1000e+02 1.4000e+02 8.9665e-01
1.1000e+02 1.5000e+02 -2.0364e+00
1.1000e+02 1.6000e+02 -3.4461e-01
1.1000e+02 1.7000e+02 1.5944e+00
1.1000e+02 1.8000e+02 -1.2123e+00
1.1000e+02 1.9000e+02 2.1241e+00
1.1000e+02 2.0000e+02 2.8654e-01
1.2000e+02 -2.0000e+02 -2.2656e+00
1.2000e+02 -1.9000e+02 1.9621e+00
1.2000e+02 -1.8000e+02 8.3913e-01
1.2000e+02 -1.7000e+02 -1.3259e+00
1.2000e+02 -1.6000e+02 9.7645e-01
1.2000e+02 -1.5000e+02 2.4650e+00
1.2000e+02 -1.4000e+02 9.2695e-01
1.2000e+02 -1.3000e+02 -2.2131e+00
1.2000e+02 -1.2000e+02 -7.2000e-03
1.2000e+02 -1.1000e+02 -2.7244e+00
1.2000e+02 -1.0000e+02 -3.0535e+00
1.2000e+02 -9.0000e+01 -5.0126e-02
1.2000e+02 -8.0000e+01 -1.9643e+00
1.2000e+02 -7.0000e+01 -1.3742e-01
1.2000e+02 -6.0000e+01 1.9758e+00
1.2000e+02 -5.0000e+01 -3.1918e+00
1.2000e+02 -4.0000e+01 -2.8772e+00
1.2000e+02 -3.0000e+01 -2.7350e+00
1.2000e+02 -2.0000e+01 -8.8567e-01
1.2000e+02 -1.0000e+01 2.3514e-01
1.2000e+02 0.0000e+00 -3.7220e+00
1.2000e+02 1.0000e+01 -2.5064e+00
1.2000e+02 2.0000e+01 -2.3548e+00
1.2000e+02 3.0000e+01 -1.7229e+00
1.2000e+02 4.0000e+01 -4.9443e-01
1.2000e+02 5.0000e+01 -2.4291e+00
1.2000e+02 6.0000e+01 -2.6453e+00
1.2000e+02 7.0000e+01 -6.3462e-01
1.2000e+02 8.0000e+01 -1.3537e+00
1.2000e+02 9.0000e+01 -2.7934e+00
1.2000e+02 1.0000e+02 -1.6603e+00
1.2000e+02 1.1000e+02 1.7614e+00
1.2000e+02 1.2000e+02 -1.7166e+00
1.2000e+02 1.3000e+02 -6.7684e-01
1.2000e+02 1.4000e+02 4.2910e-01
1.2000e+02 1.5000e+02 -1.3777e-01
1.2000e+02 1.6000e+02 5.1240e-01
1.2000e+02 1.7000e+02 -1.1826e+00
1.2000e+02 1.8000e+02 -6.0306e-04
1.2000e+02 1.9000e+02 -3.0580e-01
1.2000e+02 2.0000e+02 5.3624e-01
1.3000e+02 -2.0000e+02 1.4366e-01
1.3000e+02 -1.9000e+02 1.0056e+00
1.3000e+02 -1.8000e+02 6.4194e-01
1.3000e+02 -1.7000e+02 2.9100e+00
1.3000e+02 -1.6000e+02 1.2694e-01
1.3000e+02 -1.5000e+02 1.2085e+00
1.3000e+02 -1.4000e+02 7.3501e-01
1.3000e+02 -1.3000e+02 -8.7650e-01
1.3000e+02 -1.2000e+02 -7.9781e-01
1.3000e+02 -1.1000e+02 2.6995e+00
1.3000e+02 -1.0000e+02 -1.1679e+00
1.3000e+02 -9.0000e+01 -1.0437e+00
1.3000e+02 -8.0000e+01 1.3357e+00
1.3000e+02 -7.0000e+01 4.4763e-01
1.3000e+02 -6.0000e+01 -2.2576e+00
1.3000e+02 -5.0000e+01 -6.6176e-01
1.3000e+02 -4.0000e+01 1.6822e+00
1.3000e+02 -3.0000e+01 3.2755e-01
1.3000e+02 -2.0000e+01 -1.5151e+00
1.3000e+02 -1.0000e+01 -4.7433e+00
1.3000e+02 0.0000e+00 9.2768e-01
1.3000e+02 1.0000e+01 -3.4087e+00
1.3000e+02 2.0000e+01 -3.1357e+00
1.3000e+02 3.0000e+01 2.1366e+00
1.3000e+02 4.0000e+01 -3.1521e-01
1.3000e+02 5.0000e+01 -3.8223e+00
1.3000e+02 6.0000e+01 -2.6558e+00
1.3000e+02 7.0000e+01 3.4414e-01
1.3000e+02 8.0000e+01 -9.9960e-01
1.3000e+02 9.0000e+01 2.0853e+00
1.3000e+02 1.0000e+02 -2.5655e+00
1.3000e+02 1.1000e+02 -3.5945e-02
1.3000e+02 1.2000e+02 1.3677e+00
1.3000e+02 1.3000e+02 -4.9636e-01
1.3000e+02 1.4000e+02 -1.9218e-01
1.3000e+02 1.5000e+02 -1.2085e+00
1.3000e+02 1.6000e+02 4.8074e+00
1.3000e+02 1.7000e+02 -1.2036e+00
1.3000e+02 1.8000e+02 -1.2817e+00
1.3000e+02 1.9000e+02 -1.7219e+00
1.3000e+02 2.0000e+02 1.1660e+00
1.4000e+02 -2.0000e+02 1.1180e+00
1.4000e+02 -1.9000e+02 1.5652e+00
1.4000e+02 -1.8000e+02 1.3419e+00
1.4000e+02 -1.7000e+02 1.0451e+00
1.4000e+02 -1.6000e+02 -1.4866e+00
1.4000e+02 -1.5000e+02 -4.7739e-01
1.4000e+02 -1.4000e+02 5.6851e-01
1.4000e+02 -1.3000e+02 -4.8149e-01
1.4000e+02 -1.2000e+02 4.1685e-01
1.4000e+02 -1.1000e+02 -1.6446e+00
1.4000e+02 -1.0000e+02 -1.6054e+00
1.4000e+02 -9.0000e+01 -1.7301e-01
1.4000e+02 -8.0000e+01 -2.8376e+00
1.4000e+02 -7.0000e+01 9.2142e-01
1.4000e+02 -6.0000e+01 7.6431e-01
1.4000e+02 -5.0000e+01 -2.4959e-01
1.4000e+02 -4.0000e+01 -3.4919e-01
1.4000e+02 -3.0000e+01 -7.1999e-01
1.4000e+02 -2.0000e+01 1.9719e+00
1.4000e+02 -1.0000e+01 -2.0551e+00
1.4000e+02 0.0000e+00 5.0923e-01
1.4000e+02 1.0000e+01 -4.1556e-01
1.4000e+02 2.0000e+01 -2.3397e+00
1.4000e+02 3.0000e+01 -7.3748e-01
1.4000e+02 4.0000e+01 -3.8011e+00
1.4000e+02 5.0000e+01 2.6560e+00
1.4000e+02 6.0000e+01 2.7931e-01
1.4000e+02 7.0000e+01 2.9894e+00
1.4000e+02 8.0000e+01 -1.5876e-01
1.4000e+02 9.0000e+01 2.9794e-01
1.4000e+02 1.0000e+02 -2.9391e+00
1.4000e+02 1.1000e+02 3.6649e-01
1.4000e+02 1.2000e+02 3.5411e-01
1.4000e+02 1.3000e+02 1.3086e+00
1.4000e+02 1.4000e+02 4.9369e-01
1.4000e+02 1.5000e+02 7.2144e-01
1.4000e+02 1.6000e+02 -1.2668e+00
1.4000e+02 1.7000e+02 -2.6356e+00
1.4000e+02 1.8000e+02 -1.1589e+00
1.4000e+02 1.9000e+02 2.2411e-01
1.4000e+02 2.0000e+02 2.2656e-01
1.5000e+02 -2.0000e+02 -9.9079e-01
1.5000e+02 -1.9000e+02 -3.2581e-02
1.5000e+02 -1.8000e+02 9.2802e-01
1.5000e+02 -1.7000e+02 -3.8463e-01
1.5000e+02 -1.6000e+02 -5.3325e-01
1.5000e+02 -1.5000e+02 -2.5612e+00
1.5000e+02 -1.4000e+02 -8.4898e-01
1.5000e+02 -1.3000e+02 -3.1305e-01
1.5000e+02 -1.2000e+02 -5.8363e-01
1.5000e+02 -1.1000e+02 -4.5100e-01
1.5000e+02 -1.0000e+02 -1.8896e+00
1.5000e+02 -9.0000e+01 1.7895e-01
1.5000e+02 -8.0000e+01 1.3693e-01
1.5000e+02 -7.0000e+01 1.7328e+00
1.5000e+02 -6.0000e+01 2.0503e+00
1.5000e+02 -5.0000e+01 2.5272e+00
1.5000e+02 -4.0000e+01 8.3819e-01
1.5000e+02 -3.0000e+01 1.4073e+00
1.5000e+02 -2.0000e+01 3.7019e-02
1.5000e+02 -1.0000e+01 -1.9539e+00
1.5000e+02 0.0000e+00 5.6852e-01
1.5000e+02 1.0000e+01 -4.3156e-01
1.5000e+02 2.0000e+01 -9.6734e-01
1.5000e+02 3.0000e+01 -4.2402e-01
1.5000e+02 4.0000e+01 -7.8486e-02
1.5000e+02 5.0000e+01 3.4018e+00
1.5000e+02 6.0000e+01 -6.4246e-01
1.5000e+02 7.0000e+01 2.1263e+00
1.5000e+02 8.0000e+01 -1.6889e+00
1.5000e+02 9.0000e+01 -2.4264e-01
1.5000e+02 1.0000e+02 1.0148e+00
1.5000e+02 1.1000e+02 -4.6051e-02
1.5000e+02 1.2000e+02 3.9128e-01
1.5000e+02 1.3000e+02 -6.3159e-01
1.5000e+02 1.4000e+02 1.4621e+00
1.5000e+02 1.5000e+02 -9.5288e-01
1.5000e+02 1.6000e+02 -2.1741e+00
1.5000e+02 1.7000e+02 8.6864e-03
1.5000e+02 1.8000e+02 1.2491e-01
1.5000e+02 1.9000e+02 -1.0519e+00
1.5000e+02 2.0000e+02 2.4445e+00
1.6000e+02 -2.0000e+02 -1.2968e+00
1.6000e+02 -1.9000e+02 -8.0559e-01
1.6000e+02 -1.8000e+02 -2.8641e+00
1.6000e+02 -1.7000e+02 1.1078e+00
1.6000e+02 -1.6000e+02 5.5581e-01
1.6000e+02 -1.5000e+02 5.9593e-01
1.6000e+02 -1.4000e+02 1.1156e+00
1.6000e+02 -1.3000e+02 8.2433e-01
1.6000e+02 -1.2000e+02 -4.4135e-01
1.6000e+02 -1.1000e+02 -9.5420e-01
1.6000e+02 -1.0000e+02 9.3276e-01
1.6000e+02 -9.0000e+01 1.0743e+00
1.6000e+02 -8.0000e+01 -3.4686e-01
1.6000e+02 -7.0000e+01 -1.6799e+00
1.6000e+02 -6.0000e+01 -6.6100e-01
1.6000e+02 -5.0000e+01 4.0487e-01
1.6000e+02 -4.0000e+01 -1.7451e+00
1.6000e+02 -3.0000e+01 -2.4992e-02
1.6000e+02 -2.0000e+01 -1.9057e+00
1.6000e+02 -1.0000e+01 -7.0401e-01
1.6000e+02 0.0000e+00 -6.5293e-01
1.6000e+02 1.0000e+01 -2.2775e+00
1.6000e+02 2.0000e+01 -9.0662e-01
1.6000e+02 3.0000e+01 -2.5490e-01
1.6000e+02 4.0000e+01 -7.7208e-01
1.6000e+02 5.0000e+01 1.3324e-01
1.6000e+02 6.0000e+01 -2.4047e-01
1.6000e+02 7.0000e+01 -1.2061e+00
1.6000e+02 8.0000e+01 -3.8811e-01
1.6000e+02 9.0000e+01 -6.9965e-02
1.6000e+02 1.0000e+02 2.3134e+00
1.6000e+02 1.1000e+02 -8.1686e-02
1.6000e+02 1.2000e+02 1.4615e+00
1.6000e+02 1.3000e+02 -1.5254e+00
1.6000e+02 1.4000e+02 -1.0758e+00
1.6000e+02 1.5000e+02 5.3178e-01
1.6000e+02 1.6000e+02 1.3656e+00
1.6000e+02 1.7000e+02 1.2685e+00
1.6000e+02 1.8000e+02 2.1788e-01
1.6000e+02 1.9000e+02 -1.2012e-01
1.6000e+02 2.0000e+02 9.4149e-01
1.7000e+02 -2.0000e+02 5.6714e-01
1.7000e+02 -1.9000e+02 -1.7918e+00
1.7000e+02 -1.8000e+02 -3.8991e-01
1.7000e+02 -1.7000e+02 -1.7050e+00
1.7000e+02 -1.6000e+02 1.7308e+00
1.7000e+02 -1.5000e+02 -2.1082e-01
1.7000e+02 -1.4000e+02 -1.8971e+00
1.7000e+02 -1.3000e+02 2.2799e+00
1.7000e+02 -1.2000e+02 -1.2716e-01
1.7000e+02 -1.1000e+02 1.3835e+00
1.7000e+02 -1.0000e+02 1.2356e+00
1.7000e+02 -9.0000e+01 -4.9615e-01
1.7000e+02 -8.0000e+01 7.4427e-01
1.7000e+02 -7.0000e+01 -5.6465e-01
1.7000e+02 -6.0000e+01 -1.8024e+00
1.7000e+02 -5.0000e+01 7.9565e-01
1.7000e+02 -4.0000e+01 6.0711e-01
1.7000e+02 -3.0000e+01 -9.5032e-01
1.7000e+02 -2.0000e+01 -1.2067e+00
1.7000e+02 -1.0000e+01 -1.4598e+00
1.7000e+02 0.0000e+00 5.6010e-02
1.7000e+02 1.0000e+01 3.7660e-01
1.7000e+02 2.0000e+01 -4.5224e-01
1.7000e+02 3.0000e+01 2.1037e-01
1.7000e+02 4.0000e+01 -2.1574e-01
1.7000e+02 5.0000e+01 1.5952e-01
1.7000e+02 6.0000e+01 -9.8577e-01
1.7000e+02 7.0000e+01 -3.7751e+00
1.7000e+02 8.0000e+01 -1.4694e+00
1.7000e+02 9.0000e+01 4.5392e-01
1.7000e+02 1.0000e+02 -1.2855e-01
1.7000e+02 1.1000e+02 -2.1711e+00
1.7000e+02 1.2000e+02 3.8390e-01
1.7000e+02 1.3000e+02 -1.2185e-01
1.7000e+02 1.4000e+02 -9.7697e-01
1.7000e+02 1.5000e+02 -7.5522e-01
1.7000e+02 1.6000e+02 1.0268e+00
1.7000e+02 1.7000e+02 2.6414e+00
1.7000e+02 1.8000e+02 -5.1028e-01
1.7000e+02 1.9000e+02 2.6593e-01
1.7000e+02 2.0000e+02 -1.0019e+00
1.8000e+02 -2.0000e+02 -9.0366e-01
1.8000e+02 -1.9000e+02 -1.1635e-01
1.8000e+02 -1.8000e+02 1.4249e+00
1.8000e+02 -1.7000e+02 5.1920e-01
1.8000e+02 -1.6000e+02 1.3362e+00
1.8000e+02 -1.5000e+02 -2.6134e+00
1.8000e+02 -1.4000e+02 -2.5271e-01
1.8000e+02 -1.3000e+02 9.4865e-01
1.8000e+02 -1.2000e+02 3.0773e-01
1.8000e+02 -1.1000e+02 -5.3132e-01
1.8000e+02 -1.0000e+02 -1.9760e+00
1.8000e+02 -9.0000e+01 2.8867e+00
1.8000e+02 -8.0000e+01 5.1083e-01
1.8000e+02 -7.0000e+01 -9.4742e-01
1.8000e+02 -6.0000e+01 -3.2083e+00
1.8000e+02 -5.0000e+01 4.2477e-01
1.8000e+02 -4.0000e+01 6.0255e-01
1.8000e+02 -3.0000e+01 -3.2175e+00
1.8000e+02 -2.0000e+01 2.4490e+00
1.8000e+02 -1.0000e+01 4.1036e-02
1.8000e+02 0.0000e+00 -8.5549e-01
1.8000e+02 1.0000e+01 8.0183e-01
1.8000e+02 2.0000e+01 1.0964e+00
1.8000e+02 3.0000e+01 1.8876e+00
1.8000e+02 4.0000e+01 -7.2195e-01
1.8000e+02 5.0000e+01 -2.6941e+00
1.8000e+02 6.0000e+01 3.7580e-01
1.8000e+02 7.0000e+01 -1.9245e+00
1.8000e+02 8.0000e+01 2.0669e+00
1.8000e+02 9.0000e+01 -9.0541e-01
1.8000e+02 1.0000e+02 -2.9270e-02
1.8000e+02 1.1000e+02 -1.0214e+00
1.8000e+02 1.2000e+02 -2.3501e+00
1.8000e+02 1.3000e+02 9.3839e-01
1.8000e+02 1.4000e+02 -1.4088e+00
1.8000e+02 1.5000e+02 -8.9831e-01
1.8000e+02 1.6000e+02 8.8844e-01
1.8000e+02 1.7000e+02 2.8251e+00
1.8000e+02 1.8000e+02 3.4688e+00
1.8000e+02 1.9000e+02 2.6837e-01
1.8000e+02 2.0000e+02 -7.8394e-01
1.9000e+02 -2.0000e+02 8.0026e-01
1.9000e+02 -1.9000e+02 -4.2615e-01
1.9000e+02 -1.8000e+02 2.4466e+00
1.9000e+02 -1.7000e+02 -1.6460e+00
1.9000e+02 -1.6000e+02 8.4709e-01
1.9000e+02 -1.5000e+02 1.0886e-01
1.9000e+02 -1.4000e+02 -2.9213e-01
1.9000e+02 -1.3000e+02 -3.1751e+00
1.9000e+02 -1.2000e+02 -1.4501e-01
1.9000e+02 -1.1000e+02 1.6688e+00
1.9000e+02 -1.0000e+02 2.2974e-01
1.9000e+02 -9.0000e+01 -2.3085e+00
1.9000e+02 -8.0000e+01 2.5933e+00
1.9000e+02 -7.0000e+01 -2.2002e+00
1.9000e+02 -6.0000e+01 1.3102e+00
1.9000e+02 -5.0000e+01 1.7975e+00
1.9000e+02 -4.0000e+01 7.6702e-01
1.9000e+02 -3.0000e+01 1.2640e+00
1.9000e+02 -2.0000e+01 -2.8407e-01
1.9000e+02 -1.0000e+01 -1.2110e-01
1.9000e+02 0.0000e+00 1.9621e+00
1.9000e+02 1.0000e+01 6.9853e-02
1.9000e+02 2.0000e+01 -3.7309e-01
1.9000e+02 3.0000e+01 2.2801e+00
1.9000e+02 4.0000e+01 -1.1456e-01
1.9000e+02 5.0000e+01 -1.2627e+00
1.9000e+02 6.0000e+01 5.3018e-01
1.9000e+02 7.0000e+01 1.5330e+00
1.9000e+02 8.0000e+01 -1.0802e+00
1.9000e+02 9.0000e+01 -4.4456e-01
1.9000e+02 1.0000e+02 4.1904e+00
1.9000e+02 1.1000e+02 -8.9676e-01
1.9000e+02 1.2000e+02 3.5816e-01
1.9000e+02 1.3000e+02 9.9525e-02
1.9000e+02 1.4000e+02 1.1225e+00
1.9000e+02 1.5000e+02 2.4876e+00
1.9000e+02 1.6000e+02 1.2009e+00
1.9000e+02 1.7000e+02 -8.3620e-01
1.9000e+02 1.8000e+02 -3.4160e+00
1.9000e+02 1.9000e+02 4.7657e-01
1.9000e+02 2.0000e+02 -1.7339e+00
2.0000e+02 -2.0000e+02 5.5587e-01
2.0000e+02 -1.9000e+02 1.5441e+00
2.0000e+02 -1.8000e+02 5.0308e-01
2.0000e+02 -1.7000e+02 1.7211e-01
2.0000e+02 -1.6000e+02 3.4489e+00
2.0000e+02 -1.5000e+02 1.6911e+00
2.0000e+02 -1.4000e+02 6.2158e-01
2.0000e+02 -1.3000e+02 1.4120e+00
2.0000e+02 -1.2000e+02 3.0399e-01
2.0000e+02 -1.1000e+02 -4.7201e-01
2.0000e+02 -1.0000e+02 1.3773e+00
2.0000e+02 -9.0000e+01 -1.1195e+00
2.0000e+02 -8.0000e+01 1.0369e+00
2.0000e+02 -7.0000e+01 2.5001e+00
2.0000e+02 -6.0000e+01 -5.9786e-01
2.0000e+02 -5.0000e+01 2.6293e+00
2.0000e+02 -4.0000e+01 1.3940e+00
2.0000e+02 -3.0000e+01 -2.9087e-01
2.0000e+02 -2.0000e+01 3.9167e+00
2.0000e+02 -1.0000e+01 -2.7627e-01
2.0000e+02 0.0000e+00 1.8410e+00
2.0000e+02 1.0000e+01 7.2854e-01
2.0000e+02 2.0000e+01 8.0222e-01
2.0000e+02 3.0000e+01 -4.4293e-01
2.0000e+02 4.0000e+01 4.2066e-01
2.0000e+02 5.0000e+01 3.5324e-01
2.0000e+02 6.0000e+01 -1.8883e-02
2.0000e+02 7.0000e+01 -1.4296e+00
2.0000e+02 8.0000e+01 6.3080e-01
2.0000e+02 9.0000e+01 3.1269e-01
2.0000e+02 1.0000e+02 -1.7538e+00
2.0000e+02 1.1000e+02 7.3124e-02
2.0000e+02 1.2000e+02 6.6609e-01
2.0000e+02 1.3000e+02 3.8542e-01
2.0000e+02 1.4000e+02 -2.9318e+00
2.0000e+02 1.5000e+02 2.0716e+00
2.0000e+02 1.6000e+02 9.1139e-04
2.0000e+02 1.7000e+02 5.0077e-01
2.0000e+02 1.8000e+02 1.2124e+00
2.0000e+02 1.9000e+02 3.7510e+00
2.0000e+02 2.0000e+02 5.9558e-01
