-2.0000e+02 -2.0000e+02 -1.2704e+00
-2.0000e+02 -1.9000e+02 -5.1393e-01
-2.0000e+02 -1.8000e+02 -2.4268e+00
-2.0000e+02 -1.7000e+02 1.2535e+00
-2.0000e+02 -1.6000e+02 3.0932e-01
-2.0000e+02 -1.5000e+02 1.4857e+00
-2.0000e+02 -1.4000e+02 -1.8282e+00
-2.0000e+02 -1.3000e+02 -1.4661e+00
-2.0000e+02 -1.2000e+02 -8.4367e-01
-2.0000e+02 -1.1000e+02 -2.7844e+00
-2.0000e+02 -1.0000e+02 2.1361e+00
-2.0000e+02 -9.0000e+01 2.0431e+00
-2.0000e+02 -8.0000e+01 -7.2255e-02
-2.0000e+02 -7.0000e+01 -3.3108e+00
-2.0000e+02 -6.0000e+01 -1.5864e+00
-2.0000e+02 -5.0000e+01 -2.8654e-02
-2.0000e+02 -4.0000e+01 -1.6050e+00
-2.0000e+02 -3.0000e+01 6.0614e-01
-2.0000e+02 -2.0000e+01 1.0690e+00
-2.0000e+02 -1.0000e+01 8.3827e-01
-2.0000e+02 0.0000e+00 1.1517e+00
-2.0000e+02 1.0000e+01 -6.1425e-01
-2.0000e+02 2.0000e+01 -5.3458e-01
-2.0000e+02 3.0000e+01 2.2324e-01
-2.0000e+02 4.0000e+01 8.0826e-01
-2.0000e+02 5.0000e+01 -1.3827e+00
-2.0000e+02 6.0000e+01 -1.5418e+00
-2.0000e+02 7.0000e+01 1.8341e+00
-2.0000e+02 8.0000e+01 4.4111e+00
-2.0000e+02 9.0000e+01 -1.9325e+00
-2.0000e+02 1.0000e+02 -2.2866e+00
-2.0000e+02 1.1000e+02 4.4096e-01
-2.0000e+02 1.2000e+02 2.8596e+00
-2.0000e+02 1.3000e+02 -7.9816e-01
-2.0000e+02 1.4000e+02 -2.3735e-01
-2.0000e+02 1.5000e+02 8.2445e-02
-2.0000e+02 1.6000e+02 2.7220e-01
-2.0000e+02 1.7000e+02 -2.9437e+00
-2.0000e+02 1.8000e+02 1.3830e-01
-2.0000e+02 1.9000e+02 -7.1988e-01
-2.0000e+02 2.0000e+02 1.1062e+00
-1.9000e+02 -2.0000e+02 -1.3285e+00
-1.9000e+02 -1.9000e+02 -6.8112e-01
-1.9000e+02 -1.8000e+02 9.6484e-01
-1.9000e+02 -1.7000e+02 1.0627e+00
-1.9000e+02 -1.6000e+02 2.0139e+00
-1.9000e+02 -1.5000e+02 -1.0308e+00
-1.9000e+02 -1.4000e+02 1.3351e+00
-1.9000e+02 -1.3000e+02 7.6581e-01
-1.9000e+02 -1.2000e+02 2.8158e+00
-1.9000e+02 -1.1000e+02 2.6336e-01
-1.9000e+02 -1.0000e+02 -2.0709e+00
-1.9000e+02 -9.0000e+01 -9.9366e-01
-1.9000e+02 -8.0000e+01 2.9861e+00
-1.9000e+02 -7.0000e+01 -9.6402e-01
-1.9000e+02 -6.0000e+01 4.4103e+00
-1.9000e+02 -5.0000e+01 5.8559e-01
-1.9000e+02 -4.0000e+01 2.9634e+00
-1.9000e+02 -3.0000e+01 -1.0011e+00
-1.9000e+02 -2.0000e+01 2.4399e-01
-1.9000e+02 -1.0000e+01 1.3639e+00
-1.9000e+02 0.0000e+00 2.2949e+00
-1.9000e+02 1.0000e+01 -7.2307e-01
-1.9000e+02 2.0000e+01 3.6276e-01
-1.9000e+02 3.0000e+01 1.8910e+00
-1.9000e+02 4.0000e+01 6.0512e-01
-1.9000e+02 5.0000e+01 -4.5299e-01
-1.9000e+02 6.0000e+01 2.0472e+00
-1.9000e+02 7.0000e+01 7.8710e-01
-1.9000e+02 8.0000e+01 -8.6800e-01
-1.9000e+02 9.0000e+01 -1.9770e+00
-1.9000e+02 1.0000e+02 2.4160e+00
-1.9000e+02 1.1000e+02 3.1444e-01
-1.9000e+02 1.2000e+02 1.8399e+00
-1.9000e+02 1.3000e+02 -2.8920e+00
-1.9000e+02 1.4000e+02 7.7706e-02
-1.9000e+02 1.5000e+02 1.7238e+00
-1.9000e+02 1.6000e+02 7.8508e-01
-1.9000e+02 1.7000e+02 -9.4224e-01
-1.9000e+02 1.8000e+02 3.8925e-02
-1.9000e+02 1.9000e+02 -7.0915e-01
-1.9000e+02 2.0000e+02 2.6056e+00
-1.8000e+02 -2.0000e+02 -9.2868e-01
-1.8000e+02 -1.9000e+02 -2.1658e+00
-1.8000e+02 -1.8000e+02 6.9755e-01
-1.8000e+02 -1.7000e+02 1.6756e+00
-1.8000e+02 -1.6000e+02 7.1417e-01
-1.8000e+02 -1.5000e+02 -5.2788e-01
-1.8000e+02 -1.4000e+02 1.0732e+00
-1.8000e+02 -1.3000e+02 1.1771e+00
-1.8000e+02 -1.2000e+02 5.1786e-01
-1.8000e+02 -1.1000e+02 -1.1887e+00
-1.8000e+02 -1.0000e+02 -8.8840e-01
-1.8000e+02 -9.0000e+01 6.0384e-01
-1.8000e+02 -8.0000e+01 3.0666e+00
-1.8000e+02 -7.0000e+01 -8.0143e-01
-1.8000e+02 -6.0000e+01 1.6757e+00
-1.8000e+02 -5.0000e+01 1.5952e+00
-1.8000e+02 -4.0000e+01 2.2738e+00
-1.8000e+02 -3.0000e+01 7.5205e-01
-1.8000e+02 -2.0000e+01 -8.8923e-01
-1.8000e+02 -1.0000e+01 4.9652e-01
-1.8000e+02 0.0000e+00 -1.1618e+00
-1.8000e+02 1.0000e+01 1.0771e+00
-1.8000e+02 2.0000e+01 1.4605e-01
-1.8000e+02 3.0000e+01 7.6128e-01
-1.8000e+02 4.0000e+01 4.3781e-01
-1.8000e+02 5.0000e+01 2.9456e+00
-1.8000e+02 6.0000e+01 -2.0209e+00
-1.8000e+02 7.0000e+01 -2.4940e+00
-1.8000e+02 8.0000e+01 -9.5755e-03
-1.8000e+02 9.0000e+01 2.1225e+00
-1.8000e+02 1.0000e+02 -6.2581e-01
-1.8000e+02 1.1000e+02 -2.2134e+00
-1.8000e+02 1.2000e+02 -5.4315e-02
-1.8000e+02 1.3000e+02 -1.7387e+00
-1.8000e+02 1.4000e+02 -1.1054e-01
-1.8000e+02 1.5000e+02 1.2696e+00
-1.8000e+02 1.6000e+02 -1.8005e+00
-1.8000e+02 1.7000e+02 -3.6560e-01
-1.8000e+02 1.8000e+02 8.3871e-01
-1.8000e+02 1.9000e+02 1.6127e+00
-1.8000e+02 2.0000e+02 -8.4871e-01
-1.7000e+02 -2.0000e+02 -1.4469e+00
-1.7000e+02 -1.9000e+02 -1.0731e+00
-1.7000e+02 -1.8000e+02 2.0496e+00
-1.7000e+02 -1.7000e+02 2.0944e+00
-1.7000e+02 -1.6000e+02 -9.9793e-01
-1.7000e+02 -1.5000e+02 2.7644e-01
-1.7000e+02 -1.4000e+02 -1.3797e+00
-1.7000e+02 -1.3000e+02 1.7710e+00
-1.7000e+02 -1.2000e+02 2.5426e-01
-1.7000e+02 -1.1000e+02 -5.4081e-01
-1.7000e+02 -1.0000e+02 4.4398e-01
-1.7000e+02 -9.0000e+01 9.9088e-01
-1.7000e+02 -8.0000e+01 -7.0739e-01
-1.7000e+02 -7.0000e+01 5.6726e-02
-1.7000e+02 -6.0000e+01 -1.6723e+00
-1.7000e+02 -5.0000e+01 -7.1502e-03
-1.7000e+02 -4.0000e+01 -1.4074e+00
-1.7000e+02 -3.0000e+01 -5.3420e-02
-1.7000e+02 -2.0000e+01 -1.4390e+00
-1.7000e+02 -1.0000e+01 6.6642e-01
-1.7000e+02 0.0000e+00 9.4492e-01
-1.7000e+02 1.0000e+01 -3.6480e-01
-1.7000e+02 2.0000e+01 -1.0489e-01
-1.7000e+02 3.0000e+01 1.1018e+00
-1.7000e+02 4.0000e+01 -9.9707e-01
-1.7000e+02 5.0000e+01 -1.0355e+00
-1.7000e+02 6.0000e+01 -3.6224e-01
-1.7000e+02 7.0000e+01 1.3460e+00
-1.7000e+02 8.0000e+01 -2.2490e+00
-1.7000e+02 9.0000e+01 4.9149e-01
-1.7000e+02 1.0000e+02 -3.9970e-01
-1.7000e+02 1.1000e+02 -2.6748e+00
-1.7000e+02 1.2000e+02 -1.7914e+00
-1.7000e+02 1.3000e+02 -2.0753e+00
-1.7000e+02 1.4000e+02 1.9017e+00
-1.7000e+02 1.5000e+02 -3.4521e-01
-1.7000e+02 1.6000e+02 -1.7554e+00
-1.7000e+02 1.7000e+02 -2.0063e+00
-1.7000e+02 1.8000e+02 1.0747e+00
-1.7000e+02 1.9000e+02 6.3650e-01
-1.7000e+02 2.0000e+02 5.5673e-01
-1.6000e+02 -2.0000e+02 -1.6345e+00
-1.6000e+02 -1.9000e+02 4.0499e-02
-1.6000e+02 -1.8000e+02 -1.7305e+00
-1.6000e+02 -1.7000e+02 -1.5033e+00
-1.6000e+02 -1.6000e+02 1.1213e+00
-1.6000e+02 -1.5000e+02 5.3186e-01
-1.6000e+02 -1.4000e+02 5.1259e-01
-1.6000e+02 -1.3000e+02 2.2090e+00
-1.6000e+02 -1.2000e+02 -2.1984e-01
-1.6000e+02 -1.1000e+02 3.5847e+00
-1.6000e+02 -1.0000e+02 -1.4512e+00
-1.6000e+02 -9.0000e+01 3.9703e-01
-1.6000e+02 -8.0000e+01 2.9270e+00
-1.6000e+02 -7.0000e+01 -5.8228e-01
-1.6000e+02 -6.0000e+01 -1.7424e+00
-1.6000e+02 -5.0000e+01 8.5890e-01
-1.6000e+02 -4.0000e+01 -1.0744e+00
-1.6000e+02 -3.0000e+01 -1.2568e-01
-1.6000e+02 -2.0000e+01 -1.5433e+00
-1.6000e+02 -1.0000e+01 3.4703e-01
-1.6000e+02 0.0000e+00 -2.1158e-01
-1.6000e+02 1.0000e+01 3.0752e-01
-1.6000e+02 2.0000e+01 2.4313e+00
-1.6000e+02 3.0000e+01 1.6999e-01
-1.6000e+02 4.0000e+01 4.5097e-01
-1.6000e+02 5.0000e+01 -2.3944e+00
-1.6000e+02 6.0000e+01 3.9952e-01
-1.6000e+02 7.0000e+01 8.8238e-01
-1.6000e+02 8.0000e+01 -8.0146e-01
-1.6000e+02 9.0000e+01 1.9785e+00
-1.6000e+02 1.0000e+02 6.1772e-01
-1.6000e+02 1.1000e+02 -5.3720e-01
-1.6000e+02 1.2000e+02 -7.1786e-02
-1.6000e+02 1.3000e+02 -8.2657e-01
-1.6000e+02 1.4000e+02 -3.1843e+00
-1.6000e+02 1.5000e+02 3.2671e-01
-1.6000e+02 1.6000e+02 2.0363e+00
-1.6000e+02 1.7000e+02 5.3471e-02
-1.6000e+02 1.8000e+02 2.6480e+00
-1.6000e+02 1.9000e+02 -7.6411e-01
-1.6000e+02 2.0000e+02 7.6497e-01
-1.5000e+02 -2.0000e+02 -1.1625e+00
-1.5000e+02 -1.9000e+02 -1.4823e+00
-1.5000e+02 -1.8000e+02 -4.2925e-02
-1.5000e+02 -1.7000e+02 3.5296e-01
-1.5000e+02 -1.6000e+02 2.4994e+00
-1.5000e+02 -1.5000e+02 6.4010e-01
-1.5000e+02 -1.4000e+02 -1.0232e+00
-1.5000e+02 -1.3000e+02 -9.1706e-01
-1.5000e+02 -1.2000e+02 -1.8365e-01
-1.5000e+02 -1.1000e+02 1.7114e-01
-1.5000e+02 -1.0000e+02 1.7212e+00
-1.5000e+02 -9.0000e+01 1.3416e-01
-1.5000e+02 -8.0000e+01 -1.2758e+00
-1.5000e+02 -7.0000e+01 -6.4986e-04
-1.5000e+02 -6.0000e+01 -3.0535e-01
-1.5000e+02 -5.0000e+01 3.3023e-01
-1.5000e+02 -4.0000e+01 7.1470e-01
-1.5000e+02 -3.0000e+01 1.3173e+00
-1.5000e+02 -2.0000e+01 -1.6943e+00
-1.5000e+02 -1.0000e+01 -2.1889e+00
-1.5000e+02 0.0000e+00 -6.3602e-01
-1.5000e+02 1.0000e+01 1.9481e+00
-1.5000e+02 2.0000e+01 2.6902e-02
-1.5000e+02 3.0000e+01 6.3047e-01
-1.5000e+02 4.0000e+01 1.3776e+00
-1.5000e+02 5.0000e+01 -8.2359e-01
-1.5000e+02 6.0000e+01 1.3580e+00
-1.5000e+02 7.0000e+01 -3.5838e-01
-1.5000e+02 8.0000e+01 4.5993e-01
-1.5000e+02 9.0000e+01 2.4379e-01
-1.5000e+02 1.0000e+02 -1.3543e-01
-1.5000e+02 1.1000e+02 -8.2089e-03
-1.5000e+02 1.2000e+02 -6.4068e-01
-1.5000e+02 1.3000e+02 5.4175e-01
-1.5000e+02 1.4000e+02 -2.4489e+00
-1.5000e+02 1.5000e+02 -9.8076e-01
-1.5000e+02 1.6000e+02 -1.2478e+00
-1.5000e+02 1.7000e+02 -1.9514e-01
-1.5000e+02 1.8000e+02 -6.9894e-01
-1.5000e+02 1.9000e+02 6.8369e-01
-1.5000e+02 2.0000e+02 8.1424e-02
-1.4000e+02 -2.0000e+02 2.4025e+00
-1.4000e+02 -1.9000e+02 2.4476e-01
-1.4000e+02 -1.8000e+02 1.8857e+00
-1.4000e+02 -1.7000e+02 1.5019e-01
-1.4000e+02 -1.6000e+02 1.6432e+00
-1.4000e+02 -1.5000e+02 2.4437e+00
-1.4000e+02 -1.4000e+02 -1.2284e-01
-1.4000e+02 -1.3000e+02 -1.9828e+00
-1.4000e+02 -1.2000e+02 9.2751e-01
-1.4000e+02 -1.1000e+02 1.0659e-01
-1.4000e+02 -1.0000e+02 1.1982e+00
-1.4000e+02 -9.0000e+01 1.0497e+00
-1.4000e+02 -8.0000e+01 -1.1849e+00
-1.4000e+02 -7.0000e+01 1.4256e+00
-1.4000e+02 -6.0000e+01 1.3797e+00
-1.4000e+02 -5.0000e+01 4.2049e-01
-1.4000e+02 -4.0000e+01 -2.7598e-01
-1.4000e+02 -3.0000e+01 -1.0522e-01
-1.4000e+02 -2.0000e+01 4.5260e-01
-1.4000e+02 -1.0000e+01 -3.3141e+00
-1.4000e+02 0.0000e+00 -2.6201e+00
-1.4000e+02 1.0000e+01 5.2248e-01
-1.4000e+02 2.0000e+01 -2.6361e-01
-1.4000e+02 3.0000e+01 -2.3324e+00
-1.4000e+02 4.0000e+01 -3.7691e+00
-1.4000e+02 5.0000e+01 -1.8380e+00
-1.4000e+02 6.0000e+01 2.5557e-01
-1.4000e+02 7.0000e+01 1.1080e+00
-1.4000e+02 8.0000e+01 -3.6986e-01
-1.4000e+02 9.0000e+01 -1.8376e-01
-1.4000e+02 1.0000e+02 -1.2420e+00
-1.4000e+02 1.1000e+02 -4.2052e-01
-1.4000e+02 1.2000e+02 4.5332e+00
-1.4000e+02 1.3000e+02 -7.9038e-01
-1.4000e+02 1.4000e+02 3.1724e-01
-1.4000e+02 1.5000e+02 3.9131e-01
-1.4000e+02 1.6000e+02 2.5807e+00
-1.4000e+02 1.7000e+02 9.3425e-01
-1.4000e+02 1.8000e+02 1.5805e+00
-1.4000e+02 1.9000e+02 -1.5653e-01
-1.4000e+02 2.0000e+02 4.4970e+00
-1.3000e+02 -2.0000e+02 1.9746e+00
-1.3000e+02 -1.9000e+02 5.6758e-01
-1.3000e+02 -1.8000e+02 -2.2706e+00
-1.3000e+02 -1.7000e+02 -2.0175e+00
-1.3000e+02 -1.6000e+02 6.6239e-01
-1.3000e+02 -1.5000e+02 8.3471e-01
-1.3000e+02 -1.4000e+02 -1.7349e+00
-1.3000e+02 -1.3000e+02 -1.0573e+00
-1.3000e+02 -1.2000e+02 -4.5813e-01
-1.3000e+02 -1.1000e+02 2.1845e-01
-1.3000e+02 -1.0000e+02 -5.1996e-01
-1.3000e+02 -9.0000e+01 7.2670e-01
-1.3000e+02 -8.0000e+01 9.7256e-01
-1.3000e+02 -7.0000e+01 7.0149e-01
-1.3000e+02 -6.0000e+01 -1.7512e+00
-1.3000e+02 -5.0000e+01 -2.9973e+00
-1.3000e+02 -4.0000e+01 2.1575e+00
-1.3000e+02 -3.0000e+01 6.0551e-01
-1.3000e+02 -2.0000e+01 2.0203e+00
-1.3000e+02 -1.0000e+01 5.1400e-01
-1.3000e+02 0.0000e+00 -1.1636e+00
-1.3000e+02 1.0000e+01 -8.6743e-01
-1.3000e+02 2.0000e+01 -5.9388e-01
-1.3000e+02 3.0000e+01 -7.0640e-01
-1.3000e+02 4.0000e+01 -6.3951e-01
-1.3000e+02 5.0000e+01 -3.1382e+00
-1.3000e+02 6.0000e+01 -1.6550e+00
-1.3000e+02 7.0000e+01 -2.6396e+00
-1.3000e+02 8.0000e+01 1.3056e+00
-1.3000e+02 9.0000e+01 -1.4555e+00
-1.3000e+02 1.0000e+02 1.1879e+00
-1.3000e+02 1.1000e+02 7.1241e-01
-1.3000e+02 1.2000e+02 -2.5175e+00
-1.3000e+02 1.3000e+02 -2.6310e+00
-1.3000e+02 1.4000e+02 1.2281e+00
-1.3000e+02 1.5000e+02 -3.0460e+00
-1.3000e+02 1.6000e+02 2.8655e-01
-1.3000e+02 1.7000e+02 1.7533e+00
-1.3000e+02 1.8000e+02 2.4181e+00
-1.3000e+02 1.9000e+02 -2.9520e-01
-1.3000e+02 2.0000e+02 2.5447e+00
-1.2000e+02 -2.0000e+02 1.7978e-02
-1.2000e+02 -1.9000e+02 4.2973e-01
-1.2000e+02 -1.8000e+02 -1.7589e+00
-1.2000e+02 -1.7000e+02 -3.1101e-01
-1.2000e+02 -1.6000e+02 -1.2583e+00
-1.2000e+02 -1.5000e+02 2.3861e+00
-1.2000e+02 -1.4000e+02 -3.9491e+00
-1.2000e+02 -1.3000e+02 -8.0218e-01
-1.2000e+02 -1.2000e+02 3.7494e-01
-1.2000e+02 -1.1000e+02 1.3564e+00
-1.2000e+02 -1.0000e+02 9.1615e-01
-1.2000e+02 -9.0000e+01 -2.8717e-02
-1.2000e+02 -8.0000e+01 -3.5248e-01
-1.2000e+02 -7.0000e+01 -3.3749e+00
-1.2000e+02 -6.0000e+01 3.4922e-01
-1.2000e+02 -5.0000e+01 3.9273e-01
-1.2000e+02 -4.0000e+01 -3.0229e+00
-1.2000e+02 -3.0000e+01 -8.3875e-01
-1.2000e+02 -2.0000e+01 -3.6692e-02
-1.2000e+02 -1.0000e+01 -3.9797e+00
-1.2000e+02 0.0000e+00 -1.8781e+00
-1.2000e+02 1.0000e+01 -8.9139e-01
-1.2000e+02 2.0000e+01 -1.5356e+00
-1.2000e+02 3.0000e+01 -1.0355e+00
-1.2000e+02 4.0000e+01 -5.0131e-01
-1.2000e+02 5.0000e+01 -9.1575e-01
-1.2000e+02 6.0000e+01 -1.4715e+00
-1.2000e+02 7.0000e+01 9.3079e-01
-1.2000e+02 8.0000e+01 -1.2195e+00
-1.2000e+02 9.0000e+01 -1.8220e+00
-1.2000e+02 1.0000e+02 -1.1673e+00
-1.2000e+02 1.1000e+02 1.4485e+00
-1.2000e+02 1.2000e+02 -4.5815e-01
-1.2000e+02 1.3000e+02 -1.9133e+00
-1.2000e+02 1.4000e+02 2.1612e+00
-1.2000e+02 1.5000e+02 1.0282e+00
-1.2000e+02 1.6000e+02 1.9535e-01
-1.2000e+02 1.7000e+02 1.1874e+00
-1.2000e+02 1.8000e+02 -4.1903e-01
-1.2000e+02 1.9000e+02 -2.0185e-01
-1.2000e+02 2.0000e+02 1.1811e+00
-1.1000e+02 -2.0000e+02 -4.0726e-01
-1.1000e+02 -1.9000e+02 -1.7035e-01
-1.1000e+02 -1.8000e+02 6.9677e-01
-1.1000e+02 -1.7000e+02 2.0725e+00
-1.1000e+02 -1.6000e+02 -1.9625e+00
-1.1000e+02 -1.5000e+02 6.3861e-01
-1.1000e+02 -1.4000e+02 2.0208e-01
-1.1000e+02 -1.3000e+02 -2.8794e+00
-1.1000e+02 -1.2000e+02 -8.7310e-01
-1.1000e+02 -1.1000e+02 -1.0465e+00
-1.1000e+02 -1.0000e+02 -2.0602e+00
-1.1000e+02 -9.0000e+01 -1.2607e+00
-1.1000e+02 -8.0000e+01 -8.0938e-01
-1.1000e+02 -7.0000e+01 4.9297e-01
-1.1000e+02 -6.0000e+01 -3.3353e+00
-1.1000e+02 -5.0000e+01 -2.9155e+00
-1.1000e+02 -4.0000e+01 -1.6476e+00
-1.1000e+02 -3.0000e+01 -3.1131e+00
-1.1000e+02 -2.0000e+01 -5.9225e+00
-1.1000e+02 -1.0000e+01 -7.0662e-01
-1.1000e+02 0.0000e+00 1.3629e+00
-1.1000e+02 1.0000e+01 -8.6825e-01
-1.1000e+02 2.0000e+01 -3.3380e+00
-1.1000e+02 3.0000e+01 -4.6021e+00
-1.1000e+02 4.0000e+01 -8.6776e-01
-1.1000e+02 5.0000e+01 -1.5465e+00
-1.1000e+02 6.0000e+01 -1.5088e+00
-1.1000e+02 7.0000e+01 -1.3784e+00
-1.1000e+02 8.0000e+01 -2.1219e+00
-1.1000e+02 9.0000e+01 -1.4548e+00
-1.1000e+02 1.0000e+02 -2.2806e+00
-1.1000e+02 1.1000e+02 -2.8637e-01
-1.1000e+02 1.2000e+02 1.1846e+00
-1.1000e+02 1.3000e+02 -6.0540e-01
-1.1000e+02 1.4000e+02 -8.8138e-01
-1.1000e+02 1.5000e+02 -7.7748e-01
-1.1000e+02 1.6000e+02 -7.1136e-02
-1.1000e+02 1.7000e+02 8.3454e-01
-1.1000e+02 1.8000e+02 3.8150e+00
-1.1000e+02 1.9000e+02 1.5890e+00
-1.1000e+02 2.0000e+02 -2.7322e+00
-1.0000e+02 -2.0000e+02 4.4023e-01
-1.0000e+02 -1.9000e+02 1.0168e+00
-1.0000e+02 -1.8000e+02 -5.4847e-01
-1.0000e+02 -1.7000e+02 -6.6029e-02
-1.0000e+02 -1.6000e+02 3.5702e+00
-1.0000e+02 -1.5000e+02 8.1297e-01
-1.0000e+02 -1.4000e+02 -1.6031e+00
-1.0000e+02 -1.3000e+02 1.0841e+00
-1.0000e+02 -1.2000e+02 1.9496e-01
-1.0000e+02 -1.1000e+02 -1.4938e+00
-1.0000e+02 -1.0000e+02 -2.0733e+00
-1.0000e+02 -9.0000e+01 -1.6512e+00
-1.0000e+02 -8.0000e+01 -9.6739e-01
-1.0000e+02 -7.0000e+01 -3.1389e+00
-1.0000e+02 -6.0000e+01 -4.2125e+00
-1.0000e+02 -5.0000e+01 -4.5335e+00
-1.0000e+02 -4.0000e+01 -2.1542e+00
-1.0000e+02 -3.0000e+01 -2.2736e+00
-1.0000e+02 -2.0000e+01 -4.8526e+00
-1.0000e+02 -1.0000e+01 -5.1134e+00
-1.0000e+02 0.0000e+00 -1.5096e+00
-1.0000e+02 1.0000e+01 -2.2510e+00
-1.0000e+02 2.0000e+01 -3.5183e+00
-1.0000e+02 3.0000e+01 -3.3713e+00
-1.0000e+02 4.0000e+01 -1.6131e+00
-1.0000e+02 5.0000e+01 -3.6385e+00
-1.0000e+02 6.0000e+01 -9.0122e-01
-1.0000e+02 7.0000e+01 5.8854e-01
-1.0000e+02 8.0000e+01 -2.9395e-01
-1.0000e+02 9.0000e+01 3.1933e-01
-1.0000e+02 1.0000e+02 2.1002e-01
-1.0000e+02 1.1000e+02 -2.8471e-01
-1.0000e+02 1.2000e+02 1.1946e+00
-1.0000e+02 1.3000e+02 -4.4260e-01
-1.0000e+02 1.4000e+02 1.3360e+00
-1.0000e+02 1.5000e+02 2.0266e+00
-1.0000e+02 1.6000e+02 -1.6115e+00
-1.0000e+02 1.7000e+02 2.3839e+00
-1.0000e+02 1.8000e+02 -4.5570e-01
-1.0000e+02 1.9000e+02 8.2872e-01
-1.0000e+02 2.0000e+02 -1.6309e+00
-9.0000e+01 -2.0000e+02 -8.8730e-02
-9.0000e+01 -1.9000e+02 -5.5733e-01
-9.0000e+01 -1.8000e+02 -8.9567e-01
-9.0000e+01 -1.7000e+02 -1.0172e+00
-9.0000e+01 -1.6000e+02 -2.5617e-01
-9.0000e+01 -1.5000e+02 -2.2967e+00
-9.0000e+01 -1.4000e+02 4.3827e+00
-9.0000e+01 -1.3000e+02 3.7416e+00
-9.0000e+01 -1.2000e+02 2.0097e+00
-9.0000e+01 -1.1000e+02 -1.2999e+00
-9.0000e+01 -1.0000e+02 1.5073e+00
-9.0000e+01 -9.0000e+01 -1.2670e+00
-9.0000e+01 -8.0000e+01 1.1872e+00
-9.0000e+01 -7.0000e+01 -2.9073e+00
-9.0000e+01 -6.0000e+01 -3.3324e-01
-9.0000e+01 -5.0000e+01 -4.4925e+00
-9.0000e+01 -4.0000e+01 -3.2884e+00
-9.0000e+01 -3.0000e+01 -3.3441e+00
-9.0000e+01 -2.0000e+01 -5.7556e+00
-9.0000e+01 -1.0000e+01 -3.7157e+00
-9.0000e+01 0.0000e+00 -4.2442e+00
-9.0000e+01 1.0000e+01 4.9989e-01
-9.0000e+01 2.0000e+01 -5.1481e+00
-9.0000e+01 3.0000e+01 -6.1641e+00
-9.0000e+01 4.0000e+01 -4.2481e+00
-9.0000e+01 5.0000e+01 -1.1532e+00
-9.0000e+01 6.0000e+01 1.6749e+00
-9.0000e+01 7.0000e+01 -3.6800e+00
-9.0000e+01 8.0000e+01 -6.5310e-01
-9.0000e+01 9.0000e+01 -3.3942e+00
-9.0000e+01 1.0000e+02 -2.6958e+00
-9.0000e+01 1.1000e+02 -1.1970e+00
-9.0000e+01 1.2000e+02 -8.3317e-01
-9.0000e+01 1.3000e+02 -3.8261e+00
-9.0000e+01 1.4000e+02 9.0207e-01
-9.0000e+01 1.5000e+02 -2.3463e+00
-9.0000e+01 1.6000e+02 -1.9467e-01
-9.0000e+01 1.7000e+02 -1.2168e+00
-9.0000e+01 1.8000e+02 -3.4794e-01
-9.0000e+01 1.9000e+02 -6.1588e-01
-9.0000e+01 2.0000e+02 1.7570e+00
-8.0000e+01 -2.0000e+02 1.8825e+00
-8.0000e+01 -1.9000e+02 -2.8704e+00
-8.0000e+01 -1.8000e+02 -1.1316e-01
-8.0000e+01 -1.7000e+02 2.6444e+00
-8.0000e+01 -1.6000e+02 9.8233e-01
-8.0000e+01 -1.5000e+02 -6.9330e-01
-8.0000e+01 -1.4000e+02 -5.7786e-01
-8.0000e+01 -1.3000e+02 -2.4787e+00
-8.0000e+01 -1.2000e+02 5.5629e-01
-8.0000e+01 -1.1000e+02 -1.0013e+00
-8.0000e+01 -1.0000e+02 -1.1478e+00
-8.0000e+01 -9.0000e+01 -3.7845e+00
-8.0000e+01 -8.0000e+01 -1.9470e+00
-8.0000e+01 -7.0000e+01 -3.0201e+00
-8.0000e+01 -6.0000e+01 -1.4133e+00
-8.0000e+01 -5.0000e+01 -5.2183e+00
-8.0000e+01 -4.0000e+01 -3.5709e+00
-8.0000e+01 -3.0000e+01 -2.9522e+00
-8.0000e+01 -2.0000e+01 -4.5130e+00
-8.0000e+01 -1.0000e+01 -5.1071e+00
-8.0000e+01 0.0000e+00 -8.3364e+00
-8.0000e+01 1.0000e+01 -2.5372e+00
-8.0000e+01 2.0000e+01 -3.6838e+00
-8.0000e+01 3.0000e+01 -2.6233e+00
-8.0000e+01 4.0000e+01 -4.7306e+00
-8.0000e+01 5.0000e+01 -2.6026e-01
-8.0000e+01 6.0000e+01 1.2356e+00
-8.0000e+01 7.0000e+01 -1.4296e+00
-8.0000e+01 8.0000e+01 -8.5048e-01
-8.0000e+01 9.0000e+01 -2.8715e+00
-8.0000e+01 1.0000e+02 -5.7190e-01
-8.0000e+01 1.1000e+02 -1.4898e-01
-8.0000e+01 1.2000e+02 -2.2871e+00
-8.0000e+01 1.3000e+02 1.8098e+00
-8.0000e+01 1.4000e+02 -2.4305e-01
-8.0000e+01 1.5000e+02 4.5880e-01
-8.0000e+01 1.6000e+02 9.7063e-01
-8.0000e+01 1.7000e+02 -1.7544e+00
-8.0000e+01 1.8000e+02 1.5637e-01
-8.0000e+01 1.9000e+02 -9.2319e-01
-8.0000e+01 2.0000e+02 -2.1673e+00
-7.0000e+01 -2.0000e+02 9.6877e-01
-7.0000e+01 -1.9000e+02 6.6093e-01
-7.0000e+01 -1.8000e+02 -1.6655e+00
-7.0000e+01 -1.7000e+02 -2.8099e-01
-7.0000e+01 -1.6000e+02 1.5357e+00
-7.0000e+01 -1.5000e+02 -4.8605e-01
-7.0000e+01 -1.4000e+02 -1.1175e+00
-7.0000e+01 -1.3000e+02 -2.4709e+00
-7.0000e+01 -1.2000e+02 -5.1843e-01
-7.0000e+01 -1.1000e+02 -6.8752e-01
-7.0000e+01 -1.0000e+02 -1.5613e+00
-7.0000e+01 -9.0000e+01 -2.6726e-01
-7.0000e+01 -8.0000e+01 -2.8335e+00
-7.0000e+01 -7.0000e+01 -1.1079e+00
-7.0000e+01 -6.0000e+01 -6.9099e+00
-7.0000e+01 -5.0000e+01 -3.7216e+00
-7.0000e+01 -4.0000e+01 -8.3580e+00
-7.0000e+01 -3.0000e+01 -4.1806e+00
-7.0000e+01 -2.0000e+01 -5.8927e+00
-7.0000e+01 -1.0000e+01 -7.5586e+00
-7.0000e+01 0.0000e+00 -6.0874e+00
-7.0000e+01 1.0000e+01 -6.3527e+00
-7.0000e+01 2.0000e+01 -7.8352e+00
-7.0000e+01 3.0000e+01 -5.1102e+00
-7.0000e+01 4.0000e+01 -6.0683e+00
-7.0000e+01 5.0000e+01 -3.1089e+00
-7.0000e+01 6.0000e+01 -4.9076e+00
-7.0000e+01 7.0000e+01 -4.3682e+00
-7.0000e+01 8.0000e+01 -5.1413e+00
-7.0000e+01 9.0000e+01 -6.6667e-01
-7.0000e+01 1.0000e+02 -2.8016e-02
-7.0000e+01 1.1000e+02 -1.6417e+00
-7.0000e+01 1.2000e+02 -2.2127e+00
-7.0000e+01 1.3000e+02 -8.2596e-01
-7.0000e+01 1.4000e+02 -5.6432e-02
-7.0000e+01 1.5000e+02 -8.2061e-01
-7.0000e+01 1.6000e+02 8.8930e-01
-7.0000e+01 1.7000e+02 5.2522e-01
-7.0000e+01 1.8000e+02 2.7371e+00
-7.0000e+01 1.9000e+02 -3.1887e-01
-7.0000e+01 2.0000e+02 -1.5607e+00
-6.0000e+01 -2.0000e+02 -2.3586e+00
-6.0000e+01 -1.9000e+02 1.1983e+00
-6.0000e+01 -1.8000e+02 1.8833e+00
-6.0000e+01 -1.7000e+02 1.2095e-01
-6.0000e+01 -1.6000e+02 -1.7696e+00
-6.0000e+01 -1.5000e+02 -3.2185e+00
-6.0000e+01 -1.4000e+02 1.6718e+00
-6.0000e+01 -1.3000e+02 2.0075e+00
-6.0000e+01 -1.2000e+02 -2.8225e+00
-6.0000e+01 -1.1000e+02 1.8942e+00
-6.0000e+01 -1.0000e+02 1.0278e+00
-6.0000e+01 -9.0000e+01 -3.9734e+00
-6.0000e+01 -8.0000e+01 -1.2306e+00
-6.0000e+01 -7.0000e+01 -4.6357e+00
-6.0000e+01 -6.0000e+01 -3.6978e+00
-6.0000e+01 -5.0000e+01 -6.9758e+00
-6.0000e+01 -4.0000e+01 -8.6353e+00
-6.0000e+01 -3.0000e+01 -8.3602e+00
-6.0000e+01 -2.0000e+01 -6.7686e+00
-6.0000e+01 -1.0000e+01 -9.7706e+00
-6.0000e+01 0.0000e+00 -7.1504e+00
-6.0000e+01 1.0000e+01 -7.5157e+00
-6.0000e+01 2.0000e+01 -8.5976e+00
-6.0000e+01 3.0000e+01 -8.2784e+00
-6.0000e+01 4.0000e+01 -5.7096e+00
-6.0000e+01 5.0000e+01 -7.2800e+00
-6.0000e+01 6.0000e+01 -4.7948e+00
-6.0000e+01 7.0000e+01 -6.3018e+00
-6.0000e+01 8.0000e+01 -3.6691e+00
-6.0000e+01 9.0000e+01 -2.0046e-01
-6.0000e+01 1.0000e+02 -3.3368e+00
-6.0000e+01 1.1000e+02 -1.1949e-01
-6.0000e+01 1.2000e+02 6.2020e-01
-6.0000e+01 1.3000e+02 1.7695e-01
-6.0000e+01 1.4000e+02 5.4715e-01
-6.0000e+01 1.5000e+02 -8.0742e-01
-6.0000e+01 1.6000e+02 -2.5395e-01
-6.0000e+01 1.7000e+02 1.5336e-01
-6.0000e+01 1.8000e+02 -9.6273e-01
-6.0000e+01 1.9000e+02 2.1097e+00
-6.0000e+01 2.0000e+02 4.1360e-01
-5.0000e+01 -2.0000e+02 -3.7017e-01
-5.0000e+01 -1.9000e+02 -1.4405e+00
-5.0000e+01 -1.8000e+02 3.6592e+00
-5.0000e+01 -1.7000e+02 -5.8789e-01
-5.0000e+01 -1.6000e+02 -2.2749e+00
-5.0000e+01 -1.5000e+02 -3.4622e+00
-5.0000e+01 -1.4000e+02 -2.3261e+00
-5.0000e+01 -1.3000e+02 9.2114e-01
-5.0000e+01 -1.2000e+02 -4.0301e-01
-5.0000e+01 -1.1000e+02 -2.8733e+00
-5.0000e+01 -1.0000e+02 -4.6113e+00
-5.0000e+01 -9.0000e+01 8.5479e-01
-5.0000e+01 -8.0000e+01 -3.6423e+00
-5.0000e+01 -7.0000e+01 -2.4891e+00
-5.0000e+01 -6.0000e+01 -5.8099e+00
-5.0000e+01 -5.0000e+01 -7.0974e+00
-5.0000e+01 -4.0000e+01 -8.5326e+00
-5.0000e+01 -3.0000e+01 -8.1529e+00
-5.0000e+01 -2.0000e+01 -1.0973e+01
-5.0000e+01 -1.0000e+01 -5.6904e+00
-5.0000e+01 0.0000e+00 -8.9767e+00
-5.0000e+01 1.0000e+01 -9.2464e+00
-5.0000e+01 2.0000e+01 -1.0081e+01
-5.0000e+01 3.0000e+01 -9.2105e+00
-5.0000e+01 4.0000e+01 -4.6249e+00
-5.0000e+01 5.0000e+01 -8.0824e+00
-5.0000e+01 6.0000e+01 -8.0595e+00
-5.0000e+01 7.0000e+01 -6.0820e+00
-5.0000e+01 8.0000e+01 -4.0622e+00
-5.0000e+01 9.0000e+01 -3.2365e+00
-5.0000e+01 1.0000e+02 -5.1316e-01
-5.0000e+01 1.1000e+02 -1.8686e+00
-5.0000e+01 1.2000e+02 -1.1594e+00
-5.0000e+01 1.3000e+02 -3.2421e-01
-5.0000e+01 1.4000e+02 2.8945e+00
-5.0000e+01 1.5000e+02 -1.2923e+00
-5.0000e+01 1.6000e+02 -1.1517e-01
-5.0000e+01 1.7000e+02 -1.1988e-02
-5.0000e+01 1.8000e+02 -1.0822e+00
-5.0000e+01 1.9000e+02 1.8683e+00
-5.0000e+01 2.0000e+02 -9.6290e-01
-4.0000e+01 -2.0000e+02 1.3169e-02
-4.0000e+01 -1.9000e+02 -4.4230e-01
-4.0000e+01 -1.8000e+02 -1.1604e+00
-4.0000e+01 -1.7000e+02 2.5536e+00
-4.0000e+01 -1.6000e+02 -1.6479e+00
-4.0000e+01 -1.5000e+02 5.9297e-01
-4.0000e+01 -1.4000e+02 1.2195e-01
-4.0000e+01 -1.3000e+02 4.0571e-01
-4.0000e+01 -1.2000e+02 -1.0016e+00
-4.0000e+01 -1.1000e+02 -1.5401e+00
-4.0000e+01 -1.0000e+02 -2.1148e+00
-4.0000e+01 -9.0000e+01 -6.2300e+00
-4.0000e+01 -8.0000e+01 -4.6893e+00
-4.0000e+01 -7.0000e+01 -8.4449e+00
-4.0000e+01 -6.0000e+01 -6.5116e+00
-4.0000e+01 -5.0000e+01 -1.0443e+01
-4.0000e+01 -4.0000e+01 -1.1766e+01
-4.0000e+01 -3.0000e+01 -1.2254e+01
-4.0000e+01 -2.0000e+01 -1.0341e+01
-4.0000e+01 -1.0000e+01 -1.1956e+01
-4.0000e+01 0.0000e+00 -1.0226e+01
-4.0000e+01 1.0000e+01 -1.2343e+01
-4.0000e+01 2.0000e+01 -1.0431e+01
-4.0000e+01 3.0000e+01 -9.7443e+00
-4.0000e+01 4.0000e+01 -8.4693e+00
-4.0000e+01 5.0000e+01 -8.1608e+00
-4.0000e+01 6.0000e+01 -4.9931e+00
-4.0000e+01 7.0000e+01 -6.4535e+00
-4.0000e+01 8.0000e+01 -3.3958e+00
-4.0000e+01 9.0000e+01 6.3659e-01
-4.0000e+01 1.0000e+02 -4.5793e+00
-4.0000e+01 1.1000e+02 -2.5463e-01
-4.0000e+01 1.2000e+02 -1.5553e+00
-4.0000e+01 1.3000e+02 1.3360e+00
-4.0000e+01 1.4000e+02 1.4474e-01
-4.0000e+01 1.5000e+02 -2.1740e+00
-4.0000e+01 1.6000e+02 -1.1024e-01
-4.0000e+01 1.7000e+02 1.0151e+00
-4.0000e+01 1.8000e+02 -4.6809e-01
-4.0000e+01 1.9000e+02 -7.5115e-01
-4.0000e+01 2.0000e+02 -1.3376e+00
-3.0000e+01 -2.0000e+02 6.4122e-01
-3.0000e+01 -1.9000e+02 -1.6096e+00
-3.0000e+01 -1.8000e+02 7.2636e-01
-3.0000e+01 -1.7000e+02 -6.7807e-01
-3.0000e+01 -1.6000e+02 -9.3741e-01
-3.0000e+01 -1.5000e+02 -8.3323e-01
-3.0000e+01 -1.4000e+02 6.7378e-02
-3.0000e+01 -1.3000e+02 -2.6490e+00
-3.0000e+01 -1.2000e+02 -3.2834e+00
-3.0000e+01 -1.1000e+02 -2.4323e+00
-3.0000e+01 -1.0000e+02 -2.0908e+00
-3.0000e+01 -9.0000e+01 -3.4624e+00
-3.0000e+01 -8.0000e+01 -4.4366e+00
-3.0000e+01 -7.0000e+01 -3.9158e+00
-3.0000e+01 -6.0000e+01 -7.7582e+00
-3.0000e+01 -5.0000e+01 -1.0016e+01
-3.0000e+01 -4.0000e+01 -8.8957e+00
-3.0000e+01 -3.0000e+01 -8.2017e+00
-3.0000e+01 -2.0000e+01 -1.1286e+01
-3.0000e+01 -1.0000e+01 -1.2280e+01
-3.0000e+01 0.0000e+00 -1.3829e+01
-3.0000e+01 1.0000e+01 -1.1246e+01
-3.0000e+01 2.0000e+01 -1.4063e+01
-3.0000e+01 3.0000e+01 -1.0111e+01
-3.0000e+01 4.0000e+01 -9.8864e+00
-3.0000e+01 5.0000e+01 -9.2104e+00
-3.0000e+01 6.0000e+01 -9.3524e+00
-3.0000e+01 7.0000e+01 -5.1631e+00
-3.0000e+01 8.0000e+01 -2.9874e+00
-3.0000e+01 9.0000e+01 -1.4853e+00
-3.0000e+01 1.0000e+02 -3.5553e+00
-3.0000e+01 1.1000e+02 -3.9401e+00
-3.0000e+01 1.2000e+02 -1.9657e+00
-3.0000e+01 1.3000e+02 5.9114e-01
-3.0000e+01 1.4000e+02 -1.5259e+00
-3.0000e+01 1.5000e+02 1.4964e+00
-3.0000e+01 1.6000e+02 -9.7655e-01
-3.0000e+01 1.7000e+02 -1.4290e+00
-3.0000e+01 1.8000e+02 5.7877e-01
-3.0000e+01 1.9000e+02 -6.2344e-01
-3.0000e+01 2.0000e+02 -4.5031e-01
-2.0000e+01 -2.0000e+02 1.1738e+00
-2.0000e+01 -1.9000e+02 -1.7065e-01
-2.0000e+01 -1.8000e+02 -2.1828e+00
-2.0000e+01 -1.7000e+02 -1.0752e+00
-2.0000e+01 -1.6000e+02 1.9047e+00
-2.0000e+01 -1.5000e+02 -1.2636e+00
-2.0000e+01 -1.4000e+02 -3.1521e+00
-2.0000e+01 -1.3000e+02 -2.2849e+00
-2.0000e+01 -1.2000e+02 -2.7817e+00
-2.0000e+01 -1.1000e+02 -2.5068e+00
-2.0000e+01 -1.0000e+02 -7.9519e-01
-2.0000e+01 -9.0000e+01 -6.7297e+00
-2.0000e+01 -8.0000e+01 -3.8990e+00
-2.0000e+01 -7.0000e+01 -5.6665e+00
-2.0000e+01 -6.0000e+01 -4.2053e+00
-2.0000e+01 -5.0000e+01 -9.0525e+00
-2.0000e+01 -4.0000e+01 -1.3502e+01
-2.0000e+01 -3.0000e+01 -1.2519e+01
-2.0000e+01 -2.0000e+01 -1.3542e+01
-2.0000e+01 -1.0000e+01 -1.3475e+01
-2.0000e+01 0.0000e+00 -1.3050e+01
-2.0000e+01 1.0000e+01 -1.1894e+01
-2.0000e+01 2.0000e+01 -1.0859e+01
-2.0000e+01 3.0000e+01 -1.3577e+01
-2.0000e+01 4.0000e+01 -9.3422e+00
-2.0000e+01 5.0000e+01 -1.0775e+01
-2.0000e+01 6.0000e+01 -8.1833e+00
-2.0000e+01 7.0000e+01 -6.2483e+00
-2.0000e+01 8.0000e+01 -1.6703e+00
-2.0000e+01 9.0000e+01 -2.5438e+00
-2.0000e+01 1.0000e+02 -6.2823e+00
-2.0000e+01 1.1000e+02 -3.8430e+00
-2.0000e+01 1.2000e+02 1.9418e+00
-2.0000e+01 1.3000e+02 -8.1560e-01
-2.0000e+01 1.4000e+02 -1.0254e+00
-2.0000e+01 1.5000e+02 -1.5131e-01
-2.0000e+01 1.6000e+02 -5.0776e-01
-2.0000e+01 1.7000e+02 3.7589e-01
-2.0000e+01 1.8000e+02 -2.2023e-01
-2.0000e+01 1.9000e+02 -1.1293e+00
-2.0000e+01 2.0000e+02 1.2591e-01
-1.0000e+01 -2.0000e+02 -5.0093e-02
-1.0000e+01 -1.9000e+02 -6.7241e-01
-1.0000e+01 -1.8000e+02 8.8223e-01
-1.0000e+01 -1.7000e+02 -3.2741e+00
-1.0000e+01 -1.6000e+02 1.0623e+00
-1.0000e+01 -1.5000e+02 -1.1752e-01
-1.0000e+01 -1.4000e+02 -1.5159e+00
-1.0000e+01 -1.3000e+02 2.7609e-01
-1.0000e+01 -1.2000e+02 -2.0841e+00
-1.0000e+01 -1.1000e+02 -2.2735e+00
-1.0000e+01 -1.0000e+02 -1.4544e+00
-1.0000e+01 -9.0000e+01 -2.8729e+00
-1.0000e+01 -8.0000e+01 -5.1247e+00
-1.0000e+01 -7.0000e+01 -5.3974e+00
-1.0000e+01 -6.0000e+01 -8.2540e+00
-1.0000e+01 -5.0000e+01 -1.1392e+01
-1.0000e+01 -4.0000e+01 -1.3577e+01
-1.0000e+01 -3.0000e+01 -1.2276e+01
-1.0000e+01 -2.0000e+01 -1.3581e+01
-1.0000e+01 -1.0000e+01 -1.3293e+01
-1.0000e+01 0.0000e+00 -1.5523e+01
-1.0000e+01 1.0000e+01 -1.3948e+01
-1.0000e+01 2.0000e+01 -1.3404e+01
-1.0000e+01 3.0000e+01 -1.5713e+01
-1.0000e+01 4.0000e+01 -1.0333e+01
-1.0000e+01 5.0000e+01 -1.0137e+01
-1.0000e+01 6.0000e+01 -1.0827e+01
-1.0000e+01 7.0000e+01 -5.8680e+00
-1.0000e+01 8.0000e+01 -6.4978e+00
-1.0000e+01 9.0000e+01 -2.3761e+00
-1.0000e+01 1.0000e+02 -6.8060e+00
-1.0000e+01 1.1000e+02 -3.5152e+00
-1.0000e+01 1.2000e+02 -2.4158e+00
-1.0000e+01 1.3000e+02 -1.9262e+00
-1.0000e+01 1.4000e+02 -3.6373e+00
-1.0000e+01 1.5000e+02 -1.5928e+00
-1.0000e+01 1.6000e+02 -3.5792e+00
-1.0000e+01 1.7000e+02 -5.7192e-01
-1.0000e+01 1.8000e+02 -1.0277e+00
-1.0000e+01 1.9000e+02 -1.1203e+00
-1.0000e+01 2.0000e+02 -1.2415e-01
0.0000e+00 -2.0000e+02 -8.3694e-01
0.0000e+00 -1.9000e+02 -5.1609e-01
0.0000e+00 -1.8000e+02 -1.5938e+00
0.0000e+00 -1.7000e+02 -5.2177e-01
0.0000e+00 -1.6000e+02 1.3017e+00
0.0000e+00 -1.5000e+02 -8.6717e-01
0.0000e+00 -1.4000e+02 -6.8839e-01
0.0000e+00 -1.3000e+02 -3.1552e+00
0.0000e+00 -1.2000e+02 -1.6673e+00
0.0000e+00 -1.1000e+02 -7.1106e-01
0.0000e+00 -1.0000e+02 -3.1028e+00
0.0000e+00 -9.0000e+01 -5.4966e+00
0.0000e+00 -8.0000e+01 -4.8404e+00
0.0000e+00 -7.0000e+01 -6.5627e+00
0.0000e+00 -6.0000e+01 -8.2156e+00
0.0000e+00 -5.0000e+01 -1.1204e+01
0.0000e+00 -4.0000e+01 -1.1700e+01
0.0000e+00 -3.0000e+01 -1.3091e+01
0.0000e+00 -2.0000e+01 -1.7732e+01
0.0000e+00 -1.0000e+01 -1.4471e+01
0.0000e+00 0.0000e+00 -1.6912e+01
0.0000e+00 1.0000e+01 -1.2100e+01
0.0000e+00 2.0000e+01 -1.2672e+01
0.0000e+00 3.0000e+01 -1.2884e+01
0.0000e+00 4.0000e+01 -1.3936e+01
0.0000e+00 5.0000e+01 -1.3223e+01
0.0000e+00 6.0000e+01 -6.7827e+00
0.0000e+00 7.0000e+01 -8.0740e+00
0.0000e+00 8.0000e+01 -3.5246e+00
0.0000e+00 9.0000e+01 -5.1131e+00
0.0000e+00 1.0000e+02 -2.4548e+00
0.0000e+00 1.1000e+02 -1.1947e+00
0.0000e+00 1.2000e+02 -1.9621e+00
0.0000e+00 1.3000e+02 -4.2817e-01
0.0000e+00 1.4000e+02 1.1468e+00
0.0000e+00 1.5000e+02 1.3417e+00
0.0000e+00 1.6000e+02 -3.0901e-01
0.0000e+00 1.7000e+02 -8.3335e-02
0.0000e+00 1.8000e+02 -2.1419e+00
0.0000e+00 1.9000e+02 -2.3341e+00
0.0000e+00 2.0000e+02 -3.7344e+00
1.0000e+01 -2.0000e+02 2.9953e+00
1.0000e+01 -1.9000e+02 1.1494e+00
1.0000e+01 -1.8000e+02 -1.9051e+00
1.0000e+01 -1.7000e+02 7.1091e-01
1.0000e+01 -1.6000e+02 3.8375e-01
1.0000e+01 -1.5000e+02 2.6897e+00
1.0000e+01 -1.4000e+02 -7.2624e-01
1.0000e+01 -1.3000e+02 2.1478e+00
1.0000e+01 -1.2000e+02 -4.0218e-01
1.0000e+01 -1.1000e+02 -3.7403e+00
1.0000e+01 -1.0000e+02 -2.5849e-01
1.0000e+01 -9.0000e+01 -4.9227e+00
1.0000e+01 -8.0000e+01 -6.3552e+00
1.0000e+01 -7.0000e+01 -6.2627e+00
1.0000e+01 -6.0000e+01 -4.8980e+00
1.0000e+01 -5.0000e+01 -1.1607e+01
1.0000e+01 -4.0000e+01 -1.2536e+01
1.0000e+01 -3.0000e+01 -1.3258e+01
1.0000e+01 -2.0000e+01 -1.4382e+01
1.0000e+01 -1.0000e+01 -1.4149e+01
1.0000e+01 0.0000e+00 -1.4856e+01
1.0000e+01 1.0000e+01 -1.5162e+01
1.0000e+01 2.0000e+01 -1.3889e+01
1.0000e+01 3.0000e+01 -1.4796e+01
1.0000e+01 4.0000e+01 -1.2877e+01
1.0000e+01 5.0000e+01 -5.9019e+00
1.0000e+01 6.0000e+01 -6.5686e+00
1.0000e+01 7.0000e+01 -5.3585e+00
1.0000e+01 8.0000e+01 -9.7492e+00
1.0000e+01 9.0000e+01 -4.5033e+00
1.0000e+01 1.0000e+02 -3.1456e+00
1.0000e+01 1.1000e+02 -6.2947e+00
1.0000e+01 1.2000e+02 -4.6966e-01
1.0000e+01 1.3000e+02 -1.0059e+00
1.0000e+01 1.4000e+02 -3.2326e+00
1.0000e+01 1.5000e+02 -1.8044e+00
1.0000e+01 1.6000e+02 -6.9748e-01
1.0000e+01 1.7000e+02 -2.3675e+00
1.0000e+01 1.8000e+02 -7.4769e-01
1.0000e+01 1.9000e+02 3.1099e+00
1.0000e+01 2.0000e+02 -5.5664e-01
2.0000e+01 -2.0000e+02 -8.2497e-01
2.0000e+01 -1.9000e+02 -4.5891e-02
2.0000e+01 -1.8000e+02 -3.9975e-01
2.0000e+01 -1.7000e+02 -1.3126e+00
2.0000e+01 -1.6000e+02 -2.3959e+00
2.0000e+01 -1.5000e+02 -2.0357e+00
2.0000e+01 -1.4000e+02 -2.1188e+00
2.0000e+01 -1.3000e+02 -1.5219e+00
2.0000e+01 -1.2000e+02 -8.6567e-01
2.0000e+01 -1.1000e+02 -2.9877e+00
2.0000e+01 -1.0000e+02 -1.4376e+00
2.0000e+01 -9.0000e+01 -4.4646e+00
2.0000e+01 -8.0000e+01 -4.2897e+00
2.0000e+01 -7.0000e+01 -6.4783e+00
2.0000e+01 -6.0000e+01 -9.3761e+00
2.0000e+01 -5.0000e+01 -1.0984e+01
2.0000e+01 -4.0000e+01 -1.1130e+01
2.0000e+01 -3.0000e+01 -9.2850e+00
2.0000e+01 -2.0000e+01 -1.4338e+01
2.0000e+01 -1.0000e+01 -1.4641e+01
2.0000e+01 0.0000e+00 -1.4515e+01
2.0000e+01 1.0000e+01 -1.4004e+01
2.0000e+01 2.0000e+01 -1.3811e+01
2.0000e+01 3.0000e+01 -1.2460e+01
2.0000e+01 4.0000e+01 -1.2158e+01
2.0000e+01 5.0000e+01 -1.1397e+01
2.0000e+01 6.0000e+01 -9.7250e+00
2.0000e+01 7.0000e+01 -8.2365e+00
2.0000e+01 8.0000e+01 -5.4593e+00
2.0000e+01 9.0000e+01 -5.5098e+00
2.0000e+01 1.0000e+02 -2.8946e+00
2.0000e+01 1.1000e+02 -3.6769e+00
2.0000e+01 1.2000e+02 -2.0695e-01
2.0000e+01 1.3000e+02 1.2711e+00
2.0000e+01 1.4000e+02 -1.4626e+00
2.0000e+01 1.5000e+02 -3.0683e+00
2.0000e+01 1.6000e+02 7.1609e-01
2.0000e+01 1.7000e+02 1.8236e+00
2.0000e+01 1.8000e+02 -7.8557e-01
2.0000e+01 1.9000e+02 1.9685e+00
2.0000e+01 2.0000e+02 8.8059e-01
3.0000e+01 -2.0000e+02 -4.3268e-01
3.0000e+01 -1.9000e+02 1.9433e-01
3.0000e+01 -1.8000e+02 1.0774e+00
3.0000e+01 -1.7000e+02 6.0442e-01
3.0000e+01 -1.6000e+02 8.0268e-01
3.0000e+01 -1.5000e+02 1.2510e+00
3.0000e+01 -1.4000e+02 -2.2513e+00
3.0000e+01 -1.3000e+02 -6.6477e-01
3.0000e+01 -1.2000e+02 -8.3864e-01
3.0000e+01 -1.1000e+02 -3.2604e+00
3.0000e+01 -1.0000e+02 -3.4059e+00
3.0000e+01 -9.0000e+01 -5.0671e+00
3.0000e+01 -8.0000e+01 -5.8820e+00
3.0000e+01 -7.0000e+01 -6.2180e+00
3.0000e+01 -6.0000e+01 -6.8629e+00
3.0000e+01 -5.0000e+01 -9.7463e+00
3.0000e+01 -4.0000e+01 -9.2675e+00
3.0000e+01 -3.0000e+01 -1.3809e+01
3.0000e+01 -2.0000e+01 -1.5014e+01
3.0000e+01 -1.0000e+01 -1.0315e+01
3.0000e+01 0.0000e+00 -1.5450e+01
3.0000e+01 1.0000e+01 -1.3827e+01
3.0000e+01 2.0000e+01 -1.2962e+01
3.0000e+01 3.0000e+01 -8.9523e+00
3.0000e+01 4.0000e+01 -9.2146e+00
3.0000e+01 5.0000e+01 -1.0314e+01
3.0000e+01 6.0000e+01 -6.6130e+00
3.0000e+01 7.0000e+01 -5.9434e+00
3.0000e+01 8.0000e+01 -4.9680e+00
3.0000e+01 9.0000e+01 -1.5772e+00
3.0000e+01 1.0000e+02 -2.5168e+00
3.0000e+01 1.1000e+02 -5.7581e-01
3.0000e+01 1.2000e+02 -1.0140e+00
3.0000e+01 1.3000e+02 -1.3917e-01
3.0000e+01 1.4000e+02 -1.2019e+00
3.0000e+01 1.5000e+02 -9.8570e-01
3.0000e+01 1.6000e+02 2.2357e-01
3.0000e+01 1.7000e+02 1.8422e+00
3.0000e+01 1.8000e+02 -1.2136e+00
3.0000e+01 1.9000e+02 -9.7791e-01
3.0000e+01 2.0000e+02 5.7947e-01
4.0000e+01 -2.0000e+02 8.9548e-01
4.0000e+01 -1.9000e+02 -4.7661e-01
4.0000e+01 -1.8000e+02 -3.0786e+00
4.0000e+01 -1.7000e+02 -1.2610e+00
4.0000e+01 -1.6000e+02 1.8325e+00
4.0000e+01 -1.5000e+02 8.2149e-01
4.0000e+01 -1.4000e+02 -1.8598e+00
4.0000e+01 -1.3000e+02 -2.8130e-01
4.0000e+01 -1.2000e+02 -3.9682e+00
4.0000e+01 -1.1000e+02 -2.4586e+00
4.0000e+01 -1.0000e+02 -4.5927e+00
4.0000e+01 -9.0000e+01 -1.9537e+00
4.0000e+01 -8.0000e+01 -4.1473e+00
4.0000e+01 -7.0000e+01 -6.2794e+00
4.0000e+01 -6.0000e+01 -5.7969e+00
4.0000e+01 -5.0000e+01 -6.9125e+00
4.0000e+01 -4.0000e+01 -8.5093e+00
4.0000e+01 -3.0000e+01 -9.3704e+00
4.0000e+01 -2.0000e+01 -1.0419e+01
4.0000e+01 -1.0000e+01 -1.1676e+01
4.0000e+01 0.0000e+00 -1.5620e+01
4.0000e+01 1.0000e+01 -8.5300e+00
4.0000e+01 2.0000e+01 -1.0866e+01
4.0000e+01 3.0000e+01 -9.2380e+00
4.0000e+01 4.0000e+01 -1.1380e+01
4.0000e+01 5.0000e+01 -5.1277e+00
4.0000e+01 6.0000e+01 -6.5676e+00
4.0000e+01 7.0000e+01 -3.9418e+00
4.0000e+01 8.0000e+01 -3.6726e+00
4.0000e+01 9.0000e+01 -1.9356e+00
4.0000e+01 1.0000e+02 -4.5928e+00
4.0000e+01 1.1000e+02 -1.3111e+00
4.0000e+01 1.2000e+02 1.1553e-01
4.0000e+01 1.3000e+02 1.4859e+00
4.0000e+01 1.4000e+02 -1.7900e+00
4.0000e+01 1.5000e+02 -1.9034e+00
4.0000e+01 1.6000e+02 -8.4129e-01
4.0000e+01 1.7000e+02 -1.3424e-01
4.0000e+01 1.8000e+02 -2.4642e-01
4.0000e+01 1.9000e+02 -2.7788e+00
4.0000e+01 2.0000e+02 1.2197e+00
5.0000e+01 -2.0000e+02 7.2507e-02
5.0000e+01 -1.9000e+02 8.7156e-01
5.0000e+01 -1.8000e+02 -3.4338e-01
5.0000e+01 -1.7000e+02 1.7696e-01
5.0000e+01 -1.6000e+02 5.0682e-01
5.0000e+01 -1.5000e+02 2.6923e+00
5.0000e+01 -1.4000e+02 -1.4441e+00
5.0000e+01 -1.3000e+02 -3.1004e-01
5.0000e+01 -1.2000e+02 2.2772e-01
5.0000e+01 -1.1000e+02 -3.2431e-01
5.0000e+01 -1.0000e+02 -2.1504e+00
5.0000e+01 -9.0000e+01 -1.8460e+00
5.0000e+01 -8.0000e+01 -2.3446e+00
5.0000e+01 -7.0000e+01 -8.7284e+00
5.0000e+01 -6.0000e+01 -6.2478e+00
5.0000e+01 -5.0000e+01 -6.7262e+00
5.0000e+01 -4.0000e+01 -8.6966e+00
5.0000e+01 -3.0000e+01 -6.9578e+00
5.0000e+01 -2.0000e+01 -8.3153e+00
5.0000e+01 -1.0000e+01 -1.1150e+01
5.0000e+01 0.0000e+00 -6.5374e+00
5.0000e+01 1.0000e+01 -8.5474e+00
5.0000e+01 2.0000e+01 -9.9302e+00
5.0000e+01 3.0000e+01 -1.0596e+01
5.0000e+01 4.0000e+01 -5.5931e+00
5.0000e+01 5.0000e+01 -6.8474e+00
5.0000e+01 6.0000e+01 -3.3410e+00
5.0000e+01 7.0000e+01 -6.7012e+00
5.0000e+01 8.0000e+01 -2.9950e+00
5.0000e+01 9.0000e+01 -3.3076e+00
5.0000e+01 1.0000e+02 -2.8011e-01
5.0000e+01 1.1000e+02 -3.3102e+00
5.0000e+01 1.2000e+02 -2.3927e+00
5.0000e+01 1.3000e+02 -5.2144e-01
5.0000e+01 1.4000e+02 3.2009e+00
5.0000e+01 1.5000e+02 -1.3008e+00
5.0000e+01 1.6000e+02 1.9372e-01
5.0000e+01 1.7000e+02 5.1838e-02
5.0000e+01 1.8000e+02 -3.2513e-01
5.0000e+01 1.9000e+02 -2.2446e+00
5.0000e+01 2.0000e+02 -9.0721e-01
6.0000e+01 -2.0000e+02 7.8115e-01
6.0000e+01 -1.9000e+02 2.4840e-01
6.0000e+01 -1.8000e+02 1.2072e+00
6.0000e+01 -1.7000e+02 3.5315e+00
6.0000e+01 -1.6000e+02 -4.5156e-01
6.0000e+01 -1.5000e+02 1.0430e+00
6.0000e+01 -1.4000e+02 -1.9739e+00
6.0000e+01 -1.3000e+02 4.5854e-01
6.0000e+01 -1.2000e+02 2.3171e+00
6.0000e+01 -1.1000e+02 -2.5301e+00
6.0000e+01 -1.0000e+02 -1.5575e+00
6.0000e+01 -9.0000e+01 -2.8839e+00
6.0000e+01 -8.0000e+01 -4.4049e+00
6.0000e+01 -7.0000e+01 -6.6175e+00
6.0000e+01 -6.0000e+01 -4.4791e+00
6.0000e+01 -5.0000e+01 -8.4459e+00
6.0000e+01 -4.0000e+01 -5.1585e+00
6.0000e+01 -3.0000e+01 -7.1333e+00
6.0000e+01 -2.0000e+01 -9.0625e+00
6.0000e+01 -1.0000e+01 -8.3911e+00
6.0000e+01 0.0000e+00 -9.0581e+00
6.0000e+01 1.0000e+01 -6.8127e+00
6.0000e+01 2.0000e+01 -7.5190e+00
6.0000e+01 3.0000e+01 -6.9269e+00
6.0000e+01 4.0000e+01 -5.6260e+00
6.0000e+01 5.0000e+01 -7.9095e+00
6.0000e+01 6.0000e+01 -3.0637e+00
6.0000e+01 7.0000e+01 -2.7523e+00
6.0000e+01 8.0000e+01 -1.3606e+00
6.0000e+01 9.0000e+01 -2.6198e+00
6.0000e+01 1.0000e+02 -1.7127e+00
6.0000e+01 1.1000e+02 -2.0555e+00
6.0000e+01 1.2000e+02 -1.0072e-01
6.0000e+01 1.3000e+02 -2.3203e+00
6.0000e+01 1.4000e+02 -2.8649e-01
6.0000e+01 1.5000e+02 -4.7638e-01
6.0000e+01 1.6000e+02 -8.4347e-03
6.0000e+01 1.7000e+02 4.1588e-02
6.0000e+01 1.8000e+02 1.2676e-01
6.0000e+01 1.9000e+02 -2.6634e+00
6.0000e+01 2.0000e+02 1.2663e+00
7.0000e+01 -2.0000e+02 -3.9760e-02
7.0000e+01 -1.9000e+02 2.4359e-01
7.0000e+01 -1.8000e+02 -2.3294e+00
7.0000e+01 -1.7000e+02 1.5284e+00
7.0000e+01 -1.6000e+02 -3.8058e-01
7.0000e+01 -1.5000e+02 9.0907e-01
7.0000e+01 -1.4000e+02 4.9242e-01
7.0000e+01 -1.3000e+02 -2.0345e+00
7.0000e+01 -1.2000e+02 -3.4442e+00
7.0000e+01 -1.1000e+02 3.0793e-02
7.0000e+01 -1.0000e+02 -1.5727e+00
7.0000e+01 -9.0000e+01 -2.6483e+00
7.0000e+01 -8.0000e+01 -4.2279e+00
7.0000e+01 -7.0000e+01 -4.7696e+00
7.0000e+01 -6.0000e+01 -3.1419e+00
7.0000e+01 -5.0000e+01 -4.8656e+00
7.0000e+01 -4.0000e+01 -5.7678e+00
7.0000e+01 -3.0000e+01 -6.8204e+00
7.0000e+01 -2.0000e+01 -5.8289e+00
7.0000e+01 -1.0000e+01 -5.9177e+00
7.0000e+01 0.0000e+00 -9.5277e+00
7.0000e+01 1.0000e+01 -9.4925e+00
7.0000e+01 2.0000e+01 -5.6172e+00
7.0000e+01 3.0000e+01 -6.8214e+00
7.0000e+01 4.0000e+01 -6.9534e+00
7.0000e+01 5.0000e+01 -5.3439e+00
7.0000e+01 6.0000e+01 -4.2851e+00
7.0000e+01 7.0000e+01 -2.9921e+00
7.0000e+01 8.0000e+01 -1.3057e+00
7.0000e+01 9.0000e+01 -1.0800e+00
7.0000e+01 1.0000e+02 -8.8786e-01
7.0000e+01 1.1000e+02 -2.3992e+00
7.0000e+01 1.2000e+02 -1.3353e+00
7.0000e+01 1.3000e+02 -1.2500e+00
7.0000e+01 1.4000e+02 -2.0325e-01
7.0000e+01 1.5000e+02 -2.8939e-01
7.0000e+01 1.6000e+02 3.2462e+00
7.0000e+01 1.7000e+02 2.5459e+00
7.0000e+01 1.8000e+02 4.0734e-01
7.0000e+01 1.9000e+02 1.0260e+00
7.0000e+01 2.0000e+02 2.0848e+00
8.0000e+01 -2.0000e+02 -4.7748e-01
8.0000e+01 -1.9000e+02 8.2886e-01
8.0000e+01 -1.8000e+02 4.5681e-01
8.0000e+01 -1.7000e+02 6.5625e-01
8.0000e+01 -1.6000e+02 -5.1088e-01
8.0000e+01 -1.5000e+02 -9.1637e-01
8.0000e+01 -1.4000e+02 -6.1951e-01
8.0000e+01 -1.3000e+02 1.7344e+00
8.0000e+01 -1.2000e+02 -2.8399e-01
8.0000e+01 -1.1000e+02 2.4727e+00
8.0000e+01 -1.0000e+02 -9.4355e-01
8.0000e+01 -9.0000e+01 -2.5280e+00
8.0000e+01 -8.0000e+01 -3.6138e-01
8.0000e+01 -7.0000e+01 -3.8837e+00
8.0000e+01 -6.0000e+01 -3.8774e+00
8.0000e+01 -5.0000e+01 -3.5119e+00
8.0000e+01 -4.0000e+01 -5.4718e+00
8.0000e+01 -3.0000e+01 -4.8784e+00
8.0000e+01 -2.0000e+01 -7.0456e+00
8.0000e+01 -1.0000e+01 -3.2914e+00
8.0000e+01 0.0000e+00 -6.7695e+00
8.0000e+01 1.0000e+01 -8.7920e+00
8.0000e+01 2.0000e+01 -5.7026e+00
8.0000e+01 3.0000e+01 -7.0787e+00
8.0000e+01 4.0000e+01 -6.6057e+00
8.0000e+01 5.0000e+01 -3.6947e+00
8.0000e+01 6.0000e+01 -3.1421e+00
8.0000e+01 7.0000e+01 -3.7024e+00
8.0000e+01 8.0000e+01 -4.7930e+00
8.0000e+01 9.0000e+01 -1.7614e+00
8.0000e+01 1.0000e+02 4.3374e+00
8.0000e+01 1.1000e+02 1.7720e+00
8.0000e+01 1.2000e+02 9.9744e-01
8.0000e+01 1.3000e+02 1.5276e-02
8.0000e+01 1.4000e+02 2.4901e+00
8.0000e+01 1.5000e+02 9.4848e-01
8.0000e+01 1.6000e+02 2.4304e+00
8.0000e+01 1.7000e+02 1.6384e+00
8.0000e+01 1.8000e+02 2.8801e+00
8.0000e+01 1.9000e+02 1.6145e+00
8.0000e+01 2.0000e+02 -2.3679e+00
9.0000e+01 -2.0000e+02 1.0179e+00
9.0000e+01 -1.9000e+02 -1.7918e+00
9.0000e+01 -1.8000e+02 -3.0598e+00
9.0000e+01 -1.7000e+02 1.6714e+00
9.0000e+01 -1.6000e+02 5.8140e-01
9.0000e+01 -1.5000e+02 2.1282e+00
9.0000e+01 -1.4000e+02 2.9238e+00
9.0000e+01 -1.3000e+02 4.5850e-01
9.0000e+01 -1.2000e+02 -1.2928e+00
9.0000e+01 -1.1000e+02 -2.1557e+00
9.0000e+01 -1.0000e+02 -4.4165e-01
9.0000e+01 -9.0000e+01 2.7366e+00
9.0000e+01 -8.0000e+01 -1.2220e+00
9.0000e+01 -7.0000e+01 -1.7835e+00
9.0000e+01 -6.0000e+01 5.8629e-03
9.0000e+01 -5.0000e+01 -2.6718e+00
9.0000e+01 -4.0000e+01 -3.9989e+00
9.0000e+01 -3.0000e+01 -2.4412e+00
9.0000e+01 -2.0000e+01 -3.3012e+00
9.0000e+01 -1.0000e+01 -4.1562e+00
9.0000e+01 0.0000e+00 -3.4291e+00
9.0000e+01 1.0000e+01 -2.0964e+00
9.0000e+01 2.0000e+01 -4.1153e+00
9.0000e+01 3.0000e+01 -5.7098e+00
9.0000e+01 4.0000e+01 -2.5637e+00
9.0000e+01 5.0000e+01 -5.4600e+00
9.0000e+01 6.0000e+01 -3.6817e+00
9.0000e+01 7.0000e+01 6.2317e-01
9.0000e+01 8.0000e+01 -2.5180e+00
9.0000e+01 9.0000e+01 -2.4443e+00
9.0000e+01 1.0000e+02 5.4693e-01
9.0000e+01 1.1000e+02 -2.7683e+00
9.0000e+01 1.2000e+02 -3.1573e+00
9.0000e+01 1.3000e+02 -7.5792e-01
9.0000e+01 1.4000e+02 -4.8567e-02
9.0000e+01 1.5000e+02 -1.7504e+00
9.0000e+01 1.6000e+02 1.0876e-01
9.0000e+01 1.7000e+02 -6.3910e-01
9.0000e+01 1.8000e+02 1.2233e+00
9.0000e+01 1.9000e+02 -2.2567e+00
9.0000e+01 2.0000e+02 5.1818e-01
1.0000e+02 -2.0000e+02 3.3189e+00
1.0000e+02 -1.9000e+02 1.5653e+00
1.0000e+02 -1.8000e+02 -1.8826e+00
1.0000e+02 -1.7000e+02 -2.8848e-01
1.0000e+02 -1.6000e+02 -9.9680e-01
1.0000e+02 -1.5000e+02 -1.7871e+00
1.0000e+02 -1.4000e+02 6.4229e-01
1.0000e+02 -1.3000e+02 -2.3014e+00
1.0000e+02 -1.2000e+02 -3.7926e-01
1.0000e+02 -1.1000e+02 2.0707e+00
1.0000e+02 -1.0000e+02 -6.3209e-01
1.0000e+02 -9.0000e+01 2.4411e-01
1.0000e+02 -8.0000e+01 -1.4862e+00
1.0000e+02 -7.0000e+01 -1.8425e+00
1.0000e+02 -6.0000e+01 1.0766e+00
1.0000e+02 -5.0000e+01 -3.6370e+00
1.0000e+02 -4.0000e+01 -3.6369e+00
1.0000e+02 -3.0000e+01 -5.6575e+00
1.0000e+02 -2.0000e+01 -2.5332e+00
1.0000e+02 -1.0000e+01 -6.9209e+00
1.0000e+02 0.0000e+00 -3.3962e+00
1.0000e+02 1.0000e+01 -4.1383e+00
1.0000e+02 2.0000e+01 -3.5676e+00
1.0000e+02 3.0000e+01 -1.2034e+00
1.0000e+02 4.0000e+01 -2.4180e+00
1.0000e+02 5.0000e+01 -2.8535e+00
1.0000e+02 6.0000e+01 5.1783e-01
1.0000e+02 7.0000e+01 -1.2604e+00
1.0000e+02 8.0000e+01 -3.8553e+00
1.0000e+02 9.0000e+01 1.0760e-01
1.0000e+02 1.0000e+02 -2.2678e+00
1.0000e+02 1.1000e+02 1.6963e-01
1.0000e+02 1.2000e+02 -4.0290e+00
1.0000e+02 1.3000e+02 -1.3239e-01
1.0000e+02 1.4000e+02 2.6562e+00
1.0000e+02 1.5000e+02 -3.8046e-01
1.0000e+02 1.6000e+02 -2.7456e+00
1.0000e+02 1.7000e+02 1.4215e+00
1.0000e+02 1.8000e+02 -9.4972e-01
1.0000e+02 1.9000e+02 -4.3853e+00
1.0000e+02 2.0000e+02 1.3854e+00
1.1000e+02 -2.0000e+02 1.4281e+00
1.1000e+02 -1.9000e+02 1.2095e-01
1.1000e+02 -1.8000e+02 -2.1000e+00
1.1000e+02 -1.7000e+02 -1.2639e+00
1.1000e+02 -1.6000e+02 2.6359e+00
1.1000e+02 -1.5000e+02 1.0924e+00
1.1000e+02 -1.4000e+02 -1.0772e+00
1.1000e+02 -1.3000e+02 -2.0184e+00
1.1000e+02 -1.2000e+02 -4.0052e+00
1.1000e+02 -1.1000e+02 -1.1523e+00
1.1000e+02 -1.0000e+02 -1.9484e+00
1.1000e+02 -9.0000e+01 -1.3432e+00
1.1000e+02 -8.0000e+01 -2.0222e+00
1.1000e+02 -7.0000e+01 -2.1917e+00
1.1000e+02 -6.0000e+01 -3.4693e+00
1.1000e+02 -5.0000e+01 -1.4751e+00
1.1000e+02 -4.0000e+01 -1.8507e+00
1.1000e+02 -3.0000e+01 -1.6088e+00
1.1000e+02 -2.0000e+01 -2.0831e+00
1.1000e+02 -1.0000e+01 -1.3012e+00
1.1000e+02 0.0000e+00 -1.6866e+00
1.1000e+02 1.0000e+01 4.5769e-01
1.1000e+02 2.0000e+01 -1.3385e+00
1.1000e+02 3.0000e+01 -1.6260e-01
1.1000e+02 4.0000e+01 -1.4975e+00
1.1000e+02 5.0000e+01 -1.0631e-01
1.1000e+02 6.0000e+01 -3.0021e+00
1.1000e+02 7.0000e+01 -8.8786e-01
1.1000e+02 8.0000e+01 -6.9432e-01
1.1000e+02 9.0000e+01 1.4782e+00
1.1000e+02 1.0000e+02 -2.5051e+00
1.1000e+02 1.1000e+02 8.6141e-01
1.1000e+02 1.2000e+02 2.3980e-01
1.1000e+02 1.3000e+02 -1.5821e+00
1.1000e+02 1.4000e+02 8.0017e-01
1.1000e+02 1.5000e+02 1.5468e+00
1.1000e+02 1.6000e+02 -1.5909e+00
1.1000e+02 1.7000e+02 -2.0313e-01
1.1000e+02 1.8000e+02 3.3977e-01
1.1000e+02 1.9000e+02 2.9673e+00
1.1000e+02 2.0000e+02 1.0579e+00
1.2000e+02 -2.0000e+02 -1.1750e+00
1.2000e+02 -1.9000e+02 1.0673e+00
1.2000e+02 -1.8000e+02 1.8101e+00
1.2000e+02 -1.7000e+02 1.2430e+00
1.2000e+02 -1.6000e+02 2.3260e+00
1.2000e+02 -1.5000e+02 1.6179e+00
1.2000e+02 -1.4000e+02 -2.3204e+00
1.2000e+02 -1.3000e+02 2.3287e-01
1.2000e+02 -1.2000e+02 1.9871e-01
1.2000e+02 -1.1000e+02 4.0324e-01
1.2000e+02 -1.0000e+02 1.1194e+00
1.2000e+02 -9.0000e+01 -1.1851e+00
1.2000e+02 -8.0000e+01 -2.0877e+00
1.2000e+02 -7.0000e+01 -9.7676e-01
1.2000e+02 -6.0000e+01 6.4353e-02
1.2000e+02 -5.0000e+01 -1.2811e+00
1.2000e+02 -4.0000e+01 1.0700e+00
1.2000e+02 -3.0000e+01 -1.7578e+00
1.2000e+02 -2.0000e+01 -2.9540e+00
1.2000e+02 -1.0000e+01 -2.5368e+00
1.2000e+02 0.0000e+00 -4.7938e+00
1.2000e+02 1.0000e+01 -5.0983e-01
1.2000e+02 2.0000e+01 -4.6564e-01
1.2000e+02 3.0000e+01 -1.0118e+00
1.2000e+02 4.0000e+01 -3.6046e+00
1.2000e+02 5.0000e+01 -2.7898e+00
1.2000e+02 6.0000e+01 -1.5038e+00
1.2000e+02 7.0000e+01 -3.3822e+00
1.2000e+02 8.0000e+01 -1.1990e+00
1.2000e+02 9.0000e+01 1.3524e+00
1.2000e+02 1.0000e+02 -1.1137e-01
1.2000e+02 1.1000e+02 4.2323e-01
1.2000e+02 1.2000e+02 -2.3726e+00
1.2000e+02 1.3000e+02 -7.1881e-01
1.2000e+02 1.4000e+02 1.0436e+00
1.2000e+02 1.5000e+02 8.9267e-01
1.2000e+02 1.6000e+02 7.9655e-01
1.2000e+02 1.7000e+02 -1.4358e+00
1.2000e+02 1.8000e+02 -1.9152e+00
1.2000e+02 1.9000e+02 -4.2600e-01
1.2000e+02 2.0000e+02 2.1537e+00
1.3000e+02 -2.0000e+02 -2.4389e-01
1.3000e+02 -1.9000e+02 -1.6708e-01
1.3000e+02 -1.8000e+02 2.8744e+00
1.3000e+02 -1.7000e+02 -8.2497e-01
1.3000e+02 -1.6000e+02 -1.2329e+00
1.3000e+02 -1.5000e+02 7.1235e-01
1.3000e+02 -1.4000e+02 2.1579e+00
1.3000e+02 -1.3000e+02 1.6311e+00
1.3000e+02 -1.2000e+02 -3.8775e+00
1.3000e+02 -1.1000e+02 2.9215e-01
1.3000e+02 -1.0000e+02 -2.7038e+00
1.3000e+02 -9.0000e+01 5.3610e-01
1.3000e+02 -8.0000e+01 2.1591e+00
1.3000e+02 -7.0000e+01 -1.5826e+00
1.3000e+02 -6.0000e+01 -1.6520e+00
1.3000e+02 -5.0000e+01 1.9910e-01
1.3000e+02 -4.0000e+01 -2.0926e+00
1.3000e+02 -3.0000e+01 -6.2544e-01
1.3000e+02 -2.0000e+01 4.6497e-01
1.3000e+02 -1.0000e+01 1.9446e+00
1.3000e+02 0.0000e+00 -2.2280e-01
1.3000e+02 1.0000e+01 8.4521e-01
1.3000e+02 2.0000e+01 7.5523e-01
1.3000e+02 3.0000e+01 8.7987e-01
1.3000e+02 4.0000e+01 -1.9884e-01
1.3000e+02 5.0000e+01 -1.7107e+00
1.3000e+02 6.0000e+01 -6.4715e-01
1.3000e+02 7.0000e+01 -1.3526e+00
1.3000e+02 8.0000e+01 -1.5318e+00
1.3000e+02 9.0000e+01 1.8774e+00
1.3000e+02 1.0000e+02 -1.3861e+00
1.3000e+02 1.1000e+02 -2.4354e-02
1.3000e+02 1.2000e+02 2.7475e+00
1.3000e+02 1.3000e+02 -9.3381e-01
1.3000e+02 1.4000e+02 1.2817e+00
1.3000e+02 1.5000e+02 3.6409e-03
1.3000e+02 1.6000e+02 1.2461e+00
1.3000e+02 1.7000e+02 -3.7147e-01
1.3000e+02 1.8000e+02 -2.0070e+00
1.3000e+02 1.9000e+02 9.4439e-01
1.3000e+02 2.0000e+02 -1.5761e+00
1.4000e+02 -2.0000e+02 -3.4974e-03
1.4000e+02 -1.9000e+02 1.6537e+00
1.4000e+02 -1.8000e+02 7.6981e-01
1.4000e+02 -1.7000e+02 -2.0760e+00
1.4000e+02 -1.6000e+02 2.8680e+00
1.4000e+02 -1.5000e+02 -1.0802e+00
1.4000e+02 -1.4000e+02 1.7321e-01
1.4000e+02 -1.3000e+02 1.7421e+00
1.4000e+02 -1.2000e+02 3.4579e-01
1.4000e+02 -1.1000e+02 -6.8363e-01
1.4000e+02 -1.0000e+02 -1.2564e+00
1.4000e+02 -9.0000e+01 -1.8734e-03
1.4000e+02 -8.0000e+01 -5.2361e-01
1.4000e+02 -7.0000e+01 1.0689e-01
1.4000e+02 -6.0000e+01 5.7531e-01
1.4000e+02 -5.0000e+01 1.5561e+00
1.4000e+02 -4.0000e+01 -9.2595e-01
1.4000e+02 -3.0000e+01 1.5310e-01
1.4000e+02 -2.0000e+01 -1.0249e+00
1.4000e+02 -1.0000e+01 -1.6969e+00
1.4000e+02 0.0000e+00 -1.7875e+00
1.4000e+02 1.0000e+01 -3.8240e-01
1.4000e+02 2.0000e+01 2.5932e-01
1.4000e+02 3.0000e+01 -1.3152e+00
1.4000e+02 4.0000e+01 8.5464e-01
1.4000e+02 5.0000e+01 -2.0963e+00
1.4000e+02 6.0000e+01 9.6109e-01
1.4000e+02 7.0000e+01 2.1084e+00
1.4000e+02 8.0000e+01 -1.3553e+00
1.4000e+02 9.0000e+01 9.2145e-01
1.4000e+02 1.0000e+02 -1.1348e+00
1.4000e+02 1.1000e+02 1.4905e+00
1.4000e+02 1.2000e+02 -3.0202e+00
1.4000e+02 1.3000e+02 -2.8275e+00
1.4000e+02 1.4000e+02 -9.8397e-01
1.4000e+02 1.5000e+02 2.2785e+00
1.4000e+02 1.6000e+02 -3.1958e-01
1.4000e+02 1.7000e+02 8.5593e-01
1.4000e+02 1.8000e+02 -9.5743e-01
1.4000e+02 1.9000e+02 -3.0031e-02
1.4000e+02 2.0000e+02 8.6269e-01
1.5000e+02 -2.0000e+02 4.9092e-01
1.5000e+02 -1.9000e+02 -2.9702e+00
1.5000e+02 -1.8000e+02 1.6424e-01
1.5000e+02 -1.7000e+02 -1.1843e+00
1.5000e+02 -1.6000e+02 -2.2343e+00
1.5000e+02 -1.5000e+02 -1.1616e+00
1.5000e+02 -1.4000e+02 -1.3423e-01
1.5000e+02 -1.3000e+02 1.0449e-01
1.5000e+02 -1.2000e+02 -1.5465e-01
1.5000e+02 -1.1000e+02 3.4705e-01
1.5000e+02 -1.0000e+02 -3.3716e-01
1.5000e+02 -9.0000e+01 1.4564e+00
1.5000e+02 -8.0000e+01 5.3310e-01
1.5000e+02 -7.0000e+01 -4.8768e-01
1.5000e+02 -6.0000e+01 -1.0143e+00
1.5000e+02 -5.0000e+01 -5.4920e-01
1.5000e+02 -4.0000e+01 1.0154e+00
1.5000e+02 -3.0000e+01 -1.9078e+00
1.5000e+02 -2.0000e+01 -2.1449e+00
1.5000e+02 -1.0000e+01 -5.8660e-01
1.5000e+02 0.0000e+00 -1.0415e+00
1.5000e+02 1.0000e+01 -9.3542e-01
1.5000e+02 2.0000e+01 9.2811e-01
1.5000e+02 3.0000e+01 3.0430e+00
1.5000e+02 4.0000e+01 -2.4393e+00
1.5000e+02 5.0000e+01 -1.5104e+00
1.5000e+02 6.0000e+01 4.0059e-01
1.5000e+02 7.0000e+01 -6.0820e-01
1.5000e+02 8.0000e+01 -8.0869e-01
1.5000e+02 9.0000e+01 1.9678e+00
1.5000e+02 1.0000e+02 2.9121e+00
1.5000e+02 1.1000e+02 7.9127e-01
1.5000e+02 1.2000e+02 -1.5808e+00
1.5000e+02 1.3000e+02 -4.0039e-01
1.5000e+02 1.4000e+02 4.4442e-01
1.5000e+02 1.5000e+02 -1.3843e+00
1.5000e+02 1.6000e+02 1.8053e+00
1.5000e+02 1.7000e+02 2.4634e+00
1.5000e+02 1.8000e+02 3.5950e+00
1.5000e+02 1.9000e+02 -1.6596e+00
1.5000e+02 2.0000e+02 -2.1786e+00
1.6000e+02 -2.0000e+02 -2.2639e+00
1.6000e+02 -1.9000e+02 -4.8974e+00
1.6000e+02 -1.8000e+02 -1.4522e+00
1.6000e+02 -1.7000e+02 -5.1162e-01
1.6000e+02 -1.6000e+02 1.6870e+00
1.6000e+02 -1.5000e+02 2.3521e+00
1.6000e+02 -1.4000e+02 -7.1074e-01
1.6000e+02 -1.3000e+02 -7.4852e-01
1.6000e+02 -1.2000e+02 1.1978e+00
1.6000e+02 -1.1000e+02 1.2597e+00
1.6000e+02 -1.0000e+02 2.3342e+00
1.6000e+02 -9.0000e+01 7.5523e-01
1.6000e+02 -8.0000e+01 -4.0699e-01
1.6000e+02 -7.0000e+01 -3.9455e+00
1.6000e+02 -6.0000e+01 -7.8064e-01
1.6000e+02 -5.0000e+01 -1.9229e+00
1.6000e+02 -4.0000e+01 -2.1932e+00
1.6000e+02 -3.0000e+01 8.2971e-01
1.6000e+02 -2.0000e+01 2.3860e-01
1.6000e+02 -1.0000e+01 7.4343e-01
1.6000e+02 0.0000e+00 -1.2385e+00
1.6000e+02 1.0000e+01 1.0207e+00
1.6000e+02 2.0000e+01 -8.2004e-01
1.6000e+02 3.0000e+01 6.5150e-01
1.6000e+02 4.0000e+01 -4.6023e-01
1.6000e+02 5.0000e+01 1.6646e+00
1.6000e+02 6.0000e+01 -1.5461e-01
1.6000e+02 7.0000e+01 -2.8260e+00
1.6000e+02 8.0000e+01 -3.7269e-01
1.6000e+02 9.0000e+01 9.6171e-01
1.6000e+02 1.0000e+02 3.9722e-01
1.6000e+02 1.1000e+02 -8.0512e-02
1.6000e+02 1.2000e+02 -8.2277e-01
1.6000e+02 1.3000e+02 3.8687e-01
1.6000e+02 1.4000e+02 -9.1234e-01
1.6000e+02 1.5000e+02 1.5248e+00
1.6000e+02 1.6000e+02 -1.1476e+00
1.6000e+02 1.7000e+02 -5.2998e-02
1.6000e+02 1.8000e+02 8.1373e-01
1.6000e+02 1.9000e+02 -8.5658e-01
1.6000e+02 2.0000e+02 -2.2176e+00
1.7000e+02 -2.0000e+02 -5.0701e-01
1.7000e+02 -1.9000e+02 -1.7785e+00
1.7000e+02 -1.8000e+02 2.1730e-01
1.7000e+02 -1.7000e+02 -1.4015e+00
1.7000e+02 -1.6000e+02 -4.7756e-01
1.7000e+02 -1.5000e+02 6.1037e-02
1.7000e+02 -1.4000e+02 -8.0908e-01
1.7000e+02 -1.3000e+02 -1.1732e+00
1.7000e+02 -1.2000e+02 8.1896e-02
1.7000e+02 -1.1000e+02 -5.3677e-01
1.7000e+02 -1.0000e+02 6.3335e-01
1.7000e+02 -9.0000e+01 1.1834e+00
1.7000e+02 -8.0000e+01 -1.2970e+00
1.7000e+02 -7.0000e+01 -5.3075e-01
1.7000e+02 -6.0000e+01 -2.4072e+00
1.7000e+02 -5.0000e+01 1.3237e+00
1.7000e+02 -4.0000e+01 1.5613e-01
1.7000e+02 -3.0000e+01 -4.7719e-02
1.7000e+02 -2.0000e+01 -1.0376e-02
1.7000e+02 -1.0000e+01 1.1188e+00
1.7000e+02 0.0000e+00 1.8284e+00
1.7000e+02 1.0000e+01 -1.2603e+00
1.7000e+02 2.0000e+01 9.5476e-01
1.7000e+02 3.0000e+01 1.6954e+00
1.7000e+02 4.0000e+01 -3.9376e-01
1.7000e+02 5.0000e+01 9.4549e-01
1.7000e+02 6.0000e+01 8.2591e-01
1.7000e+02 7.0000e+01 2.5826e+00
1.7000e+02 8.0000e+01 -1.7543e+00
1.7000e+02 9.0000e+01 -2.9088e-01
1.7000e+02 1.0000e+02 7.9868e-01
1.7000e+02 1.1000e+02 6.7071e-01
1.7000e+02 1.2000e+02 -2.8747e+00
1.7000e+02 1.3000e+02 -5.8073e-01
1.7000e+02 1.4000e+02 9.0568e-01
1.7000e+02 1.5000e+02 6.0804e-02
1.7000e+02 1.6000e+02 -2.0362e-01
1.7000e+02 1.7000e+02 9.5556e-01
1.7000e+02 1.8000e+02 -1.4321e+00
1.7000e+02 1.9000e+02 1.6354e-01
1.7000e+02 2.0000e+02 -1.2649e-01
1.8000e+02 -2.0000e+02 -1.4843e+00
1.8000e+02 -1.9000e+02 -2.2498e+00
1.8000e+02 -1.8000e+02 -1.4876e+00
1.8000e+02 -1.7000e+02 -2.6568e+00
1.8000e+02 -1.6000e+02 -7.0192e-01
1.8000e+02 -1.5000e+02 -3.9039e+00
1.8000e+02 -1.4000e+02 -2.1885e+00
1.8000e+02 -1.3000e+02 -3.6895e-01
1.8000e+02 -1.2000e+02 2.3658e+00
1.8000e+02 -1.1000e+02 -1.5270e+00
1.8000e+02 -1.0000e+02 1.6597e+00
1.8000e+02 -9.0000e+01 -1.8318e+00
1.8000e+02 -8.0000e+01 7.8956e-01
1.8000e+02 -7.0000e+01 -2.4505e+00
1.8000e+02 -6.0000e+01 -1.3714e+00
1.8000e+02 -5.0000e+01 9.0092e-01
1.8000e+02 -4.0000e+01 -2.3566e+00
1.8000e+02 -3.0000e+01 4.9112e-01
1.8000e+02 -2.0000e+01 -8.6195e-01
1.8000e+02 -1.0000e+01 -1.2551e+00
1.8000e+02 0.0000e+00 -1.2605e+00
1.8000e+02 1.0000e+01 -6.9037e-02
1.8000e+02 2.0000e+01 -2.0729e+00
1.8000e+02 3.0000e+01 7.4253e-01
1.8000e+02 4.0000e+01 -1.7417e+00
1.8000e+02 5.0000e+01 -4.0366e-01
1.8000e+02 6.0000e+01 3.0758e-01
1.8000e+02 7.0000e+01 -1.7469e+00
1.8000e+02 8.0000e+01 4.9434e-01
1.8000e+02 9.0000e+01 2.1811e+00
1.8000e+02 1.0000e+02 -8.7100e-01
1.8000e+02 1.1000e+02 -8.2311e-01
1.8000e+02 1.2000e+02 1.1862e+00
1.8000e+02 1.3000e+02 1.3794e+00
1.8000e+02 1.4000e+02 6.4856e-01
1.8000e+02 1.5000e+02 6.4727e-01
1.8000e+02 1.6000e+02 2.5666e+00
1.8000e+02 1.7000e+02 -4.7883e-01
1.8000e+02 1.8000e+02 1.8916e-01
1.8000e+02 1.9000e+02 -1.3131e+00
1.8000e+02 2.0000e+02 5.2480e-01
1.9000e+02 -2.0000e+02 -2.2544e+00
1.9000e+02 -1.9000e+02 1.1350e+00
1.9000e+02 -1.8000e+02 6.4128e-01
1.9000e+02 -1.7000e+02 1.6493e-01
1.9000e+02 -1.6000e+02 -9.9171e-01
1.9000e+02 -1.5000e+02 -1.7390e-02
1.9000e+02 -1.4000e+02 7.8400e-01
1.9000e+02 -1.3000e+02 3.3397e-01
1.9000e+02 -1.2000e+02 -8.4220e-01
1.9000e+02 -1.1000e+02 1.8942e+00
1.9000e+02 -1.0000e+02 -1.7129e+00
1.9000e+02 -9.0000e+01 8.7408e-01
1.9000e+02 -8.0000e+01 -2.2046e+00
1.9000e+02 -7.0000e+01 2.1492e+00
1.9000e+02 -6.0000e+01 4.8454e-01
1.9000e+02 -5.0000e+01 -8.1418e-02
1.9000e+02 -4.0000e+01 -1.2723e+00
1.9000e+02 -3.0000e+01 1.8855e+00
1.9000e+02 -2.0000e+01 6.9368e-01
1.9000e+02 -1.0000e+01 -3.1282e+00
1.9000e+02 0.0000e+00 1.1706e+00
1.9000e+02 1.0000e+01 -1.2608e+00
1.9000e+02 2.0000e+01 -3.0468e-01
1.9000e+02 3.0000e+01 -1.8296e-01
1.9000e+02 4.0000e+01 1.2719e+00
1.9000e+02 5.0000e+01 -7.3020e-01
1.9000e+02 6.0000e+01 -3.2580e+00
1.9000e+02 7.0000e+01 -1.2583e+00
1.9000e+02 8.0000e+01 -1.3390e-01
1.9000e+02 9.0000e+01 -6.6276e-01
1.9000e+02 1.0000e+02 2.3797e+00
1.9000e+02 1.1000e+02 -3.8337e+00
1.9000e+02 1.2000e+02 1.1849e+00
1.9000e+02 1.3000e+02 -2.2339e+00
1.9000e+02 1.4000e+02 -1.4124e+00
1.9000e+02 1.5000e+02 2.0385e-01
1.9000e+02 1.6000e+02 -4.0495e+00
1.9000e+02 1.7000e+02 9.2123e-01
1.9000e+02 1.8000e+02 2.1947e+00
1.9000e+02 1.9000e+02 1.7589e+00
1.9000e+02 2.0000e+02 7.2618e-01
2.0000e+02 -2.0000e+02 8.5357e-01
2.0000e+02 -1.9000e+02 1.6460e-01
2.0000e+02 -1.8000e+02 -7.2517e-02
2.0000e+02 -1.7000e+02 -8.7702e-01
2.0000e+02 -1.6000e+02 -9.2265e-01
2.0000e+02 -1.5000e+02 2.3007e+00
2.0000e+02 -1.4000e+02 -1.5562e+00
2.0000e+02 -1.3000e+02 -4.8008e-01
2.0000e+02 -1.2000e+02 -1.5381e+00
2.0000e+02 -1.1000e+02 -4.3609e-01
2.0000e+02 -1.0000e+02 9.6726e-01
2.0000e+02 -9.0000e+01 5.9883e-01
2.0000e+02 -8.0000e+01 -1.1418e+00
2.0000e+02 -7.0000e+01 -7.8538e-01
2.0000e+02 -6.0000e+01 1.4487e+00
2.0000e+02 -5.0000e+01 -1.0843e+00
2.0000e+02 -4.0000e+01 -8.4270e-01
2.0000e+02 -3.0000e+01 3.2007e-01
2.0000e+02 -2.0000e+01 2.7482e-01
2.0000e+02 -1.0000e+01 2.2819e+00
2.0000e+02 0.0000e+00 -4.2834e-01
2.0000e+02 1.0000e+01 -4.1817e-01
2.0000e+02 2.0000e+01 9.5028e-01
2.0000e+02 3.0000e+01 -1.0258e+00
2.0000e+02 4.0000e+01 1.5283e-01
2.0000e+02 5.0000e+01 -3.9899e-01
2.0000e+02 6.0000e+01 1.6068e+00
2.0000e+02 7.0000e+01 -1.5541e-01
2.0000e+02 8.0000e+01 1.6937e+00
2.0000e+02 9.0000e+01 -4.2809e-01
2.0000e+02 1.0000e+02 -3.4744e-01
2.0000e+02 1.1000e+02 3.9283e+00
2.0000e+02 1.2000e+02 1.2604e+00
2.0000e+02 1.3000e+02 1.5000e+00
2.0000e+02 1.4000e+02 2.8969e+00
2.0000e+02 1.5000e+02 1.3050e+00
2.0000e+02 1.6000e+02 1.0611e+00
2.0000e+02 1.7000e+02 1.5920e+00
2.0000e+02 1.8000e+02 -1.2129e+00
2.0000e+02 1.9000e+02 -1.7798e+00
2.0000e+02 2.0000e+02 -3.5015e-01
