-2.0000e+02 -2.0000e+02 -1.7623e-01
-2.0000e+02 -1.9000e+02 1.2420e+00
-2.0000e+02 -1.8000e+02 6.4624e-01
-2.0000e+02 -1.7000e+02 2.0341e+00
-2.0000e+02 -1.6000e+02 -2.0655e-01
-2.0000e+02 -1.5000e+02 -4.4767e-01
-2.0000e+02 -1.4000e+02 1.0733e+00
-2.0000e+02 -1.3000e+02 -2.4007e-01
-2.0000e+02 -1.2000e+02 -1.2388e+00
-2.0000e+02 -1.1000e+02 -1.0869e+00
-2.0000e+02 -1.0000e+02 1.5800e-01
-2.0000e+02 -9.0000e+01 -1.1214e+00
-2.0000e+02 -8.0000e+01 1.0444e+00
-2.0000e+02 -7.0000e+01 -1.6385e+00
-2.0000e+02 -6.0000e+01 -2.4701e+00
-2.0000e+02 -5.0000e+01 -9.2859e-01
-2.0000e+02 -4.0000e+01 -5.6916e-01
-2.0000e+02 -3.0000e+01 8.8121e-01
-2.0000e+02 -2.0000e+01 -1.2042e+00
-2.0000e+02 -1.0000e+01 5.8909e-02
-2.0000e+02 0.0000e+00 1.5062e+00
-2.0000e+02 1.0000e+01 9.5071e-01
-2.0000e+02 2.0000e+01 1.0657e+00
-2.0000e+02 3.0000e+01 -3.1728e-01
-2.0000e+02 4.0000e+01 3.2237e-01
-2.0000e+02 5.0000e+01 1.4307e+00
-2.0000e+02 6.0000e+01 1.6358e+00
-2.0000e+02 7.0000e+01 -8.8684e-01
-2.0000e+02 8.0000e+01 -9.8488e-01
-2.0000e+02 9.0000e+01 7.8687e-01
-2.0000e+02 1.0000e+02 -1.5528e+00
-2.0000e+02 1.1000e+02 2.1853e+00
-2.0000e+02 1.2000e+02 -1.1684e+00
-2.0000e+02 1.3000e+02 -1.8746e-01
-2.0000e+02 1.4000e+02 -2.0997e+00
-2.0000e+02 1.5000e+02 3.1261e-01
-2.0000e+02 1.6000e+02 -1.3711e+00
-2.0000e+02 1.7000e+02 -4.0860e-01
-2.0000e+02 1.8000e+02 -6.9202e-01
-2.0000e+02 1.9000e+02 6.6604e-01
-2.0000e+02 2.0000e+02 3.8262e+00
-1.9000e+02 -2.0000e+02 -4.5717e-01
-1.9000e+02 -1.9000e+02 1.5333e+00
-1.9000e+02 -1.8000e+02 2.1612e+00
-1.9000e+02 -1.7000e+02 -5.4493e-01
-1.9000e+02 -1.6000e+02 -9.1441e-01
-1.9000e+02 -1.5000e+02 -1.1046e+00
-1.9000e+02 -1.4000e+02 1.3074e+00
-1.9000e+02 -1.3000e+02 -1.9334e-01
-1.9000e+02 -1.2000e+02 -5.9978e-01
-1.9000e+02 -1.1000e+02 1.8854e+00
-1.9000e+02 -1.0000e+02 -2.0127e-02
-1.9000e+02 -9.0000e+01 7.8053e-01
-1.9000e+02 -8.0000e+01 -1.5120e-01
-1.9000e+02 -7.0000e+01 -1.3797e+00
-1.9000e+02 -6.0000e+01 1.6535e+00
-1.9000e+02 -5.0000e+01 -1.3598e+00
-1.9000e+02 -4.0000e+01 8.2913e-01
-1.9000e+02 -3.0000e+01 -2.7017e+00
-1.9000e+02 -2.0000e+01 -3.5009e+00
-1.9000e+02 -1.0000e+01 9.8589e-02
-1.9000e+02 0.0000e+00 -9.1730e-02
-1.9000e+02 1.0000e+01 1.2243e+00
-1.9000e+02 2.0000e+01 -5.7398e-01
-1.9000e+02 3.0000e+01 -1.6314e+00
-1.9000e+02 4.0000e+01 -1.5502e+00
-1.9000e+02 5.0000e+01 8.2803e-01
-1.9000e+02 6.0000e+01 -1.5068e+00
-1.9000e+02 7.0000e+01 -1.9200e+00
-1.9000e+02 8.0000e+01 -1.5968e+00
-1.9000e+02 9.0000e+01 -1.1052e+00
-1.9000e+02 1.0000e+02 1.1628e-01
-1.9000e+02 1.1000e+02 3.9912e-02
-1.9000e+02 1.2000e+02 -2.6598e+00
-1.9000e+02 1.3000e+02 -1.2896e+00
-1.9000e+02 1.4000e+02 2.2059e+00
-1.9000e+02 1.5000e+02 -4.7288e-01
-1.9000e+02 1.6000e+02 -1.6094e+00
-1.9000e+02 1.7000e+02 -6.2805e-01
-1.9000e+02 1.8000e+02 -2.9246e+00
-1.9000e+02 1.9000e+02 4.1662e-01
-1.9000e+02 2.0000e+02 2.3046e+00
-1.8000e+02 -2.0000e+02 5.1827e-01
-1.8000e+02 -1.9000e+02 2.5244e-01
-1.8000e+02 -1.8000e+02 2.8558e+00
-1.8000e+02 -1.7000e+02 -1.0591e+00
-1.8000e+02 -1.6000e+02 -5.8108e-01
-1.8000e+02 -1.5000e+02 9.1790e-01
-1.8000e+02 -1.4000e+02 8.9824e-01
-1.8000e+02 -1.3000e+02 8.9055e-01
-1.8000e+02 -1.2000e+02 -6.1984e-01
-1.8000e+02 -1.1000e+02 -9.6794e-01
-1.8000e+02 -1.0000e+02 3.1652e-01
-1.8000e+02 -9.0000e+01 1.1328e+00
-1.8000e+02 -8.0000e+01 6.0175e-02
-1.8000e+02 -7.0000e+01 -1.9687e+00
-1.8000e+02 -6.0000e+01 1.7318e-02
-1.8000e+02 -5.0000e+01 2.2076e-01
-1.8000e+02 -4.0000e+01 1.0491e+00
-1.8000e+02 -3.0000e+01 3.8704e-01
-1.8000e+02 -2.0000e+01 1.6057e-02
-1.8000e+02 -1.0000e+01 9.6975e-01
-1.8000e+02 0.0000e+00 -3.9104e-01
-1.8000e+02 1.0000e+01 2.0565e-01
-1.8000e+02 2.0000e+01 -1.0108e+00
-1.8000e+02 3.0000e+01 -1.7567e+00
-1.8000e+02 4.0000e+01 3.4122e-01
-1.8000e+02 5.0000e+01 -2.3121e+00
-1.8000e+02 6.0000e+01 3.2069e-01
-1.8000e+02 7.0000e+01 1.0784e+00
-1.8000e+02 8.0000e+01 2.3843e+00
-1.8000e+02 9.0000e+01 8.7862e-01
-1.8000e+02 1.0000e+02 -2.3276e+00
-1.8000e+02 1.1000e+02 8.4974e-01
-1.8000e+02 1.2000e+02 2.2196e+00
-1.8000e+02 1.3000e+02 -3.0783e-01
-1.8000e+02 1.4000e+02 1.9911e+00
-1.8000e+02 1.5000e+02 -2.9553e+00
-1.8000e+02 1.6000e+02 -1.7661e+00
-1.8000e+02 1.7000e+02 1.8699e-01
-1.8000e+02 1.8000e+02 -1.3648e+00
-1.8000e+02 1.9000e+02 -2.1344e+00
-1.8000e+02 2.0000e+02 -2.0874e+00
-1.7000e+02 -2.0000e+02 2.3344e+00
-1.7000e+02 -1.9000e+02 2.2052e+00
-1.7000e+02 -1.8000e+02 -4.4863e-01
-1.7000e+02 -1.7000e+02 -1.5089e+00
-1.7000e+02 -1.6000e+02 -2.6767e-02
-1.7000e+02 -1.5000e+02 1.0657e+00
-1.7000e+02 -1.4000e+02 5.9285e-01
-1.7000e+02 -1.3000e+02 -1.2274e+00
-1.7000e+02 -1.2000e+02 -6.9140e-01
-1.7000e+02 -1.1000e+02 -1.3021e+00
-1.7000e+02 -1.0000e+02 -1.4743e+00
-1.7000e+02 -9.0000e+01 -1.2238e+00
-1.7000e+02 -8.0000e+01 -2.8039e+00
-1.7000e+02 -7.0000e+01 -1.5958e+00
-1.7000e+02 -6.0000e+01 2.8672e+00
-1.7000e+02 -5.0000e+01 1.0744e-01
-1.7000e+02 -4.0000e+01 3.5989e-01
-1.7000e+02 -3.0000e+01 -1.0803e+00
-1.7000e+02 -2.0000e+01 -1.2960e+00
-1.7000e+02 -1.0000e+01 -8.9267e-01
-1.7000e+02 0.0000e+00 1.5616e+00
-1.7000e+02 1.0000e+01 -2.4442e+00
-1.7000e+02 2.0000e+01 2.0696e-01
-1.7000e+02 3.0000e+01 1.2065e+00
-1.7000e+02 4.0000e+01 3.1460e-01
-1.7000e+02 5.0000e+01 5.6811e-01
-1.7000e+02 6.0000e+01 1.2661e+00
-1.7000e+02 7.0000e+01 -2.3411e-01
-1.7000e+02 8.0000e+01 -3.5024e-01
-1.7000e+02 9.0000e+01 -2.5108e+00
-1.7000e+02 1.0000e+02 1.7403e+00
-1.7000e+02 1.1000e+02 2.0801e+00
-1.7000e+02 1.2000e+02 2.0392e-02
-1.7000e+02 1.3000e+02 -1.8360e+00
-1.7000e+02 1.4000e+02 2.6222e-01
-1.7000e+02 1.5000e+02 1.2191e+00
-1.7000e+02 1.6000e+02 1.1980e+00
-1.7000e+02 1.7000e+02 1.4697e+00
-1.7000e+02 1.8000e+02 -2.5072e-01
-1.7000e+02 1.9000e+02 2.5409e+00
-1.7000e+02 2.0000e+02 9.9624e-01
-1.6000e+02 -2.0000e+02 1.1030e-01
-1.6000e+02 -1.9000e+02 3.8255e-01
-1.6000e+02 -1.8000e+02 3.4782e-02
-1.6000e+02 -1.7000e+02 8.2226e-01
-1.6000e+02 -1.6000e+02 -9.3337e-01
-1.6000e+02 -1.5000e+02 5.1285e-01
-1.6000e+02 -1.4000e+02 -7.9585e-01
-1.6000e+02 -1.3000e+02 9.9512e-01
-1.6000e+02 -1.2000e+02 4.5640e-01
-1.6000e+02 -1.1000e+02 6.1232e-01
-1.6000e+02 -1.0000e+02 -3.7005e+00
-1.6000e+02 -9.0000e+01 8.4812e-01
-1.6000e+02 -8.0000e+01 1.7111e+00
-1.6000e+02 -7.0000e+01 9.3960e-01
-1.6000e+02 -6.0000e+01 2.0600e+00
-1.6000e+02 -5.0000e+01 1.3810e+00
-1.6000e+02 -4.0000e+01 2.5407e+00
-1.6000e+02 -3.0000e+01 -5.7165e-01
-1.6000e+02 -2.0000e+01 -1.4650e-01
-1.6000e+02 -1.0000e+01 -3.0812e-01
-1.6000e+02 0.0000e+00 -4.1419e-01
-1.6000e+02 1.0000e+01 -7.4735e-02
-1.6000e+02 2.0000e+01 -1.3583e+00
-1.6000e+02 3.0000e+01 2.3919e+00
-1.6000e+02 4.0000e+01 1.7438e+00
-1.6000e+02 5.0000e+01 2.3192e+00
-1.6000e+02 6.0000e+01 -3.1495e+00
-1.6000e+02 7.0000e+01 -2.1361e+00
-1.6000e+02 8.0000e+01 -1.0315e+00
-1.6000e+02 9.0000e+01 3.5337e+00
-1.6000e+02 1.0000e+02 -7.0559e-01
-1.6000e+02 1.1000e+02 -3.3293e-02
-1.6000e+02 1.2000e+02 -1.2499e+00
-1.6000e+02 1.3000e+02 2.8299e+00
-1.6000e+02 1.4000e+02 9.2399e-01
-1.6000e+02 1.5000e+02 -2.9476e+00
-1.6000e+02 1.6000e+02 1.6445e+00
-1.6000e+02 1.7000e+02 -2.1010e+00
-1.6000e+02 1.8000e+02 -1.0550e+00
-1.6000e+02 1.9000e+02 -6.3082e-01
-1.6000e+02 2.0000e+02 -1.5335e-01
-1.5000e+02 -2.0000e+02 8.5014e-02
-1.5000e+02 -1.9000e+02 8.9375e-01
-1.5000e+02 -1.8000e+02 -7.2295e-01
-1.5000e+02 -1.7000e+02 1.8974e-01
-1.5000e+02 -1.6000e+02 1.9403e-01
-1.5000e+02 -1.5000e+02 -1.5107e+00
-1.5000e+02 -1.4000e+02 1.5020e+00
-1.5000e+02 -1.3000e+02 -1.9222e+00
-1.5000e+02 -1.2000e+02 -7.5262e-02
-1.5000e+02 -1.1000e+02 -3.3614e+00
-1.5000e+02 -1.0000e+02 2.0818e-01
-1.5000e+02 -9.0000e+01 5.6071e-01
-1.5000e+02 -8.0000e+01 -1.5903e+00
-1.5000e+02 -7.0000e+01 -6.9087e-01
-1.5000e+02 -6.0000e+01 -1.2934e-02
-1.5000e+02 -5.0000e+01 -1.1404e+00
-1.5000e+02 -4.0000e+01 1.7740e-01
-1.5000e+02 -3.0000e+01 2.9878e-01
-1.5000e+02 -2.0000e+01 1.4910e-01
-1.5000e+02 -1.0000e+01 -1.5538e+00
-1.5000e+02 0.0000e+00 -1.3488e+00
-1.5000e+02 1.0000e+01 -2.5272e+00
-1.5000e+02 2.0000e+01 7.2771e-01
-1.5000e+02 3.0000e+01 -9.2285e-01
-1.5000e+02 4.0000e+01 -2.7432e-01
-1.5000e+02 5.0000e+01 1.1734e+00
-1.5000e+02 6.0000e+01 1.3606e-01
-1.5000e+02 7.0000e+01 -1.7318e+00
-1.5000e+02 8.0000e+01 2.0015e+00
-1.5000e+02 9.0000e+01 -1.8191e+00
-1.5000e+02 1.0000e+02 -2.0315e-01
-1.5000e+02 1.1000e+02 -1.0113e+00
-1.5000e+02 1.2000e+02 1.9865e+00
-1.5000e+02 1.3000e+02 4.0515e-01
-1.5000e+02 1.4000e+02 -1.3652e+00
-1.5000e+02 1.5000e+02 -1.7918e+00
-1.5000e+02 1.6000e+02 7.4209e-01
-1.5000e+02 1.7000e+02 -8.4496e-01
-1.5000e+02 1.8000e+02 3.5660e-01
-1.5000e+02 1.9000e+02 4.0645e-01
-1.5000e+02 2.0000e+02 -1.2783e+00
-1.4000e+02 -2.0000e+02 -2.8144e-01
-1.4000e+02 -1.9000e+02 -1.8633e+00
-1.4000e+02 -1.8000e+02 1.6267e+00
-1.4000e+02 -1.7000e+02 2.3986e+00
-1.4000e+02 -1.6000e+02 -2.6242e+00
-1.4000e+02 -1.5000e+02 -6.4607e-01
-1.4000e+02 -1.4000e+02 2.6653e+00
-1.4000e+02 -1.3000e+02 -1.9457e-01
-1.4000e+02 -1.2000e+02 2.0060e-01
-1.4000e+02 -1.1000e+02 -7.4066e-01
-1.4000e+02 -1.0000e+02 1.9556e+00
-1.4000e+02 -9.0000e+01 -1.0224e+00
-1.4000e+02 -8.0000e+01 -6.0560e-01
-1.4000e+02 -7.0000e+01 2.5353e+00
-1.4000e+02 -6.0000e+01 -1.2857e+00
-1.4000e+02 -5.0000e+01 4.9298e-02
-1.4000e+02 -4.0000e+01 -1.0117e+00
-1.4000e+02 -3.0000e+01 -5.5382e-01
-1.4000e+02 -2.0000e+01 -9.7131e-01
-1.4000e+02 -1.0000e+01 -4.1582e-01
-1.4000e+02 0.0000e+00 3.5660e-01
-1.4000e+02 1.0000e+01 -2.3368e+00
-1.4000e+02 2.0000e+01 1.9531e+00
-1.4000e+02 3.0000e+01 -1.4483e+00
-1.4000e+02 4.0000e+01 -1.6259e+00
-1.4000e+02 5.0000e+01 -4.9188e+00
-1.4000e+02 6.0000e+01 2.8735e-02
-1.4000e+02 7.0000e+01 -1.2051e+00
-1.4000e+02 8.0000e+01 -9.8195e-01
-1.4000e+02 9.0000e+01 -1.0848e+00
-1.4000e+02 1.0000e+02 -6.5749e-01
-1.4000e+02 1.1000e+02 -7.2715e-01
-1.4000e+02 1.2000e+02 -4.7444e-01
-1.4000e+02 1.3000e+02 -2.0975e+00
-1.4000e+02 1.4000e+02 1.3074e+00
-1.4000e+02 1.5000e+02 -5.7393e-01
-1.4000e+02 1.6000e+02 -2.9022e+00
-1.4000e+02 1.7000e+02 -7.3846e-01
-1.4000e+02 1.8000e+02 -3.4663e+00
-1.4000e+02 1.9000e+02 9.5657e-01
-1.4000e+02 2.0000e+02 2.9315e+00
-1.3000e+02 -2.0000e+02 3.8139e+00
-1.3000e+02 -1.9000e+02 1.8586e+00
-1.3000e+02 -1.8000e+02 -1.4942e-01
-1.3000e+02 -1.7000e+02 1.7832e+00
-1.3000e+02 -1.6000e+02 3.9902e-01
-1.3000e+02 -1.5000e+02 -1.3149e+00
-1.3000e+02 -1.4000e+02 -1.9013e+00
-1.3000e+02 -1.3000e+02 7.5746e-01
-1.3000e+02 -1.2000e+02 1.4365e+00
-1.3000e+02 -1.1000e+02 3.6136e+00
-1.3000e+02 -1.0000e+02 -8.8505e-02
-1.3000e+02 -9.0000e+01 2.4265e-01
-1.3000e+02 -8.0000e+01 6.8055e-01
-1.3000e+02 -7.0000e+01 2.8598e+00
-1.3000e+02 -6.0000e+01 -1.3375e+00
-1.3000e+02 -5.0000e+01 -2.0255e+00
-1.3000e+02 -4.0000e+01 4.5966e-01
-1.3000e+02 -3.0000e+01 -4.9827e-01
-1.3000e+02 -2.0000e+01 -9.2959e-01
-1.3000e+02 -1.0000e+01 -1.8891e+00
-1.3000e+02 0.0000e+00 -2.8131e+00
-1.3000e+02 1.0000e+01 -1.8099e+00
-1.3000e+02 2.0000e+01 -3.2846e+00
-1.3000e+02 3.0000e+01 -1.3245e+00
-1.3000e+02 4.0000e+01 -1.4446e+00
-1.3000e+02 5.0000e+01 -3.4551e+00
-1.3000e+02 6.0000e+01 -1.5251e+00
-1.3000e+02 7.0000e+01 3.5782e-01
-1.3000e+02 8.0000e+01 -3.0714e+00
-1.3000e+02 9.0000e+01 -5.6686e-01
-1.3000e+02 1.0000e+02 1.4639e-01
-1.3000e+02 1.1000e+02 -2.6432e-01
-1.3000e+02 1.2000e+02 -1.4112e+00
-1.3000e+02 1.3000e+02 1.3990e+00
-1.3000e+02 1.4000e+02 6.2980e-02
-1.3000e+02 1.5000e+02 3.4416e-01
-1.3000e+02 1.6000e+02 3.0484e-01
-1.3000e+02 1.7000e+02 -5.5369e-01
-1.3000e+02 1.8000e+02 -6.2589e-01
-1.3000e+02 1.9000e+02 -8.2229e-01
-1.3000e+02 2.0000e+02 1.0810e+00
-1.2000e+02 -2.0000e+02 -1.6924e-01
-1.2000e+02 -1.9000e+02 2.2295e+00
-1.2000e+02 -1.8000e+02 1.5628e-01
-1.2000e+02 -1.7000e+02 -1.2968e+00
-1.2000e+02 -1.6000e+02 8.5070e-01
-1.2000e+02 -1.5000e+02 9.0402e-01
-1.2000e+02 -1.4000e+02 -4.6442e-01
-1.2000e+02 -1.3000e+02 -3.2934e-01
-1.2000e+02 -1.2000e+02 1.5561e-01
-1.2000e+02 -1.1000e+02 -5.0804e-02
-1.2000e+02 -1.0000e+02 -3.0309e+00
-1.2000e+02 -9.0000e+01 2.2888e+00
-1.2000e+02 -8.0000e+01 -1.1648e-01
-1.2000e+02 -7.0000e+01 3.0755e-01
-1.2000e+02 -6.0000e+01 -2.4484e+00
-1.2000e+02 -5.0000e+01 1.6260e+00
-1.2000e+02 -4.0000e+01 -3.6322e+00
-1.2000e+02 -3.0000e+01 -2.8319e+00
-1.2000e+02 -2.0000e+01 -2.9173e+00
-1.2000e+02 -1.0000e+01 -3.0428e+00
-1.2000e+02 0.0000e+00 -1.6405e+00
-1.2000e+02 1.0000e+01 -1.8927e+00
-1.2000e+02 2.0000e+01 -1.3767e+00
-1.2000e+02 3.0000e+01 -1.2287e+00
-1.2000e+02 4.0000e+01 -7.3531e-03
-1.2000e+02 5.0000e+01 -8.1855e-01
-1.2000e+02 6.0000e+01 -2.5982e+00
-1.2000e+02 7.0000e+01 -2.7135e+00
-1.2000e+02 8.0000e+01 -1.6590e+00
-1.2000e+02 9.0000e+01 4.0447e-01
-1.2000e+02 1.0000e+02 -5.7989e-01
-1.2000e+02 1.1000e+02 1.0898e+00
-1.2000e+02 1.2000e+02 2.7168e+00
-1.2000e+02 1.3000e+02 2.4797e+00
-1.2000e+02 1.4000e+02 -1.5106e+00
-1.2000e+02 1.5000e+02 -1.1020e+00
-1.2000e+02 1.6000e+02 -5.8254e-01
-1.2000e+02 1.7000e+02 -1.1530e-01
-1.2000e+02 1.8000e+02 2.1705e-01
-1.2000e+02 1.9000e+02 1.8105e+00
-1.2000e+02 2.0000e+02 8.0448e-01
-1.1000e+02 -2.0000e+02 1.2106e-01
-1.1000e+02 -1.9000e+02 -3.0400e-01
-1.1000e+02 -1.8000e+02 4.9694e-01
-1.1000e+02 -1.7000e+02 5.1642e-01
-1.1000e+02 -1.6000e+02 5.3271e-01
-1.1000e+02 -1.5000e+02 5.8998e-01
-1.1000e+02 -1.4000e+02 2.7736e+00
-1.1000e+02 -1.3000e+02 6.3095e-01
-1.1000e+02 -1.2000e+02 2.2998e+00
-1.1000e+02 -1.1000e+02 -2.3302e+00
-1.1000e+02 -1.0000e+02 -6.4866e-01
-1.1000e+02 -9.0000e+01 -2.2143e+00
-1.1000e+02 -8.0000e+01 -6.1208e-01
-1.1000e+02 -7.0000e+01 -3.4396e+00
-1.1000e+02 -6.0000e+01 8.4023e-01
-1.1000e+02 -5.0000e+01 -1.6514e+00
-1.1000e+02 -4.0000e+01 -2.7346e+00
-1.1000e+02 -3.0000e+01 -1.2661e+00
-1.1000e+02 -2.0000e+01 9.0285e-01
-1.1000e+02 -1.0000e+01 -2.6780e+00
-1.1000e+02 0.0000e+00 3.2263e-01
-1.1000e+02 1.0000e+01 -2.3724e+00
-1.1000e+02 2.0000e+01 -4.8564e+00
-1.1000e+02 3.0000e+01 1.0789e-01
-1.1000e+02 4.0000e+01 -1.0173e+00
-1.1000e+02 5.0000e+01 -2.1578e+00
-1.1000e+02 6.0000e+01 -4.1951e+00
-1.1000e+02 7.0000e+01 -1.5272e+00
-1.1000e+02 8.0000e+01 -1.7722e-01
-1.1000e+02 9.0000e+01 -2.3240e-01
-1.1000e+02 1.0000e+02 1.0920e+00
-1.1000e+02 1.1000e+02 -1.0839e+00
-1.1000e+02 1.2000e+02 -7.8189e-01
-1.1000e+02 1.3000e+02 8.9144e-01
-1.1000e+02 1.4000e+02 1.0592e+00
-1.1000e+02 1.5000e+02 8.3313e-01
-1.1000e+02 1.6000e+02 2.6349e+00
-1.1000e+02 1.7000e+02 -1.3314e+00
-1.1000e+02 1.8000e+02 -4.1196e-01
-1.1000e+02 1.9000e+02 -6.5440e-01
-1.1000e+02 2.0000e+02 4.2713e-01
-1.0000e+02 -2.0000e+02 -1.2133e+00
-1.0000e+02 -1.9000e+02 -1.7018e+00
-1.0000e+02 -1.8000e+02 1.2488e-01
-1.0000e+02 -1.7000e+02 -4.0524e-01
-1.0000e+02 -1.6000e+02 -1.9562e-01
-1.0000e+02 -1.5000e+02 -1.2875e+00
-1.0000e+02 -1.4000e+02 1.2995e+00
-1.0000e+02 -1.3000e+02 -4.8737e-01
-1.0000e+02 -1.2000e+02 2.1926e+00
-1.0000e+02 -1.1000e+02 -5.7626e-02
-1.0000e+02 -1.0000e+02 -5.9692e-01
-1.0000e+02 -9.0000e+01 6.0030e-01
-1.0000e+02 -8.0000e+01 -3.9699e+00
-1.0000e+02 -7.0000e+01 1.2312e-02
-1.0000e+02 -6.0000e+01 -2.5948e+00
-1.0000e+02 -5.0000e+01 -1.8347e+00
-1.0000e+02 -4.0000e+01 -2.0746e+00
-1.0000e+02 -3.0000e+01 -2.7860e+00
-1.0000e+02 -2.0000e+01 -4.0771e+00
-1.0000e+02 -1.0000e+01 -3.7442e+00
-1.0000e+02 0.0000e+00 -2.7059e+00
-1.0000e+02 1.0000e+01 -4.3215e+00
-1.0000e+02 2.0000e+01 -4.0204e+00
-1.0000e+02 3.0000e+01 -4.4770e+00
-1.0000e+02 4.0000e+01 -2.5581e+00
-1.0000e+02 5.0000e+01 -1.8703e+00
-1.0000e+02 6.0000e+01 -1.2862e+00
-1.0000e+02 7.0000e+01 -1.3272e+00
-1.0000e+02 8.0000e+01 -3.5950e+00
-1.0000e+02 9.0000e+01 -2.7973e+00
-1.0000e+02 1.0000e+02 -4.6959e+00
-1.0000e+02 1.1000e+02 -1.8667e+00
-1.0000e+02 1.2000e+02 6.5769e-01
-1.0000e+02 1.3000e+02 -1.1978e+00
-1.0000e+02 1.4000e+02 2.7593e+00
-1.0000e+02 1.5000e+02 2.1927e-01
-1.0000e+02 1.6000e+02 3.3823e-01
-1.0000e+02 1.7000e+02 -1.5320e+00
-1.0000e+02 1.8000e+02 7.4448e-01
-1.0000e+02 1.9000e+02 1.1385e+00
-1.0000e+02 2.0000e+02 1.9164e-01
-9.0000e+01 -2.0000e+02 -9.2108e-01
-9.0000e+01 -1.9000e+02 -2.9206e+00
-9.0000e+01 -1.8000e+02 1.4540e+00
-9.0000e+01 -1.7000e+02 -1.3410e+00
-9.0000e+01 -1.6000e+02 -1.2976e+00
-9.0000e+01 -1.5000e+02 3.6200e-01
-9.0000e+01 -1.4000e+02 1.2017e+00
-9.0000e+01 -1.3000e+02 -2.1255e+00
-9.0000e+01 -1.2000e+02 2.5256e-01
-9.0000e+01 -1.1000e+02 -2.1327e+00
-9.0000e+01 -1.0000e+02 -2.3936e-01
-9.0000e+01 -9.0000e+01 -3.0727e+00
-9.0000e+01 -8.0000e+01 -2.3476e+00
-9.0000e+01 -7.0000e+01 -2.3521e+00
-9.0000e+01 -6.0000e+01 -3.6040e+00
-9.0000e+01 -5.0000e+01 -3.7779e+00
-9.0000e+01 -4.0000e+01 -4.7693e+00
-9.0000e+01 -3.0000e+01 -4.3752e+00
-9.0000e+01 -2.0000e+01 -2.2920e+00
-9.0000e+01 -1.0000e+01 -6.2731e+00
-9.0000e+01 0.0000e+00 -5.9948e+00
-9.0000e+01 1.0000e+01 -3.2323e+00
-9.0000e+01 2.0000e+01 -5.6868e+00
-9.0000e+01 3.0000e+01 -2.2661e+00
-9.0000e+01 4.0000e+01 -2.2540e+00
-9.0000e+01 5.0000e+01 -2.4163e+00
-9.0000e+01 6.0000e+01 -1.4866e+00
-9.0000e+01 7.0000e+01 -2.0722e+00
-9.0000e+01 8.0000e+01 -2.1435e+00
-9.0000e+01 9.0000e+01 -3.0072e-01
-9.0000e+01 1.0000e+02 -1.0896e+00
-9.0000e+01 1.1000e+02 4.2940e-01
-9.0000e+01 1.2000e+02 -3.0145e+00
-9.0000e+01 1.3000e+02 8.1286e-01
-9.0000e+01 1.4000e+02 -3.4411e-01
-9.0000e+01 1.5000e+02 1.3019e+00
-9.0000e+01 1.6000e+02 -8.6570e-01
-9.0000e+01 1.7000e+02 1.7899e-02
-9.0000e+01 1.8000e+02 -1.2022e+00
-9.0000e+01 1.9000e+02 6.6232e-02
-9.0000e+01 2.0000e+02 -1.2543e+00
-8.0000e+01 -2.0000e+02 -4.9318e-01
-8.0000e+01 -1.9000e+02 2.1196e+00
-8.0000e+01 -1.8000e+02 9.5004e-01
-8.0000e+01 -1.7000e+02 -8.2273e-01
-8.0000e+01 -1.6000e+02 4.9713e-01
-8.0000e+01 -1.5000e+02 1.6779e+00
-8.0000e+01 -1.4000e+02 -1.1272e+00
-8.0000e+01 -1.3000e+02 -1.7731e+00
-8.0000e+01 -1.2000e+02 1.5340e+00
-8.0000e+01 -1.1000e+02 1.0738e+00
-8.0000e+01 -1.0000e+02 1.1379e+00
-8.0000e+01 -9.0000e+01 -1.2704e+00
-8.0000e+01 -8.0000e+01 -1.7108e+00
-8.0000e+01 -7.0000e+01 -3.2884e+00
-8.0000e+01 -6.0000e+01 -3.9571e+00
-8.0000e+01 -5.0000e+01 -5.5582e+00
-8.0000e+01 -4.0000e+01 -4.4215e+00
-8.0000e+01 -3.0000e+01 -2.8583e+00
-8.0000e+01 -2.0000e+01 -4.9858e+00
-8.0000e+01 -1.0000e+01 -5.2656e+00
-8.0000e+01 0.0000e+00 -5.3608e+00
-8.0000e+01 1.0000e+01 -5.4769e+00
-8.0000e+01 2.0000e+01 -5.6656e+00
-8.0000e+01 3.0000e+01 -3.8475e+00
-8.0000e+01 4.0000e+01 -3.8706e+00
-8.0000e+01 5.0000e+01 -2.8400e+00
-8.0000e+01 6.0000e+01 -2.8404e+00
-8.0000e+01 7.0000e+01 -1.3509e+00
-8.0000e+01 8.0000e+01 -4.2790e+00
-8.0000e+01 9.0000e+01 1.5670e+00
-8.0000e+01 1.0000e+02 -8.6809e-01
-8.0000e+01 1.1000e+02 -1.3290e+00
-8.0000e+01 1.2000e+02 -3.9732e+00
-8.0000e+01 1.3000e+02 -1.0240e+00
-8.0000e+01 1.4000e+02 -2.1132e+00
-8.0000e+01 1.5000e+02 -1.6521e+00
-8.0000e+01 1.6000e+02 -1.7355e-01
-8.0000e+01 1.7000e+02 4.4367e-01
-8.0000e+01 1.8000e+02 -9.4119e-01
-8.0000e+01 1.9000e+02 1.4888e-01
-8.0000e+01 2.0000e+02 3.1411e+00
-7.0000e+01 -2.0000e+02 -1.2838e+00
-7.0000e+01 -1.9000e+02 -2.1019e+00
-7.0000e+01 -1.8000e+02 -6.5584e-02
-7.0000e+01 -1.7000e+02 1.4710e+00
-7.0000e+01 -1.6000e+02 5.2187e-01
-7.0000e+01 -1.5000e+02 -1.8504e+00
-7.0000e+01 -1.4000e+02 -7.7586e-01
-7.0000e+01 -1.3000e+02 1.0812e+00
-7.0000e+01 -1.2000e+02 1.1504e+00
-7.0000e+01 -1.1000e+02 -6.3086e-02
-7.0000e+01 -1.0000e+02 1.1317e+00
-7.0000e+01 -9.0000e+01 -1.7914e+00
-7.0000e+01 -8.0000e+01 -2.5920e-01
-7.0000e+01 -7.0000e+01 -4.8301e+00
-7.0000e+01 -6.0000e+01 -2.8548e+00
-7.0000e+01 -5.0000e+01 -3.1633e+00
-7.0000e+01 -4.0000e+01 -4.3278e+00
-7.0000e+01 -3.0000e+01 -5.4798e+00
-7.0000e+01 -2.0000e+01 -8.5045e+00
-7.0000e+01 -1.0000e+01 -5.8497e+00
-7.0000e+01 0.0000e+00 -3.6783e+00
-7.0000e+01 1.0000e+01 -8.1940e+00
-7.0000e+01 2.0000e+01 -5.9025e+00
-7.0000e+01 3.0000e+01 -9.8187e+00
-7.0000e+01 4.0000e+01 -8.6682e+00
-7.0000e+01 5.0000e+01 -4.6158e+00
-7.0000e+01 6.0000e+01 -2.9495e+00
-7.0000e+01 7.0000e+01 -5.4575e+00
-7.0000e+01 8.0000e+01 -5.0488e+00
-7.0000e+01 9.0000e+01 -3.5258e+00
-7.0000e+01 1.0000e+02 -1.5119e-01
-7.0000e+01 1.1000e+02 -2.0377e+00
-7.0000e+01 1.2000e+02 1.1940e-01
-7.0000e+01 1.3000e+02 -2.2063e-01
-7.0000e+01 1.4000e+02 -5.6162e-01
-7.0000e+01 1.5000e+02 -2.4206e-01
-7.0000e+01 1.6000e+02 9.5799e-01
-7.0000e+01 1.7000e+02 1.8420e-02
-7.0000e+01 1.8000e+02 1.3388e+00
-7.0000e+01 1.9000e+02 -9.5473e-01
-7.0000e+01 2.0000e+02 1.1048e+00
-6.0000e+01 -2.0000e+02 -9.2376e-01
-6.0000e+01 -1.9000e+02 3.4325e-01
-6.0000e+01 -1.8000e+02 4.0870e+00
-6.0000e+01 -1.7000e+02 -4.8023e-01
-6.0000e+01 -1.6000e+02 2.0034e+00
-6.0000e+01 -1.5000e+02 1.0879e-01
-6.0000e+01 -1.4000e+02 -1.2215e+00
-6.0000e+01 -1.3000e+02 -3.9861e-01
-6.0000e+01 -1.2000e+02 -3.2347e+00
-6.0000e+01 -1.1000e+02 -1.0325e+00
-6.0000e+01 -1.0000e+02 -4.4131e-02
-6.0000e+01 -9.0000e+01 7.3495e-01
-6.0000e+01 -8.0000e+01 -7.0189e-01
-6.0000e+01 -7.0000e+01 -2.6219e+00
-6.0000e+01 -6.0000e+01 -6.1424e+00
-6.0000e+01 -5.0000e+01 -7.2306e+00
-6.0000e+01 -4.0000e+01 -6.7805e+00
-6.0000e+01 -3.0000e+01 -6.9357e+00
-6.0000e+01 -2.0000e+01 -1.0932e+01
-6.0000e+01 -1.0000e+01 -1.1268e+01
-6.0000e+01 0.0000e+00 -7.8701e+00
-6.0000e+01 1.0000e+01 -7.7163e+00
-6.0000e+01 2.0000e+01 -8.6857e+00
-6.0000e+01 3.0000e+01 -8.5229e+00
-6.0000e+01 4.0000e+01 -7.4251e+00
-6.0000e+01 5.0000e+01 -3.8453e+00
-6.0000e+01 6.0000e+01 -6.3151e+00
-6.0000e+01 7.0000e+01 -4.4147e+00
-6.0000e+01 8.0000e+01 -3.1375e+00
-6.0000e+01 9.0000e+01 -7.7037e-01
-6.0000e+01 1.0000e+02 -1.7700e+00
-6.0000e+01 1.1000e+02 -3.7549e+00
-6.0000e+01 1.2000e+02 -1.1672e+00
-6.0000e+01 1.3000e+02 1.2962e+00
-6.0000e+01 1.4000e+02 -4.5825e-01
-6.0000e+01 1.5000e+02 1.2024e+00
-6.0000e+01 1.6000e+02 -7.4392e-01
-6.0000e+01 1.7000e+02 9.1795e-01
-6.0000e+01 1.8000e+02 1.4295e-01
-6.0000e+01 1.9000e+02 -1.7175e+00
-6.0000e+01 2.0000e+02 -7.9264e-01
-5.0000e+01 -2.0000e+02 -2.4365e+00
-5.0000e+01 -1.9000e+02 -6.9795e-01
-5.0000e+01 -1.8000e+02 4.5429e-02
-5.0000e+01 -1.7000e+02 1.3239e-01
-5.0000e+01 -1.6000e+02 4.2163e-01
-5.0000e+01 -1.5000e+02 1.2035e+00
-5.0000e+01 -1.4000e+02 -1.1402e+00
-5.0000e+01 -1.3000e+02 7.1014e-01
-5.0000e+01 -1.2000e+02 8.2875e-01
-5.0000e+01 -1.1000e+02 -2.6846e+00
-5.0000e+01 -1.0000e+02 -4.8047e-01
-5.0000e+01 -9.0000e+01 -5.8387e-01
-5.0000e+01 -8.0000e+01 -3.8595e+00
-5.0000e+01 -7.0000e+01 -6.2743e+00
-5.0000e+01 -6.0000e+01 -3.6861e+00
-5.0000e+01 -5.0000e+01 -6.5434e+00
-5.0000e+01 -4.0000e+01 -8.0982e+00
-5.0000e+01 -3.0000e+01 -1.1039e+01
-5.0000e+01 -2.0000e+01 -7.9339e+00
-5.0000e+01 -1.0000e+01 -8.3117e+00
-5.0000e+01 0.0000e+00 -1.1970e+01
-5.0000e+01 1.0000e+01 -1.0966e+01
-5.0000e+01 2.0000e+01 -7.0517e+00
-5.0000e+01 3.0000e+01 -9.6582e+00
-5.0000e+01 4.0000e+01 -8.5168e+00
-5.0000e+01 5.0000e+01 -7.7986e+00
-5.0000e+01 6.0000e+01 -5.7984e+00
-5.0000e+01 7.0000e+01 -4.7286e+00
-5.0000e+01 8.0000e+01 -3.7335e+00
-5.0000e+01 9.0000e+01 -2.0926e+00
-5.0000e+01 1.0000e+02 -1.4120e+00
-5.0000e+01 1.1000e+02 7.9147e-01
-5.0000e+01 1.2000e+02 8.7810e-01
-5.0000e+01 1.3000e+02 -1.9503e+00
-5.0000e+01 1.4000e+02 -1.0746e-01
-5.0000e+01 1.5000e+02 -1.1480e+00
-5.0000e+01 1.6000e+02 -1.1810e+00
-5.0000e+01 1.7000e+02 -1.4368e+00
-5.0000e+01 1.8000e+02 2.4275e+00
-5.0000e+01 1.9000e+02 2.2856e-01
-5.0000e+01 2.0000e+02 -1.0278e+00
-4.0000e+01 -2.0000e+02 3.0408e-01
-4.0000e+01 -1.9000e+02 -1.1201e+00
-4.0000e+01 -1.8000e+02 -1.8352e-01
-4.0000e+01 -1.7000e+02 -3.0734e+00
-4.0000e+01 -1.6000e+02 1.0886e-01
-4.0000e+01 -1.5000e+02 -6.8645e-01
-4.0000e+01 -1.4000e+02 9.9485e-01
-4.0000e+01 -1.3000e+02 -2.7072e-01
-4.0000e+01 -1.2000e+02 -1.1660e+00
-4.0000e+01 -1.1000e+02 -1.7720e+00
-4.0000e+01 -1.0000e+02 -2.2702e+00
-4.0000e+01 -9.0000e+01 -4.5459e+00
-4.0000e+01 -8.0000e+01 -4.3161e+00
-4.0000e+01 -7.0000e+01 -5.0563e+00
-4.0000e+01 -6.0000e+01 -5.7476e+00
-4.0000e+01 -5.0000e+01 -6.6922e+00
-4.0000e+01 -4.0000e+01 -9.3630e+00
-4.0000e+01 -3.0000e+01 -9.2771e+00
-4.0000e+01 -2.0000e+01 -1.2140e+01
-4.0000e+01 -1.0000e+01 -1.0850e+01
-4.0000e+01 0.0000e+00 -1.4350e+01
-4.0000e+01 1.0000e+01 -1.1837e+01
-4.0000e+01 2.0000e+01 -1.2833e+01
-4.0000e+01 3.0000e+01 -9.6813e+00
-4.0000e+01 4.0000e+01 -7.7105e+00
-4.0000e+01 5.0000e+01 -7.0736e+00
-4.0000e+01 6.0000e+01 -7.4525e+00
-4.0000e+01 7.0000e+01 -4.7737e+00
-4.0000e+01 8.0000e+01 -6.9252e+00
-4.0000e+01 9.0000e+01 -2.6679e+00
-4.0000e+01 1.0000e+02 4.6569e-02
-4.0000e+01 1.1000e+02 -8.1282e-01
-4.0000e+01 1.2000e+02 -1.7063e+00
-4.0000e+01 1.3000e+02 -8.0517e-01
-4.0000e+01 1.4000e+02 6.3910e-02
-4.0000e+01 1.5000e+02 2.4149e-01
-4.0000e+01 1.6000e+02 -6.7526e-01
-4.0000e+01 1.7000e+02 6.6354e-01
-4.0000e+01 1.8000e+02 4.4074e-01
-4.0000e+01 1.9000e+02 9.6254e-01
-4.0000e+01 2.0000e+02 -6.9647e-01
-3.0000e+01 -2.0000e+02 6.0391e-01
-3.0000e+01 -1.9000e+02 8.5894e-01
-3.0000e+01 -1.8000e+02 2.8652e-01
-3.0000e+01 -1.7000e+02 9.1524e-01
-3.0000e+01 -1.6000e+02 -3.8789e+00
-3.0000e+01 -1.5000e+02 7.6578e-01
-3.0000e+01 -1.4000e+02 4.9979e-01
-3.0000e+01 -1.3000e+02 3.2784e-01
-3.0000e+01 -1.2000e+02 -1.4852e+00
-3.0000e+01 -1.1000e+02 -1.8436e+00
-3.0000e+01 -1.0000e+02 -1.1672e+00
-3.0000e+01 -9.0000e+01 -4.2009e+00
-3.0000e+01 -8.0000e+01 -5.4046e+00
-3.0000e+01 -7.0000e+01 -5.7088e+00
-3.0000e+01 -6.0000e+01 -4.9790e+00
-3.0000e+01 -5.0000e+01 -8.9800e+00
-3.0000e+01 -4.0000e+01 -1.1014e+01
-3.0000e+01 -3.0000e+01 -1.3182e+01
-3.0000e+01 -2.0000e+01 -1.3450e+01
-3.0000e+01 -1.0000e+01 -1.6852e+01
-3.0000e+01 0.0000e+00 -1.0479e+01
-3.0000e+01 1.0000e+01 -1.1948e+01
-3.0000e+01 2.0000e+01 -1.2248e+01
-3.0000e+01 3.0000e+01 -1.0334e+01
-3.0000e+01 4.0000e+01 -1.0310e+01
-3.0000e+01 5.0000e+01 -9.3972e+00
-3.0000e+01 6.0000e+01 -6.8288e+00
-3.0000e+01 7.0000e+01 -4.6350e+00
-3.0000e+01 8.0000e+01 -6.0473e+00
-3.0000e+01 9.0000e+01 -2.3389e+00
-3.0000e+01 1.0000e+02 -1.9039e+00
-3.0000e+01 1.1000e+02 -1.9447e+00
-3.0000e+01 1.2000e+02 -9.5855e-01
-3.0000e+01 1.3000e+02 1.1485e+00
-3.0000e+01 1.4000e+02 -4.2210e+00
-3.0000e+01 1.5000e+02 -2.2679e+00
-3.0000e+01 1.6000e+02 7.8161e-01
-3.0000e+01 1.7000e+02 -2.4897e+00
-3.0000e+01 1.8000e+02 -2.1578e+00
-3.0000e+01 1.9000e+02 3.7292e-01
-3.0000e+01 2.0000e+02 -2.2912e+00
-2.0000e+01 -2.0000e+02 -3.6066e+00
-2.0000e+01 -1.9000e+02 3.6243e-01
-2.0000e+01 -1.8000e+02 -1.5462e+00
-2.0000e+01 -1.7000e+02 5.4568e-01
-2.0000e+01 -1.6000e+02 1.0829e+00
-2.0000e+01 -1.5000e+02 5.8950e-01
-2.0000e+01 -1.4000e+02 -2.4326e+00
-2.0000e+01 -1.3000e+02 1.6429e+00
-2.0000e+01 -1.2000e+02 -3.2753e-01
-2.0000e+01 -1.1000e+02 -1.6987e-01
-2.0000e+01 -1.0000e+02 -4.1617e+00
-2.0000e+01 -9.0000e+01 -1.7950e+00
-2.0000e+01 -8.0000e+01 -5.2904e+00
-2.0000e+01 -7.0000e+01 -5.9863e+00
-2.0000e+01 -6.0000e+01 -8.0883e+00
-2.0000e+01 -5.0000e+01 -7.4758e+00
-2.0000e+01 -4.0000e+01 -9.5925e+00
-2.0000e+01 -3.0000e+01 -1.2653e+01
-2.0000e+01 -2.0000e+01 -1.2723e+01
-2.0000e+01 -1.0000e+01 -1.3548e+01
-2.0000e+01 0.0000e+00 -1.2202e+01
-2.0000e+01 1.0000e+01 -1.7220e+01
-2.0000e+01 2.0000e+01 -9.4986e+00
-2.0000e+01 3.0000e+01 -1.1382e+01
-2.0000e+01 4.0000e+01 -7.8564e+00
-2.0000e+01 5.0000e+01 -8.6356e+00
-2.0000e+01 6.0000e+01 -7.3475e+00
-2.0000e+01 7.0000e+01 -4.6934e+00
-2.0000e+01 8.0000e+01 -6.6484e+00
-2.0000e+01 9.0000e+01 -4.7604e+00
-2.0000e+01 1.0000e+02 -4.7805e+00
-2.0000e+01 1.1000e+02 -3.8656e+00
-2.0000e+01 1.2000e+02 -3.5474e+00
-2.0000e+01 1.3000e+02 -6.2375e-02
-2.0000e+01 1.4000e+02 1.9627e+00
-2.0000e+01 1.5000e+02 6.1587e-01
-2.0000e+01 1.6000e+02 1.2597e-01
-2.0000e+01 1.7000e+02 -2.2022e+00
-2.0000e+01 1.8000e+02 -1.5399e+00
-2.0000e+01 1.9000e+02 1.0839e+00
-2.0000e+01 2.0000e+02 1.1210e-01
-1.0000e+01 -2.0000e+02 1.8106e+00
-1.0000e+01 -1.9000e+02 -1.6822e+00
-1.0000e+01 -1.8000e+02 -4.1911e-01
-1.0000e+01 -1.7000e+02 -1.5497e+00
-1.0000e+01 -1.6000e+02 1.9266e-01
-1.0000e+01 -1.5000e+02 -1.1326e+00
-1.0000e+01 -1.4000e+02 2.4650e-01
-1.0000e+01 -1.3000e+02 -1.2167e-01
-1.0000e+01 -1.2000e+02 -1.2385e+00
-1.0000e+01 -1.1000e+02 -1.9575e+00
-1.0000e+01 -1.0000e+02 -2.5845e+00
-1.0000e+01 -9.0000e+01 -1.6264e+00
-1.0000e+01 -8.0000e+01 -4.7654e+00
-1.0000e+01 -7.0000e+01 -5.2155e+00
-1.0000e+01 -6.0000e+01 -1.0115e+01
-1.0000e+01 -5.0000e+01 -9.7547e+00
-1.0000e+01 -4.0000e+01 -1.1314e+01
-1.0000e+01 -3.0000e+01 -1.1374e+01
-1.0000e+01 -2.0000e+01 -1.6035e+01
-1.0000e+01 -1.0000e+01 -1.3772e+01
-1.0000e+01 0.0000e+00 -1.4025e+01
-1.0000e+01 1.0000e+01 -1.2091e+01
-1.0000e+01 2.0000e+01 -1.4442e+01
-1.0000e+01 3.0000e+01 -1.4897e+01
-1.0000e+01 4.0000e+01 -9.3624e+00
-1.0000e+01 5.0000e+01 -9.4575e+00
-1.0000e+01 6.0000e+01 -8.5193e+00
-1.0000e+01 7.0000e+01 -7.2039e+00
-1.0000e+01 8.0000e+01 -5.1343e+00
-1.0000e+01 9.0000e+01 -7.3842e+00
-1.0000e+01 1.0000e+02 -1.9819e+00
-1.0000e+01 1.1000e+02 -2.1194e+00
-1.0000e+01 1.2000e+02 -2.9199e+00
-1.0000e+01 1.3000e+02 3.0926e-01
-1.0000e+01 1.4000e+02 6.7814e-01
-1.0000e+01 1.5000e+02 1.8484e+00
-1.0000e+01 1.6000e+02 7.3116e-01
-1.0000e+01 1.7000e+02 1.2595e+00
-1.0000e+01 1.8000e+02 -4.9688e-01
-1.0000e+01 1.9000e+02 -1.7404e+00
-1.0000e+01 2.0000e+02 -2.7916e+00
0.0000e+00 -2.0000e+02 1.6667e+00
0.0000e+00 -1.9000e+02 -2.4359e+00
0.0000e+00 -1.8000e+02 1.2259e+00
0.0000e+00 -1.7000e+02 -1.4300e+00
0.0000e+00 -1.6000e+02 -3.0930e+00
0.0000e+00 -1.5000e+02 -2.8036e+00
0.0000e+00 -1.4000e+02 3.5371e-01
0.0000e+00 -1.3000e+02 4.4954e-01
0.0000e+00 -1.2000e+02 -1.5745e+00
0.0000e+00 -1.1000e+02 -1.7726e+00
0.0000e+00 -1.0000e+02 -3.8662e+00
0.0000e+00 -9.0000e+01 -4.4064e+00
0.0000e+00 -8.0000e+01 -2.7117e+00
0.0000e+00 -7.0000e+01 -9.9273e+00
0.0000e+00 -6.0000e+01 -7.9686e+00
0.0000e+00 -5.0000e+01 -8.4652e+00
0.0000e+00 -4.0000e+01 -1.2218e+01
0.0000e+00 -3.0000e+01 -1.3768e+01
0.0000e+00 -2.0000e+01 -1.2880e+01
0.0000e+00 -1.0000e+01 -1.3252e+01
0.0000e+00 0.0000e+00 -1.6307e+01
0.0000e+00 1.0000e+01 -1.5104e+01
0.0000e+00 2.0000e+01 -1.2160e+01
0.0000e+00 3.0000e+01 -1.2776e+01
0.0000e+00 4.0000e+01 -1.2843e+01
0.0000e+00 5.0000e+01 -9.6145e+00
0.0000e+00 6.0000e+01 -9.6409e+00
0.0000e+00 7.0000e+01 -6.0232e+00
0.0000e+00 8.0000e+01 -7.0458e+00
0.0000e+00 9.0000e+01 -2.3547e+00
0.0000e+00 1.0000e+02 -2.7367e+00
0.0000e+00 1.1000e+02 1.0895e+00
0.0000e+00 1.2000e+02 1.0681e+00
0.0000e+00 1.3000e+02 -1.0005e+00
0.0000e+00 1.4000e+02 1.4707e+00
0.0000e+00 1.5000e+02 1.1943e+00
0.0000e+00 1.6000e+02 -2.2679e+00
0.0000e+00 1.7000e+02 2.9775e-01
0.0000e+00 1.8000e+02 5.3158e-01
0.0000e+00 1.9000e+02 1.9172e+00
0.0000e+00 2.0000e+02 2.2244e+00
1.0000e+01 -2.0000e+02 4.5091e-02
1.0000e+01 -1.9000e+02 -3.2219e-01
1.0000e+01 -1.8000e+02 -1.2121e-01
1.0000e+01 -1.7000e+02 -1.7493e+00
1.0000e+01 -1.6000e+02 -2.6645e+00
1.0000e+01 -1.5000e+02 -5.2247e-01
1.0000e+01 -1.4000e+02 -7.9607e-02
1.0000e+01 -1.3000e+02 -2.0599e+00
1.0000e+01 -1.2000e+02 -2.4840e+00
1.0000e+01 -1.1000e+02 -1.4820e+00
1.0000e+01 -1.0000e+02 -1.7806e+00
1.0000e+01 -9.0000e+01 -1.9951e+00
1.0000e+01 -8.0000e+01 -4.7684e+00
1.0000e+01 -7.0000e+01 -7.7152e+00
1.0000e+01 -6.0000e+01 -1.1661e+01
1.0000e+01 -5.0000e+01 -8.8284e+00
1.0000e+01 -4.0000e+01 -1.1102e+01
1.0000e+01 -3.0000e+01 -1.2466e+01
1.0000e+01 -2.0000e+01 -1.5009e+01
1.0000e+01 -1.0000e+01 -1.2228e+01
1.0000e+01 0.0000e+00 -1.3957e+01
1.0000e+01 1.0000e+01 -1.3410e+01
1.0000e+01 2.0000e+01 -1.4120e+01
1.0000e+01 3.0000e+01 -1.3958e+01
1.0000e+01 4.0000e+01 -1.0140e+01
1.0000e+01 5.0000e+01 -1.0454e+01
1.0000e+01 6.0000e+01 -7.6290e+00
1.0000e+01 7.0000e+01 -1.0037e+01
1.0000e+01 8.0000e+01 -4.2501e+00
1.0000e+01 9.0000e+01 -1.8031e+00
1.0000e+01 1.0000e+02 -2.9864e+00
1.0000e+01 1.1000e+02 -3.0282e-01
1.0000e+01 1.2000e+02 2.2663e-02
1.0000e+01 1.3000e+02 -2.3653e+00
1.0000e+01 1.4000e+02 3.2367e-01
1.0000e+01 1.5000e+02 6.5999e-01
1.0000e+01 1.6000e+02 3.1175e-01
1.0000e+01 1.7000e+02 -2.1008e+00
1.0000e+01 1.8000e+02 -7.0455e-01
1.0000e+01 1.9000e+02 -3.4418e-01
1.0000e+01 2.0000e+02 -1.3991e+00
2.0000e+01 -2.0000e+02 2.4093e+00
2.0000e+01 -1.9000e+02 -1.6058e+00
2.0000e+01 -1.8000e+02 -4.6293e+00
2.0000e+01 -1.7000e+02 1.8143e-01
2.0000e+01 -1.6000e+02 -2.8422e+00
2.0000e+01 -1.5000e+02 -4.9813e-01
2.0000e+01 -1.4000e+02 1.5460e+00
2.0000e+01 -1.3000e+02 -2.0252e+00
2.0000e+01 -1.2000e+02 -3.2101e+00
2.0000e+01 -1.1000e+02 -3.7821e+00
2.0000e+01 -1.0000e+02 -3.6002e+00
2.0000e+01 -9.0000e+01 -3.8978e+00
2.0000e+01 -8.0000e+01 -4.8733e+00
2.0000e+01 -7.0000e+01 -8.5630e+00
2.0000e+01 -6.0000e+01 -1.0055e+01
2.0000e+01 -5.0000e+01 -1.1151e+01
2.0000e+01 -4.0000e+01 -8.3017e+00
2.0000e+01 -3.0000e+01 -1.2050e+01
2.0000e+01 -2.0000e+01 -1.1237e+01
2.0000e+01 -1.0000e+01 -1.5876e+01
2.0000e+01 0.0000e+00 -1.5146e+01
2.0000e+01 1.0000e+01 -1.1025e+01
2.0000e+01 2.0000e+01 -1.3001e+01
2.0000e+01 3.0000e+01 -1.2772e+01
2.0000e+01 4.0000e+01 -1.1360e+01
2.0000e+01 5.0000e+01 -1.0675e+01
2.0000e+01 6.0000e+01 -5.7238e+00
2.0000e+01 7.0000e+01 -7.7255e+00
2.0000e+01 8.0000e+01 -7.4095e+00
2.0000e+01 9.0000e+01 -4.8767e+00
2.0000e+01 1.0000e+02 -3.2771e+00
2.0000e+01 1.1000e+02 -2.6473e+00
2.0000e+01 1.2000e+02 1.3865e+00
2.0000e+01 1.3000e+02 1.1113e-01
2.0000e+01 1.4000e+02 3.1286e+00
2.0000e+01 1.5000e+02 -2.0691e+00
2.0000e+01 1.6000e+02 -4.4116e+00
2.0000e+01 1.7000e+02 -1.6876e+00
2.0000e+01 1.8000e+02 1.1944e+00
2.0000e+01 1.9000e+02 2.7054e+00
2.0000e+01 2.0000e+02 -1.8093e-01
3.0000e+01 -2.0000e+02 1.3202e+00
3.0000e+01 -1.9000e+02 -2.4870e+00
3.0000e+01 -1.8000e+02 2.4883e+00
3.0000e+01 -1.7000e+02 4.4104e-01
3.0000e+01 -1.6000e+02 2.5378e-03
3.0000e+01 -1.5000e+02 1.5565e+00
3.0000e+01 -1.4000e+02 -1.1199e+00
3.0000e+01 -1.3000e+02 -2.5651e+00
3.0000e+01 -1.2000e+02 -3.5922e+00
3.0000e+01 -1.1000e+02 -4.4220e+00
3.0000e+01 -1.0000e+02 -2.2339e+00
3.0000e+01 -9.0000e+01 -2.9079e-01
3.0000e+01 -8.0000e+01 -5.1341e+00
3.0000e+01 -7.0000e+01 -5.7611e+00
3.0000e+01 -6.0000e+01 -5.1009e+00
3.0000e+01 -5.0000e+01 -7.0160e+00
3.0000e+01 -4.0000e+01 -1.1546e+01
3.0000e+01 -3.0000e+01 -1.3208e+01
3.0000e+01 -2.0000e+01 -1.2570e+01
3.0000e+01 -1.0000e+01 -1.2874e+01
3.0000e+01 0.0000e+00 -1.0848e+01
3.0000e+01 1.0000e+01 -1.1130e+01
3.0000e+01 2.0000e+01 -1.2218e+01
3.0000e+01 3.0000e+01 -1.4147e+01
3.0000e+01 4.0000e+01 -1.2120e+01
3.0000e+01 5.0000e+01 -8.2600e+00
3.0000e+01 6.0000e+01 -7.5733e+00
3.0000e+01 7.0000e+01 -7.1684e+00
3.0000e+01 8.0000e+01 -4.3431e+00
3.0000e+01 9.0000e+01 -3.3529e+00
3.0000e+01 1.0000e+02 -2.3657e+00
3.0000e+01 1.1000e+02 -5.7900e+00
3.0000e+01 1.2000e+02 -3.1585e+00
3.0000e+01 1.3000e+02 -9.0696e-01
3.0000e+01 1.4000e+02 -1.1923e+00
3.0000e+01 1.5000e+02 5.1482e-01
3.0000e+01 1.6000e+02 -1.4201e-01
3.0000e+01 1.7000e+02 -1.1448e-01
3.0000e+01 1.8000e+02 6.6625e-01
3.0000e+01 1.9000e+02 -2.6645e+00
3.0000e+01 2.0000e+02 1.9427e+00
4.0000e+01 -2.0000e+02 -1.4335e+00
4.0000e+01 -1.9000e+02 2.3966e-01
4.0000e+01 -1.8000e+02 1.4515e+00
4.0000e+01 -1.7000e+02 -6.0853e-01
4.0000e+01 -1.6000e+02 6.9890e-01
4.0000e+01 -1.5000e+02 7.8518e-01
4.0000e+01 -1.4000e+02 3.4583e-01
4.0000e+01 -1.3000e+02 6.5114e-02
4.0000e+01 -1.2000e+02 -2.3180e+00
4.0000e+01 -1.1000e+02 -2.8362e+00
4.0000e+01 -1.0000e+02 -1.9669e+00
4.0000e+01 -9.0000e+01 -1.6195e+00
4.0000e+01 -8.0000e+01 -5.3549e+00
4.0000e+01 -7.0000e+01 -3.2038e+00
4.0000e+01 -6.0000e+01 -7.7992e+00
4.0000e+01 -5.0000e+01 -6.5800e+00
4.0000e+01 -4.0000e+01 -1.1895e+01
4.0000e+01 -3.0000e+01 -1.0320e+01
4.0000e+01 -2.0000e+01 -1.2744e+01
4.0000e+01 -1.0000e+01 -1.3777e+01
4.0000e+01 0.0000e+00 -1.2324e+01
4.0000e+01 1.0000e+01 -1.2728e+01
4.0000e+01 2.0000e+01 -1.2480e+01
4.0000e+01 3.0000e+01 -9.4769e+00
4.0000e+01 4.0000e+01 -8.7395e+00
4.0000e+01 5.0000e+01 -8.1683e+00
4.0000e+01 6.0000e+01 -4.4956e+00
4.0000e+01 7.0000e+01 -5.1385e+00
4.0000e+01 8.0000e+01 -4.2875e+00
4.0000e+01 9.0000e+01 -2.8484e+00
4.0000e+01 1.0000e+02 -3.0636e+00
4.0000e+01 1.1000e+02 -4.8564e-01
4.0000e+01 1.2000e+02 -8.7296e-01
4.0000e+01 1.3000e+02 -7.9044e-01
4.0000e+01 1.4000e+02 7.3691e-01
4.0000e+01 1.5000e+02 1.6873e-01
4.0000e+01 1.6000e+02 -1.1799e+00
4.0000e+01 1.7000e+02 -1.5030e+00
4.0000e+01 1.8000e+02 -1.5104e+00
4.0000e+01 1.9000e+02 -2.4823e+00
4.0000e+01 2.0000e+02 -1.6412e-01
5.0000e+01 -2.0000e+02 -1.2262e+00
5.0000e+01 -1.9000e+02 -1.2586e+00
5.0000e+01 -1.8000e+02 -1.6560e+00
5.0000e+01 -1.7000e+02 8.0062e-02
5.0000e+01 -1.6000e+02 8.2798e-01
5.0000e+01 -1.5000e+02 1.6728e+00
5.0000e+01 -1.4000e+02 1.0349e+00
5.0000e+01 -1.3000e+02 -3.0169e+00
5.0000e+01 -1.2000e+02 2.0539e+00
5.0000e+01 -1.1000e+02 -3.3237e+00
5.0000e+01 -1.0000e+02 -1.6755e+00
5.0000e+01 -9.0000e+01 -2.0890e+00
5.0000e+01 -8.0000e+01 -4.1932e+00
5.0000e+01 -7.0000e+01 -5.2159e+00
5.0000e+01 -6.0000e+01 -4.6290e+00
5.0000e+01 -5.0000e+01 -8.7247e+00
5.0000e+01 -4.0000e+01 -7.0265e+00
5.0000e+01 -3.0000e+01 -8.8163e+00
5.0000e+01 -2.0000e+01 -1.1735e+01
5.0000e+01 -1.0000e+01 -1.2260e+01
5.0000e+01 0.0000e+00 -8.1171e+00
5.0000e+01 1.0000e+01 -8.0536e+00
5.0000e+01 2.0000e+01 -9.1500e+00
5.0000e+01 3.0000e+01 -6.7231e+00
5.0000e+01 4.0000e+01 -8.1383e+00
5.0000e+01 5.0000e+01 -7.2786e+00
5.0000e+01 6.0000e+01 -4.5763e+00
5.0000e+01 7.0000e+01 -2.2171e+00
5.0000e+01 8.0000e+01 -4.0329e+00
5.0000e+01 9.0000e+01 -1.6962e+00
5.0000e+01 1.0000e+02 -4.9444e-01
5.0000e+01 1.1000e+02 -2.2197e+00
5.0000e+01 1.2000e+02 -2.0936e+00
5.0000e+01 1.3000e+02 7.8004e-01
5.0000e+01 1.4000e+02 2.8911e+00
5.0000e+01 1.5000e+02 -2.7338e+00
5.0000e+01 1.6000e+02 1.6770e+00
5.0000e+01 1.7000e+02 1.3328e+00
5.0000e+01 1.8000e+02 -7.5121e-01
5.0000e+01 1.9000e+02 -1.0206e-02
5.0000e+01 2.0000e+02 -1.3276e-01
6.0000e+01 -2.0000e+02 1.4954e+00
6.0000e+01 -1.9000e+02 -1.2440e+00
6.0000e+01 -1.8000e+02 8.0586e-01
6.0000e+01 -1.7000e+02 -6.2661e-01
6.0000e+01 -1.6000e+02 2.2590e+00
6.0000e+01 -1.5000e+02 6.9762e-01
6.0000e+01 -1.4000e+02 2.7634e+00
6.0000e+01 -1.3000e+02 3.3083e-01
6.0000e+01 -1.2000e+02 -2.3981e+00
6.0000e+01 -1.1000e+02 -1.5328e+00
6.0000e+01 -1.0000e+02 -1.6346e+00
6.0000e+01 -9.0000e+01 -3.4978e+00
6.0000e+01 -8.0000e+01 -3.4838e+00
6.0000e+01 -7.0000e+01 -3.8942e+00
6.0000e+01 -6.0000e+01 -5.0812e+00
6.0000e+01 -5.0000e+01 -4.2122e+00
6.0000e+01 -4.0000e+01 -7.5072e+00
6.0000e+01 -3.0000e+01 -8.7584e+00
6.0000e+01 -2.0000e+01 -7.1089e+00
6.0000e+01 -1.0000e+01 -1.1036e+01
6.0000e+01 0.0000e+00 -9.5904e+00
6.0000e+01 1.0000e+01 -1.0957e+01
6.0000e+01 2.0000e+01 -8.2862e+00
6.0000e+01 3.0000e+01 -3.8598e+00
6.0000e+01 4.0000e+01 -5.7459e+00
6.0000e+01 5.0000e+01 -3.8694e+00
6.0000e+01 6.0000e+01 -4.2846e+00
6.0000e+01 7.0000e+01 -1.6101e+00
6.0000e+01 8.0000e+01 -2.2925e+00
6.0000e+01 9.0000e+01 -2.5425e+00
6.0000e+01 1.0000e+02 -1.6098e+00
6.0000e+01 1.1000e+02 -2.5487e+00
6.0000e+01 1.2000e+02 -1.9922e+00
6.0000e+01 1.3000e+02 -2.1708e-01
6.0000e+01 1.4000e+02 1.2885e+00
6.0000e+01 1.5000e+02 -4.5687e+00
6.0000e+01 1.6000e+02 5.1151e-01
6.0000e+01 1.7000e+02 8.4366e-01
6.0000e+01 1.8000e+02 -2.1628e-01
6.0000e+01 1.9000e+02 1.4304e+00
6.0000e+01 2.0000e+02 2.2188e+00
7.0000e+01 -2.0000e+02 -8.2226e-02
7.0000e+01 -1.9000e+02 2.8046e+00
7.0000e+01 -1.8000e+02 -7.3897e-01
7.0000e+01 -1.7000e+02 -2.1795e+00
7.0000e+01 -1.6000e+02 -3.1121e+00
7.0000e+01 -1.5000e+02 -6.2368e-01
7.0000e+01 -1.4000e+02 -3.8695e-01
7.0000e+01 -1.3000e+02 -3.7038e+00
7.0000e+01 -1.2000e+02 7.8642e-02
7.0000e+01 -1.1000e+02 -3.4318e+00
7.0000e+01 -1.0000e+02 1.4025e+00
7.0000e+01 -9.0000e+01 -2.4034e+00
7.0000e+01 -8.0000e+01 -1.3667e+00
7.0000e+01 -7.0000e+01 -2.5427e+00
7.0000e+01 -6.0000e+01 -2.6083e+00
7.0000e+01 -5.0000e+01 -5.2213e+00
7.0000e+01 -4.0000e+01 -6.8226e+00
7.0000e+01 -3.0000e+01 -7.5204e+00
7.0000e+01 -2.0000e+01 -7.2638e+00
7.0000e+01 -1.0000e+01 -6.1650e+00
7.0000e+01 0.0000e+00 -7.4123e+00
7.0000e+01 1.0000e+01 -7.1817e+00
7.0000e+01 2.0000e+01 -6.0930e+00
7.0000e+01 3.0000e+01 -6.8530e+00
7.0000e+01 4.0000e+01 -3.4448e+00
7.0000e+01 5.0000e+01 -6.1549e+00
7.0000e+01 6.0000e+01 -3.8068e+00
7.0000e+01 7.0000e+01 -4.3951e+00
7.0000e+01 8.0000e+01 -1.9656e+00
7.0000e+01 9.0000e+01 -1.6370e+00
7.0000e+01 1.0000e+02 -2.3035e+00
7.0000e+01 1.1000e+02 5.2948e-02
7.0000e+01 1.2000e+02 -5.6385e-01
7.0000e+01 1.3000e+02 8.7517e-01
7.0000e+01 1.4000e+02 -1.3626e+00
7.0000e+01 1.5000e+02 -4.2651e-01
7.0000e+01 1.6000e+02 8.2178e-01
7.0000e+01 1.7000e+02 7.4378e-02
7.0000e+01 1.8000e+02 -3.6959e-03
7.0000e+01 1.9000e+02 8.3018e-01
7.0000e+01 2.0000e+02 -7.0413e-01
8.0000e+01 -2.0000e+02 4.6152e-01
8.0000e+01 -1.9000e+02 8.0065e-02
8.0000e+01 -1.8000e+02 -5.6307e-01
8.0000e+01 -1.7000e+02 -3.8376e+00
8.0000e+01 -1.6000e+02 -3.7227e+00
8.0000e+01 -1.5000e+02 -1.1544e-01
8.0000e+01 -1.4000e+02 -4.8841e-01
8.0000e+01 -1.3000e+02 1.3696e+00
8.0000e+01 -1.2000e+02 3.0096e+00
8.0000e+01 -1.1000e+02 4.9885e-01
8.0000e+01 -1.0000e+02 2.4745e-01
8.0000e+01 -9.0000e+01 1.8192e+00
8.0000e+01 -8.0000e+01 -2.4747e-01
8.0000e+01 -7.0000e+01 -4.9889e+00
8.0000e+01 -6.0000e+01 -1.3510e+00
8.0000e+01 -5.0000e+01 -2.2588e+00
8.0000e+01 -4.0000e+01 -5.4898e+00
8.0000e+01 -3.0000e+01 -4.6694e+00
8.0000e+01 -2.0000e+01 -5.6438e+00
8.0000e+01 -1.0000e+01 -5.0909e+00
8.0000e+01 0.0000e+00 -5.1260e+00
8.0000e+01 1.0000e+01 -8.6929e+00
8.0000e+01 2.0000e+01 -3.6752e+00
8.0000e+01 3.0000e+01 -5.5180e+00
8.0000e+01 4.0000e+01 -3.6932e+00
8.0000e+01 5.0000e+01 -4.4195e+00
8.0000e+01 6.0000e+01 2.8622e-02
8.0000e+01 7.0000e+01 -2.6968e+00
8.0000e+01 8.0000e+01 -3.8613e+00
8.0000e+01 9.0000e+01 -1.1935e+00
8.0000e+01 1.0000e+02 -2.9179e+00
8.0000e+01 1.1000e+02 6.2155e-01
8.0000e+01 1.2000e+02 -1.7704e+00
8.0000e+01 1.3000e+02 -1.0677e+00
8.0000e+01 1.4000e+02 1.4577e-01
8.0000e+01 1.5000e+02 -1.1868e+00
8.0000e+01 1.6000e+02 -6.1905e-01
8.0000e+01 1.7000e+02 -2.0870e+00
8.0000e+01 1.8000e+02 -6.5271e-01
8.0000e+01 1.9000e+02 1.5708e+00
8.0000e+01 2.0000e+02 1.3690e+00
9.0000e+01 -2.0000e+02 1.5250e+00
9.0000e+01 -1.9000e+02 -2.0637e-01
9.0000e+01 -1.8000e+02 1.7500e-01
9.0000e+01 -1.7000e+02 2.1470e+00
9.0000e+01 -1.6000e+02 -5.2548e-02
9.0000e+01 -1.5000e+02 1.9220e+00
9.0000e+01 -1.4000e+02 5.1147e-01
9.0000e+01 -1.3000e+02 -4.9456e-01
9.0000e+01 -1.2000e+02 -3.5074e+00
9.0000e+01 -1.1000e+02 -6.8544e-01
9.0000e+01 -1.0000e+02 1.1132e+00
9.0000e+01 -9.0000e+01 9.4690e-01
9.0000e+01 -8.0000e+01 -1.7057e+00
9.0000e+01 -7.0000e+01 -2.3641e+00
9.0000e+01 -6.0000e+01 -2.6348e+00
9.0000e+01 -5.0000e+01 -2.3622e+00
9.0000e+01 -4.0000e+01 -4.6269e+00
9.0000e+01 -3.0000e+01 -3.8942e+00
9.0000e+01 -2.0000e+01 -4.9508e+00
9.0000e+01 -1.0000e+01 -4.7060e+00
9.0000e+01 0.0000e+00 -3.4313e+00
9.0000e+01 1.0000e+01 -7.1217e+00
9.0000e+01 2.0000e+01 -5.7806e+00
9.0000e+01 3.0000e+01 -5.2457e+00
9.0000e+01 4.0000e+01 -3.8844e+00
9.0000e+01 5.0000e+01 -9.9814e-01
9.0000e+01 6.0000e+01 -1.7796e+00
9.0000e+01 7.0000e+01 -1.3382e+00
9.0000e+01 8.0000e+01 -1.0244e-01
9.0000e+01 9.0000e+01 -1.7721e+00
9.0000e+01 1.0000e+02 -3.2333e+00
9.0000e+01 1.1000e+02 -1.8239e+00
9.0000e+01 1.2000e+02 -5.0292e-01
9.0000e+01 1.3000e+02 -6.4723e-01
9.0000e+01 1.4000e+02 2.6324e-01
9.0000e+01 1.5000e+02 -9.7884e-01
9.0000e+01 1.6000e+02 -2.3558e+00
9.0000e+01 1.7000e+02 2.2870e+00
9.0000e+01 1.8000e+02 1.1122e+00
9.0000e+01 1.9000e+02 -3.4772e-01
9.0000e+01 2.0000e+02 -1.6517e+00
1.0000e+02 -2.0000e+02 -3.1072e-01
1.0000e+02 -1.9000e+02 1.5618e-01
1.0000e+02 -1.8000e+02 -1.0842e+00
1.0000e+02 -1.7000e+02 -4.0526e-01
1.0000e+02 -1.6000e+02 -4.8700e-01
1.0000e+02 -1.5000e+02 6.0945e-01
1.0000e+02 -1.4000e+02 -1.6310e-02
1.0000e+02 -1.3000e+02 3.5543e-01
1.0000e+02 -1.2000e+02 5.1652e-01
1.0000e+02 -1.1000e+02 9.9913e-01
1.0000e+02 -1.0000e+02 5.9638e-01
1.0000e+02 -9.0000e+01 -1.6043e+00
1.0000e+02 -8.0000e+01 2.3495e+00
1.0000e+02 -7.0000e+01 -1.2632e+00
1.0000e+02 -6.0000e+01 1.1517e+00
1.0000e+02 -5.0000e+01 -3.3497e+00
1.0000e+02 -4.0000e+01 -4.8486e+00
1.0000e+02 -3.0000e+01 -1.9749e+00
1.0000e+02 -2.0000e+01 -2.7826e+00
1.0000e+02 -1.0000e+01 -6.2832e+00
1.0000e+02 0.0000e+00 -4.6655e+00
1.0000e+02 1.0000e+01 -2.8414e+00
1.0000e+02 2.0000e+01 1.7394e-01
1.0000e+02 3.0000e+01 -2.9437e+00
1.0000e+02 4.0000e+01 -1.0792e+00
1.0000e+02 5.0000e+01 -3.9080e+00
1.0000e+02 6.0000e+01 -1.0244e+00
1.0000e+02 7.0000e+01 -2.7627e+00
1.0000e+02 8.0000e+01 -6.8718e-01
1.0000e+02 9.0000e+01 3.7648e+00
1.0000e+02 1.0000e+02 -1.1130e+00
1.0000e+02 1.1000e+02 1.4891e+00
1.0000e+02 1.2000e+02 -1.6034e+00
1.0000e+02 1.3000e+02 3.1078e-01
1.0000e+02 1.4000e+02 1.7208e-01
1.0000e+02 1.5000e+02 -5.3387e-01
1.0000e+02 1.6000e+02 -1.2135e+00
1.0000e+02 1.7000e+02 6.5790e-02
1.0000e+02 1.8000e+02 -2.7762e+00
1.0000e+02 1.9000e+02 9.3722e-01
1.0000e+02 2.0000e+02 1.4193e+00
1.1000e+02 -2.0000e+02 2.0962e+00
1.1000e+02 -1.9000e+02 -1.0270e-01
1.1000e+02 -1.8000e+02 1.4582e+00
1.1000e+02 -1.7000e+02 -2.4617e+00
1.1000e+02 -1.6000e+02 -2.9455e+00
1.1000e+02 -1.5000e+02 3.7338e-02
1.1000e+02 -1.4000e+02 -6.3519e-01
1.1000e+02 -1.3000e+02 1.7232e+00
1.1000e+02 -1.2000e+02 6.4999e-02
1.1000e+02 -1.1000e+02 -1.0477e+00
1.1000e+02 -1.0000e+02 -2.8621e-01
1.1000e+02 -9.0000e+01 -2.1731e-01
1.1000e+02 -8.0000e+01 -4.0178e-01
1.1000e+02 -7.0000e+01 -3.2557e+00
1.1000e+02 -6.0000e+01 -1.8715e+00
1.1000e+02 -5.0000e+01 -3.7656e+00
1.1000e+02 -4.0000e+01 -3.4698e+00
1.1000e+02 -3.0000e+01 -2.5591e+00
1.1000e+02 -2.0000e+01 -3.1415e+00
1.1000e+02 -1.0000e+01 -3.7511e+00
1.1000e+02 0.0000e+00 -3.4620e+00
1.1000e+02 1.0000e+01 -2.3853e-01
1.1000e+02 2.0000e+01 -1.2482e+00
1.1000e+02 3.0000e+01 -1.2893e+00
1.1000e+02 4.0000e+01 -2.5876e+00
1.1000e+02 5.0000e+01 -1.7376e+00
1.1000e+02 6.0000e+01 1.7456e-01
1.1000e+02 7.0000e+01 -1.2139e+00
1.1000e+02 8.0000e+01 -2.0763e+00
1.1000e+02 9.0000e+01 -2.8391e+00
1.1000e+02 1.0000e+02 -2.9630e+00
1.1000e+02 1.1000e+02 -2.9375e-01
1.1000e+02 1.2000e+02 -2.1264e+00
1.1000e+02 1.3000e+02 -1.1450e+00
1.1000e+02 1.4000e+02 3.0364e+00
1.1000e+02 1.5000e+02 2.1757e+00
1.1000e+02 1.6000e+02 1.8789e-01
1.1000e+02 1.7000e+02 -1.2471e-01
1.1000e+02 1.8000e+02 1.4261e+00
1.1000e+02 1.9000e+02 -2.2004e+00
1.1000e+02 2.0000e+02 1.3873e+00
1.2000e+02 -2.0000e+02 -8.3388e-01
1.2000e+02 -1.9000e+02 1.1168e+00
1.2000e+02 -1.8000e+02 9.3244e-02
1.2000e+02 -1.7000e+02 -1.7730e+00
1.2000e+02 -1.6000e+02 -1.4661e+00
1.2000e+02 -1.5000e+02 8.4173e-01
1.2000e+02 -1.4000e+02 -4.4959e-01
1.2000e+02 -1.3000e+02 -1.5999e+00
1.2000e+02 -1.2000e+02 -1.3543e+00
1.2000e+02 -1.1000e+02 1.2936e+00
1.2000e+02 -1.0000e+02 -4.9580e-01
1.2000e+02 -9.0000e+01 -1.5199e-01
1.2000e+02 -8.0000e+01 -1.2779e-01
1.2000e+02 -7.0000e+01 -4.8814e+00
1.2000e+02 -6.0000e+01 -3.2048e+00
1.2000e+02 -5.0000e+01 -3.1436e+00
1.2000e+02 -4.0000e+01 -1.3567e+00
1.2000e+02 -3.0000e+01 7.6329e-02
1.2000e+02 -2.0000e+01 -8.2238e-01
1.2000e+02 -1.0000e+01 -1.9405e+00
1.2000e+02 0.0000e+00 -2.1276e+00
1.2000e+02 1.0000e+01 -1.9643e+00
1.2000e+02 2.0000e+01 -1.4982e-01
1.2000e+02 3.0000e+01 -1.3358e+00
1.2000e+02 4.0000e+01 3.9562e-01
1.2000e+02 5.0000e+01 -9.7745e-01
1.2000e+02 6.0000e+01 3.6191e-01
1.2000e+02 7.0000e+01 -1.5876e-02
1.2000e+02 8.0000e+01 -3.6123e-01
1.2000e+02 9.0000e+01 2.2664e+00
1.2000e+02 1.0000e+02 1.3477e+00
1.2000e+02 1.1000e+02 -2.5813e+00
1.2000e+02 1.2000e+02 -2.2901e-01
1.2000e+02 1.3000e+02 -2.3496e+00
1.2000e+02 1.4000e+02 1.0349e+00
1.2000e+02 1.5000e+02 1.3498e+00
1.2000e+02 1.6000e+02 -1.6178e-01
1.2000e+02 1.7000e+02 -3.9715e-01
1.2000e+02 1.8000e+02 2.3611e+00
1.2000e+02 1.9000e+02 3.9307e-01
1.2000e+02 2.0000e+02 3.8597e-01
1.3000e+02 -2.0000e+02 3.7208e+00
1.3000e+02 -1.9000e+02 1.1382e+00
1.3000e+02 -1.8000e+02 1.2755e+00
1.3000e+02 -1.7000e+02 -9.9456e-01
1.3000e+02 -1.6000e+02 5.2440e-01
1.3000e+02 -1.5000e+02 -9.8714e-01
1.3000e+02 -1.4000e+02 1.2434e+00
1.3000e+02 -1.3000e+02 1.2737e+00
1.3000e+02 -1.2000e+02 -1.9141e-01
1.3000e+02 -1.1000e+02 -3.1610e+00
1.3000e+02 -1.0000e+02 4.5200e-01
1.3000e+02 -9.0000e+01 1.2132e-01
1.3000e+02 -8.0000e+01 -1.1345e-01
1.3000e+02 -7.0000e+01 -1.3726e+00
1.3000e+02 -6.0000e+01 -1.4102e+00
1.3000e+02 -5.0000e+01 1.2660e-01
1.3000e+02 -4.0000e+01 3.8419e-01
1.3000e+02 -3.0000e+01 1.0685e+00
1.3000e+02 -2.0000e+01 -1.2024e+00
1.3000e+02 -1.0000e+01 1.4818e+00
1.3000e+02 0.0000e+00 5.6641e-01
1.3000e+02 1.0000e+01 -3.8099e-01
1.3000e+02 2.0000e+01 -1.0060e+00
1.3000e+02 3.0000e+01 -2.8897e+00
1.3000e+02 4.0000e+01 4.8098e-01
1.3000e+02 5.0000e+01 -8.5098e-01
1.3000e+02 6.0000e+01 -2.2715e+00
1.3000e+02 7.0000e+01 1.4960e-01
1.3000e+02 8.0000e+01 3.7602e+00
1.3000e+02 9.0000e+01 -2.9781e-01
1.3000e+02 1.0000e+02 -1.5299e+00
1.3000e+02 1.1000e+02 -8.3129e-02
1.3000e+02 1.2000e+02 -1.2563e-01
1.3000e+02 1.3000e+02 -5.5692e-01
1.3000e+02 1.4000e+02 -2.7801e+00
1.3000e+02 1.5000e+02 -1.0634e+00
1.3000e+02 1.6000e+02 -1.0467e+00
1.3000e+02 1.7000e+02 5.6762e-02
1.3000e+02 1.8000e+02 -2.8480e+00
1.3000e+02 1.9000e+02 2.3639e-01
1.3000e+02 2.0000e+02 -1.4051e+00
1.4000e+02 -2.0000e+02 2.1368e+00
1.4000e+02 -1.9000e+02 -1.0513e+00
1.4000e+02 -1.8000e+02 -8.7458e-01
1.4000e+02 -1.7000e+02 -9.8114e-01
1.4000e+02 -1.6000e+02 9.6951e-01
1.4000e+02 -1.5000e+02 3.5229e-01
1.4000e+02 -1.4000e+02 -1.3054e+00
1.4000e+02 -1.3000e+02 9.1336e-01
1.4000e+02 -1.2000e+02 -3.1362e-01
1.4000e+02 -1.1000e+02 -4.0439e+00
1.4000e+02 -1.0000e+02 1.5944e+00
1.4000e+02 -9.0000e+01 2.0540e+00
1.4000e+02 -8.0000e+01 1.5204e+00
1.4000e+02 -7.0000e+01 -1.9157e+00
1.4000e+02 -6.0000e+01 -7.9426e-01
1.4000e+02 -5.0000e+01 -1.9265e+00
1.4000e+02 -4.0000e+01 2.1721e-01
1.4000e+02 -3.0000e+01 -2.1515e-01
1.4000e+02 -2.0000e+01 4.3538e-01
1.4000e+02 -1.0000e+01 3.3622e-01
1.4000e+02 0.0000e+00 -2.6414e+00
1.4000e+02 1.0000e+01 -8.7600e-01
1.4000e+02 2.0000e+01 -1.0797e+00
1.4000e+02 3.0000e+01 -3.7786e-01
1.4000e+02 4.0000e+01 -1.9729e+00
1.4000e+02 5.0000e+01 -1.1990e+00
1.4000e+02 6.0000e+01 1.6795e-01
1.4000e+02 7.0000e+01 -8.1572e-01
1.4000e+02 8.0000e+01 1.5851e+00
1.4000e+02 9.0000e+01 2.0443e+00
1.4000e+02 1.0000e+02 2.0986e-01
1.4000e+02 1.1000e+02 -1.5685e+00
1.4000e+02 1.2000e+02 7.5021e-02
1.4000e+02 1.3000e+02 4.3813e-01
1.4000e+02 1.4000e+02 -1.9906e-01
1.4000e+02 1.5000e+02 -5.7304e-01
1.4000e+02 1.6000e+02 -8.9480e-01
1.4000e+02 1.7000e+02 -6.0612e-01
1.4000e+02 1.8000e+02 -7.4102e-01
1.4000e+02 1.9000e+02 -2.1947e+00
1.4000e+02 2.0000e+02 3.0371e+00
1.5000e+02 -2.0000e+02 -2.9116e-02
1.5000e+02 -1.9000e+02 1.0151e+00
1.5000e+02 -1.8000e+02 -8.2835e-01
1.5000e+02 -1.7000e+02 -4.8602e-02
1.5000e+02 -1.6000e+02 -1.1782e+00
1.5000e+02 -1.5000e+02 -1.1402e+00
1.5000e+02 -1.4000e+02 7.1758e-01
1.5000e+02 -1.3000e+02 -8.7737e-01
1.5000e+02 -1.2000e+02 -1.3499e+00
1.5000e+02 -1.1000e+02 -1.9409e+00
1.5000e+02 -1.0000e+02 1.5817e+00
1.5000e+02 -9.0000e+01 1.2469e-01
1.5000e+02 -8.0000e+01 1.1079e+00
1.5000e+02 -7.0000e+01 -5.1097e-01
1.5000e+02 -6.0000e+01 4.3532e-01
1.5000e+02 -5.0000e+01 -1.3935e+00
1.5000e+02 -4.0000e+01 2.5299e-01
1.5000e+02 -3.0000e+01 -2.8882e+00
1.5000e+02 -2.0000e+01 -2.5107e+00
1.5000e+02 -1.0000e+01 -1.7311e+00
1.5000e+02 0.0000e+00 -1.5416e+00
1.5000e+02 1.0000e+01 1.7885e+00
1.5000e+02 2.0000e+01 2.8637e-01
1.5000e+02 3.0000e+01 -2.3771e+00
1.5000e+02 4.0000e+01 1.8344e+00
1.5000e+02 5.0000e+01 -2.0389e+00
1.5000e+02 6.0000e+01 1.1078e+00
1.5000e+02 7.0000e+01 -9.8814e-01
1.5000e+02 8.0000e+01 1.2616e+00
1.5000e+02 9.0000e+01 1.4544e+00
1.5000e+02 1.0000e+02 5.0137e-01
1.5000e+02 1.1000e+02 3.7129e-01
1.5000e+02 1.2000e+02 1.0038e-01
1.5000e+02 1.3000e+02 9.2299e-02
1.5000e+02 1.4000e+02 6.6898e-02
1.5000e+02 1.5000e+02 1.1415e+00
1.5000e+02 1.6000e+02 -6.2009e-01
1.5000e+02 1.7000e+02 8.6018e-02
1.5000e+02 1.8000e+02 -1.1204e+00
1.5000e+02 1.9000e+02 -4.2968e-01
1.5000e+02 2.0000e+02 2.3824e+00
1.6000e+02 -2.0000e+02 1.5136e+00
1.6000e+02 -1.9000e+02 -3.3624e-01
1.6000e+02 -1.8000e+02 -6.5593e-01
1.6000e+02 -1.7000e+02 -7.7294e-01
1.6000e+02 -1.6000e+02 -1.4857e+00
1.6000e+02 -1.5000e+02 4.6873e-01
1.6000e+02 -1.4000e+02 5.8291e-01
1.6000e+02 -1.3000e+02 -2.5652e-01
1.6000e+02 -1.2000e+02 1.4853e+00
1.6000e+02 -1.1000e+02 2.2683e+00
1.6000e+02 -1.0000e+02 -6.3233e-01
1.6000e+02 -9.0000e+01 -2.1048e+00
1.6000e+02 -8.0000e+01 7.5338e-01
1.6000e+02 -7.0000e+01 8.7266e-01
1.6000e+02 -6.0000e+01 4.1134e-01
1.6000e+02 -5.0000e+01 -8.5629e-02
1.6000e+02 -4.0000e+01 1.8207e-01
1.6000e+02 -3.0000e+01 -2.6530e+00
1.6000e+02 -2.0000e+01 -6.4636e-01
1.6000e+02 -1.0000e+01 -6.8640e-03
1.6000e+02 0.0000e+00 -3.2266e+00
1.6000e+02 1.0000e+01 -3.2749e-01
1.6000e+02 2.0000e+01 -7.1444e-01
1.6000e+02 3.0000e+01 -1.8846e+00
1.6000e+02 4.0000e+01 6.0465e-01
1.6000e+02 5.0000e+01 -8.4228e-01
1.6000e+02 6.0000e+01 -5.6841e-01
1.6000e+02 7.0000e+01 -2.2769e-01
1.6000e+02 8.0000e+01 2.1407e+00
1.6000e+02 9.0000e+01 -1.4726e+00
1.6000e+02 1.0000e+02 1.0982e+00
1.6000e+02 1.1000e+02 -3.9080e-01
1.6000e+02 1.2000e+02 -2.1954e+00
1.6000e+02 1.3000e+02 -5.1713e-02
1.6000e+02 1.4000e+02 -5.9912e-01
1.6000e+02 1.5000e+02 1.2061e-01
1.6000e+02 1.6000e+02 1.3887e+00
1.6000e+02 1.7000e+02 -5.3136e-01
1.6000e+02 1.8000e+02 1.4308e+00
1.6000e+02 1.9000e+02 -8.1905e-01
1.6000e+02 2.0000e+02 9.6015e-01
1.7000e+02 -2.0000e+02 -9.6629e-01
1.7000e+02 -1.9000e+02 9.6672e-01
1.7000e+02 -1.8000e+02 1.7339e+00
1.7000e+02 -1.7000e+02 -2.4557e+00
1.7000e+02 -1.6000e+02 -1.2149e+00
1.7000e+02 -1.5000e+02 -1.1297e+00
1.7000e+02 -1.4000e+02 1.2952e+00
1.7000e+02 -1.3000e+02 2.6225e-01
1.7000e+02 -1.2000e+02 -9.8821e-02
1.7000e+02 -1.1000e+02 -1.1759e+00
1.7000e+02 -1.0000e+02 -3.6140e-01
1.7000e+02 -9.0000e+01 -8.3483e-01
1.7000e+02 -8.0000e+01 -1.5412e-01
1.7000e+02 -7.0000e+01 -1.9629e+00
1.7000e+02 -6.0000e+01 2.3573e+00
1.7000e+02 -5.0000e+01 2.7165e-01
1.7000e+02 -4.0000e+01 -1.2291e+00
1.7000e+02 -3.0000e+01 6.8948e-01
1.7000e+02 -2.0000e+01 -4.8712e-01
1.7000e+02 -1.0000e+01 -1.4799e+00
1.7000e+02 0.0000e+00 -1.8009e-01
1.7000e+02 1.0000e+01 1.7382e+00
1.7000e+02 2.0000e+01 1.1691e+00
1.7000e+02 3.0000e+01 -3.1517e-01
1.7000e+02 4.0000e+01 -2.0792e+00
1.7000e+02 5.0000e+01 -2.4382e-01
1.7000e+02 6.0000e+01 -2.2508e+00
1.7000e+02 7.0000e+01 2.5190e+00
1.7000e+02 8.0000e+01 -2.7136e+00
1.7000e+02 9.0000e+01 -1.1444e+00
1.7000e+02 1.0000e+02 -9.1630e-01
1.7000e+02 1.1000e+02 -6.3752e-01
1.7000e+02 1.2000e+02 -2.9274e-01
1.7000e+02 1.3000e+02 6.0855e-01
1.7000e+02 1.4000e+02 1.2582e+00
1.7000e+02 1.5000e+02 2.3777e-01
1.7000e+02 1.6000e+02 -7.6300e-01
1.7000e+02 1.7000e+02 -9.5644e-01
1.7000e+02 1.8000e+02 -2.5244e-01
1.7000e+02 1.9000e+02 2.1288e+00
1.7000e+02 2.0000e+02 -2.7261e-01
1.8000e+02 -2.0000e+02 1.4915e+00
1.8000e+02 -1.9000e+02 2.1600e+00
1.8000e+02 -1.8000e+02 -2.5800e+00
1.8000e+02 -1.7000e+02 2.7026e-01
1.8000e+02 -1.6000e+02 -1.8590e+00
1.8000e+02 -1.5000e+02 4.6866e-01
1.8000e+02 -1.4000e+02 -1.5046e+00
1.8000e+02 -1.3000e+02 -5.1565e-02
1.8000e+02 -1.2000e+02 1.1968e+00
1.8000e+02 -1.1000e+02 7.7010e-01
1.8000e+02 -1.0000e+02 -6.6627e-01
1.8000e+02 -9.0000e+01 1.8583e+00
1.8000e+02 -8.0000e+01 1.1735e+00
1.8000e+02 -7.0000e+01 3.2927e-01
1.8000e+02 -6.0000e+01 2.4186e+00
1.8000e+02 -5.0000e+01 -7.7252e-01
1.8000e+02 -4.0000e+01 -1.7974e+00
1.8000e+02 -3.0000e+01 9.3177e-01
1.8000e+02 -2.0000e+01 9.4702e-01
1.8000e+02 -1.0000e+01 1.0682e+00
1.8000e+02 0.0000e+00 -1.0168e-01
1.8000e+02 1.0000e+01 3.4893e+00
1.8000e+02 2.0000e+01 5.1278e-02
1.8000e+02 3.0000e+01 5.2990e-01
1.8000e+02 4.0000e+01 1.1736e+00
1.8000e+02 5.0000e+01 -1.4029e+00
1.8000e+02 6.0000e+01 -7.6709e-01
1.8000e+02 7.0000e+01 -3.4031e-01
1.8000e+02 8.0000e+01 -9.6316e-01
1.8000e+02 9.0000e+01 2.7430e-01
1.8000e+02 1.0000e+02 -1.7547e+00
1.8000e+02 1.1000e+02 3.7520e+00
1.8000e+02 1.2000e+02 -1.5082e+00
1.8000e+02 1.3000e+02 8.1515e-01
1.8000e+02 1.4000e+02 -1.4306e+00
1.8000e+02 1.5000e+02 4.9894e-01
1.8000e+02 1.6000e+02 -5.0792e-01
1.8000e+02 1.7000e+02 1.4539e-01
1.8000e+02 1.8000e+02 1.5116e+00
1.8000e+02 1.9000e+02 3.0892e+00
1.8000e+02 2.0000e+02 -3.2390e+00
1.9000e+02 -2.0000e+02 1.0030e-01
1.9000e+02 -1.9000e+02 1.5662e+00
1.9000e+02 -1.8000e+02 6.4979e-02
1.9000e+02 -1.7000e+02 8.1064e-01
1.9000e+02 -1.6000e+02 1.1836e-01
1.9000e+02 -1.5000e+02 -5.1355e-02
1.9000e+02 -1.4000e+02 -5.2987e-01
1.9000e+02 -1.3000e+02 1.5677e+00
1.9000e+02 -1.2000e+02 -1.9678e-01
1.9000e+02 -1.1000e+02 -1.0066e+00
1.9000e+02 -1.0000e+02 -4.6795e-01
1.9000e+02 -9.0000e+01 3.4320e-01
1.9000e+02 -8.0000e+01 -4.0483e-01
1.9000e+02 -7.0000e+01 3.9648e-01
1.9000e+02 -6.0000e+01 3.5243e-02
1.9000e+02 -5.0000e+01 -6.4759e-01
1.9000e+02 -4.0000e+01 1.4089e+00
1.9000e+02 -3.0000e+01 1.6528e+00
1.9000e+02 -2.0000e+01 -2.6974e+00
1.9000e+02 -1.0000e+01 1.6938e+00
1.9000e+02 0.0000e+00 -3.6567e-01
1.9000e+02 1.0000e+01 8.8128e-01
1.9000e+02 2.0000e+01 -1.8409e-01
1.9000e+02 3.0000e+01 -1.4177e+00
1.9000e+02 4.0000e+01 3.0900e+00
1.9000e+02 5.0000e+01 -1.9519e+00
1.9000e+02 6.0000e+01 -3.4885e+00
1.9000e+02 7.0000e+01 -4.6622e-01
1.9000e+02 8.0000e+01 -1.5446e+00
1.9000e+02 9.0000e+01 -1.6131e+00
1.9000e+02 1.0000e+02 -3.4618e+00
1.9000e+02 1.1000e+02 -7.1696e-01
1.9000e+02 1.2000e+02 8.6608e-01
1.9000e+02 1.3000e+02 2.8419e-01
1.9000e+02 1.4000e+02 -2.2718e+00
1.9000e+02 1.5000e+02 3.0256e-01
1.9000e+02 1.6000e+02 -1.2622e+00
1.9000e+02 1.7000e+02 9.1136e-01
1.9000e+02 1.8000e+02 9.4852e-01
1.9000e+02 1.9000e+02 7.6875e-01
1.9000e+02 2.0000e+02 -2.0839e+00
2.0000e+02 -2.0000e+02 -3.0817e+00
2.0000e+02 -1.9000e+02 3.6631e+00
2.0000e+02 -1.8000e+02 -1.2379e+00
2.0000e+02 -1.7000e+02 -2.4176e+00
2.0000e+02 -1.6000e+02 -1.2862e+00
2.0000e+02 -1.5000e+02 6.4139e-01
2.0000e+02 -1.4000e+02 -1.5831e+00
2.0000e+02 -1.3000e+02 -7.6745e-01
2.0000e+02 -1.2000e+02 -2.4423e-01
2.0000e+02 -1.1000e+02 1.0397e-01
2.0000e+02 -1.0000e+02 -2.3696e+00
2.0000e+02 -9.0000e+01 -6.9942e-01
2.0000e+02 -8.0000e+01 -1.4793e+00
2.0000e+02 -7.0000e+01 1.7767e+00
2.0000e+02 -6.0000e+01 -5.8821e-01
2.0000e+02 -5.0000e+01 -1.2583e+00
2.0000e+02 -4.0000e+01 -9.6904e-01
2.0000e+02 -3.0000e+01 6.5803e-02
2.0000e+02 -2.0000e+01 -4.3257e-01
2.0000e+02 -1.0000e+01 -4.1043e-01
2.0000e+02 0.0000e+00 -9.3012e-01
2.0000e+02 1.0000e+01 -1.8678e+00
2.0000e+02 2.0000e+01 -6.0442e-01
2.0000e+02 3.0000e+01 -8.5068e-01
2.0000e+02 4.0000e+01 -8.3033e-01
2.0000e+02 5.0000e+01 -2.6639e-01
2.0000e+02 6.0000e+01 3.3195e+00
2.0000e+02 7.0000e+01 1.0279e+00
2.0000e+02 8.0000e+01 2.0736e+00
2.0000e+02 9.0000e+01 -5.6147e-01
2.0000e+02 1.0000e+02 -1.1082e+00
2.0000e+02 1.1000e+02 6.7886e-01
2.0000e+02 1.2000e+02 -1.5545e+00
2.0000e+02 1.3000e+02 -8.1200e-01
2.0000e+02 1.4000e+02 -7.3772e-01
2.0000e+02 1.5000e+02 5.7089e-01
2.0000e+02 1.6000e+02 -1.5298e+00
2.0000e+02 1.7000e+02 9.7547e-01
2.0000e+02 1.8000e+02 -2.1799e+00
2.0000e+02 1.9000e+02 -2.0589e+00
2.0000e+02 2.0000e+02 -1.7414e+00
