-2.0000e+02 -2.0000e+02 -1.5646e+00
-2.0000e+02 -1.9000e+02 9.2503e-01
-2.0000e+02 -1.8000e+02 2.5935e+00
-2.0000e+02 -1.7000e+02 2.8014e+00
-2.0000e+02 -1.6000e+02 5.6202e-01
-2.0000e+02 -1.5000e+02 -3.6396e-01
-2.0000e+02 -1.4000e+02 -3.0290e+00
-2.0000e+02 -1.3000e+02 -1.1658e+00
-2.0000e+02 -1.2000e+02 1.1622e+00
-2.0000e+02 -1.1000e+02 -8.0981e-01
-2.0000e+02 -1.0000e+02 1.0292e+00
-2.0000e+02 -9.0000e+01 -3.6338e-01
-2.0000e+02 -8.0000e+01 -1.7258e+00
-2.0000e+02 -7.0000e+01 4.7976e-01
-2.0000e+02 -6.0000e+01 -9.3937e-01
-2.0000e+02 -5.0000e+01 -1.6944e+00
-2.0000e+02 -4.0000e+01 1.1667e+00
-2.0000e+02 -3.0000e+01 -2.4736e+00
-2.0000e+02 -2.0000e+01 -3.1574e-01
-2.0000e+02 -1.0000e+01 -1.2499e+00
-2.0000e+02 0.0000e+00 -5.2650e-01
-2.0000e+02 1.0000e+01 2.0553e+00
-2.0000e+02 2.0000e+01 1.6063e+00
-2.0000e+02 3.0000e+01 -2.2658e+00
-2.0000e+02 4.0000e+01 1.5989e+00
-2.0000e+02 5.0000e+01 -1.2518e+00
-2.0000e+02 6.0000e+01 -1.1002e+00
-2.0000e+02 7.0000e+01 1.1259e+00
-2.0000e+02 8.0000e+01 2.4915e+00
-2.0000e+02 9.0000e+01 -4.7726e-02
-2.0000e+02 1.0000e+02 1.4107e+00
-2.0000e+02 1.1000e+02 3.4188e-01
-2.0000e+02 1.2000e+02 5.3783e-01
-2.0000e+02 1.3000e+02 -2.1320e+00
-2.0000e+02 1.4000e+02 3.0854e+00
-2.0000e+02 1.5000e+02 -5.9203e-01
-2.0000e+02 1.6000e+02 -6.0055e-01
-2.0000e+02 1.7000e+02 -2.9020e+00
-2.0000e+02 1.8000e+02 1.3176e+00
-2.0000e+02 1.9000e+02 7.2301e-01
-2.0000e+02 2.0000e+02 -1.5235e+00
-1.9000e+02 -2.0000e+02 1.1622e+00
-1.9000e+02 -1.9000e+02 1.7840e+00
-1.9000e+02 -1.8000e+02 1.6568e+00
-1.9000e+02 -1.7000e+02 -8.7763e-01
-1.9000e+02 -1.6000e+02 -1.7762e+00
-1.9000e+02 -1.5000e+02 6.9979e-02
-1.9000e+02 -1.4000e+02 -2.5354e-01
-1.9000e+02 -1.3000e+02 -1.7730e-01
-1.9000e+02 -1.2000e+02 5.3417e-01
-1.9000e+02 -1.1000e+02 -3.4227e+00
-1.9000e+02 -1.0000e+02 1.1818e+00
-1.9000e+02 -9.0000e+01 9.8725e-01
-1.9000e+02 -8.0000e+01 4.5152e-01
-1.9000e+02 -7.0000e+01 -1.2513e+00
-1.9000e+02 -6.0000e+01 -1.5615e-01
-1.9000e+02 -5.0000e+01 9.2683e-01
-1.9000e+02 -4.0000e+01 -1.1547e+00
-1.9000e+02 -3.0000e+01 1.3503e+00
-1.9000e+02 -2.0000e+01 1.0225e-01
-1.9000e+02 -1.0000e+01 -1.1247e+00
-1.9000e+02 0.0000e+00 1.9676e+00
-1.9000e+02 1.0000e+01 -3.1971e-01
-1.9000e+02 2.0000e+01 3.1068e-01
-1.9000e+02 3.0000e+01 -6.8783e-01
-1.9000e+02 4.0000e+01 1.2160e+00
-1.9000e+02 5.0000e+01 -1.8537e+00
-1.9000e+02 6.0000e+01 -2.0303e+00
-1.9000e+02 7.0000e+01 2.6162e+00
-1.9000e+02 8.0000e+01 1.6630e-01
-1.9000e+02 9.0000e+01 -5.7492e-02
-1.9000e+02 1.0000e+02 1.0334e+00
-1.9000e+02 1.1000e+02 7.6815e-01
-1.9000e+02 1.2000e+02 -2.7978e+00
-1.9000e+02 1.3000e+02 -1.1476e-02
-1.9000e+02 1.4000e+02 2.6900e+00
-1.9000e+02 1.5000e+02 -1.5064e+00
-1.9000e+02 1.6000e+02 2.0215e+00
-1.9000e+02 1.7000e+02 1.2354e+00
-1.9000e+02 1.8000e+02 6.2781e-01
-1.9000e+02 1.9000e+02 -8.0067e-01
-1.9000e+02 2.0000e+02 1.0094e+00
-1.8000e+02 -2.0000e+02 -3.9924e+00
-1.8000e+02 -1.9000e+02 6.7725e-01
-1.8000e+02 -1.8000e+02 1.4650e+00
-1.8000e+02 -1.7000e+02 9.1709e-01
-1.8000e+02 -1.6000e+02 1.8240e+00
-1.8000e+02 -1.5000e+02 -8.0599e-02
-1.8000e+02 -1.4000e+02 1.9251e+00
-1.8000e+02 -1.3000e+02 -6.1544e-01
-1.8000e+02 -1.2000e+02 -2.1369e-01
-1.8000e+02 -1.1000e+02 -6.9989e-01
-1.8000e+02 -1.0000e+02 -2.5806e+00
-1.8000e+02 -9.0000e+01 -1.1624e+00
-1.8000e+02 -8.0000e+01 -6.4872e-01
-1.8000e+02 -7.0000e+01 -8.6878e-01
-1.8000e+02 -6.0000e+01 -2.6221e+00
-1.8000e+02 -5.0000e+01 -4.5832e-01
-1.8000e+02 -4.0000e+01 2.1809e+00
-1.8000e+02 -3.0000e+01 -6.0795e-01
-1.8000e+02 -2.0000e+01 -1.7970e-01
-1.8000e+02 -1.0000e+01 2.5254e+00
-1.8000e+02 0.0000e+00 -2.4864e-01
-1.8000e+02 1.0000e+01 3.9832e-02
-1.8000e+02 2.0000e+01 2.5364e+00
-1.8000e+02 3.0000e+01 3.1994e+00
-1.8000e+02 4.0000e+01 -1.1803e+00
-1.8000e+02 5.0000e+01 -1.1749e+00
-1.8000e+02 6.0000e+01 2.2275e+00
-1.8000e+02 7.0000e+01 2.3928e+00
-1.8000e+02 8.0000e+01 9.1069e-01
-1.8000e+02 9.0000e+01 -2.1452e+00
-1.8000e+02 1.0000e+02 -1.3851e+00
-1.8000e+02 1.1000e+02 1.2760e+00
-1.8000e+02 1.2000e+02 -2.5049e+00
-1.8000e+02 1.3000e+02 1.0889e+00
-1.8000e+02 1.4000e+02 4.3763e-01
-1.8000e+02 1.5000e+02 -1.6131e+00
-1.8000e+02 1.6000e+02 -5.2609e-01
-1.8000e+02 1.7000e+02 2.6687e+00
-1.8000e+02 1.8000e+02 -2.1506e+00
-1.8000e+02 1.9000e+02 -6.3404e-01
-1.8000e+02 2.0000e+02 -2.9968e-02
-1.7000e+02 -2.0000e+02 4.2673e+00
-1.7000e+02 -1.9000e+02 5.2778e-01
-1.7000e+02 -1.8000e+02 1.0280e+00
-1.7000e+02 -1.7000e+02 -4.9368e-03
-1.7000e+02 -1.6000e+02 -5.9164e-01
-1.7000e+02 -1.5000e+02 -1.6071e+00
-1.7000e+02 -1.4000e+02 -4.3320e-01
-1.7000e+02 -1.3000e+02 5.5026e-02
-1.7000e+02 -1.2000e+02 3.0429e+00
-1.7000e+02 -1.1000e+02 -1.5336e+00
-1.7000e+02 -1.0000e+02 5.4692e-01
-1.7000e+02 -9.0000e+01 -1.5262e+00
-1.7000e+02 -8.0000e+01 2.5946e-01
-1.7000e+02 -7.0000e+01 1.9417e+00
-1.7000e+02 -6.0000e+01 -6.7796e-02
-1.7000e+02 -5.0000e+01 -1.5471e+00
-1.7000e+02 -4.0000e+01 -1.1443e+00
-1.7000e+02 -3.0000e+01 1.1599e+00
-1.7000e+02 -2.0000e+01 -2.2733e+00
-1.7000e+02 -1.0000e+01 -1.9141e-01
-1.7000e+02 0.0000e+00 -9.0671e-01
-1.7000e+02 1.0000e+01 -8.3958e-01
-1.7000e+02 2.0000e+01 1.5136e+00
-1.7000e+02 3.0000e+01 6.3347e-01
-1.7000e+02 4.0000e+01 1.3625e+00
-1.7000e+02 5.0000e+01 -1.4437e-01
-1.7000e+02 6.0000e+01 -2.1742e-01
-1.7000e+02 7.0000e+01 -4.1118e+00
-1.7000e+02 8.0000e+01 -7.7729e-01
-1.7000e+02 9.0000e+01 3.9813e-01
-1.7000e+02 1.0000e+02 -1.7881e+00
-1.7000e+02 1.1000e+02 -1.3920e+00
-1.7000e+02 1.2000e+02 7.7723e-01
-1.7000e+02 1.3000e+02 -3.5077e-01
-1.7000e+02 1.4000e+02 4.2587e-01
-1.7000e+02 1.5000e+02 1.3520e-02
-1.7000e+02 1.6000e+02 2.0094e+00
-1.7000e+02 1.7000e+02 1.9523e-01
-1.7000e+02 1.8000e+02 -4.4584e-02
-1.7000e+02 1.9000e+02 -2.1408e+00
-1.7000e+02 2.0000e+02 -1.1363e+00
-1.6000e+02 -2.0000e+02 1.4444e-01
-1.6000e+02 -1.9000e+02 8.6947e-03
-1.6000e+02 -1.8000e+02 -7.6743e-01
-1.6000e+02 -1.7000e+02 -1.6905e+00
-1.6000e+02 -1.6000e+02 1.3910e+00
-1.6000e+02 -1.5000e+02 -1.5448e+00
-1.6000e+02 -1.4000e+02 -4.6737e-01
-1.6000e+02 -1.3000e+02 6.7850e-01
-1.6000e+02 -1.2000e+02 -7.2396e-01
-1.6000e+02 -1.1000e+02 -2.8509e+00
-1.6000e+02 -1.0000e+02 -2.8977e+00
-1.6000e+02 -9.0000e+01 -2.0396e+00
-1.6000e+02 -8.0000e+01 -4.4535e-01
-1.6000e+02 -7.0000e+01 5.3990e-01
-1.6000e+02 -6.0000e+01 -2.4939e+00
-1.6000e+02 -5.0000e+01 -2.8029e+00
-1.6000e+02 -4.0000e+01 4.2254e-01
-1.6000e+02 -3.0000e+01 -8.9175e-01
-1.6000e+02 -2.0000e+01 4.5628e-01
-1.6000e+02 -1.0000e+01 -7.0892e-01
-1.6000e+02 0.0000e+00 -2.1201e+00
-1.6000e+02 1.0000e+01 -9.0022e-01
-1.6000e+02 2.0000e+01 1.6041e-01
-1.6000e+02 3.0000e+01 -1.1182e+00
-1.6000e+02 4.0000e+01 -1.2110e+00
-1.6000e+02 5.0000e+01 6.3725e-01
-1.6000e+02 6.0000e+01 9.5335e-01
-1.6000e+02 7.0000e+01 -1.6803e+00
-1.6000e+02 8.0000e+01 1.3640e+00
-1.6000e+02 9.0000e+01 1.1180e+00
-1.6000e+02 1.0000e+02 9.7586e-01
-1.6000e+02 1.1000e+02 1.6462e+00
-1.6000e+02 1.2000e+02 4.1671e+00
-1.6000e+02 1.3000e+02 2.1351e+00
-1.6000e+02 1.4000e+02 -2.1410e+00
-1.6000e+02 1.5000e+02 1.2807e+00
-1.6000e+02 1.6000e+02 -1.6552e+00
-1.6000e+02 1.7000e+02 -4.4941e-01
-1.6000e+02 1.8000e+02 1.0466e+00
-1.6000e+02 1.9000e+02 4.8454e-01
-1.6000e+02 2.0000e+02 -5.3085e-01
-1.5000e+02 -2.0000e+02 -1.8472e+00
-1.5000e+02 -1.9000e+02 -3.4143e-01
-1.5000e+02 -1.8000e+02 6.2598e-01
-1.5000e+02 -1.7000e+02 -7.7665e-01
-1.5000e+02 -1.6000e+02 -5.8643e-01
-1.5000e+02 -1.5000e+02 1.8399e-01
-1.5000e+02 -1.4000e+02 1.0994e+00
-1.5000e+02 -1.3000e+02 -1.5567e+00
-1.5000e+02 -1.2000e+02 -3.0565e+00
-1.5000e+02 -1.1000e+02 -8.2226e-01
-1.5000e+02 -1.0000e+02 -1.6094e+00
-1.5000e+02 -9.0000e+01 -3.6196e+00
-1.5000e+02 -8.0000e+01 -1.8834e+00
-1.5000e+02 -7.0000e+01 2.4929e+00
-1.5000e+02 -6.0000e+01 -1.1497e+00
-1.5000e+02 -5.0000e+01 1.2898e+00
-1.5000e+02 -4.0000e+01 6.7939e-02
-1.5000e+02 -3.0000e+01 7.3518e-01
-1.5000e+02 -2.0000e+01 -1.9937e+00
-1.5000e+02 -1.0000e+01 -1.3079e+00
-1.5000e+02 0.0000e+00 -9.0974e-01
-1.5000e+02 1.0000e+01 1.7654e-01
-1.5000e+02 2.0000e+01 -1.2712e+00
-1.5000e+02 3.0000e+01 1.1089e-03
-1.5000e+02 4.0000e+01 -3.5344e-01
-1.5000e+02 5.0000e+01 -1.4191e+00
-1.5000e+02 6.0000e+01 -1.9152e+00
-1.5000e+02 7.0000e+01 -9.3013e-01
-1.5000e+02 8.0000e+01 7.3402e-02
-1.5000e+02 9.0000e+01 -1.1215e+00
-1.5000e+02 1.0000e+02 5.9421e-02
-1.5000e+02 1.1000e+02 4.6320e-01
-1.5000e+02 1.2000e+02 1.3341e+00
-1.5000e+02 1.3000e+02 1.0160e+00
-1.5000e+02 1.4000e+02 -1.1442e+00
-1.5000e+02 1.5000e+02 4.8335e-01
-1.5000e+02 1.6000e+02 1.6544e-01
-1.5000e+02 1.7000e+02 -3.1095e-01
-1.5000e+02 1.8000e+02 7.8676e-01
-1.5000e+02 1.9000e+02 -1.0098e+00
-1.5000e+02 2.0000e+02 1.1761e+00
-1.4000e+02 -2.0000e+02 2.3680e-01
-1.4000e+02 -1.9000e+02 6.4675e-01
-1.4000e+02 -1.8000e+02 -3.7822e+00
-1.4000e+02 -1.7000e+02 2.7354e-01
-1.4000e+02 -1.6000e+02 1.5485e-01
-1.4000e+02 -1.5000e+02 3.0866e+00
-1.4000e+02 -1.4000e+02 -1.9237e+00
-1.4000e+02 -1.3000e+02 -1.4086e+00
-1.4000e+02 -1.2000e+02 -2.0365e+00
-1.4000e+02 -1.1000e+02 -1.2244e+00
-1.4000e+02 -1.0000e+02 -2.6586e-01
-1.4000e+02 -9.0000e+01 -1.6917e+00
-1.4000e+02 -8.0000e+01 -2.8306e+00
-1.4000e+02 -7.0000e+01 -3.7239e+00
-1.4000e+02 -6.0000e+01 -3.7528e-01
-1.4000e+02 -5.0000e+01 -1.6610e+00
-1.4000e+02 -4.0000e+01 5.9713e-01
-1.4000e+02 -3.0000e+01 6.7568e-01
-1.4000e+02 -2.0000e+01 9.9232e-01
-1.4000e+02 -1.0000e+01 5.7434e-01
-1.4000e+02 0.0000e+00 5.4494e-02
-1.4000e+02 1.0000e+01 4.2563e-02
-1.4000e+02 2.0000e+01 -2.1767e+00
-1.4000e+02 3.0000e+01 8.1341e-01
-1.4000e+02 4.0000e+01 -1.0110e+00
-1.4000e+02 5.0000e+01 -2.5164e+00
-1.4000e+02 6.0000e+01 -5.0635e-01
-1.4000e+02 7.0000e+01 -2.1203e+00
-1.4000e+02 8.0000e+01 -2.4317e+00
-1.4000e+02 9.0000e+01 6.5566e-01
-1.4000e+02 1.0000e+02 -1.0484e+00
-1.4000e+02 1.1000e+02 5.6764e-01
-1.4000e+02 1.2000e+02 2.0961e+00
-1.4000e+02 1.3000e+02 -1.5802e+00
-1.4000e+02 1.4000e+02 1.4117e+00
-1.4000e+02 1.5000e+02 1.5173e+00
-1.4000e+02 1.6000e+02 -9.2652e-01
-1.4000e+02 1.7000e+02 5.5683e-01
-1.4000e+02 1.8000e+02 -3.1422e-01
-1.4000e+02 1.9000e+02 -6.9785e-01
-1.4000e+02 2.0000e+02 4.6121e-01
-1.3000e+02 -2.0000e+02 9.0169e-01
-1.3000e+02 -1.9000e+02 1.2767e+00
-1.3000e+02 -1.8000e+02 -9.5111e-01
-1.3000e+02 -1.7000e+02 1.7651e+00
-1.3000e+02 -1.6000e+02 4.0743e-01
-1.3000e+02 -1.5000e+02 -2.1484e-01
-1.3000e+02 -1.4000e+02 2.4115e+00
-1.3000e+02 -1.3000e+02 -1.8494e+00
-1.3000e+02 -1.2000e+02 -5.3181e-01
-1.3000e+02 -1.1000e+02 -1.0531e+00
-1.3000e+02 -1.0000e+02 -3.3630e-01
-1.3000e+02 -9.0000e+01 9.5242e-01
-1.3000e+02 -8.0000e+01 1.9117e+00
-1.3000e+02 -7.0000e+01 -3.4068e+00
-1.3000e+02 -6.0000e+01 -3.0568e+00
-1.3000e+02 -5.0000e+01 6.7080e-01
-1.3000e+02 -4.0000e+01 -9.3434e-01
-1.3000e+02 -3.0000e+01 -8.9047e-01
-1.3000e+02 -2.0000e+01 1.1387e+00
-1.3000e+02 -1.0000e+01 -3.4726e+00
-1.3000e+02 0.0000e+00 1.2701e+00
-1.3000e+02 1.0000e+01 -1.1239e+00
-1.3000e+02 2.0000e+01 -9.6203e-01
-1.3000e+02 3.0000e+01 -2.6674e+00
-1.3000e+02 4.0000e+01 4.9436e-01
-1.3000e+02 5.0000e+01 -2.8429e+00
-1.3000e+02 6.0000e+01 -9.2463e-01
-1.3000e+02 7.0000e+01 -2.6759e+00
-1.3000e+02 8.0000e+01 1.7259e+00
-1.3000e+02 9.0000e+01 1.5115e-01
-1.3000e+02 1.0000e+02 7.7496e-01
-1.3000e+02 1.1000e+02 1.1145e+00
-1.3000e+02 1.2000e+02 -9.6528e-01
-1.3000e+02 1.3000e+02 -1.4225e+00
-1.3000e+02 1.4000e+02 1.3798e+00
-1.3000e+02 1.5000e+02 2.0022e+00
-1.3000e+02 1.6000e+02 -2.0430e-01
-1.3000e+02 1.7000e+02 -4.2866e-01
-1.3000e+02 1.8000e+02 -1.1255e+00
-1.3000e+02 1.9000e+02 2.2811e+00
-1.3000e+02 2.0000e+02 -1.5491e-01
-1.2000e+02 -2.0000e+02 -1.1674e+00
-1.2000e+02 -1.9000e+02 2.5930e-01
-1.2000e+02 -1.8000e+02 -1.0505e+00
-1.2000e+02 -1.7000e+02 5.6997e-02
-1.2000e+02 -1.6000e+02 -5.5678e-02
-1.2000e+02 -1.5000e+02 1.8754e+00
-1.2000e+02 -1.4000e+02 -1.8133e+00
-1.2000e+02 -1.3000e+02 1.1636e-01
-1.2000e+02 -1.2000e+02 -4.9535e-01
-1.2000e+02 -1.1000e+02 -3.9999e-01
-1.2000e+02 -1.0000e+02 4.1203e-02
-1.2000e+02 -9.0000e+01 -2.2804e+00
-1.2000e+02 -8.0000e+01 -3.7461e-01
-1.2000e+02 -7.0000e+01 -1.0784e+00
-1.2000e+02 -6.0000e+01 1.3051e+00
-1.2000e+02 -5.0000e+01 -2.8042e+00
-1.2000e+02 -4.0000e+01 -1.6330e-01
-1.2000e+02 -3.0000e+01 -2.4922e+00
-1.2000e+02 -2.0000e+01 1.7768e-01
-1.2000e+02 -1.0000e+01 -1.6885e+00
-1.2000e+02 0.0000e+00 -1.8779e+00
-1.2000e+02 1.0000e+01 3.7779e-02
-1.2000e+02 2.0000e+01 -4.1839e-01
-1.2000e+02 3.0000e+01 -2.5993e-01
-1.2000e+02 4.0000e+01 -1.2143e+00
-1.2000e+02 5.0000e+01 1.0865e-01
-1.2000e+02 6.0000e+01 -4.1936e+00
-1.2000e+02 7.0000e+01 -9.8461e-02
-1.2000e+02 8.0000e+01 -8.1106e-01
-1.2000e+02 9.0000e+01 3.5253e+00
-1.2000e+02 1.0000e+02 -1.0025e+00
-1.2000e+02 1.1000e+02 -1.0864e+00
-1.2000e+02 1.2000e+02 -4.5566e+00
-1.2000e+02 1.3000e+02 -5.5521e-01
-1.2000e+02 1.4000e+02 -2.1092e+00
-1.2000e+02 1.5000e+02 -7.9488e-02
-1.2000e+02 1.6000e+02 2.0968e+00
-1.2000e+02 1.7000e+02 -1.5422e+00
-1.2000e+02 1.8000e+02 -1.1416e+00
-1.2000e+02 1.9000e+02 -1.5793e+00
-1.2000e+02 2.0000e+02 2.4702e-01
-1.1000e+02 -2.0000e+02 -6.0254e-01
-1.1000e+02 -1.9000e+02 -1.8980e+00
-1.1000e+02 -1.8000e+02 2.2605e+00
-1.1000e+02 -1.7000e+02 3.4675e+00
-1.1000e+02 -1.6000e+02 2.9793e-01
-1.1000e+02 -1.5000e+02 3.5743e+00
-1.1000e+02 -1.4000e+02 4.5980e-01
-1.1000e+02 -1.3000e+02 -7.0217e-01
-1.1000e+02 -1.2000e+02 -1.4219e+00
-1.1000e+02 -1.1000e+02 -8.9933e-01
-1.1000e+02 -1.0000e+02 2.2053e+00
-1.1000e+02 -9.0000e+01 -4.1640e-01
-1.1000e+02 -8.0000e+01 -4.6499e-01
-1.1000e+02 -7.0000e+01 -3.6500e-01
-1.1000e+02 -6.0000e+01 -2.0362e+00
-1.1000e+02 -5.0000e+01 -1.9062e+00
-1.1000e+02 -4.0000e+01 -1.4730e+00
-1.1000e+02 -3.0000e+01 -2.4241e+00
-1.1000e+02 -2.0000e+01 -1.8718e+00
-1.1000e+02 -1.0000e+01 2.7189e-02
-1.1000e+02 0.0000e+00 -5.8572e+00
-1.1000e+02 1.0000e+01 -2.7753e+00
-1.1000e+02 2.0000e+01 -2.0945e+00
-1.1000e+02 3.0000e+01 -6.8668e-01
-1.1000e+02 4.0000e+01 -1.2340e+00
-1.1000e+02 5.0000e+01 -2.4814e+00
-1.1000e+02 6.0000e+01 6.4574e-01
-1.1000e+02 7.0000e+01 -1.5880e+00
-1.1000e+02 8.0000e+01 1.5182e-02
-1.1000e+02 9.0000e+01 9.9870e-01
-1.1000e+02 1.0000e+02 -8.9518e-01
-1.1000e+02 1.1000e+02 2.2447e+00
-1.1000e+02 1.2000e+02 -1.9398e+00
-1.1000e+02 1.3000e+02 7.9142e-01
-1.1000e+02 1.4000e+02 -2.1594e-02
-1.1000e+02 1.5000e+02 -1.0271e+00
-1.1000e+02 1.6000e+02 8.2046e-01
-1.1000e+02 1.7000e+02 2.0452e+00
-1.1000e+02 1.8000e+02 -5.1067e-05
-1.1000e+02 1.9000e+02 3.8545e-02
-1.1000e+02 2.0000e+02 6.1785e-01
-1.0000e+02 -2.0000e+02 -2.0134e+00
-1.0000e+02 -1.9000e+02 1.7136e+00
-1.0000e+02 -1.8000e+02 -5.7864e-01
-1.0000e+02 -1.7000e+02 -1.3858e+00
-1.0000e+02 -1.6000e+02 1.8069e+00
-1.0000e+02 -1.5000e+02 1.6125e+00
-1.0000e+02 -1.4000e+02 -1.6142e+00
-1.0000e+02 -1.3000e+02 9.0694e-01
-1.0000e+02 -1.2000e+02 -8.4434e-01
-1.0000e+02 -1.1000e+02 -1.7638e-01
-1.0000e+02 -1.0000e+02 -2.0576e+00
-1.0000e+02 -9.0000e+01 7.6129e-01
-1.0000e+02 -8.0000e+01 -6.7233e-01
-1.0000e+02 -7.0000e+01 -2.7564e+00
-1.0000e+02 -6.0000e+01 -3.3422e+00
-1.0000e+02 -5.0000e+01 -2.7468e+00
-1.0000e+02 -4.0000e+01 -1.3584e+00
-1.0000e+02 -3.0000e+01 -2.3702e+00
-1.0000e+02 -2.0000e+01 -7.5600e-01
-1.0000e+02 -1.0000e+01 -1.6860e+00
-1.0000e+02 0.0000e+00 -5.5569e+00
-1.0000e+02 1.0000e+01 -3.2223e+00
-1.0000e+02 2.0000e+01 -2.3668e+00
-1.0000e+02 3.0000e+01 -2.5640e+00
-1.0000e+02 4.0000e+01 -3.7307e+00
-1.0000e+02 5.0000e+01 -2.9424e+00
-1.0000e+02 6.0000e+01 7.0176e-02
-1.0000e+02 7.0000e+01 -5.5053e+00
-1.0000e+02 8.0000e+01 1.6687e-01
-1.0000e+02 9.0000e+01 1.9603e+00
-1.0000e+02 1.0000e+02 -2.3135e-01
-1.0000e+02 1.1000e+02 -3.3126e-01
-1.0000e+02 1.2000e+02 -8.7838e-01
-1.0000e+02 1.3000e+02 -3.1687e+00
-1.0000e+02 1.4000e+02 -1.5888e+00
-1.0000e+02 1.5000e+02 -1.7263e+00
-1.0000e+02 1.6000e+02 -1.1717e+00
-1.0000e+02 1.7000e+02 -2.8833e-01
-1.0000e+02 1.8000e+02 -5.2436e-01
-1.0000e+02 1.9000e+02 -2.1923e-01
-1.0000e+02 2.0000e+02 -6.0816e-01
-9.0000e+01 -2.0000e+02 7.6386e-01
-9.0000e+01 -1.9000e+02 4.5617e-01
-9.0000e+01 -1.8000e+02 7.8076e-01
-9.0000e+01 -1.7000e+02 -1.3967e+00
-9.0000e+01 -1.6000e+02 -7.3424e-02
-9.0000e+01 -1.5000e+02 -1.3337e+00
-9.0000e+01 -1.4000e+02 1.5742e-01
-9.0000e+01 -1.3000e+02 -2.4418e+00
-9.0000e+01 -1.2000e+02 -2.1180e+00
-9.0000e+01 -1.1000e+02 9.0504e-01
-9.0000e+01 -1.0000e+02 2.3045e+00
-9.0000e+01 -9.0000e+01 -6.5269e-01
-9.0000e+01 -8.0000e+01 -2.2274e+00
-9.0000e+01 -7.0000e+01 -1.2187e+00
-9.0000e+01 -6.0000e+01 -8.3675e-01
-9.0000e+01 -5.0000e+01 -4.4979e+00
-9.0000e+01 -4.0000e+01 7.4929e-01
-9.0000e+01 -3.0000e+01 -2.0672e+00
-9.0000e+01 -2.0000e+01 -2.3484e+00
-9.0000e+01 -1.0000e+01 -3.1233e+00
-9.0000e+01 0.0000e+00 -6.9148e+00
-9.0000e+01 1.0000e+01 -4.1177e+00
-9.0000e+01 2.0000e+01 -4.8111e+00
-9.0000e+01 3.0000e+01 -5.4565e+00
-9.0000e+01 4.0000e+01 -4.3613e+00
-9.0000e+01 5.0000e+01 -2.7320e+00
-9.0000e+01 6.0000e+01 -1.4538e+00
-9.0000e+01 7.0000e+01 -6.8635e+00
-9.0000e+01 8.0000e+01 -1.7325e+00
-9.0000e+01 9.0000e+01 -3.1636e-01
-9.0000e+01 1.0000e+02 -3.4321e-01
-9.0000e+01 1.1000e+02 -8.4429e-01
-9.0000e+01 1.2000e+02 2.0495e+00
-9.0000e+01 1.3000e+02 -4.4879e-01
-9.0000e+01 1.4000e+02 3.0795e-01
-9.0000e+01 1.5000e+02 1.8210e+00
-9.0000e+01 1.6000e+02 -2.3839e-01
-9.0000e+01 1.7000e+02 9.5080e-01
-9.0000e+01 1.8000e+02 -8.9709e-01
-9.0000e+01 1.9000e+02 -1.3692e+00
-9.0000e+01 2.0000e+02 -3.2810e-02
-8.0000e+01 -2.0000e+02 2.1757e-01
-8.0000e+01 -1.9000e+02 1.2096e-01
-8.0000e+01 -1.8000e+02 2.1276e+00
-8.0000e+01 -1.7000e+02 -1.6244e+00
-8.0000e+01 -1.6000e+02 2.4266e+00
-8.0000e+01 -1.5000e+02 -9.6290e-01
-8.0000e+01 -1.4000e+02 -2.6331e+00
-8.0000e+01 -1.3000e+02 1.0280e+00
-8.0000e+01 -1.2000e+02 6.3064e-01
-8.0000e+01 -1.1000e+02 -4.9943e-01
-8.0000e+01 -1.0000e+02 -1.8993e+00
-8.0000e+01 -9.0000e+01 -2.9377e+00
-8.0000e+01 -8.0000e+01 2.5550e+00
-8.0000e+01 -7.0000e+01 -1.0203e+00
-8.0000e+01 -6.0000e+01 -1.8796e+00
-8.0000e+01 -5.0000e+01 -3.2350e+00
-8.0000e+01 -4.0000e+01 -1.6694e+00
-8.0000e+01 -3.0000e+01 -2.7038e+00
-8.0000e+01 -2.0000e+01 -6.4200e+00
-8.0000e+01 -1.0000e+01 -5.9822e+00
-8.0000e+01 0.0000e+00 -7.6254e+00
-8.0000e+01 1.0000e+01 -5.2789e+00
-8.0000e+01 2.0000e+01 -5.6303e+00
-8.0000e+01 3.0000e+01 -4.3858e+00
-8.0000e+01 4.0000e+01 -3.8576e+00
-8.0000e+01 5.0000e+01 -5.4541e+00
-8.0000e+01 6.0000e+01 -3.8569e+00
-8.0000e+01 7.0000e+01 -1.7828e+00
-8.0000e+01 8.0000e+01 -2.3273e-01
-8.0000e+01 9.0000e+01 -2.3825e+00
-8.0000e+01 1.0000e+02 -2.0435e-01
-8.0000e+01 1.1000e+02 2.1078e+00
-8.0000e+01 1.2000e+02 -3.8397e+00
-8.0000e+01 1.3000e+02 -5.4519e-01
-8.0000e+01 1.4000e+02 3.2658e-01
-8.0000e+01 1.5000e+02 2.4205e+00
-8.0000e+01 1.6000e+02 -1.3118e+00
-8.0000e+01 1.7000e+02 4.2102e+00
-8.0000e+01 1.8000e+02 7.3654e-01
-8.0000e+01 1.9000e+02 -1.7966e+00
-8.0000e+01 2.0000e+02 -2.2554e+00
-7.0000e+01 -2.0000e+02 9.4094e-01
-7.0000e+01 -1.9000e+02 -1.5178e-01
-7.0000e+01 -1.8000e+02 -1.0668e+00
-7.0000e+01 -1.7000e+02 -2.0120e-01
-7.0000e+01 -1.6000e+02 -1.9475e+00
-7.0000e+01 -1.5000e+02 -7.6080e-01
-7.0000e+01 -1.4000e+02 -1.0824e+00
-7.0000e+01 -1.3000e+02 -1.3292e+00
-7.0000e+01 -1.2000e+02 -4.1603e-01
-7.0000e+01 -1.1000e+02 -3.9927e+00
-7.0000e+01 -1.0000e+02 1.0260e-01
-7.0000e+01 -9.0000e+01 -5.1037e+00
-7.0000e+01 -8.0000e+01 -3.2314e+00
-7.0000e+01 -7.0000e+01 -4.5872e+00
-7.0000e+01 -6.0000e+01 -6.7821e+00
-7.0000e+01 -5.0000e+01 -6.3216e+00
-7.0000e+01 -4.0000e+01 -3.1042e+00
-7.0000e+01 -3.0000e+01 -5.7587e+00
-7.0000e+01 -2.0000e+01 -6.2076e+00
-7.0000e+01 -1.0000e+01 -7.4269e+00
-7.0000e+01 0.0000e+00 -4.3902e+00
-7.0000e+01 1.0000e+01 -8.4526e+00
-7.0000e+01 2.0000e+01 -6.3330e+00
-7.0000e+01 3.0000e+01 -4.8779e+00
-7.0000e+01 4.0000e+01 -4.5476e+00
-7.0000e+01 5.0000e+01 -5.7973e+00
-7.0000e+01 6.0000e+01 -3.1056e+00
-7.0000e+01 7.0000e+01 -4.2571e+00
-7.0000e+01 8.0000e+01 -1.1379e+00
-7.0000e+01 9.0000e+01 -3.4266e-01
-7.0000e+01 1.0000e+02 7.0569e-01
-7.0000e+01 1.1000e+02 -8.7643e-01
-7.0000e+01 1.2000e+02 -8.8983e-02
-7.0000e+01 1.3000e+02 -7.9272e-01
-7.0000e+01 1.4000e+02 1.1757e+00
-7.0000e+01 1.5000e+02 -2.6942e+00
-7.0000e+01 1.6000e+02 1.6594e+00
-7.0000e+01 1.7000e+02 1.4604e+00
-7.0000e+01 1.8000e+02 -1.2711e+00
-7.0000e+01 1.9000e+02 1.6981e+00
-7.0000e+01 2.0000e+02 1.9441e+00
-6.0000e+01 -2.0000e+02 1.7221e-01
-6.0000e+01 -1.9000e+02 1.0956e+00
-6.0000e+01 -1.8000e+02 3.7023e-01
-6.0000e+01 -1.7000e+02 -2.6988e+00
-6.0000e+01 -1.6000e+02 -1.1304e+00
-6.0000e+01 -1.5000e+02 -3.1605e-01
-6.0000e+01 -1.4000e+02 4.3419e-02
-6.0000e+01 -1.3000e+02 1.1149e+00
-6.0000e+01 -1.2000e+02 -2.4702e+00
-6.0000e+01 -1.1000e+02 -3.1353e+00
-6.0000e+01 -1.0000e+02 1.1440e-01
-6.0000e+01 -9.0000e+01 -4.3179e-01
-6.0000e+01 -8.0000e+01 -3.2643e+00
-6.0000e+01 -7.0000e+01 -4.7754e+00
-6.0000e+01 -6.0000e+01 -4.2412e+00
-6.0000e+01 -5.0000e+01 -5.4061e+00
-6.0000e+01 -4.0000e+01 -7.6433e+00
-6.0000e+01 -3.0000e+01 -9.5377e+00
-6.0000e+01 -2.0000e+01 -7.6542e+00
-6.0000e+01 -1.0000e+01 -7.7067e+00
-6.0000e+01 0.0000e+00 -8.8477e+00
-6.0000e+01 1.0000e+01 -7.6892e+00
-6.0000e+01 2.0000e+01 -9.9423e+00
-6.0000e+01 3.0000e+01 -5.2434e+00
-6.0000e+01 4.0000e+01 -6.7296e+00
-6.0000e+01 5.0000e+01 -4.3581e+00
-6.0000e+01 6.0000e+01 -7.1322e+00
-6.0000e+01 7.0000e+01 -3.2534e+00
-6.0000e+01 8.0000e+01 -2.8916e+00
-6.0000e+01 9.0000e+01 -2.6906e+00
-6.0000e+01 1.0000e+02 -1.4978e+00
-6.0000e+01 1.1000e+02 -2.5709e+00
-6.0000e+01 1.2000e+02 -1.0901e+00
-6.0000e+01 1.3000e+02 9.8923e-01
-6.0000e+01 1.4000e+02 1.6869e+00
-6.0000e+01 1.5000e+02 -2.6180e+00
-6.0000e+01 1.6000e+02 -7.5867e-01
-6.0000e+01 1.7000e+02 -4.8666e-02
-6.0000e+01 1.8000e+02 -1.7188e+00
-6.0000e+01 1.9000e+02 4.8472e-01
-6.0000e+01 2.0000e+02 3.9139e-01
-5.0000e+01 -2.0000e+02 -2.5042e+00
-5.0000e+01 -1.9000e+02 1.7340e+00
-5.0000e+01 -1.8000e+02 -1.2915e+00
-5.0000e+01 -1.7000e+02 -1.7539e+00
-5.0000e+01 -1.6000e+02 -2.9929e-01
-5.0000e+01 -1.5000e+02 -1.9059e+00
-5.0000e+01 -1.4000e+02 4.7897e-03
-5.0000e+01 -1.3000e+02 1.2734e-01
-5.0000e+01 -1.2000e+02 -4.9351e+00
-5.0000e+01 -1.1000e+02 -3.3360e+00
-5.0000e+01 -1.0000e+02 -2.7223e+00
-5.0000e+01 -9.0000e+01 -2.1443e+00
-5.0000e+01 -8.0000e+01 -5.5752e+00
-5.0000e+01 -7.0000e+01 -4.1119e+00
-5.0000e+01 -6.0000e+01 -5.3718e+00
-5.0000e+01 -5.0000e+01 -5.5243e+00
-5.0000e+01 -4.0000e+01 -6.7198e+00
-5.0000e+01 -3.0000e+01 -1.0214e+01
-5.0000e+01 -2.0000e+01 -8.5129e+00
-5.0000e+01 -1.0000e+01 -8.5119e+00
-5.0000e+01 0.0000e+00 -8.3826e+00
-5.0000e+01 1.0000e+01 -1.1413e+01
-5.0000e+01 2.0000e+01 -1.1795e+01
-5.0000e+01 3.0000e+01 -7.3091e+00
-5.0000e+01 4.0000e+01 -8.2459e+00
-5.0000e+01 5.0000e+01 -6.1615e+00
-5.0000e+01 6.0000e+01 -4.6261e+00
-5.0000e+01 7.0000e+01 -2.4776e+00
-5.0000e+01 8.0000e+01 -4.6125e+00
-5.0000e+01 9.0000e+01 -1.2896e-01
-5.0000e+01 1.0000e+02 -5.0387e+00
-5.0000e+01 1.1000e+02 -2.7609e+00
-5.0000e+01 1.2000e+02 -3.6401e+00
-5.0000e+01 1.3000e+02 -1.3955e+00
-5.0000e+01 1.4000e+02 8.1708e-02
-5.0000e+01 1.5000e+02 -1.9818e+00
-5.0000e+01 1.6000e+02 -1.2267e+00
-5.0000e+01 1.7000e+02 -3.8443e-01
-5.0000e+01 1.8000e+02 -3.9114e-01
-5.0000e+01 1.9000e+02 -1.0248e+00
-5.0000e+01 2.0000e+02 2.9814e-01
-4.0000e+01 -2.0000e+02 -4.8542e+00
-4.0000e+01 -1.9000e+02 6.2098e-01
-4.0000e+01 -1.8000e+02 8.1941e-01
-4.0000e+01 -1.7000e+02 2.1403e+00
-4.0000e+01 -1.6000e+02 -3.4999e-01
-4.0000e+01 -1.5000e+02 6.4739e-01
-4.0000e+01 -1.4000e+02 -4.4148e+00
-4.0000e+01 -1.3000e+02 -1.2080e+00
-4.0000e+01 -1.2000e+02 5.6139e-02
-4.0000e+01 -1.1000e+02 3.3845e-01
-4.0000e+01 -1.0000e+02 -3.5667e+00
-4.0000e+01 -9.0000e+01 -2.6351e+00
-4.0000e+01 -8.0000e+01 -6.8765e+00
-4.0000e+01 -7.0000e+01 -6.2924e+00
-4.0000e+01 -6.0000e+01 -6.9792e+00
-4.0000e+01 -5.0000e+01 -5.5548e+00
-4.0000e+01 -4.0000e+01 -9.1129e+00
-4.0000e+01 -3.0000e+01 -1.0852e+01
-4.0000e+01 -2.0000e+01 -1.3084e+01
-4.0000e+01 -1.0000e+01 -1.0907e+01
-4.0000e+01 0.0000e+00 -1.1368e+01
-4.0000e+01 1.0000e+01 -1.3048e+01
-4.0000e+01 2.0000e+01 -1.3746e+01
-4.0000e+01 3.0000e+01 -9.1220e+00
-4.0000e+01 4.0000e+01 -9.2901e+00
-4.0000e+01 5.0000e+01 -8.5853e+00
-4.0000e+01 6.0000e+01 -8.1970e+00
-4.0000e+01 7.0000e+01 -4.9793e+00
-4.0000e+01 8.0000e+01 -4.5106e+00
-4.0000e+01 9.0000e+01 -2.8800e+00
-4.0000e+01 1.0000e+02 -1.7443e+00
-4.0000e+01 1.1000e+02 -1.5133e-01
-4.0000e+01 1.2000e+02 -7.8767e-01
-4.0000e+01 1.3000e+02 -3.0230e-01
-4.0000e+01 1.4000e+02 8.5105e-01
-4.0000e+01 1.5000e+02 -1.7715e+00
-4.0000e+01 1.6000e+02 1.3403e+00
-4.0000e+01 1.7000e+02 8.0746e-01
-4.0000e+01 1.8000e+02 1.0643e+00
-4.0000e+01 1.9000e+02 -1.3914e-01
-4.0000e+01 2.0000e+02 -1.2758e+00
-3.0000e+01 -2.0000e+02 2.9063e+00
-3.0000e+01 -1.9000e+02 -2.0070e+00
-3.0000e+01 -1.8000e+02 -8.0699e-01
-3.0000e+01 -1.7000e+02 1.4548e+00
-3.0000e+01 -1.6000e+02 3.8254e-01
-3.0000e+01 -1.5000e+02 1.4170e+00
-3.0000e+01 -1.4000e+02 -2.1031e+00
-3.0000e+01 -1.3000e+02 -1.0965e+00
-3.0000e+01 -1.2000e+02 -4.4590e+00
-3.0000e+01 -1.1000e+02 -1.3851e+00
-3.0000e+01 -1.0000e+02 5.1788e-01
-3.0000e+01 -9.0000e+01 -4.8701e+00
-3.0000e+01 -8.0000e+01 -4.8777e+00
-3.0000e+01 -7.0000e+01 -4.1358e+00
-3.0000e+01 -6.0000e+01 -9.9544e+00
-3.0000e+01 -5.0000e+01 -7.4490e+00
-3.0000e+01 -4.0000e+01 -9.3691e+00
-3.0000e+01 -3.0000e+01 -1.2430e+01
-3.0000e+01 -2.0000e+01 -9.5983e+00
-3.0000e+01 -1.0000e+01 -8.2526e+00
-3.0000e+01 0.0000e+00 -1.1617e+01
-3.0000e+01 1.0000e+01 -1.2991e+01
-3.0000e+01 2.0000e+01 -1.3484e+01
-3.0000e+01 3.0000e+01 -1.2235e+01
-3.0000e+01 4.0000e+01 -1.1115e+01
-3.0000e+01 5.0000e+01 -1.1394e+01
-3.0000e+01 6.0000e+01 -8.3008e+00
-3.0000e+01 7.0000e+01 -7.5355e+00
-3.0000e+01 8.0000e+01 -3.9905e+00
-3.0000e+01 9.0000e+01 -2.6217e+00
-3.0000e+01 1.0000e+02 -9.7084e-01
-3.0000e+01 1.1000e+02 -2.4899e+00
-3.0000e+01 1.2000e+02 -2.0818e+00
-3.0000e+01 1.3000e+02 -5.9535e-01
-3.0000e+01 1.4000e+02 -7.7080e-01
-3.0000e+01 1.5000e+02 8.2260e-01
-3.0000e+01 1.6000e+02 -2.6877e+00
-3.0000e+01 1.7000e+02 -3.2590e-01
-3.0000e+01 1.8000e+02 -1.3822e+00
-3.0000e+01 1.9000e+02 1.5788e+00
-3.0000e+01 2.0000e+02 -2.1410e+00
-2.0000e+01 -2.0000e+02 6.6430e-01
-2.0000e+01 -1.9000e+02 -4.1355e+00
-2.0000e+01 -1.8000e+02 -3.7643e-01
-2.0000e+01 -1.7000e+02 -1.1239e+00
-2.0000e+01 -1.6000e+02 -1.3900e-01
-2.0000e+01 -1.5000e+02 1.6761e-01
-2.0000e+01 -1.4000e+02 -1.7251e+00
-2.0000e+01 -1.3000e+02 -2.0322e+00
-2.0000e+01 -1.2000e+02 -2.8050e-01
-2.0000e+01 -1.1000e+02 -7.8441e-01
-2.0000e+01 -1.0000e+02 -1.6161e+00
-2.0000e+01 -9.0000e+01 -3.0604e+00
-2.0000e+01 -8.0000e+01 -3.0897e+00
-2.0000e+01 -7.0000e+01 -5.5273e+00
-2.0000e+01 -6.0000e+01 -6.0468e+00
-2.0000e+01 -5.0000e+01 -8.2483e+00
-2.0000e+01 -4.0000e+01 -1.0322e+01
-2.0000e+01 -3.0000e+01 -1.1495e+01
-2.0000e+01 -2.0000e+01 -1.4610e+01
-2.0000e+01 -1.0000e+01 -1.3861e+01
-2.0000e+01 0.0000e+00 -1.0035e+01
-2.0000e+01 1.0000e+01 -1.5375e+01
-2.0000e+01 2.0000e+01 -1.4490e+01
-2.0000e+01 3.0000e+01 -1.2994e+01
-2.0000e+01 4.0000e+01 -1.2168e+01
-2.0000e+01 5.0000e+01 -1.1601e+01
-2.0000e+01 6.0000e+01 -9.9687e+00
-2.0000e+01 7.0000e+01 -5.8388e+00
-2.0000e+01 8.0000e+01 -5.8901e+00
-2.0000e+01 9.0000e+01 -4.8478e+00
-2.0000e+01 1.0000e+02 -5.8851e+00
-2.0000e+01 1.1000e+02 -1.9577e+00
-2.0000e+01 1.2000e+02 1.0910e+00
-2.0000e+01 1.3000e+02 6.9895e-01
-2.0000e+01 1.4000e+02 -1.9545e+00
-2.0000e+01 1.5000e+02 -9.7839e-01
-2.0000e+01 1.6000e+02 2.7031e+00
-2.0000e+01 1.7000e+02 1.3374e+00
-2.0000e+01 1.8000e+02 3.1764e-01
-2.0000e+01 1.9000e+02 4.3556e-01
-2.0000e+01 2.0000e+02 3.0758e+00
-1.0000e+01 -2.0000e+02 -4.3488e-02
-1.0000e+01 -1.9000e+02 -6.8946e-01
-1.0000e+01 -1.8000e+02 -2.9259e+00
-1.0000e+01 -1.7000e+02 2.3246e+00
-1.0000e+01 -1.6000e+02 4.8113e+00
-1.0000e+01 -1.5000e+02 1.5090e-01
-1.0000e+01 -1.4000e+02 -5.8652e-02
-1.0000e+01 -1.3000e+02 -9.7897e-01
-1.0000e+01 -1.2000e+02 -3.4603e+00
-1.0000e+01 -1.1000e+02 -2.1236e+00
-1.0000e+01 -1.0000e+02 -3.4964e+00
-1.0000e+01 -9.0000e+01 -7.0650e-01
-1.0000e+01 -8.0000e+01 -6.0753e+00
-1.0000e+01 -7.0000e+01 -1.0208e+01
-1.0000e+01 -6.0000e+01 -8.4921e+00
-1.0000e+01 -5.0000e+01 -1.2183e+01
-1.0000e+01 -4.0000e+01 -9.8736e+00
-1.0000e+01 -3.0000e+01 -1.5174e+01
-1.0000e+01 -2.0000e+01 -1.5116e+01
-1.0000e+01 -1.0000e+01 -1.3720e+01
-1.0000e+01 0.0000e+00 -1.5041e+01
-1.0000e+01 1.0000e+01 -1.3903e+01
-1.0000e+01 2.0000e+01 -1.2835e+01
-1.0000e+01 3.0000e+01 -1.1844e+01
-1.0000e+01 4.0000e+01 -1.1935e+01
-1.0000e+01 5.0000e+01 -1.0218e+01
-1.0000e+01 6.0000e+01 -6.4304e+00
-1.0000e+01 7.0000e+01 -6.7404e+00
-1.0000e+01 8.0000e+01 -4.3654e+00
-1.0000e+01 9.0000e+01 -4.4886e+00
-1.0000e+01 1.0000e+02 -1.7525e+00
-1.0000e+01 1.1000e+02 -2.6598e+00
-1.0000e+01 1.2000e+02 -2.7045e+00
-1.0000e+01 1.3000e+02 1.0783e+00
-1.0000e+01 1.4000e+02 1.3161e-01
-1.0000e+01 1.5000e+02 -1.4462e+00
-1.0000e+01 1.6000e+02 -3.0284e+00
-1.0000e+01 1.7000e+02 1.8459e-01
-1.0000e+01 1.8000e+02 -1.0553e+00
-1.0000e+01 1.9000e+02 8.8235e-02
-1.0000e+01 2.0000e+02 2.9010e-01
0.0000e+00 -2.0000e+02 6.4445e-01
0.0000e+00 -1.9000e+02 9.4230e-01
0.0000e+00 -1.8000e+02 9.2555e-01
0.0000e+00 -1.7000e+02 -3.0127e-01
0.0000e+00 -1.6000e+02 -2.4463e+00
0.0000e+00 -1.5000e+02 -1.6524e+00
0.0000e+00 -1.4000e+02 -4.9047e-01
0.0000e+00 -1.3000e+02 6.6107e-01
0.0000e+00 -1.2000e+02 -1.1356e+00
0.0000e+00 -1.1000e+02 -2.0320e+00
0.0000e+00 -1.0000e+02 -5.6887e+00
0.0000e+00 -9.0000e+01 -4.1637e+00
0.0000e+00 -8.0000e+01 -5.5880e+00
0.0000e+00 -7.0000e+01 -6.8274e+00
0.0000e+00 -6.0000e+01 -8.1661e+00
0.0000e+00 -5.0000e+01 -7.2695e+00
0.0000e+00 -4.0000e+01 -9.3537e+00
0.0000e+00 -3.0000e+01 -1.4963e+01
0.0000e+00 -2.0000e+01 -1.5304e+01
0.0000e+00 -1.0000e+01 -1.4575e+01
0.0000e+00 0.0000e+00 -1.3240e+01
0.0000e+00 1.0000e+01 -1.7395e+01
0.0000e+00 2.0000e+01 -1.6928e+01
0.0000e+00 3.0000e+01 -1.1523e+01
0.0000e+00 4.0000e+01 -1.1618e+01
0.0000e+00 5.0000e+01 -1.0350e+01
0.0000e+00 6.0000e+01 -9.8899e+00
0.0000e+00 7.0000e+01 -6.7014e+00
0.0000e+00 8.0000e+01 -2.3753e+00
0.0000e+00 9.0000e+01 -3.8865e+00
0.0000e+00 1.0000e+02 -2.4221e+00
0.0000e+00 1.1000e+02 -4.7361e+00
0.0000e+00 1.2000e+02 -1.0278e+00
0.0000e+00 1.3000e+02 -1.3766e+00
0.0000e+00 1.4000e+02 -1.9660e+00
0.0000e+00 1.5000e+02 -3.7329e+00
0.0000e+00 1.6000e+02 -1.4982e-01
0.0000e+00 1.7000e+02 -2.0676e+00
0.0000e+00 1.8000e+02 -5.7022e-01
0.0000e+00 1.9000e+02 -4.7260e-01
0.0000e+00 2.0000e+02 3.3600e+00
1.0000e+01 -2.0000e+02 -1.2558e+00
1.0000e+01 -1.9000e+02 2.3014e-01
1.0000e+01 -1.8000e+02 -5.5839e-01
1.0000e+01 -1.7000e+02 -4.4603e-01
1.0000e+01 -1.6000e+02 -6.1125e-01
1.0000e+01 -1.5000e+02 -9.6635e-01
1.0000e+01 -1.4000e+02 1.5513e+00
1.0000e+01 -1.3000e+02 -1.8389e+00
1.0000e+01 -1.2000e+02 -2.5940e+00
1.0000e+01 -1.1000e+02 -2.0099e+00
1.0000e+01 -1.0000e+02 -3.7600e+00
1.0000e+01 -9.0000e+01 -3.7903e+00
1.0000e+01 -8.0000e+01 -3.0209e+00
1.0000e+01 -7.0000e+01 -5.4685e+00
1.0000e+01 -6.0000e+01 -1.0416e+01
1.0000e+01 -5.0000e+01 -9.3194e+00
1.0000e+01 -4.0000e+01 -1.0912e+01
1.0000e+01 -3.0000e+01 -1.0576e+01
1.0000e+01 -2.0000e+01 -1.2808e+01
1.0000e+01 -1.0000e+01 -1.3449e+01
1.0000e+01 0.0000e+00 -1.5278e+01
1.0000e+01 1.0000e+01 -1.4524e+01
1.0000e+01 2.0000e+01 -1.4088e+01
1.0000e+01 3.0000e+01 -1.1130e+01
1.0000e+01 4.0000e+01 -1.1580e+01
1.0000e+01 5.0000e+01 -9.3486e+00
1.0000e+01 6.0000e+01 -1.1005e+01
1.0000e+01 7.0000e+01 -6.0559e+00
1.0000e+01 8.0000e+01 -5.3357e+00
1.0000e+01 9.0000e+01 -3.6089e+00
1.0000e+01 1.0000e+02 -6.4854e+00
1.0000e+01 1.1000e+02 -2.0828e-01
1.0000e+01 1.2000e+02 -5.2815e+00
1.0000e+01 1.3000e+02 -1.4006e+00
1.0000e+01 1.4000e+02 1.0981e+00
1.0000e+01 1.5000e+02 -4.6681e+00
1.0000e+01 1.6000e+02 -4.1466e-01
1.0000e+01 1.7000e+02 -2.4210e-01
1.0000e+01 1.8000e+02 -1.5973e+00
1.0000e+01 1.9000e+02 1.9865e-01
1.0000e+01 2.0000e+02 -1.1962e+00
2.0000e+01 -2.0000e+02 1.2272e+00
2.0000e+01 -1.9000e+02 -1.8903e+00
2.0000e+01 -1.8000e+02 -4.2270e-01
2.0000e+01 -1.7000e+02 -4.5835e-01
2.0000e+01 -1.6000e+02 -7.1541e-01
2.0000e+01 -1.5000e+02 -1.9722e+00
2.0000e+01 -1.4000e+02 -1.7058e-01
2.0000e+01 -1.3000e+02 -9.0329e-01
2.0000e+01 -1.2000e+02 -7.1845e-01
2.0000e+01 -1.1000e+02 -3.1791e+00
2.0000e+01 -1.0000e+02 -3.7384e+00
2.0000e+01 -9.0000e+01 -3.0018e+00
2.0000e+01 -8.0000e+01 -5.0516e+00
2.0000e+01 -7.0000e+01 -4.7934e+00
2.0000e+01 -6.0000e+01 -9.4595e+00
2.0000e+01 -5.0000e+01 -8.1962e+00
2.0000e+01 -4.0000e+01 -1.2333e+01
2.0000e+01 -3.0000e+01 -1.1547e+01
2.0000e+01 -2.0000e+01 -1.2132e+01
2.0000e+01 -1.0000e+01 -1.4007e+01
2.0000e+01 0.0000e+00 -1.4075e+01
2.0000e+01 1.0000e+01 -1.3473e+01
2.0000e+01 2.0000e+01 -1.3354e+01
2.0000e+01 3.0000e+01 -1.1748e+01
2.0000e+01 4.0000e+01 -9.3314e+00
2.0000e+01 5.0000e+01 -9.6021e+00
2.0000e+01 6.0000e+01 -7.6837e+00
2.0000e+01 7.0000e+01 -6.6251e+00
2.0000e+01 8.0000e+01 -3.2826e+00
2.0000e+01 9.0000e+01 -5.1598e+00
2.0000e+01 1.0000e+02 -1.5552e+00
2.0000e+01 1.1000e+02 -3.5951e+00
2.0000e+01 1.2000e+02 -2.1936e+00
2.0000e+01 1.3000e+02 -1.8464e+00
2.0000e+01 1.4000e+02 -2.7665e-01
2.0000e+01 1.5000e+02 -2.7140e-01
2.0000e+01 1.6000e+02 9.8515e-01
2.0000e+01 1.7000e+02 -3.1616e+00
2.0000e+01 1.8000e+02 3.0656e+00
2.0000e+01 1.9000e+02 -5.4317e-01
2.0000e+01 2.0000e+02 -1.6620e+00
3.0000e+01 -2.0000e+02 -1.3905e+00
3.0000e+01 -1.9000e+02 1.2688e+00
3.0000e+01 -1.8000e+02 -7.5315e-02
3.0000e+01 -1.7000e+02 -2.0277e+00
3.0000e+01 -1.6000e+02 -2.2458e-02
3.0000e+01 -1.5000e+02 -2.6741e+00
3.0000e+01 -1.4000e+02 5.0791e-01
3.0000e+01 -1.3000e+02 -2.3460e+00
3.0000e+01 -1.2000e+02 -1.9269e+00
3.0000e+01 -1.1000e+02 -3.3385e+00
3.0000e+01 -1.0000e+02 -3.6670e+00
3.0000e+01 -9.0000e+01 -3.8706e+00
3.0000e+01 -8.0000e+01 -3.9279e+00
3.0000e+01 -7.0000e+01 -6.9704e+00
3.0000e+01 -6.0000e+01 -8.7542e+00
3.0000e+01 -5.0000e+01 -1.1674e+01
3.0000e+01 -4.0000e+01 -9.8285e+00
3.0000e+01 -3.0000e+01 -1.1401e+01
3.0000e+01 -2.0000e+01 -1.2740e+01
3.0000e+01 -1.0000e+01 -1.1365e+01
3.0000e+01 0.0000e+00 -1.1893e+01
3.0000e+01 1.0000e+01 -1.2561e+01
3.0000e+01 2.0000e+01 -1.2964e+01
3.0000e+01 3.0000e+01 -1.0459e+01
3.0000e+01 4.0000e+01 -1.2715e+01
3.0000e+01 5.0000e+01 -6.7204e+00
3.0000e+01 6.0000e+01 -6.1345e+00
3.0000e+01 7.0000e+01 -5.2676e+00
3.0000e+01 8.0000e+01 -2.7025e+00
3.0000e+01 9.0000e+01 -3.3916e+00
3.0000e+01 1.0000e+02 -4.1669e+00
3.0000e+01 1.1000e+02 -3.6045e+00
3.0000e+01 1.2000e+02 -1.2038e+00
3.0000e+01 1.3000e+02 -2.4632e+00
3.0000e+01 1.4000e+02 -3.0827e+00
3.0000e+01 1.5000e+02 -1.2285e+00
3.0000e+01 1.6000e+02 5.9435e-01
3.0000e+01 1.7000e+02 2.5789e+00
3.0000e+01 1.8000e+02 5.0337e-01
3.0000e+01 1.9000e+02 -2.6274e+00
3.0000e+01 2.0000e+02 -3.7867e-02
4.0000e+01 -2.0000e+02 -5.2339e-01
4.0000e+01 -1.9000e+02 3.9253e-01
4.0000e+01 -1.8000e+02 2.1333e+00
4.0000e+01 -1.7000e+02 1.0869e+00
4.0000e+01 -1.6000e+02 -1.8629e+00
4.0000e+01 -1.5000e+02 1.2737e+00
4.0000e+01 -1.4000e+02 3.2262e-01
4.0000e+01 -1.3000e+02 1.2892e+00
4.0000e+01 -1.2000e+02 6.7152e-01
4.0000e+01 -1.1000e+02 -3.9691e+00
4.0000e+01 -1.0000e+02 -2.5785e+00
4.0000e+01 -9.0000e+01 -3.2183e+00
4.0000e+01 -8.0000e+01 -4.4589e+00
4.0000e+01 -7.0000e+01 -4.9241e+00
4.0000e+01 -6.0000e+01 -6.2703e+00
4.0000e+01 -5.0000e+01 -7.4585e+00
4.0000e+01 -4.0000e+01 -9.5305e+00
4.0000e+01 -3.0000e+01 -1.1296e+01
4.0000e+01 -2.0000e+01 -1.2645e+01
4.0000e+01 -1.0000e+01 -1.2396e+01
4.0000e+01 0.0000e+00 -1.4776e+01
4.0000e+01 1.0000e+01 -8.4638e+00
4.0000e+01 2.0000e+01 -1.2568e+01
4.0000e+01 3.0000e+01 -8.3718e+00
4.0000e+01 4.0000e+01 -8.8464e+00
4.0000e+01 5.0000e+01 -6.9101e+00
4.0000e+01 6.0000e+01 -6.3474e+00
4.0000e+01 7.0000e+01 -6.5528e+00
4.0000e+01 8.0000e+01 -4.5866e+00
4.0000e+01 9.0000e+01 -2.0178e+00
4.0000e+01 1.0000e+02 2.2039e-01
4.0000e+01 1.1000e+02 -4.1178e+00
4.0000e+01 1.2000e+02 -5.8280e-02
4.0000e+01 1.3000e+02 -1.1884e+00
4.0000e+01 1.4000e+02 2.0560e+00
4.0000e+01 1.5000e+02 2.4480e+00
4.0000e+01 1.6000e+02 1.5453e-01
4.0000e+01 1.7000e+02 1.2143e+00
4.0000e+01 1.8000e+02 -9.3942e-01
4.0000e+01 1.9000e+02 -8.1855e-01
4.0000e+01 2.0000e+02 1.2527e+00
5.0000e+01 -2.0000e+02 -4.0779e-01
5.0000e+01 -1.9000e+02 9.1205e-01
5.0000e+01 -1.8000e+02 7.4901e-01
5.0000e+01 -1.7000e+02 -4.7843e-01
5.0000e+01 -1.6000e+02 -7.1156e-01
5.0000e+01 -1.5000e+02 1.0306e+00
5.0000e+01 -1.4000e+02 1.3265e+00
5.0000e+01 -1.3000e+02 -2.5546e+00
5.0000e+01 -1.2000e+02 -1.5436e+00
5.0000e+01 -1.1000e+02 -2.2510e+00
5.0000e+01 -1.0000e+02 -4.4351e+00
5.0000e+01 -9.0000e+01 -3.3855e+00
5.0000e+01 -8.0000e+01 -2.3282e+00
5.0000e+01 -7.0000e+01 -4.0632e+00
5.0000e+01 -6.0000e+01 -3.0012e+00
5.0000e+01 -5.0000e+01 -4.7906e+00
5.0000e+01 -4.0000e+01 -8.5368e+00
5.0000e+01 -3.0000e+01 -9.3848e+00
5.0000e+01 -2.0000e+01 -9.0663e+00
5.0000e+01 -1.0000e+01 -7.9934e+00
5.0000e+01 0.0000e+00 -1.0185e+01
5.0000e+01 1.0000e+01 -8.2698e+00
5.0000e+01 2.0000e+01 -1.1770e+01
5.0000e+01 3.0000e+01 -7.8874e+00
5.0000e+01 4.0000e+01 -9.1506e+00
5.0000e+01 5.0000e+01 -6.3029e+00
5.0000e+01 6.0000e+01 -5.4097e+00
5.0000e+01 7.0000e+01 -4.6493e+00
5.0000e+01 8.0000e+01 -4.2194e+00
5.0000e+01 9.0000e+01 -2.3465e+00
5.0000e+01 1.0000e+02 -1.3868e+00
5.0000e+01 1.1000e+02 -7.9328e-01
5.0000e+01 1.2000e+02 -9.1997e-01
5.0000e+01 1.3000e+02 2.9383e-01
5.0000e+01 1.4000e+02 1.7552e+00
5.0000e+01 1.5000e+02 1.0250e+00
5.0000e+01 1.6000e+02 -1.3727e+00
5.0000e+01 1.7000e+02 -1.0094e+00
5.0000e+01 1.8000e+02 1.7643e-01
5.0000e+01 1.9000e+02 5.6217e-02
5.0000e+01 2.0000e+02 6.6860e-01
6.0000e+01 -2.0000e+02 3.2915e+00
6.0000e+01 -1.9000e+02 1.5486e-01
6.0000e+01 -1.8000e+02 -1.1178e+00
6.0000e+01 -1.7000e+02 -5.0472e+00
6.0000e+01 -1.6000e+02 2.7168e-01
6.0000e+01 -1.5000e+02 -5.7544e-01
6.0000e+01 -1.4000e+02 1.0463e-01
6.0000e+01 -1.3000e+02 1.8375e+00
6.0000e+01 -1.2000e+02 -1.8207e+00
6.0000e+01 -1.1000e+02 -1.4374e+00
6.0000e+01 -1.0000e+02 1.1766e-01
6.0000e+01 -9.0000e+01 -2.0330e-01
6.0000e+01 -8.0000e+01 -5.3500e+00
6.0000e+01 -7.0000e+01 -2.0730e+00
6.0000e+01 -6.0000e+01 -4.8277e+00
6.0000e+01 -5.0000e+01 -5.2640e+00
6.0000e+01 -4.0000e+01 -5.5217e+00
6.0000e+01 -3.0000e+01 -9.8749e+00
6.0000e+01 -2.0000e+01 -7.1991e+00
6.0000e+01 -1.0000e+01 -9.7254e+00
6.0000e+01 0.0000e+00 -8.2624e+00
6.0000e+01 1.0000e+01 -8.4439e+00
6.0000e+01 2.0000e+01 -1.0398e+01
6.0000e+01 3.0000e+01 -6.9647e+00
6.0000e+01 4.0000e+01 -4.3924e+00
6.0000e+01 5.0000e+01 -6.2716e+00
6.0000e+01 6.0000e+01 -7.9165e+00
6.0000e+01 7.0000e+01 -6.7003e+00
6.0000e+01 8.0000e+01 -3.2077e+00
6.0000e+01 9.0000e+01 -2.7320e+00
6.0000e+01 1.0000e+02 -1.2417e+00
6.0000e+01 1.1000e+02 -3.3566e-01
6.0000e+01 1.2000e+02 8.2124e-01
6.0000e+01 1.3000e+02 -2.1654e+00
6.0000e+01 1.4000e+02 -5.2211e-01
6.0000e+01 1.5000e+02 8.9290e-01
6.0000e+01 1.6000e+02 1.3336e+00
6.0000e+01 1.7000e+02 1.5133e+00
6.0000e+01 1.8000e+02 -3.1474e+00
6.0000e+01 1.9000e+02 4.9513e-01
6.0000e+01 2.0000e+02 -9.7862e-01
7.0000e+01 -2.0000e+02 -1.9067e+00
7.0000e+01 -1.9000e+02 -4.5658e-01
7.0000e+01 -1.8000e+02 -2.3183e+00
7.0000e+01 -1.7000e+02 -4.4483e-01
7.0000e+01 -1.6000e+02 -2.3573e+00
7.0000e+01 -1.5000e+02 -1.5684e-01
7.0000e+01 -1.4000e+02 -7.4809e-01
7.0000e+01 -1.3000e+02 -4.1266e+00
7.0000e+01 -1.2000e+02 -1.1216e+00
7.0000e+01 -1.1000e+02 -1.5337e+00
7.0000e+01 -1.0000e+02 -1.7954e+00
7.0000e+01 -9.0000e+01 -2.6574e+00
7.0000e+01 -8.0000e+01 -1.6823e+00
7.0000e+01 -7.0000e+01 -1.6129e+00
7.0000e+01 -6.0000e+01 -2.7516e+00
7.0000e+01 -5.0000e+01 -5.0189e+00
7.0000e+01 -4.0000e+01 -4.6059e+00
7.0000e+01 -3.0000e+01 -3.9548e+00
7.0000e+01 -2.0000e+01 -7.4615e+00
7.0000e+01 -1.0000e+01 -5.7195e+00
7.0000e+01 0.0000e+00 -6.1275e+00
7.0000e+01 1.0000e+01 -1.0481e+01
7.0000e+01 2.0000e+01 -5.5031e+00
7.0000e+01 3.0000e+01 -4.5690e+00
7.0000e+01 4.0000e+01 -5.9764e+00
7.0000e+01 5.0000e+01 -4.7909e+00
7.0000e+01 6.0000e+01 -2.2972e+00
7.0000e+01 7.0000e+01 -3.2458e+00
7.0000e+01 8.0000e+01 -7.1499e+00
7.0000e+01 9.0000e+01 -2.8249e-01
7.0000e+01 1.0000e+02 3.2752e-01
7.0000e+01 1.1000e+02 -1.8794e+00
7.0000e+01 1.2000e+02 8.0224e-01
7.0000e+01 1.3000e+02 -3.3115e+00
7.0000e+01 1.4000e+02 -1.4245e+00
7.0000e+01 1.5000e+02 -1.1057e+00
7.0000e+01 1.6000e+02 1.0082e+00
7.0000e+01 1.7000e+02 1.2305e+00
7.0000e+01 1.8000e+02 -1.6374e+00
7.0000e+01 1.9000e+02 1.1140e+00
7.0000e+01 2.0000e+02 -3.8241e-01
8.0000e+01 -2.0000e+02 -4.2056e+00
8.0000e+01 -1.9000e+02 1.2474e+00
8.0000e+01 -1.8000e+02 -1.6495e-01
8.0000e+01 -1.7000e+02 -3.0604e+00
8.0000e+01 -1.6000e+02 2.3559e-01
8.0000e+01 -1.5000e+02 -9.2978e-01
8.0000e+01 -1.4000e+02 -2.4184e-01
8.0000e+01 -1.3000e+02 -2.9375e+00
8.0000e+01 -1.2000e+02 -7.8165e-02
8.0000e+01 -1.1000e+02 -1.8767e+00
8.0000e+01 -1.0000e+02 -5.1544e+00
8.0000e+01 -9.0000e+01 -5.7385e-01
8.0000e+01 -8.0000e+01 -1.8933e+00
8.0000e+01 -7.0000e+01 -2.8716e+00
8.0000e+01 -6.0000e+01 -2.9662e+00
8.0000e+01 -5.0000e+01 -3.4289e+00
8.0000e+01 -4.0000e+01 -4.2013e+00
8.0000e+01 -3.0000e+01 -3.2820e+00
8.0000e+01 -2.0000e+01 -4.6636e+00
8.0000e+01 -1.0000e+01 -5.2642e+00
8.0000e+01 0.0000e+00 -3.4830e+00
8.0000e+01 1.0000e+01 -5.8271e+00
8.0000e+01 2.0000e+01 -4.4262e+00
8.0000e+01 3.0000e+01 -6.2476e+00
8.0000e+01 4.0000e+01 -5.0884e+00
8.0000e+01 5.0000e+01 -3.6087e+00
8.0000e+01 6.0000e+01 8.8809e-01
8.0000e+01 7.0000e+01 -3.9850e+00
8.0000e+01 8.0000e+01 -3.4652e+00
8.0000e+01 9.0000e+01 -3.0915e+00
8.0000e+01 1.0000e+02 -1.3981e+00
8.0000e+01 1.1000e+02 2.7139e+00
8.0000e+01 1.2000e+02 -4.2612e+00
8.0000e+01 1.3000e+02 5.1287e-01
8.0000e+01 1.4000e+02 3.2910e-01
8.0000e+01 1.5000e+02 7.8166e-01
8.0000e+01 1.6000e+02 -2.5300e+00
8.0000e+01 1.7000e+02 -1.5274e+00
8.0000e+01 1.8000e+02 6.8136e-01
8.0000e+01 1.9000e+02 -6.9912e-01
8.0000e+01 2.0000e+02 -9.3066e-01
9.0000e+01 -2.0000e+02 1.3802e+00
9.0000e+01 -1.9000e+02 1.0768e+00
9.0000e+01 -1.8000e+02 4.1643e-01
9.0000e+01 -1.7000e+02 -1.5371e+00
9.0000e+01 -1.6000e+02 1.0667e+00
9.0000e+01 -1.5000e+02 6.2532e-01
9.0000e+01 -1.4000e+02 -1.7515e+00
9.0000e+01 -1.3000e+02 -8.2640e-01
9.0000e+01 -1.2000e+02 -2.8505e-01
9.0000e+01 -1.1000e+02 -1.1986e+00
9.0000e+01 -1.0000e+02 -1.0631e+00
9.0000e+01 -9.0000e+01 -2.6278e+00
9.0000e+01 -8.0000e+01 -1.8769e+00
9.0000e+01 -7.0000e+01 -1.9283e+00
9.0000e+01 -6.0000e+01 -1.9454e+00
9.0000e+01 -5.0000e+01 -4.2798e+00
9.0000e+01 -4.0000e+01 -4.4709e+00
9.0000e+01 -3.0000e+01 -5.7575e+00
9.0000e+01 -2.0000e+01 -3.3037e+00
9.0000e+01 -1.0000e+01 -3.4937e+00
9.0000e+01 0.0000e+00 -1.3148e+00
9.0000e+01 1.0000e+01 -6.3698e+00
9.0000e+01 2.0000e+01 -2.0740e+00
9.0000e+01 3.0000e+01 -3.2235e+00
9.0000e+01 4.0000e+01 -5.2998e+00
9.0000e+01 5.0000e+01 -3.3008e+00
9.0000e+01 6.0000e+01 -1.4674e+00
9.0000e+01 7.0000e+01 -2.0903e+00
9.0000e+01 8.0000e+01 -1.3532e+00
9.0000e+01 9.0000e+01 4.2421e-02
9.0000e+01 1.0000e+02 -1.5519e+00
9.0000e+01 1.1000e+02 1.5283e-01
9.0000e+01 1.2000e+02 -4.2380e-01
9.0000e+01 1.3000e+02 -1.6816e+00
9.0000e+01 1.4000e+02 2.5219e-01
9.0000e+01 1.5000e+02 7.0289e-01
9.0000e+01 1.6000e+02 -1.6560e+00
9.0000e+01 1.7000e+02 4.4892e+00
9.0000e+01 1.8000e+02 -9.3197e-01
9.0000e+01 1.9000e+02 1.2910e+00
9.0000e+01 2.0000e+02 -1.2717e+00
1.0000e+02 -2.0000e+02 -2.3643e-01
1.0000e+02 -1.9000e+02 2.2491e+00
1.0000e+02 -1.8000e+02 1.5416e+00
1.0000e+02 -1.7000e+02 -3.2139e-01
1.0000e+02 -1.6000e+02 -2.7880e-01
1.0000e+02 -1.5000e+02 -4.3423e-01
1.0000e+02 -1.4000e+02 1.4817e+00
1.0000e+02 -1.3000e+02 1.5717e+00
1.0000e+02 -1.2000e+02 -5.0743e-01
1.0000e+02 -1.1000e+02 -9.5319e-01
1.0000e+02 -1.0000e+02 -2.3838e+00
1.0000e+02 -9.0000e+01 8.4161e-01
1.0000e+02 -8.0000e+01 5.8651e-01
1.0000e+02 -7.0000e+01 -1.7188e+00
1.0000e+02 -6.0000e+01 -2.0866e-01
1.0000e+02 -5.0000e+01 -1.1914e+00
1.0000e+02 -4.0000e+01 -5.3729e+00
1.0000e+02 -3.0000e+01 -1.8628e+00
1.0000e+02 -2.0000e+01 -5.0130e+00
1.0000e+02 -1.0000e+01 -5.4019e-01
1.0000e+02 0.0000e+00 -1.9594e+00
1.0000e+02 1.0000e+01 -4.4483e+00
1.0000e+02 2.0000e+01 -6.0739e+00
1.0000e+02 3.0000e+01 -1.6752e+00
1.0000e+02 4.0000e+01 -1.8591e+00
1.0000e+02 5.0000e+01 -1.3114e+00
1.0000e+02 6.0000e+01 -1.4306e+00
1.0000e+02 7.0000e+01 -1.3101e+00
1.0000e+02 8.0000e+01 -1.2005e+00
1.0000e+02 9.0000e+01 3.2212e-01
1.0000e+02 1.0000e+02 2.6776e-01
1.0000e+02 1.1000e+02 -5.2292e-01
1.0000e+02 1.2000e+02 9.9193e-01
1.0000e+02 1.3000e+02 -2.6412e+00
1.0000e+02 1.4000e+02 1.0738e+00
1.0000e+02 1.5000e+02 -9.1997e-01
1.0000e+02 1.6000e+02 2.9840e+00
1.0000e+02 1.7000e+02 6.5822e-01
1.0000e+02 1.8000e+02 1.5848e-01
1.0000e+02 1.9000e+02 -1.6166e+00
1.0000e+02 2.0000e+02 -1.1921e-01
1.1000e+02 -2.0000e+02 -1.3033e+00
1.1000e+02 -1.9000e+02 -1.3952e+00
1.1000e+02 -1.8000e+02 4.9235e-01
1.1000e+02 -1.7000e+02 -7.4311e-01
1.1000e+02 -1.6000e+02 -7.5404e-01
1.1000e+02 -1.5000e+02 4.1811e-01
1.1000e+02 -1.4000e+02 -1.1820e+00
1.1000e+02 -1.3000e+02 -2.4645e-01
1.1000e+02 -1.2000e+02 -1.0608e-01
1.1000e+02 -1.1000e+02 -4.2266e+00
1.1000e+02 -1.0000e+02 -9.5802e-01
1.1000e+02 -9.0000e+01 -3.9000e+00
1.1000e+02 -8.0000e+01 -2.3474e+00
1.1000e+02 -7.0000e+01 -2.0243e+00
1.1000e+02 -6.0000e+01 -1.2457e+00
1.1000e+02 -5.0000e+01 -9.7248e-01
1.1000e+02 -4.0000e+01 -3.1442e+00
1.1000e+02 -3.0000e+01 -2.8841e+00
1.1000e+02 -2.0000e+01 -3.3866e+00
1.1000e+02 -1.0000e+01 -2.9118e+00
1.1000e+02 0.0000e+00 -2.5854e+00
1.1000e+02 1.0000e+01 -2.0372e+00
1.1000e+02 2.0000e+01 -2.4738e+00
1.1000e+02 3.0000e+01 -1.1048e+00
1.1000e+02 4.0000e+01 -9.9661e-01
1.1000e+02 5.0000e+01 -1.3044e+00
1.1000e+02 6.0000e+01 -3.3458e+00
1.1000e+02 7.0000e+01 -2.7205e+00
1.1000e+02 8.0000e+01 -2.8069e+00
1.1000e+02 9.0000e+01 -3.7257e+00
1.1000e+02 1.0000e+02 4.1023e-01
1.1000e+02 1.1000e+02 3.1320e+00
1.1000e+02 1.2000e+02 -2.4628e+00
1.1000e+02 1.3000e+02 -1.9204e+00
1.1000e+02 1.4000e+02 1.0361e+00
1.1000e+02 1.5000e+02 2.1851e+00
1.1000e+02 1.6000e+02 -9.0175e-01
1.1000e+02 1.7000e+02 8.5761e-01
1.1000e+02 1.8000e+02 -1.3190e+00
1.1000e+02 1.9000e+02 1.5964e+00
1.1000e+02 2.0000e+02 3.1875e+00
1.2000e+02 -2.0000e+02 1.2044e+00
1.2000e+02 -1.9000e+02 1.5077e-01
1.2000e+02 -1.8000e+02 -4.0833e-01
1.2000e+02 -1.7000e+02 -1.2125e+00
1.2000e+02 -1.6000e+02 8.5993e-01
1.2000e+02 -1.5000e+02 -2.5826e-01
1.2000e+02 -1.4000e+02 -7.9012e-01
1.2000e+02 -1.3000e+02 8.3739e-01
1.2000e+02 -1.2000e+02 -2.3044e+00
1.2000e+02 -1.1000e+02 2.2469e+00
1.2000e+02 -1.0000e+02 -2.2148e-01
1.2000e+02 -9.0000e+01 -9.7235e-01
1.2000e+02 -8.0000e+01 2.6885e+00
1.2000e+02 -7.0000e+01 2.8724e+00
1.2000e+02 -6.0000e+01 1.4159e-01
1.2000e+02 -5.0000e+01 2.6424e-01
1.2000e+02 -4.0000e+01 -4.1531e+00
1.2000e+02 -3.0000e+01 -2.8120e+00
1.2000e+02 -2.0000e+01 -2.0915e+00
1.2000e+02 -1.0000e+01 7.6729e-02
1.2000e+02 0.0000e+00 -2.6718e+00
1.2000e+02 1.0000e+01 -2.4559e+00
1.2000e+02 2.0000e+01 -7.2062e-01
1.2000e+02 3.0000e+01 -3.2878e+00
1.2000e+02 4.0000e+01 6.7900e-01
1.2000e+02 5.0000e+01 1.4112e-01
1.2000e+02 6.0000e+01 1.3736e+00
1.2000e+02 7.0000e+01 3.5066e-02
1.2000e+02 8.0000e+01 -1.2253e+00
1.2000e+02 9.0000e+01 -1.4446e+00
1.2000e+02 1.0000e+02 -2.2788e+00
1.2000e+02 1.1000e+02 2.0122e+00
1.2000e+02 1.2000e+02 -1.8092e+00
1.2000e+02 1.3000e+02 6.0192e-01
1.2000e+02 1.4000e+02 6.4065e-01
1.2000e+02 1.5000e+02 -9.2467e-01
1.2000e+02 1.6000e+02 -1.0188e+00
1.2000e+02 1.7000e+02 1.3759e+00
1.2000e+02 1.8000e+02 1.1666e+00
1.2000e+02 1.9000e+02 1.2956e+00
1.2000e+02 2.0000e+02 -1.0571e+00
1.3000e+02 -2.0000e+02 2.4492e+00
1.3000e+02 -1.9000e+02 -2.6162e+00
1.3000e+02 -1.8000e+02 -4.5790e-01
1.3000e+02 -1.7000e+02 6.5569e-01
1.3000e+02 -1.6000e+02 2.0224e+00
1.3000e+02 -1.5000e+02 7.6910e-01
1.3000e+02 -1.4000e+02 -2.3928e-01
1.3000e+02 -1.3000e+02 -2.8973e+00
1.3000e+02 -1.2000e+02 -3.4464e-01
1.3000e+02 -1.1000e+02 -2.6701e+00
1.3000e+02 -1.0000e+02 2.8567e-01
1.3000e+02 -9.0000e+01 -2.2789e+00
1.3000e+02 -8.0000e+01 2.8366e-01
1.3000e+02 -7.0000e+01 -7.8747e-01
1.3000e+02 -6.0000e+01 9.1688e-01
1.3000e+02 -5.0000e+01 -1.0517e+00
1.3000e+02 -4.0000e+01 -1.3240e+00
1.3000e+02 -3.0000e+01 1.2542e+00
1.3000e+02 -2.0000e+01 1.1654e+00
1.3000e+02 -1.0000e+01 -4.5966e-01
1.3000e+02 0.0000e+00 -1.2011e+00
1.3000e+02 1.0000e+01 1.3393e+00
1.3000e+02 2.0000e+01 -2.0525e+00
1.3000e+02 3.0000e+01 -7.9755e-01
1.3000e+02 4.0000e+01 2.2801e+00
1.3000e+02 5.0000e+01 -2.3190e+00
1.3000e+02 6.0000e+01 5.0489e-01
1.3000e+02 7.0000e+01 -6.8299e-01
1.3000e+02 8.0000e+01 -1.2182e+00
1.3000e+02 9.0000e+01 8.0627e-01
1.3000e+02 1.0000e+02 -1.4644e+00
1.3000e+02 1.1000e+02 -5.6893e-01
1.3000e+02 1.2000e+02 -1.8366e+00
1.3000e+02 1.3000e+02 1.1734e+00
1.3000e+02 1.4000e+02 1.4116e+00
1.3000e+02 1.5000e+02 -9.3178e-01
1.3000e+02 1.6000e+02 -2.5737e-01
1.3000e+02 1.7000e+02 -1.2786e+00
1.3000e+02 1.8000e+02 1.2117e+00
1.3000e+02 1.9000e+02 1.5779e+00
1.3000e+02 2.0000e+02 -2.0148e+00
1.4000e+02 -2.0000e+02 -7.3359e-01
1.4000e+02 -1.9000e+02 9.2106e-01
1.4000e+02 -1.8000e+02 -9.5296e-01
1.4000e+02 -1.7000e+02 1.2982e+00
1.4000e+02 -1.6000e+02 -1.4405e+00
1.4000e+02 -1.5000e+02 -1.7912e+00
1.4000e+02 -1.4000e+02 2.2116e+00
1.4000e+02 -1.3000e+02 -7.9932e-01
1.4000e+02 -1.2000e+02 1.1800e+00
1.4000e+02 -1.1000e+02 2.3910e+00
1.4000e+02 -1.0000e+02 -1.4348e+00
1.4000e+02 -9.0000e+01 1.8661e+00
1.4000e+02 -8.0000e+01 -1.1710e-01
1.4000e+02 -7.0000e+01 -4.9827e-01
1.4000e+02 -6.0000e+01 -5.2398e-01
1.4000e+02 -5.0000e+01 -1.6283e+00
1.4000e+02 -4.0000e+01 -2.5560e-01
1.4000e+02 -3.0000e+01 -2.4552e+00
1.4000e+02 -2.0000e+01 1.7389e-01
1.4000e+02 -1.0000e+01 -5.5968e-01
1.4000e+02 0.0000e+00 1.5722e+00
1.4000e+02 1.0000e+01 -3.4118e+00
1.4000e+02 2.0000e+01 -1.3984e+00
1.4000e+02 3.0000e+01 -2.6086e+00
1.4000e+02 4.0000e+01 -4.7397e-01
1.4000e+02 5.0000e+01 -9.6455e-01
1.4000e+02 6.0000e+01 1.1493e+00
1.4000e+02 7.0000e+01 9.3451e-01
1.4000e+02 8.0000e+01 3.8662e-02
1.4000e+02 9.0000e+01 5.0449e-01
1.4000e+02 1.0000e+02 -1.7891e+00
1.4000e+02 1.1000e+02 -1.9933e-01
1.4000e+02 1.2000e+02 5.3036e-01
1.4000e+02 1.3000e+02 -7.1354e-01
1.4000e+02 1.4000e+02 1.1886e+00
1.4000e+02 1.5000e+02 -1.3561e+00
1.4000e+02 1.6000e+02 -2.8886e-01
1.4000e+02 1.7000e+02 -1.3993e+00
1.4000e+02 1.8000e+02 3.2193e+00
1.4000e+02 1.9000e+02 1.6342e-01
1.4000e+02 2.0000e+02 7.3345e-01
1.5000e+02 -2.0000e+02 6.9079e-01
1.5000e+02 -1.9000e+02 7.5928e-02
1.5000e+02 -1.8000e+02 -1.0741e-01
1.5000e+02 -1.7000e+02 2.6677e+00
1.5000e+02 -1.6000e+02 2.2117e+00
1.5000e+02 -1.5000e+02 2.2607e+00
1.5000e+02 -1.4000e+02 1.0493e-01
1.5000e+02 -1.3000e+02 -7.4675e-01
1.5000e+02 -1.2000e+02 3.9596e-01
1.5000e+02 -1.1000e+02 3.7059e+00
1.5000e+02 -1.0000e+02 -3.3882e-01
1.5000e+02 -9.0000e+01 -1.8564e+00
1.5000e+02 -8.0000e+01 -1.0181e+00
1.5000e+02 -7.0000e+01 6.1345e-01
1.5000e+02 -6.0000e+01 3.5553e-01
1.5000e+02 -5.0000e+01 -9.3292e-01
1.5000e+02 -4.0000e+01 -2.7236e+00
1.5000e+02 -3.0000e+01 1.0872e+00
1.5000e+02 -2.0000e+01 -9.5519e-01
1.5000e+02 -1.0000e+01 2.2611e-01
1.5000e+02 0.0000e+00 -1.1973e+00
1.5000e+02 1.0000e+01 -1.2038e+00
1.5000e+02 2.0000e+01 -2.2576e+00
1.5000e+02 3.0000e+01 2.3451e-02
1.5000e+02 4.0000e+01 -7.3672e-01
1.5000e+02 5.0000e+01 1.6111e+00
1.5000e+02 6.0000e+01 -2.6443e+00
1.5000e+02 7.0000e+01 1.2128e+00
1.5000e+02 8.0000e+01 -8.9742e-01
1.5000e+02 9.0000e+01 -7.5431e-01
1.5000e+02 1.0000e+02 -3.0453e+00
1.5000e+02 1.1000e+02 9.7534e-01
1.5000e+02 1.2000e+02 7.8480e-01
1.5000e+02 1.3000e+02 2.0525e+00
1.5000e+02 1.4000e+02 -4.8320e-01
1.5000e+02 1.5000e+02 -3.7855e-02
1.5000e+02 1.6000e+02 -5.7814e-01
1.5000e+02 1.7000e+02 -3.7092e+00
1.5000e+02 1.8000e+02 5.6141e-01
1.5000e+02 1.9000e+02 -1.6940e+00
1.5000e+02 2.0000e+02 1.3363e+00
1.6000e+02 -2.0000e+02 -1.0343e+00
1.6000e+02 -1.9000e+02 1.7098e+00
1.6000e+02 -1.8000e+02 -6.3671e-01
1.6000e+02 -1.7000e+02 -2.2355e+00
1.6000e+02 -1.6000e+02 1.7186e-01
1.6000e+02 -1.5000e+02 1.0831e+00
1.6000e+02 -1.4000e+02 -1.8381e+00
1.6000e+02 -1.3000e+02 1.2055e+00
1.6000e+02 -1.2000e+02 -2.5797e-01
1.6000e+02 -1.1000e+02 -3.6714e-01
1.6000e+02 -1.0000e+02 -2.2853e+00
1.6000e+02 -9.0000e+01 1.0767e+00
1.6000e+02 -8.0000e+01 2.7507e-01
1.6000e+02 -7.0000e+01 -2.7689e+00
1.6000e+02 -6.0000e+01 -2.0214e+00
1.6000e+02 -5.0000e+01 -1.8897e-01
1.6000e+02 -4.0000e+01 -1.4552e+00
1.6000e+02 -3.0000e+01 2.1294e+00
1.6000e+02 -2.0000e+01 8.8010e-01
1.6000e+02 -1.0000e+01 2.4402e+00
1.6000e+02 0.0000e+00 -1.0446e+00
1.6000e+02 1.0000e+01 1.1253e+00
1.6000e+02 2.0000e+01 2.4660e+00
1.6000e+02 3.0000e+01 2.7581e+00
1.6000e+02 4.0000e+01 9.0715e-01
1.6000e+02 5.0000e+01 1.5107e+00
1.6000e+02 6.0000e+01 -3.4372e-01
1.6000e+02 7.0000e+01 -3.1436e-01
1.6000e+02 8.0000e+01 -2.0364e+00
1.6000e+02 9.0000e+01 -1.9763e+00
1.6000e+02 1.0000e+02 -8.8736e-03
1.6000e+02 1.1000e+02 -1.4655e+00
1.6000e+02 1.2000e+02 5.4019e-01
1.6000e+02 1.3000e+02 3.8702e-02
1.6000e+02 1.4000e+02 2.9536e+00
1.6000e+02 1.5000e+02 1.3760e+00
1.6000e+02 1.6000e+02 1.7733e+00
1.6000e+02 1.7000e+02 6.2921e-01
1.6000e+02 1.8000e+02 2.1751e+00
1.6000e+02 1.9000e+02 8.0534e-01
1.6000e+02 2.0000e+02 1.7305e+00
1.7000e+02 -2.0000e+02 1.3225e-01
1.7000e+02 -1.9000e+02 -3.9678e-01
1.7000e+02 -1.8000e+02 -1.2907e+00
1.7000e+02 -1.7000e+02 8.2054e-01
1.7000e+02 -1.6000e+02 7.4749e-01
1.7000e+02 -1.5000e+02 -1.6978e+00
1.7000e+02 -1.4000e+02 -1.0590e+00
1.7000e+02 -1.3000e+02 7.8447e-01
1.7000e+02 -1.2000e+02 -1.6297e+00
1.7000e+02 -1.1000e+02 -6.0703e-01
1.7000e+02 -1.0000e+02 -1.4072e+00
1.7000e+02 -9.0000e+01 -3.8194e-01
1.7000e+02 -8.0000e+01 -2.0204e+00
1.7000e+02 -7.0000e+01 -1.5079e+00
1.7000e+02 -6.0000e+01 -2.2296e-01
1.7000e+02 -5.0000e+01 -2.1183e-01
1.7000e+02 -4.0000e+01 1.6629e+00
1.7000e+02 -3.0000e+01 1.9140e+00
1.7000e+02 -2.0000e+01 -6.4404e-01
1.7000e+02 -1.0000e+01 1.4009e+00
1.7000e+02 0.0000e+00 -7.5358e-01
1.7000e+02 1.0000e+01 -3.3721e-01
1.7000e+02 2.0000e+01 -2.0052e+00
1.7000e+02 3.0000e+01 3.3178e-01
1.7000e+02 4.0000e+01 -6.8097e-01
1.7000e+02 5.0000e+01 -6.9487e-01
1.7000e+02 6.0000e+01 -1.6195e+00
1.7000e+02 7.0000e+01 3.5257e+00
1.7000e+02 8.0000e+01 7.1909e-01
1.7000e+02 9.0000e+01 1.5513e+00
1.7000e+02 1.0000e+02 -4.6953e-01
1.7000e+02 1.1000e+02 1.0098e+00
1.7000e+02 1.2000e+02 9.7993e-01
1.7000e+02 1.3000e+02 -1.7256e+00
1.7000e+02 1.4000e+02 1.5574e+00
1.7000e+02 1.5000e+02 3.6818e-01
1.7000e+02 1.6000e+02 7.4508e-01
1.7000e+02 1.7000e+02 -2.2439e-01
1.7000e+02 1.8000e+02 7.0287e-01
1.7000e+02 1.9000e+02 1.2085e+00
1.7000e+02 2.0000e+02 4.7882e+00
1.8000e+02 -2.0000e+02 2.0002e+00
1.8000e+02 -1.9000e+02 4.3207e-01
1.8000e+02 -1.8000e+02 1.6255e+00
1.8000e+02 -1.7000e+02 -1.0356e+00
1.8000e+02 -1.6000e+02 9.9390e-01
1.8000e+02 -1.5000e+02 1.8170e-01
1.8000e+02 -1.4000e+02 8.7748e-01
1.8000e+02 -1.3000e+02 5.4114e-01
1.8000e+02 -1.2000e+02 1.7190e+00
1.8000e+02 -1.1000e+02 -3.1334e+00
1.8000e+02 -1.0000e+02 -2.1189e+00
1.8000e+02 -9.0000e+01 -4.1015e-01
1.8000e+02 -8.0000e+01 1.9982e+00
1.8000e+02 -7.0000e+01 9.4195e-01
1.8000e+02 -6.0000e+01 -6.0338e-01
1.8000e+02 -5.0000e+01 -5.4405e-01
1.8000e+02 -4.0000e+01 -5.3948e+00
1.8000e+02 -3.0000e+01 -5.8061e-01
1.8000e+02 -2.0000e+01 -5.5387e-01
1.8000e+02 -1.0000e+01 -7.0415e-01
1.8000e+02 0.0000e+00 -4.5070e-01
1.8000e+02 1.0000e+01 1.6032e+00
1.8000e+02 2.0000e+01 -1.6969e+00
1.8000e+02 3.0000e+01 5.8574e-01
1.8000e+02 4.0000e+01 7.4109e-01
1.8000e+02 5.0000e+01 1.7227e+00
1.8000e+02 6.0000e+01 1.1732e+00
1.8000e+02 7.0000e+01 -2.0183e+00
1.8000e+02 8.0000e+01 3.4099e+00
1.8000e+02 9.0000e+01 7.0077e-01
1.8000e+02 1.0000e+02 -1.6472e+00
1.8000e+02 1.1000e+02 1.7174e-01
1.8000e+02 1.2000e+02 -1.6005e+00
1.8000e+02 1.3000e+02 7.9410e-01
1.8000e+02 1.4000e+02 8.0001e-01
1.8000e+02 1.5000e+02 2.6410e+00
1.8000e+02 1.6000e+02 2.4311e+00
1.8000e+02 1.7000e+02 -1.9472e-01
1.8000e+02 1.8000e+02 -2.1818e-01
1.8000e+02 1.9000e+02 -4.2909e+00
1.8000e+02 2.0000e+02 2.1832e+00
1.9000e+02 -2.0000e+02 2.4834e-01
1.9000e+02 -1.9000e+02 -2.3023e+00
1.9000e+02 -1.8000e+02 -1.2956e+00
1.9000e+02 -1.7000e+02 4.9684e-01
1.9000e+02 -1.6000e+02 -1.8425e+00
1.9000e+02 -1.5000e+02 -6.1571e-02
1.9000e+02 -1.4000e+02 2.4309e+00
1.9000e+02 -1.3000e+02 -1.6175e+00
1.9000e+02 -1.2000e+02 1.5676e+00
1.9000e+02 -1.1000e+02 1.8970e+00
1.9000e+02 -1.0000e+02 5.7953e-01
1.9000e+02 -9.0000e+01 2.6245e+00
1.9000e+02 -8.0000e+01 9.6011e-01
1.9000e+02 -7.0000e+01 -2.2994e+00
1.9000e+02 -6.0000e+01 1.7028e+00
1.9000e+02 -5.0000e+01 -1.6564e+00
1.9000e+02 -4.0000e+01 1.5084e+00
1.9000e+02 -3.0000e+01 -2.0932e+00
1.9000e+02 -2.0000e+01 -2.2624e+00
1.9000e+02 -1.0000e+01 -1.7015e+00
1.9000e+02 0.0000e+00 -6.1577e-01
1.9000e+02 1.0000e+01 -2.3436e-02
1.9000e+02 2.0000e+01 -2.2451e+00
1.9000e+02 3.0000e+01 1.8166e+00
1.9000e+02 4.0000e+01 -9.2584e-02
1.9000e+02 5.0000e+01 -2.1980e+00
1.9000e+02 6.0000e+01 -2.1210e-01
1.9000e+02 7.0000e+01 -1.2064e+00
1.9000e+02 8.0000e+01 -2.2661e+00
1.9000e+02 9.0000e+01 -4.7668e-01
1.9000e+02 1.0000e+02 -3.0338e+00
1.9000e+02 1.1000e+02 2.5643e+00
1.9000e+02 1.2000e+02 -1.1735e+00
1.9000e+02 1.3000e+02 6.1582e-01
1.9000e+02 1.4000e+02 -5.6571e-01
1.9000e+02 1.5000e+02 -8.5930e-01
1.9000e+02 1.6000e+02 1.7968e+00
1.9000e+02 1.7000e+02 -1.0182e+00
1.9000e+02 1.8000e+02 4.8173e-02
1.9000e+02 1.9000e+02 -1.0173e+00
1.9000e+02 2.0000e+02 -8.5286e-01
2.0000e+02 -2.0000e+02 9.5811e-01
2.0000e+02 -1.9000e+02 1.8964e-01
2.0000e+02 -1.8000e+02 -3.1588e-01
2.0000e+02 -1.7000e+02 1.6865e+00
2.0000e+02 -1.6000e+02 -3.2054e+00
2.0000e+02 -1.5000e+02 4.2454e-01
2.0000e+02 -1.4000e+02 -2.6587e+00
2.0000e+02 -1.3000e+02 9.7192e-02
2.0000e+02 -1.2000e+02 7.2093e-01
2.0000e+02 -1.1000e+02 7.1194e-01
2.0000e+02 -1.0000e+02 1.1409e+00
2.0000e+02 -9.0000e+01 -5.1045e-01
2.0000e+02 -8.0000e+01 5.1341e-01
2.0000e+02 -7.0000e+01 4.4014e-01
2.0000e+02 -6.0000e+01 3.4949e-01
2.0000e+02 -5.0000e+01 2.4763e+00
2.0000e+02 -4.0000e+01 1.4902e+00
2.0000e+02 -3.0000e+01 -7.3376e-02
2.0000e+02 -2.0000e+01 5.6806e-01
2.0000e+02 -1.0000e+01 -5.7505e-01
2.0000e+02 0.0000e+00 -7.1705e-01
2.0000e+02 1.0000e+01 -1.5518e+00
2.0000e+02 2.0000e+01 -9.4809e-01
2.0000e+02 3.0000e+01 1.3685e+00
2.0000e+02 4.0000e+01 3.9104e+00
2.0000e+02 5.0000e+01 1.4990e+00
2.0000e+02 6.0000e+01 -1.7561e-01
2.0000e+02 7.0000e+01 3.1187e+00
2.0000e+02 8.0000e+01 3.3068e-01
2.0000e+02 9.0000e+01 1.7299e+00
2.0000e+02 1.0000e+02 -4.9138e-01
2.0000e+02 1.1000e+02 1.4980e+00
2.0000e+02 1.2000e+02 -1.2610e+00
2.0000e+02 1.3000e+02 7.3632e-01
2.0000e+02 1.4000e+02 2.4779e+00
2.0000e+02 1.5000e+02 -5.6365e-01
2.0000e+02 1.6000e+02 -1.2970e+00
2.0000e+02 1.7000e+02 3.3541e-01
2.0000e+02 1.8000e+02 -3.7374e-01
2.0000e+02 1.9000e+02 1.8478e+00
2.0000e+02 2.0000e+02 2.1511e+00
