-2.0000e+02 -2.0000e+02 6.3629e-01
-2.0000e+02 -1.9000e+02 -8.4637e-01
-2.0000e+02 -1.8000e+02 7.5981e-01
-2.0000e+02 -1.7000e+02 1.3597e-01
-2.0000e+02 -1.6000e+02 -1.6298e+00
-2.0000e+02 -1.5000e+02 1.8855e+00
-2.0000e+02 -1.4000e+02 -1.5125e-01
-2.0000e+02 -1.3000e+02 -4.4186e-01
-2.0000e+02 -1.2000e+02 8.7420e-01
-2.0000e+02 -1.1000e+02 -1.1767e+00
-2.0000e+02 -1.0000e+02 -2.1695e+00
-2.0000e+02 -9.0000e+01 3.2705e-01
-2.0000e+02 -8.0000e+01 1.9299e+00
-2.0000e+02 -7.0000e+01 6.7711e-01
-2.0000e+02 -6.0000e+01 -2.7390e+00
-2.0000e+02 -5.0000e+01 -1.2865e+00
-2.0000e+02 -4.0000e+01 -7.8126e-01
-2.0000e+02 -3.0000e+01 3.5766e+00
-2.0000e+02 -2.0000e+01 5.8753e-01
-2.0000e+02 -1.0000e+01 2.5595e+00
-2.0000e+02 0.0000e+00 -1.4998e-01
-2.0000e+02 1.0000e+01 2.0412e-01
-2.0000e+02 2.0000e+01 -1.6459e-01
-2.0000e+02 3.0000e+01 -2.9702e-01
-2.0000e+02 4.0000e+01 -1.1031e+00
-2.0000e+02 5.0000e+01 -8.3324e-01
-2.0000e+02 6.0000e+01 -1.1906e+00
-2.0000e+02 7.0000e+01 -2.0568e+00
-2.0000e+02 8.0000e+01 -5.5801e-01
-2.0000e+02 9.0000e+01 1.3898e+00
-2.0000e+02 1.0000e+02 2.7803e-01
-2.0000e+02 1.1000e+02 3.2364e+00
-2.0000e+02 1.2000e+02 -6.6192e-01
-2.0000e+02 1.3000e+02 5.5669e-01
-2.0000e+02 1.4000e+02 -1.7097e+00
-2.0000e+02 1.5000e+02 6.7355e-01
-2.0000e+02 1.6000e+02 3.0602e+00
-2.0000e+02 1.7000e+02 8.3266e-01
-2.0000e+02 1.8000e+02 -1.1351e+00
-2.0000e+02 1.9000e+02 -6.6763e-01
-2.0000e+02 2.0000e+02 1.5725e-01
-1.9000e+02 -2.0000e+02 -1.2133e+00
-1.9000e+02 -1.9000e+02 -1.7014e+00
-1.9000e+02 -1.8000e+02 -4.3263e+00
-1.9000e+02 -1.7000e+02 -6.1935e-01
-1.9000e+02 -1.6000e+02 -2.6291e+00
-1.9000e+02 -1.5000e+02 -5.4191e-01
-1.9000e+02 -1.4000e+02 2.3720e+00
-1.9000e+02 -1.3000e+02 -1.6022e+00
-1.9000e+02 -1.2000e+02 2.8992e-01
-1.9000e+02 -1.1000e+02 -1.8699e+00
-1.9000e+02 -1.0000e+02 1.1243e+00
-1.9000e+02 -9.0000e+01 -5.4168e-01
-1.9000e+02 -8.0000e+01 2.3200e+00
-1.9000e+02 -7.0000e+01 2.0240e+00
-1.9000e+02 -6.0000e+01 -2.7212e-01
-1.9000e+02 -5.0000e+01 -9.7159e-01
-1.9000e+02 -4.0000e+01 -6.3841e-01
-1.9000e+02 -3.0000e+01 -1.3660e-01
-1.9000e+02 -2.0000e+01 8.4646e-01
-1.9000e+02 -1.0000e+01 1.2146e+00
-1.9000e+02 0.0000e+00 5.6797e-01
-1.9000e+02 1.0000e+01 2.1379e+00
-1.9000e+02 2.0000e+01 4.4733e-01
-1.9000e+02 3.0000e+01 -2.0041e-01
-1.9000e+02 4.0000e+01 9.9744e-02
-1.9000e+02 5.0000e+01 1.7443e+00
-1.9000e+02 6.0000e+01 -8.5719e-01
-1.9000e+02 7.0000e+01 -1.1295e+00
-1.9000e+02 8.0000e+01 -1.8621e+00
-1.9000e+02 9.0000e+01 1.6580e+00
-1.9000e+02 1.0000e+02 -1.1325e+00
-1.9000e+02 1.1000e+02 -8.3545e-01
-1.9000e+02 1.2000e+02 -1.5050e+00
-1.9000e+02 1.3000e+02 1.1987e+00
-1.9000e+02 1.4000e+02 4.3950e-01
-1.9000e+02 1.5000e+02 1.5826e-02
-1.9000e+02 1.6000e+02 2.5872e+00
-1.9000e+02 1.7000e+02 3.6466e-01
-1.9000e+02 1.8000e+02 9.3119e-02
-1.9000e+02 1.9000e+02 5.8030e-01
-1.9000e+02 2.0000e+02 1.4350e+00
-1.8000e+02 -2.0000e+02 -2.9898e-01
-1.8000e+02 -1.9000e+02 1.4919e+00
-1.8000e+02 -1.8000e+02 -9.1729e-01
-1.8000e+02 -1.7000e+02 -9.0915e-01
-1.8000e+02 -1.6000e+02 -3.6702e-01
-1.8000e+02 -1.5000e+02 1.5562e-01
-1.8000e+02 -1.4000e+02 1.2562e+00
-1.8000e+02 -1.3000e+02 -2.4982e+00
-1.8000e+02 -1.2000e+02 1.7915e+00
-1.8000e+02 -1.1000e+02 8.5901e-01
-1.8000e+02 -1.0000e+02 -1.7056e+00
-1.8000e+02 -9.0000e+01 1.5975e+00
-1.8000e+02 -8.0000e+01 -2.0257e-01
-1.8000e+02 -7.0000e+01 2.1724e+00
-1.8000e+02 -6.0000e+01 3.7719e-01
-1.8000e+02 -5.0000e+01 -1.3606e+00
-1.8000e+02 -4.0000e+01 -9.3399e-01
-1.8000e+02 -3.0000e+01 -5.6143e-01
-1.8000e+02 -2.0000e+01 2.0887e+00
-1.8000e+02 -1.0000e+01 -5.6824e-02
-1.8000e+02 0.0000e+00 1.7014e+00
-1.8000e+02 1.0000e+01 -4.8230e-01
-1.8000e+02 2.0000e+01 1.1828e+00
-1.8000e+02 3.0000e+01 -1.1070e-01
-1.8000e+02 4.0000e+01 -3.1481e-01
-1.8000e+02 5.0000e+01 3.6210e+00
-1.8000e+02 6.0000e+01 1.4099e+00
-1.8000e+02 7.0000e+01 -6.5643e-01
-1.8000e+02 8.0000e+01 -6.7243e-01
-1.8000e+02 9.0000e+01 -4.1794e-01
-1.8000e+02 1.0000e+02 2.7735e-01
-1.8000e+02 1.1000e+02 2.5990e+00
-1.8000e+02 1.2000e+02 4.8211e-01
-1.8000e+02 1.3000e+02 -6.3227e-01
-1.8000e+02 1.4000e+02 -9.1879e-01
-1.8000e+02 1.5000e+02 1.9586e+00
-1.8000e+02 1.6000e+02 -1.2577e+00
-1.8000e+02 1.7000e+02 -2.9162e+00
-1.8000e+02 1.8000e+02 -2.9972e+00
-1.8000e+02 1.9000e+02 1.0108e-01
-1.8000e+02 2.0000e+02 2.5830e-01
-1.7000e+02 -2.0000e+02 4.4618e-01
-1.7000e+02 -1.9000e+02 -3.5926e+00
-1.7000e+02 -1.8000e+02 2.6183e-01
-1.7000e+02 -1.7000e+02 -1.7066e-01
-1.7000e+02 -1.6000e+02 -8.7529e-01
-1.7000e+02 -1.5000e+02 4.1336e-01
-1.7000e+02 -1.4000e+02 1.0953e+00
-1.7000e+02 -1.3000e+02 -3.4978e+00
-1.7000e+02 -1.2000e+02 -2.3656e-01
-1.7000e+02 -1.1000e+02 -1.2221e+00
-1.7000e+02 -1.0000e+02 -1.3735e+00
-1.7000e+02 -9.0000e+01 -1.5437e+00
-1.7000e+02 -8.0000e+01 -1.2342e+00
-1.7000e+02 -7.0000e+01 7.7450e-01
-1.7000e+02 -6.0000e+01 1.3095e+00
-1.7000e+02 -5.0000e+01 9.8908e-01
-1.7000e+02 -4.0000e+01 1.8123e+00
-1.7000e+02 -3.0000e+01 1.9245e-01
-1.7000e+02 -2.0000e+01 -2.3631e+00
-1.7000e+02 -1.0000e+01 -1.0469e+00
-1.7000e+02 0.0000e+00 -3.3494e+00
-1.7000e+02 1.0000e+01 3.5166e-01
-1.7000e+02 2.0000e+01 -9.0850e-02
-1.7000e+02 3.0000e+01 1.3927e+00
-1.7000e+02 4.0000e+01 1.1808e+00
-1.7000e+02 5.0000e+01 1.6133e-01
-1.7000e+02 6.0000e+01 1.5766e+00
-1.7000e+02 7.0000e+01 -6.6585e-02
-1.7000e+02 8.0000e+01 1.4199e+00
-1.7000e+02 9.0000e+01 6.9165e-01
-1.7000e+02 1.0000e+02 -4.9661e-01
-1.7000e+02 1.1000e+02 4.4885e+00
-1.7000e+02 1.2000e+02 9.3108e-02
-1.7000e+02 1.3000e+02 1.0449e+00
-1.7000e+02 1.4000e+02 2.0841e+00
-1.7000e+02 1.5000e+02 1.2976e+00
-1.7000e+02 1.6000e+02 1.3496e+00
-1.7000e+02 1.7000e+02 4.6397e-01
-1.7000e+02 1.8000e+02 -5.9971e-01
-1.7000e+02 1.9000e+02 -2.0848e+00
-1.7000e+02 2.0000e+02 -5.4245e-01
-1.6000e+02 -2.0000e+02 -5.1840e-02
-1.6000e+02 -1.9000e+02 -5.6457e-01
-1.6000e+02 -1.8000e+02 -1.9604e+00
-1.6000e+02 -1.7000e+02 -1.1823e+00
-1.6000e+02 -1.6000e+02 5.9718e-01
-1.6000e+02 -1.5000e+02 -5.8959e-01
-1.6000e+02 -1.4000e+02 -3.5482e-01
-1.6000e+02 -1.3000e+02 -2.5983e+00
-1.6000e+02 -1.2000e+02 6.7413e-01
-1.6000e+02 -1.1000e+02 -9.7657e-02
-1.6000e+02 -1.0000e+02 1.2782e+00
-1.6000e+02 -9.0000e+01 2.3770e-01
-1.6000e+02 -8.0000e+01 -2.1269e+00
-1.6000e+02 -7.0000e+01 1.3902e+00
-1.6000e+02 -6.0000e+01 -4.8245e-01
-1.6000e+02 -5.0000e+01 -1.5164e+00
-1.6000e+02 -4.0000e+01 1.2540e+00
-1.6000e+02 -3.0000e+01 1.0462e+00
-1.6000e+02 -2.0000e+01 -8.1211e-01
-1.6000e+02 -1.0000e+01 5.9529e-01
-1.6000e+02 0.0000e+00 -1.8677e+00
-1.6000e+02 1.0000e+01 -1.4413e+00
-1.6000e+02 2.0000e+01 -1.7220e+00
-1.6000e+02 3.0000e+01 7.3764e-01
-1.6000e+02 4.0000e+01 2.6962e+00
-1.6000e+02 5.0000e+01 -8.7962e-01
-1.6000e+02 6.0000e+01 1.2552e+00
-1.6000e+02 7.0000e+01 -2.4836e-01
-1.6000e+02 8.0000e+01 -6.7425e-01
-1.6000e+02 9.0000e+01 -9.0294e-01
-1.6000e+02 1.0000e+02 -9.2282e-01
-1.6000e+02 1.1000e+02 -2.9785e+00
-1.6000e+02 1.2000e+02 2.9916e-01
-1.6000e+02 1.3000e+02 9.6921e-01
-1.6000e+02 1.4000e+02 2.2596e-01
-1.6000e+02 1.5000e+02 5.9998e-01
-1.6000e+02 1.6000e+02 -1.4118e-01
-1.6000e+02 1.7000e+02 -3.2234e-01
-1.6000e+02 1.8000e+02 -1.4314e+00
-1.6000e+02 1.9000e+02 -3.2511e+00
-1.6000e+02 2.0000e+02 2.4772e+00
-1.5000e+02 -2.0000e+02 -2.4731e+00
-1.5000e+02 -1.9000e+02 -1.2500e+00
-1.5000e+02 -1.8000e+02 2.0323e+00
-1.5000e+02 -1.7000e+02 8.7824e-02
-1.5000e+02 -1.6000e+02 4.4439e-02
-1.5000e+02 -1.5000e+02 -1.5455e+00
-1.5000e+02 -1.4000e+02 -5.6970e-01
-1.5000e+02 -1.3000e+02 -6.5323e-01
-1.5000e+02 -1.2000e+02 2.3221e+00
-1.5000e+02 -1.1000e+02 2.4397e-01
-1.5000e+02 -1.0000e+02 7.8977e-01
-1.5000e+02 -9.0000e+01 3.5958e-01
-1.5000e+02 -8.0000e+01 -1.5768e+00
-1.5000e+02 -7.0000e+01 7.9761e-01
-1.5000e+02 -6.0000e+01 -1.7769e+00
-1.5000e+02 -5.0000e+01 -2.0458e+00
-1.5000e+02 -4.0000e+01 -1.0398e+00
-1.5000e+02 -3.0000e+01 3.3609e-02
-1.5000e+02 -2.0000e+01 1.2450e+00
-1.5000e+02 -1.0000e+01 2.9670e-01
-1.5000e+02 0.0000e+00 8.2129e-01
-1.5000e+02 1.0000e+01 -2.8639e+00
-1.5000e+02 2.0000e+01 -6.5352e-02
-1.5000e+02 3.0000e+01 -3.2663e+00
-1.5000e+02 4.0000e+01 -2.5387e-01
-1.5000e+02 5.0000e+01 -3.2573e+00
-1.5000e+02 6.0000e+01 2.5690e-02
-1.5000e+02 7.0000e+01 -7.8523e-01
-1.5000e+02 8.0000e+01 5.8948e-01
-1.5000e+02 9.0000e+01 -3.6606e-01
-1.5000e+02 1.0000e+02 -3.3269e-01
-1.5000e+02 1.1000e+02 1.3405e+00
-1.5000e+02 1.2000e+02 2.4034e+00
-1.5000e+02 1.3000e+02 1.9396e-01
-1.5000e+02 1.4000e+02 2.1963e+00
-1.5000e+02 1.5000e+02 1.8736e-01
-1.5000e+02 1.6000e+02 -4.6065e-01
-1.5000e+02 1.7000e+02 2.3094e+00
-1.5000e+02 1.8000e+02 -8.1289e-01
-1.5000e+02 1.9000e+02 1.3489e+00
-1.5000e+02 2.0000e+02 -2.7707e+00
-1.4000e+02 -2.0000e+02 -7.6313e-01
-1.4000e+02 -1.9000e+02 -2.0427e+00
-1.4000e+02 -1.8000e+02 8.1775e-01
-1.4000e+02 -1.7000e+02 -3.7468e+00
-1.4000e+02 -1.6000e+02 -1.0346e+00
-1.4000e+02 -1.5000e+02 3.3287e+00
-1.4000e+02 -1.4000e+02 9.6488e-01
-1.4000e+02 -1.3000e+02 1.9272e-01
-1.4000e+02 -1.2000e+02 -2.4217e-01
-1.4000e+02 -1.1000e+02 -7.9502e-01
-1.4000e+02 -1.0000e+02 9.3867e-01
-1.4000e+02 -9.0000e+01 -2.3934e+00
-1.4000e+02 -8.0000e+01 1.0103e+00
-1.4000e+02 -7.0000e+01 7.4883e-01
-1.4000e+02 -6.0000e+01 -2.2778e-02
-1.4000e+02 -5.0000e+01 -1.5578e+00
-1.4000e+02 -4.0000e+01 -1.7716e+00
-1.4000e+02 -3.0000e+01 4.7811e-02
-1.4000e+02 -2.0000e+01 -9.1027e-01
-1.4000e+02 -1.0000e+01 1.0164e+00
-1.4000e+02 0.0000e+00 -2.1944e+00
-1.4000e+02 1.0000e+01 -6.3192e-01
-1.4000e+02 2.0000e+01 -3.9371e-01
-1.4000e+02 3.0000e+01 1.5886e-01
-1.4000e+02 4.0000e+01 -2.6277e+00
-1.4000e+02 5.0000e+01 -1.5285e+00
-1.4000e+02 6.0000e+01 1.3104e+00
-1.4000e+02 7.0000e+01 -2.4165e+00
-1.4000e+02 8.0000e+01 -2.9587e+00
-1.4000e+02 9.0000e+01 2.6481e-01
-1.4000e+02 1.0000e+02 -1.9619e+00
-1.4000e+02 1.1000e+02 2.8646e+00
-1.4000e+02 1.2000e+02 -1.0652e+00
-1.4000e+02 1.3000e+02 1.2578e+00
-1.4000e+02 1.4000e+02 9.1116e-01
-1.4000e+02 1.5000e+02 1.3121e+00
-1.4000e+02 1.6000e+02 1.4486e+00
-1.4000e+02 1.7000e+02 5.2709e-01
-1.4000e+02 1.8000e+02 -1.5294e-01
-1.4000e+02 1.9000e+02 -1.1070e+00
-1.4000e+02 2.0000e+02 -1.5282e+00
-1.3000e+02 -2.0000e+02 -1.1815e+00
-1.3000e+02 -1.9000e+02 7.1131e-01
-1.3000e+02 -1.8000e+02 -2.8092e+00
-1.3000e+02 -1.7000e+02 2.4837e+00
-1.3000e+02 -1.6000e+02 5.2183e-01
-1.3000e+02 -1.5000e+02 1.9219e+00
-1.3000e+02 -1.4000e+02 1.8489e+00
-1.3000e+02 -1.3000e+02 5.5609e-02
-1.3000e+02 -1.2000e+02 2.3122e+00
-1.3000e+02 -1.1000e+02 1.8399e+00
-1.3000e+02 -1.0000e+02 2.0981e+00
-1.3000e+02 -9.0000e+01 2.7519e+00
-1.3000e+02 -8.0000e+01 1.6488e-01
-1.3000e+02 -7.0000e+01 -9.2148e-01
-1.3000e+02 -6.0000e+01 1.3116e+00
-1.3000e+02 -5.0000e+01 -2.6785e-01
-1.3000e+02 -4.0000e+01 -1.5037e+00
-1.3000e+02 -3.0000e+01 6.0645e-01
-1.3000e+02 -2.0000e+01 -2.4179e+00
-1.3000e+02 -1.0000e+01 -8.4401e-01
-1.3000e+02 0.0000e+00 -6.0851e-02
-1.3000e+02 1.0000e+01 -5.5663e-01
-1.3000e+02 2.0000e+01 -2.0332e+00
-1.3000e+02 3.0000e+01 -3.1104e+00
-1.3000e+02 4.0000e+01 1.5678e+00
-1.3000e+02 5.0000e+01 -2.8948e+00
-1.3000e+02 6.0000e+01 -2.0238e+00
-1.3000e+02 7.0000e+01 -1.1377e+00
-1.3000e+02 8.0000e+01 3.6726e-01
-1.3000e+02 9.0000e+01 -9.9138e-01
-1.3000e+02 1.0000e+02 -7.2298e-01
-1.3000e+02 1.1000e+02 -2.5598e+00
-1.3000e+02 1.2000e+02 -3.3956e+00
-1.3000e+02 1.3000e+02 -1.5897e+00
-1.3000e+02 1.4000e+02 -2.4864e-01
-1.3000e+02 1.5000e+02 2.6133e+00
-1.3000e+02 1.6000e+02 -1.5275e+00
-1.3000e+02 1.7000e+02 -2.5117e+00
-1.3000e+02 1.8000e+02 2.3759e+00
-1.3000e+02 1.9000e+02 1.6232e+00
-1.3000e+02 2.0000e+02 -5.3653e-01
-1.2000e+02 -2.0000e+02 -4.8674e-01
-1.2000e+02 -1.9000e+02 9.3575e-02
-1.2000e+02 -1.8000e+02 -2.7542e-01
-1.2000e+02 -1.7000e+02 -3.7384e-01
-1.2000e+02 -1.6000e+02 -9.4494e-01
-1.2000e+02 -1.5000e+02 2.6101e-01
-1.2000e+02 -1.4000e+02 -3.3844e-01
-1.2000e+02 -1.3000e+02 -2.1792e-01
-1.2000e+02 -1.2000e+02 -8.1636e-01
-1.2000e+02 -1.1000e+02 3.1241e+00
-1.2000e+02 -1.0000e+02 3.3350e-01
-1.2000e+02 -9.0000e+01 -2.5890e+00
-1.2000e+02 -8.0000e+01 -9.3251e-01
-1.2000e+02 -7.0000e+01 8.3462e-01
-1.2000e+02 -6.0000e+01 -3.0075e+00
-1.2000e+02 -5.0000e+01 2.4667e-01
-1.2000e+02 -4.0000e+01 -6.1951e-01
-1.2000e+02 -3.0000e+01 -3.2285e+00
-1.2000e+02 -2.0000e+01 -4.2949e+00
-1.2000e+02 -1.0000e+01 -2.9255e+00
-1.2000e+02 0.0000e+00 -4.9048e-01
-1.2000e+02 1.0000e+01 -3.9338e+00
-1.2000e+02 2.0000e+01 -1.4768e+00
-1.2000e+02 3.0000e+01 6.8912e-02
-1.2000e+02 4.0000e+01 -7.4611e-01
-1.2000e+02 5.0000e+01 -2.1832e+00
-1.2000e+02 6.0000e+01 -1.8126e+00
-1.2000e+02 7.0000e+01 -1.6089e+00
-1.2000e+02 8.0000e+01 -2.0710e+00
-1.2000e+02 9.0000e+01 -7.4380e-01
-1.2000e+02 1.0000e+02 -3.4171e+00
-1.2000e+02 1.1000e+02 -1.1739e+00
-1.2000e+02 1.2000e+02 -1.7039e-01
-1.2000e+02 1.3000e+02 1.6565e+00
-1.2000e+02 1.4000e+02 -1.6492e+00
-1.2000e+02 1.5000e+02 1.1900e+00
-1.2000e+02 1.6000e+02 1.8914e+00
-1.2000e+02 1.7000e+02 4.3403e-01
-1.2000e+02 1.8000e+02 -1.2847e+00
-1.2000e+02 1.9000e+02 -1.2592e+00
-1.2000e+02 2.0000e+02 3.3850e-01
-1.1000e+02 -2.0000e+02 -2.2870e+00
-1.1000e+02 -1.9000e+02 6.3172e-01
-1.1000e+02 -1.8000e+02 2.5329e-01
-1.1000e+02 -1.7000e+02 2.0027e-01
-1.1000e+02 -1.6000e+02 1.2454e+00
-1.1000e+02 -1.5000e+02 -2.0146e+00
-1.1000e+02 -1.4000e+02 5.8490e-01
-1.1000e+02 -1.3000e+02 -9.3771e-01
-1.1000e+02 -1.2000e+02 7.7027e-01
-1.1000e+02 -1.1000e+02 -1.0595e+00
-1.1000e+02 -1.0000e+02 5.8422e-01
-1.1000e+02 -9.0000e+01 2.1244e+00
-1.1000e+02 -8.0000e+01 -1.2143e-02
-1.1000e+02 -7.0000e+01 5.2780e-01
-1.1000e+02 -6.0000e+01 -4.0393e+00
-1.1000e+02 -5.0000e+01 -1.6039e+00
-1.1000e+02 -4.0000e+01 -1.9298e+00
-1.1000e+02 -3.0000e+01 -3.5532e+00
-1.1000e+02 -2.0000e+01 5.4750e-01
-1.1000e+02 -1.0000e+01 4.3753e-01
-1.1000e+02 0.0000e+00 -2.0873e+00
-1.1000e+02 1.0000e+01 -3.5182e+00
-1.1000e+02 2.0000e+01 -1.4637e+00
-1.1000e+02 3.0000e+01 -1.8682e+00
-1.1000e+02 4.0000e+01 -1.8624e+00
-1.1000e+02 5.0000e+01 -2.7620e+00
-1.1000e+02 6.0000e+01 -2.2231e-02
-1.1000e+02 7.0000e+01 -2.6616e-01
-1.1000e+02 8.0000e+01 8.9809e-01
-1.1000e+02 9.0000e+01 -2.7333e+00
-1.1000e+02 1.0000e+02 -1.3412e+00
-1.1000e+02 1.1000e+02 -3.2446e+00
-1.1000e+02 1.2000e+02 9.8824e-01
-1.1000e+02 1.3000e+02 3.7277e-01
-1.1000e+02 1.4000e+02 -1.6470e+00
-1.1000e+02 1.5000e+02 7.9065e-01
-1.1000e+02 1.6000e+02 -1.5647e+00
-1.1000e+02 1.7000e+02 9.8961e-01
-1.1000e+02 1.8000e+02 4.5620e-01
-1.1000e+02 1.9000e+02 1.3052e+00
-1.1000e+02 2.0000e+02 4.3497e-01
-1.0000e+02 -2.0000e+02 -2.8176e-01
-1.0000e+02 -1.9000e+02 1.6886e+00
-1.0000e+02 -1.8000e+02 -1.8112e+00
-1.0000e+02 -1.7000e+02 -5.9495e-01
-1.0000e+02 -1.6000e+02 -2.9274e+00
-1.0000e+02 -1.5000e+02 -8.9572e-02
-1.0000e+02 -1.4000e+02 2.6910e+00
-1.0000e+02 -1.3000e+02 1.0719e+00
-1.0000e+02 -1.2000e+02 8.5848e-01
-1.0000e+02 -1.1000e+02 2.5568e-01
-1.0000e+02 -1.0000e+02 -1.5006e+00
-1.0000e+02 -9.0000e+01 1.1072e+00
-1.0000e+02 -8.0000e+01 -3.2945e+00
-1.0000e+02 -7.0000e+01 -1.8136e+00
-1.0000e+02 -6.0000e+01 4.4939e-01
-1.0000e+02 -5.0000e+01 -1.3038e+00
-1.0000e+02 -4.0000e+01 -4.3413e+00
-1.0000e+02 -3.0000e+01 -5.3141e-01
-1.0000e+02 -2.0000e+01 -1.7513e+00
-1.0000e+02 -1.0000e+01 -3.8972e+00
-1.0000e+02 0.0000e+00 -2.8660e+00
-1.0000e+02 1.0000e+01 -3.1661e+00
-1.0000e+02 2.0000e+01 -1.8689e+00
-1.0000e+02 3.0000e+01 -3.8792e-01
-1.0000e+02 4.0000e+01 -2.2230e+00
-1.0000e+02 5.0000e+01 -2.7357e+00
-1.0000e+02 6.0000e+01 1.9616e-01
-1.0000e+02 7.0000e+01 -7.9207e-01
-1.0000e+02 8.0000e+01 -3.3799e+00
-1.0000e+02 9.0000e+01 8.9428e-01
-1.0000e+02 1.0000e+02 -1.5171e+00
-1.0000e+02 1.1000e+02 -1.6163e+00
-1.0000e+02 1.2000e+02 -4.4276e-01
-1.0000e+02 1.3000e+02 1.6479e+00
-1.0000e+02 1.4000e+02 1.8330e+00
-1.0000e+02 1.5000e+02 -1.9952e+00
-1.0000e+02 1.6000e+02 -1.6525e+00
-1.0000e+02 1.7000e+02 -6.2708e-01
-1.0000e+02 1.8000e+02 -1.6749e+00
-1.0000e+02 1.9000e+02 6.2910e-01
-1.0000e+02 2.0000e+02 -2.9148e+00
-9.0000e+01 -2.0000e+02 -2.0290e+00
-9.0000e+01 -1.9000e+02 2.9572e-01
-9.0000e+01 -1.8000e+02 1.4597e+00
-9.0000e+01 -1.7000e+02 -4.8578e-01
-9.0000e+01 -1.6000e+02 -2.6644e+00
-9.0000e+01 -1.5000e+02 2.6523e+00
-9.0000e+01 -1.4000e+02 -1.9695e+00
-9.0000e+01 -1.3000e+02 2.7218e-01
-9.0000e+01 -1.2000e+02 -9.6966e-01
-9.0000e+01 -1.1000e+02 -3.2637e+00
-9.0000e+01 -1.0000e+02 -2.2702e-01
-9.0000e+01 -9.0000e+01 -5.2924e+00
-9.0000e+01 -8.0000e+01 1.7831e-01
-9.0000e+01 -7.0000e+01 3.1084e+00
-9.0000e+01 -6.0000e+01 -6.8881e-01
-9.0000e+01 -5.0000e+01 -2.1491e+00
-9.0000e+01 -4.0000e+01 -2.5159e+00
-9.0000e+01 -3.0000e+01 -3.6486e+00
-9.0000e+01 -2.0000e+01 -4.4598e+00
-9.0000e+01 -1.0000e+01 -3.5405e+00
-9.0000e+01 0.0000e+00 -3.0721e+00
-9.0000e+01 1.0000e+01 -3.6935e+00
-9.0000e+01 2.0000e+01 -4.6655e+00
-9.0000e+01 3.0000e+01 -6.1578e+00
-9.0000e+01 4.0000e+01 -2.8798e+00
-9.0000e+01 5.0000e+01 -2.2075e+00
-9.0000e+01 6.0000e+01 -7.5893e-01
-9.0000e+01 7.0000e+01 -1.1256e+00
-9.0000e+01 8.0000e+01 -1.4129e+00
-9.0000e+01 9.0000e+01 -1.2437e+00
-9.0000e+01 1.0000e+02 -2.4339e+00
-9.0000e+01 1.1000e+02 -2.6139e+00
-9.0000e+01 1.2000e+02 -2.5269e-01
-9.0000e+01 1.3000e+02 -2.0630e+00
-9.0000e+01 1.4000e+02 1.1248e+00
-9.0000e+01 1.5000e+02 2.4553e+00
-9.0000e+01 1.6000e+02 -2.8951e+00
-9.0000e+01 1.7000e+02 -3.1809e+00
-9.0000e+01 1.8000e+02 -1.7615e-02
-9.0000e+01 1.9000e+02 4.8159e-01
-9.0000e+01 2.0000e+02 -2.4990e+00
-8.0000e+01 -2.0000e+02 3.9106e-01
-8.0000e+01 -1.9000e+02 1.3836e+00
-8.0000e+01 -1.8000e+02 -2.5321e+00
-8.0000e+01 -1.7000e+02 1.9274e+00
-8.0000e+01 -1.6000e+02 7.3162e-02
-8.0000e+01 -1.5000e+02 -8.2770e-01
-8.0000e+01 -1.4000e+02 1.5133e+00
-8.0000e+01 -1.3000e+02 1.6598e+00
-8.0000e+01 -1.2000e+02 -3.4788e+00
-8.0000e+01 -1.1000e+02 7.3134e-01
-8.0000e+01 -1.0000e+02 -1.2170e-01
-8.0000e+01 -9.0000e+01 -1.5243e+00
-8.0000e+01 -8.0000e+01 -2.9800e+00
-8.0000e+01 -7.0000e+01 -7.5242e-01
-8.0000e+01 -6.0000e+01 -1.9310e+00
-8.0000e+01 -5.0000e+01 -2.6619e+00
-8.0000e+01 -4.0000e+01 -4.4331e+00
-8.0000e+01 -3.0000e+01 -3.0596e+00
-8.0000e+01 -2.0000e+01 -4.0866e+00
-8.0000e+01 -1.0000e+01 -6.4843e+00
-8.0000e+01 0.0000e+00 -6.5905e+00
-8.0000e+01 1.0000e+01 -7.4555e+00
-8.0000e+01 2.0000e+01 -2.9096e+00
-8.0000e+01 3.0000e+01 -3.8590e+00
-8.0000e+01 4.0000e+01 -3.9467e+00
-8.0000e+01 5.0000e+01 -3.9419e+00
-8.0000e+01 6.0000e+01 -1.4667e+00
-8.0000e+01 7.0000e+01 -3.2766e+00
-8.0000e+01 8.0000e+01 -3.8426e+00
-8.0000e+01 9.0000e+01 -1.3080e+00
-8.0000e+01 1.0000e+02 6.8945e-01
-8.0000e+01 1.1000e+02 -3.6516e-01
-8.0000e+01 1.2000e+02 -1.3163e+00
-8.0000e+01 1.3000e+02 9.5755e-01
-8.0000e+01 1.4000e+02 -7.1568e-01
-8.0000e+01 1.5000e+02 6.4072e-01
-8.0000e+01 1.6000e+02 1.0091e+00
-8.0000e+01 1.7000e+02 1.7933e+00
-8.0000e+01 1.8000e+02 -4.3547e-01
-8.0000e+01 1.9000e+02 -9.0579e-01
-8.0000e+01 2.0000e+02 -1.2223e+00
-7.0000e+01 -2.0000e+02 -1.9395e+00
-7.0000e+01 -1.9000e+02 -1.7173e+00
-7.0000e+01 -1.8000e+02 1.5722e+00
-7.0000e+01 -1.7000e+02 -3.3792e+00
-7.0000e+01 -1.6000e+02 -1.8410e-01
-7.0000e+01 -1.5000e+02 1.9744e+00
-7.0000e+01 -1.4000e+02 2.0009e+00
-7.0000e+01 -1.3000e+02 -2.8094e+00
-7.0000e+01 -1.2000e+02 1.1464e+00
-7.0000e+01 -1.1000e+02 -3.4782e+00
-7.0000e+01 -1.0000e+02 7.2234e-01
-7.0000e+01 -9.0000e+01 -3.2913e+00
-7.0000e+01 -8.0000e+01 -4.3803e+00
-7.0000e+01 -7.0000e+01 -2.5470e+00
-7.0000e+01 -6.0000e+01 -4.8153e+00
-7.0000e+01 -5.0000e+01 -4.0585e+00
-7.0000e+01 -4.0000e+01 -4.8648e+00
-7.0000e+01 -3.0000e+01 -5.3528e+00
-7.0000e+01 -2.0000e+01 -6.9963e+00
-7.0000e+01 -1.0000e+01 -3.1468e+00
-7.0000e+01 0.0000e+00 -6.5975e+00
-7.0000e+01 1.0000e+01 -4.0113e+00
-7.0000e+01 2.0000e+01 -6.2255e+00
-7.0000e+01 3.0000e+01 -7.3555e+00
-7.0000e+01 4.0000e+01 -5.1933e+00
-7.0000e+01 5.0000e+01 -4.6528e+00
-7.0000e+01 6.0000e+01 -4.8855e+00
-7.0000e+01 7.0000e+01 -3.7477e+00
-7.0000e+01 8.0000e+01 -9.9307e-02
-7.0000e+01 9.0000e+01 -2.6762e+00
-7.0000e+01 1.0000e+02 -1.7945e+00
-7.0000e+01 1.1000e+02 -3.4433e+00
-7.0000e+01 1.2000e+02 -1.6620e-01
-7.0000e+01 1.3000e+02 4.9102e-02
-7.0000e+01 1.4000e+02 2.4538e+00
-7.0000e+01 1.5000e+02 1.8430e-01
-7.0000e+01 1.6000e+02 2.0502e+00
-7.0000e+01 1.7000e+02 -1.0188e+00
-7.0000e+01 1.8000e+02 -1.6956e+00
-7.0000e+01 1.9000e+02 3.2753e+00
-7.0000e+01 2.0000e+02 1.1856e-01
-6.0000e+01 -2.0000e+02 4.0095e-01
-6.0000e+01 -1.9000e+02 4.4576e-01
-6.0000e+01 -1.8000e+02 -1.8032e+00
-6.0000e+01 -1.7000e+02 3.3901e-02
-6.0000e+01 -1.6000e+02 -9.4095e-01
-6.0000e+01 -1.5000e+02 -1.4218e+00
-6.0000e+01 -1.4000e+02 2.6547e-01
-6.0000e+01 -1.3000e+02 2.4049e+00
-6.0000e+01 -1.2000e+02 -1.3298e+00
-6.0000e+01 -1.1000e+02 -3.0432e+00
-6.0000e+01 -1.0000e+02 -5.1730e-01
-6.0000e+01 -9.0000e+01 -1.3213e+00
-6.0000e+01 -8.0000e+01 -2.8245e+00
-6.0000e+01 -7.0000e+01 -3.6505e+00
-6.0000e+01 -6.0000e+01 -2.1399e+00
-6.0000e+01 -5.0000e+01 -8.8809e+00
-6.0000e+01 -4.0000e+01 -5.6415e+00
-6.0000e+01 -3.0000e+01 -8.8279e+00
-6.0000e+01 -2.0000e+01 -6.7779e+00
-6.0000e+01 -1.0000e+01 -8.6522e+00
-6.0000e+01 0.0000e+00 -9.0249e+00
-6.0000e+01 1.0000e+01 -1.1761e+01
-6.0000e+01 2.0000e+01 -9.5079e+00
-6.0000e+01 3.0000e+01 -8.7076e+00
-6.0000e+01 4.0000e+01 -7.1050e+00
-6.0000e+01 5.0000e+01 -4.6492e+00
-6.0000e+01 6.0000e+01 -3.6790e+00
-6.0000e+01 7.0000e+01 -3.1998e+00
-6.0000e+01 8.0000e+01 -3.6278e+00
-6.0000e+01 9.0000e+01 -4.1788e+00
-6.0000e+01 1.0000e+02 -2.2982e+00
-6.0000e+01 1.1000e+02 -1.9644e+00
-6.0000e+01 1.2000e+02 -3.3420e-01
-6.0000e+01 1.3000e+02 -1.1109e+00
-6.0000e+01 1.4000e+02 1.4516e+00
-6.0000e+01 1.5000e+02 -6.9748e-01
-6.0000e+01 1.6000e+02 -7.8801e-01
-6.0000e+01 1.7000e+02 -5.7059e-01
-6.0000e+01 1.8000e+02 -2.8095e+00
-6.0000e+01 1.9000e+02 -3.2993e-01
-6.0000e+01 2.0000e+02 -3.6970e+00
-5.0000e+01 -2.0000e+02 1.2739e+00
-5.0000e+01 -1.9000e+02 -3.1803e-01
-5.0000e+01 -1.8000e+02 -1.6093e+00
-5.0000e+01 -1.7000e+02 1.7672e+00
-5.0000e+01 -1.6000e+02 7.4396e-01
-5.0000e+01 -1.5000e+02 -1.7073e+00
-5.0000e+01 -1.4000e+02 -1.0598e-01
-5.0000e+01 -1.3000e+02 -1.2888e+00
-5.0000e+01 -1.2000e+02 -3.3714e+00
-5.0000e+01 -1.1000e+02 -3.2123e+00
-5.0000e+01 -1.0000e+02 -4.1358e+00
-5.0000e+01 -9.0000e+01 -2.5196e+00
-5.0000e+01 -8.0000e+01 -2.6307e+00
-5.0000e+01 -7.0000e+01 -3.9273e+00
-5.0000e+01 -6.0000e+01 -4.0656e+00
-5.0000e+01 -5.0000e+01 -7.4725e+00
-5.0000e+01 -4.0000e+01 -9.3194e+00
-5.0000e+01 -3.0000e+01 -7.9794e+00
-5.0000e+01 -2.0000e+01 -6.4078e+00
-5.0000e+01 -1.0000e+01 -9.6812e+00
-5.0000e+01 0.0000e+00 -1.0089e+01
-5.0000e+01 1.0000e+01 -1.3455e+01
-5.0000e+01 2.0000e+01 -8.2911e+00
-5.0000e+01 3.0000e+01 -1.0168e+01
-5.0000e+01 4.0000e+01 -1.1389e+01
-5.0000e+01 5.0000e+01 -4.0672e+00
-5.0000e+01 6.0000e+01 -6.5229e+00
-5.0000e+01 7.0000e+01 -2.9275e+00
-5.0000e+01 8.0000e+01 -5.8749e+00
-5.0000e+01 9.0000e+01 -8.3386e-01
-5.0000e+01 1.0000e+02 -2.2947e+00
-5.0000e+01 1.1000e+02 -1.9467e-01
-5.0000e+01 1.2000e+02 4.1202e-01
-5.0000e+01 1.3000e+02 1.2017e+00
-5.0000e+01 1.4000e+02 2.4922e-02
-5.0000e+01 1.5000e+02 -5.6301e-01
-5.0000e+01 1.6000e+02 -1.0986e+00
-5.0000e+01 1.7000e+02 -5.1788e-01
-5.0000e+01 1.8000e+02 -1.7791e+00
-5.0000e+01 1.9000e+02 5.8581e-02
-5.0000e+01 2.0000e+02 -1.4150e+00
-4.0000e+01 -2.0000e+02 1.9720e-01
-4.0000e+01 -1.9000e+02 -5.6218e-01
-4.0000e+01 -1.8000e+02 1.1260e+00
-4.0000e+01 -1.7000e+02 1.6769e-01
-4.0000e+01 -1.6000e+02 1.6844e-01
-4.0000e+01 -1.5000e+02 -1.8058e+00
-4.0000e+01 -1.4000e+02 3.2768e-01
-4.0000e+01 -1.3000e+02 -8.2196e-01
-4.0000e+01 -1.2000e+02 1.3570e+00
-4.0000e+01 -1.1000e+02 4.6559e-01
-4.0000e+01 -1.0000e+02 -2.4558e+00
-4.0000e+01 -9.0000e+01 -1.8951e+00
-4.0000e+01 -8.0000e+01 -4.4555e+00
-4.0000e+01 -7.0000e+01 -3.6794e+00
-4.0000e+01 -6.0000e+01 -4.7693e+00
-4.0000e+01 -5.0000e+01 -7.0214e+00
-4.0000e+01 -4.0000e+01 -1.2375e+01
-4.0000e+01 -3.0000e+01 -1.2373e+01
-4.0000e+01 -2.0000e+01 -1.0514e+01
-4.0000e+01 -1.0000e+01 -1.4906e+01
-4.0000e+01 0.0000e+00 -9.2380e+00
-4.0000e+01 1.0000e+01 -1.0581e+01
-4.0000e+01 2.0000e+01 -1.3008e+01
-4.0000e+01 3.0000e+01 -1.0089e+01
-4.0000e+01 4.0000e+01 -9.0429e+00
-4.0000e+01 5.0000e+01 -7.7399e+00
-4.0000e+01 6.0000e+01 -5.4118e+00
-4.0000e+01 7.0000e+01 -4.5222e+00
-4.0000e+01 8.0000e+01 -2.6491e+00
-4.0000e+01 9.0000e+01 -9.1447e-01
-4.0000e+01 1.0000e+02 -1.4360e+00
-4.0000e+01 1.1000e+02 -1.0288e+00
-4.0000e+01 1.2000e+02 2.0495e+00
-4.0000e+01 1.3000e+02 4.9725e-01
-4.0000e+01 1.4000e+02 8.2697e-01
-4.0000e+01 1.5000e+02 -1.4432e+00
-4.0000e+01 1.6000e+02 6.4260e-01
-4.0000e+01 1.7000e+02 9.5128e-01
-4.0000e+01 1.8000e+02 -8.3288e-01
-4.0000e+01 1.9000e+02 -3.3175e+00
-4.0000e+01 2.0000e+02 2.0095e+00
-3.0000e+01 -2.0000e+02 1.5514e+00
-3.0000e+01 -1.9000e+02 -1.3943e+00
-3.0000e+01 -1.8000e+02 -2.4887e-01
-3.0000e+01 -1.7000e+02 6.6888e-01
-3.0000e+01 -1.6000e+02 1.6284e+00
-3.0000e+01 -1.5000e+02 4.2626e-01
-3.0000e+01 -1.4000e+02 -2.5460e+00
-3.0000e+01 -1.3000e+02 -8.6842e-01
-3.0000e+01 -1.2000e+02 7.8899e-01
-3.0000e+01 -1.1000e+02 -1.8791e+00
-3.0000e+01 -1.0000e+02 -2.7350e+00
-3.0000e+01 -9.0000e+01 -4.3628e+00
-3.0000e+01 -8.0000e+01 -5.0771e+00
-3.0000e+01 -7.0000e+01 -5.1316e+00
-3.0000e+01 -6.0000e+01 -8.7735e+00
-3.0000e+01 -5.0000e+01 -9.5738e+00
-3.0000e+01 -4.0000e+01 -8.7889e+00
-3.0000e+01 -3.0000e+01 -1.0076e+01
-3.0000e+01 -2.0000e+01 -1.1396e+01
-3.0000e+01 -1.0000e+01 -1.2030e+01
-3.0000e+01 0.0000e+00 -1.5403e+01
-3.0000e+01 1.0000e+01 -1.3623e+01
-3.0000e+01 2.0000e+01 -1.2966e+01
-3.0000e+01 3.0000e+01 -1.1304e+01
-3.0000e+01 4.0000e+01 -1.1560e+01
-3.0000e+01 5.0000e+01 -1.0118e+01
-3.0000e+01 6.0000e+01 -4.2341e+00
-3.0000e+01 7.0000e+01 -5.6697e+00
-3.0000e+01 8.0000e+01 -3.9577e+00
-3.0000e+01 9.0000e+01 -4.1344e+00
-3.0000e+01 1.0000e+02 -1.0007e+00
-3.0000e+01 1.1000e+02 -2.9660e+00
-3.0000e+01 1.2000e+02 -2.3355e+00
-3.0000e+01 1.3000e+02 -6.9876e-02
-3.0000e+01 1.4000e+02 -2.5814e+00
-3.0000e+01 1.5000e+02 4.6763e-01
-3.0000e+01 1.6000e+02 -2.4072e+00
-3.0000e+01 1.7000e+02 4.4989e-01
-3.0000e+01 1.8000e+02 1.1598e+00
-3.0000e+01 1.9000e+02 -1.2515e+00
-3.0000e+01 2.0000e+02 -7.0934e-01
-2.0000e+01 -2.0000e+02 -2.4244e+00
-2.0000e+01 -1.9000e+02 1.0156e+00
-2.0000e+01 -1.8000e+02 1.6050e+00
-2.0000e+01 -1.7000e+02 -2.0709e-01
-2.0000e+01 -1.6000e+02 6.4980e-01
-2.0000e+01 -1.5000e+02 -2.9118e+00
-2.0000e+01 -1.4000e+02 -7.0899e-02
-2.0000e+01 -1.3000e+02 5.0998e-01
-2.0000e+01 -1.2000e+02 -2.4214e+00
-2.0000e+01 -1.1000e+02 -1.4560e+00
-2.0000e+01 -1.0000e+02 -1.4770e+00
-2.0000e+01 -9.0000e+01 -4.2475e+00
-2.0000e+01 -8.0000e+01 -4.5299e+00
-2.0000e+01 -7.0000e+01 -4.1688e+00
-2.0000e+01 -6.0000e+01 -8.1348e+00
-2.0000e+01 -5.0000e+01 -9.2648e+00
-2.0000e+01 -4.0000e+01 -9.6778e+00
-2.0000e+01 -3.0000e+01 -1.3395e+01
-2.0000e+01 -2.0000e+01 -1.3469e+01
-2.0000e+01 -1.0000e+01 -1.4324e+01
-2.0000e+01 0.0000e+00 -1.3008e+01
-2.0000e+01 1.0000e+01 -1.3861e+01
-2.0000e+01 2.0000e+01 -1.2036e+01
-2.0000e+01 3.0000e+01 -1.3082e+01
-2.0000e+01 4.0000e+01 -1.2408e+01
-2.0000e+01 5.0000e+01 -7.6688e+00
-2.0000e+01 6.0000e+01 -8.2169e+00
-2.0000e+01 7.0000e+01 -8.2378e+00
-2.0000e+01 8.0000e+01 -6.4786e+00
-2.0000e+01 9.0000e+01 -3.7316e+00
-2.0000e+01 1.0000e+02 -2.6370e+00
-2.0000e+01 1.1000e+02 3.7722e-01
-2.0000e+01 1.2000e+02 -1.3267e+00
-2.0000e+01 1.3000e+02 1.8252e-01
-2.0000e+01 1.4000e+02 -1.2046e+00
-2.0000e+01 1.5000e+02 9.5321e-01
-2.0000e+01 1.6000e+02 -3.4828e+00
-2.0000e+01 1.7000e+02 -1.8591e+00
-2.0000e+01 1.8000e+02 -1.3506e-01
-2.0000e+01 1.9000e+02 -7.1705e-01
-2.0000e+01 2.0000e+02 9.8634e-01
-1.0000e+01 -2.0000e+02 2.7511e+00
-1.0000e+01 -1.9000e+02 1.5658e+00
-1.0000e+01 -1.8000e+02 -1.2066e+00
-1.0000e+01 -1.7000e+02 -2.4974e-01
-1.0000e+01 -1.6000e+02 4.9511e-01
-1.0000e+01 -1.5000e+02 -1.1281e+00
-1.0000e+01 -1.4000e+02 -2.2333e+00
-1.0000e+01 -1.3000e+02 -1.4651e+00
-1.0000e+01 -1.2000e+02 -1.5539e+00
-1.0000e+01 -1.1000e+02 -4.2255e+00
-1.0000e+01 -1.0000e+02 -2.5293e-01
-1.0000e+01 -9.0000e+01 -4.0695e+00
-1.0000e+01 -8.0000e+01 -6.9111e+00
-1.0000e+01 -7.0000e+01 -5.4729e+00
-1.0000e+01 -6.0000e+01 -8.3411e+00
-1.0000e+01 -5.0000e+01 -8.1516e+00
-1.0000e+01 -4.0000e+01 -1.0443e+01
-1.0000e+01 -3.0000e+01 -1.1408e+01
-1.0000e+01 -2.0000e+01 -1.2969e+01
-1.0000e+01 -1.0000e+01 -1.6672e+01
-1.0000e+01 0.0000e+00 -1.4422e+01
-1.0000e+01 1.0000e+01 -1.4906e+01
-1.0000e+01 2.0000e+01 -1.3134e+01
-1.0000e+01 3.0000e+01 -1.2024e+01
-1.0000e+01 4.0000e+01 -1.3027e+01
-1.0000e+01 5.0000e+01 -1.0434e+01
-1.0000e+01 6.0000e+01 -6.5304e+00
-1.0000e+01 7.0000e+01 -8.5906e+00
-1.0000e+01 8.0000e+01 -4.0115e+00
-1.0000e+01 9.0000e+01 -3.9084e+00
-1.0000e+01 1.0000e+02 -1.1516e+00
-1.0000e+01 1.1000e+02 -2.7275e+00
-1.0000e+01 1.2000e+02 -2.4966e+00
-1.0000e+01 1.3000e+02 8.3958e-01
-1.0000e+01 1.4000e+02 -2.2954e+00
-1.0000e+01 1.5000e+02 4.9732e-01
-1.0000e+01 1.6000e+02 1.2047e+00
-1.0000e+01 1.7000e+02 6.6727e-01
-1.0000e+01 1.8000e+02 -1.7990e+00
-1.0000e+01 1.9000e+02 9.4933e-01
-1.0000e+01 2.0000e+02 1.9836e+00
0.0000e+00 -2.0000e+02 -2.6797e+00
0.0000e+00 -1.9000e+02 6.2744e-01
0.0000e+00 -1.8000e+02 1.5735e+00
0.0000e+00 -1.7000e+02 -5.8885e-01
0.0000e+00 -1.6000e+02 -1.1534e+00
0.0000e+00 -1.5000e+02 -4.5400e-01
0.0000e+00 -1.4000e+02 -5.9481e-01
0.0000e+00 -1.3000e+02 -9.7700e-01
0.0000e+00 -1.2000e+02 -1.9296e+00
0.0000e+00 -1.1000e+02 -5.2822e+00
0.0000e+00 -1.0000e+02 -1.6759e+00
0.0000e+00 -9.0000e+01 -5.3257e+00
0.0000e+00 -8.0000e+01 -6.7902e+00
0.0000e+00 -7.0000e+01 -1.0089e+01
0.0000e+00 -6.0000e+01 -9.0698e+00
0.0000e+00 -5.0000e+01 -7.9818e+00
0.0000e+00 -4.0000e+01 -1.3339e+01
0.0000e+00 -3.0000e+01 -1.3208e+01
0.0000e+00 -2.0000e+01 -1.2892e+01
0.0000e+00 -1.0000e+01 -1.3694e+01
0.0000e+00 0.0000e+00 -1.6010e+01
0.0000e+00 1.0000e+01 -1.6376e+01
0.0000e+00 2.0000e+01 -1.5306e+01
0.0000e+00 3.0000e+01 -1.3813e+01
0.0000e+00 4.0000e+01 -1.1828e+01
0.0000e+00 5.0000e+01 -1.1016e+01
0.0000e+00 6.0000e+01 -8.0670e+00
0.0000e+00 7.0000e+01 -9.3168e+00
0.0000e+00 8.0000e+01 -3.8904e+00
0.0000e+00 9.0000e+01 -2.9180e+00
0.0000e+00 1.0000e+02 -5.8709e+00
0.0000e+00 1.1000e+02 -1.1343e+00
0.0000e+00 1.2000e+02 -1.0406e+00
0.0000e+00 1.3000e+02 -1.1826e+00
0.0000e+00 1.4000e+02 -8.3942e-01
0.0000e+00 1.5000e+02 9.7235e-01
0.0000e+00 1.6000e+02 -5.4000e-01
0.0000e+00 1.7000e+02 -2.6028e+00
0.0000e+00 1.8000e+02 4.1539e-01
0.0000e+00 1.9000e+02 -4.0547e-01
0.0000e+00 2.0000e+02 1.2159e+00
1.0000e+01 -2.0000e+02 -2.6449e+00
1.0000e+01 -1.9000e+02 5.9215e-01
1.0000e+01 -1.8000e+02 -1.3603e-01
1.0000e+01 -1.7000e+02 4.8043e-01
1.0000e+01 -1.6000e+02 1.2137e+00
1.0000e+01 -1.5000e+02 2.2135e+00
1.0000e+01 -1.4000e+02 8.3910e-01
1.0000e+01 -1.3000e+02 2.3014e-01
1.0000e+01 -1.2000e+02 -2.3147e+00
1.0000e+01 -1.1000e+02 -6.3956e+00
1.0000e+01 -1.0000e+02 -2.8865e+00
1.0000e+01 -9.0000e+01 -4.5578e+00
1.0000e+01 -8.0000e+01 -6.6811e+00
1.0000e+01 -7.0000e+01 -6.4029e+00
1.0000e+01 -6.0000e+01 -8.6672e+00
1.0000e+01 -5.0000e+01 -1.0971e+01
1.0000e+01 -4.0000e+01 -9.7116e+00
1.0000e+01 -3.0000e+01 -1.0162e+01
1.0000e+01 -2.0000e+01 -1.5217e+01
1.0000e+01 -1.0000e+01 -1.5548e+01
1.0000e+01 0.0000e+00 -1.4469e+01
1.0000e+01 1.0000e+01 -1.5031e+01
1.0000e+01 2.0000e+01 -1.3396e+01
1.0000e+01 3.0000e+01 -1.4707e+01
1.0000e+01 4.0000e+01 -1.2285e+01
1.0000e+01 5.0000e+01 -9.9377e+00
1.0000e+01 6.0000e+01 -1.1148e+01
1.0000e+01 7.0000e+01 -4.7131e+00
1.0000e+01 8.0000e+01 -5.6830e+00
1.0000e+01 9.0000e+01 -5.5818e+00
1.0000e+01 1.0000e+02 -1.6025e+00
1.0000e+01 1.1000e+02 -3.1745e+00
1.0000e+01 1.2000e+02 -1.2278e+00
1.0000e+01 1.3000e+02 -7.6930e-01
1.0000e+01 1.4000e+02 -1.7523e+00
1.0000e+01 1.5000e+02 7.1843e-01
1.0000e+01 1.6000e+02 -7.9540e-01
1.0000e+01 1.7000e+02 2.4460e+00
1.0000e+01 1.8000e+02 -6.2374e-01
1.0000e+01 1.9000e+02 -9.6311e-01
1.0000e+01 2.0000e+02 3.5295e+00
2.0000e+01 -2.0000e+02 1.2576e+00
2.0000e+01 -1.9000e+02 1.4070e+00
2.0000e+01 -1.8000e+02 1.7810e+00
2.0000e+01 -1.7000e+02 -5.7341e-01
2.0000e+01 -1.6000e+02 -1.5807e+00
2.0000e+01 -1.5000e+02 -1.3874e+00
2.0000e+01 -1.4000e+02 -1.2340e+00
2.0000e+01 -1.3000e+02 -1.2152e+00
2.0000e+01 -1.2000e+02 3.8551e-01
2.0000e+01 -1.1000e+02 -7.3326e-01
2.0000e+01 -1.0000e+02 -2.8180e+00
2.0000e+01 -9.0000e+01 -4.2876e+00
2.0000e+01 -8.0000e+01 -6.6602e+00
2.0000e+01 -7.0000e+01 -9.1430e+00
2.0000e+01 -6.0000e+01 -1.0430e+01
2.0000e+01 -5.0000e+01 -7.8354e+00
2.0000e+01 -4.0000e+01 -1.1398e+01
2.0000e+01 -3.0000e+01 -7.5235e+00
2.0000e+01 -2.0000e+01 -1.2709e+01
2.0000e+01 -1.0000e+01 -1.3091e+01
2.0000e+01 0.0000e+00 -1.2044e+01
2.0000e+01 1.0000e+01 -1.3897e+01
2.0000e+01 2.0000e+01 -1.4210e+01
2.0000e+01 3.0000e+01 -1.1321e+01
2.0000e+01 4.0000e+01 -1.2175e+01
2.0000e+01 5.0000e+01 -7.3071e+00
2.0000e+01 6.0000e+01 -8.4151e+00
2.0000e+01 7.0000e+01 -6.5028e+00
2.0000e+01 8.0000e+01 -5.6115e+00
2.0000e+01 9.0000e+01 -4.9132e+00
2.0000e+01 1.0000e+02 -3.9992e+00
2.0000e+01 1.1000e+02 -8.6056e-02
2.0000e+01 1.2000e+02 8.8556e-01
2.0000e+01 1.3000e+02 -1.8058e+00
2.0000e+01 1.4000e+02 1.5401e+00
2.0000e+01 1.5000e+02 -1.1951e+00
2.0000e+01 1.6000e+02 -1.5615e+00
2.0000e+01 1.7000e+02 -2.5009e+00
2.0000e+01 1.8000e+02 1.3864e+00
2.0000e+01 1.9000e+02 3.7041e-01
2.0000e+01 2.0000e+02 -7.5944e-01
3.0000e+01 -2.0000e+02 -1.5895e+00
3.0000e+01 -1.9000e+02 -1.5774e-01
3.0000e+01 -1.8000e+02 -1.1937e+00
3.0000e+01 -1.7000e+02 -1.1247e+00
3.0000e+01 -1.6000e+02 -1.9977e+00
3.0000e+01 -1.5000e+02 1.3111e+00
3.0000e+01 -1.4000e+02 7.0436e-01
3.0000e+01 -1.3000e+02 -3.5463e-01
3.0000e+01 -1.2000e+02 -2.3687e+00
3.0000e+01 -1.1000e+02 -7.8261e-01
3.0000e+01 -1.0000e+02 -3.2249e+00
3.0000e+01 -9.0000e+01 -4.6104e+00
3.0000e+01 -8.0000e+01 -5.5363e+00
3.0000e+01 -7.0000e+01 -6.7329e+00
3.0000e+01 -6.0000e+01 -9.9060e+00
3.0000e+01 -5.0000e+01 -1.0622e+01
3.0000e+01 -4.0000e+01 -1.1716e+01
3.0000e+01 -3.0000e+01 -1.0244e+01
3.0000e+01 -2.0000e+01 -1.4069e+01
3.0000e+01 -1.0000e+01 -1.1341e+01
3.0000e+01 0.0000e+00 -1.4971e+01
3.0000e+01 1.0000e+01 -1.4843e+01
3.0000e+01 2.0000e+01 -1.2035e+01
3.0000e+01 3.0000e+01 -9.3683e+00
3.0000e+01 4.0000e+01 -9.8240e+00
3.0000e+01 5.0000e+01 -1.0382e+01
3.0000e+01 6.0000e+01 -5.2071e+00
3.0000e+01 7.0000e+01 -5.3547e+00
3.0000e+01 8.0000e+01 -2.2787e+00
3.0000e+01 9.0000e+01 -6.3609e+00
3.0000e+01 1.0000e+02 -5.6578e+00
3.0000e+01 1.1000e+02 -1.2297e+00
3.0000e+01 1.2000e+02 -3.2776e+00
3.0000e+01 1.3000e+02 -2.8227e+00
3.0000e+01 1.4000e+02 1.6782e+00
3.0000e+01 1.5000e+02 -2.8287e-01
3.0000e+01 1.6000e+02 -4.3251e-01
3.0000e+01 1.7000e+02 -9.0404e-01
3.0000e+01 1.8000e+02 -4.7662e-01
3.0000e+01 1.9000e+02 -2.6726e+00
3.0000e+01 2.0000e+02 1.1141e+00
4.0000e+01 -2.0000e+02 3.8763e-01
4.0000e+01 -1.9000e+02 5.3481e-01
4.0000e+01 -1.8000e+02 1.9115e+00
4.0000e+01 -1.7000e+02 4.3970e-01
4.0000e+01 -1.6000e+02 -2.9471e-01
4.0000e+01 -1.5000e+02 -1.1899e+00
4.0000e+01 -1.4000e+02 -2.2452e-01
4.0000e+01 -1.3000e+02 -1.6209e+00
4.0000e+01 -1.2000e+02 7.5802e-01
4.0000e+01 -1.1000e+02 -2.3507e+00
4.0000e+01 -1.0000e+02 -2.3267e+00
4.0000e+01 -9.0000e+01 -4.6713e+00
4.0000e+01 -8.0000e+01 -4.5487e+00
4.0000e+01 -7.0000e+01 -4.9240e+00
4.0000e+01 -6.0000e+01 -6.2189e+00
4.0000e+01 -5.0000e+01 -7.2580e+00
4.0000e+01 -4.0000e+01 -7.4557e+00
4.0000e+01 -3.0000e+01 -1.0237e+01
4.0000e+01 -2.0000e+01 -1.1966e+01
4.0000e+01 -1.0000e+01 -1.1152e+01
4.0000e+01 0.0000e+00 -1.0186e+01
4.0000e+01 1.0000e+01 -1.2862e+01
4.0000e+01 2.0000e+01 -1.2238e+01
4.0000e+01 3.0000e+01 -9.6979e+00
4.0000e+01 4.0000e+01 -8.8083e+00
4.0000e+01 5.0000e+01 -7.3081e+00
4.0000e+01 6.0000e+01 -3.9647e+00
4.0000e+01 7.0000e+01 -4.9896e+00
4.0000e+01 8.0000e+01 -4.0224e+00
4.0000e+01 9.0000e+01 -3.3130e+00
4.0000e+01 1.0000e+02 -4.2566e+00
4.0000e+01 1.1000e+02 -8.7492e-01
4.0000e+01 1.2000e+02 -5.5402e-01
4.0000e+01 1.3000e+02 5.7570e-01
4.0000e+01 1.4000e+02 2.0147e+00
4.0000e+01 1.5000e+02 4.5931e-01
4.0000e+01 1.6000e+02 2.5236e+00
4.0000e+01 1.7000e+02 -5.3231e-01
4.0000e+01 1.8000e+02 2.6235e+00
4.0000e+01 1.9000e+02 2.9416e+00
4.0000e+01 2.0000e+02 -1.7970e+00
5.0000e+01 -2.0000e+02 6.2062e-01
5.0000e+01 -1.9000e+02 -1.0028e+00
5.0000e+01 -1.8000e+02 -1.4102e+00
5.0000e+01 -1.7000e+02 1.1998e+00
5.0000e+01 -1.6000e+02 -6.9198e-01
5.0000e+01 -1.5000e+02 2.2330e+00
5.0000e+01 -1.4000e+02 8.9972e-02
5.0000e+01 -1.3000e+02 -6.0933e-01
5.0000e+01 -1.2000e+02 -1.5686e+00
5.0000e+01 -1.1000e+02 -3.7846e+00
5.0000e+01 -1.0000e+02 -2.2542e+00
5.0000e+01 -9.0000e+01 -9.4469e-02
5.0000e+01 -8.0000e+01 -6.9768e+00
5.0000e+01 -7.0000e+01 -5.2673e+00
5.0000e+01 -6.0000e+01 -8.3238e+00
5.0000e+01 -5.0000e+01 -4.9532e+00
5.0000e+01 -4.0000e+01 -7.3143e+00
5.0000e+01 -3.0000e+01 -6.4183e+00
5.0000e+01 -2.0000e+01 -8.4750e+00
5.0000e+01 -1.0000e+01 -8.4823e+00
5.0000e+01 0.0000e+00 -1.0661e+01
5.0000e+01 1.0000e+01 -9.1026e+00
5.0000e+01 2.0000e+01 -7.7942e+00
5.0000e+01 3.0000e+01 -7.4058e+00
5.0000e+01 4.0000e+01 -6.3428e+00
5.0000e+01 5.0000e+01 -6.6348e+00
5.0000e+01 6.0000e+01 -7.2229e+00
5.0000e+01 7.0000e+01 -2.4399e+00
5.0000e+01 8.0000e+01 -2.8933e+00
5.0000e+01 9.0000e+01 -3.2533e+00
5.0000e+01 1.0000e+02 -1.7481e+00
5.0000e+01 1.1000e+02 -1.3542e+00
5.0000e+01 1.2000e+02 -2.8863e+00
5.0000e+01 1.3000e+02 -3.2179e+00
5.0000e+01 1.4000e+02 -1.1264e-01
5.0000e+01 1.5000e+02 1.5990e+00
5.0000e+01 1.6000e+02 1.0362e+00
5.0000e+01 1.7000e+02 -5.8236e-01
5.0000e+01 1.8000e+02 1.0885e+00
5.0000e+01 1.9000e+02 2.0724e+00
5.0000e+01 2.0000e+02 1.3584e+00
6.0000e+01 -2.0000e+02 -1.0204e+00
6.0000e+01 -1.9000e+02 2.6080e-01
6.0000e+01 -1.8000e+02 -2.4314e+00
6.0000e+01 -1.7000e+02 -1.7957e+00
6.0000e+01 -1.6000e+02 -1.4687e+00
6.0000e+01 -1.5000e+02 -2.6194e+00
6.0000e+01 -1.4000e+02 2.0875e+00
6.0000e+01 -1.3000e+02 -2.6618e+00
6.0000e+01 -1.2000e+02 -1.5166e+00
6.0000e+01 -1.1000e+02 -1.8572e+00
6.0000e+01 -1.0000e+02 -3.7745e+00
6.0000e+01 -9.0000e+01 -3.0721e+00
6.0000e+01 -8.0000e+01 -4.8697e+00
6.0000e+01 -7.0000e+01 -5.4904e+00
6.0000e+01 -6.0000e+01 -2.6639e+00
6.0000e+01 -5.0000e+01 -6.1880e+00
6.0000e+01 -4.0000e+01 -4.9815e+00
6.0000e+01 -3.0000e+01 -8.2594e+00
6.0000e+01 -2.0000e+01 -7.7811e+00
6.0000e+01 -1.0000e+01 -7.7314e+00
6.0000e+01 0.0000e+00 -9.4917e+00
6.0000e+01 1.0000e+01 -9.0977e+00
6.0000e+01 2.0000e+01 -8.1477e+00
6.0000e+01 3.0000e+01 -9.0849e+00
6.0000e+01 4.0000e+01 -8.5952e+00
6.0000e+01 5.0000e+01 -5.3143e+00
6.0000e+01 6.0000e+01 -4.7404e+00
6.0000e+01 7.0000e+01 -3.5805e+00
6.0000e+01 8.0000e+01 -5.1439e+00
6.0000e+01 9.0000e+01 -1.9939e+00
6.0000e+01 1.0000e+02 -3.0936e+00
6.0000e+01 1.1000e+02 -3.3379e+00
6.0000e+01 1.2000e+02 8.0599e-01
6.0000e+01 1.3000e+02 -6.3525e-01
6.0000e+01 1.4000e+02 1.6080e+00
6.0000e+01 1.5000e+02 -5.1494e-01
6.0000e+01 1.6000e+02 5.3160e-01
6.0000e+01 1.7000e+02 3.9605e-01
6.0000e+01 1.8000e+02 -2.5412e+00
6.0000e+01 1.9000e+02 -1.0789e+00
6.0000e+01 2.0000e+02 -1.6243e+00
7.0000e+01 -2.0000e+02 -2.8166e+00
7.0000e+01 -1.9000e+02 -6.3845e-01
7.0000e+01 -1.8000e+02 -2.2985e+00
7.0000e+01 -1.7000e+02 1.7559e-01
7.0000e+01 -1.6000e+02 -1.5698e+00
7.0000e+01 -1.5000e+02 6.2639e-01
7.0000e+01 -1.4000e+02 -1.4880e-01
7.0000e+01 -1.3000e+02 -1.4637e+00
7.0000e+01 -1.2000e+02 9.1821e-01
7.0000e+01 -1.1000e+02 -1.9960e+00
7.0000e+01 -1.0000e+02 -1.0649e+00
7.0000e+01 -9.0000e+01 -2.3418e+00
7.0000e+01 -8.0000e+01 -5.0276e+00
7.0000e+01 -7.0000e+01 -1.9293e+00
7.0000e+01 -6.0000e+01 -4.0316e+00
7.0000e+01 -5.0000e+01 -6.1859e+00
7.0000e+01 -4.0000e+01 -4.4288e+00
7.0000e+01 -3.0000e+01 -4.9377e+00
7.0000e+01 -2.0000e+01 -4.7977e+00
7.0000e+01 -1.0000e+01 -7.5467e+00
7.0000e+01 0.0000e+00 -7.2209e+00
7.0000e+01 1.0000e+01 -8.2428e+00
7.0000e+01 2.0000e+01 -4.4616e+00
7.0000e+01 3.0000e+01 -6.3330e+00
7.0000e+01 4.0000e+01 -5.4540e+00
7.0000e+01 5.0000e+01 -4.5139e+00
7.0000e+01 6.0000e+01 -4.0265e+00
7.0000e+01 7.0000e+01 -3.7126e+00
7.0000e+01 8.0000e+01 -3.4982e+00
7.0000e+01 9.0000e+01 -1.0292e+00
7.0000e+01 1.0000e+02 -1.3863e+00
7.0000e+01 1.1000e+02 -1.6895e+00
7.0000e+01 1.2000e+02 -1.5093e+00
7.0000e+01 1.3000e+02 -9.8729e-01
7.0000e+01 1.4000e+02 1.7394e+00
7.0000e+01 1.5000e+02 -2.0289e+00
7.0000e+01 1.6000e+02 6.0169e-02
7.0000e+01 1.7000e+02 -1.3390e+00
7.0000e+01 1.8000e+02 -2.2073e+00
7.0000e+01 1.9000e+02 -1.8247e+00
7.0000e+01 2.0000e+02 -1.7832e+00
8.0000e+01 -2.0000e+02 3.9345e+00
8.0000e+01 -1.9000e+02 9.4258e-01
8.0000e+01 -1.8000e+02 1.0460e+00
8.0000e+01 -1.7000e+02 -1.5791e+00
8.0000e+01 -1.6000e+02 -1.3816e+00
8.0000e+01 -1.5000e+02 -1.9614e+00
8.0000e+01 -1.4000e+02 -9.0468e-01
8.0000e+01 -1.3000e+02 -1.7031e+00
8.0000e+01 -1.2000e+02 -1.2689e-01
8.0000e+01 -1.1000e+02 5.2545e-01
8.0000e+01 -1.0000e+02 5.4461e-01
8.0000e+01 -9.0000e+01 -7.4261e-01
8.0000e+01 -8.0000e+01 -3.6718e+00
8.0000e+01 -7.0000e+01 -5.1629e+00
8.0000e+01 -6.0000e+01 -2.4855e+00
8.0000e+01 -5.0000e+01 -4.9392e+00
8.0000e+01 -4.0000e+01 -4.2053e+00
8.0000e+01 -3.0000e+01 -4.5659e+00
8.0000e+01 -2.0000e+01 -6.2495e+00
8.0000e+01 -1.0000e+01 -7.3079e+00
8.0000e+01 0.0000e+00 -7.5141e+00
8.0000e+01 1.0000e+01 -7.3371e+00
8.0000e+01 2.0000e+01 -6.7601e+00
8.0000e+01 3.0000e+01 -4.3319e+00
8.0000e+01 4.0000e+01 -2.9123e+00
8.0000e+01 5.0000e+01 -2.0967e+00
8.0000e+01 6.0000e+01 -4.0493e+00
8.0000e+01 7.0000e+01 6.5957e-01
8.0000e+01 8.0000e+01 -2.3399e+00
8.0000e+01 9.0000e+01 -2.3254e+00
8.0000e+01 1.0000e+02 -1.0557e+00
8.0000e+01 1.1000e+02 -7.3445e-01
8.0000e+01 1.2000e+02 -2.7758e-01
8.0000e+01 1.3000e+02 -2.6382e-01
8.0000e+01 1.4000e+02 -2.4335e+00
8.0000e+01 1.5000e+02 -1.8526e+00
8.0000e+01 1.6000e+02 -1.7205e-01
8.0000e+01 1.7000e+02 -3.4289e-01
8.0000e+01 1.8000e+02 -3.6701e-01
8.0000e+01 1.9000e+02 -1.1655e+00
8.0000e+01 2.0000e+02 3.6890e-01
9.0000e+01 -2.0000e+02 5.9552e-01
9.0000e+01 -1.9000e+02 7.1856e-01
9.0000e+01 -1.8000e+02 5.6504e-01
9.0000e+01 -1.7000e+02 -1.8116e-01
9.0000e+01 -1.6000e+02 -2.7550e-01
9.0000e+01 -1.5000e+02 -1.1873e+00
9.0000e+01 -1.4000e+02 -6.0001e-01
9.0000e+01 -1.3000e+02 1.7244e+00
9.0000e+01 -1.2000e+02 -1.3991e+00
9.0000e+01 -1.1000e+02 1.7334e+00
9.0000e+01 -1.0000e+02 -1.7065e+00
9.0000e+01 -9.0000e+01 8.3550e-01
9.0000e+01 -8.0000e+01 -1.3247e+00
9.0000e+01 -7.0000e+01 -1.2732e+00
9.0000e+01 -6.0000e+01 -4.4198e+00
9.0000e+01 -5.0000e+01 -4.4905e+00
9.0000e+01 -4.0000e+01 -6.0098e-01
9.0000e+01 -3.0000e+01 -2.5499e+00
9.0000e+01 -2.0000e+01 -6.6449e+00
9.0000e+01 -1.0000e+01 -5.9209e+00
9.0000e+01 0.0000e+00 -4.0791e+00
9.0000e+01 1.0000e+01 -3.7682e+00
9.0000e+01 2.0000e+01 -6.3948e+00
9.0000e+01 3.0000e+01 -4.0327e+00
9.0000e+01 4.0000e+01 -4.5145e+00
9.0000e+01 5.0000e+01 -2.0040e+00
9.0000e+01 6.0000e+01 -1.8286e+00
9.0000e+01 7.0000e+01 -5.0420e-01
9.0000e+01 8.0000e+01 -1.8103e+00
9.0000e+01 9.0000e+01 -8.8372e-02
9.0000e+01 1.0000e+02 -1.4234e+00
9.0000e+01 1.1000e+02 -1.9141e+00
9.0000e+01 1.2000e+02 -2.1932e+00
9.0000e+01 1.3000e+02 -2.5065e+00
9.0000e+01 1.4000e+02 -4.8029e-01
9.0000e+01 1.5000e+02 1.0887e+00
9.0000e+01 1.6000e+02 1.4660e+00
9.0000e+01 1.7000e+02 2.2446e+00
9.0000e+01 1.8000e+02 -1.8763e+00
9.0000e+01 1.9000e+02 1.3081e+00
9.0000e+01 2.0000e+02 1.1280e+00
1.0000e+02 -2.0000e+02 1.5104e+00
1.0000e+02 -1.9000e+02 -5.6433e-01
1.0000e+02 -1.8000e+02 -3.6723e-01
1.0000e+02 -1.7000e+02 3.2317e+00
1.0000e+02 -1.6000e+02 -6.4393e-01
1.0000e+02 -1.5000e+02 -2.7273e-01
1.0000e+02 -1.4000e+02 4.5703e+00
1.0000e+02 -1.3000e+02 -1.8112e+00
1.0000e+02 -1.2000e+02 -1.7535e+00
1.0000e+02 -1.1000e+02 -4.1587e+00
1.0000e+02 -1.0000e+02 -2.6036e+00
1.0000e+02 -9.0000e+01 2.8051e-01
1.0000e+02 -8.0000e+01 -2.2294e+00
1.0000e+02 -7.0000e+01 7.7173e-01
1.0000e+02 -6.0000e+01 -3.8766e+00
1.0000e+02 -5.0000e+01 -3.0712e+00
1.0000e+02 -4.0000e+01 -1.6858e+00
1.0000e+02 -3.0000e+01 -4.8199e+00
1.0000e+02 -2.0000e+01 -4.3025e+00
1.0000e+02 -1.0000e+01 -3.8461e+00
1.0000e+02 0.0000e+00 -3.4790e+00
1.0000e+02 1.0000e+01 -2.8251e+00
1.0000e+02 2.0000e+01 -4.3431e+00
1.0000e+02 3.0000e+01 -1.9818e+00
1.0000e+02 4.0000e+01 -4.5401e+00
1.0000e+02 5.0000e+01 -4.0536e+00
1.0000e+02 6.0000e+01 -6.6681e-01
1.0000e+02 7.0000e+01 -2.7746e-01
1.0000e+02 8.0000e+01 -2.6864e+00
1.0000e+02 9.0000e+01 2.9997e-01
1.0000e+02 1.0000e+02 -1.4059e+00
1.0000e+02 1.1000e+02 2.8691e+00
1.0000e+02 1.2000e+02 -6.8706e-01
1.0000e+02 1.3000e+02 -3.1226e-01
1.0000e+02 1.4000e+02 -1.0918e+00
1.0000e+02 1.5000e+02 -3.2862e-01
1.0000e+02 1.6000e+02 -1.3219e+00
1.0000e+02 1.7000e+02 1.7526e+00
1.0000e+02 1.8000e+02 1.0238e+00
1.0000e+02 1.9000e+02 4.1911e-01
1.0000e+02 2.0000e+02 -1.9543e-01
1.1000e+02 -2.0000e+02 1.8774e+00
1.1000e+02 -1.9000e+02 2.8489e+00
1.1000e+02 -1.8000e+02 -1.5296e+00
1.1000e+02 -1.7000e+02 -4.6271e-02
1.1000e+02 -1.6000e+02 3.2141e-02
1.1000e+02 -1.5000e+02 4.1543e-01
1.1000e+02 -1.4000e+02 2.3805e-01
1.1000e+02 -1.3000e+02 7.0904e-01
1.1000e+02 -1.2000e+02 -2.1949e+00
1.1000e+02 -1.1000e+02 -8.4908e-01
1.1000e+02 -1.0000e+02 -1.9732e+00
1.1000e+02 -9.0000e+01 -2.2044e-01
1.1000e+02 -8.0000e+01 1.2464e+00
1.1000e+02 -7.0000e+01 -2.4800e+00
1.1000e+02 -6.0000e+01 -2.1129e+00
1.1000e+02 -5.0000e+01 -9.1556e-01
1.1000e+02 -4.0000e+01 -5.7594e+00
1.1000e+02 -3.0000e+01 -9.5975e-01
1.1000e+02 -2.0000e+01 -1.7346e+00
1.1000e+02 -1.0000e+01 -2.9069e+00
1.1000e+02 0.0000e+00 -3.0956e-01
1.1000e+02 1.0000e+01 -7.2294e-01
1.1000e+02 2.0000e+01 -2.1818e+00
1.1000e+02 3.0000e+01 -8.7958e-01
1.1000e+02 4.0000e+01 -3.2162e+00
1.1000e+02 5.0000e+01 -1.5348e+00
1.1000e+02 6.0000e+01 1.1699e+00
1.1000e+02 7.0000e+01 -2.6246e+00
1.1000e+02 8.0000e+01 -2.3297e-01
1.1000e+02 9.0000e+01 -1.6112e+00
1.1000e+02 1.0000e+02 -1.2763e+00
1.1000e+02 1.1000e+02 1.0528e+00
1.1000e+02 1.2000e+02 -8.6877e-01
1.1000e+02 1.3000e+02 1.8254e-02
1.1000e+02 1.4000e+02 3.2511e+00
1.1000e+02 1.5000e+02 -4.0816e-01
1.1000e+02 1.6000e+02 -3.3775e-01
1.1000e+02 1.7000e+02 -2.5667e-01
1.1000e+02 1.8000e+02 -2.1104e+00
1.1000e+02 1.9000e+02 1.2199e-01
1.1000e+02 2.0000e+02 -2.4819e-01
1.2000e+02 -2.0000e+02 1.9918e+00
1.2000e+02 -1.9000e+02 -2.9113e+00
1.2000e+02 -1.8000e+02 1.5319e-01
1.2000e+02 -1.7000e+02 -6.2308e-01
1.2000e+02 -1.6000e+02 3.7241e-01
1.2000e+02 -1.5000e+02 1.8119e+00
1.2000e+02 -1.4000e+02 -3.2001e+00
1.2000e+02 -1.3000e+02 3.6049e-01
1.2000e+02 -1.2000e+02 -2.0737e+00
1.2000e+02 -1.1000e+02 -1.3519e+00
1.2000e+02 -1.0000e+02 -8.7716e-01
1.2000e+02 -9.0000e+01 7.6864e-01
1.2000e+02 -8.0000e+01 4.0125e-01
1.2000e+02 -7.0000e+01 6.4240e-01
1.2000e+02 -6.0000e+01 -6.8780e-01
1.2000e+02 -5.0000e+01 -2.2496e+00
1.2000e+02 -4.0000e+01 6.1487e-01
1.2000e+02 -3.0000e+01 -1.1956e+00
1.2000e+02 -2.0000e+01 1.8717e-01
1.2000e+02 -1.0000e+01 -4.8178e-01
1.2000e+02 0.0000e+00 -1.4972e+00
1.2000e+02 1.0000e+01 -1.5456e+00
1.2000e+02 2.0000e+01 -3.4734e+00
1.2000e+02 3.0000e+01 -3.1958e+00
1.2000e+02 4.0000e+01 -1.3481e+00
1.2000e+02 5.0000e+01 -1.3714e+00
1.2000e+02 6.0000e+01 -1.8125e+00
1.2000e+02 7.0000e+01 6.9666e-01
1.2000e+02 8.0000e+01 -2.1361e+00
1.2000e+02 9.0000e+01 -2.1966e+00
1.2000e+02 1.0000e+02 -9.5742e-01
1.2000e+02 1.1000e+02 6.8586e-01
1.2000e+02 1.2000e+02 -6.2569e-01
1.2000e+02 1.3000e+02 -3.1393e+00
1.2000e+02 1.4000e+02 -1.6423e+00
1.2000e+02 1.5000e+02 6.7119e-01
1.2000e+02 1.6000e+02 1.1746e+00
1.2000e+02 1.7000e+02 1.5040e+00
1.2000e+02 1.8000e+02 1.3753e+00
1.2000e+02 1.9000e+02 2.4460e+00
1.2000e+02 2.0000e+02 -8.3729e-01
1.3000e+02 -2.0000e+02 -1.6028e+00
1.3000e+02 -1.9000e+02 1.5258e+00
1.3000e+02 -1.8000e+02 3.1945e+00
1.3000e+02 -1.7000e+02 -1.7887e+00
1.3000e+02 -1.6000e+02 -7.0791e-01
1.3000e+02 -1.5000e+02 9.6937e-01
1.3000e+02 -1.4000e+02 -4.5293e-01
1.3000e+02 -1.3000e+02 -1.1618e+00
1.3000e+02 -1.2000e+02 -4.7579e-01
1.3000e+02 -1.1000e+02 -1.9871e+00
1.3000e+02 -1.0000e+02 5.8062e-01
1.3000e+02 -9.0000e+01 3.6906e-01
1.3000e+02 -8.0000e+01 -1.0287e+00
1.3000e+02 -7.0000e+01 1.1179e+00
1.3000e+02 -6.0000e+01 -7.6958e-01
1.3000e+02 -5.0000e+01 1.3716e+00
1.3000e+02 -4.0000e+01 -1.9266e+00
1.3000e+02 -3.0000e+01 -2.0273e+00
1.3000e+02 -2.0000e+01 -6.0626e-01
1.3000e+02 -1.0000e+01 4.3214e-03
1.3000e+02 0.0000e+00 -5.3419e-03
1.3000e+02 1.0000e+01 -1.1942e+00
1.3000e+02 2.0000e+01 -7.3500e-01
1.3000e+02 3.0000e+01 -2.2099e+00
1.3000e+02 4.0000e+01 -8.6734e-01
1.3000e+02 5.0000e+01 6.0152e-01
1.3000e+02 6.0000e+01 6.6581e-01
1.3000e+02 7.0000e+01 -2.1620e+00
1.3000e+02 8.0000e+01 -1.8851e+00
1.3000e+02 9.0000e+01 -9.7021e-01
1.3000e+02 1.0000e+02 8.6645e-01
1.3000e+02 1.1000e+02 -2.4674e+00
1.3000e+02 1.2000e+02 1.2167e+00
1.3000e+02 1.3000e+02 -3.9886e-01
1.3000e+02 1.4000e+02 -3.8061e-01
1.3000e+02 1.5000e+02 -1.2248e+00
1.3000e+02 1.6000e+02 -9.9883e-01
1.3000e+02 1.7000e+02 -1.8817e+00
1.3000e+02 1.8000e+02 -8.5831e-01
1.3000e+02 1.9000e+02 1.6071e+00
1.3000e+02 2.0000e+02 -1.0721e+00
1.4000e+02 -2.0000e+02 -1.3787e+00
1.4000e+02 -1.9000e+02 -2.4734e+00
1.4000e+02 -1.8000e+02 -5.2471e-01
1.4000e+02 -1.7000e+02 1.5091e+00
1.4000e+02 -1.6000e+02 -1.9702e+00
1.4000e+02 -1.5000e+02 -3.8029e+00
1.4000e+02 -1.4000e+02 5.9104e-01
1.4000e+02 -1.3000e+02 1.3480e+00
1.4000e+02 -1.2000e+02 8.7063e-01
1.4000e+02 -1.1000e+02 7.9771e-01
1.4000e+02 -1.0000e+02 1.0485e+00
1.4000e+02 -9.0000e+01 -2.2368e+00
1.4000e+02 -8.0000e+01 -3.4414e-01
1.4000e+02 -7.0000e+01 -1.3845e+00
1.4000e+02 -6.0000e+01 -1.9489e+00
1.4000e+02 -5.0000e+01 8.4706e-01
1.4000e+02 -4.0000e+01 -1.5132e+00
1.4000e+02 -3.0000e+01 1.0856e+00
1.4000e+02 -2.0000e+01 2.2805e+00
1.4000e+02 -1.0000e+01 -7.9563e-01
1.4000e+02 0.0000e+00 -3.2814e+00
1.4000e+02 1.0000e+01 -3.1516e-01
1.4000e+02 2.0000e+01 1.5139e+00
1.4000e+02 3.0000e+01 -3.0480e-01
1.4000e+02 4.0000e+01 1.4074e+00
1.4000e+02 5.0000e+01 2.2486e-01
1.4000e+02 6.0000e+01 -6.6183e-01
1.4000e+02 7.0000e+01 4.4176e-01
1.4000e+02 8.0000e+01 4.9762e-02
1.4000e+02 9.0000e+01 1.2441e+00
1.4000e+02 1.0000e+02 8.6185e-03
1.4000e+02 1.1000e+02 -8.9874e-01
1.4000e+02 1.2000e+02 1.7037e+00
1.4000e+02 1.3000e+02 1.7900e+00
1.4000e+02 1.4000e+02 -2.1549e+00
1.4000e+02 1.5000e+02 -1.1911e+00
1.4000e+02 1.6000e+02 -1.0842e+00
1.4000e+02 1.7000e+02 -1.4911e+00
1.4000e+02 1.8000e+02 1.0776e-02
1.4000e+02 1.9000e+02 2.9826e-01
1.4000e+02 2.0000e+02 -2.0670e+00
1.5000e+02 -2.0000e+02 -4.3367e-01
1.5000e+02 -1.9000e+02 -2.4807e+00
1.5000e+02 -1.8000e+02 -2.7496e-01
1.5000e+02 -1.7000e+02 -1.6393e+00
1.5000e+02 -1.6000e+02 -1.7037e-01
1.5000e+02 -1.5000e+02 -7.2867e-02
1.5000e+02 -1.4000e+02 -4.8793e-01
1.5000e+02 -1.3000e+02 -7.5160e-01
1.5000e+02 -1.2000e+02 5.4728e-01
1.5000e+02 -1.1000e+02 4.3912e-01
1.5000e+02 -1.0000e+02 -9.2598e-01
1.5000e+02 -9.0000e+01 -7.7713e-01
1.5000e+02 -8.0000e+01 -4.8921e-01
1.5000e+02 -7.0000e+01 -1.5273e+00
1.5000e+02 -6.0000e+01 -1.4591e+00
1.5000e+02 -5.0000e+01 -1.7127e-01
1.5000e+02 -4.0000e+01 5.4274e-01
1.5000e+02 -3.0000e+01 -3.5549e-01
1.5000e+02 -2.0000e+01 -5.4832e-01
1.5000e+02 -1.0000e+01 -5.0377e-01
1.5000e+02 0.0000e+00 4.0794e-01
1.5000e+02 1.0000e+01 1.7323e+00
1.5000e+02 2.0000e+01 2.0894e+00
1.5000e+02 3.0000e+01 8.1359e-01
1.5000e+02 4.0000e+01 -5.0259e-01
1.5000e+02 5.0000e+01 -5.3923e-01
1.5000e+02 6.0000e+01 -2.1630e-01
1.5000e+02 7.0000e+01 -3.8898e-01
1.5000e+02 8.0000e+01 3.0487e-01
1.5000e+02 9.0000e+01 7.9106e-01
1.5000e+02 1.0000e+02 -2.6848e-03
1.5000e+02 1.1000e+02 3.0319e-01
1.5000e+02 1.2000e+02 -2.0687e+00
1.5000e+02 1.3000e+02 1.5844e-01
1.5000e+02 1.4000e+02 -2.3215e+00
1.5000e+02 1.5000e+02 -1.7236e-02
1.5000e+02 1.6000e+02 -6.8471e-01
1.5000e+02 1.7000e+02 -2.2536e+00
1.5000e+02 1.8000e+02 -1.5575e+00
1.5000e+02 1.9000e+02 -1.1264e+00
1.5000e+02 2.0000e+02 -1.2634e+00
1.6000e+02 -2.0000e+02 -2.0463e+00
1.6000e+02 -1.9000e+02 -2.7873e-01
1.6000e+02 -1.8000e+02 -1.7171e+00
1.6000e+02 -1.7000e+02 2.9747e+00
1.6000e+02 -1.6000e+02 -1.0688e+00
1.6000e+02 -1.5000e+02 -1.3122e+00
1.6000e+02 -1.4000e+02 1.2237e+00
1.6000e+02 -1.3000e+02 -1.5942e+00
1.6000e+02 -1.2000e+02 1.3755e-01
1.6000e+02 -1.1000e+02 -1.2657e+00
1.6000e+02 -1.0000e+02 -4.7127e-01
1.6000e+02 -9.0000e+01 -1.0100e+00
1.6000e+02 -8.0000e+01 1.1860e+00
1.6000e+02 -7.0000e+01 -1.6682e-02
1.6000e+02 -6.0000e+01 2.9535e+00
1.6000e+02 -5.0000e+01 1.2504e+00
1.6000e+02 -4.0000e+01 7.5867e-01
1.6000e+02 -3.0000e+01 -1.0806e+00
1.6000e+02 -2.0000e+01 1.1322e+00
1.6000e+02 -1.0000e+01 3.5295e-01
1.6000e+02 0.0000e+00 1.0512e+00
1.6000e+02 1.0000e+01 1.4974e+00
1.6000e+02 2.0000e+01 1.4427e+00
1.6000e+02 3.0000e+01 7.8528e-01
1.6000e+02 4.0000e+01 -1.1245e-01
1.6000e+02 5.0000e+01 -1.5900e+00
1.6000e+02 6.0000e+01 -1.5363e-01
1.6000e+02 7.0000e+01 1.7092e-01
1.6000e+02 8.0000e+01 -7.6583e-01
1.6000e+02 9.0000e+01 2.0907e-01
1.6000e+02 1.0000e+02 3.8703e+00
1.6000e+02 1.1000e+02 -1.7784e+00
1.6000e+02 1.2000e+02 2.0561e+00
1.6000e+02 1.3000e+02 -1.1991e+00
1.6000e+02 1.4000e+02 -1.8573e+00
1.6000e+02 1.5000e+02 2.5990e-02
1.6000e+02 1.6000e+02 2.1284e+00
1.6000e+02 1.7000e+02 -3.8417e+00
1.6000e+02 1.8000e+02 -6.9598e-01
1.6000e+02 1.9000e+02 -5.2843e-01
1.6000e+02 2.0000e+02 -1.5993e+00
1.7000e+02 -2.0000e+02 -1.3927e+00
1.7000e+02 -1.9000e+02 4.1560e+00
1.7000e+02 -1.8000e+02 6.3549e-01
1.7000e+02 -1.7000e+02 4.7939e-02
1.7000e+02 -1.6000e+02 1.8167e+00
1.7000e+02 -1.5000e+02 -1.3763e+00
1.7000e+02 -1.4000e+02 2.4153e+00
1.7000e+02 -1.3000e+02 1.5133e+00
1.7000e+02 -1.2000e+02 -4.0629e+00
1.7000e+02 -1.1000e+02 1.3351e+00
1.7000e+02 -1.0000e+02 3.6120e-01
1.7000e+02 -9.0000e+01 -2.6189e-01
1.7000e+02 -8.0000e+01 1.1417e+00
1.7000e+02 -7.0000e+01 1.1039e+00
1.7000e+02 -6.0000e+01 2.9831e-01
1.7000e+02 -5.0000e+01 -2.5985e+00
1.7000e+02 -4.0000e+01 -8.6002e-01
1.7000e+02 -3.0000e+01 -1.5597e+00
1.7000e+02 -2.0000e+01 1.4553e+00
1.7000e+02 -1.0000e+01 2.6131e-01
1.7000e+02 0.0000e+00 -7.3120e-01
1.7000e+02 1.0000e+01 -6.2347e-01
1.7000e+02 2.0000e+01 3.3425e+00
1.7000e+02 3.0000e+01 -7.6834e-01
1.7000e+02 4.0000e+01 7.8559e-01
1.7000e+02 5.0000e+01 3.8038e-01
1.7000e+02 6.0000e+01 -5.7193e-01
1.7000e+02 7.0000e+01 1.7238e+00
1.7000e+02 8.0000e+01 1.8881e+00
1.7000e+02 9.0000e+01 -1.5255e-01
1.7000e+02 1.0000e+02 -2.0503e+00
1.7000e+02 1.1000e+02 2.3489e+00
1.7000e+02 1.2000e+02 -1.5299e+00
1.7000e+02 1.3000e+02 -1.3213e+00
1.7000e+02 1.4000e+02 -2.3688e+00
1.7000e+02 1.5000e+02 -1.0582e+00
1.7000e+02 1.6000e+02 -6.8631e-01
1.7000e+02 1.7000e+02 -3.2486e-01
1.7000e+02 1.8000e+02 -6.9689e-01
1.7000e+02 1.9000e+02 3.0490e-01
1.7000e+02 2.0000e+02 -4.4295e-01
1.8000e+02 -2.0000e+02 6.2450e-02
1.8000e+02 -1.9000e+02 7.3650e-02
1.8000e+02 -1.8000e+02 -2.7692e-01
1.8000e+02 -1.7000e+02 -1.8486e+00
1.8000e+02 -1.6000e+02 -1.1443e-01
1.8000e+02 -1.5000e+02 2.2277e-01
1.8000e+02 -1.4000e+02 3.9899e-01
1.8000e+02 -1.3000e+02 -5.7849e-01
1.8000e+02 -1.2000e+02 -5.5462e-01
1.8000e+02 -1.1000e+02 -8.0206e-01
1.8000e+02 -1.0000e+02 6.7511e-01
1.8000e+02 -9.0000e+01 -6.9456e-02
1.8000e+02 -8.0000e+01 -1.1668e-01
1.8000e+02 -7.0000e+01 6.5480e-01
1.8000e+02 -6.0000e+01 2.5664e+00
1.8000e+02 -5.0000e+01 1.4798e+00
1.8000e+02 -4.0000e+01 -1.2673e+00
1.8000e+02 -3.0000e+01 -3.1130e+00
1.8000e+02 -2.0000e+01 7.3977e-01
1.8000e+02 -1.0000e+01 1.5575e-01
1.8000e+02 0.0000e+00 1.5496e+00
1.8000e+02 1.0000e+01 3.7899e-01
1.8000e+02 2.0000e+01 -2.8220e-01
1.8000e+02 3.0000e+01 -1.1809e+00
1.8000e+02 4.0000e+01 -8.8979e-02
1.8000e+02 5.0000e+01 -3.2691e+00
1.8000e+02 6.0000e+01 2.2369e-01
1.8000e+02 7.0000e+01 -1.2603e-01
1.8000e+02 8.0000e+01 3.8547e-01
1.8000e+02 9.0000e+01 -8.8087e-01
1.8000e+02 1.0000e+02 -1.3671e+00
1.8000e+02 1.1000e+02 -2.8291e-01
1.8000e+02 1.2000e+02 3.2916e-01
1.8000e+02 1.3000e+02 -2.3210e-03
1.8000e+02 1.4000e+02 -3.2458e+00
1.8000e+02 1.5000e+02 -1.4367e+00
1.8000e+02 1.6000e+02 -1.4490e-01
1.8000e+02 1.7000e+02 -7.8769e-01
1.8000e+02 1.8000e+02 8.5228e-01
1.8000e+02 1.9000e+02 1.0301e-01
1.8000e+02 2.0000e+02 5.4917e-01
1.9000e+02 -2.0000e+02 1.1553e+00
1.9000e+02 -1.9000e+02 7.0532e-01
1.9000e+02 -1.8000e+02 -1.4549e+00
1.9000e+02 -1.7000e+02 -2.0543e+00
1.9000e+02 -1.6000e+02 -9.0035e-01
1.9000e+02 -1.5000e+02 -7.0165e-02
1.9000e+02 -1.4000e+02 7.2734e-01
1.9000e+02 -1.3000e+02 8.2912e-02
1.9000e+02 -1.2000e+02 9.2224e-01
1.9000e+02 -1.1000e+02 -1.7460e+00
1.9000e+02 -1.0000e+02 -1.3014e+00
1.9000e+02 -9.0000e+01 -1.7112e+00
1.9000e+02 -8.0000e+01 -9.1367e-01
1.9000e+02 -7.0000e+01 1.7167e+00
1.9000e+02 -6.0000e+01 1.3782e+00
1.9000e+02 -5.0000e+01 1.0451e-01
1.9000e+02 -4.0000e+01 3.1758e+00
1.9000e+02 -3.0000e+01 -1.0939e+00
1.9000e+02 -2.0000e+01 1.1852e+00
1.9000e+02 -1.0000e+01 1.5592e-01
1.9000e+02 0.0000e+00 4.8279e-01
1.9000e+02 1.0000e+01 -1.0665e+00
1.9000e+02 2.0000e+01 3.6664e+00
1.9000e+02 3.0000e+01 1.3582e+00
1.9000e+02 4.0000e+01 3.1907e-01
1.9000e+02 5.0000e+01 2.8165e+00
1.9000e+02 6.0000e+01 -1.6367e-01
1.9000e+02 7.0000e+01 1.2921e+00
1.9000e+02 8.0000e+01 1.2651e+00
1.9000e+02 9.0000e+01 -1.7446e+00
1.9000e+02 1.0000e+02 3.5619e+00
1.9000e+02 1.1000e+02 1.6338e+00
1.9000e+02 1.2000e+02 -5.5320e-01
1.9000e+02 1.3000e+02 -2.6519e+00
1.9000e+02 1.4000e+02 -1.4783e+00
1.9000e+02 1.5000e+02 2.5711e+00
1.9000e+02 1.6000e+02 -1.5063e-01
1.9000e+02 1.7000e+02 -2.9963e+00
1.9000e+02 1.8000e+02 1.8225e-01
1.9000e+02 1.9000e+02 -2.4754e-01
1.9000e+02 2.0000e+02 -1.4541e-02
2.0000e+02 -2.0000e+02 5.0590e-02
2.0000e+02 -1.9000e+02 2.7881e+00
2.0000e+02 -1.8000e+02 3.3644e-01
2.0000e+02 -1.7000e+02 4.2311e-01
2.0000e+02 -1.6000e+02 -1.9573e+00
2.0000e+02 -1.5000e+02 -1.6741e+00
2.0000e+02 -1.4000e+02 -9.7372e-01
2.0000e+02 -1.3000e+02 6.6859e-01
2.0000e+02 -1.2000e+02 3.2147e-01
2.0000e+02 -1.1000e+02 -1.0093e+00
2.0000e+02 -1.0000e+02 9.3072e-01
2.0000e+02 -9.0000e+01 4.6746e-01
2.0000e+02 -8.0000e+01 -3.5976e-02
2.0000e+02 -7.0000e+01 3.4567e-01
2.0000e+02 -6.0000e+01 -2.1634e+00
2.0000e+02 -5.0000e+01 5.0566e-01
2.0000e+02 -4.0000e+01 -3.2373e-01
2.0000e+02 -3.0000e+01 -1.4817e+00
2.0000e+02 -2.0000e+01 1.9521e+00
2.0000e+02 -1.0000e+01 1.6851e+00
2.0000e+02 0.0000e+00 1.3228e+00
2.0000e+02 1.0000e+01 -9.7795e-01
2.0000e+02 2.0000e+01 -2.3633e-02
2.0000e+02 3.0000e+01 -9.2416e-01
2.0000e+02 4.0000e+01 -1.4178e+00
2.0000e+02 5.0000e+01 -1.9461e+00
2.0000e+02 6.0000e+01 1.6252e+00
2.0000e+02 7.0000e+01 3.0127e+00
2.0000e+02 8.0000e+01 -1.8855e+00
2.0000e+02 9.0000e+01 -3.6240e-01
2.0000e+02 1.0000e+02 -8.6330e-02
2.0000e+02 1.1000e+02 2.3563e+00
2.0000e+02 1.2000e+02 1.1200e+00
2.0000e+02 1.3000e+02 -8.8850e-01
2.0000e+02 1.4000e+02 -5.5194e-01
2.0000e+02 1.5000e+02 1.2619e+00
2.0000e+02 1.6000e+02 -5.3130e-01
2.0000e+02 1.7000e+02 -1.2472e-01
2.0000e+02 1.8000e+02 -2.5093e+00
2.0000e+02 1.9000e+02 1.3126e+00
2.0000e+02 2.0000e+02 1.4507e+00
