-2.0000e+02 -2.0000e+02 -1.5389e+00
-2.0000e+02 -1.9000e+02 9.7898e-01
-2.0000e+02 -1.8000e+02 1.0543e+00
-2.0000e+02 -1.7000e+02 -1.3540e+00
-2.0000e+02 -1.6000e+02 -2.3678e-01
-2.0000e+02 -1.5000e+02 3.5250e-01
-2.0000e+02 -1.4000e+02 3.1844e-01
-2.0000e+02 -1.3000e+02 2.5965e+00
-2.0000e+02 -1.2000e+02 -3.4976e+00
-2.0000e+02 -1.1000e+02 -9.9194e-01
-2.0000e+02 -1.0000e+02 4.3479e-01
-2.0000e+02 -9.0000e+01 7.2070e-01
-2.0000e+02 -8.0000e+01 1.5657e+00
-2.0000e+02 -7.0000e+01 2.8038e+00
-2.0000e+02 -6.0000e+01 -1.2044e+00
-2.0000e+02 -5.0000e+01 -1.6841e-01
-2.0000e+02 -4.0000e+01 -1.5498e+00
-2.0000e+02 -3.0000e+01 4.4684e-01
-2.0000e+02 -2.0000e+01 2.8016e+00
-2.0000e+02 -1.0000e+01 3.4624e-01
-2.0000e+02 0.0000e+00 -3.6092e+00
-2.0000e+02 1.0000e+01 1.7642e+00
-2.0000e+02 2.0000e+01 8.0500e-01
-2.0000e+02 3.0000e+01 -1.1161e+00
-2.0000e+02 4.0000e+01 -6.1368e-01
-2.0000e+02 5.0000e+01 -5.7912e-01
-2.0000e+02 6.0000e+01 -3.5775e-01
-2.0000e+02 7.0000e+01 -1.1775e+00
-2.0000e+02 8.0000e+01 6.0383e-02
-2.0000e+02 9.0000e+01 6.7701e-01
-2.0000e+02 1.0000e+02 -1.0021e+00
-2.0000e+02 1.1000e+02 -9.6258e-01
-2.0000e+02 1.2000e+02 -2.8759e+00
-2.0000e+02 1.3000e+02 -5.3347e-01
-2.0000e+02 1.4000e+02 5.1928e-01
-2.0000e+02 1.5000e+02 1.8531e+00
-2.0000e+02 1.6000e+02 9.3187e-01
-2.0000e+02 1.7000e+02 -3.9669e-01
-2.0000e+02 1.8000e+02 1.7226e+00
-2.0000e+02 1.9000e+02 -2.4990e-01
-2.0000e+02 2.0000e+02 -8.9778e-01
-1.9000e+02 -2.0000e+02 -1.1073e+00
-1.9000e+02 -1.9000e+02 4.2677e-01
-1.9000e+02 -1.8000e+02 2.4642e+00
-1.9000e+02 -1.7000e+02 7.0219e-01
-1.9000e+02 -1.6000e+02 4.9831e+00
-1.9000e+02 -1.5000e+02 1.4758e+00
-1.9000e+02 -1.4000e+02 3.6190e-01
-1.9000e+02 -1.3000e+02 -2.7035e+00
-1.9000e+02 -1.2000e+02 -4.1923e-01
-1.9000e+02 -1.1000e+02 2.4433e+00
-1.9000e+02 -1.0000e+02 -1.3499e+00
-1.9000e+02 -9.0000e+01 2.0239e+00
-1.9000e+02 -8.0000e+01 3.0630e+00
-1.9000e+02 -7.0000e+01 -7.8493e-01
-1.9000e+02 -6.0000e+01 -1.0033e+00
-1.9000e+02 -5.0000e+01 -3.8268e+00
-1.9000e+02 -4.0000e+01 -3.4854e-01
-1.9000e+02 -3.0000e+01 3.0919e-01
-1.9000e+02 -2.0000e+01 -2.2387e-01
-1.9000e+02 -1.0000e+01 -7.2882e-01
-1.9000e+02 0.0000e+00 -1.3171e+00
-1.9000e+02 1.0000e+01 3.1936e-01
-1.9000e+02 2.0000e+01 -1.9058e-01
-1.9000e+02 3.0000e+01 -1.4030e+00
-1.9000e+02 4.0000e+01 1.1196e+00
-1.9000e+02 5.0000e+01 2.8918e-01
-1.9000e+02 6.0000e+01 -1.6406e-01
-1.9000e+02 7.0000e+01 -8.1983e-01
-1.9000e+02 8.0000e+01 1.1058e+00
-1.9000e+02 9.0000e+01 -7.2815e-01
-1.9000e+02 1.0000e+02 7.2856e-01
-1.9000e+02 1.1000e+02 -1.0808e+00
-1.9000e+02 1.2000e+02 6.0589e-02
-1.9000e+02 1.3000e+02 4.7919e-01
-1.9000e+02 1.4000e+02 -1.9907e+00
-1.9000e+02 1.5000e+02 1.2535e+00
-1.9000e+02 1.6000e+02 2.9292e-01
-1.9000e+02 1.7000e+02 2.1820e+00
-1.9000e+02 1.8000e+02 2.1227e+00
-1.9000e+02 1.9000e+02 -1.7338e+00
-1.9000e+02 2.0000e+02 -7.3007e-01
-1.8000e+02 -2.0000e+02 1.9820e+00
-1.8000e+02 -1.9000e+02 1.9066e+00
-1.8000e+02 -1.8000e+02 -5.5867e-01
-1.8000e+02 -1.7000e+02 3.3259e-01
-1.8000e+02 -1.6000e+02 8.1619e-02
-1.8000e+02 -1.5000e+02 2.5626e+00
-1.8000e+02 -1.4000e+02 -1.7395e+00
-1.8000e+02 -1.3000e+02 -4.2266e-01
-1.8000e+02 -1.2000e+02 -6.1237e-01
-1.8000e+02 -1.1000e+02 -8.5951e-01
-1.8000e+02 -1.0000e+02 1.7551e+00
-1.8000e+02 -9.0000e+01 2.9651e-01
-1.8000e+02 -8.0000e+01 2.1100e+00
-1.8000e+02 -7.0000e+01 1.0295e-01
-1.8000e+02 -6.0000e+01 -3.9402e+00
-1.8000e+02 -5.0000e+01 1.6004e+00
-1.8000e+02 -4.0000e+01 -1.7618e+00
-1.8000e+02 -3.0000e+01 -3.2293e-01
-1.8000e+02 -2.0000e+01 2.9477e-01
-1.8000e+02 -1.0000e+01 -1.3945e+00
-1.8000e+02 0.0000e+00 6.0660e-01
-1.8000e+02 1.0000e+01 1.9807e+00
-1.8000e+02 2.0000e+01 5.8873e-01
-1.8000e+02 3.0000e+01 1.0808e+00
-1.8000e+02 4.0000e+01 -1.3160e+00
-1.8000e+02 5.0000e+01 4.3232e-01
-1.8000e+02 6.0000e+01 -4.2667e-01
-1.8000e+02 7.0000e+01 3.0691e+00
-1.8000e+02 8.0000e+01 6.3787e-01
-1.8000e+02 9.0000e+01 -1.3626e+00
-1.8000e+02 1.0000e+02 -9.7277e-01
-1.8000e+02 1.1000e+02 2.5856e+00
-1.8000e+02 1.2000e+02 7.1656e-01
-1.8000e+02 1.3000e+02 1.0639e+00
-1.8000e+02 1.4000e+02 -1.8573e+00
-1.8000e+02 1.5000e+02 1.7292e-01
-1.8000e+02 1.6000e+02 2.4119e+00
-1.8000e+02 1.7000e+02 2.0689e+00
-1.8000e+02 1.8000e+02 -4.5674e-01
-1.8000e+02 1.9000e+02 3.5988e+00
-1.8000e+02 2.0000e+02 -3.6462e+00
-1.7000e+02 -2.0000e+02 -1.7101e+00
-1.7000e+02 -1.9000e+02 1.7438e+00
-1.7000e+02 -1.8000e+02 3.7901e-01
-1.7000e+02 -1.7000e+02 2.5521e+00
-1.7000e+02 -1.6000e+02 8.7651e-01
-1.7000e+02 -1.5000e+02 -1.3940e-01
-1.7000e+02 -1.4000e+02 -1.7870e+00
-1.7000e+02 -1.3000e+02 1.2407e+00
-1.7000e+02 -1.2000e+02 -7.4087e-01
-1.7000e+02 -1.1000e+02 1.7418e+00
-1.7000e+02 -1.0000e+02 -3.4372e-01
-1.7000e+02 -9.0000e+01 1.5531e+00
-1.7000e+02 -8.0000e+01 4.4279e+00
-1.7000e+02 -7.0000e+01 -4.9436e-01
-1.7000e+02 -6.0000e+01 1.2477e-01
-1.7000e+02 -5.0000e+01 3.9132e-01
-1.7000e+02 -4.0000e+01 -1.1106e+00
-1.7000e+02 -3.0000e+01 -1.9402e+00
-1.7000e+02 -2.0000e+01 -1.0654e+00
-1.7000e+02 -1.0000e+01 -6.0809e-01
-1.7000e+02 0.0000e+00 3.3765e+00
-1.7000e+02 1.0000e+01 9.6622e-01
-1.7000e+02 2.0000e+01 5.9172e-01
-1.7000e+02 3.0000e+01 3.2532e+00
-1.7000e+02 4.0000e+01 -1.4303e+00
-1.7000e+02 5.0000e+01 -1.7684e-01
-1.7000e+02 6.0000e+01 -1.7908e+00
-1.7000e+02 7.0000e+01 2.7325e+00
-1.7000e+02 8.0000e+01 -2.3407e+00
-1.7000e+02 9.0000e+01 4.8081e-02
-1.7000e+02 1.0000e+02 2.9877e+00
-1.7000e+02 1.1000e+02 -1.1485e+00
-1.7000e+02 1.2000e+02 1.0889e+00
-1.7000e+02 1.3000e+02 -1.7209e+00
-1.7000e+02 1.4000e+02 -7.4062e-01
-1.7000e+02 1.5000e+02 3.3830e-01
-1.7000e+02 1.6000e+02 1.1429e+00
-1.7000e+02 1.7000e+02 -6.5371e-01
-1.7000e+02 1.8000e+02 -4.6592e-01
-1.7000e+02 1.9000e+02 1.2556e+00
-1.7000e+02 2.0000e+02 1.5959e+00
-1.6000e+02 -2.0000e+02 4.1019e-01
-1.6000e+02 -1.9000e+02 2.1329e-01
-1.6000e+02 -1.8000e+02 8.8142e-01
-1.6000e+02 -1.7000e+02 3.9183e+00
-1.6000e+02 -1.6000e+02 2.1011e+00
-1.6000e+02 -1.5000e+02 -1.8527e+00
-1.6000e+02 -1.4000e+02 -2.4966e-01
-1.6000e+02 -1.3000e+02 -1.4740e+00
-1.6000e+02 -1.2000e+02 -1.1898e+00
-1.6000e+02 -1.1000e+02 -5.4438e-01
-1.6000e+02 -1.0000e+02 8.0161e-02
-1.6000e+02 -9.0000e+01 -1.2232e+00
-1.6000e+02 -8.0000e+01 5.9030e-01
-1.6000e+02 -7.0000e+01 -1.8100e+00
-1.6000e+02 -6.0000e+01 -2.3219e+00
-1.6000e+02 -5.0000e+01 3.0558e-01
-1.6000e+02 -4.0000e+01 -1.3398e+00
-1.6000e+02 -3.0000e+01 1.3780e-01
-1.6000e+02 -2.0000e+01 1.0849e+00
-1.6000e+02 -1.0000e+01 1.4646e-02
-1.6000e+02 0.0000e+00 7.3887e-02
-1.6000e+02 1.0000e+01 -1.8066e-02
-1.6000e+02 2.0000e+01 -2.0033e+00
-1.6000e+02 3.0000e+01 -3.3121e-01
-1.6000e+02 4.0000e+01 -2.9106e+00
-1.6000e+02 5.0000e+01 -1.5436e+00
-1.6000e+02 6.0000e+01 -2.1687e-01
-1.6000e+02 7.0000e+01 -2.4596e+00
-1.6000e+02 8.0000e+01 5.2730e-01
-1.6000e+02 9.0000e+01 1.7635e+00
-1.6000e+02 1.0000e+02 -1.0333e+00
-1.6000e+02 1.1000e+02 2.2874e+00
-1.6000e+02 1.2000e+02 5.2875e-01
-1.6000e+02 1.3000e+02 7.0674e-01
-1.6000e+02 1.4000e+02 1.6054e+00
-1.6000e+02 1.5000e+02 1.4253e+00
-1.6000e+02 1.6000e+02 2.9718e+00
-1.6000e+02 1.7000e+02 -1.8814e+00
-1.6000e+02 1.8000e+02 1.2475e+00
-1.6000e+02 1.9000e+02 2.3759e+00
-1.6000e+02 2.0000e+02 4.7345e-02
-1.5000e+02 -2.0000e+02 -2.2445e-01
-1.5000e+02 -1.9000e+02 1.4393e+00
-1.5000e+02 -1.8000e+02 9.9410e-01
-1.5000e+02 -1.7000e+02 -1.3507e+00
-1.5000e+02 -1.6000e+02 -4.9480e-01
-1.5000e+02 -1.5000e+02 -1.3559e+00
-1.5000e+02 -1.4000e+02 -9.3943e-01
-1.5000e+02 -1.3000e+02 4.0675e+00
-1.5000e+02 -1.2000e+02 -5.9613e-01
-1.5000e+02 -1.1000e+02 5.5576e-01
-1.5000e+02 -1.0000e+02 1.0687e+00
-1.5000e+02 -9.0000e+01 -1.1973e+00
-1.5000e+02 -8.0000e+01 -1.7485e+00
-1.5000e+02 -7.0000e+01 2.8833e-02
-1.5000e+02 -6.0000e+01 -2.5492e+00
-1.5000e+02 -5.0000e+01 -1.6213e+00
-1.5000e+02 -4.0000e+01 -6.6299e-01
-1.5000e+02 -3.0000e+01 6.1764e-01
-1.5000e+02 -2.0000e+01 -1.5900e+00
-1.5000e+02 -1.0000e+01 1.2817e+00
-1.5000e+02 0.0000e+00 -3.1897e+00
-1.5000e+02 1.0000e+01 -3.3360e-01
-1.5000e+02 2.0000e+01 1.2314e+00
-1.5000e+02 3.0000e+01 -1.2808e+00
-1.5000e+02 4.0000e+01 -2.0063e-01
-1.5000e+02 5.0000e+01 3.3388e-01
-1.5000e+02 6.0000e+01 -1.4774e+00
-1.5000e+02 7.0000e+01 9.8674e-01
-1.5000e+02 8.0000e+01 4.2216e-02
-1.5000e+02 9.0000e+01 -1.3605e+00
-1.5000e+02 1.0000e+02 -2.9726e+00
-1.5000e+02 1.1000e+02 4.6936e-01
-1.5000e+02 1.2000e+02 -9.6299e-01
-1.5000e+02 1.3000e+02 2.7514e+00
-1.5000e+02 1.4000e+02 -3.2320e-01
-1.5000e+02 1.5000e+02 -1.2146e+00
-1.5000e+02 1.6000e+02 3.1728e+00
-1.5000e+02 1.7000e+02 7.8868e-01
-1.5000e+02 1.8000e+02 1.0782e+00
-1.5000e+02 1.9000e+02 -2.7056e+00
-1.5000e+02 2.0000e+02 -3.0237e-02
-1.4000e+02 -2.0000e+02 -5.0359e-02
-1.4000e+02 -1.9000e+02 2.2736e+00
-1.4000e+02 -1.8000e+02 4.4436e-01
-1.4000e+02 -1.7000e+02 2.3380e+00
-1.4000e+02 -1.6000e+02 1.0023e+00
-1.4000e+02 -1.5000e+02 -3.1549e-01
-1.4000e+02 -1.4000e+02 -3.5255e-01
-1.4000e+02 -1.3000e+02 -3.1772e-01
-1.4000e+02 -1.2000e+02 -9.3228e-01
-1.4000e+02 -1.1000e+02 1.3211e+00
-1.4000e+02 -1.0000e+02 -7.7853e-01
-1.4000e+02 -9.0000e+01 3.5915e+00
-1.4000e+02 -8.0000e+01 -1.6315e+00
-1.4000e+02 -7.0000e+01 -3.8395e+00
-1.4000e+02 -6.0000e+01 1.2085e-01
-1.4000e+02 -5.0000e+01 -8.7076e-01
-1.4000e+02 -4.0000e+01 -1.3575e+00
-1.4000e+02 -3.0000e+01 8.2949e-01
-1.4000e+02 -2.0000e+01 1.8735e+00
-1.4000e+02 -1.0000e+01 -6.7321e-01
-1.4000e+02 0.0000e+00 -6.8781e-01
-1.4000e+02 1.0000e+01 -9.4743e-01
-1.4000e+02 2.0000e+01 -1.4236e+00
-1.4000e+02 3.0000e+01 -3.7140e+00
-1.4000e+02 4.0000e+01 -1.0919e+00
-1.4000e+02 5.0000e+01 -3.1909e+00
-1.4000e+02 6.0000e+01 2.3706e-01
-1.4000e+02 7.0000e+01 3.7868e-01
-1.4000e+02 8.0000e+01 1.7270e+00
-1.4000e+02 9.0000e+01 -1.4354e+00
-1.4000e+02 1.0000e+02 -4.1841e-01
-1.4000e+02 1.1000e+02 -2.0863e+00
-1.4000e+02 1.2000e+02 -1.9125e+00
-1.4000e+02 1.3000e+02 1.0964e+00
-1.4000e+02 1.4000e+02 -9.8581e-01
-1.4000e+02 1.5000e+02 -1.4876e+00
-1.4000e+02 1.6000e+02 -3.5122e-01
-1.4000e+02 1.7000e+02 -1.7288e+00
-1.4000e+02 1.8000e+02 2.9614e-01
-1.4000e+02 1.9000e+02 -1.8644e+00
-1.4000e+02 2.0000e+02 -9.9407e-01
-1.3000e+02 -2.0000e+02 -1.3641e+00
-1.3000e+02 -1.9000e+02 -2.9668e-02
-1.3000e+02 -1.8000e+02 -2.2346e+00
-1.3000e+02 -1.7000e+02 6.3561e-01
-1.3000e+02 -1.6000e+02 1.6185e+00
-1.3000e+02 -1.5000e+02 2.0768e+00
-1.3000e+02 -1.4000e+02 2.0034e+00
-1.3000e+02 -1.3000e+02 -2.3015e+00
-1.3000e+02 -1.2000e+02 -3.0529e-01
-1.3000e+02 -1.1000e+02 -2.6048e+00
-1.3000e+02 -1.0000e+02 1.6645e+00
-1.3000e+02 -9.0000e+01 2.2064e+00
-1.3000e+02 -8.0000e+01 2.2428e-01
-1.3000e+02 -7.0000e+01 -3.1608e-01
-1.3000e+02 -6.0000e+01 -2.6764e+00
-1.3000e+02 -5.0000e+01 9.6519e-02
-1.3000e+02 -4.0000e+01 -2.2029e+00
-1.3000e+02 -3.0000e+01 -3.6660e-01
-1.3000e+02 -2.0000e+01 -3.9846e+00
-1.3000e+02 -1.0000e+01 -8.3703e-01
-1.3000e+02 0.0000e+00 -2.5665e+00
-1.3000e+02 1.0000e+01 -5.6443e-01
-1.3000e+02 2.0000e+01 -1.5854e+00
-1.3000e+02 3.0000e+01 -3.3179e+00
-1.3000e+02 4.0000e+01 4.2125e-01
-1.3000e+02 5.0000e+01 -1.5260e+00
-1.3000e+02 6.0000e+01 1.2068e+00
-1.3000e+02 7.0000e+01 -1.0460e+00
-1.3000e+02 8.0000e+01 3.4434e-01
-1.3000e+02 9.0000e+01 1.1738e+00
-1.3000e+02 1.0000e+02 -4.8367e-01
-1.3000e+02 1.1000e+02 1.1338e+00
-1.3000e+02 1.2000e+02 1.5152e+00
-1.3000e+02 1.3000e+02 -1.7103e+00
-1.3000e+02 1.4000e+02 -1.4830e+00
-1.3000e+02 1.5000e+02 2.1549e-01
-1.3000e+02 1.6000e+02 -1.2329e+00
-1.3000e+02 1.7000e+02 -7.5752e-01
-1.3000e+02 1.8000e+02 3.7030e-01
-1.3000e+02 1.9000e+02 2.4033e+00
-1.3000e+02 2.0000e+02 -5.8878e-01
-1.2000e+02 -2.0000e+02 -1.1310e-01
-1.2000e+02 -1.9000e+02 -8.9061e-01
-1.2000e+02 -1.8000e+02 -1.2745e+00
-1.2000e+02 -1.7000e+02 -1.6878e+00
-1.2000e+02 -1.6000e+02 -1.0411e+00
-1.2000e+02 -1.5000e+02 -1.3882e+00
-1.2000e+02 -1.4000e+02 1.4940e+00
-1.2000e+02 -1.3000e+02 -1.9460e+00
-1.2000e+02 -1.2000e+02 -3.3768e-01
-1.2000e+02 -1.1000e+02 1.4494e+00
-1.2000e+02 -1.0000e+02 -1.1885e+00
-1.2000e+02 -9.0000e+01 2.0762e-01
-1.2000e+02 -8.0000e+01 9.8765e-01
-1.2000e+02 -7.0000e+01 -2.3817e+00
-1.2000e+02 -6.0000e+01 -5.0968e-01
-1.2000e+02 -5.0000e+01 -1.8900e-01
-1.2000e+02 -4.0000e+01 7.5313e-01
-1.2000e+02 -3.0000e+01 -3.0887e+00
-1.2000e+02 -2.0000e+01 6.9657e-01
-1.2000e+02 -1.0000e+01 -1.7128e+00
-1.2000e+02 0.0000e+00 -4.0625e-01
-1.2000e+02 1.0000e+01 1.2242e-01
-1.2000e+02 2.0000e+01 -1.6858e+00
-1.2000e+02 3.0000e+01 -8.1491e-01
-1.2000e+02 4.0000e+01 -3.6933e+00
-1.2000e+02 5.0000e+01 -9.5088e-01
-1.2000e+02 6.0000e+01 -3.7283e-01
-1.2000e+02 7.0000e+01 -1.2894e+00
-1.2000e+02 8.0000e+01 -3.5977e-01
-1.2000e+02 9.0000e+01 -7.2434e-01
-1.2000e+02 1.0000e+02 2.0784e-01
-1.2000e+02 1.1000e+02 -1.1027e+00
-1.2000e+02 1.2000e+02 -6.0758e-01
-1.2000e+02 1.3000e+02 -5.7770e-01
-1.2000e+02 1.4000e+02 -6.2005e-01
-1.2000e+02 1.5000e+02 -2.6691e+00
-1.2000e+02 1.6000e+02 -8.3489e-01
-1.2000e+02 1.7000e+02 2.4122e+00
-1.2000e+02 1.8000e+02 -2.2470e+00
-1.2000e+02 1.9000e+02 4.8326e-01
-1.2000e+02 2.0000e+02 -1.0421e+00
-1.1000e+02 -2.0000e+02 -1.4571e-01
-1.1000e+02 -1.9000e+02 2.1205e-01
-1.1000e+02 -1.8000e+02 1.1053e+00
-1.1000e+02 -1.7000e+02 1.1217e+00
-1.1000e+02 -1.6000e+02 -2.8180e-01
-1.1000e+02 -1.5000e+02 -1.0555e+00
-1.1000e+02 -1.4000e+02 -5.8143e-01
-1.1000e+02 -1.3000e+02 4.3312e-01
-1.1000e+02 -1.2000e+02 9.9753e-02
-1.1000e+02 -1.1000e+02 1.9573e+00
-1.1000e+02 -1.0000e+02 -1.2621e+00
-1.1000e+02 -9.0000e+01 -1.7246e+00
-1.1000e+02 -8.0000e+01 -1.0343e+00
-1.1000e+02 -7.0000e+01 -5.7295e-01
-1.1000e+02 -6.0000e+01 -2.6584e+00
-1.1000e+02 -5.0000e+01 -2.3934e+00
-1.1000e+02 -4.0000e+01 -9.3354e-01
-1.1000e+02 -3.0000e+01 -9.9341e-01
-1.1000e+02 -2.0000e+01 -4.3068e+00
-1.1000e+02 -1.0000e+01 -1.9847e+00
-1.1000e+02 0.0000e+00 -1.8316e+00
-1.1000e+02 1.0000e+01 -1.7584e+00
-1.1000e+02 2.0000e+01 -3.9681e+00
-1.1000e+02 3.0000e+01 -2.1843e+00
-1.1000e+02 4.0000e+01 -3.3315e-01
-1.1000e+02 5.0000e+01 -1.6358e+00
-1.1000e+02 6.0000e+01 -9.8424e-01
-1.1000e+02 7.0000e+01 -7.7237e-01
-1.1000e+02 8.0000e+01 7.5124e-01
-1.1000e+02 9.0000e+01 -1.4966e+00
-1.1000e+02 1.0000e+02 2.3563e+00
-1.1000e+02 1.1000e+02 1.8001e+00
-1.1000e+02 1.2000e+02 -5.3077e-01
-1.1000e+02 1.3000e+02 1.4285e+00
-1.1000e+02 1.4000e+02 9.5885e-02
-1.1000e+02 1.5000e+02 -3.6903e-01
-1.1000e+02 1.6000e+02 -2.9117e-01
-1.1000e+02 1.7000e+02 5.2822e-01
-1.1000e+02 1.8000e+02 -3.6919e+00
-1.1000e+02 1.9000e+02 -2.7653e+00
-1.1000e+02 2.0000e+02 -9.8117e-01
-1.0000e+02 -2.0000e+02 1.1529e+00
-1.0000e+02 -1.9000e+02 -2.4697e+00
-1.0000e+02 -1.8000e+02 -1.3940e+00
-1.0000e+02 -1.7000e+02 -3.9965e+00
-1.0000e+02 -1.6000e+02 -7.2931e-02
-1.0000e+02 -1.5000e+02 2.3507e+00
-1.0000e+02 -1.4000e+02 6.1182e-01
-1.0000e+02 -1.3000e+02 4.3109e-01
-1.0000e+02 -1.2000e+02 -2.9210e+00
-1.0000e+02 -1.1000e+02 8.8259e-02
-1.0000e+02 -1.0000e+02 3.7068e+00
-1.0000e+02 -9.0000e+01 -8.6151e-01
-1.0000e+02 -8.0000e+01 -1.3115e+00
-1.0000e+02 -7.0000e+01 6.6823e-01
-1.0000e+02 -6.0000e+01 -2.6299e+00
-1.0000e+02 -5.0000e+01 -3.5353e+00
-1.0000e+02 -4.0000e+01 -1.9466e+00
-1.0000e+02 -3.0000e+01 -3.2909e+00
-1.0000e+02 -2.0000e+01 -4.2639e+00
-1.0000e+02 -1.0000e+01 -2.6617e+00
-1.0000e+02 0.0000e+00 -3.5236e+00
-1.0000e+02 1.0000e+01 -1.9339e+00
-1.0000e+02 2.0000e+01 -4.7877e+00
-1.0000e+02 3.0000e+01 -1.6207e+00
-1.0000e+02 4.0000e+01 -3.3856e+00
-1.0000e+02 5.0000e+01 -2.6069e+00
-1.0000e+02 6.0000e+01 -7.9761e-01
-1.0000e+02 7.0000e+01 -3.4587e-01
-1.0000e+02 8.0000e+01 1.0317e+00
-1.0000e+02 9.0000e+01 -3.9460e-01
-1.0000e+02 1.0000e+02 -1.5285e+00
-1.0000e+02 1.1000e+02 -1.1389e-01
-1.0000e+02 1.2000e+02 9.1849e-01
-1.0000e+02 1.3000e+02 -4.6642e-02
-1.0000e+02 1.4000e+02 -1.1018e+00
-1.0000e+02 1.5000e+02 1.8982e+00
-1.0000e+02 1.6000e+02 -1.3878e+00
-1.0000e+02 1.7000e+02 -1.7715e+00
-1.0000e+02 1.8000e+02 1.6997e-02
-1.0000e+02 1.9000e+02 2.2957e+00
-1.0000e+02 2.0000e+02 -2.0589e+00
-9.0000e+01 -2.0000e+02 1.3013e+00
-9.0000e+01 -1.9000e+02 9.2239e-02
-9.0000e+01 -1.8000e+02 1.3363e+00
-9.0000e+01 -1.7000e+02 -1.1415e+00
-9.0000e+01 -1.6000e+02 -4.1128e+00
-9.0000e+01 -1.5000e+02 2.8184e+00
-9.0000e+01 -1.4000e+02 1.1828e+00
-9.0000e+01 -1.3000e+02 -1.4980e-01
-9.0000e+01 -1.2000e+02 1.6979e+00
-9.0000e+01 -1.1000e+02 -3.7237e+00
-9.0000e+01 -1.0000e+02 -2.9636e+00
-9.0000e+01 -9.0000e+01 -3.6147e+00
-9.0000e+01 -8.0000e+01 -1.6568e+00
-9.0000e+01 -7.0000e+01 5.6159e-02
-9.0000e+01 -6.0000e+01 -5.0201e+00
-9.0000e+01 -5.0000e+01 -3.2427e+00
-9.0000e+01 -4.0000e+01 -2.4691e+00
-9.0000e+01 -3.0000e+01 -3.7865e+00
-9.0000e+01 -2.0000e+01 -2.1778e+00
-9.0000e+01 -1.0000e+01 -3.1938e+00
-9.0000e+01 0.0000e+00 -1.8456e+00
-9.0000e+01 1.0000e+01 -3.3681e+00
-9.0000e+01 2.0000e+01 -3.7690e+00
-9.0000e+01 3.0000e+01 -4.3761e+00
-9.0000e+01 4.0000e+01 -1.6153e+00
-9.0000e+01 5.0000e+01 -2.0933e+00
-9.0000e+01 6.0000e+01 -2.9867e+00
-9.0000e+01 7.0000e+01 6.0141e-01
-9.0000e+01 8.0000e+01 -2.0352e+00
-9.0000e+01 9.0000e+01 -9.7325e-01
-9.0000e+01 1.0000e+02 -2.4865e+00
-9.0000e+01 1.1000e+02 -6.7300e-01
-9.0000e+01 1.2000e+02 8.7144e-01
-9.0000e+01 1.3000e+02 -1.9470e+00
-9.0000e+01 1.4000e+02 2.2730e+00
-9.0000e+01 1.5000e+02 -3.4791e-01
-9.0000e+01 1.6000e+02 6.4696e-01
-9.0000e+01 1.7000e+02 1.5619e+00
-9.0000e+01 1.8000e+02 8.6004e-01
-9.0000e+01 1.9000e+02 -2.1015e+00
-9.0000e+01 2.0000e+02 -3.7118e+00
-8.0000e+01 -2.0000e+02 7.2077e-01
-8.0000e+01 -1.9000e+02 -2.0992e+00
-8.0000e+01 -1.8000e+02 -2.4266e+00
-8.0000e+01 -1.7000e+02 -3.0656e-01
-8.0000e+01 -1.6000e+02 -5.9792e-01
-8.0000e+01 -1.5000e+02 9.6807e-01
-8.0000e+01 -1.4000e+02 1.7843e+00
-8.0000e+01 -1.3000e+02 -7.8527e-01
-8.0000e+01 -1.2000e+02 7.4786e-01
-8.0000e+01 -1.1000e+02 -5.6748e-01
-8.0000e+01 -1.0000e+02 -1.3827e-01
-8.0000e+01 -9.0000e+01 -2.9791e+00
-8.0000e+01 -8.0000e+01 -2.0876e+00
-8.0000e+01 -7.0000e+01 -6.2867e-01
-8.0000e+01 -6.0000e+01 -1.9016e+00
-8.0000e+01 -5.0000e+01 -4.6127e+00
-8.0000e+01 -4.0000e+01 -3.5430e+00
-8.0000e+01 -3.0000e+01 -4.8927e+00
-8.0000e+01 -2.0000e+01 -5.4307e+00
-8.0000e+01 -1.0000e+01 -4.0211e+00
-8.0000e+01 0.0000e+00 -5.0861e+00
-8.0000e+01 1.0000e+01 -4.4041e+00
-8.0000e+01 2.0000e+01 -4.6971e+00
-8.0000e+01 3.0000e+01 -4.1335e+00
-8.0000e+01 4.0000e+01 -3.0051e+00
-8.0000e+01 5.0000e+01 -4.9891e+00
-8.0000e+01 6.0000e+01 -1.5645e+00
-8.0000e+01 7.0000e+01 -3.4148e+00
-8.0000e+01 8.0000e+01 -6.5520e-01
-8.0000e+01 9.0000e+01 -1.5940e+00
-8.0000e+01 1.0000e+02 -2.2521e+00
-8.0000e+01 1.1000e+02 -3.5356e+00
-8.0000e+01 1.2000e+02 -1.8180e+00
-8.0000e+01 1.3000e+02 -1.8121e+00
-8.0000e+01 1.4000e+02 -1.7419e+00
-8.0000e+01 1.5000e+02 1.0427e+00
-8.0000e+01 1.6000e+02 -1.9165e-01
-8.0000e+01 1.7000e+02 6.9997e-01
-8.0000e+01 1.8000e+02 1.2830e+00
-8.0000e+01 1.9000e+02 1.3033e+00
-8.0000e+01 2.0000e+02 -1.2497e+00
-7.0000e+01 -2.0000e+02 1.5751e+00
-7.0000e+01 -1.9000e+02 -6.9139e-01
-7.0000e+01 -1.8000e+02 -8.8366e-01
-7.0000e+01 -1.7000e+02 2.4816e+00
-7.0000e+01 -1.6000e+02 1.8497e+00
-7.0000e+01 -1.5000e+02 7.7355e-01
-7.0000e+01 -1.4000e+02 1.8249e+00
-7.0000e+01 -1.3000e+02 6.4898e-01
-7.0000e+01 -1.2000e+02 -1.8096e+00
-7.0000e+01 -1.1000e+02 -1.5666e-02
-7.0000e+01 -1.0000e+02 -5.6358e-01
-7.0000e+01 -9.0000e+01 -2.4107e+00
-7.0000e+01 -8.0000e+01 -5.4843e+00
-7.0000e+01 -7.0000e+01 -4.3469e+00
-7.0000e+01 -6.0000e+01 -4.0936e+00
-7.0000e+01 -5.0000e+01 -6.7246e+00
-7.0000e+01 -4.0000e+01 -4.9146e+00
-7.0000e+01 -3.0000e+01 -4.9402e+00
-7.0000e+01 -2.0000e+01 -6.2953e+00
-7.0000e+01 -1.0000e+01 -7.7163e+00
-7.0000e+01 0.0000e+00 -6.7506e+00
-7.0000e+01 1.0000e+01 -6.5494e+00
-7.0000e+01 2.0000e+01 -6.9397e+00
-7.0000e+01 3.0000e+01 -5.9031e+00
-7.0000e+01 4.0000e+01 -4.0315e+00
-7.0000e+01 5.0000e+01 -4.4645e+00
-7.0000e+01 6.0000e+01 -3.8512e+00
-7.0000e+01 7.0000e+01 -5.0632e+00
-7.0000e+01 8.0000e+01 1.2323e+00
-7.0000e+01 9.0000e+01 -2.1138e+00
-7.0000e+01 1.0000e+02 -1.7457e+00
-7.0000e+01 1.1000e+02 1.7915e+00
-7.0000e+01 1.2000e+02 -1.5484e+00
-7.0000e+01 1.3000e+02 1.8907e+00
-7.0000e+01 1.4000e+02 -3.5267e-01
-7.0000e+01 1.5000e+02 1.0485e-01
-7.0000e+01 1.6000e+02 3.3173e-01
-7.0000e+01 1.7000e+02 1.5301e+00
-7.0000e+01 1.8000e+02 -1.3384e+00
-7.0000e+01 1.9000e+02 -8.5462e-01
-7.0000e+01 2.0000e+02 -1.5944e+00
-6.0000e+01 -2.0000e+02 -6.9099e-01
-6.0000e+01 -1.9000e+02 1.1165e-01
-6.0000e+01 -1.8000e+02 2.8731e+00
-6.0000e+01 -1.7000e+02 -4.8560e-01
-6.0000e+01 -1.6000e+02 -2.5338e+00
-6.0000e+01 -1.5000e+02 1.0526e+00
-6.0000e+01 -1.4000e+02 -1.7211e+00
-6.0000e+01 -1.3000e+02 -1.4028e+00
-6.0000e+01 -1.2000e+02 -2.1427e+00
-6.0000e+01 -1.1000e+02 -2.5356e+00
-6.0000e+01 -1.0000e+02 8.3049e-01
-6.0000e+01 -9.0000e+01 -2.2463e+00
-6.0000e+01 -8.0000e+01 -5.2021e-01
-6.0000e+01 -7.0000e+01 -6.6096e+00
-6.0000e+01 -6.0000e+01 -3.0647e+00
-6.0000e+01 -5.0000e+01 -8.7555e+00
-6.0000e+01 -4.0000e+01 -6.0410e+00
-6.0000e+01 -3.0000e+01 -8.8492e+00
-6.0000e+01 -2.0000e+01 -1.0487e+01
-6.0000e+01 -1.0000e+01 -6.9065e+00
-6.0000e+01 0.0000e+00 -9.8022e+00
-6.0000e+01 1.0000e+01 -6.2525e+00
-6.0000e+01 2.0000e+01 -8.3548e+00
-6.0000e+01 3.0000e+01 -6.1309e+00
-6.0000e+01 4.0000e+01 -6.7198e+00
-6.0000e+01 5.0000e+01 -3.8403e+00
-6.0000e+01 6.0000e+01 -4.8580e+00
-6.0000e+01 7.0000e+01 -6.0426e+00
-6.0000e+01 8.0000e+01 -2.6545e+00
-6.0000e+01 9.0000e+01 -3.3310e+00
-6.0000e+01 1.0000e+02 -3.5890e+00
-6.0000e+01 1.1000e+02 -2.8580e+00
-6.0000e+01 1.2000e+02 -6.9996e-01
-6.0000e+01 1.3000e+02 -1.1670e+00
-6.0000e+01 1.4000e+02 -1.1837e+00
-6.0000e+01 1.5000e+02 -3.0143e+00
-6.0000e+01 1.6000e+02 1.4313e+00
-6.0000e+01 1.7000e+02 6.8867e-01
-6.0000e+01 1.8000e+02 3.4063e+00
-6.0000e+01 1.9000e+02 -2.5123e-01
-6.0000e+01 2.0000e+02 -6.9324e-01
-5.0000e+01 -2.0000e+02 1.1233e-01
-5.0000e+01 -1.9000e+02 1.1912e+00
-5.0000e+01 -1.8000e+02 1.5144e-01
-5.0000e+01 -1.7000e+02 1.4114e+00
-5.0000e+01 -1.6000e+02 -9.1410e-01
-5.0000e+01 -1.5000e+02 -1.9982e+00
-5.0000e+01 -1.4000e+02 2.7225e+00
-5.0000e+01 -1.3000e+02 -1.2886e+00
-5.0000e+01 -1.2000e+02 -4.8525e-01
-5.0000e+01 -1.1000e+02 -2.5870e+00
-5.0000e+01 -1.0000e+02 -9.0813e-01
-5.0000e+01 -9.0000e+01 3.1798e-01
-5.0000e+01 -8.0000e+01 -4.3480e+00
-5.0000e+01 -7.0000e+01 -3.6566e+00
-5.0000e+01 -6.0000e+01 -6.3705e+00
-5.0000e+01 -5.0000e+01 -8.3996e+00
-5.0000e+01 -4.0000e+01 -9.0505e+00
-5.0000e+01 -3.0000e+01 -9.1623e+00
-5.0000e+01 -2.0000e+01 -7.7450e+00
-5.0000e+01 -1.0000e+01 -6.2378e+00
-5.0000e+01 0.0000e+00 -1.0900e+01
-5.0000e+01 1.0000e+01 -1.1464e+01
-5.0000e+01 2.0000e+01 -8.6506e+00
-5.0000e+01 3.0000e+01 -8.1356e+00
-5.0000e+01 4.0000e+01 -1.0312e+01
-5.0000e+01 5.0000e+01 -4.7356e+00
-5.0000e+01 6.0000e+01 -6.3396e+00
-5.0000e+01 7.0000e+01 -3.7876e+00
-5.0000e+01 8.0000e+01 -2.9225e+00
-5.0000e+01 9.0000e+01 -3.4475e+00
-5.0000e+01 1.0000e+02 -2.6218e-01
-5.0000e+01 1.1000e+02 -1.2910e+00
-5.0000e+01 1.2000e+02 -2.6052e+00
-5.0000e+01 1.3000e+02 -6.8456e-01
-5.0000e+01 1.4000e+02 -2.1894e+00
-5.0000e+01 1.5000e+02 -3.8545e-03
-5.0000e+01 1.6000e+02 1.0729e+00
-5.0000e+01 1.7000e+02 -7.0640e-01
-5.0000e+01 1.8000e+02 -4.6969e-01
-5.0000e+01 1.9000e+02 -9.5598e-01
-5.0000e+01 2.0000e+02 -4.7245e-01
-4.0000e+01 -2.0000e+02 1.5241e+00
-4.0000e+01 -1.9000e+02 7.3586e-01
-4.0000e+01 -1.8000e+02 2.6660e+00
-4.0000e+01 -1.7000e+02 9.8490e-01
-4.0000e+01 -1.6000e+02 -2.1824e-01
-4.0000e+01 -1.5000e+02 -1.8746e+00
-4.0000e+01 -1.4000e+02 5.2320e-01
-4.0000e+01 -1.3000e+02 -1.7495e+00
-4.0000e+01 -1.2000e+02 6.1981e-01
-4.0000e+01 -1.1000e+02 -2.6493e+00
-4.0000e+01 -1.0000e+02 -4.1231e+00
-4.0000e+01 -9.0000e+01 -2.9776e+00
-4.0000e+01 -8.0000e+01 -2.5067e+00
-4.0000e+01 -7.0000e+01 -5.0613e+00
-4.0000e+01 -6.0000e+01 -5.1976e+00
-4.0000e+01 -5.0000e+01 -7.5331e+00
-4.0000e+01 -4.0000e+01 -9.6984e+00
-4.0000e+01 -3.0000e+01 -1.2456e+01
-4.0000e+01 -2.0000e+01 -9.6417e+00
-4.0000e+01 -1.0000e+01 -1.2906e+01
-4.0000e+01 0.0000e+00 -1.0228e+01
-4.0000e+01 1.0000e+01 -1.0121e+01
-4.0000e+01 2.0000e+01 -9.4709e+00
-4.0000e+01 3.0000e+01 -1.0322e+01
-4.0000e+01 4.0000e+01 -1.0273e+01
-4.0000e+01 5.0000e+01 -8.7901e+00
-4.0000e+01 6.0000e+01 -6.7115e+00
-4.0000e+01 7.0000e+01 -6.1260e+00
-4.0000e+01 8.0000e+01 -4.4900e+00
-4.0000e+01 9.0000e+01 -4.2426e+00
-4.0000e+01 1.0000e+02 -2.2804e+00
-4.0000e+01 1.1000e+02 -3.4840e+00
-4.0000e+01 1.2000e+02 -1.0525e+00
-4.0000e+01 1.3000e+02 1.2451e+00
-4.0000e+01 1.4000e+02 1.0692e+00
-4.0000e+01 1.5000e+02 -2.2010e+00
-4.0000e+01 1.6000e+02 1.7481e+00
-4.0000e+01 1.7000e+02 -2.6587e-01
-4.0000e+01 1.8000e+02 -2.2574e+00
-4.0000e+01 1.9000e+02 3.2787e+00
-4.0000e+01 2.0000e+02 2.9665e+00
-3.0000e+01 -2.0000e+02 1.3605e+00
-3.0000e+01 -1.9000e+02 -1.2272e+00
-3.0000e+01 -1.8000e+02 1.6184e-01
-3.0000e+01 -1.7000e+02 9.6375e-02
-3.0000e+01 -1.6000e+02 -1.5213e+00
-3.0000e+01 -1.5000e+02 1.6950e+00
-3.0000e+01 -1.4000e+02 -2.2518e+00
-3.0000e+01 -1.3000e+02 -6.1769e-01
-3.0000e+01 -1.2000e+02 -2.6921e+00
-3.0000e+01 -1.1000e+02 -1.5029e+00
-3.0000e+01 -1.0000e+02 -4.4898e+00
-3.0000e+01 -9.0000e+01 -1.7356e+00
-3.0000e+01 -8.0000e+01 -6.3989e+00
-3.0000e+01 -7.0000e+01 -4.9051e+00
-3.0000e+01 -6.0000e+01 -7.1514e+00
-3.0000e+01 -5.0000e+01 -8.7915e+00
-3.0000e+01 -4.0000e+01 -1.1648e+01
-3.0000e+01 -3.0000e+01 -1.1068e+01
-3.0000e+01 -2.0000e+01 -1.1050e+01
-3.0000e+01 -1.0000e+01 -1.3505e+01
-3.0000e+01 0.0000e+00 -1.2084e+01
-3.0000e+01 1.0000e+01 -1.4418e+01
-3.0000e+01 2.0000e+01 -1.2889e+01
-3.0000e+01 3.0000e+01 -1.0026e+01
-3.0000e+01 4.0000e+01 -9.0492e+00
-3.0000e+01 5.0000e+01 -9.7262e+00
-3.0000e+01 6.0000e+01 -8.7320e+00
-3.0000e+01 7.0000e+01 -5.5091e+00
-3.0000e+01 8.0000e+01 -6.3073e+00
-3.0000e+01 9.0000e+01 -3.4317e+00
-3.0000e+01 1.0000e+02 -3.0704e+00
-3.0000e+01 1.1000e+02 -2.7949e+00
-3.0000e+01 1.2000e+02 3.9205e-01
-3.0000e+01 1.3000e+02 1.0603e+00
-3.0000e+01 1.4000e+02 -2.1862e-01
-3.0000e+01 1.5000e+02 2.7973e+00
-3.0000e+01 1.6000e+02 -1.4351e+00
-3.0000e+01 1.7000e+02 5.2703e+00
-3.0000e+01 1.8000e+02 -1.6464e-01
-3.0000e+01 1.9000e+02 1.6596e+00
-3.0000e+01 2.0000e+02 -3.3809e-01
-2.0000e+01 -2.0000e+02 1.8616e+00
-2.0000e+01 -1.9000e+02 -2.0936e+00
-2.0000e+01 -1.8000e+02 9.7029e-01
-2.0000e+01 -1.7000e+02 1.4276e+00
-2.0000e+01 -1.6000e+02 1.4158e+00
-2.0000e+01 -1.5000e+02 -8.5380e-01
-2.0000e+01 -1.4000e+02 8.1865e-01
-2.0000e+01 -1.3000e+02 -1.6521e+00
-2.0000e+01 -1.2000e+02 -5.0439e+00
-2.0000e+01 -1.1000e+02 -3.3343e+00
-2.0000e+01 -1.0000e+02 -3.1195e+00
-2.0000e+01 -9.0000e+01 -3.0362e+00
-2.0000e+01 -8.0000e+01 -6.0197e+00
-2.0000e+01 -7.0000e+01 -5.6798e+00
-2.0000e+01 -6.0000e+01 -8.8206e+00
-2.0000e+01 -5.0000e+01 -9.2192e+00
-2.0000e+01 -4.0000e+01 -9.3846e+00
-2.0000e+01 -3.0000e+01 -9.5287e+00
-2.0000e+01 -2.0000e+01 -9.4516e+00
-2.0000e+01 -1.0000e+01 -1.2947e+01
-2.0000e+01 0.0000e+00 -1.2805e+01
-2.0000e+01 1.0000e+01 -1.2778e+01
-2.0000e+01 2.0000e+01 -1.3950e+01
-2.0000e+01 3.0000e+01 -1.2936e+01
-2.0000e+01 4.0000e+01 -1.1521e+01
-2.0000e+01 5.0000e+01 -1.0241e+01
-2.0000e+01 6.0000e+01 -8.2781e+00
-2.0000e+01 7.0000e+01 -6.9871e+00
-2.0000e+01 8.0000e+01 -8.8261e+00
-2.0000e+01 9.0000e+01 -4.2473e+00
-2.0000e+01 1.0000e+02 -2.3895e+00
-2.0000e+01 1.1000e+02 -5.5635e-01
-2.0000e+01 1.2000e+02 7.2850e-01
-2.0000e+01 1.3000e+02 -1.4027e+00
-2.0000e+01 1.4000e+02 -2.7504e+00
-2.0000e+01 1.5000e+02 -9.1761e-01
-2.0000e+01 1.6000e+02 -1.1439e-01
-2.0000e+01 1.7000e+02 4.6804e-01
-2.0000e+01 1.8000e+02 1.4087e+00
-2.0000e+01 1.9000e+02 5.3476e-01
-2.0000e+01 2.0000e+02 -5.7091e-01
-1.0000e+01 -2.0000e+02 -3.3600e-01
-1.0000e+01 -1.9000e+02 6.0598e-01
-1.0000e+01 -1.8000e+02 1.5719e+00
-1.0000e+01 -1.7000e+02 -5.8513e-01
-1.0000e+01 -1.6000e+02 -1.7095e+00
-1.0000e+01 -1.5000e+02 -1.8443e+00
-1.0000e+01 -1.4000e+02 -1.0900e+00
-1.0000e+01 -1.3000e+02 -1.2323e+00
-1.0000e+01 -1.2000e+02 -3.5487e+00
-1.0000e+01 -1.1000e+02 -1.1705e+00
-1.0000e+01 -1.0000e+02 -2.5426e+00
-1.0000e+01 -9.0000e+01 -2.8516e+00
-1.0000e+01 -8.0000e+01 -6.9234e+00
-1.0000e+01 -7.0000e+01 -7.7958e+00
-1.0000e+01 -6.0000e+01 -9.4643e+00
-1.0000e+01 -5.0000e+01 -9.9923e+00
-1.0000e+01 -4.0000e+01 -1.3083e+01
-1.0000e+01 -3.0000e+01 -1.2552e+01
-1.0000e+01 -2.0000e+01 -1.6440e+01
-1.0000e+01 -1.0000e+01 -1.3994e+01
-1.0000e+01 0.0000e+00 -1.4412e+01
-1.0000e+01 1.0000e+01 -1.3295e+01
-1.0000e+01 2.0000e+01 -1.3615e+01
-1.0000e+01 3.0000e+01 -1.5930e+01
-1.0000e+01 4.0000e+01 -1.2860e+01
-1.0000e+01 5.0000e+01 -1.0447e+01
-1.0000e+01 6.0000e+01 -7.3032e+00
-1.0000e+01 7.0000e+01 -7.3467e+00
-1.0000e+01 8.0000e+01 -3.2001e+00
-1.0000e+01 9.0000e+01 -6.7479e+00
-1.0000e+01 1.0000e+02 -3.6595e+00
-1.0000e+01 1.1000e+02 -1.3037e+00
-1.0000e+01 1.2000e+02 -2.1221e+00
-1.0000e+01 1.3000e+02 -1.4211e+00
-1.0000e+01 1.4000e+02 1.2181e+00
-1.0000e+01 1.5000e+02 9.2149e-01
-1.0000e+01 1.6000e+02 -9.8092e-01
-1.0000e+01 1.7000e+02 -2.6947e-01
-1.0000e+01 1.8000e+02 -5.2937e-02
-1.0000e+01 1.9000e+02 -2.7487e+00
-1.0000e+01 2.0000e+02 -2.7965e-01
0.0000e+00 -2.0000e+02 -5.7424e-01
0.0000e+00 -1.9000e+02 1.5649e+00
0.0000e+00 -1.8000e+02 1.0134e+00
0.0000e+00 -1.7000e+02 -2.9739e+00
0.0000e+00 -1.6000e+02 1.8184e+00
0.0000e+00 -1.5000e+02 -5.0998e-01
0.0000e+00 -1.4000e+02 8.5237e-01
0.0000e+00 -1.3000e+02 -3.0099e+00
0.0000e+00 -1.2000e+02 -3.2629e+00
0.0000e+00 -1.1000e+02 -2.6107e+00
0.0000e+00 -1.0000e+02 -9.6647e-01
0.0000e+00 -9.0000e+01 -5.5139e+00
0.0000e+00 -8.0000e+01 -7.3049e+00
0.0000e+00 -7.0000e+01 -6.6227e+00
0.0000e+00 -6.0000e+01 -7.6913e+00
0.0000e+00 -5.0000e+01 -9.5521e+00
0.0000e+00 -4.0000e+01 -9.5859e+00
0.0000e+00 -3.0000e+01 -1.2951e+01
0.0000e+00 -2.0000e+01 -1.5654e+01
0.0000e+00 -1.0000e+01 -1.2913e+01
0.0000e+00 0.0000e+00 -1.4413e+01
0.0000e+00 1.0000e+01 -1.5550e+01
0.0000e+00 2.0000e+01 -1.3929e+01
0.0000e+00 3.0000e+01 -1.2482e+01
0.0000e+00 4.0000e+01 -1.0015e+01
0.0000e+00 5.0000e+01 -9.5325e+00
0.0000e+00 6.0000e+01 -9.3786e+00
0.0000e+00 7.0000e+01 -8.1138e+00
0.0000e+00 8.0000e+01 -7.0695e+00
0.0000e+00 9.0000e+01 -7.5073e+00
0.0000e+00 1.0000e+02 -5.4494e+00
0.0000e+00 1.1000e+02 -3.7466e+00
0.0000e+00 1.2000e+02 -5.9051e-01
0.0000e+00 1.3000e+02 -3.3192e+00
0.0000e+00 1.4000e+02 -1.0075e-01
0.0000e+00 1.5000e+02 1.4014e+00
0.0000e+00 1.6000e+02 1.7525e+00
0.0000e+00 1.7000e+02 -2.7014e-01
0.0000e+00 1.8000e+02 -1.6978e+00
0.0000e+00 1.9000e+02 5.6582e-01
0.0000e+00 2.0000e+02 -3.7769e-01
1.0000e+01 -2.0000e+02 8.5296e-01
1.0000e+01 -1.9000e+02 8.5562e-01
1.0000e+01 -1.8000e+02 -6.0935e-02
1.0000e+01 -1.7000e+02 -2.2506e+00
1.0000e+01 -1.6000e+02 1.6160e+00
1.0000e+01 -1.5000e+02 -6.4868e-01
1.0000e+01 -1.4000e+02 -1.1204e+00
1.0000e+01 -1.3000e+02 6.3045e-01
1.0000e+01 -1.2000e+02 -3.6771e+00
1.0000e+01 -1.1000e+02 7.3351e-01
1.0000e+01 -1.0000e+02 -1.8555e+00
1.0000e+01 -9.0000e+01 -3.3193e+00
1.0000e+01 -8.0000e+01 -6.7063e+00
1.0000e+01 -7.0000e+01 -7.9642e+00
1.0000e+01 -6.0000e+01 -8.4968e+00
1.0000e+01 -5.0000e+01 -1.0495e+01
1.0000e+01 -4.0000e+01 -1.0770e+01
1.0000e+01 -3.0000e+01 -1.2304e+01
1.0000e+01 -2.0000e+01 -1.5178e+01
1.0000e+01 -1.0000e+01 -1.3784e+01
1.0000e+01 0.0000e+00 -1.5649e+01
1.0000e+01 1.0000e+01 -1.6924e+01
1.0000e+01 2.0000e+01 -1.5710e+01
1.0000e+01 3.0000e+01 -1.1541e+01
1.0000e+01 4.0000e+01 -1.0916e+01
1.0000e+01 5.0000e+01 -1.0410e+01
1.0000e+01 6.0000e+01 -9.1502e+00
1.0000e+01 7.0000e+01 -6.8962e+00
1.0000e+01 8.0000e+01 -7.9636e+00
1.0000e+01 9.0000e+01 -4.3997e+00
1.0000e+01 1.0000e+02 -3.1548e+00
1.0000e+01 1.1000e+02 -3.8649e+00
1.0000e+01 1.2000e+02 -1.4678e+00
1.0000e+01 1.3000e+02 -4.9411e-01
1.0000e+01 1.4000e+02 -1.2853e+00
1.0000e+01 1.5000e+02 -1.2643e+00
1.0000e+01 1.6000e+02 2.1046e-01
1.0000e+01 1.7000e+02 3.8655e-01
1.0000e+01 1.8000e+02 -2.6230e+00
1.0000e+01 1.9000e+02 -1.5121e+00
1.0000e+01 2.0000e+02 9.9137e-01
2.0000e+01 -2.0000e+02 -2.5646e+00
2.0000e+01 -1.9000e+02 1.8172e+00
2.0000e+01 -1.8000e+02 3.0005e-01
2.0000e+01 -1.7000e+02 -5.3149e-03
2.0000e+01 -1.6000e+02 5.9741e-01
2.0000e+01 -1.5000e+02 8.6638e-01
2.0000e+01 -1.4000e+02 1.4937e+00
2.0000e+01 -1.3000e+02 1.6404e+00
2.0000e+01 -1.2000e+02 -3.5789e+00
2.0000e+01 -1.1000e+02 -4.8892e+00
2.0000e+01 -1.0000e+02 -3.6899e+00
2.0000e+01 -9.0000e+01 -4.6727e+00
2.0000e+01 -8.0000e+01 -6.8173e+00
2.0000e+01 -7.0000e+01 -8.1722e+00
2.0000e+01 -6.0000e+01 -1.1156e+01
2.0000e+01 -5.0000e+01 -1.1004e+01
2.0000e+01 -4.0000e+01 -8.2603e+00
2.0000e+01 -3.0000e+01 -1.4673e+01
2.0000e+01 -2.0000e+01 -1.1790e+01
2.0000e+01 -1.0000e+01 -1.3330e+01
2.0000e+01 0.0000e+00 -1.4176e+01
2.0000e+01 1.0000e+01 -1.4124e+01
2.0000e+01 2.0000e+01 -1.1326e+01
2.0000e+01 3.0000e+01 -1.6435e+01
2.0000e+01 4.0000e+01 -1.0767e+01
2.0000e+01 5.0000e+01 -8.1833e+00
2.0000e+01 6.0000e+01 -8.1193e+00
2.0000e+01 7.0000e+01 -5.2937e+00
2.0000e+01 8.0000e+01 -2.7788e+00
2.0000e+01 9.0000e+01 -3.4996e+00
2.0000e+01 1.0000e+02 -1.8411e+00
2.0000e+01 1.1000e+02 -3.0952e+00
2.0000e+01 1.2000e+02 1.1453e+00
2.0000e+01 1.3000e+02 -2.0604e+00
2.0000e+01 1.4000e+02 -1.5179e+00
2.0000e+01 1.5000e+02 -8.4221e-01
2.0000e+01 1.6000e+02 -3.6481e+00
2.0000e+01 1.7000e+02 1.3426e-01
2.0000e+01 1.8000e+02 -2.8368e-01
2.0000e+01 1.9000e+02 -1.0245e-01
2.0000e+01 2.0000e+02 -1.2270e+00
3.0000e+01 -2.0000e+02 1.2894e+00
3.0000e+01 -1.9000e+02 8.5693e-01
3.0000e+01 -1.8000e+02 2.5480e+00
3.0000e+01 -1.7000e+02 1.5076e+00
3.0000e+01 -1.6000e+02 -2.9704e+00
3.0000e+01 -1.5000e+02 1.7022e+00
3.0000e+01 -1.4000e+02 1.2381e+00
3.0000e+01 -1.3000e+02 4.6050e-01
3.0000e+01 -1.2000e+02 -1.5855e-01
3.0000e+01 -1.1000e+02 -6.6221e-01
3.0000e+01 -1.0000e+02 -2.1423e+00
3.0000e+01 -9.0000e+01 -3.6024e+00
3.0000e+01 -8.0000e+01 -2.6053e+00
3.0000e+01 -7.0000e+01 -5.4068e+00
3.0000e+01 -6.0000e+01 -6.4701e+00
3.0000e+01 -5.0000e+01 -9.0683e+00
3.0000e+01 -4.0000e+01 -9.5968e+00
3.0000e+01 -3.0000e+01 -9.3109e+00
3.0000e+01 -2.0000e+01 -1.0341e+01
3.0000e+01 -1.0000e+01 -1.2759e+01
3.0000e+01 0.0000e+00 -1.4193e+01
3.0000e+01 1.0000e+01 -1.2583e+01
3.0000e+01 2.0000e+01 -1.0883e+01
3.0000e+01 3.0000e+01 -1.1817e+01
3.0000e+01 4.0000e+01 -9.6748e+00
3.0000e+01 5.0000e+01 -7.4570e+00
3.0000e+01 6.0000e+01 -9.2858e+00
3.0000e+01 7.0000e+01 -4.7631e+00
3.0000e+01 8.0000e+01 -2.3607e+00
3.0000e+01 9.0000e+01 -1.7072e+00
3.0000e+01 1.0000e+02 -1.8331e+00
3.0000e+01 1.1000e+02 -2.9273e+00
3.0000e+01 1.2000e+02 -3.2828e-02
3.0000e+01 1.3000e+02 -2.0632e+00
3.0000e+01 1.4000e+02 5.3176e-01
3.0000e+01 1.5000e+02 1.1369e+00
3.0000e+01 1.6000e+02 5.5431e-01
3.0000e+01 1.7000e+02 -2.3732e+00
3.0000e+01 1.8000e+02 -1.7469e+00
3.0000e+01 1.9000e+02 1.1121e+00
3.0000e+01 2.0000e+02 9.7381e-01
4.0000e+01 -2.0000e+02 1.1674e+00
4.0000e+01 -1.9000e+02 2.3460e+00
4.0000e+01 -1.8000e+02 -1.7466e+00
4.0000e+01 -1.7000e+02 -8.6546e-01
4.0000e+01 -1.6000e+02 1.0755e+00
4.0000e+01 -1.5000e+02 2.4028e-01
4.0000e+01 -1.4000e+02 -1.9767e+00
4.0000e+01 -1.3000e+02 1.5997e+00
4.0000e+01 -1.2000e+02 -1.7859e+00
4.0000e+01 -1.1000e+02 -3.4498e+00
4.0000e+01 -1.0000e+02 -3.3167e+00
4.0000e+01 -9.0000e+01 -1.2746e+00
4.0000e+01 -8.0000e+01 -7.3852e+00
4.0000e+01 -7.0000e+01 -5.9056e+00
4.0000e+01 -6.0000e+01 -5.4137e+00
4.0000e+01 -5.0000e+01 -8.3806e+00
4.0000e+01 -4.0000e+01 -1.1215e+01
4.0000e+01 -3.0000e+01 -7.4723e+00
4.0000e+01 -2.0000e+01 -1.0868e+01
4.0000e+01 -1.0000e+01 -1.2453e+01
4.0000e+01 0.0000e+00 -1.1256e+01
4.0000e+01 1.0000e+01 -9.6148e+00
4.0000e+01 2.0000e+01 -1.0265e+01
4.0000e+01 3.0000e+01 -1.0377e+01
4.0000e+01 4.0000e+01 -8.7619e+00
4.0000e+01 5.0000e+01 -8.9186e+00
4.0000e+01 6.0000e+01 -5.9830e+00
4.0000e+01 7.0000e+01 -5.3569e+00
4.0000e+01 8.0000e+01 -3.7849e+00
4.0000e+01 9.0000e+01 -1.5302e+00
4.0000e+01 1.0000e+02 -3.7446e+00
4.0000e+01 1.1000e+02 -2.2480e+00
4.0000e+01 1.2000e+02 2.7275e-01
4.0000e+01 1.3000e+02 2.4773e+00
4.0000e+01 1.4000e+02 -2.2985e+00
4.0000e+01 1.5000e+02 1.1953e+00
4.0000e+01 1.6000e+02 5.6484e-01
4.0000e+01 1.7000e+02 4.8916e-03
4.0000e+01 1.8000e+02 -1.6285e+00
4.0000e+01 1.9000e+02 -1.2226e+00
4.0000e+01 2.0000e+02 -2.0460e+00
5.0000e+01 -2.0000e+02 3.0303e+00
5.0000e+01 -1.9000e+02 8.2181e-02
5.0000e+01 -1.8000e+02 3.0337e+00
5.0000e+01 -1.7000e+02 1.3781e+00
5.0000e+01 -1.6000e+02 -5.7188e-01
5.0000e+01 -1.5000e+02 -3.5535e-01
5.0000e+01 -1.4000e+02 -6.7279e-01
5.0000e+01 -1.3000e+02 -7.3666e-01
5.0000e+01 -1.2000e+02 1.3065e+00
5.0000e+01 -1.1000e+02 -3.2548e+00
5.0000e+01 -1.0000e+02 -2.7436e+00
5.0000e+01 -9.0000e+01 -3.6748e+00
5.0000e+01 -8.0000e+01 -4.7454e+00
5.0000e+01 -7.0000e+01 -7.4227e+00
5.0000e+01 -6.0000e+01 -6.1931e+00
5.0000e+01 -5.0000e+01 -6.1502e+00
5.0000e+01 -4.0000e+01 -7.3184e+00
5.0000e+01 -3.0000e+01 -8.6612e+00
5.0000e+01 -2.0000e+01 -1.0540e+01
5.0000e+01 -1.0000e+01 -8.9242e+00
5.0000e+01 0.0000e+00 -9.4984e+00
5.0000e+01 1.0000e+01 -9.7385e+00
5.0000e+01 2.0000e+01 -8.7991e+00
5.0000e+01 3.0000e+01 -9.2725e+00
5.0000e+01 4.0000e+01 -5.5682e+00
5.0000e+01 5.0000e+01 -7.1913e+00
5.0000e+01 6.0000e+01 -7.3301e+00
5.0000e+01 7.0000e+01 -7.7169e+00
5.0000e+01 8.0000e+01 -5.0569e+00
5.0000e+01 9.0000e+01 -5.2123e+00
5.0000e+01 1.0000e+02 -4.2925e+00
5.0000e+01 1.1000e+02 -3.1089e-01
5.0000e+01 1.2000e+02 -5.9802e-01
5.0000e+01 1.3000e+02 1.4842e+00
5.0000e+01 1.4000e+02 -1.9232e+00
5.0000e+01 1.5000e+02 -2.2036e+00
5.0000e+01 1.6000e+02 -3.1791e+00
5.0000e+01 1.7000e+02 -4.6926e-01
5.0000e+01 1.8000e+02 -2.1992e+00
5.0000e+01 1.9000e+02 -7.7637e-01
5.0000e+01 2.0000e+02 5.4768e-01
6.0000e+01 -2.0000e+02 -1.0029e+00
6.0000e+01 -1.9000e+02 3.4875e-01
6.0000e+01 -1.8000e+02 3.2284e-01
6.0000e+01 -1.7000e+02 -1.0401e+00
6.0000e+01 -1.6000e+02 2.1985e+00
6.0000e+01 -1.5000e+02 -1.0491e-01
6.0000e+01 -1.4000e+02 -7.7778e-01
6.0000e+01 -1.3000e+02 3.1377e-01
6.0000e+01 -1.2000e+02 6.6920e-01
6.0000e+01 -1.1000e+02 -1.5198e+00
6.0000e+01 -1.0000e+02 -3.9749e+00
6.0000e+01 -9.0000e+01 -2.7550e+00
6.0000e+01 -8.0000e+01 -6.6261e+00
6.0000e+01 -7.0000e+01 -4.5290e+00
6.0000e+01 -6.0000e+01 -2.7557e+00
6.0000e+01 -5.0000e+01 -4.5163e+00
6.0000e+01 -4.0000e+01 -5.7123e+00
6.0000e+01 -3.0000e+01 -3.3204e+00
6.0000e+01 -2.0000e+01 -7.4309e+00
6.0000e+01 -1.0000e+01 -6.4842e+00
6.0000e+01 0.0000e+00 -8.6288e+00
6.0000e+01 1.0000e+01 -1.2460e+01
6.0000e+01 2.0000e+01 -6.0152e+00
6.0000e+01 3.0000e+01 -6.7491e+00
6.0000e+01 4.0000e+01 -7.6372e+00
6.0000e+01 5.0000e+01 -5.2270e+00
6.0000e+01 6.0000e+01 -5.1194e+00
6.0000e+01 7.0000e+01 -1.0916e+00
6.0000e+01 8.0000e+01 -1.6520e+00
6.0000e+01 9.0000e+01 -1.4517e+00
6.0000e+01 1.0000e+02 -2.0501e+00
6.0000e+01 1.1000e+02 -1.2952e+00
6.0000e+01 1.2000e+02 -3.0853e+00
6.0000e+01 1.3000e+02 -4.8770e-01
6.0000e+01 1.4000e+02 2.5645e-01
6.0000e+01 1.5000e+02 5.8496e-01
6.0000e+01 1.6000e+02 1.1416e+00
6.0000e+01 1.7000e+02 -1.6126e-01
6.0000e+01 1.8000e+02 1.3740e+00
6.0000e+01 1.9000e+02 1.6099e+00
6.0000e+01 2.0000e+02 4.0531e-01
7.0000e+01 -2.0000e+02 -2.0900e+00
7.0000e+01 -1.9000e+02 -8.0601e-01
7.0000e+01 -1.8000e+02 6.8158e-01
7.0000e+01 -1.7000e+02 -9.6395e-01
7.0000e+01 -1.6000e+02 -2.3827e-01
7.0000e+01 -1.5000e+02 -1.4144e+00
7.0000e+01 -1.4000e+02 -1.0603e+00
7.0000e+01 -1.3000e+02 2.6724e+00
7.0000e+01 -1.2000e+02 -2.4254e+00
7.0000e+01 -1.1000e+02 7.8810e-01
7.0000e+01 -1.0000e+02 -1.7241e+00
7.0000e+01 -9.0000e+01 -8.2303e-01
7.0000e+01 -8.0000e+01 2.2353e-01
7.0000e+01 -7.0000e+01 -4.6296e+00
7.0000e+01 -6.0000e+01 -5.9968e+00
7.0000e+01 -5.0000e+01 -5.8705e+00
7.0000e+01 -4.0000e+01 -6.1453e+00
7.0000e+01 -3.0000e+01 -4.9155e+00
7.0000e+01 -2.0000e+01 -6.0358e+00
7.0000e+01 -1.0000e+01 -6.6126e+00
7.0000e+01 0.0000e+00 -6.0537e+00
7.0000e+01 1.0000e+01 -1.0098e+01
7.0000e+01 2.0000e+01 -3.4298e+00
7.0000e+01 3.0000e+01 -3.7513e+00
7.0000e+01 4.0000e+01 -5.0159e+00
7.0000e+01 5.0000e+01 -3.4529e+00
7.0000e+01 6.0000e+01 -2.7612e+00
7.0000e+01 7.0000e+01 -5.5337e+00
7.0000e+01 8.0000e+01 -3.6600e+00
7.0000e+01 9.0000e+01 -6.7443e-01
7.0000e+01 1.0000e+02 1.0233e-01
7.0000e+01 1.1000e+02 -3.2085e+00
7.0000e+01 1.2000e+02 -4.5942e-01
7.0000e+01 1.3000e+02 -2.4434e+00
7.0000e+01 1.4000e+02 -1.1578e+00
7.0000e+01 1.5000e+02 1.5232e+00
7.0000e+01 1.6000e+02 -8.7018e-01
7.0000e+01 1.7000e+02 -2.4336e+00
7.0000e+01 1.8000e+02 -4.0375e-01
7.0000e+01 1.9000e+02 2.3214e+00
7.0000e+01 2.0000e+02 -1.1447e+00
8.0000e+01 -2.0000e+02 -1.9603e+00
8.0000e+01 -1.9000e+02 -1.6654e+00
8.0000e+01 -1.8000e+02 -1.0453e+00
8.0000e+01 -1.7000e+02 -1.1665e+00
8.0000e+01 -1.6000e+02 1.5157e+00
8.0000e+01 -1.5000e+02 -2.3604e+00
8.0000e+01 -1.4000e+02 2.4671e+00
8.0000e+01 -1.3000e+02 -1.5708e+00
8.0000e+01 -1.2000e+02 7.4807e-02
8.0000e+01 -1.1000e+02 3.5983e-03
8.0000e+01 -1.0000e+02 8.8466e-02
8.0000e+01 -9.0000e+01 -7.6871e-01
8.0000e+01 -8.0000e+01 -1.8757e+00
8.0000e+01 -7.0000e+01 -1.0999e+00
8.0000e+01 -6.0000e+01 -4.2077e+00
8.0000e+01 -5.0000e+01 -2.2391e+00
8.0000e+01 -4.0000e+01 -7.3368e+00
8.0000e+01 -3.0000e+01 -4.6079e+00
8.0000e+01 -2.0000e+01 -6.1201e+00
8.0000e+01 -1.0000e+01 -5.6890e+00
8.0000e+01 0.0000e+00 -3.6830e+00
8.0000e+01 1.0000e+01 -5.4022e+00
8.0000e+01 2.0000e+01 -5.7393e+00
8.0000e+01 3.0000e+01 -6.9258e+00
8.0000e+01 4.0000e+01 -6.6158e+00
8.0000e+01 5.0000e+01 -2.4712e+00
8.0000e+01 6.0000e+01 -2.6071e+00
8.0000e+01 7.0000e+01 -4.0584e+00
8.0000e+01 8.0000e+01 -1.6869e+00
8.0000e+01 9.0000e+01 -6.2645e-01
8.0000e+01 1.0000e+02 -3.1418e+00
8.0000e+01 1.1000e+02 -9.3959e-01
8.0000e+01 1.2000e+02 -1.7934e+00
8.0000e+01 1.3000e+02 1.7091e+00
8.0000e+01 1.4000e+02 -1.7664e+00
8.0000e+01 1.5000e+02 -5.0172e-01
8.0000e+01 1.6000e+02 2.5442e+00
8.0000e+01 1.7000e+02 1.2370e+00
8.0000e+01 1.8000e+02 -1.1259e+00
8.0000e+01 1.9000e+02 1.4863e+00
8.0000e+01 2.0000e+02 -2.4705e+00
9.0000e+01 -2.0000e+02 -1.3389e+00
9.0000e+01 -1.9000e+02 2.1675e+00
9.0000e+01 -1.8000e+02 -1.9584e+00
9.0000e+01 -1.7000e+02 -2.1232e+00
9.0000e+01 -1.6000e+02 -3.8214e-01
9.0000e+01 -1.5000e+02 -2.8114e+00
9.0000e+01 -1.4000e+02 -3.0694e-02
9.0000e+01 -1.3000e+02 -1.0602e+00
9.0000e+01 -1.2000e+02 -1.0722e+00
9.0000e+01 -1.1000e+02 -1.6282e+00
9.0000e+01 -1.0000e+02 -3.0266e+00
9.0000e+01 -9.0000e+01 -1.9733e+00
9.0000e+01 -8.0000e+01 -2.3680e+00
9.0000e+01 -7.0000e+01 -2.5207e+00
9.0000e+01 -6.0000e+01 -4.2220e+00
9.0000e+01 -5.0000e+01 -4.5379e+00
9.0000e+01 -4.0000e+01 -2.9026e+00
9.0000e+01 -3.0000e+01 -2.2718e+00
9.0000e+01 -2.0000e+01 -5.5446e+00
9.0000e+01 -1.0000e+01 -5.6854e+00
9.0000e+01 0.0000e+00 -3.5368e+00
9.0000e+01 1.0000e+01 -5.7942e+00
9.0000e+01 2.0000e+01 -3.1822e+00
9.0000e+01 3.0000e+01 -4.4731e+00
9.0000e+01 4.0000e+01 -5.1130e+00
9.0000e+01 5.0000e+01 -3.3381e+00
9.0000e+01 6.0000e+01 -3.7458e+00
9.0000e+01 7.0000e+01 -9.7094e-01
9.0000e+01 8.0000e+01 -4.1789e+00
9.0000e+01 9.0000e+01 -2.1937e+00
9.0000e+01 1.0000e+02 -1.2003e+00
9.0000e+01 1.1000e+02 -1.4866e+00
9.0000e+01 1.2000e+02 -1.7478e-01
9.0000e+01 1.3000e+02 -1.8698e+00
9.0000e+01 1.4000e+02 1.8350e+00
9.0000e+01 1.5000e+02 -3.5416e+00
9.0000e+01 1.6000e+02 -3.1257e-01
9.0000e+01 1.7000e+02 -2.1120e+00
9.0000e+01 1.8000e+02 -1.0642e-01
9.0000e+01 1.9000e+02 -1.0564e+00
9.0000e+01 2.0000e+02 6.1167e-01
1.0000e+02 -2.0000e+02 -2.8613e-01
1.0000e+02 -1.9000e+02 7.4550e-01
1.0000e+02 -1.8000e+02 4.4904e-01
1.0000e+02 -1.7000e+02 -5.1435e-01
1.0000e+02 -1.6000e+02 6.3562e-01
1.0000e+02 -1.5000e+02 4.3923e+00
1.0000e+02 -1.4000e+02 1.7933e+00
1.0000e+02 -1.3000e+02 8.2581e-01
1.0000e+02 -1.2000e+02 2.0499e+00
1.0000e+02 -1.1000e+02 1.6683e+00
1.0000e+02 -1.0000e+02 6.2282e-01
1.0000e+02 -9.0000e+01 -8.5826e-01
1.0000e+02 -8.0000e+01 1.6030e-01
1.0000e+02 -7.0000e+01 -1.9084e+00
1.0000e+02 -6.0000e+01 -1.1091e+00
1.0000e+02 -5.0000e+01 -9.0143e-02
1.0000e+02 -4.0000e+01 -3.1125e+00
1.0000e+02 -3.0000e+01 -1.5932e+00
1.0000e+02 -2.0000e+01 -4.9261e+00
1.0000e+02 -1.0000e+01 -2.8311e+00
1.0000e+02 0.0000e+00 -1.8397e+00
1.0000e+02 1.0000e+01 -2.2430e+00
1.0000e+02 2.0000e+01 -6.2064e+00
1.0000e+02 3.0000e+01 -3.9373e+00
1.0000e+02 4.0000e+01 -2.7190e+00
1.0000e+02 5.0000e+01 -1.2101e+00
1.0000e+02 6.0000e+01 -2.5938e+00
1.0000e+02 7.0000e+01 -1.6053e+00
1.0000e+02 8.0000e+01 -7.0870e-01
1.0000e+02 9.0000e+01 -1.1442e+00
1.0000e+02 1.0000e+02 -2.7412e+00
1.0000e+02 1.1000e+02 -1.7762e+00
1.0000e+02 1.2000e+02 1.2823e+00
1.0000e+02 1.3000e+02 3.8872e-01
1.0000e+02 1.4000e+02 -3.1197e+00
1.0000e+02 1.5000e+02 -7.6326e-01
1.0000e+02 1.6000e+02 1.1079e+00
1.0000e+02 1.7000e+02 4.4782e-01
1.0000e+02 1.8000e+02 -1.7001e+00
1.0000e+02 1.9000e+02 7.5383e-01
1.0000e+02 2.0000e+02 -1.2670e+00
1.1000e+02 -2.0000e+02 -2.2543e+00
1.1000e+02 -1.9000e+02 -2.1339e-01
1.1000e+02 -1.8000e+02 7.4219e-01
1.1000e+02 -1.7000e+02 -6.7873e-01
1.1000e+02 -1.6000e+02 1.5653e-01
1.1000e+02 -1.5000e+02 2.4621e+00
1.1000e+02 -1.4000e+02 1.1753e+00
1.1000e+02 -1.3000e+02 3.0311e-01
1.1000e+02 -1.2000e+02 -9.3677e-01
1.1000e+02 -1.1000e+02 -8.7343e-01
1.1000e+02 -1.0000e+02 1.4650e+00
1.1000e+02 -9.0000e+01 -1.3316e+00
1.1000e+02 -8.0000e+01 -2.9882e+00
1.1000e+02 -7.0000e+01 -9.0855e-01
1.1000e+02 -6.0000e+01 -1.2674e+00
1.1000e+02 -5.0000e+01 3.2269e-01
1.1000e+02 -4.0000e+01 -7.2277e-01
1.1000e+02 -3.0000e+01 -1.8214e+00
1.1000e+02 -2.0000e+01 1.0724e+00
1.1000e+02 -1.0000e+01 -4.6198e+00
1.1000e+02 0.0000e+00 -3.8490e+00
1.1000e+02 1.0000e+01 -2.6381e+00
1.1000e+02 2.0000e+01 -9.9876e-01
1.1000e+02 3.0000e+01 -2.1036e+00
1.1000e+02 4.0000e+01 -2.8597e+00
1.1000e+02 5.0000e+01 -1.4352e+00
1.1000e+02 6.0000e+01 -1.2882e+00
1.1000e+02 7.0000e+01 1.0639e-01
1.1000e+02 8.0000e+01 -6.2689e-01
1.1000e+02 9.0000e+01 1.4236e+00
1.1000e+02 1.0000e+02 -2.0239e+00
1.1000e+02 1.1000e+02 5.0292e-01
1.1000e+02 1.2000e+02 1.6093e+00
1.1000e+02 1.3000e+02 6.5198e-01
1.1000e+02 1.4000e+02 -9.6092e-01
1.1000e+02 1.5000e+02 -3.2065e+00
1.1000e+02 1.6000e+02 2.3970e+00
1.1000e+02 1.7000e+02 -2.8489e-01
1.1000e+02 1.8000e+02 -1.5641e+00
1.1000e+02 1.9000e+02 8.6248e-01
1.1000e+02 2.0000e+02 -1.8985e+00
1.2000e+02 -2.0000e+02 -2.5884e+00
1.2000e+02 -1.9000e+02 1.0430e+00
1.2000e+02 -1.8000e+02 -7.9690e-01
1.2000e+02 -1.7000e+02 1.3462e+00
1.2000e+02 -1.6000e+02 2.4237e+00
1.2000e+02 -1.5000e+02 1.7106e-01
1.2000e+02 -1.4000e+02 -1.1632e+00
1.2000e+02 -1.3000e+02 3.7608e-01
1.2000e+02 -1.2000e+02 -4.0459e-01
1.2000e+02 -1.1000e+02 -1.6683e+00
1.2000e+02 -1.0000e+02 -3.8684e-01
1.2000e+02 -9.0000e+01 1.1111e+00
1.2000e+02 -8.0000e+01 6.9780e-01
1.2000e+02 -7.0000e+01 1.5950e-01
1.2000e+02 -6.0000e+01 -7.7434e-01
1.2000e+02 -5.0000e+01 -8.8502e-01
1.2000e+02 -4.0000e+01 -7.6716e-01
1.2000e+02 -3.0000e+01 -1.5108e+00
1.2000e+02 -2.0000e+01 -1.5342e+00
1.2000e+02 -1.0000e+01 -4.1572e-01
1.2000e+02 0.0000e+00 -2.5343e+00
1.2000e+02 1.0000e+01 -1.3745e+00
1.2000e+02 2.0000e+01 -6.1109e-01
1.2000e+02 3.0000e+01 -1.2616e+00
1.2000e+02 4.0000e+01 -4.1615e+00
1.2000e+02 5.0000e+01 2.3639e-01
1.2000e+02 6.0000e+01 3.3237e-01
1.2000e+02 7.0000e+01 -1.4074e-01
1.2000e+02 8.0000e+01 -2.1628e+00
1.2000e+02 9.0000e+01 -2.3458e-01
1.2000e+02 1.0000e+02 1.9615e+00
1.2000e+02 1.1000e+02 -7.8519e-01
1.2000e+02 1.2000e+02 -1.7816e+00
1.2000e+02 1.3000e+02 -3.6142e-01
1.2000e+02 1.4000e+02 1.6384e+00
1.2000e+02 1.5000e+02 8.5477e-02
1.2000e+02 1.6000e+02 -1.5577e+00
1.2000e+02 1.7000e+02 -4.1551e-01
1.2000e+02 1.8000e+02 -9.5620e-01
1.2000e+02 1.9000e+02 2.1460e+00
1.2000e+02 2.0000e+02 -8.4274e-03
1.3000e+02 -2.0000e+02 5.2292e-01
1.3000e+02 -1.9000e+02 -2.2345e-01
1.3000e+02 -1.8000e+02 -3.3667e-03
1.3000e+02 -1.7000e+02 1.4971e+00
1.3000e+02 -1.6000e+02 -6.6842e-01
1.3000e+02 -1.5000e+02 -1.3320e+00
1.3000e+02 -1.4000e+02 -2.8580e+00
1.3000e+02 -1.3000e+02 -1.3505e+00
1.3000e+02 -1.2000e+02 8.1570e-01
1.3000e+02 -1.1000e+02 -1.4821e-01
1.3000e+02 -1.0000e+02 1.2352e+00
1.3000e+02 -9.0000e+01 -9.3162e-01
1.3000e+02 -8.0000e+01 -2.0867e+00
1.3000e+02 -7.0000e+01 -7.3328e-02
1.3000e+02 -6.0000e+01 -1.6861e+00
1.3000e+02 -5.0000e+01 -2.9281e+00
1.3000e+02 -4.0000e+01 -3.9973e+00
1.3000e+02 -3.0000e+01 -1.1787e+00
1.3000e+02 -2.0000e+01 -9.7215e-02
1.3000e+02 -1.0000e+01 1.3348e+00
1.3000e+02 0.0000e+00 -2.7754e+00
1.3000e+02 1.0000e+01 2.4586e-01
1.3000e+02 2.0000e+01 -2.9762e+00
1.3000e+02 3.0000e+01 -3.9989e+00
1.3000e+02 4.0000e+01 -2.0007e+00
1.3000e+02 5.0000e+01 4.9786e-01
1.3000e+02 6.0000e+01 1.9911e-01
1.3000e+02 7.0000e+01 1.3773e+00
1.3000e+02 8.0000e+01 -1.8130e-01
1.3000e+02 9.0000e+01 -3.0415e+00
1.3000e+02 1.0000e+02 2.3746e-01
1.3000e+02 1.1000e+02 8.4486e-01
1.3000e+02 1.2000e+02 1.7877e+00
1.3000e+02 1.3000e+02 -1.3190e+00
1.3000e+02 1.4000e+02 3.1257e-01
1.3000e+02 1.5000e+02 -2.6999e-01
1.3000e+02 1.6000e+02 -1.1348e+00
1.3000e+02 1.7000e+02 -1.2430e-01
1.3000e+02 1.8000e+02 -1.3501e+00
1.3000e+02 1.9000e+02 -1.0308e+00
1.3000e+02 2.0000e+02 -4.0620e-01
1.4000e+02 -2.0000e+02 -6.8944e-01
1.4000e+02 -1.9000e+02 1.3338e+00
1.4000e+02 -1.8000e+02 -1.9103e-02
1.4000e+02 -1.7000e+02 1.8643e+00
1.4000e+02 -1.6000e+02 -7.9464e-01
1.4000e+02 -1.5000e+02 8.3551e-01
1.4000e+02 -1.4000e+02 2.4222e-02
1.4000e+02 -1.3000e+02 -1.2163e-01
1.4000e+02 -1.2000e+02 -6.7040e-01
1.4000e+02 -1.1000e+02 -2.5328e+00
1.4000e+02 -1.0000e+02 2.4829e+00
1.4000e+02 -9.0000e+01 2.5317e+00
1.4000e+02 -8.0000e+01 -1.9943e+00
1.4000e+02 -7.0000e+01 -1.6882e+00
1.4000e+02 -6.0000e+01 3.9023e-01
1.4000e+02 -5.0000e+01 -2.5322e-01
1.4000e+02 -4.0000e+01 -3.5028e-01
1.4000e+02 -3.0000e+01 1.4851e+00
1.4000e+02 -2.0000e+01 1.1348e+00
1.4000e+02 -1.0000e+01 2.4572e+00
1.4000e+02 0.0000e+00 -8.0173e-01
1.4000e+02 1.0000e+01 2.6710e+00
1.4000e+02 2.0000e+01 3.0071e-01
1.4000e+02 3.0000e+01 -3.5199e+00
1.4000e+02 4.0000e+01 7.6616e-01
1.4000e+02 5.0000e+01 -1.4156e-01
1.4000e+02 6.0000e+01 3.3857e-01
1.4000e+02 7.0000e+01 -5.0092e-01
1.4000e+02 8.0000e+01 9.7996e-02
1.4000e+02 9.0000e+01 2.1574e-01
1.4000e+02 1.0000e+02 -2.1314e-01
1.4000e+02 1.1000e+02 1.4819e-01
1.4000e+02 1.2000e+02 3.0642e-01
1.4000e+02 1.3000e+02 -3.7558e+00
1.4000e+02 1.4000e+02 -2.8009e-01
1.4000e+02 1.5000e+02 -3.2810e-02
1.4000e+02 1.6000e+02 -3.1210e+00
1.4000e+02 1.7000e+02 1.5450e+00
1.4000e+02 1.8000e+02 -2.8248e+00
1.4000e+02 1.9000e+02 -2.3224e+00
1.4000e+02 2.0000e+02 -1.9066e+00
1.5000e+02 -2.0000e+02 -1.8406e+00
1.5000e+02 -1.9000e+02 -1.7524e+00
1.5000e+02 -1.8000e+02 1.5527e+00
1.5000e+02 -1.7000e+02 -1.2309e+00
1.5000e+02 -1.6000e+02 5.6106e-01
1.5000e+02 -1.5000e+02 6.2112e-02
1.5000e+02 -1.4000e+02 7.4262e-01
1.5000e+02 -1.3000e+02 1.2345e+00
1.5000e+02 -1.2000e+02 -4.7618e-01
1.5000e+02 -1.1000e+02 1.3439e+00
1.5000e+02 -1.0000e+02 -8.3612e-01
1.5000e+02 -9.0000e+01 1.5338e+00
1.5000e+02 -8.0000e+01 -2.1510e+00
1.5000e+02 -7.0000e+01 -1.5658e+00
1.5000e+02 -6.0000e+01 -1.7083e+00
1.5000e+02 -5.0000e+01 -6.6523e-01
1.5000e+02 -4.0000e+01 1.5483e+00
1.5000e+02 -3.0000e+01 -3.7171e-01
1.5000e+02 -2.0000e+01 3.3716e+00
1.5000e+02 -1.0000e+01 -2.7564e-01
1.5000e+02 0.0000e+00 9.5522e-01
1.5000e+02 1.0000e+01 5.0858e-01
1.5000e+02 2.0000e+01 1.5437e+00
1.5000e+02 3.0000e+01 2.5754e+00
1.5000e+02 4.0000e+01 1.4450e+00
1.5000e+02 5.0000e+01 -2.8593e+00
1.5000e+02 6.0000e+01 1.8593e-01
1.5000e+02 7.0000e+01 -2.1091e+00
1.5000e+02 8.0000e+01 1.5512e+00
1.5000e+02 9.0000e+01 -2.5987e+00
1.5000e+02 1.0000e+02 1.2903e+00
1.5000e+02 1.1000e+02 -5.8412e-01
1.5000e+02 1.2000e+02 1.9533e+00
1.5000e+02 1.3000e+02 4.4224e-01
1.5000e+02 1.4000e+02 2.0929e+00
1.5000e+02 1.5000e+02 1.0687e+00
1.5000e+02 1.6000e+02 -5.0127e-01
1.5000e+02 1.7000e+02 1.3483e-01
1.5000e+02 1.8000e+02 2.7521e+00
1.5000e+02 1.9000e+02 5.8111e-01
1.5000e+02 2.0000e+02 -5.5219e-01
1.6000e+02 -2.0000e+02 -1.1709e+00
1.6000e+02 -1.9000e+02 -4.9109e-01
1.6000e+02 -1.8000e+02 5.7135e-01
1.6000e+02 -1.7000e+02 1.2386e+00
1.6000e+02 -1.6000e+02 2.8197e+00
1.6000e+02 -1.5000e+02 3.6543e-01
1.6000e+02 -1.4000e+02 7.5745e-01
1.6000e+02 -1.3000e+02 -1.1058e+00
1.6000e+02 -1.2000e+02 -2.2511e+00
1.6000e+02 -1.1000e+02 2.0570e-01
1.6000e+02 -1.0000e+02 1.7296e+00
1.6000e+02 -9.0000e+01 -1.6314e+00
1.6000e+02 -8.0000e+01 -3.0270e+00
1.6000e+02 -7.0000e+01 -2.3557e-02
1.6000e+02 -6.0000e+01 4.3792e+00
1.6000e+02 -5.0000e+01 -3.5121e-01
1.6000e+02 -4.0000e+01 -1.5997e+00
1.6000e+02 -3.0000e+01 4.3104e-01
1.6000e+02 -2.0000e+01 -1.4301e+00
1.6000e+02 -1.0000e+01 -7.5359e-01
1.6000e+02 0.0000e+00 -4.5428e-01
1.6000e+02 1.0000e+01 -2.4478e+00
1.6000e+02 2.0000e+01 -1.6872e+00
1.6000e+02 3.0000e+01 -1.1081e+00
1.6000e+02 4.0000e+01 -3.2793e-01
1.6000e+02 5.0000e+01 1.4088e+00
1.6000e+02 6.0000e+01 9.0490e-01
1.6000e+02 7.0000e+01 -3.9354e-02
1.6000e+02 8.0000e+01 -1.3985e+00
1.6000e+02 9.0000e+01 -6.8593e-01
1.6000e+02 1.0000e+02 -1.4035e-01
1.6000e+02 1.1000e+02 -2.8507e-01
1.6000e+02 1.2000e+02 2.8545e+00
1.6000e+02 1.3000e+02 -9.9105e-01
1.6000e+02 1.4000e+02 1.0315e+00
1.6000e+02 1.5000e+02 -6.7748e-01
1.6000e+02 1.6000e+02 9.2875e-01
1.6000e+02 1.7000e+02 -1.4516e+00
1.6000e+02 1.8000e+02 1.4356e+00
1.6000e+02 1.9000e+02 5.2621e-01
1.6000e+02 2.0000e+02 -9.7757e-01
1.7000e+02 -2.0000e+02 1.1917e+00
1.7000e+02 -1.9000e+02 8.4748e-01
1.7000e+02 -1.8000e+02 1.1990e+00
1.7000e+02 -1.7000e+02 -2.5244e-01
1.7000e+02 -1.6000e+02 1.8708e+00
1.7000e+02 -1.5000e+02 1.3161e+00
1.7000e+02 -1.4000e+02 -3.6423e+00
1.7000e+02 -1.3000e+02 2.8859e+00
1.7000e+02 -1.2000e+02 1.3819e+00
1.7000e+02 -1.1000e+02 -3.6068e-01
1.7000e+02 -1.0000e+02 8.1195e-01
1.7000e+02 -9.0000e+01 -1.2603e+00
1.7000e+02 -8.0000e+01 -9.2336e-01
1.7000e+02 -7.0000e+01 1.7777e+00
1.7000e+02 -6.0000e+01 -3.6857e+00
1.7000e+02 -5.0000e+01 -1.0613e+00
1.7000e+02 -4.0000e+01 1.0649e-01
1.7000e+02 -3.0000e+01 7.4869e-01
1.7000e+02 -2.0000e+01 -2.4451e+00
1.7000e+02 -1.0000e+01 7.9796e-01
1.7000e+02 0.0000e+00 1.4653e+00
1.7000e+02 1.0000e+01 -1.8587e+00
1.7000e+02 2.0000e+01 1.2898e-01
1.7000e+02 3.0000e+01 5.6634e-01
1.7000e+02 4.0000e+01 -8.7577e-01
1.7000e+02 5.0000e+01 -1.7549e+00
1.7000e+02 6.0000e+01 -2.8181e-01
1.7000e+02 7.0000e+01 -1.6975e+00
1.7000e+02 8.0000e+01 -1.4642e+00
1.7000e+02 9.0000e+01 -1.4108e+00
1.7000e+02 1.0000e+02 7.8451e-02
1.7000e+02 1.1000e+02 1.0474e-01
1.7000e+02 1.2000e+02 1.9076e+00
1.7000e+02 1.3000e+02 -7.8912e-01
1.7000e+02 1.4000e+02 4.5090e-01
1.7000e+02 1.5000e+02 -8.3496e-01
1.7000e+02 1.6000e+02 -1.7057e+00
1.7000e+02 1.7000e+02 6.5681e-01
1.7000e+02 1.8000e+02 1.1539e+00
1.7000e+02 1.9000e+02 -1.1144e+00
1.7000e+02 2.0000e+02 -2.3568e+00
1.8000e+02 -2.0000e+02 -1.2899e+00
1.8000e+02 -1.9000e+02 -5.0774e-01
1.8000e+02 -1.8000e+02 7.9258e-01
1.8000e+02 -1.7000e+02 -1.9822e-01
1.8000e+02 -1.6000e+02 3.0345e-01
1.8000e+02 -1.5000e+02 -9.0534e-01
1.8000e+02 -1.4000e+02 -8.7767e-01
1.8000e+02 -1.3000e+02 1.4470e+00
1.8000e+02 -1.2000e+02 -1.0900e+00
1.8000e+02 -1.1000e+02 1.9101e+00
1.8000e+02 -1.0000e+02 -1.7085e+00
1.8000e+02 -9.0000e+01 -1.7407e-01
1.8000e+02 -8.0000e+01 -3.3423e+00
1.8000e+02 -7.0000e+01 -7.7523e-02
1.8000e+02 -6.0000e+01 -4.9198e-01
1.8000e+02 -5.0000e+01 1.7162e-01
1.8000e+02 -4.0000e+01 2.5134e+00
1.8000e+02 -3.0000e+01 -5.9797e-01
1.8000e+02 -2.0000e+01 3.8075e-01
1.8000e+02 -1.0000e+01 -3.7432e-02
1.8000e+02 0.0000e+00 -2.7341e-01
1.8000e+02 1.0000e+01 3.8556e-01
1.8000e+02 2.0000e+01 -1.0423e-01
1.8000e+02 3.0000e+01 -1.2182e+00
1.8000e+02 4.0000e+01 -1.9530e+00
1.8000e+02 5.0000e+01 -2.8279e+00
1.8000e+02 6.0000e+01 -4.1357e-01
1.8000e+02 7.0000e+01 3.5638e-01
1.8000e+02 8.0000e+01 1.7948e+00
1.8000e+02 9.0000e+01 1.9947e+00
1.8000e+02 1.0000e+02 5.2690e-01
1.8000e+02 1.1000e+02 1.4334e+00
1.8000e+02 1.2000e+02 -1.2270e+00
1.8000e+02 1.3000e+02 -8.7326e-01
1.8000e+02 1.4000e+02 7.6501e-01
1.8000e+02 1.5000e+02 2.2239e+00
1.8000e+02 1.6000e+02 -2.3422e+00
1.8000e+02 1.7000e+02 -1.5001e+00
1.8000e+02 1.8000e+02 8.6399e-01
1.8000e+02 1.9000e+02 -2.0458e+00
1.8000e+02 2.0000e+02 1.7465e-01
1.9000e+02 -2.0000e+02 4.3652e-01
1.9000e+02 -1.9000e+02 1.9998e+00
1.9000e+02 -1.8000e+02 -1.1421e-01
1.9000e+02 -1.7000e+02 -1.2786e+00
1.9000e+02 -1.6000e+02 -7.0611e-01
1.9000e+02 -1.5000e+02 4.4502e-01
1.9000e+02 -1.4000e+02 -2.2466e+00
1.9000e+02 -1.3000e+02 1.1631e+00
1.9000e+02 -1.2000e+02 -2.6457e+00
1.9000e+02 -1.1000e+02 5.3839e-01
1.9000e+02 -1.0000e+02 2.7414e-01
1.9000e+02 -9.0000e+01 2.0036e-01
1.9000e+02 -8.0000e+01 -6.3898e-01
1.9000e+02 -7.0000e+01 1.1667e+00
1.9000e+02 -6.0000e+01 6.6168e-01
1.9000e+02 -5.0000e+01 -2.3055e-01
1.9000e+02 -4.0000e+01 4.7281e-01
1.9000e+02 -3.0000e+01 -4.8403e-01
1.9000e+02 -2.0000e+01 5.6585e-01
1.9000e+02 -1.0000e+01 -1.9108e+00
1.9000e+02 0.0000e+00 3.9448e-01
1.9000e+02 1.0000e+01 7.9952e-01
1.9000e+02 2.0000e+01 8.9462e-01
1.9000e+02 3.0000e+01 -1.3877e+00
1.9000e+02 4.0000e+01 -1.6256e+00
1.9000e+02 5.0000e+01 2.0507e+00
1.9000e+02 6.0000e+01 -5.6577e-01
1.9000e+02 7.0000e+01 4.3075e-01
1.9000e+02 8.0000e+01 -3.4602e+00
1.9000e+02 9.0000e+01 4.0167e-01
1.9000e+02 1.0000e+02 2.0770e+00
1.9000e+02 1.1000e+02 2.3750e+00
1.9000e+02 1.2000e+02 1.1439e+00
1.9000e+02 1.3000e+02 -8.2435e-01
1.9000e+02 1.4000e+02 -6.4326e-01
1.9000e+02 1.5000e+02 2.4600e-01
1.9000e+02 1.6000e+02 3.6276e+00
1.9000e+02 1.7000e+02 2.5003e+00
1.9000e+02 1.8000e+02 -5.0768e-01
1.9000e+02 1.9000e+02 -1.5835e-01
1.9000e+02 2.0000e+02 -8.3052e-01
2.0000e+02 -2.0000e+02 2.3867e+00
2.0000e+02 -1.9000e+02 -9.6158e-01
2.0000e+02 -1.8000e+02 -5.9931e-01
2.0000e+02 -1.7000e+02 -7.3055e-01
2.0000e+02 -1.6000e+02 -1.8485e+00
2.0000e+02 -1.5000e+02 1.0538e+00
2.0000e+02 -1.4000e+02 -5.3032e+00
2.0000e+02 -1.3000e+02 1.8196e+00
2.0000e+02 -1.2000e+02 -9.4453e-01
2.0000e+02 -1.1000e+02 -3.0595e+00
2.0000e+02 -1.0000e+02 -2.5837e-01
2.0000e+02 -9.0000e+01 -4.5694e-01
2.0000e+02 -8.0000e+01 -2.8764e+00
2.0000e+02 -7.0000e+01 6.4431e-01
2.0000e+02 -6.0000e+01 -1.9031e+00
2.0000e+02 -5.0000e+01 5.1379e-01
2.0000e+02 -4.0000e+01 -1.0549e+00
2.0000e+02 -3.0000e+01 -2.0828e+00
2.0000e+02 -2.0000e+01 6.7986e-01
2.0000e+02 -1.0000e+01 -4.9030e-01
2.0000e+02 0.0000e+00 2.4746e-02
2.0000e+02 1.0000e+01 6.7902e-01
2.0000e+02 2.0000e+01 6.5897e-01
2.0000e+02 3.0000e+01 -1.7003e-01
2.0000e+02 4.0000e+01 5.5770e-02
2.0000e+02 5.0000e+01 -2.1223e+00
2.0000e+02 6.0000e+01 2.7153e+00
2.0000e+02 7.0000e+01 -5.0708e-01
2.0000e+02 8.0000e+01 -6.0106e-01
2.0000e+02 9.0000e+01 3.2443e-01
2.0000e+02 1.0000e+02 2.0155e+00
2.0000e+02 1.1000e+02 2.0441e-02
2.0000e+02 1.2000e+02 -2.0860e+00
2.0000e+02 1.3000e+02 2.0587e+00
2.0000e+02 1.4000e+02 -7.2261e-01
2.0000e+02 1.5000e+02 3.9374e-01
2.0000e+02 1.6000e+02 2.4694e+00
2.0000e+02 1.7000e+02 3.5951e-01
2.0000e+02 1.8000e+02 6.9249e-01
2.0000e+02 1.9000e+02 -3.0182e-01
2.0000e+02 2.0000e+02 1.5480e+00
