-2.0000e+02 -2.0000e+02 1.0911e+00
-2.0000e+02 -1.9000e+02 3.1523e+00
-2.0000e+02 -1.8000e+02 -1.7400e+00
-2.0000e+02 -1.7000e+02 1.5226e+00
-2.0000e+02 -1.6000e+02 1.6194e+00
-2.0000e+02 -1.5000e+02 8.2944e-01
-2.0000e+02 -1.4000e+02 5.8561e-01
-2.0000e+02 -1.3000e+02 2.5515e+00
-2.0000e+02 -1.2000e+02 -3.6320e-01
-2.0000e+02 -1.1000e+02 1.9358e-01
-2.0000e+02 -1.0000e+02 -9.3197e-01
-2.0000e+02 -9.0000e+01 1.2091e+00
-2.0000e+02 -8.0000e+01 -2.2127e+00
-2.0000e+02 -7.0000e+01 -4.8023e-02
-2.0000e+02 -6.0000e+01 -1.4796e+00
-2.0000e+02 -5.0000e+01 2.5080e+00
-2.0000e+02 -4.0000e+01 1.9341e+00
-2.0000e+02 -3.0000e+01 -1.6156e-01
-2.0000e+02 -2.0000e+01 1.1026e+00
-2.0000e+02 -1.0000e+01 8.1547e-01
-2.0000e+02 0.0000e+00 -2.0416e-01
-2.0000e+02 1.0000e+01 -3.1740e+00
-2.0000e+02 2.0000e+01 5.6786e-01
-2.0000e+02 3.0000e+01 -2.6481e-01
-2.0000e+02 4.0000e+01 1.9551e+00
-2.0000e+02 5.0000e+01 -2.2086e-01
-2.0000e+02 6.0000e+01 -1.2278e+00
-2.0000e+02 7.0000e+01 1.6666e-02
-2.0000e+02 8.0000e+01 -3.2794e+00
-2.0000e+02 9.0000e+01 5.1295e-02
-2.0000e+02 1.0000e+02 -1.8575e+00
-2.0000e+02 1.1000e+02 -1.8660e+00
-2.0000e+02 1.2000e+02 1.0909e+00
-2.0000e+02 1.3000e+02 -2.4339e+00
-2.0000e+02 1.4000e+02 2.8384e-01
-2.0000e+02 1.5000e+02 -3.4339e-02
-2.0000e+02 1.6000e+02 6.4817e-01
-2.0000e+02 1.7000e+02 6.3009e-01
-2.0000e+02 1.8000e+02 1.4384e+00
-2.0000e+02 1.9000e+02 4.9594e-01
-2.0000e+02 2.0000e+02 -9.0929e-02
-1.9000e+02 -2.0000e+02 -7.4808e-01
-1.9000e+02 -1.9000e+02 1.5505e+00
-1.9000e+02 -1.8000e+02 -1.3435e+00
-1.9000e+02 -1.7000e+02 -2.2551e+00
-1.9000e+02 -1.6000e+02 3.2296e+00
-1.9000e+02 -1.5000e+02 1.6172e+00
-1.9000e+02 -1.4000e+02 -1.7872e+00
-1.9000e+02 -1.3000e+02 4.3186e-01
-1.9000e+02 -1.2000e+02 1.4078e+00
-1.9000e+02 -1.1000e+02 6.4954e-01
-1.9000e+02 -1.0000e+02 -6.5697e-01
-1.9000e+02 -9.0000e+01 3.2506e-01
-1.9000e+02 -8.0000e+01 1.0960e+00
-1.9000e+02 -7.0000e+01 -3.3144e+00
-1.9000e+02 -6.0000e+01 2.8246e-01
-1.9000e+02 -5.0000e+01 -2.4120e-01
-1.9000e+02 -4.0000e+01 -1.5483e+00
-1.9000e+02 -3.0000e+01 -1.1662e+00
-1.9000e+02 -2.0000e+01 6.0167e-02
-1.9000e+02 -1.0000e+01 -2.2321e-01
-1.9000e+02 0.0000e+00 1.9497e+00
-1.9000e+02 1.0000e+01 1.4621e+00
-1.9000e+02 2.0000e+01 2.8658e+00
-1.9000e+02 3.0000e+01 -2.1791e+00
-1.9000e+02 4.0000e+01 1.7439e+00
-1.9000e+02 5.0000e+01 1.8457e+00
-1.9000e+02 6.0000e+01 -2.9313e+00
-1.9000e+02 7.0000e+01 1.8685e+00
-1.9000e+02 8.0000e+01 6.5708e-01
-1.9000e+02 9.0000e+01 -9.5894e-01
-1.9000e+02 1.0000e+02 -1.4231e+00
-1.9000e+02 1.1000e+02 -1.7042e+00
-1.9000e+02 1.2000e+02 -1.2595e-01
-1.9000e+02 1.3000e+02 -1.7309e+00
-1.9000e+02 1.4000e+02 -6.7988e-01
-1.9000e+02 1.5000e+02 1.8107e+00
-1.9000e+02 1.6000e+02 3.7442e-01
-1.9000e+02 1.7000e+02 9.2285e-01
-1.9000e+02 1.8000e+02 2.1887e-01
-1.9000e+02 1.9000e+02 1.6675e+00
-1.9000e+02 2.0000e+02 -1.3958e+00
-1.8000e+02 -2.0000e+02 -2.4032e-01
-1.8000e+02 -1.9000e+02 1.7516e+00
-1.8000e+02 -1.8000e+02 -3.4291e-01
-1.8000e+02 -1.7000e+02 1.5710e+00
-1.8000e+02 -1.6000e+02 -2.7659e+00
-1.8000e+02 -1.5000e+02 3.3034e+00
-1.8000e+02 -1.4000e+02 2.3602e+00
-1.8000e+02 -1.3000e+02 9.2270e-01
-1.8000e+02 -1.2000e+02 2.7622e+00
-1.8000e+02 -1.1000e+02 -1.7363e-01
-1.8000e+02 -1.0000e+02 -5.4418e-02
-1.8000e+02 -9.0000e+01 2.9004e+00
-1.8000e+02 -8.0000e+01 3.7642e-01
-1.8000e+02 -7.0000e+01 3.8750e-01
-1.8000e+02 -6.0000e+01 3.6028e+00
-1.8000e+02 -5.0000e+01 3.2460e-01
-1.8000e+02 -4.0000e+01 8.5528e-01
-1.8000e+02 -3.0000e+01 1.7216e-01
-1.8000e+02 -2.0000e+01 -1.5132e+00
-1.8000e+02 -1.0000e+01 -2.0177e+00
-1.8000e+02 0.0000e+00 -7.1973e-01
-1.8000e+02 1.0000e+01 -1.3811e+00
-1.8000e+02 2.0000e+01 -2.2616e+00
-1.8000e+02 3.0000e+01 -2.0250e+00
-1.8000e+02 4.0000e+01 -2.2441e+00
-1.8000e+02 5.0000e+01 -1.9472e+00
-1.8000e+02 6.0000e+01 6.1963e-02
-1.8000e+02 7.0000e+01 -1.0101e+00
-1.8000e+02 8.0000e+01 4.9635e-01
-1.8000e+02 9.0000e+01 1.6811e+00
-1.8000e+02 1.0000e+02 6.9485e-01
-1.8000e+02 1.1000e+02 1.1759e+00
-1.8000e+02 1.2000e+02 2.7200e+00
-1.8000e+02 1.3000e+02 2.9589e+00
-1.8000e+02 1.4000e+02 -9.8256e-02
-1.8000e+02 1.5000e+02 3.0748e-01
-1.8000e+02 1.6000e+02 -5.1284e-01
-1.8000e+02 1.7000e+02 1.2367e-01
-1.8000e+02 1.8000e+02 1.7760e+00
-1.8000e+02 1.9000e+02 6.1114e-01
-1.8000e+02 2.0000e+02 8.0570e-01
-1.7000e+02 -2.0000e+02 2.0278e-01
-1.7000e+02 -1.9000e+02 1.0827e-01
-1.7000e+02 -1.8000e+02 -1.1107e+00
-1.7000e+02 -1.7000e+02 5.2792e-01
-1.7000e+02 -1.6000e+02 1.0267e+00
-1.7000e+02 -1.5000e+02 -5.3683e-01
-1.7000e+02 -1.4000e+02 4.7177e-01
-1.7000e+02 -1.3000e+02 -2.6804e-01
-1.7000e+02 -1.2000e+02 1.3858e+00
-1.7000e+02 -1.1000e+02 1.4948e+00
-1.7000e+02 -1.0000e+02 1.4826e+00
-1.7000e+02 -9.0000e+01 1.1154e+00
-1.7000e+02 -8.0000e+01 -4.6336e-01
-1.7000e+02 -7.0000e+01 9.5075e-01
-1.7000e+02 -6.0000e+01 -3.7596e-01
-1.7000e+02 -5.0000e+01 -1.0674e+00
-1.7000e+02 -4.0000e+01 1.4774e+00
-1.7000e+02 -3.0000e+01 -5.8301e-01
-1.7000e+02 -2.0000e+01 -6.3643e-02
-1.7000e+02 -1.0000e+01 1.5134e+00
-1.7000e+02 0.0000e+00 -1.3438e+00
-1.7000e+02 1.0000e+01 2.8392e+00
-1.7000e+02 2.0000e+01 -1.8349e+00
-1.7000e+02 3.0000e+01 -1.6706e+00
-1.7000e+02 4.0000e+01 -1.5387e+00
-1.7000e+02 5.0000e+01 3.3837e-01
-1.7000e+02 6.0000e+01 -1.5082e+00
-1.7000e+02 7.0000e+01 2.2565e-01
-1.7000e+02 8.0000e+01 1.4743e-01
-1.7000e+02 9.0000e+01 1.3382e+00
-1.7000e+02 1.0000e+02 1.9272e-01
-1.7000e+02 1.1000e+02 -4.7883e-01
-1.7000e+02 1.2000e+02 -1.6421e+00
-1.7000e+02 1.3000e+02 -1.1777e+00
-1.7000e+02 1.4000e+02 5.0104e-01
-1.7000e+02 1.5000e+02 -3.6897e-02
-1.7000e+02 1.6000e+02 2.7332e+00
-1.7000e+02 1.7000e+02 2.5598e-01
-1.7000e+02 1.8000e+02 3.1042e+00
-1.7000e+02 1.9000e+02 3.4560e-01
-1.7000e+02 2.0000e+02 1.6180e+00
-1.6000e+02 -2.0000e+02 -3.9620e-02
-1.6000e+02 -1.9000e+02 -8.7624e-01
-1.6000e+02 -1.8000e+02 -1.5155e-01
-1.6000e+02 -1.7000e+02 -1.1259e+00
-1.6000e+02 -1.6000e+02 1.3501e+00
-1.6000e+02 -1.5000e+02 -1.1959e+00
-1.6000e+02 -1.4000e+02 3.7093e-01
-1.6000e+02 -1.3000e+02 1.9454e-02
-1.6000e+02 -1.2000e+02 2.9581e+00
-1.6000e+02 -1.1000e+02 1.5241e+00
-1.6000e+02 -1.0000e+02 -3.9114e+00
-1.6000e+02 -9.0000e+01 2.8541e+00
-1.6000e+02 -8.0000e+01 -1.3346e+00
-1.6000e+02 -7.0000e+01 2.3893e+00
-1.6000e+02 -6.0000e+01 1.2059e+00
-1.6000e+02 -5.0000e+01 1.3101e+00
-1.6000e+02 -4.0000e+01 5.1517e-01
-1.6000e+02 -3.0000e+01 -3.1204e+00
-1.6000e+02 -2.0000e+01 -1.7044e+00
-1.6000e+02 -1.0000e+01 1.4024e+00
-1.6000e+02 0.0000e+00 -1.3056e+00
-1.6000e+02 1.0000e+01 7.0405e-01
-1.6000e+02 2.0000e+01 -4.3520e-01
-1.6000e+02 3.0000e+01 -2.0830e-01
-1.6000e+02 4.0000e+01 3.8329e-01
-1.6000e+02 5.0000e+01 -9.1334e-01
-1.6000e+02 6.0000e+01 -7.0633e-01
-1.6000e+02 7.0000e+01 7.4663e-01
-1.6000e+02 8.0000e+01 1.2598e+00
-1.6000e+02 9.0000e+01 -1.7475e+00
-1.6000e+02 1.0000e+02 -2.5129e+00
-1.6000e+02 1.1000e+02 -1.8957e+00
-1.6000e+02 1.2000e+02 2.4159e+00
-1.6000e+02 1.3000e+02 -8.0111e-02
-1.6000e+02 1.4000e+02 -1.5112e-01
-1.6000e+02 1.5000e+02 -2.4707e+00
-1.6000e+02 1.6000e+02 -6.4031e-01
-1.6000e+02 1.7000e+02 -8.2230e-01
-1.6000e+02 1.8000e+02 -3.2272e-01
-1.6000e+02 1.9000e+02 4.7796e-01
-1.6000e+02 2.0000e+02 2.0224e+00
-1.5000e+02 -2.0000e+02 2.1200e+00
-1.5000e+02 -1.9000e+02 -6.2561e-01
-1.5000e+02 -1.8000e+02 2.0211e+00
-1.5000e+02 -1.7000e+02 -1.4097e+00
-1.5000e+02 -1.6000e+02 -2.8387e+00
-1.5000e+02 -1.5000e+02 1.7005e-02
-1.5000e+02 -1.4000e+02 -7.5290e-01
-1.5000e+02 -1.3000e+02 -3.4112e-01
-1.5000e+02 -1.2000e+02 -4.6167e-01
-1.5000e+02 -1.1000e+02 -1.3411e+00
-1.5000e+02 -1.0000e+02 -1.0853e+00
-1.5000e+02 -9.0000e+01 3.8666e-01
-1.5000e+02 -8.0000e+01 -9.0296e-01
-1.5000e+02 -7.0000e+01 -2.1981e+00
-1.5000e+02 -6.0000e+01 2.6031e-01
-1.5000e+02 -5.0000e+01 -7.1251e-01
-1.5000e+02 -4.0000e+01 1.8633e+00
-1.5000e+02 -3.0000e+01 1.5792e+00
-1.5000e+02 -2.0000e+01 1.3661e+00
-1.5000e+02 -1.0000e+01 -1.2124e+00
-1.5000e+02 0.0000e+00 -1.3096e-02
-1.5000e+02 1.0000e+01 1.1962e+00
-1.5000e+02 2.0000e+01 1.0313e-01
-1.5000e+02 3.0000e+01 -7.8801e-01
-1.5000e+02 4.0000e+01 4.0990e-01
-1.5000e+02 5.0000e+01 2.8407e-01
-1.5000e+02 6.0000e+01 -1.0006e+00
-1.5000e+02 7.0000e+01 1.1414e+00
-1.5000e+02 8.0000e+01 -1.7196e+00
-1.5000e+02 9.0000e+01 6.8526e-01
-1.5000e+02 1.0000e+02 -3.6970e+00
-1.5000e+02 1.1000e+02 1.0668e+00
-1.5000e+02 1.2000e+02 -4.2256e-01
-1.5000e+02 1.3000e+02 2.6654e+00
-1.5000e+02 1.4000e+02 -1.5013e+00
-1.5000e+02 1.5000e+02 -1.3950e+00
-1.5000e+02 1.6000e+02 1.5218e+00
-1.5000e+02 1.7000e+02 -1.0089e+00
-1.5000e+02 1.8000e+02 1.8042e+00
-1.5000e+02 1.9000e+02 8.3605e-01
-1.5000e+02 2.0000e+02 -3.9102e-01
-1.4000e+02 -2.0000e+02 -2.1698e+00
-1.4000e+02 -1.9000e+02 -2.7562e-01
-1.4000e+02 -1.8000e+02 1.9592e+00
-1.4000e+02 -1.7000e+02 -6.7228e-01
-1.4000e+02 -1.6000e+02 9.1996e-01
-1.4000e+02 -1.5000e+02 8.2616e-02
-1.4000e+02 -1.4000e+02 -3.0980e+00
-1.4000e+02 -1.3000e+02 1.2830e+00
-1.4000e+02 -1.2000e+02 -6.9187e-02
-1.4000e+02 -1.1000e+02 -2.1244e+00
-1.4000e+02 -1.0000e+02 3.8540e-01
-1.4000e+02 -9.0000e+01 -4.8406e-01
-1.4000e+02 -8.0000e+01 -8.8261e-01
-1.4000e+02 -7.0000e+01 1.3574e+00
-1.4000e+02 -6.0000e+01 4.2905e-01
-1.4000e+02 -5.0000e+01 -2.7367e-01
-1.4000e+02 -4.0000e+01 -1.4822e+00
-1.4000e+02 -3.0000e+01 -3.5069e+00
-1.4000e+02 -2.0000e+01 -1.4487e+00
-1.4000e+02 -1.0000e+01 -5.3366e-01
-1.4000e+02 0.0000e+00 -1.1147e+00
-1.4000e+02 1.0000e+01 -2.3884e+00
-1.4000e+02 2.0000e+01 -1.3952e+00
-1.4000e+02 3.0000e+01 4.7672e-02
-1.4000e+02 4.0000e+01 -2.0795e+00
-1.4000e+02 5.0000e+01 2.1364e-01
-1.4000e+02 6.0000e+01 -9.9814e-01
-1.4000e+02 7.0000e+01 -1.0536e+00
-1.4000e+02 8.0000e+01 -1.9730e+00
-1.4000e+02 9.0000e+01 2.0211e+00
-1.4000e+02 1.0000e+02 2.4805e+00
-1.4000e+02 1.1000e+02 1.0395e-02
-1.4000e+02 1.2000e+02 -1.3773e-01
-1.4000e+02 1.3000e+02 8.8312e-02
-1.4000e+02 1.4000e+02 -4.3174e+00
-1.4000e+02 1.5000e+02 -3.3688e-01
-1.4000e+02 1.6000e+02 -1.0549e+00
-1.4000e+02 1.7000e+02 -1.6759e+00
-1.4000e+02 1.8000e+02 7.3367e-01
-1.4000e+02 1.9000e+02 7.4332e-01
-1.4000e+02 2.0000e+02 2.1858e+00
-1.3000e+02 -2.0000e+02 -1.1591e+00
-1.3000e+02 -1.9000e+02 7.0054e-01
-1.3000e+02 -1.8000e+02 -8.3219e-01
-1.3000e+02 -1.7000e+02 1.8724e+00
-1.3000e+02 -1.6000e+02 -2.6080e-01
-1.3000e+02 -1.5000e+02 -5.3725e-01
-1.3000e+02 -1.4000e+02 1.0816e+00
-1.3000e+02 -1.3000e+02 2.4390e-01
-1.3000e+02 -1.2000e+02 1.0026e+00
-1.3000e+02 -1.1000e+02 4.3777e-01
-1.3000e+02 -1.0000e+02 -3.8039e-01
-1.3000e+02 -9.0000e+01 7.0795e-01
-1.3000e+02 -8.0000e+01 1.6721e+00
-1.3000e+02 -7.0000e+01 -2.2373e+00
-1.3000e+02 -6.0000e+01 -1.1475e+00
-1.3000e+02 -5.0000e+01 -7.7882e-01
-1.3000e+02 -4.0000e+01 8.6841e-01
-1.3000e+02 -3.0000e+01 -1.0370e+00
-1.3000e+02 -2.0000e+01 4.8129e-01
-1.3000e+02 -1.0000e+01 -2.6695e-01
-1.3000e+02 0.0000e+00 -2.1429e+00
-1.3000e+02 1.0000e+01 1.4251e+00
-1.3000e+02 2.0000e+01 -5.7581e-01
-1.3000e+02 3.0000e+01 -2.6503e+00
-1.3000e+02 4.0000e+01 -1.1577e+00
-1.3000e+02 5.0000e+01 -1.4793e+00
-1.3000e+02 6.0000e+01 6.7755e-01
-1.3000e+02 7.0000e+01 -1.3300e+00
-1.3000e+02 8.0000e+01 1.2510e+00
-1.3000e+02 9.0000e+01 7.2594e-01
-1.3000e+02 1.0000e+02 1.7992e-01
-1.3000e+02 1.1000e+02 2.0650e+00
-1.3000e+02 1.2000e+02 -3.9618e-01
-1.3000e+02 1.3000e+02 3.2182e-01
-1.3000e+02 1.4000e+02 -2.1187e-01
-1.3000e+02 1.5000e+02 -1.2750e-01
-1.3000e+02 1.6000e+02 -3.2865e-01
-1.3000e+02 1.7000e+02 1.8790e+00
-1.3000e+02 1.8000e+02 -9.3959e-02
-1.3000e+02 1.9000e+02 -6.5978e-01
-1.3000e+02 2.0000e+02 3.8061e-01
-1.2000e+02 -2.0000e+02 1.9926e+00
-1.2000e+02 -1.9000e+02 -1.0590e+00
-1.2000e+02 -1.8000e+02 2.6637e-01
-1.2000e+02 -1.7000e+02 -1.6669e+00
-1.2000e+02 -1.6000e+02 -7.8119e-01
-1.2000e+02 -1.5000e+02 9.9960e-01
-1.2000e+02 -1.4000e+02 9.8372e-01
-1.2000e+02 -1.3000e+02 -1.8107e+00
-1.2000e+02 -1.2000e+02 1.3885e+00
-1.2000e+02 -1.1000e+02 8.3060e-02
-1.2000e+02 -1.0000e+02 -2.8205e+00
-1.2000e+02 -9.0000e+01 2.0756e+00
-1.2000e+02 -8.0000e+01 -3.4145e+00
-1.2000e+02 -7.0000e+01 -1.9046e+00
-1.2000e+02 -6.0000e+01 2.8196e-01
-1.2000e+02 -5.0000e+01 -1.2650e+00
-1.2000e+02 -4.0000e+01 -2.0924e+00
-1.2000e+02 -3.0000e+01 -1.7523e+00
-1.2000e+02 -2.0000e+01 -2.9873e+00
-1.2000e+02 -1.0000e+01 -4.2275e+00
-1.2000e+02 0.0000e+00 -5.9910e+00
-1.2000e+02 1.0000e+01 -1.5742e+00
-1.2000e+02 2.0000e+01 1.6437e-01
-1.2000e+02 3.0000e+01 -1.3981e+00
-1.2000e+02 4.0000e+01 4.8821e-01
-1.2000e+02 5.0000e+01 9.9763e-01
-1.2000e+02 6.0000e+01 4.2740e-01
-1.2000e+02 7.0000e+01 1.4135e+00
-1.2000e+02 8.0000e+01 -2.1747e+00
-1.2000e+02 9.0000e+01 -3.6595e-02
-1.2000e+02 1.0000e+02 -1.1706e+00
-1.2000e+02 1.1000e+02 1.7877e+00
-1.2000e+02 1.2000e+02 -2.9561e+00
-1.2000e+02 1.3000e+02 -3.1637e-01
-1.2000e+02 1.4000e+02 -9.7034e-01
-1.2000e+02 1.5000e+02 -1.3360e+00
-1.2000e+02 1.6000e+02 1.8996e+00
-1.2000e+02 1.7000e+02 2.0923e+00
-1.2000e+02 1.8000e+02 -3.9742e+00
-1.2000e+02 1.9000e+02 -7.9771e-01
-1.2000e+02 2.0000e+02 5.0213e-01
-1.1000e+02 -2.0000e+02 -1.4583e-02
-1.1000e+02 -1.9000e+02 8.2913e-02
-1.1000e+02 -1.8000e+02 7.7841e-01
-1.1000e+02 -1.7000e+02 -1.9855e+00
-1.1000e+02 -1.6000e+02 1.4811e-01
-1.1000e+02 -1.5000e+02 1.4106e+00
-1.1000e+02 -1.4000e+02 1.0765e+00
-1.1000e+02 -1.3000e+02 3.1105e-02
-1.1000e+02 -1.2000e+02 -1.7884e+00
-1.1000e+02 -1.1000e+02 1.6959e+00
-1.1000e+02 -1.0000e+02 -1.0586e+00
-1.1000e+02 -9.0000e+01 4.4565e-02
-1.1000e+02 -8.0000e+01 -1.9343e+00
-1.1000e+02 -7.0000e+01 2.3991e+00
-1.1000e+02 -6.0000e+01 -2.3802e+00
-1.1000e+02 -5.0000e+01 -1.6842e+00
-1.1000e+02 -4.0000e+01 3.9746e-01
-1.1000e+02 -3.0000e+01 -2.7965e+00
-1.1000e+02 -2.0000e+01 -3.5176e+00
-1.1000e+02 -1.0000e+01 -4.2331e+00
-1.1000e+02 0.0000e+00 -1.6252e+00
-1.1000e+02 1.0000e+01 -2.3220e+00
-1.1000e+02 2.0000e+01 -2.3244e+00
-1.1000e+02 3.0000e+01 -2.4019e+00
-1.1000e+02 4.0000e+01 -3.6624e+00
-1.1000e+02 5.0000e+01 -6.0249e-01
-1.1000e+02 6.0000e+01 -1.7354e+00
-1.1000e+02 7.0000e+01 -1.1820e+00
-1.1000e+02 8.0000e+01 -1.9590e+00
-1.1000e+02 9.0000e+01 -2.7177e+00
-1.1000e+02 1.0000e+02 2.0618e+00
-1.1000e+02 1.1000e+02 -2.8732e+00
-1.1000e+02 1.2000e+02 8.9601e-01
-1.1000e+02 1.3000e+02 -1.0347e+00
-1.1000e+02 1.4000e+02 -9.3002e-01
-1.1000e+02 1.5000e+02 4.0174e+00
-1.1000e+02 1.6000e+02 -5.6220e-01
-1.1000e+02 1.7000e+02 -2.4988e-01
-1.1000e+02 1.8000e+02 2.8827e+00
-1.1000e+02 1.9000e+02 2.1696e+00
-1.1000e+02 2.0000e+02 1.5653e+00
-1.0000e+02 -2.0000e+02 -1.5308e+00
-1.0000e+02 -1.9000e+02 5.8507e-01
-1.0000e+02 -1.8000e+02 -5.7851e-02
-1.0000e+02 -1.7000e+02 -2.0097e+00
-1.0000e+02 -1.6000e+02 1.5456e-01
-1.0000e+02 -1.5000e+02 -2.2663e+00
-1.0000e+02 -1.4000e+02 2.3132e+00
-1.0000e+02 -1.3000e+02 -1.6297e+00
-1.0000e+02 -1.2000e+02 1.2814e+00
-1.0000e+02 -1.1000e+02 -1.8983e+00
-1.0000e+02 -1.0000e+02 -2.6415e+00
-1.0000e+02 -9.0000e+01 -2.3466e+00
-1.0000e+02 -8.0000e+01 -7.7675e-01
-1.0000e+02 -7.0000e+01 -1.5658e+00
-1.0000e+02 -6.0000e+01 6.3036e-01
-1.0000e+02 -5.0000e+01 -3.3388e+00
-1.0000e+02 -4.0000e+01 -1.3386e+00
-1.0000e+02 -3.0000e+01 -4.0519e+00
-1.0000e+02 -2.0000e+01 -4.1449e+00
-1.0000e+02 -1.0000e+01 -3.2793e+00
-1.0000e+02 0.0000e+00 -3.9146e-01
-1.0000e+02 1.0000e+01 -1.5859e+00
-1.0000e+02 2.0000e+01 -5.5461e+00
-1.0000e+02 3.0000e+01 -2.7026e+00
-1.0000e+02 4.0000e+01 -9.8238e-01
-1.0000e+02 5.0000e+01 -2.4183e+00
-1.0000e+02 6.0000e+01 -8.0466e-02
-1.0000e+02 7.0000e+01 -6.5612e-01
-1.0000e+02 8.0000e+01 -1.6800e+00
-1.0000e+02 9.0000e+01 -1.3721e+00
-1.0000e+02 1.0000e+02 -4.0307e+00
-1.0000e+02 1.1000e+02 -3.6690e-03
-1.0000e+02 1.2000e+02 1.6017e+00
-1.0000e+02 1.3000e+02 -2.8778e+00
-1.0000e+02 1.4000e+02 -2.2466e+00
-1.0000e+02 1.5000e+02 -6.0890e-01
-1.0000e+02 1.6000e+02 -1.2285e+00
-1.0000e+02 1.7000e+02 1.2715e-01
-1.0000e+02 1.8000e+02 -9.0106e-01
-1.0000e+02 1.9000e+02 1.6807e+00
-1.0000e+02 2.0000e+02 -1.3682e-01
-9.0000e+01 -2.0000e+02 -1.4837e+00
-9.0000e+01 -1.9000e+02 -1.6362e+00
-9.0000e+01 -1.8000e+02 1.6243e+00
-9.0000e+01 -1.7000e+02 1.6001e+00
-9.0000e+01 -1.6000e+02 4.8051e-01
-9.0000e+01 -1.5000e+02 -1.1846e+00
-9.0000e+01 -1.4000e+02 1.9819e+00
-9.0000e+01 -1.3000e+02 -1.4729e+00
-9.0000e+01 -1.2000e+02 -2.2114e+00
-9.0000e+01 -1.1000e+02 -7.0624e-01
-9.0000e+01 -1.0000e+02 -3.0109e-01
-9.0000e+01 -9.0000e+01 5.6764e-01
-9.0000e+01 -8.0000e+01 -6.5965e-01
-9.0000e+01 -7.0000e+01 -2.9252e+00
-9.0000e+01 -6.0000e+01 -2.1807e+00
-9.0000e+01 -5.0000e+01 -3.8978e+00
-9.0000e+01 -4.0000e+01 -3.3375e+00
-9.0000e+01 -3.0000e+01 -5.3595e+00
-9.0000e+01 -2.0000e+01 -3.8554e+00
-9.0000e+01 -1.0000e+01 -4.7133e+00
-9.0000e+01 0.0000e+00 -5.4189e+00
-9.0000e+01 1.0000e+01 -3.8427e+00
-9.0000e+01 2.0000e+01 -5.0288e+00
-9.0000e+01 3.0000e+01 -4.5630e+00
-9.0000e+01 4.0000e+01 -5.5749e+00
-9.0000e+01 5.0000e+01 -2.5926e+00
-9.0000e+01 6.0000e+01 -3.1229e+00
-9.0000e+01 7.0000e+01 -1.9434e+00
-9.0000e+01 8.0000e+01 7.2735e-02
-9.0000e+01 9.0000e+01 -6.2856e-01
-9.0000e+01 1.0000e+02 -6.9811e-02
-9.0000e+01 1.1000e+02 -3.4698e+00
-9.0000e+01 1.2000e+02 -2.4859e-01
-9.0000e+01 1.3000e+02 6.5953e-01
-9.0000e+01 1.4000e+02 1.2214e+00
-9.0000e+01 1.5000e+02 -6.1691e-01
-9.0000e+01 1.6000e+02 1.1834e+00
-9.0000e+01 1.7000e+02 3.7596e-01
-9.0000e+01 1.8000e+02 -4.1427e-01
-9.0000e+01 1.9000e+02 -1.0079e+00
-9.0000e+01 2.0000e+02 -1.1391e-01
-8.0000e+01 -2.0000e+02 2.4971e+00
-8.0000e+01 -1.9000e+02 -1.1775e+00
-8.0000e+01 -1.8000e+02 -1.1741e+00
-8.0000e+01 -1.7000e+02 -3.3407e+00
-8.0000e+01 -1.6000e+02 4.0085e-01
-8.0000e+01 -1.5000e+02 -6.2992e-01
-8.0000e+01 -1.4000e+02 3.5945e-01
-8.0000e+01 -1.3000e+02 -2.5851e-01
-8.0000e+01 -1.2000e+02 -1.5287e+00
-8.0000e+01 -1.1000e+02 2.2298e+00
-8.0000e+01 -1.0000e+02 -5.6403e-01
-8.0000e+01 -9.0000e+01 -2.1308e+00
-8.0000e+01 -8.0000e+01 -3.4004e+00
-8.0000e+01 -7.0000e+01 -3.4999e+00
-8.0000e+01 -6.0000e+01 -3.1645e+00
-8.0000e+01 -5.0000e+01 -3.7697e+00
-8.0000e+01 -4.0000e+01 -3.9404e+00
-8.0000e+01 -3.0000e+01 -5.3124e+00
-8.0000e+01 -2.0000e+01 -5.3427e+00
-8.0000e+01 -1.0000e+01 -5.4124e+00
-8.0000e+01 0.0000e+00 -6.3856e+00
-8.0000e+01 1.0000e+01 -6.0981e+00
-8.0000e+01 2.0000e+01 -4.7516e+00
-8.0000e+01 3.0000e+01 -5.7619e+00
-8.0000e+01 4.0000e+01 -3.6181e+00
-8.0000e+01 5.0000e+01 -3.1886e+00
-8.0000e+01 6.0000e+01 -3.8206e+00
-8.0000e+01 7.0000e+01 -1.3671e+00
-8.0000e+01 8.0000e+01 5.4082e-01
-8.0000e+01 9.0000e+01 2.7210e+00
-8.0000e+01 1.0000e+02 -1.1194e+00
-8.0000e+01 1.1000e+02 -2.0065e+00
-8.0000e+01 1.2000e+02 -1.0882e+00
-8.0000e+01 1.3000e+02 2.5692e-01
-8.0000e+01 1.4000e+02 -1.8851e-01
-8.0000e+01 1.5000e+02 1.1921e+00
-8.0000e+01 1.6000e+02 1.1314e+00
-8.0000e+01 1.7000e+02 1.5160e-01
-8.0000e+01 1.8000e+02 -3.1745e+00
-8.0000e+01 1.9000e+02 -6.7360e-01
-8.0000e+01 2.0000e+02 3.6691e-01
-7.0000e+01 -2.0000e+02 5.1578e+00
-7.0000e+01 -1.9000e+02 -1.4511e+00
-7.0000e+01 -1.8000e+02 -5.9837e-01
-7.0000e+01 -1.7000e+02 1.3313e+00
-7.0000e+01 -1.6000e+02 -1.9561e+00
-7.0000e+01 -1.5000e+02 -2.7040e+00
-7.0000e+01 -1.4000e+02 -3.8300e-01
-7.0000e+01 -1.3000e+02 -5.2897e-01
-7.0000e+01 -1.2000e+02 -8.1205e-01
-7.0000e+01 -1.1000e+02 -1.8870e-01
-7.0000e+01 -1.0000e+02 -1.1598e-01
-7.0000e+01 -9.0000e+01 -3.0409e+00
-7.0000e+01 -8.0000e+01 -1.9000e+00
-7.0000e+01 -7.0000e+01 -2.6820e+00
-7.0000e+01 -6.0000e+01 -3.9486e+00
-7.0000e+01 -5.0000e+01 -8.0140e+00
-7.0000e+01 -4.0000e+01 -5.0744e+00
-7.0000e+01 -3.0000e+01 -5.8139e+00
-7.0000e+01 -2.0000e+01 -6.2367e+00
-7.0000e+01 -1.0000e+01 -8.5242e+00
-7.0000e+01 0.0000e+00 -4.9135e+00
-7.0000e+01 1.0000e+01 -9.3921e+00
-7.0000e+01 2.0000e+01 -7.9815e+00
-7.0000e+01 3.0000e+01 -5.6948e+00
-7.0000e+01 4.0000e+01 -3.8790e+00
-7.0000e+01 5.0000e+01 -4.5855e+00
-7.0000e+01 6.0000e+01 -3.7300e+00
-7.0000e+01 7.0000e+01 -1.6224e+00
-7.0000e+01 8.0000e+01 -1.3331e+00
-7.0000e+01 9.0000e+01 -3.7553e+00
-7.0000e+01 1.0000e+02 -3.0972e+00
-7.0000e+01 1.1000e+02 1.5919e+00
-7.0000e+01 1.2000e+02 1.6675e+00
-7.0000e+01 1.3000e+02 -8.3328e-02
-7.0000e+01 1.4000e+02 -1.1618e+00
-7.0000e+01 1.5000e+02 -1.9905e+00
-7.0000e+01 1.6000e+02 -3.2197e+00
-7.0000e+01 1.7000e+02 1.0983e+00
-7.0000e+01 1.8000e+02 1.2329e-01
-7.0000e+01 1.9000e+02 -9.3468e-01
-7.0000e+01 2.0000e+02 -1.7986e+00
-6.0000e+01 -2.0000e+02 4.4994e-01
-6.0000e+01 -1.9000e+02 -5.1048e-01
-6.0000e+01 -1.8000e+02 1.2599e+00
-6.0000e+01 -1.7000e+02 -1.7121e+00
-6.0000e+01 -1.6000e+02 1.9582e+00
-6.0000e+01 -1.5000e+02 9.8969e-01
-6.0000e+01 -1.4000e+02 -1.8872e+00
-6.0000e+01 -1.3000e+02 -5.0870e-01
-6.0000e+01 -1.2000e+02 -2.3253e-03
-6.0000e+01 -1.1000e+02 -3.7084e+00
-6.0000e+01 -1.0000e+02 -1.1994e+00
-6.0000e+01 -9.0000e+01 -4.8808e+00
-6.0000e+01 -8.0000e+01 -3.4168e+00
-6.0000e+01 -7.0000e+01 -2.4885e+00
-6.0000e+01 -6.0000e+01 -6.5754e+00
-6.0000e+01 -5.0000e+01 -7.5138e+00
-6.0000e+01 -4.0000e+01 -7.6784e+00
-6.0000e+01 -3.0000e+01 -6.6507e+00
-6.0000e+01 -2.0000e+01 -7.6926e+00
-6.0000e+01 -1.0000e+01 -1.2933e+01
-6.0000e+01 0.0000e+00 -1.0748e+01
-6.0000e+01 1.0000e+01 -9.4214e+00
-6.0000e+01 2.0000e+01 -9.7277e+00
-6.0000e+01 3.0000e+01 -7.4182e+00
-6.0000e+01 4.0000e+01 -6.8372e+00
-6.0000e+01 5.0000e+01 -5.0910e+00
-6.0000e+01 6.0000e+01 -2.9077e+00
-6.0000e+01 7.0000e+01 -3.4565e+00
-6.0000e+01 8.0000e+01 -2.9878e+00
-6.0000e+01 9.0000e+01 -1.9779e+00
-6.0000e+01 1.0000e+02 -3.9118e+00
-6.0000e+01 1.1000e+02 -2.9612e+00
-6.0000e+01 1.2000e+02 -1.6117e+00
-6.0000e+01 1.3000e+02 -1.6127e+00
-6.0000e+01 1.4000e+02 -1.1961e+00
-6.0000e+01 1.5000e+02 -1.3629e+00
-6.0000e+01 1.6000e+02 1.6686e-01
-6.0000e+01 1.7000e+02 -1.5626e+00
-6.0000e+01 1.8000e+02 2.1938e+00
-6.0000e+01 1.9000e+02 5.5965e-01
-6.0000e+01 2.0000e+02 1.3556e+00
-5.0000e+01 -2.0000e+02 -2.5198e+00
-5.0000e+01 -1.9000e+02 -5.5701e-02
-5.0000e+01 -1.8000e+02 -4.6395e-01
-5.0000e+01 -1.7000e+02 -9.2973e-02
-5.0000e+01 -1.6000e+02 1.6478e+00
-5.0000e+01 -1.5000e+02 7.9423e-01
-5.0000e+01 -1.4000e+02 1.5559e+00
-5.0000e+01 -1.3000e+02 -2.2726e+00
-5.0000e+01 -1.2000e+02 -2.0178e+00
-5.0000e+01 -1.1000e+02 -1.3464e+00
-5.0000e+01 -1.0000e+02 -1.7700e+00
-5.0000e+01 -9.0000e+01 -2.0887e+00
-5.0000e+01 -8.0000e+01 -2.6115e+00
-5.0000e+01 -7.0000e+01 -4.3445e+00
-5.0000e+01 -6.0000e+01 -4.3869e+00
-5.0000e+01 -5.0000e+01 -6.7887e+00
-5.0000e+01 -4.0000e+01 -6.6761e+00
-5.0000e+01 -3.0000e+01 -7.4083e+00
-5.0000e+01 -2.0000e+01 -6.1298e+00
-5.0000e+01 -1.0000e+01 -7.6849e+00
-5.0000e+01 0.0000e+00 -9.0317e+00
-5.0000e+01 1.0000e+01 -1.1674e+01
-5.0000e+01 2.0000e+01 -8.9365e+00
-5.0000e+01 3.0000e+01 -5.8052e+00
-5.0000e+01 4.0000e+01 -5.4806e+00
-5.0000e+01 5.0000e+01 -8.8235e+00
-5.0000e+01 6.0000e+01 -8.3466e+00
-5.0000e+01 7.0000e+01 -6.8536e+00
-5.0000e+01 8.0000e+01 -2.1021e+00
-5.0000e+01 9.0000e+01 -1.4422e+00
-5.0000e+01 1.0000e+02 9.4186e-02
-5.0000e+01 1.1000e+02 -2.4049e+00
-5.0000e+01 1.2000e+02 -1.6291e+00
-5.0000e+01 1.3000e+02 7.2732e-01
-5.0000e+01 1.4000e+02 -1.6137e+00
-5.0000e+01 1.5000e+02 5.7874e-01
-5.0000e+01 1.6000e+02 -7.5996e-01
-5.0000e+01 1.7000e+02 2.3499e-01
-5.0000e+01 1.8000e+02 6.1098e-01
-5.0000e+01 1.9000e+02 1.2318e+00
-5.0000e+01 2.0000e+02 -2.1254e+00
-4.0000e+01 -2.0000e+02 -3.0912e-01
-4.0000e+01 -1.9000e+02 -1.5520e+00
-4.0000e+01 -1.8000e+02 -2.2381e+00
-4.0000e+01 -1.7000e+02 8.3078e-01
-4.0000e+01 -1.6000e+02 4.7022e-01
-4.0000e+01 -1.5000e+02 -2.9746e+00
-4.0000e+01 -1.4000e+02 1.0237e+00
-4.0000e+01 -1.3000e+02 3.7078e+00
-4.0000e+01 -1.2000e+02 -1.3604e+00
-4.0000e+01 -1.1000e+02 -2.1406e+00
-4.0000e+01 -1.0000e+02 -3.4524e+00
-4.0000e+01 -9.0000e+01 -1.1812e+00
-4.0000e+01 -8.0000e+01 -3.9400e+00
-4.0000e+01 -7.0000e+01 -2.8044e+00
-4.0000e+01 -6.0000e+01 -7.9400e+00
-4.0000e+01 -5.0000e+01 -8.8859e+00
-4.0000e+01 -4.0000e+01 -8.6214e+00
-4.0000e+01 -3.0000e+01 -7.0288e+00
-4.0000e+01 -2.0000e+01 -8.3653e+00
-4.0000e+01 -1.0000e+01 -1.5203e+01
-4.0000e+01 0.0000e+00 -1.0924e+01
-4.0000e+01 1.0000e+01 -1.3108e+01
-4.0000e+01 2.0000e+01 -1.2635e+01
-4.0000e+01 3.0000e+01 -1.0320e+01
-4.0000e+01 4.0000e+01 -1.0516e+01
-4.0000e+01 5.0000e+01 -6.9506e+00
-4.0000e+01 6.0000e+01 -6.7390e+00
-4.0000e+01 7.0000e+01 -5.7458e+00
-4.0000e+01 8.0000e+01 -4.2356e+00
-4.0000e+01 9.0000e+01 -2.5853e+00
-4.0000e+01 1.0000e+02 -2.2181e+00
-4.0000e+01 1.1000e+02 -3.5494e-01
-4.0000e+01 1.2000e+02 2.4777e-01
-4.0000e+01 1.3000e+02 -1.5972e+00
-4.0000e+01 1.4000e+02 1.0829e+00
-4.0000e+01 1.5000e+02 -1.1348e+00
-4.0000e+01 1.6000e+02 -2.4629e+00
-4.0000e+01 1.7000e+02 -1.9718e+00
-4.0000e+01 1.8000e+02 -4.8206e-01
-4.0000e+01 1.9000e+02 1.3517e+00
-4.0000e+01 2.0000e+02 -2.0451e+00
-3.0000e+01 -2.0000e+02 -1.1029e-03
-3.0000e+01 -1.9000e+02 -4.9573e-02
-3.0000e+01 -1.8000e+02 -8.5433e-01
-3.0000e+01 -1.7000e+02 -3.4020e+00
-3.0000e+01 -1.6000e+02 1.9337e+00
-3.0000e+01 -1.5000e+02 -2.2219e+00
-3.0000e+01 -1.4000e+02 -2.4373e+00
-3.0000e+01 -1.3000e+02 -2.5775e-01
-3.0000e+01 -1.2000e+02 -2.1655e+00
-3.0000e+01 -1.1000e+02 -2.0579e+00
-3.0000e+01 -1.0000e+02 -3.2893e+00
-3.0000e+01 -9.0000e+01 -2.4002e+00
-3.0000e+01 -8.0000e+01 -6.9860e+00
-3.0000e+01 -7.0000e+01 -6.8375e+00
-3.0000e+01 -6.0000e+01 -5.5323e+00
-3.0000e+01 -5.0000e+01 -9.9901e+00
-3.0000e+01 -4.0000e+01 -6.8148e+00
-3.0000e+01 -3.0000e+01 -1.2701e+01
-3.0000e+01 -2.0000e+01 -1.6075e+01
-3.0000e+01 -1.0000e+01 -1.1003e+01
-3.0000e+01 0.0000e+00 -1.5466e+01
-3.0000e+01 1.0000e+01 -9.7919e+00
-3.0000e+01 2.0000e+01 -1.2783e+01
-3.0000e+01 3.0000e+01 -9.4137e+00
-3.0000e+01 4.0000e+01 -6.2285e+00
-3.0000e+01 5.0000e+01 -8.7799e+00
-3.0000e+01 6.0000e+01 -6.6556e+00
-3.0000e+01 7.0000e+01 -3.7557e+00
-3.0000e+01 8.0000e+01 -4.5545e+00
-3.0000e+01 9.0000e+01 -1.0204e+00
-3.0000e+01 1.0000e+02 -8.3689e-01
-3.0000e+01 1.1000e+02 -1.8599e+00
-3.0000e+01 1.2000e+02 -4.3291e+00
-3.0000e+01 1.3000e+02 -5.7464e-01
-3.0000e+01 1.4000e+02 -3.6153e-01
-3.0000e+01 1.5000e+02 1.0687e+00
-3.0000e+01 1.6000e+02 -1.8609e+00
-3.0000e+01 1.7000e+02 2.0542e-01
-3.0000e+01 1.8000e+02 -2.0151e+00
-3.0000e+01 1.9000e+02 2.2384e+00
-3.0000e+01 2.0000e+02 9.5339e-01
-2.0000e+01 -2.0000e+02 4.1171e-02
-2.0000e+01 -1.9000e+02 2.1407e+00
-2.0000e+01 -1.8000e+02 -1.4235e+00
-2.0000e+01 -1.7000e+02 -1.5222e-01
-2.0000e+01 -1.6000e+02 -3.7918e-01
-2.0000e+01 -1.5000e+02 3.7736e-01
-2.0000e+01 -1.4000e+02 -1.3435e+00
-2.0000e+01 -1.3000e+02 -2.6229e+00
-2.0000e+01 -1.2000e+02 1.7101e-01
-2.0000e+01 -1.1000e+02 -3.2411e+00
-2.0000e+01 -1.0000e+02 -5.5877e+00
-2.0000e+01 -9.0000e+01 -3.3902e+00
-2.0000e+01 -8.0000e+01 -4.5170e+00
-2.0000e+01 -7.0000e+01 -4.8446e+00
-2.0000e+01 -6.0000e+01 -1.0349e+01
-2.0000e+01 -5.0000e+01 -1.0672e+01
-2.0000e+01 -4.0000e+01 -1.0732e+01
-2.0000e+01 -3.0000e+01 -1.0551e+01
-2.0000e+01 -2.0000e+01 -1.0271e+01
-2.0000e+01 -1.0000e+01 -1.4674e+01
-2.0000e+01 0.0000e+00 -1.5171e+01
-2.0000e+01 1.0000e+01 -1.5790e+01
-2.0000e+01 2.0000e+01 -1.4433e+01
-2.0000e+01 3.0000e+01 -1.2586e+01
-2.0000e+01 4.0000e+01 -1.0810e+01
-2.0000e+01 5.0000e+01 -1.0773e+01
-2.0000e+01 6.0000e+01 -5.2326e+00
-2.0000e+01 7.0000e+01 -7.4825e+00
-2.0000e+01 8.0000e+01 -6.6070e+00
-2.0000e+01 9.0000e+01 -3.5615e+00
-2.0000e+01 1.0000e+02 -4.7763e+00
-2.0000e+01 1.1000e+02 1.6960e-01
-2.0000e+01 1.2000e+02 -1.2301e+00
-2.0000e+01 1.3000e+02 -1.7364e+00
-2.0000e+01 1.4000e+02 -2.8105e+00
-2.0000e+01 1.5000e+02 -5.3585e-01
-2.0000e+01 1.6000e+02 -3.1343e-02
-2.0000e+01 1.7000e+02 5.1850e-01
-2.0000e+01 1.8000e+02 -2.4852e+00
-2.0000e+01 1.9000e+02 1.3611e+00
-2.0000e+01 2.0000e+02 6.1958e-01
-1.0000e+01 -2.0000e+02 1.7076e+00
-1.0000e+01 -1.9000e+02 -1.9457e+00
-1.0000e+01 -1.8000e+02 -4.8835e-01
-1.0000e+01 -1.7000e+02 3.7025e-01
-1.0000e+01 -1.6000e+02 2.6957e-02
-1.0000e+01 -1.5000e+02 6.5461e-01
-1.0000e+01 -1.4000e+02 1.3695e-01
-1.0000e+01 -1.3000e+02 -1.4965e+00
-1.0000e+01 -1.2000e+02 -5.0236e-01
-1.0000e+01 -1.1000e+02 -2.5836e+00
-1.0000e+01 -1.0000e+02 -2.9839e+00
-1.0000e+01 -9.0000e+01 -5.8520e+00
-1.0000e+01 -8.0000e+01 -8.3140e+00
-1.0000e+01 -7.0000e+01 -7.5134e+00
-1.0000e+01 -6.0000e+01 -5.7231e+00
-1.0000e+01 -5.0000e+01 -8.8190e+00
-1.0000e+01 -4.0000e+01 -1.1732e+01
-1.0000e+01 -3.0000e+01 -1.3077e+01
-1.0000e+01 -2.0000e+01 -1.2620e+01
-1.0000e+01 -1.0000e+01 -1.3214e+01
-1.0000e+01 0.0000e+00 -1.3931e+01
-1.0000e+01 1.0000e+01 -1.5167e+01
-1.0000e+01 2.0000e+01 -1.2843e+01
-1.0000e+01 3.0000e+01 -1.3131e+01
-1.0000e+01 4.0000e+01 -1.0391e+01
-1.0000e+01 5.0000e+01 -8.6866e+00
-1.0000e+01 6.0000e+01 -9.3296e+00
-1.0000e+01 7.0000e+01 -9.2812e+00
-1.0000e+01 8.0000e+01 -6.5372e+00
-1.0000e+01 9.0000e+01 -7.1129e+00
-1.0000e+01 1.0000e+02 -3.5028e+00
-1.0000e+01 1.1000e+02 -5.0942e+00
-1.0000e+01 1.2000e+02 -1.7964e+00
-1.0000e+01 1.3000e+02 -1.6610e+00
-1.0000e+01 1.4000e+02 -4.6561e-01
-1.0000e+01 1.5000e+02 5.2469e-01
-1.0000e+01 1.6000e+02 -1.1369e+00
-1.0000e+01 1.7000e+02 2.4780e+00
-1.0000e+01 1.8000e+02 1.8595e+00
-1.0000e+01 1.9000e+02 -1.6304e+00
-1.0000e+01 2.0000e+02 -6.7289e-02
0.0000e+00 -2.0000e+02 5.8327e-01
0.0000e+00 -1.9000e+02 -2.1394e+00
0.0000e+00 -1.8000e+02 -3.2766e-01
0.0000e+00 -1.7000e+02 -3.9552e-01
0.0000e+00 -1.6000e+02 4.4488e-01
0.0000e+00 -1.5000e+02 1.5128e+00
0.0000e+00 -1.4000e+02 -4.8206e-01
0.0000e+00 -1.3000e+02 -3.0281e+00
0.0000e+00 -1.2000e+02 -3.2269e+00
0.0000e+00 -1.1000e+02 -3.2054e+00
0.0000e+00 -1.0000e+02 -1.3407e+00
0.0000e+00 -9.0000e+01 -3.8162e+00
0.0000e+00 -8.0000e+01 -5.3926e+00
0.0000e+00 -7.0000e+01 -6.4413e+00
0.0000e+00 -6.0000e+01 -8.0577e+00
0.0000e+00 -5.0000e+01 -1.2266e+01
0.0000e+00 -4.0000e+01 -1.0750e+01
0.0000e+00 -3.0000e+01 -1.3560e+01
0.0000e+00 -2.0000e+01 -1.1926e+01
0.0000e+00 -1.0000e+01 -1.4368e+01
0.0000e+00 0.0000e+00 -1.6014e+01
0.0000e+00 1.0000e+01 -1.6698e+01
0.0000e+00 2.0000e+01 -1.3745e+01
0.0000e+00 3.0000e+01 -1.3259e+01
0.0000e+00 4.0000e+01 -1.0269e+01
0.0000e+00 5.0000e+01 -9.9316e+00
0.0000e+00 6.0000e+01 -8.1342e+00
0.0000e+00 7.0000e+01 -7.3996e+00
0.0000e+00 8.0000e+01 -4.1795e+00
0.0000e+00 9.0000e+01 -6.3848e+00
0.0000e+00 1.0000e+02 -3.5104e+00
0.0000e+00 1.1000e+02 -5.3337e+00
0.0000e+00 1.2000e+02 -1.0916e+00
0.0000e+00 1.3000e+02 -8.2801e-01
0.0000e+00 1.4000e+02 -2.6119e+00
0.0000e+00 1.5000e+02 -6.7562e-01
0.0000e+00 1.6000e+02 -2.9641e-01
0.0000e+00 1.7000e+02 5.2105e-01
0.0000e+00 1.8000e+02 -4.9811e-02
0.0000e+00 1.9000e+02 6.3093e-02
0.0000e+00 2.0000e+02 2.5945e+00
1.0000e+01 -2.0000e+02 1.3703e+00
1.0000e+01 -1.9000e+02 -2.9640e-01
1.0000e+01 -1.8000e+02 -2.0483e+00
1.0000e+01 -1.7000e+02 2.4923e+00
1.0000e+01 -1.6000e+02 -2.7715e-01
1.0000e+01 -1.5000e+02 9.2815e-02
1.0000e+01 -1.4000e+02 -2.4579e-01
1.0000e+01 -1.3000e+02 -3.0441e+00
1.0000e+01 -1.2000e+02 -8.0116e-01
1.0000e+01 -1.1000e+02 -2.2545e+00
1.0000e+01 -1.0000e+02 -2.6047e+00
1.0000e+01 -9.0000e+01 -3.5118e+00
1.0000e+01 -8.0000e+01 -5.5620e+00
1.0000e+01 -7.0000e+01 -9.6800e+00
1.0000e+01 -6.0000e+01 -1.0829e+01
1.0000e+01 -5.0000e+01 -7.4625e+00
1.0000e+01 -4.0000e+01 -1.0699e+01
1.0000e+01 -3.0000e+01 -1.2836e+01
1.0000e+01 -2.0000e+01 -1.4698e+01
1.0000e+01 -1.0000e+01 -1.6919e+01
1.0000e+01 0.0000e+00 -1.5107e+01
1.0000e+01 1.0000e+01 -1.5087e+01
1.0000e+01 2.0000e+01 -1.3790e+01
1.0000e+01 3.0000e+01 -1.4770e+01
1.0000e+01 4.0000e+01 -1.0447e+01
1.0000e+01 5.0000e+01 -9.9677e+00
1.0000e+01 6.0000e+01 -1.2467e+01
1.0000e+01 7.0000e+01 -6.4522e+00
1.0000e+01 8.0000e+01 -5.2754e+00
1.0000e+01 9.0000e+01 -6.2946e+00
1.0000e+01 1.0000e+02 -3.3883e+00
1.0000e+01 1.1000e+02 -2.0153e+00
1.0000e+01 1.2000e+02 -3.6898e+00
1.0000e+01 1.3000e+02 -4.4337e+00
1.0000e+01 1.4000e+02 -1.3480e+00
1.0000e+01 1.5000e+02 1.4726e+00
1.0000e+01 1.6000e+02 -2.5874e-01
1.0000e+01 1.7000e+02 -2.3581e-01
1.0000e+01 1.8000e+02 3.1481e-01
1.0000e+01 1.9000e+02 -9.4055e-02
1.0000e+01 2.0000e+02 4.3138e-01
2.0000e+01 -2.0000e+02 2.8940e-01
2.0000e+01 -1.9000e+02 1.5808e+00
2.0000e+01 -1.8000e+02 -1.7388e+00
2.0000e+01 -1.7000e+02 1.4563e+00
2.0000e+01 -1.6000e+02 1.7369e+00
2.0000e+01 -1.5000e+02 -1.5654e+00
2.0000e+01 -1.4000e+02 1.8595e+00
2.0000e+01 -1.3000e+02 -1.7261e+00
2.0000e+01 -1.2000e+02 -3.7601e+00
2.0000e+01 -1.1000e+02 -6.5755e-01
2.0000e+01 -1.0000e+02 -5.2005e+00
2.0000e+01 -9.0000e+01 -5.4884e+00
2.0000e+01 -8.0000e+01 -7.2033e+00
2.0000e+01 -7.0000e+01 -7.0959e+00
2.0000e+01 -6.0000e+01 -8.8401e+00
2.0000e+01 -5.0000e+01 -1.1379e+01
2.0000e+01 -4.0000e+01 -1.0131e+01
2.0000e+01 -3.0000e+01 -1.2989e+01
2.0000e+01 -2.0000e+01 -1.2217e+01
2.0000e+01 -1.0000e+01 -1.4713e+01
2.0000e+01 0.0000e+00 -1.3628e+01
2.0000e+01 1.0000e+01 -1.5328e+01
2.0000e+01 2.0000e+01 -1.2051e+01
2.0000e+01 3.0000e+01 -1.4324e+01
2.0000e+01 4.0000e+01 -1.2460e+01
2.0000e+01 5.0000e+01 -8.5513e+00
2.0000e+01 6.0000e+01 -9.0246e+00
2.0000e+01 7.0000e+01 -5.4667e+00
2.0000e+01 8.0000e+01 -6.1930e+00
2.0000e+01 9.0000e+01 -5.7156e+00
2.0000e+01 1.0000e+02 -3.6588e+00
2.0000e+01 1.1000e+02 -2.1365e-01
2.0000e+01 1.2000e+02 -3.8253e+00
2.0000e+01 1.3000e+02 -1.6838e+00
2.0000e+01 1.4000e+02 4.6896e-01
2.0000e+01 1.5000e+02 -1.5985e+00
2.0000e+01 1.6000e+02 -1.3982e+00
2.0000e+01 1.7000e+02 -2.1615e+00
2.0000e+01 1.8000e+02 3.2916e+00
2.0000e+01 1.9000e+02 2.3394e-01
2.0000e+01 2.0000e+02 -1.7221e+00
3.0000e+01 -2.0000e+02 -1.4372e+00
3.0000e+01 -1.9000e+02 -1.8129e+00
3.0000e+01 -1.8000e+02 -1.7056e+00
3.0000e+01 -1.7000e+02 5.4623e-01
3.0000e+01 -1.6000e+02 3.0846e+00
3.0000e+01 -1.5000e+02 -2.4614e-01
3.0000e+01 -1.4000e+02 1.6883e+00
3.0000e+01 -1.3000e+02 -1.6861e+00
3.0000e+01 -1.2000e+02 -2.3186e+00
3.0000e+01 -1.1000e+02 -1.3646e+00
3.0000e+01 -1.0000e+02 -1.2687e+00
3.0000e+01 -9.0000e+01 -2.8369e+00
3.0000e+01 -8.0000e+01 -4.4880e+00
3.0000e+01 -7.0000e+01 -4.4799e+00
3.0000e+01 -6.0000e+01 -7.9791e+00
3.0000e+01 -5.0000e+01 -9.9023e+00
3.0000e+01 -4.0000e+01 -9.1524e+00
3.0000e+01 -3.0000e+01 -1.2511e+01
3.0000e+01 -2.0000e+01 -1.2982e+01
3.0000e+01 -1.0000e+01 -1.2181e+01
3.0000e+01 0.0000e+00 -1.2554e+01
3.0000e+01 1.0000e+01 -1.3267e+01
3.0000e+01 2.0000e+01 -1.2933e+01
3.0000e+01 3.0000e+01 -1.0519e+01
3.0000e+01 4.0000e+01 -1.0747e+01
3.0000e+01 5.0000e+01 -1.0902e+01
3.0000e+01 6.0000e+01 -7.5251e+00
3.0000e+01 7.0000e+01 -6.0003e+00
3.0000e+01 8.0000e+01 -3.5398e+00
3.0000e+01 9.0000e+01 -5.6537e+00
3.0000e+01 1.0000e+02 -5.0489e+00
3.0000e+01 1.1000e+02 -3.8570e+00
3.0000e+01 1.2000e+02 -2.1876e+00
3.0000e+01 1.3000e+02 -7.9422e-01
3.0000e+01 1.4000e+02 -2.7609e+00
3.0000e+01 1.5000e+02 -9.8325e-01
3.0000e+01 1.6000e+02 -7.6249e-01
3.0000e+01 1.7000e+02 -1.2598e+00
3.0000e+01 1.8000e+02 -1.5271e-01
3.0000e+01 1.9000e+02 -4.0099e+00
3.0000e+01 2.0000e+02 -2.3498e+00
4.0000e+01 -2.0000e+02 3.8676e+00
4.0000e+01 -1.9000e+02 -7.5097e-01
4.0000e+01 -1.8000e+02 9.1398e-01
4.0000e+01 -1.7000e+02 -9.7770e-01
4.0000e+01 -1.6000e+02 9.6708e-01
4.0000e+01 -1.5000e+02 -5.0533e-01
4.0000e+01 -1.4000e+02 1.3940e-02
4.0000e+01 -1.3000e+02 4.0933e-01
4.0000e+01 -1.2000e+02 -6.4500e-01
4.0000e+01 -1.1000e+02 -2.0323e+00
4.0000e+01 -1.0000e+02 -4.9030e+00
4.0000e+01 -9.0000e+01 -6.9345e+00
4.0000e+01 -8.0000e+01 -4.5981e+00
4.0000e+01 -7.0000e+01 -4.6960e+00
4.0000e+01 -6.0000e+01 -8.4861e+00
4.0000e+01 -5.0000e+01 -4.2069e+00
4.0000e+01 -4.0000e+01 -4.5963e+00
4.0000e+01 -3.0000e+01 -1.0206e+01
4.0000e+01 -2.0000e+01 -1.1255e+01
4.0000e+01 -1.0000e+01 -1.3611e+01
4.0000e+01 0.0000e+00 -1.0631e+01
4.0000e+01 1.0000e+01 -1.1721e+01
4.0000e+01 2.0000e+01 -9.6284e+00
4.0000e+01 3.0000e+01 -1.0395e+01
4.0000e+01 4.0000e+01 -1.1839e+01
4.0000e+01 5.0000e+01 -7.6953e+00
4.0000e+01 6.0000e+01 -5.5706e+00
4.0000e+01 7.0000e+01 -6.8145e+00
4.0000e+01 8.0000e+01 -3.8114e+00
4.0000e+01 9.0000e+01 -1.2340e+00
4.0000e+01 1.0000e+02 -1.4310e+00
4.0000e+01 1.1000e+02 -1.5878e+00
4.0000e+01 1.2000e+02 -1.8062e+00
4.0000e+01 1.3000e+02 -1.7927e+00
4.0000e+01 1.4000e+02 -1.2258e+00
4.0000e+01 1.5000e+02 -9.0982e-01
4.0000e+01 1.6000e+02 5.8455e-02
4.0000e+01 1.7000e+02 -7.7705e-02
4.0000e+01 1.8000e+02 1.5313e+00
4.0000e+01 1.9000e+02 6.8631e-01
4.0000e+01 2.0000e+02 -1.8736e+00
5.0000e+01 -2.0000e+02 2.4300e-02
5.0000e+01 -1.9000e+02 4.9312e-03
5.0000e+01 -1.8000e+02 2.1251e+00
5.0000e+01 -1.7000e+02 1.2571e+00
5.0000e+01 -1.6000e+02 -1.5328e+00
5.0000e+01 -1.5000e+02 -3.3441e+00
5.0000e+01 -1.4000e+02 1.4730e+00
5.0000e+01 -1.3000e+02 -2.0603e+00
5.0000e+01 -1.2000e+02 -5.2327e-01
5.0000e+01 -1.1000e+02 8.4231e-02
5.0000e+01 -1.0000e+02 -9.8404e-01
5.0000e+01 -9.0000e+01 -2.3456e+00
5.0000e+01 -8.0000e+01 -4.5654e+00
5.0000e+01 -7.0000e+01 -3.6933e+00
5.0000e+01 -6.0000e+01 -5.0681e+00
5.0000e+01 -5.0000e+01 -7.2794e+00
5.0000e+01 -4.0000e+01 -1.0246e+01
5.0000e+01 -3.0000e+01 -9.4799e+00
5.0000e+01 -2.0000e+01 -7.3696e+00
5.0000e+01 -1.0000e+01 -9.7517e+00
5.0000e+01 0.0000e+00 -9.6559e+00
5.0000e+01 1.0000e+01 -1.0088e+01
5.0000e+01 2.0000e+01 -9.0289e+00
5.0000e+01 3.0000e+01 -8.5561e+00
5.0000e+01 4.0000e+01 -8.5834e+00
5.0000e+01 5.0000e+01 -9.5037e+00
5.0000e+01 6.0000e+01 -5.0243e+00
5.0000e+01 7.0000e+01 -3.6860e+00
5.0000e+01 8.0000e+01 -1.2261e+00
5.0000e+01 9.0000e+01 -4.6222e+00
5.0000e+01 1.0000e+02 -1.6991e+00
5.0000e+01 1.1000e+02 -1.0101e+00
5.0000e+01 1.2000e+02 -1.8229e+00
5.0000e+01 1.3000e+02 -1.9094e+00
5.0000e+01 1.4000e+02 -1.0289e+00
5.0000e+01 1.5000e+02 4.3049e-01
5.0000e+01 1.6000e+02 -1.0232e+00
5.0000e+01 1.7000e+02 -1.1355e+00
5.0000e+01 1.8000e+02 2.1273e+00
5.0000e+01 1.9000e+02 -8.3175e-01
5.0000e+01 2.0000e+02 -2.0142e+00
6.0000e+01 -2.0000e+02 -1.3921e+00
6.0000e+01 -1.9000e+02 1.3619e-01
6.0000e+01 -1.8000e+02 -1.2070e+00
6.0000e+01 -1.7000e+02 2.6906e+00
6.0000e+01 -1.6000e+02 -9.9845e-01
6.0000e+01 -1.5000e+02 -1.4029e+00
6.0000e+01 -1.4000e+02 -1.7546e+00
6.0000e+01 -1.3000e+02 2.5833e+00
6.0000e+01 -1.2000e+02 1.8274e+00
6.0000e+01 -1.1000e+02 -6.3419e-01
6.0000e+01 -1.0000e+02 -2.8195e+00
6.0000e+01 -9.0000e+01 -1.8149e+00
6.0000e+01 -8.0000e+01 -1.5752e+00
6.0000e+01 -7.0000e+01 -4.6206e+00
6.0000e+01 -6.0000e+01 -5.6389e+00
6.0000e+01 -5.0000e+01 -6.2707e+00
6.0000e+01 -4.0000e+01 -7.3351e+00
6.0000e+01 -3.0000e+01 -8.4532e+00
6.0000e+01 -2.0000e+01 -8.0309e+00
6.0000e+01 -1.0000e+01 -7.2508e+00
6.0000e+01 0.0000e+00 -7.9800e+00
6.0000e+01 1.0000e+01 -8.5357e+00
6.0000e+01 2.0000e+01 -8.1455e+00
6.0000e+01 3.0000e+01 -7.2482e+00
6.0000e+01 4.0000e+01 -5.2879e+00
6.0000e+01 5.0000e+01 -7.6805e+00
6.0000e+01 6.0000e+01 -3.6524e+00
6.0000e+01 7.0000e+01 -4.4990e+00
6.0000e+01 8.0000e+01 -6.3104e-03
6.0000e+01 9.0000e+01 -1.1446e+00
6.0000e+01 1.0000e+02 -1.1662e+00
6.0000e+01 1.1000e+02 -3.0455e+00
6.0000e+01 1.2000e+02 -8.6661e-01
6.0000e+01 1.3000e+02 -2.6548e-01
6.0000e+01 1.4000e+02 -1.2588e+00
6.0000e+01 1.5000e+02 -1.4417e+00
6.0000e+01 1.6000e+02 -5.9104e-01
6.0000e+01 1.7000e+02 6.9171e-01
6.0000e+01 1.8000e+02 -1.1423e+00
6.0000e+01 1.9000e+02 1.5200e+00
6.0000e+01 2.0000e+02 1.9952e+00
7.0000e+01 -2.0000e+02 -3.4553e-01
7.0000e+01 -1.9000e+02 9.4083e-01
7.0000e+01 -1.8000e+02 2.4518e+00
7.0000e+01 -1.7000e+02 -2.3926e+00
7.0000e+01 -1.6000e+02 -9.3018e-01
7.0000e+01 -1.5000e+02 -2.3236e+00
7.0000e+01 -1.4000e+02 7.9823e-01
7.0000e+01 -1.3000e+02 1.4799e+00
7.0000e+01 -1.2000e+02 -1.6032e+00
7.0000e+01 -1.1000e+02 2.4243e-02
7.0000e+01 -1.0000e+02 -2.2374e+00
7.0000e+01 -9.0000e+01 -1.0249e+00
7.0000e+01 -8.0000e+01 -2.3357e+00
7.0000e+01 -7.0000e+01 -3.1359e+00
7.0000e+01 -6.0000e+01 -4.9612e+00
7.0000e+01 -5.0000e+01 -2.2098e+00
7.0000e+01 -4.0000e+01 -3.4143e+00
7.0000e+01 -3.0000e+01 -5.7901e+00
7.0000e+01 -2.0000e+01 -7.2328e+00
7.0000e+01 -1.0000e+01 -9.7409e+00
7.0000e+01 0.0000e+00 -6.2457e+00
7.0000e+01 1.0000e+01 -6.3337e+00
7.0000e+01 2.0000e+01 -7.1250e+00
7.0000e+01 3.0000e+01 -3.0717e+00
7.0000e+01 4.0000e+01 -5.7747e+00
7.0000e+01 5.0000e+01 -3.8831e+00
7.0000e+01 6.0000e+01 -2.1859e+00
7.0000e+01 7.0000e+01 -4.2642e+00
7.0000e+01 8.0000e+01 -9.2372e-01
7.0000e+01 9.0000e+01 -3.2150e+00
7.0000e+01 1.0000e+02 -1.8748e+00
7.0000e+01 1.1000e+02 -8.8936e-01
7.0000e+01 1.2000e+02 -1.8453e+00
7.0000e+01 1.3000e+02 -6.5154e-03
7.0000e+01 1.4000e+02 3.5792e-01
7.0000e+01 1.5000e+02 -5.4090e-01
7.0000e+01 1.6000e+02 1.7919e+00
7.0000e+01 1.7000e+02 1.1248e+00
7.0000e+01 1.8000e+02 1.5387e+00
7.0000e+01 1.9000e+02 3.8881e-01
7.0000e+01 2.0000e+02 -2.0327e-01
8.0000e+01 -2.0000e+02 8.4240e-01
8.0000e+01 -1.9000e+02 -9.3364e-01
8.0000e+01 -1.8000e+02 8.5098e-01
8.0000e+01 -1.7000e+02 -2.7585e-01
8.0000e+01 -1.6000e+02 5.4927e-01
8.0000e+01 -1.5000e+02 -9.3026e-01
8.0000e+01 -1.4000e+02 -1.0101e+00
8.0000e+01 -1.3000e+02 3.5313e-01
8.0000e+01 -1.2000e+02 -2.0984e+00
8.0000e+01 -1.1000e+02 -2.2601e+00
8.0000e+01 -1.0000e+02 -2.1481e+00
8.0000e+01 -9.0000e+01 -1.3595e-01
8.0000e+01 -8.0000e+01 -2.1684e+00
8.0000e+01 -7.0000e+01 -2.1872e+00
8.0000e+01 -6.0000e+01 -2.9339e+00
8.0000e+01 -5.0000e+01 -2.1351e+00
8.0000e+01 -4.0000e+01 -1.6732e+00
8.0000e+01 -3.0000e+01 -4.0907e+00
8.0000e+01 -2.0000e+01 -5.6247e+00
8.0000e+01 -1.0000e+01 -3.7044e+00
8.0000e+01 0.0000e+00 -7.3225e+00
8.0000e+01 1.0000e+01 -6.6732e+00
8.0000e+01 2.0000e+01 -3.8137e+00
8.0000e+01 3.0000e+01 -5.3124e+00
8.0000e+01 4.0000e+01 -3.5905e+00
8.0000e+01 5.0000e+01 -3.2326e+00
8.0000e+01 6.0000e+01 -1.4828e+00
8.0000e+01 7.0000e+01 2.5441e-01
8.0000e+01 8.0000e+01 -2.6189e+00
8.0000e+01 9.0000e+01 -2.2462e-01
8.0000e+01 1.0000e+02 -4.1074e+00
8.0000e+01 1.1000e+02 -2.4772e+00
8.0000e+01 1.2000e+02 1.0682e+00
8.0000e+01 1.3000e+02 -4.4546e-01
8.0000e+01 1.4000e+02 -2.4801e+00
8.0000e+01 1.5000e+02 -2.8496e+00
8.0000e+01 1.6000e+02 -3.4819e+00
8.0000e+01 1.7000e+02 -3.3229e-01
8.0000e+01 1.8000e+02 1.0106e+00
8.0000e+01 1.9000e+02 -1.3130e+00
8.0000e+01 2.0000e+02 1.7836e+00
9.0000e+01 -2.0000e+02 -3.2918e+00
9.0000e+01 -1.9000e+02 -1.0974e-01
9.0000e+01 -1.8000e+02 -1.4881e+00
9.0000e+01 -1.7000e+02 -2.0086e+00
9.0000e+01 -1.6000e+02 2.6311e+00
9.0000e+01 -1.5000e+02 -1.1416e+00
9.0000e+01 -1.4000e+02 1.4031e+00
9.0000e+01 -1.3000e+02 -8.6868e-01
9.0000e+01 -1.2000e+02 -1.4626e+00
9.0000e+01 -1.1000e+02 -3.3709e+00
9.0000e+01 -1.0000e+02 -1.6819e-01
9.0000e+01 -9.0000e+01 -2.9237e+00
9.0000e+01 -8.0000e+01 -4.7876e+00
9.0000e+01 -7.0000e+01 -6.0407e-01
9.0000e+01 -6.0000e+01 -2.1491e+00
9.0000e+01 -5.0000e+01 -6.0674e-01
9.0000e+01 -4.0000e+01 -5.4293e+00
9.0000e+01 -3.0000e+01 -4.4711e+00
9.0000e+01 -2.0000e+01 -3.3349e+00
9.0000e+01 -1.0000e+01 -5.6920e-01
9.0000e+01 0.0000e+00 -7.0941e+00
9.0000e+01 1.0000e+01 -5.4126e+00
9.0000e+01 2.0000e+01 -4.3248e+00
9.0000e+01 3.0000e+01 -4.7986e+00
9.0000e+01 4.0000e+01 -2.5556e+00
9.0000e+01 5.0000e+01 -2.8910e+00
9.0000e+01 6.0000e+01 -2.9582e+00
9.0000e+01 7.0000e+01 -4.0573e+00
9.0000e+01 8.0000e+01 -3.0357e+00
9.0000e+01 9.0000e+01 4.6026e-01
9.0000e+01 1.0000e+02 -8.2116e-01
9.0000e+01 1.1000e+02 3.6305e-01
9.0000e+01 1.2000e+02 1.4912e-01
9.0000e+01 1.3000e+02 -1.0046e+00
9.0000e+01 1.4000e+02 -1.7912e+00
9.0000e+01 1.5000e+02 1.0070e+00
9.0000e+01 1.6000e+02 2.0149e+00
9.0000e+01 1.7000e+02 1.1536e+00
9.0000e+01 1.8000e+02 2.1325e+00
9.0000e+01 1.9000e+02 1.4968e+00
9.0000e+01 2.0000e+02 1.2160e+00
1.0000e+02 -2.0000e+02 -1.7325e-01
1.0000e+02 -1.9000e+02 -7.9422e-01
1.0000e+02 -1.8000e+02 -1.9134e+00
1.0000e+02 -1.7000e+02 -1.8873e+00
1.0000e+02 -1.6000e+02 -2.0006e+00
1.0000e+02 -1.5000e+02 -1.1478e+00
1.0000e+02 -1.4000e+02 -7.0932e-01
1.0000e+02 -1.3000e+02 1.2734e+00
1.0000e+02 -1.2000e+02 1.4420e+00
1.0000e+02 -1.1000e+02 -1.5068e+00
1.0000e+02 -1.0000e+02 -1.5842e-01
1.0000e+02 -9.0000e+01 -1.0906e+00
1.0000e+02 -8.0000e+01 -4.8302e+00
1.0000e+02 -7.0000e+01 -1.1862e-01
1.0000e+02 -6.0000e+01 -1.4009e+00
1.0000e+02 -5.0000e+01 -2.3406e+00
1.0000e+02 -4.0000e+01 5.6162e-02
1.0000e+02 -3.0000e+01 -1.6862e+00
1.0000e+02 -2.0000e+01 -4.5781e+00
1.0000e+02 -1.0000e+01 -1.6332e+00
1.0000e+02 0.0000e+00 -4.2200e+00
1.0000e+02 1.0000e+01 -2.4227e+00
1.0000e+02 2.0000e+01 -2.9185e+00
1.0000e+02 3.0000e+01 -4.4789e+00
1.0000e+02 4.0000e+01 -7.7759e-02
1.0000e+02 5.0000e+01 -1.8332e+00
1.0000e+02 6.0000e+01 -8.5293e-01
1.0000e+02 7.0000e+01 1.9990e-01
1.0000e+02 8.0000e+01 -3.2583e+00
1.0000e+02 9.0000e+01 -2.4972e+00
1.0000e+02 1.0000e+02 -1.5162e+00
1.0000e+02 1.1000e+02 1.2903e+00
1.0000e+02 1.2000e+02 1.7332e+00
1.0000e+02 1.3000e+02 -2.0903e+00
1.0000e+02 1.4000e+02 -2.2603e-01
1.0000e+02 1.5000e+02 4.2843e-01
1.0000e+02 1.6000e+02 2.0886e-01
1.0000e+02 1.7000e+02 4.1262e-01
1.0000e+02 1.8000e+02 -3.9926e-01
1.0000e+02 1.9000e+02 1.2641e+00
1.0000e+02 2.0000e+02 -2.1255e-01
1.1000e+02 -2.0000e+02 1.7526e+00
1.1000e+02 -1.9000e+02 -6.2144e-01
1.1000e+02 -1.8000e+02 -1.1879e+00
1.1000e+02 -1.7000e+02 2.1718e-01
1.1000e+02 -1.6000e+02 7.4209e-01
1.1000e+02 -1.5000e+02 7.6736e-01
1.1000e+02 -1.4000e+02 -1.3462e+00
1.1000e+02 -1.3000e+02 -1.6541e+00
1.1000e+02 -1.2000e+02 1.4067e-01
1.1000e+02 -1.1000e+02 -8.8184e-01
1.1000e+02 -1.0000e+02 -2.1292e+00
1.1000e+02 -9.0000e+01 1.0745e+00
1.1000e+02 -8.0000e+01 -3.4763e+00
1.1000e+02 -7.0000e+01 -7.6438e-01
1.1000e+02 -6.0000e+01 -1.5411e+00
1.1000e+02 -5.0000e+01 1.5947e+00
1.1000e+02 -4.0000e+01 -4.7452e-01
1.1000e+02 -3.0000e+01 -1.4579e+00
1.1000e+02 -2.0000e+01 -4.3144e+00
1.1000e+02 -1.0000e+01 -3.1705e+00
1.1000e+02 0.0000e+00 -4.4103e+00
1.1000e+02 1.0000e+01 -2.4238e+00
1.1000e+02 2.0000e+01 -6.6003e-01
1.1000e+02 3.0000e+01 -2.6787e+00
1.1000e+02 4.0000e+01 -2.1490e+00
1.1000e+02 5.0000e+01 -3.0086e+00
1.1000e+02 6.0000e+01 -4.8746e-01
1.1000e+02 7.0000e+01 -2.1838e+00
1.1000e+02 8.0000e+01 -1.6198e+00
1.1000e+02 9.0000e+01 2.1709e-01
1.1000e+02 1.0000e+02 -1.8867e+00
1.1000e+02 1.1000e+02 -2.2977e+00
1.1000e+02 1.2000e+02 8.1666e-01
1.1000e+02 1.3000e+02 2.9772e+00
1.1000e+02 1.4000e+02 -9.3139e-01
1.1000e+02 1.5000e+02 1.2245e+00
1.1000e+02 1.6000e+02 5.3739e-01
1.1000e+02 1.7000e+02 2.4166e+00
1.1000e+02 1.8000e+02 -1.5972e+00
1.1000e+02 1.9000e+02 -1.8830e-01
1.1000e+02 2.0000e+02 1.1285e+00
1.2000e+02 -2.0000e+02 1.0989e+00
1.2000e+02 -1.9000e+02 1.1444e+00
1.2000e+02 -1.8000e+02 -2.6706e+00
1.2000e+02 -1.7000e+02 7.2640e-01
1.2000e+02 -1.6000e+02 -7.2539e-01
1.2000e+02 -1.5000e+02 4.1409e+00
1.2000e+02 -1.4000e+02 2.0302e+00
1.2000e+02 -1.3000e+02 3.5881e-01
1.2000e+02 -1.2000e+02 2.4927e+00
1.2000e+02 -1.1000e+02 -1.0444e+00
1.2000e+02 -1.0000e+02 2.2697e+00
1.2000e+02 -9.0000e+01 -2.2201e-01
1.2000e+02 -8.0000e+01 4.7612e-01
1.2000e+02 -7.0000e+01 -3.8128e-01
1.2000e+02 -6.0000e+01 -5.3645e-01
1.2000e+02 -5.0000e+01 -1.5043e+00
1.2000e+02 -4.0000e+01 1.0941e-01
1.2000e+02 -3.0000e+01 -3.8949e+00
1.2000e+02 -2.0000e+01 -4.1717e+00
1.2000e+02 -1.0000e+01 -2.6201e+00
1.2000e+02 0.0000e+00 -3.6203e-01
1.2000e+02 1.0000e+01 -2.5065e+00
1.2000e+02 2.0000e+01 -1.6477e+00
1.2000e+02 3.0000e+01 -3.0134e+00
1.2000e+02 4.0000e+01 -2.2903e+00
1.2000e+02 5.0000e+01 9.8755e-01
1.2000e+02 6.0000e+01 -2.3412e+00
1.2000e+02 7.0000e+01 -9.1089e-01
1.2000e+02 8.0000e+01 -3.4267e-01
1.2000e+02 9.0000e+01 2.2778e+00
1.2000e+02 1.0000e+02 1.0047e+00
1.2000e+02 1.1000e+02 -3.0599e+00
1.2000e+02 1.2000e+02 4.8732e-01
1.2000e+02 1.3000e+02 -2.1751e+00
1.2000e+02 1.4000e+02 -6.5142e-01
1.2000e+02 1.5000e+02 -2.0140e+00
1.2000e+02 1.6000e+02 4.8590e-01
1.2000e+02 1.7000e+02 -1.3130e-01
1.2000e+02 1.8000e+02 -1.4237e+00
1.2000e+02 1.9000e+02 1.5823e+00
1.2000e+02 2.0000e+02 2.6646e+00
1.3000e+02 -2.0000e+02 -3.5910e-01
1.3000e+02 -1.9000e+02 8.7841e-01
1.3000e+02 -1.8000e+02 3.6178e-01
1.3000e+02 -1.7000e+02 2.0728e+00
1.3000e+02 -1.6000e+02 2.5005e-01
1.3000e+02 -1.5000e+02 1.3156e+00
1.3000e+02 -1.4000e+02 2.2060e+00
1.3000e+02 -1.3000e+02 -2.1534e+00
1.3000e+02 -1.2000e+02 -1.3364e+00
1.3000e+02 -1.1000e+02 -2.5816e+00
1.3000e+02 -1.0000e+02 6.4753e-02
1.3000e+02 -9.0000e+01 -2.4735e+00
1.3000e+02 -8.0000e+01 1.0782e+00
1.3000e+02 -7.0000e+01 1.6981e-01
1.3000e+02 -6.0000e+01 1.6599e+00
1.3000e+02 -5.0000e+01 -6.9460e-01
1.3000e+02 -4.0000e+01 -4.6891e-01
1.3000e+02 -3.0000e+01 -9.4630e-01
1.3000e+02 -2.0000e+01 -1.1537e+00
1.3000e+02 -1.0000e+01 -1.5990e+00
1.3000e+02 0.0000e+00 -1.0276e+00
1.3000e+02 1.0000e+01 -1.4596e+00
1.3000e+02 2.0000e+01 -3.9377e+00
1.3000e+02 3.0000e+01 -7.0824e-01
1.3000e+02 4.0000e+01 4.3561e-01
1.3000e+02 5.0000e+01 -8.9630e-01
1.3000e+02 6.0000e+01 -9.3503e-01
1.3000e+02 7.0000e+01 -2.0687e-01
1.3000e+02 8.0000e+01 -1.3856e+00
1.3000e+02 9.0000e+01 7.7457e-01
1.3000e+02 1.0000e+02 1.7570e-01
1.3000e+02 1.1000e+02 -1.7598e+00
1.3000e+02 1.2000e+02 -5.4337e-01
1.3000e+02 1.3000e+02 5.8299e-01
1.3000e+02 1.4000e+02 9.4977e-01
1.3000e+02 1.5000e+02 3.0606e-01
1.3000e+02 1.6000e+02 1.6628e+00
1.3000e+02 1.7000e+02 -2.5612e-01
1.3000e+02 1.8000e+02 -4.6315e-01
1.3000e+02 1.9000e+02 1.3500e+00
1.3000e+02 2.0000e+02 -8.0243e-01
1.4000e+02 -2.0000e+02 3.9631e+00
1.4000e+02 -1.9000e+02 -2.7001e+00
1.4000e+02 -1.8000e+02 4.7663e-01
1.4000e+02 -1.7000e+02 1.3826e+00
1.4000e+02 -1.6000e+02 -3.0421e+00
1.4000e+02 -1.5000e+02 -7.3504e-01
1.4000e+02 -1.4000e+02 -2.0088e+00
1.4000e+02 -1.3000e+02 -8.6287e-01
1.4000e+02 -1.2000e+02 -2.7067e+00
1.4000e+02 -1.1000e+02 1.9349e+00
1.4000e+02 -1.0000e+02 -1.2414e+00
1.4000e+02 -9.0000e+01 -7.1038e-01
1.4000e+02 -8.0000e+01 -1.7837e+00
1.4000e+02 -7.0000e+01 2.0013e-01
1.4000e+02 -6.0000e+01 -1.2192e+00
1.4000e+02 -5.0000e+01 -5.1742e-01
1.4000e+02 -4.0000e+01 -2.3104e-01
1.4000e+02 -3.0000e+01 1.2857e+00
1.4000e+02 -2.0000e+01 4.7272e-01
1.4000e+02 -1.0000e+01 -9.7490e-01
1.4000e+02 0.0000e+00 -2.9129e+00
1.4000e+02 1.0000e+01 -2.6030e+00
1.4000e+02 2.0000e+01 -3.2554e+00
1.4000e+02 3.0000e+01 4.0455e-01
1.4000e+02 4.0000e+01 8.5310e-01
1.4000e+02 5.0000e+01 -1.4144e+00
1.4000e+02 6.0000e+01 -3.7860e-01
1.4000e+02 7.0000e+01 -1.0379e-01
1.4000e+02 8.0000e+01 -1.7855e+00
1.4000e+02 9.0000e+01 -8.9120e-01
1.4000e+02 1.0000e+02 2.0706e+00
1.4000e+02 1.1000e+02 -2.4631e-01
1.4000e+02 1.2000e+02 -2.3997e+00
1.4000e+02 1.3000e+02 -2.7108e+00
1.4000e+02 1.4000e+02 -2.4038e-01
1.4000e+02 1.5000e+02 -1.7998e-01
1.4000e+02 1.6000e+02 -1.6445e+00
1.4000e+02 1.7000e+02 -1.6612e-01
1.4000e+02 1.8000e+02 2.9001e+00
1.4000e+02 1.9000e+02 -2.2706e+00
1.4000e+02 2.0000e+02 -1.8377e-01
1.5000e+02 -2.0000e+02 1.6263e+00
1.5000e+02 -1.9000e+02 -2.3221e+00
1.5000e+02 -1.8000e+02 -4.2895e-01
1.5000e+02 -1.7000e+02 -2.5474e-01
1.5000e+02 -1.6000e+02 -5.1496e-01
1.5000e+02 -1.5000e+02 3.8054e+00
1.5000e+02 -1.4000e+02 3.5949e+00
1.5000e+02 -1.3000e+02 7.2388e-01
1.5000e+02 -1.2000e+02 -2.3930e+00
1.5000e+02 -1.1000e+02 1.3309e+00
1.5000e+02 -1.0000e+02 -2.9671e+00
1.5000e+02 -9.0000e+01 1.3880e+00
1.5000e+02 -8.0000e+01 3.8198e-01
1.5000e+02 -7.0000e+01 -3.2316e-01
1.5000e+02 -6.0000e+01 1.6339e-01
1.5000e+02 -5.0000e+01 -2.1164e-02
1.5000e+02 -4.0000e+01 -3.5988e-01
1.5000e+02 -3.0000e+01 1.7877e+00
1.5000e+02 -2.0000e+01 -1.2631e+00
1.5000e+02 -1.0000e+01 5.9914e-01
1.5000e+02 0.0000e+00 -5.8266e-01
1.5000e+02 1.0000e+01 -2.1204e+00
1.5000e+02 2.0000e+01 -1.7036e-01
1.5000e+02 3.0000e+01 -7.8775e-01
1.5000e+02 4.0000e+01 -3.2261e-01
1.5000e+02 5.0000e+01 -1.2390e+00
1.5000e+02 6.0000e+01 7.3272e-01
1.5000e+02 7.0000e+01 -2.0851e+00
1.5000e+02 8.0000e+01 9.6382e-01
1.5000e+02 9.0000e+01 4.7950e-01
1.5000e+02 1.0000e+02 5.3057e-01
1.5000e+02 1.1000e+02 2.3014e+00
1.5000e+02 1.2000e+02 -5.2000e-01
1.5000e+02 1.3000e+02 -1.4883e-01
1.5000e+02 1.4000e+02 -1.2561e+00
1.5000e+02 1.5000e+02 -2.9416e+00
1.5000e+02 1.6000e+02 -1.9784e-01
1.5000e+02 1.7000e+02 -1.5624e-01
1.5000e+02 1.8000e+02 -8.1437e-01
1.5000e+02 1.9000e+02 -3.6006e-01
1.5000e+02 2.0000e+02 -1.7081e+00
1.6000e+02 -2.0000e+02 2.0658e+00
1.6000e+02 -1.9000e+02 8.1524e-01
1.6000e+02 -1.8000e+02 2.0502e+00
1.6000e+02 -1.7000e+02 1.1487e+00
1.6000e+02 -1.6000e+02 -1.2370e+00
1.6000e+02 -1.5000e+02 1.3748e+00
1.6000e+02 -1.4000e+02 -3.9869e-01
1.6000e+02 -1.3000e+02 1.9095e-01
1.6000e+02 -1.2000e+02 -4.6303e-01
1.6000e+02 -1.1000e+02 -1.1187e+00
1.6000e+02 -1.0000e+02 -1.7636e+00
1.6000e+02 -9.0000e+01 1.4010e-01
1.6000e+02 -8.0000e+01 3.5029e-04
1.6000e+02 -7.0000e+01 1.0679e+00
1.6000e+02 -6.0000e+01 -2.5918e+00
1.6000e+02 -5.0000e+01 -3.3490e-01
1.6000e+02 -4.0000e+01 9.7382e-01
1.6000e+02 -3.0000e+01 -1.9337e+00
1.6000e+02 -2.0000e+01 -2.5047e+00
1.6000e+02 -1.0000e+01 -1.0512e+00
1.6000e+02 0.0000e+00 -1.7197e+00
1.6000e+02 1.0000e+01 -1.1701e+00
1.6000e+02 2.0000e+01 -3.1136e+00
1.6000e+02 3.0000e+01 -2.1597e+00
1.6000e+02 4.0000e+01 6.7011e-01
1.6000e+02 5.0000e+01 -2.4851e+00
1.6000e+02 6.0000e+01 9.6082e-02
1.6000e+02 7.0000e+01 1.3638e+00
1.6000e+02 8.0000e+01 -3.0039e+00
1.6000e+02 9.0000e+01 -2.5474e+00
1.6000e+02 1.0000e+02 -1.6086e+00
1.6000e+02 1.1000e+02 -1.9115e+00
1.6000e+02 1.2000e+02 1.1280e+00
1.6000e+02 1.3000e+02 -4.9389e-01
1.6000e+02 1.4000e+02 -8.1817e-01
1.6000e+02 1.5000e+02 1.5597e+00
1.6000e+02 1.6000e+02 5.6829e-01
1.6000e+02 1.7000e+02 1.3423e+00
1.6000e+02 1.8000e+02 -8.3870e-01
1.6000e+02 1.9000e+02 -1.8746e+00
1.6000e+02 2.0000e+02 -1.0979e+00
1.7000e+02 -2.0000e+02 2.9155e-01
1.7000e+02 -1.9000e+02 -5.9740e-01
1.7000e+02 -1.8000e+02 2.4979e+00
1.7000e+02 -1.7000e+02 8.5121e-01
1.7000e+02 -1.6000e+02 -1.0489e+00
1.7000e+02 -1.5000e+02 1.2742e+00
1.7000e+02 -1.4000e+02 1.9968e+00
1.7000e+02 -1.3000e+02 -8.4500e-01
1.7000e+02 -1.2000e+02 -2.8674e+00
1.7000e+02 -1.1000e+02 8.4635e-01
1.7000e+02 -1.0000e+02 -1.2038e+00
1.7000e+02 -9.0000e+01 -1.4668e+00
1.7000e+02 -8.0000e+01 -2.4933e+00
1.7000e+02 -7.0000e+01 -2.2449e+00
1.7000e+02 -6.0000e+01 -7.8682e-01
1.7000e+02 -5.0000e+01 -9.0405e-02
1.7000e+02 -4.0000e+01 -1.4217e+00
1.7000e+02 -3.0000e+01 -4.0716e+00
1.7000e+02 -2.0000e+01 -4.2199e-01
1.7000e+02 -1.0000e+01 1.0205e+00
1.7000e+02 0.0000e+00 -1.3311e+00
1.7000e+02 1.0000e+01 -6.2211e-02
1.7000e+02 2.0000e+01 -1.2973e+00
1.7000e+02 3.0000e+01 4.2854e-01
1.7000e+02 4.0000e+01 3.0715e-01
1.7000e+02 5.0000e+01 -2.8986e+00
1.7000e+02 6.0000e+01 -2.0464e-01
1.7000e+02 7.0000e+01 -6.5331e-01
1.7000e+02 8.0000e+01 7.4312e-01
1.7000e+02 9.0000e+01 3.3622e-01
1.7000e+02 1.0000e+02 -6.2147e-01
1.7000e+02 1.1000e+02 -2.5580e+00
1.7000e+02 1.2000e+02 -2.5049e+00
1.7000e+02 1.3000e+02 -1.1049e+00
1.7000e+02 1.4000e+02 1.7508e+00
1.7000e+02 1.5000e+02 1.7726e+00
1.7000e+02 1.6000e+02 1.2309e+00
1.7000e+02 1.7000e+02 2.3973e+00
1.7000e+02 1.8000e+02 2.6119e-01
1.7000e+02 1.9000e+02 4.5378e-01
1.7000e+02 2.0000e+02 1.1972e+00
1.8000e+02 -2.0000e+02 2.2625e+00
1.8000e+02 -1.9000e+02 -1.2751e+00
1.8000e+02 -1.8000e+02 -1.1183e-01
1.8000e+02 -1.7000e+02 -7.6127e-01
1.8000e+02 -1.6000e+02 -1.0237e-01
1.8000e+02 -1.5000e+02 2.8654e+00
1.8000e+02 -1.4000e+02 8.6024e-01
1.8000e+02 -1.3000e+02 6.5689e-02
1.8000e+02 -1.2000e+02 2.2543e-01
1.8000e+02 -1.1000e+02 2.0651e+00
1.8000e+02 -1.0000e+02 -9.3785e-01
1.8000e+02 -9.0000e+01 1.2801e+00
1.8000e+02 -8.0000e+01 8.7019e-01
1.8000e+02 -7.0000e+01 -1.9228e+00
1.8000e+02 -6.0000e+01 -1.0490e+00
1.8000e+02 -5.0000e+01 4.2151e-01
1.8000e+02 -4.0000e+01 6.3398e-01
1.8000e+02 -3.0000e+01 9.3511e-01
1.8000e+02 -2.0000e+01 -1.3329e+00
1.8000e+02 -1.0000e+01 2.1413e+00
1.8000e+02 0.0000e+00 1.2175e+00
1.8000e+02 1.0000e+01 8.8302e-01
1.8000e+02 2.0000e+01 1.0055e+00
1.8000e+02 3.0000e+01 1.5157e+00
1.8000e+02 4.0000e+01 -1.8891e-01
1.8000e+02 5.0000e+01 -2.7263e-01
1.8000e+02 6.0000e+01 1.5296e+00
1.8000e+02 7.0000e+01 2.6537e+00
1.8000e+02 8.0000e+01 -2.7481e-01
1.8000e+02 9.0000e+01 -4.9792e-01
1.8000e+02 1.0000e+02 -1.3091e+00
1.8000e+02 1.1000e+02 -6.6158e-02
1.8000e+02 1.2000e+02 1.1037e-01
1.8000e+02 1.3000e+02 -6.3156e-01
1.8000e+02 1.4000e+02 2.2015e+00
1.8000e+02 1.5000e+02 -2.8050e+00
1.8000e+02 1.6000e+02 -2.4021e+00
1.8000e+02 1.7000e+02 1.9724e+00
1.8000e+02 1.8000e+02 1.5576e-01
1.8000e+02 1.9000e+02 7.9835e-02
1.8000e+02 2.0000e+02 -1.6118e+00
1.9000e+02 -2.0000e+02 -9.2447e-01
1.9000e+02 -1.9000e+02 7.9069e-01
1.9000e+02 -1.8000e+02 -7.0202e-01
1.9000e+02 -1.7000e+02 -9.7379e-02
1.9000e+02 -1.6000e+02 1.2310e+00
1.9000e+02 -1.5000e+02 1.4899e+00
1.9000e+02 -1.4000e+02 1.0367e+00
1.9000e+02 -1.3000e+02 6.3576e-01
1.9000e+02 -1.2000e+02 1.1734e+00
1.9000e+02 -1.1000e+02 -3.8435e+00
1.9000e+02 -1.0000e+02 1.0351e+00
1.9000e+02 -9.0000e+01 8.4897e-01
1.9000e+02 -8.0000e+01 -1.1598e+00
1.9000e+02 -7.0000e+01 2.4213e+00
1.9000e+02 -6.0000e+01 2.6147e-01
1.9000e+02 -5.0000e+01 3.4249e+00
1.9000e+02 -4.0000e+01 -1.4800e+00
1.9000e+02 -3.0000e+01 3.6970e-01
1.9000e+02 -2.0000e+01 -1.1293e+00
1.9000e+02 -1.0000e+01 -4.5168e-01
1.9000e+02 0.0000e+00 -2.0867e+00
1.9000e+02 1.0000e+01 -3.2480e-01
1.9000e+02 2.0000e+01 -1.7190e+00
1.9000e+02 3.0000e+01 -8.1516e-01
1.9000e+02 4.0000e+01 -8.5977e-01
1.9000e+02 5.0000e+01 4.2368e-01
1.9000e+02 6.0000e+01 2.1838e+00
1.9000e+02 7.0000e+01 9.0370e-01
1.9000e+02 8.0000e+01 2.7359e+00
1.9000e+02 9.0000e+01 -2.5588e+00
1.9000e+02 1.0000e+02 2.3110e+00
1.9000e+02 1.1000e+02 7.0566e-01
1.9000e+02 1.2000e+02 3.2287e-01
1.9000e+02 1.3000e+02 1.6735e+00
1.9000e+02 1.4000e+02 1.1562e+00
1.9000e+02 1.5000e+02 2.1742e+00
1.9000e+02 1.6000e+02 4.4410e-01
1.9000e+02 1.7000e+02 1.1232e+00
1.9000e+02 1.8000e+02 -2.9296e+00
1.9000e+02 1.9000e+02 -6.5665e-01
1.9000e+02 2.0000e+02 -1.6215e+00
2.0000e+02 -2.0000e+02 3.1268e-02
2.0000e+02 -1.9000e+02 1.7496e-01
2.0000e+02 -1.8000e+02 1.3275e+00
2.0000e+02 -1.7000e+02 2.5986e+00
2.0000e+02 -1.6000e+02 2.7468e-01
2.0000e+02 -1.5000e+02 1.5650e+00
2.0000e+02 -1.4000e+02 -1.2290e+00
2.0000e+02 -1.3000e+02 -6.6209e-01
2.0000e+02 -1.2000e+02 4.0293e-01
2.0000e+02 -1.1000e+02 -2.0168e+00
2.0000e+02 -1.0000e+02 1.1901e+00
2.0000e+02 -9.0000e+01 -6.4046e-01
2.0000e+02 -8.0000e+01 -1.3262e+00
2.0000e+02 -7.0000e+01 1.4038e-01
2.0000e+02 -6.0000e+01 -2.5284e+00
2.0000e+02 -5.0000e+01 -4.8816e-01
2.0000e+02 -4.0000e+01 -1.7133e+00
2.0000e+02 -3.0000e+01 3.5585e-01
2.0000e+02 -2.0000e+01 -6.5387e-02
2.0000e+02 -1.0000e+01 -2.3081e+00
2.0000e+02 0.0000e+00 3.7726e-01
2.0000e+02 1.0000e+01 1.4665e+00
2.0000e+02 2.0000e+01 -1.7998e+00
2.0000e+02 3.0000e+01 -1.4465e+00
2.0000e+02 4.0000e+01 2.3873e-01
2.0000e+02 5.0000e+01 -1.0118e+00
2.0000e+02 6.0000e+01 8.0161e-01
2.0000e+02 7.0000e+01 -4.3723e+00
2.0000e+02 8.0000e+01 -2.7624e+00
2.0000e+02 9.0000e+01 -2.3829e+00
2.0000e+02 1.0000e+02 3.2887e+00
2.0000e+02 1.1000e+02 2.1980e+00
2.0000e+02 1.2000e+02 9.0053e-01
2.0000e+02 1.3000e+02 2.1173e+00
2.0000e+02 1.4000e+02 -3.6775e+00
2.0000e+02 1.5000e+02 1.1480e+00
2.0000e+02 1.6000e+02 -2.7383e-01
2.0000e+02 1.7000e+02 -2.7691e+00
2.0000e+02 1.8000e+02 -2.3475e+00
2.0000e+02 1.9000e+02 6.1423e-01
2.0000e+02 2.0000e+02 -2.2793e+00
