-2.0000e+02 -2.0000e+02 -2.2509e+00
-2.0000e+02 -1.9000e+02 -9.6618e-01
-2.0000e+02 -1.8000e+02 1.0376e+00
-2.0000e+02 -1.7000e+02 1.0287e+00
-2.0000e+02 -1.6000e+02 -1.0995e-02
-2.0000e+02 -1.5000e+02 -1.2387e+00
-2.0000e+02 -1.4000e+02 -1.8090e+00
-2.0000e+02 -1.3000e+02 3.7280e-01
-2.0000e+02 -1.2000e+02 -1.4069e+00
-2.0000e+02 -1.1000e+02 2.3680e+00
-2.0000e+02 -1.0000e+02 1.6487e+00
-2.0000e+02 -9.0000e+01 5.9815e-01
-2.0000e+02 -8.0000e+01 2.7534e+00
-2.0000e+02 -7.0000e+01 -1.7773e+00
-2.0000e+02 -6.0000e+01 -1.8543e-02
-2.0000e+02 -5.0000e+01 3.2946e-01
-2.0000e+02 -4.0000e+01 -1.2394e+00
-2.0000e+02 -3.0000e+01 1.1171e+00
-2.0000e+02 -2.0000e+01 -8.1283e-01
-2.0000e+02 -1.0000e+01 1.0728e+00
-2.0000e+02 0.0000e+00 -2.3475e+00
-2.0000e+02 1.0000e+01 2.4553e-01
-2.0000e+02 2.0000e+01 -8.5659e-02
-2.0000e+02 3.0000e+01 -1.1434e+00
-2.0000e+02 4.0000e+01 7.3677e-02
-2.0000e+02 5.0000e+01 -6.4236e-01
-2.0000e+02 6.0000e+01 2.2811e-01
-2.0000e+02 7.0000e+01 -6.9338e-01
-2.0000e+02 8.0000e+01 -1.6874e+00
-2.0000e+02 9.0000e+01 1.1208e+00
-2.0000e+02 1.0000e+02 -8.1383e-01
-2.0000e+02 1.1000e+02 2.6146e+00
-2.0000e+02 1.2000e+02 4.8377e-01
-2.0000e+02 1.3000e+02 6.4271e-01
-2.0000e+02 1.4000e+02 7.4510e-01
-2.0000e+02 1.5000e+02 -2.1579e+00
-2.0000e+02 1.6000e+02 7.2364e-01
-2.0000e+02 1.7000e+02 -2.9636e+00
-2.0000e+02 1.8000e+02 -8.7195e-01
-2.0000e+02 1.9000e+02 6.3435e-01
-2.0000e+02 2.0000e+02 -3.4041e-01
-1.9000e+02 -2.0000e+02 2.4829e+00
-1.9000e+02 -1.9000e+02 1.1986e+00
-1.9000e+02 -1.8000e+02 8.9472e-01
-1.9000e+02 -1.7000e+02 1.2725e+00
-1.9000e+02 -1.6000e+02 -4.1117e-02
-1.9000e+02 -1.5000e+02 -7.4524e-01
-1.9000e+02 -1.4000e+02 3.4281e-01
-1.9000e+02 -1.3000e+02 -7.5472e-01
-1.9000e+02 -1.2000e+02 1.7966e+00
-1.9000e+02 -1.1000e+02 -6.0059e-01
-1.9000e+02 -1.0000e+02 1.2702e+00
-1.9000e+02 -9.0000e+01 -1.3113e-01
-1.9000e+02 -8.0000e+01 -1.0006e-01
-1.9000e+02 -7.0000e+01 1.4103e+00
-1.9000e+02 -6.0000e+01 7.3094e-01
-1.9000e+02 -5.0000e+01 8.3103e-01
-1.9000e+02 -4.0000e+01 1.3457e-01
-1.9000e+02 -3.0000e+01 -5.8352e-01
-1.9000e+02 -2.0000e+01 -9.1103e-01
-1.9000e+02 -1.0000e+01 -1.7068e+00
-1.9000e+02 0.0000e+00 1.2011e+00
-1.9000e+02 1.0000e+01 -1.9310e-01
-1.9000e+02 2.0000e+01 -7.5178e-01
-1.9000e+02 3.0000e+01 2.2028e-01
-1.9000e+02 4.0000e+01 -1.8688e+00
-1.9000e+02 5.0000e+01 4.9370e-01
-1.9000e+02 6.0000e+01 -3.7271e-02
-1.9000e+02 7.0000e+01 -8.0616e-01
-1.9000e+02 8.0000e+01 -1.7246e+00
-1.9000e+02 9.0000e+01 -4.2727e-01
-1.9000e+02 1.0000e+02 -1.2012e+00
-1.9000e+02 1.1000e+02 -2.5642e-01
-1.9000e+02 1.2000e+02 -6.3752e-01
-1.9000e+02 1.3000e+02 8.4455e-01
-1.9000e+02 1.4000e+02 -8.7074e-01
-1.9000e+02 1.5000e+02 9.3207e-01
-1.9000e+02 1.6000e+02 2.1358e-01
-1.9000e+02 1.7000e+02 -1.8306e+00
-1.9000e+02 1.8000e+02 -7.3265e-01
-1.9000e+02 1.9000e+02 9.7189e-01
-1.9000e+02 2.0000e+02 1.7614e+00
-1.8000e+02 -2.0000e+02 1.0285e+00
-1.8000e+02 -1.9000e+02 -4.1189e+00
-1.8000e+02 -1.8000e+02 5.8124e-01
-1.8000e+02 -1.7000e+02 -7.4834e-01
-1.8000e+02 -1.6000e+02 -6.6538e-01
-1.8000e+02 -1.5000e+02 -5.8660e-01
-1.8000e+02 -1.4000e+02 -2.4716e+00
-1.8000e+02 -1.3000e+02 2.7980e-01
-1.8000e+02 -1.2000e+02 3.6556e-01
-1.8000e+02 -1.1000e+02 1.1710e+00
-1.8000e+02 -1.0000e+02 -1.3951e+00
-1.8000e+02 -9.0000e+01 2.2779e-01
-1.8000e+02 -8.0000e+01 -1.1670e+00
-1.8000e+02 -7.0000e+01 1.6185e-01
-1.8000e+02 -6.0000e+01 7.1443e-01
-1.8000e+02 -5.0000e+01 -5.9018e-01
-1.8000e+02 -4.0000e+01 -3.9366e-01
-1.8000e+02 -3.0000e+01 7.6427e-01
-1.8000e+02 -2.0000e+01 -1.0680e+00
-1.8000e+02 -1.0000e+01 5.4961e-01
-1.8000e+02 0.0000e+00 2.1507e+00
-1.8000e+02 1.0000e+01 -1.7137e+00
-1.8000e+02 2.0000e+01 1.1337e+00
-1.8000e+02 3.0000e+01 -2.2772e+00
-1.8000e+02 4.0000e+01 -1.0559e+00
-1.8000e+02 5.0000e+01 2.1850e-01
-1.8000e+02 6.0000e+01 -2.9409e+00
-1.8000e+02 7.0000e+01 -2.7593e-01
-1.8000e+02 8.0000e+01 2.1136e-01
-1.8000e+02 9.0000e+01 2.6718e+00
-1.8000e+02 1.0000e+02 -1.0756e+00
-1.8000e+02 1.1000e+02 3.5143e+00
-1.8000e+02 1.2000e+02 -6.4739e-01
-1.8000e+02 1.3000e+02 -4.9253e-01
-1.8000e+02 1.4000e+02 -4.6136e-01
-1.8000e+02 1.5000e+02 -1.7995e+00
-1.8000e+02 1.6000e+02 1.1755e+00
-1.8000e+02 1.7000e+02 -4.5604e-01
-1.8000e+02 1.8000e+02 1.6613e+00
-1.8000e+02 1.9000e+02 -2.6390e+00
-1.8000e+02 2.0000e+02 -2.1298e+00
-1.7000e+02 -2.0000e+02 -4.9765e-01
-1.7000e+02 -1.9000e+02 1.2234e-01
-1.7000e+02 -1.8000e+02 1.2823e+00
-1.7000e+02 -1.7000e+02 7.2427e-01
-1.7000e+02 -1.6000e+02 1.7303e-01
-1.7000e+02 -1.5000e+02 -9.7095e-01
-1.7000e+02 -1.4000e+02 2.7157e+00
-1.7000e+02 -1.3000e+02 -1.1651e+00
-1.7000e+02 -1.2000e+02 -1.1845e+00
-1.7000e+02 -1.1000e+02 2.0442e-01
-1.7000e+02 -1.0000e+02 1.7172e+00
-1.7000e+02 -9.0000e+01 -2.5180e-01
-1.7000e+02 -8.0000e+01 -1.6943e+00
-1.7000e+02 -7.0000e+01 1.0341e+00
-1.7000e+02 -6.0000e+01 -1.7130e+00
-1.7000e+02 -5.0000e+01 4.8572e-01
-1.7000e+02 -4.0000e+01 3.2804e+00
-1.7000e+02 -3.0000e+01 -4.0312e-01
-1.7000e+02 -2.0000e+01 -3.2859e+00
-1.7000e+02 -1.0000e+01 -1.5299e+00
-1.7000e+02 0.0000e+00 1.6235e+00
-1.7000e+02 1.0000e+01 1.9318e+00
-1.7000e+02 2.0000e+01 1.1248e+00
-1.7000e+02 3.0000e+01 2.3100e+00
-1.7000e+02 4.0000e+01 -1.2085e+00
-1.7000e+02 5.0000e+01 -7.7667e-01
-1.7000e+02 6.0000e+01 8.6648e-01
-1.7000e+02 7.0000e+01 5.2740e-01
-1.7000e+02 8.0000e+01 -5.3833e+00
-1.7000e+02 9.0000e+01 -1.1463e+00
-1.7000e+02 1.0000e+02 -1.4947e+00
-1.7000e+02 1.1000e+02 2.1997e+00
-1.7000e+02 1.2000e+02 1.1767e-01
-1.7000e+02 1.3000e+02 -1.1104e+00
-1.7000e+02 1.4000e+02 -2.3993e+00
-1.7000e+02 1.5000e+02 -3.0941e-01
-1.7000e+02 1.6000e+02 -4.8439e-01
-1.7000e+02 1.7000e+02 1.0378e+00
-1.7000e+02 1.8000e+02 2.4773e+00
-1.7000e+02 1.9000e+02 2.5507e+00
-1.7000e+02 2.0000e+02 -1.1631e+00
-1.6000e+02 -2.0000e+02 1.3036e+00
-1.6000e+02 -1.9000e+02 -1.1552e+00
-1.6000e+02 -1.8000e+02 -9.4788e-01
-1.6000e+02 -1.7000e+02 -1.1411e+00
-1.6000e+02 -1.6000e+02 -1.4491e+00
-1.6000e+02 -1.5000e+02 -1.9663e+00
-1.6000e+02 -1.4000e+02 1.1118e+00
-1.6000e+02 -1.3000e+02 2.2210e+00
-1.6000e+02 -1.2000e+02 -2.1243e+00
-1.6000e+02 -1.1000e+02 2.2255e+00
-1.6000e+02 -1.0000e+02 -5.4522e-03
-1.6000e+02 -9.0000e+01 4.2782e-01
-1.6000e+02 -8.0000e+01 -1.4006e+00
-1.6000e+02 -7.0000e+01 2.1166e+00
-1.6000e+02 -6.0000e+01 -1.7806e+00
-1.6000e+02 -5.0000e+01 1.7193e+00
-1.6000e+02 -4.0000e+01 -2.5288e-01
-1.6000e+02 -3.0000e+01 2.0819e-01
-1.6000e+02 -2.0000e+01 -4.1946e-02
-1.6000e+02 -1.0000e+01 -4.8547e-01
-1.6000e+02 0.0000e+00 -1.5168e+00
-1.6000e+02 1.0000e+01 -2.2066e+00
-1.6000e+02 2.0000e+01 -1.1306e+00
-1.6000e+02 3.0000e+01 -1.9935e+00
-1.6000e+02 4.0000e+01 7.4304e-02
-1.6000e+02 5.0000e+01 -6.7446e-01
-1.6000e+02 6.0000e+01 1.7090e-01
-1.6000e+02 7.0000e+01 2.7184e-01
-1.6000e+02 8.0000e+01 -2.6473e+00
-1.6000e+02 9.0000e+01 -1.6909e+00
-1.6000e+02 1.0000e+02 -5.9198e-01
-1.6000e+02 1.1000e+02 -1.8964e-01
-1.6000e+02 1.2000e+02 4.6254e-01
-1.6000e+02 1.3000e+02 3.7059e-01
-1.6000e+02 1.4000e+02 8.5560e-01
-1.6000e+02 1.5000e+02 -3.6194e-01
-1.6000e+02 1.6000e+02 9.7984e-01
-1.6000e+02 1.7000e+02 -1.0284e+00
-1.6000e+02 1.8000e+02 2.0211e+00
-1.6000e+02 1.9000e+02 2.2412e+00
-1.6000e+02 2.0000e+02 -1.0155e+00
-1.5000e+02 -2.0000e+02 2.4203e-01
-1.5000e+02 -1.9000e+02 1.1744e+00
-1.5000e+02 -1.8000e+02 -3.7740e-01
-1.5000e+02 -1.7000e+02 8.3460e-01
-1.5000e+02 -1.6000e+02 -2.0837e+00
-1.5000e+02 -1.5000e+02 -1.3952e+00
-1.5000e+02 -1.4000e+02 4.4751e-01
-1.5000e+02 -1.3000e+02 -2.9376e-01
-1.5000e+02 -1.2000e+02 -2.5453e+00
-1.5000e+02 -1.1000e+02 1.8879e+00
-1.5000e+02 -1.0000e+02 3.2652e-01
-1.5000e+02 -9.0000e+01 1.6331e+00
-1.5000e+02 -8.0000e+01 -1.3985e+00
-1.5000e+02 -7.0000e+01 8.8081e-01
-1.5000e+02 -6.0000e+01 4.8365e-01
-1.5000e+02 -5.0000e+01 -5.4522e-01
-1.5000e+02 -4.0000e+01 -2.0245e-01
-1.5000e+02 -3.0000e+01 -2.4840e+00
-1.5000e+02 -2.0000e+01 -2.3634e+00
-1.5000e+02 -1.0000e+01 -6.5938e-01
-1.5000e+02 0.0000e+00 1.1812e+00
-1.5000e+02 1.0000e+01 -1.1758e+00
-1.5000e+02 2.0000e+01 -8.6988e-01
-1.5000e+02 3.0000e+01 -7.6894e-01
-1.5000e+02 4.0000e+01 1.2580e+00
-1.5000e+02 5.0000e+01 -2.3062e+00
-1.5000e+02 6.0000e+01 -2.2732e+00
-1.5000e+02 7.0000e+01 -1.1542e+00
-1.5000e+02 8.0000e+01 -9.1009e-01
-1.5000e+02 9.0000e+01 -3.0361e+00
-1.5000e+02 1.0000e+02 -1.3872e+00
-1.5000e+02 1.1000e+02 2.9133e+00
-1.5000e+02 1.2000e+02 4.3553e-01
-1.5000e+02 1.3000e+02 6.0767e-01
-1.5000e+02 1.4000e+02 1.0549e+00
-1.5000e+02 1.5000e+02 6.8207e-01
-1.5000e+02 1.6000e+02 -3.1376e+00
-1.5000e+02 1.7000e+02 1.2386e+00
-1.5000e+02 1.8000e+02 -1.7044e+00
-1.5000e+02 1.9000e+02 -9.1461e-01
-1.5000e+02 2.0000e+02 -3.1542e-01
-1.4000e+02 -2.0000e+02 -6.5113e-01
-1.4000e+02 -1.9000e+02 -2.0836e+00
-1.4000e+02 -1.8000e+02 -1.2386e+00
-1.4000e+02 -1.7000e+02 9.8605e-02
-1.4000e+02 -1.6000e+02 8.5972e-01
-1.4000e+02 -1.5000e+02 -3.0476e-01
-1.4000e+02 -1.4000e+02 -3.6176e+00
-1.4000e+02 -1.3000e+02 -9.0777e-01
-1.4000e+02 -1.2000e+02 -1.1225e+00
-1.4000e+02 -1.1000e+02 2.6647e+00
-1.4000e+02 -1.0000e+02 2.3257e+00
-1.4000e+02 -9.0000e+01 -6.3859e-01
-1.4000e+02 -8.0000e+01 -1.3676e+00
-1.4000e+02 -7.0000e+01 -1.7792e+00
-1.4000e+02 -6.0000e+01 -3.9485e-01
-1.4000e+02 -5.0000e+01 4.9714e-01
-1.4000e+02 -4.0000e+01 -2.7716e-01
-1.4000e+02 -3.0000e+01 -1.3684e-01
-1.4000e+02 -2.0000e+01 -1.9638e+00
-1.4000e+02 -1.0000e+01 6.5511e-01
-1.4000e+02 0.0000e+00 -2.0065e+00
-1.4000e+02 1.0000e+01 -1.1065e+00
-1.4000e+02 2.0000e+01 -1.3352e+00
-1.4000e+02 3.0000e+01 6.1473e-01
-1.4000e+02 4.0000e+01 4.2454e-01
-1.4000e+02 5.0000e+01 5.6653e-01
-1.4000e+02 6.0000e+01 4.3709e-01
-1.4000e+02 7.0000e+01 6.5756e-01
-1.4000e+02 8.0000e+01 1.9744e+00
-1.4000e+02 9.0000e+01 -3.5301e-01
-1.4000e+02 1.0000e+02 5.3124e-01
-1.4000e+02 1.1000e+02 2.0944e+00
-1.4000e+02 1.2000e+02 5.1708e-01
-1.4000e+02 1.3000e+02 -2.5240e+00
-1.4000e+02 1.4000e+02 -1.5299e+00
-1.4000e+02 1.5000e+02 5.0917e-02
-1.4000e+02 1.6000e+02 -5.5590e-01
-1.4000e+02 1.7000e+02 -5.1951e-01
-1.4000e+02 1.8000e+02 7.0594e-01
-1.4000e+02 1.9000e+02 4.4223e-01
-1.4000e+02 2.0000e+02 3.9151e+00
-1.3000e+02 -2.0000e+02 -1.5800e+00
-1.3000e+02 -1.9000e+02 1.3228e+00
-1.3000e+02 -1.8000e+02 -9.4620e-01
-1.3000e+02 -1.7000e+02 -3.0619e+00
-1.3000e+02 -1.6000e+02 -6.7526e-01
-1.3000e+02 -1.5000e+02 1.5431e+00
-1.3000e+02 -1.4000e+02 5.2953e-01
-1.3000e+02 -1.3000e+02 2.0491e+00
-1.3000e+02 -1.2000e+02 -1.4235e+00
-1.3000e+02 -1.1000e+02 -3.5763e-01
-1.3000e+02 -1.0000e+02 1.2510e+00
-1.3000e+02 -9.0000e+01 1.4803e+00
-1.3000e+02 -8.0000e+01 -1.4615e+00
-1.3000e+02 -7.0000e+01 -1.0534e+00
-1.3000e+02 -6.0000e+01 1.0008e+00
-1.3000e+02 -5.0000e+01 2.4512e+00
-1.3000e+02 -4.0000e+01 2.1832e+00
-1.3000e+02 -3.0000e+01 1.9568e+00
-1.3000e+02 -2.0000e+01 -2.9160e+00
-1.3000e+02 -1.0000e+01 -1.1340e+00
-1.3000e+02 0.0000e+00 -3.1091e+00
-1.3000e+02 1.0000e+01 -1.5546e+00
-1.3000e+02 2.0000e+01 -5.9721e-01
-1.3000e+02 3.0000e+01 1.7562e+00
-1.3000e+02 4.0000e+01 -3.5292e+00
-1.3000e+02 5.0000e+01 -1.1245e+00
-1.3000e+02 6.0000e+01 2.7607e+00
-1.3000e+02 7.0000e+01 3.1088e+00
-1.3000e+02 8.0000e+01 -1.3812e-01
-1.3000e+02 9.0000e+01 1.7665e+00
-1.3000e+02 1.0000e+02 -6.3216e-01
-1.3000e+02 1.1000e+02 8.5555e-01
-1.3000e+02 1.2000e+02 -1.3656e+00
-1.3000e+02 1.3000e+02 9.8644e-01
-1.3000e+02 1.4000e+02 -2.0319e+00
-1.3000e+02 1.5000e+02 1.0609e+00
-1.3000e+02 1.6000e+02 -4.8630e-01
-1.3000e+02 1.7000e+02 9.2055e-01
-1.3000e+02 1.8000e+02 1.3904e+00
-1.3000e+02 1.9000e+02 1.6385e+00
-1.3000e+02 2.0000e+02 3.4448e-01
-1.2000e+02 -2.0000e+02 -1.5264e+00
-1.2000e+02 -1.9000e+02 -2.0788e+00
-1.2000e+02 -1.8000e+02 5.6350e-01
-1.2000e+02 -1.7000e+02 -2.6432e+00
-1.2000e+02 -1.6000e+02 1.0233e+00
-1.2000e+02 -1.5000e+02 -2.2290e+00
-1.2000e+02 -1.4000e+02 4.8321e-01
-1.2000e+02 -1.3000e+02 -2.5911e-01
-1.2000e+02 -1.2000e+02 -1.3391e+00
-1.2000e+02 -1.1000e+02 -3.3105e-01
-1.2000e+02 -1.0000e+02 2.0537e+00
-1.2000e+02 -9.0000e+01 -8.5339e-01
-1.2000e+02 -8.0000e+01 1.7030e-01
-1.2000e+02 -7.0000e+01 -3.3207e+00
-1.2000e+02 -6.0000e+01 -3.4616e+00
-1.2000e+02 -5.0000e+01 -8.8084e-01
-1.2000e+02 -4.0000e+01 -1.3538e+00
-1.2000e+02 -3.0000e+01 -5.9607e-01
-1.2000e+02 -2.0000e+01 -3.0172e+00
-1.2000e+02 -1.0000e+01 1.5114e-01
-1.2000e+02 0.0000e+00 -2.4709e+00
-1.2000e+02 1.0000e+01 -1.6132e+00
-1.2000e+02 2.0000e+01 -9.0206e-01
-1.2000e+02 3.0000e+01 -2.1535e+00
-1.2000e+02 4.0000e+01 2.7274e-01
-1.2000e+02 5.0000e+01 -9.5676e-01
-1.2000e+02 6.0000e+01 -3.1171e+00
-1.2000e+02 7.0000e+01 4.9425e-01
-1.2000e+02 8.0000e+01 -2.1012e+00
-1.2000e+02 9.0000e+01 -1.0220e+00
-1.2000e+02 1.0000e+02 -1.0128e+00
-1.2000e+02 1.1000e+02 3.1722e-01
-1.2000e+02 1.2000e+02 1.0612e+00
-1.2000e+02 1.3000e+02 -2.4410e+00
-1.2000e+02 1.4000e+02 -9.1461e-01
-1.2000e+02 1.5000e+02 6.4992e-01
-1.2000e+02 1.6000e+02 -2.5407e+00
-1.2000e+02 1.7000e+02 1.3676e+00
-1.2000e+02 1.8000e+02 -3.5573e-01
-1.2000e+02 1.9000e+02 4.5121e+00
-1.2000e+02 2.0000e+02 -1.4701e+00
-1.1000e+02 -2.0000e+02 -5.1298e-01
-1.1000e+02 -1.9000e+02 2.8510e+00
-1.1000e+02 -1.8000e+02 1.3356e+00
-1.1000e+02 -1.7000e+02 3.2303e+00
-1.1000e+02 -1.6000e+02 -4.5958e-01
-1.1000e+02 -1.5000e+02 -9.6881e-01
-1.1000e+02 -1.4000e+02 -4.4868e-01
-1.1000e+02 -1.3000e+02 -3.8015e-02
-1.1000e+02 -1.2000e+02 2.5842e-01
-1.1000e+02 -1.1000e+02 1.0306e-01
-1.1000e+02 -1.0000e+02 5.3816e-01
-1.1000e+02 -9.0000e+01 -6.3077e-02
-1.1000e+02 -8.0000e+01 -1.3378e-01
-1.1000e+02 -7.0000e+01 -3.3137e+00
-1.1000e+02 -6.0000e+01 -6.3199e-01
-1.1000e+02 -5.0000e+01 7.5355e-01
-1.1000e+02 -4.0000e+01 1.0292e+00
-1.1000e+02 -3.0000e+01 -2.4165e+00
-1.1000e+02 -2.0000e+01 -1.3628e+00
-1.1000e+02 -1.0000e+01 -4.4950e+00
-1.1000e+02 0.0000e+00 -1.0923e+00
-1.1000e+02 1.0000e+01 -2.5385e+00
-1.1000e+02 2.0000e+01 -1.7577e+00
-1.1000e+02 3.0000e+01 -9.4261e-01
-1.1000e+02 4.0000e+01 2.3168e+00
-1.1000e+02 5.0000e+01 -3.3457e+00
-1.1000e+02 6.0000e+01 1.6735e+00
-1.1000e+02 7.0000e+01 -4.4535e+00
-1.1000e+02 8.0000e+01 1.0855e+00
-1.1000e+02 9.0000e+01 1.0096e+00
-1.1000e+02 1.0000e+02 6.8647e-01
-1.1000e+02 1.1000e+02 3.0738e+00
-1.1000e+02 1.2000e+02 -1.1879e+00
-1.1000e+02 1.3000e+02 7.6165e-01
-1.1000e+02 1.4000e+02 -6.4830e-01
-1.1000e+02 1.5000e+02 -1.1883e+00
-1.1000e+02 1.6000e+02 1.3996e+00
-1.1000e+02 1.7000e+02 1.5759e-01
-1.1000e+02 1.8000e+02 1.7306e+00
-1.1000e+02 1.9000e+02 -4.0503e-01
-1.1000e+02 2.0000e+02 1.8258e+00
-1.0000e+02 -2.0000e+02 1.3071e+00
-1.0000e+02 -1.9000e+02 -1.2446e+00
-1.0000e+02 -1.8000e+02 1.6526e+00
-1.0000e+02 -1.7000e+02 -1.5501e+00
-1.0000e+02 -1.6000e+02 1.0736e+00
-1.0000e+02 -1.5000e+02 1.3375e+00
-1.0000e+02 -1.4000e+02 4.1112e-02
-1.0000e+02 -1.3000e+02 4.0990e-01
-1.0000e+02 -1.2000e+02 2.9098e+00
-1.0000e+02 -1.1000e+02 -1.0621e+00
-1.0000e+02 -1.0000e+02 -3.8978e-01
-1.0000e+02 -9.0000e+01 -1.9963e+00
-1.0000e+02 -8.0000e+01 -2.0526e+00
-1.0000e+02 -7.0000e+01 -1.2290e+00
-1.0000e+02 -6.0000e+01 -2.5497e+00
-1.0000e+02 -5.0000e+01 -2.4705e+00
-1.0000e+02 -4.0000e+01 -5.3373e+00
-1.0000e+02 -3.0000e+01 -2.8922e+00
-1.0000e+02 -2.0000e+01 -1.6571e+00
-1.0000e+02 -1.0000e+01 -3.9767e+00
-1.0000e+02 0.0000e+00 -3.4024e-01
-1.0000e+02 1.0000e+01 -3.2053e+00
-1.0000e+02 2.0000e+01 1.2317e+00
-1.0000e+02 3.0000e+01 -8.7247e-01
-1.0000e+02 4.0000e+01 -1.6590e+00
-1.0000e+02 5.0000e+01 5.1792e-02
-1.0000e+02 6.0000e+01 -4.8323e+00
-1.0000e+02 7.0000e+01 -2.1796e-01
-1.0000e+02 8.0000e+01 -1.4176e+00
-1.0000e+02 9.0000e+01 -2.9359e+00
-1.0000e+02 1.0000e+02 1.5389e+00
-1.0000e+02 1.1000e+02 -1.3336e+00
-1.0000e+02 1.2000e+02 -2.1319e+00
-1.0000e+02 1.3000e+02 1.5345e-01
-1.0000e+02 1.4000e+02 6.6998e-01
-1.0000e+02 1.5000e+02 -9.0369e-01
-1.0000e+02 1.6000e+02 -5.3387e-01
-1.0000e+02 1.7000e+02 1.2487e+00
-1.0000e+02 1.8000e+02 1.2681e+00
-1.0000e+02 1.9000e+02 1.5270e-02
-1.0000e+02 2.0000e+02 3.3698e-01
-9.0000e+01 -2.0000e+02 -5.1669e-01
-9.0000e+01 -1.9000e+02 -2.2857e+00
-9.0000e+01 -1.8000e+02 4.2763e-01
-9.0000e+01 -1.7000e+02 -1.5362e-01
-9.0000e+01 -1.6000e+02 -1.0397e+00
-9.0000e+01 -1.5000e+02 4.6366e-01
-9.0000e+01 -1.4000e+02 -1.7819e-01
-9.0000e+01 -1.3000e+02 5.9737e-01
-9.0000e+01 -1.2000e+02 -3.5447e-01
-9.0000e+01 -1.1000e+02 -1.9500e+00
-9.0000e+01 -1.0000e+02 -2.0147e+00
-9.0000e+01 -9.0000e+01 -7.3778e-01
-9.0000e+01 -8.0000e+01 -2.5017e+00
-9.0000e+01 -7.0000e+01 -1.2324e+00
-9.0000e+01 -6.0000e+01 -4.1360e+00
-9.0000e+01 -5.0000e+01 -1.7166e+00
-9.0000e+01 -4.0000e+01 -4.3344e+00
-9.0000e+01 -3.0000e+01 -5.7088e+00
-9.0000e+01 -2.0000e+01 -4.6728e+00
-9.0000e+01 -1.0000e+01 -3.1052e+00
-9.0000e+01 0.0000e+00 -2.9196e+00
-9.0000e+01 1.0000e+01 -3.8587e+00
-9.0000e+01 2.0000e+01 -3.6534e+00
-9.0000e+01 3.0000e+01 -2.5418e+00
-9.0000e+01 4.0000e+01 -2.8599e+00
-9.0000e+01 5.0000e+01 -2.1817e+00
-9.0000e+01 6.0000e+01 -1.7591e+00
-9.0000e+01 7.0000e+01 -3.1524e+00
-9.0000e+01 8.0000e+01 -2.0858e+00
-9.0000e+01 9.0000e+01 -1.0547e+00
-9.0000e+01 1.0000e+02 -1.4679e+00
-9.0000e+01 1.1000e+02 -1.1023e+00
-9.0000e+01 1.2000e+02 -8.2460e-02
-9.0000e+01 1.3000e+02 1.6059e+00
-9.0000e+01 1.4000e+02 -2.0393e+00
-9.0000e+01 1.5000e+02 2.6172e+00
-9.0000e+01 1.6000e+02 -7.4185e-01
-9.0000e+01 1.7000e+02 2.7713e+00
-9.0000e+01 1.8000e+02 1.9988e-01
-9.0000e+01 1.9000e+02 -1.2475e+00
-9.0000e+01 2.0000e+02 2.9834e+00
-8.0000e+01 -2.0000e+02 -1.5346e+00
-8.0000e+01 -1.9000e+02 -7.2170e-01
-8.0000e+01 -1.8000e+02 -1.4383e+00
-8.0000e+01 -1.7000e+02 1.5601e-01
-8.0000e+01 -1.6000e+02 -4.2029e-01
-8.0000e+01 -1.5000e+02 -9.4914e-01
-8.0000e+01 -1.4000e+02 2.1438e+00
-8.0000e+01 -1.3000e+02 2.3103e-01
-8.0000e+01 -1.2000e+02 -2.8779e-01
-8.0000e+01 -1.1000e+02 -1.5413e+00
-8.0000e+01 -1.0000e+02 1.7692e+00
-8.0000e+01 -9.0000e+01 -4.7467e-01
-8.0000e+01 -8.0000e+01 -1.3942e-01
-8.0000e+01 -7.0000e+01 -2.4669e+00
-8.0000e+01 -6.0000e+01 -3.0168e+00
-8.0000e+01 -5.0000e+01 -1.9799e+00
-8.0000e+01 -4.0000e+01 -4.3786e+00
-8.0000e+01 -3.0000e+01 -2.9520e+00
-8.0000e+01 -2.0000e+01 -5.0597e+00
-8.0000e+01 -1.0000e+01 -5.8754e+00
-8.0000e+01 0.0000e+00 -4.2291e+00
-8.0000e+01 1.0000e+01 -7.1949e+00
-8.0000e+01 2.0000e+01 -3.5962e+00
-8.0000e+01 3.0000e+01 -4.0177e+00
-8.0000e+01 4.0000e+01 -6.4420e+00
-8.0000e+01 5.0000e+01 -4.1511e+00
-8.0000e+01 6.0000e+01 -2.3733e+00
-8.0000e+01 7.0000e+01 -1.9384e+00
-8.0000e+01 8.0000e+01 -1.9434e+00
-8.0000e+01 9.0000e+01 -8.4991e-01
-8.0000e+01 1.0000e+02 -2.3342e+00
-8.0000e+01 1.1000e+02 -7.6059e-01
-8.0000e+01 1.2000e+02 5.2228e-01
-8.0000e+01 1.3000e+02 2.1091e+00
-8.0000e+01 1.4000e+02 1.0998e-01
-8.0000e+01 1.5000e+02 -8.0171e-01
-8.0000e+01 1.6000e+02 -4.4389e-01
-8.0000e+01 1.7000e+02 2.4011e+00
-8.0000e+01 1.8000e+02 -1.7126e+00
-8.0000e+01 1.9000e+02 -2.4756e+00
-8.0000e+01 2.0000e+02 1.8150e+00
-7.0000e+01 -2.0000e+02 -6.7086e-01
-7.0000e+01 -1.9000e+02 -1.4478e-01
-7.0000e+01 -1.8000e+02 -1.7618e+00
-7.0000e+01 -1.7000e+02 1.4521e+00
-7.0000e+01 -1.6000e+02 -1.6426e-01
-7.0000e+01 -1.5000e+02 -1.4317e+00
-7.0000e+01 -1.4000e+02 -5.2355e-01
-7.0000e+01 -1.3000e+02 5.1007e-01
-7.0000e+01 -1.2000e+02 -2.2036e+00
-7.0000e+01 -1.1000e+02 -4.0564e+00
-7.0000e+01 -1.0000e+02 -2.9513e+00
-7.0000e+01 -9.0000e+01 -1.8565e+00
-7.0000e+01 -8.0000e+01 -4.0339e+00
-7.0000e+01 -7.0000e+01 -1.4836e+00
-7.0000e+01 -6.0000e+01 -5.1820e+00
-7.0000e+01 -5.0000e+01 -3.9612e+00
-7.0000e+01 -4.0000e+01 -6.5586e+00
-7.0000e+01 -3.0000e+01 -6.6981e+00
-7.0000e+01 -2.0000e+01 -6.7623e+00
-7.0000e+01 -1.0000e+01 -6.9800e+00
-7.0000e+01 0.0000e+00 -8.0155e+00
-7.0000e+01 1.0000e+01 -7.6554e+00
-7.0000e+01 2.0000e+01 -5.3942e+00
-7.0000e+01 3.0000e+01 -5.6558e+00
-7.0000e+01 4.0000e+01 -3.8506e+00
-7.0000e+01 5.0000e+01 -3.6138e+00
-7.0000e+01 6.0000e+01 -4.5536e+00
-7.0000e+01 7.0000e+01 -3.5644e+00
-7.0000e+01 8.0000e+01 -1.2987e+00
-7.0000e+01 9.0000e+01 -2.0595e+00
-7.0000e+01 1.0000e+02 -2.9805e+00
-7.0000e+01 1.1000e+02 -1.9226e+00
-7.0000e+01 1.2000e+02 2.0893e-01
-7.0000e+01 1.3000e+02 -1.7295e+00
-7.0000e+01 1.4000e+02 2.3797e+00
-7.0000e+01 1.5000e+02 -1.2611e+00
-7.0000e+01 1.6000e+02 -1.1967e+00
-7.0000e+01 1.7000e+02 7.1670e-01
-7.0000e+01 1.8000e+02 1.4309e-01
-7.0000e+01 1.9000e+02 1.9830e+00
-7.0000e+01 2.0000e+02 1.9959e+00
-6.0000e+01 -2.0000e+02 -9.2483e-01
-6.0000e+01 -1.9000e+02 -8.2182e-01
-6.0000e+01 -1.8000e+02 2.2153e-01
-6.0000e+01 -1.7000e+02 3.8065e-01
-6.0000e+01 -1.6000e+02 -1.1140e-01
-6.0000e+01 -1.5000e+02 9.4691e-01
-6.0000e+01 -1.4000e+02 7.7998e-03
-6.0000e+01 -1.3000e+02 -1.6595e+00
-6.0000e+01 -1.2000e+02 -6.2113e-01
-6.0000e+01 -1.1000e+02 7.4034e-01
-6.0000e+01 -1.0000e+02 -1.9484e+00
-6.0000e+01 -9.0000e+01 -4.1474e+00
-6.0000e+01 -8.0000e+01 -3.1392e+00
-6.0000e+01 -7.0000e+01 -5.1977e+00
-6.0000e+01 -6.0000e+01 -3.6030e+00
-6.0000e+01 -5.0000e+01 -2.8333e+00
-6.0000e+01 -4.0000e+01 -6.8317e+00
-6.0000e+01 -3.0000e+01 -7.8046e+00
-6.0000e+01 -2.0000e+01 -9.3614e+00
-6.0000e+01 -1.0000e+01 -7.2630e+00
-6.0000e+01 0.0000e+00 -9.1673e+00
-6.0000e+01 1.0000e+01 -6.1161e+00
-6.0000e+01 2.0000e+01 -8.0818e+00
-6.0000e+01 3.0000e+01 -5.4165e+00
-6.0000e+01 4.0000e+01 -6.0598e+00
-6.0000e+01 5.0000e+01 -5.1844e+00
-6.0000e+01 6.0000e+01 -4.3170e+00
-6.0000e+01 7.0000e+01 -3.6158e+00
-6.0000e+01 8.0000e+01 -4.0628e+00
-6.0000e+01 9.0000e+01 -2.6929e+00
-6.0000e+01 1.0000e+02 -1.6661e+00
-6.0000e+01 1.1000e+02 -3.4920e-01
-6.0000e+01 1.2000e+02 7.6887e-01
-6.0000e+01 1.3000e+02 9.6093e-02
-6.0000e+01 1.4000e+02 7.2037e-01
-6.0000e+01 1.5000e+02 -6.7189e-02
-6.0000e+01 1.6000e+02 -5.1057e-01
-6.0000e+01 1.7000e+02 -3.7291e-01
-6.0000e+01 1.8000e+02 2.2758e-01
-6.0000e+01 1.9000e+02 6.5879e-01
-6.0000e+01 2.0000e+02 2.3905e+00
-5.0000e+01 -2.0000e+02 -1.5190e+00
-5.0000e+01 -1.9000e+02 6.9239e-01
-5.0000e+01 -1.8000e+02 -3.3578e-01
-5.0000e+01 -1.7000e+02 8.7647e-01
-5.0000e+01 -1.6000e+02 -1.3674e+00
-5.0000e+01 -1.5000e+02 -1.8439e+00
-5.0000e+01 -1.4000e+02 -4.0207e+00
-5.0000e+01 -1.3000e+02 5.9636e-01
-5.0000e+01 -1.2000e+02 -3.4509e-01
-5.0000e+01 -1.1000e+02 -1.9145e+00
-5.0000e+01 -1.0000e+02 -2.2861e+00
-5.0000e+01 -9.0000e+01 -3.4492e+00
-5.0000e+01 -8.0000e+01 -6.4261e+00
-5.0000e+01 -7.0000e+01 -7.0860e+00
-5.0000e+01 -6.0000e+01 -9.0816e+00
-5.0000e+01 -5.0000e+01 -6.4227e+00
-5.0000e+01 -4.0000e+01 -7.4797e+00
-5.0000e+01 -3.0000e+01 -9.1238e+00
-5.0000e+01 -2.0000e+01 -7.6884e+00
-5.0000e+01 -1.0000e+01 -9.7357e+00
-5.0000e+01 0.0000e+00 -1.0623e+01
-5.0000e+01 1.0000e+01 -9.4549e+00
-5.0000e+01 2.0000e+01 -8.7751e+00
-5.0000e+01 3.0000e+01 -9.5697e+00
-5.0000e+01 4.0000e+01 -1.1313e+01
-5.0000e+01 5.0000e+01 -3.9774e+00
-5.0000e+01 6.0000e+01 -5.7070e+00
-5.0000e+01 7.0000e+01 -6.5736e+00
-5.0000e+01 8.0000e+01 -4.2305e+00
-5.0000e+01 9.0000e+01 -2.3898e+00
-5.0000e+01 1.0000e+02 -3.3023e+00
-5.0000e+01 1.1000e+02 -4.0683e+00
-5.0000e+01 1.2000e+02 -3.0421e+00
-5.0000e+01 1.3000e+02 -7.4483e-01
-5.0000e+01 1.4000e+02 -2.6131e-01
-5.0000e+01 1.5000e+02 -1.4605e-01
-5.0000e+01 1.6000e+02 -1.4858e+00
-5.0000e+01 1.7000e+02 -9.8022e-01
-5.0000e+01 1.8000e+02 -6.6540e-01
-5.0000e+01 1.9000e+02 -1.6633e+00
-5.0000e+01 2.0000e+02 -9.6805e-01
-4.0000e+01 -2.0000e+02 1.4978e+00
-4.0000e+01 -1.9000e+02 -6.6407e-01
-4.0000e+01 -1.8000e+02 -1.0829e+00
-4.0000e+01 -1.7000e+02 1.6922e+00
-4.0000e+01 -1.6000e+02 -1.2239e+00
-4.0000e+01 -1.5000e+02 1.6724e-01
-4.0000e+01 -1.4000e+02 1.1678e+00
-4.0000e+01 -1.3000e+02 -7.8981e-01
-4.0000e+01 -1.2000e+02 -2.8733e+00
-4.0000e+01 -1.1000e+02 -1.4624e-01
-4.0000e+01 -1.0000e+02 -3.7190e+00
-4.0000e+01 -9.0000e+01 -2.2832e+00
-4.0000e+01 -8.0000e+01 -5.4960e+00
-4.0000e+01 -7.0000e+01 -6.8383e+00
-4.0000e+01 -6.0000e+01 -7.9284e+00
-4.0000e+01 -5.0000e+01 -9.6711e+00
-4.0000e+01 -4.0000e+01 -1.0008e+01
-4.0000e+01 -3.0000e+01 -1.2837e+01
-4.0000e+01 -2.0000e+01 -1.1354e+01
-4.0000e+01 -1.0000e+01 -1.1164e+01
-4.0000e+01 0.0000e+00 -1.2753e+01
-4.0000e+01 1.0000e+01 -1.2392e+01
-4.0000e+01 2.0000e+01 -1.0540e+01
-4.0000e+01 3.0000e+01 -1.0210e+01
-4.0000e+01 4.0000e+01 -7.2487e+00
-4.0000e+01 5.0000e+01 -7.6009e+00
-4.0000e+01 6.0000e+01 -7.5872e+00
-4.0000e+01 7.0000e+01 -6.1926e+00
-4.0000e+01 8.0000e+01 -3.7971e+00
-4.0000e+01 9.0000e+01 -4.9376e+00
-4.0000e+01 1.0000e+02 -4.3720e+00
-4.0000e+01 1.1000e+02 -4.0780e-01
-4.0000e+01 1.2000e+02 -7.9053e-01
-4.0000e+01 1.3000e+02 2.2019e-01
-4.0000e+01 1.4000e+02 6.7875e-01
-4.0000e+01 1.5000e+02 1.5524e+00
-4.0000e+01 1.6000e+02 -1.5445e+00
-4.0000e+01 1.7000e+02 -3.0848e-01
-4.0000e+01 1.8000e+02 -1.5663e+00
-4.0000e+01 1.9000e+02 5.0183e-01
-4.0000e+01 2.0000e+02 -2.2357e-01
-3.0000e+01 -2.0000e+02 1.0891e+00
-3.0000e+01 -1.9000e+02 -1.6216e+00
-3.0000e+01 -1.8000e+02 -1.6235e+00
-3.0000e+01 -1.7000e+02 -1.5533e-01
-3.0000e+01 -1.6000e+02 1.3947e+00
-3.0000e+01 -1.5000e+02 -1.6745e+00
-3.0000e+01 -1.4000e+02 -1.0804e+00
-3.0000e+01 -1.3000e+02 -1.4739e+00
-3.0000e+01 -1.2000e+02 -2.4624e+00
-3.0000e+01 -1.1000e+02 -8.9110e-01
-3.0000e+01 -1.0000e+02 -2.8375e+00
-3.0000e+01 -9.0000e+01 -2.5189e+00
-3.0000e+01 -8.0000e+01 -4.7382e+00
-3.0000e+01 -7.0000e+01 -5.9316e+00
-3.0000e+01 -6.0000e+01 -5.5620e+00
-3.0000e+01 -5.0000e+01 -9.1455e+00
-3.0000e+01 -4.0000e+01 -1.0649e+01
-3.0000e+01 -3.0000e+01 -1.2587e+01
-3.0000e+01 -2.0000e+01 -1.2470e+01
-3.0000e+01 -1.0000e+01 -1.2081e+01
-3.0000e+01 0.0000e+00 -1.1987e+01
-3.0000e+01 1.0000e+01 -1.5379e+01
-3.0000e+01 2.0000e+01 -1.0587e+01
-3.0000e+01 3.0000e+01 -9.8566e+00
-3.0000e+01 4.0000e+01 -7.7502e+00
-3.0000e+01 5.0000e+01 -8.9047e+00
-3.0000e+01 6.0000e+01 -7.6386e+00
-3.0000e+01 7.0000e+01 -4.8086e+00
-3.0000e+01 8.0000e+01 -4.8538e+00
-3.0000e+01 9.0000e+01 -2.8753e+00
-3.0000e+01 1.0000e+02 -3.2555e-01
-3.0000e+01 1.1000e+02 -2.0935e+00
-3.0000e+01 1.2000e+02 -1.5452e+00
-3.0000e+01 1.3000e+02 4.5251e-01
-3.0000e+01 1.4000e+02 1.6965e+00
-3.0000e+01 1.5000e+02 -3.1049e-01
-3.0000e+01 1.6000e+02 3.0464e+00
-3.0000e+01 1.7000e+02 -9.8520e-01
-3.0000e+01 1.8000e+02 3.2485e+00
-3.0000e+01 1.9000e+02 -9.3856e-01
-3.0000e+01 2.0000e+02 -7.6466e-01
-2.0000e+01 -2.0000e+02 3.2301e+00
-2.0000e+01 -1.9000e+02 2.2071e+00
-2.0000e+01 -1.8000e+02 -1.6020e-01
-2.0000e+01 -1.7000e+02 -2.5338e+00
-2.0000e+01 -1.6000e+02 1.2237e+00
-2.0000e+01 -1.5000e+02 7.5021e-01
-2.0000e+01 -1.4000e+02 6.5431e-01
-2.0000e+01 -1.3000e+02 1.6396e-01
-2.0000e+01 -1.2000e+02 -5.9069e+00
-2.0000e+01 -1.1000e+02 -1.4062e+00
-2.0000e+01 -1.0000e+02 -8.6522e-03
-2.0000e+01 -9.0000e+01 -4.3380e+00
-2.0000e+01 -8.0000e+01 -7.4947e+00
-2.0000e+01 -7.0000e+01 -8.1895e+00
-2.0000e+01 -6.0000e+01 -4.8627e+00
-2.0000e+01 -5.0000e+01 -1.3979e+01
-2.0000e+01 -4.0000e+01 -8.2973e+00
-2.0000e+01 -3.0000e+01 -1.2092e+01
-2.0000e+01 -2.0000e+01 -1.1122e+01
-2.0000e+01 -1.0000e+01 -1.5321e+01
-2.0000e+01 0.0000e+00 -1.3888e+01
-2.0000e+01 1.0000e+01 -1.2769e+01
-2.0000e+01 2.0000e+01 -1.4609e+01
-2.0000e+01 3.0000e+01 -9.3515e+00
-2.0000e+01 4.0000e+01 -1.1690e+01
-2.0000e+01 5.0000e+01 -1.0567e+01
-2.0000e+01 6.0000e+01 -7.5748e+00
-2.0000e+01 7.0000e+01 -6.3230e+00
-2.0000e+01 8.0000e+01 -5.4268e+00
-2.0000e+01 9.0000e+01 -3.9745e+00
-2.0000e+01 1.0000e+02 -3.3491e+00
-2.0000e+01 1.1000e+02 -3.1947e+00
-2.0000e+01 1.2000e+02 5.6525e-01
-2.0000e+01 1.3000e+02 -8.2262e-01
-2.0000e+01 1.4000e+02 -1.9970e-01
-2.0000e+01 1.5000e+02 1.7309e-01
-2.0000e+01 1.6000e+02 5.3763e-02
-2.0000e+01 1.7000e+02 -3.3151e+00
-2.0000e+01 1.8000e+02 -1.5362e+00
-2.0000e+01 1.9000e+02 -1.3804e+00
-2.0000e+01 2.0000e+02 4.5469e-01
-1.0000e+01 -2.0000e+02 -1.2114e+00
-1.0000e+01 -1.9000e+02 -7.7918e-01
-1.0000e+01 -1.8000e+02 -1.4115e-01
-1.0000e+01 -1.7000e+02 9.1788e-01
-1.0000e+01 -1.6000e+02 -1.0973e+00
-1.0000e+01 -1.5000e+02 -8.6885e-01
-1.0000e+01 -1.4000e+02 -8.9049e-01
-1.0000e+01 -1.3000e+02 2.6248e+00
-1.0000e+01 -1.2000e+02 -3.5767e+00
-1.0000e+01 -1.1000e+02 -1.7254e+00
-1.0000e+01 -1.0000e+02 -1.4827e+00
-1.0000e+01 -9.0000e+01 -1.9861e+00
-1.0000e+01 -8.0000e+01 -5.2616e+00
-1.0000e+01 -7.0000e+01 -7.2914e+00
-1.0000e+01 -6.0000e+01 -1.3705e+01
-1.0000e+01 -5.0000e+01 -9.6457e+00
-1.0000e+01 -4.0000e+01 -1.4353e+01
-1.0000e+01 -3.0000e+01 -1.2895e+01
-1.0000e+01 -2.0000e+01 -1.5954e+01
-1.0000e+01 -1.0000e+01 -1.4048e+01
-1.0000e+01 0.0000e+00 -1.2751e+01
-1.0000e+01 1.0000e+01 -1.3362e+01
-1.0000e+01 2.0000e+01 -1.1861e+01
-1.0000e+01 3.0000e+01 -1.2051e+01
-1.0000e+01 4.0000e+01 -1.0161e+01
-1.0000e+01 5.0000e+01 -6.7638e+00
-1.0000e+01 6.0000e+01 -8.3613e+00
-1.0000e+01 7.0000e+01 -4.8018e+00
-1.0000e+01 8.0000e+01 -4.6298e+00
-1.0000e+01 9.0000e+01 -4.0294e+00
-1.0000e+01 1.0000e+02 -4.3422e+00
-1.0000e+01 1.1000e+02 -2.1903e+00
-1.0000e+01 1.2000e+02 -1.2448e+00
-1.0000e+01 1.3000e+02 -1.7271e+00
-1.0000e+01 1.4000e+02 -6.2169e-01
-1.0000e+01 1.5000e+02 9.7870e-02
-1.0000e+01 1.6000e+02 -1.4053e+00
-1.0000e+01 1.7000e+02 5.8296e-01
-1.0000e+01 1.8000e+02 7.6729e-01
-1.0000e+01 1.9000e+02 -7.4024e-02
-1.0000e+01 2.0000e+02 -1.6354e+00
0.0000e+00 -2.0000e+02 -1.7713e-02
0.0000e+00 -1.9000e+02 -1.1342e+00
0.0000e+00 -1.8000e+02 -2.0748e+00
0.0000e+00 -1.7000e+02 1.0135e+00
0.0000e+00 -1.6000e+02 -2.8232e-01
0.0000e+00 -1.5000e+02 -8.6846e-01
0.0000e+00 -1.4000e+02 5.9196e-01
0.0000e+00 -1.3000e+02 -9.7498e-01
0.0000e+00 -1.2000e+02 -1.5098e+00
0.0000e+00 -1.1000e+02 -8.5491e-01
0.0000e+00 -1.0000e+02 -6.6250e+00
0.0000e+00 -9.0000e+01 -6.2441e+00
0.0000e+00 -8.0000e+01 -5.9937e+00
0.0000e+00 -7.0000e+01 -8.3994e+00
0.0000e+00 -6.0000e+01 -9.9451e+00
0.0000e+00 -5.0000e+01 -9.4149e+00
0.0000e+00 -4.0000e+01 -1.3089e+01
0.0000e+00 -3.0000e+01 -1.2652e+01
0.0000e+00 -2.0000e+01 -1.4616e+01
0.0000e+00 -1.0000e+01 -1.3876e+01
0.0000e+00 0.0000e+00 -1.6106e+01
0.0000e+00 1.0000e+01 -1.3307e+01
0.0000e+00 2.0000e+01 -1.5689e+01
0.0000e+00 3.0000e+01 -1.3671e+01
0.0000e+00 4.0000e+01 -1.2016e+01
0.0000e+00 5.0000e+01 -7.7261e+00
0.0000e+00 6.0000e+01 -6.4551e+00
0.0000e+00 7.0000e+01 -6.9861e+00
0.0000e+00 8.0000e+01 -5.2669e+00
0.0000e+00 9.0000e+01 -5.2659e+00
0.0000e+00 1.0000e+02 -7.5309e-01
0.0000e+00 1.1000e+02 -1.3178e-01
0.0000e+00 1.2000e+02 -7.7327e-01
0.0000e+00 1.3000e+02 1.4956e+00
0.0000e+00 1.4000e+02 -3.8347e-01
0.0000e+00 1.5000e+02 -1.6183e+00
0.0000e+00 1.6000e+02 7.2621e-01
0.0000e+00 1.7000e+02 9.8022e-01
0.0000e+00 1.8000e+02 -9.1385e-01
0.0000e+00 1.9000e+02 -2.0135e+00
0.0000e+00 2.0000e+02 1.1222e+00
1.0000e+01 -2.0000e+02 -1.0976e+00
1.0000e+01 -1.9000e+02 -2.9417e-01
1.0000e+01 -1.8000e+02 7.5271e-01
1.0000e+01 -1.7000e+02 -1.8024e-01
1.0000e+01 -1.6000e+02 1.6917e+00
1.0000e+01 -1.5000e+02 -1.7070e+00
1.0000e+01 -1.4000e+02 6.4766e-01
1.0000e+01 -1.3000e+02 5.8264e-01
1.0000e+01 -1.2000e+02 -3.8729e-01
1.0000e+01 -1.1000e+02 -1.2767e+00
1.0000e+01 -1.0000e+02 -1.4230e+00
1.0000e+01 -9.0000e+01 -2.9956e+00
1.0000e+01 -8.0000e+01 -5.7788e+00
1.0000e+01 -7.0000e+01 -5.4011e+00
1.0000e+01 -6.0000e+01 -7.9800e+00
1.0000e+01 -5.0000e+01 -1.0723e+01
1.0000e+01 -4.0000e+01 -1.0540e+01
1.0000e+01 -3.0000e+01 -1.4315e+01
1.0000e+01 -2.0000e+01 -1.4945e+01
1.0000e+01 -1.0000e+01 -1.5009e+01
1.0000e+01 0.0000e+00 -1.3638e+01
1.0000e+01 1.0000e+01 -1.2879e+01
1.0000e+01 2.0000e+01 -1.4131e+01
1.0000e+01 3.0000e+01 -1.4154e+01
1.0000e+01 4.0000e+01 -1.2333e+01
1.0000e+01 5.0000e+01 -6.8742e+00
1.0000e+01 6.0000e+01 -8.4380e+00
1.0000e+01 7.0000e+01 -5.4645e+00
1.0000e+01 8.0000e+01 -5.2639e+00
1.0000e+01 9.0000e+01 -4.9775e+00
1.0000e+01 1.0000e+02 -1.3674e+00
1.0000e+01 1.1000e+02 -3.0488e+00
1.0000e+01 1.2000e+02 -2.5492e+00
1.0000e+01 1.3000e+02 -7.6385e-01
1.0000e+01 1.4000e+02 -2.8158e-01
1.0000e+01 1.5000e+02 -1.5975e+00
1.0000e+01 1.6000e+02 -2.8097e+00
1.0000e+01 1.7000e+02 -2.9434e+00
1.0000e+01 1.8000e+02 -1.1748e+00
1.0000e+01 1.9000e+02 1.3492e+00
1.0000e+01 2.0000e+02 -3.4059e-01
2.0000e+01 -2.0000e+02 3.1276e+00
2.0000e+01 -1.9000e+02 1.0769e+00
2.0000e+01 -1.8000e+02 2.9846e-01
2.0000e+01 -1.7000e+02 -2.4414e+00
2.0000e+01 -1.6000e+02 2.3172e+00
2.0000e+01 -1.5000e+02 4.0866e-01
2.0000e+01 -1.4000e+02 -2.7106e-02
2.0000e+01 -1.3000e+02 1.5797e+00
2.0000e+01 -1.2000e+02 -2.7221e+00
2.0000e+01 -1.1000e+02 -3.5444e+00
2.0000e+01 -1.0000e+02 8.8084e-01
2.0000e+01 -9.0000e+01 -2.0871e+00
2.0000e+01 -8.0000e+01 -3.5111e+00
2.0000e+01 -7.0000e+01 -5.9899e+00
2.0000e+01 -6.0000e+01 -8.3380e+00
2.0000e+01 -5.0000e+01 -9.6820e+00
2.0000e+01 -4.0000e+01 -1.0998e+01
2.0000e+01 -3.0000e+01 -1.3166e+01
2.0000e+01 -2.0000e+01 -1.1212e+01
2.0000e+01 -1.0000e+01 -1.3510e+01
2.0000e+01 0.0000e+00 -1.1674e+01
2.0000e+01 1.0000e+01 -1.5099e+01
2.0000e+01 2.0000e+01 -1.2577e+01
2.0000e+01 3.0000e+01 -1.1478e+01
2.0000e+01 4.0000e+01 -1.0574e+01
2.0000e+01 5.0000e+01 -1.0910e+01
2.0000e+01 6.0000e+01 -7.8332e+00
2.0000e+01 7.0000e+01 -8.7918e+00
2.0000e+01 8.0000e+01 -4.9828e+00
2.0000e+01 9.0000e+01 -5.6978e+00
2.0000e+01 1.0000e+02 -3.2645e+00
2.0000e+01 1.1000e+02 -1.1358e-01
2.0000e+01 1.2000e+02 -1.2038e+00
2.0000e+01 1.3000e+02 -2.6939e+00
2.0000e+01 1.4000e+02 -2.4087e+00
2.0000e+01 1.5000e+02 6.0429e-01
2.0000e+01 1.6000e+02 5.3487e-01
2.0000e+01 1.7000e+02 4.3132e-01
2.0000e+01 1.8000e+02 -2.9511e+00
2.0000e+01 1.9000e+02 6.6485e-01
2.0000e+01 2.0000e+02 2.3289e+00
3.0000e+01 -2.0000e+02 1.2686e+00
3.0000e+01 -1.9000e+02 -1.0423e-01
3.0000e+01 -1.8000e+02 -2.4032e-01
3.0000e+01 -1.7000e+02 -1.5689e-01
3.0000e+01 -1.6000e+02 -1.7664e+00
3.0000e+01 -1.5000e+02 1.4164e+00
3.0000e+01 -1.4000e+02 -4.2361e+00
3.0000e+01 -1.3000e+02 -1.9903e+00
3.0000e+01 -1.2000e+02 -6.0552e-01
3.0000e+01 -1.1000e+02 -3.0839e+00
3.0000e+01 -1.0000e+02 -5.2563e+00
3.0000e+01 -9.0000e+01 -4.0712e+00
3.0000e+01 -8.0000e+01 -6.3322e+00
3.0000e+01 -7.0000e+01 -5.8018e+00
3.0000e+01 -6.0000e+01 -7.6297e+00
3.0000e+01 -5.0000e+01 -8.4340e+00
3.0000e+01 -4.0000e+01 -1.1571e+01
3.0000e+01 -3.0000e+01 -1.0774e+01
3.0000e+01 -2.0000e+01 -1.3284e+01
3.0000e+01 -1.0000e+01 -1.4530e+01
3.0000e+01 0.0000e+00 -1.3416e+01
3.0000e+01 1.0000e+01 -1.2536e+01
3.0000e+01 2.0000e+01 -1.2307e+01
3.0000e+01 3.0000e+01 -1.3127e+01
3.0000e+01 4.0000e+01 -1.0371e+01
3.0000e+01 5.0000e+01 -9.7502e+00
3.0000e+01 6.0000e+01 -8.0270e+00
3.0000e+01 7.0000e+01 -4.7332e+00
3.0000e+01 8.0000e+01 -5.7812e+00
3.0000e+01 9.0000e+01 -3.2825e+00
3.0000e+01 1.0000e+02 -2.2646e+00
3.0000e+01 1.1000e+02 -7.4438e-01
3.0000e+01 1.2000e+02 -1.7329e+00
3.0000e+01 1.3000e+02 -2.2042e+00
3.0000e+01 1.4000e+02 4.7543e-01
3.0000e+01 1.5000e+02 -2.5020e+00
3.0000e+01 1.6000e+02 -1.3733e+00
3.0000e+01 1.7000e+02 -1.9381e+00
3.0000e+01 1.8000e+02 7.8069e-01
3.0000e+01 1.9000e+02 -2.9942e+00
3.0000e+01 2.0000e+02 -1.2343e+00
4.0000e+01 -2.0000e+02 2.6556e+00
4.0000e+01 -1.9000e+02 3.6380e+00
4.0000e+01 -1.8000e+02 -2.5383e+00
4.0000e+01 -1.7000e+02 -1.6539e+00
4.0000e+01 -1.6000e+02 -5.1842e-01
4.0000e+01 -1.5000e+02 -4.0572e-01
4.0000e+01 -1.4000e+02 1.2245e-01
4.0000e+01 -1.3000e+02 -6.7258e-01
4.0000e+01 -1.2000e+02 -9.4310e-01
4.0000e+01 -1.1000e+02 -6.6122e-02
4.0000e+01 -1.0000e+02 -3.0949e+00
4.0000e+01 -9.0000e+01 -6.6887e+00
4.0000e+01 -8.0000e+01 -6.5413e+00
4.0000e+01 -7.0000e+01 -3.5838e+00
4.0000e+01 -6.0000e+01 -5.0102e+00
4.0000e+01 -5.0000e+01 -9.3307e+00
4.0000e+01 -4.0000e+01 -7.9851e+00
4.0000e+01 -3.0000e+01 -1.1206e+01
4.0000e+01 -2.0000e+01 -1.1856e+01
4.0000e+01 -1.0000e+01 -1.1775e+01
4.0000e+01 0.0000e+00 -1.1467e+01
4.0000e+01 1.0000e+01 -1.0499e+01
4.0000e+01 2.0000e+01 -1.1543e+01
4.0000e+01 3.0000e+01 -8.1500e+00
4.0000e+01 4.0000e+01 -7.2084e+00
4.0000e+01 5.0000e+01 -7.6962e+00
4.0000e+01 6.0000e+01 -7.3788e+00
4.0000e+01 7.0000e+01 -4.3588e+00
4.0000e+01 8.0000e+01 -5.4876e+00
4.0000e+01 9.0000e+01 -3.0242e+00
4.0000e+01 1.0000e+02 -6.8611e+00
4.0000e+01 1.1000e+02 -2.8698e+00
4.0000e+01 1.2000e+02 -4.0086e+00
4.0000e+01 1.3000e+02 -1.9567e+00
4.0000e+01 1.4000e+02 -2.2663e+00
4.0000e+01 1.5000e+02 9.9276e-01
4.0000e+01 1.6000e+02 6.3349e-01
4.0000e+01 1.7000e+02 -1.5196e+00
4.0000e+01 1.8000e+02 -8.3262e-01
4.0000e+01 1.9000e+02 2.8648e-01
4.0000e+01 2.0000e+02 4.4638e-01
5.0000e+01 -2.0000e+02 -8.1258e-01
5.0000e+01 -1.9000e+02 2.4793e-01
5.0000e+01 -1.8000e+02 1.1652e+00
5.0000e+01 -1.7000e+02 -5.7149e-01
5.0000e+01 -1.6000e+02 1.3379e-01
5.0000e+01 -1.5000e+02 -1.3715e-01
5.0000e+01 -1.4000e+02 -2.0300e+00
5.0000e+01 -1.3000e+02 -1.2169e+00
5.0000e+01 -1.2000e+02 8.3544e-01
5.0000e+01 -1.1000e+02 -4.3618e+00
5.0000e+01 -1.0000e+02 -2.2701e+00
5.0000e+01 -9.0000e+01 -3.3761e+00
5.0000e+01 -8.0000e+01 -3.7844e+00
5.0000e+01 -7.0000e+01 -3.6492e+00
5.0000e+01 -6.0000e+01 -8.1337e+00
5.0000e+01 -5.0000e+01 -3.4576e+00
5.0000e+01 -4.0000e+01 -7.6482e+00
5.0000e+01 -3.0000e+01 -1.0601e+01
5.0000e+01 -2.0000e+01 -9.7328e+00
5.0000e+01 -1.0000e+01 -1.1386e+01
5.0000e+01 0.0000e+00 -9.9799e+00
5.0000e+01 1.0000e+01 -8.6483e+00
5.0000e+01 2.0000e+01 -9.7670e+00
5.0000e+01 3.0000e+01 -6.7597e+00
5.0000e+01 4.0000e+01 -7.8303e+00
5.0000e+01 5.0000e+01 -6.7822e+00
5.0000e+01 6.0000e+01 -7.3675e+00
5.0000e+01 7.0000e+01 -5.1018e+00
5.0000e+01 8.0000e+01 -4.5407e+00
5.0000e+01 9.0000e+01 -2.6753e-01
5.0000e+01 1.0000e+02 1.0726e+00
5.0000e+01 1.1000e+02 -2.4946e+00
5.0000e+01 1.2000e+02 -8.9512e-01
5.0000e+01 1.3000e+02 2.7016e-01
5.0000e+01 1.4000e+02 -1.1734e+00
5.0000e+01 1.5000e+02 -1.4397e-01
5.0000e+01 1.6000e+02 -7.3544e-01
5.0000e+01 1.7000e+02 9.2360e-01
5.0000e+01 1.8000e+02 -2.2380e+00
5.0000e+01 1.9000e+02 1.2765e+00
5.0000e+01 2.0000e+02 -3.7287e-01
6.0000e+01 -2.0000e+02 -1.2064e+00
6.0000e+01 -1.9000e+02 -3.3134e+00
6.0000e+01 -1.8000e+02 2.2830e-01
6.0000e+01 -1.7000e+02 -5.6662e-01
6.0000e+01 -1.6000e+02 1.7828e+00
6.0000e+01 -1.5000e+02 -2.2847e+00
6.0000e+01 -1.4000e+02 1.1884e+00
6.0000e+01 -1.3000e+02 -4.7862e-01
6.0000e+01 -1.2000e+02 -1.8881e+00
6.0000e+01 -1.1000e+02 -9.5941e-01
6.0000e+01 -1.0000e+02 -1.3343e+00
6.0000e+01 -9.0000e+01 -2.3674e+00
6.0000e+01 -8.0000e+01 -4.4550e+00
6.0000e+01 -7.0000e+01 -1.1475e+00
6.0000e+01 -6.0000e+01 -7.9936e+00
6.0000e+01 -5.0000e+01 -6.0015e+00
6.0000e+01 -4.0000e+01 -4.3833e+00
6.0000e+01 -3.0000e+01 -6.6827e+00
6.0000e+01 -2.0000e+01 -6.8281e+00
6.0000e+01 -1.0000e+01 -9.6350e+00
6.0000e+01 0.0000e+00 -6.5056e+00
6.0000e+01 1.0000e+01 -6.1921e+00
6.0000e+01 2.0000e+01 -7.1131e+00
6.0000e+01 3.0000e+01 -8.5946e+00
6.0000e+01 4.0000e+01 -7.9645e+00
6.0000e+01 5.0000e+01 -6.0725e+00
6.0000e+01 6.0000e+01 -3.9629e+00
6.0000e+01 7.0000e+01 -4.5699e+00
6.0000e+01 8.0000e+01 -5.4831e+00
6.0000e+01 9.0000e+01 -2.6923e+00
6.0000e+01 1.0000e+02 -2.2553e+00
6.0000e+01 1.1000e+02 7.9800e-01
6.0000e+01 1.2000e+02 -1.2416e+00
6.0000e+01 1.3000e+02 1.4778e-01
6.0000e+01 1.4000e+02 -1.0012e+00
6.0000e+01 1.5000e+02 -1.1647e+00
6.0000e+01 1.6000e+02 -1.2560e+00
6.0000e+01 1.7000e+02 -2.6305e-01
6.0000e+01 1.8000e+02 3.7457e-01
6.0000e+01 1.9000e+02 -1.6415e+00
6.0000e+01 2.0000e+02 8.9684e-01
7.0000e+01 -2.0000e+02 2.4570e+00
7.0000e+01 -1.9000e+02 -3.0051e+00
7.0000e+01 -1.8000e+02 -1.0983e+00
7.0000e+01 -1.7000e+02 -2.0749e+00
7.0000e+01 -1.6000e+02 -1.7686e+00
7.0000e+01 -1.5000e+02 3.2248e-01
7.0000e+01 -1.4000e+02 -4.2440e-01
7.0000e+01 -1.3000e+02 -1.6764e-01
7.0000e+01 -1.2000e+02 -1.0965e+00
7.0000e+01 -1.1000e+02 2.1130e-01
7.0000e+01 -1.0000e+02 4.5867e-01
7.0000e+01 -9.0000e+01 1.7154e+00
7.0000e+01 -8.0000e+01 -2.7843e+00
7.0000e+01 -7.0000e+01 -1.0458e+00
7.0000e+01 -6.0000e+01 -4.8035e+00
7.0000e+01 -5.0000e+01 -5.8894e+00
7.0000e+01 -4.0000e+01 -6.6249e+00
7.0000e+01 -3.0000e+01 -7.1101e+00
7.0000e+01 -2.0000e+01 -4.0965e+00
7.0000e+01 -1.0000e+01 -4.2483e+00
7.0000e+01 0.0000e+00 -8.7441e+00
7.0000e+01 1.0000e+01 -8.3050e+00
7.0000e+01 2.0000e+01 -6.2393e+00
7.0000e+01 3.0000e+01 -7.0090e+00
7.0000e+01 4.0000e+01 -6.7106e+00
7.0000e+01 5.0000e+01 -2.0827e+00
7.0000e+01 6.0000e+01 -3.5539e+00
7.0000e+01 7.0000e+01 -4.4633e-01
7.0000e+01 8.0000e+01 -2.8526e+00
7.0000e+01 9.0000e+01 -5.2809e-01
7.0000e+01 1.0000e+02 5.1530e-01
7.0000e+01 1.1000e+02 -5.5081e-01
7.0000e+01 1.2000e+02 1.3112e-01
7.0000e+01 1.3000e+02 -3.4069e-01
7.0000e+01 1.4000e+02 1.5466e+00
7.0000e+01 1.5000e+02 -9.4489e-01
7.0000e+01 1.6000e+02 -1.2273e+00
7.0000e+01 1.7000e+02 1.3125e+00
7.0000e+01 1.8000e+02 8.1153e-01
7.0000e+01 1.9000e+02 -5.2898e-01
7.0000e+01 2.0000e+02 -9.9315e-01
8.0000e+01 -2.0000e+02 2.4766e+00
8.0000e+01 -1.9000e+02 -4.7562e-01
8.0000e+01 -1.8000e+02 -7.8230e-02
8.0000e+01 -1.7000e+02 -1.5339e+00
8.0000e+01 -1.6000e+02 -9.6274e-01
8.0000e+01 -1.5000e+02 3.8620e-01
8.0000e+01 -1.4000e+02 -2.8670e-01
8.0000e+01 -1.3000e+02 -1.1540e+00
8.0000e+01 -1.2000e+02 -1.4610e+00
8.0000e+01 -1.1000e+02 -3.1919e-01
8.0000e+01 -1.0000e+02 -9.3733e-01
8.0000e+01 -9.0000e+01 -2.3305e+00
8.0000e+01 -8.0000e+01 -5.7381e+00
8.0000e+01 -7.0000e+01 -2.5948e+00
8.0000e+01 -6.0000e+01 -4.1403e+00
8.0000e+01 -5.0000e+01 -3.4641e+00
8.0000e+01 -4.0000e+01 -1.4276e+00
8.0000e+01 -3.0000e+01 -5.1385e+00
8.0000e+01 -2.0000e+01 -5.6545e+00
8.0000e+01 -1.0000e+01 -7.1706e+00
8.0000e+01 0.0000e+00 -4.0570e+00
8.0000e+01 1.0000e+01 -4.5556e+00
8.0000e+01 2.0000e+01 -1.0347e+01
8.0000e+01 3.0000e+01 -4.9163e+00
8.0000e+01 4.0000e+01 -3.0442e+00
8.0000e+01 5.0000e+01 -7.4479e+00
8.0000e+01 6.0000e+01 -2.0780e+00
8.0000e+01 7.0000e+01 -4.9670e+00
8.0000e+01 8.0000e+01 -1.7635e+00
8.0000e+01 9.0000e+01 -6.2811e-01
8.0000e+01 1.0000e+02 -1.5452e+00
8.0000e+01 1.1000e+02 -2.1486e+00
8.0000e+01 1.2000e+02 1.2863e+00
8.0000e+01 1.3000e+02 -2.2345e+00
8.0000e+01 1.4000e+02 5.9122e-01
8.0000e+01 1.5000e+02 1.2239e-01
8.0000e+01 1.6000e+02 2.2123e-01
8.0000e+01 1.7000e+02 1.4292e+00
8.0000e+01 1.8000e+02 1.6949e+00
8.0000e+01 1.9000e+02 2.8095e+00
8.0000e+01 2.0000e+02 -1.9701e+00
9.0000e+01 -2.0000e+02 2.1242e-01
9.0000e+01 -1.9000e+02 -5.7004e-01
9.0000e+01 -1.8000e+02 -1.8558e+00
9.0000e+01 -1.7000e+02 1.5575e+00
9.0000e+01 -1.6000e+02 -1.1603e+00
9.0000e+01 -1.5000e+02 1.5428e+00
9.0000e+01 -1.4000e+02 1.4180e+00
9.0000e+01 -1.3000e+02 -1.5751e+00
9.0000e+01 -1.2000e+02 8.8805e-01
9.0000e+01 -1.1000e+02 -2.2014e+00
9.0000e+01 -1.0000e+02 -2.7326e+00
9.0000e+01 -9.0000e+01 1.4455e+00
9.0000e+01 -8.0000e+01 -1.8789e+00
9.0000e+01 -7.0000e+01 -2.7447e+00
9.0000e+01 -6.0000e+01 -2.7789e+00
9.0000e+01 -5.0000e+01 -2.3591e+00
9.0000e+01 -4.0000e+01 -3.6815e+00
9.0000e+01 -3.0000e+01 -4.6604e+00
9.0000e+01 -2.0000e+01 -3.5802e+00
9.0000e+01 -1.0000e+01 -3.1134e+00
9.0000e+01 0.0000e+00 -5.2777e+00
9.0000e+01 1.0000e+01 -1.9061e+00
9.0000e+01 2.0000e+01 -3.7802e+00
9.0000e+01 3.0000e+01 -3.5052e+00
9.0000e+01 4.0000e+01 -1.8299e+00
9.0000e+01 5.0000e+01 -2.3806e+00
9.0000e+01 6.0000e+01 1.9025e+00
9.0000e+01 7.0000e+01 -2.0167e+00
9.0000e+01 8.0000e+01 -5.9283e-01
9.0000e+01 9.0000e+01 -9.7928e-01
9.0000e+01 1.0000e+02 2.7521e-01
9.0000e+01 1.1000e+02 1.2386e+00
9.0000e+01 1.2000e+02 1.9797e+00
9.0000e+01 1.3000e+02 -7.8178e-01
9.0000e+01 1.4000e+02 -2.8188e+00
9.0000e+01 1.5000e+02 -5.3775e+00
9.0000e+01 1.6000e+02 1.7721e-01
9.0000e+01 1.7000e+02 -2.1307e+00
9.0000e+01 1.8000e+02 -8.9643e-01
9.0000e+01 1.9000e+02 3.1339e-01
9.0000e+01 2.0000e+02 -5.4439e-01
1.0000e+02 -2.0000e+02 1.9248e+00
1.0000e+02 -1.9000e+02 4.6566e-01
1.0000e+02 -1.8000e+02 1.0203e+00
1.0000e+02 -1.7000e+02 -2.0111e+00
1.0000e+02 -1.6000e+02 -2.4551e+00
1.0000e+02 -1.5000e+02 -2.2249e+00
1.0000e+02 -1.4000e+02 4.5497e-01
1.0000e+02 -1.3000e+02 1.1852e+00
1.0000e+02 -1.2000e+02 -1.6722e+00
1.0000e+02 -1.1000e+02 -1.0421e+00
1.0000e+02 -1.0000e+02 -2.7293e+00
1.0000e+02 -9.0000e+01 -1.5036e+00
1.0000e+02 -8.0000e+01 -1.6876e-01
1.0000e+02 -7.0000e+01 -4.6867e+00
1.0000e+02 -6.0000e+01 -7.2763e-02
1.0000e+02 -5.0000e+01 -1.9906e+00
1.0000e+02 -4.0000e+01 -5.9019e+00
1.0000e+02 -3.0000e+01 -1.9874e+00
1.0000e+02 -2.0000e+01 -2.5574e+00
1.0000e+02 -1.0000e+01 -4.6791e+00
1.0000e+02 0.0000e+00 -2.1873e+00
1.0000e+02 1.0000e+01 -2.2321e+00
1.0000e+02 2.0000e+01 -3.6645e+00
1.0000e+02 3.0000e+01 -4.7038e+00
1.0000e+02 4.0000e+01 -4.8818e+00
1.0000e+02 5.0000e+01 -2.0803e+00
1.0000e+02 6.0000e+01 1.1000e+00
1.0000e+02 7.0000e+01 -7.7079e-01
1.0000e+02 8.0000e+01 1.4077e+00
1.0000e+02 9.0000e+01 -5.4463e-01
1.0000e+02 1.0000e+02 1.2033e-01
1.0000e+02 1.1000e+02 -1.1488e+00
1.0000e+02 1.2000e+02 -1.2725e+00
1.0000e+02 1.3000e+02 -1.2196e+00
1.0000e+02 1.4000e+02 -3.8911e-01
1.0000e+02 1.5000e+02 -2.0771e+00
1.0000e+02 1.6000e+02 1.7246e+00
1.0000e+02 1.7000e+02 2.9269e+00
1.0000e+02 1.8000e+02 -1.6394e+00
1.0000e+02 1.9000e+02 2.3579e-01
1.0000e+02 2.0000e+02 2.1750e+00
1.1000e+02 -2.0000e+02 -1.5846e+00
1.1000e+02 -1.9000e+02 1.9148e+00
1.1000e+02 -1.8000e+02 1.6793e+00
1.1000e+02 -1.7000e+02 -1.4467e+00
1.1000e+02 -1.6000e+02 5.0441e-01
1.1000e+02 -1.5000e+02 -5.1614e-02
1.1000e+02 -1.4000e+02 1.5529e+00
1.1000e+02 -1.3000e+02 -1.1803e+00
1.1000e+02 -1.2000e+02 -6.6863e-01
1.1000e+02 -1.1000e+02 1.1804e+00
1.1000e+02 -1.0000e+02 1.0648e+00
1.1000e+02 -9.0000e+01 3.0813e-01
1.1000e+02 -8.0000e+01 -8.6552e-01
1.1000e+02 -7.0000e+01 1.1480e-03
1.1000e+02 -6.0000e+01 -1.6202e+00
1.1000e+02 -5.0000e+01 -1.2446e+00
1.1000e+02 -4.0000e+01 -2.2328e+00
1.1000e+02 -3.0000e+01 -1.9415e+00
1.1000e+02 -2.0000e+01 4.4026e-01
1.1000e+02 -1.0000e+01 -3.0513e+00
1.1000e+02 0.0000e+00 -1.8784e+00
1.1000e+02 1.0000e+01 -3.6053e+00
1.1000e+02 2.0000e+01 -1.3074e+00
1.1000e+02 3.0000e+01 -4.7128e+00
1.1000e+02 4.0000e+01 -1.4211e+00
1.1000e+02 5.0000e+01 -1.7386e+00
1.1000e+02 6.0000e+01 -2.3901e+00
1.1000e+02 7.0000e+01 1.0681e-01
1.1000e+02 8.0000e+01 1.2325e-01
1.1000e+02 9.0000e+01 6.7430e-01
1.1000e+02 1.0000e+02 1.2428e+00
1.1000e+02 1.1000e+02 1.7943e+00
1.1000e+02 1.2000e+02 1.9580e+00
1.1000e+02 1.3000e+02 -1.5999e+00
1.1000e+02 1.4000e+02 -1.4992e+00
1.1000e+02 1.5000e+02 -2.6909e+00
1.1000e+02 1.6000e+02 -4.6012e-01
1.1000e+02 1.7000e+02 -4.1503e-01
1.1000e+02 1.8000e+02 1.9854e+00
1.1000e+02 1.9000e+02 -1.7398e-01
1.1000e+02 2.0000e+02 -4.1150e-01
1.2000e+02 -2.0000e+02 1.6968e+00
1.2000e+02 -1.9000e+02 3.3067e-03
1.2000e+02 -1.8000e+02 2.3792e+00
1.2000e+02 -1.7000e+02 2.5813e-01
1.2000e+02 -1.6000e+02 3.1741e-01
1.2000e+02 -1.5000e+02 3.7326e+00
1.2000e+02 -1.4000e+02 -1.5445e+00
1.2000e+02 -1.3000e+02 -5.6499e-01
1.2000e+02 -1.2000e+02 4.1589e-01
1.2000e+02 -1.1000e+02 1.5056e+00
1.2000e+02 -1.0000e+02 1.3449e+00
1.2000e+02 -9.0000e+01 9.5886e-01
1.2000e+02 -8.0000e+01 -1.3343e+00
1.2000e+02 -7.0000e+01 -2.2950e+00
1.2000e+02 -6.0000e+01 4.2387e-01
1.2000e+02 -5.0000e+01 -1.4806e-01
1.2000e+02 -4.0000e+01 -3.3309e-01
1.2000e+02 -3.0000e+01 -2.2639e+00
1.2000e+02 -2.0000e+01 -5.3030e-01
1.2000e+02 -1.0000e+01 -4.8153e+00
1.2000e+02 0.0000e+00 -1.9593e-01
1.2000e+02 1.0000e+01 -1.8134e+00
1.2000e+02 2.0000e+01 -2.5137e+00
1.2000e+02 3.0000e+01 -5.0490e+00
1.2000e+02 4.0000e+01 6.7293e-01
1.2000e+02 5.0000e+01 -1.4013e+00
1.2000e+02 6.0000e+01 -1.4719e+00
1.2000e+02 7.0000e+01 4.4752e-01
1.2000e+02 8.0000e+01 1.3141e+00
1.2000e+02 9.0000e+01 -1.6816e+00
1.2000e+02 1.0000e+02 -1.2363e+00
1.2000e+02 1.1000e+02 -1.7904e+00
1.2000e+02 1.2000e+02 -4.8435e-01
1.2000e+02 1.3000e+02 1.1982e-02
1.2000e+02 1.4000e+02 7.4812e-01
1.2000e+02 1.5000e+02 9.1189e-01
1.2000e+02 1.6000e+02 7.9876e-01
1.2000e+02 1.7000e+02 1.0457e+00
1.2000e+02 1.8000e+02 -2.0412e-01
1.2000e+02 1.9000e+02 -5.0034e-01
1.2000e+02 2.0000e+02 -6.4865e-01
1.3000e+02 -2.0000e+02 -1.2592e+00
1.3000e+02 -1.9000e+02 -6.6573e-01
1.3000e+02 -1.8000e+02 -3.6743e-01
1.3000e+02 -1.7000e+02 6.0554e-01
1.3000e+02 -1.6000e+02 -3.0945e+00
1.3000e+02 -1.5000e+02 -1.4321e+00
1.3000e+02 -1.4000e+02 -1.3381e+00
1.3000e+02 -1.3000e+02 -1.7451e+00
1.3000e+02 -1.2000e+02 -2.8977e-01
1.3000e+02 -1.1000e+02 4.1560e-01
1.3000e+02 -1.0000e+02 -1.2682e+00
1.3000e+02 -9.0000e+01 3.7085e-01
1.3000e+02 -8.0000e+01 -1.1296e+00
1.3000e+02 -7.0000e+01 7.9994e-01
1.3000e+02 -6.0000e+01 4.5844e-01
1.3000e+02 -5.0000e+01 1.7840e-01
1.3000e+02 -4.0000e+01 1.0912e+00
1.3000e+02 -3.0000e+01 -9.6729e-01
1.3000e+02 -2.0000e+01 -2.5945e+00
1.3000e+02 -1.0000e+01 -1.1158e+00
1.3000e+02 0.0000e+00 -2.4823e+00
1.3000e+02 1.0000e+01 4.4720e-01
1.3000e+02 2.0000e+01 -5.9702e-02
1.3000e+02 3.0000e+01 1.7909e+00
1.3000e+02 4.0000e+01 -1.7489e+00
1.3000e+02 5.0000e+01 -3.0581e+00
1.3000e+02 6.0000e+01 4.6023e-01
1.3000e+02 7.0000e+01 4.3619e-01
1.3000e+02 8.0000e+01 -3.0207e-02
1.3000e+02 9.0000e+01 -6.9769e-01
1.3000e+02 1.0000e+02 -3.3753e-01
1.3000e+02 1.1000e+02 1.0015e+00
1.3000e+02 1.2000e+02 1.1242e+00
1.3000e+02 1.3000e+02 -1.3406e+00
1.3000e+02 1.4000e+02 4.1716e+00
1.3000e+02 1.5000e+02 -1.8314e+00
1.3000e+02 1.6000e+02 -5.0815e-02
1.3000e+02 1.7000e+02 -9.1588e-01
1.3000e+02 1.8000e+02 1.5427e-01
1.3000e+02 1.9000e+02 1.0131e+00
1.3000e+02 2.0000e+02 -1.7860e-01
1.4000e+02 -2.0000e+02 -6.7882e-02
1.4000e+02 -1.9000e+02 1.5515e+00
1.4000e+02 -1.8000e+02 2.3630e-01
1.4000e+02 -1.7000e+02 -1.2600e-01
1.4000e+02 -1.6000e+02 -2.4631e+00
1.4000e+02 -1.5000e+02 -1.4173e+00
1.4000e+02 -1.4000e+02 1.9877e+00
1.4000e+02 -1.3000e+02 -8.0865e-01
1.4000e+02 -1.2000e+02 -1.4139e+00
1.4000e+02 -1.1000e+02 1.0422e+00
1.4000e+02 -1.0000e+02 -1.0000e-01
1.4000e+02 -9.0000e+01 4.8829e-01
1.4000e+02 -8.0000e+01 -3.6974e-01
1.4000e+02 -7.0000e+01 -1.0859e+00
1.4000e+02 -6.0000e+01 -2.8023e-01
1.4000e+02 -5.0000e+01 1.1328e+00
1.4000e+02 -4.0000e+01 -1.3666e-01
1.4000e+02 -3.0000e+01 -1.7259e+00
1.4000e+02 -2.0000e+01 9.1459e-01
1.4000e+02 -1.0000e+01 1.5223e+00
1.4000e+02 0.0000e+00 -2.4714e+00
1.4000e+02 1.0000e+01 -1.3686e-01
1.4000e+02 2.0000e+01 -1.4696e+00
1.4000e+02 3.0000e+01 -1.1544e+00
1.4000e+02 4.0000e+01 8.7531e-01
1.4000e+02 5.0000e+01 -6.8947e-01
1.4000e+02 6.0000e+01 9.6304e-01
1.4000e+02 7.0000e+01 1.3017e+00
1.4000e+02 8.0000e+01 7.8816e-01
1.4000e+02 9.0000e+01 -2.6675e+00
1.4000e+02 1.0000e+02 1.5861e+00
1.4000e+02 1.1000e+02 -1.7489e+00
1.4000e+02 1.2000e+02 1.4344e+00
1.4000e+02 1.3000e+02 -7.5173e-01
1.4000e+02 1.4000e+02 -8.6911e-01
1.4000e+02 1.5000e+02 -1.6702e+00
1.4000e+02 1.6000e+02 1.6913e-02
1.4000e+02 1.7000e+02 -2.0502e-01
1.4000e+02 1.8000e+02 1.1886e+00
1.4000e+02 1.9000e+02 1.5530e+00
1.4000e+02 2.0000e+02 -2.3807e+00
1.5000e+02 -2.0000e+02 -1.2629e+00
1.5000e+02 -1.9000e+02 -2.8332e+00
1.5000e+02 -1.8000e+02 -2.1043e+00
1.5000e+02 -1.7000e+02 4.1051e-01
1.5000e+02 -1.6000e+02 7.9687e-01
1.5000e+02 -1.5000e+02 1.3023e+00
1.5000e+02 -1.4000e+02 -1.5124e+00
1.5000e+02 -1.3000e+02 -1.5077e+00
1.5000e+02 -1.2000e+02 -2.0347e-01
1.5000e+02 -1.1000e+02 3.1338e+00
1.5000e+02 -1.0000e+02 -3.0746e+00
1.5000e+02 -9.0000e+01 -3.6238e-01
1.5000e+02 -8.0000e+01 -1.6246e+00
1.5000e+02 -7.0000e+01 -1.2141e+00
1.5000e+02 -6.0000e+01 -3.6696e+00
1.5000e+02 -5.0000e+01 -1.0771e+00
1.5000e+02 -4.0000e+01 1.9482e-01
1.5000e+02 -3.0000e+01 -3.0553e-01
1.5000e+02 -2.0000e+01 -1.5965e-01
1.5000e+02 -1.0000e+01 2.5790e+00
1.5000e+02 0.0000e+00 -3.8097e+00
1.5000e+02 1.0000e+01 -1.0982e+00
1.5000e+02 2.0000e+01 -4.6850e-01
1.5000e+02 3.0000e+01 2.1880e-01
1.5000e+02 4.0000e+01 6.7822e-01
1.5000e+02 5.0000e+01 -1.7843e+00
1.5000e+02 6.0000e+01 -8.4659e-01
1.5000e+02 7.0000e+01 8.8718e-01
1.5000e+02 8.0000e+01 1.5316e+00
1.5000e+02 9.0000e+01 -1.3754e+00
1.5000e+02 1.0000e+02 2.8116e-01
1.5000e+02 1.1000e+02 -5.6870e-01
1.5000e+02 1.2000e+02 1.3285e-01
1.5000e+02 1.3000e+02 -1.2177e+00
1.5000e+02 1.4000e+02 2.5278e-01
1.5000e+02 1.5000e+02 6.0694e-01
1.5000e+02 1.6000e+02 -4.0478e-01
1.5000e+02 1.7000e+02 1.3693e+00
1.5000e+02 1.8000e+02 3.0747e-01
1.5000e+02 1.9000e+02 -2.9947e-01
1.5000e+02 2.0000e+02 -6.7893e-01
1.6000e+02 -2.0000e+02 -8.6744e-01
1.6000e+02 -1.9000e+02 -2.4470e+00
1.6000e+02 -1.8000e+02 5.9056e-01
1.6000e+02 -1.7000e+02 -6.9929e-02
1.6000e+02 -1.6000e+02 -2.2254e+00
1.6000e+02 -1.5000e+02 2.0273e+00
1.6000e+02 -1.4000e+02 1.5178e+00
1.6000e+02 -1.3000e+02 1.4421e+00
1.6000e+02 -1.2000e+02 2.8138e-02
1.6000e+02 -1.1000e+02 -3.3656e+00
1.6000e+02 -1.0000e+02 3.3722e+00
1.6000e+02 -9.0000e+01 1.7701e+00
1.6000e+02 -8.0000e+01 2.2277e+00
1.6000e+02 -7.0000e+01 -8.8827e-01
1.6000e+02 -6.0000e+01 -1.3748e-01
1.6000e+02 -5.0000e+01 -1.4269e+00
1.6000e+02 -4.0000e+01 -2.0077e-01
1.6000e+02 -3.0000e+01 8.3112e-01
1.6000e+02 -2.0000e+01 5.2138e-01
1.6000e+02 -1.0000e+01 1.5713e+00
1.6000e+02 0.0000e+00 5.9923e-01
1.6000e+02 1.0000e+01 1.6422e+00
1.6000e+02 2.0000e+01 -1.2385e+00
1.6000e+02 3.0000e+01 -1.7491e+00
1.6000e+02 4.0000e+01 1.0651e+00
1.6000e+02 5.0000e+01 -4.8733e-01
1.6000e+02 6.0000e+01 1.0909e+00
1.6000e+02 7.0000e+01 3.3109e-01
1.6000e+02 8.0000e+01 7.1129e-01
1.6000e+02 9.0000e+01 1.2222e+00
1.6000e+02 1.0000e+02 -9.2520e-01
1.6000e+02 1.1000e+02 2.0695e+00
1.6000e+02 1.2000e+02 -1.8699e+00
1.6000e+02 1.3000e+02 -5.4448e-01
1.6000e+02 1.4000e+02 1.6007e+00
1.6000e+02 1.5000e+02 -3.0589e+00
1.6000e+02 1.6000e+02 5.4369e-01
1.6000e+02 1.7000e+02 2.3013e+00
1.6000e+02 1.8000e+02 -3.2740e+00
1.6000e+02 1.9000e+02 -3.3297e+00
1.6000e+02 2.0000e+02 1.8819e+00
1.7000e+02 -2.0000e+02 1.2712e+00
1.7000e+02 -1.9000e+02 1.2347e+00
1.7000e+02 -1.8000e+02 2.1919e+00
1.7000e+02 -1.7000e+02 -9.7153e-01
1.7000e+02 -1.6000e+02 -1.6260e+00
1.7000e+02 -1.5000e+02 1.7800e+00
1.7000e+02 -1.4000e+02 -1.3409e-02
1.7000e+02 -1.3000e+02 -2.6528e-01
1.7000e+02 -1.2000e+02 -2.8362e+00
1.7000e+02 -1.1000e+02 -6.1912e-01
1.7000e+02 -1.0000e+02 2.5381e+00
1.7000e+02 -9.0000e+01 -2.2937e+00
1.7000e+02 -8.0000e+01 -2.4549e+00
1.7000e+02 -7.0000e+01 -2.8690e+00
1.7000e+02 -6.0000e+01 3.5648e-01
1.7000e+02 -5.0000e+01 2.0753e+00
1.7000e+02 -4.0000e+01 2.2915e-01
1.7000e+02 -3.0000e+01 -4.1941e-01
1.7000e+02 -2.0000e+01 2.6156e+00
1.7000e+02 -1.0000e+01 1.7345e+00
1.7000e+02 0.0000e+00 7.6854e-01
1.7000e+02 1.0000e+01 7.8538e-01
1.7000e+02 2.0000e+01 5.3140e-02
1.7000e+02 3.0000e+01 -5.5981e-01
1.7000e+02 4.0000e+01 1.1620e+00
1.7000e+02 5.0000e+01 9.6325e-01
1.7000e+02 6.0000e+01 4.1716e-02
1.7000e+02 7.0000e+01 -5.7498e-01
1.7000e+02 8.0000e+01 -1.2576e-01
1.7000e+02 9.0000e+01 -3.2115e-01
1.7000e+02 1.0000e+02 -1.9933e+00
1.7000e+02 1.1000e+02 -1.2296e+00
1.7000e+02 1.2000e+02 -2.2595e-01
1.7000e+02 1.3000e+02 1.5219e+00
1.7000e+02 1.4000e+02 -1.9964e+00
1.7000e+02 1.5000e+02 -2.6729e+00
1.7000e+02 1.6000e+02 -1.5199e+00
1.7000e+02 1.7000e+02 1.2279e-01
1.7000e+02 1.8000e+02 1.3084e+00
1.7000e+02 1.9000e+02 1.7829e-01
1.7000e+02 2.0000e+02 -1.3805e+00
1.8000e+02 -2.0000e+02 -1.2024e-01
1.8000e+02 -1.9000e+02 -2.6843e-01
1.8000e+02 -1.8000e+02 -1.4238e+00
1.8000e+02 -1.7000e+02 2.3280e-01
1.8000e+02 -1.6000e+02 2.7832e+00
1.8000e+02 -1.5000e+02 1.2810e+00
1.8000e+02 -1.4000e+02 5.2388e-01
1.8000e+02 -1.3000e+02 1.4411e+00
1.8000e+02 -1.2000e+02 1.9959e+00
1.8000e+02 -1.1000e+02 2.2755e+00
1.8000e+02 -1.0000e+02 -1.5208e+00
1.8000e+02 -9.0000e+01 2.5266e+00
1.8000e+02 -8.0000e+01 3.4511e-01
1.8000e+02 -7.0000e+01 4.0113e+00
1.8000e+02 -6.0000e+01 -1.6452e-01
1.8000e+02 -5.0000e+01 -1.6973e+00
1.8000e+02 -4.0000e+01 -2.5603e-01
1.8000e+02 -3.0000e+01 3.0513e+00
1.8000e+02 -2.0000e+01 -1.6015e+00
1.8000e+02 -1.0000e+01 2.3835e+00
1.8000e+02 0.0000e+00 -1.1257e+00
1.8000e+02 1.0000e+01 7.6414e-01
1.8000e+02 2.0000e+01 -7.6268e-01
1.8000e+02 3.0000e+01 1.0830e+00
1.8000e+02 4.0000e+01 3.8499e+00
1.8000e+02 5.0000e+01 -2.1511e+00
1.8000e+02 6.0000e+01 -1.3199e+00
1.8000e+02 7.0000e+01 -1.5138e+00
1.8000e+02 8.0000e+01 -1.3675e+00
1.8000e+02 9.0000e+01 -6.5960e-01
1.8000e+02 1.0000e+02 8.0340e-01
1.8000e+02 1.1000e+02 -1.7421e+00
1.8000e+02 1.2000e+02 5.6005e-01
1.8000e+02 1.3000e+02 -1.4216e+00
1.8000e+02 1.4000e+02 1.8693e+00
1.8000e+02 1.5000e+02 5.9796e-01
1.8000e+02 1.6000e+02 -2.8720e-01
1.8000e+02 1.7000e+02 -7.0217e-01
1.8000e+02 1.8000e+02 5.1521e-01
1.8000e+02 1.9000e+02 -1.0545e+00
1.8000e+02 2.0000e+02 -4.5797e-02
1.9000e+02 -2.0000e+02 -1.2262e+00
1.9000e+02 -1.9000e+02 1.1375e+00
1.9000e+02 -1.8000e+02 -1.6013e-01
1.9000e+02 -1.7000e+02 -2.3128e+00
1.9000e+02 -1.6000e+02 2.6891e+00
1.9000e+02 -1.5000e+02 -1.6717e+00
1.9000e+02 -1.4000e+02 1.3233e+00
1.9000e+02 -1.3000e+02 3.8316e-01
1.9000e+02 -1.2000e+02 -1.1691e+00
1.9000e+02 -1.1000e+02 -7.2842e-01
1.9000e+02 -1.0000e+02 2.5245e-01
1.9000e+02 -9.0000e+01 1.4285e-01
1.9000e+02 -8.0000e+01 -1.2457e+00
1.9000e+02 -7.0000e+01 -1.0451e+00
1.9000e+02 -6.0000e+01 3.9594e-01
1.9000e+02 -5.0000e+01 1.5275e+00
1.9000e+02 -4.0000e+01 -2.2508e-01
1.9000e+02 -3.0000e+01 3.3284e-01
1.9000e+02 -2.0000e+01 -1.7385e+00
1.9000e+02 -1.0000e+01 8.8929e-02
1.9000e+02 0.0000e+00 -6.8884e-01
1.9000e+02 1.0000e+01 -4.8622e-01
1.9000e+02 2.0000e+01 7.1448e-01
1.9000e+02 3.0000e+01 -3.0461e+00
1.9000e+02 4.0000e+01 -5.3545e-01
1.9000e+02 5.0000e+01 5.1796e-01
1.9000e+02 6.0000e+01 -1.2017e+00
1.9000e+02 7.0000e+01 -1.0221e+00
1.9000e+02 8.0000e+01 1.8026e-01
1.9000e+02 9.0000e+01 7.8200e-01
1.9000e+02 1.0000e+02 1.3914e+00
1.9000e+02 1.1000e+02 -6.2587e-03
1.9000e+02 1.2000e+02 -2.8436e+00
1.9000e+02 1.3000e+02 -3.3503e+00
1.9000e+02 1.4000e+02 8.7096e-02
1.9000e+02 1.5000e+02 -3.8758e-01
1.9000e+02 1.6000e+02 9.4420e-02
1.9000e+02 1.7000e+02 -1.0772e+00
1.9000e+02 1.8000e+02 1.2168e-01
1.9000e+02 1.9000e+02 -2.5038e-01
1.9000e+02 2.0000e+02 9.4061e-01
2.0000e+02 -2.0000e+02 -3.3209e-01
2.0000e+02 -1.9000e+02 -1.7821e+00
2.0000e+02 -1.8000e+02 1.5836e+00
2.0000e+02 -1.7000e+02 -3.7506e-01
2.0000e+02 -1.6000e+02 -4.5874e-01
2.0000e+02 -1.5000e+02 -8.0355e-01
2.0000e+02 -1.4000e+02 -5.9949e-01
2.0000e+02 -1.3000e+02 -2.5183e+00
2.0000e+02 -1.2000e+02 -3.4595e+00
2.0000e+02 -1.1000e+02 -3.2780e+00
2.0000e+02 -1.0000e+02 -1.2754e+00
2.0000e+02 -9.0000e+01 1.1762e+00
2.0000e+02 -8.0000e+01 5.9977e-01
2.0000e+02 -7.0000e+01 8.2772e-02
2.0000e+02 -6.0000e+01 -7.8466e-01
2.0000e+02 -5.0000e+01 1.4217e+00
2.0000e+02 -4.0000e+01 6.0135e-01
2.0000e+02 -3.0000e+01 9.7394e-01
2.0000e+02 -2.0000e+01 -3.6169e+00
2.0000e+02 -1.0000e+01 -2.3897e+00
2.0000e+02 0.0000e+00 -1.1373e-01
2.0000e+02 1.0000e+01 -1.1666e+00
2.0000e+02 2.0000e+01 -1.8930e+00
2.0000e+02 3.0000e+01 -1.0494e+00
2.0000e+02 4.0000e+01 1.2484e+00
2.0000e+02 5.0000e+01 1.0592e-01
2.0000e+02 6.0000e+01 6.8095e-01
2.0000e+02 7.0000e+01 -5.4034e-01
2.0000e+02 8.0000e+01 5.4023e-01
2.0000e+02 9.0000e+01 1.6134e+00
2.0000e+02 1.0000e+02 -1.1684e+00
2.0000e+02 1.1000e+02 6.3224e-01
2.0000e+02 1.2000e+02 -1.6219e+00
2.0000e+02 1.3000e+02 -6.1545e-01
2.0000e+02 1.4000e+02 7.9151e-01
2.0000e+02 1.5000e+02 -1.4551e+00
2.0000e+02 1.6000e+02 -1.2331e+00
2.0000e+02 1.7000e+02 -8.3748e-01
2.0000e+02 1.8000e+02 2.2174e+00
2.0000e+02 1.9000e+02 5.1714e-01
2.0000e+02 2.0000e+02 -1.2540e+00
