-2.0000e+02 -2.0000e+02 5.9556e-01
-2.0000e+02 -1.9000e+02 1.7150e+00
-2.0000e+02 -1.8000e+02 9.4701e-01
-2.0000e+02 -1.7000e+02 -4.6935e-01
-2.0000e+02 -1.6000e+02 -2.4450e-01
-2.0000e+02 -1.5000e+02 8.9933e-01
-2.0000e+02 -1.4000e+02 2.1117e+00
-2.0000e+02 -1.3000e+02 2.1332e-02
-2.0000e+02 -1.2000e+02 -1.5739e+00
-2.0000e+02 -1.1000e+02 1.7718e+00
-2.0000e+02 -1.0000e+02 1.5721e+00
-2.0000e+02 -9.0000e+01 1.4923e+00
-2.0000e+02 -8.0000e+01 -1.6564e+00
-2.0000e+02 -7.0000e+01 -1.1768e+00
-2.0000e+02 -6.0000e+01 -1.3802e+00
-2.0000e+02 -5.0000e+01 -4.2570e-01
-2.0000e+02 -4.0000e+01 -6.2576e-01
-2.0000e+02 -3.0000e+01 -1.2495e+00
-2.0000e+02 -2.0000e+01 2.9293e-01
-2.0000e+02 -1.0000e+01 -1.5088e+00
-2.0000e+02 0.0000e+00 1.6654e+00
-2.0000e+02 1.0000e+01 1.5041e+00
-2.0000e+02 2.0000e+01 2.0485e+00
-2.0000e+02 3.0000e+01 5.2640e-01
-2.0000e+02 4.0000e+01 1.8930e+00
-2.0000e+02 5.0000e+01 2.0620e-01
-2.0000e+02 6.0000e+01 -1.5085e-01
-2.0000e+02 7.0000e+01 1.6854e+00
-2.0000e+02 8.0000e+01 2.4565e+00
-2.0000e+02 9.0000e+01 -8.4050e-01
-2.0000e+02 1.0000e+02 -1.4299e+00
-2.0000e+02 1.1000e+02 1.8976e+00
-2.0000e+02 1.2000e+02 9.1154e-01
-2.0000e+02 1.3000e+02 -2.5330e+00
-2.0000e+02 1.4000e+02 2.0270e+00
-2.0000e+02 1.5000e+02 -1.9895e+00
-2.0000e+02 1.6000e+02 1.0139e+00
-2.0000e+02 1.7000e+02 -2.2954e-01
-2.0000e+02 1.8000e+02 -1.9418e+00
-2.0000e+02 1.9000e+02 2.2316e-01
-2.0000e+02 2.0000e+02 -1.4234e+00
-1.9000e+02 -2.0000e+02 1.0054e+00
-1.9000e+02 -1.9000e+02 -1.9819e+00
-1.9000e+02 -1.8000e+02 -1.3275e+00
-1.9000e+02 -1.7000e+02 5.7067e-01
-1.9000e+02 -1.6000e+02 4.9085e-01
-1.9000e+02 -1.5000e+02 2.1065e-01
-1.9000e+02 -1.4000e+02 -6.4666e-01
-1.9000e+02 -1.3000e+02 -9.1127e-01
-1.9000e+02 -1.2000e+02 -7.9821e-01
-1.9000e+02 -1.1000e+02 2.4199e+00
-1.9000e+02 -1.0000e+02 1.1109e+00
-1.9000e+02 -9.0000e+01 -6.8063e-01
-1.9000e+02 -8.0000e+01 -5.0970e-01
-1.9000e+02 -7.0000e+01 1.9722e-01
-1.9000e+02 -6.0000e+01 -1.7208e+00
-1.9000e+02 -5.0000e+01 1.3558e+00
-1.9000e+02 -4.0000e+01 8.2540e-01
-1.9000e+02 -3.0000e+01 -9.0338e-01
-1.9000e+02 -2.0000e+01 -1.1493e+00
-1.9000e+02 -1.0000e+01 -6.9764e-02
-1.9000e+02 0.0000e+00 -2.1713e+00
-1.9000e+02 1.0000e+01 6.4192e-01
-1.9000e+02 2.0000e+01 -1.5965e+00
-1.9000e+02 3.0000e+01 -1.2100e+00
-1.9000e+02 4.0000e+01 1.1037e+00
-1.9000e+02 5.0000e+01 2.2715e+00
-1.9000e+02 6.0000e+01 -4.3022e-03
-1.9000e+02 7.0000e+01 -1.5735e+00
-1.9000e+02 8.0000e+01 -6.1777e-01
-1.9000e+02 9.0000e+01 -2.1445e-01
-1.9000e+02 1.0000e+02 2.1096e+00
-1.9000e+02 1.1000e+02 -6.7770e-01
-1.9000e+02 1.2000e+02 3.2554e-01
-1.9000e+02 1.3000e+02 1.0920e+00
-1.9000e+02 1.4000e+02 -1.3005e+00
-1.9000e+02 1.5000e+02 -3.6925e+00
-1.9000e+02 1.6000e+02 -1.6197e-02
-1.9000e+02 1.7000e+02 -6.2443e-01
-1.9000e+02 1.8000e+02 2.3130e+00
-1.9000e+02 1.9000e+02 2.2455e+00
-1.9000e+02 2.0000e+02 -5.0211e-01
-1.8000e+02 -2.0000e+02 9.0489e-02
-1.8000e+02 -1.9000e+02 -1.6537e+00
-1.8000e+02 -1.8000e+02 3.8650e+00
-1.8000e+02 -1.7000e+02 8.3064e-02
-1.8000e+02 -1.6000e+02 -2.9255e-01
-1.8000e+02 -1.5000e+02 8.0061e-01
-1.8000e+02 -1.4000e+02 1.7078e-01
-1.8000e+02 -1.3000e+02 -2.9890e-01
-1.8000e+02 -1.2000e+02 2.1271e+00
-1.8000e+02 -1.1000e+02 1.1247e+00
-1.8000e+02 -1.0000e+02 2.1277e+00
-1.8000e+02 -9.0000e+01 -2.4874e+00
-1.8000e+02 -8.0000e+01 3.6727e-01
-1.8000e+02 -7.0000e+01 1.7274e-01
-1.8000e+02 -6.0000e+01 -1.1866e-01
-1.8000e+02 -5.0000e+01 -1.3851e+00
-1.8000e+02 -4.0000e+01 -2.2123e+00
-1.8000e+02 -3.0000e+01 -1.4379e+00
-1.8000e+02 -2.0000e+01 2.8116e+00
-1.8000e+02 -1.0000e+01 -6.7309e-01
-1.8000e+02 0.0000e+00 -8.0641e-01
-1.8000e+02 1.0000e+01 -2.0579e+00
-1.8000e+02 2.0000e+01 -1.1416e+00
-1.8000e+02 3.0000e+01 -1.8335e-01
-1.8000e+02 4.0000e+01 1.7278e-01
-1.8000e+02 5.0000e+01 -1.2016e+00
-1.8000e+02 6.0000e+01 -1.4646e+00
-1.8000e+02 7.0000e+01 -1.2489e-01
-1.8000e+02 8.0000e+01 7.6638e-01
-1.8000e+02 9.0000e+01 -5.4441e-01
-1.8000e+02 1.0000e+02 -2.6019e+00
-1.8000e+02 1.1000e+02 -3.8155e+00
-1.8000e+02 1.2000e+02 -3.6074e+00
-1.8000e+02 1.3000e+02 -1.7801e+00
-1.8000e+02 1.4000e+02 -1.6404e+00
-1.8000e+02 1.5000e+02 -6.0053e-01
-1.8000e+02 1.6000e+02 -7.5533e-01
-1.8000e+02 1.7000e+02 -5.2118e-01
-1.8000e+02 1.8000e+02 -9.5357e-01
-1.8000e+02 1.9000e+02 2.5715e+00
-1.8000e+02 2.0000e+02 -1.6001e-03
-1.7000e+02 -2.0000e+02 -1.9772e+00
-1.7000e+02 -1.9000e+02 9.3742e-01
-1.7000e+02 -1.8000e+02 3.7607e-01
-1.7000e+02 -1.7000e+02 -9.8782e-01
-1.7000e+02 -1.6000e+02 1.0642e+00
-1.7000e+02 -1.5000e+02 8.4994e-01
-1.7000e+02 -1.4000e+02 -9.5948e-02
-1.7000e+02 -1.3000e+02 -2.9430e-01
-1.7000e+02 -1.2000e+02 1.1185e+00
-1.7000e+02 -1.1000e+02 9.5490e-01
-1.7000e+02 -1.0000e+02 2.5623e-04
-1.7000e+02 -9.0000e+01 9.4852e-01
-1.7000e+02 -8.0000e+01 -1.7585e+00
-1.7000e+02 -7.0000e+01 -8.0920e-03
-1.7000e+02 -6.0000e+01 2.5235e+00
-1.7000e+02 -5.0000e+01 -1.3084e+00
-1.7000e+02 -4.0000e+01 -1.1114e+00
-1.7000e+02 -3.0000e+01 -1.3885e-01
-1.7000e+02 -2.0000e+01 -3.2277e-01
-1.7000e+02 -1.0000e+01 5.9465e-01
-1.7000e+02 0.0000e+00 1.4443e-01
-1.7000e+02 1.0000e+01 -1.3607e+00
-1.7000e+02 2.0000e+01 2.1844e+00
-1.7000e+02 3.0000e+01 -1.3514e+00
-1.7000e+02 4.0000e+01 -2.7768e+00
-1.7000e+02 5.0000e+01 -1.3230e+00
-1.7000e+02 6.0000e+01 -3.2454e-01
-1.7000e+02 7.0000e+01 -4.1773e-01
-1.7000e+02 8.0000e+01 -3.9262e-01
-1.7000e+02 9.0000e+01 5.4645e-01
-1.7000e+02 1.0000e+02 4.2160e-01
-1.7000e+02 1.1000e+02 -7.9143e-01
-1.7000e+02 1.2000e+02 3.7474e-01
-1.7000e+02 1.3000e+02 -4.8136e-01
-1.7000e+02 1.4000e+02 -3.9690e-01
-1.7000e+02 1.5000e+02 -3.9365e-01
-1.7000e+02 1.6000e+02 4.2335e+00
-1.7000e+02 1.7000e+02 9.1948e-01
-1.7000e+02 1.8000e+02 -2.3356e+00
-1.7000e+02 1.9000e+02 -2.4293e+00
-1.7000e+02 2.0000e+02 -8.9083e-01
-1.6000e+02 -2.0000e+02 9.7337e-01
-1.6000e+02 -1.9000e+02 -5.6234e-01
-1.6000e+02 -1.8000e+02 -1.3839e+00
-1.6000e+02 -1.7000e+02 -8.3807e-01
-1.6000e+02 -1.6000e+02 -1.0391e+00
-1.6000e+02 -1.5000e+02 -1.8997e+00
-1.6000e+02 -1.4000e+02 -3.3660e+00
-1.6000e+02 -1.3000e+02 3.7838e+00
-1.6000e+02 -1.2000e+02 3.9946e-01
-1.6000e+02 -1.1000e+02 1.1716e+00
-1.6000e+02 -1.0000e+02 -1.7432e+00
-1.6000e+02 -9.0000e+01 2.3108e-02
-1.6000e+02 -8.0000e+01 1.2057e+00
-1.6000e+02 -7.0000e+01 8.2633e-02
-1.6000e+02 -6.0000e+01 9.5003e-01
-1.6000e+02 -5.0000e+01 -5.4988e-01
-1.6000e+02 -4.0000e+01 1.5388e+00
-1.6000e+02 -3.0000e+01 -5.7710e-01
-1.6000e+02 -2.0000e+01 -1.7295e+00
-1.6000e+02 -1.0000e+01 -9.5819e-02
-1.6000e+02 0.0000e+00 2.2954e+00
-1.6000e+02 1.0000e+01 -1.7315e+00
-1.6000e+02 2.0000e+01 1.3107e+00
-1.6000e+02 3.0000e+01 2.2256e+00
-1.6000e+02 4.0000e+01 2.7249e-01
-1.6000e+02 5.0000e+01 -1.8517e+00
-1.6000e+02 6.0000e+01 -2.6901e+00
-1.6000e+02 7.0000e+01 -1.1552e+00
-1.6000e+02 8.0000e+01 -4.3648e-01
-1.6000e+02 9.0000e+01 -1.6422e+00
-1.6000e+02 1.0000e+02 -1.5041e-02
-1.6000e+02 1.1000e+02 -9.7792e-01
-1.6000e+02 1.2000e+02 2.1166e+00
-1.6000e+02 1.3000e+02 1.0505e+00
-1.6000e+02 1.4000e+02 1.3939e+00
-1.6000e+02 1.5000e+02 -1.6545e+00
-1.6000e+02 1.6000e+02 9.9461e-01
-1.6000e+02 1.7000e+02 -1.7649e+00
-1.6000e+02 1.8000e+02 -2.4823e-01
-1.6000e+02 1.9000e+02 3.1779e-01
-1.6000e+02 2.0000e+02 2.0639e-01
-1.5000e+02 -2.0000e+02 1.4331e+00
-1.5000e+02 -1.9000e+02 -9.4312e-01
-1.5000e+02 -1.8000e+02 -1.1698e+00
-1.5000e+02 -1.7000e+02 6.4977e-01
-1.5000e+02 -1.6000e+02 -1.7128e+00
-1.5000e+02 -1.5000e+02 6.6693e-01
-1.5000e+02 -1.4000e+02 1.4380e+00
-1.5000e+02 -1.3000e+02 -7.9322e-01
-1.5000e+02 -1.2000e+02 -1.4403e-01
-1.5000e+02 -1.1000e+02 -1.6543e+00
-1.5000e+02 -1.0000e+02 -3.5215e+00
-1.5000e+02 -9.0000e+01 -1.2604e+00
-1.5000e+02 -8.0000e+01 7.7217e-03
-1.5000e+02 -7.0000e+01 -4.7700e+00
-1.5000e+02 -6.0000e+01 -1.8982e+00
-1.5000e+02 -5.0000e+01 -4.2841e+00
-1.5000e+02 -4.0000e+01 5.4399e-01
-1.5000e+02 -3.0000e+01 1.6874e+00
-1.5000e+02 -2.0000e+01 4.0323e-01
-1.5000e+02 -1.0000e+01 -6.0275e-01
-1.5000e+02 0.0000e+00 -2.8539e+00
-1.5000e+02 1.0000e+01 6.3134e-01
-1.5000e+02 2.0000e+01 1.6263e+00
-1.5000e+02 3.0000e+01 -2.3679e+00
-1.5000e+02 4.0000e+01 -3.5421e-01
-1.5000e+02 5.0000e+01 -1.1281e+00
-1.5000e+02 6.0000e+01 3.6079e-01
-1.5000e+02 7.0000e+01 8.7481e-01
-1.5000e+02 8.0000e+01 1.3734e-01
-1.5000e+02 9.0000e+01 4.5434e-02
-1.5000e+02 1.0000e+02 1.2393e-02
-1.5000e+02 1.1000e+02 1.2426e+00
-1.5000e+02 1.2000e+02 8.5226e-01
-1.5000e+02 1.3000e+02 -5.2868e-02
-1.5000e+02 1.4000e+02 6.6925e-01
-1.5000e+02 1.5000e+02 -1.3353e+00
-1.5000e+02 1.6000e+02 -1.6534e+00
-1.5000e+02 1.7000e+02 1.3646e+00
-1.5000e+02 1.8000e+02 6.1202e-02
-1.5000e+02 1.9000e+02 1.8297e+00
-1.5000e+02 2.0000e+02 -1.0311e+00
-1.4000e+02 -2.0000e+02 3.5756e-01
-1.4000e+02 -1.9000e+02 1.0043e+00
-1.4000e+02 -1.8000e+02 2.2162e-02
-1.4000e+02 -1.7000e+02 2.7195e+00
-1.4000e+02 -1.6000e+02 -7.6349e-02
-1.4000e+02 -1.5000e+02 -5.4424e-02
-1.4000e+02 -1.4000e+02 4.3087e-01
-1.4000e+02 -1.3000e+02 -2.3876e+00
-1.4000e+02 -1.2000e+02 3.0766e+00
-1.4000e+02 -1.1000e+02 -1.2365e+00
-1.4000e+02 -1.0000e+02 1.0511e+00
-1.4000e+02 -9.0000e+01 -3.0577e+00
-1.4000e+02 -8.0000e+01 -3.5652e+00
-1.4000e+02 -7.0000e+01 -6.8659e-01
-1.4000e+02 -6.0000e+01 -8.4011e-01
-1.4000e+02 -5.0000e+01 1.0723e+00
-1.4000e+02 -4.0000e+01 1.5840e+00
-1.4000e+02 -3.0000e+01 -6.4006e-01
-1.4000e+02 -2.0000e+01 6.2292e-01
-1.4000e+02 -1.0000e+01 -3.0527e-01
-1.4000e+02 0.0000e+00 -5.0071e-01
-1.4000e+02 1.0000e+01 -5.1526e-01
-1.4000e+02 2.0000e+01 -1.3866e+00
-1.4000e+02 3.0000e+01 1.0337e+00
-1.4000e+02 4.0000e+01 -1.1496e+00
-1.4000e+02 5.0000e+01 2.1197e-01
-1.4000e+02 6.0000e+01 -3.5368e-01
-1.4000e+02 7.0000e+01 2.9007e-01
-1.4000e+02 8.0000e+01 -6.9741e-01
-1.4000e+02 9.0000e+01 -1.0117e+00
-1.4000e+02 1.0000e+02 1.1181e+00
-1.4000e+02 1.1000e+02 -1.6054e+00
-1.4000e+02 1.2000e+02 2.8544e+00
-1.4000e+02 1.3000e+02 -1.8461e-01
-1.4000e+02 1.4000e+02 -2.3088e-01
-1.4000e+02 1.5000e+02 -1.8588e+00
-1.4000e+02 1.6000e+02 9.1003e-01
-1.4000e+02 1.7000e+02 1.6164e+00
-1.4000e+02 1.8000e+02 3.8659e-02
-1.4000e+02 1.9000e+02 2.6292e-01
-1.4000e+02 2.0000e+02 -1.4747e+00
-1.3000e+02 -2.0000e+02 -1.6579e+00
-1.3000e+02 -1.9000e+02 1.5651e+00
-1.3000e+02 -1.8000e+02 -7.9359e-01
-1.3000e+02 -1.7000e+02 6.2061e-01
-1.3000e+02 -1.6000e+02 4.7823e-01
-1.3000e+02 -1.5000e+02 8.7427e-01
-1.3000e+02 -1.4000e+02 6.5899e-01
-1.3000e+02 -1.3000e+02 3.2792e-02
-1.3000e+02 -1.2000e+02 -1.1619e+00
-1.3000e+02 -1.1000e+02 -1.9251e+00
-1.3000e+02 -1.0000e+02 -2.7485e+00
-1.3000e+02 -9.0000e+01 -1.4233e+00
-1.3000e+02 -8.0000e+01 -3.1953e-01
-1.3000e+02 -7.0000e+01 -1.3061e+00
-1.3000e+02 -6.0000e+01 -8.1667e-01
-1.3000e+02 -5.0000e+01 -2.3858e-01
-1.3000e+02 -4.0000e+01 -2.3075e+00
-1.3000e+02 -3.0000e+01 -3.1244e-01
-1.3000e+02 -2.0000e+01 -1.5366e+00
-1.3000e+02 -1.0000e+01 -4.0163e-01
-1.3000e+02 0.0000e+00 -9.5831e-01
-1.3000e+02 1.0000e+01 -2.5401e+00
-1.3000e+02 2.0000e+01 -6.7406e-01
-1.3000e+02 3.0000e+01 -1.7195e+00
-1.3000e+02 4.0000e+01 -8.1917e-01
-1.3000e+02 5.0000e+01 1.0247e+00
-1.3000e+02 6.0000e+01 -1.2998e+00
-1.3000e+02 7.0000e+01 -2.4755e-01
-1.3000e+02 8.0000e+01 -1.8835e+00
-1.3000e+02 9.0000e+01 5.4618e-01
-1.3000e+02 1.0000e+02 -8.7943e-01
-1.3000e+02 1.1000e+02 -5.6843e-01
-1.3000e+02 1.2000e+02 -2.1775e+00
-1.3000e+02 1.3000e+02 -1.5015e+00
-1.3000e+02 1.4000e+02 -2.8172e+00
-1.3000e+02 1.5000e+02 1.3164e+00
-1.3000e+02 1.6000e+02 2.5530e+00
-1.3000e+02 1.7000e+02 8.6932e-01
-1.3000e+02 1.8000e+02 -6.0850e-01
-1.3000e+02 1.9000e+02 -5.5739e-01
-1.3000e+02 2.0000e+02 1.9151e+00
-1.2000e+02 -2.0000e+02 -2.6123e+00
-1.2000e+02 -1.9000e+02 1.2525e+00
-1.2000e+02 -1.8000e+02 9.6061e-01
-1.2000e+02 -1.7000e+02 -1.4118e+00
-1.2000e+02 -1.6000e+02 -1.5333e+00
-1.2000e+02 -1.5000e+02 9.6420e-01
-1.2000e+02 -1.4000e+02 3.3587e-01
-1.2000e+02 -1.3000e+02 -3.5169e+00
-1.2000e+02 -1.2000e+02 -2.2745e+00
-1.2000e+02 -1.1000e+02 -1.7276e+00
-1.2000e+02 -1.0000e+02 -8.4082e-01
-1.2000e+02 -9.0000e+01 -7.4481e-01
-1.2000e+02 -8.0000e+01 6.3698e-01
-1.2000e+02 -7.0000e+01 -1.1485e+00
-1.2000e+02 -6.0000e+01 1.1521e+00
-1.2000e+02 -5.0000e+01 -2.8855e+00
-1.2000e+02 -4.0000e+01 9.3387e-01
-1.2000e+02 -3.0000e+01 5.9484e-01
-1.2000e+02 -2.0000e+01 5.4023e-02
-1.2000e+02 -1.0000e+01 1.0181e-01
-1.2000e+02 0.0000e+00 2.1046e+00
-1.2000e+02 1.0000e+01 -2.6366e+00
-1.2000e+02 2.0000e+01 -1.4499e-01
-1.2000e+02 3.0000e+01 9.3000e-01
-1.2000e+02 4.0000e+01 -1.0117e+00
-1.2000e+02 5.0000e+01 -2.9448e+00
-1.2000e+02 6.0000e+01 -1.9098e+00
-1.2000e+02 7.0000e+01 -3.5987e+00
-1.2000e+02 8.0000e+01 6.5501e-01
-1.2000e+02 9.0000e+01 -2.9222e+00
-1.2000e+02 1.0000e+02 -2.5462e-01
-1.2000e+02 1.1000e+02 5.2487e-01
-1.2000e+02 1.2000e+02 4.6921e-01
-1.2000e+02 1.3000e+02 -3.3358e-01
-1.2000e+02 1.4000e+02 -1.1426e+00
-1.2000e+02 1.5000e+02 2.9626e-01
-1.2000e+02 1.6000e+02 1.8315e+00
-1.2000e+02 1.7000e+02 1.3118e+00
-1.2000e+02 1.8000e+02 -2.1250e-01
-1.2000e+02 1.9000e+02 9.2134e-01
-1.2000e+02 2.0000e+02 1.5418e+00
-1.1000e+02 -2.0000e+02 2.9320e-01
-1.1000e+02 -1.9000e+02 -1.3576e+00
-1.1000e+02 -1.8000e+02 2.7564e+00
-1.1000e+02 -1.7000e+02 1.5169e+00
-1.1000e+02 -1.6000e+02 -1.8252e+00
-1.1000e+02 -1.5000e+02 1.7025e+00
-1.1000e+02 -1.4000e+02 -6.1802e-01
-1.1000e+02 -1.3000e+02 7.8046e-01
-1.1000e+02 -1.2000e+02 1.1518e+00
-1.1000e+02 -1.1000e+02 -7.8277e-01
-1.1000e+02 -1.0000e+02 -8.0206e-01
-1.1000e+02 -9.0000e+01 4.3976e-01
-1.1000e+02 -8.0000e+01 -2.4452e+00
-1.1000e+02 -7.0000e+01 -3.1754e-01
-1.1000e+02 -6.0000e+01 -2.3049e+00
-1.1000e+02 -5.0000e+01 -2.3237e+00
-1.1000e+02 -4.0000e+01 -3.7639e+00
-1.1000e+02 -3.0000e+01 -3.7574e+00
-1.1000e+02 -2.0000e+01 -7.1677e-01
-1.1000e+02 -1.0000e+01 -2.7365e+00
-1.1000e+02 0.0000e+00 -4.7688e+00
-1.1000e+02 1.0000e+01 -1.1602e+00
-1.1000e+02 2.0000e+01 -6.1832e-01
-1.1000e+02 3.0000e+01 -1.4733e+00
-1.1000e+02 4.0000e+01 -8.6303e-01
-1.1000e+02 5.0000e+01 -2.0825e+00
-1.1000e+02 6.0000e+01 -1.0517e+00
-1.1000e+02 7.0000e+01 -3.3748e+00
-1.1000e+02 8.0000e+01 1.2455e+00
-1.1000e+02 9.0000e+01 -1.0304e-01
-1.1000e+02 1.0000e+02 -2.4108e+00
-1.1000e+02 1.1000e+02 1.1435e+00
-1.1000e+02 1.2000e+02 1.2514e+00
-1.1000e+02 1.3000e+02 -1.3499e+00
-1.1000e+02 1.4000e+02 -1.1889e+00
-1.1000e+02 1.5000e+02 -9.7755e-01
-1.1000e+02 1.6000e+02 1.2125e+00
-1.1000e+02 1.7000e+02 -1.1119e+00
-1.1000e+02 1.8000e+02 1.1095e-01
-1.1000e+02 1.9000e+02 4.8695e-01
-1.1000e+02 2.0000e+02 8.8517e-01
-1.0000e+02 -2.0000e+02 -1.3977e+00
-1.0000e+02 -1.9000e+02 3.6183e-01
-1.0000e+02 -1.8000e+02 -2.0498e+00
-1.0000e+02 -1.7000e+02 2.4097e+00
-1.0000e+02 -1.6000e+02 1.6520e+00
-1.0000e+02 -1.5000e+02 3.5654e-01
-1.0000e+02 -1.4000e+02 -1.4625e+00
-1.0000e+02 -1.3000e+02 3.1729e+00
-1.0000e+02 -1.2000e+02 3.6234e-01
-1.0000e+02 -1.1000e+02 -2.6825e+00
-1.0000e+02 -1.0000e+02 1.0941e+00
-1.0000e+02 -9.0000e+01 -3.8144e+00
-1.0000e+02 -8.0000e+01 -7.4959e-01
-1.0000e+02 -7.0000e+01 -1.1931e+00
-1.0000e+02 -6.0000e+01 -1.6367e+00
-1.0000e+02 -5.0000e+01 -3.3772e+00
-1.0000e+02 -4.0000e+01 -5.3508e+00
-1.0000e+02 -3.0000e+01 -1.6169e+00
-1.0000e+02 -2.0000e+01 -2.4131e+00
-1.0000e+02 -1.0000e+01 -3.4390e+00
-1.0000e+02 0.0000e+00 -2.3803e+00
-1.0000e+02 1.0000e+01 -2.4879e+00
-1.0000e+02 2.0000e+01 -3.2226e+00
-1.0000e+02 3.0000e+01 -4.2104e+00
-1.0000e+02 4.0000e+01 -1.0724e+00
-1.0000e+02 5.0000e+01 -5.2306e+00
-1.0000e+02 6.0000e+01 -2.4204e+00
-1.0000e+02 7.0000e+01 -1.9997e+00
-1.0000e+02 8.0000e+01 -2.8225e+00
-1.0000e+02 9.0000e+01 -2.5586e+00
-1.0000e+02 1.0000e+02 -2.6784e+00
-1.0000e+02 1.1000e+02 -1.9819e+00
-1.0000e+02 1.2000e+02 -5.1194e-01
-1.0000e+02 1.3000e+02 9.1109e-02
-1.0000e+02 1.4000e+02 -2.3762e+00
-1.0000e+02 1.5000e+02 -3.4531e-01
-1.0000e+02 1.6000e+02 -8.9496e-01
-1.0000e+02 1.7000e+02 -6.2565e-01
-1.0000e+02 1.8000e+02 5.7444e-01
-1.0000e+02 1.9000e+02 2.3144e-01
-1.0000e+02 2.0000e+02 -1.8428e+00
-9.0000e+01 -2.0000e+02 -2.5299e+00
-9.0000e+01 -1.9000e+02 -1.3018e+00
-9.0000e+01 -1.8000e+02 1.3329e+00
-9.0000e+01 -1.7000e+02 2.3302e-01
-9.0000e+01 -1.6000e+02 -2.4108e+00
-9.0000e+01 -1.5000e+02 7.3138e-01
-9.0000e+01 -1.4000e+02 3.1038e+00
-9.0000e+01 -1.3000e+02 9.0052e-02
-9.0000e+01 -1.2000e+02 -1.8072e+00
-9.0000e+01 -1.1000e+02 -1.9894e-01
-9.0000e+01 -1.0000e+02 -3.0593e+00
-9.0000e+01 -9.0000e+01 -4.3288e-01
-9.0000e+01 -8.0000e+01 -4.3113e+00
-9.0000e+01 -7.0000e+01 -1.9941e+00
-9.0000e+01 -6.0000e+01 -2.0939e+00
-9.0000e+01 -5.0000e+01 -1.5687e+00
-9.0000e+01 -4.0000e+01 -1.7036e+00
-9.0000e+01 -3.0000e+01 -5.0933e+00
-9.0000e+01 -2.0000e+01 -3.5211e+00
-9.0000e+01 -1.0000e+01 -4.2966e+00
-9.0000e+01 0.0000e+00 -6.8970e+00
-9.0000e+01 1.0000e+01 -5.3557e+00
-9.0000e+01 2.0000e+01 -1.5792e+00
-9.0000e+01 3.0000e+01 -1.9250e+00
-9.0000e+01 4.0000e+01 4.9879e-01
-9.0000e+01 5.0000e+01 -1.0373e+00
-9.0000e+01 6.0000e+01 -3.4598e+00
-9.0000e+01 7.0000e+01 -1.7743e+00
-9.0000e+01 8.0000e+01 -2.4060e+00
-9.0000e+01 9.0000e+01 1.1211e-01
-9.0000e+01 1.0000e+02 -7.0257e-01
-9.0000e+01 1.1000e+02 1.9468e-03
-9.0000e+01 1.2000e+02 -1.6151e+00
-9.0000e+01 1.3000e+02 -6.5008e-01
-9.0000e+01 1.4000e+02 -2.2019e+00
-9.0000e+01 1.5000e+02 -2.5308e+00
-9.0000e+01 1.6000e+02 -3.9161e-01
-9.0000e+01 1.7000e+02 7.2311e-01
-9.0000e+01 1.8000e+02 -2.1203e-01
-9.0000e+01 1.9000e+02 -2.1225e+00
-9.0000e+01 2.0000e+02 2.5058e+00
-8.0000e+01 -2.0000e+02 1.2218e+00
-8.0000e+01 -1.9000e+02 1.1564e+00
-8.0000e+01 -1.8000e+02 1.2490e+00
-8.0000e+01 -1.7000e+02 1.1398e+00
-8.0000e+01 -1.6000e+02 2.3243e+00
-8.0000e+01 -1.5000e+02 1.6137e+00
-8.0000e+01 -1.4000e+02 1.0644e+00
-8.0000e+01 -1.3000e+02 -2.0494e+00
-8.0000e+01 -1.2000e+02 1.6273e-01
-8.0000e+01 -1.1000e+02 -3.0494e+00
-8.0000e+01 -1.0000e+02 3.6387e-01
-8.0000e+01 -9.0000e+01 -2.9087e+00
-8.0000e+01 -8.0000e+01 -5.3246e-01
-8.0000e+01 -7.0000e+01 -2.8840e+00
-8.0000e+01 -6.0000e+01 -4.9671e+00
-8.0000e+01 -5.0000e+01 -2.6451e+00
-8.0000e+01 -4.0000e+01 -5.7033e+00
-8.0000e+01 -3.0000e+01 -4.8046e+00
-8.0000e+01 -2.0000e+01 -2.8615e+00
-8.0000e+01 -1.0000e+01 -3.7944e+00
-8.0000e+01 0.0000e+00 -4.9489e+00
-8.0000e+01 1.0000e+01 -6.7289e+00
-8.0000e+01 2.0000e+01 -4.5106e+00
-8.0000e+01 3.0000e+01 -7.2406e+00
-8.0000e+01 4.0000e+01 -3.7862e+00
-8.0000e+01 5.0000e+01 -4.4279e+00
-8.0000e+01 6.0000e+01 -2.1847e+00
-8.0000e+01 7.0000e+01 -2.7800e+00
-8.0000e+01 8.0000e+01 -1.1820e+00
-8.0000e+01 9.0000e+01 -2.6948e+00
-8.0000e+01 1.0000e+02 -7.0921e-01
-8.0000e+01 1.1000e+02 2.6684e+00
-8.0000e+01 1.2000e+02 1.4044e+00
-8.0000e+01 1.3000e+02 1.7983e+00
-8.0000e+01 1.4000e+02 -3.5111e-01
-8.0000e+01 1.5000e+02 1.1691e-01
-8.0000e+01 1.6000e+02 -1.0732e+00
-8.0000e+01 1.7000e+02 -3.4487e+00
-8.0000e+01 1.8000e+02 4.0596e+00
-8.0000e+01 1.9000e+02 -2.0562e+00
-8.0000e+01 2.0000e+02 4.7142e-02
-7.0000e+01 -2.0000e+02 -5.6326e-01
-7.0000e+01 -1.9000e+02 -4.4857e-01
-7.0000e+01 -1.8000e+02 -1.7312e+00
-7.0000e+01 -1.7000e+02 -2.7216e+00
-7.0000e+01 -1.6000e+02 6.1206e-01
-7.0000e+01 -1.5000e+02 1.2098e+00
-7.0000e+01 -1.4000e+02 6.8066e-01
-7.0000e+01 -1.3000e+02 -4.9262e-01
-7.0000e+01 -1.2000e+02 -5.4101e-02
-7.0000e+01 -1.1000e+02 -2.4993e+00
-7.0000e+01 -1.0000e+02 -1.9396e+00
-7.0000e+01 -9.0000e+01 -3.7969e+00
-7.0000e+01 -8.0000e+01 -3.0602e+00
-7.0000e+01 -7.0000e+01 -4.4868e+00
-7.0000e+01 -6.0000e+01 -1.5826e+00
-7.0000e+01 -5.0000e+01 -4.9670e+00
-7.0000e+01 -4.0000e+01 -5.8838e+00
-7.0000e+01 -3.0000e+01 -8.2343e+00
-7.0000e+01 -2.0000e+01 -5.3159e+00
-7.0000e+01 -1.0000e+01 -5.7878e+00
-7.0000e+01 0.0000e+00 -5.8746e+00
-7.0000e+01 1.0000e+01 -7.8157e+00
-7.0000e+01 2.0000e+01 -7.1457e+00
-7.0000e+01 3.0000e+01 -6.6416e+00
-7.0000e+01 4.0000e+01 -4.5036e+00
-7.0000e+01 5.0000e+01 -4.6168e+00
-7.0000e+01 6.0000e+01 -3.9952e+00
-7.0000e+01 7.0000e+01 -3.5686e+00
-7.0000e+01 8.0000e+01 -3.2557e+00
-7.0000e+01 9.0000e+01 -3.7828e+00
-7.0000e+01 1.0000e+02 -1.8062e+00
-7.0000e+01 1.1000e+02 -4.4972e+00
-7.0000e+01 1.2000e+02 -1.3928e+00
-7.0000e+01 1.3000e+02 1.0412e+00
-7.0000e+01 1.4000e+02 -5.9664e-01
-7.0000e+01 1.5000e+02 5.8397e-01
-7.0000e+01 1.6000e+02 1.4658e+00
-7.0000e+01 1.7000e+02 -1.0582e+00
-7.0000e+01 1.8000e+02 1.4087e+00
-7.0000e+01 1.9000e+02 4.2761e-01
-7.0000e+01 2.0000e+02 3.4661e-01
-6.0000e+01 -2.0000e+02 -1.1965e-02
-6.0000e+01 -1.9000e+02 -3.3130e-01
-6.0000e+01 -1.8000e+02 -9.7011e-01
-6.0000e+01 -1.7000e+02 2.2703e-01
-6.0000e+01 -1.6000e+02 6.8258e-01
-6.0000e+01 -1.5000e+02 2.2601e+00
-6.0000e+01 -1.4000e+02 -8.1466e-01
-6.0000e+01 -1.3000e+02 -1.5695e+00
-6.0000e+01 -1.2000e+02 8.4466e-01
-6.0000e+01 -1.1000e+02 -1.6868e-01
-6.0000e+01 -1.0000e+02 -2.7584e+00
-6.0000e+01 -9.0000e+01 -3.6365e+00
-6.0000e+01 -8.0000e+01 -3.5974e+00
-6.0000e+01 -7.0000e+01 -3.2667e+00
-6.0000e+01 -6.0000e+01 -6.3945e+00
-6.0000e+01 -5.0000e+01 -5.3665e+00
-6.0000e+01 -4.0000e+01 -7.9916e+00
-6.0000e+01 -3.0000e+01 -5.9863e+00
-6.0000e+01 -2.0000e+01 -7.0433e+00
-6.0000e+01 -1.0000e+01 -8.1933e+00
-6.0000e+01 0.0000e+00 -6.6913e+00
-6.0000e+01 1.0000e+01 -8.6434e+00
-6.0000e+01 2.0000e+01 -7.6283e+00
-6.0000e+01 3.0000e+01 -8.5822e+00
-6.0000e+01 4.0000e+01 -6.9826e+00
-6.0000e+01 5.0000e+01 -6.5909e+00
-6.0000e+01 6.0000e+01 -6.1559e+00
-6.0000e+01 7.0000e+01 -7.0822e+00
-6.0000e+01 8.0000e+01 -3.3891e+00
-6.0000e+01 9.0000e+01 -4.5047e+00
-6.0000e+01 1.0000e+02 -3.1126e+00
-6.0000e+01 1.1000e+02 -1.3734e-01
-6.0000e+01 1.2000e+02 -2.2149e+00
-6.0000e+01 1.3000e+02 6.0309e-01
-6.0000e+01 1.4000e+02 1.5344e+00
-6.0000e+01 1.5000e+02 5.0219e-01
-6.0000e+01 1.6000e+02 6.9864e-01
-6.0000e+01 1.7000e+02 4.1729e-03
-6.0000e+01 1.8000e+02 2.8393e+00
-6.0000e+01 1.9000e+02 -8.2882e-01
-6.0000e+01 2.0000e+02 9.2207e-01
-5.0000e+01 -2.0000e+02 1.1158e+00
-5.0000e+01 -1.9000e+02 -1.2652e+00
-5.0000e+01 -1.8000e+02 3.2715e-01
-5.0000e+01 -1.7000e+02 -5.9506e-01
-5.0000e+01 -1.6000e+02 -1.0466e+00
-5.0000e+01 -1.5000e+02 -1.8088e+00
-5.0000e+01 -1.4000e+02 -1.1920e-01
-5.0000e+01 -1.3000e+02 2.2766e+00
-5.0000e+01 -1.2000e+02 -2.2474e-01
-5.0000e+01 -1.1000e+02 -1.4423e+00
-5.0000e+01 -1.0000e+02 -3.4378e+00
-5.0000e+01 -9.0000e+01 -3.4286e+00
-5.0000e+01 -8.0000e+01 -3.9733e+00
-5.0000e+01 -7.0000e+01 -8.3336e+00
-5.0000e+01 -6.0000e+01 -5.4081e+00
-5.0000e+01 -5.0000e+01 -7.5969e+00
-5.0000e+01 -4.0000e+01 -8.1730e+00
-5.0000e+01 -3.0000e+01 -5.8662e+00
-5.0000e+01 -2.0000e+01 -1.0217e+01
-5.0000e+01 -1.0000e+01 -9.1083e+00
-5.0000e+01 0.0000e+00 -1.1865e+01
-5.0000e+01 1.0000e+01 -8.1984e+00
-5.0000e+01 2.0000e+01 -9.3384e+00
-5.0000e+01 3.0000e+01 -7.9522e+00
-5.0000e+01 4.0000e+01 -7.3683e+00
-5.0000e+01 5.0000e+01 -5.3278e+00
-5.0000e+01 6.0000e+01 -3.8776e+00
-5.0000e+01 7.0000e+01 -4.4492e+00
-5.0000e+01 8.0000e+01 -5.0771e+00
-5.0000e+01 9.0000e+01 -3.8578e+00
-5.0000e+01 1.0000e+02 -3.9981e+00
-5.0000e+01 1.1000e+02 -1.3039e+00
-5.0000e+01 1.2000e+02 -4.5402e-01
-5.0000e+01 1.3000e+02 -3.5269e+00
-5.0000e+01 1.4000e+02 2.7559e-01
-5.0000e+01 1.5000e+02 -3.7582e-01
-5.0000e+01 1.6000e+02 -2.2305e+00
-5.0000e+01 1.7000e+02 -1.4509e+00
-5.0000e+01 1.8000e+02 7.8455e-01
-5.0000e+01 1.9000e+02 -2.1495e+00
-5.0000e+01 2.0000e+02 -3.0480e+00
-4.0000e+01 -2.0000e+02 5.0193e-01
-4.0000e+01 -1.9000e+02 -1.7756e+00
-4.0000e+01 -1.8000e+02 2.1875e+00
-4.0000e+01 -1.7000e+02 -6.1461e-01
-4.0000e+01 -1.6000e+02 2.0447e+00
-4.0000e+01 -1.5000e+02 9.0291e-03
-4.0000e+01 -1.4000e+02 2.5066e+00
-4.0000e+01 -1.3000e+02 1.0045e+00
-4.0000e+01 -1.2000e+02 -1.7135e+00
-4.0000e+01 -1.1000e+02 -1.7484e+00
-4.0000e+01 -1.0000e+02 2.0461e-01
-4.0000e+01 -9.0000e+01 -2.2390e+00
-4.0000e+01 -8.0000e+01 -2.9104e+00
-4.0000e+01 -7.0000e+01 -6.3873e+00
-4.0000e+01 -6.0000e+01 -6.6326e+00
-4.0000e+01 -5.0000e+01 -5.2424e+00
-4.0000e+01 -4.0000e+01 -1.0808e+01
-4.0000e+01 -3.0000e+01 -8.1054e+00
-4.0000e+01 -2.0000e+01 -1.0220e+01
-4.0000e+01 -1.0000e+01 -1.1491e+01
-4.0000e+01 0.0000e+00 -1.2940e+01
-4.0000e+01 1.0000e+01 -1.1155e+01
-4.0000e+01 2.0000e+01 -1.0690e+01
-4.0000e+01 3.0000e+01 -1.0252e+01
-4.0000e+01 4.0000e+01 -1.0207e+01
-4.0000e+01 5.0000e+01 -5.7721e+00
-4.0000e+01 6.0000e+01 -7.0749e+00
-4.0000e+01 7.0000e+01 -5.2297e+00
-4.0000e+01 8.0000e+01 -3.6326e+00
-4.0000e+01 9.0000e+01 -3.4461e+00
-4.0000e+01 1.0000e+02 -3.3122e+00
-4.0000e+01 1.1000e+02 -8.4928e-01
-4.0000e+01 1.2000e+02 -2.8304e+00
-4.0000e+01 1.3000e+02 4.3843e-03
-4.0000e+01 1.4000e+02 -1.0742e+00
-4.0000e+01 1.5000e+02 1.9802e-02
-4.0000e+01 1.6000e+02 -4.5212e-01
-4.0000e+01 1.7000e+02 2.1685e-01
-4.0000e+01 1.8000e+02 -2.0433e+00
-4.0000e+01 1.9000e+02 1.1757e-01
-4.0000e+01 2.0000e+02 -3.4160e-01
-3.0000e+01 -2.0000e+02 1.1226e+00
-3.0000e+01 -1.9000e+02 -2.9604e-01
-3.0000e+01 -1.8000e+02 7.2235e-01
-3.0000e+01 -1.7000e+02 -6.0244e-01
-3.0000e+01 -1.6000e+02 8.6265e-02
-3.0000e+01 -1.5000e+02 -8.4504e-01
-3.0000e+01 -1.4000e+02 8.9214e-01
-3.0000e+01 -1.3000e+02 -1.8360e-02
-3.0000e+01 -1.2000e+02 -2.1566e+00
-3.0000e+01 -1.1000e+02 -1.5952e+00
-3.0000e+01 -1.0000e+02 -3.2427e+00
-3.0000e+01 -9.0000e+01 -3.2040e+00
-3.0000e+01 -8.0000e+01 -6.4938e+00
-3.0000e+01 -7.0000e+01 -7.3401e+00
-3.0000e+01 -6.0000e+01 -7.1750e+00
-3.0000e+01 -5.0000e+01 -8.1554e+00
-3.0000e+01 -4.0000e+01 -9.2459e+00
-3.0000e+01 -3.0000e+01 -1.0920e+01
-3.0000e+01 -2.0000e+01 -1.1732e+01
-3.0000e+01 -1.0000e+01 -1.3411e+01
-3.0000e+01 0.0000e+00 -1.3334e+01
-3.0000e+01 1.0000e+01 -1.0328e+01
-3.0000e+01 2.0000e+01 -1.2912e+01
-3.0000e+01 3.0000e+01 -1.4304e+01
-3.0000e+01 4.0000e+01 -1.1584e+01
-3.0000e+01 5.0000e+01 -1.0910e+01
-3.0000e+01 6.0000e+01 -6.6418e+00
-3.0000e+01 7.0000e+01 -4.0925e+00
-3.0000e+01 8.0000e+01 -4.6343e+00
-3.0000e+01 9.0000e+01 -3.4339e+00
-3.0000e+01 1.0000e+02 -8.5545e-01
-3.0000e+01 1.1000e+02 -4.9702e-01
-3.0000e+01 1.2000e+02 -2.0990e+00
-3.0000e+01 1.3000e+02 -2.8873e+00
-3.0000e+01 1.4000e+02 -3.8550e+00
-3.0000e+01 1.5000e+02 7.1056e-01
-3.0000e+01 1.6000e+02 -1.2743e+00
-3.0000e+01 1.7000e+02 8.7299e-01
-3.0000e+01 1.8000e+02 6.0191e-02
-3.0000e+01 1.9000e+02 2.0127e-01
-3.0000e+01 2.0000e+02 3.0768e+00
-2.0000e+01 -2.0000e+02 -6.3573e-01
-2.0000e+01 -1.9000e+02 -4.8105e-01
-2.0000e+01 -1.8000e+02 1.5257e+00
-2.0000e+01 -1.7000e+02 -2.4776e+00
-2.0000e+01 -1.6000e+02 1.7984e+00
-2.0000e+01 -1.5000e+02 9.9141e-02
-2.0000e+01 -1.4000e+02 -1.7709e+00
-2.0000e+01 -1.3000e+02 -1.2201e+00
-2.0000e+01 -1.2000e+02 6.3694e-01
-2.0000e+01 -1.1000e+02 -2.5872e+00
-2.0000e+01 -1.0000e+02 -1.9907e+00
-2.0000e+01 -9.0000e+01 -3.5913e+00
-2.0000e+01 -8.0000e+01 -4.6983e+00
-2.0000e+01 -7.0000e+01 -5.3879e+00
-2.0000e+01 -6.0000e+01 -1.0689e+01
-2.0000e+01 -5.0000e+01 -9.9092e+00
-2.0000e+01 -4.0000e+01 -1.0301e+01
-2.0000e+01 -3.0000e+01 -1.3603e+01
-2.0000e+01 -2.0000e+01 -1.2912e+01
-2.0000e+01 -1.0000e+01 -1.2322e+01
-2.0000e+01 0.0000e+00 -1.0388e+01
-2.0000e+01 1.0000e+01 -1.3948e+01
-2.0000e+01 2.0000e+01 -1.5071e+01
-2.0000e+01 3.0000e+01 -1.4051e+01
-2.0000e+01 4.0000e+01 -1.2731e+01
-2.0000e+01 5.0000e+01 -9.5615e+00
-2.0000e+01 6.0000e+01 -9.1075e+00
-2.0000e+01 7.0000e+01 -4.6919e+00
-2.0000e+01 8.0000e+01 -4.2400e+00
-2.0000e+01 9.0000e+01 -4.5671e+00
-2.0000e+01 1.0000e+02 -4.6797e+00
-2.0000e+01 1.1000e+02 -2.0544e+00
-2.0000e+01 1.2000e+02 -8.8958e-01
-2.0000e+01 1.3000e+02 -1.5079e+00
-2.0000e+01 1.4000e+02 5.4987e-01
-2.0000e+01 1.5000e+02 -1.1743e+00
-2.0000e+01 1.6000e+02 -3.0030e-01
-2.0000e+01 1.7000e+02 -2.9347e+00
-2.0000e+01 1.8000e+02 -2.4897e+00
-2.0000e+01 1.9000e+02 -4.4675e-01
-2.0000e+01 2.0000e+02 -1.2987e+00
-1.0000e+01 -2.0000e+02 1.3408e+00
-1.0000e+01 -1.9000e+02 -1.2154e+00
-1.0000e+01 -1.8000e+02 1.0650e+00
-1.0000e+01 -1.7000e+02 -9.5586e-01
-1.0000e+01 -1.6000e+02 3.9336e-01
-1.0000e+01 -1.5000e+02 -1.4299e+00
-1.0000e+01 -1.4000e+02 -1.6198e+00
-1.0000e+01 -1.3000e+02 -1.9896e+00
-1.0000e+01 -1.2000e+02 -1.1498e+00
-1.0000e+01 -1.1000e+02 3.1994e-01
-1.0000e+01 -1.0000e+02 -5.8000e+00
-1.0000e+01 -9.0000e+01 -4.8992e+00
-1.0000e+01 -8.0000e+01 -6.1542e+00
-1.0000e+01 -7.0000e+01 -5.0550e+00
-1.0000e+01 -6.0000e+01 -7.4992e+00
-1.0000e+01 -5.0000e+01 -7.5772e+00
-1.0000e+01 -4.0000e+01 -1.0197e+01
-1.0000e+01 -3.0000e+01 -1.3564e+01
-1.0000e+01 -2.0000e+01 -9.9715e+00
-1.0000e+01 -1.0000e+01 -1.3512e+01
-1.0000e+01 0.0000e+00 -1.3160e+01
-1.0000e+01 1.0000e+01 -1.4309e+01
-1.0000e+01 2.0000e+01 -1.3723e+01
-1.0000e+01 3.0000e+01 -1.1709e+01
-1.0000e+01 4.0000e+01 -1.2363e+01
-1.0000e+01 5.0000e+01 -9.5042e+00
-1.0000e+01 6.0000e+01 -6.6577e+00
-1.0000e+01 7.0000e+01 -7.0626e+00
-1.0000e+01 8.0000e+01 -5.3503e+00
-1.0000e+01 9.0000e+01 -6.1005e+00
-1.0000e+01 1.0000e+02 -4.3835e+00
-1.0000e+01 1.1000e+02 -4.5859e+00
-1.0000e+01 1.2000e+02 -3.4299e+00
-1.0000e+01 1.3000e+02 1.0776e+00
-1.0000e+01 1.4000e+02 -5.8548e-01
-1.0000e+01 1.5000e+02 3.0168e-02
-1.0000e+01 1.6000e+02 2.2826e-01
-1.0000e+01 1.7000e+02 -4.7552e-01
-1.0000e+01 1.8000e+02 -3.0473e+00
-1.0000e+01 1.9000e+02 1.5906e+00
-1.0000e+01 2.0000e+02 2.5763e-01
0.0000e+00 -2.0000e+02 -5.0415e-02
0.0000e+00 -1.9000e+02 2.0091e+00
0.0000e+00 -1.8000e+02 -1.3533e+00
0.0000e+00 -1.7000e+02 1.3666e+00
0.0000e+00 -1.6000e+02 -2.1037e+00
0.0000e+00 -1.5000e+02 1.1816e+00
0.0000e+00 -1.4000e+02 -1.1955e+00
0.0000e+00 -1.3000e+02 6.6344e-01
0.0000e+00 -1.2000e+02 -1.6678e+00
0.0000e+00 -1.1000e+02 -1.0213e+00
0.0000e+00 -1.0000e+02 -4.4405e-02
0.0000e+00 -9.0000e+01 -6.7833e+00
0.0000e+00 -8.0000e+01 -5.9864e+00
0.0000e+00 -7.0000e+01 -7.4560e+00
0.0000e+00 -6.0000e+01 -8.1335e+00
0.0000e+00 -5.0000e+01 -1.2058e+01
0.0000e+00 -4.0000e+01 -1.4340e+01
0.0000e+00 -3.0000e+01 -1.3972e+01
0.0000e+00 -2.0000e+01 -1.3635e+01
0.0000e+00 -1.0000e+01 -1.5138e+01
0.0000e+00 0.0000e+00 -1.8147e+01
0.0000e+00 1.0000e+01 -1.2583e+01
0.0000e+00 2.0000e+01 -1.6497e+01
0.0000e+00 3.0000e+01 -1.3168e+01
0.0000e+00 4.0000e+01 -1.2775e+01
0.0000e+00 5.0000e+01 -1.0094e+01
0.0000e+00 6.0000e+01 -7.2252e+00
0.0000e+00 7.0000e+01 -4.5202e+00
0.0000e+00 8.0000e+01 -3.4515e+00
0.0000e+00 9.0000e+01 -3.5602e+00
0.0000e+00 1.0000e+02 -2.2976e+00
0.0000e+00 1.1000e+02 -2.1055e+00
0.0000e+00 1.2000e+02 -1.2160e+00
0.0000e+00 1.3000e+02 -1.1884e+00
0.0000e+00 1.4000e+02 -2.7352e+00
0.0000e+00 1.5000e+02 7.1517e-01
0.0000e+00 1.6000e+02 7.2180e-01
0.0000e+00 1.7000e+02 -1.2870e+00
0.0000e+00 1.8000e+02 1.2525e+00
0.0000e+00 1.9000e+02 2.6973e-01
0.0000e+00 2.0000e+02 3.6588e-01
1.0000e+01 -2.0000e+02 1.9941e+00
1.0000e+01 -1.9000e+02 -1.7082e+00
1.0000e+01 -1.8000e+02 -8.5971e-01
1.0000e+01 -1.7000e+02 5.8755e-01
1.0000e+01 -1.6000e+02 1.0793e+00
1.0000e+01 -1.5000e+02 1.4299e+00
1.0000e+01 -1.4000e+02 -5.6182e-02
1.0000e+01 -1.3000e+02 5.0256e-01
1.0000e+01 -1.2000e+02 -5.6185e-01
1.0000e+01 -1.1000e+02 -2.1556e+00
1.0000e+01 -1.0000e+02 -3.2620e+00
1.0000e+01 -9.0000e+01 -2.8854e+00
1.0000e+01 -8.0000e+01 -5.9867e+00
1.0000e+01 -7.0000e+01 -7.2281e+00
1.0000e+01 -6.0000e+01 -7.7590e+00
1.0000e+01 -5.0000e+01 -8.5217e+00
1.0000e+01 -4.0000e+01 -1.1712e+01
1.0000e+01 -3.0000e+01 -1.1442e+01
1.0000e+01 -2.0000e+01 -1.3072e+01
1.0000e+01 -1.0000e+01 -1.4086e+01
1.0000e+01 0.0000e+00 -1.5612e+01
1.0000e+01 1.0000e+01 -1.5905e+01
1.0000e+01 2.0000e+01 -1.5412e+01
1.0000e+01 3.0000e+01 -1.1614e+01
1.0000e+01 4.0000e+01 -8.9911e+00
1.0000e+01 5.0000e+01 -1.1340e+01
1.0000e+01 6.0000e+01 -9.6896e+00
1.0000e+01 7.0000e+01 -7.4069e+00
1.0000e+01 8.0000e+01 -5.4792e+00
1.0000e+01 9.0000e+01 -4.5835e-01
1.0000e+01 1.0000e+02 -4.0278e+00
1.0000e+01 1.1000e+02 -9.0524e-01
1.0000e+01 1.2000e+02 -3.4781e+00
1.0000e+01 1.3000e+02 -3.1718e+00
1.0000e+01 1.4000e+02 -5.0440e-01
1.0000e+01 1.5000e+02 1.8888e+00
1.0000e+01 1.6000e+02 9.1588e-02
1.0000e+01 1.7000e+02 -2.6255e-01
1.0000e+01 1.8000e+02 -1.2131e+00
1.0000e+01 1.9000e+02 -9.4314e-01
1.0000e+01 2.0000e+02 -2.0470e+00
2.0000e+01 -2.0000e+02 8.4805e-01
2.0000e+01 -1.9000e+02 4.3501e-02
2.0000e+01 -1.8000e+02 2.5019e+00
2.0000e+01 -1.7000e+02 -2.9271e+00
2.0000e+01 -1.6000e+02 8.3397e-01
2.0000e+01 -1.5000e+02 4.0436e-01
2.0000e+01 -1.4000e+02 -1.3837e+00
2.0000e+01 -1.3000e+02 -1.9531e+00
2.0000e+01 -1.2000e+02 -3.1078e+00
2.0000e+01 -1.1000e+02 8.4384e-01
2.0000e+01 -1.0000e+02 -2.5920e+00
2.0000e+01 -9.0000e+01 -3.7675e+00
2.0000e+01 -8.0000e+01 -8.4449e+00
2.0000e+01 -7.0000e+01 -6.3597e+00
2.0000e+01 -6.0000e+01 -6.8670e+00
2.0000e+01 -5.0000e+01 -9.2219e+00
2.0000e+01 -4.0000e+01 -1.0422e+01
2.0000e+01 -3.0000e+01 -1.1500e+01
2.0000e+01 -2.0000e+01 -1.1888e+01
2.0000e+01 -1.0000e+01 -1.3244e+01
2.0000e+01 0.0000e+00 -1.2633e+01
2.0000e+01 1.0000e+01 -1.5216e+01
2.0000e+01 2.0000e+01 -1.2865e+01
2.0000e+01 3.0000e+01 -1.0658e+01
2.0000e+01 4.0000e+01 -9.3152e+00
2.0000e+01 5.0000e+01 -7.8141e+00
2.0000e+01 6.0000e+01 -5.7903e+00
2.0000e+01 7.0000e+01 -9.0612e+00
2.0000e+01 8.0000e+01 -4.9373e+00
2.0000e+01 9.0000e+01 -5.9203e+00
2.0000e+01 1.0000e+02 -2.0845e+00
2.0000e+01 1.1000e+02 -4.1111e+00
2.0000e+01 1.2000e+02 -3.4616e+00
2.0000e+01 1.3000e+02 -4.9460e-01
2.0000e+01 1.4000e+02 -1.7273e+00
2.0000e+01 1.5000e+02 2.4371e-01
2.0000e+01 1.6000e+02 -2.0281e+00
2.0000e+01 1.7000e+02 2.1183e+00
2.0000e+01 1.8000e+02 -3.5103e+00
2.0000e+01 1.9000e+02 -1.0229e-01
2.0000e+01 2.0000e+02 5.9849e-01
3.0000e+01 -2.0000e+02 -6.6887e-01
3.0000e+01 -1.9000e+02 -1.1980e-01
3.0000e+01 -1.8000e+02 1.0122e-01
3.0000e+01 -1.7000e+02 -1.3636e+00
3.0000e+01 -1.6000e+02 -1.2874e+00
3.0000e+01 -1.5000e+02 -1.0144e-01
3.0000e+01 -1.4000e+02 1.2697e+00
3.0000e+01 -1.3000e+02 -1.5321e+00
3.0000e+01 -1.2000e+02 -6.6655e-01
3.0000e+01 -1.1000e+02 -1.7099e+00
3.0000e+01 -1.0000e+02 -4.0790e+00
3.0000e+01 -9.0000e+01 -4.4357e+00
3.0000e+01 -8.0000e+01 -5.2800e+00
3.0000e+01 -7.0000e+01 -7.0212e+00
3.0000e+01 -6.0000e+01 -8.7543e+00
3.0000e+01 -5.0000e+01 -8.3289e+00
3.0000e+01 -4.0000e+01 -9.5699e+00
3.0000e+01 -3.0000e+01 -1.3127e+01
3.0000e+01 -2.0000e+01 -1.4871e+01
3.0000e+01 -1.0000e+01 -1.3693e+01
3.0000e+01 0.0000e+00 -1.1801e+01
3.0000e+01 1.0000e+01 -1.2349e+01
3.0000e+01 2.0000e+01 -1.2253e+01
3.0000e+01 3.0000e+01 -9.8972e+00
3.0000e+01 4.0000e+01 -7.6936e+00
3.0000e+01 5.0000e+01 -5.5389e+00
3.0000e+01 6.0000e+01 -1.0776e+01
3.0000e+01 7.0000e+01 -7.1664e+00
3.0000e+01 8.0000e+01 -5.5943e+00
3.0000e+01 9.0000e+01 -6.5988e+00
3.0000e+01 1.0000e+02 -1.6558e+00
3.0000e+01 1.1000e+02 -1.7275e+00
3.0000e+01 1.2000e+02 -3.9451e+00
3.0000e+01 1.3000e+02 3.3835e+00
3.0000e+01 1.4000e+02 1.6548e+00
3.0000e+01 1.5000e+02 -2.1913e+00
3.0000e+01 1.6000e+02 1.0270e+00
3.0000e+01 1.7000e+02 1.0027e+00
3.0000e+01 1.8000e+02 1.6962e+00
3.0000e+01 1.9000e+02 8.4525e-01
3.0000e+01 2.0000e+02 -4.2787e-01
4.0000e+01 -2.0000e+02 -6.7979e-01
4.0000e+01 -1.9000e+02 -5.5754e-01
4.0000e+01 -1.8000e+02 -2.0135e+00
4.0000e+01 -1.7000e+02 -2.6820e+00
4.0000e+01 -1.6000e+02 1.9719e+00
4.0000e+01 -1.5000e+02 -2.1729e-01
4.0000e+01 -1.4000e+02 -2.9242e+00
4.0000e+01 -1.3000e+02 3.0444e-01
4.0000e+01 -1.2000e+02 -2.2600e+00
4.0000e+01 -1.1000e+02 6.1052e-01
4.0000e+01 -1.0000e+02 -1.6668e+00
4.0000e+01 -9.0000e+01 -3.3122e+00
4.0000e+01 -8.0000e+01 -2.8645e+00
4.0000e+01 -7.0000e+01 -4.7335e+00
4.0000e+01 -6.0000e+01 -7.1431e+00
4.0000e+01 -5.0000e+01 -8.3657e+00
4.0000e+01 -4.0000e+01 -6.7303e+00
4.0000e+01 -3.0000e+01 -1.0111e+01
4.0000e+01 -2.0000e+01 -9.4620e+00
4.0000e+01 -1.0000e+01 -1.2944e+01
4.0000e+01 0.0000e+00 -1.4186e+01
4.0000e+01 1.0000e+01 -1.1901e+01
4.0000e+01 2.0000e+01 -9.9544e+00
4.0000e+01 3.0000e+01 -1.1115e+01
4.0000e+01 4.0000e+01 -1.0183e+01
4.0000e+01 5.0000e+01 -1.0622e+01
4.0000e+01 6.0000e+01 -6.0776e+00
4.0000e+01 7.0000e+01 -4.6133e+00
4.0000e+01 8.0000e+01 -2.4684e+00
4.0000e+01 9.0000e+01 -4.1158e+00
4.0000e+01 1.0000e+02 -2.0872e+00
4.0000e+01 1.1000e+02 -7.0173e+00
4.0000e+01 1.2000e+02 -2.5597e+00
4.0000e+01 1.3000e+02 3.4300e-01
4.0000e+01 1.4000e+02 -3.1579e+00
4.0000e+01 1.5000e+02 -8.6613e-01
4.0000e+01 1.6000e+02 1.1740e+00
4.0000e+01 1.7000e+02 -5.8055e-02
4.0000e+01 1.8000e+02 3.4045e-01
4.0000e+01 1.9000e+02 -8.5869e-01
4.0000e+01 2.0000e+02 -1.6616e+00
5.0000e+01 -2.0000e+02 -1.7088e-01
5.0000e+01 -1.9000e+02 2.1868e-01
5.0000e+01 -1.8000e+02 2.5020e-01
5.0000e+01 -1.7000e+02 4.2334e-01
5.0000e+01 -1.6000e+02 1.2029e+00
5.0000e+01 -1.5000e+02 -7.8975e-01
5.0000e+01 -1.4000e+02 -1.1768e+00
5.0000e+01 -1.3000e+02 9.1282e-01
5.0000e+01 -1.2000e+02 -9.5681e-01
5.0000e+01 -1.1000e+02 -1.1022e+00
5.0000e+01 -1.0000e+02 -4.4757e+00
5.0000e+01 -9.0000e+01 -4.8560e+00
5.0000e+01 -8.0000e+01 -5.7833e+00
5.0000e+01 -7.0000e+01 -2.4319e+00
5.0000e+01 -6.0000e+01 -8.1821e+00
5.0000e+01 -5.0000e+01 -6.6939e+00
5.0000e+01 -4.0000e+01 -8.1978e+00
5.0000e+01 -3.0000e+01 -1.0123e+01
5.0000e+01 -2.0000e+01 -1.0768e+01
5.0000e+01 -1.0000e+01 -1.0165e+01
5.0000e+01 0.0000e+00 -8.8239e+00
5.0000e+01 1.0000e+01 -1.0504e+01
5.0000e+01 2.0000e+01 -1.0320e+01
5.0000e+01 3.0000e+01 -9.3868e+00
5.0000e+01 4.0000e+01 -8.9373e+00
5.0000e+01 5.0000e+01 -8.1577e+00
5.0000e+01 6.0000e+01 -6.3886e+00
5.0000e+01 7.0000e+01 -3.4774e+00
5.0000e+01 8.0000e+01 -3.5292e+00
5.0000e+01 9.0000e+01 -4.5681e+00
5.0000e+01 1.0000e+02 -3.4330e+00
5.0000e+01 1.1000e+02 -2.6021e+00
5.0000e+01 1.2000e+02 -7.3916e-01
5.0000e+01 1.3000e+02 -7.7924e-01
5.0000e+01 1.4000e+02 2.2624e+00
5.0000e+01 1.5000e+02 -3.0668e+00
5.0000e+01 1.6000e+02 1.9597e-03
5.0000e+01 1.7000e+02 -7.8858e-01
5.0000e+01 1.8000e+02 6.4966e-01
5.0000e+01 1.9000e+02 7.7192e-01
5.0000e+01 2.0000e+02 -2.0433e-01
6.0000e+01 -2.0000e+02 2.0348e+00
6.0000e+01 -1.9000e+02 -1.4205e+00
6.0000e+01 -1.8000e+02 -1.7734e+00
6.0000e+01 -1.7000e+02 -1.8660e+00
6.0000e+01 -1.6000e+02 1.8654e+00
6.0000e+01 -1.5000e+02 1.0057e+00
6.0000e+01 -1.4000e+02 -2.2907e+00
6.0000e+01 -1.3000e+02 4.3794e-01
6.0000e+01 -1.2000e+02 -1.4454e+00
6.0000e+01 -1.1000e+02 -2.5768e+00
6.0000e+01 -1.0000e+02 -2.1203e+00
6.0000e+01 -9.0000e+01 -1.5455e+00
6.0000e+01 -8.0000e+01 -5.2282e+00
6.0000e+01 -7.0000e+01 -1.2730e+00
6.0000e+01 -6.0000e+01 -4.0423e+00
6.0000e+01 -5.0000e+01 -3.9613e+00
6.0000e+01 -4.0000e+01 -7.0481e+00
6.0000e+01 -3.0000e+01 -9.8675e+00
6.0000e+01 -2.0000e+01 -7.4235e+00
6.0000e+01 -1.0000e+01 -8.2777e+00
6.0000e+01 0.0000e+00 -6.6165e+00
6.0000e+01 1.0000e+01 -5.8656e+00
6.0000e+01 2.0000e+01 -8.2913e+00
6.0000e+01 3.0000e+01 -7.1473e+00
6.0000e+01 4.0000e+01 -5.9054e+00
6.0000e+01 5.0000e+01 -3.6290e+00
6.0000e+01 6.0000e+01 -6.6956e+00
6.0000e+01 7.0000e+01 -1.4382e+00
6.0000e+01 8.0000e+01 -2.7528e+00
6.0000e+01 9.0000e+01 -4.8645e+00
6.0000e+01 1.0000e+02 -1.6612e+00
6.0000e+01 1.1000e+02 3.6140e-01
6.0000e+01 1.2000e+02 -1.4736e+00
6.0000e+01 1.3000e+02 3.2279e+00
6.0000e+01 1.4000e+02 -1.1000e+00
6.0000e+01 1.5000e+02 -8.3877e-01
6.0000e+01 1.6000e+02 2.4499e+00
6.0000e+01 1.7000e+02 -1.0873e+00
6.0000e+01 1.8000e+02 2.3962e+00
6.0000e+01 1.9000e+02 1.2388e+00
6.0000e+01 2.0000e+02 1.2396e+00
7.0000e+01 -2.0000e+02 -1.3449e-01
7.0000e+01 -1.9000e+02 4.0691e+00
7.0000e+01 -1.8000e+02 -3.0463e+00
7.0000e+01 -1.7000e+02 1.2922e+00
7.0000e+01 -1.6000e+02 -3.8183e+00
7.0000e+01 -1.5000e+02 6.5642e-01
7.0000e+01 -1.4000e+02 2.3658e+00
7.0000e+01 -1.3000e+02 2.0778e+00
7.0000e+01 -1.2000e+02 8.5399e-01
7.0000e+01 -1.1000e+02 -2.4213e-01
7.0000e+01 -1.0000e+02 7.3987e-01
7.0000e+01 -9.0000e+01 -1.4265e+00
7.0000e+01 -8.0000e+01 -2.8596e+00
7.0000e+01 -7.0000e+01 -1.9118e+00
7.0000e+01 -6.0000e+01 -4.2191e+00
7.0000e+01 -5.0000e+01 -3.1516e+00
7.0000e+01 -4.0000e+01 -7.0100e+00
7.0000e+01 -3.0000e+01 -4.6216e+00
7.0000e+01 -2.0000e+01 -4.4750e+00
7.0000e+01 -1.0000e+01 -5.8184e+00
7.0000e+01 0.0000e+00 -7.8233e+00
7.0000e+01 1.0000e+01 -6.5606e+00
7.0000e+01 2.0000e+01 -6.4969e+00
7.0000e+01 3.0000e+01 -8.0665e+00
7.0000e+01 4.0000e+01 -4.4720e+00
7.0000e+01 5.0000e+01 -2.8723e+00
7.0000e+01 6.0000e+01 -2.0265e+00
7.0000e+01 7.0000e+01 -2.0831e+00
7.0000e+01 8.0000e+01 -3.5830e+00
7.0000e+01 9.0000e+01 -2.1837e+00
7.0000e+01 1.0000e+02 -1.5908e+00
7.0000e+01 1.1000e+02 -2.8707e+00
7.0000e+01 1.2000e+02 -5.0736e-01
7.0000e+01 1.3000e+02 -1.9507e+00
7.0000e+01 1.4000e+02 -2.7015e-01
7.0000e+01 1.5000e+02 -3.0595e-01
7.0000e+01 1.6000e+02 -2.8205e-01
7.0000e+01 1.7000e+02 -9.7350e-01
7.0000e+01 1.8000e+02 -1.1870e-01
7.0000e+01 1.9000e+02 4.1022e-01
7.0000e+01 2.0000e+02 2.1764e+00
8.0000e+01 -2.0000e+02 1.3510e+00
8.0000e+01 -1.9000e+02 1.2047e+00
8.0000e+01 -1.8000e+02 -4.0247e-01
8.0000e+01 -1.7000e+02 -2.1839e-01
8.0000e+01 -1.6000e+02 1.1024e+00
8.0000e+01 -1.5000e+02 -2.7307e+00
8.0000e+01 -1.4000e+02 -9.0295e-01
8.0000e+01 -1.3000e+02 -1.1018e+00
8.0000e+01 -1.2000e+02 7.0301e-01
8.0000e+01 -1.1000e+02 -2.0892e+00
8.0000e+01 -1.0000e+02 -3.5072e-01
8.0000e+01 -9.0000e+01 7.5016e-01
8.0000e+01 -8.0000e+01 -2.5867e+00
8.0000e+01 -7.0000e+01 3.3582e-01
8.0000e+01 -6.0000e+01 -1.6469e+00
8.0000e+01 -5.0000e+01 -4.1792e+00
8.0000e+01 -4.0000e+01 -3.4628e+00
8.0000e+01 -3.0000e+01 -3.4445e+00
8.0000e+01 -2.0000e+01 -6.9345e+00
8.0000e+01 -1.0000e+01 -1.9691e+00
8.0000e+01 0.0000e+00 -4.1019e+00
8.0000e+01 1.0000e+01 -3.7346e+00
8.0000e+01 2.0000e+01 -3.6703e+00
8.0000e+01 3.0000e+01 -6.6603e+00
8.0000e+01 4.0000e+01 -2.4156e+00
8.0000e+01 5.0000e+01 -4.8785e+00
8.0000e+01 6.0000e+01 -5.2083e+00
8.0000e+01 7.0000e+01 -3.3813e+00
8.0000e+01 8.0000e+01 -1.6600e+00
8.0000e+01 9.0000e+01 -2.3690e+00
8.0000e+01 1.0000e+02 -3.7463e+00
8.0000e+01 1.1000e+02 8.2781e-01
8.0000e+01 1.2000e+02 4.2528e-02
8.0000e+01 1.3000e+02 3.2598e-01
8.0000e+01 1.4000e+02 1.1577e+00
8.0000e+01 1.5000e+02 1.7570e-01
8.0000e+01 1.6000e+02 2.4867e+00
8.0000e+01 1.7000e+02 1.1959e+00
8.0000e+01 1.8000e+02 3.1553e+00
8.0000e+01 1.9000e+02 -2.0459e+00
8.0000e+01 2.0000e+02 -2.2910e-01
9.0000e+01 -2.0000e+02 -1.0767e+00
9.0000e+01 -1.9000e+02 1.8979e+00
9.0000e+01 -1.8000e+02 -1.8953e+00
9.0000e+01 -1.7000e+02 -5.7409e-01
9.0000e+01 -1.6000e+02 2.0434e-01
9.0000e+01 -1.5000e+02 -9.6458e-01
9.0000e+01 -1.4000e+02 7.4752e-01
9.0000e+01 -1.3000e+02 1.8590e+00
9.0000e+01 -1.2000e+02 3.6988e-01
9.0000e+01 -1.1000e+02 5.6250e-01
9.0000e+01 -1.0000e+02 -6.7525e-01
9.0000e+01 -9.0000e+01 -1.0284e+00
9.0000e+01 -8.0000e+01 -1.2381e+00
9.0000e+01 -7.0000e+01 -5.0207e+00
9.0000e+01 -6.0000e+01 -2.5693e+00
9.0000e+01 -5.0000e+01 -9.7724e-01
9.0000e+01 -4.0000e+01 -2.2123e+00
9.0000e+01 -3.0000e+01 -6.6181e-01
9.0000e+01 -2.0000e+01 -3.9833e+00
9.0000e+01 -1.0000e+01 -4.6110e+00
9.0000e+01 0.0000e+00 -3.3664e+00
9.0000e+01 1.0000e+01 -4.4245e+00
9.0000e+01 2.0000e+01 -6.5537e+00
9.0000e+01 3.0000e+01 -4.6660e+00
9.0000e+01 4.0000e+01 -5.2943e+00
9.0000e+01 5.0000e+01 -4.6370e+00
9.0000e+01 6.0000e+01 1.6679e-01
9.0000e+01 7.0000e+01 -1.5866e+00
9.0000e+01 8.0000e+01 -1.0484e+00
9.0000e+01 9.0000e+01 -1.9660e-01
9.0000e+01 1.0000e+02 -1.6566e+00
9.0000e+01 1.1000e+02 2.0379e+00
9.0000e+01 1.2000e+02 -4.0409e-01
9.0000e+01 1.3000e+02 -2.6115e+00
9.0000e+01 1.4000e+02 1.1889e+00
9.0000e+01 1.5000e+02 1.1798e+00
9.0000e+01 1.6000e+02 6.1217e-01
9.0000e+01 1.7000e+02 2.3573e+00
9.0000e+01 1.8000e+02 -9.3211e-01
9.0000e+01 1.9000e+02 -1.4734e+00
9.0000e+01 2.0000e+02 -2.0801e+00
1.0000e+02 -2.0000e+02 1.1287e+00
1.0000e+02 -1.9000e+02 -1.1477e-01
1.0000e+02 -1.8000e+02 -2.3241e+00
1.0000e+02 -1.7000e+02 1.1409e+00
1.0000e+02 -1.6000e+02 -3.4306e-01
1.0000e+02 -1.5000e+02 -1.3348e+00
1.0000e+02 -1.4000e+02 -4.3403e-01
1.0000e+02 -1.3000e+02 9.5394e-01
1.0000e+02 -1.2000e+02 4.7068e-01
1.0000e+02 -1.1000e+02 1.1694e+00
1.0000e+02 -1.0000e+02 -2.2821e+00
1.0000e+02 -9.0000e+01 -4.7017e+00
1.0000e+02 -8.0000e+01 -1.8633e+00
1.0000e+02 -7.0000e+01 6.5809e-01
1.0000e+02 -6.0000e+01 -3.1406e+00
1.0000e+02 -5.0000e+01 -3.6592e+00
1.0000e+02 -4.0000e+01 -3.3945e-01
1.0000e+02 -3.0000e+01 -4.0807e+00
1.0000e+02 -2.0000e+01 -5.4709e+00
1.0000e+02 -1.0000e+01 -2.6255e+00
1.0000e+02 0.0000e+00 -3.8525e+00
1.0000e+02 1.0000e+01 -2.7578e+00
1.0000e+02 2.0000e+01 -1.3925e+00
1.0000e+02 3.0000e+01 2.4465e-01
1.0000e+02 4.0000e+01 -8.8096e-01
1.0000e+02 5.0000e+01 -3.3303e+00
1.0000e+02 6.0000e+01 -7.8882e-01
1.0000e+02 7.0000e+01 -5.7045e-01
1.0000e+02 8.0000e+01 -2.7808e+00
1.0000e+02 9.0000e+01 -2.3374e+00
1.0000e+02 1.0000e+02 -1.8837e+00
1.0000e+02 1.1000e+02 -2.3621e+00
1.0000e+02 1.2000e+02 -2.4063e+00
1.0000e+02 1.3000e+02 -7.6465e-02
1.0000e+02 1.4000e+02 5.1107e-01
1.0000e+02 1.5000e+02 4.8088e-01
1.0000e+02 1.6000e+02 1.0810e+00
1.0000e+02 1.7000e+02 -1.5079e+00
1.0000e+02 1.8000e+02 6.0068e-01
1.0000e+02 1.9000e+02 -5.1485e-01
1.0000e+02 2.0000e+02 -6.7677e-01
1.1000e+02 -2.0000e+02 -1.5066e+00
1.1000e+02 -1.9000e+02 -1.9009e+00
1.1000e+02 -1.8000e+02 2.2946e+00
1.1000e+02 -1.7000e+02 5.4850e-01
1.1000e+02 -1.6000e+02 1.5275e+00
1.1000e+02 -1.5000e+02 1.2087e+00
1.1000e+02 -1.4000e+02 3.7979e+00
1.1000e+02 -1.3000e+02 -4.2100e-01
1.1000e+02 -1.2000e+02 -7.6025e-01
1.1000e+02 -1.1000e+02 3.6931e-01
1.1000e+02 -1.0000e+02 -2.1438e+00
1.1000e+02 -9.0000e+01 -2.2351e+00
1.1000e+02 -8.0000e+01 -1.3704e+00
1.1000e+02 -7.0000e+01 5.3628e-01
1.1000e+02 -6.0000e+01 -1.6981e+00
1.1000e+02 -5.0000e+01 -2.2094e+00
1.1000e+02 -4.0000e+01 -1.7256e+00
1.1000e+02 -3.0000e+01 -3.9910e+00
1.1000e+02 -2.0000e+01 -3.8773e+00
1.1000e+02 -1.0000e+01 -2.8727e+00
1.1000e+02 0.0000e+00 -4.9491e+00
1.1000e+02 1.0000e+01 -1.4771e+00
1.1000e+02 2.0000e+01 -1.0809e+00
1.1000e+02 3.0000e+01 -4.3459e+00
1.1000e+02 4.0000e+01 -5.0285e-01
1.1000e+02 5.0000e+01 -1.1935e+00
1.1000e+02 6.0000e+01 -1.9692e+00
1.1000e+02 7.0000e+01 -2.5141e+00
1.1000e+02 8.0000e+01 1.8463e+00
1.1000e+02 9.0000e+01 -2.0700e+00
1.1000e+02 1.0000e+02 -1.5007e+00
1.1000e+02 1.1000e+02 -1.0783e-01
1.1000e+02 1.2000e+02 1.5109e+00
1.1000e+02 1.3000e+02 -3.6042e+00
1.1000e+02 1.4000e+02 5.4806e-01
1.1000e+02 1.5000e+02 1.5303e+00
1.1000e+02 1.6000e+02 -5.1959e-01
1.1000e+02 1.7000e+02 2.7214e-01
1.1000e+02 1.8000e+02 4.1977e-01
1.1000e+02 1.9000e+02 -2.0664e-01
1.1000e+02 2.0000e+02 -1.2954e+00
1.2000e+02 -2.0000e+02 -1.8761e+00
1.2000e+02 -1.9000e+02 -1.3529e+00
1.2000e+02 -1.8000e+02 -9.1452e-02
1.2000e+02 -1.7000e+02 2.3625e+00
1.2000e+02 -1.6000e+02 -2.4775e-01
1.2000e+02 -1.5000e+02 -1.0189e+00
1.2000e+02 -1.4000e+02 9.0070e-01
1.2000e+02 -1.3000e+02 -3.2692e+00
1.2000e+02 -1.2000e+02 -1.6514e+00
1.2000e+02 -1.1000e+02 -1.0752e+00
1.2000e+02 -1.0000e+02 -9.1698e-01
1.2000e+02 -9.0000e+01 1.3707e-01
1.2000e+02 -8.0000e+01 -1.5106e+00
1.2000e+02 -7.0000e+01 -4.4461e-01
1.2000e+02 -6.0000e+01 -7.6027e-01
1.2000e+02 -5.0000e+01 8.9201e-02
1.2000e+02 -4.0000e+01 -5.7356e-02
1.2000e+02 -3.0000e+01 -1.9222e+00
1.2000e+02 -2.0000e+01 1.5347e+00
1.2000e+02 -1.0000e+01 -1.9564e+00
1.2000e+02 0.0000e+00 -5.3600e+00
1.2000e+02 1.0000e+01 -1.9151e+00
1.2000e+02 2.0000e+01 -2.6795e+00
1.2000e+02 3.0000e+01 -8.1844e-01
1.2000e+02 4.0000e+01 -3.8642e+00
1.2000e+02 5.0000e+01 -2.5108e+00
1.2000e+02 6.0000e+01 -1.8441e+00
1.2000e+02 7.0000e+01 4.9376e-01
1.2000e+02 8.0000e+01 5.1239e-01
1.2000e+02 9.0000e+01 -1.3405e+00
1.2000e+02 1.0000e+02 -8.6890e-01
1.2000e+02 1.1000e+02 -5.8957e-01
1.2000e+02 1.2000e+02 -3.2221e+00
1.2000e+02 1.3000e+02 -1.3262e+00
1.2000e+02 1.4000e+02 1.8806e+00
1.2000e+02 1.5000e+02 1.5276e+00
1.2000e+02 1.6000e+02 1.2576e+00
1.2000e+02 1.7000e+02 1.6406e+00
1.2000e+02 1.8000e+02 -6.6560e-01
1.2000e+02 1.9000e+02 -1.2063e-01
1.2000e+02 2.0000e+02 2.3522e+00
1.3000e+02 -2.0000e+02 1.3562e+00
1.3000e+02 -1.9000e+02 -1.2057e+00
1.3000e+02 -1.8000e+02 1.8056e+00
1.3000e+02 -1.7000e+02 -1.9548e+00
1.3000e+02 -1.6000e+02 -1.8534e+00
1.3000e+02 -1.5000e+02 -6.8340e-01
1.3000e+02 -1.4000e+02 -1.1611e+00
1.3000e+02 -1.3000e+02 -1.6940e-01
1.3000e+02 -1.2000e+02 7.7333e-01
1.3000e+02 -1.1000e+02 1.2546e-01
1.3000e+02 -1.0000e+02 -5.2205e-01
1.3000e+02 -9.0000e+01 -8.0181e-01
1.3000e+02 -8.0000e+01 -3.4405e-01
1.3000e+02 -7.0000e+01 8.3413e-01
1.3000e+02 -6.0000e+01 -3.1436e+00
1.3000e+02 -5.0000e+01 2.0076e+00
1.3000e+02 -4.0000e+01 -2.4683e+00
1.3000e+02 -3.0000e+01 -5.9628e-01
1.3000e+02 -2.0000e+01 -2.9282e+00
1.3000e+02 -1.0000e+01 8.5700e-01
1.3000e+02 0.0000e+00 -1.3070e+00
1.3000e+02 1.0000e+01 -6.8119e-01
1.3000e+02 2.0000e+01 -4.7638e-01
1.3000e+02 3.0000e+01 -2.7186e-01
1.3000e+02 4.0000e+01 -4.3539e-01
1.3000e+02 5.0000e+01 -1.7556e+00
1.3000e+02 6.0000e+01 6.6265e-01
1.3000e+02 7.0000e+01 -2.2718e-01
1.3000e+02 8.0000e+01 -1.5401e+00
1.3000e+02 9.0000e+01 1.8648e+00
1.3000e+02 1.0000e+02 8.5832e-01
1.3000e+02 1.1000e+02 1.2941e+00
1.3000e+02 1.2000e+02 -3.6586e-01
1.3000e+02 1.3000e+02 2.1631e+00
1.3000e+02 1.4000e+02 -1.7340e-01
1.3000e+02 1.5000e+02 4.3052e-01
1.3000e+02 1.6000e+02 -1.0251e+00
1.3000e+02 1.7000e+02 2.4692e+00
1.3000e+02 1.8000e+02 -9.8521e-02
1.3000e+02 1.9000e+02 5.1451e-01
1.3000e+02 2.0000e+02 -2.0072e+00
1.4000e+02 -2.0000e+02 2.4460e+00
1.4000e+02 -1.9000e+02 1.1815e+00
1.4000e+02 -1.8000e+02 -3.0420e+00
1.4000e+02 -1.7000e+02 1.3373e+00
1.4000e+02 -1.6000e+02 -1.2629e+00
1.4000e+02 -1.5000e+02 -1.9904e-02
1.4000e+02 -1.4000e+02 -2.0497e-01
1.4000e+02 -1.3000e+02 9.6032e-01
1.4000e+02 -1.2000e+02 -2.4105e+00
1.4000e+02 -1.1000e+02 -2.2731e-01
1.4000e+02 -1.0000e+02 5.2748e-01
1.4000e+02 -9.0000e+01 -8.4265e-01
1.4000e+02 -8.0000e+01 1.6824e+00
1.4000e+02 -7.0000e+01 -7.9038e-01
1.4000e+02 -6.0000e+01 -1.2564e-01
1.4000e+02 -5.0000e+01 -8.3917e-01
1.4000e+02 -4.0000e+01 -3.6297e-01
1.4000e+02 -3.0000e+01 -1.1163e+00
1.4000e+02 -2.0000e+01 -1.4337e+00
1.4000e+02 -1.0000e+01 -1.2459e+00
1.4000e+02 0.0000e+00 -1.1369e+00
1.4000e+02 1.0000e+01 7.6225e-01
1.4000e+02 2.0000e+01 -1.7472e+00
1.4000e+02 3.0000e+01 -1.3044e+00
1.4000e+02 4.0000e+01 8.1670e-01
1.4000e+02 5.0000e+01 1.2087e+00
1.4000e+02 6.0000e+01 -1.0019e+00
1.4000e+02 7.0000e+01 6.4773e-02
1.4000e+02 8.0000e+01 -3.3139e+00
1.4000e+02 9.0000e+01 -2.8237e+00
1.4000e+02 1.0000e+02 5.6158e-02
1.4000e+02 1.1000e+02 -5.7281e-01
1.4000e+02 1.2000e+02 -1.3570e-01
1.4000e+02 1.3000e+02 -6.8190e-01
1.4000e+02 1.4000e+02 2.4969e-01
1.4000e+02 1.5000e+02 -2.7500e+00
1.4000e+02 1.6000e+02 6.7902e-01
1.4000e+02 1.7000e+02 7.3777e-01
1.4000e+02 1.8000e+02 -2.2006e+00
1.4000e+02 1.9000e+02 1.9711e+00
1.4000e+02 2.0000e+02 4.2649e-01
1.5000e+02 -2.0000e+02 -8.3977e-01
1.5000e+02 -1.9000e+02 1.5536e+00
1.5000e+02 -1.8000e+02 -1.2227e+00
1.5000e+02 -1.7000e+02 1.5924e+00
1.5000e+02 -1.6000e+02 8.0396e-01
1.5000e+02 -1.5000e+02 -1.1998e+00
1.5000e+02 -1.4000e+02 5.7989e-01
1.5000e+02 -1.3000e+02 1.9822e+00
1.5000e+02 -1.2000e+02 -5.4585e-02
1.5000e+02 -1.1000e+02 -2.1118e+00
1.5000e+02 -1.0000e+02 6.2940e-01
1.5000e+02 -9.0000e+01 -1.6127e-01
1.5000e+02 -8.0000e+01 -4.0470e-01
1.5000e+02 -7.0000e+01 3.3353e+00
1.5000e+02 -6.0000e+01 1.0400e+00
1.5000e+02 -5.0000e+01 1.2451e+00
1.5000e+02 -4.0000e+01 8.9582e-01
1.5000e+02 -3.0000e+01 -2.5349e+00
1.5000e+02 -2.0000e+01 -2.1692e+00
1.5000e+02 -1.0000e+01 -2.8280e+00
1.5000e+02 0.0000e+00 -9.1226e-01
1.5000e+02 1.0000e+01 -2.9479e-01
1.5000e+02 2.0000e+01 1.5459e+00
1.5000e+02 3.0000e+01 1.0295e+00
1.5000e+02 4.0000e+01 -1.7001e+00
1.5000e+02 5.0000e+01 -2.7050e+00
1.5000e+02 6.0000e+01 -7.7955e-01
1.5000e+02 7.0000e+01 3.5918e+00
1.5000e+02 8.0000e+01 1.7429e+00
1.5000e+02 9.0000e+01 5.1487e-01
1.5000e+02 1.0000e+02 -1.2084e+00
1.5000e+02 1.1000e+02 -8.7098e-01
1.5000e+02 1.2000e+02 -9.6835e-01
1.5000e+02 1.3000e+02 1.8059e+00
1.5000e+02 1.4000e+02 5.4777e-01
1.5000e+02 1.5000e+02 -1.2701e+00
1.5000e+02 1.6000e+02 -1.6076e+00
1.5000e+02 1.7000e+02 -2.4702e+00
1.5000e+02 1.8000e+02 2.1550e+00
1.5000e+02 1.9000e+02 -6.2910e-01
1.5000e+02 2.0000e+02 1.3056e+00
1.6000e+02 -2.0000e+02 1.8332e+00
1.6000e+02 -1.9000e+02 -1.3131e+00
1.6000e+02 -1.8000e+02 -1.8062e+00
1.6000e+02 -1.7000e+02 -7.7613e-01
1.6000e+02 -1.6000e+02 -2.6000e+00
1.6000e+02 -1.5000e+02 8.2310e-01
1.6000e+02 -1.4000e+02 6.7312e-01
1.6000e+02 -1.3000e+02 1.1403e+00
1.6000e+02 -1.2000e+02 -4.9956e+00
1.6000e+02 -1.1000e+02 -9.6897e-01
1.6000e+02 -1.0000e+02 9.4985e-01
1.6000e+02 -9.0000e+01 4.1370e-01
1.6000e+02 -8.0000e+01 3.0863e+00
1.6000e+02 -7.0000e+01 -2.3867e+00
1.6000e+02 -6.0000e+01 1.1993e+00
1.6000e+02 -5.0000e+01 -2.5022e+00
1.6000e+02 -4.0000e+01 -5.3430e-01
1.6000e+02 -3.0000e+01 8.4443e-01
1.6000e+02 -2.0000e+01 -1.3443e+00
1.6000e+02 -1.0000e+01 1.9293e+00
1.6000e+02 0.0000e+00 -1.6063e+00
1.6000e+02 1.0000e+01 -5.5581e-01
1.6000e+02 2.0000e+01 3.6411e-01
1.6000e+02 3.0000e+01 9.1160e-01
1.6000e+02 4.0000e+01 5.8619e-01
1.6000e+02 5.0000e+01 1.1066e+00
1.6000e+02 6.0000e+01 -2.2438e+00
1.6000e+02 7.0000e+01 4.7209e-01
1.6000e+02 8.0000e+01 3.8413e-01
1.6000e+02 9.0000e+01 -2.3614e-01
1.6000e+02 1.0000e+02 1.5338e+00
1.6000e+02 1.1000e+02 2.2486e+00
1.6000e+02 1.2000e+02 8.5362e-01
1.6000e+02 1.3000e+02 -2.2103e+00
1.6000e+02 1.4000e+02 -1.1371e-01
1.6000e+02 1.5000e+02 1.2595e+00
1.6000e+02 1.6000e+02 8.6754e-01
1.6000e+02 1.7000e+02 -8.3100e-01
1.6000e+02 1.8000e+02 3.7301e-01
1.6000e+02 1.9000e+02 4.9240e-01
1.6000e+02 2.0000e+02 6.6721e-01
1.7000e+02 -2.0000e+02 -1.4868e+00
1.7000e+02 -1.9000e+02 1.1744e+00
1.7000e+02 -1.8000e+02 -2.0974e+00
1.7000e+02 -1.7000e+02 4.1469e-01
1.7000e+02 -1.6000e+02 -1.2236e+00
1.7000e+02 -1.5000e+02 -2.5173e-03
1.7000e+02 -1.4000e+02 -4.2535e-01
1.7000e+02 -1.3000e+02 1.6468e-01
1.7000e+02 -1.2000e+02 3.5509e-01
1.7000e+02 -1.1000e+02 2.7565e-01
1.7000e+02 -1.0000e+02 -3.0329e+00
1.7000e+02 -9.0000e+01 -2.3441e+00
1.7000e+02 -8.0000e+01 1.7017e+00
1.7000e+02 -7.0000e+01 1.8904e+00
1.7000e+02 -6.0000e+01 2.7065e+00
1.7000e+02 -5.0000e+01 -6.7213e-01
1.7000e+02 -4.0000e+01 -9.4098e-01
1.7000e+02 -3.0000e+01 -1.1800e+00
1.7000e+02 -2.0000e+01 -9.0682e-01
1.7000e+02 -1.0000e+01 -5.3826e-01
1.7000e+02 0.0000e+00 -3.4327e+00
1.7000e+02 1.0000e+01 -3.5761e-01
1.7000e+02 2.0000e+01 2.5368e-01
1.7000e+02 3.0000e+01 -1.8274e-01
1.7000e+02 4.0000e+01 -1.4865e+00
1.7000e+02 5.0000e+01 4.4524e-01
1.7000e+02 6.0000e+01 -1.2992e-01
1.7000e+02 7.0000e+01 -9.0516e-01
1.7000e+02 8.0000e+01 9.5225e-01
1.7000e+02 9.0000e+01 -9.9025e-01
1.7000e+02 1.0000e+02 6.9060e-01
1.7000e+02 1.1000e+02 1.6797e+00
1.7000e+02 1.2000e+02 7.5015e-01
1.7000e+02 1.3000e+02 -1.1664e+00
1.7000e+02 1.4000e+02 1.3490e+00
1.7000e+02 1.5000e+02 3.3012e-01
1.7000e+02 1.6000e+02 6.4856e-02
1.7000e+02 1.7000e+02 -1.3343e+00
1.7000e+02 1.8000e+02 1.6046e-01
1.7000e+02 1.9000e+02 -2.1867e-01
1.7000e+02 2.0000e+02 -1.8426e+00
1.8000e+02 -2.0000e+02 2.8618e+00
1.8000e+02 -1.9000e+02 -1.4551e-01
1.8000e+02 -1.8000e+02 -5.3922e-01
1.8000e+02 -1.7000e+02 1.1452e+00
1.8000e+02 -1.6000e+02 -1.6761e+00
1.8000e+02 -1.5000e+02 -1.4729e+00
1.8000e+02 -1.4000e+02 -1.8650e+00
1.8000e+02 -1.3000e+02 -1.2644e+00
1.8000e+02 -1.2000e+02 3.8262e+00
1.8000e+02 -1.1000e+02 -5.3305e-01
1.8000e+02 -1.0000e+02 5.4219e-01
1.8000e+02 -9.0000e+01 -9.9627e-01
1.8000e+02 -8.0000e+01 -1.3513e-04
1.8000e+02 -7.0000e+01 -4.6642e-01
1.8000e+02 -6.0000e+01 1.2696e-01
1.8000e+02 -5.0000e+01 -1.9109e+00
1.8000e+02 -4.0000e+01 2.1696e+00
1.8000e+02 -3.0000e+01 1.9262e+00
1.8000e+02 -2.0000e+01 1.5255e+00
1.8000e+02 -1.0000e+01 -6.6724e-01
1.8000e+02 0.0000e+00 1.0378e-01
1.8000e+02 1.0000e+01 1.5783e+00
1.8000e+02 2.0000e+01 -6.2108e-01
1.8000e+02 3.0000e+01 -1.2302e+00
1.8000e+02 4.0000e+01 -1.6739e+00
1.8000e+02 5.0000e+01 6.2558e-01
1.8000e+02 6.0000e+01 -1.0244e+00
1.8000e+02 7.0000e+01 1.1519e-01
1.8000e+02 8.0000e+01 1.8014e-01
1.8000e+02 9.0000e+01 -1.0540e+00
1.8000e+02 1.0000e+02 -9.9689e-01
1.8000e+02 1.1000e+02 3.1458e+00
1.8000e+02 1.2000e+02 -1.8261e+00
1.8000e+02 1.3000e+02 -1.6119e-01
1.8000e+02 1.4000e+02 -4.4723e-01
1.8000e+02 1.5000e+02 -5.1201e-01
1.8000e+02 1.6000e+02 -6.1991e-01
1.8000e+02 1.7000e+02 -2.0234e+00
1.8000e+02 1.8000e+02 2.1975e+00
1.8000e+02 1.9000e+02 4.7677e-01
1.8000e+02 2.0000e+02 1.4579e+00
1.9000e+02 -2.0000e+02 -1.9398e-01
1.9000e+02 -1.9000e+02 8.7629e-01
1.9000e+02 -1.8000e+02 2.7505e+00
1.9000e+02 -1.7000e+02 3.2567e-01
1.9000e+02 -1.6000e+02 -1.8083e+00
1.9000e+02 -1.5000e+02 -1.2569e+00
1.9000e+02 -1.4000e+02 -1.5209e+00
1.9000e+02 -1.3000e+02 -5.6343e-01
1.9000e+02 -1.2000e+02 -1.9277e+00
1.9000e+02 -1.1000e+02 2.0167e+00
1.9000e+02 -1.0000e+02 1.2159e+00
1.9000e+02 -9.0000e+01 1.0644e+00
1.9000e+02 -8.0000e+01 2.2592e+00
1.9000e+02 -7.0000e+01 -1.5426e+00
1.9000e+02 -6.0000e+01 7.8263e-01
1.9000e+02 -5.0000e+01 -1.3337e+00
1.9000e+02 -4.0000e+01 1.6160e+00
1.9000e+02 -3.0000e+01 4.8116e-01
1.9000e+02 -2.0000e+01 -1.2993e+00
1.9000e+02 -1.0000e+01 -4.0403e-01
1.9000e+02 0.0000e+00 -1.6457e+00
1.9000e+02 1.0000e+01 -1.8389e+00
1.9000e+02 2.0000e+01 -1.1309e-01
1.9000e+02 3.0000e+01 -1.4303e+00
1.9000e+02 4.0000e+01 1.4014e+00
1.9000e+02 5.0000e+01 1.7869e+00
1.9000e+02 6.0000e+01 -3.0040e-01
1.9000e+02 7.0000e+01 1.4401e+00
1.9000e+02 8.0000e+01 2.8435e-01
1.9000e+02 9.0000e+01 1.1941e-01
1.9000e+02 1.0000e+02 -2.0522e+00
1.9000e+02 1.1000e+02 3.9420e-01
1.9000e+02 1.2000e+02 1.3740e-01
1.9000e+02 1.3000e+02 -6.1405e-01
1.9000e+02 1.4000e+02 2.3374e-01
1.9000e+02 1.5000e+02 -2.4436e+00
1.9000e+02 1.6000e+02 1.0909e-01
1.9000e+02 1.7000e+02 3.6479e-01
1.9000e+02 1.8000e+02 -8.0027e-01
1.9000e+02 1.9000e+02 2.5365e+00
1.9000e+02 2.0000e+02 3.6160e+00
2.0000e+02 -2.0000e+02 9.3315e-01
2.0000e+02 -1.9000e+02 5.4792e-01
2.0000e+02 -1.8000e+02 -1.3003e+00
2.0000e+02 -1.7000e+02 1.1887e+00
2.0000e+02 -1.6000e+02 4.4036e-01
2.0000e+02 -1.5000e+02 2.5256e+00
2.0000e+02 -1.4000e+02 1.1927e+00
2.0000e+02 -1.3000e+02 6.8291e-01
2.0000e+02 -1.2000e+02 -2.3327e+00
2.0000e+02 -1.1000e+02 -4.9256e+00
2.0000e+02 -1.0000e+02 -6.9623e-01
2.0000e+02 -9.0000e+01 2.0495e+00
2.0000e+02 -8.0000e+01 -2.3159e+00
2.0000e+02 -7.0000e+01 1.2955e+00
2.0000e+02 -6.0000e+01 -7.4441e-01
2.0000e+02 -5.0000e+01 -9.2219e-01
2.0000e+02 -4.0000e+01 -5.8054e-01
2.0000e+02 -3.0000e+01 -1.6793e+00
2.0000e+02 -2.0000e+01 -2.8799e+00
2.0000e+02 -1.0000e+01 -1.3627e+00
2.0000e+02 0.0000e+00 -1.5266e+00
2.0000e+02 1.0000e+01 -1.7453e+00
2.0000e+02 2.0000e+01 5.4095e+00
2.0000e+02 3.0000e+01 -2.9438e-01
2.0000e+02 4.0000e+01 -1.9274e+00
2.0000e+02 5.0000e+01 -6.3616e-01
2.0000e+02 6.0000e+01 -1.3070e+00
2.0000e+02 7.0000e+01 2.5053e-01
2.0000e+02 8.0000e+01 2.0329e+00
2.0000e+02 9.0000e+01 -1.3661e+00
2.0000e+02 1.0000e+02 -1.8726e+00
2.0000e+02 1.1000e+02 1.5165e+00
2.0000e+02 1.2000e+02 8.8507e-01
2.0000e+02 1.3000e+02 3.0907e+00
2.0000e+02 1.4000e+02 -2.7434e+00
2.0000e+02 1.5000e+02 2.7885e-01
2.0000e+02 1.6000e+02 -3.4407e-01
2.0000e+02 1.7000e+02 3.0538e-01
2.0000e+02 1.8000e+02 1.8002e+00
2.0000e+02 1.9000e+02 2.4592e-01
2.0000e+02 2.0000e+02 2.4197e+00
