-2.0000e+02 -2.0000e+02 3.3746e+00
-2.0000e+02 -1.9000e+02 -2.1102e+00
-2.0000e+02 -1.8000e+02 -1.4132e+00
-2.0000e+02 -1.7000e+02 1.4293e+00
-2.0000e+02 -1.6000e+02 -9.0254e-01
-2.0000e+02 -1.5000e+02 -2.0352e+00
-2.0000e+02 -1.4000e+02 -3.7455e-01
-2.0000e+02 -1.3000e+02 4.3365e-01
-2.0000e+02 -1.2000e+02 -8.4443e-01
-2.0000e+02 -1.1000e+02 -1.6800e+00
-2.0000e+02 -1.0000e+02 8.9868e-01
-2.0000e+02 -9.0000e+01 1.6188e-01
-2.0000e+02 -8.0000e+01 -3.0722e+00
-2.0000e+02 -7.0000e+01 1.6352e+00
-2.0000e+02 -6.0000e+01 6.3683e-02
-2.0000e+02 -5.0000e+01 1.7357e+00
-2.0000e+02 -4.0000e+01 -2.6178e+00
-2.0000e+02 -3.0000e+01 1.3551e+00
-2.0000e+02 -2.0000e+01 5.5279e-02
-2.0000e+02 -1.0000e+01 4.0820e-01
-2.0000e+02 0.0000e+00 -1.1640e-01
-2.0000e+02 1.0000e+01 1.2981e-01
-2.0000e+02 2.0000e+01 2.7723e+00
-2.0000e+02 3.0000e+01 -3.9310e-01
-2.0000e+02 4.0000e+01 -1.8822e-01
-2.0000e+02 5.0000e+01 -3.8454e+00
-2.0000e+02 6.0000e+01 -9.1443e-01
-2.0000e+02 7.0000e+01 -1.2266e+00
-2.0000e+02 8.0000e+01 -1.4539e+00
-2.0000e+02 9.0000e+01 -6.9385e-01
-2.0000e+02 1.0000e+02 1.8298e+00
-2.0000e+02 1.1000e+02 5.3340e-01
-2.0000e+02 1.2000e+02 4.9626e-01
-2.0000e+02 1.3000e+02 -1.6493e+00
-2.0000e+02 1.4000e+02 -1.4725e+00
-2.0000e+02 1.5000e+02 1.1255e+00
-2.0000e+02 1.6000e+02 -9.8725e-02
-2.0000e+02 1.7000e+02 1.3411e+00
-2.0000e+02 1.8000e+02 3.7864e+00
-2.0000e+02 1.9000e+02 1.1531e+00
-2.0000e+02 2.0000e+02 1.4505e+00
-1.9000e+02 -2.0000e+02 1.3603e+00
-1.9000e+02 -1.9000e+02 2.0684e+00
-1.9000e+02 -1.8000e+02 -1.1264e+00
-1.9000e+02 -1.7000e+02 3.6008e+00
-1.9000e+02 -1.6000e+02 2.9571e-02
-1.9000e+02 -1.5000e+02 -1.5388e+00
-1.9000e+02 -1.4000e+02 -2.2570e-01
-1.9000e+02 -1.3000e+02 1.4717e+00
-1.9000e+02 -1.2000e+02 6.7063e-01
-1.9000e+02 -1.1000e+02 2.7542e+00
-1.9000e+02 -1.0000e+02 -5.6142e-01
-1.9000e+02 -9.0000e+01 1.0844e-01
-1.9000e+02 -8.0000e+01 9.7681e-01
-1.9000e+02 -7.0000e+01 -3.1711e-01
-1.9000e+02 -6.0000e+01 -1.2763e+00
-1.9000e+02 -5.0000e+01 -1.8563e-01
-1.9000e+02 -4.0000e+01 1.2513e+00
-1.9000e+02 -3.0000e+01 -1.2614e+00
-1.9000e+02 -2.0000e+01 -2.7113e+00
-1.9000e+02 -1.0000e+01 -1.6474e+00
-1.9000e+02 0.0000e+00 2.0206e+00
-1.9000e+02 1.0000e+01 2.7771e+00
-1.9000e+02 2.0000e+01 6.3472e-01
-1.9000e+02 3.0000e+01 -2.7263e-03
-1.9000e+02 4.0000e+01 7.8668e-02
-1.9000e+02 5.0000e+01 -4.0149e-01
-1.9000e+02 6.0000e+01 -6.4193e-01
-1.9000e+02 7.0000e+01 -2.5697e+00
-1.9000e+02 8.0000e+01 2.6299e+00
-1.9000e+02 9.0000e+01 -5.1802e-01
-1.9000e+02 1.0000e+02 -5.6723e-01
-1.9000e+02 1.1000e+02 -5.9736e-01
-1.9000e+02 1.2000e+02 -3.0577e+00
-1.9000e+02 1.3000e+02 -3.2042e+00
-1.9000e+02 1.4000e+02 -2.1054e+00
-1.9000e+02 1.5000e+02 1.6511e+00
-1.9000e+02 1.6000e+02 -1.2372e+00
-1.9000e+02 1.7000e+02 4.6663e-01
-1.9000e+02 1.8000e+02 2.7041e+00
-1.9000e+02 1.9000e+02 -3.3841e+00
-1.9000e+02 2.0000e+02 8.0322e-01
-1.8000e+02 -2.0000e+02 1.8668e+00
-1.8000e+02 -1.9000e+02 -1.7283e-01
-1.8000e+02 -1.8000e+02 1.4306e+00
-1.8000e+02 -1.7000e+02 -1.3623e+00
-1.8000e+02 -1.6000e+02 -2.4183e+00
-1.8000e+02 -1.5000e+02 2.1093e-01
-1.8000e+02 -1.4000e+02 1.6643e-01
-1.8000e+02 -1.3000e+02 2.4687e+00
-1.8000e+02 -1.2000e+02 8.6155e-01
-1.8000e+02 -1.1000e+02 1.3731e+00
-1.8000e+02 -1.0000e+02 -1.1607e+00
-1.8000e+02 -9.0000e+01 9.4211e-01
-1.8000e+02 -8.0000e+01 -1.2773e-02
-1.8000e+02 -7.0000e+01 1.1401e+00
-1.8000e+02 -6.0000e+01 2.1319e+00
-1.8000e+02 -5.0000e+01 1.4747e+00
-1.8000e+02 -4.0000e+01 6.6633e-01
-1.8000e+02 -3.0000e+01 2.4436e+00
-1.8000e+02 -2.0000e+01 1.5570e+00
-1.8000e+02 -1.0000e+01 -1.1691e+00
-1.8000e+02 0.0000e+00 -8.0350e-01
-1.8000e+02 1.0000e+01 -1.5727e+00
-1.8000e+02 2.0000e+01 -1.9298e+00
-1.8000e+02 3.0000e+01 3.9267e-01
-1.8000e+02 4.0000e+01 -7.0625e-01
-1.8000e+02 5.0000e+01 -1.4054e+00
-1.8000e+02 6.0000e+01 -2.3286e+00
-1.8000e+02 7.0000e+01 -1.1812e+00
-1.8000e+02 8.0000e+01 6.0390e-01
-1.8000e+02 9.0000e+01 1.4056e+00
-1.8000e+02 1.0000e+02 -2.5503e+00
-1.8000e+02 1.1000e+02 -7.1636e-01
-1.8000e+02 1.2000e+02 -1.0120e+00
-1.8000e+02 1.3000e+02 -7.5487e-01
-1.8000e+02 1.4000e+02 5.1276e-01
-1.8000e+02 1.5000e+02 -1.9898e-01
-1.8000e+02 1.6000e+02 1.2096e+00
-1.8000e+02 1.7000e+02 -8.1825e-01
-1.8000e+02 1.8000e+02 5.1522e-01
-1.8000e+02 1.9000e+02 7.5753e-01
-1.8000e+02 2.0000e+02 6.5843e-01
-1.7000e+02 -2.0000e+02 5.1966e-01
-1.7000e+02 -1.9000e+02 1.4972e+00
-1.7000e+02 -1.8000e+02 1.6093e+00
-1.7000e+02 -1.7000e+02 1.3222e+00
-1.7000e+02 -1.6000e+02 -2.2471e+00
-1.7000e+02 -1.5000e+02 1.5737e+00
-1.7000e+02 -1.4000e+02 -5.8034e-02
-1.7000e+02 -1.3000e+02 -2.6327e-01
-1.7000e+02 -1.2000e+02 9.6880e-02
-1.7000e+02 -1.1000e+02 1.0921e+00
-1.7000e+02 -1.0000e+02 1.1759e+00
-1.7000e+02 -9.0000e+01 2.4857e+00
-1.7000e+02 -8.0000e+01 1.0082e+00
-1.7000e+02 -7.0000e+01 3.6019e-01
-1.7000e+02 -6.0000e+01 -3.8096e-01
-1.7000e+02 -5.0000e+01 -7.2517e-01
-1.7000e+02 -4.0000e+01 -5.2137e-01
-1.7000e+02 -3.0000e+01 1.0615e+00
-1.7000e+02 -2.0000e+01 -9.8429e-01
-1.7000e+02 -1.0000e+01 1.2304e+00
-1.7000e+02 0.0000e+00 -4.5668e-01
-1.7000e+02 1.0000e+01 2.3648e+00
-1.7000e+02 2.0000e+01 2.5672e+00
-1.7000e+02 3.0000e+01 4.5848e-01
-1.7000e+02 4.0000e+01 8.1313e-01
-1.7000e+02 5.0000e+01 -5.9703e-01
-1.7000e+02 6.0000e+01 -9.4189e-01
-1.7000e+02 7.0000e+01 -9.9802e-01
-1.7000e+02 8.0000e+01 6.6836e-01
-1.7000e+02 9.0000e+01 1.7503e+00
-1.7000e+02 1.0000e+02 -1.8223e+00
-1.7000e+02 1.1000e+02 -3.4474e-01
-1.7000e+02 1.2000e+02 -8.6228e-02
-1.7000e+02 1.3000e+02 -1.2745e+00
-1.7000e+02 1.4000e+02 -1.3279e+00
-1.7000e+02 1.5000e+02 -1.8274e-01
-1.7000e+02 1.6000e+02 1.1866e-01
-1.7000e+02 1.7000e+02 -6.6887e-01
-1.7000e+02 1.8000e+02 2.0637e+00
-1.7000e+02 1.9000e+02 7.2585e-01
-1.7000e+02 2.0000e+02 -1.4303e+00
-1.6000e+02 -2.0000e+02 2.5495e+00
-1.6000e+02 -1.9000e+02 1.6498e+00
-1.6000e+02 -1.8000e+02 -1.9473e+00
-1.6000e+02 -1.7000e+02 -2.0491e+00
-1.6000e+02 -1.6000e+02 1.2464e+00
-1.6000e+02 -1.5000e+02 -4.2842e-01
-1.6000e+02 -1.4000e+02 7.2733e-01
-1.6000e+02 -1.3000e+02 -1.0767e+00
-1.6000e+02 -1.2000e+02 -1.1659e+00
-1.6000e+02 -1.1000e+02 9.9766e-01
-1.6000e+02 -1.0000e+02 -2.5018e-01
-1.6000e+02 -9.0000e+01 -2.2940e-03
-1.6000e+02 -8.0000e+01 2.9844e-01
-1.6000e+02 -7.0000e+01 8.0652e-02
-1.6000e+02 -6.0000e+01 -1.0742e+00
-1.6000e+02 -5.0000e+01 -1.2495e+00
-1.6000e+02 -4.0000e+01 -9.4738e-02
-1.6000e+02 -3.0000e+01 -1.5714e-01
-1.6000e+02 -2.0000e+01 3.1162e-01
-1.6000e+02 -1.0000e+01 -8.3699e-01
-1.6000e+02 0.0000e+00 1.5842e+00
-1.6000e+02 1.0000e+01 -1.4569e+00
-1.6000e+02 2.0000e+01 -6.6775e-01
-1.6000e+02 3.0000e+01 8.6689e-01
-1.6000e+02 4.0000e+01 2.4027e+00
-1.6000e+02 5.0000e+01 -6.0299e-01
-1.6000e+02 6.0000e+01 -1.1153e-01
-1.6000e+02 7.0000e+01 5.7724e-02
-1.6000e+02 8.0000e+01 -4.0895e-01
-1.6000e+02 9.0000e+01 2.3997e+00
-1.6000e+02 1.0000e+02 3.0096e+00
-1.6000e+02 1.1000e+02 -3.3069e-01
-1.6000e+02 1.2000e+02 -1.8534e+00
-1.6000e+02 1.3000e+02 5.4131e-01
-1.6000e+02 1.4000e+02 -1.9548e+00
-1.6000e+02 1.5000e+02 6.5714e-01
-1.6000e+02 1.6000e+02 -3.3508e+00
-1.6000e+02 1.7000e+02 1.0822e+00
-1.6000e+02 1.8000e+02 2.1812e+00
-1.6000e+02 1.9000e+02 3.5208e-01
-1.6000e+02 2.0000e+02 9.4944e-01
-1.5000e+02 -2.0000e+02 -4.2687e-01
-1.5000e+02 -1.9000e+02 8.5150e-02
-1.5000e+02 -1.8000e+02 -1.5625e+00
-1.5000e+02 -1.7000e+02 -1.3333e+00
-1.5000e+02 -1.6000e+02 -2.4782e+00
-1.5000e+02 -1.5000e+02 -1.2245e+00
-1.5000e+02 -1.4000e+02 -9.6312e-02
-1.5000e+02 -1.3000e+02 5.4619e-02
-1.5000e+02 -1.2000e+02 3.5730e-01
-1.5000e+02 -1.1000e+02 1.3943e+00
-1.5000e+02 -1.0000e+02 -8.8483e-01
-1.5000e+02 -9.0000e+01 9.5657e-01
-1.5000e+02 -8.0000e+01 -6.6194e-01
-1.5000e+02 -7.0000e+01 4.5525e-01
-1.5000e+02 -6.0000e+01 4.8965e-01
-1.5000e+02 -5.0000e+01 -2.9992e-01
-1.5000e+02 -4.0000e+01 -8.8449e-01
-1.5000e+02 -3.0000e+01 1.2381e+00
-1.5000e+02 -2.0000e+01 1.3114e+00
-1.5000e+02 -1.0000e+01 -1.5417e+00
-1.5000e+02 0.0000e+00 1.4866e+00
-1.5000e+02 1.0000e+01 1.7358e+00
-1.5000e+02 2.0000e+01 -4.0340e+00
-1.5000e+02 3.0000e+01 -1.2472e+00
-1.5000e+02 4.0000e+01 -2.0305e+00
-1.5000e+02 5.0000e+01 1.7445e+00
-1.5000e+02 6.0000e+01 -1.2627e+00
-1.5000e+02 7.0000e+01 -2.3747e-01
-1.5000e+02 8.0000e+01 -4.6493e-01
-1.5000e+02 9.0000e+01 -2.1749e-01
-1.5000e+02 1.0000e+02 -2.2695e+00
-1.5000e+02 1.1000e+02 -3.5094e+00
-1.5000e+02 1.2000e+02 -1.7354e+00
-1.5000e+02 1.3000e+02 -2.0618e+00
-1.5000e+02 1.4000e+02 1.7334e+00
-1.5000e+02 1.5000e+02 -3.3368e-02
-1.5000e+02 1.6000e+02 -6.5855e-01
-1.5000e+02 1.7000e+02 -1.1574e+00
-1.5000e+02 1.8000e+02 1.9626e+00
-1.5000e+02 1.9000e+02 2.4557e+00
-1.5000e+02 2.0000e+02 1.7622e+00
-1.4000e+02 -2.0000e+02 5.9900e-01
-1.4000e+02 -1.9000e+02 1.2485e+00
-1.4000e+02 -1.8000e+02 6.1220e-01
-1.4000e+02 -1.7000e+02 -1.6113e-04
-1.4000e+02 -1.6000e+02 -6.2664e-01
-1.4000e+02 -1.5000e+02 1.4950e+00
-1.4000e+02 -1.4000e+02 -8.2828e-02
-1.4000e+02 -1.3000e+02 -2.7859e+00
-1.4000e+02 -1.2000e+02 -1.0552e+00
-1.4000e+02 -1.1000e+02 -9.0070e-01
-1.4000e+02 -1.0000e+02 5.7444e-01
-1.4000e+02 -9.0000e+01 2.7599e+00
-1.4000e+02 -8.0000e+01 1.1141e+00
-1.4000e+02 -7.0000e+01 -8.7701e-01
-1.4000e+02 -6.0000e+01 -1.0828e+00
-1.4000e+02 -5.0000e+01 -8.9321e-01
-1.4000e+02 -4.0000e+01 7.5504e-01
-1.4000e+02 -3.0000e+01 -2.7095e-02
-1.4000e+02 -2.0000e+01 -4.6506e-01
-1.4000e+02 -1.0000e+01 6.9159e-01
-1.4000e+02 0.0000e+00 1.4858e+00
-1.4000e+02 1.0000e+01 -2.4146e+00
-1.4000e+02 2.0000e+01 -2.6524e+00
-1.4000e+02 3.0000e+01 -1.3066e-02
-1.4000e+02 4.0000e+01 -6.0829e-01
-1.4000e+02 5.0000e+01 -1.5512e+00
-1.4000e+02 6.0000e+01 1.3786e-01
-1.4000e+02 7.0000e+01 -2.4871e-01
-1.4000e+02 8.0000e+01 2.2290e+00
-1.4000e+02 9.0000e+01 -5.0388e-01
-1.4000e+02 1.0000e+02 -1.0127e+00
-1.4000e+02 1.1000e+02 1.9769e+00
-1.4000e+02 1.2000e+02 8.4291e-01
-1.4000e+02 1.3000e+02 1.3282e+00
-1.4000e+02 1.4000e+02 -2.4888e+00
-1.4000e+02 1.5000e+02 2.5831e+00
-1.4000e+02 1.6000e+02 -2.0756e+00
-1.4000e+02 1.7000e+02 1.1866e+00
-1.4000e+02 1.8000e+02 1.0919e+00
-1.4000e+02 1.9000e+02 1.1525e+00
-1.4000e+02 2.0000e+02 1.7368e+00
-1.3000e+02 -2.0000e+02 -7.9798e-02
-1.3000e+02 -1.9000e+02 -5.2465e-01
-1.3000e+02 -1.8000e+02 8.6394e-01
-1.3000e+02 -1.7000e+02 -4.9889e-01
-1.3000e+02 -1.6000e+02 -2.5885e+00
-1.3000e+02 -1.5000e+02 -2.0825e+00
-1.3000e+02 -1.4000e+02 1.9792e+00
-1.3000e+02 -1.3000e+02 3.4153e-01
-1.3000e+02 -1.2000e+02 1.9634e+00
-1.3000e+02 -1.1000e+02 -1.7925e+00
-1.3000e+02 -1.0000e+02 9.7218e-01
-1.3000e+02 -9.0000e+01 -3.5275e+00
-1.3000e+02 -8.0000e+01 1.3690e-01
-1.3000e+02 -7.0000e+01 -1.6947e+00
-1.3000e+02 -6.0000e+01 -1.5596e+00
-1.3000e+02 -5.0000e+01 -3.5212e+00
-1.3000e+02 -4.0000e+01 -2.3796e+00
-1.3000e+02 -3.0000e+01 -8.1409e-01
-1.3000e+02 -2.0000e+01 1.9589e+00
-1.3000e+02 -1.0000e+01 -2.5055e-01
-1.3000e+02 0.0000e+00 -2.7584e+00
-1.3000e+02 1.0000e+01 4.8731e-01
-1.3000e+02 2.0000e+01 -9.8246e-01
-1.3000e+02 3.0000e+01 -2.5584e+00
-1.3000e+02 4.0000e+01 6.1569e-01
-1.3000e+02 5.0000e+01 5.1700e-02
-1.3000e+02 6.0000e+01 -5.4242e-01
-1.3000e+02 7.0000e+01 1.7384e+00
-1.3000e+02 8.0000e+01 1.6800e+00
-1.3000e+02 9.0000e+01 8.2577e-01
-1.3000e+02 1.0000e+02 -1.0549e+00
-1.3000e+02 1.1000e+02 6.1012e-01
-1.3000e+02 1.2000e+02 2.7519e+00
-1.3000e+02 1.3000e+02 1.7080e+00
-1.3000e+02 1.4000e+02 2.4519e-01
-1.3000e+02 1.5000e+02 1.7011e+00
-1.3000e+02 1.6000e+02 4.1220e-01
-1.3000e+02 1.7000e+02 1.6155e+00
-1.3000e+02 1.8000e+02 6.7022e-02
-1.3000e+02 1.9000e+02 1.0275e-01
-1.3000e+02 2.0000e+02 -2.2065e+00
-1.2000e+02 -2.0000e+02 1.8791e+00
-1.2000e+02 -1.9000e+02 -1.6479e+00
-1.2000e+02 -1.8000e+02 1.8201e+00
-1.2000e+02 -1.7000e+02 -7.1237e-01
-1.2000e+02 -1.6000e+02 -4.4276e+00
-1.2000e+02 -1.5000e+02 5.7422e-01
-1.2000e+02 -1.4000e+02 -1.7699e+00
-1.2000e+02 -1.3000e+02 1.5858e-02
-1.2000e+02 -1.2000e+02 -1.7112e+00
-1.2000e+02 -1.1000e+02 -3.3122e+00
-1.2000e+02 -1.0000e+02 4.1647e-01
-1.2000e+02 -9.0000e+01 1.3217e+00
-1.2000e+02 -8.0000e+01 -1.6650e+00
-1.2000e+02 -7.0000e+01 -4.7338e-01
-1.2000e+02 -6.0000e+01 1.0526e+00
-1.2000e+02 -5.0000e+01 -1.9285e+00
-1.2000e+02 -4.0000e+01 -1.5236e+00
-1.2000e+02 -3.0000e+01 -2.6220e-01
-1.2000e+02 -2.0000e+01 -4.6868e+00
-1.2000e+02 -1.0000e+01 -3.5353e+00
-1.2000e+02 0.0000e+00 -2.7370e+00
-1.2000e+02 1.0000e+01 -1.4114e+00
-1.2000e+02 2.0000e+01 -2.4720e+00
-1.2000e+02 3.0000e+01 6.0682e-01
-1.2000e+02 4.0000e+01 -8.9788e-01
-1.2000e+02 5.0000e+01 1.3334e+00
-1.2000e+02 6.0000e+01 -3.0759e+00
-1.2000e+02 7.0000e+01 -1.5516e-01
-1.2000e+02 8.0000e+01 -3.7490e+00
-1.2000e+02 9.0000e+01 -2.3995e+00
-1.2000e+02 1.0000e+02 -1.0531e+00
-1.2000e+02 1.1000e+02 -1.4241e+00
-1.2000e+02 1.2000e+02 -7.4488e-01
-1.2000e+02 1.3000e+02 2.1374e+00
-1.2000e+02 1.4000e+02 -3.1116e+00
-1.2000e+02 1.5000e+02 -1.9656e-01
-1.2000e+02 1.6000e+02 -1.1814e+00
-1.2000e+02 1.7000e+02 1.6322e-01
-1.2000e+02 1.8000e+02 -3.8760e+00
-1.2000e+02 1.9000e+02 3.8763e-01
-1.2000e+02 2.0000e+02 -7.1466e-01
-1.1000e+02 -2.0000e+02 1.0609e+00
-1.1000e+02 -1.9000e+02 2.4321e+00
-1.1000e+02 -1.8000e+02 -7.0264e-01
-1.1000e+02 -1.7000e+02 1.4233e-01
-1.1000e+02 -1.6000e+02 4.5790e-01
-1.1000e+02 -1.5000e+02 1.3446e+00
-1.1000e+02 -1.4000e+02 -1.7364e+00
-1.1000e+02 -1.3000e+02 -2.4753e-02
-1.1000e+02 -1.2000e+02 3.4527e-01
-1.1000e+02 -1.1000e+02 -3.3079e+00
-1.1000e+02 -1.0000e+02 -1.7313e+00
-1.1000e+02 -9.0000e+01 -2.5745e+00
-1.1000e+02 -8.0000e+01 5.6997e-02
-1.1000e+02 -7.0000e+01 -1.8169e+00
-1.1000e+02 -6.0000e+01 -5.1644e-01
-1.1000e+02 -5.0000e+01 -3.9982e-01
-1.1000e+02 -4.0000e+01 -1.3018e+00
-1.1000e+02 -3.0000e+01 -2.6744e+00
-1.1000e+02 -2.0000e+01 -2.0357e+00
-1.1000e+02 -1.0000e+01 -2.2607e+00
-1.1000e+02 0.0000e+00 -3.9350e+00
-1.1000e+02 1.0000e+01 -2.9801e-01
-1.1000e+02 2.0000e+01 -6.0282e+00
-1.1000e+02 3.0000e+01 -3.0586e+00
-1.1000e+02 4.0000e+01 -1.4691e+00
-1.1000e+02 5.0000e+01 -1.6820e+00
-1.1000e+02 6.0000e+01 -7.6727e-01
-1.1000e+02 7.0000e+01 -2.5610e+00
-1.1000e+02 8.0000e+01 -3.3123e+00
-1.1000e+02 9.0000e+01 -2.1744e-01
-1.1000e+02 1.0000e+02 -1.9070e-02
-1.1000e+02 1.1000e+02 -3.8386e-01
-1.1000e+02 1.2000e+02 -1.3557e+00
-1.1000e+02 1.3000e+02 4.6699e-01
-1.1000e+02 1.4000e+02 -7.4539e-01
-1.1000e+02 1.5000e+02 -4.2455e-01
-1.1000e+02 1.6000e+02 1.5391e+00
-1.1000e+02 1.7000e+02 -8.4021e-01
-1.1000e+02 1.8000e+02 1.9051e+00
-1.1000e+02 1.9000e+02 -1.2745e+00
-1.1000e+02 2.0000e+02 4.7666e-02
-1.0000e+02 -2.0000e+02 3.4150e+00
-1.0000e+02 -1.9000e+02 2.2762e+00
-1.0000e+02 -1.8000e+02 -1.6258e+00
-1.0000e+02 -1.7000e+02 9.5377e-01
-1.0000e+02 -1.6000e+02 -2.4217e-01
-1.0000e+02 -1.5000e+02 -7.5738e-01
-1.0000e+02 -1.4000e+02 5.6487e-01
-1.0000e+02 -1.3000e+02 3.2423e-01
-1.0000e+02 -1.2000e+02 7.2385e-01
-1.0000e+02 -1.1000e+02 -1.3725e+00
-1.0000e+02 -1.0000e+02 -2.1969e+00
-1.0000e+02 -9.0000e+01 -2.7817e+00
-1.0000e+02 -8.0000e+01 1.8495e+00
-1.0000e+02 -7.0000e+01 1.0815e+00
-1.0000e+02 -6.0000e+01 -2.8382e+00
-1.0000e+02 -5.0000e+01 -2.4366e+00
-1.0000e+02 -4.0000e+01 -2.6365e+00
-1.0000e+02 -3.0000e+01 -2.4692e+00
-1.0000e+02 -2.0000e+01 -1.9030e+00
-1.0000e+02 -1.0000e+01 -4.2968e+00
-1.0000e+02 0.0000e+00 -8.5118e-01
-1.0000e+02 1.0000e+01 -1.0016e+00
-1.0000e+02 2.0000e+01 -1.6468e+00
-1.0000e+02 3.0000e+01 -3.4047e+00
-1.0000e+02 4.0000e+01 -4.2067e+00
-1.0000e+02 5.0000e+01 -2.5275e+00
-1.0000e+02 6.0000e+01 -3.3853e+00
-1.0000e+02 7.0000e+01 -3.3584e+00
-1.0000e+02 8.0000e+01 -3.8418e+00
-1.0000e+02 9.0000e+01 -1.3063e+00
-1.0000e+02 1.0000e+02 -7.5252e-01
-1.0000e+02 1.1000e+02 -1.7703e+00
-1.0000e+02 1.2000e+02 -2.9644e+00
-1.0000e+02 1.3000e+02 -1.1039e+00
-1.0000e+02 1.4000e+02 2.1202e+00
-1.0000e+02 1.5000e+02 -2.7336e+00
-1.0000e+02 1.6000e+02 2.8705e-01
-1.0000e+02 1.7000e+02 -7.1127e-01
-1.0000e+02 1.8000e+02 1.3560e+00
-1.0000e+02 1.9000e+02 3.1709e-01
-1.0000e+02 2.0000e+02 -1.4360e+00
-9.0000e+01 -2.0000e+02 2.5945e+00
-9.0000e+01 -1.9000e+02 6.1969e-01
-9.0000e+01 -1.8000e+02 1.3176e+00
-9.0000e+01 -1.7000e+02 7.6255e-01
-9.0000e+01 -1.6000e+02 2.1490e-02
-9.0000e+01 -1.5000e+02 -6.8967e-01
-9.0000e+01 -1.4000e+02 -1.0994e+00
-9.0000e+01 -1.3000e+02 1.1673e-01
-9.0000e+01 -1.2000e+02 -3.6483e+00
-9.0000e+01 -1.1000e+02 -4.0338e-01
-9.0000e+01 -1.0000e+02 -5.9624e-02
-9.0000e+01 -9.0000e+01 1.5895e-01
-9.0000e+01 -8.0000e+01 -5.7283e+00
-9.0000e+01 -7.0000e+01 -4.1892e+00
-9.0000e+01 -6.0000e+01 -1.2200e+00
-9.0000e+01 -5.0000e+01 -1.2537e+00
-9.0000e+01 -4.0000e+01 -2.5553e+00
-9.0000e+01 -3.0000e+01 -2.3725e+00
-9.0000e+01 -2.0000e+01 -4.2782e+00
-9.0000e+01 -1.0000e+01 -1.7361e+00
-9.0000e+01 0.0000e+00 -5.2787e+00
-9.0000e+01 1.0000e+01 -5.2990e+00
-9.0000e+01 2.0000e+01 -2.1350e+00
-9.0000e+01 3.0000e+01 -2.1448e+00
-9.0000e+01 4.0000e+01 -3.9465e+00
-9.0000e+01 5.0000e+01 -4.4712e+00
-9.0000e+01 6.0000e+01 -4.7417e+00
-9.0000e+01 7.0000e+01 -2.6661e+00
-9.0000e+01 8.0000e+01 -2.0242e+00
-9.0000e+01 9.0000e+01 1.6948e-01
-9.0000e+01 1.0000e+02 -2.0949e+00
-9.0000e+01 1.1000e+02 -1.2836e+00
-9.0000e+01 1.2000e+02 -1.1731e+00
-9.0000e+01 1.3000e+02 -2.5147e+00
-9.0000e+01 1.4000e+02 -2.4891e+00
-9.0000e+01 1.5000e+02 1.5622e-01
-9.0000e+01 1.6000e+02 4.6095e-01
-9.0000e+01 1.7000e+02 -1.0046e+00
-9.0000e+01 1.8000e+02 4.5006e-01
-9.0000e+01 1.9000e+02 -5.4552e-01
-9.0000e+01 2.0000e+02 1.3609e+00
-8.0000e+01 -2.0000e+02 -2.1422e+00
-8.0000e+01 -1.9000e+02 -1.5791e-01
-8.0000e+01 -1.8000e+02 2.4351e+00
-8.0000e+01 -1.7000e+02 2.6250e+00
-8.0000e+01 -1.6000e+02 2.6591e+00
-8.0000e+01 -1.5000e+02 7.1675e-01
-8.0000e+01 -1.4000e+02 -1.3907e+00
-8.0000e+01 -1.3000e+02 3.7793e-01
-8.0000e+01 -1.2000e+02 -3.7181e-01
-8.0000e+01 -1.1000e+02 -1.1352e+00
-8.0000e+01 -1.0000e+02 -1.9772e+00
-8.0000e+01 -9.0000e+01 4.0329e-01
-8.0000e+01 -8.0000e+01 -3.1303e+00
-8.0000e+01 -7.0000e+01 -4.3105e+00
-8.0000e+01 -6.0000e+01 -5.5388e+00
-8.0000e+01 -5.0000e+01 -6.0343e+00
-8.0000e+01 -4.0000e+01 -4.1852e+00
-8.0000e+01 -3.0000e+01 -4.1321e+00
-8.0000e+01 -2.0000e+01 -3.5358e+00
-8.0000e+01 -1.0000e+01 -4.4912e+00
-8.0000e+01 0.0000e+00 -6.6410e+00
-8.0000e+01 1.0000e+01 -5.7035e+00
-8.0000e+01 2.0000e+01 -6.1246e+00
-8.0000e+01 3.0000e+01 -6.8451e+00
-8.0000e+01 4.0000e+01 -3.7793e+00
-8.0000e+01 5.0000e+01 -5.5645e+00
-8.0000e+01 6.0000e+01 -3.2196e+00
-8.0000e+01 7.0000e+01 -5.3551e+00
-8.0000e+01 8.0000e+01 -3.5467e+00
-8.0000e+01 9.0000e+01 -4.0121e-01
-8.0000e+01 1.0000e+02 -3.9087e+00
-8.0000e+01 1.1000e+02 -8.8213e-01
-8.0000e+01 1.2000e+02 7.1165e-01
-8.0000e+01 1.3000e+02 -5.2505e-01
-8.0000e+01 1.4000e+02 9.6604e-01
-8.0000e+01 1.5000e+02 -4.4920e-01
-8.0000e+01 1.6000e+02 1.1198e+00
-8.0000e+01 1.7000e+02 1.0656e-01
-8.0000e+01 1.8000e+02 8.1145e-01
-8.0000e+01 1.9000e+02 4.1573e-01
-8.0000e+01 2.0000e+02 -5.7634e-01
-7.0000e+01 -2.0000e+02 1.3358e-01
-7.0000e+01 -1.9000e+02 -1.2268e+00
-7.0000e+01 -1.8000e+02 -1.5119e-01
-7.0000e+01 -1.7000e+02 2.1683e-01
-7.0000e+01 -1.6000e+02 3.1991e+00
-7.0000e+01 -1.5000e+02 2.1567e+00
-7.0000e+01 -1.4000e+02 -1.4825e+00
-7.0000e+01 -1.3000e+02 1.0700e-01
-7.0000e+01 -1.2000e+02 -2.2472e-01
-7.0000e+01 -1.1000e+02 3.4581e-01
-7.0000e+01 -1.0000e+02 -1.0682e+00
-7.0000e+01 -9.0000e+01 -2.1555e+00
-7.0000e+01 -8.0000e+01 -3.0229e+00
-7.0000e+01 -7.0000e+01 -2.7464e+00
-7.0000e+01 -6.0000e+01 -4.0621e+00
-7.0000e+01 -5.0000e+01 -4.5626e+00
-7.0000e+01 -4.0000e+01 -6.4681e+00
-7.0000e+01 -3.0000e+01 -4.0988e+00
-7.0000e+01 -2.0000e+01 -4.8123e+00
-7.0000e+01 -1.0000e+01 -6.6354e+00
-7.0000e+01 0.0000e+00 -4.7529e+00
-7.0000e+01 1.0000e+01 -6.5235e+00
-7.0000e+01 2.0000e+01 -6.0084e+00
-7.0000e+01 3.0000e+01 -6.9959e+00
-7.0000e+01 4.0000e+01 -7.8581e+00
-7.0000e+01 5.0000e+01 -5.6689e+00
-7.0000e+01 6.0000e+01 -3.6869e+00
-7.0000e+01 7.0000e+01 -1.5473e+00
-7.0000e+01 8.0000e+01 -3.5494e+00
-7.0000e+01 9.0000e+01 -1.5564e+00
-7.0000e+01 1.0000e+02 -1.9390e+00
-7.0000e+01 1.1000e+02 -1.2785e+00
-7.0000e+01 1.2000e+02 -1.3851e+00
-7.0000e+01 1.3000e+02 -7.7294e-01
-7.0000e+01 1.4000e+02 -1.3661e+00
-7.0000e+01 1.5000e+02 -9.2254e-01
-7.0000e+01 1.6000e+02 3.5191e-01
-7.0000e+01 1.7000e+02 1.0572e+00
-7.0000e+01 1.8000e+02 1.2497e+00
-7.0000e+01 1.9000e+02 -1.4673e+00
-7.0000e+01 2.0000e+02 1.0467e-01
-6.0000e+01 -2.0000e+02 -3.3419e+00
-6.0000e+01 -1.9000e+02 -4.0501e-02
-6.0000e+01 -1.8000e+02 8.6295e-01
-6.0000e+01 -1.7000e+02 -1.0609e+00
-6.0000e+01 -1.6000e+02 6.3583e-01
-6.0000e+01 -1.5000e+02 -2.2070e-01
-6.0000e+01 -1.4000e+02 -1.6898e+00
-6.0000e+01 -1.3000e+02 -9.9787e-01
-6.0000e+01 -1.2000e+02 -1.2159e+00
-6.0000e+01 -1.1000e+02 -8.8469e-01
-6.0000e+01 -1.0000e+02 -2.8551e+00
-6.0000e+01 -9.0000e+01 -3.0647e+00
-6.0000e+01 -8.0000e+01 -3.6161e+00
-6.0000e+01 -7.0000e+01 -4.9711e+00
-6.0000e+01 -6.0000e+01 -4.2714e+00
-6.0000e+01 -5.0000e+01 -4.8132e+00
-6.0000e+01 -4.0000e+01 -6.6649e+00
-6.0000e+01 -3.0000e+01 -6.4246e+00
-6.0000e+01 -2.0000e+01 -7.5325e+00
-6.0000e+01 -1.0000e+01 -7.9567e+00
-6.0000e+01 0.0000e+00 -8.9643e+00
-6.0000e+01 1.0000e+01 -9.1778e+00
-6.0000e+01 2.0000e+01 -7.0152e+00
-6.0000e+01 3.0000e+01 -5.6124e+00
-6.0000e+01 4.0000e+01 -4.9549e+00
-6.0000e+01 5.0000e+01 -6.4812e+00
-6.0000e+01 6.0000e+01 -4.9149e+00
-6.0000e+01 7.0000e+01 -1.7800e+00
-6.0000e+01 8.0000e+01 -2.0644e+00
-6.0000e+01 9.0000e+01 -1.9530e-01
-6.0000e+01 1.0000e+02 3.5623e-02
-6.0000e+01 1.1000e+02 -2.2449e+00
-6.0000e+01 1.2000e+02 -3.4735e-01
-6.0000e+01 1.3000e+02 -1.4689e+00
-6.0000e+01 1.4000e+02 -2.4393e-01
-6.0000e+01 1.5000e+02 -2.3062e+00
-6.0000e+01 1.6000e+02 -3.0951e+00
-6.0000e+01 1.7000e+02 1.2078e-01
-6.0000e+01 1.8000e+02 -5.7895e-01
-6.0000e+01 1.9000e+02 -8.0891e-01
-6.0000e+01 2.0000e+02 8.4913e-01
-5.0000e+01 -2.0000e+02 1.0419e+00
-5.0000e+01 -1.9000e+02 1.7012e+00
-5.0000e+01 -1.8000e+02 9.6662e-01
-5.0000e+01 -1.7000e+02 -1.1557e+00
-5.0000e+01 -1.6000e+02 -2.0664e+00
-5.0000e+01 -1.5000e+02 -3.7147e+00
-5.0000e+01 -1.4000e+02 -3.8368e+00
-5.0000e+01 -1.3000e+02 -3.2522e+00
-5.0000e+01 -1.2000e+02 -1.8139e+00
-5.0000e+01 -1.1000e+02 -3.1533e+00
-5.0000e+01 -1.0000e+02 -2.4448e+00
-5.0000e+01 -9.0000e+01 -3.5376e+00
-5.0000e+01 -8.0000e+01 -3.4466e+00
-5.0000e+01 -7.0000e+01 -6.4022e+00
-5.0000e+01 -6.0000e+01 -7.0708e+00
-5.0000e+01 -5.0000e+01 -8.3859e+00
-5.0000e+01 -4.0000e+01 -9.0982e+00
-5.0000e+01 -3.0000e+01 -9.3655e+00
-5.0000e+01 -2.0000e+01 -8.4672e+00
-5.0000e+01 -1.0000e+01 -9.4655e+00
-5.0000e+01 0.0000e+00 -1.0778e+01
-5.0000e+01 1.0000e+01 -9.8434e+00
-5.0000e+01 2.0000e+01 -9.1405e+00
-5.0000e+01 3.0000e+01 -8.5115e+00
-5.0000e+01 4.0000e+01 -8.7387e+00
-5.0000e+01 5.0000e+01 -7.2748e+00
-5.0000e+01 6.0000e+01 -4.5398e+00
-5.0000e+01 7.0000e+01 -2.6725e+00
-5.0000e+01 8.0000e+01 -4.1666e+00
-5.0000e+01 9.0000e+01 -2.1786e+00
-5.0000e+01 1.0000e+02 -2.6752e+00
-5.0000e+01 1.1000e+02 -9.2634e-01
-5.0000e+01 1.2000e+02 8.7316e-01
-5.0000e+01 1.3000e+02 8.6747e-01
-5.0000e+01 1.4000e+02 8.7483e-01
-5.0000e+01 1.5000e+02 4.9276e-01
-5.0000e+01 1.6000e+02 3.3349e+00
-5.0000e+01 1.7000e+02 -4.7635e-01
-5.0000e+01 1.8000e+02 8.0245e-01
-5.0000e+01 1.9000e+02 6.6629e-01
-5.0000e+01 2.0000e+02 5.4967e-01
-4.0000e+01 -2.0000e+02 2.2306e-01
-4.0000e+01 -1.9000e+02 -8.4112e-01
-4.0000e+01 -1.8000e+02 2.4460e+00
-4.0000e+01 -1.7000e+02 -1.0516e-01
-4.0000e+01 -1.6000e+02 1.0386e+00
-4.0000e+01 -1.5000e+02 4.7524e-01
-4.0000e+01 -1.4000e+02 -2.3496e+00
-4.0000e+01 -1.3000e+02 -1.2694e+00
-4.0000e+01 -1.2000e+02 -9.5878e-01
-4.0000e+01 -1.1000e+02 -4.9394e+00
-4.0000e+01 -1.0000e+02 -4.4847e+00
-4.0000e+01 -9.0000e+01 -5.4238e+00
-4.0000e+01 -8.0000e+01 -8.6102e-01
-4.0000e+01 -7.0000e+01 -3.6551e+00
-4.0000e+01 -6.0000e+01 -6.2618e+00
-4.0000e+01 -5.0000e+01 -8.0865e+00
-4.0000e+01 -4.0000e+01 -7.7933e+00
-4.0000e+01 -3.0000e+01 -1.1258e+01
-4.0000e+01 -2.0000e+01 -1.1614e+01
-4.0000e+01 -1.0000e+01 -1.4630e+01
-4.0000e+01 0.0000e+00 -9.9837e+00
-4.0000e+01 1.0000e+01 -1.1411e+01
-4.0000e+01 2.0000e+01 -9.1775e+00
-4.0000e+01 3.0000e+01 -8.3257e+00
-4.0000e+01 4.0000e+01 -6.8518e+00
-4.0000e+01 5.0000e+01 -5.8461e+00
-4.0000e+01 6.0000e+01 -7.7783e+00
-4.0000e+01 7.0000e+01 -4.7158e+00
-4.0000e+01 8.0000e+01 -3.9531e+00
-4.0000e+01 9.0000e+01 -1.4409e+00
-4.0000e+01 1.0000e+02 -4.3466e+00
-4.0000e+01 1.1000e+02 -4.0786e+00
-4.0000e+01 1.2000e+02 -2.4923e+00
-4.0000e+01 1.3000e+02 8.1132e-02
-4.0000e+01 1.4000e+02 -2.3984e+00
-4.0000e+01 1.5000e+02 1.5743e+00
-4.0000e+01 1.6000e+02 -3.0052e-01
-4.0000e+01 1.7000e+02 2.2868e+00
-4.0000e+01 1.8000e+02 9.1235e-01
-4.0000e+01 1.9000e+02 1.2745e+00
-4.0000e+01 2.0000e+02 8.5833e-01
-3.0000e+01 -2.0000e+02 -1.3211e+00
-3.0000e+01 -1.9000e+02 1.1656e+00
-3.0000e+01 -1.8000e+02 8.9517e-01
-3.0000e+01 -1.7000e+02 -1.1722e+00
-3.0000e+01 -1.6000e+02 1.7457e+00
-3.0000e+01 -1.5000e+02 -4.9889e-01
-3.0000e+01 -1.4000e+02 -1.3727e+00
-3.0000e+01 -1.3000e+02 -1.8482e+00
-3.0000e+01 -1.2000e+02 -1.6368e+00
-3.0000e+01 -1.1000e+02 -1.3635e+00
-3.0000e+01 -1.0000e+02 -2.7588e+00
-3.0000e+01 -9.0000e+01 -3.4250e+00
-3.0000e+01 -8.0000e+01 -5.1951e+00
-3.0000e+01 -7.0000e+01 -6.2931e+00
-3.0000e+01 -6.0000e+01 -9.1627e+00
-3.0000e+01 -5.0000e+01 -7.5150e+00
-3.0000e+01 -4.0000e+01 -9.9275e+00
-3.0000e+01 -3.0000e+01 -1.2025e+01
-3.0000e+01 -2.0000e+01 -1.0891e+01
-3.0000e+01 -1.0000e+01 -1.4694e+01
-3.0000e+01 0.0000e+00 -9.7000e+00
-3.0000e+01 1.0000e+01 -1.1994e+01
-3.0000e+01 2.0000e+01 -1.2315e+01
-3.0000e+01 3.0000e+01 -1.3622e+01
-3.0000e+01 4.0000e+01 -1.0919e+01
-3.0000e+01 5.0000e+01 -5.7124e+00
-3.0000e+01 6.0000e+01 -4.9390e+00
-3.0000e+01 7.0000e+01 -5.5047e+00
-3.0000e+01 8.0000e+01 -7.2071e+00
-3.0000e+01 9.0000e+01 -3.7468e+00
-3.0000e+01 1.0000e+02 -7.2905e-01
-3.0000e+01 1.1000e+02 -2.9516e+00
-3.0000e+01 1.2000e+02 3.5738e-01
-3.0000e+01 1.3000e+02 -6.3570e-01
-3.0000e+01 1.4000e+02 6.1028e-01
-3.0000e+01 1.5000e+02 1.9749e+00
-3.0000e+01 1.6000e+02 -5.5757e-01
-3.0000e+01 1.7000e+02 1.8955e+00
-3.0000e+01 1.8000e+02 -5.1983e-01
-3.0000e+01 1.9000e+02 -9.5884e-01
-3.0000e+01 2.0000e+02 -2.8330e-02
-2.0000e+01 -2.0000e+02 -1.1010e+00
-2.0000e+01 -1.9000e+02 -5.2973e-01
-2.0000e+01 -1.8000e+02 -2.0409e+00
-2.0000e+01 -1.7000e+02 -5.6706e-01
-2.0000e+01 -1.6000e+02 -4.9051e-01
-2.0000e+01 -1.5000e+02 -4.7971e-01
-2.0000e+01 -1.4000e+02 -1.9259e+00
-2.0000e+01 -1.3000e+02 3.3525e+00
-2.0000e+01 -1.2000e+02 7.5874e-01
-2.0000e+01 -1.1000e+02 -2.8655e+00
-2.0000e+01 -1.0000e+02 -4.5831e+00
-2.0000e+01 -9.0000e+01 -4.6739e+00
-2.0000e+01 -8.0000e+01 -6.3316e+00
-2.0000e+01 -7.0000e+01 -5.4946e+00
-2.0000e+01 -6.0000e+01 -7.9497e+00
-2.0000e+01 -5.0000e+01 -1.1576e+01
-2.0000e+01 -4.0000e+01 -7.4619e+00
-2.0000e+01 -3.0000e+01 -1.4284e+01
-2.0000e+01 -2.0000e+01 -1.2706e+01
-2.0000e+01 -1.0000e+01 -1.2240e+01
-2.0000e+01 0.0000e+00 -1.2382e+01
-2.0000e+01 1.0000e+01 -1.3165e+01
-2.0000e+01 2.0000e+01 -1.5734e+01
-2.0000e+01 3.0000e+01 -1.0311e+01
-2.0000e+01 4.0000e+01 -1.0993e+01
-2.0000e+01 5.0000e+01 -1.0492e+01
-2.0000e+01 6.0000e+01 -6.1327e+00
-2.0000e+01 7.0000e+01 -5.9245e+00
-2.0000e+01 8.0000e+01 -5.1065e+00
-2.0000e+01 9.0000e+01 -3.9550e+00
-2.0000e+01 1.0000e+02 -3.0057e+00
-2.0000e+01 1.1000e+02 -1.5247e+00
-2.0000e+01 1.2000e+02 -1.3250e+00
-2.0000e+01 1.3000e+02 -1.0315e+00
-2.0000e+01 1.4000e+02 3.1369e+00
-2.0000e+01 1.5000e+02 1.1948e+00
-2.0000e+01 1.6000e+02 -1.8633e+00
-2.0000e+01 1.7000e+02 -1.4150e+00
-2.0000e+01 1.8000e+02 2.2325e+00
-2.0000e+01 1.9000e+02 2.2034e-01
-2.0000e+01 2.0000e+02 -3.0971e-01
-1.0000e+01 -2.0000e+02 -1.7361e+00
-1.0000e+01 -1.9000e+02 -1.6274e+00
-1.0000e+01 -1.8000e+02 1.1467e-03
-1.0000e+01 -1.7000e+02 -4.6104e-01
-1.0000e+01 -1.6000e+02 -1.0714e+00
-1.0000e+01 -1.5000e+02 2.1419e-01
-1.0000e+01 -1.4000e+02 -2.3449e+00
-1.0000e+01 -1.3000e+02 -2.7266e+00
-1.0000e+01 -1.2000e+02 -1.3862e-01
-1.0000e+01 -1.1000e+02 2.3251e-01
-1.0000e+01 -1.0000e+02 -1.9100e+00
-1.0000e+01 -9.0000e+01 -2.5512e+00
-1.0000e+01 -8.0000e+01 -4.2104e+00
-1.0000e+01 -7.0000e+01 -6.6386e+00
-1.0000e+01 -6.0000e+01 -1.0218e+01
-1.0000e+01 -5.0000e+01 -1.0253e+01
-1.0000e+01 -4.0000e+01 -8.3941e+00
-1.0000e+01 -3.0000e+01 -1.7012e+01
-1.0000e+01 -2.0000e+01 -1.2574e+01
-1.0000e+01 -1.0000e+01 -1.5485e+01
-1.0000e+01 0.0000e+00 -1.4453e+01
-1.0000e+01 1.0000e+01 -1.1158e+01
-1.0000e+01 2.0000e+01 -1.2918e+01
-1.0000e+01 3.0000e+01 -1.3145e+01
-1.0000e+01 4.0000e+01 -1.0498e+01
-1.0000e+01 5.0000e+01 -1.0856e+01
-1.0000e+01 6.0000e+01 -7.9953e+00
-1.0000e+01 7.0000e+01 -5.5924e+00
-1.0000e+01 8.0000e+01 -4.6067e+00
-1.0000e+01 9.0000e+01 -5.0267e+00
-1.0000e+01 1.0000e+02 -2.1926e+00
-1.0000e+01 1.1000e+02 -2.0975e+00
-1.0000e+01 1.2000e+02 -2.7740e+00
-1.0000e+01 1.3000e+02 -2.2400e+00
-1.0000e+01 1.4000e+02 1.8812e+00
-1.0000e+01 1.5000e+02 -1.9320e+00
-1.0000e+01 1.6000e+02 1.5227e-01
-1.0000e+01 1.7000e+02 3.1306e+00
-1.0000e+01 1.8000e+02 -1.0037e+00
-1.0000e+01 1.9000e+02 2.8067e+00
-1.0000e+01 2.0000e+02 1.0544e+00
0.0000e+00 -2.0000e+02 -1.1920e+00
0.0000e+00 -1.9000e+02 1.7166e+00
0.0000e+00 -1.8000e+02 -1.8496e+00
0.0000e+00 -1.7000e+02 -1.7686e-01
0.0000e+00 -1.6000e+02 -8.1791e-01
0.0000e+00 -1.5000e+02 -6.9465e-01
0.0000e+00 -1.4000e+02 -4.3239e-01
0.0000e+00 -1.3000e+02 1.2836e-01
0.0000e+00 -1.2000e+02 -2.7056e+00
0.0000e+00 -1.1000e+02 -2.7955e+00
0.0000e+00 -1.0000e+02 -4.3020e+00
0.0000e+00 -9.0000e+01 -3.6337e+00
0.0000e+00 -8.0000e+01 -2.8734e+00
0.0000e+00 -7.0000e+01 -6.5292e+00
0.0000e+00 -6.0000e+01 -1.1013e+01
0.0000e+00 -5.0000e+01 -1.1592e+01
0.0000e+00 -4.0000e+01 -1.1746e+01
0.0000e+00 -3.0000e+01 -1.0721e+01
0.0000e+00 -2.0000e+01 -1.3154e+01
0.0000e+00 -1.0000e+01 -1.2218e+01
0.0000e+00 0.0000e+00 -1.3046e+01
0.0000e+00 1.0000e+01 -1.1769e+01
0.0000e+00 2.0000e+01 -1.6289e+01
0.0000e+00 3.0000e+01 -1.3833e+01
0.0000e+00 4.0000e+01 -1.1908e+01
0.0000e+00 5.0000e+01 -9.2143e+00
0.0000e+00 6.0000e+01 -1.0621e+01
0.0000e+00 7.0000e+01 -9.2057e+00
0.0000e+00 8.0000e+01 -9.1957e+00
0.0000e+00 9.0000e+01 -3.7749e+00
0.0000e+00 1.0000e+02 -4.5369e+00
0.0000e+00 1.1000e+02 -3.2458e+00
0.0000e+00 1.2000e+02 -6.8738e-01
0.0000e+00 1.3000e+02 -1.0143e+00
0.0000e+00 1.4000e+02 2.8929e-02
0.0000e+00 1.5000e+02 -2.4777e+00
0.0000e+00 1.6000e+02 2.4668e-01
0.0000e+00 1.7000e+02 -4.8186e-01
0.0000e+00 1.8000e+02 7.6542e-01
0.0000e+00 1.9000e+02 1.6613e+00
0.0000e+00 2.0000e+02 5.5016e-01
1.0000e+01 -2.0000e+02 4.1656e-01
1.0000e+01 -1.9000e+02 2.5671e-01
1.0000e+01 -1.8000e+02 -4.3091e-01
1.0000e+01 -1.7000e+02 -2.9772e+00
1.0000e+01 -1.6000e+02 9.8479e-01
1.0000e+01 -1.5000e+02 -1.0831e+00
1.0000e+01 -1.4000e+02 1.7745e+00
1.0000e+01 -1.3000e+02 -6.8554e-01
1.0000e+01 -1.2000e+02 -3.7999e+00
1.0000e+01 -1.1000e+02 -4.6412e+00
1.0000e+01 -1.0000e+02 -3.3737e+00
1.0000e+01 -9.0000e+01 -4.7633e+00
1.0000e+01 -8.0000e+01 -4.6674e+00
1.0000e+01 -7.0000e+01 -6.4917e+00
1.0000e+01 -6.0000e+01 -9.7847e+00
1.0000e+01 -5.0000e+01 -9.5107e+00
1.0000e+01 -4.0000e+01 -1.0743e+01
1.0000e+01 -3.0000e+01 -1.2793e+01
1.0000e+01 -2.0000e+01 -1.2931e+01
1.0000e+01 -1.0000e+01 -1.2331e+01
1.0000e+01 0.0000e+00 -1.4476e+01
1.0000e+01 1.0000e+01 -1.5553e+01
1.0000e+01 2.0000e+01 -1.4349e+01
1.0000e+01 3.0000e+01 -1.0680e+01
1.0000e+01 4.0000e+01 -1.2824e+01
1.0000e+01 5.0000e+01 -9.5281e+00
1.0000e+01 6.0000e+01 -1.2327e+01
1.0000e+01 7.0000e+01 -8.6250e+00
1.0000e+01 8.0000e+01 -5.0087e+00
1.0000e+01 9.0000e+01 -2.2456e+00
1.0000e+01 1.0000e+02 -2.4921e+00
1.0000e+01 1.1000e+02 -3.5927e+00
1.0000e+01 1.2000e+02 -2.3460e+00
1.0000e+01 1.3000e+02 -8.2346e-01
1.0000e+01 1.4000e+02 -1.9344e+00
1.0000e+01 1.5000e+02 -1.3750e+00
1.0000e+01 1.6000e+02 2.6473e+00
1.0000e+01 1.7000e+02 -6.3300e-01
1.0000e+01 1.8000e+02 -2.5469e+00
1.0000e+01 1.9000e+02 1.0183e+00
1.0000e+01 2.0000e+02 -1.1639e+00
2.0000e+01 -2.0000e+02 5.8169e-01
2.0000e+01 -1.9000e+02 4.1119e-01
2.0000e+01 -1.8000e+02 1.3938e+00
2.0000e+01 -1.7000e+02 1.2460e+00
2.0000e+01 -1.6000e+02 -9.7342e-01
2.0000e+01 -1.5000e+02 -5.1366e-01
2.0000e+01 -1.4000e+02 -1.1723e-01
2.0000e+01 -1.3000e+02 -1.4568e+00
2.0000e+01 -1.2000e+02 2.2495e+00
2.0000e+01 -1.1000e+02 -2.7514e+00
2.0000e+01 -1.0000e+02 -2.7045e+00
2.0000e+01 -9.0000e+01 -3.7470e+00
2.0000e+01 -8.0000e+01 -4.3281e+00
2.0000e+01 -7.0000e+01 -7.1434e+00
2.0000e+01 -6.0000e+01 -7.1588e+00
2.0000e+01 -5.0000e+01 -1.0961e+01
2.0000e+01 -4.0000e+01 -8.7599e+00
2.0000e+01 -3.0000e+01 -1.4983e+01
2.0000e+01 -2.0000e+01 -1.4407e+01
2.0000e+01 -1.0000e+01 -1.2512e+01
2.0000e+01 0.0000e+00 -1.1856e+01
2.0000e+01 1.0000e+01 -1.4152e+01
2.0000e+01 2.0000e+01 -1.1456e+01
2.0000e+01 3.0000e+01 -9.9997e+00
2.0000e+01 4.0000e+01 -1.2549e+01
2.0000e+01 5.0000e+01 -1.0369e+01
2.0000e+01 6.0000e+01 -8.5042e+00
2.0000e+01 7.0000e+01 -4.5324e+00
2.0000e+01 8.0000e+01 -3.5717e+00
2.0000e+01 9.0000e+01 -6.0374e+00
2.0000e+01 1.0000e+02 -2.6569e+00
2.0000e+01 1.1000e+02 -1.2423e+00
2.0000e+01 1.2000e+02 -5.9090e-01
2.0000e+01 1.3000e+02 -2.5715e+00
2.0000e+01 1.4000e+02 -1.8859e+00
2.0000e+01 1.5000e+02 6.0823e-02
2.0000e+01 1.6000e+02 1.3014e-02
2.0000e+01 1.7000e+02 -9.0790e-01
2.0000e+01 1.8000e+02 -2.9923e+00
2.0000e+01 1.9000e+02 -6.4496e-01
2.0000e+01 2.0000e+02 8.7610e-01
3.0000e+01 -2.0000e+02 6.3397e-01
3.0000e+01 -1.9000e+02 1.1726e+00
3.0000e+01 -1.8000e+02 3.1648e-01
3.0000e+01 -1.7000e+02 1.5453e+00
3.0000e+01 -1.6000e+02 -1.2737e+00
3.0000e+01 -1.5000e+02 -1.7762e+00
3.0000e+01 -1.4000e+02 -1.6492e-01
3.0000e+01 -1.3000e+02 1.3947e+00
3.0000e+01 -1.2000e+02 -3.0345e+00
3.0000e+01 -1.1000e+02 -4.1674e-01
3.0000e+01 -1.0000e+02 -1.3095e+00
3.0000e+01 -9.0000e+01 -1.2738e+00
3.0000e+01 -8.0000e+01 -6.1487e+00
3.0000e+01 -7.0000e+01 -6.6625e+00
3.0000e+01 -6.0000e+01 -4.2476e+00
3.0000e+01 -5.0000e+01 -9.8504e+00
3.0000e+01 -4.0000e+01 -9.6803e+00
3.0000e+01 -3.0000e+01 -1.1085e+01
3.0000e+01 -2.0000e+01 -1.3074e+01
3.0000e+01 -1.0000e+01 -1.3685e+01
3.0000e+01 0.0000e+00 -1.3908e+01
3.0000e+01 1.0000e+01 -1.3426e+01
3.0000e+01 2.0000e+01 -1.3723e+01
3.0000e+01 3.0000e+01 -1.4003e+01
3.0000e+01 4.0000e+01 -1.1902e+01
3.0000e+01 5.0000e+01 -9.6365e+00
3.0000e+01 6.0000e+01 -9.0510e+00
3.0000e+01 7.0000e+01 -6.6579e+00
3.0000e+01 8.0000e+01 -6.7643e+00
3.0000e+01 9.0000e+01 -4.6068e+00
3.0000e+01 1.0000e+02 -4.8367e+00
3.0000e+01 1.1000e+02 -7.2530e-01
3.0000e+01 1.2000e+02 -1.5060e+00
3.0000e+01 1.3000e+02 -2.3451e+00
3.0000e+01 1.4000e+02 3.3383e+00
3.0000e+01 1.5000e+02 1.1929e+00
3.0000e+01 1.6000e+02 -9.8645e-01
3.0000e+01 1.7000e+02 3.2427e+00
3.0000e+01 1.8000e+02 -4.8628e-01
3.0000e+01 1.9000e+02 -3.0224e-02
3.0000e+01 2.0000e+02 -4.2159e-02
4.0000e+01 -2.0000e+02 -3.3647e+00
4.0000e+01 -1.9000e+02 1.9546e+00
4.0000e+01 -1.8000e+02 -5.5875e-01
4.0000e+01 -1.7000e+02 -1.7033e+00
4.0000e+01 -1.6000e+02 -1.1889e+00
4.0000e+01 -1.5000e+02 -3.0994e+00
4.0000e+01 -1.4000e+02 1.0479e-01
4.0000e+01 -1.3000e+02 -1.3127e+00
4.0000e+01 -1.2000e+02 2.6382e+00
4.0000e+01 -1.1000e+02 -2.7856e+00
4.0000e+01 -1.0000e+02 -4.0435e+00
4.0000e+01 -9.0000e+01 -5.1064e-01
4.0000e+01 -8.0000e+01 -4.1313e+00
4.0000e+01 -7.0000e+01 -3.5959e+00
4.0000e+01 -6.0000e+01 -1.0182e+01
4.0000e+01 -5.0000e+01 -7.5136e+00
4.0000e+01 -4.0000e+01 -1.0812e+01
4.0000e+01 -3.0000e+01 -1.0248e+01
4.0000e+01 -2.0000e+01 -9.5822e+00
4.0000e+01 -1.0000e+01 -9.7946e+00
4.0000e+01 0.0000e+00 -1.0874e+01
4.0000e+01 1.0000e+01 -1.0595e+01
4.0000e+01 2.0000e+01 -7.8901e+00
4.0000e+01 3.0000e+01 -9.0176e+00
4.0000e+01 4.0000e+01 -8.0992e+00
4.0000e+01 5.0000e+01 -7.0983e+00
4.0000e+01 6.0000e+01 -6.8235e+00
4.0000e+01 7.0000e+01 -6.8323e+00
4.0000e+01 8.0000e+01 -4.1692e+00
4.0000e+01 9.0000e+01 -3.0426e+00
4.0000e+01 1.0000e+02 -2.7716e+00
4.0000e+01 1.1000e+02 -2.5312e+00
4.0000e+01 1.2000e+02 -8.0066e-01
4.0000e+01 1.3000e+02 -4.6249e-02
4.0000e+01 1.4000e+02 1.7966e+00
4.0000e+01 1.5000e+02 -1.7071e+00
4.0000e+01 1.6000e+02 2.7859e-01
4.0000e+01 1.7000e+02 4.0479e-01
4.0000e+01 1.8000e+02 1.9393e+00
4.0000e+01 1.9000e+02 -2.0314e+00
4.0000e+01 2.0000e+02 -6.4596e-01
5.0000e+01 -2.0000e+02 1.3838e+00
5.0000e+01 -1.9000e+02 1.2943e+00
5.0000e+01 -1.8000e+02 1.7318e-01
5.0000e+01 -1.7000e+02 1.1648e+00
5.0000e+01 -1.6000e+02 -1.3302e+00
5.0000e+01 -1.5000e+02 -2.1258e+00
5.0000e+01 -1.4000e+02 -1.3675e-01
5.0000e+01 -1.3000e+02 4.9360e-01
5.0000e+01 -1.2000e+02 -1.5568e+00
5.0000e+01 -1.1000e+02 -3.0547e+00
5.0000e+01 -1.0000e+02 -3.5728e+00
5.0000e+01 -9.0000e+01 -3.4620e+00
5.0000e+01 -8.0000e+01 -1.6308e+00
5.0000e+01 -7.0000e+01 -7.0803e+00
5.0000e+01 -6.0000e+01 -4.5419e+00
5.0000e+01 -5.0000e+01 -7.4517e+00
5.0000e+01 -4.0000e+01 -9.1794e+00
5.0000e+01 -3.0000e+01 -7.4170e+00
5.0000e+01 -2.0000e+01 -8.7515e+00
5.0000e+01 -1.0000e+01 -1.0197e+01
5.0000e+01 0.0000e+00 -9.8861e+00
5.0000e+01 1.0000e+01 -8.8589e+00
5.0000e+01 2.0000e+01 -8.4734e+00
5.0000e+01 3.0000e+01 -8.7301e+00
5.0000e+01 4.0000e+01 -7.3166e+00
5.0000e+01 5.0000e+01 -9.9700e+00
5.0000e+01 6.0000e+01 -4.1011e+00
5.0000e+01 7.0000e+01 -5.5097e+00
5.0000e+01 8.0000e+01 -3.1465e+00
5.0000e+01 9.0000e+01 -2.3321e+00
5.0000e+01 1.0000e+02 -1.1852e+00
5.0000e+01 1.1000e+02 -1.7189e+00
5.0000e+01 1.2000e+02 -1.6964e+00
5.0000e+01 1.3000e+02 -2.9099e+00
5.0000e+01 1.4000e+02 4.5796e-01
5.0000e+01 1.5000e+02 4.4894e-01
5.0000e+01 1.6000e+02 9.3968e-01
5.0000e+01 1.7000e+02 -3.7846e-01
5.0000e+01 1.8000e+02 2.3507e-01
5.0000e+01 1.9000e+02 1.9816e+00
5.0000e+01 2.0000e+02 8.7468e-01
6.0000e+01 -2.0000e+02 1.0539e+00
6.0000e+01 -1.9000e+02 -1.0279e+00
6.0000e+01 -1.8000e+02 1.3271e+00
6.0000e+01 -1.7000e+02 6.0201e-02
6.0000e+01 -1.6000e+02 1.0983e+00
6.0000e+01 -1.5000e+02 -6.5784e-01
6.0000e+01 -1.4000e+02 -9.3394e-01
6.0000e+01 -1.3000e+02 -3.3963e+00
6.0000e+01 -1.2000e+02 2.6443e-01
6.0000e+01 -1.1000e+02 -2.6977e+00
6.0000e+01 -1.0000e+02 -1.1459e+00
6.0000e+01 -9.0000e+01 -1.6913e+00
6.0000e+01 -8.0000e+01 -3.4838e+00
6.0000e+01 -7.0000e+01 -2.5575e+00
6.0000e+01 -6.0000e+01 -4.5943e+00
6.0000e+01 -5.0000e+01 -6.0754e+00
6.0000e+01 -4.0000e+01 -8.9537e+00
6.0000e+01 -3.0000e+01 -5.4144e+00
6.0000e+01 -2.0000e+01 -8.1376e+00
6.0000e+01 -1.0000e+01 -8.6401e+00
6.0000e+01 0.0000e+00 -1.0649e+01
6.0000e+01 1.0000e+01 -7.5649e+00
6.0000e+01 2.0000e+01 -8.4703e+00
6.0000e+01 3.0000e+01 -1.0079e+01
6.0000e+01 4.0000e+01 -8.2730e+00
6.0000e+01 5.0000e+01 -5.8183e+00
6.0000e+01 6.0000e+01 -6.3569e+00
6.0000e+01 7.0000e+01 -5.0406e+00
6.0000e+01 8.0000e+01 -1.9641e+00
6.0000e+01 9.0000e+01 -2.6719e+00
6.0000e+01 1.0000e+02 -1.3006e+00
6.0000e+01 1.1000e+02 -1.2398e+00
6.0000e+01 1.2000e+02 -1.9933e+00
6.0000e+01 1.3000e+02 1.4795e-01
6.0000e+01 1.4000e+02 -1.4844e+00
6.0000e+01 1.5000e+02 1.7623e+00
6.0000e+01 1.6000e+02 4.9178e-02
6.0000e+01 1.7000e+02 1.5562e+00
6.0000e+01 1.8000e+02 5.2834e-02
6.0000e+01 1.9000e+02 8.4863e-01
6.0000e+01 2.0000e+02 -2.1125e+00
7.0000e+01 -2.0000e+02 -2.5522e-01
7.0000e+01 -1.9000e+02 -9.6746e-02
7.0000e+01 -1.8000e+02 -3.5118e-01
7.0000e+01 -1.7000e+02 -5.1603e-01
7.0000e+01 -1.6000e+02 -1.0378e+00
7.0000e+01 -1.5000e+02 -2.2321e+00
7.0000e+01 -1.4000e+02 -7.1106e-01
7.0000e+01 -1.3000e+02 -1.1445e+00
7.0000e+01 -1.2000e+02 1.3293e-01
7.0000e+01 -1.1000e+02 -1.0047e+00
7.0000e+01 -1.0000e+02 -4.8207e-01
7.0000e+01 -9.0000e+01 -1.2588e+00
7.0000e+01 -8.0000e+01 -1.3767e+00
7.0000e+01 -7.0000e+01 -2.2946e+00
7.0000e+01 -6.0000e+01 -1.5620e+00
7.0000e+01 -5.0000e+01 -4.7617e+00
7.0000e+01 -4.0000e+01 -1.2847e+00
7.0000e+01 -3.0000e+01 -6.1349e+00
7.0000e+01 -2.0000e+01 -8.8787e+00
7.0000e+01 -1.0000e+01 -5.2813e+00
7.0000e+01 0.0000e+00 -7.8547e+00
7.0000e+01 1.0000e+01 -6.0656e+00
7.0000e+01 2.0000e+01 -4.7148e+00
7.0000e+01 3.0000e+01 -7.4636e+00
7.0000e+01 4.0000e+01 -5.1518e+00
7.0000e+01 5.0000e+01 -7.5071e+00
7.0000e+01 6.0000e+01 -5.8566e+00
7.0000e+01 7.0000e+01 -3.2906e+00
7.0000e+01 8.0000e+01 -2.7376e+00
7.0000e+01 9.0000e+01 -5.1744e-01
7.0000e+01 1.0000e+02 -3.5536e+00
7.0000e+01 1.1000e+02 -4.3182e-01
7.0000e+01 1.2000e+02 -3.1806e-01
7.0000e+01 1.3000e+02 -9.5031e-01
7.0000e+01 1.4000e+02 5.8939e-01
7.0000e+01 1.5000e+02 -1.7632e+00
7.0000e+01 1.6000e+02 -3.0640e+00
7.0000e+01 1.7000e+02 2.4790e-01
7.0000e+01 1.8000e+02 -1.4705e+00
7.0000e+01 1.9000e+02 -1.9110e+00
7.0000e+01 2.0000e+02 1.8298e+00
8.0000e+01 -2.0000e+02 -1.5018e-01
8.0000e+01 -1.9000e+02 -2.6060e+00
8.0000e+01 -1.8000e+02 3.6329e-02
8.0000e+01 -1.7000e+02 9.1003e-02
8.0000e+01 -1.6000e+02 3.6194e-01
8.0000e+01 -1.5000e+02 -3.7053e+00
8.0000e+01 -1.4000e+02 7.0896e-01
8.0000e+01 -1.3000e+02 -3.0672e+00
8.0000e+01 -1.2000e+02 1.0202e+00
8.0000e+01 -1.1000e+02 -4.1598e+00
8.0000e+01 -1.0000e+02 -2.9529e+00
8.0000e+01 -9.0000e+01 -9.8207e-01
8.0000e+01 -8.0000e+01 -2.8481e+00
8.0000e+01 -7.0000e+01 -3.6410e+00
8.0000e+01 -6.0000e+01 -4.1042e+00
8.0000e+01 -5.0000e+01 -3.5356e+00
8.0000e+01 -4.0000e+01 -3.3010e+00
8.0000e+01 -3.0000e+01 -5.4038e+00
8.0000e+01 -2.0000e+01 -4.2277e+00
8.0000e+01 -1.0000e+01 -5.6351e+00
8.0000e+01 0.0000e+00 -4.3308e+00
8.0000e+01 1.0000e+01 -4.2667e+00
8.0000e+01 2.0000e+01 -2.5757e+00
8.0000e+01 3.0000e+01 -6.9779e+00
8.0000e+01 4.0000e+01 -4.8356e+00
8.0000e+01 5.0000e+01 -2.1671e+00
8.0000e+01 6.0000e+01 -2.1667e+00
8.0000e+01 7.0000e+01 -1.6814e+00
8.0000e+01 8.0000e+01 -5.1146e+00
8.0000e+01 9.0000e+01 -1.1114e+00
8.0000e+01 1.0000e+02 -2.7257e+00
8.0000e+01 1.1000e+02 -1.2430e+00
8.0000e+01 1.2000e+02 -3.4443e+00
8.0000e+01 1.3000e+02 -2.5770e+00
8.0000e+01 1.4000e+02 -1.3833e+00
8.0000e+01 1.5000e+02 -1.3875e+00
8.0000e+01 1.6000e+02 -8.4894e-01
8.0000e+01 1.7000e+02 4.8340e-02
8.0000e+01 1.8000e+02 1.0448e+00
8.0000e+01 1.9000e+02 -1.6876e+00
8.0000e+01 2.0000e+02 6.7518e-02
9.0000e+01 -2.0000e+02 -4.5184e+00
9.0000e+01 -1.9000e+02 -3.3441e-01
9.0000e+01 -1.8000e+02 -1.8377e-01
9.0000e+01 -1.7000e+02 -1.9560e+00
9.0000e+01 -1.6000e+02 -2.9899e-01
9.0000e+01 -1.5000e+02 2.4354e+00
9.0000e+01 -1.4000e+02 5.2818e-01
9.0000e+01 -1.3000e+02 -4.9317e-01
9.0000e+01 -1.2000e+02 -7.3472e-01
9.0000e+01 -1.1000e+02 1.1588e+00
9.0000e+01 -1.0000e+02 9.9718e-01
9.0000e+01 -9.0000e+01 -3.7197e+00
9.0000e+01 -8.0000e+01 1.3492e-01
9.0000e+01 -7.0000e+01 -2.8563e+00
9.0000e+01 -6.0000e+01 -4.9574e+00
9.0000e+01 -5.0000e+01 -9.6556e-01
9.0000e+01 -4.0000e+01 -5.0427e+00
9.0000e+01 -3.0000e+01 -3.1492e+00
9.0000e+01 -2.0000e+01 -3.7246e+00
9.0000e+01 -1.0000e+01 -2.4389e+00
9.0000e+01 0.0000e+00 -4.3076e+00
9.0000e+01 1.0000e+01 -5.6514e+00
9.0000e+01 2.0000e+01 -2.3428e+00
9.0000e+01 3.0000e+01 -3.8073e+00
9.0000e+01 4.0000e+01 -3.1458e+00
9.0000e+01 5.0000e+01 -3.1034e+00
9.0000e+01 6.0000e+01 -3.1839e+00
9.0000e+01 7.0000e+01 -4.9051e+00
9.0000e+01 8.0000e+01 -4.0614e+00
9.0000e+01 9.0000e+01 9.6179e-02
9.0000e+01 1.0000e+02 1.0532e+00
9.0000e+01 1.1000e+02 1.7590e+00
9.0000e+01 1.2000e+02 1.5287e+00
9.0000e+01 1.3000e+02 -1.8714e-01
9.0000e+01 1.4000e+02 -9.4303e-01
9.0000e+01 1.5000e+02 1.5957e+00
9.0000e+01 1.6000e+02 -2.1325e-01
9.0000e+01 1.7000e+02 7.3927e-01
9.0000e+01 1.8000e+02 -1.3749e+00
9.0000e+01 1.9000e+02 -2.3334e+00
9.0000e+01 2.0000e+02 6.7484e-01
1.0000e+02 -2.0000e+02 1.3145e+00
1.0000e+02 -1.9000e+02 -3.3211e+00
1.0000e+02 -1.8000e+02 1.6583e+00
1.0000e+02 -1.7000e+02 1.9153e+00
1.0000e+02 -1.6000e+02 -2.7566e+00
1.0000e+02 -1.5000e+02 1.8972e-01
1.0000e+02 -1.4000e+02 2.0453e+00
1.0000e+02 -1.3000e+02 2.1068e+00
1.0000e+02 -1.2000e+02 -1.1604e+00
1.0000e+02 -1.1000e+02 3.6668e+00
1.0000e+02 -1.0000e+02 -1.2905e+00
1.0000e+02 -9.0000e+01 -1.4370e+00
1.0000e+02 -8.0000e+01 -2.1502e+00
1.0000e+02 -7.0000e+01 3.5022e-01
1.0000e+02 -6.0000e+01 -4.0861e+00
1.0000e+02 -5.0000e+01 -2.4379e+00
1.0000e+02 -4.0000e+01 -2.3136e+00
1.0000e+02 -3.0000e+01 -2.7238e+00
1.0000e+02 -2.0000e+01 -1.8755e+00
1.0000e+02 -1.0000e+01 -3.8776e-01
1.0000e+02 0.0000e+00 -4.5691e+00
1.0000e+02 1.0000e+01 1.8063e-01
1.0000e+02 2.0000e+01 3.7839e-01
1.0000e+02 3.0000e+01 -3.4044e+00
1.0000e+02 4.0000e+01 -2.4376e+00
1.0000e+02 5.0000e+01 -2.9125e+00
1.0000e+02 6.0000e+01 -3.5656e-01
1.0000e+02 7.0000e+01 -2.8638e+00
1.0000e+02 8.0000e+01 -2.8199e+00
1.0000e+02 9.0000e+01 1.3137e+00
1.0000e+02 1.0000e+02 4.1593e-01
1.0000e+02 1.1000e+02 -1.6458e+00
1.0000e+02 1.2000e+02 1.9028e+00
1.0000e+02 1.3000e+02 3.6198e+00
1.0000e+02 1.4000e+02 -6.3088e-01
1.0000e+02 1.5000e+02 -1.5559e+00
1.0000e+02 1.6000e+02 -3.9999e-01
1.0000e+02 1.7000e+02 -2.9665e+00
1.0000e+02 1.8000e+02 -1.7851e+00
1.0000e+02 1.9000e+02 -2.0198e-01
1.0000e+02 2.0000e+02 1.3133e+00
1.1000e+02 -2.0000e+02 3.3002e+00
1.1000e+02 -1.9000e+02 -1.2136e-01
1.1000e+02 -1.8000e+02 -5.1351e-01
1.1000e+02 -1.7000e+02 -2.7059e-01
1.1000e+02 -1.6000e+02 1.2675e+00
1.1000e+02 -1.5000e+02 1.3545e+00
1.1000e+02 -1.4000e+02 -2.8853e+00
1.1000e+02 -1.3000e+02 -3.7653e+00
1.1000e+02 -1.2000e+02 -6.3555e-02
1.1000e+02 -1.1000e+02 2.4564e+00
1.1000e+02 -1.0000e+02 7.3615e-01
1.1000e+02 -9.0000e+01 1.4968e-01
1.1000e+02 -8.0000e+01 -1.3410e+00
1.1000e+02 -7.0000e+01 -1.6476e+00
1.1000e+02 -6.0000e+01 -8.9629e-01
1.1000e+02 -5.0000e+01 -3.5102e+00
1.1000e+02 -4.0000e+01 -8.9356e-01
1.1000e+02 -3.0000e+01 -2.7574e+00
1.1000e+02 -2.0000e+01 -4.4541e+00
1.1000e+02 -1.0000e+01 -2.9374e+00
1.1000e+02 0.0000e+00 -1.9146e+00
1.1000e+02 1.0000e+01 -4.5804e+00
1.1000e+02 2.0000e+01 -3.3713e+00
1.1000e+02 3.0000e+01 -1.3509e+00
1.1000e+02 4.0000e+01 2.8939e-02
1.1000e+02 5.0000e+01 -2.9363e+00
1.1000e+02 6.0000e+01 -2.0801e+00
1.1000e+02 7.0000e+01 -1.2611e+00
1.1000e+02 8.0000e+01 -1.4238e+00
1.1000e+02 9.0000e+01 1.1943e+00
1.1000e+02 1.0000e+02 1.5719e+00
1.1000e+02 1.1000e+02 1.1230e+00
1.1000e+02 1.2000e+02 2.7213e-01
1.1000e+02 1.3000e+02 -1.7723e+00
1.1000e+02 1.4000e+02 5.4517e-02
1.1000e+02 1.5000e+02 -1.0451e+00
1.1000e+02 1.6000e+02 5.2109e-01
1.1000e+02 1.7000e+02 2.2686e+00
1.1000e+02 1.8000e+02 -1.5616e+00
1.1000e+02 1.9000e+02 5.7596e-01
1.1000e+02 2.0000e+02 2.3544e+00
1.2000e+02 -2.0000e+02 -1.1660e+00
1.2000e+02 -1.9000e+02 -6.7989e-01
1.2000e+02 -1.8000e+02 -1.3182e+00
1.2000e+02 -1.7000e+02 -1.0971e+00
1.2000e+02 -1.6000e+02 4.8350e+00
1.2000e+02 -1.5000e+02 -7.0263e-01
1.2000e+02 -1.4000e+02 2.8821e+00
1.2000e+02 -1.3000e+02 8.3474e-01
1.2000e+02 -1.2000e+02 -1.8862e+00
1.2000e+02 -1.1000e+02 6.6630e-01
1.2000e+02 -1.0000e+02 -1.0549e+00
1.2000e+02 -9.0000e+01 -2.1259e+00
1.2000e+02 -8.0000e+01 -2.4353e+00
1.2000e+02 -7.0000e+01 -2.2067e+00
1.2000e+02 -6.0000e+01 -9.8776e-01
1.2000e+02 -5.0000e+01 -1.6695e+00
1.2000e+02 -4.0000e+01 -2.0699e+00
1.2000e+02 -3.0000e+01 8.9118e-01
1.2000e+02 -2.0000e+01 -3.1533e+00
1.2000e+02 -1.0000e+01 -4.5794e-01
1.2000e+02 0.0000e+00 6.5508e-01
1.2000e+02 1.0000e+01 -2.3241e+00
1.2000e+02 2.0000e+01 -1.3999e-01
1.2000e+02 3.0000e+01 6.4267e-01
1.2000e+02 4.0000e+01 -2.5716e+00
1.2000e+02 5.0000e+01 -4.2907e+00
1.2000e+02 6.0000e+01 1.8436e+00
1.2000e+02 7.0000e+01 -3.1507e+00
1.2000e+02 8.0000e+01 -1.2656e+00
1.2000e+02 9.0000e+01 -1.5923e+00
1.2000e+02 1.0000e+02 9.7402e-02
1.2000e+02 1.1000e+02 -1.2401e-01
1.2000e+02 1.2000e+02 6.0526e-01
1.2000e+02 1.3000e+02 -1.1975e+00
1.2000e+02 1.4000e+02 -1.6885e-01
1.2000e+02 1.5000e+02 -1.1631e+00
1.2000e+02 1.6000e+02 -5.4562e-01
1.2000e+02 1.7000e+02 3.2934e-01
1.2000e+02 1.8000e+02 -1.1476e+00
1.2000e+02 1.9000e+02 1.4664e+00
1.2000e+02 2.0000e+02 -3.4361e-01
1.3000e+02 -2.0000e+02 -9.9541e-02
1.3000e+02 -1.9000e+02 -1.0916e+00
1.3000e+02 -1.8000e+02 -5.7629e-01
1.3000e+02 -1.7000e+02 1.0667e+00
1.3000e+02 -1.6000e+02 -6.8744e-01
1.3000e+02 -1.5000e+02 -7.1108e-01
1.3000e+02 -1.4000e+02 6.3239e-01
1.3000e+02 -1.3000e+02 9.2043e-01
1.3000e+02 -1.2000e+02 -1.3812e+00
1.3000e+02 -1.1000e+02 -7.7308e-01
1.3000e+02 -1.0000e+02 -9.7876e-01
1.3000e+02 -9.0000e+01 -8.5893e-01
1.3000e+02 -8.0000e+01 -1.6431e+00
1.3000e+02 -7.0000e+01 -1.9530e+00
1.3000e+02 -6.0000e+01 3.0787e+00
1.3000e+02 -5.0000e+01 -1.0948e-01
1.3000e+02 -4.0000e+01 -1.1987e+00
1.3000e+02 -3.0000e+01 -2.7095e+00
1.3000e+02 -2.0000e+01 -1.5541e+00
1.3000e+02 -1.0000e+01 5.6699e-01
1.3000e+02 0.0000e+00 1.8589e-01
1.3000e+02 1.0000e+01 -1.9955e+00
1.3000e+02 2.0000e+01 2.1679e+00
1.3000e+02 3.0000e+01 -3.0343e+00
1.3000e+02 4.0000e+01 -3.5401e-01
1.3000e+02 5.0000e+01 -2.3510e+00
1.3000e+02 6.0000e+01 -4.3105e-01
1.3000e+02 7.0000e+01 -1.2589e+00
1.3000e+02 8.0000e+01 -7.9856e-01
1.3000e+02 9.0000e+01 2.3306e+00
1.3000e+02 1.0000e+02 -1.0621e+00
1.3000e+02 1.1000e+02 -9.9928e-02
1.3000e+02 1.2000e+02 1.2274e+00
1.3000e+02 1.3000e+02 4.3075e-01
1.3000e+02 1.4000e+02 2.0736e+00
1.3000e+02 1.5000e+02 1.1606e+00
1.3000e+02 1.6000e+02 -1.4266e+00
1.3000e+02 1.7000e+02 1.1297e-01
1.3000e+02 1.8000e+02 -7.0235e-02
1.3000e+02 1.9000e+02 -5.9580e-01
1.3000e+02 2.0000e+02 -3.4963e-01
1.4000e+02 -2.0000e+02 -1.6279e-01
1.4000e+02 -1.9000e+02 -2.6472e+00
1.4000e+02 -1.8000e+02 -8.4902e-01
1.4000e+02 -1.7000e+02 -2.6901e+00
1.4000e+02 -1.6000e+02 -1.1583e+00
1.4000e+02 -1.5000e+02 -4.9062e-01
1.4000e+02 -1.4000e+02 5.3104e-01
1.4000e+02 -1.3000e+02 -2.2766e-01
1.4000e+02 -1.2000e+02 1.0596e+00
1.4000e+02 -1.1000e+02 1.6724e+00
1.4000e+02 -1.0000e+02 9.0567e-01
1.4000e+02 -9.0000e+01 4.2241e-01
1.4000e+02 -8.0000e+01 -2.1732e-01
1.4000e+02 -7.0000e+01 1.8050e-01
1.4000e+02 -6.0000e+01 -2.1525e+00
1.4000e+02 -5.0000e+01 4.2221e-01
1.4000e+02 -4.0000e+01 -2.2472e+00
1.4000e+02 -3.0000e+01 -1.3544e+00
1.4000e+02 -2.0000e+01 1.2164e+00
1.4000e+02 -1.0000e+01 -2.0812e+00
1.4000e+02 0.0000e+00 -1.1619e+00
1.4000e+02 1.0000e+01 3.6488e-01
1.4000e+02 2.0000e+01 -1.1963e+00
1.4000e+02 3.0000e+01 -2.7137e+00
1.4000e+02 4.0000e+01 -2.2737e+00
1.4000e+02 5.0000e+01 -1.5265e+00
1.4000e+02 6.0000e+01 -1.2685e-02
1.4000e+02 7.0000e+01 1.1403e+00
1.4000e+02 8.0000e+01 -7.0119e-01
1.4000e+02 9.0000e+01 -1.5122e+00
1.4000e+02 1.0000e+02 1.3321e+00
1.4000e+02 1.1000e+02 3.1552e+00
1.4000e+02 1.2000e+02 1.6115e-01
1.4000e+02 1.3000e+02 -3.0387e-01
1.4000e+02 1.4000e+02 7.0822e-01
1.4000e+02 1.5000e+02 1.8985e+00
1.4000e+02 1.6000e+02 1.2301e-01
1.4000e+02 1.7000e+02 -2.0697e+00
1.4000e+02 1.8000e+02 1.9981e+00
1.4000e+02 1.9000e+02 3.2076e+00
1.4000e+02 2.0000e+02 2.7517e+00
1.5000e+02 -2.0000e+02 7.5115e-02
1.5000e+02 -1.9000e+02 4.8966e-01
1.5000e+02 -1.8000e+02 1.1288e+00
1.5000e+02 -1.7000e+02 -3.1225e+00
1.5000e+02 -1.6000e+02 -3.0635e-01
1.5000e+02 -1.5000e+02 1.4825e-01
1.5000e+02 -1.4000e+02 1.1018e+00
1.5000e+02 -1.3000e+02 -5.1488e-01
1.5000e+02 -1.2000e+02 -1.6837e+00
1.5000e+02 -1.1000e+02 -4.3837e-01
1.5000e+02 -1.0000e+02 -2.6551e+00
1.5000e+02 -9.0000e+01 3.0272e-01
1.5000e+02 -8.0000e+01 -2.1199e+00
1.5000e+02 -7.0000e+01 -3.6230e+00
1.5000e+02 -6.0000e+01 -7.4301e-01
1.5000e+02 -5.0000e+01 -2.4117e+00
1.5000e+02 -4.0000e+01 -9.1525e-01
1.5000e+02 -3.0000e+01 -7.4145e-01
1.5000e+02 -2.0000e+01 2.0305e+00
1.5000e+02 -1.0000e+01 -1.1916e+00
1.5000e+02 0.0000e+00 -4.6137e-02
1.5000e+02 1.0000e+01 -1.4719e+00
1.5000e+02 2.0000e+01 -3.3029e+00
1.5000e+02 3.0000e+01 -2.0438e+00
1.5000e+02 4.0000e+01 -1.4090e+00
1.5000e+02 5.0000e+01 -3.3226e-01
1.5000e+02 6.0000e+01 2.1308e+00
1.5000e+02 7.0000e+01 1.0009e+00
1.5000e+02 8.0000e+01 1.8812e+00
1.5000e+02 9.0000e+01 1.5933e+00
1.5000e+02 1.0000e+02 9.6626e-01
1.5000e+02 1.1000e+02 -1.7318e+00
1.5000e+02 1.2000e+02 -5.0215e-01
1.5000e+02 1.3000e+02 -1.4137e-01
1.5000e+02 1.4000e+02 -9.3464e-01
1.5000e+02 1.5000e+02 1.8114e+00
1.5000e+02 1.6000e+02 1.0993e+00
1.5000e+02 1.7000e+02 -7.4818e-01
1.5000e+02 1.8000e+02 -1.5432e+00
1.5000e+02 1.9000e+02 5.8253e-01
1.5000e+02 2.0000e+02 2.2389e+00
1.6000e+02 -2.0000e+02 2.1104e+00
1.6000e+02 -1.9000e+02 5.5287e-01
1.6000e+02 -1.8000e+02 1.5724e+00
1.6000e+02 -1.7000e+02 -1.5823e+00
1.6000e+02 -1.6000e+02 1.9939e+00
1.6000e+02 -1.5000e+02 1.2576e+00
1.6000e+02 -1.4000e+02 1.3686e+00
1.6000e+02 -1.3000e+02 -1.5812e+00
1.6000e+02 -1.2000e+02 -6.0676e-01
1.6000e+02 -1.1000e+02 6.5831e-01
1.6000e+02 -1.0000e+02 -1.0863e+00
1.6000e+02 -9.0000e+01 1.2173e+00
1.6000e+02 -8.0000e+01 1.5044e+00
1.6000e+02 -7.0000e+01 -2.8158e+00
1.6000e+02 -6.0000e+01 -3.1831e+00
1.6000e+02 -5.0000e+01 3.5868e-01
1.6000e+02 -4.0000e+01 -2.1412e+00
1.6000e+02 -3.0000e+01 1.1951e+00
1.6000e+02 -2.0000e+01 7.5503e-01
1.6000e+02 -1.0000e+01 8.8943e-01
1.6000e+02 0.0000e+00 -1.2871e+00
1.6000e+02 1.0000e+01 5.7203e-01
1.6000e+02 2.0000e+01 -4.0275e-01
1.6000e+02 3.0000e+01 -1.4743e-01
1.6000e+02 4.0000e+01 -1.3452e+00
1.6000e+02 5.0000e+01 2.1055e-01
1.6000e+02 6.0000e+01 3.4173e-01
1.6000e+02 7.0000e+01 3.3478e-01
1.6000e+02 8.0000e+01 -1.6207e-01
1.6000e+02 9.0000e+01 2.7389e+00
1.6000e+02 1.0000e+02 -5.8991e-01
1.6000e+02 1.1000e+02 -1.4691e-01
1.6000e+02 1.2000e+02 -1.0023e+00
1.6000e+02 1.3000e+02 -9.9064e-01
1.6000e+02 1.4000e+02 -3.2904e-01
1.6000e+02 1.5000e+02 1.3368e+00
1.6000e+02 1.6000e+02 4.8664e-02
1.6000e+02 1.7000e+02 -4.8266e-01
1.6000e+02 1.8000e+02 1.9602e+00
1.6000e+02 1.9000e+02 1.5002e+00
1.6000e+02 2.0000e+02 -1.9913e+00
1.7000e+02 -2.0000e+02 -1.7867e+00
1.7000e+02 -1.9000e+02 -7.2563e-01
1.7000e+02 -1.8000e+02 -2.0340e+00
1.7000e+02 -1.7000e+02 3.5216e-01
1.7000e+02 -1.6000e+02 2.3096e+00
1.7000e+02 -1.5000e+02 -5.4098e-01
1.7000e+02 -1.4000e+02 3.6132e+00
1.7000e+02 -1.3000e+02 -2.2085e+00
1.7000e+02 -1.2000e+02 -2.0248e+00
1.7000e+02 -1.1000e+02 -1.3148e-01
1.7000e+02 -1.0000e+02 -1.2963e+00
1.7000e+02 -9.0000e+01 2.7553e+00
1.7000e+02 -8.0000e+01 -2.6123e-01
1.7000e+02 -7.0000e+01 -2.2699e+00
1.7000e+02 -6.0000e+01 -1.5374e+00
1.7000e+02 -5.0000e+01 3.1219e-01
1.7000e+02 -4.0000e+01 3.7563e-01
1.7000e+02 -3.0000e+01 4.3383e-02
1.7000e+02 -2.0000e+01 1.8831e+00
1.7000e+02 -1.0000e+01 -7.7918e-01
1.7000e+02 0.0000e+00 -1.5976e+00
1.7000e+02 1.0000e+01 -1.4699e+00
1.7000e+02 2.0000e+01 -9.1699e-01
1.7000e+02 3.0000e+01 -8.1567e-01
1.7000e+02 4.0000e+01 -5.3094e-01
1.7000e+02 5.0000e+01 -3.4403e-01
1.7000e+02 6.0000e+01 1.3150e+00
1.7000e+02 7.0000e+01 -1.7137e+00
1.7000e+02 8.0000e+01 5.9747e-01
1.7000e+02 9.0000e+01 8.2834e-01
1.7000e+02 1.0000e+02 -2.7901e+00
1.7000e+02 1.1000e+02 1.3786e+00
1.7000e+02 1.2000e+02 8.8120e-01
1.7000e+02 1.3000e+02 -7.2199e-01
1.7000e+02 1.4000e+02 -2.7105e+00
1.7000e+02 1.5000e+02 -3.8325e-01
1.7000e+02 1.6000e+02 -9.9136e-01
1.7000e+02 1.7000e+02 1.3146e+00
1.7000e+02 1.8000e+02 6.4207e-01
1.7000e+02 1.9000e+02 -5.6798e-01
1.7000e+02 2.0000e+02 2.3003e-01
1.8000e+02 -2.0000e+02 -1.4421e+00
1.8000e+02 -1.9000e+02 -2.3346e-01
1.8000e+02 -1.8000e+02 1.3188e+00
1.8000e+02 -1.7000e+02 -1.7730e+00
1.8000e+02 -1.6000e+02 -3.2086e+00
1.8000e+02 -1.5000e+02 -1.6730e-01
1.8000e+02 -1.4000e+02 -7.5032e-02
1.8000e+02 -1.3000e+02 -7.4533e-01
1.8000e+02 -1.2000e+02 -1.8867e-01
1.8000e+02 -1.1000e+02 8.6623e-01
1.8000e+02 -1.0000e+02 4.1677e-01
1.8000e+02 -9.0000e+01 1.9799e+00
1.8000e+02 -8.0000e+01 -4.3406e-01
1.8000e+02 -7.0000e+01 2.8275e+00
1.8000e+02 -6.0000e+01 1.1978e+00
1.8000e+02 -5.0000e+01 -1.6494e+00
1.8000e+02 -4.0000e+01 3.0503e-01
1.8000e+02 -3.0000e+01 -2.9507e+00
1.8000e+02 -2.0000e+01 1.2138e+00
1.8000e+02 -1.0000e+01 -6.7123e-01
1.8000e+02 0.0000e+00 -1.2879e+00
1.8000e+02 1.0000e+01 7.0499e-01
1.8000e+02 2.0000e+01 8.2603e-01
1.8000e+02 3.0000e+01 -1.1069e+00
1.8000e+02 4.0000e+01 -3.6185e-01
1.8000e+02 5.0000e+01 -5.6502e-02
1.8000e+02 6.0000e+01 -7.1083e-01
1.8000e+02 7.0000e+01 1.3877e+00
1.8000e+02 8.0000e+01 -1.4008e+00
1.8000e+02 9.0000e+01 1.6451e+00
1.8000e+02 1.0000e+02 -2.1249e+00
1.8000e+02 1.1000e+02 1.3229e+00
1.8000e+02 1.2000e+02 1.0745e-01
1.8000e+02 1.3000e+02 6.4595e-01
1.8000e+02 1.4000e+02 -8.0660e-01
1.8000e+02 1.5000e+02 3.1082e+00
1.8000e+02 1.6000e+02 7.6757e-01
1.8000e+02 1.7000e+02 3.5882e-01
1.8000e+02 1.8000e+02 1.3001e-01
1.8000e+02 1.9000e+02 1.6186e+00
1.8000e+02 2.0000e+02 2.0273e+00
1.9000e+02 -2.0000e+02 1.2970e+00
1.9000e+02 -1.9000e+02 -1.4966e+00
1.9000e+02 -1.8000e+02 2.5113e+00
1.9000e+02 -1.7000e+02 -1.9107e+00
1.9000e+02 -1.6000e+02 -1.9551e+00
1.9000e+02 -1.5000e+02 1.5443e+00
1.9000e+02 -1.4000e+02 2.9978e+00
1.9000e+02 -1.3000e+02 -6.3933e-01
1.9000e+02 -1.2000e+02 6.6515e-01
1.9000e+02 -1.1000e+02 -3.5251e-01
1.9000e+02 -1.0000e+02 1.9129e+00
1.9000e+02 -9.0000e+01 -1.0606e+00
1.9000e+02 -8.0000e+01 1.2516e+00
1.9000e+02 -7.0000e+01 -1.6833e+00
1.9000e+02 -6.0000e+01 8.5168e-01
1.9000e+02 -5.0000e+01 -1.9061e+00
1.9000e+02 -4.0000e+01 2.1405e+00
1.9000e+02 -3.0000e+01 8.5230e-01
1.9000e+02 -2.0000e+01 5.5899e-01
1.9000e+02 -1.0000e+01 2.4328e+00
1.9000e+02 0.0000e+00 9.4314e-01
1.9000e+02 1.0000e+01 1.3503e+00
1.9000e+02 2.0000e+01 1.4568e+00
1.9000e+02 3.0000e+01 -1.6645e+00
1.9000e+02 4.0000e+01 1.5029e+00
1.9000e+02 5.0000e+01 1.5118e+00
1.9000e+02 6.0000e+01 -3.6285e-01
1.9000e+02 7.0000e+01 5.9036e-01
1.9000e+02 8.0000e+01 -1.1217e+00
1.9000e+02 9.0000e+01 8.8677e-01
1.9000e+02 1.0000e+02 6.5835e-01
1.9000e+02 1.1000e+02 7.9877e-01
1.9000e+02 1.2000e+02 -3.0366e-01
1.9000e+02 1.3000e+02 -1.5879e+00
1.9000e+02 1.4000e+02 1.5154e+00
1.9000e+02 1.5000e+02 1.9625e+00
1.9000e+02 1.6000e+02 -2.4087e-01
1.9000e+02 1.7000e+02 -2.9068e+00
1.9000e+02 1.8000e+02 1.9263e+00
1.9000e+02 1.9000e+02 -3.1129e-01
1.9000e+02 2.0000e+02 9.2069e-01
2.0000e+02 -2.0000e+02 -7.6467e-01
2.0000e+02 -1.9000e+02 2.0833e+00
2.0000e+02 -1.8000e+02 -1.3974e+00
2.0000e+02 -1.7000e+02 9.7047e-01
2.0000e+02 -1.6000e+02 -2.3511e-01
2.0000e+02 -1.5000e+02 -1.1089e+00
2.0000e+02 -1.4000e+02 2.0564e+00
2.0000e+02 -1.3000e+02 -5.6620e+00
2.0000e+02 -1.2000e+02 -1.6685e+00
2.0000e+02 -1.1000e+02 6.1411e-01
2.0000e+02 -1.0000e+02 -2.0382e+00
2.0000e+02 -9.0000e+01 2.1457e+00
2.0000e+02 -8.0000e+01 -2.1313e+00
2.0000e+02 -7.0000e+01 5.3601e-01
2.0000e+02 -6.0000e+01 2.9900e+00
2.0000e+02 -5.0000e+01 2.5004e-01
2.0000e+02 -4.0000e+01 -3.0959e-01
2.0000e+02 -3.0000e+01 8.9923e-01
2.0000e+02 -2.0000e+01 -6.3669e-01
2.0000e+02 -1.0000e+01 6.2154e-01
2.0000e+02 0.0000e+00 -6.2734e-01
2.0000e+02 1.0000e+01 -8.1046e-01
2.0000e+02 2.0000e+01 3.5854e-02
2.0000e+02 3.0000e+01 3.7910e-01
2.0000e+02 4.0000e+01 1.1102e+00
2.0000e+02 5.0000e+01 1.9149e+00
2.0000e+02 6.0000e+01 -1.3098e+00
2.0000e+02 7.0000e+01 -2.1150e+00
2.0000e+02 8.0000e+01 8.4820e-01
2.0000e+02 9.0000e+01 2.2839e-01
2.0000e+02 1.0000e+02 -6.7227e-01
2.0000e+02 1.1000e+02 -5.1819e-01
2.0000e+02 1.2000e+02 -1.2958e-01
2.0000e+02 1.3000e+02 -8.7252e-01
2.0000e+02 1.4000e+02 -5.4101e-03
2.0000e+02 1.5000e+02 -1.4392e-02
2.0000e+02 1.6000e+02 -3.0616e+00
2.0000e+02 1.7000e+02 1.4078e+00
2.0000e+02 1.8000e+02 2.6748e+00
2.0000e+02 1.9000e+02 3.9295e-01
2.0000e+02 2.0000e+02 2.2899e+00
