-2.0000e+02 -2.0000e+02 -9.0588e-02
-2.0000e+02 -1.9000e+02 -1.0041e+00
-2.0000e+02 -1.8000e+02 7.3368e-02
-2.0000e+02 -1.7000e+02 3.6977e-01
-2.0000e+02 -1.6000e+02 1.0538e+00
-2.0000e+02 -1.5000e+02 -8.3072e-01
-2.0000e+02 -1.4000e+02 6.9177e-01
-2.0000e+02 -1.3000e+02 -9.4984e-01
-2.0000e+02 -1.2000e+02 8.2171e-01
-2.0000e+02 -1.1000e+02 9.9948e-01
-2.0000e+02 -1.0000e+02 -5.8731e-01
-2.0000e+02 -9.0000e+01 -6.5566e-01
-2.0000e+02 -8.0000e+01 1.2268e+00
-2.0000e+02 -7.0000e+01 2.2347e+00
-2.0000e+02 -6.0000e+01 6.1174e-01
-2.0000e+02 -5.0000e+01 -2.4211e+00
-2.0000e+02 -4.0000e+01 -1.9005e+00
-2.0000e+02 -3.0000e+01 -1.2235e+00
-2.0000e+02 -2.0000e+01 -6.9871e-01
-2.0000e+02 -1.0000e+01 1.6740e+00
-2.0000e+02 0.0000e+00 1.3706e+00
-2.0000e+02 1.0000e+01 -1.8417e+00
-2.0000e+02 2.0000e+01 -6.1165e-01
-2.0000e+02 3.0000e+01 -1.3390e+00
-2.0000e+02 4.0000e+01 -1.2617e+00
-2.0000e+02 5.0000e+01 3.9158e-01
-2.0000e+02 6.0000e+01 9.3172e-01
-2.0000e+02 7.0000e+01 5.8268e-01
-2.0000e+02 8.0000e+01 7.1185e-01
-2.0000e+02 9.0000e+01 -4.9434e-01
-2.0000e+02 1.0000e+02 9.3444e-01
-2.0000e+02 1.1000e+02 1.6909e-01
-2.0000e+02 1.2000e+02 -2.3811e+00
-2.0000e+02 1.3000e+02 -1.3716e+00
-2.0000e+02 1.4000e+02 -4.6387e-01
-2.0000e+02 1.5000e+02 -2.5319e+00
-2.0000e+02 1.6000e+02 7.0664e-02
-2.0000e+02 1.7000e+02 -5.2573e-01
-2.0000e+02 1.8000e+02 5.5470e-01
-2.0000e+02 1.9000e+02 1.3967e+00
-2.0000e+02 2.0000e+02 -1.4030e+00
-1.9000e+02 -2.0000e+02 2.2688e+00
-1.9000e+02 -1.9000e+02 1.8072e+00
-1.9000e+02 -1.8000e+02 3.3412e-01
-1.9000e+02 -1.7000e+02 7.6528e-01
-1.9000e+02 -1.6000e+02 -1.1927e+00
-1.9000e+02 -1.5000e+02 -2.4297e+00
-1.9000e+02 -1.4000e+02 3.6157e-01
-1.9000e+02 -1.3000e+02 4.4376e+00
-1.9000e+02 -1.2000e+02 2.7340e+00
-1.9000e+02 -1.1000e+02 -1.1884e-01
-1.9000e+02 -1.0000e+02 4.4411e-01
-1.9000e+02 -9.0000e+01 -1.3695e+00
-1.9000e+02 -8.0000e+01 5.5625e-02
-1.9000e+02 -7.0000e+01 -3.7410e-02
-1.9000e+02 -6.0000e+01 7.7766e-01
-1.9000e+02 -5.0000e+01 5.7236e-01
-1.9000e+02 -4.0000e+01 -7.3678e-01
-1.9000e+02 -3.0000e+01 1.0830e+00
-1.9000e+02 -2.0000e+01 -4.9642e-01
-1.9000e+02 -1.0000e+01 -1.8714e+00
-1.9000e+02 0.0000e+00 2.0247e+00
-1.9000e+02 1.0000e+01 2.1709e-01
-1.9000e+02 2.0000e+01 -1.6666e+00
-1.9000e+02 3.0000e+01 -5.3739e-01
-1.9000e+02 4.0000e+01 -1.5056e+00
-1.9000e+02 5.0000e+01 1.8630e+00
-1.9000e+02 6.0000e+01 -4.1689e-01
-1.9000e+02 7.0000e+01 1.8179e+00
-1.9000e+02 8.0000e+01 -1.0466e+00
-1.9000e+02 9.0000e+01 1.8901e-02
-1.9000e+02 1.0000e+02 -1.1231e+00
-1.9000e+02 1.1000e+02 -1.9323e-01
-1.9000e+02 1.2000e+02 1.0020e+00
-1.9000e+02 1.3000e+02 7.4907e-01
-1.9000e+02 1.4000e+02 -1.3866e+00
-1.9000e+02 1.5000e+02 -8.9972e-01
-1.9000e+02 1.6000e+02 -6.1331e-01
-1.9000e+02 1.7000e+02 1.8723e+00
-1.9000e+02 1.8000e+02 2.1611e-01
-1.9000e+02 1.9000e+02 5.6428e-01
-1.9000e+02 2.0000e+02 -1.6289e+00
-1.8000e+02 -2.0000e+02 -7.0783e-01
-1.8000e+02 -1.9000e+02 -6.1553e-01
-1.8000e+02 -1.8000e+02 1.2965e+00
-1.8000e+02 -1.7000e+02 -1.6060e+00
-1.8000e+02 -1.6000e+02 -7.5735e-01
-1.8000e+02 -1.5000e+02 4.7673e-01
-1.8000e+02 -1.4000e+02 1.0691e+00
-1.8000e+02 -1.3000e+02 -1.2751e+00
-1.8000e+02 -1.2000e+02 -7.5548e-01
-1.8000e+02 -1.1000e+02 -3.1659e+00
-1.8000e+02 -1.0000e+02 -4.6227e-01
-1.8000e+02 -9.0000e+01 1.1431e+00
-1.8000e+02 -8.0000e+01 1.0335e+00
-1.8000e+02 -7.0000e+01 -6.7106e-01
-1.8000e+02 -6.0000e+01 -1.0260e+00
-1.8000e+02 -5.0000e+01 -1.6208e-01
-1.8000e+02 -4.0000e+01 -2.2887e+00
-1.8000e+02 -3.0000e+01 -2.0545e-01
-1.8000e+02 -2.0000e+01 -6.5200e-01
-1.8000e+02 -1.0000e+01 -2.9879e+00
-1.8000e+02 0.0000e+00 -1.8602e-01
-1.8000e+02 1.0000e+01 -5.6885e-01
-1.8000e+02 2.0000e+01 5.8056e-01
-1.8000e+02 3.0000e+01 -5.7148e-01
-1.8000e+02 4.0000e+01 2.8756e+00
-1.8000e+02 5.0000e+01 2.8148e-01
-1.8000e+02 6.0000e+01 -7.8440e-01
-1.8000e+02 7.0000e+01 5.5233e-01
-1.8000e+02 8.0000e+01 2.4677e+00
-1.8000e+02 9.0000e+01 -1.5641e+00
-1.8000e+02 1.0000e+02 8.0216e-01
-1.8000e+02 1.1000e+02 -2.1075e+00
-1.8000e+02 1.2000e+02 -4.0798e+00
-1.8000e+02 1.3000e+02 -5.7391e-01
-1.8000e+02 1.4000e+02 -9.1878e-01
-1.8000e+02 1.5000e+02 1.1686e+00
-1.8000e+02 1.6000e+02 4.7870e-01
-1.8000e+02 1.7000e+02 1.7032e-01
-1.8000e+02 1.8000e+02 -6.8235e-01
-1.8000e+02 1.9000e+02 3.4666e-01
-1.8000e+02 2.0000e+02 2.4264e-01
-1.7000e+02 -2.0000e+02 -2.1465e+00
-1.7000e+02 -1.9000e+02 -1.7307e+00
-1.7000e+02 -1.8000e+02 -4.3995e-01
-1.7000e+02 -1.7000e+02 1.6625e+00
-1.7000e+02 -1.6000e+02 -1.9588e-01
-1.7000e+02 -1.5000e+02 -2.7953e+00
-1.7000e+02 -1.4000e+02 -1.0084e+00
-1.7000e+02 -1.3000e+02 -6.6162e-01
-1.7000e+02 -1.2000e+02 -5.0256e-01
-1.7000e+02 -1.1000e+02 1.3745e+00
-1.7000e+02 -1.0000e+02 1.1874e+00
-1.7000e+02 -9.0000e+01 -5.8801e-01
-1.7000e+02 -8.0000e+01 5.1377e-01
-1.7000e+02 -7.0000e+01 1.1467e+00
-1.7000e+02 -6.0000e+01 1.2701e+00
-1.7000e+02 -5.0000e+01 -2.0568e-01
-1.7000e+02 -4.0000e+01 7.4788e-01
-1.7000e+02 -3.0000e+01 2.4206e+00
-1.7000e+02 -2.0000e+01 -4.8195e+00
-1.7000e+02 -1.0000e+01 -1.3245e+00
-1.7000e+02 0.0000e+00 -2.3791e+00
-1.7000e+02 1.0000e+01 -4.5752e-02
-1.7000e+02 2.0000e+01 1.9304e-01
-1.7000e+02 3.0000e+01 -2.2445e+00
-1.7000e+02 4.0000e+01 1.3749e+00
-1.7000e+02 5.0000e+01 4.3067e-01
-1.7000e+02 6.0000e+01 3.5016e+00
-1.7000e+02 7.0000e+01 1.4126e+00
-1.7000e+02 8.0000e+01 -2.8743e+00
-1.7000e+02 9.0000e+01 8.2017e-01
-1.7000e+02 1.0000e+02 1.2127e+00
-1.7000e+02 1.1000e+02 -9.0564e-01
-1.7000e+02 1.2000e+02 3.3548e+00
-1.7000e+02 1.3000e+02 -2.3191e+00
-1.7000e+02 1.4000e+02 -5.2370e-01
-1.7000e+02 1.5000e+02 -1.2874e+00
-1.7000e+02 1.6000e+02 2.3778e+00
-1.7000e+02 1.7000e+02 2.5741e+00
-1.7000e+02 1.8000e+02 9.4163e-01
-1.7000e+02 1.9000e+02 1.8555e+00
-1.7000e+02 2.0000e+02 2.3441e+00
-1.6000e+02 -2.0000e+02 -1.7178e-01
-1.6000e+02 -1.9000e+02 -5.1366e-01
-1.6000e+02 -1.8000e+02 -1.0653e+00
-1.6000e+02 -1.7000e+02 1.4218e+00
-1.6000e+02 -1.6000e+02 -1.3484e+00
-1.6000e+02 -1.5000e+02 -7.9875e-01
-1.6000e+02 -1.4000e+02 -6.7102e-01
-1.6000e+02 -1.3000e+02 -5.1408e-01
-1.6000e+02 -1.2000e+02 -1.7866e+00
-1.6000e+02 -1.1000e+02 -5.6870e-01
-1.6000e+02 -1.0000e+02 6.0203e-01
-1.6000e+02 -9.0000e+01 -1.0433e+00
-1.6000e+02 -8.0000e+01 -1.3234e+00
-1.6000e+02 -7.0000e+01 -2.7283e+00
-1.6000e+02 -6.0000e+01 -2.1747e+00
-1.6000e+02 -5.0000e+01 1.0293e+00
-1.6000e+02 -4.0000e+01 2.1308e+00
-1.6000e+02 -3.0000e+01 -2.2038e+00
-1.6000e+02 -2.0000e+01 -1.5541e+00
-1.6000e+02 -1.0000e+01 -4.9946e-01
-1.6000e+02 0.0000e+00 -3.0820e+00
-1.6000e+02 1.0000e+01 -2.7462e+00
-1.6000e+02 2.0000e+01 9.8273e-01
-1.6000e+02 3.0000e+01 -7.7990e-01
-1.6000e+02 4.0000e+01 1.6487e+00
-1.6000e+02 5.0000e+01 3.7555e+00
-1.6000e+02 6.0000e+01 3.0695e-01
-1.6000e+02 7.0000e+01 2.6816e+00
-1.6000e+02 8.0000e+01 2.1065e+00
-1.6000e+02 9.0000e+01 8.6419e-01
-1.6000e+02 1.0000e+02 -1.7773e+00
-1.6000e+02 1.1000e+02 -1.1363e+00
-1.6000e+02 1.2000e+02 -2.1832e+00
-1.6000e+02 1.3000e+02 7.5904e-01
-1.6000e+02 1.4000e+02 1.1007e+00
-1.6000e+02 1.5000e+02 -1.0581e+00
-1.6000e+02 1.6000e+02 -2.4278e-01
-1.6000e+02 1.7000e+02 -5.6089e-01
-1.6000e+02 1.8000e+02 -3.7148e+00
-1.6000e+02 1.9000e+02 -2.0346e+00
-1.6000e+02 2.0000e+02 1.6689e+00
-1.5000e+02 -2.0000e+02 -3.4639e-01
-1.5000e+02 -1.9000e+02 3.4905e-01
-1.5000e+02 -1.8000e+02 7.7742e-01
-1.5000e+02 -1.7000e+02 -7.0767e-01
-1.5000e+02 -1.6000e+02 1.5215e+00
-1.5000e+02 -1.5000e+02 6.5424e-01
-1.5000e+02 -1.4000e+02 -2.4509e+00
-1.5000e+02 -1.3000e+02 -9.4779e-01
-1.5000e+02 -1.2000e+02 1.2438e+00
-1.5000e+02 -1.1000e+02 -1.4271e+00
-1.5000e+02 -1.0000e+02 -1.1965e+00
-1.5000e+02 -9.0000e+01 9.9954e-01
-1.5000e+02 -8.0000e+01 -1.0062e-01
-1.5000e+02 -7.0000e+01 -2.4880e+00
-1.5000e+02 -6.0000e+01 -3.3208e+00
-1.5000e+02 -5.0000e+01 3.8911e-01
-1.5000e+02 -4.0000e+01 1.5088e-01
-1.5000e+02 -3.0000e+01 -7.7977e-01
-1.5000e+02 -2.0000e+01 -1.6600e+00
-1.5000e+02 -1.0000e+01 -2.4558e+00
-1.5000e+02 0.0000e+00 -8.0718e-01
-1.5000e+02 1.0000e+01 -1.0007e+00
-1.5000e+02 2.0000e+01 -6.0087e-02
-1.5000e+02 3.0000e+01 -3.3703e-01
-1.5000e+02 4.0000e+01 1.7940e+00
-1.5000e+02 5.0000e+01 -8.3462e-01
-1.5000e+02 6.0000e+01 -1.0799e+00
-1.5000e+02 7.0000e+01 -4.2572e-01
-1.5000e+02 8.0000e+01 1.6503e+00
-1.5000e+02 9.0000e+01 6.6268e-01
-1.5000e+02 1.0000e+02 1.0129e-01
-1.5000e+02 1.1000e+02 -1.9810e+00
-1.5000e+02 1.2000e+02 2.3419e-01
-1.5000e+02 1.3000e+02 7.8459e-02
-1.5000e+02 1.4000e+02 6.4474e-01
-1.5000e+02 1.5000e+02 7.1191e-01
-1.5000e+02 1.6000e+02 1.0595e+00
-1.5000e+02 1.7000e+02 8.4210e-01
-1.5000e+02 1.8000e+02 -2.4614e+00
-1.5000e+02 1.9000e+02 -1.2766e+00
-1.5000e+02 2.0000e+02 2.3607e-01
-1.4000e+02 -2.0000e+02 6.9879e-01
-1.4000e+02 -1.9000e+02 -2.5016e-01
-1.4000e+02 -1.8000e+02 -1.9197e-01
-1.4000e+02 -1.7000e+02 7.6838e-02
-1.4000e+02 -1.6000e+02 3.6774e-01
-1.4000e+02 -1.5000e+02 -8.9487e-02
-1.4000e+02 -1.4000e+02 -2.3641e+00
-1.4000e+02 -1.3000e+02 -1.3107e-01
-1.4000e+02 -1.2000e+02 -1.0827e+00
-1.4000e+02 -1.1000e+02 -1.1821e+00
-1.4000e+02 -1.0000e+02 -1.5329e+00
-1.4000e+02 -9.0000e+01 -4.5798e-01
-1.4000e+02 -8.0000e+01 8.9048e-01
-1.4000e+02 -7.0000e+01 1.9901e+00
-1.4000e+02 -6.0000e+01 -1.3910e+00
-1.4000e+02 -5.0000e+01 -2.0112e+00
-1.4000e+02 -4.0000e+01 -2.4396e-01
-1.4000e+02 -3.0000e+01 1.3018e+00
-1.4000e+02 -2.0000e+01 -2.2042e+00
-1.4000e+02 -1.0000e+01 -2.5018e+00
-1.4000e+02 0.0000e+00 1.5549e+00
-1.4000e+02 1.0000e+01 -8.0331e-01
-1.4000e+02 2.0000e+01 2.3466e-01
-1.4000e+02 3.0000e+01 -1.5696e+00
-1.4000e+02 4.0000e+01 -1.2672e+00
-1.4000e+02 5.0000e+01 4.1778e-02
-1.4000e+02 6.0000e+01 -5.3178e-01
-1.4000e+02 7.0000e+01 2.4914e-01
-1.4000e+02 8.0000e+01 -2.1876e-01
-1.4000e+02 9.0000e+01 -4.7864e-01
-1.4000e+02 1.0000e+02 -5.4363e-01
-1.4000e+02 1.1000e+02 3.8928e-02
-1.4000e+02 1.2000e+02 7.8210e-01
-1.4000e+02 1.3000e+02 8.1594e-01
-1.4000e+02 1.4000e+02 1.2132e+00
-1.4000e+02 1.5000e+02 5.8470e-01
-1.4000e+02 1.6000e+02 2.6521e+00
-1.4000e+02 1.7000e+02 -2.2956e+00
-1.4000e+02 1.8000e+02 -3.6876e-01
-1.4000e+02 1.9000e+02 -1.0629e+00
-1.4000e+02 2.0000e+02 -1.6814e+00
-1.3000e+02 -2.0000e+02 3.1348e-01
-1.3000e+02 -1.9000e+02 7.8555e-01
-1.3000e+02 -1.8000e+02 -3.0441e+00
-1.3000e+02 -1.7000e+02 -2.1962e+00
-1.3000e+02 -1.6000e+02 -2.3875e-01
-1.3000e+02 -1.5000e+02 4.4671e-01
-1.3000e+02 -1.4000e+02 2.8598e-02
-1.3000e+02 -1.3000e+02 4.1158e-01
-1.3000e+02 -1.2000e+02 -2.5347e+00
-1.3000e+02 -1.1000e+02 -5.8269e-01
-1.3000e+02 -1.0000e+02 -4.8379e-01
-1.3000e+02 -9.0000e+01 2.7989e-01
-1.3000e+02 -8.0000e+01 -1.2806e+00
-1.3000e+02 -7.0000e+01 1.1941e+00
-1.3000e+02 -6.0000e+01 1.2462e+00
-1.3000e+02 -5.0000e+01 1.7238e-01
-1.3000e+02 -4.0000e+01 -8.1008e-01
-1.3000e+02 -3.0000e+01 9.1394e-01
-1.3000e+02 -2.0000e+01 -1.8042e+00
-1.3000e+02 -1.0000e+01 -5.4942e-01
-1.3000e+02 0.0000e+00 -1.3243e+00
-1.3000e+02 1.0000e+01 -8.1398e-01
-1.3000e+02 2.0000e+01 -1.1679e+00
-1.3000e+02 3.0000e+01 -6.2131e-02
-1.3000e+02 4.0000e+01 2.1702e+00
-1.3000e+02 5.0000e+01 -1.1859e+00
-1.3000e+02 6.0000e+01 4.6763e-01
-1.3000e+02 7.0000e+01 -1.3628e+00
-1.3000e+02 8.0000e+01 -3.0997e-01
-1.3000e+02 9.0000e+01 -6.5807e-01
-1.3000e+02 1.0000e+02 -1.5263e+00
-1.3000e+02 1.1000e+02 -5.6489e-01
-1.3000e+02 1.2000e+02 9.7525e-01
-1.3000e+02 1.3000e+02 1.7506e-01
-1.3000e+02 1.4000e+02 4.8743e-01
-1.3000e+02 1.5000e+02 -3.5245e-01
-1.3000e+02 1.6000e+02 1.5267e+00
-1.3000e+02 1.7000e+02 -2.9249e-01
-1.3000e+02 1.8000e+02 -1.4559e+00
-1.3000e+02 1.9000e+02 -2.6441e-01
-1.3000e+02 2.0000e+02 -3.3750e+00
-1.2000e+02 -2.0000e+02 -1.1852e+00
-1.2000e+02 -1.9000e+02 -9.6744e-01
-1.2000e+02 -1.8000e+02 3.2706e+00
-1.2000e+02 -1.7000e+02 3.1154e-01
-1.2000e+02 -1.6000e+02 -3.1485e+00
-1.2000e+02 -1.5000e+02 -2.9930e+00
-1.2000e+02 -1.4000e+02 -5.8777e-01
-1.2000e+02 -1.3000e+02 2.8411e+00
-1.2000e+02 -1.2000e+02 -7.0223e-01
-1.2000e+02 -1.1000e+02 1.0932e+00
-1.2000e+02 -1.0000e+02 1.5935e+00
-1.2000e+02 -9.0000e+01 -1.0632e+00
-1.2000e+02 -8.0000e+01 1.6506e+00
-1.2000e+02 -7.0000e+01 -2.8938e+00
-1.2000e+02 -6.0000e+01 2.6175e-01
-1.2000e+02 -5.0000e+01 1.1618e+00
-1.2000e+02 -4.0000e+01 -3.0221e+00
-1.2000e+02 -3.0000e+01 -3.3887e-01
-1.2000e+02 -2.0000e+01 -2.8906e+00
-1.2000e+02 -1.0000e+01 -4.8420e-02
-1.2000e+02 0.0000e+00 -1.5178e+00
-1.2000e+02 1.0000e+01 -2.5319e+00
-1.2000e+02 2.0000e+01 -2.4324e+00
-1.2000e+02 3.0000e+01 -4.3040e-02
-1.2000e+02 4.0000e+01 -3.5140e-01
-1.2000e+02 5.0000e+01 -7.5744e-01
-1.2000e+02 6.0000e+01 -1.5270e+00
-1.2000e+02 7.0000e+01 2.6163e+00
-1.2000e+02 8.0000e+01 9.1911e-02
-1.2000e+02 9.0000e+01 -1.8381e+00
-1.2000e+02 1.0000e+02 -1.4187e-01
-1.2000e+02 1.1000e+02 -1.2511e+00
-1.2000e+02 1.2000e+02 5.8105e-03
-1.2000e+02 1.3000e+02 -2.0714e+00
-1.2000e+02 1.4000e+02 -5.1452e-01
-1.2000e+02 1.5000e+02 2.0748e-01
-1.2000e+02 1.6000e+02 2.4266e+00
-1.2000e+02 1.7000e+02 1.7263e-01
-1.2000e+02 1.8000e+02 -6.3817e-01
-1.2000e+02 1.9000e+02 2.9153e+00
-1.2000e+02 2.0000e+02 -1.6759e+00
-1.1000e+02 -2.0000e+02 -1.8178e+00
-1.1000e+02 -1.9000e+02 7.6483e-01
-1.1000e+02 -1.8000e+02 9.6939e-02
-1.1000e+02 -1.7000e+02 1.7755e+00
-1.1000e+02 -1.6000e+02 1.2085e+00
-1.1000e+02 -1.5000e+02 -2.3516e-01
-1.1000e+02 -1.4000e+02 2.1698e+00
-1.1000e+02 -1.3000e+02 -1.0505e+00
-1.1000e+02 -1.2000e+02 -1.5189e+00
-1.1000e+02 -1.1000e+02 2.0257e-01
-1.1000e+02 -1.0000e+02 9.4752e-02
-1.1000e+02 -9.0000e+01 -2.8164e+00
-1.1000e+02 -8.0000e+01 -1.0271e-01
-1.1000e+02 -7.0000e+01 -3.0384e+00
-1.1000e+02 -6.0000e+01 -1.6522e+00
-1.1000e+02 -5.0000e+01 -1.0815e+00
-1.1000e+02 -4.0000e+01 -1.6900e+00
-1.1000e+02 -3.0000e+01 -1.5978e+00
-1.1000e+02 -2.0000e+01 -1.2818e+00
-1.1000e+02 -1.0000e+01 -1.1816e+00
-1.1000e+02 0.0000e+00 -1.1481e+00
-1.1000e+02 1.0000e+01 -3.3065e+00
-1.1000e+02 2.0000e+01 -3.7931e+00
-1.1000e+02 3.0000e+01 -3.5631e+00
-1.1000e+02 4.0000e+01 -3.0400e+00
-1.1000e+02 5.0000e+01 -9.6256e-01
-1.1000e+02 6.0000e+01 7.1181e-01
-1.1000e+02 7.0000e+01 -1.7325e+00
-1.1000e+02 8.0000e+01 3.9558e-01
-1.1000e+02 9.0000e+01 2.2334e+00
-1.1000e+02 1.0000e+02 -1.0491e+00
-1.1000e+02 1.1000e+02 -1.3490e+00
-1.1000e+02 1.2000e+02 -2.8045e+00
-1.1000e+02 1.3000e+02 5.0820e-02
-1.1000e+02 1.4000e+02 -3.3756e-02
-1.1000e+02 1.5000e+02 -8.2653e-01
-1.1000e+02 1.6000e+02 2.5658e+00
-1.1000e+02 1.7000e+02 1.2684e-01
-1.1000e+02 1.8000e+02 -2.0499e+00
-1.1000e+02 1.9000e+02 1.1906e+00
-1.1000e+02 2.0000e+02 1.0636e-01
-1.0000e+02 -2.0000e+02 -2.4687e+00
-1.0000e+02 -1.9000e+02 -1.2691e-02
-1.0000e+02 -1.8000e+02 -1.1623e+00
-1.0000e+02 -1.7000e+02 7.4331e-01
-1.0000e+02 -1.6000e+02 2.8485e-01
-1.0000e+02 -1.5000e+02 -1.6205e+00
-1.0000e+02 -1.4000e+02 -2.6247e+00
-1.0000e+02 -1.3000e+02 -1.0047e+00
-1.0000e+02 -1.2000e+02 -1.0037e+00
-1.0000e+02 -1.1000e+02 1.2244e+00
-1.0000e+02 -1.0000e+02 9.4989e-01
-1.0000e+02 -9.0000e+01 -2.4408e-02
-1.0000e+02 -8.0000e+01 -1.6651e+00
-1.0000e+02 -7.0000e+01 1.1625e+00
-1.0000e+02 -6.0000e+01 -2.2642e+00
-1.0000e+02 -5.0000e+01 1.6539e+00
-1.0000e+02 -4.0000e+01 -2.1423e+00
-1.0000e+02 -3.0000e+01 -5.2625e+00
-1.0000e+02 -2.0000e+01 -1.2740e+00
-1.0000e+02 -1.0000e+01 -3.2029e+00
-1.0000e+02 0.0000e+00 -3.6504e+00
-1.0000e+02 1.0000e+01 -4.8273e+00
-1.0000e+02 2.0000e+01 -3.6462e+00
-1.0000e+02 3.0000e+01 1.7852e-01
-1.0000e+02 4.0000e+01 -1.5310e+00
-1.0000e+02 5.0000e+01 -4.5844e+00
-1.0000e+02 6.0000e+01 -4.1193e+00
-1.0000e+02 7.0000e+01 3.4173e+00
-1.0000e+02 8.0000e+01 -1.4489e+00
-1.0000e+02 9.0000e+01 -2.6163e+00
-1.0000e+02 1.0000e+02 1.8168e-01
-1.0000e+02 1.1000e+02 1.8459e+00
-1.0000e+02 1.2000e+02 -2.4583e+00
-1.0000e+02 1.3000e+02 1.5717e+00
-1.0000e+02 1.4000e+02 -8.0596e-01
-1.0000e+02 1.5000e+02 -3.0603e+00
-1.0000e+02 1.6000e+02 1.5976e+00
-1.0000e+02 1.7000e+02 -1.0772e+00
-1.0000e+02 1.8000e+02 1.7497e+00
-1.0000e+02 1.9000e+02 8.4747e-02
-1.0000e+02 2.0000e+02 8.4030e-01
-9.0000e+01 -2.0000e+02 -5.2809e-01
-9.0000e+01 -1.9000e+02 -4.0604e-01
-9.0000e+01 -1.8000e+02 -6.2172e-01
-9.0000e+01 -1.7000e+02 -8.4338e-01
-9.0000e+01 -1.6000e+02 9.1154e-01
-9.0000e+01 -1.5000e+02 -2.4474e-01
-9.0000e+01 -1.4000e+02 9.8619e-02
-9.0000e+01 -1.3000e+02 -4.2639e-01
-9.0000e+01 -1.2000e+02 -2.3162e-01
-9.0000e+01 -1.1000e+02 3.1478e-01
-9.0000e+01 -1.0000e+02 -5.7810e-01
-9.0000e+01 -9.0000e+01 -3.0850e+00
-9.0000e+01 -8.0000e+01 -8.7816e-01
-9.0000e+01 -7.0000e+01 -4.8746e+00
-9.0000e+01 -6.0000e+01 -4.7275e+00
-9.0000e+01 -5.0000e+01 -4.0873e+00
-9.0000e+01 -4.0000e+01 -6.5206e+00
-9.0000e+01 -3.0000e+01 -4.7082e+00
-9.0000e+01 -2.0000e+01 -4.7564e+00
-9.0000e+01 -1.0000e+01 -5.7438e+00
-9.0000e+01 0.0000e+00 -5.1813e+00
-9.0000e+01 1.0000e+01 -4.1520e+00
-9.0000e+01 2.0000e+01 -3.2218e+00
-9.0000e+01 3.0000e+01 -3.6295e+00
-9.0000e+01 4.0000e+01 -3.9749e+00
-9.0000e+01 5.0000e+01 -4.5502e+00
-9.0000e+01 6.0000e+01 -1.3414e+00
-9.0000e+01 7.0000e+01 -1.3714e+00
-9.0000e+01 8.0000e+01 -1.5598e+00
-9.0000e+01 9.0000e+01 -3.8544e+00
-9.0000e+01 1.0000e+02 -2.7536e+00
-9.0000e+01 1.1000e+02 -8.8881e-01
-9.0000e+01 1.2000e+02 1.2802e+00
-9.0000e+01 1.3000e+02 -1.7809e+00
-9.0000e+01 1.4000e+02 -3.7110e-01
-9.0000e+01 1.5000e+02 -9.7320e-01
-9.0000e+01 1.6000e+02 -3.7981e-01
-9.0000e+01 1.7000e+02 -7.1524e-01
-9.0000e+01 1.8000e+02 1.1882e+00
-9.0000e+01 1.9000e+02 6.6032e-01
-9.0000e+01 2.0000e+02 5.3259e-01
-8.0000e+01 -2.0000e+02 -8.2567e-01
-8.0000e+01 -1.9000e+02 -4.9286e-01
-8.0000e+01 -1.8000e+02 -1.2586e+00
-8.0000e+01 -1.7000e+02 -1.9032e+00
-8.0000e+01 -1.6000e+02 -3.8628e+00
-8.0000e+01 -1.5000e+02 1.9012e+00
-8.0000e+01 -1.4000e+02 1.1280e+00
-8.0000e+01 -1.3000e+02 2.2806e+00
-8.0000e+01 -1.2000e+02 -5.5432e-01
-8.0000e+01 -1.1000e+02 5.7516e-01
-8.0000e+01 -1.0000e+02 4.1480e-01
-8.0000e+01 -9.0000e+01 -2.7155e+00
-8.0000e+01 -8.0000e+01 -1.7825e+00
-8.0000e+01 -7.0000e+01 -3.6251e+00
-8.0000e+01 -6.0000e+01 -1.8794e+00
-8.0000e+01 -5.0000e+01 -5.2696e+00
-8.0000e+01 -4.0000e+01 -2.1049e+00
-8.0000e+01 -3.0000e+01 -2.6399e+00
-8.0000e+01 -2.0000e+01 -5.7558e+00
-8.0000e+01 -1.0000e+01 -5.8511e+00
-8.0000e+01 0.0000e+00 -5.8465e+00
-8.0000e+01 1.0000e+01 -4.8081e+00
-8.0000e+01 2.0000e+01 -3.9408e+00
-8.0000e+01 3.0000e+01 -5.4264e+00
-8.0000e+01 4.0000e+01 -3.8999e+00
-8.0000e+01 5.0000e+01 -1.7671e+00
-8.0000e+01 6.0000e+01 -1.6606e+00
-8.0000e+01 7.0000e+01 -1.5888e+00
-8.0000e+01 8.0000e+01 -1.0804e+00
-8.0000e+01 9.0000e+01 2.4395e-01
-8.0000e+01 1.0000e+02 -3.3464e-01
-8.0000e+01 1.1000e+02 -3.0818e+00
-8.0000e+01 1.2000e+02 -3.2400e+00
-8.0000e+01 1.3000e+02 4.3001e-01
-8.0000e+01 1.4000e+02 2.9773e+00
-8.0000e+01 1.5000e+02 5.1628e-01
-8.0000e+01 1.6000e+02 -1.3045e+00
-8.0000e+01 1.7000e+02 6.3861e-01
-8.0000e+01 1.8000e+02 5.2828e-01
-8.0000e+01 1.9000e+02 1.4152e+00
-8.0000e+01 2.0000e+02 4.7131e-01
-7.0000e+01 -2.0000e+02 3.0423e+00
-7.0000e+01 -1.9000e+02 -1.5467e+00
-7.0000e+01 -1.8000e+02 -8.1299e-01
-7.0000e+01 -1.7000e+02 2.0546e+00
-7.0000e+01 -1.6000e+02 -1.1568e-01
-7.0000e+01 -1.5000e+02 7.7330e-01
-7.0000e+01 -1.4000e+02 2.8054e-01
-7.0000e+01 -1.3000e+02 -1.6577e+00
-7.0000e+01 -1.2000e+02 2.7868e-02
-7.0000e+01 -1.1000e+02 -3.0441e+00
-7.0000e+01 -1.0000e+02 1.1041e+00
-7.0000e+01 -9.0000e+01 -9.9668e-01
-7.0000e+01 -8.0000e+01 -3.7476e+00
-7.0000e+01 -7.0000e+01 -3.7274e+00
-7.0000e+01 -6.0000e+01 -5.0361e+00
-7.0000e+01 -5.0000e+01 -3.6310e+00
-7.0000e+01 -4.0000e+01 -2.9992e+00
-7.0000e+01 -3.0000e+01 -7.1566e+00
-7.0000e+01 -2.0000e+01 -6.8195e+00
-7.0000e+01 -1.0000e+01 -5.8762e+00
-7.0000e+01 0.0000e+00 -6.8285e+00
-7.0000e+01 1.0000e+01 -7.7296e+00
-7.0000e+01 2.0000e+01 -4.9525e+00
-7.0000e+01 3.0000e+01 -8.2959e+00
-7.0000e+01 4.0000e+01 -3.9395e+00
-7.0000e+01 5.0000e+01 -5.4665e+00
-7.0000e+01 6.0000e+01 -4.0238e+00
-7.0000e+01 7.0000e+01 -3.9476e+00
-7.0000e+01 8.0000e+01 -4.4317e+00
-7.0000e+01 9.0000e+01 8.0555e-01
-7.0000e+01 1.0000e+02 -3.6803e-01
-7.0000e+01 1.1000e+02 -1.4337e+00
-7.0000e+01 1.2000e+02 -2.6424e+00
-7.0000e+01 1.3000e+02 -1.8942e+00
-7.0000e+01 1.4000e+02 9.0665e-01
-7.0000e+01 1.5000e+02 1.1930e+00
-7.0000e+01 1.6000e+02 2.5177e+00
-7.0000e+01 1.7000e+02 8.8911e-01
-7.0000e+01 1.8000e+02 -3.3979e+00
-7.0000e+01 1.9000e+02 1.2212e+00
-7.0000e+01 2.0000e+02 1.3365e+00
-6.0000e+01 -2.0000e+02 -4.7357e-01
-6.0000e+01 -1.9000e+02 -2.9270e+00
-6.0000e+01 -1.8000e+02 -2.6165e+00
-6.0000e+01 -1.7000e+02 -1.7458e+00
-6.0000e+01 -1.6000e+02 -1.6176e+00
-6.0000e+01 -1.5000e+02 2.1425e+00
-6.0000e+01 -1.4000e+02 -9.0700e-01
-6.0000e+01 -1.3000e+02 7.0997e-01
-6.0000e+01 -1.2000e+02 3.5311e-01
-6.0000e+01 -1.1000e+02 -9.6881e-01
-6.0000e+01 -1.0000e+02 -2.1557e+00
-6.0000e+01 -9.0000e+01 -1.0609e+00
-6.0000e+01 -8.0000e+01 -4.1323e+00
-6.0000e+01 -7.0000e+01 -4.7281e+00
-6.0000e+01 -6.0000e+01 -5.0522e+00
-6.0000e+01 -5.0000e+01 -2.3692e+00
-6.0000e+01 -4.0000e+01 -8.7960e+00
-6.0000e+01 -3.0000e+01 -6.0335e+00
-6.0000e+01 -2.0000e+01 -1.0681e+01
-6.0000e+01 -1.0000e+01 -8.0707e+00
-6.0000e+01 0.0000e+00 -8.1249e+00
-6.0000e+01 1.0000e+01 -9.6767e+00
-6.0000e+01 2.0000e+01 -1.0185e+01
-6.0000e+01 3.0000e+01 -9.5959e+00
-6.0000e+01 4.0000e+01 -7.6902e+00
-6.0000e+01 5.0000e+01 -3.5099e+00
-6.0000e+01 6.0000e+01 -4.3043e+00
-6.0000e+01 7.0000e+01 -2.3582e+00
-6.0000e+01 8.0000e+01 -2.5652e+00
-6.0000e+01 9.0000e+01 -1.0809e+00
-6.0000e+01 1.0000e+02 -4.6372e+00
-6.0000e+01 1.1000e+02 -9.9415e-01
-6.0000e+01 1.2000e+02 -1.7782e+00
-6.0000e+01 1.3000e+02 1.7542e+00
-6.0000e+01 1.4000e+02 7.2215e-01
-6.0000e+01 1.5000e+02 3.0844e+00
-6.0000e+01 1.6000e+02 1.2484e+00
-6.0000e+01 1.7000e+02 9.0683e-01
-6.0000e+01 1.8000e+02 -1.5784e+00
-6.0000e+01 1.9000e+02 -1.7553e-01
-6.0000e+01 2.0000e+02 -2.0672e+00
-5.0000e+01 -2.0000e+02 -1.4217e+00
-5.0000e+01 -1.9000e+02 -2.2744e+00
-5.0000e+01 -1.8000e+02 -2.2702e+00
-5.0000e+01 -1.7000e+02 -2.0517e+00
-5.0000e+01 -1.6000e+02 1.0807e+00
-5.0000e+01 -1.5000e+02 -2.6796e-01
-5.0000e+01 -1.4000e+02 7.4544e-01
-5.0000e+01 -1.3000e+02 8.8648e-01
-5.0000e+01 -1.2000e+02 -1.4562e+00
-5.0000e+01 -1.1000e+02 -3.5586e+00
-5.0000e+01 -1.0000e+02 -3.0094e+00
-5.0000e+01 -9.0000e+01 -1.6104e+00
-5.0000e+01 -8.0000e+01 -3.6853e+00
-5.0000e+01 -7.0000e+01 -5.5525e+00
-5.0000e+01 -6.0000e+01 -5.4147e+00
-5.0000e+01 -5.0000e+01 -5.9099e+00
-5.0000e+01 -4.0000e+01 -9.2340e+00
-5.0000e+01 -3.0000e+01 -1.0766e+01
-5.0000e+01 -2.0000e+01 -9.8934e+00
-5.0000e+01 -1.0000e+01 -8.7974e+00
-5.0000e+01 0.0000e+00 -9.3615e+00
-5.0000e+01 1.0000e+01 -9.0380e+00
-5.0000e+01 2.0000e+01 -1.1394e+01
-5.0000e+01 3.0000e+01 -1.2934e+01
-5.0000e+01 4.0000e+01 -6.9114e+00
-5.0000e+01 5.0000e+01 -5.9662e+00
-5.0000e+01 6.0000e+01 -3.8044e+00
-5.0000e+01 7.0000e+01 -3.1913e+00
-5.0000e+01 8.0000e+01 -6.5200e+00
-5.0000e+01 9.0000e+01 -3.5660e+00
-5.0000e+01 1.0000e+02 -3.2897e+00
-5.0000e+01 1.1000e+02 2.8136e+00
-5.0000e+01 1.2000e+02 -3.5631e+00
-5.0000e+01 1.3000e+02 -1.1869e+00
-5.0000e+01 1.4000e+02 2.4594e-01
-5.0000e+01 1.5000e+02 -3.1188e+00
-5.0000e+01 1.6000e+02 -1.8996e+00
-5.0000e+01 1.7000e+02 2.6557e+00
-5.0000e+01 1.8000e+02 -3.4892e-01
-5.0000e+01 1.9000e+02 -6.9620e-01
-5.0000e+01 2.0000e+02 -1.6697e-01
-4.0000e+01 -2.0000e+02 8.3952e-02
-4.0000e+01 -1.9000e+02 7.0775e-01
-4.0000e+01 -1.8000e+02 -1.5270e-01
-4.0000e+01 -1.7000e+02 -1.7784e+00
-4.0000e+01 -1.6000e+02 3.5364e+00
-4.0000e+01 -1.5000e+02 -1.1979e+00
-4.0000e+01 -1.4000e+02 -1.4373e+00
-4.0000e+01 -1.3000e+02 -1.0448e+00
-4.0000e+01 -1.2000e+02 8.1227e-01
-4.0000e+01 -1.1000e+02 -1.3243e+00
-4.0000e+01 -1.0000e+02 -2.6769e+00
-4.0000e+01 -9.0000e+01 -4.6137e+00
-4.0000e+01 -8.0000e+01 -4.1864e+00
-4.0000e+01 -7.0000e+01 -6.6182e+00
-4.0000e+01 -6.0000e+01 -3.8620e+00
-4.0000e+01 -5.0000e+01 -6.4908e+00
-4.0000e+01 -4.0000e+01 -8.6463e+00
-4.0000e+01 -3.0000e+01 -9.7606e+00
-4.0000e+01 -2.0000e+01 -1.0669e+01
-4.0000e+01 -1.0000e+01 -1.0433e+01
-4.0000e+01 0.0000e+00 -1.0276e+01
-4.0000e+01 1.0000e+01 -1.2978e+01
-4.0000e+01 2.0000e+01 -9.1290e+00
-4.0000e+01 3.0000e+01 -1.1082e+01
-4.0000e+01 4.0000e+01 -7.4500e+00
-4.0000e+01 5.0000e+01 -6.7449e+00
-4.0000e+01 6.0000e+01 -9.4765e+00
-4.0000e+01 7.0000e+01 -7.3396e+00
-4.0000e+01 8.0000e+01 -6.4821e+00
-4.0000e+01 9.0000e+01 -2.7136e+00
-4.0000e+01 1.0000e+02 -2.8668e+00
-4.0000e+01 1.1000e+02 2.7349e+00
-4.0000e+01 1.2000e+02 -2.6806e+00
-4.0000e+01 1.3000e+02 1.4814e+00
-4.0000e+01 1.4000e+02 3.5610e+00
-4.0000e+01 1.5000e+02 -1.1815e+00
-4.0000e+01 1.6000e+02 -1.1006e-01
-4.0000e+01 1.7000e+02 6.2581e-01
-4.0000e+01 1.8000e+02 1.7077e-02
-4.0000e+01 1.9000e+02 -3.0146e-01
-4.0000e+01 2.0000e+02 1.1759e+00
-3.0000e+01 -2.0000e+02 -3.0849e-01
-3.0000e+01 -1.9000e+02 1.1516e+00
-3.0000e+01 -1.8000e+02 7.1404e-02
-3.0000e+01 -1.7000e+02 -1.6763e+00
-3.0000e+01 -1.6000e+02 -5.5383e-01
-3.0000e+01 -1.5000e+02 2.0797e-01
-3.0000e+01 -1.4000e+02 -3.8429e-01
-3.0000e+01 -1.3000e+02 5.0401e-01
-3.0000e+01 -1.2000e+02 -6.1451e-01
-3.0000e+01 -1.1000e+02 -1.6376e+00
-3.0000e+01 -1.0000e+02 -4.6280e+00
-3.0000e+01 -9.0000e+01 -3.3692e+00
-3.0000e+01 -8.0000e+01 -4.9901e+00
-3.0000e+01 -7.0000e+01 -4.4221e+00
-3.0000e+01 -6.0000e+01 -8.0370e+00
-3.0000e+01 -5.0000e+01 -7.8415e+00
-3.0000e+01 -4.0000e+01 -9.8092e+00
-3.0000e+01 -3.0000e+01 -1.0556e+01
-3.0000e+01 -2.0000e+01 -1.2275e+01
-3.0000e+01 -1.0000e+01 -1.4164e+01
-3.0000e+01 0.0000e+00 -1.1507e+01
-3.0000e+01 1.0000e+01 -1.5674e+01
-3.0000e+01 2.0000e+01 -1.3431e+01
-3.0000e+01 3.0000e+01 -8.3462e+00
-3.0000e+01 4.0000e+01 -7.8558e+00
-3.0000e+01 5.0000e+01 -1.1558e+01
-3.0000e+01 6.0000e+01 -5.7265e+00
-3.0000e+01 7.0000e+01 -8.2812e+00
-3.0000e+01 8.0000e+01 -7.5685e+00
-3.0000e+01 9.0000e+01 -2.1051e+00
-3.0000e+01 1.0000e+02 -2.0580e+00
-3.0000e+01 1.1000e+02 -5.3512e+00
-3.0000e+01 1.2000e+02 -2.0727e+00
-3.0000e+01 1.3000e+02 -3.0073e+00
-3.0000e+01 1.4000e+02 2.1991e-01
-3.0000e+01 1.5000e+02 -6.5019e-01
-3.0000e+01 1.6000e+02 -1.7614e+00
-3.0000e+01 1.7000e+02 6.3673e-02
-3.0000e+01 1.8000e+02 -1.5550e+00
-3.0000e+01 1.9000e+02 -4.9801e-01
-3.0000e+01 2.0000e+02 2.2883e+00
-2.0000e+01 -2.0000e+02 -1.2339e+00
-2.0000e+01 -1.9000e+02 -1.9910e+00
-2.0000e+01 -1.8000e+02 -2.2997e-01
-2.0000e+01 -1.7000e+02 2.1632e+00
-2.0000e+01 -1.6000e+02 -1.4033e-02
-2.0000e+01 -1.5000e+02 2.7340e-01
-2.0000e+01 -1.4000e+02 -3.1653e+00
-2.0000e+01 -1.3000e+02 -1.4892e-02
-2.0000e+01 -1.2000e+02 -2.4307e+00
-2.0000e+01 -1.1000e+02 -1.5735e+00
-2.0000e+01 -1.0000e+02 -3.1512e+00
-2.0000e+01 -9.0000e+01 -4.1819e+00
-2.0000e+01 -8.0000e+01 -4.8064e+00
-2.0000e+01 -7.0000e+01 -7.4662e+00
-2.0000e+01 -6.0000e+01 -9.3135e+00
-2.0000e+01 -5.0000e+01 -1.1381e+01
-2.0000e+01 -4.0000e+01 -1.1807e+01
-2.0000e+01 -3.0000e+01 -1.2625e+01
-2.0000e+01 -2.0000e+01 -1.6437e+01
-2.0000e+01 -1.0000e+01 -1.4045e+01
-2.0000e+01 0.0000e+00 -1.7003e+01
-2.0000e+01 1.0000e+01 -1.4997e+01
-2.0000e+01 2.0000e+01 -1.1385e+01
-2.0000e+01 3.0000e+01 -1.2922e+01
-2.0000e+01 4.0000e+01 -1.1824e+01
-2.0000e+01 5.0000e+01 -8.6332e+00
-2.0000e+01 6.0000e+01 -8.0707e+00
-2.0000e+01 7.0000e+01 -7.4390e+00
-2.0000e+01 8.0000e+01 -5.1209e+00
-2.0000e+01 9.0000e+01 -5.4899e+00
-2.0000e+01 1.0000e+02 -9.3187e-01
-2.0000e+01 1.1000e+02 -1.5868e+00
-2.0000e+01 1.2000e+02 1.8268e+00
-2.0000e+01 1.3000e+02 1.2188e+00
-2.0000e+01 1.4000e+02 5.7600e-01
-2.0000e+01 1.5000e+02 2.1729e-01
-2.0000e+01 1.6000e+02 -1.5988e+00
-2.0000e+01 1.7000e+02 2.0873e+00
-2.0000e+01 1.8000e+02 -3.3998e-01
-2.0000e+01 1.9000e+02 -1.5895e+00
-2.0000e+01 2.0000e+02 2.1522e+00
-1.0000e+01 -2.0000e+02 1.5553e+00
-1.0000e+01 -1.9000e+02 5.5167e-01
-1.0000e+01 -1.8000e+02 -2.0200e+00
-1.0000e+01 -1.7000e+02 -7.5807e-01
-1.0000e+01 -1.6000e+02 1.0903e+00
-1.0000e+01 -1.5000e+02 -1.8777e+00
-1.0000e+01 -1.4000e+02 -1.7817e-01
-1.0000e+01 -1.3000e+02 -2.5051e+00
-1.0000e+01 -1.2000e+02 1.5495e+00
-1.0000e+01 -1.1000e+02 -4.3608e+00
-1.0000e+01 -1.0000e+02 -3.0750e+00
-1.0000e+01 -9.0000e+01 -3.2091e+00
-1.0000e+01 -8.0000e+01 -2.4817e+00
-1.0000e+01 -7.0000e+01 -7.8013e+00
-1.0000e+01 -6.0000e+01 -7.3287e+00
-1.0000e+01 -5.0000e+01 -6.9403e+00
-1.0000e+01 -4.0000e+01 -1.1935e+01
-1.0000e+01 -3.0000e+01 -1.5102e+01
-1.0000e+01 -2.0000e+01 -1.2966e+01
-1.0000e+01 -1.0000e+01 -1.2573e+01
-1.0000e+01 0.0000e+00 -1.3604e+01
-1.0000e+01 1.0000e+01 -1.1617e+01
-1.0000e+01 2.0000e+01 -1.2549e+01
-1.0000e+01 3.0000e+01 -1.3116e+01
-1.0000e+01 4.0000e+01 -1.0964e+01
-1.0000e+01 5.0000e+01 -9.9329e+00
-1.0000e+01 6.0000e+01 -7.4946e+00
-1.0000e+01 7.0000e+01 -6.9284e+00
-1.0000e+01 8.0000e+01 -6.2788e+00
-1.0000e+01 9.0000e+01 -6.0618e+00
-1.0000e+01 1.0000e+02 -2.9885e+00
-1.0000e+01 1.1000e+02 -1.8551e-01
-1.0000e+01 1.2000e+02 -3.1405e+00
-1.0000e+01 1.3000e+02 2.5461e-01
-1.0000e+01 1.4000e+02 -1.2585e+00
-1.0000e+01 1.5000e+02 8.9223e-01
-1.0000e+01 1.6000e+02 1.3732e+00
-1.0000e+01 1.7000e+02 3.4278e+00
-1.0000e+01 1.8000e+02 1.3284e+00
-1.0000e+01 1.9000e+02 -2.8237e+00
-1.0000e+01 2.0000e+02 -7.7545e-01
0.0000e+00 -2.0000e+02 -1.3548e+00
0.0000e+00 -1.9000e+02 1.0386e-01
0.0000e+00 -1.8000e+02 -9.8695e-01
0.0000e+00 -1.7000e+02 -8.1646e-01
0.0000e+00 -1.6000e+02 -1.4717e+00
0.0000e+00 -1.5000e+02 8.8183e-01
0.0000e+00 -1.4000e+02 1.7990e+00
0.0000e+00 -1.3000e+02 2.4934e-01
0.0000e+00 -1.2000e+02 -1.4563e+00
0.0000e+00 -1.1000e+02 -4.1621e+00
0.0000e+00 -1.0000e+02 -5.3346e+00
0.0000e+00 -9.0000e+01 -5.8855e+00
0.0000e+00 -8.0000e+01 -3.1137e+00
0.0000e+00 -7.0000e+01 -4.3728e+00
0.0000e+00 -6.0000e+01 -5.5554e+00
0.0000e+00 -5.0000e+01 -1.0924e+01
0.0000e+00 -4.0000e+01 -1.3798e+01
0.0000e+00 -3.0000e+01 -1.2787e+01
0.0000e+00 -2.0000e+01 -1.2137e+01
0.0000e+00 -1.0000e+01 -1.5155e+01
0.0000e+00 0.0000e+00 -1.3184e+01
0.0000e+00 1.0000e+01 -1.1682e+01
0.0000e+00 2.0000e+01 -1.5964e+01
0.0000e+00 3.0000e+01 -1.3453e+01
0.0000e+00 4.0000e+01 -1.1539e+01
0.0000e+00 5.0000e+01 -1.0795e+01
0.0000e+00 6.0000e+01 -9.0184e+00
0.0000e+00 7.0000e+01 -5.4732e+00
0.0000e+00 8.0000e+01 -5.3593e+00
0.0000e+00 9.0000e+01 -3.4660e+00
0.0000e+00 1.0000e+02 -3.6554e+00
0.0000e+00 1.1000e+02 -3.3753e+00
0.0000e+00 1.2000e+02 -1.2466e+00
0.0000e+00 1.3000e+02 -3.1255e+00
0.0000e+00 1.4000e+02 6.8807e-01
0.0000e+00 1.5000e+02 7.3821e-01
0.0000e+00 1.6000e+02 9.0724e-01
0.0000e+00 1.7000e+02 -5.5487e-01
0.0000e+00 1.8000e+02 -7.2584e-01
0.0000e+00 1.9000e+02 -4.8802e-01
0.0000e+00 2.0000e+02 1.2242e-01
1.0000e+01 -2.0000e+02 -1.8595e+00
1.0000e+01 -1.9000e+02 9.9720e-02
1.0000e+01 -1.8000e+02 -4.7151e-01
1.0000e+01 -1.7000e+02 -2.4229e-02
1.0000e+01 -1.6000e+02 6.8586e-01
1.0000e+01 -1.5000e+02 1.3067e+00
1.0000e+01 -1.4000e+02 -1.4835e+00
1.0000e+01 -1.3000e+02 2.9429e-01
1.0000e+01 -1.2000e+02 -7.2477e-01
1.0000e+01 -1.1000e+02 -2.8085e+00
1.0000e+01 -1.0000e+02 -3.2371e+00
1.0000e+01 -9.0000e+01 -5.7165e+00
1.0000e+01 -8.0000e+01 -4.9735e+00
1.0000e+01 -7.0000e+01 -3.6611e+00
1.0000e+01 -6.0000e+01 -8.8762e+00
1.0000e+01 -5.0000e+01 -1.2090e+01
1.0000e+01 -4.0000e+01 -1.3128e+01
1.0000e+01 -3.0000e+01 -1.4936e+01
1.0000e+01 -2.0000e+01 -1.3444e+01
1.0000e+01 -1.0000e+01 -1.2756e+01
1.0000e+01 0.0000e+00 -1.8206e+01
1.0000e+01 1.0000e+01 -1.3932e+01
1.0000e+01 2.0000e+01 -1.5775e+01
1.0000e+01 3.0000e+01 -1.4642e+01
1.0000e+01 4.0000e+01 -1.3536e+01
1.0000e+01 5.0000e+01 -9.4347e+00
1.0000e+01 6.0000e+01 -1.1293e+01
1.0000e+01 7.0000e+01 -7.3678e+00
1.0000e+01 8.0000e+01 -6.9101e+00
1.0000e+01 9.0000e+01 -5.5934e+00
1.0000e+01 1.0000e+02 -5.5854e+00
1.0000e+01 1.1000e+02 -3.4509e+00
1.0000e+01 1.2000e+02 6.6559e-01
1.0000e+01 1.3000e+02 -1.5733e+00
1.0000e+01 1.4000e+02 -1.7841e+00
1.0000e+01 1.5000e+02 -6.8136e-01
1.0000e+01 1.6000e+02 -7.6145e-01
1.0000e+01 1.7000e+02 -2.1999e-01
1.0000e+01 1.8000e+02 1.6363e+00
1.0000e+01 1.9000e+02 2.1233e+00
1.0000e+01 2.0000e+02 2.7349e+00
2.0000e+01 -2.0000e+02 -1.1398e+00
2.0000e+01 -1.9000e+02 2.3004e+00
2.0000e+01 -1.8000e+02 -2.7357e+00
2.0000e+01 -1.7000e+02 1.0890e+00
2.0000e+01 -1.6000e+02 7.7954e-01
2.0000e+01 -1.5000e+02 1.5018e+00
2.0000e+01 -1.4000e+02 5.1745e-01
2.0000e+01 -1.3000e+02 -1.2708e+00
2.0000e+01 -1.2000e+02 -1.3430e+00
2.0000e+01 -1.1000e+02 -2.5281e+00
2.0000e+01 -1.0000e+02 -5.2145e+00
2.0000e+01 -9.0000e+01 -3.6584e+00
2.0000e+01 -8.0000e+01 -4.7006e+00
2.0000e+01 -7.0000e+01 -9.5343e+00
2.0000e+01 -6.0000e+01 -9.1526e+00
2.0000e+01 -5.0000e+01 -9.5959e+00
2.0000e+01 -4.0000e+01 -8.1145e+00
2.0000e+01 -3.0000e+01 -1.3269e+01
2.0000e+01 -2.0000e+01 -1.1034e+01
2.0000e+01 -1.0000e+01 -1.3927e+01
2.0000e+01 0.0000e+00 -1.4252e+01
2.0000e+01 1.0000e+01 -1.4132e+01
2.0000e+01 2.0000e+01 -1.1516e+01
2.0000e+01 3.0000e+01 -1.1777e+01
2.0000e+01 4.0000e+01 -1.0582e+01
2.0000e+01 5.0000e+01 -8.8044e+00
2.0000e+01 6.0000e+01 -9.7225e+00
2.0000e+01 7.0000e+01 -7.5701e+00
2.0000e+01 8.0000e+01 -6.3117e+00
2.0000e+01 9.0000e+01 -4.4839e+00
2.0000e+01 1.0000e+02 -3.7123e+00
2.0000e+01 1.1000e+02 -2.3086e-01
2.0000e+01 1.2000e+02 -2.5457e-01
2.0000e+01 1.3000e+02 -7.4962e-01
2.0000e+01 1.4000e+02 -1.3229e+00
2.0000e+01 1.5000e+02 -2.0030e-01
2.0000e+01 1.6000e+02 -3.4686e-02
2.0000e+01 1.7000e+02 1.3124e+00
2.0000e+01 1.8000e+02 -1.2128e-01
2.0000e+01 1.9000e+02 -1.8010e+00
2.0000e+01 2.0000e+02 3.3629e-01
3.0000e+01 -2.0000e+02 1.6261e+00
3.0000e+01 -1.9000e+02 8.2858e-01
3.0000e+01 -1.8000e+02 8.6352e-01
3.0000e+01 -1.7000e+02 -9.8484e-01
3.0000e+01 -1.6000e+02 5.3756e-01
3.0000e+01 -1.5000e+02 -3.6213e-01
3.0000e+01 -1.4000e+02 -6.2827e-01
3.0000e+01 -1.3000e+02 -3.2170e+00
3.0000e+01 -1.2000e+02 6.9547e-01
3.0000e+01 -1.1000e+02 -1.0818e+00
3.0000e+01 -1.0000e+02 -3.4758e+00
3.0000e+01 -9.0000e+01 -2.6097e+00
3.0000e+01 -8.0000e+01 -5.4142e+00
3.0000e+01 -7.0000e+01 -8.3578e+00
3.0000e+01 -6.0000e+01 -6.9887e+00
3.0000e+01 -5.0000e+01 -9.1490e+00
3.0000e+01 -4.0000e+01 -8.6580e+00
3.0000e+01 -3.0000e+01 -1.4507e+01
3.0000e+01 -2.0000e+01 -7.1625e+00
3.0000e+01 -1.0000e+01 -1.5194e+01
3.0000e+01 0.0000e+00 -1.1794e+01
3.0000e+01 1.0000e+01 -1.5158e+01
3.0000e+01 2.0000e+01 -1.2949e+01
3.0000e+01 3.0000e+01 -1.0679e+01
3.0000e+01 4.0000e+01 -1.1549e+01
3.0000e+01 5.0000e+01 -8.5785e+00
3.0000e+01 6.0000e+01 -8.7980e+00
3.0000e+01 7.0000e+01 -4.5305e+00
3.0000e+01 8.0000e+01 -5.7884e+00
3.0000e+01 9.0000e+01 -2.8050e+00
3.0000e+01 1.0000e+02 -3.5531e+00
3.0000e+01 1.1000e+02 -6.7854e-01
3.0000e+01 1.2000e+02 -1.2039e+00
3.0000e+01 1.3000e+02 -2.2096e+00
3.0000e+01 1.4000e+02 9.8809e-01
3.0000e+01 1.5000e+02 4.8930e-01
3.0000e+01 1.6000e+02 -8.6484e-01
3.0000e+01 1.7000e+02 -2.1699e+00
3.0000e+01 1.8000e+02 3.7884e-01
3.0000e+01 1.9000e+02 3.6931e-01
3.0000e+01 2.0000e+02 6.7387e-01
4.0000e+01 -2.0000e+02 3.1400e+00
4.0000e+01 -1.9000e+02 2.1478e+00
4.0000e+01 -1.8000e+02 -4.0697e-01
4.0000e+01 -1.7000e+02 -2.5474e+00
4.0000e+01 -1.6000e+02 -2.0748e+00
4.0000e+01 -1.5000e+02 -5.1239e-01
4.0000e+01 -1.4000e+02 -2.0992e+00
4.0000e+01 -1.3000e+02 -2.6899e+00
4.0000e+01 -1.2000e+02 -2.9370e+00
4.0000e+01 -1.1000e+02 -2.0748e+00
4.0000e+01 -1.0000e+02 -3.8532e+00
4.0000e+01 -9.0000e+01 -4.2104e+00
4.0000e+01 -8.0000e+01 -4.7668e+00
4.0000e+01 -7.0000e+01 -6.2108e+00
4.0000e+01 -6.0000e+01 -8.7766e+00
4.0000e+01 -5.0000e+01 -6.9990e+00
4.0000e+01 -4.0000e+01 -8.1024e+00
4.0000e+01 -3.0000e+01 -1.0925e+01
4.0000e+01 -2.0000e+01 -8.9898e+00
4.0000e+01 -1.0000e+01 -1.2932e+01
4.0000e+01 0.0000e+00 -1.1625e+01
4.0000e+01 1.0000e+01 -1.0888e+01
4.0000e+01 2.0000e+01 -1.0407e+01
4.0000e+01 3.0000e+01 -1.2337e+01
4.0000e+01 4.0000e+01 -9.2227e+00
4.0000e+01 5.0000e+01 -7.8046e+00
4.0000e+01 6.0000e+01 -5.5013e+00
4.0000e+01 7.0000e+01 -5.2648e+00
4.0000e+01 8.0000e+01 -4.5307e+00
4.0000e+01 9.0000e+01 -2.5444e+00
4.0000e+01 1.0000e+02 -7.1822e-01
4.0000e+01 1.1000e+02 -3.0384e+00
4.0000e+01 1.2000e+02 7.6358e-01
4.0000e+01 1.3000e+02 -1.2938e+00
4.0000e+01 1.4000e+02 -1.0041e+00
4.0000e+01 1.5000e+02 -1.1959e+00
4.0000e+01 1.6000e+02 -1.9050e+00
4.0000e+01 1.7000e+02 3.2457e-01
4.0000e+01 1.8000e+02 -4.3773e-01
4.0000e+01 1.9000e+02 -2.5121e+00
4.0000e+01 2.0000e+02 1.9955e-01
5.0000e+01 -2.0000e+02 2.9303e+00
5.0000e+01 -1.9000e+02 5.2859e-01
5.0000e+01 -1.8000e+02 -6.2697e-01
5.0000e+01 -1.7000e+02 5.0257e-01
5.0000e+01 -1.6000e+02 6.9153e-01
5.0000e+01 -1.5000e+02 -4.2037e-01
5.0000e+01 -1.4000e+02 6.2979e-01
5.0000e+01 -1.3000e+02 -9.5888e-01
5.0000e+01 -1.2000e+02 1.6060e-01
5.0000e+01 -1.1000e+02 -4.5970e+00
5.0000e+01 -1.0000e+02 -6.8195e+00
5.0000e+01 -9.0000e+01 -1.0972e+00
5.0000e+01 -8.0000e+01 -4.2256e+00
5.0000e+01 -7.0000e+01 -3.6446e+00
5.0000e+01 -6.0000e+01 -5.5470e+00
5.0000e+01 -5.0000e+01 -5.8882e+00
5.0000e+01 -4.0000e+01 -7.2324e+00
5.0000e+01 -3.0000e+01 -1.0058e+01
5.0000e+01 -2.0000e+01 -7.0243e+00
5.0000e+01 -1.0000e+01 -1.0700e+01
5.0000e+01 0.0000e+00 -1.1170e+01
5.0000e+01 1.0000e+01 -1.1076e+01
5.0000e+01 2.0000e+01 -8.2863e+00
5.0000e+01 3.0000e+01 -1.0378e+01
5.0000e+01 4.0000e+01 -7.2272e+00
5.0000e+01 5.0000e+01 -5.8458e+00
5.0000e+01 6.0000e+01 -6.7017e+00
5.0000e+01 7.0000e+01 -4.0383e+00
5.0000e+01 8.0000e+01 -3.8729e+00
5.0000e+01 9.0000e+01 -1.8288e+00
5.0000e+01 1.0000e+02 -2.5640e+00
5.0000e+01 1.1000e+02 -4.1804e-01
5.0000e+01 1.2000e+02 1.4746e+00
5.0000e+01 1.3000e+02 -1.1183e+00
5.0000e+01 1.4000e+02 -1.8002e+00
5.0000e+01 1.5000e+02 1.7518e+00
5.0000e+01 1.6000e+02 -2.6229e+00
5.0000e+01 1.7000e+02 2.2346e+00
5.0000e+01 1.8000e+02 5.3093e-01
5.0000e+01 1.9000e+02 -1.1744e+00
5.0000e+01 2.0000e+02 1.8117e+00
6.0000e+01 -2.0000e+02 8.1326e-01
6.0000e+01 -1.9000e+02 -5.2194e-02
6.0000e+01 -1.8000e+02 4.4095e-01
6.0000e+01 -1.7000e+02 -9.9206e-01
6.0000e+01 -1.6000e+02 4.1718e-02
6.0000e+01 -1.5000e+02 -1.0349e+00
6.0000e+01 -1.4000e+02 4.7320e-01
6.0000e+01 -1.3000e+02 -1.2785e+00
6.0000e+01 -1.2000e+02 3.1535e-01
6.0000e+01 -1.1000e+02 3.4081e-01
6.0000e+01 -1.0000e+02 -3.9221e+00
6.0000e+01 -9.0000e+01 -1.6742e+00
6.0000e+01 -8.0000e+01 -4.0526e+00
6.0000e+01 -7.0000e+01 -6.6726e+00
6.0000e+01 -6.0000e+01 -2.9960e+00
6.0000e+01 -5.0000e+01 -2.2486e+00
6.0000e+01 -4.0000e+01 -4.7774e+00
6.0000e+01 -3.0000e+01 -4.8334e+00
6.0000e+01 -2.0000e+01 -9.4075e+00
6.0000e+01 -1.0000e+01 -6.9547e+00
6.0000e+01 0.0000e+00 -1.1786e+01
6.0000e+01 1.0000e+01 -8.5655e+00
6.0000e+01 2.0000e+01 -9.5719e+00
6.0000e+01 3.0000e+01 -8.8352e+00
6.0000e+01 4.0000e+01 -7.5733e+00
6.0000e+01 5.0000e+01 -4.7513e+00
6.0000e+01 6.0000e+01 -6.3184e+00
6.0000e+01 7.0000e+01 -3.0443e+00
6.0000e+01 8.0000e+01 -3.1656e+00
6.0000e+01 9.0000e+01 -1.9814e+00
6.0000e+01 1.0000e+02 -1.9705e+00
6.0000e+01 1.1000e+02 -2.0959e+00
6.0000e+01 1.2000e+02 -2.8044e-01
6.0000e+01 1.3000e+02 3.0262e-01
6.0000e+01 1.4000e+02 -3.9851e+00
6.0000e+01 1.5000e+02 8.3645e-01
6.0000e+01 1.6000e+02 -1.4399e+00
6.0000e+01 1.7000e+02 6.2959e-01
6.0000e+01 1.8000e+02 -5.3625e-01
6.0000e+01 1.9000e+02 -2.3781e+00
6.0000e+01 2.0000e+02 3.4332e-01
7.0000e+01 -2.0000e+02 6.9733e-02
7.0000e+01 -1.9000e+02 -2.5751e+00
7.0000e+01 -1.8000e+02 1.0170e+00
7.0000e+01 -1.7000e+02 -9.5487e-01
7.0000e+01 -1.6000e+02 -5.7716e-01
7.0000e+01 -1.5000e+02 -9.9205e-01
7.0000e+01 -1.4000e+02 2.4702e+00
7.0000e+01 -1.3000e+02 -3.1951e-01
7.0000e+01 -1.2000e+02 8.8653e-01
7.0000e+01 -1.1000e+02 -2.3765e+00
7.0000e+01 -1.0000e+02 -1.5554e+00
7.0000e+01 -9.0000e+01 -1.6397e+00
7.0000e+01 -8.0000e+01 -5.5541e+00
7.0000e+01 -7.0000e+01 -2.0035e+00
7.0000e+01 -6.0000e+01 -2.9927e+00
7.0000e+01 -5.0000e+01 -2.7375e+00
7.0000e+01 -4.0000e+01 -6.1840e+00
7.0000e+01 -3.0000e+01 -4.4828e+00
7.0000e+01 -2.0000e+01 -8.3754e+00
7.0000e+01 -1.0000e+01 -6.9928e+00
7.0000e+01 0.0000e+00 -1.1045e+01
7.0000e+01 1.0000e+01 -8.5754e+00
7.0000e+01 2.0000e+01 -7.7409e+00
7.0000e+01 3.0000e+01 -5.2755e+00
7.0000e+01 4.0000e+01 -3.8701e+00
7.0000e+01 5.0000e+01 -6.2656e+00
7.0000e+01 6.0000e+01 -2.2435e+00
7.0000e+01 7.0000e+01 -5.1735e-01
7.0000e+01 8.0000e+01 -2.4150e+00
7.0000e+01 9.0000e+01 -3.7374e+00
7.0000e+01 1.0000e+02 -2.0006e+00
7.0000e+01 1.1000e+02 -1.9622e+00
7.0000e+01 1.2000e+02 1.8816e+00
7.0000e+01 1.3000e+02 2.3122e-01
7.0000e+01 1.4000e+02 3.0409e-01
7.0000e+01 1.5000e+02 -5.2432e-01
7.0000e+01 1.6000e+02 -2.9360e-01
7.0000e+01 1.7000e+02 9.4258e-01
7.0000e+01 1.8000e+02 2.4086e+00
7.0000e+01 1.9000e+02 -1.3628e+00
7.0000e+01 2.0000e+02 -9.5582e-01
8.0000e+01 -2.0000e+02 8.8139e-02
8.0000e+01 -1.9000e+02 -1.8458e+00
8.0000e+01 -1.8000e+02 6.7772e-01
8.0000e+01 -1.7000e+02 1.3589e+00
8.0000e+01 -1.6000e+02 8.6127e-01
8.0000e+01 -1.5000e+02 -3.1660e+00
8.0000e+01 -1.4000e+02 -2.2104e-01
8.0000e+01 -1.3000e+02 -1.9825e-02
8.0000e+01 -1.2000e+02 -9.4461e-01
8.0000e+01 -1.1000e+02 9.1297e-01
8.0000e+01 -1.0000e+02 -3.2416e+00
8.0000e+01 -9.0000e+01 -6.2947e-02
8.0000e+01 -8.0000e+01 -1.5204e+00
8.0000e+01 -7.0000e+01 -4.4184e+00
8.0000e+01 -6.0000e+01 -3.4257e+00
8.0000e+01 -5.0000e+01 -3.3290e+00
8.0000e+01 -4.0000e+01 -4.6765e+00
8.0000e+01 -3.0000e+01 -5.1580e+00
8.0000e+01 -2.0000e+01 -8.0257e+00
8.0000e+01 -1.0000e+01 -2.9715e+00
8.0000e+01 0.0000e+00 -5.1628e+00
8.0000e+01 1.0000e+01 -7.7075e+00
8.0000e+01 2.0000e+01 -4.4914e+00
8.0000e+01 3.0000e+01 -4.7893e+00
8.0000e+01 4.0000e+01 -6.8546e+00
8.0000e+01 5.0000e+01 -2.4962e+00
8.0000e+01 6.0000e+01 -2.0782e+00
8.0000e+01 7.0000e+01 -3.4557e+00
8.0000e+01 8.0000e+01 -3.0391e+00
8.0000e+01 9.0000e+01 -7.6693e-01
8.0000e+01 1.0000e+02 -2.4214e+00
8.0000e+01 1.1000e+02 3.1794e-01
8.0000e+01 1.2000e+02 -1.3333e+00
8.0000e+01 1.3000e+02 -7.6023e-01
8.0000e+01 1.4000e+02 -2.3267e+00
8.0000e+01 1.5000e+02 -2.4440e+00
8.0000e+01 1.6000e+02 -8.0865e-01
8.0000e+01 1.7000e+02 9.8341e-02
8.0000e+01 1.8000e+02 -2.9851e-02
8.0000e+01 1.9000e+02 -1.1741e+00
8.0000e+01 2.0000e+02 1.8395e-01
9.0000e+01 -2.0000e+02 1.5513e+00
9.0000e+01 -1.9000e+02 -6.0996e-01
9.0000e+01 -1.8000e+02 1.2401e+00
9.0000e+01 -1.7000e+02 3.1947e+00
9.0000e+01 -1.6000e+02 -8.8296e-01
9.0000e+01 -1.5000e+02 -1.2207e+00
9.0000e+01 -1.4000e+02 3.7477e-01
9.0000e+01 -1.3000e+02 -6.1947e-01
9.0000e+01 -1.2000e+02 9.6292e-01
9.0000e+01 -1.1000e+02 -8.0138e-01
9.0000e+01 -1.0000e+02 -9.5006e-01
9.0000e+01 -9.0000e+01 -2.6672e+00
9.0000e+01 -8.0000e+01 3.4870e-02
9.0000e+01 -7.0000e+01 -2.2549e+00
9.0000e+01 -6.0000e+01 -4.0559e+00
9.0000e+01 -5.0000e+01 -3.3640e+00
9.0000e+01 -4.0000e+01 -1.5885e+00
9.0000e+01 -3.0000e+01 -6.4289e+00
9.0000e+01 -2.0000e+01 -2.1494e+00
9.0000e+01 -1.0000e+01 -5.3019e+00
9.0000e+01 0.0000e+00 -3.4591e+00
9.0000e+01 1.0000e+01 -1.6174e+00
9.0000e+01 2.0000e+01 -1.2323e+00
9.0000e+01 3.0000e+01 -3.7886e+00
9.0000e+01 4.0000e+01 -3.0916e+00
9.0000e+01 5.0000e+01 -2.6424e+00
9.0000e+01 6.0000e+01 1.3354e+00
9.0000e+01 7.0000e+01 -1.8076e+00
9.0000e+01 8.0000e+01 -1.0739e+00
9.0000e+01 9.0000e+01 -1.2262e+00
9.0000e+01 1.0000e+02 -1.8888e+00
9.0000e+01 1.1000e+02 -2.3791e+00
9.0000e+01 1.2000e+02 1.8724e+00
9.0000e+01 1.3000e+02 -1.1086e+00
9.0000e+01 1.4000e+02 -9.6416e-01
9.0000e+01 1.5000e+02 -3.2532e+00
9.0000e+01 1.6000e+02 -3.1763e-01
9.0000e+01 1.7000e+02 -7.2072e-01
9.0000e+01 1.8000e+02 4.5918e-01
9.0000e+01 1.9000e+02 2.5277e+00
9.0000e+01 2.0000e+02 7.6077e-01
1.0000e+02 -2.0000e+02 -5.4210e-01
1.0000e+02 -1.9000e+02 2.2303e-01
1.0000e+02 -1.8000e+02 -2.3157e+00
1.0000e+02 -1.7000e+02 1.6746e+00
1.0000e+02 -1.6000e+02 3.8326e-01
1.0000e+02 -1.5000e+02 1.4017e-01
1.0000e+02 -1.4000e+02 -1.6074e+00
1.0000e+02 -1.3000e+02 -4.8478e-01
1.0000e+02 -1.2000e+02 -1.3454e+00
1.0000e+02 -1.1000e+02 -1.1623e+00
1.0000e+02 -1.0000e+02 -1.5030e+00
1.0000e+02 -9.0000e+01 -3.7435e+00
1.0000e+02 -8.0000e+01 8.4246e-02
1.0000e+02 -7.0000e+01 -1.5539e+00
1.0000e+02 -6.0000e+01 -3.4144e+00
1.0000e+02 -5.0000e+01 -2.5877e+00
1.0000e+02 -4.0000e+01 -1.5698e+00
1.0000e+02 -3.0000e+01 -2.5214e+00
1.0000e+02 -2.0000e+01 -1.7315e+00
1.0000e+02 -1.0000e+01 -2.7801e+00
1.0000e+02 0.0000e+00 -4.2127e+00
1.0000e+02 1.0000e+01 -7.4072e-01
1.0000e+02 2.0000e+01 -3.5131e+00
1.0000e+02 3.0000e+01 -8.2615e-01
1.0000e+02 4.0000e+01 -9.0382e-01
1.0000e+02 5.0000e+01 -2.4043e+00
1.0000e+02 6.0000e+01 -1.7619e+00
1.0000e+02 7.0000e+01 -1.2577e+00
1.0000e+02 8.0000e+01 -1.6825e+00
1.0000e+02 9.0000e+01 -2.4615e+00
1.0000e+02 1.0000e+02 1.2841e+00
1.0000e+02 1.1000e+02 -1.1097e+00
1.0000e+02 1.2000e+02 3.7795e-01
1.0000e+02 1.3000e+02 -4.2852e-01
1.0000e+02 1.4000e+02 -9.0564e-01
1.0000e+02 1.5000e+02 1.9513e+00
1.0000e+02 1.6000e+02 -8.1579e-01
1.0000e+02 1.7000e+02 -1.1687e+00
1.0000e+02 1.8000e+02 2.2591e-01
1.0000e+02 1.9000e+02 -1.4687e+00
1.0000e+02 2.0000e+02 1.8521e+00
1.1000e+02 -2.0000e+02 -2.5920e+00
1.1000e+02 -1.9000e+02 4.0058e-01
1.1000e+02 -1.8000e+02 -2.5367e+00
1.1000e+02 -1.7000e+02 2.8020e+00
1.1000e+02 -1.6000e+02 -1.7726e+00
1.1000e+02 -1.5000e+02 -9.3683e-02
1.1000e+02 -1.4000e+02 1.3397e-01
1.1000e+02 -1.3000e+02 -1.2377e+00
1.1000e+02 -1.2000e+02 -3.2813e+00
1.1000e+02 -1.1000e+02 -1.3289e+00
1.1000e+02 -1.0000e+02 1.4172e+00
1.1000e+02 -9.0000e+01 1.9289e+00
1.1000e+02 -8.0000e+01 -3.6903e-01
1.1000e+02 -7.0000e+01 -1.9501e+00
1.1000e+02 -6.0000e+01 -1.6699e+00
1.1000e+02 -5.0000e+01 -5.4621e-01
1.1000e+02 -4.0000e+01 -2.7964e+00
1.1000e+02 -3.0000e+01 3.1838e-01
1.1000e+02 -2.0000e+01 -2.6005e+00
1.1000e+02 -1.0000e+01 -1.0775e+00
1.1000e+02 0.0000e+00 -1.1651e+00
1.1000e+02 1.0000e+01 -1.3223e+00
1.1000e+02 2.0000e+01 -2.1897e+00
1.1000e+02 3.0000e+01 -3.2188e+00
1.1000e+02 4.0000e+01 -8.1578e-01
1.1000e+02 5.0000e+01 -2.2094e+00
1.1000e+02 6.0000e+01 -9.8409e-01
1.1000e+02 7.0000e+01 -2.3278e+00
1.1000e+02 8.0000e+01 -2.8589e-01
1.1000e+02 9.0000e+01 -2.7254e+00
1.1000e+02 1.0000e+02 1.4441e-01
1.1000e+02 1.1000e+02 -1.4769e+00
1.1000e+02 1.2000e+02 -9.0308e-01
1.1000e+02 1.3000e+02 3.6481e+00
1.1000e+02 1.4000e+02 -8.8406e-01
1.1000e+02 1.5000e+02 9.9213e-01
1.1000e+02 1.6000e+02 -3.1983e-01
1.1000e+02 1.7000e+02 2.3642e+00
1.1000e+02 1.8000e+02 -3.2234e+00
1.1000e+02 1.9000e+02 1.8208e+00
1.1000e+02 2.0000e+02 5.2860e-01
1.2000e+02 -2.0000e+02 2.4982e+00
1.2000e+02 -1.9000e+02 2.4863e+00
1.2000e+02 -1.8000e+02 -1.5175e+00
1.2000e+02 -1.7000e+02 8.9378e-01
1.2000e+02 -1.6000e+02 5.4089e-01
1.2000e+02 -1.5000e+02 -2.1143e+00
1.2000e+02 -1.4000e+02 5.8672e-01
1.2000e+02 -1.3000e+02 2.1726e+00
1.2000e+02 -1.2000e+02 1.7561e+00
1.2000e+02 -1.1000e+02 -1.0584e+00
1.2000e+02 -1.0000e+02 4.2205e-01
1.2000e+02 -9.0000e+01 2.6113e-01
1.2000e+02 -8.0000e+01 2.2352e+00
1.2000e+02 -7.0000e+01 1.1862e+00
1.2000e+02 -6.0000e+01 3.0506e+00
1.2000e+02 -5.0000e+01 -2.1720e+00
1.2000e+02 -4.0000e+01 -1.0012e+00
1.2000e+02 -3.0000e+01 -4.3526e-01
1.2000e+02 -2.0000e+01 -1.3607e+00
1.2000e+02 -1.0000e+01 -2.0251e-01
1.2000e+02 0.0000e+00 -1.3667e+00
1.2000e+02 1.0000e+01 -2.2827e+00
1.2000e+02 2.0000e+01 2.3274e+00
1.2000e+02 3.0000e+01 1.1102e-01
1.2000e+02 4.0000e+01 1.4965e+00
1.2000e+02 5.0000e+01 1.9904e-01
1.2000e+02 6.0000e+01 -5.1998e+00
1.2000e+02 7.0000e+01 -5.9823e-01
1.2000e+02 8.0000e+01 -3.7351e+00
1.2000e+02 9.0000e+01 -3.3593e+00
1.2000e+02 1.0000e+02 5.4724e-01
1.2000e+02 1.1000e+02 -6.8174e-01
1.2000e+02 1.2000e+02 -9.2912e-01
1.2000e+02 1.3000e+02 -1.1641e+00
1.2000e+02 1.4000e+02 -1.0619e+00
1.2000e+02 1.5000e+02 4.2963e-01
1.2000e+02 1.6000e+02 1.3330e+00
1.2000e+02 1.7000e+02 1.5885e-01
1.2000e+02 1.8000e+02 1.0204e+00
1.2000e+02 1.9000e+02 5.4216e-01
1.2000e+02 2.0000e+02 3.7212e-01
1.3000e+02 -2.0000e+02 -1.9793e+00
1.3000e+02 -1.9000e+02 -2.9404e+00
1.3000e+02 -1.8000e+02 1.7854e+00
1.3000e+02 -1.7000e+02 -1.0295e+00
1.3000e+02 -1.6000e+02 -8.2165e-01
1.3000e+02 -1.5000e+02 -1.5572e+00
1.3000e+02 -1.4000e+02 1.2190e+00
1.3000e+02 -1.3000e+02 -8.2686e-02
1.3000e+02 -1.2000e+02 -4.7832e-01
1.3000e+02 -1.1000e+02 8.4739e-01
1.3000e+02 -1.0000e+02 -1.1403e+00
1.3000e+02 -9.0000e+01 5.9482e-01
1.3000e+02 -8.0000e+01 -2.3165e+00
1.3000e+02 -7.0000e+01 -3.3052e+00
1.3000e+02 -6.0000e+01 -1.2155e+00
1.3000e+02 -5.0000e+01 -2.3891e+00
1.3000e+02 -4.0000e+01 6.6058e-01
1.3000e+02 -3.0000e+01 1.0104e-01
1.3000e+02 -2.0000e+01 -6.4246e-01
1.3000e+02 -1.0000e+01 -4.4521e+00
1.3000e+02 0.0000e+00 -1.4377e+00
1.3000e+02 1.0000e+01 -2.5797e+00
1.3000e+02 2.0000e+01 -1.8811e+00
1.3000e+02 3.0000e+01 -3.4893e-01
1.3000e+02 4.0000e+01 -1.7151e+00
1.3000e+02 5.0000e+01 -1.3773e+00
1.3000e+02 6.0000e+01 -6.2164e-01
1.3000e+02 7.0000e+01 9.8562e-01
1.3000e+02 8.0000e+01 -1.9102e-01
1.3000e+02 9.0000e+01 1.7011e+00
1.3000e+02 1.0000e+02 -5.2694e-02
1.3000e+02 1.1000e+02 6.9891e-01
1.3000e+02 1.2000e+02 5.5091e-01
1.3000e+02 1.3000e+02 1.2409e+00
1.3000e+02 1.4000e+02 -3.2510e+00
1.3000e+02 1.5000e+02 1.4249e+00
1.3000e+02 1.6000e+02 2.9777e+00
1.3000e+02 1.7000e+02 6.6933e-01
1.3000e+02 1.8000e+02 -1.0508e+00
1.3000e+02 1.9000e+02 -3.2150e-02
1.3000e+02 2.0000e+02 9.7065e-01
1.4000e+02 -2.0000e+02 -6.6327e-01
1.4000e+02 -1.9000e+02 6.9634e-02
1.4000e+02 -1.8000e+02 -2.0373e+00
1.4000e+02 -1.7000e+02 1.2241e+00
1.4000e+02 -1.6000e+02 9.2815e-01
1.4000e+02 -1.5000e+02 -1.1678e+00
1.4000e+02 -1.4000e+02 2.9731e+00
1.4000e+02 -1.3000e+02 3.8996e-02
1.4000e+02 -1.2000e+02 1.7536e-01
1.4000e+02 -1.1000e+02 6.9092e-01
1.4000e+02 -1.0000e+02 1.9344e+00
1.4000e+02 -9.0000e+01 -5.6677e-01
1.4000e+02 -8.0000e+01 -1.7296e+00
1.4000e+02 -7.0000e+01 5.1402e-01
1.4000e+02 -6.0000e+01 -3.7846e-02
1.4000e+02 -5.0000e+01 -1.1876e+00
1.4000e+02 -4.0000e+01 -2.2854e+00
1.4000e+02 -3.0000e+01 -8.7552e-01
1.4000e+02 -2.0000e+01 -1.6706e+00
1.4000e+02 -1.0000e+01 3.7898e-01
1.4000e+02 0.0000e+00 -2.2308e+00
1.4000e+02 1.0000e+01 -2.4685e+00
1.4000e+02 2.0000e+01 2.0280e+00
1.4000e+02 3.0000e+01 2.5854e-01
1.4000e+02 4.0000e+01 -1.2297e+00
1.4000e+02 5.0000e+01 -1.0707e+00
1.4000e+02 6.0000e+01 -2.4243e+00
1.4000e+02 7.0000e+01 2.6626e+00
1.4000e+02 8.0000e+01 -1.4872e+00
1.4000e+02 9.0000e+01 -1.9305e+00
1.4000e+02 1.0000e+02 -2.7196e+00
1.4000e+02 1.1000e+02 1.4022e+00
1.4000e+02 1.2000e+02 -1.0393e+00
1.4000e+02 1.3000e+02 3.2872e-01
1.4000e+02 1.4000e+02 -2.4426e+00
1.4000e+02 1.5000e+02 -2.3450e+00
1.4000e+02 1.6000e+02 2.3119e-03
1.4000e+02 1.7000e+02 -7.9592e-01
1.4000e+02 1.8000e+02 -2.7035e+00
1.4000e+02 1.9000e+02 -2.4028e-01
1.4000e+02 2.0000e+02 -1.1215e+00
1.5000e+02 -2.0000e+02 1.7356e-01
1.5000e+02 -1.9000e+02 3.3190e+00
1.5000e+02 -1.8000e+02 5.7415e-01
1.5000e+02 -1.7000e+02 8.3108e-01
1.5000e+02 -1.6000e+02 -2.1267e+00
1.5000e+02 -1.5000e+02 -1.0135e-02
1.5000e+02 -1.4000e+02 -8.9675e-02
1.5000e+02 -1.3000e+02 -1.7203e+00
1.5000e+02 -1.2000e+02 1.7816e+00
1.5000e+02 -1.1000e+02 2.7101e+00
1.5000e+02 -1.0000e+02 -1.6848e+00
1.5000e+02 -9.0000e+01 1.7138e+00
1.5000e+02 -8.0000e+01 1.6141e+00
1.5000e+02 -7.0000e+01 1.1828e+00
1.5000e+02 -6.0000e+01 -1.8878e+00
1.5000e+02 -5.0000e+01 -6.3252e-01
1.5000e+02 -4.0000e+01 -1.5404e+00
1.5000e+02 -3.0000e+01 -1.5256e+00
1.5000e+02 -2.0000e+01 -2.8537e-01
1.5000e+02 -1.0000e+01 -2.4857e+00
1.5000e+02 0.0000e+00 7.2902e-01
1.5000e+02 1.0000e+01 -5.0662e-01
1.5000e+02 2.0000e+01 -1.7199e+00
1.5000e+02 3.0000e+01 8.4090e-02
1.5000e+02 4.0000e+01 -2.9435e+00
1.5000e+02 5.0000e+01 -2.4557e+00
1.5000e+02 6.0000e+01 -2.6045e-01
1.5000e+02 7.0000e+01 -2.4155e+00
1.5000e+02 8.0000e+01 1.7066e+00
1.5000e+02 9.0000e+01 2.3895e+00
1.5000e+02 1.0000e+02 9.0790e-01
1.5000e+02 1.1000e+02 5.6650e-01
1.5000e+02 1.2000e+02 1.2044e+00
1.5000e+02 1.3000e+02 -1.4409e+00
1.5000e+02 1.4000e+02 1.1381e+00
1.5000e+02 1.5000e+02 -1.7617e+00
1.5000e+02 1.6000e+02 9.8343e-01
1.5000e+02 1.7000e+02 -1.0668e+00
1.5000e+02 1.8000e+02 -1.2250e+00
1.5000e+02 1.9000e+02 -1.6265e-01
1.5000e+02 2.0000e+02 -2.0765e+00
1.6000e+02 -2.0000e+02 -2.2887e+00
1.6000e+02 -1.9000e+02 3.0756e+00
1.6000e+02 -1.8000e+02 -7.7917e-02
1.6000e+02 -1.7000e+02 2.1419e+00
1.6000e+02 -1.6000e+02 4.0006e+00
1.6000e+02 -1.5000e+02 8.4709e-01
1.6000e+02 -1.4000e+02 -2.2192e+00
1.6000e+02 -1.3000e+02 1.1225e+00
1.6000e+02 -1.2000e+02 -1.5324e-01
1.6000e+02 -1.1000e+02 1.8210e-01
1.6000e+02 -1.0000e+02 1.6906e+00
1.6000e+02 -9.0000e+01 -1.6669e+00
1.6000e+02 -8.0000e+01 1.5298e+00
1.6000e+02 -7.0000e+01 -2.1382e+00
1.6000e+02 -6.0000e+01 -1.3387e-01
1.6000e+02 -5.0000e+01 -1.2747e-01
1.6000e+02 -4.0000e+01 -6.5187e-01
1.6000e+02 -3.0000e+01 -6.0608e-01
1.6000e+02 -2.0000e+01 -1.7771e+00
1.6000e+02 -1.0000e+01 -2.2186e+00
1.6000e+02 0.0000e+00 -1.5634e+00
1.6000e+02 1.0000e+01 -3.0114e+00
1.6000e+02 2.0000e+01 -4.4673e-01
1.6000e+02 3.0000e+01 1.1390e+00
1.6000e+02 4.0000e+01 1.6836e+00
1.6000e+02 5.0000e+01 1.2417e+00
1.6000e+02 6.0000e+01 6.8503e-01
1.6000e+02 7.0000e+01 -1.3642e+00
1.6000e+02 8.0000e+01 5.9878e-01
1.6000e+02 9.0000e+01 -8.6133e-01
1.6000e+02 1.0000e+02 -1.5357e+00
1.6000e+02 1.1000e+02 2.3846e+00
1.6000e+02 1.2000e+02 -1.9331e+00
1.6000e+02 1.3000e+02 -6.8559e-01
1.6000e+02 1.4000e+02 -1.3717e+00
1.6000e+02 1.5000e+02 -6.6907e-01
1.6000e+02 1.6000e+02 -3.4639e-01
1.6000e+02 1.7000e+02 3.2242e+00
1.6000e+02 1.8000e+02 -1.1184e+00
1.6000e+02 1.9000e+02 -1.9244e+00
1.6000e+02 2.0000e+02 -5.5908e-01
1.7000e+02 -2.0000e+02 -6.7808e-02
1.7000e+02 -1.9000e+02 -3.6540e-01
1.7000e+02 -1.8000e+02 1.7449e+00
1.7000e+02 -1.7000e+02 -4.8137e-01
1.7000e+02 -1.6000e+02 6.1677e-01
1.7000e+02 -1.5000e+02 1.0533e+00
1.7000e+02 -1.4000e+02 1.1112e+00
1.7000e+02 -1.3000e+02 -1.7147e+00
1.7000e+02 -1.2000e+02 5.8893e-01
1.7000e+02 -1.1000e+02 2.6266e+00
1.7000e+02 -1.0000e+02 2.7525e-01
1.7000e+02 -9.0000e+01 -2.0387e+00
1.7000e+02 -8.0000e+01 -8.8944e-02
1.7000e+02 -7.0000e+01 -8.0229e-01
1.7000e+02 -6.0000e+01 1.5935e-02
1.7000e+02 -5.0000e+01 -1.6278e-01
1.7000e+02 -4.0000e+01 -1.4209e-02
1.7000e+02 -3.0000e+01 -1.2699e+00
1.7000e+02 -2.0000e+01 -2.8642e-01
1.7000e+02 -1.0000e+01 2.2029e+00
1.7000e+02 0.0000e+00 -2.6505e-01
1.7000e+02 1.0000e+01 1.5447e+00
1.7000e+02 2.0000e+01 7.3180e-01
1.7000e+02 3.0000e+01 -4.2539e-01
1.7000e+02 4.0000e+01 2.0766e+00
1.7000e+02 5.0000e+01 5.4409e-01
1.7000e+02 6.0000e+01 -2.0688e+00
1.7000e+02 7.0000e+01 -7.7905e-01
1.7000e+02 8.0000e+01 -2.5498e+00
1.7000e+02 9.0000e+01 -3.6934e-01
1.7000e+02 1.0000e+02 -4.8080e-02
1.7000e+02 1.1000e+02 -2.8603e-01
1.7000e+02 1.2000e+02 1.6149e+00
1.7000e+02 1.3000e+02 8.4062e-01
1.7000e+02 1.4000e+02 1.4834e+00
1.7000e+02 1.5000e+02 -1.1006e+00
1.7000e+02 1.6000e+02 -5.0789e-02
1.7000e+02 1.7000e+02 -2.3414e+00
1.7000e+02 1.8000e+02 1.7372e-02
1.7000e+02 1.9000e+02 -8.9697e-01
1.7000e+02 2.0000e+02 -4.0033e-01
1.8000e+02 -2.0000e+02 1.1390e+00
1.8000e+02 -1.9000e+02 -2.7156e+00
1.8000e+02 -1.8000e+02 1.8160e+00
1.8000e+02 -1.7000e+02 1.4229e+00
1.8000e+02 -1.6000e+02 -9.0519e-01
1.8000e+02 -1.5000e+02 5.5094e-01
1.8000e+02 -1.4000e+02 1.8843e+00
1.8000e+02 -1.3000e+02 -5.7172e-01
1.8000e+02 -1.2000e+02 -4.2833e-01
1.8000e+02 -1.1000e+02 4.3903e-01
1.8000e+02 -1.0000e+02 9.6847e-01
1.8000e+02 -9.0000e+01 2.2387e+00
1.8000e+02 -8.0000e+01 -1.5119e-01
1.8000e+02 -7.0000e+01 1.6246e+00
1.8000e+02 -6.0000e+01 6.1499e-01
1.8000e+02 -5.0000e+01 -2.2896e+00
1.8000e+02 -4.0000e+01 -1.7580e+00
1.8000e+02 -3.0000e+01 1.5497e-01
1.8000e+02 -2.0000e+01 2.2916e+00
1.8000e+02 -1.0000e+01 1.8742e+00
1.8000e+02 0.0000e+00 4.6328e-01
1.8000e+02 1.0000e+01 -5.9439e-01
1.8000e+02 2.0000e+01 1.5973e+00
1.8000e+02 3.0000e+01 1.5980e+00
1.8000e+02 4.0000e+01 -2.2023e+00
1.8000e+02 5.0000e+01 -3.1644e-01
1.8000e+02 6.0000e+01 1.5812e+00
1.8000e+02 7.0000e+01 -1.2641e+00
1.8000e+02 8.0000e+01 2.1893e+00
1.8000e+02 9.0000e+01 4.1734e-01
1.8000e+02 1.0000e+02 -7.1914e-03
1.8000e+02 1.1000e+02 -1.8817e+00
1.8000e+02 1.2000e+02 -2.1793e+00
1.8000e+02 1.3000e+02 2.9797e-01
1.8000e+02 1.4000e+02 -1.7685e+00
1.8000e+02 1.5000e+02 3.4290e+00
1.8000e+02 1.6000e+02 4.0804e-03
1.8000e+02 1.7000e+02 -1.7284e+00
1.8000e+02 1.8000e+02 -4.1333e-01
1.8000e+02 1.9000e+02 -5.6025e-02
1.8000e+02 2.0000e+02 3.5847e-01
1.9000e+02 -2.0000e+02 -3.4024e-01
1.9000e+02 -1.9000e+02 3.0925e-01
1.9000e+02 -1.8000e+02 -4.5102e-01
1.9000e+02 -1.7000e+02 -9.4824e-01
1.9000e+02 -1.6000e+02 2.3070e+00
1.9000e+02 -1.5000e+02 -4.3434e-01
1.9000e+02 -1.4000e+02 9.8919e-01
1.9000e+02 -1.3000e+02 1.2673e+00
1.9000e+02 -1.2000e+02 4.4950e-01
1.9000e+02 -1.1000e+02 5.5941e-01
1.9000e+02 -1.0000e+02 -6.0433e-01
1.9000e+02 -9.0000e+01 4.3917e-01
1.9000e+02 -8.0000e+01 -1.0039e+00
1.9000e+02 -7.0000e+01 -2.0130e+00
1.9000e+02 -6.0000e+01 -1.1000e+00
1.9000e+02 -5.0000e+01 2.5453e+00
1.9000e+02 -4.0000e+01 7.7794e-01
1.9000e+02 -3.0000e+01 -4.3113e-01
1.9000e+02 -2.0000e+01 1.0977e+00
1.9000e+02 -1.0000e+01 1.1777e+00
1.9000e+02 0.0000e+00 -1.7422e-01
1.9000e+02 1.0000e+01 5.5979e-01
1.9000e+02 2.0000e+01 -8.1192e-01
1.9000e+02 3.0000e+01 2.6685e+00
1.9000e+02 4.0000e+01 5.2451e-01
1.9000e+02 5.0000e+01 6.1357e-01
1.9000e+02 6.0000e+01 -2.6533e+00
1.9000e+02 7.0000e+01 -7.0117e-01
1.9000e+02 8.0000e+01 3.1465e+00
1.9000e+02 9.0000e+01 4.4322e-01
1.9000e+02 1.0000e+02 1.4086e+00
1.9000e+02 1.1000e+02 1.4152e-01
1.9000e+02 1.2000e+02 -6.3669e-01
1.9000e+02 1.3000e+02 3.0164e-01
1.9000e+02 1.4000e+02 -3.3349e-01
1.9000e+02 1.5000e+02 4.0632e-01
1.9000e+02 1.6000e+02 -2.1524e-01
1.9000e+02 1.7000e+02 1.3296e+00
1.9000e+02 1.8000e+02 -2.9433e+00
1.9000e+02 1.9000e+02 -2.7181e+00
1.9000e+02 2.0000e+02 5.7556e-01
2.0000e+02 -2.0000e+02 3.0122e+00
2.0000e+02 -1.9000e+02 2.3210e+00
2.0000e+02 -1.8000e+02 -6.2709e-01
2.0000e+02 -1.7000e+02 1.8693e+00
2.0000e+02 -1.6000e+02 5.4753e-01
2.0000e+02 -1.5000e+02 -1.4850e+00
2.0000e+02 -1.4000e+02 1.1909e+00
2.0000e+02 -1.3000e+02 3.5263e-01
2.0000e+02 -1.2000e+02 2.1339e-01
2.0000e+02 -1.1000e+02 -1.5161e-01
2.0000e+02 -1.0000e+02 6.0435e-01
2.0000e+02 -9.0000e+01 1.7462e+00
2.0000e+02 -8.0000e+01 9.8310e-01
2.0000e+02 -7.0000e+01 -1.4067e+00
2.0000e+02 -6.0000e+01 8.8210e-01
2.0000e+02 -5.0000e+01 -8.8408e-01
2.0000e+02 -4.0000e+01 -1.0133e+00
2.0000e+02 -3.0000e+01 4.5909e-01
2.0000e+02 -2.0000e+01 -1.0017e+00
2.0000e+02 -1.0000e+01 2.3053e-01
2.0000e+02 0.0000e+00 8.9054e-01
2.0000e+02 1.0000e+01 2.7724e+00
2.0000e+02 2.0000e+01 1.9309e+00
2.0000e+02 3.0000e+01 -2.2207e+00
2.0000e+02 4.0000e+01 6.1723e-01
2.0000e+02 5.0000e+01 1.8230e+00
2.0000e+02 6.0000e+01 -2.3508e+00
2.0000e+02 7.0000e+01 -1.0701e+00
2.0000e+02 8.0000e+01 -2.1662e+00
2.0000e+02 9.0000e+01 7.0744e-01
2.0000e+02 1.0000e+02 1.1549e+00
2.0000e+02 1.1000e+02 6.1731e-01
2.0000e+02 1.2000e+02 8.2058e-01
2.0000e+02 1.3000e+02 1.6984e-01
2.0000e+02 1.4000e+02 1.3767e+00
2.0000e+02 1.5000e+02 4.3569e-01
2.0000e+02 1.6000e+02 -1.5499e-01
2.0000e+02 1.7000e+02 -8.3099e-02
2.0000e+02 1.8000e+02 -1.2614e+00
2.0000e+02 1.9000e+02 -3.5883e-01
2.0000e+02 2.0000e+02 -3.6768e-02
