-2.0000e+02 -2.0000e+02 -1.2626e+00
-2.0000e+02 -1.9000e+02 1.0677e+00
-2.0000e+02 -1.8000e+02 3.1779e-01
-2.0000e+02 -1.7000e+02 -6.9423e-01
-2.0000e+02 -1.6000e+02 -1.2273e-01
-2.0000e+02 -1.5000e+02 7.8524e-03
-2.0000e+02 -1.4000e+02 1.4434e+00
-2.0000e+02 -1.3000e+02 -7.0137e-01
-2.0000e+02 -1.2000e+02 5.2855e-02
-2.0000e+02 -1.1000e+02 4.3078e-01
-2.0000e+02 -1.0000e+02 -1.3053e+00
-2.0000e+02 -9.0000e+01 1.9242e+00
-2.0000e+02 -8.0000e+01 -3.7298e-01
-2.0000e+02 -7.0000e+01 3.2348e+00
-2.0000e+02 -6.0000e+01 6.3671e-01
-2.0000e+02 -5.0000e+01 -5.4503e-01
-2.0000e+02 -4.0000e+01 2.6954e+00
-2.0000e+02 -3.0000e+01 -3.1068e-01
-2.0000e+02 -2.0000e+01 5.4698e-01
-2.0000e+02 -1.0000e+01 5.6251e-01
-2.0000e+02 0.0000e+00 7.2612e-01
-2.0000e+02 1.0000e+01 -1.0336e+00
-2.0000e+02 2.0000e+01 -9.0690e-01
-2.0000e+02 3.0000e+01 3.5229e+00
-2.0000e+02 4.0000e+01 5.4998e-02
-2.0000e+02 5.0000e+01 -2.3231e+00
-2.0000e+02 6.0000e+01 4.7145e-01
-2.0000e+02 7.0000e+01 7.1216e-01
-2.0000e+02 8.0000e+01 8.0817e-01
-2.0000e+02 9.0000e+01 4.1011e+00
-2.0000e+02 1.0000e+02 1.2842e+00
-2.0000e+02 1.1000e+02 -2.0164e+00
-2.0000e+02 1.2000e+02 -2.5026e-01
-2.0000e+02 1.3000e+02 2.5494e+00
-2.0000e+02 1.4000e+02 3.1374e+00
-2.0000e+02 1.5000e+02 1.3834e+00
-2.0000e+02 1.6000e+02 4.1226e+00
-2.0000e+02 1.7000e+02 -1.2759e+00
-2.0000e+02 1.8000e+02 2.4913e+00
-2.0000e+02 1.9000e+02 6.9528e-02
-2.0000e+02 2.0000e+02 -4.3244e+00
-1.9000e+02 -2.0000e+02 -3.7411e-01
-1.9000e+02 -1.9000e+02 -9.1047e-01
-1.9000e+02 -1.8000e+02 -1.3194e+00
-1.9000e+02 -1.7000e+02 -6.1435e-01
-1.9000e+02 -1.6000e+02 1.7206e+00
-1.9000e+02 -1.5000e+02 -1.5900e+00
-1.9000e+02 -1.4000e+02 -1.1857e+00
-1.9000e+02 -1.3000e+02 -2.5507e-01
-1.9000e+02 -1.2000e+02 -1.9779e-01
-1.9000e+02 -1.1000e+02 2.2660e+00
-1.9000e+02 -1.0000e+02 9.4498e-01
-1.9000e+02 -9.0000e+01 -5.4045e-01
-1.9000e+02 -8.0000e+01 1.2255e+00
-1.9000e+02 -7.0000e+01 1.9464e+00
-1.9000e+02 -6.0000e+01 -6.9017e-01
-1.9000e+02 -5.0000e+01 -8.9157e-01
-1.9000e+02 -4.0000e+01 1.4520e+00
-1.9000e+02 -3.0000e+01 8.8869e-01
-1.9000e+02 -2.0000e+01 -1.5538e+00
-1.9000e+02 -1.0000e+01 -1.2195e+00
-1.9000e+02 0.0000e+00 8.1508e-01
-1.9000e+02 1.0000e+01 -1.3055e+00
-1.9000e+02 2.0000e+01 3.2297e+00
-1.9000e+02 3.0000e+01 5.8396e-01
-1.9000e+02 4.0000e+01 -1.5633e-01
-1.9000e+02 5.0000e+01 4.2717e-01
-1.9000e+02 6.0000e+01 7.1548e-01
-1.9000e+02 7.0000e+01 2.6166e+00
-1.9000e+02 8.0000e+01 -1.9135e-01
-1.9000e+02 9.0000e+01 1.3118e+00
-1.9000e+02 1.0000e+02 1.6812e+00
-1.9000e+02 1.1000e+02 2.2427e+00
-1.9000e+02 1.2000e+02 9.2549e-01
-1.9000e+02 1.3000e+02 1.6787e+00
-1.9000e+02 1.4000e+02 1.5347e+00
-1.9000e+02 1.5000e+02 -4.6721e-01
-1.9000e+02 1.6000e+02 -2.4046e+00
-1.9000e+02 1.7000e+02 -3.4328e-01
-1.9000e+02 1.8000e+02 -1.0948e+00
-1.9000e+02 1.9000e+02 1.6802e+00
-1.9000e+02 2.0000e+02 4.0383e-01
-1.8000e+02 -2.0000e+02 7.0310e-01
-1.8000e+02 -1.9000e+02 9.2997e-01
-1.8000e+02 -1.8000e+02 -4.2922e-01
-1.8000e+02 -1.7000e+02 1.1936e+00
-1.8000e+02 -1.6000e+02 1.4359e+00
-1.8000e+02 -1.5000e+02 1.3028e+00
-1.8000e+02 -1.4000e+02 7.5993e-01
-1.8000e+02 -1.3000e+02 -2.6299e+00
-1.8000e+02 -1.2000e+02 3.7889e-01
-1.8000e+02 -1.1000e+02 -2.3193e+00
-1.8000e+02 -1.0000e+02 3.5219e-01
-1.8000e+02 -9.0000e+01 -1.9336e+00
-1.8000e+02 -8.0000e+01 -9.0793e-01
-1.8000e+02 -7.0000e+01 1.5510e+00
-1.8000e+02 -6.0000e+01 -1.0245e-01
-1.8000e+02 -5.0000e+01 -1.2530e+00
-1.8000e+02 -4.0000e+01 2.5503e+00
-1.8000e+02 -3.0000e+01 1.5333e+00
-1.8000e+02 -2.0000e+01 -3.3561e-01
-1.8000e+02 -1.0000e+01 1.7712e+00
-1.8000e+02 0.0000e+00 -1.9072e+00
-1.8000e+02 1.0000e+01 -1.8061e-01
-1.8000e+02 2.0000e+01 1.1236e-01
-1.8000e+02 3.0000e+01 3.2171e-01
-1.8000e+02 4.0000e+01 1.3159e+00
-1.8000e+02 5.0000e+01 1.1989e+00
-1.8000e+02 6.0000e+01 7.8491e-01
-1.8000e+02 7.0000e+01 -2.2672e-01
-1.8000e+02 8.0000e+01 8.2448e-01
-1.8000e+02 9.0000e+01 -4.6700e-01
-1.8000e+02 1.0000e+02 1.4669e+00
-1.8000e+02 1.1000e+02 -1.7909e-01
-1.8000e+02 1.2000e+02 -1.2666e+00
-1.8000e+02 1.3000e+02 -1.0016e-01
-1.8000e+02 1.4000e+02 2.3802e+00
-1.8000e+02 1.5000e+02 3.5457e-01
-1.8000e+02 1.6000e+02 -6.3743e-01
-1.8000e+02 1.7000e+02 3.8767e-01
-1.8000e+02 1.8000e+02 -6.7584e-02
-1.8000e+02 1.9000e+02 -1.6612e+00
-1.8000e+02 2.0000e+02 1.9489e+00
-1.7000e+02 -2.0000e+02 2.9046e+00
-1.7000e+02 -1.9000e+02 2.8863e+00
-1.7000e+02 -1.8000e+02 -4.9743e-01
-1.7000e+02 -1.7000e+02 -3.1392e+00
-1.7000e+02 -1.6000e+02 -6.2142e-01
-1.7000e+02 -1.5000e+02 1.2969e-01
-1.7000e+02 -1.4000e+02 1.1425e+00
-1.7000e+02 -1.3000e+02 -2.2167e-01
-1.7000e+02 -1.2000e+02 2.7098e+00
-1.7000e+02 -1.1000e+02 1.0256e+00
-1.7000e+02 -1.0000e+02 -2.1315e+00
-1.7000e+02 -9.0000e+01 -3.1024e-01
-1.7000e+02 -8.0000e+01 2.1267e+00
-1.7000e+02 -7.0000e+01 1.6148e+00
-1.7000e+02 -6.0000e+01 8.4211e-01
-1.7000e+02 -5.0000e+01 6.3707e-01
-1.7000e+02 -4.0000e+01 -2.6398e-01
-1.7000e+02 -3.0000e+01 -1.3107e+00
-1.7000e+02 -2.0000e+01 -2.0473e+00
-1.7000e+02 -1.0000e+01 -2.7299e+00
-1.7000e+02 0.0000e+00 -7.0939e-01
-1.7000e+02 1.0000e+01 -9.8832e-02
-1.7000e+02 2.0000e+01 9.4405e-01
-1.7000e+02 3.0000e+01 2.6722e+00
-1.7000e+02 4.0000e+01 1.4190e+00
-1.7000e+02 5.0000e+01 -1.5803e+00
-1.7000e+02 6.0000e+01 2.1414e+00
-1.7000e+02 7.0000e+01 3.1713e+00
-1.7000e+02 8.0000e+01 -3.8595e-02
-1.7000e+02 9.0000e+01 1.4488e+00
-1.7000e+02 1.0000e+02 -3.5196e-02
-1.7000e+02 1.1000e+02 1.2947e+00
-1.7000e+02 1.2000e+02 1.3838e+00
-1.7000e+02 1.3000e+02 -2.3731e+00
-1.7000e+02 1.4000e+02 4.8778e-01
-1.7000e+02 1.5000e+02 2.8117e+00
-1.7000e+02 1.6000e+02 -1.3251e-01
-1.7000e+02 1.7000e+02 -9.8188e-01
-1.7000e+02 1.8000e+02 -3.6177e-01
-1.7000e+02 1.9000e+02 -5.5523e-01
-1.7000e+02 2.0000e+02 -1.9818e+00
-1.6000e+02 -2.0000e+02 -3.3404e-01
-1.6000e+02 -1.9000e+02 -1.7984e+00
-1.6000e+02 -1.8000e+02 1.7299e+00
-1.6000e+02 -1.7000e+02 1.1700e+00
-1.6000e+02 -1.6000e+02 1.1799e+00
-1.6000e+02 -1.5000e+02 -2.2796e+00
-1.6000e+02 -1.4000e+02 1.8044e+00
-1.6000e+02 -1.3000e+02 -5.7721e-01
-1.6000e+02 -1.2000e+02 1.8818e+00
-1.6000e+02 -1.1000e+02 8.0099e-01
-1.6000e+02 -1.0000e+02 1.2814e+00
-1.6000e+02 -9.0000e+01 -1.0307e+00
-1.6000e+02 -8.0000e+01 1.2016e-01
-1.6000e+02 -7.0000e+01 -4.2090e-01
-1.6000e+02 -6.0000e+01 1.9532e+00
-1.6000e+02 -5.0000e+01 -1.0456e+00
-1.6000e+02 -4.0000e+01 -7.2601e-01
-1.6000e+02 -3.0000e+01 1.1565e+00
-1.6000e+02 -2.0000e+01 2.2120e+00
-1.6000e+02 -1.0000e+01 9.2597e-01
-1.6000e+02 0.0000e+00 1.7770e-01
-1.6000e+02 1.0000e+01 1.2178e+00
-1.6000e+02 2.0000e+01 -1.6888e+00
-1.6000e+02 3.0000e+01 -2.7655e+00
-1.6000e+02 4.0000e+01 -2.6090e-01
-1.6000e+02 5.0000e+01 1.1431e+00
-1.6000e+02 6.0000e+01 -7.1938e-01
-1.6000e+02 7.0000e+01 8.8680e-01
-1.6000e+02 8.0000e+01 2.6039e-01
-1.6000e+02 9.0000e+01 -1.5552e+00
-1.6000e+02 1.0000e+02 1.5370e+00
-1.6000e+02 1.1000e+02 1.2238e+00
-1.6000e+02 1.2000e+02 -1.9745e+00
-1.6000e+02 1.3000e+02 -1.0581e+00
-1.6000e+02 1.4000e+02 4.2239e-01
-1.6000e+02 1.5000e+02 -7.7884e-01
-1.6000e+02 1.6000e+02 -4.3076e-01
-1.6000e+02 1.7000e+02 -4.7456e-01
-1.6000e+02 1.8000e+02 -4.5630e-01
-1.6000e+02 1.9000e+02 9.6476e-01
-1.6000e+02 2.0000e+02 8.0636e-01
-1.5000e+02 -2.0000e+02 -1.0376e+00
-1.5000e+02 -1.9000e+02 1.6709e+00
-1.5000e+02 -1.8000e+02 5.4615e-03
-1.5000e+02 -1.7000e+02 8.6245e-01
-1.5000e+02 -1.6000e+02 4.2447e-01
-1.5000e+02 -1.5000e+02 -3.0679e+00
-1.5000e+02 -1.4000e+02 -8.4218e-01
-1.5000e+02 -1.3000e+02 -1.5851e+00
-1.5000e+02 -1.2000e+02 2.8779e-01
-1.5000e+02 -1.1000e+02 -1.5943e+00
-1.5000e+02 -1.0000e+02 -2.0258e+00
-1.5000e+02 -9.0000e+01 -8.8694e-01
-1.5000e+02 -8.0000e+01 1.8502e+00
-1.5000e+02 -7.0000e+01 -2.2614e+00
-1.5000e+02 -6.0000e+01 -2.0256e+00
-1.5000e+02 -5.0000e+01 -5.0343e-02
-1.5000e+02 -4.0000e+01 1.0019e+00
-1.5000e+02 -3.0000e+01 3.4466e-01
-1.5000e+02 -2.0000e+01 -9.8823e-01
-1.5000e+02 -1.0000e+01 -2.2337e-01
-1.5000e+02 0.0000e+00 1.9068e-01
-1.5000e+02 1.0000e+01 -5.4937e-02
-1.5000e+02 2.0000e+01 -2.8534e+00
-1.5000e+02 3.0000e+01 2.6123e+00
-1.5000e+02 4.0000e+01 -1.9164e+00
-1.5000e+02 5.0000e+01 2.1245e+00
-1.5000e+02 6.0000e+01 -6.6947e-02
-1.5000e+02 7.0000e+01 -2.5453e+00
-1.5000e+02 8.0000e+01 8.5130e-01
-1.5000e+02 9.0000e+01 -8.3394e-01
-1.5000e+02 1.0000e+02 9.8539e-01
-1.5000e+02 1.1000e+02 2.0710e+00
-1.5000e+02 1.2000e+02 1.2903e-01
-1.5000e+02 1.3000e+02 -4.8813e-01
-1.5000e+02 1.4000e+02 1.4754e+00
-1.5000e+02 1.5000e+02 -3.7551e-01
-1.5000e+02 1.6000e+02 -5.7234e-01
-1.5000e+02 1.7000e+02 4.5116e-02
-1.5000e+02 1.8000e+02 5.7320e-01
-1.5000e+02 1.9000e+02 3.7313e-01
-1.5000e+02 2.0000e+02 -3.7114e-01
-1.4000e+02 -2.0000e+02 4.1962e-01
-1.4000e+02 -1.9000e+02 -1.4063e+00
-1.4000e+02 -1.8000e+02 8.8450e-02
-1.4000e+02 -1.7000e+02 9.6799e-01
-1.4000e+02 -1.6000e+02 -1.2786e+00
-1.4000e+02 -1.5000e+02 1.2541e+00
-1.4000e+02 -1.4000e+02 9.2749e-01
-1.4000e+02 -1.3000e+02 -2.2418e+00
-1.4000e+02 -1.2000e+02 1.0032e+00
-1.4000e+02 -1.1000e+02 1.3409e-01
-1.4000e+02 -1.0000e+02 2.7315e+00
-1.4000e+02 -9.0000e+01 2.8473e-01
-1.4000e+02 -8.0000e+01 1.7050e+00
-1.4000e+02 -7.0000e+01 -8.8728e-01
-1.4000e+02 -6.0000e+01 -5.3671e-01
-1.4000e+02 -5.0000e+01 -5.1954e-01
-1.4000e+02 -4.0000e+01 1.2793e-01
-1.4000e+02 -3.0000e+01 -1.5575e+00
-1.4000e+02 -2.0000e+01 -2.1329e+00
-1.4000e+02 -1.0000e+01 -4.6377e-01
-1.4000e+02 0.0000e+00 -2.6250e+00
-1.4000e+02 1.0000e+01 5.2140e-01
-1.4000e+02 2.0000e+01 -5.9392e-01
-1.4000e+02 3.0000e+01 9.5180e-01
-1.4000e+02 4.0000e+01 -1.3008e+00
-1.4000e+02 5.0000e+01 3.1161e+00
-1.4000e+02 6.0000e+01 -3.1701e-01
-1.4000e+02 7.0000e+01 -2.1824e+00
-1.4000e+02 8.0000e+01 -3.3762e-01
-1.4000e+02 9.0000e+01 -3.0486e+00
-1.4000e+02 1.0000e+02 1.9862e+00
-1.4000e+02 1.1000e+02 -3.9023e+00
-1.4000e+02 1.2000e+02 2.1369e+00
-1.4000e+02 1.3000e+02 8.6119e-01
-1.4000e+02 1.4000e+02 -4.8863e-01
-1.4000e+02 1.5000e+02 -2.9082e+00
-1.4000e+02 1.6000e+02 -2.5900e+00
-1.4000e+02 1.7000e+02 9.6948e-01
-1.4000e+02 1.8000e+02 6.2282e-01
-1.4000e+02 1.9000e+02 1.9032e+00
-1.4000e+02 2.0000e+02 -5.2086e-01
-1.3000e+02 -2.0000e+02 8.3224e-01
-1.3000e+02 -1.9000e+02 4.0661e-01
-1.3000e+02 -1.8000e+02 -3.6823e+00
-1.3000e+02 -1.7000e+02 -2.6297e-01
-1.3000e+02 -1.6000e+02 -1.9866e+00
-1.3000e+02 -1.5000e+02 -8.0987e-01
-1.3000e+02 -1.4000e+02 -1.2371e+00
-1.3000e+02 -1.3000e+02 7.5393e-01
-1.3000e+02 -1.2000e+02 1.5617e+00
-1.3000e+02 -1.1000e+02 -8.7962e-01
-1.3000e+02 -1.0000e+02 1.0454e+00
-1.3000e+02 -9.0000e+01 -4.3097e-01
-1.3000e+02 -8.0000e+01 9.5471e-01
-1.3000e+02 -7.0000e+01 -1.4945e+00
-1.3000e+02 -6.0000e+01 -1.9180e+00
-1.3000e+02 -5.0000e+01 -2.8934e-01
-1.3000e+02 -4.0000e+01 -2.8272e+00
-1.3000e+02 -3.0000e+01 -2.3690e+00
-1.3000e+02 -2.0000e+01 -8.9801e-01
-1.3000e+02 -1.0000e+01 -2.4143e-01
-1.3000e+02 0.0000e+00 -9.2139e-01
-1.3000e+02 1.0000e+01 -7.2096e-01
-1.3000e+02 2.0000e+01 -3.1772e-01
-1.3000e+02 3.0000e+01 2.7561e-01
-1.3000e+02 4.0000e+01 1.5658e-01
-1.3000e+02 5.0000e+01 3.7140e-01
-1.3000e+02 6.0000e+01 -8.0908e-01
-1.3000e+02 7.0000e+01 -3.5831e-01
-1.3000e+02 8.0000e+01 -3.3363e+00
-1.3000e+02 9.0000e+01 -2.9630e-01
-1.3000e+02 1.0000e+02 -1.8889e+00
-1.3000e+02 1.1000e+02 1.9639e-02
-1.3000e+02 1.2000e+02 -3.1395e+00
-1.3000e+02 1.3000e+02 -3.5361e-01
-1.3000e+02 1.4000e+02 -1.4546e+00
-1.3000e+02 1.5000e+02 -1.3183e+00
-1.3000e+02 1.6000e+02 1.4859e-01
-1.3000e+02 1.7000e+02 6.6939e-01
-1.3000e+02 1.8000e+02 4.6541e+00
-1.3000e+02 1.9000e+02 -7.2490e-01
-1.3000e+02 2.0000e+02 -8.9376e-01
-1.2000e+02 -2.0000e+02 -9.5510e-01
-1.2000e+02 -1.9000e+02 -2.0478e-01
-1.2000e+02 -1.8000e+02 -7.5194e-01
-1.2000e+02 -1.7000e+02 4.2426e-01
-1.2000e+02 -1.6000e+02 -2.4480e-02
-1.2000e+02 -1.5000e+02 2.2497e+00
-1.2000e+02 -1.4000e+02 8.3977e-01
-1.2000e+02 -1.3000e+02 -1.6498e+00
-1.2000e+02 -1.2000e+02 -1.0276e+00
-1.2000e+02 -1.1000e+02 -9.6304e-01
-1.2000e+02 -1.0000e+02 -4.3984e-02
-1.2000e+02 -9.0000e+01 2.1228e+00
-1.2000e+02 -8.0000e+01 -3.5559e+00
-1.2000e+02 -7.0000e+01 -1.9176e+00
-1.2000e+02 -6.0000e+01 -1.8828e-02
-1.2000e+02 -5.0000e+01 -2.1944e+00
-1.2000e+02 -4.0000e+01 -7.4049e-01
-1.2000e+02 -3.0000e+01 -1.5570e+00
-1.2000e+02 -2.0000e+01 -1.3477e+00
-1.2000e+02 -1.0000e+01 -4.6116e-01
-1.2000e+02 0.0000e+00 -3.7734e+00
-1.2000e+02 1.0000e+01 -1.7361e+00
-1.2000e+02 2.0000e+01 3.2632e-01
-1.2000e+02 3.0000e+01 1.3389e-01
-1.2000e+02 4.0000e+01 -1.9050e+00
-1.2000e+02 5.0000e+01 -1.5689e+00
-1.2000e+02 6.0000e+01 -3.0924e+00
-1.2000e+02 7.0000e+01 -7.9219e-01
-1.2000e+02 8.0000e+01 5.1540e-01
-1.2000e+02 9.0000e+01 2.5544e-02
-1.2000e+02 1.0000e+02 1.0317e+00
-1.2000e+02 1.1000e+02 6.7036e-01
-1.2000e+02 1.2000e+02 2.0341e+00
-1.2000e+02 1.3000e+02 8.4109e-02
-1.2000e+02 1.4000e+02 -1.1861e+00
-1.2000e+02 1.5000e+02 4.2272e-01
-1.2000e+02 1.6000e+02 1.0061e+00
-1.2000e+02 1.7000e+02 9.1012e-01
-1.2000e+02 1.8000e+02 -4.6808e-01
-1.2000e+02 1.9000e+02 -1.6761e-01
-1.2000e+02 2.0000e+02 -6.5539e-02
-1.1000e+02 -2.0000e+02 1.1414e+00
-1.1000e+02 -1.9000e+02 -1.3152e+00
-1.1000e+02 -1.8000e+02 -1.0557e+00
-1.1000e+02 -1.7000e+02 1.3613e-01
-1.1000e+02 -1.6000e+02 3.6145e-01
-1.1000e+02 -1.5000e+02 3.3156e-01
-1.1000e+02 -1.4000e+02 1.2270e+00
-1.1000e+02 -1.3000e+02 1.3275e-01
-1.1000e+02 -1.2000e+02 3.3471e-01
-1.1000e+02 -1.1000e+02 -3.7013e+00
-1.1000e+02 -1.0000e+02 -1.6275e+00
-1.1000e+02 -9.0000e+01 -1.1739e+00
-1.1000e+02 -8.0000e+01 -1.1622e+00
-1.1000e+02 -7.0000e+01 7.5494e-01
-1.1000e+02 -6.0000e+01 -3.7416e+00
-1.1000e+02 -5.0000e+01 -4.5988e-01
-1.1000e+02 -4.0000e+01 -9.7276e-01
-1.1000e+02 -3.0000e+01 -4.7002e-01
-1.1000e+02 -2.0000e+01 -4.5620e-01
-1.1000e+02 -1.0000e+01 -9.2078e-01
-1.1000e+02 0.0000e+00 1.4614e+00
-1.1000e+02 1.0000e+01 9.6431e-01
-1.1000e+02 2.0000e+01 -5.7626e-01
-1.1000e+02 3.0000e+01 -1.9007e+00
-1.1000e+02 4.0000e+01 -1.2901e+00
-1.1000e+02 5.0000e+01 -3.0060e+00
-1.1000e+02 6.0000e+01 -2.0982e+00
-1.1000e+02 7.0000e+01 -4.3388e+00
-1.1000e+02 8.0000e+01 7.2843e-01
-1.1000e+02 9.0000e+01 9.4624e-01
-1.1000e+02 1.0000e+02 -3.7423e-02
-1.1000e+02 1.1000e+02 -1.0784e+00
-1.1000e+02 1.2000e+02 1.8784e+00
-1.1000e+02 1.3000e+02 -1.8204e+00
-1.1000e+02 1.4000e+02 -4.9204e-01
-1.1000e+02 1.5000e+02 8.9762e-02
-1.1000e+02 1.6000e+02 2.3943e+00
-1.1000e+02 1.7000e+02 -8.8969e-01
-1.1000e+02 1.8000e+02 1.3282e+00
-1.1000e+02 1.9000e+02 5.6608e-01
-1.1000e+02 2.0000e+02 -8.4263e-01
-1.0000e+02 -2.0000e+02 -7.8814e-01
-1.0000e+02 -1.9000e+02 8.8523e-01
-1.0000e+02 -1.8000e+02 -1.4337e+00
-1.0000e+02 -1.7000e+02 -2.5743e+00
-1.0000e+02 -1.6000e+02 -2.2990e-01
-1.0000e+02 -1.5000e+02 -1.3041e+00
-1.0000e+02 -1.4000e+02 -3.7804e-01
-1.0000e+02 -1.3000e+02 -4.1940e-01
-1.0000e+02 -1.2000e+02 -1.3673e+00
-1.0000e+02 -1.1000e+02 -1.7962e+00
-1.0000e+02 -1.0000e+02 2.4335e+00
-1.0000e+02 -9.0000e+01 -3.2598e-01
-1.0000e+02 -8.0000e+01 1.2491e-01
-1.0000e+02 -7.0000e+01 -3.8036e+00
-1.0000e+02 -6.0000e+01 -2.8708e+00
-1.0000e+02 -5.0000e+01 -3.6805e+00
-1.0000e+02 -4.0000e+01 -2.1431e+00
-1.0000e+02 -3.0000e+01 -4.5130e+00
-1.0000e+02 -2.0000e+01 -3.7075e+00
-1.0000e+02 -1.0000e+01 -4.3368e+00
-1.0000e+02 0.0000e+00 -3.3528e+00
-1.0000e+02 1.0000e+01 -5.0696e+00
-1.0000e+02 2.0000e+01 -1.9763e+00
-1.0000e+02 3.0000e+01 -2.5997e+00
-1.0000e+02 4.0000e+01 -2.2544e+00
-1.0000e+02 5.0000e+01 -3.2910e+00
-1.0000e+02 6.0000e+01 -1.5069e-01
-1.0000e+02 7.0000e+01 -2.1338e+00
-1.0000e+02 8.0000e+01 -3.1375e+00
-1.0000e+02 9.0000e+01 -6.3695e-01
-1.0000e+02 1.0000e+02 8.7051e-01
-1.0000e+02 1.1000e+02 1.4188e+00
-1.0000e+02 1.2000e+02 8.7088e-01
-1.0000e+02 1.3000e+02 -5.4666e-01
-1.0000e+02 1.4000e+02 -1.4830e+00
-1.0000e+02 1.5000e+02 -1.8582e+00
-1.0000e+02 1.6000e+02 -1.0662e+00
-1.0000e+02 1.7000e+02 -4.8960e-01
-1.0000e+02 1.8000e+02 4.5827e-01
-1.0000e+02 1.9000e+02 8.3975e-02
-1.0000e+02 2.0000e+02 -6.5813e-01
-9.0000e+01 -2.0000e+02 -2.3662e+00
-9.0000e+01 -1.9000e+02 -8.1642e-01
-9.0000e+01 -1.8000e+02 -5.0083e-01
-9.0000e+01 -1.7000e+02 2.6077e+00
-9.0000e+01 -1.6000e+02 -1.3996e-01
-9.0000e+01 -1.5000e+02 1.0550e+00
-9.0000e+01 -1.4000e+02 3.7379e-01
-9.0000e+01 -1.3000e+02 -2.6339e-01
-9.0000e+01 -1.2000e+02 -3.3412e-01
-9.0000e+01 -1.1000e+02 -3.9373e-01
-9.0000e+01 -1.0000e+02 -5.7947e-01
-9.0000e+01 -9.0000e+01 -1.6457e-01
-9.0000e+01 -8.0000e+01 -1.7979e+00
-9.0000e+01 -7.0000e+01 -1.7414e+00
-9.0000e+01 -6.0000e+01 -3.0931e+00
-9.0000e+01 -5.0000e+01 -2.2072e+00
-9.0000e+01 -4.0000e+01 -2.6790e+00
-9.0000e+01 -3.0000e+01 -2.8075e+00
-9.0000e+01 -2.0000e+01 -3.6033e+00
-9.0000e+01 -1.0000e+01 -3.7959e+00
-9.0000e+01 0.0000e+00 -5.8258e+00
-9.0000e+01 1.0000e+01 -2.5035e+00
-9.0000e+01 2.0000e+01 -2.0534e+00
-9.0000e+01 3.0000e+01 -2.7477e+00
-9.0000e+01 4.0000e+01 -3.7802e+00
-9.0000e+01 5.0000e+01 -1.1500e-03
-9.0000e+01 6.0000e+01 -4.9519e+00
-9.0000e+01 7.0000e+01 -3.8487e+00
-9.0000e+01 8.0000e+01 -1.0923e+00
-9.0000e+01 9.0000e+01 -1.5235e+00
-9.0000e+01 1.0000e+02 -1.0274e+00
-9.0000e+01 1.1000e+02 -1.1740e+00
-9.0000e+01 1.2000e+02 -4.9565e-01
-9.0000e+01 1.3000e+02 -4.9895e-01
-9.0000e+01 1.4000e+02 1.9328e+00
-9.0000e+01 1.5000e+02 -2.4991e-04
-9.0000e+01 1.6000e+02 2.8241e+00
-9.0000e+01 1.7000e+02 -3.0586e+00
-9.0000e+01 1.8000e+02 4.1974e-01
-9.0000e+01 1.9000e+02 -1.3069e+00
-9.0000e+01 2.0000e+02 5.5080e-01
-8.0000e+01 -2.0000e+02 2.7925e-01
-8.0000e+01 -1.9000e+02 3.7609e+00
-8.0000e+01 -1.8000e+02 -2.2100e+00
-8.0000e+01 -1.7000e+02 -6.7033e-01
-8.0000e+01 -1.6000e+02 4.5166e-01
-8.0000e+01 -1.5000e+02 -1.3871e-01
-8.0000e+01 -1.4000e+02 3.1624e+00
-8.0000e+01 -1.3000e+02 2.1281e+00
-8.0000e+01 -1.2000e+02 1.7560e+00
-8.0000e+01 -1.1000e+02 5.6754e-01
-8.0000e+01 -1.0000e+02 9.1587e-01
-8.0000e+01 -9.0000e+01 -2.3361e+00
-8.0000e+01 -8.0000e+01 -3.5551e-01
-8.0000e+01 -7.0000e+01 -2.4266e+00
-8.0000e+01 -6.0000e+01 -5.3410e+00
-8.0000e+01 -5.0000e+01 -2.6019e+00
-8.0000e+01 -4.0000e+01 -4.2195e+00
-8.0000e+01 -3.0000e+01 -4.0665e+00
-8.0000e+01 -2.0000e+01 -5.7812e+00
-8.0000e+01 -1.0000e+01 -8.4288e+00
-8.0000e+01 0.0000e+00 -5.6125e+00
-8.0000e+01 1.0000e+01 -7.6891e+00
-8.0000e+01 2.0000e+01 -4.9331e+00
-8.0000e+01 3.0000e+01 -4.2344e+00
-8.0000e+01 4.0000e+01 -3.8483e+00
-8.0000e+01 5.0000e+01 -4.6994e+00
-8.0000e+01 6.0000e+01 -2.7655e+00
-8.0000e+01 7.0000e+01 -2.6021e+00
-8.0000e+01 8.0000e+01 -2.6621e+00
-8.0000e+01 9.0000e+01 -1.6352e+00
-8.0000e+01 1.0000e+02 -1.8915e+00
-8.0000e+01 1.1000e+02 -1.7746e+00
-8.0000e+01 1.2000e+02 -1.4206e+00
-8.0000e+01 1.3000e+02 -1.9931e-01
-8.0000e+01 1.4000e+02 -1.1936e+00
-8.0000e+01 1.5000e+02 5.4726e-01
-8.0000e+01 1.6000e+02 6.9964e-01
-8.0000e+01 1.7000e+02 -7.0917e-01
-8.0000e+01 1.8000e+02 -4.5641e-01
-8.0000e+01 1.9000e+02 1.3707e+00
-8.0000e+01 2.0000e+02 1.5635e+00
-7.0000e+01 -2.0000e+02 -1.0334e+00
-7.0000e+01 -1.9000e+02 -1.6954e+00
-7.0000e+01 -1.8000e+02 -4.1557e-01
-7.0000e+01 -1.7000e+02 4.7602e-01
-7.0000e+01 -1.6000e+02 -3.0879e+00
-7.0000e+01 -1.5000e+02 2.0382e-01
-7.0000e+01 -1.4000e+02 -8.1889e-01
-7.0000e+01 -1.3000e+02 2.8056e-01
-7.0000e+01 -1.2000e+02 -1.6954e+00
-7.0000e+01 -1.1000e+02 -2.7530e-01
-7.0000e+01 -1.0000e+02 -4.4894e+00
-7.0000e+01 -9.0000e+01 -1.7879e+00
-7.0000e+01 -8.0000e+01 -1.1167e+00
-7.0000e+01 -7.0000e+01 -3.9465e+00
-7.0000e+01 -6.0000e+01 -4.8409e+00
-7.0000e+01 -5.0000e+01 -7.6551e+00
-7.0000e+01 -4.0000e+01 -6.7348e+00
-7.0000e+01 -3.0000e+01 -4.1867e+00
-7.0000e+01 -2.0000e+01 -6.3458e+00
-7.0000e+01 -1.0000e+01 -6.1156e+00
-7.0000e+01 0.0000e+00 -8.1746e+00
-7.0000e+01 1.0000e+01 -7.7161e+00
-7.0000e+01 2.0000e+01 -5.6093e+00
-7.0000e+01 3.0000e+01 -3.7945e+00
-7.0000e+01 4.0000e+01 -2.3514e+00
-7.0000e+01 5.0000e+01 -3.4784e+00
-7.0000e+01 6.0000e+01 -3.2723e+00
-7.0000e+01 7.0000e+01 -1.0404e+00
-7.0000e+01 8.0000e+01 -3.0410e+00
-7.0000e+01 9.0000e+01 -1.9287e+00
-7.0000e+01 1.0000e+02 -1.9679e+00
-7.0000e+01 1.1000e+02 -3.5839e+00
-7.0000e+01 1.2000e+02 -9.2027e-01
-7.0000e+01 1.3000e+02 -9.8287e-01
-7.0000e+01 1.4000e+02 -1.1434e+00
-7.0000e+01 1.5000e+02 1.4540e+00
-7.0000e+01 1.6000e+02 7.0654e-01
-7.0000e+01 1.7000e+02 -2.5926e-01
-7.0000e+01 1.8000e+02 1.9865e-01
-7.0000e+01 1.9000e+02 -8.1005e-01
-7.0000e+01 2.0000e+02 1.8637e+00
-6.0000e+01 -2.0000e+02 5.7168e-01
-6.0000e+01 -1.9000e+02 2.2755e-01
-6.0000e+01 -1.8000e+02 1.3923e+00
-6.0000e+01 -1.7000e+02 5.2203e-01
-6.0000e+01 -1.6000e+02 7.9951e-01
-6.0000e+01 -1.5000e+02 -2.0947e+00
-6.0000e+01 -1.4000e+02 2.1340e+00
-6.0000e+01 -1.3000e+02 2.3081e-01
-6.0000e+01 -1.2000e+02 -2.3319e-01
-6.0000e+01 -1.1000e+02 -7.8336e-01
-6.0000e+01 -1.0000e+02 7.5633e-01
-6.0000e+01 -9.0000e+01 -2.9432e+00
-6.0000e+01 -8.0000e+01 -3.0458e+00
-6.0000e+01 -7.0000e+01 -5.5257e+00
-6.0000e+01 -6.0000e+01 -4.2677e+00
-6.0000e+01 -5.0000e+01 -7.6600e+00
-6.0000e+01 -4.0000e+01 -7.6547e+00
-6.0000e+01 -3.0000e+01 -5.8753e+00
-6.0000e+01 -2.0000e+01 -9.0749e+00
-6.0000e+01 -1.0000e+01 -6.8077e+00
-6.0000e+01 0.0000e+00 -9.5115e+00
-6.0000e+01 1.0000e+01 -6.8506e+00
-6.0000e+01 2.0000e+01 -6.5174e+00
-6.0000e+01 3.0000e+01 -7.6571e+00
-6.0000e+01 4.0000e+01 -4.5480e+00
-6.0000e+01 5.0000e+01 -6.8411e+00
-6.0000e+01 6.0000e+01 -7.2143e+00
-6.0000e+01 7.0000e+01 -3.1641e-01
-6.0000e+01 8.0000e+01 -3.8238e+00
-6.0000e+01 9.0000e+01 -2.8792e+00
-6.0000e+01 1.0000e+02 -3.2720e+00
-6.0000e+01 1.1000e+02 -2.5278e-01
-6.0000e+01 1.2000e+02 7.3767e-02
-6.0000e+01 1.3000e+02 3.0796e+00
-6.0000e+01 1.4000e+02 -7.5111e-01
-6.0000e+01 1.5000e+02 1.2739e+00
-6.0000e+01 1.6000e+02 8.3490e-01
-6.0000e+01 1.7000e+02 1.2959e+00
-6.0000e+01 1.8000e+02 1.3587e+00
-6.0000e+01 1.9000e+02 -1.3634e+00
-6.0000e+01 2.0000e+02 -9.3479e-01
-5.0000e+01 -2.0000e+02 -3.7222e+00
-5.0000e+01 -1.9000e+02 4.6369e-01
-5.0000e+01 -1.8000e+02 9.8661e-01
-5.0000e+01 -1.7000e+02 -1.8517e+00
-5.0000e+01 -1.6000e+02 -8.2792e-01
-5.0000e+01 -1.5000e+02 -2.2724e-01
-5.0000e+01 -1.4000e+02 8.6938e-01
-5.0000e+01 -1.3000e+02 -8.0513e-01
-5.0000e+01 -1.2000e+02 -3.9827e-01
-5.0000e+01 -1.1000e+02 -1.6702e+00
-5.0000e+01 -1.0000e+02 -5.2485e-02
-5.0000e+01 -9.0000e+01 -3.4026e+00
-5.0000e+01 -8.0000e+01 -5.2651e+00
-5.0000e+01 -7.0000e+01 -4.9786e+00
-5.0000e+01 -6.0000e+01 -6.2399e+00
-5.0000e+01 -5.0000e+01 -5.5304e+00
-5.0000e+01 -4.0000e+01 -8.7499e+00
-5.0000e+01 -3.0000e+01 -9.1226e+00
-5.0000e+01 -2.0000e+01 -1.0497e+01
-5.0000e+01 -1.0000e+01 -1.1395e+01
-5.0000e+01 0.0000e+00 -1.0250e+01
-5.0000e+01 1.0000e+01 -8.5427e+00
-5.0000e+01 2.0000e+01 -8.5599e+00
-5.0000e+01 3.0000e+01 -8.1368e+00
-5.0000e+01 4.0000e+01 -9.5569e+00
-5.0000e+01 5.0000e+01 -8.0376e+00
-5.0000e+01 6.0000e+01 -6.1128e+00
-5.0000e+01 7.0000e+01 -2.6006e+00
-5.0000e+01 8.0000e+01 -5.2518e+00
-5.0000e+01 9.0000e+01 -3.2404e+00
-5.0000e+01 1.0000e+02 -2.6864e+00
-5.0000e+01 1.1000e+02 2.9821e+00
-5.0000e+01 1.2000e+02 8.9792e-01
-5.0000e+01 1.3000e+02 6.7954e-01
-5.0000e+01 1.4000e+02 1.2002e+00
-5.0000e+01 1.5000e+02 -8.7692e-02
-5.0000e+01 1.6000e+02 -2.9075e-01
-5.0000e+01 1.7000e+02 8.0036e-01
-5.0000e+01 1.8000e+02 -7.8270e-02
-5.0000e+01 1.9000e+02 9.9166e-02
-5.0000e+01 2.0000e+02 -5.3981e-01
-4.0000e+01 -2.0000e+02 -3.1034e+00
-4.0000e+01 -1.9000e+02 2.1116e+00
-4.0000e+01 -1.8000e+02 -1.4893e+00
-4.0000e+01 -1.7000e+02 -7.2253e-01
-4.0000e+01 -1.6000e+02 -1.7031e+00
-4.0000e+01 -1.5000e+02 4.8488e-01
-4.0000e+01 -1.4000e+02 -1.9191e+00
-4.0000e+01 -1.3000e+02 -5.5141e-01
-4.0000e+01 -1.2000e+02 3.0162e-01
-4.0000e+01 -1.1000e+02 -1.7542e+00
-4.0000e+01 -1.0000e+02 -3.8344e+00
-4.0000e+01 -9.0000e+01 -4.2319e+00
-4.0000e+01 -8.0000e+01 -4.1307e+00
-4.0000e+01 -7.0000e+01 -5.2502e+00
-4.0000e+01 -6.0000e+01 -6.3252e+00
-4.0000e+01 -5.0000e+01 -8.0236e+00
-4.0000e+01 -4.0000e+01 -1.1347e+01
-4.0000e+01 -3.0000e+01 -1.0276e+01
-4.0000e+01 -2.0000e+01 -8.8980e+00
-4.0000e+01 -1.0000e+01 -1.1629e+01
-4.0000e+01 0.0000e+00 -1.2300e+01
-4.0000e+01 1.0000e+01 -9.1685e+00
-4.0000e+01 2.0000e+01 -1.0001e+01
-4.0000e+01 3.0000e+01 -8.1703e+00
-4.0000e+01 4.0000e+01 -9.2343e+00
-4.0000e+01 5.0000e+01 -6.7352e+00
-4.0000e+01 6.0000e+01 -2.8416e+00
-4.0000e+01 7.0000e+01 -5.8712e+00
-4.0000e+01 8.0000e+01 -6.9151e+00
-4.0000e+01 9.0000e+01 -5.7781e+00
-4.0000e+01 1.0000e+02 -2.6356e+00
-4.0000e+01 1.1000e+02 -2.2705e+00
-4.0000e+01 1.2000e+02 -3.2449e+00
-4.0000e+01 1.3000e+02 -1.5757e-01
-4.0000e+01 1.4000e+02 -2.9059e+00
-4.0000e+01 1.5000e+02 -3.4487e+00
-4.0000e+01 1.6000e+02 1.9455e+00
-4.0000e+01 1.7000e+02 -1.1928e+00
-4.0000e+01 1.8000e+02 4.9459e-01
-4.0000e+01 1.9000e+02 -9.0045e-02
-4.0000e+01 2.0000e+02 1.3512e+00
-3.0000e+01 -2.0000e+02 4.6355e-01
-3.0000e+01 -1.9000e+02 6.8437e-01
-3.0000e+01 -1.8000e+02 7.9861e-01
-3.0000e+01 -1.7000e+02 8.5457e-01
-3.0000e+01 -1.6000e+02 -6.8366e-01
-3.0000e+01 -1.5000e+02 -2.2221e+00
-3.0000e+01 -1.4000e+02 -1.2535e+00
-3.0000e+01 -1.3000e+02 -1.4762e+00
-3.0000e+01 -1.2000e+02 -1.8017e+00
-3.0000e+01 -1.1000e+02 -5.4181e-01
-3.0000e+01 -1.0000e+02 -3.7859e+00
-3.0000e+01 -9.0000e+01 -3.1654e+00
-3.0000e+01 -8.0000e+01 -2.4609e+00
-3.0000e+01 -7.0000e+01 -6.0475e+00
-3.0000e+01 -6.0000e+01 -8.1882e+00
-3.0000e+01 -5.0000e+01 -8.5627e+00
-3.0000e+01 -4.0000e+01 -9.1600e+00
-3.0000e+01 -3.0000e+01 -1.0533e+01
-3.0000e+01 -2.0000e+01 -1.0416e+01
-3.0000e+01 -1.0000e+01 -1.3672e+01
-3.0000e+01 0.0000e+00 -1.2911e+01
-3.0000e+01 1.0000e+01 -1.3803e+01
-3.0000e+01 2.0000e+01 -1.2219e+01
-3.0000e+01 3.0000e+01 -1.2615e+01
-3.0000e+01 4.0000e+01 -1.0738e+01
-3.0000e+01 5.0000e+01 -9.2558e+00
-3.0000e+01 6.0000e+01 -6.3809e+00
-3.0000e+01 7.0000e+01 -7.8469e+00
-3.0000e+01 8.0000e+01 -7.0676e+00
-3.0000e+01 9.0000e+01 -5.1122e+00
-3.0000e+01 1.0000e+02 -3.7945e+00
-3.0000e+01 1.1000e+02 -1.4488e+00
-3.0000e+01 1.2000e+02 -1.8218e+00
-3.0000e+01 1.3000e+02 1.8348e+00
-3.0000e+01 1.4000e+02 -2.4531e+00
-3.0000e+01 1.5000e+02 -5.0853e-01
-3.0000e+01 1.6000e+02 2.0708e+00
-3.0000e+01 1.7000e+02 -1.5202e+00
-3.0000e+01 1.8000e+02 2.8603e-01
-3.0000e+01 1.9000e+02 7.4867e-01
-3.0000e+01 2.0000e+02 -7.1193e-01
-2.0000e+01 -2.0000e+02 -6.9987e-01
-2.0000e+01 -1.9000e+02 1.0952e+00
-2.0000e+01 -1.8000e+02 1.7608e+00
-2.0000e+01 -1.7000e+02 -9.2066e-01
-2.0000e+01 -1.6000e+02 2.3380e+00
-2.0000e+01 -1.5000e+02 1.2147e+00
-2.0000e+01 -1.4000e+02 -1.3848e-01
-2.0000e+01 -1.3000e+02 -9.8588e-01
-2.0000e+01 -1.2000e+02 -2.9591e+00
-2.0000e+01 -1.1000e+02 -2.4832e+00
-2.0000e+01 -1.0000e+02 -1.9209e+00
-2.0000e+01 -9.0000e+01 -5.0677e+00
-2.0000e+01 -8.0000e+01 -5.0930e+00
-2.0000e+01 -7.0000e+01 -6.0238e+00
-2.0000e+01 -6.0000e+01 -6.5953e+00
-2.0000e+01 -5.0000e+01 -8.3698e+00
-2.0000e+01 -4.0000e+01 -1.2827e+01
-2.0000e+01 -3.0000e+01 -1.2398e+01
-2.0000e+01 -2.0000e+01 -1.3580e+01
-2.0000e+01 -1.0000e+01 -1.5209e+01
-2.0000e+01 0.0000e+00 -1.4450e+01
-2.0000e+01 1.0000e+01 -1.4647e+01
-2.0000e+01 2.0000e+01 -1.2821e+01
-2.0000e+01 3.0000e+01 -1.0805e+01
-2.0000e+01 4.0000e+01 -1.0632e+01
-2.0000e+01 5.0000e+01 -1.1124e+01
-2.0000e+01 6.0000e+01 -5.1130e+00
-2.0000e+01 7.0000e+01 -6.8049e+00
-2.0000e+01 8.0000e+01 -3.6539e+00
-2.0000e+01 9.0000e+01 -6.0096e+00
-2.0000e+01 1.0000e+02 -1.1759e+00
-2.0000e+01 1.1000e+02 -5.6816e+00
-2.0000e+01 1.2000e+02 -8.0571e-02
-2.0000e+01 1.3000e+02 4.9316e-01
-2.0000e+01 1.4000e+02 -2.3662e-02
-2.0000e+01 1.5000e+02 1.3598e+00
-2.0000e+01 1.6000e+02 1.0116e-01
-2.0000e+01 1.7000e+02 1.2003e+00
-2.0000e+01 1.8000e+02 -9.0880e-01
-2.0000e+01 1.9000e+02 9.4042e-01
-2.0000e+01 2.0000e+02 5.9722e-01
-1.0000e+01 -2.0000e+02 1.6807e+00
-1.0000e+01 -1.9000e+02 -2.5971e+00
-1.0000e+01 -1.8000e+02 8.1074e-02
-1.0000e+01 -1.7000e+02 -3.2597e+00
-1.0000e+01 -1.6000e+02 1.2246e+00
-1.0000e+01 -1.5000e+02 -3.2787e-01
-1.0000e+01 -1.4000e+02 -1.0238e+00
-1.0000e+01 -1.3000e+02 2.4939e+00
-1.0000e+01 -1.2000e+02 -2.9719e+00
-1.0000e+01 -1.1000e+02 -2.2086e+00
-1.0000e+01 -1.0000e+02 -2.4935e+00
-1.0000e+01 -9.0000e+01 -5.8919e+00
-1.0000e+01 -8.0000e+01 -4.0056e+00
-1.0000e+01 -7.0000e+01 -7.5960e+00
-1.0000e+01 -6.0000e+01 -8.9932e+00
-1.0000e+01 -5.0000e+01 -1.1786e+01
-1.0000e+01 -4.0000e+01 -7.3549e+00
-1.0000e+01 -3.0000e+01 -1.3139e+01
-1.0000e+01 -2.0000e+01 -1.3843e+01
-1.0000e+01 -1.0000e+01 -1.4229e+01
-1.0000e+01 0.0000e+00 -1.4662e+01
-1.0000e+01 1.0000e+01 -1.3142e+01
-1.0000e+01 2.0000e+01 -1.3227e+01
-1.0000e+01 3.0000e+01 -1.2402e+01
-1.0000e+01 4.0000e+01 -1.2149e+01
-1.0000e+01 5.0000e+01 -9.1166e+00
-1.0000e+01 6.0000e+01 -8.3582e+00
-1.0000e+01 7.0000e+01 -8.4615e+00
-1.0000e+01 8.0000e+01 -6.3802e+00
-1.0000e+01 9.0000e+01 -5.0664e+00
-1.0000e+01 1.0000e+02 -6.3429e+00
-1.0000e+01 1.1000e+02 -6.2693e-01
-1.0000e+01 1.2000e+02 -8.8935e-02
-1.0000e+01 1.3000e+02 1.6280e-02
-1.0000e+01 1.4000e+02 -4.3202e+00
-1.0000e+01 1.5000e+02 -9.5256e-01
-1.0000e+01 1.6000e+02 -1.8146e-01
-1.0000e+01 1.7000e+02 6.0528e-01
-1.0000e+01 1.8000e+02 -6.3092e-02
-1.0000e+01 1.9000e+02 6.7236e-01
-1.0000e+01 2.0000e+02 -1.9225e+00
0.0000e+00 -2.0000e+02 -4.2453e-01
0.0000e+00 -1.9000e+02 -8.6271e-01
0.0000e+00 -1.8000e+02 1.8826e+00
0.0000e+00 -1.7000e+02 -1.7228e+00
0.0000e+00 -1.6000e+02 1.0959e+00
0.0000e+00 -1.5000e+02 -1.4488e+00
0.0000e+00 -1.4000e+02 -1.5659e+00
0.0000e+00 -1.3000e+02 -2.0126e+00
0.0000e+00 -1.2000e+02 -1.6166e+00
0.0000e+00 -1.1000e+02 -1.4191e+00
0.0000e+00 -1.0000e+02 -2.7169e+00
0.0000e+00 -9.0000e+01 -3.2838e+00
0.0000e+00 -8.0000e+01 -7.9110e+00
0.0000e+00 -7.0000e+01 -9.5823e+00
0.0000e+00 -6.0000e+01 -8.7644e+00
0.0000e+00 -5.0000e+01 -9.5434e+00
0.0000e+00 -4.0000e+01 -1.3488e+01
0.0000e+00 -3.0000e+01 -1.2280e+01
0.0000e+00 -2.0000e+01 -1.5471e+01
0.0000e+00 -1.0000e+01 -1.4240e+01
0.0000e+00 0.0000e+00 -1.5537e+01
0.0000e+00 1.0000e+01 -1.5492e+01
0.0000e+00 2.0000e+01 -1.6371e+01
0.0000e+00 3.0000e+01 -1.4122e+01
0.0000e+00 4.0000e+01 -7.4382e+00
0.0000e+00 5.0000e+01 -9.9721e+00
0.0000e+00 6.0000e+01 -7.1124e+00
0.0000e+00 7.0000e+01 -6.5829e+00
0.0000e+00 8.0000e+01 -6.0725e+00
0.0000e+00 9.0000e+01 -4.3086e+00
0.0000e+00 1.0000e+02 5.9668e-01
0.0000e+00 1.1000e+02 -3.4874e+00
0.0000e+00 1.2000e+02 -7.7480e-01
0.0000e+00 1.3000e+02 2.3900e-02
0.0000e+00 1.4000e+02 -1.9329e+00
0.0000e+00 1.5000e+02 6.0192e-01
0.0000e+00 1.6000e+02 2.0354e+00
0.0000e+00 1.7000e+02 -5.3114e-01
0.0000e+00 1.8000e+02 3.5098e-01
0.0000e+00 1.9000e+02 -1.9537e+00
0.0000e+00 2.0000e+02 1.6150e+00
1.0000e+01 -2.0000e+02 2.0985e-01
1.0000e+01 -1.9000e+02 9.7326e-01
1.0000e+01 -1.8000e+02 -1.4165e+00
1.0000e+01 -1.7000e+02 1.6136e+00
1.0000e+01 -1.6000e+02 7.0896e-01
1.0000e+01 -1.5000e+02 1.0231e+00
1.0000e+01 -1.4000e+02 -3.5253e-01
1.0000e+01 -1.3000e+02 -4.3327e+00
1.0000e+01 -1.2000e+02 -2.4466e+00
1.0000e+01 -1.1000e+02 -2.4896e+00
1.0000e+01 -1.0000e+02 -1.7230e+00
1.0000e+01 -9.0000e+01 -4.6818e+00
1.0000e+01 -8.0000e+01 -2.3139e+00
1.0000e+01 -7.0000e+01 -6.2489e+00
1.0000e+01 -6.0000e+01 -7.1130e+00
1.0000e+01 -5.0000e+01 -9.2291e+00
1.0000e+01 -4.0000e+01 -1.1319e+01
1.0000e+01 -3.0000e+01 -1.2783e+01
1.0000e+01 -2.0000e+01 -1.4025e+01
1.0000e+01 -1.0000e+01 -1.4065e+01
1.0000e+01 0.0000e+00 -1.4354e+01
1.0000e+01 1.0000e+01 -1.5057e+01
1.0000e+01 2.0000e+01 -1.3600e+01
1.0000e+01 3.0000e+01 -1.1429e+01
1.0000e+01 4.0000e+01 -1.3580e+01
1.0000e+01 5.0000e+01 -9.9738e+00
1.0000e+01 6.0000e+01 -6.9685e+00
1.0000e+01 7.0000e+01 -8.0654e+00
1.0000e+01 8.0000e+01 -7.5352e+00
1.0000e+01 9.0000e+01 -5.3666e+00
1.0000e+01 1.0000e+02 -1.2863e+00
1.0000e+01 1.1000e+02 -5.9459e-01
1.0000e+01 1.2000e+02 -2.5364e+00
1.0000e+01 1.3000e+02 -8.2856e-01
1.0000e+01 1.4000e+02 7.3990e-01
1.0000e+01 1.5000e+02 -2.8078e-01
1.0000e+01 1.6000e+02 1.1887e+00
1.0000e+01 1.7000e+02 -1.7296e+00
1.0000e+01 1.8000e+02 1.5064e+00
1.0000e+01 1.9000e+02 -3.4893e+00
1.0000e+01 2.0000e+02 1.4839e+00
2.0000e+01 -2.0000e+02 1.0976e+00
2.0000e+01 -1.9000e+02 1.2822e+00
2.0000e+01 -1.8000e+02 2.3844e+00
2.0000e+01 -1.7000e+02 1.0396e+00
2.0000e+01 -1.6000e+02 1.3756e+00
2.0000e+01 -1.5000e+02 2.2884e-01
2.0000e+01 -1.4000e+02 -1.1840e+00
2.0000e+01 -1.3000e+02 -2.8251e-01
2.0000e+01 -1.2000e+02 -1.2448e+00
2.0000e+01 -1.1000e+02 -2.5111e+00
2.0000e+01 -1.0000e+02 -4.1683e+00
2.0000e+01 -9.0000e+01 -6.3376e+00
2.0000e+01 -8.0000e+01 -5.4806e+00
2.0000e+01 -7.0000e+01 -4.3411e+00
2.0000e+01 -6.0000e+01 -9.1537e+00
2.0000e+01 -5.0000e+01 -7.8303e+00
2.0000e+01 -4.0000e+01 -9.4694e+00
2.0000e+01 -3.0000e+01 -1.1798e+01
2.0000e+01 -2.0000e+01 -1.3288e+01
2.0000e+01 -1.0000e+01 -1.2431e+01
2.0000e+01 0.0000e+00 -1.2573e+01
2.0000e+01 1.0000e+01 -1.7700e+01
2.0000e+01 2.0000e+01 -1.3316e+01
2.0000e+01 3.0000e+01 -1.3038e+01
2.0000e+01 4.0000e+01 -9.2840e+00
2.0000e+01 5.0000e+01 -7.4858e+00
2.0000e+01 6.0000e+01 -9.4422e+00
2.0000e+01 7.0000e+01 -5.6271e+00
2.0000e+01 8.0000e+01 -4.4103e+00
2.0000e+01 9.0000e+01 -3.9585e+00
2.0000e+01 1.0000e+02 -1.3621e+00
2.0000e+01 1.1000e+02 -3.2710e+00
2.0000e+01 1.2000e+02 -1.1658e+00
2.0000e+01 1.3000e+02 -1.8789e+00
2.0000e+01 1.4000e+02 -4.0128e-01
2.0000e+01 1.5000e+02 9.5155e-01
2.0000e+01 1.6000e+02 -2.2503e+00
2.0000e+01 1.7000e+02 -1.2361e-01
2.0000e+01 1.8000e+02 -5.0171e-01
2.0000e+01 1.9000e+02 2.8082e-02
2.0000e+01 2.0000e+02 2.1319e+00
3.0000e+01 -2.0000e+02 -5.5499e-01
3.0000e+01 -1.9000e+02 -1.6534e+00
3.0000e+01 -1.8000e+02 -2.3202e+00
3.0000e+01 -1.7000e+02 -1.6447e+00
3.0000e+01 -1.6000e+02 1.0475e+00
3.0000e+01 -1.5000e+02 1.1575e-01
3.0000e+01 -1.4000e+02 2.4364e+00
3.0000e+01 -1.3000e+02 -2.8779e+00
3.0000e+01 -1.2000e+02 -1.2985e+00
3.0000e+01 -1.1000e+02 -2.8459e+00
3.0000e+01 -1.0000e+02 -5.3525e+00
3.0000e+01 -9.0000e+01 -1.0480e+00
3.0000e+01 -8.0000e+01 -6.1551e+00
3.0000e+01 -7.0000e+01 -6.7609e+00
3.0000e+01 -6.0000e+01 -6.4000e+00
3.0000e+01 -5.0000e+01 -6.7328e+00
3.0000e+01 -4.0000e+01 -1.0005e+01
3.0000e+01 -3.0000e+01 -1.1945e+01
3.0000e+01 -2.0000e+01 -1.1213e+01
3.0000e+01 -1.0000e+01 -1.4615e+01
3.0000e+01 0.0000e+00 -1.2493e+01
3.0000e+01 1.0000e+01 -1.2730e+01
3.0000e+01 2.0000e+01 -1.1909e+01
3.0000e+01 3.0000e+01 -1.4371e+01
3.0000e+01 4.0000e+01 -1.0865e+01
3.0000e+01 5.0000e+01 -7.7029e+00
3.0000e+01 6.0000e+01 -8.4483e+00
3.0000e+01 7.0000e+01 -6.3341e+00
3.0000e+01 8.0000e+01 -4.9976e+00
3.0000e+01 9.0000e+01 -3.6170e+00
3.0000e+01 1.0000e+02 -2.2061e+00
3.0000e+01 1.1000e+02 -1.7521e+00
3.0000e+01 1.2000e+02 -1.6987e+00
3.0000e+01 1.3000e+02 1.3211e+00
3.0000e+01 1.4000e+02 -1.6815e+00
3.0000e+01 1.5000e+02 -1.5067e+00
3.0000e+01 1.6000e+02 -6.5270e-01
3.0000e+01 1.7000e+02 1.5215e+00
3.0000e+01 1.8000e+02 -1.5318e+00
3.0000e+01 1.9000e+02 7.5511e-01
3.0000e+01 2.0000e+02 3.8448e-01
4.0000e+01 -2.0000e+02 4.7376e-01
4.0000e+01 -1.9000e+02 -1.2050e+00
4.0000e+01 -1.8000e+02 8.2021e-01
4.0000e+01 -1.7000e+02 -5.6584e-01
4.0000e+01 -1.6000e+02 1.2218e+00
4.0000e+01 -1.5000e+02 -2.3962e+00
4.0000e+01 -1.4000e+02 -2.3922e+00
4.0000e+01 -1.3000e+02 -1.4849e+00
4.0000e+01 -1.2000e+02 -1.1079e+00
4.0000e+01 -1.1000e+02 6.3706e-02
4.0000e+01 -1.0000e+02 -2.2889e+00
4.0000e+01 -9.0000e+01 -3.8634e+00
4.0000e+01 -8.0000e+01 -6.5057e+00
4.0000e+01 -7.0000e+01 -2.7959e+00
4.0000e+01 -6.0000e+01 -9.4847e+00
4.0000e+01 -5.0000e+01 -6.8770e+00
4.0000e+01 -4.0000e+01 -1.0019e+01
4.0000e+01 -3.0000e+01 -9.8164e+00
4.0000e+01 -2.0000e+01 -1.1100e+01
4.0000e+01 -1.0000e+01 -9.7054e+00
4.0000e+01 0.0000e+00 -1.1281e+01
4.0000e+01 1.0000e+01 -1.0243e+01
4.0000e+01 2.0000e+01 -1.2327e+01
4.0000e+01 3.0000e+01 -8.8252e+00
4.0000e+01 4.0000e+01 -9.2866e+00
4.0000e+01 5.0000e+01 -6.8685e+00
4.0000e+01 6.0000e+01 -6.4478e+00
4.0000e+01 7.0000e+01 -5.4131e+00
4.0000e+01 8.0000e+01 -4.9330e+00
4.0000e+01 9.0000e+01 -3.3777e+00
4.0000e+01 1.0000e+02 -1.8959e+00
4.0000e+01 1.1000e+02 -3.2968e+00
4.0000e+01 1.2000e+02 -1.5060e+00
4.0000e+01 1.3000e+02 -8.0881e-02
4.0000e+01 1.4000e+02 -5.2864e-01
4.0000e+01 1.5000e+02 1.1680e+00
4.0000e+01 1.6000e+02 -2.4009e+00
4.0000e+01 1.7000e+02 2.4968e+00
4.0000e+01 1.8000e+02 -2.3639e+00
4.0000e+01 1.9000e+02 -3.5316e-01
4.0000e+01 2.0000e+02 -6.1687e-01
5.0000e+01 -2.0000e+02 -2.4946e+00
5.0000e+01 -1.9000e+02 8.4460e-01
5.0000e+01 -1.8000e+02 2.8468e+00
5.0000e+01 -1.7000e+02 -3.0348e+00
5.0000e+01 -1.6000e+02 -8.4875e-01
5.0000e+01 -1.5000e+02 -2.0445e+00
5.0000e+01 -1.4000e+02 -1.7207e+00
5.0000e+01 -1.3000e+02 5.5534e-01
5.0000e+01 -1.2000e+02 -1.5683e-01
5.0000e+01 -1.1000e+02 -2.7949e-01
5.0000e+01 -1.0000e+02 -1.6609e+00
5.0000e+01 -9.0000e+01 -2.4689e+00
5.0000e+01 -8.0000e+01 -4.9516e+00
5.0000e+01 -7.0000e+01 -2.8148e+00
5.0000e+01 -6.0000e+01 -5.7888e+00
5.0000e+01 -5.0000e+01 -6.0937e+00
5.0000e+01 -4.0000e+01 -7.7460e+00
5.0000e+01 -3.0000e+01 -8.7957e+00
5.0000e+01 -2.0000e+01 -9.7775e+00
5.0000e+01 -1.0000e+01 -1.1342e+01
5.0000e+01 0.0000e+00 -7.7759e+00
5.0000e+01 1.0000e+01 -9.2877e+00
5.0000e+01 2.0000e+01 -7.8715e+00
5.0000e+01 3.0000e+01 -8.6697e+00
5.0000e+01 4.0000e+01 -9.2770e+00
5.0000e+01 5.0000e+01 -7.9785e+00
5.0000e+01 6.0000e+01 -6.1842e+00
5.0000e+01 7.0000e+01 -3.8400e+00
5.0000e+01 8.0000e+01 -2.4686e+00
5.0000e+01 9.0000e+01 -4.7273e+00
5.0000e+01 1.0000e+02 -1.9549e+00
5.0000e+01 1.1000e+02 6.8839e-01
5.0000e+01 1.2000e+02 -5.4265e-01
5.0000e+01 1.3000e+02 5.5727e-01
5.0000e+01 1.4000e+02 -8.3016e-01
5.0000e+01 1.5000e+02 -3.1984e-01
5.0000e+01 1.6000e+02 -3.7232e+00
5.0000e+01 1.7000e+02 -2.3621e-01
5.0000e+01 1.8000e+02 3.3986e-01
5.0000e+01 1.9000e+02 2.0100e+00
5.0000e+01 2.0000e+02 -7.1471e-01
6.0000e+01 -2.0000e+02 9.4494e-01
6.0000e+01 -1.9000e+02 -1.4106e+00
6.0000e+01 -1.8000e+02 -6.1997e-02
6.0000e+01 -1.7000e+02 -3.7912e+00
6.0000e+01 -1.6000e+02 9.4742e-01
6.0000e+01 -1.5000e+02 -2.0534e+00
6.0000e+01 -1.4000e+02 3.3344e-01
6.0000e+01 -1.3000e+02 -2.1134e+00
6.0000e+01 -1.2000e+02 -8.8609e-02
6.0000e+01 -1.1000e+02 3.2849e-01
6.0000e+01 -1.0000e+02 -9.8547e-01
6.0000e+01 -9.0000e+01 -3.9918e+00
6.0000e+01 -8.0000e+01 -1.5506e+00
6.0000e+01 -7.0000e+01 -3.2589e+00
6.0000e+01 -6.0000e+01 -2.8766e+00
6.0000e+01 -5.0000e+01 -5.3584e+00
6.0000e+01 -4.0000e+01 -6.8700e+00
6.0000e+01 -3.0000e+01 -8.2504e+00
6.0000e+01 -2.0000e+01 -8.6736e+00
6.0000e+01 -1.0000e+01 -7.9395e+00
6.0000e+01 0.0000e+00 -9.0544e+00
6.0000e+01 1.0000e+01 -7.7914e+00
6.0000e+01 2.0000e+01 -7.6976e+00
6.0000e+01 3.0000e+01 -7.7227e+00
6.0000e+01 4.0000e+01 -5.5853e+00
6.0000e+01 5.0000e+01 -6.0871e+00
6.0000e+01 6.0000e+01 -4.7147e+00
6.0000e+01 7.0000e+01 -3.2790e+00
6.0000e+01 8.0000e+01 -2.3471e+00
6.0000e+01 9.0000e+01 -5.3845e-01
6.0000e+01 1.0000e+02 -3.7049e+00
6.0000e+01 1.1000e+02 -2.2112e+00
6.0000e+01 1.2000e+02 -1.4718e+00
6.0000e+01 1.3000e+02 -1.4001e+00
6.0000e+01 1.4000e+02 -8.6390e-01
6.0000e+01 1.5000e+02 -1.7007e+00
6.0000e+01 1.6000e+02 -2.2207e+00
6.0000e+01 1.7000e+02 -8.4810e-01
6.0000e+01 1.8000e+02 -6.9468e-04
6.0000e+01 1.9000e+02 -1.5830e+00
6.0000e+01 2.0000e+02 -9.4490e-01
7.0000e+01 -2.0000e+02 1.0379e+00
7.0000e+01 -1.9000e+02 8.2250e-01
7.0000e+01 -1.8000e+02 8.5395e-01
7.0000e+01 -1.7000e+02 -2.6129e+00
7.0000e+01 -1.6000e+02 7.5075e-01
7.0000e+01 -1.5000e+02 -1.1649e+00
7.0000e+01 -1.4000e+02 -2.2118e+00
7.0000e+01 -1.3000e+02 -6.7296e-01
7.0000e+01 -1.2000e+02 -1.4597e+00
7.0000e+01 -1.1000e+02 1.2950e+00
7.0000e+01 -1.0000e+02 -1.2711e+00
7.0000e+01 -9.0000e+01 6.6830e-01
7.0000e+01 -8.0000e+01 -4.9264e+00
7.0000e+01 -7.0000e+01 -3.8699e+00
7.0000e+01 -6.0000e+01 -3.5349e+00
7.0000e+01 -5.0000e+01 -4.8397e+00
7.0000e+01 -4.0000e+01 -1.9678e+00
7.0000e+01 -3.0000e+01 -7.4193e+00
7.0000e+01 -2.0000e+01 -5.9979e+00
7.0000e+01 -1.0000e+01 -6.5175e+00
7.0000e+01 0.0000e+00 -7.0328e+00
7.0000e+01 1.0000e+01 -5.2451e+00
7.0000e+01 2.0000e+01 -6.1745e+00
7.0000e+01 3.0000e+01 -4.3240e+00
7.0000e+01 4.0000e+01 -6.4476e+00
7.0000e+01 5.0000e+01 -6.9977e+00
7.0000e+01 6.0000e+01 -2.2404e+00
7.0000e+01 7.0000e+01 -2.9844e+00
7.0000e+01 8.0000e+01 -2.7990e+00
7.0000e+01 9.0000e+01 -1.1153e+00
7.0000e+01 1.0000e+02 -4.0579e+00
7.0000e+01 1.1000e+02 -2.1908e+00
7.0000e+01 1.2000e+02 -1.1642e-01
7.0000e+01 1.3000e+02 -3.7984e+00
7.0000e+01 1.4000e+02 -1.0218e+00
7.0000e+01 1.5000e+02 -6.4323e-01
7.0000e+01 1.6000e+02 6.1882e-01
7.0000e+01 1.7000e+02 1.5100e+00
7.0000e+01 1.8000e+02 1.3568e-01
7.0000e+01 1.9000e+02 2.3684e-01
7.0000e+01 2.0000e+02 5.0762e-01
8.0000e+01 -2.0000e+02 5.9693e-01
8.0000e+01 -1.9000e+02 -1.3426e+00
8.0000e+01 -1.8000e+02 -2.1534e+00
8.0000e+01 -1.7000e+02 1.1638e+00
8.0000e+01 -1.6000e+02 2.3872e+00
8.0000e+01 -1.5000e+02 1.7907e+00
8.0000e+01 -1.4000e+02 -8.1897e-01
8.0000e+01 -1.3000e+02 -1.2592e+00
8.0000e+01 -1.2000e+02 -1.7465e+00
8.0000e+01 -1.1000e+02 1.4374e+00
8.0000e+01 -1.0000e+02 -1.5059e+00
8.0000e+01 -9.0000e+01 -5.3796e-01
8.0000e+01 -8.0000e+01 -2.6944e+00
8.0000e+01 -7.0000e+01 -4.6291e+00
8.0000e+01 -6.0000e+01 -5.8538e+00
8.0000e+01 -5.0000e+01 -3.6184e+00
8.0000e+01 -4.0000e+01 -4.0931e+00
8.0000e+01 -3.0000e+01 -3.9365e+00
8.0000e+01 -2.0000e+01 -7.8981e+00
8.0000e+01 -1.0000e+01 -5.0149e+00
8.0000e+01 0.0000e+00 -4.5648e+00
8.0000e+01 1.0000e+01 -4.2952e+00
8.0000e+01 2.0000e+01 -5.2654e+00
8.0000e+01 3.0000e+01 -4.2172e+00
8.0000e+01 4.0000e+01 -3.3937e+00
8.0000e+01 5.0000e+01 -4.3545e+00
8.0000e+01 6.0000e+01 -1.6374e+00
8.0000e+01 7.0000e+01 -4.3353e+00
8.0000e+01 8.0000e+01 -2.3356e+00
8.0000e+01 9.0000e+01 -2.7493e+00
8.0000e+01 1.0000e+02 -4.7858e-01
8.0000e+01 1.1000e+02 1.1012e-01
8.0000e+01 1.2000e+02 -1.8720e+00
8.0000e+01 1.3000e+02 -2.3158e+00
8.0000e+01 1.4000e+02 -7.6176e-01
8.0000e+01 1.5000e+02 -1.0131e+00
8.0000e+01 1.6000e+02 9.9625e-01
8.0000e+01 1.7000e+02 -1.8725e+00
8.0000e+01 1.8000e+02 -2.3483e+00
8.0000e+01 1.9000e+02 -1.0581e+00
8.0000e+01 2.0000e+02 -2.1299e-01
9.0000e+01 -2.0000e+02 1.4666e-01
9.0000e+01 -1.9000e+02 -1.8166e+00
9.0000e+01 -1.8000e+02 2.1480e+00
9.0000e+01 -1.7000e+02 -1.4407e+00
9.0000e+01 -1.6000e+02 -8.0182e-01
9.0000e+01 -1.5000e+02 -2.2633e+00
9.0000e+01 -1.4000e+02 6.3848e-01
9.0000e+01 -1.3000e+02 -3.4406e-01
9.0000e+01 -1.2000e+02 2.4992e-02
9.0000e+01 -1.1000e+02 -3.2898e+00
9.0000e+01 -1.0000e+02 -1.0448e+00
9.0000e+01 -9.0000e+01 5.1157e-01
9.0000e+01 -8.0000e+01 -3.2050e+00
9.0000e+01 -7.0000e+01 -1.9169e+00
9.0000e+01 -6.0000e+01 -1.6168e+00
9.0000e+01 -5.0000e+01 -1.7380e+00
9.0000e+01 -4.0000e+01 -2.2369e+00
9.0000e+01 -3.0000e+01 -2.5779e+00
9.0000e+01 -2.0000e+01 -3.9082e+00
9.0000e+01 -1.0000e+01 -3.3392e+00
9.0000e+01 0.0000e+00 -5.1481e+00
9.0000e+01 1.0000e+01 -5.8051e+00
9.0000e+01 2.0000e+01 -5.4685e+00
9.0000e+01 3.0000e+01 -3.2787e+00
9.0000e+01 4.0000e+01 -3.5843e+00
9.0000e+01 5.0000e+01 -9.5698e-01
9.0000e+01 6.0000e+01 -1.4994e+00
9.0000e+01 7.0000e+01 -4.2839e+00
9.0000e+01 8.0000e+01 -1.9308e-02
9.0000e+01 9.0000e+01 -4.9316e-01
9.0000e+01 1.0000e+02 -1.7645e+00
9.0000e+01 1.1000e+02 2.7385e+00
9.0000e+01 1.2000e+02 -7.7999e-01
9.0000e+01 1.3000e+02 -1.2426e+00
9.0000e+01 1.4000e+02 -1.5053e+00
9.0000e+01 1.5000e+02 1.5992e+00
9.0000e+01 1.6000e+02 4.0521e-01
9.0000e+01 1.7000e+02 -1.5489e+00
9.0000e+01 1.8000e+02 2.5625e-01
9.0000e+01 1.9000e+02 2.1921e+00
9.0000e+01 2.0000e+02 1.6594e+00
1.0000e+02 -2.0000e+02 1.0723e-01
1.0000e+02 -1.9000e+02 -5.7082e-01
1.0000e+02 -1.8000e+02 -1.4008e+00
1.0000e+02 -1.7000e+02 1.2059e+00
1.0000e+02 -1.6000e+02 -2.0857e+00
1.0000e+02 -1.5000e+02 -1.8166e+00
1.0000e+02 -1.4000e+02 -1.8547e+00
1.0000e+02 -1.3000e+02 -9.8990e-01
1.0000e+02 -1.2000e+02 -2.7836e+00
1.0000e+02 -1.1000e+02 -9.6370e-02
1.0000e+02 -1.0000e+02 4.8129e-01
1.0000e+02 -9.0000e+01 4.6361e-01
1.0000e+02 -8.0000e+01 -2.4042e-01
1.0000e+02 -7.0000e+01 -6.1986e-01
1.0000e+02 -6.0000e+01 3.2973e-03
1.0000e+02 -5.0000e+01 -2.2634e+00
1.0000e+02 -4.0000e+01 -5.2883e-01
1.0000e+02 -3.0000e+01 -2.7303e+00
1.0000e+02 -2.0000e+01 -7.6166e-01
1.0000e+02 -1.0000e+01 -5.3524e+00
1.0000e+02 0.0000e+00 -3.2121e+00
1.0000e+02 1.0000e+01 -2.7813e+00
1.0000e+02 2.0000e+01 -1.9713e+00
1.0000e+02 3.0000e+01 -1.5337e+00
1.0000e+02 4.0000e+01 -3.9574e+00
1.0000e+02 5.0000e+01 -1.2560e-02
1.0000e+02 6.0000e+01 -1.9324e+00
1.0000e+02 7.0000e+01 3.3043e-01
1.0000e+02 8.0000e+01 1.2563e+00
1.0000e+02 9.0000e+01 -4.6652e-01
1.0000e+02 1.0000e+02 -2.5517e+00
1.0000e+02 1.1000e+02 4.3338e-01
1.0000e+02 1.2000e+02 -1.3815e-01
1.0000e+02 1.3000e+02 -3.7152e-01
1.0000e+02 1.4000e+02 1.4903e+00
1.0000e+02 1.5000e+02 -8.2002e-01
1.0000e+02 1.6000e+02 -1.6172e-01
1.0000e+02 1.7000e+02 -1.9084e+00
1.0000e+02 1.8000e+02 1.2562e-01
1.0000e+02 1.9000e+02 1.0080e+00
1.0000e+02 2.0000e+02 7.8323e-01
1.1000e+02 -2.0000e+02 3.4373e-01
1.1000e+02 -1.9000e+02 -9.6817e-01
1.1000e+02 -1.8000e+02 2.2320e+00
1.1000e+02 -1.7000e+02 4.8265e-02
1.1000e+02 -1.6000e+02 -2.3978e-01
1.1000e+02 -1.5000e+02 1.8138e+00
1.1000e+02 -1.4000e+02 -1.5902e-01
1.1000e+02 -1.3000e+02 -1.4437e+00
1.1000e+02 -1.2000e+02 2.0488e-01
1.1000e+02 -1.1000e+02 -2.2423e+00
1.1000e+02 -1.0000e+02 -3.9410e+00
1.1000e+02 -9.0000e+01 -2.2333e+00
1.1000e+02 -8.0000e+01 -7.3885e-01
1.1000e+02 -7.0000e+01 -3.0471e+00
1.1000e+02 -6.0000e+01 1.3864e+00
1.1000e+02 -5.0000e+01 -2.6151e+00
1.1000e+02 -4.0000e+01 -1.3520e-01
1.1000e+02 -3.0000e+01 1.3088e+00
1.1000e+02 -2.0000e+01 -2.4909e+00
1.1000e+02 -1.0000e+01 -3.1674e+00
1.1000e+02 0.0000e+00 -4.9455e+00
1.1000e+02 1.0000e+01 -2.5507e+00
1.1000e+02 2.0000e+01 -2.7636e+00
1.1000e+02 3.0000e+01 -2.3354e+00
1.1000e+02 4.0000e+01 -1.4506e+00
1.1000e+02 5.0000e+01 -1.3848e+00
1.1000e+02 6.0000e+01 -1.5911e+00
1.1000e+02 7.0000e+01 1.8549e+00
1.1000e+02 8.0000e+01 -2.4826e+00
1.1000e+02 9.0000e+01 -3.4271e-02
1.1000e+02 1.0000e+02 -1.4318e+00
1.1000e+02 1.1000e+02 3.2798e+00
1.1000e+02 1.2000e+02 -1.4017e-01
1.1000e+02 1.3000e+02 -4.9967e-01
1.1000e+02 1.4000e+02 -6.0312e-01
1.1000e+02 1.5000e+02 4.7722e-01
1.1000e+02 1.6000e+02 -3.3799e+00
1.1000e+02 1.7000e+02 9.8296e-01
1.1000e+02 1.8000e+02 -2.4769e-01
1.1000e+02 1.9000e+02 2.4871e-02
1.1000e+02 2.0000e+02 -4.4949e-01
1.2000e+02 -2.0000e+02 1.7172e+00
1.2000e+02 -1.9000e+02 7.9301e-01
1.2000e+02 -1.8000e+02 2.1455e+00
1.2000e+02 -1.7000e+02 3.5299e-01
1.2000e+02 -1.6000e+02 6.4782e-01
1.2000e+02 -1.5000e+02 1.0357e+00
1.2000e+02 -1.4000e+02 -9.4549e-02
1.2000e+02 -1.3000e+02 2.9971e+00
1.2000e+02 -1.2000e+02 5.9747e-01
1.2000e+02 -1.1000e+02 7.9886e-01
1.2000e+02 -1.0000e+02 1.4439e+00
1.2000e+02 -9.0000e+01 4.6692e-01
1.2000e+02 -8.0000e+01 2.6264e+00
1.2000e+02 -7.0000e+01 -1.8411e+00
1.2000e+02 -6.0000e+01 -3.3870e-01
1.2000e+02 -5.0000e+01 -8.5240e-01
1.2000e+02 -4.0000e+01 -8.4670e-01
1.2000e+02 -3.0000e+01 -7.6545e-01
1.2000e+02 -2.0000e+01 -1.2079e+00
1.2000e+02 -1.0000e+01 -2.7682e+00
1.2000e+02 0.0000e+00 -1.0385e+00
1.2000e+02 1.0000e+01 -9.3194e-01
1.2000e+02 2.0000e+01 -2.8363e+00
1.2000e+02 3.0000e+01 -8.5390e-01
1.2000e+02 4.0000e+01 1.0125e+00
1.2000e+02 5.0000e+01 -8.5134e-01
1.2000e+02 6.0000e+01 -7.1995e-01
1.2000e+02 7.0000e+01 9.0127e-01
1.2000e+02 8.0000e+01 -2.2637e+00
1.2000e+02 9.0000e+01 2.3359e+00
1.2000e+02 1.0000e+02 -1.8316e+00
1.2000e+02 1.1000e+02 1.6836e+00
1.2000e+02 1.2000e+02 -5.1895e-01
1.2000e+02 1.3000e+02 1.7549e+00
1.2000e+02 1.4000e+02 -1.1142e+00
1.2000e+02 1.5000e+02 7.9082e-01
1.2000e+02 1.6000e+02 2.1734e+00
1.2000e+02 1.7000e+02 8.7753e-01
1.2000e+02 1.8000e+02 1.7324e-01
1.2000e+02 1.9000e+02 -6.6607e-01
1.2000e+02 2.0000e+02 -3.4606e+00
1.3000e+02 -2.0000e+02 -6.7158e-01
1.3000e+02 -1.9000e+02 -7.8647e-01
1.3000e+02 -1.8000e+02 -1.3561e-02
1.3000e+02 -1.7000e+02 -1.8828e+00
1.3000e+02 -1.6000e+02 -2.6047e-01
1.3000e+02 -1.5000e+02 2.7527e-01
1.3000e+02 -1.4000e+02 6.5298e-02
1.3000e+02 -1.3000e+02 1.1461e+00
1.3000e+02 -1.2000e+02 -2.6952e+00
1.3000e+02 -1.1000e+02 -1.4817e+00
1.3000e+02 -1.0000e+02 -9.3111e-01
1.3000e+02 -9.0000e+01 2.3191e-01
1.3000e+02 -8.0000e+01 -4.8977e-01
1.3000e+02 -7.0000e+01 -6.7178e-01
1.3000e+02 -6.0000e+01 1.4178e+00
1.3000e+02 -5.0000e+01 -4.2855e+00
1.3000e+02 -4.0000e+01 -9.3171e-01
1.3000e+02 -3.0000e+01 -1.9116e+00
1.3000e+02 -2.0000e+01 -3.0741e-01
1.3000e+02 -1.0000e+01 1.6952e+00
1.3000e+02 0.0000e+00 -3.2391e+00
1.3000e+02 1.0000e+01 -2.5347e+00
1.3000e+02 2.0000e+01 -1.7425e+00
1.3000e+02 3.0000e+01 -1.3492e+00
1.3000e+02 4.0000e+01 -5.6223e-01
1.3000e+02 5.0000e+01 -9.0079e-01
1.3000e+02 6.0000e+01 1.6001e+00
1.3000e+02 7.0000e+01 7.1854e-01
1.3000e+02 8.0000e+01 9.0999e-01
1.3000e+02 9.0000e+01 -2.8854e+00
1.3000e+02 1.0000e+02 -2.4075e+00
1.3000e+02 1.1000e+02 -1.2107e+00
1.3000e+02 1.2000e+02 -3.7344e+00
1.3000e+02 1.3000e+02 -7.7520e-01
1.3000e+02 1.4000e+02 1.3891e+00
1.3000e+02 1.5000e+02 -1.3237e+00
1.3000e+02 1.6000e+02 2.0158e+00
1.3000e+02 1.7000e+02 -2.8383e-01
1.3000e+02 1.8000e+02 3.2617e-02
1.3000e+02 1.9000e+02 7.9287e-01
1.3000e+02 2.0000e+02 -6.5556e-01
1.4000e+02 -2.0000e+02 1.3994e+00
1.4000e+02 -1.9000e+02 -6.6062e-01
1.4000e+02 -1.8000e+02 3.6215e+00
1.4000e+02 -1.7000e+02 -4.9652e-01
1.4000e+02 -1.6000e+02 -6.7484e-01
1.4000e+02 -1.5000e+02 -2.5127e+00
1.4000e+02 -1.4000e+02 -2.1443e+00
1.4000e+02 -1.3000e+02 -1.0345e-01
1.4000e+02 -1.2000e+02 -1.2378e+00
1.4000e+02 -1.1000e+02 -1.9798e+00
1.4000e+02 -1.0000e+02 -2.4297e+00
1.4000e+02 -9.0000e+01 -1.7210e+00
1.4000e+02 -8.0000e+01 7.3392e-01
1.4000e+02 -7.0000e+01 6.7257e-01
1.4000e+02 -6.0000e+01 -7.2827e-01
1.4000e+02 -5.0000e+01 -2.6466e-01
1.4000e+02 -4.0000e+01 -9.5164e-01
1.4000e+02 -3.0000e+01 -7.4582e-01
1.4000e+02 -2.0000e+01 1.6136e+00
1.4000e+02 -1.0000e+01 -1.2752e+00
1.4000e+02 0.0000e+00 -1.1968e+00
1.4000e+02 1.0000e+01 -1.4445e+00
1.4000e+02 2.0000e+01 1.9676e-01
1.4000e+02 3.0000e+01 1.4013e+00
1.4000e+02 4.0000e+01 1.5878e+00
1.4000e+02 5.0000e+01 1.3245e+00
1.4000e+02 6.0000e+01 -6.0272e-01
1.4000e+02 7.0000e+01 7.3458e-01
1.4000e+02 8.0000e+01 -2.6209e+00
1.4000e+02 9.0000e+01 3.2200e-01
1.4000e+02 1.0000e+02 1.4798e+00
1.4000e+02 1.1000e+02 -3.5452e-01
1.4000e+02 1.2000e+02 4.2076e-01
1.4000e+02 1.3000e+02 -1.4206e-02
1.4000e+02 1.4000e+02 -1.7629e+00
1.4000e+02 1.5000e+02 -1.3106e+00
1.4000e+02 1.6000e+02 1.3862e+00
1.4000e+02 1.7000e+02 -3.0508e+00
1.4000e+02 1.8000e+02 -3.9226e+00
1.4000e+02 1.9000e+02 4.0880e-01
1.4000e+02 2.0000e+02 1.4676e+00
1.5000e+02 -2.0000e+02 -3.4567e-01
1.5000e+02 -1.9000e+02 -1.1505e+00
1.5000e+02 -1.8000e+02 -3.0786e+00
1.5000e+02 -1.7000e+02 -2.2248e+00
1.5000e+02 -1.6000e+02 7.6843e-01
1.5000e+02 -1.5000e+02 -7.5998e-01
1.5000e+02 -1.4000e+02 -2.4298e+00
1.5000e+02 -1.3000e+02 -2.9261e-01
1.5000e+02 -1.2000e+02 -7.7629e-01
1.5000e+02 -1.1000e+02 1.2277e+00
1.5000e+02 -1.0000e+02 -4.1482e-01
1.5000e+02 -9.0000e+01 -3.4704e-01
1.5000e+02 -8.0000e+01 4.4675e-01
1.5000e+02 -7.0000e+01 1.0989e+00
1.5000e+02 -6.0000e+01 -3.9501e+00
1.5000e+02 -5.0000e+01 1.4885e+00
1.5000e+02 -4.0000e+01 -1.3087e+00
1.5000e+02 -3.0000e+01 -2.9352e+00
1.5000e+02 -2.0000e+01 -4.4491e-03
1.5000e+02 -1.0000e+01 2.2190e+00
1.5000e+02 0.0000e+00 -1.0953e+00
1.5000e+02 1.0000e+01 1.2982e+00
1.5000e+02 2.0000e+01 -1.0228e+00
1.5000e+02 3.0000e+01 -3.4585e-01
1.5000e+02 4.0000e+01 2.8816e-01
1.5000e+02 5.0000e+01 -1.8781e+00
1.5000e+02 6.0000e+01 4.4894e-01
1.5000e+02 7.0000e+01 2.3683e+00
1.5000e+02 8.0000e+01 1.2249e+00
1.5000e+02 9.0000e+01 -1.3071e+00
1.5000e+02 1.0000e+02 1.6550e+00
1.5000e+02 1.1000e+02 1.8491e-01
1.5000e+02 1.2000e+02 -2.2318e-01
1.5000e+02 1.3000e+02 3.4211e+00
1.5000e+02 1.4000e+02 -9.9956e-01
1.5000e+02 1.5000e+02 1.1240e+00
1.5000e+02 1.6000e+02 4.6743e-01
1.5000e+02 1.7000e+02 -1.8214e-01
1.5000e+02 1.8000e+02 -2.3717e+00
1.5000e+02 1.9000e+02 1.0913e+00
1.5000e+02 2.0000e+02 2.9694e-01
1.6000e+02 -2.0000e+02 -1.8201e-01
1.6000e+02 -1.9000e+02 1.8962e+00
1.6000e+02 -1.8000e+02 -1.5740e+00
1.6000e+02 -1.7000e+02 9.1532e-02
1.6000e+02 -1.6000e+02 -6.0435e-01
1.6000e+02 -1.5000e+02 -3.2511e-01
1.6000e+02 -1.4000e+02 -2.5383e-01
1.6000e+02 -1.3000e+02 -1.4651e+00
1.6000e+02 -1.2000e+02 4.3068e-01
1.6000e+02 -1.1000e+02 -2.9723e-01
1.6000e+02 -1.0000e+02 -4.7174e-01
1.6000e+02 -9.0000e+01 2.3739e-01
1.6000e+02 -8.0000e+01 1.1207e+00
1.6000e+02 -7.0000e+01 -3.3070e+00
1.6000e+02 -6.0000e+01 -2.1837e+00
1.6000e+02 -5.0000e+01 7.7970e-01
1.6000e+02 -4.0000e+01 4.1432e-01
1.6000e+02 -3.0000e+01 -3.9025e+00
1.6000e+02 -2.0000e+01 1.3192e+00
1.6000e+02 -1.0000e+01 -2.4386e+00
1.6000e+02 0.0000e+00 -2.3612e+00
1.6000e+02 1.0000e+01 -7.7067e-01
1.6000e+02 2.0000e+01 1.7804e+00
1.6000e+02 3.0000e+01 1.0548e+00
1.6000e+02 4.0000e+01 -1.6285e-01
1.6000e+02 5.0000e+01 7.2012e-01
1.6000e+02 6.0000e+01 1.0491e+00
1.6000e+02 7.0000e+01 1.0622e+00
1.6000e+02 8.0000e+01 2.7241e-01
1.6000e+02 9.0000e+01 -2.6534e-01
1.6000e+02 1.0000e+02 -5.3119e-01
1.6000e+02 1.1000e+02 -8.2916e-01
1.6000e+02 1.2000e+02 -1.1613e+00
1.6000e+02 1.3000e+02 -3.4516e-01
1.6000e+02 1.4000e+02 6.3226e-01
1.6000e+02 1.5000e+02 2.3355e+00
1.6000e+02 1.6000e+02 1.3741e+00
1.6000e+02 1.7000e+02 1.5509e-01
1.6000e+02 1.8000e+02 -6.4629e-01
1.6000e+02 1.9000e+02 1.4793e+00
1.6000e+02 2.0000e+02 4.1540e-01
1.7000e+02 -2.0000e+02 -1.5455e+00
1.7000e+02 -1.9000e+02 8.5301e-01
1.7000e+02 -1.8000e+02 2.5652e+00
1.7000e+02 -1.7000e+02 -8.4819e-01
1.7000e+02 -1.6000e+02 -6.7983e-01
1.7000e+02 -1.5000e+02 3.6553e+00
1.7000e+02 -1.4000e+02 4.1892e-01
1.7000e+02 -1.3000e+02 1.2726e+00
1.7000e+02 -1.2000e+02 -7.6776e-01
1.7000e+02 -1.1000e+02 5.7625e-01
1.7000e+02 -1.0000e+02 1.0809e+00
1.7000e+02 -9.0000e+01 -1.1352e+00
1.7000e+02 -8.0000e+01 1.1947e+00
1.7000e+02 -7.0000e+01 2.6330e+00
1.7000e+02 -6.0000e+01 9.0193e-01
1.7000e+02 -5.0000e+01 8.9682e-02
1.7000e+02 -4.0000e+01 2.4073e-01
1.7000e+02 -3.0000e+01 1.6228e+00
1.7000e+02 -2.0000e+01 -1.9924e-01
1.7000e+02 -1.0000e+01 -1.1975e-01
1.7000e+02 0.0000e+00 -9.1304e-01
1.7000e+02 1.0000e+01 1.0150e+00
1.7000e+02 2.0000e+01 1.8578e+00
1.7000e+02 3.0000e+01 -9.6263e-01
1.7000e+02 4.0000e+01 1.5245e+00
1.7000e+02 5.0000e+01 9.7607e-01
1.7000e+02 6.0000e+01 -1.5083e+00
1.7000e+02 7.0000e+01 2.3787e-01
1.7000e+02 8.0000e+01 -1.1974e+00
1.7000e+02 9.0000e+01 -2.6413e+00
1.7000e+02 1.0000e+02 1.0706e-01
1.7000e+02 1.1000e+02 -1.0456e+00
1.7000e+02 1.2000e+02 1.2183e+00
1.7000e+02 1.3000e+02 6.7624e-01
1.7000e+02 1.4000e+02 7.5703e-01
1.7000e+02 1.5000e+02 -1.6208e+00
1.7000e+02 1.6000e+02 3.1428e-01
1.7000e+02 1.7000e+02 2.6651e+00
1.7000e+02 1.8000e+02 1.9617e+00
1.7000e+02 1.9000e+02 1.7361e+00
1.7000e+02 2.0000e+02 3.2484e-01
1.8000e+02 -2.0000e+02 -2.9714e-01
1.8000e+02 -1.9000e+02 -1.4721e+00
1.8000e+02 -1.8000e+02 2.7768e+00
1.8000e+02 -1.7000e+02 3.5785e-01
1.8000e+02 -1.6000e+02 -1.7705e+00
1.8000e+02 -1.5000e+02 2.1890e+00
1.8000e+02 -1.4000e+02 1.2290e-01
1.8000e+02 -1.3000e+02 2.0413e+00
1.8000e+02 -1.2000e+02 -7.6916e-01
1.8000e+02 -1.1000e+02 2.4813e+00
1.8000e+02 -1.0000e+02 -1.8606e+00
1.8000e+02 -9.0000e+01 1.1744e+00
1.8000e+02 -8.0000e+01 -1.6906e+00
1.8000e+02 -7.0000e+01 -3.4305e+00
1.8000e+02 -6.0000e+01 -2.7591e-01
1.8000e+02 -5.0000e+01 -1.3146e+00
1.8000e+02 -4.0000e+01 2.1360e+00
1.8000e+02 -3.0000e+01 -7.3426e-01
1.8000e+02 -2.0000e+01 -1.0952e-01
1.8000e+02 -1.0000e+01 2.9261e+00
1.8000e+02 0.0000e+00 -1.7580e-01
1.8000e+02 1.0000e+01 1.7095e+00
1.8000e+02 2.0000e+01 -9.8813e-01
1.8000e+02 3.0000e+01 1.5764e+00
1.8000e+02 4.0000e+01 1.3007e+00
1.8000e+02 5.0000e+01 -2.2306e+00
1.8000e+02 6.0000e+01 -1.0785e+00
1.8000e+02 7.0000e+01 -2.1452e+00
1.8000e+02 8.0000e+01 1.3312e+00
1.8000e+02 9.0000e+01 1.3547e+00
1.8000e+02 1.0000e+02 3.4269e-01
1.8000e+02 1.1000e+02 -3.7663e-01
1.8000e+02 1.2000e+02 -7.7827e-01
1.8000e+02 1.3000e+02 -2.0867e+00
1.8000e+02 1.4000e+02 1.6042e+00
1.8000e+02 1.5000e+02 -1.0889e+00
1.8000e+02 1.6000e+02 -8.2908e-01
1.8000e+02 1.7000e+02 1.1024e+00
1.8000e+02 1.8000e+02 -2.6345e-02
1.8000e+02 1.9000e+02 2.7184e-01
1.8000e+02 2.0000e+02 4.5752e-01
1.9000e+02 -2.0000e+02 -1.4476e-01
1.9000e+02 -1.9000e+02 1.0513e+00
1.9000e+02 -1.8000e+02 -7.6463e-01
1.9000e+02 -1.7000e+02 8.1291e-01
1.9000e+02 -1.6000e+02 -2.4508e-01
1.9000e+02 -1.5000e+02 -4.3716e-01
1.9000e+02 -1.4000e+02 -8.0850e-01
1.9000e+02 -1.3000e+02 -1.0459e-01
1.9000e+02 -1.2000e+02 -2.0808e+00
1.9000e+02 -1.1000e+02 -2.1785e-01
1.9000e+02 -1.0000e+02 6.5827e-01
1.9000e+02 -9.0000e+01 7.2124e-01
1.9000e+02 -8.0000e+01 -3.1620e+00
1.9000e+02 -7.0000e+01 1.2000e+00
1.9000e+02 -6.0000e+01 1.3830e+00
1.9000e+02 -5.0000e+01 1.4004e+00
1.9000e+02 -4.0000e+01 -3.2780e-01
1.9000e+02 -3.0000e+01 -6.1243e-01
1.9000e+02 -2.0000e+01 1.9498e+00
1.9000e+02 -1.0000e+01 -2.2808e+00
1.9000e+02 0.0000e+00 8.8857e-02
1.9000e+02 1.0000e+01 1.8458e+00
1.9000e+02 2.0000e+01 -1.1134e+00
1.9000e+02 3.0000e+01 1.4411e+00
1.9000e+02 4.0000e+01 -1.3351e+00
1.9000e+02 5.0000e+01 -2.7291e-01
1.9000e+02 6.0000e+01 -1.1626e+00
1.9000e+02 7.0000e+01 4.9886e-01
1.9000e+02 8.0000e+01 8.2963e-01
1.9000e+02 9.0000e+01 1.5028e+00
1.9000e+02 1.0000e+02 1.1903e+00
1.9000e+02 1.1000e+02 3.0287e-01
1.9000e+02 1.2000e+02 -1.5329e+00
1.9000e+02 1.3000e+02 -6.3276e-01
1.9000e+02 1.4000e+02 -1.6156e+00
1.9000e+02 1.5000e+02 -2.0008e-01
1.9000e+02 1.6000e+02 1.1422e+00
1.9000e+02 1.7000e+02 4.9165e-03
1.9000e+02 1.8000e+02 -4.1485e-01
1.9000e+02 1.9000e+02 -2.0565e+00
1.9000e+02 2.0000e+02 -2.9912e-01
2.0000e+02 -2.0000e+02 -3.2600e-01
2.0000e+02 -1.9000e+02 8.4237e-01
2.0000e+02 -1.8000e+02 -9.5862e-01
2.0000e+02 -1.7000e+02 2.0350e-01
2.0000e+02 -1.6000e+02 -1.8077e+00
2.0000e+02 -1.5000e+02 -6.5018e-01
2.0000e+02 -1.4000e+02 1.2536e+00
2.0000e+02 -1.3000e+02 1.1104e+00
2.0000e+02 -1.2000e+02 4.0338e+00
2.0000e+02 -1.1000e+02 -7.4053e-01
2.0000e+02 -1.0000e+02 6.8070e-02
2.0000e+02 -9.0000e+01 -6.1379e-01
2.0000e+02 -8.0000e+01 1.4751e+00
2.0000e+02 -7.0000e+01 3.3745e-01
2.0000e+02 -6.0000e+01 -5.4200e-01
2.0000e+02 -5.0000e+01 -3.5855e-01
2.0000e+02 -4.0000e+01 -3.4469e-01
2.0000e+02 -3.0000e+01 6.5450e-01
2.0000e+02 -2.0000e+01 1.7837e+00
2.0000e+02 -1.0000e+01 -8.2642e-01
2.0000e+02 0.0000e+00 7.3153e-01
2.0000e+02 1.0000e+01 -1.0807e+00
2.0000e+02 2.0000e+01 -6.6993e-02
2.0000e+02 3.0000e+01 -3.1501e-01
2.0000e+02 4.0000e+01 1.6420e+00
2.0000e+02 5.0000e+01 -4.8273e-01
2.0000e+02 6.0000e+01 -1.5336e+00
2.0000e+02 7.0000e+01 1.7189e+00
2.0000e+02 8.0000e+01 7.3925e-01
2.0000e+02 9.0000e+01 -1.3486e+00
2.0000e+02 1.0000e+02 7.7172e-02
2.0000e+02 1.1000e+02 -2.1200e+00
2.0000e+02 1.2000e+02 -7.3603e-01
2.0000e+02 1.3000e+02 1.0843e-01
2.0000e+02 1.4000e+02 2.0234e+00
2.0000e+02 1.5000e+02 8.7664e-02
2.0000e+02 1.6000e+02 -2.8054e+00
2.0000e+02 1.7000e+02 1.9240e+00
2.0000e+02 1.8000e+02 -3.2054e-01
2.0000e+02 1.9000e+02 3.9213e-01
2.0000e+02 2.0000e+02 -1.7530e+00
