-2.0000e+02 -2.0000e+02 1.4196e+00
-2.0000e+02 -1.9000e+02 -1.0418e+00
-2.0000e+02 -1.8000e+02 -1.9620e-01
-2.0000e+02 -1.7000e+02 -1.9878e+00
-2.0000e+02 -1.6000e+02 -2.7497e-01
-2.0000e+02 -1.5000e+02 5.3444e-01
-2.0000e+02 -1.4000e+02 1.3412e+00
-2.0000e+02 -1.3000e+02 4.2591e-01
-2.0000e+02 -1.2000e+02 9.4923e-01
-2.0000e+02 -1.1000e+02 5.4924e-02
-2.0000e+02 -1.0000e+02 -1.8479e-01
-2.0000e+02 -9.0000e+01 4.7115e-01
-2.0000e+02 -8.0000e+01 -1.7520e+00
-2.0000e+02 -7.0000e+01 1.1485e+00
-2.0000e+02 -6.0000e+01 -1.5789e+00
-2.0000e+02 -5.0000e+01 -8.5149e-01
-2.0000e+02 -4.0000e+01 -2.4323e-01
-2.0000e+02 -3.0000e+01 3.3246e-01
-2.0000e+02 -2.0000e+01 2.1223e+00
-2.0000e+02 -1.0000e+01 9.2520e-02
-2.0000e+02 0.0000e+00 -1.2387e+00
-2.0000e+02 1.0000e+01 -5.2593e-01
-2.0000e+02 2.0000e+01 2.5384e+00
-2.0000e+02 3.0000e+01 -1.0370e+00
-2.0000e+02 4.0000e+01 -1.3257e+00
-2.0000e+02 5.0000e+01 -1.3875e+00
-2.0000e+02 6.0000e+01 4.1361e+00
-2.0000e+02 7.0000e+01 -1.0221e+00
-2.0000e+02 8.0000e+01 2.6136e+00
-2.0000e+02 9.0000e+01 -2.2220e+00
-2.0000e+02 1.0000e+02 -1.0316e+00
-2.0000e+02 1.1000e+02 1.6415e-01
-2.0000e+02 1.2000e+02 -1.5160e+00
-2.0000e+02 1.3000e+02 -2.9754e-01
-2.0000e+02 1.4000e+02 5.8986e-01
-2.0000e+02 1.5000e+02 6.2353e-02
-2.0000e+02 1.6000e+02 7.8405e-01
-2.0000e+02 1.7000e+02 -2.6139e+00
-2.0000e+02 1.8000e+02 3.4290e-01
-2.0000e+02 1.9000e+02 -5.2031e-01
-2.0000e+02 2.0000e+02 6.8049e-01
-1.9000e+02 -2.0000e+02 1.2607e+00
-1.9000e+02 -1.9000e+02 -1.2983e+00
-1.9000e+02 -1.8000e+02 -2.0891e-01
-1.9000e+02 -1.7000e+02 1.9344e+00
-1.9000e+02 -1.6000e+02 1.7241e+00
-1.9000e+02 -1.5000e+02 2.9315e+00
-1.9000e+02 -1.4000e+02 2.8380e-01
-1.9000e+02 -1.3000e+02 1.5702e+00
-1.9000e+02 -1.2000e+02 1.3871e+00
-1.9000e+02 -1.1000e+02 -8.0485e-01
-1.9000e+02 -1.0000e+02 1.8036e-01
-1.9000e+02 -9.0000e+01 -2.1477e-01
-1.9000e+02 -8.0000e+01 -9.6445e-01
-1.9000e+02 -7.0000e+01 -1.8053e+00
-1.9000e+02 -6.0000e+01 1.4143e+00
-1.9000e+02 -5.0000e+01 1.8895e-01
-1.9000e+02 -4.0000e+01 8.0240e-01
-1.9000e+02 -3.0000e+01 2.1800e+00
-1.9000e+02 -2.0000e+01 -1.2715e+00
-1.9000e+02 -1.0000e+01 1.2073e+00
-1.9000e+02 0.0000e+00 -2.9253e-01
-1.9000e+02 1.0000e+01 1.0043e+00
-1.9000e+02 2.0000e+01 -4.1484e+00
-1.9000e+02 3.0000e+01 1.6578e+00
-1.9000e+02 4.0000e+01 -3.8135e-01
-1.9000e+02 5.0000e+01 -7.4899e-01
-1.9000e+02 6.0000e+01 -5.4120e-01
-1.9000e+02 7.0000e+01 9.5401e-01
-1.9000e+02 8.0000e+01 3.6216e+00
-1.9000e+02 9.0000e+01 9.4635e-01
-1.9000e+02 1.0000e+02 9.6894e-01
-1.9000e+02 1.1000e+02 6.5147e-01
-1.9000e+02 1.2000e+02 2.0455e+00
-1.9000e+02 1.3000e+02 -2.0900e-01
-1.9000e+02 1.4000e+02 1.0186e+00
-1.9000e+02 1.5000e+02 1.5639e+00
-1.9000e+02 1.6000e+02 -2.3187e+00
-1.9000e+02 1.7000e+02 -6.8833e-01
-1.9000e+02 1.8000e+02 2.0631e+00
-1.9000e+02 1.9000e+02 -5.0303e-01
-1.9000e+02 2.0000e+02 2.4034e+00
-1.8000e+02 -2.0000e+02 4.0277e-01
-1.8000e+02 -1.9000e+02 8.0790e-01
-1.8000e+02 -1.8000e+02 8.2191e-01
-1.8000e+02 -1.7000e+02 -8.8226e-02
-1.8000e+02 -1.6000e+02 7.9256e-01
-1.8000e+02 -1.5000e+02 -7.2233e-01
-1.8000e+02 -1.4000e+02 -1.9061e+00
-1.8000e+02 -1.3000e+02 -4.4629e-01
-1.8000e+02 -1.2000e+02 3.6645e-01
-1.8000e+02 -1.1000e+02 4.8919e-01
-1.8000e+02 -1.0000e+02 -1.5416e+00
-1.8000e+02 -9.0000e+01 2.3800e+00
-1.8000e+02 -8.0000e+01 3.6206e-01
-1.8000e+02 -7.0000e+01 1.0401e+00
-1.8000e+02 -6.0000e+01 1.3504e+00
-1.8000e+02 -5.0000e+01 -1.8766e+00
-1.8000e+02 -4.0000e+01 -2.2537e-01
-1.8000e+02 -3.0000e+01 4.7961e-01
-1.8000e+02 -2.0000e+01 1.6816e+00
-1.8000e+02 -1.0000e+01 1.2768e+00
-1.8000e+02 0.0000e+00 -4.4281e-01
-1.8000e+02 1.0000e+01 2.1371e+00
-1.8000e+02 2.0000e+01 -1.2584e+00
-1.8000e+02 3.0000e+01 3.7556e+00
-1.8000e+02 4.0000e+01 1.4951e-01
-1.8000e+02 5.0000e+01 3.4967e+00
-1.8000e+02 6.0000e+01 -7.0125e-01
-1.8000e+02 7.0000e+01 -9.7633e-01
-1.8000e+02 8.0000e+01 -1.5723e+00
-1.8000e+02 9.0000e+01 1.4517e+00
-1.8000e+02 1.0000e+02 6.0482e-02
-1.8000e+02 1.1000e+02 1.3073e+00
-1.8000e+02 1.2000e+02 1.5538e-01
-1.8000e+02 1.3000e+02 -1.6212e+00
-1.8000e+02 1.4000e+02 1.8777e+00
-1.8000e+02 1.5000e+02 -8.0236e-01
-1.8000e+02 1.6000e+02 -3.6508e-01
-1.8000e+02 1.7000e+02 2.5263e-01
-1.8000e+02 1.8000e+02 1.0518e+00
-1.8000e+02 1.9000e+02 -1.3236e+00
-1.8000e+02 2.0000e+02 9.9553e-01
-1.7000e+02 -2.0000e+02 7.9204e-01
-1.7000e+02 -1.9000e+02 1.7792e-01
-1.7000e+02 -1.8000e+02 -4.6223e-01
-1.7000e+02 -1.7000e+02 -1.4093e+00
-1.7000e+02 -1.6000e+02 -1.2992e+00
-1.7000e+02 -1.5000e+02 -6.0700e-01
-1.7000e+02 -1.4000e+02 1.4308e+00
-1.7000e+02 -1.3000e+02 9.1616e-01
-1.7000e+02 -1.2000e+02 2.1538e-02
-1.7000e+02 -1.1000e+02 -2.9345e+00
-1.7000e+02 -1.0000e+02 -9.1544e-01
-1.7000e+02 -9.0000e+01 2.6830e+00
-1.7000e+02 -8.0000e+01 -1.8088e+00
-1.7000e+02 -7.0000e+01 -1.6243e+00
-1.7000e+02 -6.0000e+01 1.9697e+00
-1.7000e+02 -5.0000e+01 8.7576e-01
-1.7000e+02 -4.0000e+01 6.1945e-01
-1.7000e+02 -3.0000e+01 3.2419e-02
-1.7000e+02 -2.0000e+01 -1.1487e+00
-1.7000e+02 -1.0000e+01 4.4085e-01
-1.7000e+02 0.0000e+00 1.7040e+00
-1.7000e+02 1.0000e+01 7.9846e-01
-1.7000e+02 2.0000e+01 1.1212e+00
-1.7000e+02 3.0000e+01 9.2716e-02
-1.7000e+02 4.0000e+01 7.4845e-01
-1.7000e+02 5.0000e+01 4.5064e-01
-1.7000e+02 6.0000e+01 1.3444e+00
-1.7000e+02 7.0000e+01 -7.8190e-01
-1.7000e+02 8.0000e+01 -2.2580e-01
-1.7000e+02 9.0000e+01 -3.6705e-01
-1.7000e+02 1.0000e+02 1.4260e+00
-1.7000e+02 1.1000e+02 9.7478e-01
-1.7000e+02 1.2000e+02 -1.6476e+00
-1.7000e+02 1.3000e+02 -2.3164e+00
-1.7000e+02 1.4000e+02 4.1285e-01
-1.7000e+02 1.5000e+02 1.5106e+00
-1.7000e+02 1.6000e+02 -9.8780e-01
-1.7000e+02 1.7000e+02 1.7398e+00
-1.7000e+02 1.8000e+02 2.6595e+00
-1.7000e+02 1.9000e+02 2.2556e+00
-1.7000e+02 2.0000e+02 1.1087e+00
-1.6000e+02 -2.0000e+02 2.0756e+00
-1.6000e+02 -1.9000e+02 -9.5876e-01
-1.6000e+02 -1.8000e+02 8.6791e-01
-1.6000e+02 -1.7000e+02 1.3843e+00
-1.6000e+02 -1.6000e+02 6.9976e-01
-1.6000e+02 -1.5000e+02 -2.1378e+00
-1.6000e+02 -1.4000e+02 -1.2072e+00
-1.6000e+02 -1.3000e+02 9.9686e-01
-1.6000e+02 -1.2000e+02 1.5309e+00
-1.6000e+02 -1.1000e+02 4.7607e-01
-1.6000e+02 -1.0000e+02 -1.0489e+00
-1.6000e+02 -9.0000e+01 4.1056e-01
-1.6000e+02 -8.0000e+01 2.1671e-02
-1.6000e+02 -7.0000e+01 -1.1971e+00
-1.6000e+02 -6.0000e+01 1.6701e-01
-1.6000e+02 -5.0000e+01 1.6012e+00
-1.6000e+02 -4.0000e+01 -7.6496e-01
-1.6000e+02 -3.0000e+01 -1.3949e+00
-1.6000e+02 -2.0000e+01 -9.9122e-01
-1.6000e+02 -1.0000e+01 -1.7710e+00
-1.6000e+02 0.0000e+00 -2.2918e+00
-1.6000e+02 1.0000e+01 -2.3893e+00
-1.6000e+02 2.0000e+01 2.2401e+00
-1.6000e+02 3.0000e+01 2.2113e+00
-1.6000e+02 4.0000e+01 9.4212e-01
-1.6000e+02 5.0000e+01 -2.6404e+00
-1.6000e+02 6.0000e+01 -3.0059e-01
-1.6000e+02 7.0000e+01 1.2911e+00
-1.6000e+02 8.0000e+01 9.3992e-01
-1.6000e+02 9.0000e+01 1.7445e+00
-1.6000e+02 1.0000e+02 -1.4406e+00
-1.6000e+02 1.1000e+02 -1.9235e+00
-1.6000e+02 1.2000e+02 -1.0378e+00
-1.6000e+02 1.3000e+02 6.3837e-01
-1.6000e+02 1.4000e+02 -7.7350e-01
-1.6000e+02 1.5000e+02 -6.3823e-01
-1.6000e+02 1.6000e+02 -4.0760e-01
-1.6000e+02 1.7000e+02 7.0367e-01
-1.6000e+02 1.8000e+02 4.7236e-01
-1.6000e+02 1.9000e+02 3.0271e+00
-1.6000e+02 2.0000e+02 -1.9579e+00
-1.5000e+02 -2.0000e+02 2.7666e+00
-1.5000e+02 -1.9000e+02 2.3965e+00
-1.5000e+02 -1.8000e+02 1.6037e+00
-1.5000e+02 -1.7000e+02 3.8537e-01
-1.5000e+02 -1.6000e+02 1.3392e-01
-1.5000e+02 -1.5000e+02 1.5935e+00
-1.5000e+02 -1.4000e+02 5.5165e-01
-1.5000e+02 -1.3000e+02 -6.3146e-01
-1.5000e+02 -1.2000e+02 3.2405e+00
-1.5000e+02 -1.1000e+02 2.9598e-02
-1.5000e+02 -1.0000e+02 1.0274e+00
-1.5000e+02 -9.0000e+01 5.0967e-01
-1.5000e+02 -8.0000e+01 1.2348e+00
-1.5000e+02 -7.0000e+01 -2.6840e-01
-1.5000e+02 -6.0000e+01 -1.6733e+00
-1.5000e+02 -5.0000e+01 -3.6204e-01
-1.5000e+02 -4.0000e+01 1.5782e+00
-1.5000e+02 -3.0000e+01 -3.1050e-01
-1.5000e+02 -2.0000e+01 -1.5254e+00
-1.5000e+02 -1.0000e+01 -2.2330e+00
-1.5000e+02 0.0000e+00 -5.7858e-01
-1.5000e+02 1.0000e+01 -5.3860e-01
-1.5000e+02 2.0000e+01 -1.2444e+00
-1.5000e+02 3.0000e+01 -9.6510e-01
-1.5000e+02 4.0000e+01 -1.1440e+00
-1.5000e+02 5.0000e+01 3.8136e-01
-1.5000e+02 6.0000e+01 1.5068e+00
-1.5000e+02 7.0000e+01 1.5953e+00
-1.5000e+02 8.0000e+01 -4.5792e-01
-1.5000e+02 9.0000e+01 1.2796e+00
-1.5000e+02 1.0000e+02 -1.2034e+00
-1.5000e+02 1.1000e+02 -4.7803e-01
-1.5000e+02 1.2000e+02 1.1319e+00
-1.5000e+02 1.3000e+02 -1.6437e+00
-1.5000e+02 1.4000e+02 2.3560e-01
-1.5000e+02 1.5000e+02 -7.0419e-01
-1.5000e+02 1.6000e+02 6.1466e-01
-1.5000e+02 1.7000e+02 3.3819e-01
-1.5000e+02 1.8000e+02 -1.1435e+00
-1.5000e+02 1.9000e+02 -5.3059e-01
-1.5000e+02 2.0000e+02 3.7988e-01
-1.4000e+02 -2.0000e+02 1.1460e+00
-1.4000e+02 -1.9000e+02 4.2938e+00
-1.4000e+02 -1.8000e+02 -6.1011e-01
-1.4000e+02 -1.7000e+02 -1.2067e+00
-1.4000e+02 -1.6000e+02 1.8148e+00
-1.4000e+02 -1.5000e+02 -7.8264e-01
-1.4000e+02 -1.4000e+02 -1.6038e+00
-1.4000e+02 -1.3000e+02 1.2700e+00
-1.4000e+02 -1.2000e+02 2.2854e+00
-1.4000e+02 -1.1000e+02 -1.3829e+00
-1.4000e+02 -1.0000e+02 5.6092e-01
-1.4000e+02 -9.0000e+01 -4.6315e+00
-1.4000e+02 -8.0000e+01 -1.5101e+00
-1.4000e+02 -7.0000e+01 9.1474e-02
-1.4000e+02 -6.0000e+01 -1.8710e-01
-1.4000e+02 -5.0000e+01 8.6579e-01
-1.4000e+02 -4.0000e+01 -2.6687e+00
-1.4000e+02 -3.0000e+01 2.9594e+00
-1.4000e+02 -2.0000e+01 -8.6920e-01
-1.4000e+02 -1.0000e+01 -9.0720e-01
-1.4000e+02 0.0000e+00 -2.4271e-01
-1.4000e+02 1.0000e+01 -2.5694e+00
-1.4000e+02 2.0000e+01 2.4130e-01
-1.4000e+02 3.0000e+01 6.0384e-02
-1.4000e+02 4.0000e+01 -8.1555e-01
-1.4000e+02 5.0000e+01 2.0676e+00
-1.4000e+02 6.0000e+01 3.9686e-01
-1.4000e+02 7.0000e+01 5.7638e-01
-1.4000e+02 8.0000e+01 -1.2510e-01
-1.4000e+02 9.0000e+01 -3.5818e+00
-1.4000e+02 1.0000e+02 4.7487e-01
-1.4000e+02 1.1000e+02 -1.1985e+00
-1.4000e+02 1.2000e+02 8.7343e-01
-1.4000e+02 1.3000e+02 1.0597e+00
-1.4000e+02 1.4000e+02 -8.8855e-01
-1.4000e+02 1.5000e+02 9.8848e-01
-1.4000e+02 1.6000e+02 -4.9060e-01
-1.4000e+02 1.7000e+02 1.5506e-01
-1.4000e+02 1.8000e+02 1.4197e+00
-1.4000e+02 1.9000e+02 8.3880e-01
-1.4000e+02 2.0000e+02 2.3922e+00
-1.3000e+02 -2.0000e+02 -1.9617e+00
-1.3000e+02 -1.9000e+02 -4.3655e-01
-1.3000e+02 -1.8000e+02 1.1291e+00
-1.3000e+02 -1.7000e+02 -7.7145e-01
-1.3000e+02 -1.6000e+02 2.0801e+00
-1.3000e+02 -1.5000e+02 1.8878e+00
-1.3000e+02 -1.4000e+02 9.7534e-01
-1.3000e+02 -1.3000e+02 1.3289e-01
-1.3000e+02 -1.2000e+02 -1.3456e+00
-1.3000e+02 -1.1000e+02 -6.6085e-01
-1.3000e+02 -1.0000e+02 -1.8151e+00
-1.3000e+02 -9.0000e+01 6.1396e-01
-1.3000e+02 -8.0000e+01 2.3224e+00
-1.3000e+02 -7.0000e+01 -7.1912e-01
-1.3000e+02 -6.0000e+01 -4.7350e-01
-1.3000e+02 -5.0000e+01 2.3249e-01
-1.3000e+02 -4.0000e+01 -1.0191e+00
-1.3000e+02 -3.0000e+01 -1.5146e+00
-1.3000e+02 -2.0000e+01 3.1598e-01
-1.3000e+02 -1.0000e+01 -8.2461e-01
-1.3000e+02 0.0000e+00 -4.5417e-01
-1.3000e+02 1.0000e+01 -5.3160e-02
-1.3000e+02 2.0000e+01 -2.6156e+00
-1.3000e+02 3.0000e+01 7.9227e-01
-1.3000e+02 4.0000e+01 -2.0646e-01
-1.3000e+02 5.0000e+01 2.3735e-01
-1.3000e+02 6.0000e+01 -5.7323e-01
-1.3000e+02 7.0000e+01 -2.6274e+00
-1.3000e+02 8.0000e+01 -8.3072e-01
-1.3000e+02 9.0000e+01 -2.2647e-01
-1.3000e+02 1.0000e+02 2.7059e+00
-1.3000e+02 1.1000e+02 -2.2415e+00
-1.3000e+02 1.2000e+02 2.1050e+00
-1.3000e+02 1.3000e+02 -7.3633e-01
-1.3000e+02 1.4000e+02 9.8062e-01
-1.3000e+02 1.5000e+02 2.9908e+00
-1.3000e+02 1.6000e+02 1.6707e+00
-1.3000e+02 1.7000e+02 6.5855e-01
-1.3000e+02 1.8000e+02 -1.0526e+00
-1.3000e+02 1.9000e+02 1.6543e-01
-1.3000e+02 2.0000e+02 2.3696e+00
-1.2000e+02 -2.0000e+02 3.4924e-01
-1.2000e+02 -1.9000e+02 4.0227e-01
-1.2000e+02 -1.8000e+02 1.5675e-03
-1.2000e+02 -1.7000e+02 7.2829e-01
-1.2000e+02 -1.6000e+02 3.5730e-01
-1.2000e+02 -1.5000e+02 -3.6030e-01
-1.2000e+02 -1.4000e+02 -9.2529e-01
-1.2000e+02 -1.3000e+02 -7.4782e-01
-1.2000e+02 -1.2000e+02 -2.2796e+00
-1.2000e+02 -1.1000e+02 2.1317e+00
-1.2000e+02 -1.0000e+02 6.3965e-01
-1.2000e+02 -9.0000e+01 1.1997e+00
-1.2000e+02 -8.0000e+01 1.1798e+00
-1.2000e+02 -7.0000e+01 -3.6852e+00
-1.2000e+02 -6.0000e+01 -1.6597e+00
-1.2000e+02 -5.0000e+01 -4.1714e+00
-1.2000e+02 -4.0000e+01 -1.3084e+00
-1.2000e+02 -3.0000e+01 -5.4260e-01
-1.2000e+02 -2.0000e+01 -2.8334e+00
-1.2000e+02 -1.0000e+01 -3.2269e+00
-1.2000e+02 0.0000e+00 -2.6874e+00
-1.2000e+02 1.0000e+01 3.0901e+00
-1.2000e+02 2.0000e+01 4.2813e-01
-1.2000e+02 3.0000e+01 -6.0251e-02
-1.2000e+02 4.0000e+01 -1.7261e+00
-1.2000e+02 5.0000e+01 -5.2293e-01
-1.2000e+02 6.0000e+01 -1.4118e+00
-1.2000e+02 7.0000e+01 -1.3947e+00
-1.2000e+02 8.0000e+01 -1.6513e+00
-1.2000e+02 9.0000e+01 1.6847e+00
-1.2000e+02 1.0000e+02 2.1477e-01
-1.2000e+02 1.1000e+02 4.9841e-01
-1.2000e+02 1.2000e+02 -3.4353e-01
-1.2000e+02 1.3000e+02 -4.8925e-01
-1.2000e+02 1.4000e+02 -8.4540e-01
-1.2000e+02 1.5000e+02 1.5259e+00
-1.2000e+02 1.6000e+02 -2.6440e+00
-1.2000e+02 1.7000e+02 -3.5626e-01
-1.2000e+02 1.8000e+02 1.5757e+00
-1.2000e+02 1.9000e+02 6.3227e-01
-1.2000e+02 2.0000e+02 1.5794e+00
-1.1000e+02 -2.0000e+02 7.8519e-01
-1.1000e+02 -1.9000e+02 8.2406e-01
-1.1000e+02 -1.8000e+02 -4.1050e-01
-1.1000e+02 -1.7000e+02 2.1224e+00
-1.1000e+02 -1.6000e+02 -2.3374e+00
-1.1000e+02 -1.5000e+02 3.9345e-02
-1.1000e+02 -1.4000e+02 6.5001e-01
-1.1000e+02 -1.3000e+02 2.2979e-01
-1.1000e+02 -1.2000e+02 -3.4613e-01
-1.1000e+02 -1.1000e+02 7.5849e-01
-1.1000e+02 -1.0000e+02 -1.9628e+00
-1.1000e+02 -9.0000e+01 -1.9741e+00
-1.1000e+02 -8.0000e+01 3.3663e+00
-1.1000e+02 -7.0000e+01 -2.8421e-01
-1.1000e+02 -6.0000e+01 -1.4968e+00
-1.1000e+02 -5.0000e+01 -2.6842e+00
-1.1000e+02 -4.0000e+01 4.7521e-01
-1.1000e+02 -3.0000e+01 -3.0216e+00
-1.1000e+02 -2.0000e+01 -3.1998e+00
-1.1000e+02 -1.0000e+01 -2.2083e+00
-1.1000e+02 0.0000e+00 -4.8698e+00
-1.1000e+02 1.0000e+01 -2.7287e+00
-1.1000e+02 2.0000e+01 -2.0856e+00
-1.1000e+02 3.0000e+01 -1.2820e+00
-1.1000e+02 4.0000e+01 -1.0890e+00
-1.1000e+02 5.0000e+01 -1.1545e+00
-1.1000e+02 6.0000e+01 -2.1663e+00
-1.1000e+02 7.0000e+01 -1.8009e+00
-1.1000e+02 8.0000e+01 -1.3112e+00
-1.1000e+02 9.0000e+01 -2.1960e+00
-1.1000e+02 1.0000e+02 -1.4852e+00
-1.1000e+02 1.1000e+02 -1.0936e+00
-1.1000e+02 1.2000e+02 2.7580e+00
-1.1000e+02 1.3000e+02 9.7664e-02
-1.1000e+02 1.4000e+02 -1.2881e+00
-1.1000e+02 1.5000e+02 1.7380e+00
-1.1000e+02 1.6000e+02 1.3363e+00
-1.1000e+02 1.7000e+02 3.1502e-02
-1.1000e+02 1.8000e+02 -8.2381e-01
-1.1000e+02 1.9000e+02 7.5860e-02
-1.1000e+02 2.0000e+02 -1.8258e+00
-1.0000e+02 -2.0000e+02 5.5439e-01
-1.0000e+02 -1.9000e+02 1.1387e+00
-1.0000e+02 -1.8000e+02 1.8468e+00
-1.0000e+02 -1.7000e+02 -1.0356e+00
-1.0000e+02 -1.6000e+02 -7.3808e-01
-1.0000e+02 -1.5000e+02 -1.3520e+00
-1.0000e+02 -1.4000e+02 4.2142e-03
-1.0000e+02 -1.3000e+02 -3.2010e-01
-1.0000e+02 -1.2000e+02 2.8434e+00
-1.0000e+02 -1.1000e+02 8.4512e-02
-1.0000e+02 -1.0000e+02 -3.1776e+00
-1.0000e+02 -9.0000e+01 -1.3878e+00
-1.0000e+02 -8.0000e+01 -1.9786e+00
-1.0000e+02 -7.0000e+01 -2.7367e+00
-1.0000e+02 -6.0000e+01 -9.3367e-01
-1.0000e+02 -5.0000e+01 -1.7651e+00
-1.0000e+02 -4.0000e+01 -2.0401e+00
-1.0000e+02 -3.0000e+01 -1.5878e+00
-1.0000e+02 -2.0000e+01 -1.7021e+00
-1.0000e+02 -1.0000e+01 -3.2894e+00
-1.0000e+02 0.0000e+00 -2.5899e+00
-1.0000e+02 1.0000e+01 -2.9727e+00
-1.0000e+02 2.0000e+01 -3.0683e+00
-1.0000e+02 3.0000e+01 -4.5660e+00
-1.0000e+02 4.0000e+01 -4.0887e+00
-1.0000e+02 5.0000e+01 -1.7839e+00
-1.0000e+02 6.0000e+01 -3.1905e+00
-1.0000e+02 7.0000e+01 -1.2406e+00
-1.0000e+02 8.0000e+01 -2.0896e+00
-1.0000e+02 9.0000e+01 -5.0794e-01
-1.0000e+02 1.0000e+02 -7.4367e-01
-1.0000e+02 1.1000e+02 -4.6920e-01
-1.0000e+02 1.2000e+02 5.8045e-01
-1.0000e+02 1.3000e+02 3.3678e-01
-1.0000e+02 1.4000e+02 -1.0043e+00
-1.0000e+02 1.5000e+02 -2.3509e+00
-1.0000e+02 1.6000e+02 1.7583e+00
-1.0000e+02 1.7000e+02 1.1995e+00
-1.0000e+02 1.8000e+02 6.1008e-01
-1.0000e+02 1.9000e+02 -1.2996e+00
-1.0000e+02 2.0000e+02 2.6307e-01
-9.0000e+01 -2.0000e+02 -7.5898e-01
-9.0000e+01 -1.9000e+02 1.2334e+00
-9.0000e+01 -1.8000e+02 9.6993e-01
-9.0000e+01 -1.7000e+02 -5.9020e-01
-9.0000e+01 -1.6000e+02 1.8596e+00
-9.0000e+01 -1.5000e+02 -1.4055e+00
-9.0000e+01 -1.4000e+02 2.8681e-01
-9.0000e+01 -1.3000e+02 8.3697e-01
-9.0000e+01 -1.2000e+02 -3.5981e-01
-9.0000e+01 -1.1000e+02 1.0120e+00
-9.0000e+01 -1.0000e+02 -6.4019e-01
-9.0000e+01 -9.0000e+01 -1.5535e+00
-9.0000e+01 -8.0000e+01 -1.1051e+00
-9.0000e+01 -7.0000e+01 -1.8195e+00
-9.0000e+01 -6.0000e+01 -3.2332e+00
-9.0000e+01 -5.0000e+01 -6.2454e-01
-9.0000e+01 -4.0000e+01 -3.0930e+00
-9.0000e+01 -3.0000e+01 -6.0854e+00
-9.0000e+01 -2.0000e+01 -2.4416e+00
-9.0000e+01 -1.0000e+01 -2.9056e+00
-9.0000e+01 0.0000e+00 -4.3534e+00
-9.0000e+01 1.0000e+01 -4.1897e+00
-9.0000e+01 2.0000e+01 -4.2592e+00
-9.0000e+01 3.0000e+01 -3.9398e+00
-9.0000e+01 4.0000e+01 -4.6049e+00
-9.0000e+01 5.0000e+01 -1.1242e+00
-9.0000e+01 6.0000e+01 -1.0696e+00
-9.0000e+01 7.0000e+01 -3.3086e-01
-9.0000e+01 8.0000e+01 -2.8751e+00
-9.0000e+01 9.0000e+01 -9.1869e-01
-9.0000e+01 1.0000e+02 1.1659e-02
-9.0000e+01 1.1000e+02 -2.3481e+00
-9.0000e+01 1.2000e+02 -9.1710e-02
-9.0000e+01 1.3000e+02 2.8478e+00
-9.0000e+01 1.4000e+02 2.1122e-03
-9.0000e+01 1.5000e+02 7.3828e-01
-9.0000e+01 1.6000e+02 -1.5011e+00
-9.0000e+01 1.7000e+02 -8.2696e-01
-9.0000e+01 1.8000e+02 1.0581e+00
-9.0000e+01 1.9000e+02 5.7780e-01
-9.0000e+01 2.0000e+02 -1.5102e+00
-8.0000e+01 -2.0000e+02 1.0840e+00
-8.0000e+01 -1.9000e+02 2.1025e+00
-8.0000e+01 -1.8000e+02 1.9692e+00
-8.0000e+01 -1.7000e+02 -1.3425e+00
-8.0000e+01 -1.6000e+02 -1.9106e+00
-8.0000e+01 -1.5000e+02 1.8873e+00
-8.0000e+01 -1.4000e+02 -1.1316e+00
-8.0000e+01 -1.3000e+02 -3.9685e+00
-8.0000e+01 -1.2000e+02 1.7767e+00
-8.0000e+01 -1.1000e+02 -1.7063e+00
-8.0000e+01 -1.0000e+02 -9.8571e-01
-8.0000e+01 -9.0000e+01 -1.6378e+00
-8.0000e+01 -8.0000e+01 -2.5626e+00
-8.0000e+01 -7.0000e+01 -2.5802e+00
-8.0000e+01 -6.0000e+01 -9.3946e-01
-8.0000e+01 -5.0000e+01 -2.7830e+00
-8.0000e+01 -4.0000e+01 -3.8558e+00
-8.0000e+01 -3.0000e+01 -5.1703e+00
-8.0000e+01 -2.0000e+01 -4.5396e+00
-8.0000e+01 -1.0000e+01 -4.5474e+00
-8.0000e+01 0.0000e+00 -5.9711e+00
-8.0000e+01 1.0000e+01 -5.0374e+00
-8.0000e+01 2.0000e+01 -7.0416e+00
-8.0000e+01 3.0000e+01 -4.2790e+00
-8.0000e+01 4.0000e+01 -4.7497e+00
-8.0000e+01 5.0000e+01 -5.0580e+00
-8.0000e+01 6.0000e+01 -1.2569e+00
-8.0000e+01 7.0000e+01 -6.4068e+00
-8.0000e+01 8.0000e+01 -5.5176e+00
-8.0000e+01 9.0000e+01 -2.8318e+00
-8.0000e+01 1.0000e+02 -1.7699e+00
-8.0000e+01 1.1000e+02 -2.4262e+00
-8.0000e+01 1.2000e+02 -7.5667e-01
-8.0000e+01 1.3000e+02 -1.9583e+00
-8.0000e+01 1.4000e+02 7.3479e-01
-8.0000e+01 1.5000e+02 -1.4351e+00
-8.0000e+01 1.6000e+02 -5.9476e-01
-8.0000e+01 1.7000e+02 -2.4600e+00
-8.0000e+01 1.8000e+02 1.3096e+00
-8.0000e+01 1.9000e+02 -8.5259e-02
-8.0000e+01 2.0000e+02 2.1558e-01
-7.0000e+01 -2.0000e+02 1.9217e+00
-7.0000e+01 -1.9000e+02 -2.7784e+00
-7.0000e+01 -1.8000e+02 -7.6621e-01
-7.0000e+01 -1.7000e+02 -1.2180e+00
-7.0000e+01 -1.6000e+02 -2.8561e+00
-7.0000e+01 -1.5000e+02 4.4283e-01
-7.0000e+01 -1.4000e+02 2.6001e+00
-7.0000e+01 -1.3000e+02 5.9922e-01
-7.0000e+01 -1.2000e+02 1.0285e+00
-7.0000e+01 -1.1000e+02 3.4064e-02
-7.0000e+01 -1.0000e+02 -3.4363e+00
-7.0000e+01 -9.0000e+01 -1.9163e+00
-7.0000e+01 -8.0000e+01 -1.6713e+00
-7.0000e+01 -7.0000e+01 -1.0078e+00
-7.0000e+01 -6.0000e+01 -4.3886e+00
-7.0000e+01 -5.0000e+01 -4.4752e+00
-7.0000e+01 -4.0000e+01 -6.8822e+00
-7.0000e+01 -3.0000e+01 -5.5126e+00
-7.0000e+01 -2.0000e+01 -7.0779e+00
-7.0000e+01 -1.0000e+01 -8.0709e+00
-7.0000e+01 0.0000e+00 -6.0454e+00
-7.0000e+01 1.0000e+01 -7.6951e+00
-7.0000e+01 2.0000e+01 -7.0275e+00
-7.0000e+01 3.0000e+01 -4.8048e+00
-7.0000e+01 4.0000e+01 -2.4194e+00
-7.0000e+01 5.0000e+01 -5.8866e+00
-7.0000e+01 6.0000e+01 -1.7271e+00
-7.0000e+01 7.0000e+01 -2.9170e+00
-7.0000e+01 8.0000e+01 -1.0387e+00
-7.0000e+01 9.0000e+01 -2.4086e+00
-7.0000e+01 1.0000e+02 -1.7160e+00
-7.0000e+01 1.1000e+02 -1.7357e+00
-7.0000e+01 1.2000e+02 1.7992e+00
-7.0000e+01 1.3000e+02 -3.8162e+00
-7.0000e+01 1.4000e+02 2.5219e+00
-7.0000e+01 1.5000e+02 1.7278e+00
-7.0000e+01 1.6000e+02 -8.2503e-01
-7.0000e+01 1.7000e+02 -1.5242e+00
-7.0000e+01 1.8000e+02 2.5883e-01
-7.0000e+01 1.9000e+02 1.0540e+00
-7.0000e+01 2.0000e+02 -8.9042e-01
-6.0000e+01 -2.0000e+02 1.0949e-01
-6.0000e+01 -1.9000e+02 9.5255e-01
-6.0000e+01 -1.8000e+02 -1.7129e+00
-6.0000e+01 -1.7000e+02 -3.8466e+00
-6.0000e+01 -1.6000e+02 9.0188e-01
-6.0000e+01 -1.5000e+02 -1.7105e+00
-6.0000e+01 -1.4000e+02 2.8055e+00
-6.0000e+01 -1.3000e+02 -8.0649e-01
-6.0000e+01 -1.2000e+02 9.0708e-01
-6.0000e+01 -1.1000e+02 -2.7022e+00
-6.0000e+01 -1.0000e+02 -3.5839e+00
-6.0000e+01 -9.0000e+01 -3.0943e+00
-6.0000e+01 -8.0000e+01 -2.0984e+00
-6.0000e+01 -7.0000e+01 -1.4081e+00
-6.0000e+01 -6.0000e+01 -2.1898e+00
-6.0000e+01 -5.0000e+01 -4.9663e+00
-6.0000e+01 -4.0000e+01 -7.0702e+00
-6.0000e+01 -3.0000e+01 -8.9062e+00
-6.0000e+01 -2.0000e+01 -6.9583e+00
-6.0000e+01 -1.0000e+01 -6.3782e+00
-6.0000e+01 0.0000e+00 -9.6049e+00
-6.0000e+01 1.0000e+01 -1.1573e+01
-6.0000e+01 2.0000e+01 -8.9548e+00
-6.0000e+01 3.0000e+01 -5.2889e+00
-6.0000e+01 4.0000e+01 -6.2426e+00
-6.0000e+01 5.0000e+01 -7.0212e+00
-6.0000e+01 6.0000e+01 -6.6253e+00
-6.0000e+01 7.0000e+01 -3.8391e+00
-6.0000e+01 8.0000e+01 -2.9333e+00
-6.0000e+01 9.0000e+01 -3.0552e+00
-6.0000e+01 1.0000e+02 -2.8441e+00
-6.0000e+01 1.1000e+02 -3.4356e+00
-6.0000e+01 1.2000e+02 4.1998e-01
-6.0000e+01 1.3000e+02 -2.6363e+00
-6.0000e+01 1.4000e+02 -2.1274e+00
-6.0000e+01 1.5000e+02 -2.4856e+00
-6.0000e+01 1.6000e+02 1.7640e-01
-6.0000e+01 1.7000e+02 -1.2374e+00
-6.0000e+01 1.8000e+02 3.2987e+00
-6.0000e+01 1.9000e+02 4.3190e-01
-6.0000e+01 2.0000e+02 3.1167e+00
-5.0000e+01 -2.0000e+02 4.4726e-01
-5.0000e+01 -1.9000e+02 9.7239e-01
-5.0000e+01 -1.8000e+02 1.9711e-02
-5.0000e+01 -1.7000e+02 -1.5939e+00
-5.0000e+01 -1.6000e+02 -1.4322e+00
-5.0000e+01 -1.5000e+02 -4.5155e-01
-5.0000e+01 -1.4000e+02 -1.2982e+00
-5.0000e+01 -1.3000e+02 2.8055e-01
-5.0000e+01 -1.2000e+02 -7.7987e-02
-5.0000e+01 -1.1000e+02 -1.3948e+00
-5.0000e+01 -1.0000e+02 -1.6425e+00
-5.0000e+01 -9.0000e+01 -3.0946e+00
-5.0000e+01 -8.0000e+01 -1.4512e+00
-5.0000e+01 -7.0000e+01 -3.9774e+00
-5.0000e+01 -6.0000e+01 -6.7852e+00
-5.0000e+01 -5.0000e+01 -7.9277e+00
-5.0000e+01 -4.0000e+01 -7.7826e+00
-5.0000e+01 -3.0000e+01 -7.6316e+00
-5.0000e+01 -2.0000e+01 -9.2244e+00
-5.0000e+01 -1.0000e+01 -7.9107e+00
-5.0000e+01 0.0000e+00 -1.2014e+01
-5.0000e+01 1.0000e+01 -1.0265e+01
-5.0000e+01 2.0000e+01 -9.9116e+00
-5.0000e+01 3.0000e+01 -9.0989e+00
-5.0000e+01 4.0000e+01 -7.8637e+00
-5.0000e+01 5.0000e+01 -5.8104e+00
-5.0000e+01 6.0000e+01 -7.2871e+00
-5.0000e+01 7.0000e+01 -3.7083e+00
-5.0000e+01 8.0000e+01 -5.5572e+00
-5.0000e+01 9.0000e+01 -1.9170e+00
-5.0000e+01 1.0000e+02 -4.4776e+00
-5.0000e+01 1.1000e+02 -1.8159e+00
-5.0000e+01 1.2000e+02 -1.6911e+00
-5.0000e+01 1.3000e+02 -1.4678e+00
-5.0000e+01 1.4000e+02 -4.3557e-01
-5.0000e+01 1.5000e+02 -1.7105e-01
-5.0000e+01 1.6000e+02 -1.3083e+00
-5.0000e+01 1.7000e+02 -2.1567e+00
-5.0000e+01 1.8000e+02 -2.7753e-01
-5.0000e+01 1.9000e+02 -2.6163e-02
-5.0000e+01 2.0000e+02 8.9512e-01
-4.0000e+01 -2.0000e+02 1.2239e+00
-4.0000e+01 -1.9000e+02 -2.9835e+00
-4.0000e+01 -1.8000e+02 1.6556e+00
-4.0000e+01 -1.7000e+02 2.4844e+00
-4.0000e+01 -1.6000e+02 -1.6211e+00
-4.0000e+01 -1.5000e+02 1.3949e+00
-4.0000e+01 -1.4000e+02 2.6250e-02
-4.0000e+01 -1.3000e+02 2.6219e-01
-4.0000e+01 -1.2000e+02 -3.3484e-02
-4.0000e+01 -1.1000e+02 -2.0047e+00
-4.0000e+01 -1.0000e+02 -4.1776e+00
-4.0000e+01 -9.0000e+01 -2.5766e+00
-4.0000e+01 -8.0000e+01 -2.7659e+00
-4.0000e+01 -7.0000e+01 -4.0040e+00
-4.0000e+01 -6.0000e+01 -5.2965e+00
-4.0000e+01 -5.0000e+01 -6.7638e+00
-4.0000e+01 -4.0000e+01 -8.9098e+00
-4.0000e+01 -3.0000e+01 -7.8601e+00
-4.0000e+01 -2.0000e+01 -1.1184e+01
-4.0000e+01 -1.0000e+01 -1.3816e+01
-4.0000e+01 0.0000e+00 -1.4764e+01
-4.0000e+01 1.0000e+01 -1.0412e+01
-4.0000e+01 2.0000e+01 -1.0988e+01
-4.0000e+01 3.0000e+01 -9.2791e+00
-4.0000e+01 4.0000e+01 -8.9037e+00
-4.0000e+01 5.0000e+01 -8.7563e+00
-4.0000e+01 6.0000e+01 -6.8699e+00
-4.0000e+01 7.0000e+01 -5.3003e+00
-4.0000e+01 8.0000e+01 -2.9063e+00
-4.0000e+01 9.0000e+01 -4.2775e+00
-4.0000e+01 1.0000e+02 3.2209e-01
-4.0000e+01 1.1000e+02 -1.6948e+00
-4.0000e+01 1.2000e+02 -9.9076e-01
-4.0000e+01 1.3000e+02 3.4646e-02
-4.0000e+01 1.4000e+02 -2.0377e+00
-4.0000e+01 1.5000e+02 -4.2238e-01
-4.0000e+01 1.6000e+02 2.6929e-01
-4.0000e+01 1.7000e+02 -1.6878e+00
-4.0000e+01 1.8000e+02 1.0891e+00
-4.0000e+01 1.9000e+02 -2.3771e-02
-4.0000e+01 2.0000e+02 -2.6632e+00
-3.0000e+01 -2.0000e+02 -3.8819e-01
-3.0000e+01 -1.9000e+02 -2.0209e+00
-3.0000e+01 -1.8000e+02 -1.9184e+00
-3.0000e+01 -1.7000e+02 7.2433e-01
-3.0000e+01 -1.6000e+02 -2.2529e+00
-3.0000e+01 -1.5000e+02 -3.2834e-01
-3.0000e+01 -1.4000e+02 -1.2037e+00
-3.0000e+01 -1.3000e+02 -2.2034e+00
-3.0000e+01 -1.2000e+02 -1.7979e+00
-3.0000e+01 -1.1000e+02 -1.8763e+00
-3.0000e+01 -1.0000e+02 -9.3560e-01
-3.0000e+01 -9.0000e+01 -4.6320e+00
-3.0000e+01 -8.0000e+01 -5.7996e+00
-3.0000e+01 -7.0000e+01 -6.6233e+00
-3.0000e+01 -6.0000e+01 -7.1908e+00
-3.0000e+01 -5.0000e+01 -1.0152e+01
-3.0000e+01 -4.0000e+01 -1.0999e+01
-3.0000e+01 -3.0000e+01 -1.0360e+01
-3.0000e+01 -2.0000e+01 -1.3030e+01
-3.0000e+01 -1.0000e+01 -1.2396e+01
-3.0000e+01 0.0000e+00 -1.3973e+01
-3.0000e+01 1.0000e+01 -1.1188e+01
-3.0000e+01 2.0000e+01 -1.2438e+01
-3.0000e+01 3.0000e+01 -8.3524e+00
-3.0000e+01 4.0000e+01 -9.7041e+00
-3.0000e+01 5.0000e+01 -8.2724e+00
-3.0000e+01 6.0000e+01 -8.6423e+00
-3.0000e+01 7.0000e+01 -7.0122e+00
-3.0000e+01 8.0000e+01 -5.4677e+00
-3.0000e+01 9.0000e+01 -3.5167e+00
-3.0000e+01 1.0000e+02 -5.5943e+00
-3.0000e+01 1.1000e+02 -8.5865e-01
-3.0000e+01 1.2000e+02 -1.9987e+00
-3.0000e+01 1.3000e+02 1.7962e+00
-3.0000e+01 1.4000e+02 -3.7353e-01
-3.0000e+01 1.5000e+02 -4.1882e-01
-3.0000e+01 1.6000e+02 3.1399e+00
-3.0000e+01 1.7000e+02 1.0366e+00
-3.0000e+01 1.8000e+02 -1.0121e+00
-3.0000e+01 1.9000e+02 -5.0913e-01
-3.0000e+01 2.0000e+02 7.4145e-01
-2.0000e+01 -2.0000e+02 1.5263e+00
-2.0000e+01 -1.9000e+02 1.1377e+00
-2.0000e+01 -1.8000e+02 2.2747e+00
-2.0000e+01 -1.7000e+02 3.4605e-01
-2.0000e+01 -1.6000e+02 1.0054e-01
-2.0000e+01 -1.5000e+02 6.6341e-01
-2.0000e+01 -1.4000e+02 1.6014e+00
-2.0000e+01 -1.3000e+02 -3.1061e+00
-2.0000e+01 -1.2000e+02 4.4141e-01
-2.0000e+01 -1.1000e+02 -2.9811e+00
-2.0000e+01 -1.0000e+02 -6.9504e-01
-2.0000e+01 -9.0000e+01 -3.8881e+00
-2.0000e+01 -8.0000e+01 -6.4770e+00
-2.0000e+01 -7.0000e+01 -7.6639e+00
-2.0000e+01 -6.0000e+01 -1.0429e+01
-2.0000e+01 -5.0000e+01 -1.0092e+01
-2.0000e+01 -4.0000e+01 -1.2400e+01
-2.0000e+01 -3.0000e+01 -1.1090e+01
-2.0000e+01 -2.0000e+01 -1.3348e+01
-2.0000e+01 -1.0000e+01 -1.2530e+01
-2.0000e+01 0.0000e+00 -1.1867e+01
-2.0000e+01 1.0000e+01 -1.3491e+01
-2.0000e+01 2.0000e+01 -1.3082e+01
-2.0000e+01 3.0000e+01 -1.2251e+01
-2.0000e+01 4.0000e+01 -8.8382e+00
-2.0000e+01 5.0000e+01 -9.5876e+00
-2.0000e+01 6.0000e+01 -7.3935e+00
-2.0000e+01 7.0000e+01 -4.4374e+00
-2.0000e+01 8.0000e+01 -3.2193e+00
-2.0000e+01 9.0000e+01 -3.8153e+00
-2.0000e+01 1.0000e+02 -5.0091e+00
-2.0000e+01 1.1000e+02 -2.4202e+00
-2.0000e+01 1.2000e+02 -2.8999e+00
-2.0000e+01 1.3000e+02 5.0107e-01
-2.0000e+01 1.4000e+02 -7.6762e-01
-2.0000e+01 1.5000e+02 3.9641e-01
-2.0000e+01 1.6000e+02 1.9371e+00
-2.0000e+01 1.7000e+02 9.5203e-01
-2.0000e+01 1.8000e+02 1.3965e-02
-2.0000e+01 1.9000e+02 6.1850e-01
-2.0000e+01 2.0000e+02 9.8139e-01
-1.0000e+01 -2.0000e+02 3.7568e-01
-1.0000e+01 -1.9000e+02 1.4199e+00
-1.0000e+01 -1.8000e+02 6.3536e-01
-1.0000e+01 -1.7000e+02 -6.8811e-01
-1.0000e+01 -1.6000e+02 5.9502e-01
-1.0000e+01 -1.5000e+02 -2.6395e+00
-1.0000e+01 -1.4000e+02 -7.1969e-01
-1.0000e+01 -1.3000e+02 -2.7857e+00
-1.0000e+01 -1.2000e+02 -2.6598e+00
-1.0000e+01 -1.1000e+02 -8.2377e-01
-1.0000e+01 -1.0000e+02 -2.6591e+00
-1.0000e+01 -9.0000e+01 -5.7195e+00
-1.0000e+01 -8.0000e+01 -3.9741e+00
-1.0000e+01 -7.0000e+01 -6.7814e+00
-1.0000e+01 -6.0000e+01 -8.6716e+00
-1.0000e+01 -5.0000e+01 -1.0420e+01
-1.0000e+01 -4.0000e+01 -1.1560e+01
-1.0000e+01 -3.0000e+01 -1.2199e+01
-1.0000e+01 -2.0000e+01 -1.4950e+01
-1.0000e+01 -1.0000e+01 -1.4707e+01
-1.0000e+01 0.0000e+00 -1.4045e+01
-1.0000e+01 1.0000e+01 -1.3622e+01
-1.0000e+01 2.0000e+01 -1.2532e+01
-1.0000e+01 3.0000e+01 -1.3334e+01
-1.0000e+01 4.0000e+01 -1.0315e+01
-1.0000e+01 5.0000e+01 -1.1044e+01
-1.0000e+01 6.0000e+01 -7.1265e+00
-1.0000e+01 7.0000e+01 -9.1993e+00
-1.0000e+01 8.0000e+01 -7.5690e+00
-1.0000e+01 9.0000e+01 -4.1645e+00
-1.0000e+01 1.0000e+02 -3.6994e+00
-1.0000e+01 1.1000e+02 -3.1449e+00
-1.0000e+01 1.2000e+02 -1.6626e+00
-1.0000e+01 1.3000e+02 -3.3697e-01
-1.0000e+01 1.4000e+02 -2.3583e+00
-1.0000e+01 1.5000e+02 3.2343e-01
-1.0000e+01 1.6000e+02 8.4952e-01
-1.0000e+01 1.7000e+02 -9.2157e-01
-1.0000e+01 1.8000e+02 -2.4723e-01
-1.0000e+01 1.9000e+02 1.8967e+00
-1.0000e+01 2.0000e+02 5.1314e-01
0.0000e+00 -2.0000e+02 -2.3281e+00
0.0000e+00 -1.9000e+02 1.2881e+00
0.0000e+00 -1.8000e+02 -1.6074e+00
0.0000e+00 -1.7000e+02 9.2261e-01
0.0000e+00 -1.6000e+02 -9.7572e-01
0.0000e+00 -1.5000e+02 -3.5117e+00
0.0000e+00 -1.4000e+02 -1.4814e+00
0.0000e+00 -1.3000e+02 -4.1780e-01
0.0000e+00 -1.2000e+02 -1.8838e+00
0.0000e+00 -1.1000e+02 -7.8699e-01
0.0000e+00 -1.0000e+02 -3.2605e+00
0.0000e+00 -9.0000e+01 -1.1376e+00
0.0000e+00 -8.0000e+01 -4.0664e+00
0.0000e+00 -7.0000e+01 -6.1131e+00
0.0000e+00 -6.0000e+01 -9.7490e+00
0.0000e+00 -5.0000e+01 -1.0331e+01
0.0000e+00 -4.0000e+01 -9.3608e+00
0.0000e+00 -3.0000e+01 -1.3485e+01
0.0000e+00 -2.0000e+01 -1.3251e+01
0.0000e+00 -1.0000e+01 -1.5021e+01
0.0000e+00 0.0000e+00 -1.5758e+01
0.0000e+00 1.0000e+01 -1.5925e+01
0.0000e+00 2.0000e+01 -1.7944e+01
0.0000e+00 3.0000e+01 -1.4195e+01
0.0000e+00 4.0000e+01 -1.0121e+01
0.0000e+00 5.0000e+01 -1.1256e+01
0.0000e+00 6.0000e+01 -1.0462e+01
0.0000e+00 7.0000e+01 -9.0459e+00
0.0000e+00 8.0000e+01 -5.1464e+00
0.0000e+00 9.0000e+01 -6.1052e+00
0.0000e+00 1.0000e+02 -1.1834e+00
0.0000e+00 1.1000e+02 -1.6138e+00
0.0000e+00 1.2000e+02 -3.8771e+00
0.0000e+00 1.3000e+02 -7.0264e-01
0.0000e+00 1.4000e+02 1.3470e+00
0.0000e+00 1.5000e+02 -7.1069e-01
0.0000e+00 1.6000e+02 1.0261e+00
0.0000e+00 1.7000e+02 2.6357e-01
0.0000e+00 1.8000e+02 1.6418e+00
0.0000e+00 1.9000e+02 6.4502e-01
0.0000e+00 2.0000e+02 -1.7382e+00
1.0000e+01 -2.0000e+02 2.6979e+00
1.0000e+01 -1.9000e+02 2.6408e-02
1.0000e+01 -1.8000e+02 6.8309e-01
1.0000e+01 -1.7000e+02 1.0089e+00
1.0000e+01 -1.6000e+02 4.8221e-01
1.0000e+01 -1.5000e+02 5.4794e-01
1.0000e+01 -1.4000e+02 -2.8600e+00
1.0000e+01 -1.3000e+02 -1.3279e+00
1.0000e+01 -1.2000e+02 -3.1428e+00
1.0000e+01 -1.1000e+02 -2.0996e+00
1.0000e+01 -1.0000e+02 -1.8122e+00
1.0000e+01 -9.0000e+01 -5.2195e+00
1.0000e+01 -8.0000e+01 -6.1927e+00
1.0000e+01 -7.0000e+01 -8.1034e+00
1.0000e+01 -6.0000e+01 -9.3463e+00
1.0000e+01 -5.0000e+01 -7.6539e+00
1.0000e+01 -4.0000e+01 -9.1476e+00
1.0000e+01 -3.0000e+01 -1.5444e+01
1.0000e+01 -2.0000e+01 -1.1597e+01
1.0000e+01 -1.0000e+01 -1.4630e+01
1.0000e+01 0.0000e+00 -1.6796e+01
1.0000e+01 1.0000e+01 -1.6145e+01
1.0000e+01 2.0000e+01 -1.6316e+01
1.0000e+01 3.0000e+01 -1.2027e+01
1.0000e+01 4.0000e+01 -9.3689e+00
1.0000e+01 5.0000e+01 -9.9110e+00
1.0000e+01 6.0000e+01 -9.7866e+00
1.0000e+01 7.0000e+01 -5.3593e+00
1.0000e+01 8.0000e+01 -4.8138e+00
1.0000e+01 9.0000e+01 -3.1128e+00
1.0000e+01 1.0000e+02 -1.4877e+00
1.0000e+01 1.1000e+02 -3.0682e+00
1.0000e+01 1.2000e+02 -5.2733e-01
1.0000e+01 1.3000e+02 -2.0130e+00
1.0000e+01 1.4000e+02 -2.1619e+00
1.0000e+01 1.5000e+02 -5.3211e-02
1.0000e+01 1.6000e+02 -8.7476e-01
1.0000e+01 1.7000e+02 2.7830e-01
1.0000e+01 1.8000e+02 -4.9094e-01
1.0000e+01 1.9000e+02 -2.3228e+00
1.0000e+01 2.0000e+02 -1.7509e+00
2.0000e+01 -2.0000e+02 8.5367e-02
2.0000e+01 -1.9000e+02 -7.4112e-01
2.0000e+01 -1.8000e+02 -3.7037e+00
2.0000e+01 -1.7000e+02 -1.1813e+00
2.0000e+01 -1.6000e+02 -1.7312e+00
2.0000e+01 -1.5000e+02 -1.5683e-01
2.0000e+01 -1.4000e+02 -7.9797e-01
2.0000e+01 -1.3000e+02 -3.7476e-01
2.0000e+01 -1.2000e+02 -2.9843e+00
2.0000e+01 -1.1000e+02 -6.9984e-01
2.0000e+01 -1.0000e+02 -2.0476e+00
2.0000e+01 -9.0000e+01 -4.1144e+00
2.0000e+01 -8.0000e+01 -2.4196e+00
2.0000e+01 -7.0000e+01 -6.7924e+00
2.0000e+01 -6.0000e+01 -5.8389e+00
2.0000e+01 -5.0000e+01 -9.7310e+00
2.0000e+01 -4.0000e+01 -8.2294e+00
2.0000e+01 -3.0000e+01 -1.2850e+01
2.0000e+01 -2.0000e+01 -1.4821e+01
2.0000e+01 -1.0000e+01 -1.3172e+01
2.0000e+01 0.0000e+00 -1.3871e+01
2.0000e+01 1.0000e+01 -1.4314e+01
2.0000e+01 2.0000e+01 -1.1651e+01
2.0000e+01 3.0000e+01 -1.1346e+01
2.0000e+01 4.0000e+01 -1.1129e+01
2.0000e+01 5.0000e+01 -8.1604e+00
2.0000e+01 6.0000e+01 -9.2373e+00
2.0000e+01 7.0000e+01 -7.2514e+00
2.0000e+01 8.0000e+01 -7.0399e+00
2.0000e+01 9.0000e+01 -3.6349e+00
2.0000e+01 1.0000e+02 -1.9529e+00
2.0000e+01 1.1000e+02 -2.3119e+00
2.0000e+01 1.2000e+02 -2.2372e+00
2.0000e+01 1.3000e+02 -8.3643e-02
2.0000e+01 1.4000e+02 -2.1964e+00
2.0000e+01 1.5000e+02 7.7026e-01
2.0000e+01 1.6000e+02 1.5974e+00
2.0000e+01 1.7000e+02 2.5165e+00
2.0000e+01 1.8000e+02 -2.0321e+00
2.0000e+01 1.9000e+02 3.7697e-03
2.0000e+01 2.0000e+02 1.5557e+00
3.0000e+01 -2.0000e+02 2.3652e+00
3.0000e+01 -1.9000e+02 3.4310e-01
3.0000e+01 -1.8000e+02 1.2883e+00
3.0000e+01 -1.7000e+02 3.5987e-01
3.0000e+01 -1.6000e+02 2.5774e+00
3.0000e+01 -1.5000e+02 4.4933e-01
3.0000e+01 -1.4000e+02 1.2271e+00
3.0000e+01 -1.3000e+02 -4.4318e-01
3.0000e+01 -1.2000e+02 1.0021e+00
3.0000e+01 -1.1000e+02 -8.5650e-01
3.0000e+01 -1.0000e+02 -2.3898e+00
3.0000e+01 -9.0000e+01 -3.2130e+00
3.0000e+01 -8.0000e+01 -4.7628e+00
3.0000e+01 -7.0000e+01 -6.2786e+00
3.0000e+01 -6.0000e+01 -7.5923e+00
3.0000e+01 -5.0000e+01 -5.9538e+00
3.0000e+01 -4.0000e+01 -8.3969e+00
3.0000e+01 -3.0000e+01 -1.0853e+01
3.0000e+01 -2.0000e+01 -1.3253e+01
3.0000e+01 -1.0000e+01 -1.2100e+01
3.0000e+01 0.0000e+00 -1.5622e+01
3.0000e+01 1.0000e+01 -1.4781e+01
3.0000e+01 2.0000e+01 -1.1131e+01
3.0000e+01 3.0000e+01 -1.1081e+01
3.0000e+01 4.0000e+01 -9.2957e+00
3.0000e+01 5.0000e+01 -6.8997e+00
3.0000e+01 6.0000e+01 -6.5702e+00
3.0000e+01 7.0000e+01 -7.3481e+00
3.0000e+01 8.0000e+01 -1.4961e+00
3.0000e+01 9.0000e+01 -3.4474e+00
3.0000e+01 1.0000e+02 -4.3740e+00
3.0000e+01 1.1000e+02 -2.4787e+00
3.0000e+01 1.2000e+02 -1.0705e+00
3.0000e+01 1.3000e+02 3.8138e-01
3.0000e+01 1.4000e+02 -4.8346e-01
3.0000e+01 1.5000e+02 -2.6786e-01
3.0000e+01 1.6000e+02 2.3767e+00
3.0000e+01 1.7000e+02 -4.5077e-01
3.0000e+01 1.8000e+02 7.6109e-01
3.0000e+01 1.9000e+02 1.0736e+00
3.0000e+01 2.0000e+02 -1.5973e+00
4.0000e+01 -2.0000e+02 2.7172e+00
4.0000e+01 -1.9000e+02 1.3432e+00
4.0000e+01 -1.8000e+02 -8.8181e-01
4.0000e+01 -1.7000e+02 -8.3375e-01
4.0000e+01 -1.6000e+02 -2.1272e+00
4.0000e+01 -1.5000e+02 -2.5271e+00
4.0000e+01 -1.4000e+02 1.2811e+00
4.0000e+01 -1.3000e+02 1.2555e+00
4.0000e+01 -1.2000e+02 1.9520e+00
4.0000e+01 -1.1000e+02 1.0045e+00
4.0000e+01 -1.0000e+02 -2.6830e+00
4.0000e+01 -9.0000e+01 -2.8273e+00
4.0000e+01 -8.0000e+01 -4.4598e+00
4.0000e+01 -7.0000e+01 -7.6577e+00
4.0000e+01 -6.0000e+01 -6.7898e+00
4.0000e+01 -5.0000e+01 -8.5405e+00
4.0000e+01 -4.0000e+01 -9.8219e+00
4.0000e+01 -3.0000e+01 -7.8194e+00
4.0000e+01 -2.0000e+01 -1.0457e+01
4.0000e+01 -1.0000e+01 -1.2619e+01
4.0000e+01 0.0000e+00 -1.0785e+01
4.0000e+01 1.0000e+01 -1.0338e+01
4.0000e+01 2.0000e+01 -1.0459e+01
4.0000e+01 3.0000e+01 -1.2182e+01
4.0000e+01 4.0000e+01 -6.6365e+00
4.0000e+01 5.0000e+01 -5.6676e+00
4.0000e+01 6.0000e+01 -6.8872e+00
4.0000e+01 7.0000e+01 -6.5845e+00
4.0000e+01 8.0000e+01 -4.3208e+00
4.0000e+01 9.0000e+01 -2.8444e+00
4.0000e+01 1.0000e+02 -2.8459e+00
4.0000e+01 1.1000e+02 -3.8156e-01
4.0000e+01 1.2000e+02 -3.3363e-01
4.0000e+01 1.3000e+02 -3.8699e-01
4.0000e+01 1.4000e+02 -1.2723e+00
4.0000e+01 1.5000e+02 -3.6697e+00
4.0000e+01 1.6000e+02 -1.1176e+00
4.0000e+01 1.7000e+02 1.3200e+00
4.0000e+01 1.8000e+02 -2.3259e+00
4.0000e+01 1.9000e+02 -8.1682e-01
4.0000e+01 2.0000e+02 -2.2818e+00
5.0000e+01 -2.0000e+02 -9.3496e-01
5.0000e+01 -1.9000e+02 -3.7604e-01
5.0000e+01 -1.8000e+02 -2.8094e+00
5.0000e+01 -1.7000e+02 -2.0340e+00
5.0000e+01 -1.6000e+02 5.5514e-01
5.0000e+01 -1.5000e+02 4.7698e-01
5.0000e+01 -1.4000e+02 1.2652e+00
5.0000e+01 -1.3000e+02 2.5357e+00
5.0000e+01 -1.2000e+02 5.2602e-01
5.0000e+01 -1.1000e+02 -2.9081e-01
5.0000e+01 -1.0000e+02 -2.1088e+00
5.0000e+01 -9.0000e+01 -3.1065e+00
5.0000e+01 -8.0000e+01 -4.0536e+00
5.0000e+01 -7.0000e+01 -3.1647e+00
5.0000e+01 -6.0000e+01 -6.1925e+00
5.0000e+01 -5.0000e+01 -5.2094e+00
5.0000e+01 -4.0000e+01 -8.5970e+00
5.0000e+01 -3.0000e+01 -8.2764e+00
5.0000e+01 -2.0000e+01 -7.6615e+00
5.0000e+01 -1.0000e+01 -1.0039e+01
5.0000e+01 0.0000e+00 -1.2265e+01
5.0000e+01 1.0000e+01 -1.0178e+01
5.0000e+01 2.0000e+01 -1.0428e+01
5.0000e+01 3.0000e+01 -8.3693e+00
5.0000e+01 4.0000e+01 -1.0309e+01
5.0000e+01 5.0000e+01 -8.1945e+00
5.0000e+01 6.0000e+01 -4.1557e+00
5.0000e+01 7.0000e+01 -4.5143e+00
5.0000e+01 8.0000e+01 -5.2845e-01
5.0000e+01 9.0000e+01 -3.9859e+00
5.0000e+01 1.0000e+02 -1.2709e+00
5.0000e+01 1.1000e+02 -2.6310e+00
5.0000e+01 1.2000e+02 5.7504e-02
5.0000e+01 1.3000e+02 -2.4781e+00
5.0000e+01 1.4000e+02 -1.6606e+00
5.0000e+01 1.5000e+02 -2.7027e+00
5.0000e+01 1.6000e+02 2.2211e+00
5.0000e+01 1.7000e+02 -7.2319e-01
5.0000e+01 1.8000e+02 -2.6581e+00
5.0000e+01 1.9000e+02 -1.5888e+00
5.0000e+01 2.0000e+02 1.5840e+00
6.0000e+01 -2.0000e+02 -1.4631e+00
6.0000e+01 -1.9000e+02 2.1324e+00
6.0000e+01 -1.8000e+02 -3.6063e-01
6.0000e+01 -1.7000e+02 -1.5559e+00
6.0000e+01 -1.6000e+02 -6.2945e-01
6.0000e+01 -1.5000e+02 -1.3735e+00
6.0000e+01 -1.4000e+02 -1.6557e+00
6.0000e+01 -1.3000e+02 9.3957e-01
6.0000e+01 -1.2000e+02 3.5960e-01
6.0000e+01 -1.1000e+02 -1.3676e+00
6.0000e+01 -1.0000e+02 -2.8295e+00
6.0000e+01 -9.0000e+01 -2.5049e-01
6.0000e+01 -8.0000e+01 -3.7045e+00
6.0000e+01 -7.0000e+01 -6.7339e+00
6.0000e+01 -6.0000e+01 -5.5601e+00
6.0000e+01 -5.0000e+01 -4.6568e+00
6.0000e+01 -4.0000e+01 -5.4091e+00
6.0000e+01 -3.0000e+01 -7.5087e+00
6.0000e+01 -2.0000e+01 -7.5954e+00
6.0000e+01 -1.0000e+01 -7.0324e+00
6.0000e+01 0.0000e+00 -8.3916e+00
6.0000e+01 1.0000e+01 -9.4093e+00
6.0000e+01 2.0000e+01 -6.3293e+00
6.0000e+01 3.0000e+01 -8.4310e+00
6.0000e+01 4.0000e+01 -9.3308e+00
6.0000e+01 5.0000e+01 -6.0550e+00
6.0000e+01 6.0000e+01 -8.6358e+00
6.0000e+01 7.0000e+01 -3.4170e+00
6.0000e+01 8.0000e+01 -3.3757e+00
6.0000e+01 9.0000e+01 -2.1773e+00
6.0000e+01 1.0000e+02 -2.3594e+00
6.0000e+01 1.1000e+02 -2.4865e+00
6.0000e+01 1.2000e+02 1.9715e+00
6.0000e+01 1.3000e+02 -2.2565e+00
6.0000e+01 1.4000e+02 2.9708e-01
6.0000e+01 1.5000e+02 2.0457e+00
6.0000e+01 1.6000e+02 6.1580e-01
6.0000e+01 1.7000e+02 6.3115e-01
6.0000e+01 1.8000e+02 2.7902e-01
6.0000e+01 1.9000e+02 -1.8005e+00
6.0000e+01 2.0000e+02 3.6205e-02
7.0000e+01 -2.0000e+02 -2.2498e+00
7.0000e+01 -1.9000e+02 -2.8637e+00
7.0000e+01 -1.8000e+02 3.9799e-01
7.0000e+01 -1.7000e+02 -1.0496e+00
7.0000e+01 -1.6000e+02 -2.7361e-01
7.0000e+01 -1.5000e+02 4.0039e-01
7.0000e+01 -1.4000e+02 -1.5853e+00
7.0000e+01 -1.3000e+02 2.2529e-01
7.0000e+01 -1.2000e+02 -1.1802e+00
7.0000e+01 -1.1000e+02 -1.7849e+00
7.0000e+01 -1.0000e+02 -4.5130e+00
7.0000e+01 -9.0000e+01 -2.6397e+00
7.0000e+01 -8.0000e+01 4.9178e-02
7.0000e+01 -7.0000e+01 -4.1962e+00
7.0000e+01 -6.0000e+01 -4.1068e+00
7.0000e+01 -5.0000e+01 -5.4151e+00
7.0000e+01 -4.0000e+01 -5.5856e+00
7.0000e+01 -3.0000e+01 -4.3697e+00
7.0000e+01 -2.0000e+01 -4.9083e+00
7.0000e+01 -1.0000e+01 -7.4908e+00
7.0000e+01 0.0000e+00 -9.1240e+00
7.0000e+01 1.0000e+01 -5.6039e+00
7.0000e+01 2.0000e+01 -7.1162e+00
7.0000e+01 3.0000e+01 -6.7899e+00
7.0000e+01 4.0000e+01 -4.4498e+00
7.0000e+01 5.0000e+01 -4.4144e+00
7.0000e+01 6.0000e+01 -6.3704e+00
7.0000e+01 7.0000e+01 -3.2611e+00
7.0000e+01 8.0000e+01 -3.5223e+00
7.0000e+01 9.0000e+01 -4.9357e-01
7.0000e+01 1.0000e+02 -2.1538e+00
7.0000e+01 1.1000e+02 4.7776e-02
7.0000e+01 1.2000e+02 1.4455e+00
7.0000e+01 1.3000e+02 1.4107e+00
7.0000e+01 1.4000e+02 6.0990e-01
7.0000e+01 1.5000e+02 -9.9762e-01
7.0000e+01 1.6000e+02 -1.4903e+00
7.0000e+01 1.7000e+02 -6.7385e-01
7.0000e+01 1.8000e+02 -7.6484e-01
7.0000e+01 1.9000e+02 -3.9944e+00
7.0000e+01 2.0000e+02 -5.1036e-02
8.0000e+01 -2.0000e+02 -1.1753e+00
8.0000e+01 -1.9000e+02 -1.2897e+00
8.0000e+01 -1.8000e+02 1.3138e+00
8.0000e+01 -1.7000e+02 -8.6602e-01
8.0000e+01 -1.6000e+02 -3.3791e+00
8.0000e+01 -1.5000e+02 -2.0250e+00
8.0000e+01 -1.4000e+02 -7.4035e-01
8.0000e+01 -1.3000e+02 -3.1104e-01
8.0000e+01 -1.2000e+02 1.0795e-01
8.0000e+01 -1.1000e+02 -4.8092e-01
8.0000e+01 -1.0000e+02 3.6130e-01
8.0000e+01 -9.0000e+01 -4.7235e+00
8.0000e+01 -8.0000e+01 -5.4563e-01
8.0000e+01 -7.0000e+01 -2.9638e+00
8.0000e+01 -6.0000e+01 -2.0385e+00
8.0000e+01 -5.0000e+01 -4.6671e+00
8.0000e+01 -4.0000e+01 -5.8584e+00
8.0000e+01 -3.0000e+01 -2.6212e+00
8.0000e+01 -2.0000e+01 -3.1961e+00
8.0000e+01 -1.0000e+01 -4.4906e+00
8.0000e+01 0.0000e+00 -6.3657e+00
8.0000e+01 1.0000e+01 -4.5264e+00
8.0000e+01 2.0000e+01 -6.6380e+00
8.0000e+01 3.0000e+01 -4.5173e+00
8.0000e+01 4.0000e+01 -3.4368e+00
8.0000e+01 5.0000e+01 -2.4267e+00
8.0000e+01 6.0000e+01 -1.8411e+00
8.0000e+01 7.0000e+01 1.2794e+00
8.0000e+01 8.0000e+01 2.2533e-01
8.0000e+01 9.0000e+01 4.4943e-01
8.0000e+01 1.0000e+02 -3.5508e+00
8.0000e+01 1.1000e+02 1.9372e+00
8.0000e+01 1.2000e+02 -2.6564e+00
8.0000e+01 1.3000e+02 -2.4107e-02
8.0000e+01 1.4000e+02 2.1503e+00
8.0000e+01 1.5000e+02 -1.3512e+00
8.0000e+01 1.6000e+02 -4.7821e-01
8.0000e+01 1.7000e+02 -9.1126e-01
8.0000e+01 1.8000e+02 2.0526e+00
8.0000e+01 1.9000e+02 -8.8276e-01
8.0000e+01 2.0000e+02 -9.8797e-01
9.0000e+01 -2.0000e+02 -1.3160e+00
9.0000e+01 -1.9000e+02 2.2493e+00
9.0000e+01 -1.8000e+02 3.0050e+00
9.0000e+01 -1.7000e+02 -3.4452e-01
9.0000e+01 -1.6000e+02 -5.3357e-01
9.0000e+01 -1.5000e+02 9.1491e-01
9.0000e+01 -1.4000e+02 8.8994e-01
9.0000e+01 -1.3000e+02 1.4308e+00
9.0000e+01 -1.2000e+02 -3.5742e+00
9.0000e+01 -1.1000e+02 -2.9399e+00
9.0000e+01 -1.0000e+02 1.7173e+00
9.0000e+01 -9.0000e+01 -1.0356e+00
9.0000e+01 -8.0000e+01 -1.4502e+00
9.0000e+01 -7.0000e+01 -3.5125e+00
9.0000e+01 -6.0000e+01 -1.3815e+00
9.0000e+01 -5.0000e+01 -3.4991e+00
9.0000e+01 -4.0000e+01 -5.0947e+00
9.0000e+01 -3.0000e+01 -4.3961e+00
9.0000e+01 -2.0000e+01 -2.5554e+00
9.0000e+01 -1.0000e+01 -1.1611e+00
9.0000e+01 0.0000e+00 -5.8074e+00
9.0000e+01 1.0000e+01 -4.3194e+00
9.0000e+01 2.0000e+01 -2.5677e+00
9.0000e+01 3.0000e+01 -6.5927e+00
9.0000e+01 4.0000e+01 -1.5367e+00
9.0000e+01 5.0000e+01 -3.4687e+00
9.0000e+01 6.0000e+01 1.7266e-01
9.0000e+01 7.0000e+01 -4.5135e+00
9.0000e+01 8.0000e+01 4.0294e-01
9.0000e+01 9.0000e+01 -1.0534e+00
9.0000e+01 1.0000e+02 -1.5324e+00
9.0000e+01 1.1000e+02 -6.5527e-02
9.0000e+01 1.2000e+02 -1.7379e+00
9.0000e+01 1.3000e+02 -2.0111e+00
9.0000e+01 1.4000e+02 -1.6802e+00
9.0000e+01 1.5000e+02 2.2479e+00
9.0000e+01 1.6000e+02 5.0819e-01
9.0000e+01 1.7000e+02 -9.9261e-01
9.0000e+01 1.8000e+02 1.0172e+00
9.0000e+01 1.9000e+02 4.6175e-01
9.0000e+01 2.0000e+02 5.8377e-01
1.0000e+02 -2.0000e+02 8.8611e-01
1.0000e+02 -1.9000e+02 -4.0269e-02
1.0000e+02 -1.8000e+02 -1.3040e-01
1.0000e+02 -1.7000e+02 -8.4299e-02
1.0000e+02 -1.6000e+02 7.1199e-01
1.0000e+02 -1.5000e+02 8.9284e-01
1.0000e+02 -1.4000e+02 9.6947e-01
1.0000e+02 -1.3000e+02 2.6542e+00
1.0000e+02 -1.2000e+02 6.4191e-01
1.0000e+02 -1.1000e+02 -1.9052e-01
1.0000e+02 -1.0000e+02 2.3916e+00
1.0000e+02 -9.0000e+01 -1.9002e+00
1.0000e+02 -8.0000e+01 1.2434e+00
1.0000e+02 -7.0000e+01 -6.0602e-02
1.0000e+02 -6.0000e+01 6.3755e-02
1.0000e+02 -5.0000e+01 3.7205e-01
1.0000e+02 -4.0000e+01 -3.8313e-01
1.0000e+02 -3.0000e+01 -3.1096e+00
1.0000e+02 -2.0000e+01 -3.3293e+00
1.0000e+02 -1.0000e+01 -4.8322e+00
1.0000e+02 0.0000e+00 -3.1071e+00
1.0000e+02 1.0000e+01 -6.8742e+00
1.0000e+02 2.0000e+01 -2.6999e+00
1.0000e+02 3.0000e+01 -4.7306e+00
1.0000e+02 4.0000e+01 -2.8653e+00
1.0000e+02 5.0000e+01 -3.3151e+00
1.0000e+02 6.0000e+01 -2.9296e+00
1.0000e+02 7.0000e+01 -2.3206e+00
1.0000e+02 8.0000e+01 -1.8516e+00
1.0000e+02 9.0000e+01 1.1387e+00
1.0000e+02 1.0000e+02 -6.7328e-01
1.0000e+02 1.1000e+02 -4.7824e-01
1.0000e+02 1.2000e+02 -2.0632e+00
1.0000e+02 1.3000e+02 -3.6769e-01
1.0000e+02 1.4000e+02 5.1133e-02
1.0000e+02 1.5000e+02 -6.8841e-02
1.0000e+02 1.6000e+02 -1.1589e+00
1.0000e+02 1.7000e+02 -1.4004e+00
1.0000e+02 1.8000e+02 -3.7951e+00
1.0000e+02 1.9000e+02 -5.9823e-01
1.0000e+02 2.0000e+02 -1.1993e+00
1.1000e+02 -2.0000e+02 -2.5579e-01
1.1000e+02 -1.9000e+02 -1.4915e+00
1.1000e+02 -1.8000e+02 2.1364e+00
1.1000e+02 -1.7000e+02 1.4782e+00
1.1000e+02 -1.6000e+02 -8.2395e-01
1.1000e+02 -1.5000e+02 6.6882e-01
1.1000e+02 -1.4000e+02 -5.9864e-01
1.1000e+02 -1.3000e+02 4.0332e-01
1.1000e+02 -1.2000e+02 3.1584e+00
1.1000e+02 -1.1000e+02 -1.0107e+00
1.1000e+02 -1.0000e+02 -1.1127e+00
1.1000e+02 -9.0000e+01 4.1978e-02
1.1000e+02 -8.0000e+01 8.4529e-01
1.1000e+02 -7.0000e+01 -2.2037e+00
1.1000e+02 -6.0000e+01 -8.6226e-01
1.1000e+02 -5.0000e+01 -1.1269e+00
1.1000e+02 -4.0000e+01 -1.5750e+00
1.1000e+02 -3.0000e+01 -2.6294e+00
1.1000e+02 -2.0000e+01 -3.0665e+00
1.1000e+02 -1.0000e+01 -3.7767e+00
1.1000e+02 0.0000e+00 -1.9120e+00
1.1000e+02 1.0000e+01 -3.6317e+00
1.1000e+02 2.0000e+01 -1.0380e+00
1.1000e+02 3.0000e+01 -1.2212e+00
1.1000e+02 4.0000e+01 -2.7708e+00
1.1000e+02 5.0000e+01 1.0840e+00
1.1000e+02 6.0000e+01 8.5852e-01
1.1000e+02 7.0000e+01 5.8766e-02
1.1000e+02 8.0000e+01 -3.7950e+00
1.1000e+02 9.0000e+01 7.5310e-01
1.1000e+02 1.0000e+02 1.7819e+00
1.1000e+02 1.1000e+02 -1.9530e+00
1.1000e+02 1.2000e+02 7.4247e-02
1.1000e+02 1.3000e+02 -1.2910e+00
1.1000e+02 1.4000e+02 1.2204e-01
1.1000e+02 1.5000e+02 -7.9339e-01
1.1000e+02 1.6000e+02 1.5711e-01
1.1000e+02 1.7000e+02 -1.8431e+00
1.1000e+02 1.8000e+02 -2.2351e-01
1.1000e+02 1.9000e+02 -1.5689e-02
1.1000e+02 2.0000e+02 9.4397e-01
1.2000e+02 -2.0000e+02 8.9636e-01
1.2000e+02 -1.9000e+02 1.9593e+00
1.2000e+02 -1.8000e+02 1.7846e+00
1.2000e+02 -1.7000e+02 2.2016e+00
1.2000e+02 -1.6000e+02 -6.8180e-01
1.2000e+02 -1.5000e+02 -1.1737e+00
1.2000e+02 -1.4000e+02 7.2553e-02
1.2000e+02 -1.3000e+02 1.3465e+00
1.2000e+02 -1.2000e+02 1.0645e+00
1.2000e+02 -1.1000e+02 2.0985e+00
1.2000e+02 -1.0000e+02 8.7945e-01
1.2000e+02 -9.0000e+01 1.6654e+00
1.2000e+02 -8.0000e+01 1.0123e+00
1.2000e+02 -7.0000e+01 -3.2356e+00
1.2000e+02 -6.0000e+01 -1.2141e+00
1.2000e+02 -5.0000e+01 -3.3180e-01
1.2000e+02 -4.0000e+01 -4.2165e-01
1.2000e+02 -3.0000e+01 -1.7919e+00
1.2000e+02 -2.0000e+01 -2.1218e+00
1.2000e+02 -1.0000e+01 -1.7330e+00
1.2000e+02 0.0000e+00 -8.0041e-02
1.2000e+02 1.0000e+01 -2.9629e+00
1.2000e+02 2.0000e+01 -7.5508e-01
1.2000e+02 3.0000e+01 -7.8515e-01
1.2000e+02 4.0000e+01 -2.1179e+00
1.2000e+02 5.0000e+01 -2.8140e+00
1.2000e+02 6.0000e+01 -3.8322e+00
1.2000e+02 7.0000e+01 -6.7641e-01
1.2000e+02 8.0000e+01 -3.6072e-01
1.2000e+02 9.0000e+01 4.4085e-01
1.2000e+02 1.0000e+02 -9.3691e-01
1.2000e+02 1.1000e+02 1.3006e-02
1.2000e+02 1.2000e+02 7.4697e-01
1.2000e+02 1.3000e+02 -4.6491e-01
1.2000e+02 1.4000e+02 2.6551e+00
1.2000e+02 1.5000e+02 1.4991e-01
1.2000e+02 1.6000e+02 -6.1366e-01
1.2000e+02 1.7000e+02 5.1791e-01
1.2000e+02 1.8000e+02 -1.9055e+00
1.2000e+02 1.9000e+02 -1.6416e+00
1.2000e+02 2.0000e+02 -1.3984e+00
1.3000e+02 -2.0000e+02 1.5043e+00
1.3000e+02 -1.9000e+02 -1.2429e+00
1.3000e+02 -1.8000e+02 -1.3623e-01
1.3000e+02 -1.7000e+02 1.1924e+00
1.3000e+02 -1.6000e+02 -5.0070e-01
1.3000e+02 -1.5000e+02 -6.8983e-01
1.3000e+02 -1.4000e+02 -7.1402e-01
1.3000e+02 -1.3000e+02 1.4666e+00
1.3000e+02 -1.2000e+02 3.0519e+00
1.3000e+02 -1.1000e+02 -2.7746e+00
1.3000e+02 -1.0000e+02 1.0247e+00
1.3000e+02 -9.0000e+01 -2.8823e-01
1.3000e+02 -8.0000e+01 -1.3260e+00
1.3000e+02 -7.0000e+01 3.2183e-01
1.3000e+02 -6.0000e+01 -3.0288e-01
1.3000e+02 -5.0000e+01 -1.6570e+00
1.3000e+02 -4.0000e+01 -2.3478e+00
1.3000e+02 -3.0000e+01 -1.2358e+00
1.3000e+02 -2.0000e+01 4.3014e-01
1.3000e+02 -1.0000e+01 -3.8188e+00
1.3000e+02 0.0000e+00 -1.7541e+00
1.3000e+02 1.0000e+01 -2.8199e+00
1.3000e+02 2.0000e+01 2.5175e+00
1.3000e+02 3.0000e+01 -2.2392e+00
1.3000e+02 4.0000e+01 -3.4807e+00
1.3000e+02 5.0000e+01 4.3915e-01
1.3000e+02 6.0000e+01 -2.0495e+00
1.3000e+02 7.0000e+01 1.7443e+00
1.3000e+02 8.0000e+01 -2.3422e+00
1.3000e+02 9.0000e+01 -6.3416e-01
1.3000e+02 1.0000e+02 1.1448e+00
1.3000e+02 1.1000e+02 -1.8742e-02
1.3000e+02 1.2000e+02 4.0045e+00
1.3000e+02 1.3000e+02 1.2040e+00
1.3000e+02 1.4000e+02 8.4444e-02
1.3000e+02 1.5000e+02 3.4005e-01
1.3000e+02 1.6000e+02 1.4863e-01
1.3000e+02 1.7000e+02 1.0996e+00
1.3000e+02 1.8000e+02 3.2882e+00
1.3000e+02 1.9000e+02 -4.0732e-01
1.3000e+02 2.0000e+02 2.3074e+00
1.4000e+02 -2.0000e+02 1.0307e+00
1.4000e+02 -1.9000e+02 -7.9506e-01
1.4000e+02 -1.8000e+02 1.6753e+00
1.4000e+02 -1.7000e+02 -1.4742e+00
1.4000e+02 -1.6000e+02 1.6445e+00
1.4000e+02 -1.5000e+02 -2.6518e+00
1.4000e+02 -1.4000e+02 2.7063e+00
1.4000e+02 -1.3000e+02 3.9291e-01
1.4000e+02 -1.2000e+02 1.6274e+00
1.4000e+02 -1.1000e+02 1.4020e+00
1.4000e+02 -1.0000e+02 -7.9748e-01
1.4000e+02 -9.0000e+01 -1.7208e+00
1.4000e+02 -8.0000e+01 -4.8199e-01
1.4000e+02 -7.0000e+01 1.6929e-02
1.4000e+02 -6.0000e+01 -1.6796e+00
1.4000e+02 -5.0000e+01 -4.1466e-01
1.4000e+02 -4.0000e+01 -9.6709e-01
1.4000e+02 -3.0000e+01 -2.0506e+00
1.4000e+02 -2.0000e+01 3.6420e-01
1.4000e+02 -1.0000e+01 -1.5870e+00
1.4000e+02 0.0000e+00 8.8136e-02
1.4000e+02 1.0000e+01 -1.4719e-01
1.4000e+02 2.0000e+01 4.6807e-01
1.4000e+02 3.0000e+01 -3.3494e+00
1.4000e+02 4.0000e+01 9.1831e-01
1.4000e+02 5.0000e+01 1.0509e+00
1.4000e+02 6.0000e+01 -2.0197e-01
1.4000e+02 7.0000e+01 1.5542e-01
1.4000e+02 8.0000e+01 -2.6476e+00
1.4000e+02 9.0000e+01 -3.0223e-01
1.4000e+02 1.0000e+02 1.2023e+00
1.4000e+02 1.1000e+02 -2.8383e-02
1.4000e+02 1.2000e+02 2.5033e+00
1.4000e+02 1.3000e+02 -1.0187e+00
1.4000e+02 1.4000e+02 -5.0583e-02
1.4000e+02 1.5000e+02 -1.5279e+00
1.4000e+02 1.6000e+02 -1.2989e+00
1.4000e+02 1.7000e+02 -1.1732e-01
1.4000e+02 1.8000e+02 6.2145e-01
1.4000e+02 1.9000e+02 -1.0689e+00
1.4000e+02 2.0000e+02 6.1776e-01
1.5000e+02 -2.0000e+02 -1.1058e+00
1.5000e+02 -1.9000e+02 2.4214e-01
1.5000e+02 -1.8000e+02 -3.8623e-01
1.5000e+02 -1.7000e+02 -2.1541e+00
1.5000e+02 -1.6000e+02 1.2108e+00
1.5000e+02 -1.5000e+02 -1.1899e+00
1.5000e+02 -1.4000e+02 -7.0439e-01
1.5000e+02 -1.3000e+02 -2.7387e+00
1.5000e+02 -1.2000e+02 2.9454e+00
1.5000e+02 -1.1000e+02 2.2008e-01
1.5000e+02 -1.0000e+02 -1.1302e+00
1.5000e+02 -9.0000e+01 -8.6218e-01
1.5000e+02 -8.0000e+01 8.0738e-02
1.5000e+02 -7.0000e+01 -1.9291e-01
1.5000e+02 -6.0000e+01 -4.1786e-01
1.5000e+02 -5.0000e+01 1.6900e+00
1.5000e+02 -4.0000e+01 -2.3654e+00
1.5000e+02 -3.0000e+01 -1.8309e+00
1.5000e+02 -2.0000e+01 4.4174e-01
1.5000e+02 -1.0000e+01 -1.2066e+00
1.5000e+02 0.0000e+00 8.5295e-01
1.5000e+02 1.0000e+01 9.9671e-01
1.5000e+02 2.0000e+01 -2.0898e+00
1.5000e+02 3.0000e+01 -2.6686e+00
1.5000e+02 4.0000e+01 -1.5092e+00
1.5000e+02 5.0000e+01 -1.0654e-01
1.5000e+02 6.0000e+01 -1.3402e+00
1.5000e+02 7.0000e+01 6.4178e-03
1.5000e+02 8.0000e+01 -1.5677e+00
1.5000e+02 9.0000e+01 -1.2675e+00
1.5000e+02 1.0000e+02 1.5180e+00
1.5000e+02 1.1000e+02 -7.0540e-01
1.5000e+02 1.2000e+02 1.9542e+00
1.5000e+02 1.3000e+02 -3.0537e-01
1.5000e+02 1.4000e+02 -4.2075e-01
1.5000e+02 1.5000e+02 1.6948e+00
1.5000e+02 1.6000e+02 -1.8582e+00
1.5000e+02 1.7000e+02 6.4382e-01
1.5000e+02 1.8000e+02 1.0582e+00
1.5000e+02 1.9000e+02 8.7707e-01
1.5000e+02 2.0000e+02 2.9820e-01
1.6000e+02 -2.0000e+02 -1.1425e-01
1.6000e+02 -1.9000e+02 -2.9989e+00
1.6000e+02 -1.8000e+02 3.7347e+00
1.6000e+02 -1.7000e+02 1.6660e-01
1.6000e+02 -1.6000e+02 -1.2812e-01
1.6000e+02 -1.5000e+02 3.3241e+00
1.6000e+02 -1.4000e+02 9.7045e-01
1.6000e+02 -1.3000e+02 -3.9058e-01
1.6000e+02 -1.2000e+02 -3.4116e-01
1.6000e+02 -1.1000e+02 1.3977e+00
1.6000e+02 -1.0000e+02 2.3926e+00
1.6000e+02 -9.0000e+01 -2.6856e-02
1.6000e+02 -8.0000e+01 8.8031e-02
1.6000e+02 -7.0000e+01 -2.5709e+00
1.6000e+02 -6.0000e+01 2.2882e+00
1.6000e+02 -5.0000e+01 1.1601e+00
1.6000e+02 -4.0000e+01 -1.0635e+00
1.6000e+02 -3.0000e+01 -3.1320e+00
1.6000e+02 -2.0000e+01 -5.6612e-01
1.6000e+02 -1.0000e+01 4.6046e-01
1.6000e+02 0.0000e+00 -2.4037e-01
1.6000e+02 1.0000e+01 -1.9311e+00
1.6000e+02 2.0000e+01 -8.1998e-01
1.6000e+02 3.0000e+01 4.1883e-01
1.6000e+02 4.0000e+01 4.8031e-01
1.6000e+02 5.0000e+01 -8.0695e-01
1.6000e+02 6.0000e+01 1.3709e+00
1.6000e+02 7.0000e+01 2.5195e+00
1.6000e+02 8.0000e+01 1.1068e+00
1.6000e+02 9.0000e+01 -3.5911e-01
1.6000e+02 1.0000e+02 -3.2294e+00
1.6000e+02 1.1000e+02 5.9549e-01
1.6000e+02 1.2000e+02 -3.9799e-01
1.6000e+02 1.3000e+02 -1.2256e+00
1.6000e+02 1.4000e+02 7.4522e-01
1.6000e+02 1.5000e+02 1.8150e-01
1.6000e+02 1.6000e+02 1.8805e+00
1.6000e+02 1.7000e+02 -1.0641e+00
1.6000e+02 1.8000e+02 5.2832e-01
1.6000e+02 1.9000e+02 1.2085e+00
1.6000e+02 2.0000e+02 -1.8222e+00
1.7000e+02 -2.0000e+02 -2.0923e-01
1.7000e+02 -1.9000e+02 1.7086e+00
1.7000e+02 -1.8000e+02 -5.9790e-01
1.7000e+02 -1.7000e+02 2.2763e+00
1.7000e+02 -1.6000e+02 1.6476e+00
1.7000e+02 -1.5000e+02 -1.3095e+00
1.7000e+02 -1.4000e+02 5.6929e-01
1.7000e+02 -1.3000e+02 -6.5530e-01
1.7000e+02 -1.2000e+02 -9.4597e-01
1.7000e+02 -1.1000e+02 9.0763e-01
1.7000e+02 -1.0000e+02 -9.2284e-01
1.7000e+02 -9.0000e+01 2.2935e+00
1.7000e+02 -8.0000e+01 9.9132e-01
1.7000e+02 -7.0000e+01 1.2209e+00
1.7000e+02 -6.0000e+01 -2.9193e+00
1.7000e+02 -5.0000e+01 -2.4699e+00
1.7000e+02 -4.0000e+01 -2.1916e+00
1.7000e+02 -3.0000e+01 -6.2614e-02
1.7000e+02 -2.0000e+01 -3.3137e+00
1.7000e+02 -1.0000e+01 -6.3075e-01
1.7000e+02 0.0000e+00 2.8756e-01
1.7000e+02 1.0000e+01 -7.2948e-01
1.7000e+02 2.0000e+01 2.8134e-01
1.7000e+02 3.0000e+01 -5.4645e-01
1.7000e+02 4.0000e+01 -3.9827e+00
1.7000e+02 5.0000e+01 -9.4924e-01
1.7000e+02 6.0000e+01 -1.7372e+00
1.7000e+02 7.0000e+01 6.9233e-01
1.7000e+02 8.0000e+01 4.6375e-01
1.7000e+02 9.0000e+01 3.7975e-01
1.7000e+02 1.0000e+02 7.4715e-01
1.7000e+02 1.1000e+02 1.5214e+00
1.7000e+02 1.2000e+02 1.6034e+00
1.7000e+02 1.3000e+02 -2.0543e+00
1.7000e+02 1.4000e+02 -2.0464e+00
1.7000e+02 1.5000e+02 -3.4911e+00
1.7000e+02 1.6000e+02 -4.1530e-01
1.7000e+02 1.7000e+02 8.1097e-01
1.7000e+02 1.8000e+02 -9.3085e-01
1.7000e+02 1.9000e+02 1.1649e+00
1.7000e+02 2.0000e+02 -1.0562e-01
1.8000e+02 -2.0000e+02 -4.7092e-01
1.8000e+02 -1.9000e+02 1.1008e-02
1.8000e+02 -1.8000e+02 6.9248e-01
1.8000e+02 -1.7000e+02 4.1578e-02
1.8000e+02 -1.6000e+02 -2.4194e+00
1.8000e+02 -1.5000e+02 -2.7771e-01
1.8000e+02 -1.4000e+02 1.8723e+00
1.8000e+02 -1.3000e+02 3.0173e+00
1.8000e+02 -1.2000e+02 3.8021e-01
1.8000e+02 -1.1000e+02 -8.7348e-01
1.8000e+02 -1.0000e+02 -7.1658e-01
1.8000e+02 -9.0000e+01 1.0791e+00
1.8000e+02 -8.0000e+01 -2.8398e-01
1.8000e+02 -7.0000e+01 -2.9920e-01
1.8000e+02 -6.0000e+01 -7.3014e-01
1.8000e+02 -5.0000e+01 1.7012e+00
1.8000e+02 -4.0000e+01 9.7266e-01
1.8000e+02 -3.0000e+01 -2.6224e-01
1.8000e+02 -2.0000e+01 2.0429e+00
1.8000e+02 -1.0000e+01 1.6348e+00
1.8000e+02 0.0000e+00 1.8611e+00
1.8000e+02 1.0000e+01 -7.7636e-02
1.8000e+02 2.0000e+01 2.0235e-01
1.8000e+02 3.0000e+01 -3.4999e+00
1.8000e+02 4.0000e+01 1.1344e+00
1.8000e+02 5.0000e+01 -5.4479e-01
1.8000e+02 6.0000e+01 -4.8853e-01
1.8000e+02 7.0000e+01 4.6856e-01
1.8000e+02 8.0000e+01 1.2429e-01
1.8000e+02 9.0000e+01 -1.4351e+00
1.8000e+02 1.0000e+02 -1.1512e+00
1.8000e+02 1.1000e+02 1.3067e+00
1.8000e+02 1.2000e+02 2.1779e+00
1.8000e+02 1.3000e+02 6.7714e-01
1.8000e+02 1.4000e+02 -6.8216e-01
1.8000e+02 1.5000e+02 3.4403e+00
1.8000e+02 1.6000e+02 -1.9626e+00
1.8000e+02 1.7000e+02 -1.4782e+00
1.8000e+02 1.8000e+02 -4.4662e-01
1.8000e+02 1.9000e+02 2.0770e+00
1.8000e+02 2.0000e+02 -3.8895e-01
1.9000e+02 -2.0000e+02 -1.4456e+00
1.9000e+02 -1.9000e+02 -4.8843e-02
1.9000e+02 -1.8000e+02 1.6418e+00
1.9000e+02 -1.7000e+02 4.4502e-01
1.9000e+02 -1.6000e+02 -4.7448e-01
1.9000e+02 -1.5000e+02 -1.5567e+00
1.9000e+02 -1.4000e+02 8.1206e-02
1.9000e+02 -1.3000e+02 -1.0742e+00
1.9000e+02 -1.2000e+02 2.5472e+00
1.9000e+02 -1.1000e+02 6.4311e-01
1.9000e+02 -1.0000e+02 -3.7968e+00
1.9000e+02 -9.0000e+01 -1.1711e-01
1.9000e+02 -8.0000e+01 -1.4992e+00
1.9000e+02 -7.0000e+01 -9.2043e-01
1.9000e+02 -6.0000e+01 1.1568e+00
1.9000e+02 -5.0000e+01 1.5121e+00
1.9000e+02 -4.0000e+01 -5.6119e-01
1.9000e+02 -3.0000e+01 -3.7205e-02
1.9000e+02 -2.0000e+01 -2.3613e+00
1.9000e+02 -1.0000e+01 -2.1836e+00
1.9000e+02 0.0000e+00 2.6870e-01
1.9000e+02 1.0000e+01 9.8672e-01
1.9000e+02 2.0000e+01 -1.1986e+00
1.9000e+02 3.0000e+01 -6.3216e-01
1.9000e+02 4.0000e+01 -5.9776e-01
1.9000e+02 5.0000e+01 2.0177e+00
1.9000e+02 6.0000e+01 3.5928e+00
1.9000e+02 7.0000e+01 2.2722e+00
1.9000e+02 8.0000e+01 1.0707e+00
1.9000e+02 9.0000e+01 -1.0722e+00
1.9000e+02 1.0000e+02 -5.9113e-01
1.9000e+02 1.1000e+02 -1.2966e+00
1.9000e+02 1.2000e+02 -2.3973e+00
1.9000e+02 1.3000e+02 1.7336e+00
1.9000e+02 1.4000e+02 1.7250e+00
1.9000e+02 1.5000e+02 -1.6914e+00
1.9000e+02 1.6000e+02 -2.3113e-01
1.9000e+02 1.7000e+02 -1.6982e+00
1.9000e+02 1.8000e+02 -4.4564e-01
1.9000e+02 1.9000e+02 -5.4823e-01
1.9000e+02 2.0000e+02 6.4481e-01
2.0000e+02 -2.0000e+02 -2.1234e-01
2.0000e+02 -1.9000e+02 -3.2105e-01
2.0000e+02 -1.8000e+02 -1.2777e+00
2.0000e+02 -1.7000e+02 2.0911e+00
2.0000e+02 -1.6000e+02 9.8110e-01
2.0000e+02 -1.5000e+02 -2.5643e+00
2.0000e+02 -1.4000e+02 5.1703e-01
2.0000e+02 -1.3000e+02 -4.6599e+00
2.0000e+02 -1.2000e+02 -7.2919e-01
2.0000e+02 -1.1000e+02 -2.1159e-02
2.0000e+02 -1.0000e+02 1.1118e+00
2.0000e+02 -9.0000e+01 6.2923e-01
2.0000e+02 -8.0000e+01 1.2236e+00
2.0000e+02 -7.0000e+01 -4.9780e-01
2.0000e+02 -6.0000e+01 -2.1377e+00
2.0000e+02 -5.0000e+01 -2.9636e+00
2.0000e+02 -4.0000e+01 5.9770e-01
2.0000e+02 -3.0000e+01 2.9752e+00
2.0000e+02 -2.0000e+01 -2.8227e+00
2.0000e+02 -1.0000e+01 -6.4905e-02
2.0000e+02 0.0000e+00 1.7888e+00
2.0000e+02 1.0000e+01 -1.6122e+00
2.0000e+02 2.0000e+01 7.1427e-01
2.0000e+02 3.0000e+01 -5.3235e-01
2.0000e+02 4.0000e+01 -3.3673e-01
2.0000e+02 5.0000e+01 -1.8219e+00
2.0000e+02 6.0000e+01 4.8857e-01
2.0000e+02 7.0000e+01 6.3276e-01
2.0000e+02 8.0000e+01 6.7238e-01
2.0000e+02 9.0000e+01 -5.2294e-01
2.0000e+02 1.0000e+02 1.2933e+00
2.0000e+02 1.1000e+02 -3.0629e+00
2.0000e+02 1.2000e+02 2.0552e+00
2.0000e+02 1.3000e+02 1.2331e-01
2.0000e+02 1.4000e+02 1.3275e-01
2.0000e+02 1.5000e+02 -2.4358e+00
2.0000e+02 1.6000e+02 4.0502e-01
2.0000e+02 1.7000e+02 1.6423e+00
2.0000e+02 1.8000e+02 1.3606e-01
2.0000e+02 1.9000e+02 6.4834e-01
2.0000e+02 2.0000e+02 6.9071e-01
