-2.0000e+02 -2.0000e+02 -4.2258e+00
-2.0000e+02 -1.9000e+02 -5.9034e-01
-2.0000e+02 -1.8000e+02 -2.0840e-01
-2.0000e+02 -1.7000e+02 1.9781e+00
-2.0000e+02 -1.6000e+02 -1.3397e+00
-2.0000e+02 -1.5000e+02 -1.8061e+00
-2.0000e+02 -1.4000e+02 -2.5499e-01
-2.0000e+02 -1.3000e+02 1.0906e+00
-2.0000e+02 -1.2000e+02 3.9249e+00
-2.0000e+02 -1.1000e+02 4.3443e+00
-2.0000e+02 -1.0000e+02 6.0082e-01
-2.0000e+02 -9.0000e+01 3.5666e-01
-2.0000e+02 -8.0000e+01 1.0352e+00
-2.0000e+02 -7.0000e+01 1.3244e+00
-2.0000e+02 -6.0000e+01 1.7941e+00
-2.0000e+02 -5.0000e+01 -2.5837e+00
-2.0000e+02 -4.0000e+01 -3.1648e-01
-2.0000e+02 -3.0000e+01 -2.1908e-01
-2.0000e+02 -2.0000e+01 -7.9276e-01
-2.0000e+02 -1.0000e+01 -2.1751e+00
-2.0000e+02 0.0000e+00 -1.6300e+00
-2.0000e+02 1.0000e+01 7.0912e-01
-2.0000e+02 2.0000e+01 9.0787e-01
-2.0000e+02 3.0000e+01 1.2904e-01
-2.0000e+02 4.0000e+01 9.3357e-01
-2.0000e+02 5.0000e+01 1.0948e+00
-2.0000e+02 6.0000e+01 -1.5474e+00
-2.0000e+02 7.0000e+01 -2.2458e+00
-2.0000e+02 8.0000e+01 7.0959e-01
-2.0000e+02 9.0000e+01 -1.6451e-01
-2.0000e+02 1.0000e+02 6.5196e-01
-2.0000e+02 1.1000e+02 7.8592e-01
-2.0000e+02 1.2000e+02 3.4973e-01
-2.0000e+02 1.3000e+02 8.5161e-02
-2.0000e+02 1.4000e+02 -1.9500e+00
-2.0000e+02 1.5000e+02 1.2417e+00
-2.0000e+02 1.6000e+02 1.7702e-01
-2.0000e+02 1.7000e+02 7.3763e-01
-2.0000e+02 1.8000e+02 8.6636e-01
-2.0000e+02 1.9000e+02 6.1201e-01
-2.0000e+02 2.0000e+02 6.9402e-02
-1.9000e+02 -2.0000e+02 -8.0513e-01
-1.9000e+02 -1.9000e+02 -1.0236e+00
-1.9000e+02 -1.8000e+02 3.0578e-01
-1.9000e+02 -1.7000e+02 -1.5101e+00
-1.9000e+02 -1.6000e+02 -2.0101e+00
-1.9000e+02 -1.5000e+02 1.4419e+00
-1.9000e+02 -1.4000e+02 -5.5419e-01
-1.9000e+02 -1.3000e+02 2.3311e+00
-1.9000e+02 -1.2000e+02 -9.9946e-01
-1.9000e+02 -1.1000e+02 3.9860e-01
-1.9000e+02 -1.0000e+02 1.1545e-01
-1.9000e+02 -9.0000e+01 -6.3849e-01
-1.9000e+02 -8.0000e+01 -1.7377e+00
-1.9000e+02 -7.0000e+01 1.5726e+00
-1.9000e+02 -6.0000e+01 -8.0365e-02
-1.9000e+02 -5.0000e+01 4.8514e-01
-1.9000e+02 -4.0000e+01 3.6798e-01
-1.9000e+02 -3.0000e+01 -1.2216e+00
-1.9000e+02 -2.0000e+01 -9.9572e-01
-1.9000e+02 -1.0000e+01 -2.8161e+00
-1.9000e+02 0.0000e+00 1.5759e+00
-1.9000e+02 1.0000e+01 1.3549e+00
-1.9000e+02 2.0000e+01 -8.5278e-02
-1.9000e+02 3.0000e+01 1.9646e+00
-1.9000e+02 4.0000e+01 -1.8610e+00
-1.9000e+02 5.0000e+01 1.1514e+00
-1.9000e+02 6.0000e+01 -2.0415e+00
-1.9000e+02 7.0000e+01 1.5287e+00
-1.9000e+02 8.0000e+01 -2.3850e+00
-1.9000e+02 9.0000e+01 -2.3776e+00
-1.9000e+02 1.0000e+02 -1.7351e+00
-1.9000e+02 1.1000e+02 6.7228e-02
-1.9000e+02 1.2000e+02 1.0185e+00
-1.9000e+02 1.3000e+02 -7.0385e-01
-1.9000e+02 1.4000e+02 1.0297e+00
-1.9000e+02 1.5000e+02 2.9102e-01
-1.9000e+02 1.6000e+02 -1.7797e+00
-1.9000e+02 1.7000e+02 -5.8878e-01
-1.9000e+02 1.8000e+02 -1.2507e+00
-1.9000e+02 1.9000e+02 1.6751e-01
-1.9000e+02 2.0000e+02 -1.9638e+00
-1.8000e+02 -2.0000e+02 -3.4550e-01
-1.8000e+02 -1.9000e+02 -5.1199e-01
-1.8000e+02 -1.8000e+02 -3.9318e-01
-1.8000e+02 -1.7000e+02 -8.1214e-01
-1.8000e+02 -1.6000e+02 2.2591e+00
-1.8000e+02 -1.5000e+02 1.3625e+00
-1.8000e+02 -1.4000e+02 3.8206e+00
-1.8000e+02 -1.3000e+02 1.0055e+00
-1.8000e+02 -1.2000e+02 -2.3758e-01
-1.8000e+02 -1.1000e+02 2.3057e+00
-1.8000e+02 -1.0000e+02 1.4606e+00
-1.8000e+02 -9.0000e+01 -2.3180e+00
-1.8000e+02 -8.0000e+01 -8.5308e-01
-1.8000e+02 -7.0000e+01 -2.6816e-01
-1.8000e+02 -6.0000e+01 -5.1777e-01
-1.8000e+02 -5.0000e+01 -1.6640e+00
-1.8000e+02 -4.0000e+01 -7.9942e-01
-1.8000e+02 -3.0000e+01 3.4187e+00
-1.8000e+02 -2.0000e+01 -1.7241e+00
-1.8000e+02 -1.0000e+01 -1.2817e+00
-1.8000e+02 0.0000e+00 -5.7428e-01
-1.8000e+02 1.0000e+01 1.7585e+00
-1.8000e+02 2.0000e+01 -1.5086e-01
-1.8000e+02 3.0000e+01 -2.1647e+00
-1.8000e+02 4.0000e+01 7.5382e-02
-1.8000e+02 5.0000e+01 -1.9980e+00
-1.8000e+02 6.0000e+01 -1.1058e+00
-1.8000e+02 7.0000e+01 -3.2371e-01
-1.8000e+02 8.0000e+01 -1.1439e+00
-1.8000e+02 9.0000e+01 -1.1902e+00
-1.8000e+02 1.0000e+02 9.0281e-01
-1.8000e+02 1.1000e+02 1.2571e+00
-1.8000e+02 1.2000e+02 9.3135e-01
-1.8000e+02 1.3000e+02 -2.0059e+00
-1.8000e+02 1.4000e+02 -3.0327e+00
-1.8000e+02 1.5000e+02 -2.6877e+00
-1.8000e+02 1.6000e+02 -1.2170e+00
-1.8000e+02 1.7000e+02 -1.0237e+00
-1.8000e+02 1.8000e+02 2.8195e+00
-1.8000e+02 1.9000e+02 1.8738e+00
-1.8000e+02 2.0000e+02 3.9892e-01
-1.7000e+02 -2.0000e+02 -1.9257e+00
-1.7000e+02 -1.9000e+02 -1.3075e+00
-1.7000e+02 -1.8000e+02 6.9369e-01
-1.7000e+02 -1.7000e+02 9.0351e-01
-1.7000e+02 -1.6000e+02 1.4863e+00
-1.7000e+02 -1.5000e+02 -4.0869e-02
-1.7000e+02 -1.4000e+02 1.1655e+00
-1.7000e+02 -1.3000e+02 6.2368e-01
-1.7000e+02 -1.2000e+02 -2.0340e+00
-1.7000e+02 -1.1000e+02 -1.5280e+00
-1.7000e+02 -1.0000e+02 -2.3744e+00
-1.7000e+02 -9.0000e+01 -4.4566e-01
-1.7000e+02 -8.0000e+01 -1.3299e-01
-1.7000e+02 -7.0000e+01 6.0805e-01
-1.7000e+02 -6.0000e+01 -2.1089e+00
-1.7000e+02 -5.0000e+01 -3.9126e+00
-1.7000e+02 -4.0000e+01 -1.0212e+00
-1.7000e+02 -3.0000e+01 -5.1835e-01
-1.7000e+02 -2.0000e+01 1.8217e+00
-1.7000e+02 -1.0000e+01 -4.0303e-01
-1.7000e+02 0.0000e+00 1.2951e+00
-1.7000e+02 1.0000e+01 9.5012e-03
-1.7000e+02 2.0000e+01 -3.7543e+00
-1.7000e+02 3.0000e+01 8.3099e-01
-1.7000e+02 4.0000e+01 -9.5349e-02
-1.7000e+02 5.0000e+01 -1.1120e+00
-1.7000e+02 6.0000e+01 -2.3391e+00
-1.7000e+02 7.0000e+01 1.7844e+00
-1.7000e+02 8.0000e+01 9.0182e-01
-1.7000e+02 9.0000e+01 -2.3092e+00
-1.7000e+02 1.0000e+02 -2.0503e+00
-1.7000e+02 1.1000e+02 -1.1431e+00
-1.7000e+02 1.2000e+02 -1.3288e+00
-1.7000e+02 1.3000e+02 -2.4622e+00
-1.7000e+02 1.4000e+02 1.4670e+00
-1.7000e+02 1.5000e+02 2.6443e+00
-1.7000e+02 1.6000e+02 1.5885e+00
-1.7000e+02 1.7000e+02 -5.7208e-01
-1.7000e+02 1.8000e+02 1.4153e+00
-1.7000e+02 1.9000e+02 -1.7750e-01
-1.7000e+02 2.0000e+02 2.5968e+00
-1.6000e+02 -2.0000e+02 3.5446e+00
-1.6000e+02 -1.9000e+02 -1.5764e+00
-1.6000e+02 -1.8000e+02 -1.9178e+00
-1.6000e+02 -1.7000e+02 -2.1422e-01
-1.6000e+02 -1.6000e+02 5.8619e-02
-1.6000e+02 -1.5000e+02 6.0976e-01
-1.6000e+02 -1.4000e+02 -1.6791e+00
-1.6000e+02 -1.3000e+02 -1.1755e+00
-1.6000e+02 -1.2000e+02 5.7451e-02
-1.6000e+02 -1.1000e+02 1.6395e-01
-1.6000e+02 -1.0000e+02 1.0797e+00
-1.6000e+02 -9.0000e+01 1.3682e+00
-1.6000e+02 -8.0000e+01 -1.3795e+00
-1.6000e+02 -7.0000e+01 -8.0384e-01
-1.6000e+02 -6.0000e+01 -1.4274e+00
-1.6000e+02 -5.0000e+01 1.5590e+00
-1.6000e+02 -4.0000e+01 -1.9094e+00
-1.6000e+02 -3.0000e+01 -7.4766e-01
-1.6000e+02 -2.0000e+01 -5.3847e-01
-1.6000e+02 -1.0000e+01 -1.5468e+00
-1.6000e+02 0.0000e+00 3.1717e+00
-1.6000e+02 1.0000e+01 -4.0699e-01
-1.6000e+02 2.0000e+01 5.3602e-01
-1.6000e+02 3.0000e+01 1.1401e+00
-1.6000e+02 4.0000e+01 2.4816e+00
-1.6000e+02 5.0000e+01 -1.4934e+00
-1.6000e+02 6.0000e+01 1.4665e-02
-1.6000e+02 7.0000e+01 1.0591e+00
-1.6000e+02 8.0000e+01 -7.6821e-01
-1.6000e+02 9.0000e+01 1.3901e+00
-1.6000e+02 1.0000e+02 1.2182e-01
-1.6000e+02 1.1000e+02 -3.0847e+00
-1.6000e+02 1.2000e+02 3.6025e+00
-1.6000e+02 1.3000e+02 -7.3385e-01
-1.6000e+02 1.4000e+02 3.8669e+00
-1.6000e+02 1.5000e+02 -9.0655e-01
-1.6000e+02 1.6000e+02 7.8371e-01
-1.6000e+02 1.7000e+02 -1.7381e+00
-1.6000e+02 1.8000e+02 -3.4364e-02
-1.6000e+02 1.9000e+02 9.3805e-01
-1.6000e+02 2.0000e+02 -1.9596e+00
-1.5000e+02 -2.0000e+02 -1.0438e+00
-1.5000e+02 -1.9000e+02 -3.6161e+00
-1.5000e+02 -1.8000e+02 2.1230e+00
-1.5000e+02 -1.7000e+02 -1.2253e+00
-1.5000e+02 -1.6000e+02 -6.1244e-01
-1.5000e+02 -1.5000e+02 -1.1495e+00
-1.5000e+02 -1.4000e+02 7.3641e-01
-1.5000e+02 -1.3000e+02 3.3224e-01
-1.5000e+02 -1.2000e+02 1.0819e+00
-1.5000e+02 -1.1000e+02 7.5799e-01
-1.5000e+02 -1.0000e+02 2.5560e+00
-1.5000e+02 -9.0000e+01 -1.0022e+00
-1.5000e+02 -8.0000e+01 1.6329e+00
-1.5000e+02 -7.0000e+01 1.5595e-01
-1.5000e+02 -6.0000e+01 -1.0667e+00
-1.5000e+02 -5.0000e+01 9.7320e-01
-1.5000e+02 -4.0000e+01 -1.8747e-01
-1.5000e+02 -3.0000e+01 -2.4821e+00
-1.5000e+02 -2.0000e+01 -2.1497e+00
-1.5000e+02 -1.0000e+01 8.5516e-01
-1.5000e+02 0.0000e+00 -1.5947e+00
-1.5000e+02 1.0000e+01 -3.4739e-01
-1.5000e+02 2.0000e+01 1.3245e+00
-1.5000e+02 3.0000e+01 -1.0222e+00
-1.5000e+02 4.0000e+01 -1.4094e+00
-1.5000e+02 5.0000e+01 -5.1336e-01
-1.5000e+02 6.0000e+01 -7.6388e-01
-1.5000e+02 7.0000e+01 -2.3773e+00
-1.5000e+02 8.0000e+01 -1.4010e-01
-1.5000e+02 9.0000e+01 -1.7967e-01
-1.5000e+02 1.0000e+02 -3.4559e-01
-1.5000e+02 1.1000e+02 -1.1893e+00
-1.5000e+02 1.2000e+02 -1.0011e+00
-1.5000e+02 1.3000e+02 -3.1339e-01
-1.5000e+02 1.4000e+02 -7.6103e-01
-1.5000e+02 1.5000e+02 9.8030e-01
-1.5000e+02 1.6000e+02 -2.3164e-01
-1.5000e+02 1.7000e+02 1.3443e+00
-1.5000e+02 1.8000e+02 2.0566e-01
-1.5000e+02 1.9000e+02 -8.8426e-01
-1.5000e+02 2.0000e+02 -2.6753e-01
-1.4000e+02 -2.0000e+02 -9.5071e-01
-1.4000e+02 -1.9000e+02 1.0845e+00
-1.4000e+02 -1.8000e+02 -5.5036e-01
-1.4000e+02 -1.7000e+02 1.1334e+00
-1.4000e+02 -1.6000e+02 1.2563e-01
-1.4000e+02 -1.5000e+02 -2.4182e-02
-1.4000e+02 -1.4000e+02 1.3903e-01
-1.4000e+02 -1.3000e+02 -3.0631e+00
-1.4000e+02 -1.2000e+02 3.8430e-01
-1.4000e+02 -1.1000e+02 -3.3287e-01
-1.4000e+02 -1.0000e+02 9.1699e-01
-1.4000e+02 -9.0000e+01 1.8785e+00
-1.4000e+02 -8.0000e+01 -2.1195e+00
-1.4000e+02 -7.0000e+01 1.4962e+00
-1.4000e+02 -6.0000e+01 -1.0229e+00
-1.4000e+02 -5.0000e+01 -3.1421e+00
-1.4000e+02 -4.0000e+01 -1.8628e-02
-1.4000e+02 -3.0000e+01 -1.3780e+00
-1.4000e+02 -2.0000e+01 -4.2730e+00
-1.4000e+02 -1.0000e+01 -6.9319e-01
-1.4000e+02 0.0000e+00 -8.2567e-01
-1.4000e+02 1.0000e+01 -3.2490e-01
-1.4000e+02 2.0000e+01 -2.0661e+00
-1.4000e+02 3.0000e+01 3.5103e-01
-1.4000e+02 4.0000e+01 -2.1261e+00
-1.4000e+02 5.0000e+01 -1.2397e+00
-1.4000e+02 6.0000e+01 7.8805e-01
-1.4000e+02 7.0000e+01 2.0239e+00
-1.4000e+02 8.0000e+01 -1.4976e+00
-1.4000e+02 9.0000e+01 -2.9063e+00
-1.4000e+02 1.0000e+02 4.6208e-01
-1.4000e+02 1.1000e+02 -3.0812e-02
-1.4000e+02 1.2000e+02 -1.3352e+00
-1.4000e+02 1.3000e+02 1.8925e+00
-1.4000e+02 1.4000e+02 -7.9222e-01
-1.4000e+02 1.5000e+02 -1.1887e+00
-1.4000e+02 1.6000e+02 -1.4748e+00
-1.4000e+02 1.7000e+02 -1.4104e+00
-1.4000e+02 1.8000e+02 3.2543e+00
-1.4000e+02 1.9000e+02 -2.3732e-01
-1.4000e+02 2.0000e+02 6.9123e-01
-1.3000e+02 -2.0000e+02 -2.0824e+00
-1.3000e+02 -1.9000e+02 -7.6396e-01
-1.3000e+02 -1.8000e+02 2.7180e+00
-1.3000e+02 -1.7000e+02 -4.6096e-01
-1.3000e+02 -1.6000e+02 -9.4011e-01
-1.3000e+02 -1.5000e+02 3.8549e-01
-1.3000e+02 -1.4000e+02 -6.3882e-01
-1.3000e+02 -1.3000e+02 4.4027e-01
-1.3000e+02 -1.2000e+02 1.6898e+00
-1.3000e+02 -1.1000e+02 -9.0830e-01
-1.3000e+02 -1.0000e+02 1.4211e+00
-1.3000e+02 -9.0000e+01 1.3893e+00
-1.3000e+02 -8.0000e+01 -6.5977e-01
-1.3000e+02 -7.0000e+01 6.2799e-01
-1.3000e+02 -6.0000e+01 1.3992e+00
-1.3000e+02 -5.0000e+01 -5.7129e-01
-1.3000e+02 -4.0000e+01 -9.4125e-02
-1.3000e+02 -3.0000e+01 -1.3067e+00
-1.3000e+02 -2.0000e+01 -5.6904e-03
-1.3000e+02 -1.0000e+01 1.0850e+00
-1.3000e+02 0.0000e+00 -1.7484e+00
-1.3000e+02 1.0000e+01 -3.5698e-01
-1.3000e+02 2.0000e+01 -2.3110e+00
-1.3000e+02 3.0000e+01 -2.3753e+00
-1.3000e+02 4.0000e+01 -1.8079e+00
-1.3000e+02 5.0000e+01 -4.1311e+00
-1.3000e+02 6.0000e+01 -2.7513e+00
-1.3000e+02 7.0000e+01 1.4334e+00
-1.3000e+02 8.0000e+01 -2.4429e+00
-1.3000e+02 9.0000e+01 -7.7526e-01
-1.3000e+02 1.0000e+02 3.4078e-01
-1.3000e+02 1.1000e+02 8.6611e-01
-1.3000e+02 1.2000e+02 1.3152e+00
-1.3000e+02 1.3000e+02 -9.4658e-01
-1.3000e+02 1.4000e+02 -1.6977e+00
-1.3000e+02 1.5000e+02 -4.6622e-01
-1.3000e+02 1.6000e+02 -1.4412e+00
-1.3000e+02 1.7000e+02 -2.1962e-01
-1.3000e+02 1.8000e+02 -1.3608e-02
-1.3000e+02 1.9000e+02 1.2396e+00
-1.3000e+02 2.0000e+02 -1.0378e+00
-1.2000e+02 -2.0000e+02 9.9389e-01
-1.2000e+02 -1.9000e+02 4.0486e-01
-1.2000e+02 -1.8000e+02 2.3731e+00
-1.2000e+02 -1.7000e+02 -3.5786e+00
-1.2000e+02 -1.6000e+02 1.2130e+00
-1.2000e+02 -1.5000e+02 4.7521e-02
-1.2000e+02 -1.4000e+02 -1.5914e-01
-1.2000e+02 -1.3000e+02 -8.5730e-01
-1.2000e+02 -1.2000e+02 -1.2950e+00
-1.2000e+02 -1.1000e+02 -2.5364e-01
-1.2000e+02 -1.0000e+02 -1.7847e+00
-1.2000e+02 -9.0000e+01 -1.0932e+00
-1.2000e+02 -8.0000e+01 -9.5370e-02
-1.2000e+02 -7.0000e+01 -1.4273e+00
-1.2000e+02 -6.0000e+01 9.6535e-02
-1.2000e+02 -5.0000e+01 -1.5775e-01
-1.2000e+02 -4.0000e+01 -1.1148e+00
-1.2000e+02 -3.0000e+01 -1.0173e+00
-1.2000e+02 -2.0000e+01 -2.1770e+00
-1.2000e+02 -1.0000e+01 -2.3408e+00
-1.2000e+02 0.0000e+00 -3.8679e+00
-1.2000e+02 1.0000e+01 -2.4736e+00
-1.2000e+02 2.0000e+01 -1.1757e+00
-1.2000e+02 3.0000e+01 3.2868e-01
-1.2000e+02 4.0000e+01 8.6898e-01
-1.2000e+02 5.0000e+01 -8.6036e-01
-1.2000e+02 6.0000e+01 3.0607e-01
-1.2000e+02 7.0000e+01 -1.1263e-01
-1.2000e+02 8.0000e+01 -1.1539e+00
-1.2000e+02 9.0000e+01 6.7975e-02
-1.2000e+02 1.0000e+02 -4.2884e-01
-1.2000e+02 1.1000e+02 -1.1431e+00
-1.2000e+02 1.2000e+02 -2.4190e+00
-1.2000e+02 1.3000e+02 -9.5793e-01
-1.2000e+02 1.4000e+02 1.3219e+00
-1.2000e+02 1.5000e+02 -8.2914e-01
-1.2000e+02 1.6000e+02 2.1668e+00
-1.2000e+02 1.7000e+02 -1.5082e+00
-1.2000e+02 1.8000e+02 -1.5031e+00
-1.2000e+02 1.9000e+02 1.4347e+00
-1.2000e+02 2.0000e+02 -1.2199e+00
-1.1000e+02 -2.0000e+02 -1.2798e-02
-1.1000e+02 -1.9000e+02 -2.6944e+00
-1.1000e+02 -1.8000e+02 -2.1822e+00
-1.1000e+02 -1.7000e+02 -3.9720e-01
-1.1000e+02 -1.6000e+02 6.0865e-01
-1.1000e+02 -1.5000e+02 -1.2763e+00
-1.1000e+02 -1.4000e+02 1.2726e+00
-1.1000e+02 -1.3000e+02 -2.7046e+00
-1.1000e+02 -1.2000e+02 -3.6242e-02
-1.1000e+02 -1.1000e+02 -2.7634e+00
-1.1000e+02 -1.0000e+02 -3.3400e+00
-1.1000e+02 -9.0000e+01 1.1993e-01
-1.1000e+02 -8.0000e+01 -9.8030e-03
-1.1000e+02 -7.0000e+01 -1.2482e+00
-1.1000e+02 -6.0000e+01 -1.9986e+00
-1.1000e+02 -5.0000e+01 -2.3636e+00
-1.1000e+02 -4.0000e+01 2.4937e+00
-1.1000e+02 -3.0000e+01 -2.4485e+00
-1.1000e+02 -2.0000e+01 -3.1832e+00
-1.1000e+02 -1.0000e+01 -2.3813e+00
-1.1000e+02 0.0000e+00 -2.5242e+00
-1.1000e+02 1.0000e+01 -3.8477e+00
-1.1000e+02 2.0000e+01 -1.4702e+00
-1.1000e+02 3.0000e+01 -1.4011e+00
-1.1000e+02 4.0000e+01 -3.0457e+00
-1.1000e+02 5.0000e+01 -2.0890e+00
-1.1000e+02 6.0000e+01 -9.0550e-01
-1.1000e+02 7.0000e+01 -3.2013e+00
-1.1000e+02 8.0000e+01 -1.8744e+00
-1.1000e+02 9.0000e+01 -1.7167e+00
-1.1000e+02 1.0000e+02 5.5195e-01
-1.1000e+02 1.1000e+02 -1.3148e+00
-1.1000e+02 1.2000e+02 1.7055e+00
-1.1000e+02 1.3000e+02 2.7293e+00
-1.1000e+02 1.4000e+02 4.8598e-02
-1.1000e+02 1.5000e+02 -7.7220e-01
-1.1000e+02 1.6000e+02 -1.5365e+00
-1.1000e+02 1.7000e+02 -5.6898e-01
-1.1000e+02 1.8000e+02 2.4088e+00
-1.1000e+02 1.9000e+02 7.4807e-01
-1.1000e+02 2.0000e+02 1.6667e+00
-1.0000e+02 -2.0000e+02 7.8259e-01
-1.0000e+02 -1.9000e+02 -2.3820e+00
-1.0000e+02 -1.8000e+02 1.7849e+00
-1.0000e+02 -1.7000e+02 -3.1063e-01
-1.0000e+02 -1.6000e+02 3.2419e-01
-1.0000e+02 -1.5000e+02 1.5454e+00
-1.0000e+02 -1.4000e+02 4.0308e+00
-1.0000e+02 -1.3000e+02 2.3204e+00
-1.0000e+02 -1.2000e+02 -1.8762e+00
-1.0000e+02 -1.1000e+02 1.8887e+00
-1.0000e+02 -1.0000e+02 -3.3007e+00
-1.0000e+02 -9.0000e+01 2.2773e+00
-1.0000e+02 -8.0000e+01 -1.7766e+00
-1.0000e+02 -7.0000e+01 -1.1979e+00
-1.0000e+02 -6.0000e+01 -2.1633e+00
-1.0000e+02 -5.0000e+01 -3.9119e-01
-1.0000e+02 -4.0000e+01 -1.6142e+00
-1.0000e+02 -3.0000e+01 -4.2484e-01
-1.0000e+02 -2.0000e+01 -1.2980e+00
-1.0000e+02 -1.0000e+01 -4.4958e+00
-1.0000e+02 0.0000e+00 -2.9602e+00
-1.0000e+02 1.0000e+01 -4.7342e+00
-1.0000e+02 2.0000e+01 -4.2144e+00
-1.0000e+02 3.0000e+01 -3.9493e+00
-1.0000e+02 4.0000e+01 -4.7014e-01
-1.0000e+02 5.0000e+01 -2.4857e+00
-1.0000e+02 6.0000e+01 -3.2371e+00
-1.0000e+02 7.0000e+01 -2.5336e+00
-1.0000e+02 8.0000e+01 -2.0551e+00
-1.0000e+02 9.0000e+01 -2.6130e-01
-1.0000e+02 1.0000e+02 9.0889e-02
-1.0000e+02 1.1000e+02 -1.6123e+00
-1.0000e+02 1.2000e+02 4.7258e-01
-1.0000e+02 1.3000e+02 -8.5565e-01
-1.0000e+02 1.4000e+02 4.1364e-01
-1.0000e+02 1.5000e+02 -4.5323e-01
-1.0000e+02 1.6000e+02 2.7871e+00
-1.0000e+02 1.7000e+02 -1.9576e+00
-1.0000e+02 1.8000e+02 -6.8956e-01
-1.0000e+02 1.9000e+02 8.3548e-01
-1.0000e+02 2.0000e+02 4.8247e-01
-9.0000e+01 -2.0000e+02 1.8039e+00
-9.0000e+01 -1.9000e+02 2.2024e+00
-9.0000e+01 -1.8000e+02 4.2011e-01
-9.0000e+01 -1.7000e+02 2.6613e+00
-9.0000e+01 -1.6000e+02 5.4158e-01
-9.0000e+01 -1.5000e+02 -2.9583e-02
-9.0000e+01 -1.4000e+02 7.0850e-01
-9.0000e+01 -1.3000e+02 -8.9118e-02
-9.0000e+01 -1.2000e+02 -3.4242e+00
-9.0000e+01 -1.1000e+02 1.8174e+00
-9.0000e+01 -1.0000e+02 -2.0118e+00
-9.0000e+01 -9.0000e+01 1.3159e+00
-9.0000e+01 -8.0000e+01 1.8769e+00
-9.0000e+01 -7.0000e+01 -2.0809e+00
-9.0000e+01 -6.0000e+01 -2.8577e-01
-9.0000e+01 -5.0000e+01 -8.2328e-01
-9.0000e+01 -4.0000e+01 -4.1212e+00
-9.0000e+01 -3.0000e+01 -3.9975e+00
-9.0000e+01 -2.0000e+01 -5.5224e+00
-9.0000e+01 -1.0000e+01 -1.7237e+00
-9.0000e+01 0.0000e+00 -6.5309e+00
-9.0000e+01 1.0000e+01 -6.3810e+00
-9.0000e+01 2.0000e+01 -5.6716e+00
-9.0000e+01 3.0000e+01 -2.9021e+00
-9.0000e+01 4.0000e+01 -3.5552e+00
-9.0000e+01 5.0000e+01 -8.7725e-01
-9.0000e+01 6.0000e+01 -3.1552e+00
-9.0000e+01 7.0000e+01 -1.9598e+00
-9.0000e+01 8.0000e+01 -2.2876e+00
-9.0000e+01 9.0000e+01 -6.2208e-01
-9.0000e+01 1.0000e+02 -2.3543e+00
-9.0000e+01 1.1000e+02 1.6256e+00
-9.0000e+01 1.2000e+02 -1.6794e+00
-9.0000e+01 1.3000e+02 -2.3936e-01
-9.0000e+01 1.4000e+02 -2.4483e+00
-9.0000e+01 1.5000e+02 -1.9593e+00
-9.0000e+01 1.6000e+02 -1.8875e-01
-9.0000e+01 1.7000e+02 9.6898e-01
-9.0000e+01 1.8000e+02 7.6749e-01
-9.0000e+01 1.9000e+02 1.6694e-01
-9.0000e+01 2.0000e+02 2.5045e+00
-8.0000e+01 -2.0000e+02 -7.6466e-02
-8.0000e+01 -1.9000e+02 -1.5744e-01
-8.0000e+01 -1.8000e+02 -1.5418e-01
-8.0000e+01 -1.7000e+02 1.2940e-01
-8.0000e+01 -1.6000e+02 -1.0631e+00
-8.0000e+01 -1.5000e+02 4.8344e-01
-8.0000e+01 -1.4000e+02 -2.1907e+00
-8.0000e+01 -1.3000e+02 -1.6586e-01
-8.0000e+01 -1.2000e+02 -1.1022e+00
-8.0000e+01 -1.1000e+02 -8.5985e-01
-8.0000e+01 -1.0000e+02 3.1953e-01
-8.0000e+01 -9.0000e+01 -2.7474e+00
-8.0000e+01 -8.0000e+01 -3.3713e-01
-8.0000e+01 -7.0000e+01 -2.4157e+00
-8.0000e+01 -6.0000e+01 -9.9488e-01
-8.0000e+01 -5.0000e+01 -3.7999e+00
-8.0000e+01 -4.0000e+01 -5.4228e+00
-8.0000e+01 -3.0000e+01 -2.7939e+00
-8.0000e+01 -2.0000e+01 -4.4352e+00
-8.0000e+01 -1.0000e+01 -6.8315e+00
-8.0000e+01 0.0000e+00 -2.1005e+00
-8.0000e+01 1.0000e+01 -5.5527e+00
-8.0000e+01 2.0000e+01 -7.3868e+00
-8.0000e+01 3.0000e+01 -5.4087e+00
-8.0000e+01 4.0000e+01 -4.1210e+00
-8.0000e+01 5.0000e+01 -3.0002e+00
-8.0000e+01 6.0000e+01 -3.0364e+00
-8.0000e+01 7.0000e+01 -1.6296e+00
-8.0000e+01 8.0000e+01 -1.7602e+00
-8.0000e+01 9.0000e+01 -1.7976e+00
-8.0000e+01 1.0000e+02 -3.9555e+00
-8.0000e+01 1.1000e+02 -1.0512e-01
-8.0000e+01 1.2000e+02 -2.4361e+00
-8.0000e+01 1.3000e+02 9.4735e-01
-8.0000e+01 1.4000e+02 1.0615e-01
-8.0000e+01 1.5000e+02 -2.3436e+00
-8.0000e+01 1.6000e+02 3.0823e+00
-8.0000e+01 1.7000e+02 -6.0790e-01
-8.0000e+01 1.8000e+02 -1.4676e-01
-8.0000e+01 1.9000e+02 1.1458e+00
-8.0000e+01 2.0000e+02 -1.8744e+00
-7.0000e+01 -2.0000e+02 2.9562e-01
-7.0000e+01 -1.9000e+02 -9.2436e-01
-7.0000e+01 -1.8000e+02 2.9560e+00
-7.0000e+01 -1.7000e+02 1.7737e-01
-7.0000e+01 -1.6000e+02 -4.2981e-01
-7.0000e+01 -1.5000e+02 -1.3201e+00
-7.0000e+01 -1.4000e+02 -3.5645e+00
-7.0000e+01 -1.3000e+02 -2.9546e-01
-7.0000e+01 -1.2000e+02 -1.0125e+00
-7.0000e+01 -1.1000e+02 -9.6566e-01
-7.0000e+01 -1.0000e+02 -5.6121e-01
-7.0000e+01 -9.0000e+01 -1.5691e+00
-7.0000e+01 -8.0000e+01 -4.4655e+00
-7.0000e+01 -7.0000e+01 -3.2475e+00
-7.0000e+01 -6.0000e+01 -4.7644e+00
-7.0000e+01 -5.0000e+01 -5.1165e+00
-7.0000e+01 -4.0000e+01 -4.1198e+00
-7.0000e+01 -3.0000e+01 -6.2536e+00
-7.0000e+01 -2.0000e+01 -7.0049e+00
-7.0000e+01 -1.0000e+01 -7.8417e+00
-7.0000e+01 0.0000e+00 -3.6690e+00
-7.0000e+01 1.0000e+01 -5.8524e+00
-7.0000e+01 2.0000e+01 -6.5288e+00
-7.0000e+01 3.0000e+01 -6.3100e+00
-7.0000e+01 4.0000e+01 -5.0171e+00
-7.0000e+01 5.0000e+01 -5.1564e+00
-7.0000e+01 6.0000e+01 -6.1564e+00
-7.0000e+01 7.0000e+01 -2.2032e+00
-7.0000e+01 8.0000e+01 -4.1774e+00
-7.0000e+01 9.0000e+01 -2.0583e-01
-7.0000e+01 1.0000e+02 -3.0400e+00
-7.0000e+01 1.1000e+02 -1.7961e+00
-7.0000e+01 1.2000e+02 1.8095e-01
-7.0000e+01 1.3000e+02 -1.2773e+00
-7.0000e+01 1.4000e+02 -3.4024e+00
-7.0000e+01 1.5000e+02 1.9601e+00
-7.0000e+01 1.6000e+02 1.2210e+00
-7.0000e+01 1.7000e+02 1.7568e-01
-7.0000e+01 1.8000e+02 -1.1901e+00
-7.0000e+01 1.9000e+02 7.1125e-01
-7.0000e+01 2.0000e+02 -8.3689e-01
-6.0000e+01 -2.0000e+02 -9.5221e-01
-6.0000e+01 -1.9000e+02 2.9012e+00
-6.0000e+01 -1.8000e+02 -1.8754e+00
-6.0000e+01 -1.7000e+02 1.4463e+00
-6.0000e+01 -1.6000e+02 -1.6592e+00
-6.0000e+01 -1.5000e+02 1.5594e+00
-6.0000e+01 -1.4000e+02 -2.8274e+00
-6.0000e+01 -1.3000e+02 -1.0407e-01
-6.0000e+01 -1.2000e+02 -8.6011e-02
-6.0000e+01 -1.1000e+02 -1.5367e+00
-6.0000e+01 -1.0000e+02 -3.9779e+00
-6.0000e+01 -9.0000e+01 -1.0761e+00
-6.0000e+01 -8.0000e+01 -9.1763e-01
-6.0000e+01 -7.0000e+01 -8.0160e+00
-6.0000e+01 -6.0000e+01 -6.9355e+00
-6.0000e+01 -5.0000e+01 -6.0269e+00
-6.0000e+01 -4.0000e+01 -8.0145e+00
-6.0000e+01 -3.0000e+01 -8.1758e+00
-6.0000e+01 -2.0000e+01 -7.3426e+00
-6.0000e+01 -1.0000e+01 -9.4644e+00
-6.0000e+01 0.0000e+00 -8.1873e+00
-6.0000e+01 1.0000e+01 -8.5153e+00
-6.0000e+01 2.0000e+01 -6.4102e+00
-6.0000e+01 3.0000e+01 -7.5159e+00
-6.0000e+01 4.0000e+01 -6.8880e+00
-6.0000e+01 5.0000e+01 -8.0315e+00
-6.0000e+01 6.0000e+01 -1.0294e+00
-6.0000e+01 7.0000e+01 -4.2022e+00
-6.0000e+01 8.0000e+01 -3.9224e+00
-6.0000e+01 9.0000e+01 -2.5396e+00
-6.0000e+01 1.0000e+02 -2.8598e+00
-6.0000e+01 1.1000e+02 -6.9066e-01
-6.0000e+01 1.2000e+02 4.1996e-01
-6.0000e+01 1.3000e+02 3.1299e-01
-6.0000e+01 1.4000e+02 -1.3193e+00
-6.0000e+01 1.5000e+02 7.2771e-01
-6.0000e+01 1.6000e+02 -2.8828e-01
-6.0000e+01 1.7000e+02 3.7205e+00
-6.0000e+01 1.8000e+02 -3.6448e+00
-6.0000e+01 1.9000e+02 3.7198e+00
-6.0000e+01 2.0000e+02 -1.4785e+00
-5.0000e+01 -2.0000e+02 8.2661e-01
-5.0000e+01 -1.9000e+02 1.9141e+00
-5.0000e+01 -1.8000e+02 -2.2609e+00
-5.0000e+01 -1.7000e+02 1.6277e-01
-5.0000e+01 -1.6000e+02 -1.0292e+00
-5.0000e+01 -1.5000e+02 -4.6252e-01
-5.0000e+01 -1.4000e+02 -3.1549e-01
-5.0000e+01 -1.3000e+02 -9.2560e-01
-5.0000e+01 -1.2000e+02 -1.3791e+00
-5.0000e+01 -1.1000e+02 -2.6765e+00
-5.0000e+01 -1.0000e+02 -9.8533e-01
-5.0000e+01 -9.0000e+01 -1.4489e+00
-5.0000e+01 -8.0000e+01 -5.9012e+00
-5.0000e+01 -7.0000e+01 -2.9732e+00
-5.0000e+01 -6.0000e+01 -7.3097e+00
-5.0000e+01 -5.0000e+01 -5.3476e+00
-5.0000e+01 -4.0000e+01 -9.4804e+00
-5.0000e+01 -3.0000e+01 -6.8823e+00
-5.0000e+01 -2.0000e+01 -1.0910e+01
-5.0000e+01 -1.0000e+01 -1.0454e+01
-5.0000e+01 0.0000e+00 -9.2616e+00
-5.0000e+01 1.0000e+01 -9.6407e+00
-5.0000e+01 2.0000e+01 -1.0458e+01
-5.0000e+01 3.0000e+01 -8.0763e+00
-5.0000e+01 4.0000e+01 -8.5259e+00
-5.0000e+01 5.0000e+01 -7.1168e+00
-5.0000e+01 6.0000e+01 -4.8125e+00
-5.0000e+01 7.0000e+01 -5.6414e+00
-5.0000e+01 8.0000e+01 -5.3863e+00
-5.0000e+01 9.0000e+01 -5.8334e+00
-5.0000e+01 1.0000e+02 -6.9516e-01
-5.0000e+01 1.1000e+02 9.5311e-01
-5.0000e+01 1.2000e+02 -8.5047e-01
-5.0000e+01 1.3000e+02 -3.8212e+00
-5.0000e+01 1.4000e+02 -1.8878e+00
-5.0000e+01 1.5000e+02 -3.2974e+00
-5.0000e+01 1.6000e+02 -1.3942e-02
-5.0000e+01 1.7000e+02 -2.4975e-01
-5.0000e+01 1.8000e+02 -8.1245e-01
-5.0000e+01 1.9000e+02 -1.7326e+00
-5.0000e+01 2.0000e+02 -3.4654e-01
-4.0000e+01 -2.0000e+02 -1.0083e+00
-4.0000e+01 -1.9000e+02 1.6549e+00
-4.0000e+01 -1.8000e+02 -2.4249e+00
-4.0000e+01 -1.7000e+02 7.4015e-01
-4.0000e+01 -1.6000e+02 -1.0382e+00
-4.0000e+01 -1.5000e+02 -1.7880e-02
-4.0000e+01 -1.4000e+02 -5.5492e-01
-4.0000e+01 -1.3000e+02 8.7045e-01
-4.0000e+01 -1.2000e+02 -1.7941e+00
-4.0000e+01 -1.1000e+02 -1.6918e+00
-4.0000e+01 -1.0000e+02 6.2250e-01
-4.0000e+01 -9.0000e+01 -3.9561e+00
-4.0000e+01 -8.0000e+01 -4.1476e+00
-4.0000e+01 -7.0000e+01 -8.6033e+00
-4.0000e+01 -6.0000e+01 -6.9203e+00
-4.0000e+01 -5.0000e+01 -8.9855e+00
-4.0000e+01 -4.0000e+01 -9.0514e+00
-4.0000e+01 -3.0000e+01 -8.4504e+00
-4.0000e+01 -2.0000e+01 -1.2388e+01
-4.0000e+01 -1.0000e+01 -1.1361e+01
-4.0000e+01 0.0000e+00 -1.1876e+01
-4.0000e+01 1.0000e+01 -1.1895e+01
-4.0000e+01 2.0000e+01 -1.0297e+01
-4.0000e+01 3.0000e+01 -1.0963e+01
-4.0000e+01 4.0000e+01 -1.1038e+01
-4.0000e+01 5.0000e+01 -8.8208e+00
-4.0000e+01 6.0000e+01 -6.6831e+00
-4.0000e+01 7.0000e+01 -5.7981e+00
-4.0000e+01 8.0000e+01 -4.8445e+00
-4.0000e+01 9.0000e+01 -3.3840e+00
-4.0000e+01 1.0000e+02 -6.5328e-01
-4.0000e+01 1.1000e+02 -8.0006e-01
-4.0000e+01 1.2000e+02 -1.3805e+00
-4.0000e+01 1.3000e+02 -2.0888e+00
-4.0000e+01 1.4000e+02 5.7842e-02
-4.0000e+01 1.5000e+02 7.2161e-01
-4.0000e+01 1.6000e+02 -3.0697e+00
-4.0000e+01 1.7000e+02 -1.1075e+00
-4.0000e+01 1.8000e+02 1.5779e+00
-4.0000e+01 1.9000e+02 -1.1070e+00
-4.0000e+01 2.0000e+02 -2.5194e-01
-3.0000e+01 -2.0000e+02 -1.2023e+00
-3.0000e+01 -1.9000e+02 2.6857e+00
-3.0000e+01 -1.8000e+02 9.1233e-01
-3.0000e+01 -1.7000e+02 9.5879e-01
-3.0000e+01 -1.6000e+02 -2.5090e+00
-3.0000e+01 -1.5000e+02 -8.1299e-02
-3.0000e+01 -1.4000e+02 -2.7354e+00
-3.0000e+01 -1.3000e+02 -2.3031e+00
-3.0000e+01 -1.2000e+02 -1.0459e+00
-3.0000e+01 -1.1000e+02 -1.2855e-01
-3.0000e+01 -1.0000e+02 -3.1892e+00
-3.0000e+01 -9.0000e+01 -3.3253e+00
-3.0000e+01 -8.0000e+01 -3.8523e+00
-3.0000e+01 -7.0000e+01 -3.4583e+00
-3.0000e+01 -6.0000e+01 -8.0383e+00
-3.0000e+01 -5.0000e+01 -7.5250e+00
-3.0000e+01 -4.0000e+01 -1.1257e+01
-3.0000e+01 -3.0000e+01 -1.1569e+01
-3.0000e+01 -2.0000e+01 -1.1935e+01
-3.0000e+01 -1.0000e+01 -1.1579e+01
-3.0000e+01 0.0000e+00 -1.0921e+01
-3.0000e+01 1.0000e+01 -1.4052e+01
-3.0000e+01 2.0000e+01 -1.0906e+01
-3.0000e+01 3.0000e+01 -1.2970e+01
-3.0000e+01 4.0000e+01 -1.1172e+01
-3.0000e+01 5.0000e+01 -8.5297e+00
-3.0000e+01 6.0000e+01 -8.0520e+00
-3.0000e+01 7.0000e+01 -4.4520e+00
-3.0000e+01 8.0000e+01 -3.1255e+00
-3.0000e+01 9.0000e+01 -6.1390e+00
-3.0000e+01 1.0000e+02 -4.3774e-01
-3.0000e+01 1.1000e+02 -4.8613e+00
-3.0000e+01 1.2000e+02 -1.0660e+00
-3.0000e+01 1.3000e+02 -2.8580e+00
-3.0000e+01 1.4000e+02 -8.8687e-01
-3.0000e+01 1.5000e+02 -3.3969e-01
-3.0000e+01 1.6000e+02 3.5755e-01
-3.0000e+01 1.7000e+02 1.1912e-01
-3.0000e+01 1.8000e+02 -3.8895e+00
-3.0000e+01 1.9000e+02 1.4542e-01
-3.0000e+01 2.0000e+02 1.0104e+00
-2.0000e+01 -2.0000e+02 4.2059e-01
-2.0000e+01 -1.9000e+02 1.1299e+00
-2.0000e+01 -1.8000e+02 2.1349e+00
-2.0000e+01 -1.7000e+02 1.1731e-01
-2.0000e+01 -1.6000e+02 4.1595e-01
-2.0000e+01 -1.5000e+02 -9.0503e-01
-2.0000e+01 -1.4000e+02 3.5109e-01
-2.0000e+01 -1.3000e+02 -2.5968e-01
-2.0000e+01 -1.2000e+02 -5.7292e-01
-2.0000e+01 -1.1000e+02 -1.5385e+00
-2.0000e+01 -1.0000e+02 -3.6900e+00
-2.0000e+01 -9.0000e+01 -2.8285e+00
-2.0000e+01 -8.0000e+01 -3.1530e+00
-2.0000e+01 -7.0000e+01 -7.5656e+00
-2.0000e+01 -6.0000e+01 -5.6434e+00
-2.0000e+01 -5.0000e+01 -8.4636e+00
-2.0000e+01 -4.0000e+01 -1.1150e+01
-2.0000e+01 -3.0000e+01 -1.3745e+01
-2.0000e+01 -2.0000e+01 -1.2707e+01
-2.0000e+01 -1.0000e+01 -1.3357e+01
-2.0000e+01 0.0000e+00 -1.4318e+01
-2.0000e+01 1.0000e+01 -1.5379e+01
-2.0000e+01 2.0000e+01 -1.2659e+01
-2.0000e+01 3.0000e+01 -1.1830e+01
-2.0000e+01 4.0000e+01 -1.0665e+01
-2.0000e+01 5.0000e+01 -1.2387e+01
-2.0000e+01 6.0000e+01 -8.0516e+00
-2.0000e+01 7.0000e+01 -8.9646e+00
-2.0000e+01 8.0000e+01 -6.3845e+00
-2.0000e+01 9.0000e+01 -3.5465e+00
-2.0000e+01 1.0000e+02 -3.2089e+00
-2.0000e+01 1.1000e+02 -8.4241e-01
-2.0000e+01 1.2000e+02 -1.2622e+00
-2.0000e+01 1.3000e+02 -6.7516e-01
-2.0000e+01 1.4000e+02 -2.7027e-01
-2.0000e+01 1.5000e+02 8.4003e-02
-2.0000e+01 1.6000e+02 8.2764e-01
-2.0000e+01 1.7000e+02 -1.3785e+00
-2.0000e+01 1.8000e+02 -5.6148e-02
-2.0000e+01 1.9000e+02 -2.4542e-01
-2.0000e+01 2.0000e+02 4.0055e-01
-1.0000e+01 -2.0000e+02 1.9045e+00
-1.0000e+01 -1.9000e+02 -2.1686e+00
-1.0000e+01 -1.8000e+02 1.2547e+00
-1.0000e+01 -1.7000e+02 -6.6449e-01
-1.0000e+01 -1.6000e+02 -4.9585e-01
-1.0000e+01 -1.5000e+02 4.0901e-01
-1.0000e+01 -1.4000e+02 -1.8180e-01
-1.0000e+01 -1.3000e+02 -8.4285e-01
-1.0000e+01 -1.2000e+02 -2.5103e+00
-1.0000e+01 -1.1000e+02 -1.4144e+00
-1.0000e+01 -1.0000e+02 -3.1420e+00
-1.0000e+01 -9.0000e+01 -2.4382e+00
-1.0000e+01 -8.0000e+01 -8.6871e+00
-1.0000e+01 -7.0000e+01 -6.6594e+00
-1.0000e+01 -6.0000e+01 -8.1340e+00
-1.0000e+01 -5.0000e+01 -1.0784e+01
-1.0000e+01 -4.0000e+01 -1.3166e+01
-1.0000e+01 -3.0000e+01 -1.2166e+01
-1.0000e+01 -2.0000e+01 -1.3654e+01
-1.0000e+01 -1.0000e+01 -1.1631e+01
-1.0000e+01 0.0000e+00 -1.4529e+01
-1.0000e+01 1.0000e+01 -1.3221e+01
-1.0000e+01 2.0000e+01 -1.3969e+01
-1.0000e+01 3.0000e+01 -1.1978e+01
-1.0000e+01 4.0000e+01 -9.6972e+00
-1.0000e+01 5.0000e+01 -1.2496e+01
-1.0000e+01 6.0000e+01 -1.0641e+01
-1.0000e+01 7.0000e+01 -7.1629e+00
-1.0000e+01 8.0000e+01 -5.8767e+00
-1.0000e+01 9.0000e+01 -3.6053e+00
-1.0000e+01 1.0000e+02 -3.3786e+00
-1.0000e+01 1.1000e+02 -2.6972e-01
-1.0000e+01 1.2000e+02 -1.2100e+00
-1.0000e+01 1.3000e+02 -1.0533e+00
-1.0000e+01 1.4000e+02 1.8223e-01
-1.0000e+01 1.5000e+02 -1.7587e+00
-1.0000e+01 1.6000e+02 1.9947e+00
-1.0000e+01 1.7000e+02 -1.7266e+00
-1.0000e+01 1.8000e+02 2.6989e+00
-1.0000e+01 1.9000e+02 -1.5876e+00
-1.0000e+01 2.0000e+02 1.2457e+00
0.0000e+00 -2.0000e+02 1.8387e+00
0.0000e+00 -1.9000e+02 4.2768e-01
0.0000e+00 -1.8000e+02 5.3536e-01
0.0000e+00 -1.7000e+02 -3.2514e+00
0.0000e+00 -1.6000e+02 1.1675e+00
0.0000e+00 -1.5000e+02 -5.7076e-01
0.0000e+00 -1.4000e+02 6.5006e-01
0.0000e+00 -1.3000e+02 -8.0982e-01
0.0000e+00 -1.2000e+02 -4.8182e+00
0.0000e+00 -1.1000e+02 -9.3897e-01
0.0000e+00 -1.0000e+02 -4.0844e+00
0.0000e+00 -9.0000e+01 -3.9233e+00
0.0000e+00 -8.0000e+01 -5.6913e+00
0.0000e+00 -7.0000e+01 -6.9200e+00
0.0000e+00 -6.0000e+01 -6.9047e+00
0.0000e+00 -5.0000e+01 -1.0869e+01
0.0000e+00 -4.0000e+01 -1.0336e+01
0.0000e+00 -3.0000e+01 -1.3944e+01
0.0000e+00 -2.0000e+01 -1.3606e+01
0.0000e+00 -1.0000e+01 -1.4945e+01
0.0000e+00 0.0000e+00 -1.4615e+01
0.0000e+00 1.0000e+01 -1.4252e+01
0.0000e+00 2.0000e+01 -1.4005e+01
0.0000e+00 3.0000e+01 -1.1283e+01
0.0000e+00 4.0000e+01 -1.1315e+01
0.0000e+00 5.0000e+01 -1.2333e+01
0.0000e+00 6.0000e+01 -7.3693e+00
0.0000e+00 7.0000e+01 -7.4563e+00
0.0000e+00 8.0000e+01 -6.9110e+00
0.0000e+00 9.0000e+01 -3.8990e+00
0.0000e+00 1.0000e+02 -2.1695e+00
0.0000e+00 1.1000e+02 -6.5250e-01
0.0000e+00 1.2000e+02 -1.1826e+00
0.0000e+00 1.3000e+02 5.0667e-02
0.0000e+00 1.4000e+02 -1.8505e+00
0.0000e+00 1.5000e+02 -2.6703e+00
0.0000e+00 1.6000e+02 -1.0442e+00
0.0000e+00 1.7000e+02 7.8588e-03
0.0000e+00 1.8000e+02 1.8749e+00
0.0000e+00 1.9000e+02 1.4799e+00
0.0000e+00 2.0000e+02 2.1188e+00
1.0000e+01 -2.0000e+02 1.2189e+00
1.0000e+01 -1.9000e+02 2.0062e-01
1.0000e+01 -1.8000e+02 1.0663e+00
1.0000e+01 -1.7000e+02 4.6421e-02
1.0000e+01 -1.6000e+02 1.8423e+00
1.0000e+01 -1.5000e+02 1.1254e+00
1.0000e+01 -1.4000e+02 -1.7011e+00
1.0000e+01 -1.3000e+02 -1.2559e+00
1.0000e+01 -1.2000e+02 -8.6329e-01
1.0000e+01 -1.1000e+02 -2.0162e+00
1.0000e+01 -1.0000e+02 -2.0912e+00
1.0000e+01 -9.0000e+01 -4.1428e+00
1.0000e+01 -8.0000e+01 -5.1868e+00
1.0000e+01 -7.0000e+01 -8.9031e+00
1.0000e+01 -6.0000e+01 -8.0197e+00
1.0000e+01 -5.0000e+01 -1.0745e+01
1.0000e+01 -4.0000e+01 -1.2199e+01
1.0000e+01 -3.0000e+01 -1.1447e+01
1.0000e+01 -2.0000e+01 -1.3392e+01
1.0000e+01 -1.0000e+01 -1.5232e+01
1.0000e+01 0.0000e+00 -1.5358e+01
1.0000e+01 1.0000e+01 -1.4816e+01
1.0000e+01 2.0000e+01 -1.4851e+01
1.0000e+01 3.0000e+01 -1.2667e+01
1.0000e+01 4.0000e+01 -1.1054e+01
1.0000e+01 5.0000e+01 -1.0623e+01
1.0000e+01 6.0000e+01 -7.8077e+00
1.0000e+01 7.0000e+01 -8.4138e+00
1.0000e+01 8.0000e+01 -7.5916e+00
1.0000e+01 9.0000e+01 -6.7056e-01
1.0000e+01 1.0000e+02 -3.1246e+00
1.0000e+01 1.1000e+02 -2.7205e+00
1.0000e+01 1.2000e+02 -3.7752e-01
1.0000e+01 1.3000e+02 -3.8001e-01
1.0000e+01 1.4000e+02 1.0175e+00
1.0000e+01 1.5000e+02 -3.9193e+00
1.0000e+01 1.6000e+02 1.1282e+00
1.0000e+01 1.7000e+02 -1.4943e+00
1.0000e+01 1.8000e+02 -7.1359e-02
1.0000e+01 1.9000e+02 2.6809e-01
1.0000e+01 2.0000e+02 4.7515e-01
2.0000e+01 -2.0000e+02 -1.2154e+00
2.0000e+01 -1.9000e+02 3.8939e-01
2.0000e+01 -1.8000e+02 1.0690e+00
2.0000e+01 -1.7000e+02 3.6695e-01
2.0000e+01 -1.6000e+02 1.6660e+00
2.0000e+01 -1.5000e+02 -1.0983e+00
2.0000e+01 -1.4000e+02 -2.5544e-01
2.0000e+01 -1.3000e+02 -2.9324e+00
2.0000e+01 -1.2000e+02 -1.3553e+00
2.0000e+01 -1.1000e+02 -6.9948e-02
2.0000e+01 -1.0000e+02 -2.0256e+00
2.0000e+01 -9.0000e+01 -3.2725e+00
2.0000e+01 -8.0000e+01 -6.0740e+00
2.0000e+01 -7.0000e+01 -6.2407e+00
2.0000e+01 -6.0000e+01 -6.0891e+00
2.0000e+01 -5.0000e+01 -4.9449e+00
2.0000e+01 -4.0000e+01 -1.2504e+01
2.0000e+01 -3.0000e+01 -1.2210e+01
2.0000e+01 -2.0000e+01 -1.1686e+01
2.0000e+01 -1.0000e+01 -1.2972e+01
2.0000e+01 0.0000e+00 -1.3814e+01
2.0000e+01 1.0000e+01 -1.2909e+01
2.0000e+01 2.0000e+01 -1.0303e+01
2.0000e+01 3.0000e+01 -9.5107e+00
2.0000e+01 4.0000e+01 -1.1808e+01
2.0000e+01 5.0000e+01 -8.1305e+00
2.0000e+01 6.0000e+01 -8.5121e+00
2.0000e+01 7.0000e+01 -4.1653e+00
2.0000e+01 8.0000e+01 -6.9719e+00
2.0000e+01 9.0000e+01 -2.0315e+00
2.0000e+01 1.0000e+02 -1.2400e+00
2.0000e+01 1.1000e+02 1.1315e+00
2.0000e+01 1.2000e+02 1.4743e-01
2.0000e+01 1.3000e+02 -5.9940e-01
2.0000e+01 1.4000e+02 -1.1508e+00
2.0000e+01 1.5000e+02 5.3076e-01
2.0000e+01 1.6000e+02 3.1183e+00
2.0000e+01 1.7000e+02 -9.4099e-01
2.0000e+01 1.8000e+02 -7.0825e-01
2.0000e+01 1.9000e+02 1.1946e+00
2.0000e+01 2.0000e+02 -4.5342e-01
3.0000e+01 -2.0000e+02 -8.9634e-01
3.0000e+01 -1.9000e+02 -6.9993e-01
3.0000e+01 -1.8000e+02 4.6202e-01
3.0000e+01 -1.7000e+02 9.6748e-01
3.0000e+01 -1.6000e+02 -9.3883e-01
3.0000e+01 -1.5000e+02 -2.5247e+00
3.0000e+01 -1.4000e+02 -1.4699e+00
3.0000e+01 -1.3000e+02 -2.5978e+00
3.0000e+01 -1.2000e+02 -1.3072e+00
3.0000e+01 -1.1000e+02 -8.7033e-01
3.0000e+01 -1.0000e+02 -1.2781e+00
3.0000e+01 -9.0000e+01 -1.1666e+00
3.0000e+01 -8.0000e+01 -3.3290e+00
3.0000e+01 -7.0000e+01 -4.7351e+00
3.0000e+01 -6.0000e+01 -8.2691e+00
3.0000e+01 -5.0000e+01 -8.0430e+00
3.0000e+01 -4.0000e+01 -1.1768e+01
3.0000e+01 -3.0000e+01 -1.1926e+01
3.0000e+01 -2.0000e+01 -1.2826e+01
3.0000e+01 -1.0000e+01 -1.0434e+01
3.0000e+01 0.0000e+00 -1.3507e+01
3.0000e+01 1.0000e+01 -9.8812e+00
3.0000e+01 2.0000e+01 -1.4869e+01
3.0000e+01 3.0000e+01 -1.2324e+01
3.0000e+01 4.0000e+01 -9.6465e+00
3.0000e+01 5.0000e+01 -7.3525e+00
3.0000e+01 6.0000e+01 -6.7519e+00
3.0000e+01 7.0000e+01 -6.6430e+00
3.0000e+01 8.0000e+01 -4.3281e+00
3.0000e+01 9.0000e+01 -3.4672e+00
3.0000e+01 1.0000e+02 -3.1319e+00
3.0000e+01 1.1000e+02 -1.3443e+00
3.0000e+01 1.2000e+02 -1.5970e+00
3.0000e+01 1.3000e+02 -5.2170e-01
3.0000e+01 1.4000e+02 -6.1621e-01
3.0000e+01 1.5000e+02 -1.9226e+00
3.0000e+01 1.6000e+02 -1.4204e+00
3.0000e+01 1.7000e+02 2.4218e-01
3.0000e+01 1.8000e+02 6.4777e-01
3.0000e+01 1.9000e+02 -7.2255e-01
3.0000e+01 2.0000e+02 -7.6426e-01
4.0000e+01 -2.0000e+02 4.6021e-01
4.0000e+01 -1.9000e+02 4.3050e-01
4.0000e+01 -1.8000e+02 -2.8268e-01
4.0000e+01 -1.7000e+02 -5.2445e-01
4.0000e+01 -1.6000e+02 7.9148e-01
4.0000e+01 -1.5000e+02 9.8242e-01
4.0000e+01 -1.4000e+02 -1.1239e+00
4.0000e+01 -1.3000e+02 -1.5347e+00
4.0000e+01 -1.2000e+02 -1.1909e+00
4.0000e+01 -1.1000e+02 -3.4409e+00
4.0000e+01 -1.0000e+02 -4.6856e+00
4.0000e+01 -9.0000e+01 -4.1026e+00
4.0000e+01 -8.0000e+01 -6.1381e+00
4.0000e+01 -7.0000e+01 -4.1630e+00
4.0000e+01 -6.0000e+01 -6.9995e+00
4.0000e+01 -5.0000e+01 -8.4371e+00
4.0000e+01 -4.0000e+01 -1.0202e+01
4.0000e+01 -3.0000e+01 -9.9283e+00
4.0000e+01 -2.0000e+01 -1.0350e+01
4.0000e+01 -1.0000e+01 -8.8691e+00
4.0000e+01 0.0000e+00 -1.0536e+01
4.0000e+01 1.0000e+01 -1.1040e+01
4.0000e+01 2.0000e+01 -1.1813e+01
4.0000e+01 3.0000e+01 -1.1752e+01
4.0000e+01 4.0000e+01 -9.1256e+00
4.0000e+01 5.0000e+01 -6.8548e+00
4.0000e+01 6.0000e+01 -9.0734e+00
4.0000e+01 7.0000e+01 -5.1253e+00
4.0000e+01 8.0000e+01 -5.2190e+00
4.0000e+01 9.0000e+01 -4.5946e+00
4.0000e+01 1.0000e+02 -1.3363e+00
4.0000e+01 1.1000e+02 -3.1728e+00
4.0000e+01 1.2000e+02 -2.8383e+00
4.0000e+01 1.3000e+02 2.3096e-01
4.0000e+01 1.4000e+02 -9.6391e-01
4.0000e+01 1.5000e+02 5.1665e-01
4.0000e+01 1.6000e+02 2.2428e+00
4.0000e+01 1.7000e+02 3.2306e-01
4.0000e+01 1.8000e+02 -4.5704e-01
4.0000e+01 1.9000e+02 -1.3151e-01
4.0000e+01 2.0000e+02 -4.6391e+00
5.0000e+01 -2.0000e+02 -1.9593e+00
5.0000e+01 -1.9000e+02 8.2971e-01
5.0000e+01 -1.8000e+02 1.6358e+00
5.0000e+01 -1.7000e+02 4.1187e-01
5.0000e+01 -1.6000e+02 1.3611e+00
5.0000e+01 -1.5000e+02 -1.4965e+00
5.0000e+01 -1.4000e+02 2.6415e+00
5.0000e+01 -1.3000e+02 -1.6281e+00
5.0000e+01 -1.2000e+02 -1.0253e-01
5.0000e+01 -1.1000e+02 -1.8084e-01
5.0000e+01 -1.0000e+02 -2.7291e+00
5.0000e+01 -9.0000e+01 -3.5989e+00
5.0000e+01 -8.0000e+01 -4.0325e+00
5.0000e+01 -7.0000e+01 -6.9240e+00
5.0000e+01 -6.0000e+01 -6.0903e+00
5.0000e+01 -5.0000e+01 -8.9528e+00
5.0000e+01 -4.0000e+01 -9.6617e+00
5.0000e+01 -3.0000e+01 -6.9586e+00
5.0000e+01 -2.0000e+01 -8.9695e+00
5.0000e+01 -1.0000e+01 -9.4622e+00
5.0000e+01 0.0000e+00 -9.7584e+00
5.0000e+01 1.0000e+01 -1.2312e+01
5.0000e+01 2.0000e+01 -1.1749e+01
5.0000e+01 3.0000e+01 -6.6558e+00
5.0000e+01 4.0000e+01 -9.1249e+00
5.0000e+01 5.0000e+01 -6.4361e+00
5.0000e+01 6.0000e+01 -5.1976e+00
5.0000e+01 7.0000e+01 -4.4661e+00
5.0000e+01 8.0000e+01 -1.9791e+00
5.0000e+01 9.0000e+01 -1.1137e+00
5.0000e+01 1.0000e+02 -2.9323e+00
5.0000e+01 1.1000e+02 2.1051e+00
5.0000e+01 1.2000e+02 5.6501e-01
5.0000e+01 1.3000e+02 -7.2037e-01
5.0000e+01 1.4000e+02 -1.5959e+00
5.0000e+01 1.5000e+02 2.7802e-01
5.0000e+01 1.6000e+02 -1.3081e+00
5.0000e+01 1.7000e+02 6.8977e-01
5.0000e+01 1.8000e+02 -7.5336e-02
5.0000e+01 1.9000e+02 1.0635e+00
5.0000e+01 2.0000e+02 -3.6867e+00
6.0000e+01 -2.0000e+02 -8.9980e-01
6.0000e+01 -1.9000e+02 -1.3443e+00
6.0000e+01 -1.8000e+02 -9.7456e-01
6.0000e+01 -1.7000e+02 4.9028e-01
6.0000e+01 -1.6000e+02 -6.8304e-01
6.0000e+01 -1.5000e+02 -3.1739e-01
6.0000e+01 -1.4000e+02 -5.4981e-01
6.0000e+01 -1.3000e+02 -2.9054e+00
6.0000e+01 -1.2000e+02 -1.2981e+00
6.0000e+01 -1.1000e+02 -1.2661e+00
6.0000e+01 -1.0000e+02 -1.8537e+00
6.0000e+01 -9.0000e+01 -4.2738e+00
6.0000e+01 -8.0000e+01 -2.7297e+00
6.0000e+01 -7.0000e+01 -3.0312e+00
6.0000e+01 -6.0000e+01 -4.5611e+00
6.0000e+01 -5.0000e+01 -5.8524e+00
6.0000e+01 -4.0000e+01 -6.4021e+00
6.0000e+01 -3.0000e+01 -8.9777e+00
6.0000e+01 -2.0000e+01 -6.3237e+00
6.0000e+01 -1.0000e+01 -8.4349e+00
6.0000e+01 0.0000e+00 -8.4667e+00
6.0000e+01 1.0000e+01 -8.8201e+00
6.0000e+01 2.0000e+01 -7.7648e+00
6.0000e+01 3.0000e+01 -8.9704e+00
6.0000e+01 4.0000e+01 -7.0037e+00
6.0000e+01 5.0000e+01 -5.3001e+00
6.0000e+01 6.0000e+01 -2.0790e+00
6.0000e+01 7.0000e+01 -2.8796e+00
6.0000e+01 8.0000e+01 -5.2296e+00
6.0000e+01 9.0000e+01 -2.7808e+00
6.0000e+01 1.0000e+02 1.1539e+00
6.0000e+01 1.1000e+02 3.3734e-01
6.0000e+01 1.2000e+02 -1.8706e+00
6.0000e+01 1.3000e+02 -6.5253e-01
6.0000e+01 1.4000e+02 -1.7719e+00
6.0000e+01 1.5000e+02 -1.8445e-01
6.0000e+01 1.6000e+02 -4.9363e-02
6.0000e+01 1.7000e+02 -2.1991e-01
6.0000e+01 1.8000e+02 1.2503e+00
6.0000e+01 1.9000e+02 -2.6445e+00
6.0000e+01 2.0000e+02 4.4457e-01
7.0000e+01 -2.0000e+02 -1.5665e+00
7.0000e+01 -1.9000e+02 -1.6665e+00
7.0000e+01 -1.8000e+02 -3.8566e-01
7.0000e+01 -1.7000e+02 1.2183e-01
7.0000e+01 -1.6000e+02 -1.5996e+00
7.0000e+01 -1.5000e+02 -1.3411e+00
7.0000e+01 -1.4000e+02 1.4214e+00
7.0000e+01 -1.3000e+02 1.9461e+00
7.0000e+01 -1.2000e+02 -5.8826e-01
7.0000e+01 -1.1000e+02 3.4095e-01
7.0000e+01 -1.0000e+02 -1.3221e+00
7.0000e+01 -9.0000e+01 -1.1857e+00
7.0000e+01 -8.0000e+01 -2.4994e+00
7.0000e+01 -7.0000e+01 -3.7876e+00
7.0000e+01 -6.0000e+01 -2.8566e-01
7.0000e+01 -5.0000e+01 -2.9020e+00
7.0000e+01 -4.0000e+01 -5.6078e+00
7.0000e+01 -3.0000e+01 -5.9247e+00
7.0000e+01 -2.0000e+01 -3.6769e+00
7.0000e+01 -1.0000e+01 -8.1002e+00
7.0000e+01 0.0000e+00 -3.8803e+00
7.0000e+01 1.0000e+01 -5.3503e+00
7.0000e+01 2.0000e+01 -6.6001e+00
7.0000e+01 3.0000e+01 -5.8940e+00
7.0000e+01 4.0000e+01 -4.9024e+00
7.0000e+01 5.0000e+01 -6.0297e+00
7.0000e+01 6.0000e+01 -1.2586e+00
7.0000e+01 7.0000e+01 -5.1138e+00
7.0000e+01 8.0000e+01 4.3514e-02
7.0000e+01 9.0000e+01 -8.0996e-01
7.0000e+01 1.0000e+02 -7.3958e-01
7.0000e+01 1.1000e+02 -9.5160e-01
7.0000e+01 1.2000e+02 -1.6759e+00
7.0000e+01 1.3000e+02 -2.8210e+00
7.0000e+01 1.4000e+02 1.0299e+00
7.0000e+01 1.5000e+02 -2.6974e+00
7.0000e+01 1.6000e+02 -2.0352e+00
7.0000e+01 1.7000e+02 -1.1460e+00
7.0000e+01 1.8000e+02 1.7083e+00
7.0000e+01 1.9000e+02 -2.2701e-01
7.0000e+01 2.0000e+02 -4.4752e-01
8.0000e+01 -2.0000e+02 2.0181e-01
8.0000e+01 -1.9000e+02 -9.6868e-01
8.0000e+01 -1.8000e+02 -1.2902e+00
8.0000e+01 -1.7000e+02 -3.6869e-02
8.0000e+01 -1.6000e+02 8.5478e-01
8.0000e+01 -1.5000e+02 -2.2731e+00
8.0000e+01 -1.4000e+02 -5.6744e-01
8.0000e+01 -1.3000e+02 -1.9467e-01
8.0000e+01 -1.2000e+02 -4.2684e-01
8.0000e+01 -1.1000e+02 -1.3643e+00
8.0000e+01 -1.0000e+02 -2.5700e+00
8.0000e+01 -9.0000e+01 -5.3983e-02
8.0000e+01 -8.0000e+01 -1.8774e+00
8.0000e+01 -7.0000e+01 -4.9760e-01
8.0000e+01 -6.0000e+01 -2.8750e+00
8.0000e+01 -5.0000e+01 -2.1452e+00
8.0000e+01 -4.0000e+01 -8.3960e-01
8.0000e+01 -3.0000e+01 -4.4578e+00
8.0000e+01 -2.0000e+01 -7.6310e+00
8.0000e+01 -1.0000e+01 -4.0490e+00
8.0000e+01 0.0000e+00 -6.0569e+00
8.0000e+01 1.0000e+01 -6.3073e+00
8.0000e+01 2.0000e+01 -6.0161e+00
8.0000e+01 3.0000e+01 -5.4676e+00
8.0000e+01 4.0000e+01 -5.6767e+00
8.0000e+01 5.0000e+01 -5.3003e+00
8.0000e+01 6.0000e+01 -2.9777e+00
8.0000e+01 7.0000e+01 -1.1791e+00
8.0000e+01 8.0000e+01 -2.8050e+00
8.0000e+01 9.0000e+01 -7.4510e-01
8.0000e+01 1.0000e+02 6.2275e-01
8.0000e+01 1.1000e+02 2.4854e+00
8.0000e+01 1.2000e+02 9.2252e-01
8.0000e+01 1.3000e+02 -1.9297e-01
8.0000e+01 1.4000e+02 -4.0861e-01
8.0000e+01 1.5000e+02 9.9045e-01
8.0000e+01 1.6000e+02 -9.7524e-01
8.0000e+01 1.7000e+02 1.3477e+00
8.0000e+01 1.8000e+02 3.1521e+00
8.0000e+01 1.9000e+02 -6.9079e-01
8.0000e+01 2.0000e+02 9.2353e-01
9.0000e+01 -2.0000e+02 3.8316e-01
9.0000e+01 -1.9000e+02 -8.5515e-01
9.0000e+01 -1.8000e+02 7.0067e-01
9.0000e+01 -1.7000e+02 -3.4224e-01
9.0000e+01 -1.6000e+02 5.7103e-01
9.0000e+01 -1.5000e+02 -1.2518e+00
9.0000e+01 -1.4000e+02 7.5033e-02
9.0000e+01 -1.3000e+02 1.8305e+00
9.0000e+01 -1.2000e+02 3.3670e-01
9.0000e+01 -1.1000e+02 -7.6828e-01
9.0000e+01 -1.0000e+02 -5.5921e-01
9.0000e+01 -9.0000e+01 -2.1095e+00
9.0000e+01 -8.0000e+01 -5.5342e+00
9.0000e+01 -7.0000e+01 -2.2459e+00
9.0000e+01 -6.0000e+01 -2.0836e+00
9.0000e+01 -5.0000e+01 -2.9253e+00
9.0000e+01 -4.0000e+01 -3.0504e+00
9.0000e+01 -3.0000e+01 -7.1485e+00
9.0000e+01 -2.0000e+01 -3.9681e+00
9.0000e+01 -1.0000e+01 -1.5971e+00
9.0000e+01 0.0000e+00 -4.9448e+00
9.0000e+01 1.0000e+01 -5.0361e+00
9.0000e+01 2.0000e+01 -3.6671e+00
9.0000e+01 3.0000e+01 -5.5309e+00
9.0000e+01 4.0000e+01 -2.4978e+00
9.0000e+01 5.0000e+01 -3.5688e+00
9.0000e+01 6.0000e+01 -2.8041e+00
9.0000e+01 7.0000e+01 -4.1130e+00
9.0000e+01 8.0000e+01 -1.7836e+00
9.0000e+01 9.0000e+01 -1.7836e+00
9.0000e+01 1.0000e+02 2.5392e-01
9.0000e+01 1.1000e+02 5.0747e-01
9.0000e+01 1.2000e+02 6.5437e-01
9.0000e+01 1.3000e+02 -1.1155e+00
9.0000e+01 1.4000e+02 -6.1580e-01
9.0000e+01 1.5000e+02 -1.5971e+00
9.0000e+01 1.6000e+02 3.2861e-01
9.0000e+01 1.7000e+02 1.1317e+00
9.0000e+01 1.8000e+02 1.0799e+00
9.0000e+01 1.9000e+02 1.8419e+00
9.0000e+01 2.0000e+02 3.6108e-01
1.0000e+02 -2.0000e+02 -1.3874e+00
1.0000e+02 -1.9000e+02 5.1035e-02
1.0000e+02 -1.8000e+02 -3.0589e+00
1.0000e+02 -1.7000e+02 -1.3737e+00
1.0000e+02 -1.6000e+02 -1.6650e+00
1.0000e+02 -1.5000e+02 -1.5116e-01
1.0000e+02 -1.4000e+02 1.2129e+00
1.0000e+02 -1.3000e+02 -2.1391e-01
1.0000e+02 -1.2000e+02 1.5650e+00
1.0000e+02 -1.1000e+02 -2.1064e+00
1.0000e+02 -1.0000e+02 1.5046e+00
1.0000e+02 -9.0000e+01 -2.8595e-01
1.0000e+02 -8.0000e+01 -1.3458e+00
1.0000e+02 -7.0000e+01 -4.2547e+00
1.0000e+02 -6.0000e+01 -2.9421e+00
1.0000e+02 -5.0000e+01 -4.2428e+00
1.0000e+02 -4.0000e+01 -2.0387e+00
1.0000e+02 -3.0000e+01 -5.5548e+00
1.0000e+02 -2.0000e+01 -3.9667e+00
1.0000e+02 -1.0000e+01 -1.7628e+00
1.0000e+02 0.0000e+00 -3.9331e+00
1.0000e+02 1.0000e+01 -4.1970e+00
1.0000e+02 2.0000e+01 -1.9444e+00
1.0000e+02 3.0000e+01 -2.0974e+00
1.0000e+02 4.0000e+01 -3.7802e+00
1.0000e+02 5.0000e+01 1.7254e-01
1.0000e+02 6.0000e+01 -1.8572e+00
1.0000e+02 7.0000e+01 -2.3806e+00
1.0000e+02 8.0000e+01 -6.9990e-01
1.0000e+02 9.0000e+01 -4.9672e+00
1.0000e+02 1.0000e+02 -3.1082e-01
1.0000e+02 1.1000e+02 1.8130e+00
1.0000e+02 1.2000e+02 -1.7873e+00
1.0000e+02 1.3000e+02 -5.9102e-02
1.0000e+02 1.4000e+02 3.5606e-02
1.0000e+02 1.5000e+02 2.1845e-01
1.0000e+02 1.6000e+02 5.9177e-01
1.0000e+02 1.7000e+02 5.2763e-01
1.0000e+02 1.8000e+02 -4.7863e-01
1.0000e+02 1.9000e+02 -1.0562e+00
1.0000e+02 2.0000e+02 -1.0077e+00
1.1000e+02 -2.0000e+02 -5.2780e-01
1.1000e+02 -1.9000e+02 3.0235e-01
1.1000e+02 -1.8000e+02 -8.3540e-01
1.1000e+02 -1.7000e+02 1.3174e+00
1.1000e+02 -1.6000e+02 -2.3080e+00
1.1000e+02 -1.5000e+02 4.6930e-01
1.1000e+02 -1.4000e+02 2.8329e+00
1.1000e+02 -1.3000e+02 1.5133e+00
1.1000e+02 -1.2000e+02 -1.0758e+00
1.1000e+02 -1.1000e+02 3.1993e-02
1.1000e+02 -1.0000e+02 -2.8533e+00
1.1000e+02 -9.0000e+01 -9.4250e-01
1.1000e+02 -8.0000e+01 1.5172e+00
1.1000e+02 -7.0000e+01 -1.1738e+00
1.1000e+02 -6.0000e+01 -1.4380e+00
1.1000e+02 -5.0000e+01 6.9533e-01
1.1000e+02 -4.0000e+01 -1.1571e+00
1.1000e+02 -3.0000e+01 -2.2690e+00
1.1000e+02 -2.0000e+01 -1.2121e+00
1.1000e+02 -1.0000e+01 -1.1761e+00
1.1000e+02 0.0000e+00 -2.3414e+00
1.1000e+02 1.0000e+01 -3.4774e+00
1.1000e+02 2.0000e+01 -2.4217e+00
1.1000e+02 3.0000e+01 -2.8264e+00
1.1000e+02 4.0000e+01 -2.2167e+00
1.1000e+02 5.0000e+01 -7.8674e-01
1.1000e+02 6.0000e+01 -6.9105e-01
1.1000e+02 7.0000e+01 -1.2710e+00
1.1000e+02 8.0000e+01 -1.7346e+00
1.1000e+02 9.0000e+01 -2.0412e+00
1.1000e+02 1.0000e+02 2.8521e-01
1.1000e+02 1.1000e+02 -1.4624e+00
1.1000e+02 1.2000e+02 3.1669e-01
1.1000e+02 1.3000e+02 -2.2283e+00
1.1000e+02 1.4000e+02 -9.1489e-01
1.1000e+02 1.5000e+02 4.1652e-02
1.1000e+02 1.6000e+02 -1.8817e+00
1.1000e+02 1.7000e+02 6.5081e-01
1.1000e+02 1.8000e+02 9.6427e-01
1.1000e+02 1.9000e+02 1.8767e+00
1.1000e+02 2.0000e+02 -1.8179e-01
1.2000e+02 -2.0000e+02 -9.6594e-01
1.2000e+02 -1.9000e+02 -1.0022e+00
1.2000e+02 -1.8000e+02 -1.5755e+00
1.2000e+02 -1.7000e+02 -1.7614e-02
1.2000e+02 -1.6000e+02 -2.3889e+00
1.2000e+02 -1.5000e+02 1.4337e+00
1.2000e+02 -1.4000e+02 -1.3899e-01
1.2000e+02 -1.3000e+02 2.2446e+00
1.2000e+02 -1.2000e+02 1.4282e+00
1.2000e+02 -1.1000e+02 -4.1377e-01
1.2000e+02 -1.0000e+02 -7.2572e-01
1.2000e+02 -9.0000e+01 -9.6533e-01
1.2000e+02 -8.0000e+01 -3.6203e+00
1.2000e+02 -7.0000e+01 -2.3654e+00
1.2000e+02 -6.0000e+01 1.2542e+00
1.2000e+02 -5.0000e+01 -8.0817e-01
1.2000e+02 -4.0000e+01 -6.7783e-01
1.2000e+02 -3.0000e+01 7.9038e-02
1.2000e+02 -2.0000e+01 -2.5696e+00
1.2000e+02 -1.0000e+01 -7.3762e-01
1.2000e+02 0.0000e+00 -1.0789e+00
1.2000e+02 1.0000e+01 -1.9904e+00
1.2000e+02 2.0000e+01 -1.8321e+00
1.2000e+02 3.0000e+01 1.5131e+00
1.2000e+02 4.0000e+01 -1.1514e+00
1.2000e+02 5.0000e+01 -2.6223e+00
1.2000e+02 6.0000e+01 -1.1897e+00
1.2000e+02 7.0000e+01 -1.7933e+00
1.2000e+02 8.0000e+01 -1.9128e+00
1.2000e+02 9.0000e+01 1.9432e+00
1.2000e+02 1.0000e+02 7.9276e-01
1.2000e+02 1.1000e+02 1.7098e+00
1.2000e+02 1.2000e+02 -8.4706e-01
1.2000e+02 1.3000e+02 -1.4635e+00
1.2000e+02 1.4000e+02 -4.4385e-01
1.2000e+02 1.5000e+02 -1.3777e+00
1.2000e+02 1.6000e+02 4.9474e-01
1.2000e+02 1.7000e+02 7.9200e-01
1.2000e+02 1.8000e+02 2.3980e-01
1.2000e+02 1.9000e+02 3.5894e+00
1.2000e+02 2.0000e+02 -1.1127e+00
1.3000e+02 -2.0000e+02 1.5198e+00
1.3000e+02 -1.9000e+02 7.1208e-01
1.3000e+02 -1.8000e+02 -2.3863e+00
1.3000e+02 -1.7000e+02 6.5863e-01
1.3000e+02 -1.6000e+02 9.5749e-01
1.3000e+02 -1.5000e+02 9.9123e-01
1.3000e+02 -1.4000e+02 2.3753e+00
1.3000e+02 -1.3000e+02 1.5706e+00
1.3000e+02 -1.2000e+02 -6.9636e-02
1.3000e+02 -1.1000e+02 -2.2000e-01
1.3000e+02 -1.0000e+02 -9.6556e-01
1.3000e+02 -9.0000e+01 -1.5181e+00
1.3000e+02 -8.0000e+01 -1.2204e+00
1.3000e+02 -7.0000e+01 -2.6253e-01
1.3000e+02 -6.0000e+01 -1.8425e+00
1.3000e+02 -5.0000e+01 -1.7057e+00
1.3000e+02 -4.0000e+01 2.0030e+00
1.3000e+02 -3.0000e+01 -2.3427e+00
1.3000e+02 -2.0000e+01 -1.1100e+00
1.3000e+02 -1.0000e+01 -1.1386e+00
1.3000e+02 0.0000e+00 -1.4328e+00
1.3000e+02 1.0000e+01 -1.4483e+00
1.3000e+02 2.0000e+01 8.8165e-01
1.3000e+02 3.0000e+01 -3.6795e+00
1.3000e+02 4.0000e+01 9.2597e-01
1.3000e+02 5.0000e+01 -2.3374e+00
1.3000e+02 6.0000e+01 4.0933e-01
1.3000e+02 7.0000e+01 2.0060e+00
1.3000e+02 8.0000e+01 -2.5077e+00
1.3000e+02 9.0000e+01 -1.5096e+00
1.3000e+02 1.0000e+02 -7.6109e-01
1.3000e+02 1.1000e+02 3.3772e+00
1.3000e+02 1.2000e+02 6.9216e-01
1.3000e+02 1.3000e+02 3.3146e+00
1.3000e+02 1.4000e+02 5.2286e-01
1.3000e+02 1.5000e+02 2.4024e+00
1.3000e+02 1.6000e+02 -3.8588e+00
1.3000e+02 1.7000e+02 5.7204e-01
1.3000e+02 1.8000e+02 -3.0474e+00
1.3000e+02 1.9000e+02 1.0641e+00
1.3000e+02 2.0000e+02 1.6776e+00
1.4000e+02 -2.0000e+02 -9.1642e-01
1.4000e+02 -1.9000e+02 -1.5334e+00
1.4000e+02 -1.8000e+02 1.1249e+00
1.4000e+02 -1.7000e+02 -5.9453e-01
1.4000e+02 -1.6000e+02 -2.7047e-02
1.4000e+02 -1.5000e+02 -3.7856e+00
1.4000e+02 -1.4000e+02 9.7606e-01
1.4000e+02 -1.3000e+02 2.3194e+00
1.4000e+02 -1.2000e+02 3.3913e-01
1.4000e+02 -1.1000e+02 2.3240e+00
1.4000e+02 -1.0000e+02 -1.1067e+00
1.4000e+02 -9.0000e+01 9.2457e-01
1.4000e+02 -8.0000e+01 -7.7715e-01
1.4000e+02 -7.0000e+01 1.3310e+00
1.4000e+02 -6.0000e+01 7.2516e-01
1.4000e+02 -5.0000e+01 -1.3996e+00
1.4000e+02 -4.0000e+01 1.4152e+00
1.4000e+02 -3.0000e+01 5.9318e-01
1.4000e+02 -2.0000e+01 -4.7180e+00
1.4000e+02 -1.0000e+01 7.1447e-01
1.4000e+02 0.0000e+00 -4.9725e-01
1.4000e+02 1.0000e+01 -9.7098e-01
1.4000e+02 2.0000e+01 -3.0233e+00
1.4000e+02 3.0000e+01 -8.4507e-01
1.4000e+02 4.0000e+01 -1.3908e+00
1.4000e+02 5.0000e+01 1.5028e+00
1.4000e+02 6.0000e+01 -6.4650e-02
1.4000e+02 7.0000e+01 3.0956e+00
1.4000e+02 8.0000e+01 -1.1876e+00
1.4000e+02 9.0000e+01 1.3934e+00
1.4000e+02 1.0000e+02 -2.0777e+00
1.4000e+02 1.1000e+02 -1.4788e+00
1.4000e+02 1.2000e+02 -4.2885e+00
1.4000e+02 1.3000e+02 6.8200e-03
1.4000e+02 1.4000e+02 -4.9919e+00
1.4000e+02 1.5000e+02 2.0693e+00
1.4000e+02 1.6000e+02 -9.2633e-01
1.4000e+02 1.7000e+02 -2.6812e+00
1.4000e+02 1.8000e+02 -2.0199e-01
1.4000e+02 1.9000e+02 6.1208e-01
1.4000e+02 2.0000e+02 1.5281e+00
1.5000e+02 -2.0000e+02 2.1758e+00
1.5000e+02 -1.9000e+02 1.3878e+00
1.5000e+02 -1.8000e+02 -1.4582e+00
1.5000e+02 -1.7000e+02 -2.3228e+00
1.5000e+02 -1.6000e+02 -1.6167e+00
1.5000e+02 -1.5000e+02 -8.6167e-01
1.5000e+02 -1.4000e+02 -2.8278e-01
1.5000e+02 -1.3000e+02 2.5868e-01
1.5000e+02 -1.2000e+02 5.2207e-02
1.5000e+02 -1.1000e+02 -7.4787e-01
1.5000e+02 -1.0000e+02 -5.1955e-02
1.5000e+02 -9.0000e+01 6.4848e-01
1.5000e+02 -8.0000e+01 -1.9533e+00
1.5000e+02 -7.0000e+01 1.3694e+00
1.5000e+02 -6.0000e+01 6.4675e-01
1.5000e+02 -5.0000e+01 -1.2255e+00
1.5000e+02 -4.0000e+01 2.6187e-01
1.5000e+02 -3.0000e+01 1.6792e+00
1.5000e+02 -2.0000e+01 2.8307e+00
1.5000e+02 -1.0000e+01 -2.3577e+00
1.5000e+02 0.0000e+00 -8.1867e-01
1.5000e+02 1.0000e+01 1.1731e+00
1.5000e+02 2.0000e+01 -1.8510e-01
1.5000e+02 3.0000e+01 -1.4656e-01
1.5000e+02 4.0000e+01 2.9582e+00
1.5000e+02 5.0000e+01 2.6409e-01
1.5000e+02 6.0000e+01 -2.7191e+00
1.5000e+02 7.0000e+01 1.1193e+00
1.5000e+02 8.0000e+01 7.2889e-02
1.5000e+02 9.0000e+01 3.1760e-01
1.5000e+02 1.0000e+02 5.5931e-01
1.5000e+02 1.1000e+02 1.5827e+00
1.5000e+02 1.2000e+02 1.7245e+00
1.5000e+02 1.3000e+02 -7.2517e-02
1.5000e+02 1.4000e+02 -1.6637e+00
1.5000e+02 1.5000e+02 -2.2963e-01
1.5000e+02 1.6000e+02 1.3859e+00
1.5000e+02 1.7000e+02 -2.0338e-01
1.5000e+02 1.8000e+02 -1.3803e+00
1.5000e+02 1.9000e+02 2.5508e-01
1.5000e+02 2.0000e+02 -1.9766e+00
1.6000e+02 -2.0000e+02 -5.7627e-01
1.6000e+02 -1.9000e+02 -1.1495e-01
1.6000e+02 -1.8000e+02 1.7320e-01
1.6000e+02 -1.7000e+02 -1.5835e+00
1.6000e+02 -1.6000e+02 -1.8928e+00
1.6000e+02 -1.5000e+02 9.4842e-01
1.6000e+02 -1.4000e+02 -4.8195e-01
1.6000e+02 -1.3000e+02 1.7511e+00
1.6000e+02 -1.2000e+02 7.8038e-01
1.6000e+02 -1.1000e+02 -2.5765e+00
1.6000e+02 -1.0000e+02 1.7072e+00
1.6000e+02 -9.0000e+01 -6.1233e-01
1.6000e+02 -8.0000e+01 -1.8298e+00
1.6000e+02 -7.0000e+01 -2.1079e+00
1.6000e+02 -6.0000e+01 -2.2291e+00
1.6000e+02 -5.0000e+01 -3.3337e-01
1.6000e+02 -4.0000e+01 1.8461e-01
1.6000e+02 -3.0000e+01 1.1312e+00
1.6000e+02 -2.0000e+01 6.4556e-01
1.6000e+02 -1.0000e+01 -1.2757e+00
1.6000e+02 0.0000e+00 -9.3834e-01
1.6000e+02 1.0000e+01 -1.7299e+00
1.6000e+02 2.0000e+01 -2.3020e+00
1.6000e+02 3.0000e+01 2.5624e-01
1.6000e+02 4.0000e+01 -7.1429e-01
1.6000e+02 5.0000e+01 -1.6293e+00
1.6000e+02 6.0000e+01 -3.6756e-01
1.6000e+02 7.0000e+01 1.3294e+00
1.6000e+02 8.0000e+01 -6.4325e-01
1.6000e+02 9.0000e+01 -2.0901e+00
1.6000e+02 1.0000e+02 -2.7176e+00
1.6000e+02 1.1000e+02 -1.1605e+00
1.6000e+02 1.2000e+02 1.5492e+00
1.6000e+02 1.3000e+02 3.1934e+00
1.6000e+02 1.4000e+02 1.9188e-01
1.6000e+02 1.5000e+02 -3.6492e-01
1.6000e+02 1.6000e+02 -1.5569e+00
1.6000e+02 1.7000e+02 4.4380e-01
1.6000e+02 1.8000e+02 -3.1481e-01
1.6000e+02 1.9000e+02 5.0079e-01
1.6000e+02 2.0000e+02 -1.2954e+00
1.7000e+02 -2.0000e+02 8.2985e-01
1.7000e+02 -1.9000e+02 -1.5071e+00
1.7000e+02 -1.8000e+02 5.0519e-01
1.7000e+02 -1.7000e+02 -4.0183e-02
1.7000e+02 -1.6000e+02 6.0403e-01
1.7000e+02 -1.5000e+02 1.1675e+00
1.7000e+02 -1.4000e+02 -1.5612e-01
1.7000e+02 -1.3000e+02 1.2324e-01
1.7000e+02 -1.2000e+02 2.4347e+00
1.7000e+02 -1.1000e+02 -1.2000e+00
1.7000e+02 -1.0000e+02 -9.6827e-02
1.7000e+02 -9.0000e+01 1.9429e-01
1.7000e+02 -8.0000e+01 3.2417e-01
1.7000e+02 -7.0000e+01 2.1014e+00
1.7000e+02 -6.0000e+01 1.0483e+00
1.7000e+02 -5.0000e+01 -2.3383e+00
1.7000e+02 -4.0000e+01 9.6426e-01
1.7000e+02 -3.0000e+01 1.9869e+00
1.7000e+02 -2.0000e+01 -9.8128e-01
1.7000e+02 -1.0000e+01 4.7829e-01
1.7000e+02 0.0000e+00 4.7619e-01
1.7000e+02 1.0000e+01 2.9248e+00
1.7000e+02 2.0000e+01 -2.5760e+00
1.7000e+02 3.0000e+01 -1.7622e+00
1.7000e+02 4.0000e+01 5.4953e-01
1.7000e+02 5.0000e+01 -1.0828e+00
1.7000e+02 6.0000e+01 -3.2168e-01
1.7000e+02 7.0000e+01 -1.1151e+00
1.7000e+02 8.0000e+01 1.6884e-01
1.7000e+02 9.0000e+01 1.3747e+00
1.7000e+02 1.0000e+02 -1.0468e+00
1.7000e+02 1.1000e+02 1.1848e+00
1.7000e+02 1.2000e+02 1.2040e+00
1.7000e+02 1.3000e+02 6.3267e-01
1.7000e+02 1.4000e+02 -2.1229e+00
1.7000e+02 1.5000e+02 3.7175e+00
1.7000e+02 1.6000e+02 5.7091e-03
1.7000e+02 1.7000e+02 -2.0464e+00
1.7000e+02 1.8000e+02 -1.1578e+00
1.7000e+02 1.9000e+02 1.1589e+00
1.7000e+02 2.0000e+02 1.6823e+00
1.8000e+02 -2.0000e+02 -7.5975e-01
1.8000e+02 -1.9000e+02 -1.5486e+00
1.8000e+02 -1.8000e+02 -2.1358e+00
1.8000e+02 -1.7000e+02 3.8111e-01
1.8000e+02 -1.6000e+02 -1.4922e+00
1.8000e+02 -1.5000e+02 -1.1256e+00
1.8000e+02 -1.4000e+02 -1.6401e+00
1.8000e+02 -1.3000e+02 5.5776e-01
1.8000e+02 -1.2000e+02 3.7034e-02
1.8000e+02 -1.1000e+02 7.5184e-01
1.8000e+02 -1.0000e+02 -1.9508e+00
1.8000e+02 -9.0000e+01 1.6688e+00
1.8000e+02 -8.0000e+01 -3.3537e-01
1.8000e+02 -7.0000e+01 2.2428e+00
1.8000e+02 -6.0000e+01 2.2054e+00
1.8000e+02 -5.0000e+01 -1.5967e+00
1.8000e+02 -4.0000e+01 4.0484e-01
1.8000e+02 -3.0000e+01 3.9280e-01
1.8000e+02 -2.0000e+01 1.8001e+00
1.8000e+02 -1.0000e+01 4.6588e-01
1.8000e+02 0.0000e+00 3.1192e+00
1.8000e+02 1.0000e+01 1.1104e+00
1.8000e+02 2.0000e+01 5.9425e-01
1.8000e+02 3.0000e+01 2.0386e+00
1.8000e+02 4.0000e+01 4.7791e-01
1.8000e+02 5.0000e+01 -2.5009e+00
1.8000e+02 6.0000e+01 1.8817e+00
1.8000e+02 7.0000e+01 1.0974e+00
1.8000e+02 8.0000e+01 2.7353e+00
1.8000e+02 9.0000e+01 -2.0844e+00
1.8000e+02 1.0000e+02 -1.1640e+00
1.8000e+02 1.1000e+02 -2.3790e+00
1.8000e+02 1.2000e+02 -2.6984e+00
1.8000e+02 1.3000e+02 -5.7786e-01
1.8000e+02 1.4000e+02 -2.1390e+00
1.8000e+02 1.5000e+02 2.3827e+00
1.8000e+02 1.6000e+02 -1.3382e+00
1.8000e+02 1.7000e+02 1.6080e+00
1.8000e+02 1.8000e+02 -3.6521e+00
1.8000e+02 1.9000e+02 -1.5207e-01
1.8000e+02 2.0000e+02 -2.3617e+00
1.9000e+02 -2.0000e+02 -7.7652e-01
1.9000e+02 -1.9000e+02 -1.5077e+00
1.9000e+02 -1.8000e+02 1.8369e+00
1.9000e+02 -1.7000e+02 2.4488e+00
1.9000e+02 -1.6000e+02 1.1168e+00
1.9000e+02 -1.5000e+02 -8.3336e-01
1.9000e+02 -1.4000e+02 6.1212e-02
1.9000e+02 -1.3000e+02 5.4670e-01
1.9000e+02 -1.2000e+02 8.3521e-01
1.9000e+02 -1.1000e+02 2.5438e+00
1.9000e+02 -1.0000e+02 1.0132e+00
1.9000e+02 -9.0000e+01 1.3394e+00
1.9000e+02 -8.0000e+01 -1.4866e+00
1.9000e+02 -7.0000e+01 9.8003e-01
1.9000e+02 -6.0000e+01 1.5007e+00
1.9000e+02 -5.0000e+01 -1.3375e+00
1.9000e+02 -4.0000e+01 4.5095e+00
1.9000e+02 -3.0000e+01 1.3371e+00
1.9000e+02 -2.0000e+01 1.4428e+00
1.9000e+02 -1.0000e+01 -3.7595e-01
1.9000e+02 0.0000e+00 1.3941e+00
1.9000e+02 1.0000e+01 6.4979e-01
1.9000e+02 2.0000e+01 -2.8161e+00
1.9000e+02 3.0000e+01 -9.5072e-01
1.9000e+02 4.0000e+01 2.3120e-02
1.9000e+02 5.0000e+01 -7.2275e-01
1.9000e+02 6.0000e+01 -1.0783e-01
1.9000e+02 7.0000e+01 -2.9979e+00
1.9000e+02 8.0000e+01 1.4985e+00
1.9000e+02 9.0000e+01 -7.6081e-01
1.9000e+02 1.0000e+02 -2.7681e+00
1.9000e+02 1.1000e+02 -6.2666e-01
1.9000e+02 1.2000e+02 -2.9000e+00
1.9000e+02 1.3000e+02 2.2662e+00
1.9000e+02 1.4000e+02 -1.3829e+00
1.9000e+02 1.5000e+02 -5.9805e-01
1.9000e+02 1.6000e+02 -1.7634e-01
1.9000e+02 1.7000e+02 -3.3503e-01
1.9000e+02 1.8000e+02 -3.8174e-01
1.9000e+02 1.9000e+02 1.8690e+00
1.9000e+02 2.0000e+02 -6.5904e-01
2.0000e+02 -2.0000e+02 -1.7067e+00
2.0000e+02 -1.9000e+02 -1.9728e+00
2.0000e+02 -1.8000e+02 2.5782e-01
2.0000e+02 -1.7000e+02 -1.8031e-01
2.0000e+02 -1.6000e+02 4.5023e-01
2.0000e+02 -1.5000e+02 4.0786e-01
2.0000e+02 -1.4000e+02 -3.6958e-01
2.0000e+02 -1.3000e+02 1.0514e+00
2.0000e+02 -1.2000e+02 -1.0264e+00
2.0000e+02 -1.1000e+02 -1.0337e+00
2.0000e+02 -1.0000e+02 -6.9280e-02
2.0000e+02 -9.0000e+01 1.1645e+00
2.0000e+02 -8.0000e+01 1.4682e+00
2.0000e+02 -7.0000e+01 5.4890e-01
2.0000e+02 -6.0000e+01 -6.0825e-01
2.0000e+02 -5.0000e+01 -2.7457e-01
2.0000e+02 -4.0000e+01 1.4220e+00
2.0000e+02 -3.0000e+01 -9.1218e-01
2.0000e+02 -2.0000e+01 9.0320e-01
2.0000e+02 -1.0000e+01 6.5824e-01
2.0000e+02 0.0000e+00 -1.5456e+00
2.0000e+02 1.0000e+01 -6.0745e-01
2.0000e+02 2.0000e+01 -7.1774e-01
2.0000e+02 3.0000e+01 -5.1399e-01
2.0000e+02 4.0000e+01 1.0794e+00
2.0000e+02 5.0000e+01 -1.1758e+00
2.0000e+02 6.0000e+01 -1.1566e+00
2.0000e+02 7.0000e+01 1.3022e-01
2.0000e+02 8.0000e+01 2.5422e+00
2.0000e+02 9.0000e+01 -8.7773e-01
2.0000e+02 1.0000e+02 1.5945e+00
2.0000e+02 1.1000e+02 1.2954e+00
2.0000e+02 1.2000e+02 -6.5538e-01
2.0000e+02 1.3000e+02 -1.5239e-01
2.0000e+02 1.4000e+02 -3.3726e-01
2.0000e+02 1.5000e+02 -1.6575e+00
2.0000e+02 1.6000e+02 -1.8134e+00
2.0000e+02 1.7000e+02 -1.9144e+00
2.0000e+02 1.8000e+02 2.4138e+00
2.0000e+02 1.9000e+02 -9.2405e-03
2.0000e+02 2.0000e+02 1.5344e+00
