-2.0000e+02 -2.0000e+02 -1.7119e+00
-2.0000e+02 -1.9000e+02 -5.9634e-01
-2.0000e+02 -1.8000e+02 4.5069e-01
-2.0000e+02 -1.7000e+02 5.7515e-03
-2.0000e+02 -1.6000e+02 1.9074e+00
-2.0000e+02 -1.5000e+02 1.3405e-01
-2.0000e+02 -1.4000e+02 6.5965e-01
-2.0000e+02 -1.3000e+02 -8.3837e-02
-2.0000e+02 -1.2000e+02 6.9306e-01
-2.0000e+02 -1.1000e+02 -6.7912e-01
-2.0000e+02 -1.0000e+02 -3.6158e+00
-2.0000e+02 -9.0000e+01 3.1048e-01
-2.0000e+02 -8.0000e+01 -3.0254e+00
-2.0000e+02 -7.0000e+01 -9.0965e-01
-2.0000e+02 -6.0000e+01 1.2801e+00
-2.0000e+02 -5.0000e+01 -9.2938e-01
-2.0000e+02 -4.0000e+01 8.2243e-01
-2.0000e+02 -3.0000e+01 1.9000e+00
-2.0000e+02 -2.0000e+01 4.7798e-01
-2.0000e+02 -1.0000e+01 1.6517e+00
-2.0000e+02 0.0000e+00 -8.4181e-01
-2.0000e+02 1.0000e+01 -7.8864e-01
-2.0000e+02 2.0000e+01 -1.6021e-01
-2.0000e+02 3.0000e+01 -2.5725e-01
-2.0000e+02 4.0000e+01 1.8156e+00
-2.0000e+02 5.0000e+01 3.4992e-01
-2.0000e+02 6.0000e+01 1.8744e+00
-2.0000e+02 7.0000e+01 2.6951e+00
-2.0000e+02 8.0000e+01 2.8012e+00
-2.0000e+02 9.0000e+01 -1.3593e+00
-2.0000e+02 1.0000e+02 -1.7984e+00
-2.0000e+02 1.1000e+02 2.8117e-01
-2.0000e+02 1.2000e+02 -3.8379e-01
-2.0000e+02 1.3000e+02 -9.0539e-01
-2.0000e+02 1.4000e+02 2.2717e+00
-2.0000e+02 1.5000e+02 6.6518e-01
-2.0000e+02 1.6000e+02 3.0859e-01
-2.0000e+02 1.7000e+02 -1.2041e+00
-2.0000e+02 1.8000e+02 -2.2756e+00
-2.0000e+02 1.9000e+02 -5.7233e-01
-2.0000e+02 2.0000e+02 1.6413e+00
-1.9000e+02 -2.0000e+02 1.9298e-01
-1.9000e+02 -1.9000e+02 1.5732e+00
-1.9000e+02 -1.8000e+02 -8.3677e-01
-1.9000e+02 -1.7000e+02 5.6310e-01
-1.9000e+02 -1.6000e+02 -9.3725e-01
-1.9000e+02 -1.5000e+02 1.8988e+00
-1.9000e+02 -1.4000e+02 -9.9896e-01
-1.9000e+02 -1.3000e+02 2.1141e+00
-1.9000e+02 -1.2000e+02 -1.7981e+00
-1.9000e+02 -1.1000e+02 -2.1136e+00
-1.9000e+02 -1.0000e+02 -1.1927e-01
-1.9000e+02 -9.0000e+01 -2.3088e+00
-1.9000e+02 -8.0000e+01 1.2208e+00
-1.9000e+02 -7.0000e+01 2.2640e+00
-1.9000e+02 -6.0000e+01 1.5049e+00
-1.9000e+02 -5.0000e+01 -2.4065e-01
-1.9000e+02 -4.0000e+01 2.4805e+00
-1.9000e+02 -3.0000e+01 -2.1253e+00
-1.9000e+02 -2.0000e+01 -4.9328e-01
-1.9000e+02 -1.0000e+01 2.4488e+00
-1.9000e+02 0.0000e+00 1.0352e+00
-1.9000e+02 1.0000e+01 1.0256e+00
-1.9000e+02 2.0000e+01 3.1675e+00
-1.9000e+02 3.0000e+01 2.2773e+00
-1.9000e+02 4.0000e+01 -1.1317e+00
-1.9000e+02 5.0000e+01 2.7921e-01
-1.9000e+02 6.0000e+01 6.1797e-02
-1.9000e+02 7.0000e+01 -9.0756e-01
-1.9000e+02 8.0000e+01 1.3196e-01
-1.9000e+02 9.0000e+01 -1.9467e+00
-1.9000e+02 1.0000e+02 -7.3839e-01
-1.9000e+02 1.1000e+02 -7.2231e-01
-1.9000e+02 1.2000e+02 2.3487e-01
-1.9000e+02 1.3000e+02 -1.8039e-01
-1.9000e+02 1.4000e+02 1.7049e+00
-1.9000e+02 1.5000e+02 1.1520e+00
-1.9000e+02 1.6000e+02 1.2790e+00
-1.9000e+02 1.7000e+02 1.3112e+00
-1.9000e+02 1.8000e+02 6.0244e-01
-1.9000e+02 1.9000e+02 2.0707e-01
-1.9000e+02 2.0000e+02 -1.4533e+00
-1.8000e+02 -2.0000e+02 -7.7926e-01
-1.8000e+02 -1.9000e+02 -1.6981e+00
-1.8000e+02 -1.8000e+02 -2.8975e-02
-1.8000e+02 -1.7000e+02 1.8534e+00
-1.8000e+02 -1.6000e+02 -2.1621e-01
-1.8000e+02 -1.5000e+02 -2.4655e+00
-1.8000e+02 -1.4000e+02 -6.7439e-01
-1.8000e+02 -1.3000e+02 3.0110e+00
-1.8000e+02 -1.2000e+02 -8.7395e-01
-1.8000e+02 -1.1000e+02 -1.4684e+00
-1.8000e+02 -1.0000e+02 1.1206e-01
-1.8000e+02 -9.0000e+01 1.5317e+00
-1.8000e+02 -8.0000e+01 4.7765e-01
-1.8000e+02 -7.0000e+01 -1.0293e-01
-1.8000e+02 -6.0000e+01 -1.9859e+00
-1.8000e+02 -5.0000e+01 -2.1012e-01
-1.8000e+02 -4.0000e+01 3.7079e-01
-1.8000e+02 -3.0000e+01 7.3503e-01
-1.8000e+02 -2.0000e+01 3.2514e+00
-1.8000e+02 -1.0000e+01 1.2075e+00
-1.8000e+02 0.0000e+00 -1.9006e+00
-1.8000e+02 1.0000e+01 -1.7259e+00
-1.8000e+02 2.0000e+01 -1.3926e+00
-1.8000e+02 3.0000e+01 2.2053e+00
-1.8000e+02 4.0000e+01 -3.3247e-01
-1.8000e+02 5.0000e+01 -1.8719e+00
-1.8000e+02 6.0000e+01 -2.3043e+00
-1.8000e+02 7.0000e+01 -8.1513e-01
-1.8000e+02 8.0000e+01 3.0905e+00
-1.8000e+02 9.0000e+01 -9.3740e-01
-1.8000e+02 1.0000e+02 4.1290e-01
-1.8000e+02 1.1000e+02 8.2382e-01
-1.8000e+02 1.2000e+02 6.8187e-01
-1.8000e+02 1.3000e+02 4.8536e-01
-1.8000e+02 1.4000e+02 1.1747e+00
-1.8000e+02 1.5000e+02 -6.5805e-01
-1.8000e+02 1.6000e+02 1.9312e-01
-1.8000e+02 1.7000e+02 1.5513e-01
-1.8000e+02 1.8000e+02 -8.5475e-01
-1.8000e+02 1.9000e+02 -1.5687e+00
-1.8000e+02 2.0000e+02 -5.9608e-01
-1.7000e+02 -2.0000e+02 1.1471e+00
-1.7000e+02 -1.9000e+02 -3.0537e+00
-1.7000e+02 -1.8000e+02 1.7852e+00
-1.7000e+02 -1.7000e+02 2.0968e+00
-1.7000e+02 -1.6000e+02 -1.0036e+00
-1.7000e+02 -1.5000e+02 2.0198e+00
-1.7000e+02 -1.4000e+02 -1.3913e+00
-1.7000e+02 -1.3000e+02 -3.5185e+00
-1.7000e+02 -1.2000e+02 8.1644e-02
-1.7000e+02 -1.1000e+02 2.2347e+00
-1.7000e+02 -1.0000e+02 -1.5257e+00
-1.7000e+02 -9.0000e+01 -3.9850e-01
-1.7000e+02 -8.0000e+01 1.7384e+00
-1.7000e+02 -7.0000e+01 -4.3274e-01
-1.7000e+02 -6.0000e+01 -1.2297e+00
-1.7000e+02 -5.0000e+01 -1.9528e+00
-1.7000e+02 -4.0000e+01 -1.9327e-01
-1.7000e+02 -3.0000e+01 1.0614e+00
-1.7000e+02 -2.0000e+01 -1.0420e+00
-1.7000e+02 -1.0000e+01 2.5140e+00
-1.7000e+02 0.0000e+00 -2.4712e-01
-1.7000e+02 1.0000e+01 -2.3167e+00
-1.7000e+02 2.0000e+01 9.8791e-01
-1.7000e+02 3.0000e+01 1.6674e+00
-1.7000e+02 4.0000e+01 -2.3635e+00
-1.7000e+02 5.0000e+01 1.6565e+00
-1.7000e+02 6.0000e+01 -8.3411e-01
-1.7000e+02 7.0000e+01 2.2753e+00
-1.7000e+02 8.0000e+01 2.0227e+00
-1.7000e+02 9.0000e+01 -1.0211e+00
-1.7000e+02 1.0000e+02 -7.2031e-01
-1.7000e+02 1.1000e+02 3.1542e+00
-1.7000e+02 1.2000e+02 4.1342e-01
-1.7000e+02 1.3000e+02 2.3385e-01
-1.7000e+02 1.4000e+02 -5.1461e-02
-1.7000e+02 1.5000e+02 -1.6629e+00
-1.7000e+02 1.6000e+02 -2.4554e+00
-1.7000e+02 1.7000e+02 -7.4304e-01
-1.7000e+02 1.8000e+02 -1.2686e+00
-1.7000e+02 1.9000e+02 -2.3418e+00
-1.7000e+02 2.0000e+02 -1.1156e+00
-1.6000e+02 -2.0000e+02 -2.7986e-01
-1.6000e+02 -1.9000e+02 1.2514e+00
-1.6000e+02 -1.8000e+02 1.0280e+00
-1.6000e+02 -1.7000e+02 2.7319e+00
-1.6000e+02 -1.6000e+02 -5.9250e-01
-1.6000e+02 -1.5000e+02 -1.6612e+00
-1.6000e+02 -1.4000e+02 4.1091e-01
-1.6000e+02 -1.3000e+02 -3.9002e-01
-1.6000e+02 -1.2000e+02 -1.5611e+00
-1.6000e+02 -1.1000e+02 5.0934e-01
-1.6000e+02 -1.0000e+02 -8.0902e-01
-1.6000e+02 -9.0000e+01 1.4030e+00
-1.6000e+02 -8.0000e+01 -1.7230e+00
-1.6000e+02 -7.0000e+01 -5.7039e-02
-1.6000e+02 -6.0000e+01 4.5416e-01
-1.6000e+02 -5.0000e+01 -3.5889e-01
-1.6000e+02 -4.0000e+01 -8.7832e-01
-1.6000e+02 -3.0000e+01 -1.4541e+00
-1.6000e+02 -2.0000e+01 -6.9369e-01
-1.6000e+02 -1.0000e+01 -8.5627e-01
-1.6000e+02 0.0000e+00 -2.5885e+00
-1.6000e+02 1.0000e+01 -7.7903e-01
-1.6000e+02 2.0000e+01 7.8431e-01
-1.6000e+02 3.0000e+01 -1.4415e+00
-1.6000e+02 4.0000e+01 3.6762e-01
-1.6000e+02 5.0000e+01 -3.3498e-01
-1.6000e+02 6.0000e+01 1.5374e+00
-1.6000e+02 7.0000e+01 -4.3514e-01
-1.6000e+02 8.0000e+01 -1.1640e+00
-1.6000e+02 9.0000e+01 1.6888e+00
-1.6000e+02 1.0000e+02 4.8760e-01
-1.6000e+02 1.1000e+02 -6.0513e-01
-1.6000e+02 1.2000e+02 3.2230e-01
-1.6000e+02 1.3000e+02 9.6566e-01
-1.6000e+02 1.4000e+02 -2.0640e+00
-1.6000e+02 1.5000e+02 -3.1037e+00
-1.6000e+02 1.6000e+02 -7.8502e-01
-1.6000e+02 1.7000e+02 -2.2693e-03
-1.6000e+02 1.8000e+02 2.5677e-01
-1.6000e+02 1.9000e+02 -7.2196e-02
-1.6000e+02 2.0000e+02 -2.6230e+00
-1.5000e+02 -2.0000e+02 1.4701e+00
-1.5000e+02 -1.9000e+02 7.9443e-01
-1.5000e+02 -1.8000e+02 4.5178e-01
-1.5000e+02 -1.7000e+02 -1.2148e+00
-1.5000e+02 -1.6000e+02 -5.1388e-01
-1.5000e+02 -1.5000e+02 -6.3395e-01
-1.5000e+02 -1.4000e+02 -3.3593e+00
-1.5000e+02 -1.3000e+02 -3.1992e-01
-1.5000e+02 -1.2000e+02 5.2688e-02
-1.5000e+02 -1.1000e+02 1.5492e+00
-1.5000e+02 -1.0000e+02 3.2541e-01
-1.5000e+02 -9.0000e+01 -9.7154e-01
-1.5000e+02 -8.0000e+01 -4.1410e-01
-1.5000e+02 -7.0000e+01 7.1461e-01
-1.5000e+02 -6.0000e+01 -2.1809e+00
-1.5000e+02 -5.0000e+01 1.8674e+00
-1.5000e+02 -4.0000e+01 2.7001e-01
-1.5000e+02 -3.0000e+01 1.8500e-01
-1.5000e+02 -2.0000e+01 -1.6757e+00
-1.5000e+02 -1.0000e+01 -2.9280e+00
-1.5000e+02 0.0000e+00 -2.2262e+00
-1.5000e+02 1.0000e+01 1.3634e+00
-1.5000e+02 2.0000e+01 -4.5020e-01
-1.5000e+02 3.0000e+01 -1.0664e+00
-1.5000e+02 4.0000e+01 -1.3839e+00
-1.5000e+02 5.0000e+01 -2.3102e+00
-1.5000e+02 6.0000e+01 -6.8102e-02
-1.5000e+02 7.0000e+01 7.9351e-01
-1.5000e+02 8.0000e+01 -4.3728e-01
-1.5000e+02 9.0000e+01 1.1215e+00
-1.5000e+02 1.0000e+02 7.4153e-01
-1.5000e+02 1.1000e+02 9.0797e-02
-1.5000e+02 1.2000e+02 1.1644e+00
-1.5000e+02 1.3000e+02 1.1840e-01
-1.5000e+02 1.4000e+02 1.5360e+00
-1.5000e+02 1.5000e+02 -5.0720e-01
-1.5000e+02 1.6000e+02 -5.8423e+00
-1.5000e+02 1.7000e+02 5.5055e-01
-1.5000e+02 1.8000e+02 -9.1702e-01
-1.5000e+02 1.9000e+02 1.3700e+00
-1.5000e+02 2.0000e+02 -1.7504e+00
-1.4000e+02 -2.0000e+02 3.6273e-01
-1.4000e+02 -1.9000e+02 -5.3181e-01
-1.4000e+02 -1.8000e+02 -5.8142e-01
-1.4000e+02 -1.7000e+02 3.3116e-01
-1.4000e+02 -1.6000e+02 1.9231e+00
-1.4000e+02 -1.5000e+02 9.5177e-01
-1.4000e+02 -1.4000e+02 -9.6648e-01
-1.4000e+02 -1.3000e+02 -1.1000e+00
-1.4000e+02 -1.2000e+02 3.1160e-01
-1.4000e+02 -1.1000e+02 -4.6855e-01
-1.4000e+02 -1.0000e+02 -1.1810e+00
-1.4000e+02 -9.0000e+01 -2.5580e-01
-1.4000e+02 -8.0000e+01 3.0514e+00
-1.4000e+02 -7.0000e+01 -1.7671e-01
-1.4000e+02 -6.0000e+01 7.1616e-01
-1.4000e+02 -5.0000e+01 3.9020e-01
-1.4000e+02 -4.0000e+01 -9.3435e-02
-1.4000e+02 -3.0000e+01 -9.2012e-01
-1.4000e+02 -2.0000e+01 -1.2932e-01
-1.4000e+02 -1.0000e+01 1.0372e+00
-1.4000e+02 0.0000e+00 -5.9283e-01
-1.4000e+02 1.0000e+01 -1.4933e+00
-1.4000e+02 2.0000e+01 -9.3694e-01
-1.4000e+02 3.0000e+01 1.7466e+00
-1.4000e+02 4.0000e+01 -1.3695e+00
-1.4000e+02 5.0000e+01 5.0295e-01
-1.4000e+02 6.0000e+01 1.9120e-01
-1.4000e+02 7.0000e+01 3.0956e-01
-1.4000e+02 8.0000e+01 2.3280e+00
-1.4000e+02 9.0000e+01 -2.4631e+00
-1.4000e+02 1.0000e+02 4.3499e-01
-1.4000e+02 1.1000e+02 -1.3492e+00
-1.4000e+02 1.2000e+02 -1.6578e+00
-1.4000e+02 1.3000e+02 4.1782e-01
-1.4000e+02 1.4000e+02 -3.0658e+00
-1.4000e+02 1.5000e+02 7.2629e-01
-1.4000e+02 1.6000e+02 -1.3080e-01
-1.4000e+02 1.7000e+02 -1.4553e+00
-1.4000e+02 1.8000e+02 -6.3100e-01
-1.4000e+02 1.9000e+02 1.2873e+00
-1.4000e+02 2.0000e+02 -1.6141e-01
-1.3000e+02 -2.0000e+02 -2.3955e+00
-1.3000e+02 -1.9000e+02 8.2689e-01
-1.3000e+02 -1.8000e+02 -1.3224e+00
-1.3000e+02 -1.7000e+02 6.5428e-01
-1.3000e+02 -1.6000e+02 3.4310e-01
-1.3000e+02 -1.5000e+02 4.4615e-01
-1.3000e+02 -1.4000e+02 -3.6220e-02
-1.3000e+02 -1.3000e+02 3.7278e-01
-1.3000e+02 -1.2000e+02 -1.1017e+00
-1.3000e+02 -1.1000e+02 -2.8144e+00
-1.3000e+02 -1.0000e+02 3.0327e+00
-1.3000e+02 -9.0000e+01 -1.6783e+00
-1.3000e+02 -8.0000e+01 -1.0732e+00
-1.3000e+02 -7.0000e+01 -4.8222e-01
-1.3000e+02 -6.0000e+01 1.9213e+00
-1.3000e+02 -5.0000e+01 -6.2051e-01
-1.3000e+02 -4.0000e+01 -9.3212e-01
-1.3000e+02 -3.0000e+01 8.0861e-01
-1.3000e+02 -2.0000e+01 -3.2998e-01
-1.3000e+02 -1.0000e+01 -1.4418e+00
-1.3000e+02 0.0000e+00 -6.3383e-01
-1.3000e+02 1.0000e+01 3.8325e-01
-1.3000e+02 2.0000e+01 -2.5743e+00
-1.3000e+02 3.0000e+01 5.9565e-01
-1.3000e+02 4.0000e+01 -6.7513e-01
-1.3000e+02 5.0000e+01 -2.8116e+00
-1.3000e+02 6.0000e+01 -5.2049e-03
-1.3000e+02 7.0000e+01 -1.2445e+00
-1.3000e+02 8.0000e+01 -1.8418e+00
-1.3000e+02 9.0000e+01 -1.1226e+00
-1.3000e+02 1.0000e+02 -2.7284e+00
-1.3000e+02 1.1000e+02 -3.5834e-01
-1.3000e+02 1.2000e+02 -1.6877e+00
-1.3000e+02 1.3000e+02 -9.7276e-01
-1.3000e+02 1.4000e+02 -1.7722e+00
-1.3000e+02 1.5000e+02 1.0068e+00
-1.3000e+02 1.6000e+02 -1.0326e+00
-1.3000e+02 1.7000e+02 4.5471e-01
-1.3000e+02 1.8000e+02 -1.3745e+00
-1.3000e+02 1.9000e+02 2.1033e+00
-1.3000e+02 2.0000e+02 2.3985e+00
-1.2000e+02 -2.0000e+02 -1.1549e+00
-1.2000e+02 -1.9000e+02 3.0132e-01
-1.2000e+02 -1.8000e+02 1.5725e+00
-1.2000e+02 -1.7000e+02 6.3507e-01
-1.2000e+02 -1.6000e+02 -8.4406e-01
-1.2000e+02 -1.5000e+02 2.4600e+00
-1.2000e+02 -1.4000e+02 -4.6595e-01
-1.2000e+02 -1.3000e+02 -8.3941e-02
-1.2000e+02 -1.2000e+02 -2.6447e+00
-1.2000e+02 -1.1000e+02 2.2100e-01
-1.2000e+02 -1.0000e+02 -3.3829e-01
-1.2000e+02 -9.0000e+01 -5.0823e-01
-1.2000e+02 -8.0000e+01 -4.3175e-01
-1.2000e+02 -7.0000e+01 -2.4517e+00
-1.2000e+02 -6.0000e+01 -2.0795e+00
-1.2000e+02 -5.0000e+01 1.2113e+00
-1.2000e+02 -4.0000e+01 9.5997e-01
-1.2000e+02 -3.0000e+01 -7.5635e-01
-1.2000e+02 -2.0000e+01 -1.8108e+00
-1.2000e+02 -1.0000e+01 -1.0587e+00
-1.2000e+02 0.0000e+00 4.9884e-01
-1.2000e+02 1.0000e+01 -2.8807e+00
-1.2000e+02 2.0000e+01 2.4433e+00
-1.2000e+02 3.0000e+01 -3.4933e+00
-1.2000e+02 4.0000e+01 -3.2776e+00
-1.2000e+02 5.0000e+01 -2.5278e+00
-1.2000e+02 6.0000e+01 -8.5195e-01
-1.2000e+02 7.0000e+01 3.0104e+00
-1.2000e+02 8.0000e+01 -1.8493e+00
-1.2000e+02 9.0000e+01 3.5366e+00
-1.2000e+02 1.0000e+02 -1.8264e+00
-1.2000e+02 1.1000e+02 -1.6205e+00
-1.2000e+02 1.2000e+02 1.2399e-01
-1.2000e+02 1.3000e+02 5.4635e-01
-1.2000e+02 1.4000e+02 -7.6131e-01
-1.2000e+02 1.5000e+02 2.2838e+00
-1.2000e+02 1.6000e+02 1.0854e+00
-1.2000e+02 1.7000e+02 -1.4943e+00
-1.2000e+02 1.8000e+02 6.9241e-01
-1.2000e+02 1.9000e+02 -7.1670e-01
-1.2000e+02 2.0000e+02 2.2488e-01
-1.1000e+02 -2.0000e+02 2.7719e+00
-1.1000e+02 -1.9000e+02 -1.0239e+00
-1.1000e+02 -1.8000e+02 -1.2134e+00
-1.1000e+02 -1.7000e+02 8.2235e-02
-1.1000e+02 -1.6000e+02 -3.6436e-01
-1.1000e+02 -1.5000e+02 -8.9837e-01
-1.1000e+02 -1.4000e+02 7.7633e-01
-1.1000e+02 -1.3000e+02 1.0734e+00
-1.1000e+02 -1.2000e+02 2.0978e+00
-1.1000e+02 -1.1000e+02 -1.9428e-01
-1.1000e+02 -1.0000e+02 3.8570e-01
-1.1000e+02 -9.0000e+01 -1.6155e+00
-1.1000e+02 -8.0000e+01 2.0249e-01
-1.1000e+02 -7.0000e+01 -2.0206e+00
-1.1000e+02 -6.0000e+01 -1.4297e+00
-1.1000e+02 -5.0000e+01 1.1809e+00
-1.1000e+02 -4.0000e+01 -1.7074e+00
-1.1000e+02 -3.0000e+01 -2.3934e+00
-1.1000e+02 -2.0000e+01 -5.5088e+00
-1.1000e+02 -1.0000e+01 -3.8587e+00
-1.1000e+02 0.0000e+00 -1.6874e+00
-1.1000e+02 1.0000e+01 -2.5714e+00
-1.1000e+02 2.0000e+01 -1.4706e+00
-1.1000e+02 3.0000e+01 -2.6495e+00
-1.1000e+02 4.0000e+01 -1.1026e+00
-1.1000e+02 5.0000e+01 -3.5556e+00
-1.1000e+02 6.0000e+01 -4.3772e-01
-1.1000e+02 7.0000e+01 -1.2766e+00
-1.1000e+02 8.0000e+01 2.1771e-01
-1.1000e+02 9.0000e+01 2.1929e+00
-1.1000e+02 1.0000e+02 -3.4749e+00
-1.1000e+02 1.1000e+02 3.9026e-01
-1.1000e+02 1.2000e+02 -1.0591e+00
-1.1000e+02 1.3000e+02 9.8359e-02
-1.1000e+02 1.4000e+02 1.5189e+00
-1.1000e+02 1.5000e+02 1.8105e-01
-1.1000e+02 1.6000e+02 7.2044e-01
-1.1000e+02 1.7000e+02 1.0585e-01
-1.1000e+02 1.8000e+02 9.3763e-01
-1.1000e+02 1.9000e+02 -3.5681e-02
-1.1000e+02 2.0000e+02 1.4296e+00
-1.0000e+02 -2.0000e+02 2.5098e+00
-1.0000e+02 -1.9000e+02 6.6474e-01
-1.0000e+02 -1.8000e+02 1.7434e+00
-1.0000e+02 -1.7000e+02 1.1562e+00
-1.0000e+02 -1.6000e+02 3.0403e-01
-1.0000e+02 -1.5000e+02 2.9479e+00
-1.0000e+02 -1.4000e+02 3.5677e+00
-1.0000e+02 -1.3000e+02 -7.6021e-01
-1.0000e+02 -1.2000e+02 -1.1854e+00
-1.0000e+02 -1.1000e+02 -2.0372e+00
-1.0000e+02 -1.0000e+02 -3.4793e+00
-1.0000e+02 -9.0000e+01 -3.6298e+00
-1.0000e+02 -8.0000e+01 -1.0770e+00
-1.0000e+02 -7.0000e+01 -4.7730e+00
-1.0000e+02 -6.0000e+01 3.5973e-01
-1.0000e+02 -5.0000e+01 -2.6292e+00
-1.0000e+02 -4.0000e+01 -1.8288e+00
-1.0000e+02 -3.0000e+01 -1.1375e+00
-1.0000e+02 -2.0000e+01 -3.3427e+00
-1.0000e+02 -1.0000e+01 -2.2847e+00
-1.0000e+02 0.0000e+00 -2.8690e+00
-1.0000e+02 1.0000e+01 -7.2948e-01
-1.0000e+02 2.0000e+01 -1.8942e+00
-1.0000e+02 3.0000e+01 -5.7616e-01
-1.0000e+02 4.0000e+01 -3.2661e+00
-1.0000e+02 5.0000e+01 -1.1229e+00
-1.0000e+02 6.0000e+01 -3.1947e+00
-1.0000e+02 7.0000e+01 -6.2081e+00
-1.0000e+02 8.0000e+01 -2.0195e+00
-1.0000e+02 9.0000e+01 -9.0868e-01
-1.0000e+02 1.0000e+02 -9.3408e-01
-1.0000e+02 1.1000e+02 -2.9666e-02
-1.0000e+02 1.2000e+02 -4.1982e-01
-1.0000e+02 1.3000e+02 -2.7481e+00
-1.0000e+02 1.4000e+02 3.4810e-01
-1.0000e+02 1.5000e+02 -1.2540e+00
-1.0000e+02 1.6000e+02 -2.5583e+00
-1.0000e+02 1.7000e+02 -5.9170e-03
-1.0000e+02 1.8000e+02 -5.0160e-01
-1.0000e+02 1.9000e+02 -7.1767e-01
-1.0000e+02 2.0000e+02 -7.7596e-01
-9.0000e+01 -2.0000e+02 1.7224e+00
-9.0000e+01 -1.9000e+02 -7.5698e-01
-9.0000e+01 -1.8000e+02 1.7086e+00
-9.0000e+01 -1.7000e+02 -7.1549e-02
-9.0000e+01 -1.6000e+02 2.3420e+00
-9.0000e+01 -1.5000e+02 3.1888e+00
-9.0000e+01 -1.4000e+02 -6.4290e-01
-9.0000e+01 -1.3000e+02 -1.0555e+00
-9.0000e+01 -1.2000e+02 2.8980e+00
-9.0000e+01 -1.1000e+02 -2.1957e-01
-9.0000e+01 -1.0000e+02 -2.5796e+00
-9.0000e+01 -9.0000e+01 -1.7417e+00
-9.0000e+01 -8.0000e+01 1.5137e+00
-9.0000e+01 -7.0000e+01 -3.4340e+00
-9.0000e+01 -6.0000e+01 -2.4674e+00
-9.0000e+01 -5.0000e+01 -5.8644e+00
-9.0000e+01 -4.0000e+01 -3.6962e+00
-9.0000e+01 -3.0000e+01 -5.5626e+00
-9.0000e+01 -2.0000e+01 -3.1251e+00
-9.0000e+01 -1.0000e+01 -3.4981e-01
-9.0000e+01 0.0000e+00 -3.6232e+00
-9.0000e+01 1.0000e+01 -6.0321e+00
-9.0000e+01 2.0000e+01 -4.1762e+00
-9.0000e+01 3.0000e+01 -8.5039e-01
-9.0000e+01 4.0000e+01 -2.5830e+00
-9.0000e+01 5.0000e+01 -2.5484e+00
-9.0000e+01 6.0000e+01 -3.1437e+00
-9.0000e+01 7.0000e+01 -1.9363e+00
-9.0000e+01 8.0000e+01 -2.0814e+00
-9.0000e+01 9.0000e+01 -9.3877e-01
-9.0000e+01 1.0000e+02 -1.1066e+00
-9.0000e+01 1.1000e+02 -2.2071e+00
-9.0000e+01 1.2000e+02 -1.6691e+00
-9.0000e+01 1.3000e+02 -2.2446e-01
-9.0000e+01 1.4000e+02 -6.6309e-02
-9.0000e+01 1.5000e+02 -3.4574e+00
-9.0000e+01 1.6000e+02 3.2277e-01
-9.0000e+01 1.7000e+02 -2.9296e-01
-9.0000e+01 1.8000e+02 -1.7832e+00
-9.0000e+01 1.9000e+02 -5.3117e-01
-9.0000e+01 2.0000e+02 -4.5479e-01
-8.0000e+01 -2.0000e+02 -1.8582e+00
-8.0000e+01 -1.9000e+02 -3.3104e-02
-8.0000e+01 -1.8000e+02 8.0377e-01
-8.0000e+01 -1.7000e+02 3.8852e-01
-8.0000e+01 -1.6000e+02 -3.5160e-01
-8.0000e+01 -1.5000e+02 -1.2889e+00
-8.0000e+01 -1.4000e+02 -2.4055e+00
-8.0000e+01 -1.3000e+02 -1.3225e+00
-8.0000e+01 -1.2000e+02 1.5021e+00
-8.0000e+01 -1.1000e+02 -1.5680e+00
-8.0000e+01 -1.0000e+02 -2.9979e+00
-8.0000e+01 -9.0000e+01 -1.4015e+00
-8.0000e+01 -8.0000e+01 -1.5794e+00
-8.0000e+01 -7.0000e+01 -2.4621e+00
-8.0000e+01 -6.0000e+01 -5.6127e+00
-8.0000e+01 -5.0000e+01 -3.2193e+00
-8.0000e+01 -4.0000e+01 -3.8382e+00
-8.0000e+01 -3.0000e+01 -5.7154e+00
-8.0000e+01 -2.0000e+01 -1.7688e+00
-8.0000e+01 -1.0000e+01 -5.9661e+00
-8.0000e+01 0.0000e+00 -6.6347e+00
-8.0000e+01 1.0000e+01 -6.0391e+00
-8.0000e+01 2.0000e+01 -5.0609e+00
-8.0000e+01 3.0000e+01 -3.6639e+00
-8.0000e+01 4.0000e+01 -2.3866e+00
-8.0000e+01 5.0000e+01 -3.8155e+00
-8.0000e+01 6.0000e+01 -2.8462e+00
-8.0000e+01 7.0000e+01 -5.6432e-01
-8.0000e+01 8.0000e+01 -2.7588e+00
-8.0000e+01 9.0000e+01 -1.6292e+00
-8.0000e+01 1.0000e+02 -3.2207e+00
-8.0000e+01 1.1000e+02 -2.2907e+00
-8.0000e+01 1.2000e+02 -1.6649e+00
-8.0000e+01 1.3000e+02 -4.7390e-01
-8.0000e+01 1.4000e+02 -2.4309e+00
-8.0000e+01 1.5000e+02 -1.1437e+00
-8.0000e+01 1.6000e+02 -1.3891e+00
-8.0000e+01 1.7000e+02 2.0045e+00
-8.0000e+01 1.8000e+02 1.6966e+00
-8.0000e+01 1.9000e+02 -9.7944e-01
-8.0000e+01 2.0000e+02 2.2671e+00
-7.0000e+01 -2.0000e+02 1.8482e+00
-7.0000e+01 -1.9000e+02 -2.5890e+00
-7.0000e+01 -1.8000e+02 1.2496e+00
-7.0000e+01 -1.7000e+02 7.3043e-02
-7.0000e+01 -1.6000e+02 6.2740e-01
-7.0000e+01 -1.5000e+02 9.9749e-02
-7.0000e+01 -1.4000e+02 -1.9888e+00
-7.0000e+01 -1.3000e+02 1.4787e-01
-7.0000e+01 -1.2000e+02 3.9160e-01
-7.0000e+01 -1.1000e+02 -2.1123e+00
-7.0000e+01 -1.0000e+02 -2.0628e+00
-7.0000e+01 -9.0000e+01 -1.4105e+00
-7.0000e+01 -8.0000e+01 -2.2205e+00
-7.0000e+01 -7.0000e+01 -2.8892e+00
-7.0000e+01 -6.0000e+01 -4.8561e+00
-7.0000e+01 -5.0000e+01 -1.9802e+00
-7.0000e+01 -4.0000e+01 -5.3456e+00
-7.0000e+01 -3.0000e+01 -4.1477e+00
-7.0000e+01 -2.0000e+01 -4.2457e+00
-7.0000e+01 -1.0000e+01 -5.2615e+00
-7.0000e+01 0.0000e+00 -6.6680e+00
-7.0000e+01 1.0000e+01 -7.0930e+00
-7.0000e+01 2.0000e+01 -7.6355e+00
-7.0000e+01 3.0000e+01 -6.2280e+00
-7.0000e+01 4.0000e+01 -4.6073e+00
-7.0000e+01 5.0000e+01 -1.8178e+00
-7.0000e+01 6.0000e+01 -4.9298e+00
-7.0000e+01 7.0000e+01 -2.8255e+00
-7.0000e+01 8.0000e+01 -4.7557e+00
-7.0000e+01 9.0000e+01 -8.6759e-01
-7.0000e+01 1.0000e+02 1.0229e+00
-7.0000e+01 1.1000e+02 1.7605e-01
-7.0000e+01 1.2000e+02 1.4179e+00
-7.0000e+01 1.3000e+02 -2.3993e-01
-7.0000e+01 1.4000e+02 -8.1876e-01
-7.0000e+01 1.5000e+02 3.3040e+00
-7.0000e+01 1.6000e+02 -6.3212e-01
-7.0000e+01 1.7000e+02 1.1982e+00
-7.0000e+01 1.8000e+02 9.0555e-01
-7.0000e+01 1.9000e+02 1.5152e+00
-7.0000e+01 2.0000e+02 -5.9607e-01
-6.0000e+01 -2.0000e+02 8.0574e-01
-6.0000e+01 -1.9000e+02 -1.9235e+00
-6.0000e+01 -1.8000e+02 -3.7278e-01
-6.0000e+01 -1.7000e+02 -1.1539e+00
-6.0000e+01 -1.6000e+02 -1.3633e+00
-6.0000e+01 -1.5000e+02 -3.1186e+00
-6.0000e+01 -1.4000e+02 5.8655e-01
-6.0000e+01 -1.3000e+02 -2.9178e-01
-6.0000e+01 -1.2000e+02 -1.0830e+00
-6.0000e+01 -1.1000e+02 1.1895e+00
-6.0000e+01 -1.0000e+02 -3.5556e+00
-6.0000e+01 -9.0000e+01 -1.9009e+00
-6.0000e+01 -8.0000e+01 6.2225e-01
-6.0000e+01 -7.0000e+01 -3.0688e+00
-6.0000e+01 -6.0000e+01 -5.7167e+00
-6.0000e+01 -5.0000e+01 -8.2348e+00
-6.0000e+01 -4.0000e+01 -7.6902e+00
-6.0000e+01 -3.0000e+01 -6.5302e+00
-6.0000e+01 -2.0000e+01 -7.8176e+00
-6.0000e+01 -1.0000e+01 -7.1697e+00
-6.0000e+01 0.0000e+00 -7.3308e+00
-6.0000e+01 1.0000e+01 -7.0696e+00
-6.0000e+01 2.0000e+01 -9.6129e+00
-6.0000e+01 3.0000e+01 -6.2582e+00
-6.0000e+01 4.0000e+01 -5.7125e+00
-6.0000e+01 5.0000e+01 -5.7139e+00
-6.0000e+01 6.0000e+01 -3.4480e+00
-6.0000e+01 7.0000e+01 -2.6773e+00
-6.0000e+01 8.0000e+01 -2.5881e+00
-6.0000e+01 9.0000e+01 -2.3312e+00
-6.0000e+01 1.0000e+02 -1.4523e+00
-6.0000e+01 1.1000e+02 -4.0004e+00
-6.0000e+01 1.2000e+02 -1.2870e+00
-6.0000e+01 1.3000e+02 1.5681e+00
-6.0000e+01 1.4000e+02 4.9611e-01
-6.0000e+01 1.5000e+02 -2.0366e+00
-6.0000e+01 1.6000e+02 1.5046e+00
-6.0000e+01 1.7000e+02 -2.6039e-01
-6.0000e+01 1.8000e+02 1.9876e-01
-6.0000e+01 1.9000e+02 -2.0660e+00
-6.0000e+01 2.0000e+02 -1.5895e+00
-5.0000e+01 -2.0000e+02 1.6745e+00
-5.0000e+01 -1.9000e+02 3.8115e+00
-5.0000e+01 -1.8000e+02 6.0611e-01
-5.0000e+01 -1.7000e+02 -7.3367e-01
-5.0000e+01 -1.6000e+02 -1.0441e+00
-5.0000e+01 -1.5000e+02 -1.5037e+00
-5.0000e+01 -1.4000e+02 -1.0735e+00
-5.0000e+01 -1.3000e+02 -1.3196e+00
-5.0000e+01 -1.2000e+02 -8.9172e-01
-5.0000e+01 -1.1000e+02 -1.3402e+00
-5.0000e+01 -1.0000e+02 -2.9932e+00
-5.0000e+01 -9.0000e+01 -4.7573e+00
-5.0000e+01 -8.0000e+01 -6.0563e+00
-5.0000e+01 -7.0000e+01 -3.9983e+00
-5.0000e+01 -6.0000e+01 -5.5084e+00
-5.0000e+01 -5.0000e+01 -5.9714e+00
-5.0000e+01 -4.0000e+01 -7.0181e+00
-5.0000e+01 -3.0000e+01 -1.0281e+01
-5.0000e+01 -2.0000e+01 -1.2026e+01
-5.0000e+01 -1.0000e+01 -1.0309e+01
-5.0000e+01 0.0000e+00 -1.2094e+01
-5.0000e+01 1.0000e+01 -9.8569e+00
-5.0000e+01 2.0000e+01 -8.8397e+00
-5.0000e+01 3.0000e+01 -8.5613e+00
-5.0000e+01 4.0000e+01 -7.3113e+00
-5.0000e+01 5.0000e+01 -7.1616e+00
-5.0000e+01 6.0000e+01 -6.9508e+00
-5.0000e+01 7.0000e+01 -3.8084e+00
-5.0000e+01 8.0000e+01 -1.5561e+00
-5.0000e+01 9.0000e+01 -1.9421e+00
-5.0000e+01 1.0000e+02 3.0060e-01
-5.0000e+01 1.1000e+02 -7.1189e-01
-5.0000e+01 1.2000e+02 -9.7537e-02
-5.0000e+01 1.3000e+02 -1.4400e+00
-5.0000e+01 1.4000e+02 1.4530e+00
-5.0000e+01 1.5000e+02 -3.2494e-01
-5.0000e+01 1.6000e+02 6.7497e-01
-5.0000e+01 1.7000e+02 2.8654e-02
-5.0000e+01 1.8000e+02 1.3147e-01
-5.0000e+01 1.9000e+02 1.9342e-01
-5.0000e+01 2.0000e+02 2.0005e+00
-4.0000e+01 -2.0000e+02 3.6213e+00
-4.0000e+01 -1.9000e+02 -7.6789e-02
-4.0000e+01 -1.8000e+02 -1.6510e+00
-4.0000e+01 -1.7000e+02 -9.8803e-01
-4.0000e+01 -1.6000e+02 -2.7924e+00
-4.0000e+01 -1.5000e+02 -3.1896e+00
-4.0000e+01 -1.4000e+02 1.0975e+00
-4.0000e+01 -1.3000e+02 -1.4522e+00
-4.0000e+01 -1.2000e+02 -6.0748e-01
-4.0000e+01 -1.1000e+02 -1.5214e+00
-4.0000e+01 -1.0000e+02 -3.7108e+00
-4.0000e+01 -9.0000e+01 -3.9656e+00
-4.0000e+01 -8.0000e+01 -2.3440e+00
-4.0000e+01 -7.0000e+01 -5.8981e+00
-4.0000e+01 -6.0000e+01 -5.0255e+00
-4.0000e+01 -5.0000e+01 -9.1182e+00
-4.0000e+01 -4.0000e+01 -8.4085e+00
-4.0000e+01 -3.0000e+01 -8.8709e+00
-4.0000e+01 -2.0000e+01 -1.3786e+01
-4.0000e+01 -1.0000e+01 -1.0954e+01
-4.0000e+01 0.0000e+00 -1.2492e+01
-4.0000e+01 1.0000e+01 -1.3419e+01
-4.0000e+01 2.0000e+01 -9.0641e+00
-4.0000e+01 3.0000e+01 -7.5500e+00
-4.0000e+01 4.0000e+01 -9.4640e+00
-4.0000e+01 5.0000e+01 -6.6972e+00
-4.0000e+01 6.0000e+01 -9.0614e+00
-4.0000e+01 7.0000e+01 -3.5302e+00
-4.0000e+01 8.0000e+01 -4.1737e+00
-4.0000e+01 9.0000e+01 -2.5571e+00
-4.0000e+01 1.0000e+02 -4.3959e+00
-4.0000e+01 1.1000e+02 -2.7500e+00
-4.0000e+01 1.2000e+02 -1.3964e+00
-4.0000e+01 1.3000e+02 -7.1146e-01
-4.0000e+01 1.4000e+02 3.9190e-02
-4.0000e+01 1.5000e+02 -7.4893e-01
-4.0000e+01 1.6000e+02 -6.9610e-01
-4.0000e+01 1.7000e+02 2.1984e+00
-4.0000e+01 1.8000e+02 1.1347e+00
-4.0000e+01 1.9000e+02 2.7200e-01
-4.0000e+01 2.0000e+02 1.1837e+00
-3.0000e+01 -2.0000e+02 1.6302e+00
-3.0000e+01 -1.9000e+02 1.0778e+00
-3.0000e+01 -1.8000e+02 1.9140e-01
-3.0000e+01 -1.7000e+02 -1.1361e+00
-3.0000e+01 -1.6000e+02 7.6722e-01
-3.0000e+01 -1.5000e+02 2.9602e+00
-3.0000e+01 -1.4000e+02 6.6371e-01
-3.0000e+01 -1.3000e+02 -2.0940e+00
-3.0000e+01 -1.2000e+02 -1.2899e+00
-3.0000e+01 -1.1000e+02 -1.7656e+00
-3.0000e+01 -1.0000e+02 -3.2534e+00
-3.0000e+01 -9.0000e+01 -2.4130e+00
-3.0000e+01 -8.0000e+01 -6.9716e+00
-3.0000e+01 -7.0000e+01 -8.3167e+00
-3.0000e+01 -6.0000e+01 -1.0513e+01
-3.0000e+01 -5.0000e+01 -9.1338e+00
-3.0000e+01 -4.0000e+01 -9.5875e+00
-3.0000e+01 -3.0000e+01 -9.5351e+00
-3.0000e+01 -2.0000e+01 -1.3086e+01
-3.0000e+01 -1.0000e+01 -1.2672e+01
-3.0000e+01 0.0000e+00 -1.3950e+01
-3.0000e+01 1.0000e+01 -1.2101e+01
-3.0000e+01 2.0000e+01 -1.4359e+01
-3.0000e+01 3.0000e+01 -1.2524e+01
-3.0000e+01 4.0000e+01 -9.7486e+00
-3.0000e+01 5.0000e+01 -8.3481e+00
-3.0000e+01 6.0000e+01 -4.9557e+00
-3.0000e+01 7.0000e+01 -4.9392e+00
-3.0000e+01 8.0000e+01 -4.7085e+00
-3.0000e+01 9.0000e+01 -3.3736e+00
-3.0000e+01 1.0000e+02 -1.5491e+00
-3.0000e+01 1.1000e+02 -2.0162e+00
-3.0000e+01 1.2000e+02 -3.6724e-01
-3.0000e+01 1.3000e+02 5.3889e-01
-3.0000e+01 1.4000e+02 -1.8967e+00
-3.0000e+01 1.5000e+02 -1.3395e+00
-3.0000e+01 1.6000e+02 -5.4772e-01
-3.0000e+01 1.7000e+02 -2.3916e+00
-3.0000e+01 1.8000e+02 -1.1980e+00
-3.0000e+01 1.9000e+02 5.8726e-01
-3.0000e+01 2.0000e+02 -2.9979e+00
-2.0000e+01 -2.0000e+02 1.2903e+00
-2.0000e+01 -1.9000e+02 -5.1547e-01
-2.0000e+01 -1.8000e+02 6.2134e-01
-2.0000e+01 -1.7000e+02 3.8978e-01
-2.0000e+01 -1.6000e+02 -2.6240e+00
-2.0000e+01 -1.5000e+02 -2.6665e+00
-2.0000e+01 -1.4000e+02 -3.3562e+00
-2.0000e+01 -1.3000e+02 -5.6398e-01
-2.0000e+01 -1.2000e+02 -2.7106e+00
-2.0000e+01 -1.1000e+02 -2.9819e+00
-2.0000e+01 -1.0000e+02 -3.2537e+00
-2.0000e+01 -9.0000e+01 -4.7519e+00
-2.0000e+01 -8.0000e+01 -5.4456e+00
-2.0000e+01 -7.0000e+01 -7.2203e+00
-2.0000e+01 -6.0000e+01 -5.9995e+00
-2.0000e+01 -5.0000e+01 -9.3000e+00
-2.0000e+01 -4.0000e+01 -1.3859e+01
-2.0000e+01 -3.0000e+01 -1.1358e+01
-2.0000e+01 -2.0000e+01 -1.2240e+01
-2.0000e+01 -1.0000e+01 -1.4944e+01
-2.0000e+01 0.0000e+00 -1.3996e+01
-2.0000e+01 1.0000e+01 -1.4657e+01
-2.0000e+01 2.0000e+01 -1.4779e+01
-2.0000e+01 3.0000e+01 -1.1853e+01
-2.0000e+01 4.0000e+01 -1.1604e+01
-2.0000e+01 5.0000e+01 -6.7689e+00
-2.0000e+01 6.0000e+01 -6.4572e+00
-2.0000e+01 7.0000e+01 -6.4710e+00
-2.0000e+01 8.0000e+01 -5.1058e+00
-2.0000e+01 9.0000e+01 -5.1009e+00
-2.0000e+01 1.0000e+02 -1.8843e+00
-2.0000e+01 1.1000e+02 -3.2999e+00
-2.0000e+01 1.2000e+02 -5.4082e-01
-2.0000e+01 1.3000e+02 -1.7280e-01
-2.0000e+01 1.4000e+02 9.5082e-01
-2.0000e+01 1.5000e+02 8.2214e-01
-2.0000e+01 1.6000e+02 -6.8883e-01
-2.0000e+01 1.7000e+02 1.5458e+00
-2.0000e+01 1.8000e+02 -4.1570e-03
-2.0000e+01 1.9000e+02 3.9675e-01
-2.0000e+01 2.0000e+02 -9.8712e-01
-1.0000e+01 -2.0000e+02 -7.0757e-01
-1.0000e+01 -1.9000e+02 -7.6097e-01
-1.0000e+01 -1.8000e+02 1.9359e+00
-1.0000e+01 -1.7000e+02 -2.4211e+00
-1.0000e+01 -1.6000e+02 -3.6287e+00
-1.0000e+01 -1.5000e+02 -2.6579e+00
-1.0000e+01 -1.4000e+02 3.4990e+00
-1.0000e+01 -1.3000e+02 2.3226e-01
-1.0000e+01 -1.2000e+02 -3.2155e+00
-1.0000e+01 -1.1000e+02 -1.6083e+00
-1.0000e+01 -1.0000e+02 -5.6916e+00
-1.0000e+01 -9.0000e+01 -3.4733e+00
-1.0000e+01 -8.0000e+01 -6.6275e+00
-1.0000e+01 -7.0000e+01 -4.8100e+00
-1.0000e+01 -6.0000e+01 -1.0821e+01
-1.0000e+01 -5.0000e+01 -1.0859e+01
-1.0000e+01 -4.0000e+01 -1.3153e+01
-1.0000e+01 -3.0000e+01 -1.3778e+01
-1.0000e+01 -2.0000e+01 -1.2386e+01
-1.0000e+01 -1.0000e+01 -1.4820e+01
-1.0000e+01 0.0000e+00 -1.1177e+01
-1.0000e+01 1.0000e+01 -1.3747e+01
-1.0000e+01 2.0000e+01 -1.3912e+01
-1.0000e+01 3.0000e+01 -1.4478e+01
-1.0000e+01 4.0000e+01 -1.1675e+01
-1.0000e+01 5.0000e+01 -1.0140e+01
-1.0000e+01 6.0000e+01 -8.3878e+00
-1.0000e+01 7.0000e+01 -6.3135e+00
-1.0000e+01 8.0000e+01 -4.5152e+00
-1.0000e+01 9.0000e+01 -5.7118e+00
-1.0000e+01 1.0000e+02 -1.8980e+00
-1.0000e+01 1.1000e+02 -2.5396e+00
-1.0000e+01 1.2000e+02 -7.7893e-01
-1.0000e+01 1.3000e+02 -4.5860e+00
-1.0000e+01 1.4000e+02 -3.3020e+00
-1.0000e+01 1.5000e+02 -2.5507e+00
-1.0000e+01 1.6000e+02 -4.3805e-01
-1.0000e+01 1.7000e+02 1.1560e+00
-1.0000e+01 1.8000e+02 3.5642e+00
-1.0000e+01 1.9000e+02 -8.1836e-01
-1.0000e+01 2.0000e+02 -1.2238e+00
0.0000e+00 -2.0000e+02 -3.9725e-01
0.0000e+00 -1.9000e+02 -9.1862e-01
0.0000e+00 -1.8000e+02 -9.8019e-01
0.0000e+00 -1.7000e+02 1.0390e+00
0.0000e+00 -1.6000e+02 1.8198e-01
0.0000e+00 -1.5000e+02 1.5060e+00
0.0000e+00 -1.4000e+02 2.0070e+00
0.0000e+00 -1.3000e+02 3.1717e-02
0.0000e+00 -1.2000e+02 -3.4343e-01
0.0000e+00 -1.1000e+02 -8.0936e-01
0.0000e+00 -1.0000e+02 -3.8303e+00
0.0000e+00 -9.0000e+01 -5.1425e+00
0.0000e+00 -8.0000e+01 -5.2857e+00
0.0000e+00 -7.0000e+01 -8.3463e+00
0.0000e+00 -6.0000e+01 -7.0164e+00
0.0000e+00 -5.0000e+01 -8.3183e+00
0.0000e+00 -4.0000e+01 -1.3700e+01
0.0000e+00 -3.0000e+01 -1.4079e+01
0.0000e+00 -2.0000e+01 -1.5143e+01
0.0000e+00 -1.0000e+01 -1.1992e+01
0.0000e+00 0.0000e+00 -1.7766e+01
0.0000e+00 1.0000e+01 -1.5061e+01
0.0000e+00 2.0000e+01 -1.5023e+01
0.0000e+00 3.0000e+01 -1.2173e+01
0.0000e+00 4.0000e+01 -1.2530e+01
0.0000e+00 5.0000e+01 -8.8985e+00
0.0000e+00 6.0000e+01 -6.2853e+00
0.0000e+00 7.0000e+01 -8.9030e+00
0.0000e+00 8.0000e+01 -6.8653e+00
0.0000e+00 9.0000e+01 -3.4980e+00
0.0000e+00 1.0000e+02 -1.6616e+00
0.0000e+00 1.1000e+02 -3.1555e+00
0.0000e+00 1.2000e+02 8.3464e-01
0.0000e+00 1.3000e+02 -1.3334e+00
0.0000e+00 1.4000e+02 4.5865e-01
0.0000e+00 1.5000e+02 2.6169e+00
0.0000e+00 1.6000e+02 2.4367e+00
0.0000e+00 1.7000e+02 4.1153e-01
0.0000e+00 1.8000e+02 -1.8097e+00
0.0000e+00 1.9000e+02 1.9701e-01
0.0000e+00 2.0000e+02 2.5313e-01
1.0000e+01 -2.0000e+02 -1.3665e+00
1.0000e+01 -1.9000e+02 -1.5177e+00
1.0000e+01 -1.8000e+02 -1.3129e+00
1.0000e+01 -1.7000e+02 1.5617e+00
1.0000e+01 -1.6000e+02 -6.6105e-01
1.0000e+01 -1.5000e+02 1.4216e-01
1.0000e+01 -1.4000e+02 -1.5091e+00
1.0000e+01 -1.3000e+02 -8.6141e-01
1.0000e+01 -1.2000e+02 -7.4239e-01
1.0000e+01 -1.1000e+02 -3.4689e+00
1.0000e+01 -1.0000e+02 -1.9859e+00
1.0000e+01 -9.0000e+01 -6.6444e+00
1.0000e+01 -8.0000e+01 -8.5126e+00
1.0000e+01 -7.0000e+01 -3.8748e+00
1.0000e+01 -6.0000e+01 -5.9240e+00
1.0000e+01 -5.0000e+01 -1.1008e+01
1.0000e+01 -4.0000e+01 -1.1677e+01
1.0000e+01 -3.0000e+01 -1.3604e+01
1.0000e+01 -2.0000e+01 -1.1673e+01
1.0000e+01 -1.0000e+01 -1.3816e+01
1.0000e+01 0.0000e+00 -1.5695e+01
1.0000e+01 1.0000e+01 -1.5121e+01
1.0000e+01 2.0000e+01 -1.2602e+01
1.0000e+01 3.0000e+01 -1.5739e+01
1.0000e+01 4.0000e+01 -9.4347e+00
1.0000e+01 5.0000e+01 -1.2289e+01
1.0000e+01 6.0000e+01 -9.3110e+00
1.0000e+01 7.0000e+01 -7.7450e+00
1.0000e+01 8.0000e+01 -4.8829e+00
1.0000e+01 9.0000e+01 -5.7478e+00
1.0000e+01 1.0000e+02 -1.1421e+00
1.0000e+01 1.1000e+02 -2.8315e+00
1.0000e+01 1.2000e+02 -1.4516e+00
1.0000e+01 1.3000e+02 2.1692e-01
1.0000e+01 1.4000e+02 7.8490e-02
1.0000e+01 1.5000e+02 -8.7974e-01
1.0000e+01 1.6000e+02 1.2745e+00
1.0000e+01 1.7000e+02 -2.2584e+00
1.0000e+01 1.8000e+02 -4.2117e+00
1.0000e+01 1.9000e+02 -1.6296e+00
1.0000e+01 2.0000e+02 -2.3728e-01
2.0000e+01 -2.0000e+02 1.0719e-01
2.0000e+01 -1.9000e+02 -3.1069e-01
2.0000e+01 -1.8000e+02 -8.7872e-01
2.0000e+01 -1.7000e+02 1.5915e+00
2.0000e+01 -1.6000e+02 2.7628e-01
2.0000e+01 -1.5000e+02 7.5134e-01
2.0000e+01 -1.4000e+02 -1.6599e+00
2.0000e+01 -1.3000e+02 -3.5206e+00
2.0000e+01 -1.2000e+02 -4.2530e-01
2.0000e+01 -1.1000e+02 -1.7434e+00
2.0000e+01 -1.0000e+02 -6.4192e+00
2.0000e+01 -9.0000e+01 -3.3664e+00
2.0000e+01 -8.0000e+01 -4.9407e+00
2.0000e+01 -7.0000e+01 -8.0837e+00
2.0000e+01 -6.0000e+01 -8.0637e+00
2.0000e+01 -5.0000e+01 -1.1635e+01
2.0000e+01 -4.0000e+01 -1.2712e+01
2.0000e+01 -3.0000e+01 -1.3376e+01
2.0000e+01 -2.0000e+01 -1.7697e+01
2.0000e+01 -1.0000e+01 -1.2109e+01
2.0000e+01 0.0000e+00 -1.5972e+01
2.0000e+01 1.0000e+01 -1.4672e+01
2.0000e+01 2.0000e+01 -1.1735e+01
2.0000e+01 3.0000e+01 -1.0055e+01
2.0000e+01 4.0000e+01 -1.0163e+01
2.0000e+01 5.0000e+01 -8.6637e+00
2.0000e+01 6.0000e+01 -7.8810e+00
2.0000e+01 7.0000e+01 -5.6212e+00
2.0000e+01 8.0000e+01 -7.8830e+00
2.0000e+01 9.0000e+01 -4.0315e+00
2.0000e+01 1.0000e+02 -1.8986e+00
2.0000e+01 1.1000e+02 -2.3374e+00
2.0000e+01 1.2000e+02 -2.1604e+00
2.0000e+01 1.3000e+02 2.4456e+00
2.0000e+01 1.4000e+02 -1.4671e+00
2.0000e+01 1.5000e+02 1.9356e+00
2.0000e+01 1.6000e+02 2.3820e+00
2.0000e+01 1.7000e+02 7.6063e-01
2.0000e+01 1.8000e+02 -6.4184e-01
2.0000e+01 1.9000e+02 -6.1749e-02
2.0000e+01 2.0000e+02 2.7536e-01
3.0000e+01 -2.0000e+02 -3.6665e-01
3.0000e+01 -1.9000e+02 2.7322e+00
3.0000e+01 -1.8000e+02 2.0012e-01
3.0000e+01 -1.7000e+02 -2.1221e-01
3.0000e+01 -1.6000e+02 8.6130e-01
3.0000e+01 -1.5000e+02 2.9155e-01
3.0000e+01 -1.4000e+02 1.0194e+00
3.0000e+01 -1.3000e+02 -1.2240e-01
3.0000e+01 -1.2000e+02 -5.0181e+00
3.0000e+01 -1.1000e+02 3.1084e-01
3.0000e+01 -1.0000e+02 -1.2414e+00
3.0000e+01 -9.0000e+01 -3.2314e+00
3.0000e+01 -8.0000e+01 -4.3774e+00
3.0000e+01 -7.0000e+01 -7.2176e+00
3.0000e+01 -6.0000e+01 -6.7542e+00
3.0000e+01 -5.0000e+01 -8.2636e+00
3.0000e+01 -4.0000e+01 -1.1272e+01
3.0000e+01 -3.0000e+01 -9.3836e+00
3.0000e+01 -2.0000e+01 -1.1328e+01
3.0000e+01 -1.0000e+01 -1.2145e+01
3.0000e+01 0.0000e+00 -1.3142e+01
3.0000e+01 1.0000e+01 -1.2326e+01
3.0000e+01 2.0000e+01 -1.2005e+01
3.0000e+01 3.0000e+01 -1.0285e+01
3.0000e+01 4.0000e+01 -8.8774e+00
3.0000e+01 5.0000e+01 -9.8153e+00
3.0000e+01 6.0000e+01 -9.2485e+00
3.0000e+01 7.0000e+01 -3.8055e+00
3.0000e+01 8.0000e+01 -5.5242e+00
3.0000e+01 9.0000e+01 -2.4803e+00
3.0000e+01 1.0000e+02 -1.5654e+00
3.0000e+01 1.1000e+02 6.6337e-01
3.0000e+01 1.2000e+02 1.8129e-01
3.0000e+01 1.3000e+02 -5.7344e-01
3.0000e+01 1.4000e+02 -6.4850e-01
3.0000e+01 1.5000e+02 2.9358e-01
3.0000e+01 1.6000e+02 -3.1639e+00
3.0000e+01 1.7000e+02 7.9203e-01
3.0000e+01 1.8000e+02 -5.7123e-01
3.0000e+01 1.9000e+02 -1.4579e+00
3.0000e+01 2.0000e+02 -2.9357e+00
4.0000e+01 -2.0000e+02 9.9656e-02
4.0000e+01 -1.9000e+02 -1.2010e+00
4.0000e+01 -1.8000e+02 -1.1723e+00
4.0000e+01 -1.7000e+02 1.4225e+00
4.0000e+01 -1.6000e+02 -9.5210e-01
4.0000e+01 -1.5000e+02 -5.4693e-01
4.0000e+01 -1.4000e+02 -5.9235e-01
4.0000e+01 -1.3000e+02 3.1145e-02
4.0000e+01 -1.2000e+02 1.1118e+00
4.0000e+01 -1.1000e+02 -3.3838e+00
4.0000e+01 -1.0000e+02 -1.3725e+00
4.0000e+01 -9.0000e+01 -1.6586e+00
4.0000e+01 -8.0000e+01 -3.0162e+00
4.0000e+01 -7.0000e+01 -5.1814e+00
4.0000e+01 -6.0000e+01 -7.3321e+00
4.0000e+01 -5.0000e+01 -8.0570e+00
4.0000e+01 -4.0000e+01 -1.0226e+01
4.0000e+01 -3.0000e+01 -1.0279e+01
4.0000e+01 -2.0000e+01 -1.2734e+01
4.0000e+01 -1.0000e+01 -1.1567e+01
4.0000e+01 0.0000e+00 -1.3095e+01
4.0000e+01 1.0000e+01 -1.1156e+01
4.0000e+01 2.0000e+01 -9.8358e+00
4.0000e+01 3.0000e+01 -1.0764e+01
4.0000e+01 4.0000e+01 -1.1833e+01
4.0000e+01 5.0000e+01 -7.3521e+00
4.0000e+01 6.0000e+01 -6.8040e+00
4.0000e+01 7.0000e+01 -4.2900e+00
4.0000e+01 8.0000e+01 -1.8435e+00
4.0000e+01 9.0000e+01 -2.0145e+00
4.0000e+01 1.0000e+02 -1.4286e+00
4.0000e+01 1.1000e+02 -2.5792e+00
4.0000e+01 1.2000e+02 -9.8984e-01
4.0000e+01 1.3000e+02 -1.0549e+00
4.0000e+01 1.4000e+02 1.2173e+00
4.0000e+01 1.5000e+02 -1.0177e+00
4.0000e+01 1.6000e+02 -8.0269e-01
4.0000e+01 1.7000e+02 3.6848e-01
4.0000e+01 1.8000e+02 2.8516e+00
4.0000e+01 1.9000e+02 -1.7701e-01
4.0000e+01 2.0000e+02 1.2592e+00
5.0000e+01 -2.0000e+02 -2.2867e-01
5.0000e+01 -1.9000e+02 -2.3452e+00
5.0000e+01 -1.8000e+02 9.9502e-01
5.0000e+01 -1.7000e+02 -3.2431e-01
5.0000e+01 -1.6000e+02 -1.6658e+00
5.0000e+01 -1.5000e+02 9.2152e-01
5.0000e+01 -1.4000e+02 -2.1803e+00
5.0000e+01 -1.3000e+02 6.4553e-01
5.0000e+01 -1.2000e+02 -1.2855e+00
5.0000e+01 -1.1000e+02 -1.8398e+00
5.0000e+01 -1.0000e+02 -2.7418e+00
5.0000e+01 -9.0000e+01 -2.4060e+00
5.0000e+01 -8.0000e+01 -5.7744e+00
5.0000e+01 -7.0000e+01 -4.2856e+00
5.0000e+01 -6.0000e+01 -6.3174e+00
5.0000e+01 -5.0000e+01 -5.4340e+00
5.0000e+01 -4.0000e+01 -9.8769e+00
5.0000e+01 -3.0000e+01 -9.6569e+00
5.0000e+01 -2.0000e+01 -9.5337e+00
5.0000e+01 -1.0000e+01 -9.3621e+00
5.0000e+01 0.0000e+00 -1.0964e+01
5.0000e+01 1.0000e+01 -9.3213e+00
5.0000e+01 2.0000e+01 -7.6616e+00
5.0000e+01 3.0000e+01 -8.0032e+00
5.0000e+01 4.0000e+01 -6.3281e+00
5.0000e+01 5.0000e+01 -4.9254e+00
5.0000e+01 6.0000e+01 -6.0396e+00
5.0000e+01 7.0000e+01 -4.4020e+00
5.0000e+01 8.0000e+01 -1.3245e+00
5.0000e+01 9.0000e+01 -2.5016e+00
5.0000e+01 1.0000e+02 -4.7395e-01
5.0000e+01 1.1000e+02 -1.8917e+00
5.0000e+01 1.2000e+02 -1.5669e+00
5.0000e+01 1.3000e+02 1.5079e+00
5.0000e+01 1.4000e+02 -1.8553e+00
5.0000e+01 1.5000e+02 -1.5606e+00
5.0000e+01 1.6000e+02 6.8502e-01
5.0000e+01 1.7000e+02 7.6283e-01
5.0000e+01 1.8000e+02 -1.6571e+00
5.0000e+01 1.9000e+02 1.0427e-01
5.0000e+01 2.0000e+02 -1.3834e+00
6.0000e+01 -2.0000e+02 -8.4348e-01
6.0000e+01 -1.9000e+02 -1.8272e-01
6.0000e+01 -1.8000e+02 -1.1747e+00
6.0000e+01 -1.7000e+02 6.7681e-01
6.0000e+01 -1.6000e+02 5.1487e-01
6.0000e+01 -1.5000e+02 1.9834e+00
6.0000e+01 -1.4000e+02 -1.8025e+00
6.0000e+01 -1.3000e+02 -1.3430e+00
6.0000e+01 -1.2000e+02 -3.2730e+00
6.0000e+01 -1.1000e+02 7.6181e-01
6.0000e+01 -1.0000e+02 -2.8532e+00
6.0000e+01 -9.0000e+01 -4.5942e+00
6.0000e+01 -8.0000e+01 -1.8834e+00
6.0000e+01 -7.0000e+01 -4.7347e+00
6.0000e+01 -6.0000e+01 -4.7492e+00
6.0000e+01 -5.0000e+01 -8.1080e+00
6.0000e+01 -4.0000e+01 -5.3760e+00
6.0000e+01 -3.0000e+01 -8.6638e+00
6.0000e+01 -2.0000e+01 -9.8958e+00
6.0000e+01 -1.0000e+01 -9.5568e+00
6.0000e+01 0.0000e+00 -8.5557e+00
6.0000e+01 1.0000e+01 -7.2749e+00
6.0000e+01 2.0000e+01 -7.9847e+00
6.0000e+01 3.0000e+01 -6.9213e+00
6.0000e+01 4.0000e+01 -7.4203e+00
6.0000e+01 5.0000e+01 -6.1924e+00
6.0000e+01 6.0000e+01 -6.3266e+00
6.0000e+01 7.0000e+01 -4.4068e+00
6.0000e+01 8.0000e+01 -3.9062e+00
6.0000e+01 9.0000e+01 -4.0409e+00
6.0000e+01 1.0000e+02 -2.4993e+00
6.0000e+01 1.1000e+02 -3.6820e+00
6.0000e+01 1.2000e+02 -6.5100e-01
6.0000e+01 1.3000e+02 -1.3302e+00
6.0000e+01 1.4000e+02 -3.0594e-01
6.0000e+01 1.5000e+02 8.3776e-02
6.0000e+01 1.6000e+02 -4.3524e-01
6.0000e+01 1.7000e+02 -4.6065e-01
6.0000e+01 1.8000e+02 1.8340e+00
6.0000e+01 1.9000e+02 1.1020e-01
6.0000e+01 2.0000e+02 5.8514e-01
7.0000e+01 -2.0000e+02 2.1735e+00
7.0000e+01 -1.9000e+02 1.3437e+00
7.0000e+01 -1.8000e+02 -6.9502e-01
7.0000e+01 -1.7000e+02 1.5271e+00
7.0000e+01 -1.6000e+02 -4.1145e-01
7.0000e+01 -1.5000e+02 -2.4122e+00
7.0000e+01 -1.4000e+02 -4.2245e+00
7.0000e+01 -1.3000e+02 -4.7140e-01
7.0000e+01 -1.2000e+02 8.6827e-02
7.0000e+01 -1.1000e+02 -1.6471e+00
7.0000e+01 -1.0000e+02 -2.0681e+00
7.0000e+01 -9.0000e+01 -3.9956e+00
7.0000e+01 -8.0000e+01 -3.6946e+00
7.0000e+01 -7.0000e+01 -5.6477e-02
7.0000e+01 -6.0000e+01 -3.6080e+00
7.0000e+01 -5.0000e+01 -1.5412e+00
7.0000e+01 -4.0000e+01 -7.8274e+00
7.0000e+01 -3.0000e+01 -4.0143e+00
7.0000e+01 -2.0000e+01 -8.5832e+00
7.0000e+01 -1.0000e+01 -6.0990e+00
7.0000e+01 0.0000e+00 -6.3676e+00
7.0000e+01 1.0000e+01 -8.5994e+00
7.0000e+01 2.0000e+01 -4.6272e+00
7.0000e+01 3.0000e+01 -4.9731e+00
7.0000e+01 4.0000e+01 -3.4547e+00
7.0000e+01 5.0000e+01 -2.7310e+00
7.0000e+01 6.0000e+01 -3.1032e+00
7.0000e+01 7.0000e+01 -5.4105e+00
7.0000e+01 8.0000e+01 -5.6275e+00
7.0000e+01 9.0000e+01 -2.5895e+00
7.0000e+01 1.0000e+02 -3.5958e+00
7.0000e+01 1.1000e+02 -1.8921e+00
7.0000e+01 1.2000e+02 -1.2060e+00
7.0000e+01 1.3000e+02 -5.8273e-01
7.0000e+01 1.4000e+02 -2.2063e+00
7.0000e+01 1.5000e+02 9.1735e-02
7.0000e+01 1.6000e+02 4.8952e-01
7.0000e+01 1.7000e+02 4.4917e-01
7.0000e+01 1.8000e+02 -1.7819e+00
7.0000e+01 1.9000e+02 4.7337e-01
7.0000e+01 2.0000e+02 1.5224e+00
8.0000e+01 -2.0000e+02 -2.9120e-01
8.0000e+01 -1.9000e+02 -6.5692e-01
8.0000e+01 -1.8000e+02 1.2392e+00
8.0000e+01 -1.7000e+02 -9.3140e-01
8.0000e+01 -1.6000e+02 -2.7932e+00
8.0000e+01 -1.5000e+02 -1.1508e+00
8.0000e+01 -1.4000e+02 2.8334e+00
8.0000e+01 -1.3000e+02 4.5538e-01
8.0000e+01 -1.2000e+02 -2.2879e+00
8.0000e+01 -1.1000e+02 -1.7385e+00
8.0000e+01 -1.0000e+02 1.3796e+00
8.0000e+01 -9.0000e+01 -7.5995e-01
8.0000e+01 -8.0000e+01 -2.4606e+00
8.0000e+01 -7.0000e+01 -2.4894e+00
8.0000e+01 -6.0000e+01 -5.1288e+00
8.0000e+01 -5.0000e+01 -3.7856e+00
8.0000e+01 -4.0000e+01 -4.1847e+00
8.0000e+01 -3.0000e+01 -5.2985e+00
8.0000e+01 -2.0000e+01 -3.3723e+00
8.0000e+01 -1.0000e+01 -6.1102e+00
8.0000e+01 0.0000e+00 -5.8293e+00
8.0000e+01 1.0000e+01 -3.9953e+00
8.0000e+01 2.0000e+01 -6.6299e+00
8.0000e+01 3.0000e+01 -4.0305e+00
8.0000e+01 4.0000e+01 -4.6436e+00
8.0000e+01 5.0000e+01 8.2937e-01
8.0000e+01 6.0000e+01 -3.1609e+00
8.0000e+01 7.0000e+01 -2.8682e+00
8.0000e+01 8.0000e+01 -3.7340e+00
8.0000e+01 9.0000e+01 -1.7965e+00
8.0000e+01 1.0000e+02 -3.6937e+00
8.0000e+01 1.1000e+02 -8.1919e-01
8.0000e+01 1.2000e+02 5.0161e-01
8.0000e+01 1.3000e+02 2.1718e+00
8.0000e+01 1.4000e+02 6.4702e-01
8.0000e+01 1.5000e+02 -1.3047e-02
8.0000e+01 1.6000e+02 -1.1061e+00
8.0000e+01 1.7000e+02 6.8531e-01
8.0000e+01 1.8000e+02 -4.1341e+00
8.0000e+01 1.9000e+02 3.2908e-01
8.0000e+01 2.0000e+02 -2.2714e+00
9.0000e+01 -2.0000e+02 7.5278e-01
9.0000e+01 -1.9000e+02 -2.5177e+00
9.0000e+01 -1.8000e+02 6.0272e-01
9.0000e+01 -1.7000e+02 -8.8595e-01
9.0000e+01 -1.6000e+02 3.0134e-01
9.0000e+01 -1.5000e+02 -8.2445e-01
9.0000e+01 -1.4000e+02 -7.3330e-03
9.0000e+01 -1.3000e+02 -1.8218e+00
9.0000e+01 -1.2000e+02 -5.5967e-01
9.0000e+01 -1.1000e+02 -1.7783e-01
9.0000e+01 -1.0000e+02 -3.3153e+00
9.0000e+01 -9.0000e+01 -1.8123e+00
9.0000e+01 -8.0000e+01 -1.1281e+00
9.0000e+01 -7.0000e+01 -1.9293e+00
9.0000e+01 -6.0000e+01 -1.4727e+00
9.0000e+01 -5.0000e+01 -4.6803e-01
9.0000e+01 -4.0000e+01 -3.5718e+00
9.0000e+01 -3.0000e+01 -2.7021e+00
9.0000e+01 -2.0000e+01 -3.6516e+00
9.0000e+01 -1.0000e+01 -3.6878e+00
9.0000e+01 0.0000e+00 -4.9574e+00
9.0000e+01 1.0000e+01 -4.4598e+00
9.0000e+01 2.0000e+01 -5.1360e+00
9.0000e+01 3.0000e+01 -2.6462e+00
9.0000e+01 4.0000e+01 -5.8048e+00
9.0000e+01 5.0000e+01 -1.5025e+00
9.0000e+01 6.0000e+01 -2.2949e+00
9.0000e+01 7.0000e+01 -1.2784e+00
9.0000e+01 8.0000e+01 -2.9057e+00
9.0000e+01 9.0000e+01 4.7003e-01
9.0000e+01 1.0000e+02 -2.3513e+00
9.0000e+01 1.1000e+02 -2.6677e+00
9.0000e+01 1.2000e+02 -1.1502e+00
9.0000e+01 1.3000e+02 4.9864e-01
9.0000e+01 1.4000e+02 1.5779e-01
9.0000e+01 1.5000e+02 -6.5094e-01
9.0000e+01 1.6000e+02 -2.9343e+00
9.0000e+01 1.7000e+02 -2.0152e+00
9.0000e+01 1.8000e+02 -2.3561e+00
9.0000e+01 1.9000e+02 9.9927e-01
9.0000e+01 2.0000e+02 1.1357e+00
1.0000e+02 -2.0000e+02 -3.7997e-01
1.0000e+02 -1.9000e+02 4.9635e-01
1.0000e+02 -1.8000e+02 1.8785e+00
1.0000e+02 -1.7000e+02 1.8943e+00
1.0000e+02 -1.6000e+02 3.5302e-01
1.0000e+02 -1.5000e+02 -1.0724e-01
1.0000e+02 -1.4000e+02 8.3366e-01
1.0000e+02 -1.3000e+02 2.5616e+00
1.0000e+02 -1.2000e+02 9.7758e-01
1.0000e+02 -1.1000e+02 -1.1394e+00
1.0000e+02 -1.0000e+02 2.2731e+00
1.0000e+02 -9.0000e+01 -2.9154e+00
1.0000e+02 -8.0000e+01 -6.7612e-01
1.0000e+02 -7.0000e+01 -2.6395e+00
1.0000e+02 -6.0000e+01 -2.9110e+00
1.0000e+02 -5.0000e+01 1.6043e-01
1.0000e+02 -4.0000e+01 -1.8910e+00
1.0000e+02 -3.0000e+01 -4.4063e+00
1.0000e+02 -2.0000e+01 -4.6289e+00
1.0000e+02 -1.0000e+01 -1.5115e+00
1.0000e+02 0.0000e+00 -2.6213e+00
1.0000e+02 1.0000e+01 -1.0366e+00
1.0000e+02 2.0000e+01 -3.8526e+00
1.0000e+02 3.0000e+01 -4.0755e+00
1.0000e+02 4.0000e+01 -1.4917e+00
1.0000e+02 5.0000e+01 -8.9976e-01
1.0000e+02 6.0000e+01 -1.9277e+00
1.0000e+02 7.0000e+01 -1.8588e+00
1.0000e+02 8.0000e+01 -1.4191e+00
1.0000e+02 9.0000e+01 -1.2126e-01
1.0000e+02 1.0000e+02 2.5279e+00
1.0000e+02 1.1000e+02 2.7628e+00
1.0000e+02 1.2000e+02 -9.2651e-01
1.0000e+02 1.3000e+02 -2.1000e+00
1.0000e+02 1.4000e+02 4.9990e-01
1.0000e+02 1.5000e+02 7.0710e-01
1.0000e+02 1.6000e+02 2.3617e+00
1.0000e+02 1.7000e+02 3.3804e+00
1.0000e+02 1.8000e+02 -3.1667e+00
1.0000e+02 1.9000e+02 1.2493e+00
1.0000e+02 2.0000e+02 -2.0311e+00
1.1000e+02 -2.0000e+02 2.8464e+00
1.1000e+02 -1.9000e+02 -1.1119e+00
1.1000e+02 -1.8000e+02 1.0903e+00
1.1000e+02 -1.7000e+02 1.9508e+00
1.1000e+02 -1.6000e+02 -2.3758e+00
1.1000e+02 -1.5000e+02 3.1321e-01
1.1000e+02 -1.4000e+02 7.7733e-01
1.1000e+02 -1.3000e+02 -3.1769e+00
1.1000e+02 -1.2000e+02 -1.9774e-01
1.1000e+02 -1.1000e+02 1.1190e+00
1.1000e+02 -1.0000e+02 -3.1046e+00
1.1000e+02 -9.0000e+01 -8.4958e-01
1.1000e+02 -8.0000e+01 -1.0932e+00
1.1000e+02 -7.0000e+01 -2.2874e+00
1.1000e+02 -6.0000e+01 -9.5446e-02
1.1000e+02 -5.0000e+01 -2.4876e+00
1.1000e+02 -4.0000e+01 -4.2410e+00
1.1000e+02 -3.0000e+01 -3.2059e+00
1.1000e+02 -2.0000e+01 -3.2681e+00
1.1000e+02 -1.0000e+01 -1.9636e+00
1.1000e+02 0.0000e+00 -3.5022e+00
1.1000e+02 1.0000e+01 -1.0487e+00
1.1000e+02 2.0000e+01 -1.2558e-01
1.1000e+02 3.0000e+01 -2.3135e+00
1.1000e+02 4.0000e+01 -9.6297e-02
1.1000e+02 5.0000e+01 -1.2411e+00
1.1000e+02 6.0000e+01 -3.0170e+00
1.1000e+02 7.0000e+01 -1.4195e+00
1.1000e+02 8.0000e+01 -3.0399e+00
1.1000e+02 9.0000e+01 -1.6031e+00
1.1000e+02 1.0000e+02 -5.5491e-01
1.1000e+02 1.1000e+02 -2.9975e+00
1.1000e+02 1.2000e+02 8.3894e-01
1.1000e+02 1.3000e+02 -2.3696e+00
1.1000e+02 1.4000e+02 -3.2078e+00
1.1000e+02 1.5000e+02 -1.0951e+00
1.1000e+02 1.6000e+02 5.4628e-01
1.1000e+02 1.7000e+02 -9.5667e-01
1.1000e+02 1.8000e+02 -1.6709e+00
1.1000e+02 1.9000e+02 6.6491e-01
1.1000e+02 2.0000e+02 -4.8015e-01
1.2000e+02 -2.0000e+02 -1.6775e+00
1.2000e+02 -1.9000e+02 1.6211e+00
1.2000e+02 -1.8000e+02 1.3746e+00
1.2000e+02 -1.7000e+02 3.6836e-01
1.2000e+02 -1.6000e+02 2.0749e+00
1.2000e+02 -1.5000e+02 -2.3897e+00
1.2000e+02 -1.4000e+02 8.0425e-01
1.2000e+02 -1.3000e+02 1.7329e-01
1.2000e+02 -1.2000e+02 -2.1463e+00
1.2000e+02 -1.1000e+02 1.3542e-01
1.2000e+02 -1.0000e+02 1.1248e+00
1.2000e+02 -9.0000e+01 -1.1863e-01
1.2000e+02 -8.0000e+01 -1.3670e+00
1.2000e+02 -7.0000e+01 -1.8126e+00
1.2000e+02 -6.0000e+01 1.5052e+00
1.2000e+02 -5.0000e+01 8.8675e-01
1.2000e+02 -4.0000e+01 -1.1293e+00
1.2000e+02 -3.0000e+01 1.0194e+00
1.2000e+02 -2.0000e+01 -2.1829e+00
1.2000e+02 -1.0000e+01 -3.0423e+00
1.2000e+02 0.0000e+00 -7.0290e+00
1.2000e+02 1.0000e+01 -1.9656e+00
1.2000e+02 2.0000e+01 7.4912e-03
1.2000e+02 3.0000e+01 -1.8308e+00
1.2000e+02 4.0000e+01 -2.3881e+00
1.2000e+02 5.0000e+01 1.6382e+00
1.2000e+02 6.0000e+01 8.5350e-01
1.2000e+02 7.0000e+01 -1.3518e+00
1.2000e+02 8.0000e+01 1.1427e+00
1.2000e+02 9.0000e+01 -2.0801e+00
1.2000e+02 1.0000e+02 -3.3823e+00
1.2000e+02 1.1000e+02 8.1973e-01
1.2000e+02 1.2000e+02 -2.7744e-01
1.2000e+02 1.3000e+02 7.3188e-01
1.2000e+02 1.4000e+02 1.5577e+00
1.2000e+02 1.5000e+02 2.0625e+00
1.2000e+02 1.6000e+02 1.2704e+00
1.2000e+02 1.7000e+02 -5.7488e-01
1.2000e+02 1.8000e+02 1.8623e-01
1.2000e+02 1.9000e+02 1.7385e+00
1.2000e+02 2.0000e+02 1.1505e+00
1.3000e+02 -2.0000e+02 2.1615e+00
1.3000e+02 -1.9000e+02 1.5261e+00
1.3000e+02 -1.8000e+02 2.2459e+00
1.3000e+02 -1.7000e+02 9.8425e-01
1.3000e+02 -1.6000e+02 -1.1255e+00
1.3000e+02 -1.5000e+02 -8.7044e-01
1.3000e+02 -1.4000e+02 -1.4414e+00
1.3000e+02 -1.3000e+02 -2.1298e+00
1.3000e+02 -1.2000e+02 -1.5099e+00
1.3000e+02 -1.1000e+02 -1.4549e-01
1.3000e+02 -1.0000e+02 -1.8807e+00
1.3000e+02 -9.0000e+01 -9.3631e-01
1.3000e+02 -8.0000e+01 -2.1083e+00
1.3000e+02 -7.0000e+01 -1.7542e+00
1.3000e+02 -6.0000e+01 -5.9289e-01
1.3000e+02 -5.0000e+01 1.9803e+00
1.3000e+02 -4.0000e+01 -9.1909e-01
1.3000e+02 -3.0000e+01 7.8052e-01
1.3000e+02 -2.0000e+01 -4.2765e-01
1.3000e+02 -1.0000e+01 2.0445e-02
1.3000e+02 0.0000e+00 -7.7566e-01
1.3000e+02 1.0000e+01 -2.8289e-02
1.3000e+02 2.0000e+01 -1.1510e+00
1.3000e+02 3.0000e+01 -1.3971e+00
1.3000e+02 4.0000e+01 -1.6171e-02
1.3000e+02 5.0000e+01 -1.8576e+00
1.3000e+02 6.0000e+01 1.2191e-01
1.3000e+02 7.0000e+01 9.5970e-01
1.3000e+02 8.0000e+01 1.4276e+00
1.3000e+02 9.0000e+01 -1.3307e+00
1.3000e+02 1.0000e+02 -2.0944e+00
1.3000e+02 1.1000e+02 1.4055e+00
1.3000e+02 1.2000e+02 -1.7214e+00
1.3000e+02 1.3000e+02 2.1928e+00
1.3000e+02 1.4000e+02 -6.0227e-01
1.3000e+02 1.5000e+02 -1.0999e+00
1.3000e+02 1.6000e+02 1.1542e+00
1.3000e+02 1.7000e+02 -6.2689e-01
1.3000e+02 1.8000e+02 6.5067e-01
1.3000e+02 1.9000e+02 1.3993e+00
1.3000e+02 2.0000e+02 1.7570e+00
1.4000e+02 -2.0000e+02 3.0119e+00
1.4000e+02 -1.9000e+02 3.7688e+00
1.4000e+02 -1.8000e+02 -2.2952e-01
1.4000e+02 -1.7000e+02 7.3723e-01
1.4000e+02 -1.6000e+02 2.6501e-01
1.4000e+02 -1.5000e+02 8.9075e-01
1.4000e+02 -1.4000e+02 -3.3840e-02
1.4000e+02 -1.3000e+02 -5.9882e-01
1.4000e+02 -1.2000e+02 2.1254e+00
1.4000e+02 -1.1000e+02 -1.0891e-01
1.4000e+02 -1.0000e+02 6.5978e-01
1.4000e+02 -9.0000e+01 1.7080e+00
1.4000e+02 -8.0000e+01 2.0290e+00
1.4000e+02 -7.0000e+01 3.9920e-01
1.4000e+02 -6.0000e+01 -8.1574e-01
1.4000e+02 -5.0000e+01 4.1570e-02
1.4000e+02 -4.0000e+01 -6.8065e-01
1.4000e+02 -3.0000e+01 -2.1267e-01
1.4000e+02 -2.0000e+01 2.1036e-02
1.4000e+02 -1.0000e+01 -1.0121e+00
1.4000e+02 0.0000e+00 -5.6028e-01
1.4000e+02 1.0000e+01 2.9724e-01
1.4000e+02 2.0000e+01 -2.5871e+00
1.4000e+02 3.0000e+01 3.1643e-01
1.4000e+02 4.0000e+01 3.3558e-01
1.4000e+02 5.0000e+01 -6.2676e-01
1.4000e+02 6.0000e+01 -3.0465e+00
1.4000e+02 7.0000e+01 6.6050e-01
1.4000e+02 8.0000e+01 1.5454e+00
1.4000e+02 9.0000e+01 1.2869e+00
1.4000e+02 1.0000e+02 1.8204e+00
1.4000e+02 1.1000e+02 1.7576e+00
1.4000e+02 1.2000e+02 2.2012e+00
1.4000e+02 1.3000e+02 -2.7924e+00
1.4000e+02 1.4000e+02 1.1156e+00
1.4000e+02 1.5000e+02 -9.3026e-01
1.4000e+02 1.6000e+02 -1.6250e+00
1.4000e+02 1.7000e+02 1.4580e+00
1.4000e+02 1.8000e+02 -5.9381e-01
1.4000e+02 1.9000e+02 -7.7406e-01
1.4000e+02 2.0000e+02 -1.2545e-01
1.5000e+02 -2.0000e+02 -3.4127e-01
1.5000e+02 -1.9000e+02 4.5827e-01
1.5000e+02 -1.8000e+02 1.3274e+00
1.5000e+02 -1.7000e+02 2.6324e+00
1.5000e+02 -1.6000e+02 5.8641e-01
1.5000e+02 -1.5000e+02 1.0887e-01
1.5000e+02 -1.4000e+02 -3.2601e-01
1.5000e+02 -1.3000e+02 -6.1953e-01
1.5000e+02 -1.2000e+02 2.8493e+00
1.5000e+02 -1.1000e+02 -1.6587e+00
1.5000e+02 -1.0000e+02 7.2143e-01
1.5000e+02 -9.0000e+01 4.6092e-01
1.5000e+02 -8.0000e+01 1.2219e+00
1.5000e+02 -7.0000e+01 3.4500e-01
1.5000e+02 -6.0000e+01 -1.9902e+00
1.5000e+02 -5.0000e+01 -2.9656e+00
1.5000e+02 -4.0000e+01 -9.7053e-01
1.5000e+02 -3.0000e+01 -2.5402e+00
1.5000e+02 -2.0000e+01 2.7404e-01
1.5000e+02 -1.0000e+01 -1.0557e+00
1.5000e+02 0.0000e+00 -6.7506e-01
1.5000e+02 1.0000e+01 -4.1360e-02
1.5000e+02 2.0000e+01 -2.4211e-01
1.5000e+02 3.0000e+01 -1.4647e+00
1.5000e+02 4.0000e+01 -8.7621e-01
1.5000e+02 5.0000e+01 -2.6365e+00
1.5000e+02 6.0000e+01 4.5939e-01
1.5000e+02 7.0000e+01 8.2907e-02
1.5000e+02 8.0000e+01 6.8930e-01
1.5000e+02 9.0000e+01 -1.0174e+00
1.5000e+02 1.0000e+02 -4.2417e+00
1.5000e+02 1.1000e+02 -2.6087e+00
1.5000e+02 1.2000e+02 -1.6747e+00
1.5000e+02 1.3000e+02 -3.6640e-01
1.5000e+02 1.4000e+02 7.8770e-01
1.5000e+02 1.5000e+02 2.1816e+00
1.5000e+02 1.6000e+02 9.4569e-01
1.5000e+02 1.7000e+02 2.1407e-01
1.5000e+02 1.8000e+02 -1.6738e+00
1.5000e+02 1.9000e+02 -3.3842e+00
1.5000e+02 2.0000e+02 2.2632e+00
1.6000e+02 -2.0000e+02 -1.2629e+00
1.6000e+02 -1.9000e+02 1.9051e+00
1.6000e+02 -1.8000e+02 7.3155e-02
1.6000e+02 -1.7000e+02 5.8750e-01
1.6000e+02 -1.6000e+02 2.9159e+00
1.6000e+02 -1.5000e+02 -4.5130e-01
1.6000e+02 -1.4000e+02 -2.2723e+00
1.6000e+02 -1.3000e+02 -2.6891e+00
1.6000e+02 -1.2000e+02 5.9131e-01
1.6000e+02 -1.1000e+02 1.7765e+00
1.6000e+02 -1.0000e+02 5.0593e-01
1.6000e+02 -9.0000e+01 3.1460e-01
1.6000e+02 -8.0000e+01 -3.2380e+00
1.6000e+02 -7.0000e+01 -3.0738e+00
1.6000e+02 -6.0000e+01 -8.4372e-01
1.6000e+02 -5.0000e+01 -7.3552e-01
1.6000e+02 -4.0000e+01 3.0416e-01
1.6000e+02 -3.0000e+01 1.5056e+00
1.6000e+02 -2.0000e+01 9.9337e-01
1.6000e+02 -1.0000e+01 3.4362e-01
1.6000e+02 0.0000e+00 -1.0641e+00
1.6000e+02 1.0000e+01 1.0053e-02
1.6000e+02 2.0000e+01 -3.8821e+00
1.6000e+02 3.0000e+01 1.8617e-01
1.6000e+02 4.0000e+01 -3.8528e-01
1.6000e+02 5.0000e+01 1.2724e+00
1.6000e+02 6.0000e+01 2.5495e-01
1.6000e+02 7.0000e+01 -2.0644e-01
1.6000e+02 8.0000e+01 -2.0477e-01
1.6000e+02 9.0000e+01 -1.8389e+00
1.6000e+02 1.0000e+02 -3.2047e-01
1.6000e+02 1.1000e+02 -1.8424e+00
1.6000e+02 1.2000e+02 1.6128e+00
1.6000e+02 1.3000e+02 -6.1558e-01
1.6000e+02 1.4000e+02 -1.9583e-01
1.6000e+02 1.5000e+02 -2.8580e+00
1.6000e+02 1.6000e+02 -1.8074e+00
1.6000e+02 1.7000e+02 -9.6814e-01
1.6000e+02 1.8000e+02 -2.9064e-01
1.6000e+02 1.9000e+02 8.6205e-02
1.6000e+02 2.0000e+02 -5.0535e-01
1.7000e+02 -2.0000e+02 5.6391e-01
1.7000e+02 -1.9000e+02 -4.5648e-01
1.7000e+02 -1.8000e+02 1.1018e+00
1.7000e+02 -1.7000e+02 1.8835e+00
1.7000e+02 -1.6000e+02 -8.1936e-01
1.7000e+02 -1.5000e+02 -2.1960e-01
1.7000e+02 -1.4000e+02 -7.4652e-01
1.7000e+02 -1.3000e+02 3.3045e-01
1.7000e+02 -1.2000e+02 7.8898e-01
1.7000e+02 -1.1000e+02 -2.8796e+00
1.7000e+02 -1.0000e+02 -8.2891e-01
1.7000e+02 -9.0000e+01 -1.7182e+00
1.7000e+02 -8.0000e+01 9.9928e-01
1.7000e+02 -7.0000e+01 7.8831e-03
1.7000e+02 -6.0000e+01 -1.4550e+00
1.7000e+02 -5.0000e+01 2.6334e+00
1.7000e+02 -4.0000e+01 -1.7792e+00
1.7000e+02 -3.0000e+01 -3.9242e-01
1.7000e+02 -2.0000e+01 -1.0884e+00
1.7000e+02 -1.0000e+01 -1.7205e+00
1.7000e+02 0.0000e+00 1.0374e+00
1.7000e+02 1.0000e+01 6.3682e-01
1.7000e+02 2.0000e+01 1.2806e-01
1.7000e+02 3.0000e+01 2.0812e+00
1.7000e+02 4.0000e+01 2.4576e-01
1.7000e+02 5.0000e+01 -2.7631e+00
1.7000e+02 6.0000e+01 3.3182e+00
1.7000e+02 7.0000e+01 1.8156e-01
1.7000e+02 8.0000e+01 -1.6116e+00
1.7000e+02 9.0000e+01 2.0945e+00
1.7000e+02 1.0000e+02 1.0387e+00
1.7000e+02 1.1000e+02 8.4253e-01
1.7000e+02 1.2000e+02 9.6359e-01
1.7000e+02 1.3000e+02 -1.6436e+00
1.7000e+02 1.4000e+02 2.1404e+00
1.7000e+02 1.5000e+02 -2.8333e+00
1.7000e+02 1.6000e+02 -1.5880e+00
1.7000e+02 1.7000e+02 1.7009e+00
1.7000e+02 1.8000e+02 1.1323e+00
1.7000e+02 1.9000e+02 -3.1053e-01
1.7000e+02 2.0000e+02 -9.7380e-01
1.8000e+02 -2.0000e+02 -1.8950e+00
1.8000e+02 -1.9000e+02 -1.8099e+00
1.8000e+02 -1.8000e+02 1.0177e+00
1.8000e+02 -1.7000e+02 7.5115e-01
1.8000e+02 -1.6000e+02 -1.8168e-01
1.8000e+02 -1.5000e+02 -5.2631e-01
1.8000e+02 -1.4000e+02 -5.4293e-01
1.8000e+02 -1.3000e+02 1.3735e+00
1.8000e+02 -1.2000e+02 1.1057e+00
1.8000e+02 -1.1000e+02 -2.8847e-02
1.8000e+02 -1.0000e+02 1.5239e+00
1.8000e+02 -9.0000e+01 -8.1238e-01
1.8000e+02 -8.0000e+01 -1.2622e+00
1.8000e+02 -7.0000e+01 -2.3813e+00
1.8000e+02 -6.0000e+01 1.5013e+00
1.8000e+02 -5.0000e+01 -1.8895e-01
1.8000e+02 -4.0000e+01 3.9056e-01
1.8000e+02 -3.0000e+01 -8.0237e-02
1.8000e+02 -2.0000e+01 2.2128e+00
1.8000e+02 -1.0000e+01 -1.4771e+00
1.8000e+02 0.0000e+00 1.6359e+00
1.8000e+02 1.0000e+01 7.8553e-01
1.8000e+02 2.0000e+01 -4.1797e-02
1.8000e+02 3.0000e+01 1.1123e-01
1.8000e+02 4.0000e+01 1.8438e+00
1.8000e+02 5.0000e+01 -1.2538e+00
1.8000e+02 6.0000e+01 5.0478e-01
1.8000e+02 7.0000e+01 -1.3632e+00
1.8000e+02 8.0000e+01 5.9267e-01
1.8000e+02 9.0000e+01 9.2288e-01
1.8000e+02 1.0000e+02 1.0216e-01
1.8000e+02 1.1000e+02 1.7618e+00
1.8000e+02 1.2000e+02 1.4067e+00
1.8000e+02 1.3000e+02 -1.9765e+00
1.8000e+02 1.4000e+02 -1.2602e+00
1.8000e+02 1.5000e+02 2.7718e-02
1.8000e+02 1.6000e+02 -8.3391e-01
1.8000e+02 1.7000e+02 1.5132e-01
1.8000e+02 1.8000e+02 2.6918e-03
1.8000e+02 1.9000e+02 -1.0968e-01
1.8000e+02 2.0000e+02 3.4202e+00
1.9000e+02 -2.0000e+02 8.2311e-01
1.9000e+02 -1.9000e+02 -8.2245e-02
1.9000e+02 -1.8000e+02 -9.3355e-02
1.9000e+02 -1.7000e+02 8.7741e-01
1.9000e+02 -1.6000e+02 7.6814e-01
1.9000e+02 -1.5000e+02 -1.1874e+00
1.9000e+02 -1.4000e+02 -1.5968e-01
1.9000e+02 -1.3000e+02 -1.9675e-01
1.9000e+02 -1.2000e+02 1.1824e+00
1.9000e+02 -1.1000e+02 3.1182e-01
1.9000e+02 -1.0000e+02 4.5802e-01
1.9000e+02 -9.0000e+01 -1.8797e+00
1.9000e+02 -8.0000e+01 8.9047e-01
1.9000e+02 -7.0000e+01 1.8097e+00
1.9000e+02 -6.0000e+01 9.3980e-01
1.9000e+02 -5.0000e+01 -6.4041e-02
1.9000e+02 -4.0000e+01 1.7276e+00
1.9000e+02 -3.0000e+01 2.0881e+00
1.9000e+02 -2.0000e+01 8.7479e-01
1.9000e+02 -1.0000e+01 -1.5039e+00
1.9000e+02 0.0000e+00 3.2312e-01
1.9000e+02 1.0000e+01 -1.0769e+00
1.9000e+02 2.0000e+01 -1.2462e+00
1.9000e+02 3.0000e+01 -2.9209e+00
1.9000e+02 4.0000e+01 -2.5682e+00
1.9000e+02 5.0000e+01 4.6511e-01
1.9000e+02 6.0000e+01 -6.7776e-01
1.9000e+02 7.0000e+01 -5.1084e+00
1.9000e+02 8.0000e+01 -1.6041e-01
1.9000e+02 9.0000e+01 -1.7816e+00
1.9000e+02 1.0000e+02 -1.8903e+00
1.9000e+02 1.1000e+02 9.7519e-01
1.9000e+02 1.2000e+02 -7.4501e-01
1.9000e+02 1.3000e+02 1.9863e+00
1.9000e+02 1.4000e+02 4.4409e-01
1.9000e+02 1.5000e+02 -1.5508e-01
1.9000e+02 1.6000e+02 -6.2192e-02
1.9000e+02 1.7000e+02 -9.6328e-01
1.9000e+02 1.8000e+02 2.4230e+00
1.9000e+02 1.9000e+02 -9.7162e-01
1.9000e+02 2.0000e+02 1.5624e-02
2.0000e+02 -2.0000e+02 1.0762e+00
2.0000e+02 -1.9000e+02 -1.7235e+00
2.0000e+02 -1.8000e+02 2.3785e+00
2.0000e+02 -1.7000e+02 -7.2808e-01
2.0000e+02 -1.6000e+02 -1.0976e+00
2.0000e+02 -1.5000e+02 -2.6597e+00
2.0000e+02 -1.4000e+02 -4.0770e-01
2.0000e+02 -1.3000e+02 8.8381e-02
2.0000e+02 -1.2000e+02 3.1407e+00
2.0000e+02 -1.1000e+02 6.0395e-01
2.0000e+02 -1.0000e+02 1.2029e-01
2.0000e+02 -9.0000e+01 2.3714e-01
2.0000e+02 -8.0000e+01 -1.8728e+00
2.0000e+02 -7.0000e+01 -2.0016e+00
2.0000e+02 -6.0000e+01 5.0906e-01
2.0000e+02 -5.0000e+01 4.5761e-02
2.0000e+02 -4.0000e+01 6.1988e-01
2.0000e+02 -3.0000e+01 2.6959e+00
2.0000e+02 -2.0000e+01 5.0921e+00
2.0000e+02 -1.0000e+01 3.1294e-02
2.0000e+02 0.0000e+00 1.8420e-01
2.0000e+02 1.0000e+01 -5.0806e-01
2.0000e+02 2.0000e+01 5.7902e-01
2.0000e+02 3.0000e+01 -2.0441e+00
2.0000e+02 4.0000e+01 -6.1605e-02
2.0000e+02 5.0000e+01 1.2567e+00
2.0000e+02 6.0000e+01 3.2204e-01
2.0000e+02 7.0000e+01 -1.3479e+00
2.0000e+02 8.0000e+01 -2.4227e-01
2.0000e+02 9.0000e+01 -1.9570e-01
2.0000e+02 1.0000e+02 1.4995e+00
2.0000e+02 1.1000e+02 7.4790e-02
2.0000e+02 1.2000e+02 -2.8912e-01
2.0000e+02 1.3000e+02 2.2170e+00
2.0000e+02 1.4000e+02 -2.2595e+00
2.0000e+02 1.5000e+02 8.4334e-01
2.0000e+02 1.6000e+02 -7.0306e-01
2.0000e+02 1.7000e+02 2.5744e+00
2.0000e+02 1.8000e+02 1.3441e+00
2.0000e+02 1.9000e+02 -3.5839e-01
2.0000e+02 2.0000e+02 7.2243e-01
