-2.0000e+02 -2.0000e+02 1.9241e-01
-2.0000e+02 -1.9000e+02 -1.4740e+00
-2.0000e+02 -1.8000e+02 -1.4975e+00
-2.0000e+02 -1.7000e+02 -4.2449e-01
-2.0000e+02 -1.6000e+02 -1.9539e+00
-2.0000e+02 -1.5000e+02 -1.0083e-01
-2.0000e+02 -1.4000e+02 -4.3954e-01
-2.0000e+02 -1.3000e+02 -1.3679e+00
-2.0000e+02 -1.2000e+02 -2.1973e+00
-2.0000e+02 -1.1000e+02 -2.9234e-01
-2.0000e+02 -1.0000e+02 2.9656e-01
-2.0000e+02 -9.0000e+01 -1.4963e+00
-2.0000e+02 -8.0000e+01 1.1222e+00
-2.0000e+02 -7.0000e+01 -2.9412e-01
-2.0000e+02 -6.0000e+01 -9.9480e-01
-2.0000e+02 -5.0000e+01 1.0819e+00
-2.0000e+02 -4.0000e+01 6.2436e-01
-2.0000e+02 -3.0000e+01 9.6137e-02
-2.0000e+02 -2.0000e+01 3.5777e+00
-2.0000e+02 -1.0000e+01 2.9508e-01
-2.0000e+02 0.0000e+00 -2.0882e+00
-2.0000e+02 1.0000e+01 4.9328e+00
-2.0000e+02 2.0000e+01 8.9106e-02
-2.0000e+02 3.0000e+01 -3.4211e+00
-2.0000e+02 4.0000e+01 -1.0579e+00
-2.0000e+02 5.0000e+01 7.8998e-01
-2.0000e+02 6.0000e+01 4.9653e-01
-2.0000e+02 7.0000e+01 -1.8026e-01
-2.0000e+02 8.0000e+01 2.3867e-01
-2.0000e+02 9.0000e+01 -2.5202e-01
-2.0000e+02 1.0000e+02 -2.5828e+00
-2.0000e+02 1.1000e+02 2.6723e+00
-2.0000e+02 1.2000e+02 7.8274e-01
-2.0000e+02 1.3000e+02 5.4569e-01
-2.0000e+02 1.4000e+02 1.0551e+00
-2.0000e+02 1.5000e+02 6.9681e-02
-2.0000e+02 1.6000e+02 -5.6546e-01
-2.0000e+02 1.7000e+02 1.2522e+00
-2.0000e+02 1.8000e+02 5.7842e-01
-2.0000e+02 1.9000e+02 -2.0875e+00
-2.0000e+02 2.0000e+02 -1.2818e+00
-1.9000e+02 -2.0000e+02 -2.8422e+00
-1.9000e+02 -1.9000e+02 2.1099e+00
-1.9000e+02 -1.8000e+02 1.6320e+00
-1.9000e+02 -1.7000e+02 -9.1808e-03
-1.9000e+02 -1.6000e+02 4.1298e-01
-1.9000e+02 -1.5000e+02 -3.0349e+00
-1.9000e+02 -1.4000e+02 2.4186e+00
-1.9000e+02 -1.3000e+02 1.9021e+00
-1.9000e+02 -1.2000e+02 -1.3244e+00
-1.9000e+02 -1.1000e+02 6.3909e-01
-1.9000e+02 -1.0000e+02 2.2281e+00
-1.9000e+02 -9.0000e+01 8.3912e-01
-1.9000e+02 -8.0000e+01 1.7912e+00
-1.9000e+02 -7.0000e+01 -2.5212e-01
-1.9000e+02 -6.0000e+01 1.7737e+00
-1.9000e+02 -5.0000e+01 1.4747e+00
-1.9000e+02 -4.0000e+01 2.1636e+00
-1.9000e+02 -3.0000e+01 -2.8728e-01
-1.9000e+02 -2.0000e+01 -1.3514e+00
-1.9000e+02 -1.0000e+01 1.6901e+00
-1.9000e+02 0.0000e+00 3.7509e+00
-1.9000e+02 1.0000e+01 3.5955e-01
-1.9000e+02 2.0000e+01 2.2166e+00
-1.9000e+02 3.0000e+01 -4.1876e-01
-1.9000e+02 4.0000e+01 4.5791e-01
-1.9000e+02 5.0000e+01 1.4846e+00
-1.9000e+02 6.0000e+01 -1.2435e+00
-1.9000e+02 7.0000e+01 1.1941e+00
-1.9000e+02 8.0000e+01 2.0782e+00
-1.9000e+02 9.0000e+01 -1.0145e+00
-1.9000e+02 1.0000e+02 1.7539e+00
-1.9000e+02 1.1000e+02 -1.5508e-01
-1.9000e+02 1.2000e+02 -1.8394e+00
-1.9000e+02 1.3000e+02 -2.5097e+00
-1.9000e+02 1.4000e+02 -3.4868e-01
-1.9000e+02 1.5000e+02 -2.9862e+00
-1.9000e+02 1.6000e+02 3.5436e-01
-1.9000e+02 1.7000e+02 7.2638e-01
-1.9000e+02 1.8000e+02 -8.6331e-01
-1.9000e+02 1.9000e+02 -2.3057e+00
-1.9000e+02 2.0000e+02 -1.1767e-01
-1.8000e+02 -2.0000e+02 4.9696e-01
-1.8000e+02 -1.9000e+02 1.9051e+00
-1.8000e+02 -1.8000e+02 -7.9017e-01
-1.8000e+02 -1.7000e+02 -2.7010e-01
-1.8000e+02 -1.6000e+02 5.6256e-01
-1.8000e+02 -1.5000e+02 -1.9980e+00
-1.8000e+02 -1.4000e+02 -8.5912e-01
-1.8000e+02 -1.3000e+02 -2.5657e+00
-1.8000e+02 -1.2000e+02 -8.6067e-01
-1.8000e+02 -1.1000e+02 -9.4926e-01
-1.8000e+02 -1.0000e+02 7.8866e-01
-1.8000e+02 -9.0000e+01 -8.3807e-01
-1.8000e+02 -8.0000e+01 2.4677e+00
-1.8000e+02 -7.0000e+01 -1.0298e+00
-1.8000e+02 -6.0000e+01 2.2217e+00
-1.8000e+02 -5.0000e+01 -1.1008e+00
-1.8000e+02 -4.0000e+01 -2.0241e+00
-1.8000e+02 -3.0000e+01 2.0715e-01
-1.8000e+02 -2.0000e+01 -2.4072e+00
-1.8000e+02 -1.0000e+01 4.4235e-01
-1.8000e+02 0.0000e+00 -2.3625e+00
-1.8000e+02 1.0000e+01 1.8002e-01
-1.8000e+02 2.0000e+01 -7.4441e-01
-1.8000e+02 3.0000e+01 -1.9954e+00
-1.8000e+02 4.0000e+01 3.3805e-01
-1.8000e+02 5.0000e+01 2.5379e+00
-1.8000e+02 6.0000e+01 -3.3498e-01
-1.8000e+02 7.0000e+01 4.4000e-01
-1.8000e+02 8.0000e+01 -3.7494e-01
-1.8000e+02 9.0000e+01 -6.3373e-01
-1.8000e+02 1.0000e+02 -7.3322e-01
-1.8000e+02 1.1000e+02 1.5869e-01
-1.8000e+02 1.2000e+02 2.3038e+00
-1.8000e+02 1.3000e+02 -9.6390e-01
-1.8000e+02 1.4000e+02 -1.5654e+00
-1.8000e+02 1.5000e+02 -2.7666e+00
-1.8000e+02 1.6000e+02 -1.4680e+00
-1.8000e+02 1.7000e+02 5.8714e-01
-1.8000e+02 1.8000e+02 -1.0845e+00
-1.8000e+02 1.9000e+02 3.5906e+00
-1.8000e+02 2.0000e+02 -2.3488e-01
-1.7000e+02 -2.0000e+02 1.4360e+00
-1.7000e+02 -1.9000e+02 4.8481e-01
-1.7000e+02 -1.8000e+02 2.3075e-01
-1.7000e+02 -1.7000e+02 1.0347e+00
-1.7000e+02 -1.6000e+02 6.0432e-01
-1.7000e+02 -1.5000e+02 1.5994e+00
-1.7000e+02 -1.4000e+02 -1.3097e-01
-1.7000e+02 -1.3000e+02 1.4066e+00
-1.7000e+02 -1.2000e+02 5.8737e-01
-1.7000e+02 -1.1000e+02 1.9507e+00
-1.7000e+02 -1.0000e+02 8.8536e-01
-1.7000e+02 -9.0000e+01 3.0374e+00
-1.7000e+02 -8.0000e+01 1.2958e+00
-1.7000e+02 -7.0000e+01 2.9457e-02
-1.7000e+02 -6.0000e+01 4.8038e-01
-1.7000e+02 -5.0000e+01 1.3630e+00
-1.7000e+02 -4.0000e+01 7.0728e-01
-1.7000e+02 -3.0000e+01 2.8081e-01
-1.7000e+02 -2.0000e+01 -4.0709e-01
-1.7000e+02 -1.0000e+01 -1.2187e+00
-1.7000e+02 0.0000e+00 4.5373e-01
-1.7000e+02 1.0000e+01 -1.5217e+00
-1.7000e+02 2.0000e+01 -1.1169e+00
-1.7000e+02 3.0000e+01 -1.1270e-02
-1.7000e+02 4.0000e+01 -8.1142e-01
-1.7000e+02 5.0000e+01 7.5590e-01
-1.7000e+02 6.0000e+01 -1.8048e+00
-1.7000e+02 7.0000e+01 1.0952e+00
-1.7000e+02 8.0000e+01 -8.1446e-01
-1.7000e+02 9.0000e+01 -1.4987e+00
-1.7000e+02 1.0000e+02 4.2373e-02
-1.7000e+02 1.1000e+02 -1.9268e-01
-1.7000e+02 1.2000e+02 -1.1951e+00
-1.7000e+02 1.3000e+02 -1.5044e-01
-1.7000e+02 1.4000e+02 -1.0536e+00
-1.7000e+02 1.5000e+02 2.5854e+00
-1.7000e+02 1.6000e+02 1.4004e+00
-1.7000e+02 1.7000e+02 -3.8840e-01
-1.7000e+02 1.8000e+02 -2.2998e+00
-1.7000e+02 1.9000e+02 1.6912e+00
-1.7000e+02 2.0000e+02 1.5200e+00
-1.6000e+02 -2.0000e+02 -1.2517e+00
-1.6000e+02 -1.9000e+02 2.0376e+00
-1.6000e+02 -1.8000e+02 -1.1223e+00
-1.6000e+02 -1.7000e+02 2.9448e+00
-1.6000e+02 -1.6000e+02 2.0317e-01
-1.6000e+02 -1.5000e+02 2.2477e+00
-1.6000e+02 -1.4000e+02 1.7384e-01
-1.6000e+02 -1.3000e+02 6.8939e-01
-1.6000e+02 -1.2000e+02 1.8293e+00
-1.6000e+02 -1.1000e+02 6.5115e-01
-1.6000e+02 -1.0000e+02 1.0815e+00
-1.6000e+02 -9.0000e+01 -2.1203e+00
-1.6000e+02 -8.0000e+01 -1.5914e+00
-1.6000e+02 -7.0000e+01 4.5572e-01
-1.6000e+02 -6.0000e+01 -7.1914e-01
-1.6000e+02 -5.0000e+01 9.1275e-01
-1.6000e+02 -4.0000e+01 1.4879e-01
-1.6000e+02 -3.0000e+01 3.8998e+00
-1.6000e+02 -2.0000e+01 1.6154e-01
-1.6000e+02 -1.0000e+01 -4.5251e-01
-1.6000e+02 0.0000e+00 7.8827e-02
-1.6000e+02 1.0000e+01 -1.9526e+00
-1.6000e+02 2.0000e+01 -2.1207e+00
-1.6000e+02 3.0000e+01 1.8044e+00
-1.6000e+02 4.0000e+01 1.9522e+00
-1.6000e+02 5.0000e+01 -1.2160e+00
-1.6000e+02 6.0000e+01 9.2354e-01
-1.6000e+02 7.0000e+01 1.0954e+00
-1.6000e+02 8.0000e+01 5.9024e-01
-1.6000e+02 9.0000e+01 -1.9001e+00
-1.6000e+02 1.0000e+02 -5.7135e-01
-1.6000e+02 1.1000e+02 6.1993e-01
-1.6000e+02 1.2000e+02 -1.6274e+00
-1.6000e+02 1.3000e+02 8.9833e-01
-1.6000e+02 1.4000e+02 1.7558e-01
-1.6000e+02 1.5000e+02 1.5611e+00
-1.6000e+02 1.6000e+02 -8.3294e-01
-1.6000e+02 1.7000e+02 1.2882e-01
-1.6000e+02 1.8000e+02 -6.3076e-01
-1.6000e+02 1.9000e+02 -1.0954e+00
-1.6000e+02 2.0000e+02 6.2044e-01
-1.5000e+02 -2.0000e+02 -1.0196e+00
-1.5000e+02 -1.9000e+02 1.0372e+00
-1.5000e+02 -1.8000e+02 2.3562e+00
-1.5000e+02 -1.7000e+02 8.7524e-01
-1.5000e+02 -1.6000e+02 -6.7570e-01
-1.5000e+02 -1.5000e+02 -4.9812e-02
-1.5000e+02 -1.4000e+02 6.9228e-01
-1.5000e+02 -1.3000e+02 -3.3758e+00
-1.5000e+02 -1.2000e+02 -2.2120e-01
-1.5000e+02 -1.1000e+02 1.5630e+00
-1.5000e+02 -1.0000e+02 1.1170e-01
-1.5000e+02 -9.0000e+01 -8.4897e-01
-1.5000e+02 -8.0000e+01 3.8268e-01
-1.5000e+02 -7.0000e+01 2.0669e+00
-1.5000e+02 -6.0000e+01 -3.8158e-01
-1.5000e+02 -5.0000e+01 -2.5251e+00
-1.5000e+02 -4.0000e+01 -2.8973e-01
-1.5000e+02 -3.0000e+01 7.7573e-01
-1.5000e+02 -2.0000e+01 -5.4972e-01
-1.5000e+02 -1.0000e+01 1.7897e+00
-1.5000e+02 0.0000e+00 1.5266e+00
-1.5000e+02 1.0000e+01 1.1804e+00
-1.5000e+02 2.0000e+01 5.8904e-01
-1.5000e+02 3.0000e+01 -7.9074e-01
-1.5000e+02 4.0000e+01 -3.1695e-01
-1.5000e+02 5.0000e+01 -4.6704e+00
-1.5000e+02 6.0000e+01 1.6643e+00
-1.5000e+02 7.0000e+01 1.5909e+00
-1.5000e+02 8.0000e+01 -2.6397e+00
-1.5000e+02 9.0000e+01 -4.3097e-01
-1.5000e+02 1.0000e+02 -1.7987e+00
-1.5000e+02 1.1000e+02 4.0575e+00
-1.5000e+02 1.2000e+02 -5.6290e-01
-1.5000e+02 1.3000e+02 2.0959e+00
-1.5000e+02 1.4000e+02 -6.8259e-01
-1.5000e+02 1.5000e+02 -4.0189e-01
-1.5000e+02 1.6000e+02 -1.6443e+00
-1.5000e+02 1.7000e+02 8.6742e-01
-1.5000e+02 1.8000e+02 5.7300e-01
-1.5000e+02 1.9000e+02 2.8931e+00
-1.5000e+02 2.0000e+02 -5.1909e-01
-1.4000e+02 -2.0000e+02 -1.8836e+00
-1.4000e+02 -1.9000e+02 -2.8708e+00
-1.4000e+02 -1.8000e+02 -7.3337e-01
-1.4000e+02 -1.7000e+02 2.0143e+00
-1.4000e+02 -1.6000e+02 5.5129e-02
-1.4000e+02 -1.5000e+02 3.0810e+00
-1.4000e+02 -1.4000e+02 1.4807e-01
-1.4000e+02 -1.3000e+02 -1.2180e+00
-1.4000e+02 -1.2000e+02 1.5485e+00
-1.4000e+02 -1.1000e+02 3.0303e+00
-1.4000e+02 -1.0000e+02 -1.7896e+00
-1.4000e+02 -9.0000e+01 -3.6771e-03
-1.4000e+02 -8.0000e+01 1.1825e+00
-1.4000e+02 -7.0000e+01 -5.1860e-02
-1.4000e+02 -6.0000e+01 -4.2889e-01
-1.4000e+02 -5.0000e+01 -9.6281e-01
-1.4000e+02 -4.0000e+01 -2.3903e-01
-1.4000e+02 -3.0000e+01 3.3762e+00
-1.4000e+02 -2.0000e+01 -4.4072e+00
-1.4000e+02 -1.0000e+01 3.2907e+00
-1.4000e+02 0.0000e+00 -1.5749e+00
-1.4000e+02 1.0000e+01 -1.2875e+00
-1.4000e+02 2.0000e+01 -1.1335e+00
-1.4000e+02 3.0000e+01 1.4610e+00
-1.4000e+02 4.0000e+01 -1.6839e+00
-1.4000e+02 5.0000e+01 -2.8447e-01
-1.4000e+02 6.0000e+01 -3.6389e-01
-1.4000e+02 7.0000e+01 6.7002e-01
-1.4000e+02 8.0000e+01 -2.3003e+00
-1.4000e+02 9.0000e+01 1.0432e+00
-1.4000e+02 1.0000e+02 2.6600e-01
-1.4000e+02 1.1000e+02 -6.5120e-01
-1.4000e+02 1.2000e+02 -1.9406e+00
-1.4000e+02 1.3000e+02 -3.0223e-02
-1.4000e+02 1.4000e+02 -2.7565e+00
-1.4000e+02 1.5000e+02 -4.5957e-01
-1.4000e+02 1.6000e+02 4.9370e-01
-1.4000e+02 1.7000e+02 4.9404e-01
-1.4000e+02 1.8000e+02 -5.1388e-01
-1.4000e+02 1.9000e+02 -2.9872e+00
-1.4000e+02 2.0000e+02 -3.4593e-01
-1.3000e+02 -2.0000e+02 -4.8949e-01
-1.3000e+02 -1.9000e+02 1.1650e+00
-1.3000e+02 -1.8000e+02 -3.2073e+00
-1.3000e+02 -1.7000e+02 7.8308e-01
-1.3000e+02 -1.6000e+02 2.4029e+00
-1.3000e+02 -1.5000e+02 2.1866e+00
-1.3000e+02 -1.4000e+02 -3.3919e+00
-1.3000e+02 -1.3000e+02 1.8807e-01
-1.3000e+02 -1.2000e+02 -1.8070e+00
-1.3000e+02 -1.1000e+02 -1.4794e+00
-1.3000e+02 -1.0000e+02 1.2582e-01
-1.3000e+02 -9.0000e+01 2.4535e-01
-1.3000e+02 -8.0000e+01 1.4177e+00
-1.3000e+02 -7.0000e+01 -2.2385e+00
-1.3000e+02 -6.0000e+01 -6.9060e-01
-1.3000e+02 -5.0000e+01 6.9147e-01
-1.3000e+02 -4.0000e+01 1.8144e+00
-1.3000e+02 -3.0000e+01 -9.1746e-01
-1.3000e+02 -2.0000e+01 8.1401e-01
-1.3000e+02 -1.0000e+01 -1.2535e+00
-1.3000e+02 0.0000e+00 6.2989e-02
-1.3000e+02 1.0000e+01 -2.8118e+00
-1.3000e+02 2.0000e+01 -4.1898e+00
-1.3000e+02 3.0000e+01 -2.4991e-01
-1.3000e+02 4.0000e+01 -6.6111e-01
-1.3000e+02 5.0000e+01 -2.6612e+00
-1.3000e+02 6.0000e+01 -1.6480e-01
-1.3000e+02 7.0000e+01 6.2065e-01
-1.3000e+02 8.0000e+01 -8.9432e-01
-1.3000e+02 9.0000e+01 4.8437e-01
-1.3000e+02 1.0000e+02 -2.6689e+00
-1.3000e+02 1.1000e+02 7.7401e-02
-1.3000e+02 1.2000e+02 -8.0607e-01
-1.3000e+02 1.3000e+02 -9.5313e-01
-1.3000e+02 1.4000e+02 -9.3276e-01
-1.3000e+02 1.5000e+02 7.1604e-03
-1.3000e+02 1.6000e+02 2.5603e+00
-1.3000e+02 1.7000e+02 2.3808e-01
-1.3000e+02 1.8000e+02 1.7304e+00
-1.3000e+02 1.9000e+02 -4.0343e-01
-1.3000e+02 2.0000e+02 1.9889e+00
-1.2000e+02 -2.0000e+02 -1.4236e-01
-1.2000e+02 -1.9000e+02 -2.7725e+00
-1.2000e+02 -1.8000e+02 6.9269e-01
-1.2000e+02 -1.7000e+02 -5.7101e-01
-1.2000e+02 -1.6000e+02 -1.3400e+00
-1.2000e+02 -1.5000e+02 1.3787e+00
-1.2000e+02 -1.4000e+02 9.0506e-01
-1.2000e+02 -1.3000e+02 -1.3702e+00
-1.2000e+02 -1.2000e+02 -1.5660e+00
-1.2000e+02 -1.1000e+02 5.9369e-01
-1.2000e+02 -1.0000e+02 -8.9537e-01
-1.2000e+02 -9.0000e+01 -1.9579e-02
-1.2000e+02 -8.0000e+01 -3.8822e+00
-1.2000e+02 -7.0000e+01 1.6470e+00
-1.2000e+02 -6.0000e+01 -7.1881e-01
-1.2000e+02 -5.0000e+01 -1.7061e-01
-1.2000e+02 -4.0000e+01 7.7067e-02
-1.2000e+02 -3.0000e+01 -2.8257e+00
-1.2000e+02 -2.0000e+01 -1.0461e+00
-1.2000e+02 -1.0000e+01 -1.4061e+00
-1.2000e+02 0.0000e+00 -2.4450e+00
-1.2000e+02 1.0000e+01 1.0949e+00
-1.2000e+02 2.0000e+01 -1.3673e+00
-1.2000e+02 3.0000e+01 -9.4369e-01
-1.2000e+02 4.0000e+01 -1.9912e+00
-1.2000e+02 5.0000e+01 -1.5212e+00
-1.2000e+02 6.0000e+01 -2.4099e+00
-1.2000e+02 7.0000e+01 -1.1998e+00
-1.2000e+02 8.0000e+01 -1.2009e+00
-1.2000e+02 9.0000e+01 8.9180e-01
-1.2000e+02 1.0000e+02 3.0193e+00
-1.2000e+02 1.1000e+02 -5.7311e-01
-1.2000e+02 1.2000e+02 1.1836e+00
-1.2000e+02 1.3000e+02 1.6789e+00
-1.2000e+02 1.4000e+02 -5.4710e-01
-1.2000e+02 1.5000e+02 1.6446e+00
-1.2000e+02 1.6000e+02 4.7840e-01
-1.2000e+02 1.7000e+02 -1.1311e+00
-1.2000e+02 1.8000e+02 -5.0927e-01
-1.2000e+02 1.9000e+02 -1.4771e+00
-1.2000e+02 2.0000e+02 7.8423e-01
-1.1000e+02 -2.0000e+02 2.5227e+00
-1.1000e+02 -1.9000e+02 -1.1533e-01
-1.1000e+02 -1.8000e+02 3.8941e-01
-1.1000e+02 -1.7000e+02 -7.3651e-01
-1.1000e+02 -1.6000e+02 1.3070e+00
-1.1000e+02 -1.5000e+02 -1.4004e+00
-1.1000e+02 -1.4000e+02 -1.3617e-01
-1.1000e+02 -1.3000e+02 -1.1486e+00
-1.1000e+02 -1.2000e+02 2.3528e-01
-1.1000e+02 -1.1000e+02 1.9400e-01
-1.1000e+02 -1.0000e+02 -8.3939e-01
-1.1000e+02 -9.0000e+01 -2.1848e+00
-1.1000e+02 -8.0000e+01 1.4892e+00
-1.1000e+02 -7.0000e+01 2.6600e+00
-1.1000e+02 -6.0000e+01 -6.2280e-01
-1.1000e+02 -5.0000e+01 1.1053e+00
-1.1000e+02 -4.0000e+01 -4.3468e+00
-1.1000e+02 -3.0000e+01 -1.8574e+00
-1.1000e+02 -2.0000e+01 -3.5230e+00
-1.1000e+02 -1.0000e+01 -4.2980e+00
-1.1000e+02 0.0000e+00 -1.8384e+00
-1.1000e+02 1.0000e+01 -1.3724e+00
-1.1000e+02 2.0000e+01 -4.4057e+00
-1.1000e+02 3.0000e+01 -2.6539e+00
-1.1000e+02 4.0000e+01 -1.6467e+00
-1.1000e+02 5.0000e+01 -4.6860e+00
-1.1000e+02 6.0000e+01 -2.5478e+00
-1.1000e+02 7.0000e+01 -3.1458e+00
-1.1000e+02 8.0000e+01 -7.6752e-02
-1.1000e+02 9.0000e+01 -7.0058e-01
-1.1000e+02 1.0000e+02 -3.3275e+00
-1.1000e+02 1.1000e+02 -1.3692e+00
-1.1000e+02 1.2000e+02 -4.1231e-01
-1.1000e+02 1.3000e+02 -1.0407e+00
-1.1000e+02 1.4000e+02 6.3897e-01
-1.1000e+02 1.5000e+02 1.8026e-01
-1.1000e+02 1.6000e+02 -2.2505e+00
-1.1000e+02 1.7000e+02 -1.3558e-01
-1.1000e+02 1.8000e+02 5.2208e-01
-1.1000e+02 1.9000e+02 8.4339e-01
-1.1000e+02 2.0000e+02 -2.7178e+00
-1.0000e+02 -2.0000e+02 5.9603e-01
-1.0000e+02 -1.9000e+02 1.2049e+00
-1.0000e+02 -1.8000e+02 -7.9331e-01
-1.0000e+02 -1.7000e+02 1.5297e+00
-1.0000e+02 -1.6000e+02 6.7303e-01
-1.0000e+02 -1.5000e+02 -2.4023e+00
-1.0000e+02 -1.4000e+02 -1.3417e+00
-1.0000e+02 -1.3000e+02 1.7925e-01
-1.0000e+02 -1.2000e+02 -1.5052e-01
-1.0000e+02 -1.1000e+02 1.1964e+00
-1.0000e+02 -1.0000e+02 -8.4945e-01
-1.0000e+02 -9.0000e+01 -4.5337e+00
-1.0000e+02 -8.0000e+01 -1.9745e+00
-1.0000e+02 -7.0000e+01 -3.4204e+00
-1.0000e+02 -6.0000e+01 -3.4031e+00
-1.0000e+02 -5.0000e+01 -1.4169e+00
-1.0000e+02 -4.0000e+01 -5.0367e+00
-1.0000e+02 -3.0000e+01 -5.2748e+00
-1.0000e+02 -2.0000e+01 -2.8474e+00
-1.0000e+02 -1.0000e+01 -3.9657e-01
-1.0000e+02 0.0000e+00 -4.2338e+00
-1.0000e+02 1.0000e+01 -4.3226e+00
-1.0000e+02 2.0000e+01 -2.8872e+00
-1.0000e+02 3.0000e+01 -1.5196e+00
-1.0000e+02 4.0000e+01 8.4289e-01
-1.0000e+02 5.0000e+01 -2.1074e+00
-1.0000e+02 6.0000e+01 -3.4795e+00
-1.0000e+02 7.0000e+01 -1.0329e+00
-1.0000e+02 8.0000e+01 -1.5522e+00
-1.0000e+02 9.0000e+01 3.0779e-01
-1.0000e+02 1.0000e+02 -1.5194e+00
-1.0000e+02 1.1000e+02 -2.0850e+00
-1.0000e+02 1.2000e+02 2.8315e-01
-1.0000e+02 1.3000e+02 -1.0475e+00
-1.0000e+02 1.4000e+02 5.8901e-02
-1.0000e+02 1.5000e+02 9.6884e-01
-1.0000e+02 1.6000e+02 -1.5586e+00
-1.0000e+02 1.7000e+02 2.1407e-01
-1.0000e+02 1.8000e+02 -4.7923e-01
-1.0000e+02 1.9000e+02 -5.0900e-01
-1.0000e+02 2.0000e+02 1.3210e-01
-9.0000e+01 -2.0000e+02 1.0239e+00
-9.0000e+01 -1.9000e+02 9.8698e-01
-9.0000e+01 -1.8000e+02 -3.7304e+00
-9.0000e+01 -1.7000e+02 -9.8257e-01
-9.0000e+01 -1.6000e+02 -4.6173e-01
-9.0000e+01 -1.5000e+02 -9.1261e-01
-9.0000e+01 -1.4000e+02 -2.3406e+00
-9.0000e+01 -1.3000e+02 2.1801e-01
-9.0000e+01 -1.2000e+02 -1.3497e+00
-9.0000e+01 -1.1000e+02 -2.1922e+00
-9.0000e+01 -1.0000e+02 -2.6494e+00
-9.0000e+01 -9.0000e+01 -3.3264e+00
-9.0000e+01 -8.0000e+01 -1.2738e+00
-9.0000e+01 -7.0000e+01 -2.3984e+00
-9.0000e+01 -6.0000e+01 -1.8221e+00
-9.0000e+01 -5.0000e+01 -3.8575e+00
-9.0000e+01 -4.0000e+01 -3.0678e+00
-9.0000e+01 -3.0000e+01 -3.7976e+00
-9.0000e+01 -2.0000e+01 -3.6067e+00
-9.0000e+01 -1.0000e+01 -3.1323e+00
-9.0000e+01 0.0000e+00 -3.1679e+00
-9.0000e+01 1.0000e+01 -4.8056e+00
-9.0000e+01 2.0000e+01 -5.8549e+00
-9.0000e+01 3.0000e+01 -3.9031e+00
-9.0000e+01 4.0000e+01 -4.5572e+00
-9.0000e+01 5.0000e+01 -2.4025e+00
-9.0000e+01 6.0000e+01 -5.3112e+00
-9.0000e+01 7.0000e+01 -1.4122e+00
-9.0000e+01 8.0000e+01 -3.5217e+00
-9.0000e+01 9.0000e+01 -1.9568e+00
-9.0000e+01 1.0000e+02 -1.6825e+00
-9.0000e+01 1.1000e+02 1.2840e+00
-9.0000e+01 1.2000e+02 -1.2471e+00
-9.0000e+01 1.3000e+02 -1.2011e+00
-9.0000e+01 1.4000e+02 -2.5976e-01
-9.0000e+01 1.5000e+02 2.3771e-01
-9.0000e+01 1.6000e+02 -1.6604e+00
-9.0000e+01 1.7000e+02 -9.9654e-01
-9.0000e+01 1.8000e+02 8.1978e-01
-9.0000e+01 1.9000e+02 -9.4761e-01
-9.0000e+01 2.0000e+02 2.1829e+00
-8.0000e+01 -2.0000e+02 3.5251e+00
-8.0000e+01 -1.9000e+02 -2.6501e+00
-8.0000e+01 -1.8000e+02 -6.3452e-01
-8.0000e+01 -1.7000e+02 2.3580e+00
-8.0000e+01 -1.6000e+02 1.0057e+00
-8.0000e+01 -1.5000e+02 3.3746e-01
-8.0000e+01 -1.4000e+02 7.9418e-01
-8.0000e+01 -1.3000e+02 2.4092e+00
-8.0000e+01 -1.2000e+02 5.9159e-01
-8.0000e+01 -1.1000e+02 -1.1491e+00
-8.0000e+01 -1.0000e+02 -1.5053e+00
-8.0000e+01 -9.0000e+01 -2.7463e+00
-8.0000e+01 -8.0000e+01 -2.1576e+00
-8.0000e+01 -7.0000e+01 -4.2802e+00
-8.0000e+01 -6.0000e+01 -3.6070e+00
-8.0000e+01 -5.0000e+01 -1.2617e+00
-8.0000e+01 -4.0000e+01 -4.3751e+00
-8.0000e+01 -3.0000e+01 -5.7092e+00
-8.0000e+01 -2.0000e+01 -3.2560e+00
-8.0000e+01 -1.0000e+01 -5.4964e+00
-8.0000e+01 0.0000e+00 -6.8692e+00
-8.0000e+01 1.0000e+01 -5.0428e+00
-8.0000e+01 2.0000e+01 -5.3284e+00
-8.0000e+01 3.0000e+01 -4.8248e+00
-8.0000e+01 4.0000e+01 -5.2249e+00
-8.0000e+01 5.0000e+01 -2.4935e+00
-8.0000e+01 6.0000e+01 -3.0489e+00
-8.0000e+01 7.0000e+01 -2.5250e+00
-8.0000e+01 8.0000e+01 -4.0148e+00
-8.0000e+01 9.0000e+01 -3.6325e+00
-8.0000e+01 1.0000e+02 -1.4132e+00
-8.0000e+01 1.1000e+02 5.5078e-01
-8.0000e+01 1.2000e+02 1.9411e+00
-8.0000e+01 1.3000e+02 6.1504e-01
-8.0000e+01 1.4000e+02 -1.7917e+00
-8.0000e+01 1.5000e+02 2.9762e+00
-8.0000e+01 1.6000e+02 -5.0218e-01
-8.0000e+01 1.7000e+02 7.7739e-01
-8.0000e+01 1.8000e+02 1.8705e+00
-8.0000e+01 1.9000e+02 -6.3081e-01
-8.0000e+01 2.0000e+02 5.7638e-01
-7.0000e+01 -2.0000e+02 8.8206e-01
-7.0000e+01 -1.9000e+02 2.0218e+00
-7.0000e+01 -1.8000e+02 1.7506e-01
-7.0000e+01 -1.7000e+02 -1.2012e+00
-7.0000e+01 -1.6000e+02 -1.7122e+00
-7.0000e+01 -1.5000e+02 1.3012e+00
-7.0000e+01 -1.4000e+02 -2.6705e+00
-7.0000e+01 -1.3000e+02 -3.9425e+00
-7.0000e+01 -1.2000e+02 -2.6857e+00
-7.0000e+01 -1.1000e+02 -2.1638e+00
-7.0000e+01 -1.0000e+02 6.6817e-01
-7.0000e+01 -9.0000e+01 -1.5825e+00
-7.0000e+01 -8.0000e+01 -2.7305e+00
-7.0000e+01 -7.0000e+01 -4.9282e+00
-7.0000e+01 -6.0000e+01 -4.2402e+00
-7.0000e+01 -5.0000e+01 -5.3195e+00
-7.0000e+01 -4.0000e+01 -4.6728e+00
-7.0000e+01 -3.0000e+01 -5.0803e+00
-7.0000e+01 -2.0000e+01 -8.8759e+00
-7.0000e+01 -1.0000e+01 -7.3254e+00
-7.0000e+01 0.0000e+00 -6.9298e+00
-7.0000e+01 1.0000e+01 -7.4584e+00
-7.0000e+01 2.0000e+01 -6.2010e+00
-7.0000e+01 3.0000e+01 -6.7323e+00
-7.0000e+01 4.0000e+01 -6.3483e+00
-7.0000e+01 5.0000e+01 -4.7867e+00
-7.0000e+01 6.0000e+01 -2.9785e+00
-7.0000e+01 7.0000e+01 -1.5449e+00
-7.0000e+01 8.0000e+01 -2.4392e+00
-7.0000e+01 9.0000e+01 -1.2123e+00
-7.0000e+01 1.0000e+02 -1.2312e+00
-7.0000e+01 1.1000e+02 -6.2905e-01
-7.0000e+01 1.2000e+02 -1.2822e+00
-7.0000e+01 1.3000e+02 4.3095e-01
-7.0000e+01 1.4000e+02 3.6124e-01
-7.0000e+01 1.5000e+02 -1.4604e+00
-7.0000e+01 1.6000e+02 3.8267e-02
-7.0000e+01 1.7000e+02 3.9975e-02
-7.0000e+01 1.8000e+02 1.0922e+00
-7.0000e+01 1.9000e+02 2.4231e+00
-7.0000e+01 2.0000e+02 -6.8947e-01
-6.0000e+01 -2.0000e+02 8.7664e-01
-6.0000e+01 -1.9000e+02 -1.0299e+00
-6.0000e+01 -1.8000e+02 -1.3653e+00
-6.0000e+01 -1.7000e+02 -3.9402e+00
-6.0000e+01 -1.6000e+02 1.7949e+00
-6.0000e+01 -1.5000e+02 -1.5223e+00
-6.0000e+01 -1.4000e+02 -2.4643e+00
-6.0000e+01 -1.3000e+02 5.0789e-01
-6.0000e+01 -1.2000e+02 4.7103e-01
-6.0000e+01 -1.1000e+02 -2.9029e+00
-6.0000e+01 -1.0000e+02 -3.0484e+00
-6.0000e+01 -9.0000e+01 7.7967e-01
-6.0000e+01 -8.0000e+01 -3.3408e+00
-6.0000e+01 -7.0000e+01 -2.8556e+00
-6.0000e+01 -6.0000e+01 -3.7782e+00
-6.0000e+01 -5.0000e+01 -8.0027e+00
-6.0000e+01 -4.0000e+01 -5.7687e+00
-6.0000e+01 -3.0000e+01 -2.7577e+00
-6.0000e+01 -2.0000e+01 -7.0624e+00
-6.0000e+01 -1.0000e+01 -9.2328e+00
-6.0000e+01 0.0000e+00 -8.5667e+00
-6.0000e+01 1.0000e+01 -8.8194e+00
-6.0000e+01 2.0000e+01 -1.0694e+01
-6.0000e+01 3.0000e+01 -8.7238e+00
-6.0000e+01 4.0000e+01 -9.3780e+00
-6.0000e+01 5.0000e+01 -6.6431e+00
-6.0000e+01 6.0000e+01 -5.0102e+00
-6.0000e+01 7.0000e+01 -4.1192e+00
-6.0000e+01 8.0000e+01 -2.7981e+00
-6.0000e+01 9.0000e+01 -2.0385e+00
-6.0000e+01 1.0000e+02 -8.0704e-01
-6.0000e+01 1.1000e+02 -9.4813e-01
-6.0000e+01 1.2000e+02 -2.5537e+00
-6.0000e+01 1.3000e+02 9.3026e-01
-6.0000e+01 1.4000e+02 1.8803e+00
-6.0000e+01 1.5000e+02 8.2645e-01
-6.0000e+01 1.6000e+02 -1.8961e-01
-6.0000e+01 1.7000e+02 6.4610e-03
-6.0000e+01 1.8000e+02 -2.5168e+00
-6.0000e+01 1.9000e+02 -1.4631e+00
-6.0000e+01 2.0000e+02 2.9925e+00
-5.0000e+01 -2.0000e+02 1.3814e+00
-5.0000e+01 -1.9000e+02 -8.6788e-02
-5.0000e+01 -1.8000e+02 -9.1289e-01
-5.0000e+01 -1.7000e+02 -7.0282e-01
-5.0000e+01 -1.6000e+02 2.4828e+00
-5.0000e+01 -1.5000e+02 -2.8091e+00
-5.0000e+01 -1.4000e+02 -2.5716e+00
-5.0000e+01 -1.3000e+02 2.3871e+00
-5.0000e+01 -1.2000e+02 -2.6373e+00
-5.0000e+01 -1.1000e+02 -3.4986e+00
-5.0000e+01 -1.0000e+02 -2.1894e+00
-5.0000e+01 -9.0000e+01 -3.0003e+00
-5.0000e+01 -8.0000e+01 -2.9955e+00
-5.0000e+01 -7.0000e+01 -4.2592e+00
-5.0000e+01 -6.0000e+01 -9.0422e+00
-5.0000e+01 -5.0000e+01 -6.5515e+00
-5.0000e+01 -4.0000e+01 -8.0329e+00
-5.0000e+01 -3.0000e+01 -7.2150e+00
-5.0000e+01 -2.0000e+01 -8.7781e+00
-5.0000e+01 -1.0000e+01 -1.1195e+01
-5.0000e+01 0.0000e+00 -9.0315e+00
-5.0000e+01 1.0000e+01 -9.2311e+00
-5.0000e+01 2.0000e+01 -7.7671e+00
-5.0000e+01 3.0000e+01 -1.2683e+01
-5.0000e+01 4.0000e+01 -8.6653e+00
-5.0000e+01 5.0000e+01 -5.4064e+00
-5.0000e+01 6.0000e+01 -6.5526e+00
-5.0000e+01 7.0000e+01 -3.2003e+00
-5.0000e+01 8.0000e+01 -4.8176e+00
-5.0000e+01 9.0000e+01 -4.5373e+00
-5.0000e+01 1.0000e+02 -3.5545e+00
-5.0000e+01 1.1000e+02 -3.0506e+00
-5.0000e+01 1.2000e+02 -1.5086e+00
-5.0000e+01 1.3000e+02 1.0677e+00
-5.0000e+01 1.4000e+02 -1.3750e+00
-5.0000e+01 1.5000e+02 1.0654e+00
-5.0000e+01 1.6000e+02 5.6662e-01
-5.0000e+01 1.7000e+02 -2.0032e+00
-5.0000e+01 1.8000e+02 -9.6256e-01
-5.0000e+01 1.9000e+02 -6.2932e-01
-5.0000e+01 2.0000e+02 1.6753e+00
-4.0000e+01 -2.0000e+02 -2.1202e+00
-4.0000e+01 -1.9000e+02 1.4750e+00
-4.0000e+01 -1.8000e+02 1.2662e-01
-4.0000e+01 -1.7000e+02 -7.2949e-01
-4.0000e+01 -1.6000e+02 -9.2027e-01
-4.0000e+01 -1.5000e+02 3.5536e+00
-4.0000e+01 -1.4000e+02 -9.2795e-02
-4.0000e+01 -1.3000e+02 -2.2386e+00
-4.0000e+01 -1.2000e+02 8.6188e-01
-4.0000e+01 -1.1000e+02 -8.0874e-01
-4.0000e+01 -1.0000e+02 -3.3812e+00
-4.0000e+01 -9.0000e+01 -4.6895e+00
-4.0000e+01 -8.0000e+01 -6.3591e+00
-4.0000e+01 -7.0000e+01 -4.8022e+00
-4.0000e+01 -6.0000e+01 -6.8007e+00
-4.0000e+01 -5.0000e+01 -8.4805e+00
-4.0000e+01 -4.0000e+01 -9.8442e+00
-4.0000e+01 -3.0000e+01 -1.0872e+01
-4.0000e+01 -2.0000e+01 -9.8320e+00
-4.0000e+01 -1.0000e+01 -1.3345e+01
-4.0000e+01 0.0000e+00 -1.0557e+01
-4.0000e+01 1.0000e+01 -1.0982e+01
-4.0000e+01 2.0000e+01 -1.0902e+01
-4.0000e+01 3.0000e+01 -1.3238e+01
-4.0000e+01 4.0000e+01 -9.6056e+00
-4.0000e+01 5.0000e+01 -7.3269e+00
-4.0000e+01 6.0000e+01 -5.9000e+00
-4.0000e+01 7.0000e+01 -5.7807e+00
-4.0000e+01 8.0000e+01 -6.8235e+00
-4.0000e+01 9.0000e+01 -4.1028e+00
-4.0000e+01 1.0000e+02 -4.0078e+00
-4.0000e+01 1.1000e+02 -9.7490e-01
-4.0000e+01 1.2000e+02 -1.0576e+00
-4.0000e+01 1.3000e+02 -2.8025e+00
-4.0000e+01 1.4000e+02 4.2287e-01
-4.0000e+01 1.5000e+02 2.1874e-01
-4.0000e+01 1.6000e+02 -1.3279e-01
-4.0000e+01 1.7000e+02 2.2408e+00
-4.0000e+01 1.8000e+02 6.3702e-01
-4.0000e+01 1.9000e+02 2.6552e+00
-4.0000e+01 2.0000e+02 4.3837e-01
-3.0000e+01 -2.0000e+02 1.8390e+00
-3.0000e+01 -1.9000e+02 -6.6951e-01
-3.0000e+01 -1.8000e+02 2.9901e-01
-3.0000e+01 -1.7000e+02 7.5822e-01
-3.0000e+01 -1.6000e+02 -1.8283e+00
-3.0000e+01 -1.5000e+02 -2.6902e+00
-3.0000e+01 -1.4000e+02 -2.9298e-02
-3.0000e+01 -1.3000e+02 -4.8222e-01
-3.0000e+01 -1.2000e+02 -1.8125e+00
-3.0000e+01 -1.1000e+02 -8.0339e-01
-3.0000e+01 -1.0000e+02 -2.1834e+00
-3.0000e+01 -9.0000e+01 -4.8888e+00
-3.0000e+01 -8.0000e+01 -6.2367e+00
-3.0000e+01 -7.0000e+01 -5.1572e+00
-3.0000e+01 -6.0000e+01 -7.4405e+00
-3.0000e+01 -5.0000e+01 -9.4828e+00
-3.0000e+01 -4.0000e+01 -7.0855e+00
-3.0000e+01 -3.0000e+01 -1.1142e+01
-3.0000e+01 -2.0000e+01 -1.1631e+01
-3.0000e+01 -1.0000e+01 -1.4241e+01
-3.0000e+01 0.0000e+00 -1.4951e+01
-3.0000e+01 1.0000e+01 -1.2077e+01
-3.0000e+01 2.0000e+01 -1.1001e+01
-3.0000e+01 3.0000e+01 -1.3024e+01
-3.0000e+01 4.0000e+01 -1.3363e+01
-3.0000e+01 5.0000e+01 -7.0407e+00
-3.0000e+01 6.0000e+01 -5.6196e+00
-3.0000e+01 7.0000e+01 -7.9723e+00
-3.0000e+01 8.0000e+01 -3.8667e+00
-3.0000e+01 9.0000e+01 -4.0120e+00
-3.0000e+01 1.0000e+02 -3.3614e+00
-3.0000e+01 1.1000e+02 -6.5886e-02
-3.0000e+01 1.2000e+02 -2.4579e+00
-3.0000e+01 1.3000e+02 -3.5967e+00
-3.0000e+01 1.4000e+02 -1.1054e+00
-3.0000e+01 1.5000e+02 7.9725e-01
-3.0000e+01 1.6000e+02 2.1145e+00
-3.0000e+01 1.7000e+02 2.2694e-01
-3.0000e+01 1.8000e+02 2.1865e+00
-3.0000e+01 1.9000e+02 -3.3196e+00
-3.0000e+01 2.0000e+02 9.3139e-01
-2.0000e+01 -2.0000e+02 -3.8971e+00
-2.0000e+01 -1.9000e+02 -8.7662e-01
-2.0000e+01 -1.8000e+02 3.9494e-01
-2.0000e+01 -1.7000e+02 1.1409e+00
-2.0000e+01 -1.6000e+02 -1.2797e+00
-2.0000e+01 -1.5000e+02 -5.1946e-01
-2.0000e+01 -1.4000e+02 8.5072e-01
-2.0000e+01 -1.3000e+02 -2.2109e-02
-2.0000e+01 -1.2000e+02 -9.2188e-01
-2.0000e+01 -1.1000e+02 -2.8850e+00
-2.0000e+01 -1.0000e+02 -3.4159e+00
-2.0000e+01 -9.0000e+01 -3.2948e+00
-2.0000e+01 -8.0000e+01 -5.1755e+00
-2.0000e+01 -7.0000e+01 -5.5524e+00
-2.0000e+01 -6.0000e+01 -5.9111e+00
-2.0000e+01 -5.0000e+01 -9.0212e+00
-2.0000e+01 -4.0000e+01 -1.0601e+01
-2.0000e+01 -3.0000e+01 -1.1422e+01
-2.0000e+01 -2.0000e+01 -1.4486e+01
-2.0000e+01 -1.0000e+01 -1.2370e+01
-2.0000e+01 0.0000e+00 -1.6484e+01
-2.0000e+01 1.0000e+01 -1.4341e+01
-2.0000e+01 2.0000e+01 -1.4211e+01
-2.0000e+01 3.0000e+01 -1.2971e+01
-2.0000e+01 4.0000e+01 -1.0082e+01
-2.0000e+01 5.0000e+01 -1.0131e+01
-2.0000e+01 6.0000e+01 -8.8106e+00
-2.0000e+01 7.0000e+01 -9.2567e+00
-2.0000e+01 8.0000e+01 -6.3752e+00
-2.0000e+01 9.0000e+01 -4.3510e+00
-2.0000e+01 1.0000e+02 -2.4206e+00
-2.0000e+01 1.1000e+02 -2.1265e-01
-2.0000e+01 1.2000e+02 -2.4258e+00
-2.0000e+01 1.3000e+02 -1.7349e+00
-2.0000e+01 1.4000e+02 -7.5436e-01
-2.0000e+01 1.5000e+02 -1.5331e+00
-2.0000e+01 1.6000e+02 7.0764e-01
-2.0000e+01 1.7000e+02 1.1795e+00
-2.0000e+01 1.8000e+02 -1.1305e+00
-2.0000e+01 1.9000e+02 2.0362e-01
-2.0000e+01 2.0000e+02 -7.9923e-01
-1.0000e+01 -2.0000e+02 3.9329e+00
-1.0000e+01 -1.9000e+02 2.7138e+00
-1.0000e+01 -1.8000e+02 4.8223e-01
-1.0000e+01 -1.7000e+02 8.9811e-01
-1.0000e+01 -1.6000e+02 7.0166e-01
-1.0000e+01 -1.5000e+02 -6.4736e-01
-1.0000e+01 -1.4000e+02 -3.9129e-01
-1.0000e+01 -1.3000e+02 6.6825e-01
-1.0000e+01 -1.2000e+02 -3.6020e+00
-1.0000e+01 -1.1000e+02 -8.8917e-01
-1.0000e+01 -1.0000e+02 -5.2477e+00
-1.0000e+01 -9.0000e+01 -3.7200e+00
-1.0000e+01 -8.0000e+01 -4.2543e+00
-1.0000e+01 -7.0000e+01 -4.0053e+00
-1.0000e+01 -6.0000e+01 -8.0146e+00
-1.0000e+01 -5.0000e+01 -8.0005e+00
-1.0000e+01 -4.0000e+01 -1.4001e+01
-1.0000e+01 -3.0000e+01 -1.2793e+01
-1.0000e+01 -2.0000e+01 -1.4200e+01
-1.0000e+01 -1.0000e+01 -1.6456e+01
-1.0000e+01 0.0000e+00 -1.4726e+01
-1.0000e+01 1.0000e+01 -1.4873e+01
-1.0000e+01 2.0000e+01 -1.3197e+01
-1.0000e+01 3.0000e+01 -1.2016e+01
-1.0000e+01 4.0000e+01 -1.2363e+01
-1.0000e+01 5.0000e+01 -1.0388e+01
-1.0000e+01 6.0000e+01 -8.5945e+00
-1.0000e+01 7.0000e+01 -6.5297e+00
-1.0000e+01 8.0000e+01 -4.2266e+00
-1.0000e+01 9.0000e+01 -4.3769e+00
-1.0000e+01 1.0000e+02 -5.1086e+00
-1.0000e+01 1.1000e+02 -3.8636e+00
-1.0000e+01 1.2000e+02 -1.0878e+00
-1.0000e+01 1.3000e+02 -1.9560e+00
-1.0000e+01 1.4000e+02 -1.6143e+00
-1.0000e+01 1.5000e+02 -4.5933e+00
-1.0000e+01 1.6000e+02 -5.9391e+00
-1.0000e+01 1.7000e+02 1.0624e-01
-1.0000e+01 1.8000e+02 -6.3504e-01
-1.0000e+01 1.9000e+02 -1.3301e+00
-1.0000e+01 2.0000e+02 4.5767e+00
0.0000e+00 -2.0000e+02 3.9062e-01
0.0000e+00 -1.9000e+02 5.8024e-01
0.0000e+00 -1.8000e+02 1.3745e+00
0.0000e+00 -1.7000e+02 -1.2007e+00
0.0000e+00 -1.6000e+02 -1.8118e+00
0.0000e+00 -1.5000e+02 -1.1044e+00
0.0000e+00 -1.4000e+02 -5.4516e-01
0.0000e+00 -1.3000e+02 -3.8718e-02
0.0000e+00 -1.2000e+02 -1.9229e+00
0.0000e+00 -1.1000e+02 -2.7889e+00
0.0000e+00 -1.0000e+02 -3.3221e+00
0.0000e+00 -9.0000e+01 -3.7111e+00
0.0000e+00 -8.0000e+01 -5.9441e+00
0.0000e+00 -7.0000e+01 -6.9929e+00
0.0000e+00 -6.0000e+01 -6.8040e+00
0.0000e+00 -5.0000e+01 -8.7530e+00
0.0000e+00 -4.0000e+01 -1.2330e+01
0.0000e+00 -3.0000e+01 -1.6348e+01
0.0000e+00 -2.0000e+01 -1.3961e+01
0.0000e+00 -1.0000e+01 -1.3651e+01
0.0000e+00 0.0000e+00 -1.4728e+01
0.0000e+00 1.0000e+01 -1.4042e+01
0.0000e+00 2.0000e+01 -1.4862e+01
0.0000e+00 3.0000e+01 -1.0050e+01
0.0000e+00 4.0000e+01 -1.1728e+01
0.0000e+00 5.0000e+01 -1.1275e+01
0.0000e+00 6.0000e+01 -8.7224e+00
0.0000e+00 7.0000e+01 -5.1739e+00
0.0000e+00 8.0000e+01 -4.8705e+00
0.0000e+00 9.0000e+01 -6.6742e+00
0.0000e+00 1.0000e+02 -2.2641e+00
0.0000e+00 1.1000e+02 -4.1846e+00
0.0000e+00 1.2000e+02 -2.3126e+00
0.0000e+00 1.3000e+02 -1.9735e-01
0.0000e+00 1.4000e+02 2.9176e+00
0.0000e+00 1.5000e+02 1.7960e+00
0.0000e+00 1.6000e+02 1.1851e+00
0.0000e+00 1.7000e+02 5.8036e-01
0.0000e+00 1.8000e+02 -6.4367e-01
0.0000e+00 1.9000e+02 -2.4178e+00
0.0000e+00 2.0000e+02 -1.2093e+00
1.0000e+01 -2.0000e+02 -1.0304e+00
1.0000e+01 -1.9000e+02 -1.0861e+00
1.0000e+01 -1.8000e+02 4.0247e-01
1.0000e+01 -1.7000e+02 2.4511e-01
1.0000e+01 -1.6000e+02 3.5214e+00
1.0000e+01 -1.5000e+02 -3.7792e+00
1.0000e+01 -1.4000e+02 -2.3189e+00
1.0000e+01 -1.3000e+02 1.5096e+00
1.0000e+01 -1.2000e+02 -2.9885e+00
1.0000e+01 -1.1000e+02 -6.8772e-01
1.0000e+01 -1.0000e+02 -2.9597e+00
1.0000e+01 -9.0000e+01 -4.1319e+00
1.0000e+01 -8.0000e+01 -5.0205e+00
1.0000e+01 -7.0000e+01 -5.4223e+00
1.0000e+01 -6.0000e+01 -1.0538e+01
1.0000e+01 -5.0000e+01 -1.0587e+01
1.0000e+01 -4.0000e+01 -7.8147e+00
1.0000e+01 -3.0000e+01 -1.6012e+01
1.0000e+01 -2.0000e+01 -1.4786e+01
1.0000e+01 -1.0000e+01 -1.2967e+01
1.0000e+01 0.0000e+00 -1.5596e+01
1.0000e+01 1.0000e+01 -1.5767e+01
1.0000e+01 2.0000e+01 -1.2876e+01
1.0000e+01 3.0000e+01 -1.2832e+01
1.0000e+01 4.0000e+01 -9.9888e+00
1.0000e+01 5.0000e+01 -1.1368e+01
1.0000e+01 6.0000e+01 -8.9437e+00
1.0000e+01 7.0000e+01 -5.4402e+00
1.0000e+01 8.0000e+01 -3.6053e+00
1.0000e+01 9.0000e+01 -3.9646e+00
1.0000e+01 1.0000e+02 -2.4550e+00
1.0000e+01 1.1000e+02 -4.9278e+00
1.0000e+01 1.2000e+02 -1.0323e+00
1.0000e+01 1.3000e+02 -9.8562e-01
1.0000e+01 1.4000e+02 5.2360e-01
1.0000e+01 1.5000e+02 -8.7915e-01
1.0000e+01 1.6000e+02 1.0239e+00
1.0000e+01 1.7000e+02 -1.6712e+00
1.0000e+01 1.8000e+02 -1.9182e+00
1.0000e+01 1.9000e+02 9.0775e-02
1.0000e+01 2.0000e+02 -1.2903e+00
2.0000e+01 -2.0000e+02 -7.5533e-01
2.0000e+01 -1.9000e+02 3.0460e-01
2.0000e+01 -1.8000e+02 1.2542e+00
2.0000e+01 -1.7000e+02 -1.9653e+00
2.0000e+01 -1.6000e+02 5.3698e-01
2.0000e+01 -1.5000e+02 -7.6177e-01
2.0000e+01 -1.4000e+02 -6.7205e-01
2.0000e+01 -1.3000e+02 -1.4169e+00
2.0000e+01 -1.2000e+02 -2.1312e+00
2.0000e+01 -1.1000e+02 -9.6813e-01
2.0000e+01 -1.0000e+02 -2.4476e+00
2.0000e+01 -9.0000e+01 -2.8448e+00
2.0000e+01 -8.0000e+01 -6.5645e+00
2.0000e+01 -7.0000e+01 -5.4324e+00
2.0000e+01 -6.0000e+01 -6.4435e+00
2.0000e+01 -5.0000e+01 -9.2752e+00
2.0000e+01 -4.0000e+01 -1.3412e+01
2.0000e+01 -3.0000e+01 -1.0116e+01
2.0000e+01 -2.0000e+01 -1.1057e+01
2.0000e+01 -1.0000e+01 -1.3616e+01
2.0000e+01 0.0000e+00 -1.2086e+01
2.0000e+01 1.0000e+01 -1.2516e+01
2.0000e+01 2.0000e+01 -1.3705e+01
2.0000e+01 3.0000e+01 -1.0559e+01
2.0000e+01 4.0000e+01 -1.0885e+01
2.0000e+01 5.0000e+01 -9.3739e+00
2.0000e+01 6.0000e+01 -6.9594e+00
2.0000e+01 7.0000e+01 -5.5297e+00
2.0000e+01 8.0000e+01 -4.3546e+00
2.0000e+01 9.0000e+01 -2.3910e+00
2.0000e+01 1.0000e+02 -1.8109e+00
2.0000e+01 1.1000e+02 -6.1391e+00
2.0000e+01 1.2000e+02 -1.5203e+00
2.0000e+01 1.3000e+02 -2.0640e+00
2.0000e+01 1.4000e+02 -2.0340e+00
2.0000e+01 1.5000e+02 1.8352e+00
2.0000e+01 1.6000e+02 -1.2903e+00
2.0000e+01 1.7000e+02 -1.0483e+00
2.0000e+01 1.8000e+02 -4.2827e-02
2.0000e+01 1.9000e+02 2.2901e+00
2.0000e+01 2.0000e+02 5.6861e-02
3.0000e+01 -2.0000e+02 1.2176e+00
3.0000e+01 -1.9000e+02 1.2976e-01
3.0000e+01 -1.8000e+02 -1.0303e+00
3.0000e+01 -1.7000e+02 -8.3868e-01
3.0000e+01 -1.6000e+02 -1.6275e+00
3.0000e+01 -1.5000e+02 4.2007e-01
3.0000e+01 -1.4000e+02 -1.3468e+00
3.0000e+01 -1.3000e+02 -2.8647e+00
3.0000e+01 -1.2000e+02 -4.5922e+00
3.0000e+01 -1.1000e+02 3.0148e-01
3.0000e+01 -1.0000e+02 -3.0432e+00
3.0000e+01 -9.0000e+01 -7.8832e-01
3.0000e+01 -8.0000e+01 -6.1562e+00
3.0000e+01 -7.0000e+01 -7.1578e+00
3.0000e+01 -6.0000e+01 -7.4913e+00
3.0000e+01 -5.0000e+01 -8.3537e+00
3.0000e+01 -4.0000e+01 -8.2648e+00
3.0000e+01 -3.0000e+01 -8.5044e+00
3.0000e+01 -2.0000e+01 -1.2488e+01
3.0000e+01 -1.0000e+01 -1.2447e+01
3.0000e+01 0.0000e+00 -1.4928e+01
3.0000e+01 1.0000e+01 -1.2734e+01
3.0000e+01 2.0000e+01 -1.3638e+01
3.0000e+01 3.0000e+01 -1.3273e+01
3.0000e+01 4.0000e+01 -1.1556e+01
3.0000e+01 5.0000e+01 -5.0183e+00
3.0000e+01 6.0000e+01 -4.6965e+00
3.0000e+01 7.0000e+01 -4.1367e+00
3.0000e+01 8.0000e+01 -3.1695e+00
3.0000e+01 9.0000e+01 -2.9525e+00
3.0000e+01 1.0000e+02 -1.6928e+00
3.0000e+01 1.1000e+02 -6.1988e-01
3.0000e+01 1.2000e+02 -3.8862e+00
3.0000e+01 1.3000e+02 -2.8757e+00
3.0000e+01 1.4000e+02 -1.5371e+00
3.0000e+01 1.5000e+02 -3.4005e-01
3.0000e+01 1.6000e+02 -8.4610e-01
3.0000e+01 1.7000e+02 -1.4238e+00
3.0000e+01 1.8000e+02 1.4423e+00
3.0000e+01 1.9000e+02 -1.1758e+00
3.0000e+01 2.0000e+02 4.8351e-01
4.0000e+01 -2.0000e+02 -1.6975e+00
4.0000e+01 -1.9000e+02 7.6548e-01
4.0000e+01 -1.8000e+02 3.2855e+00
4.0000e+01 -1.7000e+02 -1.2897e+00
4.0000e+01 -1.6000e+02 2.4430e+00
4.0000e+01 -1.5000e+02 1.3398e-01
4.0000e+01 -1.4000e+02 -1.9134e-01
4.0000e+01 -1.3000e+02 -2.6818e+00
4.0000e+01 -1.2000e+02 -9.5642e-01
4.0000e+01 -1.1000e+02 2.6406e-02
4.0000e+01 -1.0000e+02 -4.0147e+00
4.0000e+01 -9.0000e+01 -3.1898e+00
4.0000e+01 -8.0000e+01 -3.7593e+00
4.0000e+01 -7.0000e+01 -5.3675e+00
4.0000e+01 -6.0000e+01 -4.3589e+00
4.0000e+01 -5.0000e+01 -6.8298e+00
4.0000e+01 -4.0000e+01 -1.0873e+01
4.0000e+01 -3.0000e+01 -1.1205e+01
4.0000e+01 -2.0000e+01 -1.1060e+01
4.0000e+01 -1.0000e+01 -1.1284e+01
4.0000e+01 0.0000e+00 -1.2584e+01
4.0000e+01 1.0000e+01 -1.0578e+01
4.0000e+01 2.0000e+01 -1.1131e+01
4.0000e+01 3.0000e+01 -9.2832e+00
4.0000e+01 4.0000e+01 -9.0837e+00
4.0000e+01 5.0000e+01 -8.5886e+00
4.0000e+01 6.0000e+01 -6.4678e+00
4.0000e+01 7.0000e+01 -6.0925e+00
4.0000e+01 8.0000e+01 -3.5446e+00
4.0000e+01 9.0000e+01 -3.7290e+00
4.0000e+01 1.0000e+02 -2.7893e+00
4.0000e+01 1.1000e+02 -4.3127e+00
4.0000e+01 1.2000e+02 -1.8340e+00
4.0000e+01 1.3000e+02 -2.0788e+00
4.0000e+01 1.4000e+02 7.2034e-01
4.0000e+01 1.5000e+02 -1.9517e+00
4.0000e+01 1.6000e+02 -1.1728e-01
4.0000e+01 1.7000e+02 2.7217e+00
4.0000e+01 1.8000e+02 1.8561e+00
4.0000e+01 1.9000e+02 1.4417e-01
4.0000e+01 2.0000e+02 -4.1446e-01
5.0000e+01 -2.0000e+02 1.0021e+00
5.0000e+01 -1.9000e+02 4.0742e-02
5.0000e+01 -1.8000e+02 -1.0065e+00
5.0000e+01 -1.7000e+02 1.5002e+00
5.0000e+01 -1.6000e+02 -1.3708e+00
5.0000e+01 -1.5000e+02 4.3855e-01
5.0000e+01 -1.4000e+02 -2.0371e-01
5.0000e+01 -1.3000e+02 -1.5032e+00
5.0000e+01 -1.2000e+02 -1.0186e+00
5.0000e+01 -1.1000e+02 6.3578e-01
5.0000e+01 -1.0000e+02 4.3364e-01
5.0000e+01 -9.0000e+01 -1.2976e+00
5.0000e+01 -8.0000e+01 -3.5031e+00
5.0000e+01 -7.0000e+01 -5.5207e+00
5.0000e+01 -6.0000e+01 -4.3751e+00
5.0000e+01 -5.0000e+01 -7.5076e+00
5.0000e+01 -4.0000e+01 -7.5650e+00
5.0000e+01 -3.0000e+01 -9.4087e+00
5.0000e+01 -2.0000e+01 -7.8000e+00
5.0000e+01 -1.0000e+01 -6.9093e+00
5.0000e+01 0.0000e+00 -1.0222e+01
5.0000e+01 1.0000e+01 -1.0671e+01
5.0000e+01 2.0000e+01 -1.1868e+01
5.0000e+01 3.0000e+01 -8.4108e+00
5.0000e+01 4.0000e+01 -8.8541e+00
5.0000e+01 5.0000e+01 -6.7261e+00
5.0000e+01 6.0000e+01 -6.9251e+00
5.0000e+01 7.0000e+01 -8.0323e+00
5.0000e+01 8.0000e+01 -4.2475e+00
5.0000e+01 9.0000e+01 -3.6739e+00
5.0000e+01 1.0000e+02 -1.2713e+00
5.0000e+01 1.1000e+02 9.7601e-01
5.0000e+01 1.2000e+02 -1.8814e-01
5.0000e+01 1.3000e+02 -3.8747e-01
5.0000e+01 1.4000e+02 -1.1383e+00
5.0000e+01 1.5000e+02 3.4435e-01
5.0000e+01 1.6000e+02 -9.5924e-01
5.0000e+01 1.7000e+02 -8.7108e-01
5.0000e+01 1.8000e+02 -5.1967e-01
5.0000e+01 1.9000e+02 1.2021e+00
5.0000e+01 2.0000e+02 4.7833e-01
6.0000e+01 -2.0000e+02 1.1552e+00
6.0000e+01 -1.9000e+02 4.4233e+00
6.0000e+01 -1.8000e+02 -1.1706e+00
6.0000e+01 -1.7000e+02 2.5589e+00
6.0000e+01 -1.6000e+02 5.6083e-01
6.0000e+01 -1.5000e+02 1.3216e+00
6.0000e+01 -1.4000e+02 -7.1484e-01
6.0000e+01 -1.3000e+02 -1.2363e+00
6.0000e+01 -1.2000e+02 7.9385e-01
6.0000e+01 -1.1000e+02 -1.4165e+00
6.0000e+01 -1.0000e+02 -1.0530e+00
6.0000e+01 -9.0000e+01 -3.1163e+00
6.0000e+01 -8.0000e+01 -1.3065e+00
6.0000e+01 -7.0000e+01 -4.5637e+00
6.0000e+01 -6.0000e+01 -5.6349e+00
6.0000e+01 -5.0000e+01 -6.3241e+00
6.0000e+01 -4.0000e+01 -5.5965e+00
6.0000e+01 -3.0000e+01 -9.9997e+00
6.0000e+01 -2.0000e+01 -6.6957e+00
6.0000e+01 -1.0000e+01 -1.0787e+01
6.0000e+01 0.0000e+00 -7.7408e+00
6.0000e+01 1.0000e+01 -7.7591e+00
6.0000e+01 2.0000e+01 -9.3618e+00
6.0000e+01 3.0000e+01 -5.9540e+00
6.0000e+01 4.0000e+01 -7.1946e+00
6.0000e+01 5.0000e+01 -4.9939e+00
6.0000e+01 6.0000e+01 -6.6078e+00
6.0000e+01 7.0000e+01 -4.0565e+00
6.0000e+01 8.0000e+01 -3.5096e+00
6.0000e+01 9.0000e+01 -1.0643e+00
6.0000e+01 1.0000e+02 3.1955e-01
6.0000e+01 1.1000e+02 -2.5575e+00
6.0000e+01 1.2000e+02 -1.4846e+00
6.0000e+01 1.3000e+02 1.5782e+00
6.0000e+01 1.4000e+02 -2.9937e+00
6.0000e+01 1.5000e+02 7.6763e-01
6.0000e+01 1.6000e+02 5.2149e-01
6.0000e+01 1.7000e+02 -2.0001e+00
6.0000e+01 1.8000e+02 -1.0209e+00
6.0000e+01 1.9000e+02 -1.5264e+00
6.0000e+01 2.0000e+02 -2.3852e+00
7.0000e+01 -2.0000e+02 3.6576e+00
7.0000e+01 -1.9000e+02 -2.2322e+00
7.0000e+01 -1.8000e+02 -1.0356e+00
7.0000e+01 -1.7000e+02 -1.7852e+00
7.0000e+01 -1.6000e+02 3.5551e+00
7.0000e+01 -1.5000e+02 2.1523e-02
7.0000e+01 -1.4000e+02 -2.1458e+00
7.0000e+01 -1.3000e+02 -6.6036e-01
7.0000e+01 -1.2000e+02 -1.7366e+00
7.0000e+01 -1.1000e+02 1.5662e+00
7.0000e+01 -1.0000e+02 -1.5775e+00
7.0000e+01 -9.0000e+01 -2.0383e+00
7.0000e+01 -8.0000e+01 -2.2434e+00
7.0000e+01 -7.0000e+01 -3.9484e+00
7.0000e+01 -6.0000e+01 -3.1338e+00
7.0000e+01 -5.0000e+01 -6.3444e+00
7.0000e+01 -4.0000e+01 -5.7611e+00
7.0000e+01 -3.0000e+01 -4.4276e+00
7.0000e+01 -2.0000e+01 -7.9848e+00
7.0000e+01 -1.0000e+01 -5.8608e+00
7.0000e+01 0.0000e+00 -5.2222e+00
7.0000e+01 1.0000e+01 -6.1597e+00
7.0000e+01 2.0000e+01 -4.8315e+00
7.0000e+01 3.0000e+01 -3.4393e+00
7.0000e+01 4.0000e+01 -5.5804e+00
7.0000e+01 5.0000e+01 -5.3122e+00
7.0000e+01 6.0000e+01 -6.1677e+00
7.0000e+01 7.0000e+01 -3.7221e+00
7.0000e+01 8.0000e+01 -3.5074e-01
7.0000e+01 9.0000e+01 -2.8910e+00
7.0000e+01 1.0000e+02 -4.8905e+00
7.0000e+01 1.1000e+02 1.0161e-01
7.0000e+01 1.2000e+02 3.9085e+00
7.0000e+01 1.3000e+02 2.4976e+00
7.0000e+01 1.4000e+02 5.1098e-01
7.0000e+01 1.5000e+02 3.7723e-01
7.0000e+01 1.6000e+02 5.7229e-01
7.0000e+01 1.7000e+02 2.4347e-02
7.0000e+01 1.8000e+02 -3.6431e-01
7.0000e+01 1.9000e+02 1.3297e-01
7.0000e+01 2.0000e+02 -1.2052e+00
8.0000e+01 -2.0000e+02 -1.0088e+00
8.0000e+01 -1.9000e+02 2.9716e+00
8.0000e+01 -1.8000e+02 -1.3276e+00
8.0000e+01 -1.7000e+02 2.5979e-01
8.0000e+01 -1.6000e+02 -2.8709e-01
8.0000e+01 -1.5000e+02 -2.1500e-01
8.0000e+01 -1.4000e+02 -1.4792e+00
8.0000e+01 -1.3000e+02 -9.9515e-01
8.0000e+01 -1.2000e+02 1.1258e+00
8.0000e+01 -1.1000e+02 -1.1814e+00
8.0000e+01 -1.0000e+02 -1.7466e+00
8.0000e+01 -9.0000e+01 -8.4061e-01
8.0000e+01 -8.0000e+01 -4.3207e+00
8.0000e+01 -7.0000e+01 -3.0927e+00
8.0000e+01 -6.0000e+01 -2.8440e+00
8.0000e+01 -5.0000e+01 -5.0247e+00
8.0000e+01 -4.0000e+01 -3.3422e+00
8.0000e+01 -3.0000e+01 -4.7695e+00
8.0000e+01 -2.0000e+01 -4.4531e+00
8.0000e+01 -1.0000e+01 -5.8097e+00
8.0000e+01 0.0000e+00 -5.4999e+00
8.0000e+01 1.0000e+01 -5.9684e+00
8.0000e+01 2.0000e+01 -7.0742e+00
8.0000e+01 3.0000e+01 -4.8671e+00
8.0000e+01 4.0000e+01 -6.6649e+00
8.0000e+01 5.0000e+01 -4.9597e+00
8.0000e+01 6.0000e+01 -2.5812e+00
8.0000e+01 7.0000e+01 -2.4746e+00
8.0000e+01 8.0000e+01 -4.7272e-01
8.0000e+01 9.0000e+01 -1.3596e+00
8.0000e+01 1.0000e+02 -6.7202e-01
8.0000e+01 1.1000e+02 -1.0876e+00
8.0000e+01 1.2000e+02 -1.7306e+00
8.0000e+01 1.3000e+02 1.7447e+00
8.0000e+01 1.4000e+02 2.0000e-01
8.0000e+01 1.5000e+02 -3.2824e-01
8.0000e+01 1.6000e+02 -2.9051e-01
8.0000e+01 1.7000e+02 4.0447e-01
8.0000e+01 1.8000e+02 5.7025e-01
8.0000e+01 1.9000e+02 2.0813e+00
8.0000e+01 2.0000e+02 2.3551e+00
9.0000e+01 -2.0000e+02 1.4016e+00
9.0000e+01 -1.9000e+02 1.0224e+00
9.0000e+01 -1.8000e+02 -2.1944e+00
9.0000e+01 -1.7000e+02 -6.2386e-01
9.0000e+01 -1.6000e+02 -2.9258e+00
9.0000e+01 -1.5000e+02 -3.4037e+00
9.0000e+01 -1.4000e+02 -1.3801e+00
9.0000e+01 -1.3000e+02 -2.1067e+00
9.0000e+01 -1.2000e+02 2.4942e+00
9.0000e+01 -1.1000e+02 2.5793e-01
9.0000e+01 -1.0000e+02 -3.2182e+00
9.0000e+01 -9.0000e+01 -1.7516e+00
9.0000e+01 -8.0000e+01 -2.6493e+00
9.0000e+01 -7.0000e+01 -2.0417e+00
9.0000e+01 -6.0000e+01 -3.1047e+00
9.0000e+01 -5.0000e+01 -3.0306e+00
9.0000e+01 -4.0000e+01 -4.6143e+00
9.0000e+01 -3.0000e+01 -2.0346e+00
9.0000e+01 -2.0000e+01 -4.8436e+00
9.0000e+01 -1.0000e+01 -3.8095e+00
9.0000e+01 0.0000e+00 -4.8154e+00
9.0000e+01 1.0000e+01 -3.3795e+00
9.0000e+01 2.0000e+01 -3.9457e+00
9.0000e+01 3.0000e+01 -3.7867e+00
9.0000e+01 4.0000e+01 -4.6717e+00
9.0000e+01 5.0000e+01 -1.5168e+00
9.0000e+01 6.0000e+01 -1.3114e+00
9.0000e+01 7.0000e+01 -3.0617e-01
9.0000e+01 8.0000e+01 -2.3254e+00
9.0000e+01 9.0000e+01 4.7564e-01
9.0000e+01 1.0000e+02 -1.1776e+00
9.0000e+01 1.1000e+02 -1.6177e+00
9.0000e+01 1.2000e+02 2.5745e-01
9.0000e+01 1.3000e+02 -2.2192e-01
9.0000e+01 1.4000e+02 4.2165e-01
9.0000e+01 1.5000e+02 1.4861e+00
9.0000e+01 1.6000e+02 -1.2771e+00
9.0000e+01 1.7000e+02 4.5611e-01
9.0000e+01 1.8000e+02 1.4710e+00
9.0000e+01 1.9000e+02 1.0852e+00
9.0000e+01 2.0000e+02 -7.0683e-01
1.0000e+02 -2.0000e+02 -1.5050e+00
1.0000e+02 -1.9000e+02 -2.4464e+00
1.0000e+02 -1.8000e+02 1.3144e-01
1.0000e+02 -1.7000e+02 -7.1365e-01
1.0000e+02 -1.6000e+02 1.5592e-01
1.0000e+02 -1.5000e+02 -8.6918e-01
1.0000e+02 -1.4000e+02 -1.6398e+00
1.0000e+02 -1.3000e+02 4.8008e-01
1.0000e+02 -1.2000e+02 1.0810e+00
1.0000e+02 -1.1000e+02 -2.3590e+00
1.0000e+02 -1.0000e+02 -9.1937e-01
1.0000e+02 -9.0000e+01 -1.9402e+00
1.0000e+02 -8.0000e+01 -1.7466e+00
1.0000e+02 -7.0000e+01 -1.1986e+00
1.0000e+02 -6.0000e+01 -2.5663e-01
1.0000e+02 -5.0000e+01 -2.3554e+00
1.0000e+02 -4.0000e+01 -4.0104e+00
1.0000e+02 -3.0000e+01 -6.1079e+00
1.0000e+02 -2.0000e+01 -8.8230e-01
1.0000e+02 -1.0000e+01 -3.3197e+00
1.0000e+02 0.0000e+00 -5.4745e+00
1.0000e+02 1.0000e+01 -1.8047e+00
1.0000e+02 2.0000e+01 -2.5740e+00
1.0000e+02 3.0000e+01 -1.6210e+00
1.0000e+02 4.0000e+01 -1.7152e+00
1.0000e+02 5.0000e+01 -9.4695e-01
1.0000e+02 6.0000e+01 -9.3813e-01
1.0000e+02 7.0000e+01 -3.1594e+00
1.0000e+02 8.0000e+01 -1.3991e+00
1.0000e+02 9.0000e+01 -6.3081e-01
1.0000e+02 1.0000e+02 -1.3999e+00
1.0000e+02 1.1000e+02 -1.1766e+00
1.0000e+02 1.2000e+02 9.4594e-01
1.0000e+02 1.3000e+02 -5.8777e-03
1.0000e+02 1.4000e+02 1.5252e+00
1.0000e+02 1.5000e+02 6.3512e-02
1.0000e+02 1.6000e+02 9.7976e-02
1.0000e+02 1.7000e+02 2.4392e+00
1.0000e+02 1.8000e+02 3.2991e+00
1.0000e+02 1.9000e+02 9.3002e-01
1.0000e+02 2.0000e+02 6.3728e-01
1.1000e+02 -2.0000e+02 1.4193e+00
1.1000e+02 -1.9000e+02 3.9125e-01
1.1000e+02 -1.8000e+02 2.7070e+00
1.1000e+02 -1.7000e+02 8.9107e-01
1.1000e+02 -1.6000e+02 -1.2962e+00
1.1000e+02 -1.5000e+02 5.1799e-01
1.1000e+02 -1.4000e+02 -1.2565e+00
1.1000e+02 -1.3000e+02 -1.0050e+00
1.1000e+02 -1.2000e+02 1.2152e+00
1.1000e+02 -1.1000e+02 3.4912e-02
1.1000e+02 -1.0000e+02 1.1176e-01
1.1000e+02 -9.0000e+01 -1.1466e+00
1.1000e+02 -8.0000e+01 1.0876e+00
1.1000e+02 -7.0000e+01 5.3447e-02
1.1000e+02 -6.0000e+01 3.2226e-01
1.1000e+02 -5.0000e+01 -3.4422e+00
1.1000e+02 -4.0000e+01 -2.9137e+00
1.1000e+02 -3.0000e+01 -1.5281e+00
1.1000e+02 -2.0000e+01 -6.6625e-01
1.1000e+02 -1.0000e+01 -2.0621e+00
1.1000e+02 0.0000e+00 -2.9558e+00
1.1000e+02 1.0000e+01 -4.4636e+00
1.1000e+02 2.0000e+01 -2.3006e+00
1.1000e+02 3.0000e+01 2.4151e+00
1.1000e+02 4.0000e+01 -3.0021e+00
1.1000e+02 5.0000e+01 -3.9177e+00
1.1000e+02 6.0000e+01 -9.6315e-01
1.1000e+02 7.0000e+01 -2.1144e+00
1.1000e+02 8.0000e+01 -1.4625e+00
1.1000e+02 9.0000e+01 -6.6714e+00
1.1000e+02 1.0000e+02 -2.8269e+00
1.1000e+02 1.1000e+02 -4.0408e-01
1.1000e+02 1.2000e+02 -4.7819e-01
1.1000e+02 1.3000e+02 -5.1288e-01
1.1000e+02 1.4000e+02 -6.4295e-01
1.1000e+02 1.5000e+02 -2.6157e+00
1.1000e+02 1.6000e+02 -1.0835e+00
1.1000e+02 1.7000e+02 1.3958e+00
1.1000e+02 1.8000e+02 -2.4998e+00
1.1000e+02 1.9000e+02 -1.9710e-01
1.1000e+02 2.0000e+02 1.8967e-01
1.2000e+02 -2.0000e+02 1.8061e-01
1.2000e+02 -1.9000e+02 2.4080e-02
1.2000e+02 -1.8000e+02 -6.3284e-01
1.2000e+02 -1.7000e+02 -4.6250e-01
1.2000e+02 -1.6000e+02 -1.2576e+00
1.2000e+02 -1.5000e+02 -1.7911e+00
1.2000e+02 -1.4000e+02 1.7267e+00
1.2000e+02 -1.3000e+02 -1.1853e+00
1.2000e+02 -1.2000e+02 5.7807e-01
1.2000e+02 -1.1000e+02 -1.4596e-01
1.2000e+02 -1.0000e+02 -2.8504e+00
1.2000e+02 -9.0000e+01 -1.5884e+00
1.2000e+02 -8.0000e+01 8.9271e-01
1.2000e+02 -7.0000e+01 -2.1528e+00
1.2000e+02 -6.0000e+01 -5.2366e-01
1.2000e+02 -5.0000e+01 1.4102e+00
1.2000e+02 -4.0000e+01 -1.2739e+00
1.2000e+02 -3.0000e+01 -9.5171e-01
1.2000e+02 -2.0000e+01 -1.0731e+00
1.2000e+02 -1.0000e+01 -9.3577e-01
1.2000e+02 0.0000e+00 -1.8305e+00
1.2000e+02 1.0000e+01 3.2664e+00
1.2000e+02 2.0000e+01 -3.8807e+00
1.2000e+02 3.0000e+01 -2.0418e+00
1.2000e+02 4.0000e+01 9.0858e-01
1.2000e+02 5.0000e+01 -1.4842e+00
1.2000e+02 6.0000e+01 -1.2924e-01
1.2000e+02 7.0000e+01 -1.8310e+00
1.2000e+02 8.0000e+01 -1.1557e+00
1.2000e+02 9.0000e+01 9.6006e-01
1.2000e+02 1.0000e+02 1.7064e+00
1.2000e+02 1.1000e+02 3.3503e-01
1.2000e+02 1.2000e+02 3.8537e-01
1.2000e+02 1.3000e+02 -8.8260e-01
1.2000e+02 1.4000e+02 4.9375e-01
1.2000e+02 1.5000e+02 -9.5899e-01
1.2000e+02 1.6000e+02 4.1468e+00
1.2000e+02 1.7000e+02 1.6824e+00
1.2000e+02 1.8000e+02 5.2526e-01
1.2000e+02 1.9000e+02 8.0754e-02
1.2000e+02 2.0000e+02 -1.1447e+00
1.3000e+02 -2.0000e+02 6.0911e-01
1.3000e+02 -1.9000e+02 -2.2453e+00
1.3000e+02 -1.8000e+02 1.2268e+00
1.3000e+02 -1.7000e+02 4.8686e-01
1.3000e+02 -1.6000e+02 -1.0523e+00
1.3000e+02 -1.5000e+02 -2.6754e+00
1.3000e+02 -1.4000e+02 -1.6014e+00
1.3000e+02 -1.3000e+02 7.6484e-01
1.3000e+02 -1.2000e+02 2.1664e+00
1.3000e+02 -1.1000e+02 -4.4892e+00
1.3000e+02 -1.0000e+02 -6.6199e-01
1.3000e+02 -9.0000e+01 -8.6708e-01
1.3000e+02 -8.0000e+01 -1.2515e+00
1.3000e+02 -7.0000e+01 2.4020e+00
1.3000e+02 -6.0000e+01 -4.9991e-01
1.3000e+02 -5.0000e+01 4.9991e-01
1.3000e+02 -4.0000e+01 2.0308e+00
1.3000e+02 -3.0000e+01 -6.9939e-01
1.3000e+02 -2.0000e+01 9.6055e-02
1.3000e+02 -1.0000e+01 6.0459e-01
1.3000e+02 0.0000e+00 -1.2761e+00
1.3000e+02 1.0000e+01 -1.7672e+00
1.3000e+02 2.0000e+01 -2.3528e+00
1.3000e+02 3.0000e+01 -2.1797e+00
1.3000e+02 4.0000e+01 -1.0201e+00
1.3000e+02 5.0000e+01 3.0750e-01
1.3000e+02 6.0000e+01 1.3419e+00
1.3000e+02 7.0000e+01 -4.8694e-01
1.3000e+02 8.0000e+01 3.6449e+00
1.3000e+02 9.0000e+01 -2.6442e-01
1.3000e+02 1.0000e+02 2.7137e-01
1.3000e+02 1.1000e+02 2.8961e-01
1.3000e+02 1.2000e+02 -1.7703e+00
1.3000e+02 1.3000e+02 -4.2869e+00
1.3000e+02 1.4000e+02 -7.8726e-01
1.3000e+02 1.5000e+02 1.4705e+00
1.3000e+02 1.6000e+02 3.0530e-01
1.3000e+02 1.7000e+02 -8.8697e-01
1.3000e+02 1.8000e+02 6.4154e-01
1.3000e+02 1.9000e+02 -1.2183e+00
1.3000e+02 2.0000e+02 1.1743e+00
1.4000e+02 -2.0000e+02 -2.2210e-01
1.4000e+02 -1.9000e+02 8.7821e-01
1.4000e+02 -1.8000e+02 -1.3867e+00
1.4000e+02 -1.7000e+02 -4.0147e-01
1.4000e+02 -1.6000e+02 1.1095e+00
1.4000e+02 -1.5000e+02 -1.0656e+00
1.4000e+02 -1.4000e+02 2.5745e+00
1.4000e+02 -1.3000e+02 -3.5735e-01
1.4000e+02 -1.2000e+02 1.3690e+00
1.4000e+02 -1.1000e+02 1.7217e+00
1.4000e+02 -1.0000e+02 5.5681e-01
1.4000e+02 -9.0000e+01 6.9067e-02
1.4000e+02 -8.0000e+01 -7.7720e-01
1.4000e+02 -7.0000e+01 2.9260e+00
1.4000e+02 -6.0000e+01 3.3098e-01
1.4000e+02 -5.0000e+01 -7.5197e-01
1.4000e+02 -4.0000e+01 -1.0525e-01
1.4000e+02 -3.0000e+01 2.4026e-01
1.4000e+02 -2.0000e+01 -6.6400e-01
1.4000e+02 -1.0000e+01 -1.0495e+00
1.4000e+02 0.0000e+00 -3.0065e+00
1.4000e+02 1.0000e+01 -2.5184e+00
1.4000e+02 2.0000e+01 -1.6389e+00
1.4000e+02 3.0000e+01 -3.3212e+00
1.4000e+02 4.0000e+01 -1.1875e+00
1.4000e+02 5.0000e+01 -3.5532e-01
1.4000e+02 6.0000e+01 3.7860e+00
1.4000e+02 7.0000e+01 1.1233e+00
1.4000e+02 8.0000e+01 -1.6052e+00
1.4000e+02 9.0000e+01 1.7595e+00
1.4000e+02 1.0000e+02 -1.5625e+00
1.4000e+02 1.1000e+02 -9.1707e-01
1.4000e+02 1.2000e+02 2.9139e-01
1.4000e+02 1.3000e+02 2.3891e-01
1.4000e+02 1.4000e+02 -7.8657e-02
1.4000e+02 1.5000e+02 3.5173e+00
1.4000e+02 1.6000e+02 -1.1631e+00
1.4000e+02 1.7000e+02 1.8605e-01
1.4000e+02 1.8000e+02 -2.0731e+00
1.4000e+02 1.9000e+02 2.4333e+00
1.4000e+02 2.0000e+02 -7.0513e-01
1.5000e+02 -2.0000e+02 1.9869e-01
1.5000e+02 -1.9000e+02 -1.0996e+00
1.5000e+02 -1.8000e+02 -1.6068e+00
1.5000e+02 -1.7000e+02 -1.4322e+00
1.5000e+02 -1.6000e+02 2.3864e+00
1.5000e+02 -1.5000e+02 -3.5096e-01
1.5000e+02 -1.4000e+02 -1.9916e+00
1.5000e+02 -1.3000e+02 -3.4537e-01
1.5000e+02 -1.2000e+02 -3.4069e+00
1.5000e+02 -1.1000e+02 -1.6266e+00
1.5000e+02 -1.0000e+02 -5.2457e-01
1.5000e+02 -9.0000e+01 4.0309e-01
1.5000e+02 -8.0000e+01 5.8952e-01
1.5000e+02 -7.0000e+01 -3.5526e+00
1.5000e+02 -6.0000e+01 -3.1924e-01
1.5000e+02 -5.0000e+01 -1.3892e+00
1.5000e+02 -4.0000e+01 -1.4482e+00
1.5000e+02 -3.0000e+01 1.1606e+00
1.5000e+02 -2.0000e+01 -1.7812e+00
1.5000e+02 -1.0000e+01 3.2357e-01
1.5000e+02 0.0000e+00 6.9475e-01
1.5000e+02 1.0000e+01 9.6173e-02
1.5000e+02 2.0000e+01 -1.3799e-01
1.5000e+02 3.0000e+01 1.1146e+00
1.5000e+02 4.0000e+01 -3.5829e+00
1.5000e+02 5.0000e+01 3.2176e-01
1.5000e+02 6.0000e+01 9.6946e-01
1.5000e+02 7.0000e+01 4.3199e+00
1.5000e+02 8.0000e+01 3.5732e+00
1.5000e+02 9.0000e+01 -1.7927e+00
1.5000e+02 1.0000e+02 -1.3535e+00
1.5000e+02 1.1000e+02 1.9436e+00
1.5000e+02 1.2000e+02 4.3632e-01
1.5000e+02 1.3000e+02 -2.9836e-01
1.5000e+02 1.4000e+02 8.6163e-01
1.5000e+02 1.5000e+02 2.5000e-01
1.5000e+02 1.6000e+02 6.7556e-01
1.5000e+02 1.7000e+02 5.3145e-01
1.5000e+02 1.8000e+02 7.8579e-01
1.5000e+02 1.9000e+02 -2.2262e-01
1.5000e+02 2.0000e+02 -9.7145e-01
1.6000e+02 -2.0000e+02 -7.1183e-01
1.6000e+02 -1.9000e+02 -3.0728e+00
1.6000e+02 -1.8000e+02 -1.5806e+00
1.6000e+02 -1.7000e+02 -2.3606e+00
1.6000e+02 -1.6000e+02 8.6139e-01
1.6000e+02 -1.5000e+02 -1.8134e+00
1.6000e+02 -1.4000e+02 -3.4813e-01
1.6000e+02 -1.3000e+02 -2.6006e+00
1.6000e+02 -1.2000e+02 9.6033e-01
1.6000e+02 -1.1000e+02 -1.1156e+00
1.6000e+02 -1.0000e+02 5.4034e-01
1.6000e+02 -9.0000e+01 1.4907e+00
1.6000e+02 -8.0000e+01 5.7188e-01
1.6000e+02 -7.0000e+01 -2.3267e+00
1.6000e+02 -6.0000e+01 1.3515e+00
1.6000e+02 -5.0000e+01 -6.3076e-01
1.6000e+02 -4.0000e+01 -1.2349e+00
1.6000e+02 -3.0000e+01 2.2299e+00
1.6000e+02 -2.0000e+01 1.2712e+00
1.6000e+02 -1.0000e+01 -4.1502e-01
1.6000e+02 0.0000e+00 -1.0737e+00
1.6000e+02 1.0000e+01 -6.9596e-01
1.6000e+02 2.0000e+01 -6.2851e-01
1.6000e+02 3.0000e+01 2.0675e+00
1.6000e+02 4.0000e+01 2.5702e-01
1.6000e+02 5.0000e+01 9.0125e-02
1.6000e+02 6.0000e+01 2.6541e-01
1.6000e+02 7.0000e+01 4.0232e-01
1.6000e+02 8.0000e+01 1.6438e+00
1.6000e+02 9.0000e+01 7.9043e-01
1.6000e+02 1.0000e+02 -1.2057e+00
1.6000e+02 1.1000e+02 -1.6704e+00
1.6000e+02 1.2000e+02 2.7319e+00
1.6000e+02 1.3000e+02 2.5461e+00
1.6000e+02 1.4000e+02 1.4142e+00
1.6000e+02 1.5000e+02 -2.7038e+00
1.6000e+02 1.6000e+02 7.8130e-01
1.6000e+02 1.7000e+02 -3.7159e+00
1.6000e+02 1.8000e+02 3.7297e-01
1.6000e+02 1.9000e+02 -1.5253e+00
1.6000e+02 2.0000e+02 -2.4308e-02
1.7000e+02 -2.0000e+02 -3.0419e-01
1.7000e+02 -1.9000e+02 -2.2934e-01
1.7000e+02 -1.8000e+02 3.5532e+00
1.7000e+02 -1.7000e+02 -1.2742e-01
1.7000e+02 -1.6000e+02 -5.6364e-01
1.7000e+02 -1.5000e+02 -1.1389e+00
1.7000e+02 -1.4000e+02 4.1833e-01
1.7000e+02 -1.3000e+02 -4.6089e-01
1.7000e+02 -1.2000e+02 8.4867e-01
1.7000e+02 -1.1000e+02 -9.2350e-01
1.7000e+02 -1.0000e+02 2.7480e+00
1.7000e+02 -9.0000e+01 7.1861e-02
1.7000e+02 -8.0000e+01 5.3221e-01
1.7000e+02 -7.0000e+01 9.0120e-01
1.7000e+02 -6.0000e+01 1.3530e+00
1.7000e+02 -5.0000e+01 1.0448e+00
1.7000e+02 -4.0000e+01 -7.2667e-01
1.7000e+02 -3.0000e+01 -2.0768e+00
1.7000e+02 -2.0000e+01 1.8571e+00
1.7000e+02 -1.0000e+01 -9.1558e-01
1.7000e+02 0.0000e+00 -6.0290e-01
1.7000e+02 1.0000e+01 1.0930e+00
1.7000e+02 2.0000e+01 1.7484e+00
1.7000e+02 3.0000e+01 4.3034e-01
1.7000e+02 4.0000e+01 1.1964e+00
1.7000e+02 5.0000e+01 1.1129e+00
1.7000e+02 6.0000e+01 -1.8024e+00
1.7000e+02 7.0000e+01 1.8611e+00
1.7000e+02 8.0000e+01 -2.7397e+00
1.7000e+02 9.0000e+01 1.5436e+00
1.7000e+02 1.0000e+02 6.2833e-01
1.7000e+02 1.1000e+02 -9.0689e-01
1.7000e+02 1.2000e+02 -2.7977e-01
1.7000e+02 1.3000e+02 1.3902e+00
1.7000e+02 1.4000e+02 1.2563e+00
1.7000e+02 1.5000e+02 3.0332e+00
1.7000e+02 1.6000e+02 -6.9859e-01
1.7000e+02 1.7000e+02 9.7834e-01
1.7000e+02 1.8000e+02 -3.5039e-01
1.7000e+02 1.9000e+02 7.2076e-01
1.7000e+02 2.0000e+02 2.4996e-01
1.8000e+02 -2.0000e+02 -5.8192e-01
1.8000e+02 -1.9000e+02 5.7753e-01
1.8000e+02 -1.8000e+02 5.7511e-01
1.8000e+02 -1.7000e+02 -2.3389e+00
1.8000e+02 -1.6000e+02 4.4072e-01
1.8000e+02 -1.5000e+02 -2.5659e+00
1.8000e+02 -1.4000e+02 3.9973e-01
1.8000e+02 -1.3000e+02 -1.0935e+00
1.8000e+02 -1.2000e+02 1.4928e+00
1.8000e+02 -1.1000e+02 1.2370e+00
1.8000e+02 -1.0000e+02 -1.0301e+00
1.8000e+02 -9.0000e+01 1.1250e+00
1.8000e+02 -8.0000e+01 1.2757e+00
1.8000e+02 -7.0000e+01 5.5046e-01
1.8000e+02 -6.0000e+01 -1.0953e+00
1.8000e+02 -5.0000e+01 -6.0837e-01
1.8000e+02 -4.0000e+01 -1.7443e+00
1.8000e+02 -3.0000e+01 9.3038e-01
1.8000e+02 -2.0000e+01 1.8705e+00
1.8000e+02 -1.0000e+01 -2.0646e+00
1.8000e+02 0.0000e+00 1.9339e+00
1.8000e+02 1.0000e+01 2.0128e-01
1.8000e+02 2.0000e+01 1.4284e+00
1.8000e+02 3.0000e+01 -2.7449e+00
1.8000e+02 4.0000e+01 1.3943e-01
1.8000e+02 5.0000e+01 8.7991e-01
1.8000e+02 6.0000e+01 2.0877e+00
1.8000e+02 7.0000e+01 5.8477e-01
1.8000e+02 8.0000e+01 -1.2942e+00
1.8000e+02 9.0000e+01 1.8160e+00
1.8000e+02 1.0000e+02 1.7109e+00
1.8000e+02 1.1000e+02 -3.0728e+00
1.8000e+02 1.2000e+02 -1.4958e+00
1.8000e+02 1.3000e+02 -1.4603e-01
1.8000e+02 1.4000e+02 1.8708e+00
1.8000e+02 1.5000e+02 3.1352e-01
1.8000e+02 1.6000e+02 -5.8615e-01
1.8000e+02 1.7000e+02 -1.1539e+00
1.8000e+02 1.8000e+02 2.4150e-01
1.8000e+02 1.9000e+02 1.7956e+00
1.8000e+02 2.0000e+02 -2.2722e+00
1.9000e+02 -2.0000e+02 1.1287e+00
1.9000e+02 -1.9000e+02 2.2648e+00
1.9000e+02 -1.8000e+02 6.6209e-01
1.9000e+02 -1.7000e+02 -1.8367e+00
1.9000e+02 -1.6000e+02 -1.0648e+00
1.9000e+02 -1.5000e+02 -6.9183e-01
1.9000e+02 -1.4000e+02 -1.7824e-01
1.9000e+02 -1.3000e+02 1.3603e-01
1.9000e+02 -1.2000e+02 -1.1943e+00
1.9000e+02 -1.1000e+02 -2.3585e+00
1.9000e+02 -1.0000e+02 -4.0764e-01
1.9000e+02 -9.0000e+01 2.6261e+00
1.9000e+02 -8.0000e+01 -4.9355e-01
1.9000e+02 -7.0000e+01 -1.6352e+00
1.9000e+02 -6.0000e+01 -1.1905e+00
1.9000e+02 -5.0000e+01 -8.2895e-01
1.9000e+02 -4.0000e+01 -6.9473e-01
1.9000e+02 -3.0000e+01 2.8730e+00
1.9000e+02 -2.0000e+01 -3.2877e-02
1.9000e+02 -1.0000e+01 -7.2716e-01
1.9000e+02 0.0000e+00 1.6625e-01
1.9000e+02 1.0000e+01 -8.3660e-01
1.9000e+02 2.0000e+01 3.8193e-02
1.9000e+02 3.0000e+01 2.1586e+00
1.9000e+02 4.0000e+01 3.3277e+00
1.9000e+02 5.0000e+01 1.4126e+00
1.9000e+02 6.0000e+01 -2.3953e-01
1.9000e+02 7.0000e+01 6.4312e-01
1.9000e+02 8.0000e+01 -1.0070e+00
1.9000e+02 9.0000e+01 1.4147e+00
1.9000e+02 1.0000e+02 1.6391e-02
1.9000e+02 1.1000e+02 -9.9323e-01
1.9000e+02 1.2000e+02 -1.3217e+00
1.9000e+02 1.3000e+02 -2.7220e+00
1.9000e+02 1.4000e+02 1.9796e+00
1.9000e+02 1.5000e+02 3.3340e+00
1.9000e+02 1.6000e+02 1.7600e+00
1.9000e+02 1.7000e+02 -1.5754e-01
1.9000e+02 1.8000e+02 8.2444e-01
1.9000e+02 1.9000e+02 -6.7890e-01
1.9000e+02 2.0000e+02 -2.8271e+00
2.0000e+02 -2.0000e+02 1.8722e+00
2.0000e+02 -1.9000e+02 1.0231e-01
2.0000e+02 -1.8000e+02 -1.5573e+00
2.0000e+02 -1.7000e+02 4.2337e-01
2.0000e+02 -1.6000e+02 -1.8439e-01
2.0000e+02 -1.5000e+02 -1.6033e+00
2.0000e+02 -1.4000e+02 3.0136e+00
2.0000e+02 -1.3000e+02 1.5095e+00
2.0000e+02 -1.2000e+02 -2.0309e-01
2.0000e+02 -1.1000e+02 1.0009e-01
2.0000e+02 -1.0000e+02 2.5553e+00
2.0000e+02 -9.0000e+01 1.1785e+00
2.0000e+02 -8.0000e+01 -6.9768e-01
2.0000e+02 -7.0000e+01 -3.8452e-02
2.0000e+02 -6.0000e+01 -8.4468e-01
2.0000e+02 -5.0000e+01 -1.1451e+00
2.0000e+02 -4.0000e+01 -1.0621e+00
2.0000e+02 -3.0000e+01 2.0887e+00
2.0000e+02 -2.0000e+01 1.0253e+00
2.0000e+02 -1.0000e+01 -6.3084e-01
2.0000e+02 0.0000e+00 -3.3966e-01
2.0000e+02 1.0000e+01 7.2327e-01
2.0000e+02 2.0000e+01 2.2584e-01
2.0000e+02 3.0000e+01 -1.4474e+00
2.0000e+02 4.0000e+01 2.6529e-02
2.0000e+02 5.0000e+01 -2.5298e+00
2.0000e+02 6.0000e+01 -8.3137e-01
2.0000e+02 7.0000e+01 -2.1055e+00
2.0000e+02 8.0000e+01 -2.0957e+00
2.0000e+02 9.0000e+01 4.5077e-02
2.0000e+02 1.0000e+02 1.6016e+00
2.0000e+02 1.1000e+02 1.0941e+00
2.0000e+02 1.2000e+02 -1.1769e+00
2.0000e+02 1.3000e+02 -2.5397e-01
2.0000e+02 1.4000e+02 -1.1906e+00
2.0000e+02 1.5000e+02 3.4045e+00
2.0000e+02 1.6000e+02 -1.4000e+00
2.0000e+02 1.7000e+02 2.5226e+00
2.0000e+02 1.8000e+02 -1.7343e+00
2.0000e+02 1.9000e+02 2.2580e-01
2.0000e+02 2.0000e+02 5.5176e-01
