-2.0000e+02 -2.0000e+02 -1.1867e+00
-2.0000e+02 -1.9000e+02 1.2618e+00
-2.0000e+02 -1.8000e+02 2.5067e+00
-2.0000e+02 -1.7000e+02 -5.5813e-01
-2.0000e+02 -1.6000e+02 4.4644e-01
-2.0000e+02 -1.5000e+02 3.5486e+00
-2.0000e+02 -1.4000e+02 3.6802e-01
-2.0000e+02 -1.3000e+02 2.2056e-02
-2.0000e+02 -1.2000e+02 -4.8803e-01
-2.0000e+02 -1.1000e+02 1.2221e+00
-2.0000e+02 -1.0000e+02 8.1996e-01
-2.0000e+02 -9.0000e+01 -1.2689e+00
-2.0000e+02 -8.0000e+01 -6.1507e-01
-2.0000e+02 -7.0000e+01 -1.0657e+00
-2.0000e+02 -6.0000e+01 1.7062e+00
-2.0000e+02 -5.0000e+01 2.7392e+00
-2.0000e+02 -4.0000e+01 1.9331e+00
-2.0000e+02 -3.0000e+01 -5.6816e-01
-2.0000e+02 -2.0000e+01 2.9199e-01
-2.0000e+02 -1.0000e+01 2.0118e+00
-2.0000e+02 0.0000e+00 -2.9848e+00
-2.0000e+02 1.0000e+01 8.4081e-01
-2.0000e+02 2.0000e+01 -4.9954e-01
-2.0000e+02 3.0000e+01 3.4089e-01
-2.0000e+02 4.0000e+01 -3.6322e-01
-2.0000e+02 5.0000e+01 -4.7534e-02
-2.0000e+02 6.0000e+01 -1.4706e+00
-2.0000e+02 7.0000e+01 1.9448e+00
-2.0000e+02 8.0000e+01 -1.4404e+00
-2.0000e+02 9.0000e+01 -4.9603e-02
-2.0000e+02 1.0000e+02 -6.7028e-01
-2.0000e+02 1.1000e+02 -8.3933e-01
-2.0000e+02 1.2000e+02 -4.3350e-01
-2.0000e+02 1.3000e+02 9.5216e-01
-2.0000e+02 1.4000e+02 1.2241e+00
-2.0000e+02 1.5000e+02 5.9814e-01
-2.0000e+02 1.6000e+02 1.3623e+00
-2.0000e+02 1.7000e+02 -7.9056e-01
-2.0000e+02 1.8000e+02 9.0804e-01
-2.0000e+02 1.9000e+02 3.7206e+00
-2.0000e+02 2.0000e+02 -2.8192e-01
-1.9000e+02 -2.0000e+02 -2.9424e+00
-1.9000e+02 -1.9000e+02 -1.3675e+00
-1.9000e+02 -1.8000e+02 -1.4795e-01
-1.9000e+02 -1.7000e+02 1.7602e-01
-1.9000e+02 -1.6000e+02 1.4024e+00
-1.9000e+02 -1.5000e+02 -1.7572e+00
-1.9000e+02 -1.4000e+02 9.1152e-01
-1.9000e+02 -1.3000e+02 3.4132e-02
-1.9000e+02 -1.2000e+02 -1.7768e+00
-1.9000e+02 -1.1000e+02 2.1419e+00
-1.9000e+02 -1.0000e+02 -1.4319e+00
-1.9000e+02 -9.0000e+01 -8.7637e-02
-1.9000e+02 -8.0000e+01 1.8608e+00
-1.9000e+02 -7.0000e+01 4.8286e-02
-1.9000e+02 -6.0000e+01 -9.4094e-01
-1.9000e+02 -5.0000e+01 -2.8061e+00
-1.9000e+02 -4.0000e+01 -1.8792e+00
-1.9000e+02 -3.0000e+01 1.0837e+00
-1.9000e+02 -2.0000e+01 -1.8239e+00
-1.9000e+02 -1.0000e+01 1.2100e-01
-1.9000e+02 0.0000e+00 -1.6126e+00
-1.9000e+02 1.0000e+01 2.3980e-01
-1.9000e+02 2.0000e+01 3.9166e-02
-1.9000e+02 3.0000e+01 1.7067e+00
-1.9000e+02 4.0000e+01 1.6497e+00
-1.9000e+02 5.0000e+01 2.3859e+00
-1.9000e+02 6.0000e+01 -4.5198e-01
-1.9000e+02 7.0000e+01 1.1893e+00
-1.9000e+02 8.0000e+01 -1.3052e+00
-1.9000e+02 9.0000e+01 -3.2434e-01
-1.9000e+02 1.0000e+02 -1.1244e+00
-1.9000e+02 1.1000e+02 -6.3898e-01
-1.9000e+02 1.2000e+02 -2.8545e-01
-1.9000e+02 1.3000e+02 -5.3741e-01
-1.9000e+02 1.4000e+02 -1.0284e+00
-1.9000e+02 1.5000e+02 -1.7770e+00
-1.9000e+02 1.6000e+02 6.2041e-01
-1.9000e+02 1.7000e+02 3.6365e-01
-1.9000e+02 1.8000e+02 3.2122e+00
-1.9000e+02 1.9000e+02 4.1994e-01
-1.9000e+02 2.0000e+02 1.8027e+00
-1.8000e+02 -2.0000e+02 1.2833e+00
-1.8000e+02 -1.9000e+02 -1.4212e-01
-1.8000e+02 -1.8000e+02 -1.3460e-01
-1.8000e+02 -1.7000e+02 -7.1632e-02
-1.8000e+02 -1.6000e+02 9.6392e-01
-1.8000e+02 -1.5000e+02 -4.1348e-01
-1.8000e+02 -1.4000e+02 -8.8013e-02
-1.8000e+02 -1.3000e+02 2.6814e-01
-1.8000e+02 -1.2000e+02 8.1663e-02
-1.8000e+02 -1.1000e+02 -1.6972e-01
-1.8000e+02 -1.0000e+02 -1.1090e+00
-1.8000e+02 -9.0000e+01 5.8782e-01
-1.8000e+02 -8.0000e+01 3.7714e+00
-1.8000e+02 -7.0000e+01 1.2124e+00
-1.8000e+02 -6.0000e+01 -7.1861e-02
-1.8000e+02 -5.0000e+01 -2.0838e+00
-1.8000e+02 -4.0000e+01 5.8072e-01
-1.8000e+02 -3.0000e+01 3.7717e-01
-1.8000e+02 -2.0000e+01 -5.4774e-01
-1.8000e+02 -1.0000e+01 6.6466e-01
-1.8000e+02 0.0000e+00 -2.4852e+00
-1.8000e+02 1.0000e+01 2.4530e-01
-1.8000e+02 2.0000e+01 3.0088e+00
-1.8000e+02 3.0000e+01 4.8615e-01
-1.8000e+02 4.0000e+01 -5.4583e-01
-1.8000e+02 5.0000e+01 1.1403e+00
-1.8000e+02 6.0000e+01 -3.0007e-01
-1.8000e+02 7.0000e+01 -8.5315e-01
-1.8000e+02 8.0000e+01 -8.6236e-02
-1.8000e+02 9.0000e+01 -2.1384e+00
-1.8000e+02 1.0000e+02 -1.4291e+00
-1.8000e+02 1.1000e+02 -6.9422e-01
-1.8000e+02 1.2000e+02 -2.7807e+00
-1.8000e+02 1.3000e+02 1.3236e+00
-1.8000e+02 1.4000e+02 5.6556e-01
-1.8000e+02 1.5000e+02 -3.3586e-02
-1.8000e+02 1.6000e+02 -5.5997e-02
-1.8000e+02 1.7000e+02 -2.6818e-01
-1.8000e+02 1.8000e+02 -3.8491e-01
-1.8000e+02 1.9000e+02 1.0013e+00
-1.8000e+02 2.0000e+02 -8.2854e-01
-1.7000e+02 -2.0000e+02 -2.7694e-01
-1.7000e+02 -1.9000e+02 8.3914e-01
-1.7000e+02 -1.8000e+02 -2.0526e-01
-1.7000e+02 -1.7000e+02 1.1695e+00
-1.7000e+02 -1.6000e+02 -9.6747e-01
-1.7000e+02 -1.5000e+02 7.7652e-02
-1.7000e+02 -1.4000e+02 1.7604e+00
-1.7000e+02 -1.3000e+02 3.7728e+00
-1.7000e+02 -1.2000e+02 1.2672e+00
-1.7000e+02 -1.1000e+02 -1.6085e+00
-1.7000e+02 -1.0000e+02 -8.9685e-02
-1.7000e+02 -9.0000e+01 1.1265e+00
-1.7000e+02 -8.0000e+01 1.0697e+00
-1.7000e+02 -7.0000e+01 1.7906e+00
-1.7000e+02 -6.0000e+01 1.8658e+00
-1.7000e+02 -5.0000e+01 2.3691e-01
-1.7000e+02 -4.0000e+01 -1.5761e+00
-1.7000e+02 -3.0000e+01 -9.5840e-01
-1.7000e+02 -2.0000e+01 1.2543e+00
-1.7000e+02 -1.0000e+01 -3.3927e+00
-1.7000e+02 0.0000e+00 -2.1243e+00
-1.7000e+02 1.0000e+01 -3.4919e-01
-1.7000e+02 2.0000e+01 5.1559e-01
-1.7000e+02 3.0000e+01 -2.4046e+00
-1.7000e+02 4.0000e+01 1.1529e+00
-1.7000e+02 5.0000e+01 5.7794e-01
-1.7000e+02 6.0000e+01 2.2081e-01
-1.7000e+02 7.0000e+01 1.2034e-01
-1.7000e+02 8.0000e+01 -1.0711e+00
-1.7000e+02 9.0000e+01 -1.2478e-01
-1.7000e+02 1.0000e+02 8.8518e-02
-1.7000e+02 1.1000e+02 -1.3204e+00
-1.7000e+02 1.2000e+02 6.4781e-01
-1.7000e+02 1.3000e+02 -1.5181e+00
-1.7000e+02 1.4000e+02 3.3214e+00
-1.7000e+02 1.5000e+02 1.7249e+00
-1.7000e+02 1.6000e+02 -2.0856e+00
-1.7000e+02 1.7000e+02 1.6213e+00
-1.7000e+02 1.8000e+02 1.5572e+00
-1.7000e+02 1.9000e+02 -1.4227e+00
-1.7000e+02 2.0000e+02 1.3500e+00
-1.6000e+02 -2.0000e+02 -1.3578e+00
-1.6000e+02 -1.9000e+02 2.5410e+00
-1.6000e+02 -1.8000e+02 -2.4056e+00
-1.6000e+02 -1.7000e+02 -1.7867e+00
-1.6000e+02 -1.6000e+02 -1.8958e+00
-1.6000e+02 -1.5000e+02 -1.2902e-01
-1.6000e+02 -1.4000e+02 8.9564e-01
-1.6000e+02 -1.3000e+02 -9.2554e-01
-1.6000e+02 -1.2000e+02 -2.5946e-01
-1.6000e+02 -1.1000e+02 3.0793e+00
-1.6000e+02 -1.0000e+02 1.1492e+00
-1.6000e+02 -9.0000e+01 -3.1496e+00
-1.6000e+02 -8.0000e+01 2.2708e+00
-1.6000e+02 -7.0000e+01 -2.0380e+00
-1.6000e+02 -6.0000e+01 -2.1809e+00
-1.6000e+02 -5.0000e+01 1.2405e-01
-1.6000e+02 -4.0000e+01 -1.3636e+00
-1.6000e+02 -3.0000e+01 7.9524e-01
-1.6000e+02 -2.0000e+01 -4.7269e-01
-1.6000e+02 -1.0000e+01 -1.4078e+00
-1.6000e+02 0.0000e+00 -8.8631e-01
-1.6000e+02 1.0000e+01 9.7207e-01
-1.6000e+02 2.0000e+01 -1.3347e+00
-1.6000e+02 3.0000e+01 -2.0292e-01
-1.6000e+02 4.0000e+01 1.6471e+00
-1.6000e+02 5.0000e+01 -3.3505e+00
-1.6000e+02 6.0000e+01 2.7674e+00
-1.6000e+02 7.0000e+01 -6.1413e-01
-1.6000e+02 8.0000e+01 -7.3634e-01
-1.6000e+02 9.0000e+01 -6.0920e-01
-1.6000e+02 1.0000e+02 1.2995e+00
-1.6000e+02 1.1000e+02 1.3106e+00
-1.6000e+02 1.2000e+02 6.1022e-01
-1.6000e+02 1.3000e+02 2.5340e-01
-1.6000e+02 1.4000e+02 1.6589e+00
-1.6000e+02 1.5000e+02 -7.9596e-01
-1.6000e+02 1.6000e+02 -2.2419e-01
-1.6000e+02 1.7000e+02 2.6596e+00
-1.6000e+02 1.8000e+02 7.5807e-01
-1.6000e+02 1.9000e+02 1.4980e+00
-1.6000e+02 2.0000e+02 1.1490e+00
-1.5000e+02 -2.0000e+02 -2.0051e+00
-1.5000e+02 -1.9000e+02 2.9998e-01
-1.5000e+02 -1.8000e+02 4.7885e-01
-1.5000e+02 -1.7000e+02 -2.3387e-01
-1.5000e+02 -1.6000e+02 4.3818e-01
-1.5000e+02 -1.5000e+02 2.4067e+00
-1.5000e+02 -1.4000e+02 -2.9742e-01
-1.5000e+02 -1.3000e+02 1.9343e+00
-1.5000e+02 -1.2000e+02 -7.4959e-01
-1.5000e+02 -1.1000e+02 2.1531e+00
-1.5000e+02 -1.0000e+02 -8.7621e-01
-1.5000e+02 -9.0000e+01 -3.6920e-01
-1.5000e+02 -8.0000e+01 -1.3218e+00
-1.5000e+02 -7.0000e+01 9.8553e-01
-1.5000e+02 -6.0000e+01 2.0078e+00
-1.5000e+02 -5.0000e+01 -9.1554e-01
-1.5000e+02 -4.0000e+01 -3.3247e+00
-1.5000e+02 -3.0000e+01 4.6050e-01
-1.5000e+02 -2.0000e+01 1.6974e+00
-1.5000e+02 -1.0000e+01 1.5812e+00
-1.5000e+02 0.0000e+00 -1.2070e+00
-1.5000e+02 1.0000e+01 2.3182e-01
-1.5000e+02 2.0000e+01 -1.2486e+00
-1.5000e+02 3.0000e+01 -1.1607e+00
-1.5000e+02 4.0000e+01 -9.1445e-01
-1.5000e+02 5.0000e+01 5.2282e-01
-1.5000e+02 6.0000e+01 1.5991e+00
-1.5000e+02 7.0000e+01 3.1889e-01
-1.5000e+02 8.0000e+01 -2.9051e+00
-1.5000e+02 9.0000e+01 1.9743e+00
-1.5000e+02 1.0000e+02 2.8178e+00
-1.5000e+02 1.1000e+02 -1.4943e+00
-1.5000e+02 1.2000e+02 -1.6216e+00
-1.5000e+02 1.3000e+02 4.4446e-01
-1.5000e+02 1.4000e+02 4.6078e+00
-1.5000e+02 1.5000e+02 -2.0587e+00
-1.5000e+02 1.6000e+02 1.9944e+00
-1.5000e+02 1.7000e+02 1.0893e+00
-1.5000e+02 1.8000e+02 -1.1241e+00
-1.5000e+02 1.9000e+02 -5.9519e-01
-1.5000e+02 2.0000e+02 -2.5557e+00
-1.4000e+02 -2.0000e+02 4.4773e-01
-1.4000e+02 -1.9000e+02 -1.8937e-01
-1.4000e+02 -1.8000e+02 6.3341e-01
-1.4000e+02 -1.7000e+02 1.4759e+00
-1.4000e+02 -1.6000e+02 1.7025e+00
-1.4000e+02 -1.5000e+02 1.0648e-01
-1.4000e+02 -1.4000e+02 -1.4357e+00
-1.4000e+02 -1.3000e+02 -2.1396e+00
-1.4000e+02 -1.2000e+02 -9.3047e-01
-1.4000e+02 -1.1000e+02 -2.4675e-01
-1.4000e+02 -1.0000e+02 2.0888e+00
-1.4000e+02 -9.0000e+01 -3.4529e+00
-1.4000e+02 -8.0000e+01 1.8319e+00
-1.4000e+02 -7.0000e+01 -9.9463e-01
-1.4000e+02 -6.0000e+01 -2.5355e+00
-1.4000e+02 -5.0000e+01 2.7555e+00
-1.4000e+02 -4.0000e+01 4.0945e-01
-1.4000e+02 -3.0000e+01 2.2346e+00
-1.4000e+02 -2.0000e+01 -1.5744e+00
-1.4000e+02 -1.0000e+01 -4.8220e-03
-1.4000e+02 0.0000e+00 -6.2153e-01
-1.4000e+02 1.0000e+01 -1.3999e-01
-1.4000e+02 2.0000e+01 -3.7130e+00
-1.4000e+02 3.0000e+01 4.9029e-01
-1.4000e+02 4.0000e+01 -1.5373e+00
-1.4000e+02 5.0000e+01 7.5659e-01
-1.4000e+02 6.0000e+01 -1.4328e+00
-1.4000e+02 7.0000e+01 -2.1106e+00
-1.4000e+02 8.0000e+01 9.0870e-01
-1.4000e+02 9.0000e+01 1.1447e+00
-1.4000e+02 1.0000e+02 -3.3006e+00
-1.4000e+02 1.1000e+02 1.2086e+00
-1.4000e+02 1.2000e+02 2.3079e+00
-1.4000e+02 1.3000e+02 -1.7264e+00
-1.4000e+02 1.4000e+02 1.0328e+00
-1.4000e+02 1.5000e+02 -2.2439e+00
-1.4000e+02 1.6000e+02 -6.4002e-01
-1.4000e+02 1.7000e+02 -1.9622e+00
-1.4000e+02 1.8000e+02 2.1827e+00
-1.4000e+02 1.9000e+02 -3.5780e-01
-1.4000e+02 2.0000e+02 1.0299e+00
-1.3000e+02 -2.0000e+02 -1.0412e+00
-1.3000e+02 -1.9000e+02 -5.6119e-01
-1.3000e+02 -1.8000e+02 -2.5053e+00
-1.3000e+02 -1.7000e+02 2.6138e+00
-1.3000e+02 -1.6000e+02 1.7542e+00
-1.3000e+02 -1.5000e+02 -2.8282e-01
-1.3000e+02 -1.4000e+02 1.2514e+00
-1.3000e+02 -1.3000e+02 1.2307e+00
-1.3000e+02 -1.2000e+02 -1.8474e+00
-1.3000e+02 -1.1000e+02 -1.2552e+00
-1.3000e+02 -1.0000e+02 -1.6849e+00
-1.3000e+02 -9.0000e+01 1.2909e+00
-1.3000e+02 -8.0000e+01 2.3900e+00
-1.3000e+02 -7.0000e+01 -1.8863e+00
-1.3000e+02 -6.0000e+01 7.3666e-01
-1.3000e+02 -5.0000e+01 4.4617e-01
-1.3000e+02 -4.0000e+01 -1.6017e+00
-1.3000e+02 -3.0000e+01 -2.2822e-01
-1.3000e+02 -2.0000e+01 1.5619e+00
-1.3000e+02 -1.0000e+01 -8.9373e-01
-1.3000e+02 0.0000e+00 -3.4783e+00
-1.3000e+02 1.0000e+01 -2.6244e+00
-1.3000e+02 2.0000e+01 3.8273e-01
-1.3000e+02 3.0000e+01 -2.5959e+00
-1.3000e+02 4.0000e+01 -1.8230e+00
-1.3000e+02 5.0000e+01 -2.6036e+00
-1.3000e+02 6.0000e+01 -8.4277e-01
-1.3000e+02 7.0000e+01 -2.3243e+00
-1.3000e+02 8.0000e+01 -1.1968e+00
-1.3000e+02 9.0000e+01 -7.9747e-01
-1.3000e+02 1.0000e+02 -2.8982e+00
-1.3000e+02 1.1000e+02 1.3621e+00
-1.3000e+02 1.2000e+02 -5.5621e-01
-1.3000e+02 1.3000e+02 9.6395e-01
-1.3000e+02 1.4000e+02 4.4296e-01
-1.3000e+02 1.5000e+02 -1.2320e+00
-1.3000e+02 1.6000e+02 1.3716e+00
-1.3000e+02 1.7000e+02 -6.7364e-01
-1.3000e+02 1.8000e+02 -5.3184e-01
-1.3000e+02 1.9000e+02 -1.8961e-01
-1.3000e+02 2.0000e+02 -3.6756e-01
-1.2000e+02 -2.0000e+02 -4.7295e-02
-1.2000e+02 -1.9000e+02 4.6350e-01
-1.2000e+02 -1.8000e+02 -4.5296e-01
-1.2000e+02 -1.7000e+02 5.0680e-01
-1.2000e+02 -1.6000e+02 -4.0284e-02
-1.2000e+02 -1.5000e+02 -1.6557e+00
-1.2000e+02 -1.4000e+02 1.1175e+00
-1.2000e+02 -1.3000e+02 1.6010e+00
-1.2000e+02 -1.2000e+02 1.7024e-01
-1.2000e+02 -1.1000e+02 7.3663e-01
-1.2000e+02 -1.0000e+02 -1.2872e+00
-1.2000e+02 -9.0000e+01 1.0825e+00
-1.2000e+02 -8.0000e+01 -1.7259e+00
-1.2000e+02 -7.0000e+01 -8.2827e-01
-1.2000e+02 -6.0000e+01 -2.2947e+00
-1.2000e+02 -5.0000e+01 -2.6765e-01
-1.2000e+02 -4.0000e+01 -3.3897e+00
-1.2000e+02 -3.0000e+01 -3.7932e+00
-1.2000e+02 -2.0000e+01 -1.3149e+00
-1.2000e+02 -1.0000e+01 -4.1114e+00
-1.2000e+02 0.0000e+00 -1.6902e+00
-1.2000e+02 1.0000e+01 -1.9293e+00
-1.2000e+02 2.0000e+01 -1.7130e+00
-1.2000e+02 3.0000e+01 -4.1755e+00
-1.2000e+02 4.0000e+01 7.7650e-01
-1.2000e+02 5.0000e+01 -1.8785e+00
-1.2000e+02 6.0000e+01 1.4753e+00
-1.2000e+02 7.0000e+01 -3.5187e+00
-1.2000e+02 8.0000e+01 1.0059e+00
-1.2000e+02 9.0000e+01 2.2862e-01
-1.2000e+02 1.0000e+02 1.2338e+00
-1.2000e+02 1.1000e+02 -1.5827e+00
-1.2000e+02 1.2000e+02 -1.4995e+00
-1.2000e+02 1.3000e+02 -1.2067e-01
-1.2000e+02 1.4000e+02 -2.2845e+00
-1.2000e+02 1.5000e+02 -2.7981e-02
-1.2000e+02 1.6000e+02 3.7682e-01
-1.2000e+02 1.7000e+02 1.2815e+00
-1.2000e+02 1.8000e+02 -3.6637e-01
-1.2000e+02 1.9000e+02 1.9240e-01
-1.2000e+02 2.0000e+02 -2.0639e+00
-1.1000e+02 -2.0000e+02 5.5461e-01
-1.1000e+02 -1.9000e+02 2.2663e+00
-1.1000e+02 -1.8000e+02 -7.6650e-01
-1.1000e+02 -1.7000e+02 1.0339e+00
-1.1000e+02 -1.6000e+02 2.0477e+00
-1.1000e+02 -1.5000e+02 -2.4041e+00
-1.1000e+02 -1.4000e+02 1.9469e+00
-1.1000e+02 -1.3000e+02 4.1988e-01
-1.1000e+02 -1.2000e+02 -3.1943e+00
-1.1000e+02 -1.1000e+02 -3.4014e+00
-1.1000e+02 -1.0000e+02 -2.5728e-01
-1.1000e+02 -9.0000e+01 1.4978e+00
-1.1000e+02 -8.0000e+01 -2.1555e+00
-1.1000e+02 -7.0000e+01 -1.4811e+00
-1.1000e+02 -6.0000e+01 -2.2878e+00
-1.1000e+02 -5.0000e+01 -3.1845e+00
-1.1000e+02 -4.0000e+01 1.1075e+00
-1.1000e+02 -3.0000e+01 -4.9576e+00
-1.1000e+02 -2.0000e+01 -3.9273e+00
-1.1000e+02 -1.0000e+01 5.8987e-01
-1.1000e+02 0.0000e+00 -1.9920e+00
-1.1000e+02 1.0000e+01 -2.7443e+00
-1.1000e+02 2.0000e+01 -3.9806e+00
-1.1000e+02 3.0000e+01 -1.7478e+00
-1.1000e+02 4.0000e+01 -5.3002e-01
-1.1000e+02 5.0000e+01 -3.1592e+00
-1.1000e+02 6.0000e+01 -1.5589e+00
-1.1000e+02 7.0000e+01 -1.1733e+00
-1.1000e+02 8.0000e+01 -1.0872e+00
-1.1000e+02 9.0000e+01 7.3257e-01
-1.1000e+02 1.0000e+02 -9.3292e-01
-1.1000e+02 1.1000e+02 -1.2208e+00
-1.1000e+02 1.2000e+02 5.6606e-01
-1.1000e+02 1.3000e+02 6.5380e-01
-1.1000e+02 1.4000e+02 -4.1488e-01
-1.1000e+02 1.5000e+02 7.8964e-01
-1.1000e+02 1.6000e+02 -1.2047e-01
-1.1000e+02 1.7000e+02 2.9397e+00
-1.1000e+02 1.8000e+02 3.3729e+00
-1.1000e+02 1.9000e+02 -1.2156e+00
-1.1000e+02 2.0000e+02 -3.6953e-01
-1.0000e+02 -2.0000e+02 -2.9282e-02
-1.0000e+02 -1.9000e+02 2.3843e-01
-1.0000e+02 -1.8000e+02 -4.9998e-01
-1.0000e+02 -1.7000e+02 -1.2755e+00
-1.0000e+02 -1.6000e+02 -2.1934e+00
-1.0000e+02 -1.5000e+02 1.8419e+00
-1.0000e+02 -1.4000e+02 5.3682e-01
-1.0000e+02 -1.3000e+02 4.9470e-01
-1.0000e+02 -1.2000e+02 5.8646e-01
-1.0000e+02 -1.1000e+02 -9.0638e-01
-1.0000e+02 -1.0000e+02 2.7775e+00
-1.0000e+02 -9.0000e+01 -2.6236e+00
-1.0000e+02 -8.0000e+01 -4.9010e+00
-1.0000e+02 -7.0000e+01 3.5526e+00
-1.0000e+02 -6.0000e+01 -2.4644e+00
-1.0000e+02 -5.0000e+01 -2.0751e+00
-1.0000e+02 -4.0000e+01 -2.6033e+00
-1.0000e+02 -3.0000e+01 -2.8345e+00
-1.0000e+02 -2.0000e+01 -3.8452e+00
-1.0000e+02 -1.0000e+01 -2.1846e+00
-1.0000e+02 0.0000e+00 -1.8810e+00
-1.0000e+02 1.0000e+01 -4.8694e+00
-1.0000e+02 2.0000e+01 -3.3572e+00
-1.0000e+02 3.0000e+01 -1.1775e+00
-1.0000e+02 4.0000e+01 -1.4149e+00
-1.0000e+02 5.0000e+01 -1.8293e+00
-1.0000e+02 6.0000e+01 -1.0934e+00
-1.0000e+02 7.0000e+01 -1.4478e+00
-1.0000e+02 8.0000e+01 -1.0207e+00
-1.0000e+02 9.0000e+01 -1.3707e+00
-1.0000e+02 1.0000e+02 -1.1856e+00
-1.0000e+02 1.1000e+02 3.6864e-01
-1.0000e+02 1.2000e+02 -2.3754e+00
-1.0000e+02 1.3000e+02 -1.7935e-01
-1.0000e+02 1.4000e+02 -1.9684e+00
-1.0000e+02 1.5000e+02 -1.1191e+00
-1.0000e+02 1.6000e+02 -3.9243e-01
-1.0000e+02 1.7000e+02 -5.6317e-02
-1.0000e+02 1.8000e+02 1.2451e+00
-1.0000e+02 1.9000e+02 3.4154e+00
-1.0000e+02 2.0000e+02 -1.0368e+00
-9.0000e+01 -2.0000e+02 3.0386e+00
-9.0000e+01 -1.9000e+02 5.5458e-01
-9.0000e+01 -1.8000e+02 -5.5124e-01
-9.0000e+01 -1.7000e+02 -2.4370e-01
-9.0000e+01 -1.6000e+02 -2.7707e+00
-9.0000e+01 -1.5000e+02 1.0445e+00
-9.0000e+01 -1.4000e+02 1.4097e+00
-9.0000e+01 -1.3000e+02 1.7583e+00
-9.0000e+01 -1.2000e+02 4.0889e+00
-9.0000e+01 -1.1000e+02 -1.4257e+00
-9.0000e+01 -1.0000e+02 2.5014e-01
-9.0000e+01 -9.0000e+01 6.5228e-01
-9.0000e+01 -8.0000e+01 -1.6138e+00
-9.0000e+01 -7.0000e+01 -2.6113e+00
-9.0000e+01 -6.0000e+01 -3.1397e+00
-9.0000e+01 -5.0000e+01 -1.7282e+00
-9.0000e+01 -4.0000e+01 -2.2311e+00
-9.0000e+01 -3.0000e+01 -3.8802e+00
-9.0000e+01 -2.0000e+01 -5.3022e+00
-9.0000e+01 -1.0000e+01 -4.3607e+00
-9.0000e+01 0.0000e+00 -4.9387e+00
-9.0000e+01 1.0000e+01 -3.2642e+00
-9.0000e+01 2.0000e+01 -2.1151e+00
-9.0000e+01 3.0000e+01 -5.4299e+00
-9.0000e+01 4.0000e+01 -1.3932e+00
-9.0000e+01 5.0000e+01 -2.1165e+00
-9.0000e+01 6.0000e+01 -1.8869e+00
-9.0000e+01 7.0000e+01 -3.0456e+00
-9.0000e+01 8.0000e+01 -8.9587e-01
-9.0000e+01 9.0000e+01 -1.3227e+00
-9.0000e+01 1.0000e+02 -1.3390e+00
-9.0000e+01 1.1000e+02 -1.8584e+00
-9.0000e+01 1.2000e+02 7.6872e-01
-9.0000e+01 1.3000e+02 1.0621e+00
-9.0000e+01 1.4000e+02 -2.3047e+00
-9.0000e+01 1.5000e+02 2.8223e-01
-9.0000e+01 1.6000e+02 1.2469e+00
-9.0000e+01 1.7000e+02 8.0591e-01
-9.0000e+01 1.8000e+02 -7.9574e-02
-9.0000e+01 1.9000e+02 4.0990e+00
-9.0000e+01 2.0000e+02 1.5809e-01
-8.0000e+01 -2.0000e+02 -3.3040e-01
-8.0000e+01 -1.9000e+02 -6.6282e-01
-8.0000e+01 -1.8000e+02 -1.3916e+00
-8.0000e+01 -1.7000e+02 1.0801e+00
-8.0000e+01 -1.6000e+02 1.6770e-01
-8.0000e+01 -1.5000e+02 -5.8188e-02
-8.0000e+01 -1.4000e+02 -3.6266e-01
-8.0000e+01 -1.3000e+02 1.0900e+00
-8.0000e+01 -1.2000e+02 -2.7546e+00
-8.0000e+01 -1.1000e+02 -2.1097e+00
-8.0000e+01 -1.0000e+02 -2.4600e-01
-8.0000e+01 -9.0000e+01 -2.2751e+00
-8.0000e+01 -8.0000e+01 -2.0125e+00
-8.0000e+01 -7.0000e+01 -2.6833e+00
-8.0000e+01 -6.0000e+01 -3.1839e+00
-8.0000e+01 -5.0000e+01 1.6380e-01
-8.0000e+01 -4.0000e+01 -2.4267e+00
-8.0000e+01 -3.0000e+01 -7.3438e+00
-8.0000e+01 -2.0000e+01 -6.1034e+00
-8.0000e+01 -1.0000e+01 -5.1203e+00
-8.0000e+01 0.0000e+00 -6.7547e+00
-8.0000e+01 1.0000e+01 -4.9925e+00
-8.0000e+01 2.0000e+01 -3.2938e+00
-8.0000e+01 3.0000e+01 -5.1180e+00
-8.0000e+01 4.0000e+01 -1.6712e+00
-8.0000e+01 5.0000e+01 -8.1753e+00
-8.0000e+01 6.0000e+01 -5.7603e+00
-8.0000e+01 7.0000e+01 -2.5447e+00
-8.0000e+01 8.0000e+01 -4.8598e-01
-8.0000e+01 9.0000e+01 -2.5963e+00
-8.0000e+01 1.0000e+02 -2.0402e+00
-8.0000e+01 1.1000e+02 1.0264e+00
-8.0000e+01 1.2000e+02 -1.4781e+00
-8.0000e+01 1.3000e+02 3.5954e-02
-8.0000e+01 1.4000e+02 1.8346e-01
-8.0000e+01 1.5000e+02 -8.6131e-01
-8.0000e+01 1.6000e+02 1.7896e-01
-8.0000e+01 1.7000e+02 3.6138e-01
-8.0000e+01 1.8000e+02 -1.5119e+00
-8.0000e+01 1.9000e+02 -7.0687e-01
-8.0000e+01 2.0000e+02 -2.1620e+00
-7.0000e+01 -2.0000e+02 1.4934e+00
-7.0000e+01 -1.9000e+02 1.3980e+00
-7.0000e+01 -1.8000e+02 1.3043e+00
-7.0000e+01 -1.7000e+02 2.2848e+00
-7.0000e+01 -1.6000e+02 -3.0389e-01
-7.0000e+01 -1.5000e+02 2.0130e+00
-7.0000e+01 -1.4000e+02 1.6522e-01
-7.0000e+01 -1.3000e+02 -2.1672e+00
-7.0000e+01 -1.2000e+02 2.8428e-01
-7.0000e+01 -1.1000e+02 -2.4125e-01
-7.0000e+01 -1.0000e+02 5.1592e-01
-7.0000e+01 -9.0000e+01 -1.2107e+00
-7.0000e+01 -8.0000e+01 -1.6009e+00
-7.0000e+01 -7.0000e+01 -2.7612e+00
-7.0000e+01 -6.0000e+01 -4.5446e+00
-7.0000e+01 -5.0000e+01 -5.0067e+00
-7.0000e+01 -4.0000e+01 -2.0492e+00
-7.0000e+01 -3.0000e+01 -4.8395e+00
-7.0000e+01 -2.0000e+01 -7.8422e+00
-7.0000e+01 -1.0000e+01 -8.0660e+00
-7.0000e+01 0.0000e+00 -8.2847e+00
-7.0000e+01 1.0000e+01 -1.0136e+01
-7.0000e+01 2.0000e+01 -2.5952e+00
-7.0000e+01 3.0000e+01 -6.3925e+00
-7.0000e+01 4.0000e+01 -6.9891e+00
-7.0000e+01 5.0000e+01 -5.3917e+00
-7.0000e+01 6.0000e+01 -5.9281e+00
-7.0000e+01 7.0000e+01 -2.8662e+00
-7.0000e+01 8.0000e+01 -1.6300e+00
-7.0000e+01 9.0000e+01 -1.4243e+00
-7.0000e+01 1.0000e+02 -3.6445e+00
-7.0000e+01 1.1000e+02 -9.9209e-01
-7.0000e+01 1.2000e+02 -1.1188e+00
-7.0000e+01 1.3000e+02 -2.4863e-01
-7.0000e+01 1.4000e+02 -1.7556e+00
-7.0000e+01 1.5000e+02 -2.1519e+00
-7.0000e+01 1.6000e+02 5.5145e-01
-7.0000e+01 1.7000e+02 -1.2774e-01
-7.0000e+01 1.8000e+02 8.5393e-02
-7.0000e+01 1.9000e+02 7.9509e-01
-7.0000e+01 2.0000e+02 3.6764e-02
-6.0000e+01 -2.0000e+02 -6.8182e-02
-6.0000e+01 -1.9000e+02 1.6981e+00
-6.0000e+01 -1.8000e+02 1.7758e+00
-6.0000e+01 -1.7000e+02 1.4921e+00
-6.0000e+01 -1.6000e+02 8.4491e-01
-6.0000e+01 -1.5000e+02 5.2253e-01
-6.0000e+01 -1.4000e+02 1.3723e+00
-6.0000e+01 -1.3000e+02 -1.8044e+00
-6.0000e+01 -1.2000e+02 2.0551e+00
-6.0000e+01 -1.1000e+02 -1.4324e+00
-6.0000e+01 -1.0000e+02 -2.2591e+00
-6.0000e+01 -9.0000e+01 -3.0798e-01
-6.0000e+01 -8.0000e+01 -4.8711e+00
-6.0000e+01 -7.0000e+01 -4.9628e+00
-6.0000e+01 -6.0000e+01 -6.2053e+00
-6.0000e+01 -5.0000e+01 -4.3678e+00
-6.0000e+01 -4.0000e+01 -8.6910e+00
-6.0000e+01 -3.0000e+01 -9.5587e+00
-6.0000e+01 -2.0000e+01 -7.7835e+00
-6.0000e+01 -1.0000e+01 -9.8138e+00
-6.0000e+01 0.0000e+00 -8.6639e+00
-6.0000e+01 1.0000e+01 -7.7816e+00
-6.0000e+01 2.0000e+01 -6.8634e+00
-6.0000e+01 3.0000e+01 -5.7512e+00
-6.0000e+01 4.0000e+01 -3.7256e+00
-6.0000e+01 5.0000e+01 -8.0848e+00
-6.0000e+01 6.0000e+01 -3.9257e+00
-6.0000e+01 7.0000e+01 -2.8960e+00
-6.0000e+01 8.0000e+01 -4.9774e+00
-6.0000e+01 9.0000e+01 -2.0040e-01
-6.0000e+01 1.0000e+02 -1.2332e+00
-6.0000e+01 1.1000e+02 -3.1187e+00
-6.0000e+01 1.2000e+02 8.1828e-01
-6.0000e+01 1.3000e+02 -2.5009e+00
-6.0000e+01 1.4000e+02 -5.6732e-01
-6.0000e+01 1.5000e+02 -1.9695e+00
-6.0000e+01 1.6000e+02 1.6439e+00
-6.0000e+01 1.7000e+02 -2.0739e+00
-6.0000e+01 1.8000e+02 -2.3080e+00
-6.0000e+01 1.9000e+02 -1.8267e+00
-6.0000e+01 2.0000e+02 1.0809e-01
-5.0000e+01 -2.0000e+02 6.1266e-01
-5.0000e+01 -1.9000e+02 -2.2867e+00
-5.0000e+01 -1.8000e+02 -2.4986e+00
-5.0000e+01 -1.7000e+02 -2.2286e+00
-5.0000e+01 -1.6000e+02 -2.3497e+00
-5.0000e+01 -1.5000e+02 1.8335e+00
-5.0000e+01 -1.4000e+02 9.3744e-02
-5.0000e+01 -1.3000e+02 1.5619e-02
-5.0000e+01 -1.2000e+02 1.4478e+00
-5.0000e+01 -1.1000e+02 -1.3589e+00
-5.0000e+01 -1.0000e+02 -2.7610e+00
-5.0000e+01 -9.0000e+01 -2.4038e+00
-5.0000e+01 -8.0000e+01 -4.2213e+00
-5.0000e+01 -7.0000e+01 -3.3471e+00
-5.0000e+01 -6.0000e+01 -3.3546e+00
-5.0000e+01 -5.0000e+01 -5.3640e+00
-5.0000e+01 -4.0000e+01 -8.6119e+00
-5.0000e+01 -3.0000e+01 -7.9063e+00
-5.0000e+01 -2.0000e+01 -7.1535e+00
-5.0000e+01 -1.0000e+01 -9.6413e+00
-5.0000e+01 0.0000e+00 -8.8291e+00
-5.0000e+01 1.0000e+01 -1.0226e+01
-5.0000e+01 2.0000e+01 -1.0570e+01
-5.0000e+01 3.0000e+01 -8.3911e+00
-5.0000e+01 4.0000e+01 -7.4954e+00
-5.0000e+01 5.0000e+01 -9.5033e+00
-5.0000e+01 6.0000e+01 -9.6144e+00
-5.0000e+01 7.0000e+01 -4.6187e+00
-5.0000e+01 8.0000e+01 -4.1112e+00
-5.0000e+01 9.0000e+01 -3.3797e+00
-5.0000e+01 1.0000e+02 -5.9945e-01
-5.0000e+01 1.1000e+02 -1.2213e+00
-5.0000e+01 1.2000e+02 2.6679e-01
-5.0000e+01 1.3000e+02 -6.8249e-01
-5.0000e+01 1.4000e+02 -3.4990e-01
-5.0000e+01 1.5000e+02 8.1524e-02
-5.0000e+01 1.6000e+02 1.7035e-01
-5.0000e+01 1.7000e+02 2.0467e+00
-5.0000e+01 1.8000e+02 -9.0497e-02
-5.0000e+01 1.9000e+02 2.9438e+00
-5.0000e+01 2.0000e+02 -1.8409e+00
-4.0000e+01 -2.0000e+02 -2.0397e+00
-4.0000e+01 -1.9000e+02 -3.2908e+00
-4.0000e+01 -1.8000e+02 -7.1294e-01
-4.0000e+01 -1.7000e+02 -1.6801e+00
-4.0000e+01 -1.6000e+02 9.4671e-01
-4.0000e+01 -1.5000e+02 1.3918e+00
-4.0000e+01 -1.4000e+02 -1.0267e+00
-4.0000e+01 -1.3000e+02 -7.0373e-01
-4.0000e+01 -1.2000e+02 -1.3615e+00
-4.0000e+01 -1.1000e+02 -6.0195e-01
-4.0000e+01 -1.0000e+02 -2.1785e+00
-4.0000e+01 -9.0000e+01 -1.4403e+00
-4.0000e+01 -8.0000e+01 -4.6656e+00
-4.0000e+01 -7.0000e+01 -6.0585e+00
-4.0000e+01 -6.0000e+01 -5.9840e+00
-4.0000e+01 -5.0000e+01 -9.9550e+00
-4.0000e+01 -4.0000e+01 -9.3783e+00
-4.0000e+01 -3.0000e+01 -1.2032e+01
-4.0000e+01 -2.0000e+01 -1.1418e+01
-4.0000e+01 -1.0000e+01 -1.2928e+01
-4.0000e+01 0.0000e+00 -1.1010e+01
-4.0000e+01 1.0000e+01 -1.2032e+01
-4.0000e+01 2.0000e+01 -1.1123e+01
-4.0000e+01 3.0000e+01 -9.7175e+00
-4.0000e+01 4.0000e+01 -9.7340e+00
-4.0000e+01 5.0000e+01 -9.4879e+00
-4.0000e+01 6.0000e+01 -5.5054e+00
-4.0000e+01 7.0000e+01 -5.4049e+00
-4.0000e+01 8.0000e+01 -5.3496e+00
-4.0000e+01 9.0000e+01 -2.2975e+00
-4.0000e+01 1.0000e+02 2.2467e+00
-4.0000e+01 1.1000e+02 5.6556e-01
-4.0000e+01 1.2000e+02 1.8810e+00
-4.0000e+01 1.3000e+02 2.3531e+00
-4.0000e+01 1.4000e+02 1.1595e+00
-4.0000e+01 1.5000e+02 4.9294e-01
-4.0000e+01 1.6000e+02 -2.4136e-01
-4.0000e+01 1.7000e+02 -1.2623e+00
-4.0000e+01 1.8000e+02 -1.4706e+00
-4.0000e+01 1.9000e+02 -1.0275e+00
-4.0000e+01 2.0000e+02 -1.1183e+00
-3.0000e+01 -2.0000e+02 -2.2408e-01
-3.0000e+01 -1.9000e+02 -3.0199e+00
-3.0000e+01 -1.8000e+02 1.0897e+00
-3.0000e+01 -1.7000e+02 -1.6305e+00
-3.0000e+01 -1.6000e+02 -1.4387e-01
-3.0000e+01 -1.5000e+02 2.4185e-02
-3.0000e+01 -1.4000e+02 -2.7960e+00
-3.0000e+01 -1.3000e+02 -1.0916e+00
-3.0000e+01 -1.2000e+02 3.4982e-01
-3.0000e+01 -1.1000e+02 -2.7539e+00
-3.0000e+01 -1.0000e+02 -3.7525e+00
-3.0000e+01 -9.0000e+01 -4.4251e+00
-3.0000e+01 -8.0000e+01 -6.6236e+00
-3.0000e+01 -7.0000e+01 -6.3103e+00
-3.0000e+01 -6.0000e+01 -5.8629e+00
-3.0000e+01 -5.0000e+01 -9.2171e+00
-3.0000e+01 -4.0000e+01 -1.0002e+01
-3.0000e+01 -3.0000e+01 -1.1159e+01
-3.0000e+01 -2.0000e+01 -1.3009e+01
-3.0000e+01 -1.0000e+01 -1.3665e+01
-3.0000e+01 0.0000e+00 -1.3875e+01
-3.0000e+01 1.0000e+01 -1.2345e+01
-3.0000e+01 2.0000e+01 -1.1935e+01
-3.0000e+01 3.0000e+01 -1.2216e+01
-3.0000e+01 4.0000e+01 -1.1686e+01
-3.0000e+01 5.0000e+01 -8.0998e+00
-3.0000e+01 6.0000e+01 -6.9156e+00
-3.0000e+01 7.0000e+01 -5.6812e+00
-3.0000e+01 8.0000e+01 -7.5277e+00
-3.0000e+01 9.0000e+01 -4.2651e+00
-3.0000e+01 1.0000e+02 -2.8626e+00
-3.0000e+01 1.1000e+02 -1.6485e+00
-3.0000e+01 1.2000e+02 -2.9195e+00
-3.0000e+01 1.3000e+02 -1.0908e+00
-3.0000e+01 1.4000e+02 -1.3156e+00
-3.0000e+01 1.5000e+02 -3.1741e+00
-3.0000e+01 1.6000e+02 1.9065e+00
-3.0000e+01 1.7000e+02 -3.9091e-01
-3.0000e+01 1.8000e+02 2.2012e+00
-3.0000e+01 1.9000e+02 -1.0021e-01
-3.0000e+01 2.0000e+02 1.1609e+00
-2.0000e+01 -2.0000e+02 2.5595e-01
-2.0000e+01 -1.9000e+02 -1.3975e+00
-2.0000e+01 -1.8000e+02 1.1212e+00
-2.0000e+01 -1.7000e+02 3.2056e+00
-2.0000e+01 -1.6000e+02 -2.3411e-01
-2.0000e+01 -1.5000e+02 -2.3254e-01
-2.0000e+01 -1.4000e+02 2.5439e+00
-2.0000e+01 -1.3000e+02 -1.7277e+00
-2.0000e+01 -1.2000e+02 -4.4393e+00
-2.0000e+01 -1.1000e+02 -3.4883e+00
-2.0000e+01 -1.0000e+02 -4.6518e+00
-2.0000e+01 -9.0000e+01 -3.3289e+00
-2.0000e+01 -8.0000e+01 -5.3957e+00
-2.0000e+01 -7.0000e+01 -8.9375e+00
-2.0000e+01 -6.0000e+01 -8.2646e+00
-2.0000e+01 -5.0000e+01 -8.2158e+00
-2.0000e+01 -4.0000e+01 -8.5359e+00
-2.0000e+01 -3.0000e+01 -1.1924e+01
-2.0000e+01 -2.0000e+01 -1.2262e+01
-2.0000e+01 -1.0000e+01 -1.3585e+01
-2.0000e+01 0.0000e+00 -1.3985e+01
-2.0000e+01 1.0000e+01 -1.5535e+01
-2.0000e+01 2.0000e+01 -1.3046e+01
-2.0000e+01 3.0000e+01 -1.1039e+01
-2.0000e+01 4.0000e+01 -1.0716e+01
-2.0000e+01 5.0000e+01 -8.9164e+00
-2.0000e+01 6.0000e+01 -5.1508e+00
-2.0000e+01 7.0000e+01 -7.6289e+00
-2.0000e+01 8.0000e+01 -5.3872e+00
-2.0000e+01 9.0000e+01 -3.7981e+00
-2.0000e+01 1.0000e+02 -6.0156e+00
-2.0000e+01 1.1000e+02 -3.0295e+00
-2.0000e+01 1.2000e+02 -1.4207e+00
-2.0000e+01 1.3000e+02 -2.4655e+00
-2.0000e+01 1.4000e+02 -9.5705e-01
-2.0000e+01 1.5000e+02 -2.3587e+00
-2.0000e+01 1.6000e+02 -1.9478e+00
-2.0000e+01 1.7000e+02 -1.3146e+00
-2.0000e+01 1.8000e+02 6.3821e-01
-2.0000e+01 1.9000e+02 -2.5562e-01
-2.0000e+01 2.0000e+02 4.1694e+00
-1.0000e+01 -2.0000e+02 3.9807e-01
-1.0000e+01 -1.9000e+02 4.7772e-01
-1.0000e+01 -1.8000e+02 2.5617e+00
-1.0000e+01 -1.7000e+02 8.2645e-01
-1.0000e+01 -1.6000e+02 -1.2487e+00
-1.0000e+01 -1.5000e+02 -1.2232e+00
-1.0000e+01 -1.4000e+02 -1.2340e+00
-1.0000e+01 -1.3000e+02 -2.9625e+00
-1.0000e+01 -1.2000e+02 -2.6148e+00
-1.0000e+01 -1.1000e+02 -1.8449e+00
-1.0000e+01 -1.0000e+02 -4.0224e+00
-1.0000e+01 -9.0000e+01 -2.2699e+00
-1.0000e+01 -8.0000e+01 -6.4155e+00
-1.0000e+01 -7.0000e+01 -6.5320e+00
-1.0000e+01 -6.0000e+01 -6.8213e+00
-1.0000e+01 -5.0000e+01 -7.0865e+00
-1.0000e+01 -4.0000e+01 -1.0326e+01
-1.0000e+01 -3.0000e+01 -1.3570e+01
-1.0000e+01 -2.0000e+01 -1.5217e+01
-1.0000e+01 -1.0000e+01 -1.6028e+01
-1.0000e+01 0.0000e+00 -1.4453e+01
-1.0000e+01 1.0000e+01 -1.4964e+01
-1.0000e+01 2.0000e+01 -1.2450e+01
-1.0000e+01 3.0000e+01 -1.1800e+01
-1.0000e+01 4.0000e+01 -1.0252e+01
-1.0000e+01 5.0000e+01 -8.6429e+00
-1.0000e+01 6.0000e+01 -6.4436e+00
-1.0000e+01 7.0000e+01 -5.8493e+00
-1.0000e+01 8.0000e+01 -3.4995e+00
-1.0000e+01 9.0000e+01 -5.6108e+00
-1.0000e+01 1.0000e+02 -3.0471e+00
-1.0000e+01 1.1000e+02 -1.1119e+00
-1.0000e+01 1.2000e+02 -1.6032e+00
-1.0000e+01 1.3000e+02 -1.8042e-01
-1.0000e+01 1.4000e+02 -1.2235e+00
-1.0000e+01 1.5000e+02 3.3656e+00
-1.0000e+01 1.6000e+02 -6.8333e-01
-1.0000e+01 1.7000e+02 4.1441e-01
-1.0000e+01 1.8000e+02 -1.7286e+00
-1.0000e+01 1.9000e+02 2.0708e+00
-1.0000e+01 2.0000e+02 -1.6478e+00
0.0000e+00 -2.0000e+02 7.4465e-02
0.0000e+00 -1.9000e+02 1.1682e+00
0.0000e+00 -1.8000e+02 -1.6772e+00
0.0000e+00 -1.7000e+02 -7.3428e-01
0.0000e+00 -1.6000e+02 2.2625e-01
0.0000e+00 -1.5000e+02 1.6497e+00
0.0000e+00 -1.4000e+02 -3.3369e+00
0.0000e+00 -1.3000e+02 -7.4237e-01
0.0000e+00 -1.2000e+02 -4.1370e-01
0.0000e+00 -1.1000e+02 -3.3935e+00
0.0000e+00 -1.0000e+02 -1.2188e+00
0.0000e+00 -9.0000e+01 -5.1965e+00
0.0000e+00 -8.0000e+01 -6.3175e+00
0.0000e+00 -7.0000e+01 -7.3857e+00
0.0000e+00 -6.0000e+01 -7.7336e+00
0.0000e+00 -5.0000e+01 -1.0474e+01
0.0000e+00 -4.0000e+01 -1.1945e+01
0.0000e+00 -3.0000e+01 -9.3800e+00
0.0000e+00 -2.0000e+01 -1.4304e+01
0.0000e+00 -1.0000e+01 -1.3769e+01
0.0000e+00 0.0000e+00 -1.7812e+01
0.0000e+00 1.0000e+01 -1.4174e+01
0.0000e+00 2.0000e+01 -1.4196e+01
0.0000e+00 3.0000e+01 -1.4373e+01
0.0000e+00 4.0000e+01 -1.0158e+01
0.0000e+00 5.0000e+01 -1.0604e+01
0.0000e+00 6.0000e+01 -1.0957e+01
0.0000e+00 7.0000e+01 -5.3692e+00
0.0000e+00 8.0000e+01 -4.5376e+00
0.0000e+00 9.0000e+01 -3.1748e+00
0.0000e+00 1.0000e+02 -4.8463e+00
0.0000e+00 1.1000e+02 -3.2317e+00
0.0000e+00 1.2000e+02 -3.6380e-01
0.0000e+00 1.3000e+02 -7.0435e-01
0.0000e+00 1.4000e+02 -1.6706e+00
0.0000e+00 1.5000e+02 9.9391e-01
0.0000e+00 1.6000e+02 -1.0600e+00
0.0000e+00 1.7000e+02 2.8063e-01
0.0000e+00 1.8000e+02 -9.8758e-01
0.0000e+00 1.9000e+02 9.7578e-01
0.0000e+00 2.0000e+02 1.8490e+00
1.0000e+01 -2.0000e+02 -1.1192e+00
1.0000e+01 -1.9000e+02 -3.0801e+00
1.0000e+01 -1.8000e+02 -2.9239e-01
1.0000e+01 -1.7000e+02 9.8974e-01
1.0000e+01 -1.6000e+02 2.7324e+00
1.0000e+01 -1.5000e+02 -1.5860e+00
1.0000e+01 -1.4000e+02 4.3224e-02
1.0000e+01 -1.3000e+02 -2.0133e+00
1.0000e+01 -1.2000e+02 -6.0451e-01
1.0000e+01 -1.1000e+02 -8.8143e-01
1.0000e+01 -1.0000e+02 -7.5312e+00
1.0000e+01 -9.0000e+01 -6.0371e+00
1.0000e+01 -8.0000e+01 -3.4365e+00
1.0000e+01 -7.0000e+01 -4.3870e+00
1.0000e+01 -6.0000e+01 -7.9575e+00
1.0000e+01 -5.0000e+01 -9.9669e+00
1.0000e+01 -4.0000e+01 -1.3629e+01
1.0000e+01 -3.0000e+01 -1.1538e+01
1.0000e+01 -2.0000e+01 -1.5204e+01
1.0000e+01 -1.0000e+01 -1.6333e+01
1.0000e+01 0.0000e+00 -1.4391e+01
1.0000e+01 1.0000e+01 -1.4990e+01
1.0000e+01 2.0000e+01 -1.5122e+01
1.0000e+01 3.0000e+01 -1.0884e+01
1.0000e+01 4.0000e+01 -1.4000e+01
1.0000e+01 5.0000e+01 -1.0572e+01
1.0000e+01 6.0000e+01 -8.2249e+00
1.0000e+01 7.0000e+01 -7.3488e+00
1.0000e+01 8.0000e+01 -4.7992e+00
1.0000e+01 9.0000e+01 -4.1412e+00
1.0000e+01 1.0000e+02 -9.7385e-01
1.0000e+01 1.1000e+02 -3.3371e+00
1.0000e+01 1.2000e+02 -4.8428e+00
1.0000e+01 1.3000e+02 -4.4329e-01
1.0000e+01 1.4000e+02 -2.1735e+00
1.0000e+01 1.5000e+02 2.3330e+00
1.0000e+01 1.6000e+02 1.6156e+00
1.0000e+01 1.7000e+02 1.1439e+00
1.0000e+01 1.8000e+02 -6.0178e-01
1.0000e+01 1.9000e+02 -9.7427e-01
1.0000e+01 2.0000e+02 -1.0086e+00
2.0000e+01 -2.0000e+02 -2.0448e+00
2.0000e+01 -1.9000e+02 -1.6859e-01
2.0000e+01 -1.8000e+02 1.5283e+00
2.0000e+01 -1.7000e+02 -7.2689e-01
2.0000e+01 -1.6000e+02 1.3750e+00
2.0000e+01 -1.5000e+02 -2.9561e+00
2.0000e+01 -1.4000e+02 -2.0150e+00
2.0000e+01 -1.3000e+02 -1.2177e+00
2.0000e+01 -1.2000e+02 -1.2770e+00
2.0000e+01 -1.1000e+02 -2.9279e+00
2.0000e+01 -1.0000e+02 -5.8387e-01
2.0000e+01 -9.0000e+01 -6.0426e+00
2.0000e+01 -8.0000e+01 -5.7807e+00
2.0000e+01 -7.0000e+01 -3.6259e+00
2.0000e+01 -6.0000e+01 -8.1632e+00
2.0000e+01 -5.0000e+01 -8.4838e+00
2.0000e+01 -4.0000e+01 -9.7016e+00
2.0000e+01 -3.0000e+01 -8.9164e+00
2.0000e+01 -2.0000e+01 -1.3578e+01
2.0000e+01 -1.0000e+01 -1.2655e+01
2.0000e+01 0.0000e+00 -1.1401e+01
2.0000e+01 1.0000e+01 -1.4020e+01
2.0000e+01 2.0000e+01 -1.4562e+01
2.0000e+01 3.0000e+01 -1.1876e+01
2.0000e+01 4.0000e+01 -1.1792e+01
2.0000e+01 5.0000e+01 -9.1614e+00
2.0000e+01 6.0000e+01 -9.0494e+00
2.0000e+01 7.0000e+01 -7.7271e+00
2.0000e+01 8.0000e+01 -6.2268e+00
2.0000e+01 9.0000e+01 -2.5225e+00
2.0000e+01 1.0000e+02 -2.0354e+00
2.0000e+01 1.1000e+02 -1.4260e+00
2.0000e+01 1.2000e+02 -4.1623e+00
2.0000e+01 1.3000e+02 -1.6572e+00
2.0000e+01 1.4000e+02 -3.8395e-01
2.0000e+01 1.5000e+02 -8.4518e-01
2.0000e+01 1.6000e+02 1.1035e+00
2.0000e+01 1.7000e+02 1.1916e+00
2.0000e+01 1.8000e+02 -8.6039e-01
2.0000e+01 1.9000e+02 -1.8742e+00
2.0000e+01 2.0000e+02 1.9533e+00
3.0000e+01 -2.0000e+02 -1.0565e+00
3.0000e+01 -1.9000e+02 -9.9658e-01
3.0000e+01 -1.8000e+02 5.6292e-01
3.0000e+01 -1.7000e+02 -4.1406e-01
3.0000e+01 -1.6000e+02 7.6039e-01
3.0000e+01 -1.5000e+02 2.3416e+00
3.0000e+01 -1.4000e+02 7.2229e-01
3.0000e+01 -1.3000e+02 5.2423e-01
3.0000e+01 -1.2000e+02 1.1703e-01
3.0000e+01 -1.1000e+02 -1.4951e+00
3.0000e+01 -1.0000e+02 -3.9035e+00
3.0000e+01 -9.0000e+01 -4.3848e+00
3.0000e+01 -8.0000e+01 -3.3855e+00
3.0000e+01 -7.0000e+01 -5.6439e+00
3.0000e+01 -6.0000e+01 -7.4067e+00
3.0000e+01 -5.0000e+01 -5.6359e+00
3.0000e+01 -4.0000e+01 -8.6147e+00
3.0000e+01 -3.0000e+01 -1.0083e+01
3.0000e+01 -2.0000e+01 -1.4194e+01
3.0000e+01 -1.0000e+01 -1.0617e+01
3.0000e+01 0.0000e+00 -1.2361e+01
3.0000e+01 1.0000e+01 -1.2787e+01
3.0000e+01 2.0000e+01 -1.1579e+01
3.0000e+01 3.0000e+01 -1.3200e+01
3.0000e+01 4.0000e+01 -1.0915e+01
3.0000e+01 5.0000e+01 -8.0318e+00
3.0000e+01 6.0000e+01 -7.4834e+00
3.0000e+01 7.0000e+01 -9.6051e+00
3.0000e+01 8.0000e+01 -4.0122e+00
3.0000e+01 9.0000e+01 -2.2489e+00
3.0000e+01 1.0000e+02 -1.7445e+00
3.0000e+01 1.1000e+02 -4.5602e+00
3.0000e+01 1.2000e+02 1.1637e-02
3.0000e+01 1.3000e+02 5.2579e-01
3.0000e+01 1.4000e+02 4.9116e-01
3.0000e+01 1.5000e+02 4.6208e-02
3.0000e+01 1.6000e+02 -9.5053e-01
3.0000e+01 1.7000e+02 -4.2022e-01
3.0000e+01 1.8000e+02 2.0320e+00
3.0000e+01 1.9000e+02 -1.1965e+00
3.0000e+01 2.0000e+02 4.2561e-01
4.0000e+01 -2.0000e+02 -2.2478e+00
4.0000e+01 -1.9000e+02 1.3744e+00
4.0000e+01 -1.8000e+02 -2.4629e-01
4.0000e+01 -1.7000e+02 -6.9901e-01
4.0000e+01 -1.6000e+02 1.5329e-01
4.0000e+01 -1.5000e+02 7.0121e-02
4.0000e+01 -1.4000e+02 -8.6318e-01
4.0000e+01 -1.3000e+02 -2.1646e+00
4.0000e+01 -1.2000e+02 -2.7068e+00
4.0000e+01 -1.1000e+02 -1.9483e+00
4.0000e+01 -1.0000e+02 -2.1023e+00
4.0000e+01 -9.0000e+01 -1.9761e+00
4.0000e+01 -8.0000e+01 -5.2802e+00
4.0000e+01 -7.0000e+01 -5.6706e+00
4.0000e+01 -6.0000e+01 -6.4420e+00
4.0000e+01 -5.0000e+01 -8.9266e+00
4.0000e+01 -4.0000e+01 -1.1197e+01
4.0000e+01 -3.0000e+01 -1.1785e+01
4.0000e+01 -2.0000e+01 -9.3627e+00
4.0000e+01 -1.0000e+01 -1.1363e+01
4.0000e+01 0.0000e+00 -1.1239e+01
4.0000e+01 1.0000e+01 -1.2404e+01
4.0000e+01 2.0000e+01 -1.0329e+01
4.0000e+01 3.0000e+01 -1.1829e+01
4.0000e+01 4.0000e+01 -1.3366e+01
4.0000e+01 5.0000e+01 -1.0740e+01
4.0000e+01 6.0000e+01 -5.7724e+00
4.0000e+01 7.0000e+01 -5.7428e+00
4.0000e+01 8.0000e+01 -2.2969e+00
4.0000e+01 9.0000e+01 -2.3847e+00
4.0000e+01 1.0000e+02 -3.5276e+00
4.0000e+01 1.1000e+02 -3.0232e+00
4.0000e+01 1.2000e+02 1.3392e-01
4.0000e+01 1.3000e+02 -1.7771e+00
4.0000e+01 1.4000e+02 -7.8589e-01
4.0000e+01 1.5000e+02 1.1475e+00
4.0000e+01 1.6000e+02 1.6738e+00
4.0000e+01 1.7000e+02 -4.7844e-01
4.0000e+01 1.8000e+02 2.4210e+00
4.0000e+01 1.9000e+02 3.5366e-01
4.0000e+01 2.0000e+02 2.0415e-02
5.0000e+01 -2.0000e+02 3.2807e+00
5.0000e+01 -1.9000e+02 2.3054e-01
5.0000e+01 -1.8000e+02 2.0790e+00
5.0000e+01 -1.7000e+02 -3.7934e-01
5.0000e+01 -1.6000e+02 -6.0129e-01
5.0000e+01 -1.5000e+02 -1.4147e+00
5.0000e+01 -1.4000e+02 -6.7262e-01
5.0000e+01 -1.3000e+02 -3.3338e+00
5.0000e+01 -1.2000e+02 -2.0938e+00
5.0000e+01 -1.1000e+02 -1.7185e+00
5.0000e+01 -1.0000e+02 -8.1649e-01
5.0000e+01 -9.0000e+01 -4.5295e+00
5.0000e+01 -8.0000e+01 -3.4260e+00
5.0000e+01 -7.0000e+01 -2.6657e+00
5.0000e+01 -6.0000e+01 -3.6104e+00
5.0000e+01 -5.0000e+01 -5.6687e+00
5.0000e+01 -4.0000e+01 -6.1527e+00
5.0000e+01 -3.0000e+01 -7.2232e+00
5.0000e+01 -2.0000e+01 -8.6881e+00
5.0000e+01 -1.0000e+01 -9.4407e+00
5.0000e+01 0.0000e+00 -9.6930e+00
5.0000e+01 1.0000e+01 -1.2209e+01
5.0000e+01 2.0000e+01 -7.2731e+00
5.0000e+01 3.0000e+01 -9.0439e+00
5.0000e+01 4.0000e+01 -8.7072e+00
5.0000e+01 5.0000e+01 -6.5069e+00
5.0000e+01 6.0000e+01 -3.8667e+00
5.0000e+01 7.0000e+01 -6.9205e+00
5.0000e+01 8.0000e+01 -5.9039e+00
5.0000e+01 9.0000e+01 -3.2017e+00
5.0000e+01 1.0000e+02 -2.5327e+00
5.0000e+01 1.1000e+02 -2.4541e+00
5.0000e+01 1.2000e+02 1.0360e+00
5.0000e+01 1.3000e+02 -2.5553e+00
5.0000e+01 1.4000e+02 -2.8237e+00
5.0000e+01 1.5000e+02 -4.2264e+00
5.0000e+01 1.6000e+02 -2.1910e-01
5.0000e+01 1.7000e+02 -2.9215e-01
5.0000e+01 1.8000e+02 -5.1764e-01
5.0000e+01 1.9000e+02 -1.6141e+00
5.0000e+01 2.0000e+02 -1.0435e+00
6.0000e+01 -2.0000e+02 2.5301e+00
6.0000e+01 -1.9000e+02 -3.8545e-02
6.0000e+01 -1.8000e+02 -1.9290e+00
6.0000e+01 -1.7000e+02 2.0931e+00
6.0000e+01 -1.6000e+02 2.9387e+00
6.0000e+01 -1.5000e+02 -2.0662e+00
6.0000e+01 -1.4000e+02 -1.1188e+00
6.0000e+01 -1.3000e+02 -9.0108e-01
6.0000e+01 -1.2000e+02 -1.0356e+00
6.0000e+01 -1.1000e+02 -2.9075e+00
6.0000e+01 -1.0000e+02 -1.2638e+00
6.0000e+01 -9.0000e+01 -3.4102e+00
6.0000e+01 -8.0000e+01 -1.1851e+00
6.0000e+01 -7.0000e+01 -5.0584e+00
6.0000e+01 -6.0000e+01 -3.8797e+00
6.0000e+01 -5.0000e+01 -6.3823e+00
6.0000e+01 -4.0000e+01 -5.7984e+00
6.0000e+01 -3.0000e+01 -7.0591e+00
6.0000e+01 -2.0000e+01 -9.9728e+00
6.0000e+01 -1.0000e+01 -7.8514e+00
6.0000e+01 0.0000e+00 -9.2499e+00
6.0000e+01 1.0000e+01 -6.3997e+00
6.0000e+01 2.0000e+01 -8.6899e+00
6.0000e+01 3.0000e+01 -9.1030e+00
6.0000e+01 4.0000e+01 -6.7594e+00
6.0000e+01 5.0000e+01 -6.0685e+00
6.0000e+01 6.0000e+01 -7.8845e+00
6.0000e+01 7.0000e+01 -4.1113e+00
6.0000e+01 8.0000e+01 -4.3144e+00
6.0000e+01 9.0000e+01 -1.9979e+00
6.0000e+01 1.0000e+02 -2.3207e+00
6.0000e+01 1.1000e+02 -2.3437e+00
6.0000e+01 1.2000e+02 -6.3817e-01
6.0000e+01 1.3000e+02 3.1645e-01
6.0000e+01 1.4000e+02 4.0813e-01
6.0000e+01 1.5000e+02 -2.0723e+00
6.0000e+01 1.6000e+02 1.7665e+00
6.0000e+01 1.7000e+02 -1.6796e+00
6.0000e+01 1.8000e+02 -4.2699e-01
6.0000e+01 1.9000e+02 1.2581e+00
6.0000e+01 2.0000e+02 -3.0755e+00
7.0000e+01 -2.0000e+02 1.0548e+00
7.0000e+01 -1.9000e+02 1.8456e+00
7.0000e+01 -1.8000e+02 4.3473e+00
7.0000e+01 -1.7000e+02 -5.3499e-01
7.0000e+01 -1.6000e+02 -2.0529e+00
7.0000e+01 -1.5000e+02 9.8792e-01
7.0000e+01 -1.4000e+02 1.7318e+00
7.0000e+01 -1.3000e+02 -2.4117e+00
7.0000e+01 -1.2000e+02 -6.7593e-01
7.0000e+01 -1.1000e+02 -2.8546e+00
7.0000e+01 -1.0000e+02 -1.9301e+00
7.0000e+01 -9.0000e+01 3.4028e-02
7.0000e+01 -8.0000e+01 -1.9778e+00
7.0000e+01 -7.0000e+01 -3.4196e+00
7.0000e+01 -6.0000e+01 -2.3706e+00
7.0000e+01 -5.0000e+01 -2.9138e+00
7.0000e+01 -4.0000e+01 -5.6692e+00
7.0000e+01 -3.0000e+01 -3.1209e+00
7.0000e+01 -2.0000e+01 -5.1385e+00
7.0000e+01 -1.0000e+01 -6.3448e+00
7.0000e+01 0.0000e+00 -6.4211e+00
7.0000e+01 1.0000e+01 -5.1856e+00
7.0000e+01 2.0000e+01 -6.0945e+00
7.0000e+01 3.0000e+01 -5.9266e+00
7.0000e+01 4.0000e+01 -3.4560e+00
7.0000e+01 5.0000e+01 -6.1489e+00
7.0000e+01 6.0000e+01 -1.5083e+00
7.0000e+01 7.0000e+01 -2.8564e+00
7.0000e+01 8.0000e+01 -2.7861e+00
7.0000e+01 9.0000e+01 -1.0278e+00
7.0000e+01 1.0000e+02 -1.4073e+00
7.0000e+01 1.1000e+02 -2.2348e+00
7.0000e+01 1.2000e+02 -1.1643e+00
7.0000e+01 1.3000e+02 -4.5097e+00
7.0000e+01 1.4000e+02 -1.0257e+00
7.0000e+01 1.5000e+02 3.8683e-01
7.0000e+01 1.6000e+02 -1.4548e+00
7.0000e+01 1.7000e+02 -1.4624e+00
7.0000e+01 1.8000e+02 8.6938e-01
7.0000e+01 1.9000e+02 8.4331e-01
7.0000e+01 2.0000e+02 2.5099e+00
8.0000e+01 -2.0000e+02 -6.3946e-01
8.0000e+01 -1.9000e+02 -1.7356e+00
8.0000e+01 -1.8000e+02 -3.1992e+00
8.0000e+01 -1.7000e+02 7.0311e-01
8.0000e+01 -1.6000e+02 -4.1593e-01
8.0000e+01 -1.5000e+02 -3.0336e-01
8.0000e+01 -1.4000e+02 1.0965e+00
8.0000e+01 -1.3000e+02 -3.4972e-01
8.0000e+01 -1.2000e+02 -1.3806e+00
8.0000e+01 -1.1000e+02 -1.8180e-01
8.0000e+01 -1.0000e+02 -6.8290e-01
8.0000e+01 -9.0000e+01 -2.1876e+00
8.0000e+01 -8.0000e+01 1.7853e-01
8.0000e+01 -7.0000e+01 -3.9184e+00
8.0000e+01 -6.0000e+01 1.5656e-01
8.0000e+01 -5.0000e+01 -2.8559e+00
8.0000e+01 -4.0000e+01 -4.9683e+00
8.0000e+01 -3.0000e+01 -5.2302e+00
8.0000e+01 -2.0000e+01 -6.5095e+00
8.0000e+01 -1.0000e+01 -5.9294e+00
8.0000e+01 0.0000e+00 -6.6626e+00
8.0000e+01 1.0000e+01 -7.8027e+00
8.0000e+01 2.0000e+01 -4.3226e+00
8.0000e+01 3.0000e+01 -5.7197e+00
8.0000e+01 4.0000e+01 -5.1211e+00
8.0000e+01 5.0000e+01 -7.1942e+00
8.0000e+01 6.0000e+01 -3.6477e+00
8.0000e+01 7.0000e+01 -2.9298e+00
8.0000e+01 8.0000e+01 -2.6082e+00
8.0000e+01 9.0000e+01 -2.0882e+00
8.0000e+01 1.0000e+02 9.7901e-02
8.0000e+01 1.1000e+02 -2.1736e+00
8.0000e+01 1.2000e+02 -2.8541e-01
8.0000e+01 1.3000e+02 -3.1599e-01
8.0000e+01 1.4000e+02 -3.2463e+00
8.0000e+01 1.5000e+02 1.4454e+00
8.0000e+01 1.6000e+02 -1.3736e-01
8.0000e+01 1.7000e+02 2.3505e+00
8.0000e+01 1.8000e+02 3.8644e+00
8.0000e+01 1.9000e+02 -2.0745e+00
8.0000e+01 2.0000e+02 1.1699e+00
9.0000e+01 -2.0000e+02 -1.6085e+00
9.0000e+01 -1.9000e+02 -1.2410e-02
9.0000e+01 -1.8000e+02 2.1822e+00
9.0000e+01 -1.7000e+02 7.9037e-01
9.0000e+01 -1.6000e+02 1.4047e+00
9.0000e+01 -1.5000e+02 2.9016e+00
9.0000e+01 -1.4000e+02 -1.4904e+00
9.0000e+01 -1.3000e+02 1.3736e+00
9.0000e+01 -1.2000e+02 -2.2464e+00
9.0000e+01 -1.1000e+02 3.0767e-01
9.0000e+01 -1.0000e+02 -1.5536e+00
9.0000e+01 -9.0000e+01 8.4969e-01
9.0000e+01 -8.0000e+01 -1.8503e+00
9.0000e+01 -7.0000e+01 -2.6553e+00
9.0000e+01 -6.0000e+01 -3.0485e+00
9.0000e+01 -5.0000e+01 -3.1526e+00
9.0000e+01 -4.0000e+01 -6.2259e+00
9.0000e+01 -3.0000e+01 -2.5616e+00
9.0000e+01 -2.0000e+01 -3.3552e+00
9.0000e+01 -1.0000e+01 -6.2406e+00
9.0000e+01 0.0000e+00 -3.5384e+00
9.0000e+01 1.0000e+01 -4.8826e+00
9.0000e+01 2.0000e+01 -1.5577e+00
9.0000e+01 3.0000e+01 7.2884e-01
9.0000e+01 4.0000e+01 -4.4333e+00
9.0000e+01 5.0000e+01 -2.0631e+00
9.0000e+01 6.0000e+01 -1.3498e+00
9.0000e+01 7.0000e+01 -3.4399e+00
9.0000e+01 8.0000e+01 -3.3387e+00
9.0000e+01 9.0000e+01 -2.6253e+00
9.0000e+01 1.0000e+02 -9.8590e-01
9.0000e+01 1.1000e+02 -5.5593e-01
9.0000e+01 1.2000e+02 -1.4091e+00
9.0000e+01 1.3000e+02 -6.9340e-01
9.0000e+01 1.4000e+02 -1.1746e+00
9.0000e+01 1.5000e+02 -5.1599e-01
9.0000e+01 1.6000e+02 -3.9273e-01
9.0000e+01 1.7000e+02 -4.2553e-01
9.0000e+01 1.8000e+02 1.4462e-01
9.0000e+01 1.9000e+02 -2.0084e+00
9.0000e+01 2.0000e+02 7.6567e-01
1.0000e+02 -2.0000e+02 -1.1575e+00
1.0000e+02 -1.9000e+02 -2.3676e+00
1.0000e+02 -1.8000e+02 -2.5459e+00
1.0000e+02 -1.7000e+02 -6.2388e-01
1.0000e+02 -1.6000e+02 6.3570e-01
1.0000e+02 -1.5000e+02 -2.1863e+00
1.0000e+02 -1.4000e+02 2.6913e-01
1.0000e+02 -1.3000e+02 6.6940e-01
1.0000e+02 -1.2000e+02 -6.6724e-01
1.0000e+02 -1.1000e+02 -6.5188e-01
1.0000e+02 -1.0000e+02 -1.2171e-01
1.0000e+02 -9.0000e+01 -1.0262e+00
1.0000e+02 -8.0000e+01 -3.4874e-01
1.0000e+02 -7.0000e+01 -1.6254e+00
1.0000e+02 -6.0000e+01 1.8054e+00
1.0000e+02 -5.0000e+01 -1.4509e+00
1.0000e+02 -4.0000e+01 -1.8958e+00
1.0000e+02 -3.0000e+01 -2.5124e+00
1.0000e+02 -2.0000e+01 -3.1766e+00
1.0000e+02 -1.0000e+01 -4.0089e+00
1.0000e+02 0.0000e+00 -1.7362e+00
1.0000e+02 1.0000e+01 -1.5460e+00
1.0000e+02 2.0000e+01 -4.4145e+00
1.0000e+02 3.0000e+01 -5.3740e+00
1.0000e+02 4.0000e+01 -2.5825e+00
1.0000e+02 5.0000e+01 -2.5160e+00
1.0000e+02 6.0000e+01 -4.9823e+00
1.0000e+02 7.0000e+01 -1.1989e+00
1.0000e+02 8.0000e+01 1.2994e+00
1.0000e+02 9.0000e+01 -1.0435e+00
1.0000e+02 1.0000e+02 -2.0445e+00
1.0000e+02 1.1000e+02 -1.3128e+00
1.0000e+02 1.2000e+02 -1.4146e+00
1.0000e+02 1.3000e+02 -1.0425e+00
1.0000e+02 1.4000e+02 -2.4229e-01
1.0000e+02 1.5000e+02 -1.0318e+00
1.0000e+02 1.6000e+02 -1.1603e+00
1.0000e+02 1.7000e+02 -9.6649e-01
1.0000e+02 1.8000e+02 1.6557e+00
1.0000e+02 1.9000e+02 -1.4702e+00
1.0000e+02 2.0000e+02 7.1783e-01
1.1000e+02 -2.0000e+02 3.1039e-01
1.1000e+02 -1.9000e+02 6.0191e-01
1.1000e+02 -1.8000e+02 -2.3686e+00
1.1000e+02 -1.7000e+02 5.7531e-01
1.1000e+02 -1.6000e+02 -6.4118e-01
1.1000e+02 -1.5000e+02 -1.4311e+00
1.1000e+02 -1.4000e+02 -9.9658e-01
1.1000e+02 -1.3000e+02 -6.3154e-01
1.1000e+02 -1.2000e+02 4.8553e-01
1.1000e+02 -1.1000e+02 -9.6679e-01
1.1000e+02 -1.0000e+02 -8.4121e-01
1.1000e+02 -9.0000e+01 -2.2864e+00
1.1000e+02 -8.0000e+01 -6.1366e-01
1.1000e+02 -7.0000e+01 -1.0948e+00
1.1000e+02 -6.0000e+01 -1.9049e+00
1.1000e+02 -5.0000e+01 -4.1384e+00
1.1000e+02 -4.0000e+01 -2.2810e+00
1.1000e+02 -3.0000e+01 -1.8267e-01
1.1000e+02 -2.0000e+01 5.9555e-01
1.1000e+02 -1.0000e+01 -1.3380e+00
1.1000e+02 0.0000e+00 -5.2605e+00
1.1000e+02 1.0000e+01 -2.0980e+00
1.1000e+02 2.0000e+01 -2.2734e-01
1.1000e+02 3.0000e+01 -1.1353e+00
1.1000e+02 4.0000e+01 -3.6694e+00
1.1000e+02 5.0000e+01 1.4469e-01
1.1000e+02 6.0000e+01 -2.9746e-01
1.1000e+02 7.0000e+01 -1.9887e+00
1.1000e+02 8.0000e+01 -3.4309e-01
1.1000e+02 9.0000e+01 -1.8687e-01
1.1000e+02 1.0000e+02 4.2780e-01
1.1000e+02 1.1000e+02 -4.5392e-01
1.1000e+02 1.2000e+02 4.3126e-01
1.1000e+02 1.3000e+02 -1.9477e+00
1.1000e+02 1.4000e+02 1.0739e+00
1.1000e+02 1.5000e+02 -4.6368e-01
1.1000e+02 1.6000e+02 -5.0165e-01
1.1000e+02 1.7000e+02 -2.7554e-01
1.1000e+02 1.8000e+02 3.7435e-01
1.1000e+02 1.9000e+02 -1.8888e+00
1.1000e+02 2.0000e+02 7.9822e-01
1.2000e+02 -2.0000e+02 -5.4257e-02
1.2000e+02 -1.9000e+02 4.7260e-01
1.2000e+02 -1.8000e+02 -1.3252e-01
1.2000e+02 -1.7000e+02 5.2258e-01
1.2000e+02 -1.6000e+02 2.9147e-01
1.2000e+02 -1.5000e+02 -8.0887e-01
1.2000e+02 -1.4000e+02 -8.4464e-01
1.2000e+02 -1.3000e+02 -5.8075e-01
1.2000e+02 -1.2000e+02 -6.3261e-01
1.2000e+02 -1.1000e+02 -1.5974e+00
1.2000e+02 -1.0000e+02 -1.2313e+00
1.2000e+02 -9.0000e+01 8.1428e-01
1.2000e+02 -8.0000e+01 -2.1586e+00
1.2000e+02 -7.0000e+01 -1.6333e+00
1.2000e+02 -6.0000e+01 -9.7213e-01
1.2000e+02 -5.0000e+01 1.8503e-01
1.2000e+02 -4.0000e+01 -1.4361e+00
1.2000e+02 -3.0000e+01 -5.4726e-02
1.2000e+02 -2.0000e+01 -1.9178e-01
1.2000e+02 -1.0000e+01 -8.3693e-01
1.2000e+02 0.0000e+00 -1.8423e+00
1.2000e+02 1.0000e+01 7.2975e-01
1.2000e+02 2.0000e+01 -2.7523e-01
1.2000e+02 3.0000e+01 -2.1598e+00
1.2000e+02 4.0000e+01 -1.3314e+00
1.2000e+02 5.0000e+01 -6.4192e-02
1.2000e+02 6.0000e+01 -2.2417e+00
1.2000e+02 7.0000e+01 -1.8286e-01
1.2000e+02 8.0000e+01 2.3309e+00
1.2000e+02 9.0000e+01 3.1187e-01
1.2000e+02 1.0000e+02 3.4495e-01
1.2000e+02 1.1000e+02 -3.2343e+00
1.2000e+02 1.2000e+02 -1.1137e+00
1.2000e+02 1.3000e+02 5.9534e-01
1.2000e+02 1.4000e+02 -1.4123e+00
1.2000e+02 1.5000e+02 -8.3193e-01
1.2000e+02 1.6000e+02 1.0942e+00
1.2000e+02 1.7000e+02 -1.2198e+00
1.2000e+02 1.8000e+02 1.4541e+00
1.2000e+02 1.9000e+02 3.3662e-01
1.2000e+02 2.0000e+02 3.8081e-02
1.3000e+02 -2.0000e+02 -2.3237e-01
1.3000e+02 -1.9000e+02 1.9152e+00
1.3000e+02 -1.8000e+02 -9.4478e-01
1.3000e+02 -1.7000e+02 -2.8180e+00
1.3000e+02 -1.6000e+02 1.6546e-01
1.3000e+02 -1.5000e+02 -1.1788e+00
1.3000e+02 -1.4000e+02 -1.2471e+00
1.3000e+02 -1.3000e+02 -1.6961e+00
1.3000e+02 -1.2000e+02 -1.7686e+00
1.3000e+02 -1.1000e+02 -5.4833e-02
1.3000e+02 -1.0000e+02 -8.5132e-01
1.3000e+02 -9.0000e+01 -2.8069e+00
1.3000e+02 -8.0000e+01 -3.7076e-01
1.3000e+02 -7.0000e+01 -1.1840e+00
1.3000e+02 -6.0000e+01 -1.2703e+00
1.3000e+02 -5.0000e+01 2.2923e+00
1.3000e+02 -4.0000e+01 -1.2035e-01
1.3000e+02 -3.0000e+01 -2.4458e+00
1.3000e+02 -2.0000e+01 1.0638e+00
1.3000e+02 -1.0000e+01 -2.7143e+00
1.3000e+02 0.0000e+00 -3.1312e+00
1.3000e+02 1.0000e+01 1.4315e+00
1.3000e+02 2.0000e+01 9.6091e-01
1.3000e+02 3.0000e+01 -1.3394e+00
1.3000e+02 4.0000e+01 -1.8319e+00
1.3000e+02 5.0000e+01 2.6669e-02
1.3000e+02 6.0000e+01 -1.7841e+00
1.3000e+02 7.0000e+01 -1.0837e-01
1.3000e+02 8.0000e+01 -1.6530e+00
1.3000e+02 9.0000e+01 3.5090e-01
1.3000e+02 1.0000e+02 -2.0427e-01
1.3000e+02 1.1000e+02 1.2246e+00
1.3000e+02 1.2000e+02 1.4914e-01
1.3000e+02 1.3000e+02 -2.0245e+00
1.3000e+02 1.4000e+02 -1.4876e+00
1.3000e+02 1.5000e+02 -9.5375e-01
1.3000e+02 1.6000e+02 -1.1573e+00
1.3000e+02 1.7000e+02 -8.3222e-02
1.3000e+02 1.8000e+02 -1.4152e-01
1.3000e+02 1.9000e+02 1.1978e+00
1.3000e+02 2.0000e+02 -5.3442e-01
1.4000e+02 -2.0000e+02 -2.0419e+00
1.4000e+02 -1.9000e+02 2.2626e+00
1.4000e+02 -1.8000e+02 -1.5971e+00
1.4000e+02 -1.7000e+02 -1.4553e+00
1.4000e+02 -1.6000e+02 -5.0309e-01
1.4000e+02 -1.5000e+02 -3.5187e-01
1.4000e+02 -1.4000e+02 1.9466e-01
1.4000e+02 -1.3000e+02 -5.9189e-01
1.4000e+02 -1.2000e+02 -5.4129e-01
1.4000e+02 -1.1000e+02 -6.5753e-01
1.4000e+02 -1.0000e+02 -3.5875e+00
1.4000e+02 -9.0000e+01 1.2122e+00
1.4000e+02 -8.0000e+01 -1.2131e+00
1.4000e+02 -7.0000e+01 -8.4865e-01
1.4000e+02 -6.0000e+01 -2.0543e+00
1.4000e+02 -5.0000e+01 1.2363e+00
1.4000e+02 -4.0000e+01 -1.8702e+00
1.4000e+02 -3.0000e+01 -2.4918e-01
1.4000e+02 -2.0000e+01 -1.9357e-01
1.4000e+02 -1.0000e+01 -1.0561e+00
1.4000e+02 0.0000e+00 -1.9460e+00
1.4000e+02 1.0000e+01 -2.5425e-02
1.4000e+02 2.0000e+01 -8.4920e-01
1.4000e+02 3.0000e+01 -1.0963e+00
1.4000e+02 4.0000e+01 -8.7739e-01
1.4000e+02 5.0000e+01 3.8549e+00
1.4000e+02 6.0000e+01 5.5934e-01
1.4000e+02 7.0000e+01 -1.4442e+00
1.4000e+02 8.0000e+01 1.1217e-01
1.4000e+02 9.0000e+01 -1.5378e+00
1.4000e+02 1.0000e+02 -2.2683e-01
1.4000e+02 1.1000e+02 2.8643e-01
1.4000e+02 1.2000e+02 -7.2972e-01
1.4000e+02 1.3000e+02 -4.9212e-01
1.4000e+02 1.4000e+02 1.2665e+00
1.4000e+02 1.5000e+02 1.0794e+00
1.4000e+02 1.6000e+02 -1.3758e+00
1.4000e+02 1.7000e+02 -7.6316e-01
1.4000e+02 1.8000e+02 9.4028e-01
1.4000e+02 1.9000e+02 -2.0349e+00
1.4000e+02 2.0000e+02 -2.8708e+00
1.5000e+02 -2.0000e+02 4.9553e-01
1.5000e+02 -1.9000e+02 -7.0052e-01
1.5000e+02 -1.8000e+02 -8.7929e-01
1.5000e+02 -1.7000e+02 1.6492e-01
1.5000e+02 -1.6000e+02 -6.0398e-01
1.5000e+02 -1.5000e+02 5.8679e-01
1.5000e+02 -1.4000e+02 2.1545e+00
1.5000e+02 -1.3000e+02 -1.9829e+00
1.5000e+02 -1.2000e+02 -1.2917e-01
1.5000e+02 -1.1000e+02 -8.2815e-01
1.5000e+02 -1.0000e+02 2.7418e+00
1.5000e+02 -9.0000e+01 -3.3237e+00
1.5000e+02 -8.0000e+01 -7.2888e-01
1.5000e+02 -7.0000e+01 4.1448e-01
1.5000e+02 -6.0000e+01 -7.8715e-01
1.5000e+02 -5.0000e+01 -9.9009e-02
1.5000e+02 -4.0000e+01 4.6515e-01
1.5000e+02 -3.0000e+01 7.8192e-01
1.5000e+02 -2.0000e+01 7.0293e-01
1.5000e+02 -1.0000e+01 -9.4398e-01
1.5000e+02 0.0000e+00 -1.7203e+00
1.5000e+02 1.0000e+01 -1.1253e+00
1.5000e+02 2.0000e+01 -3.0652e+00
1.5000e+02 3.0000e+01 -2.7203e+00
1.5000e+02 4.0000e+01 1.4502e+00
1.5000e+02 5.0000e+01 -2.2385e-01
1.5000e+02 6.0000e+01 -1.1291e+00
1.5000e+02 7.0000e+01 1.5096e+00
1.5000e+02 8.0000e+01 -3.5526e-01
1.5000e+02 9.0000e+01 -1.2679e+00
1.5000e+02 1.0000e+02 -8.9809e-01
1.5000e+02 1.1000e+02 -2.7149e+00
1.5000e+02 1.2000e+02 -6.9556e-01
1.5000e+02 1.3000e+02 -1.0222e-01
1.5000e+02 1.4000e+02 -1.5075e+00
1.5000e+02 1.5000e+02 1.3217e+00
1.5000e+02 1.6000e+02 -2.6840e-01
1.5000e+02 1.7000e+02 9.9282e-01
1.5000e+02 1.8000e+02 -1.8020e+00
1.5000e+02 1.9000e+02 -3.9281e-01
1.5000e+02 2.0000e+02 1.9959e+00
1.6000e+02 -2.0000e+02 -1.8218e+00
1.6000e+02 -1.9000e+02 4.1727e+00
1.6000e+02 -1.8000e+02 8.3193e-01
1.6000e+02 -1.7000e+02 1.9521e+00
1.6000e+02 -1.6000e+02 -9.5806e-01
1.6000e+02 -1.5000e+02 -2.5985e+00
1.6000e+02 -1.4000e+02 1.2311e+00
1.6000e+02 -1.3000e+02 9.9782e-01
1.6000e+02 -1.2000e+02 9.1109e-01
1.6000e+02 -1.1000e+02 3.6678e+00
1.6000e+02 -1.0000e+02 7.5923e-01
1.6000e+02 -9.0000e+01 -2.5818e+00
1.6000e+02 -8.0000e+01 7.0134e-01
1.6000e+02 -7.0000e+01 1.1406e+00
1.6000e+02 -6.0000e+01 -1.3764e-02
1.6000e+02 -5.0000e+01 1.9310e+00
1.6000e+02 -4.0000e+01 3.8803e+00
1.6000e+02 -3.0000e+01 1.3609e+00
1.6000e+02 -2.0000e+01 1.7890e+00
1.6000e+02 -1.0000e+01 -1.0330e+00
1.6000e+02 0.0000e+00 -2.4107e+00
1.6000e+02 1.0000e+01 1.0869e+00
1.6000e+02 2.0000e+01 -1.5401e+00
1.6000e+02 3.0000e+01 -4.2146e-01
1.6000e+02 4.0000e+01 -1.5079e+00
1.6000e+02 5.0000e+01 1.6784e-01
1.6000e+02 6.0000e+01 2.0847e-01
1.6000e+02 7.0000e+01 -1.9815e-02
1.6000e+02 8.0000e+01 7.9189e-01
1.6000e+02 9.0000e+01 7.7503e-01
1.6000e+02 1.0000e+02 -4.7031e-01
1.6000e+02 1.1000e+02 -2.6102e+00
1.6000e+02 1.2000e+02 -6.2570e-01
1.6000e+02 1.3000e+02 2.3448e+00
1.6000e+02 1.4000e+02 -2.0060e+00
1.6000e+02 1.5000e+02 1.4061e+00
1.6000e+02 1.6000e+02 1.2340e+00
1.6000e+02 1.7000e+02 -6.0445e-01
1.6000e+02 1.8000e+02 2.6330e+00
1.6000e+02 1.9000e+02 -3.2443e-01
1.6000e+02 2.0000e+02 1.1934e+00
1.7000e+02 -2.0000e+02 1.5081e+00
1.7000e+02 -1.9000e+02 6.9543e-01
1.7000e+02 -1.8000e+02 -2.5291e-01
1.7000e+02 -1.7000e+02 9.1353e-01
1.7000e+02 -1.6000e+02 1.3259e+00
1.7000e+02 -1.5000e+02 -1.6251e-01
1.7000e+02 -1.4000e+02 7.4031e-01
1.7000e+02 -1.3000e+02 2.4090e-01
1.7000e+02 -1.2000e+02 1.1099e-01
1.7000e+02 -1.1000e+02 4.5864e-01
1.7000e+02 -1.0000e+02 -1.1953e-01
1.7000e+02 -9.0000e+01 2.3615e+00
1.7000e+02 -8.0000e+01 -1.1600e+00
1.7000e+02 -7.0000e+01 -4.8951e-01
1.7000e+02 -6.0000e+01 1.7752e-01
1.7000e+02 -5.0000e+01 5.7568e-01
1.7000e+02 -4.0000e+01 3.5497e-01
1.7000e+02 -3.0000e+01 -1.8787e+00
1.7000e+02 -2.0000e+01 -3.9410e-01
1.7000e+02 -1.0000e+01 -1.4990e+00
1.7000e+02 0.0000e+00 -5.7781e-01
1.7000e+02 1.0000e+01 -1.1308e-01
1.7000e+02 2.0000e+01 -6.2421e-01
1.7000e+02 3.0000e+01 8.4811e-01
1.7000e+02 4.0000e+01 -1.3721e+00
1.7000e+02 5.0000e+01 -1.1486e+00
1.7000e+02 6.0000e+01 -2.8834e+00
1.7000e+02 7.0000e+01 2.1684e+00
1.7000e+02 8.0000e+01 6.0593e-01
1.7000e+02 9.0000e+01 1.9553e+00
1.7000e+02 1.0000e+02 1.8484e+00
1.7000e+02 1.1000e+02 1.0408e+00
1.7000e+02 1.2000e+02 1.2141e-01
1.7000e+02 1.3000e+02 1.7685e-01
1.7000e+02 1.4000e+02 1.4794e+00
1.7000e+02 1.5000e+02 -4.2688e-01
1.7000e+02 1.6000e+02 7.3312e-01
1.7000e+02 1.7000e+02 -1.8901e-01
1.7000e+02 1.8000e+02 2.2703e+00
1.7000e+02 1.9000e+02 1.8099e+00
1.7000e+02 2.0000e+02 1.5875e-01
1.8000e+02 -2.0000e+02 2.1094e+00
1.8000e+02 -1.9000e+02 1.1265e+00
1.8000e+02 -1.8000e+02 -2.9771e+00
1.8000e+02 -1.7000e+02 -9.9608e-03
1.8000e+02 -1.6000e+02 -3.7932e+00
1.8000e+02 -1.5000e+02 9.6577e-01
1.8000e+02 -1.4000e+02 -1.8516e+00
1.8000e+02 -1.3000e+02 -1.9211e+00
1.8000e+02 -1.2000e+02 2.6812e-01
1.8000e+02 -1.1000e+02 -3.6905e-01
1.8000e+02 -1.0000e+02 3.6414e-01
1.8000e+02 -9.0000e+01 1.1733e+00
1.8000e+02 -8.0000e+01 -1.0099e+00
1.8000e+02 -7.0000e+01 -9.0722e-01
1.8000e+02 -6.0000e+01 3.2017e-01
1.8000e+02 -5.0000e+01 -2.5510e+00
1.8000e+02 -4.0000e+01 -4.6118e-01
1.8000e+02 -3.0000e+01 3.0433e-01
1.8000e+02 -2.0000e+01 -9.1516e-01
1.8000e+02 -1.0000e+01 -2.3129e+00
1.8000e+02 0.0000e+00 -4.6101e-01
1.8000e+02 1.0000e+01 1.9964e+00
1.8000e+02 2.0000e+01 8.4666e-01
1.8000e+02 3.0000e+01 3.7761e+00
1.8000e+02 4.0000e+01 -3.7740e-01
1.8000e+02 5.0000e+01 7.3580e-01
1.8000e+02 6.0000e+01 -1.5468e+00
1.8000e+02 7.0000e+01 7.9116e-01
1.8000e+02 8.0000e+01 -1.0049e+00
1.8000e+02 9.0000e+01 1.9561e-01
1.8000e+02 1.0000e+02 -1.3577e+00
1.8000e+02 1.1000e+02 -1.8066e+00
1.8000e+02 1.2000e+02 -1.4228e+00
1.8000e+02 1.3000e+02 3.7601e-01
1.8000e+02 1.4000e+02 2.4448e+00
1.8000e+02 1.5000e+02 -6.1411e-02
1.8000e+02 1.6000e+02 -5.4525e-01
1.8000e+02 1.7000e+02 -5.3579e-01
1.8000e+02 1.8000e+02 1.5451e+00
1.8000e+02 1.9000e+02 7.0938e-01
1.8000e+02 2.0000e+02 4.6421e-01
1.9000e+02 -2.0000e+02 4.5042e-01
1.9000e+02 -1.9000e+02 1.6467e-01
1.9000e+02 -1.8000e+02 -1.3712e+00
1.9000e+02 -1.7000e+02 2.9894e-01
1.9000e+02 -1.6000e+02 -3.2846e+00
1.9000e+02 -1.5000e+02 -2.9361e+00
1.9000e+02 -1.4000e+02 -4.9655e-01
1.9000e+02 -1.3000e+02 1.0753e-01
1.9000e+02 -1.2000e+02 2.7005e-01
1.9000e+02 -1.1000e+02 4.7487e-01
1.9000e+02 -1.0000e+02 1.1397e+00
1.9000e+02 -9.0000e+01 2.0564e+00
1.9000e+02 -8.0000e+01 -4.8170e-01
1.9000e+02 -7.0000e+01 4.7601e-01
1.9000e+02 -6.0000e+01 1.6846e+00
1.9000e+02 -5.0000e+01 -9.7045e-01
1.9000e+02 -4.0000e+01 -1.1608e+00
1.9000e+02 -3.0000e+01 3.9779e-01
1.9000e+02 -2.0000e+01 -1.2073e+00
1.9000e+02 -1.0000e+01 9.6536e-01
1.9000e+02 0.0000e+00 -1.4077e+00
1.9000e+02 1.0000e+01 -1.7966e+00
1.9000e+02 2.0000e+01 1.9628e-01
1.9000e+02 3.0000e+01 -7.3458e-01
1.9000e+02 4.0000e+01 -8.0904e-01
1.9000e+02 5.0000e+01 8.5444e-01
1.9000e+02 6.0000e+01 -1.1999e+00
1.9000e+02 7.0000e+01 -1.8438e+00
1.9000e+02 8.0000e+01 -8.6649e-01
1.9000e+02 9.0000e+01 1.2424e+00
1.9000e+02 1.0000e+02 -2.2546e+00
1.9000e+02 1.1000e+02 -6.0606e-03
1.9000e+02 1.2000e+02 7.0814e-01
1.9000e+02 1.3000e+02 6.5118e-01
1.9000e+02 1.4000e+02 -3.1051e+00
1.9000e+02 1.5000e+02 -1.6476e-01
1.9000e+02 1.6000e+02 1.1222e+00
1.9000e+02 1.7000e+02 3.1593e+00
1.9000e+02 1.8000e+02 1.6253e+00
1.9000e+02 1.9000e+02 2.0593e+00
1.9000e+02 2.0000e+02 -1.6025e+00
2.0000e+02 -2.0000e+02 5.8146e-01
2.0000e+02 -1.9000e+02 1.9711e+00
2.0000e+02 -1.8000e+02 2.1062e+00
2.0000e+02 -1.7000e+02 4.3254e-03
2.0000e+02 -1.6000e+02 1.5383e+00
2.0000e+02 -1.5000e+02 2.1378e+00
2.0000e+02 -1.4000e+02 -2.9217e-01
2.0000e+02 -1.3000e+02 3.7449e-01
2.0000e+02 -1.2000e+02 -2.0644e+00
2.0000e+02 -1.1000e+02 1.7644e-01
2.0000e+02 -1.0000e+02 -9.8480e-01
2.0000e+02 -9.0000e+01 1.3239e+00
2.0000e+02 -8.0000e+01 -2.4353e+00
2.0000e+02 -7.0000e+01 -1.7669e+00
2.0000e+02 -6.0000e+01 -1.5606e+00
2.0000e+02 -5.0000e+01 -8.9821e-01
2.0000e+02 -4.0000e+01 -1.0432e+00
2.0000e+02 -3.0000e+01 -2.1517e+00
2.0000e+02 -2.0000e+01 2.5657e+00
2.0000e+02 -1.0000e+01 -9.7910e-01
2.0000e+02 0.0000e+00 -1.0256e+00
2.0000e+02 1.0000e+01 1.4516e+00
2.0000e+02 2.0000e+01 2.4310e+00
2.0000e+02 3.0000e+01 1.5273e+00
2.0000e+02 4.0000e+01 -9.1223e-01
2.0000e+02 5.0000e+01 -4.1143e-01
2.0000e+02 6.0000e+01 2.5842e+00
2.0000e+02 7.0000e+01 -4.8898e-01
2.0000e+02 8.0000e+01 -2.1615e+00
2.0000e+02 9.0000e+01 5.8469e-01
2.0000e+02 1.0000e+02 -9.7303e-01
2.0000e+02 1.1000e+02 1.5013e+00
2.0000e+02 1.2000e+02 -2.4413e-01
2.0000e+02 1.3000e+02 7.0743e-01
2.0000e+02 1.4000e+02 8.3675e-01
2.0000e+02 1.5000e+02 8.8358e-02
2.0000e+02 1.6000e+02 8.7008e-01
2.0000e+02 1.7000e+02 -7.2023e-02
2.0000e+02 1.8000e+02 -9.0273e-01
2.0000e+02 1.9000e+02 -2.7727e+00
2.0000e+02 2.0000e+02 -8.1410e-01
