-2.0000e+02 -2.0000e+02 2.7077e+00
-2.0000e+02 -1.9000e+02 -1.9666e+00
-2.0000e+02 -1.8000e+02 1.0808e+00
-2.0000e+02 -1.7000e+02 -4.7801e-01
-2.0000e+02 -1.6000e+02 1.9041e+00
-2.0000e+02 -1.5000e+02 -1.8628e-01
-2.0000e+02 -1.4000e+02 -6.2395e-01
-2.0000e+02 -1.3000e+02 -2.1968e+00
-2.0000e+02 -1.2000e+02 -5.8240e-01
-2.0000e+02 -1.1000e+02 1.0966e+00
-2.0000e+02 -1.0000e+02 -4.4454e-01
-2.0000e+02 -9.0000e+01 4.0362e-01
-2.0000e+02 -8.0000e+01 1.4514e-01
-2.0000e+02 -7.0000e+01 2.3828e+00
-2.0000e+02 -6.0000e+01 -2.8178e-03
-2.0000e+02 -5.0000e+01 4.1070e-01
-2.0000e+02 -4.0000e+01 1.3375e+00
-2.0000e+02 -3.0000e+01 3.5576e+00
-2.0000e+02 -2.0000e+01 9.6510e-01
-2.0000e+02 -1.0000e+01 -2.8840e-01
-2.0000e+02 0.0000e+00 1.4650e+00
-2.0000e+02 1.0000e+01 3.5784e-02
-2.0000e+02 2.0000e+01 -1.7801e+00
-2.0000e+02 3.0000e+01 6.4347e-01
-2.0000e+02 4.0000e+01 1.4744e+00
-2.0000e+02 5.0000e+01 3.1225e+00
-2.0000e+02 6.0000e+01 -9.7230e-01
-2.0000e+02 7.0000e+01 -1.2892e+00
-2.0000e+02 8.0000e+01 1.5111e+00
-2.0000e+02 9.0000e+01 1.5075e-01
-2.0000e+02 1.0000e+02 -9.5767e-01
-2.0000e+02 1.1000e+02 3.9693e-01
-2.0000e+02 1.2000e+02 -2.4431e+00
-2.0000e+02 1.3000e+02 8.7479e-01
-2.0000e+02 1.4000e+02 -3.0335e-01
-2.0000e+02 1.5000e+02 -1.6890e+00
-2.0000e+02 1.6000e+02 3.5295e+00
-2.0000e+02 1.7000e+02 9.7085e-01
-2.0000e+02 1.8000e+02 -1.4828e-02
-2.0000e+02 1.9000e+02 -4.0652e-01
-2.0000e+02 2.0000e+02 8.0687e-01
-1.9000e+02 -2.0000e+02 1.4918e+00
-1.9000e+02 -1.9000e+02 7.6820e-01
-1.9000e+02 -1.8000e+02 -2.8290e+00
-1.9000e+02 -1.7000e+02 -2.3605e+00
-1.9000e+02 -1.6000e+02 2.0489e+00
-1.9000e+02 -1.5000e+02 -8.2411e-01
-1.9000e+02 -1.4000e+02 -1.5311e-01
-1.9000e+02 -1.3000e+02 -2.9515e+00
-1.9000e+02 -1.2000e+02 -3.7689e-01
-1.9000e+02 -1.1000e+02 8.0883e-01
-1.9000e+02 -1.0000e+02 -2.6087e-01
-1.9000e+02 -9.0000e+01 9.9195e-01
-1.9000e+02 -8.0000e+01 4.9646e-01
-1.9000e+02 -7.0000e+01 2.5667e+00
-1.9000e+02 -6.0000e+01 -1.6095e+00
-1.9000e+02 -5.0000e+01 1.6609e+00
-1.9000e+02 -4.0000e+01 -1.0465e+00
-1.9000e+02 -3.0000e+01 -7.7868e-01
-1.9000e+02 -2.0000e+01 1.5057e-01
-1.9000e+02 -1.0000e+01 -8.5314e-01
-1.9000e+02 0.0000e+00 -1.8829e+00
-1.9000e+02 1.0000e+01 -3.3825e-01
-1.9000e+02 2.0000e+01 1.5712e+00
-1.9000e+02 3.0000e+01 -1.6110e+00
-1.9000e+02 4.0000e+01 3.4645e-01
-1.9000e+02 5.0000e+01 8.0707e-01
-1.9000e+02 6.0000e+01 -1.0843e+00
-1.9000e+02 7.0000e+01 -1.3719e+00
-1.9000e+02 8.0000e+01 -1.6720e-01
-1.9000e+02 9.0000e+01 2.5405e+00
-1.9000e+02 1.0000e+02 -3.1558e-01
-1.9000e+02 1.1000e+02 1.0427e+00
-1.9000e+02 1.2000e+02 7.6862e-01
-1.9000e+02 1.3000e+02 -4.2666e-01
-1.9000e+02 1.4000e+02 9.3619e-01
-1.9000e+02 1.5000e+02 -1.7121e+00
-1.9000e+02 1.6000e+02 1.0328e+00
-1.9000e+02 1.7000e+02 -1.1606e+00
-1.9000e+02 1.8000e+02 4.1215e-01
-1.9000e+02 1.9000e+02 1.1084e+00
-1.9000e+02 2.0000e+02 6.3189e-01
-1.8000e+02 -2.0000e+02 -2.6146e+00
-1.8000e+02 -1.9000e+02 8.8261e-01
-1.8000e+02 -1.8000e+02 -9.7412e-01
-1.8000e+02 -1.7000e+02 -2.1557e+00
-1.8000e+02 -1.6000e+02 -2.5427e+00
-1.8000e+02 -1.5000e+02 1.0582e+00
-1.8000e+02 -1.4000e+02 1.5208e-01
-1.8000e+02 -1.3000e+02 1.8108e+00
-1.8000e+02 -1.2000e+02 -1.2714e+00
-1.8000e+02 -1.1000e+02 -1.1073e+00
-1.8000e+02 -1.0000e+02 -1.3450e+00
-1.8000e+02 -9.0000e+01 1.0773e+00
-1.8000e+02 -8.0000e+01 2.4813e+00
-1.8000e+02 -7.0000e+01 -1.4742e+00
-1.8000e+02 -6.0000e+01 -1.0637e+00
-1.8000e+02 -5.0000e+01 -2.2544e+00
-1.8000e+02 -4.0000e+01 4.4081e-01
-1.8000e+02 -3.0000e+01 -1.5463e-01
-1.8000e+02 -2.0000e+01 6.1954e-01
-1.8000e+02 -1.0000e+01 3.0335e+00
-1.8000e+02 0.0000e+00 -4.0811e-02
-1.8000e+02 1.0000e+01 -1.9322e+00
-1.8000e+02 2.0000e+01 -5.9277e-01
-1.8000e+02 3.0000e+01 8.5946e-01
-1.8000e+02 4.0000e+01 -8.6028e-01
-1.8000e+02 5.0000e+01 3.0757e+00
-1.8000e+02 6.0000e+01 2.4989e+00
-1.8000e+02 7.0000e+01 1.4606e-01
-1.8000e+02 8.0000e+01 -9.2336e-01
-1.8000e+02 9.0000e+01 -9.0232e-01
-1.8000e+02 1.0000e+02 -9.7292e-01
-1.8000e+02 1.1000e+02 5.0586e-02
-1.8000e+02 1.2000e+02 6.8867e-01
-1.8000e+02 1.3000e+02 1.5838e-01
-1.8000e+02 1.4000e+02 8.0823e-01
-1.8000e+02 1.5000e+02 3.0707e-01
-1.8000e+02 1.6000e+02 -1.1267e-01
-1.8000e+02 1.7000e+02 1.8578e+00
-1.8000e+02 1.8000e+02 -2.3704e-01
-1.8000e+02 1.9000e+02 -2.5656e+00
-1.8000e+02 2.0000e+02 -1.0767e+00
-1.7000e+02 -2.0000e+02 -7.0458e-01
-1.7000e+02 -1.9000e+02 2.7930e-01
-1.7000e+02 -1.8000e+02 -1.1849e+00
-1.7000e+02 -1.7000e+02 1.8872e+00
-1.7000e+02 -1.6000e+02 3.5289e+00
-1.7000e+02 -1.5000e+02 -1.8534e+00
-1.7000e+02 -1.4000e+02 6.6286e-01
-1.7000e+02 -1.3000e+02 -1.6193e-01
-1.7000e+02 -1.2000e+02 -3.0109e-01
-1.7000e+02 -1.1000e+02 1.9573e+00
-1.7000e+02 -1.0000e+02 -1.3461e+00
-1.7000e+02 -9.0000e+01 -8.0829e-01
-1.7000e+02 -8.0000e+01 4.0298e+00
-1.7000e+02 -7.0000e+01 -1.3829e+00
-1.7000e+02 -6.0000e+01 1.9764e+00
-1.7000e+02 -5.0000e+01 2.2293e+00
-1.7000e+02 -4.0000e+01 8.0135e-01
-1.7000e+02 -3.0000e+01 1.8434e+00
-1.7000e+02 -2.0000e+01 1.4859e-01
-1.7000e+02 -1.0000e+01 6.2002e-01
-1.7000e+02 0.0000e+00 9.6841e-01
-1.7000e+02 1.0000e+01 -7.0543e-01
-1.7000e+02 2.0000e+01 -3.4729e+00
-1.7000e+02 3.0000e+01 -1.5624e-01
-1.7000e+02 4.0000e+01 -8.8002e-02
-1.7000e+02 5.0000e+01 1.0881e+00
-1.7000e+02 6.0000e+01 4.9459e-01
-1.7000e+02 7.0000e+01 -2.6728e-01
-1.7000e+02 8.0000e+01 -8.9494e-01
-1.7000e+02 9.0000e+01 3.0030e+00
-1.7000e+02 1.0000e+02 4.6810e-01
-1.7000e+02 1.1000e+02 1.0613e+00
-1.7000e+02 1.2000e+02 -1.8294e+00
-1.7000e+02 1.3000e+02 -4.5233e-01
-1.7000e+02 1.4000e+02 1.8240e+00
-1.7000e+02 1.5000e+02 2.4557e-01
-1.7000e+02 1.6000e+02 1.2973e+00
-1.7000e+02 1.7000e+02 -5.9207e-01
-1.7000e+02 1.8000e+02 1.1576e+00
-1.7000e+02 1.9000e+02 1.8384e+00
-1.7000e+02 2.0000e+02 -3.2203e-01
-1.6000e+02 -2.0000e+02 1.2274e+00
-1.6000e+02 -1.9000e+02 8.9783e-01
-1.6000e+02 -1.8000e+02 1.9532e+00
-1.6000e+02 -1.7000e+02 -2.2842e-01
-1.6000e+02 -1.6000e+02 -3.0854e+00
-1.6000e+02 -1.5000e+02 6.5031e-02
-1.6000e+02 -1.4000e+02 -3.1113e-01
-1.6000e+02 -1.3000e+02 2.7045e-01
-1.6000e+02 -1.2000e+02 2.7914e-01
-1.6000e+02 -1.1000e+02 1.4969e+00
-1.6000e+02 -1.0000e+02 -5.1981e-01
-1.6000e+02 -9.0000e+01 -1.9083e-01
-1.6000e+02 -8.0000e+01 1.6359e+00
-1.6000e+02 -7.0000e+01 -1.6787e+00
-1.6000e+02 -6.0000e+01 -2.4349e-01
-1.6000e+02 -5.0000e+01 6.2449e-01
-1.6000e+02 -4.0000e+01 2.3235e+00
-1.6000e+02 -3.0000e+01 -2.0410e-01
-1.6000e+02 -2.0000e+01 7.9022e-01
-1.6000e+02 -1.0000e+01 -1.2681e+00
-1.6000e+02 0.0000e+00 -2.9473e+00
-1.6000e+02 1.0000e+01 -3.2131e+00
-1.6000e+02 2.0000e+01 1.2565e+00
-1.6000e+02 3.0000e+01 1.1491e+00
-1.6000e+02 4.0000e+01 -1.2879e+00
-1.6000e+02 5.0000e+01 2.6882e+00
-1.6000e+02 6.0000e+01 9.3714e-01
-1.6000e+02 7.0000e+01 -1.3213e+00
-1.6000e+02 8.0000e+01 2.3612e+00
-1.6000e+02 9.0000e+01 -1.8480e+00
-1.6000e+02 1.0000e+02 -2.0057e-02
-1.6000e+02 1.1000e+02 7.5734e-01
-1.6000e+02 1.2000e+02 2.2648e+00
-1.6000e+02 1.3000e+02 5.5962e-01
-1.6000e+02 1.4000e+02 -3.6948e-01
-1.6000e+02 1.5000e+02 2.5809e+00
-1.6000e+02 1.6000e+02 -7.6944e-01
-1.6000e+02 1.7000e+02 9.1746e-02
-1.6000e+02 1.8000e+02 -3.9845e-01
-1.6000e+02 1.9000e+02 1.8498e+00
-1.6000e+02 2.0000e+02 -6.0838e-01
-1.5000e+02 -2.0000e+02 8.2534e-01
-1.5000e+02 -1.9000e+02 -4.4901e-01
-1.5000e+02 -1.8000e+02 -9.0190e-01
-1.5000e+02 -1.7000e+02 -2.3712e+00
-1.5000e+02 -1.6000e+02 2.3504e+00
-1.5000e+02 -1.5000e+02 1.5485e-01
-1.5000e+02 -1.4000e+02 -4.3802e-01
-1.5000e+02 -1.3000e+02 7.6923e-01
-1.5000e+02 -1.2000e+02 -9.4360e-01
-1.5000e+02 -1.1000e+02 -5.9402e-02
-1.5000e+02 -1.0000e+02 6.5386e-01
-1.5000e+02 -9.0000e+01 3.7267e-01
-1.5000e+02 -8.0000e+01 -1.6461e+00
-1.5000e+02 -7.0000e+01 -1.8770e+00
-1.5000e+02 -6.0000e+01 -1.8824e+00
-1.5000e+02 -5.0000e+01 -3.5242e-01
-1.5000e+02 -4.0000e+01 5.7694e-01
-1.5000e+02 -3.0000e+01 1.2509e+00
-1.5000e+02 -2.0000e+01 -1.7476e+00
-1.5000e+02 -1.0000e+01 9.2982e-01
-1.5000e+02 0.0000e+00 -1.2099e+00
-1.5000e+02 1.0000e+01 1.1579e+00
-1.5000e+02 2.0000e+01 -1.5485e+00
-1.5000e+02 3.0000e+01 -1.2610e+00
-1.5000e+02 4.0000e+01 6.1070e-01
-1.5000e+02 5.0000e+01 -3.3750e-01
-1.5000e+02 6.0000e+01 1.2237e+00
-1.5000e+02 7.0000e+01 -2.7466e-01
-1.5000e+02 8.0000e+01 2.9445e-01
-1.5000e+02 9.0000e+01 1.8688e+00
-1.5000e+02 1.0000e+02 -9.6088e-03
-1.5000e+02 1.1000e+02 -1.2961e+00
-1.5000e+02 1.2000e+02 1.4440e+00
-1.5000e+02 1.3000e+02 8.8707e-01
-1.5000e+02 1.4000e+02 -5.8174e-01
-1.5000e+02 1.5000e+02 1.3945e+00
-1.5000e+02 1.6000e+02 8.7188e-01
-1.5000e+02 1.7000e+02 3.4240e+00
-1.5000e+02 1.8000e+02 -8.4749e-01
-1.5000e+02 1.9000e+02 4.9648e-02
-1.5000e+02 2.0000e+02 8.8902e-01
-1.4000e+02 -2.0000e+02 -4.3033e-01
-1.4000e+02 -1.9000e+02 -5.9567e-01
-1.4000e+02 -1.8000e+02 -9.6473e-01
-1.4000e+02 -1.7000e+02 1.2668e+00
-1.4000e+02 -1.6000e+02 2.0016e+00
-1.4000e+02 -1.5000e+02 -3.1573e-01
-1.4000e+02 -1.4000e+02 1.8662e-01
-1.4000e+02 -1.3000e+02 -1.3350e+00
-1.4000e+02 -1.2000e+02 1.0434e+00
-1.4000e+02 -1.1000e+02 -1.7403e+00
-1.4000e+02 -1.0000e+02 2.1384e+00
-1.4000e+02 -9.0000e+01 -1.0317e+00
-1.4000e+02 -8.0000e+01 -1.2904e+00
-1.4000e+02 -7.0000e+01 -1.4149e+00
-1.4000e+02 -6.0000e+01 -5.0717e-01
-1.4000e+02 -5.0000e+01 1.7574e+00
-1.4000e+02 -4.0000e+01 -1.7865e+00
-1.4000e+02 -3.0000e+01 1.5351e-01
-1.4000e+02 -2.0000e+01 8.2608e-01
-1.4000e+02 -1.0000e+01 -1.0541e+00
-1.4000e+02 0.0000e+00 -6.3468e-01
-1.4000e+02 1.0000e+01 2.0045e-01
-1.4000e+02 2.0000e+01 -1.4647e+00
-1.4000e+02 3.0000e+01 1.7965e-01
-1.4000e+02 4.0000e+01 8.6108e-01
-1.4000e+02 5.0000e+01 -2.4559e+00
-1.4000e+02 6.0000e+01 -2.0551e-01
-1.4000e+02 7.0000e+01 -5.9456e-02
-1.4000e+02 8.0000e+01 -2.2858e+00
-1.4000e+02 9.0000e+01 3.4107e-01
-1.4000e+02 1.0000e+02 -2.2861e+00
-1.4000e+02 1.1000e+02 6.9302e-01
-1.4000e+02 1.2000e+02 2.8845e+00
-1.4000e+02 1.3000e+02 1.8038e-01
-1.4000e+02 1.4000e+02 2.2208e+00
-1.4000e+02 1.5000e+02 4.1377e-01
-1.4000e+02 1.6000e+02 -1.2963e+00
-1.4000e+02 1.7000e+02 -6.2283e-01
-1.4000e+02 1.8000e+02 1.1161e+00
-1.4000e+02 1.9000e+02 1.7461e+00
-1.4000e+02 2.0000e+02 8.6062e-01
-1.3000e+02 -2.0000e+02 -4.5826e-01
-1.3000e+02 -1.9000e+02 2.0378e+00
-1.3000e+02 -1.8000e+02 -2.3369e-01
-1.3000e+02 -1.7000e+02 1.0078e+00
-1.3000e+02 -1.6000e+02 -4.8869e-02
-1.3000e+02 -1.5000e+02 -4.5139e-02
-1.3000e+02 -1.4000e+02 -1.4838e-02
-1.3000e+02 -1.3000e+02 -3.1427e+00
-1.3000e+02 -1.2000e+02 1.4639e+00
-1.3000e+02 -1.1000e+02 -3.8737e-01
-1.3000e+02 -1.0000e+02 -4.9476e-01
-1.3000e+02 -9.0000e+01 -3.5545e-01
-1.3000e+02 -8.0000e+01 -1.0740e+00
-1.3000e+02 -7.0000e+01 -3.7070e+00
-1.3000e+02 -6.0000e+01 3.5412e-01
-1.3000e+02 -5.0000e+01 -1.1348e-01
-1.3000e+02 -4.0000e+01 -2.6670e-01
-1.3000e+02 -3.0000e+01 1.4418e+00
-1.3000e+02 -2.0000e+01 -2.1702e-01
-1.3000e+02 -1.0000e+01 -2.5974e+00
-1.3000e+02 0.0000e+00 -5.1203e-02
-1.3000e+02 1.0000e+01 -3.2580e+00
-1.3000e+02 2.0000e+01 -1.7503e+00
-1.3000e+02 3.0000e+01 -2.3404e+00
-1.3000e+02 4.0000e+01 -1.4210e+00
-1.3000e+02 5.0000e+01 -7.3460e-01
-1.3000e+02 6.0000e+01 -2.2775e+00
-1.3000e+02 7.0000e+01 -8.7019e-01
-1.3000e+02 8.0000e+01 -7.8770e-01
-1.3000e+02 9.0000e+01 -1.0815e+00
-1.3000e+02 1.0000e+02 2.1711e+00
-1.3000e+02 1.1000e+02 -2.7031e-01
-1.3000e+02 1.2000e+02 1.5702e+00
-1.3000e+02 1.3000e+02 9.9764e-01
-1.3000e+02 1.4000e+02 -1.4058e+00
-1.3000e+02 1.5000e+02 5.3375e-01
-1.3000e+02 1.6000e+02 -1.3160e+00
-1.3000e+02 1.7000e+02 3.7196e-01
-1.3000e+02 1.8000e+02 -2.0858e+00
-1.3000e+02 1.9000e+02 9.7113e-01
-1.3000e+02 2.0000e+02 -1.1622e+00
-1.2000e+02 -2.0000e+02 -1.6042e+00
-1.2000e+02 -1.9000e+02 1.1222e+00
-1.2000e+02 -1.8000e+02 1.1252e-01
-1.2000e+02 -1.7000e+02 6.2697e-01
-1.2000e+02 -1.6000e+02 -9.4827e-01
-1.2000e+02 -1.5000e+02 1.6474e-01
-1.2000e+02 -1.4000e+02 -1.5879e+00
-1.2000e+02 -1.3000e+02 9.3106e-01
-1.2000e+02 -1.2000e+02 1.9247e-01
-1.2000e+02 -1.1000e+02 -1.8696e+00
-1.2000e+02 -1.0000e+02 -1.5494e+00
-1.2000e+02 -9.0000e+01 -2.9543e+00
-1.2000e+02 -8.0000e+01 5.9754e-01
-1.2000e+02 -7.0000e+01 -2.4957e+00
-1.2000e+02 -6.0000e+01 -4.9208e-01
-1.2000e+02 -5.0000e+01 1.7088e-01
-1.2000e+02 -4.0000e+01 -2.2617e+00
-1.2000e+02 -3.0000e+01 -8.0397e-01
-1.2000e+02 -2.0000e+01 -3.8866e+00
-1.2000e+02 -1.0000e+01 -2.2124e+00
-1.2000e+02 0.0000e+00 -1.5869e+00
-1.2000e+02 1.0000e+01 1.9165e+00
-1.2000e+02 2.0000e+01 3.1979e-01
-1.2000e+02 3.0000e+01 -8.9273e-01
-1.2000e+02 4.0000e+01 -3.3284e+00
-1.2000e+02 5.0000e+01 -1.4076e+00
-1.2000e+02 6.0000e+01 5.4309e-01
-1.2000e+02 7.0000e+01 8.7728e-01
-1.2000e+02 8.0000e+01 -1.5940e+00
-1.2000e+02 9.0000e+01 -8.2684e-01
-1.2000e+02 1.0000e+02 5.8828e-01
-1.2000e+02 1.1000e+02 7.0726e-02
-1.2000e+02 1.2000e+02 -9.6196e-01
-1.2000e+02 1.3000e+02 4.5381e-01
-1.2000e+02 1.4000e+02 -6.8329e-01
-1.2000e+02 1.5000e+02 3.2557e+00
-1.2000e+02 1.6000e+02 -1.3909e+00
-1.2000e+02 1.7000e+02 5.2772e-02
-1.2000e+02 1.8000e+02 -5.3499e-01
-1.2000e+02 1.9000e+02 1.6116e+00
-1.2000e+02 2.0000e+02 -2.2379e-01
-1.1000e+02 -2.0000e+02 -9.5394e-01
-1.1000e+02 -1.9000e+02 1.8444e+00
-1.1000e+02 -1.8000e+02 -6.7720e-01
-1.1000e+02 -1.7000e+02 1.5529e-01
-1.1000e+02 -1.6000e+02 1.7677e-01
-1.1000e+02 -1.5000e+02 -1.3408e+00
-1.1000e+02 -1.4000e+02 7.2875e-01
-1.1000e+02 -1.3000e+02 1.6016e+00
-1.1000e+02 -1.2000e+02 -7.5452e-01
-1.1000e+02 -1.1000e+02 8.5964e-01
-1.1000e+02 -1.0000e+02 8.2719e-01
-1.1000e+02 -9.0000e+01 -7.4621e-02
-1.1000e+02 -8.0000e+01 -2.3424e+00
-1.1000e+02 -7.0000e+01 -3.5855e+00
-1.1000e+02 -6.0000e+01 -1.8688e+00
-1.1000e+02 -5.0000e+01 -3.2755e+00
-1.1000e+02 -4.0000e+01 -5.6682e+00
-1.1000e+02 -3.0000e+01 1.1789e+00
-1.1000e+02 -2.0000e+01 -4.5867e+00
-1.1000e+02 -1.0000e+01 -1.2776e+00
-1.1000e+02 0.0000e+00 -3.2299e+00
-1.1000e+02 1.0000e+01 -4.3467e+00
-1.1000e+02 2.0000e+01 -2.8934e+00
-1.1000e+02 3.0000e+01 -1.2385e+00
-1.1000e+02 4.0000e+01 -1.3408e+00
-1.1000e+02 5.0000e+01 -2.8512e+00
-1.1000e+02 6.0000e+01 3.0265e-01
-1.1000e+02 7.0000e+01 1.2522e+00
-1.1000e+02 8.0000e+01 -3.4917e-02
-1.1000e+02 9.0000e+01 -2.2461e+00
-1.1000e+02 1.0000e+02 -4.0263e-01
-1.1000e+02 1.1000e+02 -1.1233e+00
-1.1000e+02 1.2000e+02 4.4122e-01
-1.1000e+02 1.3000e+02 -6.6448e-01
-1.1000e+02 1.4000e+02 -1.5786e+00
-1.1000e+02 1.5000e+02 2.9423e+00
-1.1000e+02 1.6000e+02 -3.0635e+00
-1.1000e+02 1.7000e+02 2.5205e+00
-1.1000e+02 1.8000e+02 -8.9641e-01
-1.1000e+02 1.9000e+02 -2.1196e+00
-1.1000e+02 2.0000e+02 7.8594e-01
-1.0000e+02 -2.0000e+02 1.4264e-01
-1.0000e+02 -1.9000e+02 -2.0296e+00
-1.0000e+02 -1.8000e+02 2.8669e-01
-1.0000e+02 -1.7000e+02 2.0146e+00
-1.0000e+02 -1.6000e+02 1.0695e+00
-1.0000e+02 -1.5000e+02 2.6199e+00
-1.0000e+02 -1.4000e+02 -1.4887e+00
-1.0000e+02 -1.3000e+02 -1.0170e+00
-1.0000e+02 -1.2000e+02 1.0115e+00
-1.0000e+02 -1.1000e+02 -2.3773e-01
-1.0000e+02 -1.0000e+02 -2.4629e+00
-1.0000e+02 -9.0000e+01 7.7782e-01
-1.0000e+02 -8.0000e+01 2.6106e+00
-1.0000e+02 -7.0000e+01 -5.4921e-01
-1.0000e+02 -6.0000e+01 -5.9270e-01
-1.0000e+02 -5.0000e+01 -2.3467e+00
-1.0000e+02 -4.0000e+01 -2.0605e+00
-1.0000e+02 -3.0000e+01 -2.1684e+00
-1.0000e+02 -2.0000e+01 -3.8569e+00
-1.0000e+02 -1.0000e+01 -2.5806e+00
-1.0000e+02 0.0000e+00 -5.1547e+00
-1.0000e+02 1.0000e+01 -3.6613e+00
-1.0000e+02 2.0000e+01 -4.3038e+00
-1.0000e+02 3.0000e+01 -2.9684e+00
-1.0000e+02 4.0000e+01 -4.6490e+00
-1.0000e+02 5.0000e+01 -3.5683e+00
-1.0000e+02 6.0000e+01 -1.3715e+00
-1.0000e+02 7.0000e+01 -7.1010e-01
-1.0000e+02 8.0000e+01 -3.3993e+00
-1.0000e+02 9.0000e+01 -2.1238e+00
-1.0000e+02 1.0000e+02 -1.1927e+00
-1.0000e+02 1.1000e+02 6.2163e-01
-1.0000e+02 1.2000e+02 -2.2208e-01
-1.0000e+02 1.3000e+02 -2.7720e+00
-1.0000e+02 1.4000e+02 -5.8560e-01
-1.0000e+02 1.5000e+02 -2.8432e+00
-1.0000e+02 1.6000e+02 -7.1868e-01
-1.0000e+02 1.7000e+02 7.6942e-01
-1.0000e+02 1.8000e+02 -2.9648e+00
-1.0000e+02 1.9000e+02 1.6705e-01
-1.0000e+02 2.0000e+02 2.1243e-01
-9.0000e+01 -2.0000e+02 4.1825e-01
-9.0000e+01 -1.9000e+02 6.3759e-01
-9.0000e+01 -1.8000e+02 -6.7002e-01
-9.0000e+01 -1.7000e+02 6.7808e-01
-9.0000e+01 -1.6000e+02 -1.4921e-01
-9.0000e+01 -1.5000e+02 -9.2388e-01
-9.0000e+01 -1.4000e+02 1.9694e+00
-9.0000e+01 -1.3000e+02 4.6862e-01
-9.0000e+01 -1.2000e+02 -1.1890e+00
-9.0000e+01 -1.1000e+02 3.3065e-01
-9.0000e+01 -1.0000e+02 -3.0202e+00
-9.0000e+01 -9.0000e+01 3.0955e-01
-9.0000e+01 -8.0000e+01 -1.8736e-01
-9.0000e+01 -7.0000e+01 -1.4411e+00
-9.0000e+01 -6.0000e+01 -2.3564e+00
-9.0000e+01 -5.0000e+01 -9.0614e-01
-9.0000e+01 -4.0000e+01 -7.2723e+00
-9.0000e+01 -3.0000e+01 -5.0417e+00
-9.0000e+01 -2.0000e+01 -3.3870e+00
-9.0000e+01 -1.0000e+01 -2.0930e+00
-9.0000e+01 0.0000e+00 -1.3286e+00
-9.0000e+01 1.0000e+01 -5.4491e+00
-9.0000e+01 2.0000e+01 -3.6085e+00
-9.0000e+01 3.0000e+01 -1.8913e+00
-9.0000e+01 4.0000e+01 -4.1664e+00
-9.0000e+01 5.0000e+01 -3.3732e+00
-9.0000e+01 6.0000e+01 -4.9094e+00
-9.0000e+01 7.0000e+01 -2.1980e+00
-9.0000e+01 8.0000e+01 -2.9442e+00
-9.0000e+01 9.0000e+01 -4.0827e+00
-9.0000e+01 1.0000e+02 -1.8112e+00
-9.0000e+01 1.1000e+02 1.1496e+00
-9.0000e+01 1.2000e+02 4.3291e-01
-9.0000e+01 1.3000e+02 1.0149e+00
-9.0000e+01 1.4000e+02 -1.8367e+00
-9.0000e+01 1.5000e+02 1.4906e+00
-9.0000e+01 1.6000e+02 1.2319e+00
-9.0000e+01 1.7000e+02 2.4852e+00
-9.0000e+01 1.8000e+02 -3.9833e-01
-9.0000e+01 1.9000e+02 1.3477e+00
-9.0000e+01 2.0000e+02 -1.5561e+00
-8.0000e+01 -2.0000e+02 4.5913e+00
-8.0000e+01 -1.9000e+02 2.3794e-01
-8.0000e+01 -1.8000e+02 -9.1036e-01
-8.0000e+01 -1.7000e+02 2.3545e+00
-8.0000e+01 -1.6000e+02 -7.1509e-01
-8.0000e+01 -1.5000e+02 -8.8396e-01
-8.0000e+01 -1.4000e+02 1.0706e+00
-8.0000e+01 -1.3000e+02 -2.8443e+00
-8.0000e+01 -1.2000e+02 -9.7408e-02
-8.0000e+01 -1.1000e+02 -5.7355e-01
-8.0000e+01 -1.0000e+02 -6.0492e-01
-8.0000e+01 -9.0000e+01 -9.4903e-01
-8.0000e+01 -8.0000e+01 -3.2972e+00
-8.0000e+01 -7.0000e+01 -3.7038e+00
-8.0000e+01 -6.0000e+01 -4.1174e+00
-8.0000e+01 -5.0000e+01 -4.3136e+00
-8.0000e+01 -4.0000e+01 -3.2963e+00
-8.0000e+01 -3.0000e+01 -4.6956e+00
-8.0000e+01 -2.0000e+01 -5.2982e+00
-8.0000e+01 -1.0000e+01 -6.9350e+00
-8.0000e+01 0.0000e+00 -4.5113e+00
-8.0000e+01 1.0000e+01 -5.5149e+00
-8.0000e+01 2.0000e+01 -5.0385e+00
-8.0000e+01 3.0000e+01 -5.7114e+00
-8.0000e+01 4.0000e+01 -6.5546e+00
-8.0000e+01 5.0000e+01 -4.6197e+00
-8.0000e+01 6.0000e+01 -2.9958e+00
-8.0000e+01 7.0000e+01 -1.4747e+00
-8.0000e+01 8.0000e+01 -1.7552e+00
-8.0000e+01 9.0000e+01 -1.1112e+00
-8.0000e+01 1.0000e+02 -2.9968e+00
-8.0000e+01 1.1000e+02 4.5177e-01
-8.0000e+01 1.2000e+02 -6.1915e-01
-8.0000e+01 1.3000e+02 7.4162e-01
-8.0000e+01 1.4000e+02 -2.1563e-01
-8.0000e+01 1.5000e+02 -1.0897e+00
-8.0000e+01 1.6000e+02 7.3265e-01
-8.0000e+01 1.7000e+02 -3.0712e+00
-8.0000e+01 1.8000e+02 3.2180e+00
-8.0000e+01 1.9000e+02 -3.0640e-01
-8.0000e+01 2.0000e+02 3.0462e-02
-7.0000e+01 -2.0000e+02 4.4928e-01
-7.0000e+01 -1.9000e+02 -1.9421e-01
-7.0000e+01 -1.8000e+02 -9.7057e-01
-7.0000e+01 -1.7000e+02 -1.6958e+00
-7.0000e+01 -1.6000e+02 1.4349e+00
-7.0000e+01 -1.5000e+02 -1.2667e+00
-7.0000e+01 -1.4000e+02 -8.0727e-02
-7.0000e+01 -1.3000e+02 2.6841e+00
-7.0000e+01 -1.2000e+02 6.6768e-01
-7.0000e+01 -1.1000e+02 -1.4092e+00
-7.0000e+01 -1.0000e+02 1.7708e-01
-7.0000e+01 -9.0000e+01 -1.4685e+00
-7.0000e+01 -8.0000e+01 -2.0180e+00
-7.0000e+01 -7.0000e+01 -2.9076e+00
-7.0000e+01 -6.0000e+01 -5.2421e+00
-7.0000e+01 -5.0000e+01 -1.9884e+00
-7.0000e+01 -4.0000e+01 -6.1894e+00
-7.0000e+01 -3.0000e+01 -6.0605e+00
-7.0000e+01 -2.0000e+01 -8.0032e+00
-7.0000e+01 -1.0000e+01 -6.0916e+00
-7.0000e+01 0.0000e+00 -6.6498e+00
-7.0000e+01 1.0000e+01 -5.9650e+00
-7.0000e+01 2.0000e+01 -6.1759e+00
-7.0000e+01 3.0000e+01 -8.9609e+00
-7.0000e+01 4.0000e+01 -6.2785e+00
-7.0000e+01 5.0000e+01 -2.8734e+00
-7.0000e+01 6.0000e+01 -3.9271e+00
-7.0000e+01 7.0000e+01 -1.8642e+00
-7.0000e+01 8.0000e+01 -4.9249e+00
-7.0000e+01 9.0000e+01 -5.6833e+00
-7.0000e+01 1.0000e+02 -1.4914e+00
-7.0000e+01 1.1000e+02 2.4544e-01
-7.0000e+01 1.2000e+02 1.0554e+00
-7.0000e+01 1.3000e+02 -1.2257e+00
-7.0000e+01 1.4000e+02 -2.0256e+00
-7.0000e+01 1.5000e+02 2.9813e-01
-7.0000e+01 1.6000e+02 2.1374e+00
-7.0000e+01 1.7000e+02 -2.2906e+00
-7.0000e+01 1.8000e+02 -6.3829e-01
-7.0000e+01 1.9000e+02 -6.6209e-01
-7.0000e+01 2.0000e+02 -8.8260e-01
-6.0000e+01 -2.0000e+02 -9.8532e-01
-6.0000e+01 -1.9000e+02 7.3677e-01
-6.0000e+01 -1.8000e+02 -1.1783e+00
-6.0000e+01 -1.7000e+02 1.5724e+00
-6.0000e+01 -1.6000e+02 -3.5155e-01
-6.0000e+01 -1.5000e+02 8.4494e-01
-6.0000e+01 -1.4000e+02 -9.7533e-02
-6.0000e+01 -1.3000e+02 4.5727e-01
-6.0000e+01 -1.2000e+02 -6.3319e-01
-6.0000e+01 -1.1000e+02 -1.8027e-01
-6.0000e+01 -1.0000e+02 1.8765e-01
-6.0000e+01 -9.0000e+01 -3.9866e+00
-6.0000e+01 -8.0000e+01 -3.8475e+00
-6.0000e+01 -7.0000e+01 -2.0244e+00
-6.0000e+01 -6.0000e+01 -2.7650e+00
-6.0000e+01 -5.0000e+01 -6.3338e+00
-6.0000e+01 -4.0000e+01 -7.0905e+00
-6.0000e+01 -3.0000e+01 -7.6673e+00
-6.0000e+01 -2.0000e+01 -5.4450e+00
-6.0000e+01 -1.0000e+01 -8.2508e+00
-6.0000e+01 0.0000e+00 -8.3878e+00
-6.0000e+01 1.0000e+01 -5.9187e+00
-6.0000e+01 2.0000e+01 -6.5675e+00
-6.0000e+01 3.0000e+01 -8.5430e+00
-6.0000e+01 4.0000e+01 -6.9372e+00
-6.0000e+01 5.0000e+01 -7.4500e+00
-6.0000e+01 6.0000e+01 -4.2268e+00
-6.0000e+01 7.0000e+01 -4.4290e+00
-6.0000e+01 8.0000e+01 -1.3941e+00
-6.0000e+01 9.0000e+01 -1.3482e-02
-6.0000e+01 1.0000e+02 -8.8981e-02
-6.0000e+01 1.1000e+02 -3.4681e+00
-6.0000e+01 1.2000e+02 -1.9554e+00
-6.0000e+01 1.3000e+02 7.4853e-01
-6.0000e+01 1.4000e+02 2.2794e+00
-6.0000e+01 1.5000e+02 -1.9413e+00
-6.0000e+01 1.6000e+02 -8.5490e-01
-6.0000e+01 1.7000e+02 -1.3607e+00
-6.0000e+01 1.8000e+02 6.6306e-01
-6.0000e+01 1.9000e+02 -1.1644e+00
-6.0000e+01 2.0000e+02 -3.8555e+00
-5.0000e+01 -2.0000e+02 3.9348e-01
-5.0000e+01 -1.9000e+02 1.4547e+00
-5.0000e+01 -1.8000e+02 -1.5804e-01
-5.0000e+01 -1.7000e+02 2.3090e-02
-5.0000e+01 -1.6000e+02 -1.5785e+00
-5.0000e+01 -1.5000e+02 -1.4679e+00
-5.0000e+01 -1.4000e+02 3.5157e-01
-5.0000e+01 -1.3000e+02 5.6627e-01
-5.0000e+01 -1.2000e+02 -3.0006e+00
-5.0000e+01 -1.1000e+02 8.2028e-01
-5.0000e+01 -1.0000e+02 -3.1370e+00
-5.0000e+01 -9.0000e+01 -4.4096e+00
-5.0000e+01 -8.0000e+01 -5.9155e+00
-5.0000e+01 -7.0000e+01 -3.2785e+00
-5.0000e+01 -6.0000e+01 -8.7918e+00
-5.0000e+01 -5.0000e+01 -5.7636e+00
-5.0000e+01 -4.0000e+01 -1.0543e+01
-5.0000e+01 -3.0000e+01 -7.4129e+00
-5.0000e+01 -2.0000e+01 -7.5226e+00
-5.0000e+01 -1.0000e+01 -1.0985e+01
-5.0000e+01 0.0000e+00 -9.1396e+00
-5.0000e+01 1.0000e+01 -1.2700e+01
-5.0000e+01 2.0000e+01 -1.0068e+01
-5.0000e+01 3.0000e+01 -7.0647e+00
-5.0000e+01 4.0000e+01 -6.2471e+00
-5.0000e+01 5.0000e+01 -7.4249e+00
-5.0000e+01 6.0000e+01 -6.2075e+00
-5.0000e+01 7.0000e+01 -5.6372e+00
-5.0000e+01 8.0000e+01 -3.8484e+00
-5.0000e+01 9.0000e+01 -3.7157e+00
-5.0000e+01 1.0000e+02 -1.5294e+00
-5.0000e+01 1.1000e+02 -2.6223e+00
-5.0000e+01 1.2000e+02 -2.3167e+00
-5.0000e+01 1.3000e+02 -1.8813e+00
-5.0000e+01 1.4000e+02 9.9156e-01
-5.0000e+01 1.5000e+02 -2.0831e+00
-5.0000e+01 1.6000e+02 4.0454e-01
-5.0000e+01 1.7000e+02 2.9356e+00
-5.0000e+01 1.8000e+02 1.0464e-01
-5.0000e+01 1.9000e+02 2.6974e-01
-5.0000e+01 2.0000e+02 -4.6278e-01
-4.0000e+01 -2.0000e+02 -1.4262e+00
-4.0000e+01 -1.9000e+02 -1.0084e+00
-4.0000e+01 -1.8000e+02 4.1337e-01
-4.0000e+01 -1.7000e+02 -3.1271e+00
-4.0000e+01 -1.6000e+02 5.0221e-01
-4.0000e+01 -1.5000e+02 -1.2911e+00
-4.0000e+01 -1.4000e+02 -1.7019e+00
-4.0000e+01 -1.3000e+02 -3.2193e-01
-4.0000e+01 -1.2000e+02 -3.3757e+00
-4.0000e+01 -1.1000e+02 -5.7478e-01
-4.0000e+01 -1.0000e+02 -1.1753e+00
-4.0000e+01 -9.0000e+01 -2.9912e+00
-4.0000e+01 -8.0000e+01 -4.5596e+00
-4.0000e+01 -7.0000e+01 -8.4297e+00
-4.0000e+01 -6.0000e+01 -5.0655e+00
-4.0000e+01 -5.0000e+01 -7.3600e+00
-4.0000e+01 -4.0000e+01 -1.1038e+01
-4.0000e+01 -3.0000e+01 -8.6032e+00
-4.0000e+01 -2.0000e+01 -8.8369e+00
-4.0000e+01 -1.0000e+01 -8.5529e+00
-4.0000e+01 0.0000e+00 -1.1133e+01
-4.0000e+01 1.0000e+01 -9.4655e+00
-4.0000e+01 2.0000e+01 -1.1537e+01
-4.0000e+01 3.0000e+01 -1.4247e+01
-4.0000e+01 4.0000e+01 -1.0101e+01
-4.0000e+01 5.0000e+01 -1.1093e+01
-4.0000e+01 6.0000e+01 -7.4146e+00
-4.0000e+01 7.0000e+01 -4.7444e+00
-4.0000e+01 8.0000e+01 -4.3182e+00
-4.0000e+01 9.0000e+01 -2.6068e+00
-4.0000e+01 1.0000e+02 -3.4905e+00
-4.0000e+01 1.1000e+02 -1.1761e+00
-4.0000e+01 1.2000e+02 -1.0921e+00
-4.0000e+01 1.3000e+02 6.5054e-01
-4.0000e+01 1.4000e+02 -1.5468e+00
-4.0000e+01 1.5000e+02 -1.6981e-01
-4.0000e+01 1.6000e+02 3.3177e+00
-4.0000e+01 1.7000e+02 -3.4139e+00
-4.0000e+01 1.8000e+02 3.3787e+00
-4.0000e+01 1.9000e+02 -3.1414e+00
-4.0000e+01 2.0000e+02 1.6877e+00
-3.0000e+01 -2.0000e+02 1.6863e+00
-3.0000e+01 -1.9000e+02 2.4912e+00
-3.0000e+01 -1.8000e+02 1.2564e+00
-3.0000e+01 -1.7000e+02 1.5868e+00
-3.0000e+01 -1.6000e+02 1.7108e-01
-3.0000e+01 -1.5000e+02 1.5605e+00
-3.0000e+01 -1.4000e+02 -6.0737e-01
-3.0000e+01 -1.3000e+02 -1.4379e+00
-3.0000e+01 -1.2000e+02 -4.9580e-01
-3.0000e+01 -1.1000e+02 -2.4913e+00
-3.0000e+01 -1.0000e+02 -4.9328e+00
-3.0000e+01 -9.0000e+01 -2.4707e+00
-3.0000e+01 -8.0000e+01 -5.0769e+00
-3.0000e+01 -7.0000e+01 -8.0333e+00
-3.0000e+01 -6.0000e+01 -4.9909e+00
-3.0000e+01 -5.0000e+01 -1.1108e+01
-3.0000e+01 -4.0000e+01 -1.0083e+01
-3.0000e+01 -3.0000e+01 -9.8863e+00
-3.0000e+01 -2.0000e+01 -1.3129e+01
-3.0000e+01 -1.0000e+01 -1.0501e+01
-3.0000e+01 0.0000e+00 -1.2422e+01
-3.0000e+01 1.0000e+01 -1.2683e+01
-3.0000e+01 2.0000e+01 -1.4481e+01
-3.0000e+01 3.0000e+01 -1.0994e+01
-3.0000e+01 4.0000e+01 -1.1343e+01
-3.0000e+01 5.0000e+01 -8.3790e+00
-3.0000e+01 6.0000e+01 -6.5574e+00
-3.0000e+01 7.0000e+01 -6.6376e+00
-3.0000e+01 8.0000e+01 -6.7442e+00
-3.0000e+01 9.0000e+01 -4.3445e+00
-3.0000e+01 1.0000e+02 -2.9288e+00
-3.0000e+01 1.1000e+02 -1.6466e+00
-3.0000e+01 1.2000e+02 -2.9492e+00
-3.0000e+01 1.3000e+02 -9.5082e-01
-3.0000e+01 1.4000e+02 -1.4878e+00
-3.0000e+01 1.5000e+02 -2.5497e-01
-3.0000e+01 1.6000e+02 -1.3862e+00
-3.0000e+01 1.7000e+02 -3.2788e-01
-3.0000e+01 1.8000e+02 5.2118e-01
-3.0000e+01 1.9000e+02 -1.0327e+00
-3.0000e+01 2.0000e+02 -9.4697e-01
-2.0000e+01 -2.0000e+02 -2.1214e+00
-2.0000e+01 -1.9000e+02 4.1309e-01
-2.0000e+01 -1.8000e+02 1.0283e+00
-2.0000e+01 -1.7000e+02 9.2557e-01
-2.0000e+01 -1.6000e+02 -3.4034e-02
-2.0000e+01 -1.5000e+02 2.3973e+00
-2.0000e+01 -1.4000e+02 2.0784e+00
-2.0000e+01 -1.3000e+02 -4.1179e+00
-2.0000e+01 -1.2000e+02 -1.1326e-01
-2.0000e+01 -1.1000e+02 -1.8740e-02
-2.0000e+01 -1.0000e+02 -7.7859e-01
-2.0000e+01 -9.0000e+01 -1.3511e+00
-2.0000e+01 -8.0000e+01 -4.8109e+00
-2.0000e+01 -7.0000e+01 -3.5100e+00
-2.0000e+01 -6.0000e+01 -8.3909e+00
-2.0000e+01 -5.0000e+01 -8.6963e+00
-2.0000e+01 -4.0000e+01 -1.2699e+01
-2.0000e+01 -3.0000e+01 -9.8949e+00
-2.0000e+01 -2.0000e+01 -1.2258e+01
-2.0000e+01 -1.0000e+01 -1.1760e+01
-2.0000e+01 0.0000e+00 -1.4494e+01
-2.0000e+01 1.0000e+01 -1.3805e+01
-2.0000e+01 2.0000e+01 -1.4360e+01
-2.0000e+01 3.0000e+01 -1.0303e+01
-2.0000e+01 4.0000e+01 -1.1383e+01
-2.0000e+01 5.0000e+01 -8.9397e+00
-2.0000e+01 6.0000e+01 -8.3509e+00
-2.0000e+01 7.0000e+01 -8.0516e+00
-2.0000e+01 8.0000e+01 -3.4252e+00
-2.0000e+01 9.0000e+01 -2.9350e+00
-2.0000e+01 1.0000e+02 -2.3786e+00
-2.0000e+01 1.1000e+02 -4.6539e+00
-2.0000e+01 1.2000e+02 8.9085e-01
-2.0000e+01 1.3000e+02 3.6586e-01
-2.0000e+01 1.4000e+02 -1.4344e+00
-2.0000e+01 1.5000e+02 1.2987e-01
-2.0000e+01 1.6000e+02 2.8318e+00
-2.0000e+01 1.7000e+02 6.5627e-01
-2.0000e+01 1.8000e+02 1.1818e+00
-2.0000e+01 1.9000e+02 -4.6608e-01
-2.0000e+01 2.0000e+02 1.1471e+00
-1.0000e+01 -2.0000e+02 2.0519e+00
-1.0000e+01 -1.9000e+02 -1.6814e+00
-1.0000e+01 -1.8000e+02 1.8508e+00
-1.0000e+01 -1.7000e+02 9.8470e-01
-1.0000e+01 -1.6000e+02 4.3908e-01
-1.0000e+01 -1.5000e+02 5.2483e-01
-1.0000e+01 -1.4000e+02 -1.4541e+00
-1.0000e+01 -1.3000e+02 -1.2171e+00
-1.0000e+01 -1.2000e+02 -1.6834e+00
-1.0000e+01 -1.1000e+02 -2.4007e+00
-1.0000e+01 -1.0000e+02 -4.5752e+00
-1.0000e+01 -9.0000e+01 -4.0858e+00
-1.0000e+01 -8.0000e+01 -3.5966e+00
-1.0000e+01 -7.0000e+01 -7.5597e+00
-1.0000e+01 -6.0000e+01 -9.2321e+00
-1.0000e+01 -5.0000e+01 -1.1101e+01
-1.0000e+01 -4.0000e+01 -1.1223e+01
-1.0000e+01 -3.0000e+01 -9.0013e+00
-1.0000e+01 -2.0000e+01 -1.5817e+01
-1.0000e+01 -1.0000e+01 -1.3994e+01
-1.0000e+01 0.0000e+00 -1.3438e+01
-1.0000e+01 1.0000e+01 -1.4591e+01
-1.0000e+01 2.0000e+01 -1.2787e+01
-1.0000e+01 3.0000e+01 -1.2499e+01
-1.0000e+01 4.0000e+01 -1.2904e+01
-1.0000e+01 5.0000e+01 -9.9395e+00
-1.0000e+01 6.0000e+01 -6.3212e+00
-1.0000e+01 7.0000e+01 -6.7754e+00
-1.0000e+01 8.0000e+01 -3.2995e+00
-1.0000e+01 9.0000e+01 -1.2507e+00
-1.0000e+01 1.0000e+02 -1.5491e+00
-1.0000e+01 1.1000e+02 -2.3404e+00
-1.0000e+01 1.2000e+02 6.9006e-02
-1.0000e+01 1.3000e+02 9.5535e-02
-1.0000e+01 1.4000e+02 -1.5649e+00
-1.0000e+01 1.5000e+02 -1.7868e+00
-1.0000e+01 1.6000e+02 1.1055e+00
-1.0000e+01 1.7000e+02 3.5752e-01
-1.0000e+01 1.8000e+02 -2.5500e-01
-1.0000e+01 1.9000e+02 -1.6654e+00
-1.0000e+01 2.0000e+02 4.7013e-01
0.0000e+00 -2.0000e+02 2.1943e+00
0.0000e+00 -1.9000e+02 -1.3225e+00
0.0000e+00 -1.8000e+02 -1.5670e-01
0.0000e+00 -1.7000e+02 -1.0270e+00
0.0000e+00 -1.6000e+02 1.2883e+00
0.0000e+00 -1.5000e+02 -3.2546e-01
0.0000e+00 -1.4000e+02 -1.1722e+00
0.0000e+00 -1.3000e+02 -5.2248e-01
0.0000e+00 -1.2000e+02 3.3714e+00
0.0000e+00 -1.1000e+02 -2.0750e+00
0.0000e+00 -1.0000e+02 -5.2356e+00
0.0000e+00 -9.0000e+01 -6.7311e+00
0.0000e+00 -8.0000e+01 -6.8208e+00
0.0000e+00 -7.0000e+01 -5.0813e+00
0.0000e+00 -6.0000e+01 -8.4924e+00
0.0000e+00 -5.0000e+01 -1.1532e+01
0.0000e+00 -4.0000e+01 -1.2557e+01
0.0000e+00 -3.0000e+01 -1.5584e+01
0.0000e+00 -2.0000e+01 -1.5945e+01
0.0000e+00 -1.0000e+01 -1.5990e+01
0.0000e+00 0.0000e+00 -1.5614e+01
0.0000e+00 1.0000e+01 -1.7691e+01
0.0000e+00 2.0000e+01 -1.5239e+01
0.0000e+00 3.0000e+01 -1.4299e+01
0.0000e+00 4.0000e+01 -1.1439e+01
0.0000e+00 5.0000e+01 -1.0870e+01
0.0000e+00 6.0000e+01 -6.3479e+00
0.0000e+00 7.0000e+01 -4.0236e+00
0.0000e+00 8.0000e+01 -5.5293e+00
0.0000e+00 9.0000e+01 -4.5995e+00
0.0000e+00 1.0000e+02 -4.8541e+00
0.0000e+00 1.1000e+02 -4.2758e+00
0.0000e+00 1.2000e+02 1.0939e-01
0.0000e+00 1.3000e+02 -1.5349e+00
0.0000e+00 1.4000e+02 1.0007e+00
0.0000e+00 1.5000e+02 7.7838e-01
0.0000e+00 1.6000e+02 -1.9728e+00
0.0000e+00 1.7000e+02 -8.4835e-01
0.0000e+00 1.8000e+02 8.5938e-01
0.0000e+00 1.9000e+02 4.1054e-01
0.0000e+00 2.0000e+02 -2.7718e-01
1.0000e+01 -2.0000e+02 1.7717e+00
1.0000e+01 -1.9000e+02 -2.0282e+00
1.0000e+01 -1.8000e+02 -2.2187e-01
1.0000e+01 -1.7000e+02 -6.0201e-01
1.0000e+01 -1.6000e+02 -6.2740e-01
1.0000e+01 -1.5000e+02 1.8298e+00
1.0000e+01 -1.4000e+02 1.1316e+00
1.0000e+01 -1.3000e+02 -8.1139e-01
1.0000e+01 -1.2000e+02 -2.1060e+00
1.0000e+01 -1.1000e+02 -5.8507e-01
1.0000e+01 -1.0000e+02 -2.9320e+00
1.0000e+01 -9.0000e+01 -4.9517e+00
1.0000e+01 -8.0000e+01 -5.5595e+00
1.0000e+01 -7.0000e+01 -8.5647e+00
1.0000e+01 -6.0000e+01 -8.1430e+00
1.0000e+01 -5.0000e+01 -7.1979e+00
1.0000e+01 -4.0000e+01 -1.0771e+01
1.0000e+01 -3.0000e+01 -1.3120e+01
1.0000e+01 -2.0000e+01 -1.5988e+01
1.0000e+01 -1.0000e+01 -1.5845e+01
1.0000e+01 0.0000e+00 -1.3630e+01
1.0000e+01 1.0000e+01 -1.4732e+01
1.0000e+01 2.0000e+01 -1.2439e+01
1.0000e+01 3.0000e+01 -1.0636e+01
1.0000e+01 4.0000e+01 -1.2724e+01
1.0000e+01 5.0000e+01 -1.1828e+01
1.0000e+01 6.0000e+01 -9.5457e+00
1.0000e+01 7.0000e+01 -5.5359e+00
1.0000e+01 8.0000e+01 -3.3576e+00
1.0000e+01 9.0000e+01 -5.4239e+00
1.0000e+01 1.0000e+02 -3.1100e+00
1.0000e+01 1.1000e+02 -1.0809e+00
1.0000e+01 1.2000e+02 -4.3692e+00
1.0000e+01 1.3000e+02 -2.7143e+00
1.0000e+01 1.4000e+02 -7.7048e-01
1.0000e+01 1.5000e+02 -1.6140e-01
1.0000e+01 1.6000e+02 -2.2945e-01
1.0000e+01 1.7000e+02 -2.8024e+00
1.0000e+01 1.8000e+02 1.8061e+00
1.0000e+01 1.9000e+02 -9.2713e-01
1.0000e+01 2.0000e+02 -2.4203e+00
2.0000e+01 -2.0000e+02 2.1779e+00
2.0000e+01 -1.9000e+02 9.1344e-01
2.0000e+01 -1.8000e+02 -4.4151e-01
2.0000e+01 -1.7000e+02 3.3646e+00
2.0000e+01 -1.6000e+02 -1.0381e+00
2.0000e+01 -1.5000e+02 -9.5782e-01
2.0000e+01 -1.4000e+02 -3.9880e+00
2.0000e+01 -1.3000e+02 -1.5045e+00
2.0000e+01 -1.2000e+02 -2.9296e+00
2.0000e+01 -1.1000e+02 -1.3853e+00
2.0000e+01 -1.0000e+02 1.2370e-02
2.0000e+01 -9.0000e+01 -5.3877e+00
2.0000e+01 -8.0000e+01 -7.4153e+00
2.0000e+01 -7.0000e+01 -5.9293e+00
2.0000e+01 -6.0000e+01 -6.7920e+00
2.0000e+01 -5.0000e+01 -9.3224e+00
2.0000e+01 -4.0000e+01 -9.5618e+00
2.0000e+01 -3.0000e+01 -9.8441e+00
2.0000e+01 -2.0000e+01 -1.3092e+01
2.0000e+01 -1.0000e+01 -1.4616e+01
2.0000e+01 0.0000e+00 -1.3762e+01
2.0000e+01 1.0000e+01 -1.5495e+01
2.0000e+01 2.0000e+01 -1.3272e+01
2.0000e+01 3.0000e+01 -1.1737e+01
2.0000e+01 4.0000e+01 -1.1237e+01
2.0000e+01 5.0000e+01 -9.1304e+00
2.0000e+01 6.0000e+01 -4.8260e+00
2.0000e+01 7.0000e+01 -6.2847e+00
2.0000e+01 8.0000e+01 -7.6858e+00
2.0000e+01 9.0000e+01 -3.9744e+00
2.0000e+01 1.0000e+02 -9.4280e-01
2.0000e+01 1.1000e+02 -2.0804e+00
2.0000e+01 1.2000e+02 -2.5719e+00
2.0000e+01 1.3000e+02 -2.4766e+00
2.0000e+01 1.4000e+02 -2.0532e-01
2.0000e+01 1.5000e+02 2.6992e-01
2.0000e+01 1.6000e+02 6.5505e-01
2.0000e+01 1.7000e+02 7.4475e-01
2.0000e+01 1.8000e+02 -2.6076e+00
2.0000e+01 1.9000e+02 6.0084e-01
2.0000e+01 2.0000e+02 1.0702e+00
3.0000e+01 -2.0000e+02 5.7802e-01
3.0000e+01 -1.9000e+02 -3.2579e-01
3.0000e+01 -1.8000e+02 -3.7353e-01
3.0000e+01 -1.7000e+02 -1.2695e+00
3.0000e+01 -1.6000e+02 1.6553e-01
3.0000e+01 -1.5000e+02 2.5091e+00
3.0000e+01 -1.4000e+02 2.2288e-01
3.0000e+01 -1.3000e+02 -1.0323e+00
3.0000e+01 -1.2000e+02 -1.3788e+00
3.0000e+01 -1.1000e+02 -1.3550e+00
3.0000e+01 -1.0000e+02 -2.7641e+00
3.0000e+01 -9.0000e+01 -7.2934e+00
3.0000e+01 -8.0000e+01 -6.3508e+00
3.0000e+01 -7.0000e+01 -5.4608e+00
3.0000e+01 -6.0000e+01 -6.3610e+00
3.0000e+01 -5.0000e+01 -9.5638e+00
3.0000e+01 -4.0000e+01 -1.1319e+01
3.0000e+01 -3.0000e+01 -1.2161e+01
3.0000e+01 -2.0000e+01 -1.1141e+01
3.0000e+01 -1.0000e+01 -1.2723e+01
3.0000e+01 0.0000e+00 -1.2532e+01
3.0000e+01 1.0000e+01 -1.4751e+01
3.0000e+01 2.0000e+01 -1.0581e+01
3.0000e+01 3.0000e+01 -1.0282e+01
3.0000e+01 4.0000e+01 -8.6170e+00
3.0000e+01 5.0000e+01 -8.9113e+00
3.0000e+01 6.0000e+01 -6.2431e+00
3.0000e+01 7.0000e+01 -8.2514e+00
3.0000e+01 8.0000e+01 -6.3928e+00
3.0000e+01 9.0000e+01 -2.3607e+00
3.0000e+01 1.0000e+02 -3.8494e+00
3.0000e+01 1.1000e+02 -8.4529e-01
3.0000e+01 1.2000e+02 1.0075e+00
3.0000e+01 1.3000e+02 -2.1741e+00
3.0000e+01 1.4000e+02 1.5334e+00
3.0000e+01 1.5000e+02 -1.3456e-01
3.0000e+01 1.6000e+02 1.7571e+00
3.0000e+01 1.7000e+02 -4.2797e-03
3.0000e+01 1.8000e+02 2.1178e-01
3.0000e+01 1.9000e+02 5.4947e-01
3.0000e+01 2.0000e+02 -8.4627e-01
4.0000e+01 -2.0000e+02 1.0768e-01
4.0000e+01 -1.9000e+02 -2.0280e+00
4.0000e+01 -1.8000e+02 -4.7575e-01
4.0000e+01 -1.7000e+02 -9.1308e-01
4.0000e+01 -1.6000e+02 -1.3062e-01
4.0000e+01 -1.5000e+02 2.2867e-01
4.0000e+01 -1.4000e+02 -2.1716e+00
4.0000e+01 -1.3000e+02 -8.4668e-02
4.0000e+01 -1.2000e+02 -2.9510e+00
4.0000e+01 -1.1000e+02 1.4223e-01
4.0000e+01 -1.0000e+02 -3.7981e+00
4.0000e+01 -9.0000e+01 -3.1724e+00
4.0000e+01 -8.0000e+01 -4.6816e+00
4.0000e+01 -7.0000e+01 -6.9054e+00
4.0000e+01 -6.0000e+01 -6.2176e+00
4.0000e+01 -5.0000e+01 -7.2839e+00
4.0000e+01 -4.0000e+01 -1.0251e+01
4.0000e+01 -3.0000e+01 -9.9854e+00
4.0000e+01 -2.0000e+01 -1.2145e+01
4.0000e+01 -1.0000e+01 -1.3028e+01
4.0000e+01 0.0000e+00 -1.2297e+01
4.0000e+01 1.0000e+01 -6.8259e+00
4.0000e+01 2.0000e+01 -1.2425e+01
4.0000e+01 3.0000e+01 -9.4769e+00
4.0000e+01 4.0000e+01 -8.7768e+00
4.0000e+01 5.0000e+01 -4.8520e+00
4.0000e+01 6.0000e+01 -6.0349e+00
4.0000e+01 7.0000e+01 -2.7519e+00
4.0000e+01 8.0000e+01 -2.7680e+00
4.0000e+01 9.0000e+01 -6.2005e+00
4.0000e+01 1.0000e+02 -2.5421e+00
4.0000e+01 1.1000e+02 -5.5698e-01
4.0000e+01 1.2000e+02 -5.2064e-01
4.0000e+01 1.3000e+02 -2.8522e+00
4.0000e+01 1.4000e+02 -9.6648e-01
4.0000e+01 1.5000e+02 1.0246e+00
4.0000e+01 1.6000e+02 4.7228e-01
4.0000e+01 1.7000e+02 5.4860e-01
4.0000e+01 1.8000e+02 -1.3112e+00
4.0000e+01 1.9000e+02 -2.4946e-01
4.0000e+01 2.0000e+02 -6.2439e-01
5.0000e+01 -2.0000e+02 2.6668e-01
5.0000e+01 -1.9000e+02 4.1050e-01
5.0000e+01 -1.8000e+02 -9.0669e-01
5.0000e+01 -1.7000e+02 2.3646e+00
5.0000e+01 -1.6000e+02 -2.3048e+00
5.0000e+01 -1.5000e+02 1.4620e+00
5.0000e+01 -1.4000e+02 -7.8213e-02
5.0000e+01 -1.3000e+02 2.7598e-01
5.0000e+01 -1.2000e+02 -1.2024e+00
5.0000e+01 -1.1000e+02 7.7222e-02
5.0000e+01 -1.0000e+02 -1.7858e+00
5.0000e+01 -9.0000e+01 -3.8424e+00
5.0000e+01 -8.0000e+01 -3.2418e+00
5.0000e+01 -7.0000e+01 -4.2719e+00
5.0000e+01 -6.0000e+01 -7.2613e+00
5.0000e+01 -5.0000e+01 -8.7776e+00
5.0000e+01 -4.0000e+01 -6.6836e+00
5.0000e+01 -3.0000e+01 -5.6188e+00
5.0000e+01 -2.0000e+01 -9.5005e+00
5.0000e+01 -1.0000e+01 -9.6354e+00
5.0000e+01 0.0000e+00 -7.9595e+00
5.0000e+01 1.0000e+01 -1.0469e+01
5.0000e+01 2.0000e+01 -8.2270e+00
5.0000e+01 3.0000e+01 -8.1771e+00
5.0000e+01 4.0000e+01 -8.4676e+00
5.0000e+01 5.0000e+01 -4.2667e+00
5.0000e+01 6.0000e+01 -5.6013e+00
5.0000e+01 7.0000e+01 -3.8485e+00
5.0000e+01 8.0000e+01 -3.0986e+00
5.0000e+01 9.0000e+01 -4.9668e+00
5.0000e+01 1.0000e+02 2.2524e-01
5.0000e+01 1.1000e+02 1.0345e+00
5.0000e+01 1.2000e+02 -2.8384e+00
5.0000e+01 1.3000e+02 3.8140e-01
5.0000e+01 1.4000e+02 6.6562e-01
5.0000e+01 1.5000e+02 -1.8640e+00
5.0000e+01 1.6000e+02 -2.8256e+00
5.0000e+01 1.7000e+02 8.7532e-01
5.0000e+01 1.8000e+02 -8.4467e-01
5.0000e+01 1.9000e+02 8.6957e-01
5.0000e+01 2.0000e+02 2.4494e+00
6.0000e+01 -2.0000e+02 -6.8370e-01
6.0000e+01 -1.9000e+02 -1.8895e+00
6.0000e+01 -1.8000e+02 2.5867e-01
6.0000e+01 -1.7000e+02 -1.5980e+00
6.0000e+01 -1.6000e+02 1.8862e+00
6.0000e+01 -1.5000e+02 5.1209e-02
6.0000e+01 -1.4000e+02 1.2655e-01
6.0000e+01 -1.3000e+02 7.9998e-02
6.0000e+01 -1.2000e+02 -1.0432e+00
6.0000e+01 -1.1000e+02 -2.1302e+00
6.0000e+01 -1.0000e+02 -1.6234e-01
6.0000e+01 -9.0000e+01 -5.0368e+00
6.0000e+01 -8.0000e+01 -3.4533e+00
6.0000e+01 -7.0000e+01 -3.6176e+00
6.0000e+01 -6.0000e+01 -3.4794e+00
6.0000e+01 -5.0000e+01 -4.2846e+00
6.0000e+01 -4.0000e+01 -5.8110e+00
6.0000e+01 -3.0000e+01 -8.8169e+00
6.0000e+01 -2.0000e+01 -6.9008e+00
6.0000e+01 -1.0000e+01 -8.9614e+00
6.0000e+01 0.0000e+00 -8.5251e+00
6.0000e+01 1.0000e+01 -1.0825e+01
6.0000e+01 2.0000e+01 -8.9577e+00
6.0000e+01 3.0000e+01 -7.6751e+00
6.0000e+01 4.0000e+01 -3.5520e+00
6.0000e+01 5.0000e+01 -5.7459e+00
6.0000e+01 6.0000e+01 -7.2328e+00
6.0000e+01 7.0000e+01 -4.1881e+00
6.0000e+01 8.0000e+01 -1.2595e+00
6.0000e+01 9.0000e+01 -1.8059e+00
6.0000e+01 1.0000e+02 -3.9093e-02
6.0000e+01 1.1000e+02 -1.5986e-01
6.0000e+01 1.2000e+02 -1.8840e+00
6.0000e+01 1.3000e+02 -1.7182e+00
6.0000e+01 1.4000e+02 1.0431e+00
6.0000e+01 1.5000e+02 -6.8947e-01
6.0000e+01 1.6000e+02 -2.7707e-01
6.0000e+01 1.7000e+02 2.2533e-01
6.0000e+01 1.8000e+02 1.1359e+00
6.0000e+01 1.9000e+02 1.6855e+00
6.0000e+01 2.0000e+02 1.0708e+00
7.0000e+01 -2.0000e+02 5.2834e-02
7.0000e+01 -1.9000e+02 -7.7960e-01
7.0000e+01 -1.8000e+02 1.4222e+00
7.0000e+01 -1.7000e+02 5.6054e-01
7.0000e+01 -1.6000e+02 6.2738e-01
7.0000e+01 -1.5000e+02 1.1324e+00
7.0000e+01 -1.4000e+02 -1.6459e+00
7.0000e+01 -1.3000e+02 4.2332e+00
7.0000e+01 -1.2000e+02 -2.7990e-01
7.0000e+01 -1.1000e+02 -2.2132e+00
7.0000e+01 -1.0000e+02 -2.3603e-01
7.0000e+01 -9.0000e+01 -3.0977e+00
7.0000e+01 -8.0000e+01 3.9055e-01
7.0000e+01 -7.0000e+01 -3.1898e+00
7.0000e+01 -6.0000e+01 -3.5345e+00
7.0000e+01 -5.0000e+01 -4.4402e+00
7.0000e+01 -4.0000e+01 -6.9875e+00
7.0000e+01 -3.0000e+01 -5.2097e+00
7.0000e+01 -2.0000e+01 -6.5339e+00
7.0000e+01 -1.0000e+01 -5.5417e+00
7.0000e+01 0.0000e+00 -7.3983e+00
7.0000e+01 1.0000e+01 -6.8292e+00
7.0000e+01 2.0000e+01 -5.3112e+00
7.0000e+01 3.0000e+01 -6.2414e+00
7.0000e+01 4.0000e+01 -3.8282e+00
7.0000e+01 5.0000e+01 -4.5781e+00
7.0000e+01 6.0000e+01 -4.0080e+00
7.0000e+01 7.0000e+01 9.4379e-01
7.0000e+01 8.0000e+01 -5.2287e+00
7.0000e+01 9.0000e+01 -2.5797e+00
7.0000e+01 1.0000e+02 -1.5023e+00
7.0000e+01 1.1000e+02 -2.0929e+00
7.0000e+01 1.2000e+02 -1.2695e+00
7.0000e+01 1.3000e+02 -1.7391e+00
7.0000e+01 1.4000e+02 -1.9835e-01
7.0000e+01 1.5000e+02 -1.1210e+00
7.0000e+01 1.6000e+02 -9.7563e-01
7.0000e+01 1.7000e+02 6.8560e-01
7.0000e+01 1.8000e+02 -2.3087e+00
7.0000e+01 1.9000e+02 -1.5637e-01
7.0000e+01 2.0000e+02 -6.7587e-01
8.0000e+01 -2.0000e+02 -1.1304e+00
8.0000e+01 -1.9000e+02 2.7159e+00
8.0000e+01 -1.8000e+02 -2.9451e+00
8.0000e+01 -1.7000e+02 -1.3242e+00
8.0000e+01 -1.6000e+02 -3.6960e-01
8.0000e+01 -1.5000e+02 -3.6849e-01
8.0000e+01 -1.4000e+02 5.9392e-01
8.0000e+01 -1.3000e+02 -1.1018e+00
8.0000e+01 -1.2000e+02 8.9830e-01
8.0000e+01 -1.1000e+02 -4.8630e-01
8.0000e+01 -1.0000e+02 2.8203e-02
8.0000e+01 -9.0000e+01 -1.3200e+00
8.0000e+01 -8.0000e+01 1.7104e+00
8.0000e+01 -7.0000e+01 -7.4629e-01
8.0000e+01 -6.0000e+01 -6.6413e+00
8.0000e+01 -5.0000e+01 -4.0202e+00
8.0000e+01 -4.0000e+01 -2.6280e+00
8.0000e+01 -3.0000e+01 -5.0196e+00
8.0000e+01 -2.0000e+01 -8.6851e+00
8.0000e+01 -1.0000e+01 -2.6898e+00
8.0000e+01 0.0000e+00 -5.6779e+00
8.0000e+01 1.0000e+01 -3.1609e+00
8.0000e+01 2.0000e+01 -4.6776e+00
8.0000e+01 3.0000e+01 -7.1377e+00
8.0000e+01 4.0000e+01 -6.8545e+00
8.0000e+01 5.0000e+01 -3.7771e+00
8.0000e+01 6.0000e+01 -4.7836e+00
8.0000e+01 7.0000e+01 -1.4207e+00
8.0000e+01 8.0000e+01 -2.0423e+00
8.0000e+01 9.0000e+01 -8.3483e-01
8.0000e+01 1.0000e+02 -8.9138e-01
8.0000e+01 1.1000e+02 9.5634e-01
8.0000e+01 1.2000e+02 -4.2658e-02
8.0000e+01 1.3000e+02 -1.1648e+00
8.0000e+01 1.4000e+02 -1.5526e+00
8.0000e+01 1.5000e+02 -2.9200e+00
8.0000e+01 1.6000e+02 -3.0212e+00
8.0000e+01 1.7000e+02 -1.3130e+00
8.0000e+01 1.8000e+02 -2.0094e+00
8.0000e+01 1.9000e+02 2.9353e-01
8.0000e+01 2.0000e+02 4.9831e-01
9.0000e+01 -2.0000e+02 7.9781e-01
9.0000e+01 -1.9000e+02 -4.6959e-02
9.0000e+01 -1.8000e+02 -1.0988e+00
9.0000e+01 -1.7000e+02 -4.6167e-01
9.0000e+01 -1.6000e+02 1.6957e+00
9.0000e+01 -1.5000e+02 3.5596e-01
9.0000e+01 -1.4000e+02 -1.0672e+00
9.0000e+01 -1.3000e+02 -3.1866e+00
9.0000e+01 -1.2000e+02 1.6087e+00
9.0000e+01 -1.1000e+02 8.8571e-02
9.0000e+01 -1.0000e+02 -3.1068e-01
9.0000e+01 -9.0000e+01 -1.7438e+00
9.0000e+01 -8.0000e+01 -5.0445e+00
9.0000e+01 -7.0000e+01 -1.5226e+00
9.0000e+01 -6.0000e+01 -1.6484e+00
9.0000e+01 -5.0000e+01 -2.4110e+00
9.0000e+01 -4.0000e+01 -4.8680e+00
9.0000e+01 -3.0000e+01 -3.5151e+00
9.0000e+01 -2.0000e+01 -4.4618e+00
9.0000e+01 -1.0000e+01 -3.6888e+00
9.0000e+01 0.0000e+00 -5.4771e+00
9.0000e+01 1.0000e+01 -2.8512e+00
9.0000e+01 2.0000e+01 -5.1041e+00
9.0000e+01 3.0000e+01 -7.4875e+00
9.0000e+01 4.0000e+01 -2.6587e+00
9.0000e+01 5.0000e+01 -2.7972e+00
9.0000e+01 6.0000e+01 -1.7661e+00
9.0000e+01 7.0000e+01 2.1760e-01
9.0000e+01 8.0000e+01 -1.4533e-02
9.0000e+01 9.0000e+01 -8.1318e-01
9.0000e+01 1.0000e+02 -9.3337e-02
9.0000e+01 1.1000e+02 -2.5227e-01
9.0000e+01 1.2000e+02 1.1507e+00
9.0000e+01 1.3000e+02 -1.4924e+00
9.0000e+01 1.4000e+02 1.4015e+00
9.0000e+01 1.5000e+02 1.4753e+00
9.0000e+01 1.6000e+02 -7.3907e-03
9.0000e+01 1.7000e+02 1.7766e-01
9.0000e+01 1.8000e+02 -1.1123e+00
9.0000e+01 1.9000e+02 7.8196e-01
9.0000e+01 2.0000e+02 2.1023e-01
1.0000e+02 -2.0000e+02 -1.6573e+00
1.0000e+02 -1.9000e+02 1.8215e-01
1.0000e+02 -1.8000e+02 -1.9272e+00
1.0000e+02 -1.7000e+02 2.5365e-01
1.0000e+02 -1.6000e+02 -1.6660e+00
1.0000e+02 -1.5000e+02 -6.4485e-01
1.0000e+02 -1.4000e+02 -1.6858e+00
1.0000e+02 -1.3000e+02 1.0489e-01
1.0000e+02 -1.2000e+02 7.2467e-02
1.0000e+02 -1.1000e+02 -2.3449e-01
1.0000e+02 -1.0000e+02 -6.1567e-01
1.0000e+02 -9.0000e+01 1.0426e+00
1.0000e+02 -8.0000e+01 4.7555e-01
1.0000e+02 -7.0000e+01 -5.8013e-01
1.0000e+02 -6.0000e+01 -3.9174e-01
1.0000e+02 -5.0000e+01 -1.7105e+00
1.0000e+02 -4.0000e+01 -2.5423e+00
1.0000e+02 -3.0000e+01 -2.7544e+00
1.0000e+02 -2.0000e+01 -1.5031e+00
1.0000e+02 -1.0000e+01 -3.1615e+00
1.0000e+02 0.0000e+00 -4.9215e+00
1.0000e+02 1.0000e+01 -2.8855e+00
1.0000e+02 2.0000e+01 -4.1778e+00
1.0000e+02 3.0000e+01 -5.6502e+00
1.0000e+02 4.0000e+01 -4.3532e+00
1.0000e+02 5.0000e+01 -2.1102e+00
1.0000e+02 6.0000e+01 -2.8035e+00
1.0000e+02 7.0000e+01 -6.3975e-01
1.0000e+02 8.0000e+01 -6.7833e-01
1.0000e+02 9.0000e+01 -1.6566e+00
1.0000e+02 1.0000e+02 -9.7012e-01
1.0000e+02 1.1000e+02 -1.3471e+00
1.0000e+02 1.2000e+02 -6.3345e-01
1.0000e+02 1.3000e+02 -1.3789e+00
1.0000e+02 1.4000e+02 1.5107e+00
1.0000e+02 1.5000e+02 -1.2966e+00
1.0000e+02 1.6000e+02 -1.0276e+00
1.0000e+02 1.7000e+02 -7.7501e-01
1.0000e+02 1.8000e+02 1.3724e+00
1.0000e+02 1.9000e+02 2.1507e+00
1.0000e+02 2.0000e+02 -2.8587e+00
1.1000e+02 -2.0000e+02 -1.9150e+00
1.1000e+02 -1.9000e+02 -1.5659e+00
1.1000e+02 -1.8000e+02 7.4569e-01
1.1000e+02 -1.7000e+02 2.9760e+00
1.1000e+02 -1.6000e+02 2.1852e+00
1.1000e+02 -1.5000e+02 -2.0148e-01
1.1000e+02 -1.4000e+02 -2.8788e+00
1.1000e+02 -1.3000e+02 5.0805e-01
1.1000e+02 -1.2000e+02 -7.6580e-02
1.1000e+02 -1.1000e+02 7.4612e-01
1.1000e+02 -1.0000e+02 -2.1724e+00
1.1000e+02 -9.0000e+01 -2.6028e+00
1.1000e+02 -8.0000e+01 7.3914e-01
1.1000e+02 -7.0000e+01 -3.9998e+00
1.1000e+02 -6.0000e+01 3.5309e-01
1.1000e+02 -5.0000e+01 -1.1734e+00
1.1000e+02 -4.0000e+01 6.7874e-01
1.1000e+02 -3.0000e+01 -1.5144e+00
1.1000e+02 -2.0000e+01 -8.5725e-01
1.1000e+02 -1.0000e+01 2.2229e-01
1.1000e+02 0.0000e+00 -2.8793e+00
1.1000e+02 1.0000e+01 -2.2446e+00
1.1000e+02 2.0000e+01 -1.9950e-01
1.1000e+02 3.0000e+01 -1.0223e+00
1.1000e+02 4.0000e+01 -4.3889e-01
1.1000e+02 5.0000e+01 -1.1119e+00
1.1000e+02 6.0000e+01 -9.2087e-01
1.1000e+02 7.0000e+01 -2.5563e+00
1.1000e+02 8.0000e+01 1.5832e+00
1.1000e+02 9.0000e+01 7.6205e-01
1.1000e+02 1.0000e+02 9.7650e-01
1.1000e+02 1.1000e+02 -2.1695e+00
1.1000e+02 1.2000e+02 -2.0431e+00
1.1000e+02 1.3000e+02 -5.9572e-01
1.1000e+02 1.4000e+02 1.8225e+00
1.1000e+02 1.5000e+02 3.6712e-01
1.1000e+02 1.6000e+02 2.7689e-01
1.1000e+02 1.7000e+02 3.5731e+00
1.1000e+02 1.8000e+02 -6.1989e-01
1.1000e+02 1.9000e+02 -1.5004e+00
1.1000e+02 2.0000e+02 -2.8308e+00
1.2000e+02 -2.0000e+02 -1.3659e+00
1.2000e+02 -1.9000e+02 1.1042e+00
1.2000e+02 -1.8000e+02 9.2268e-01
1.2000e+02 -1.7000e+02 -3.4960e+00
1.2000e+02 -1.6000e+02 1.0076e+00
1.2000e+02 -1.5000e+02 3.1054e-02
1.2000e+02 -1.4000e+02 -3.6496e-01
1.2000e+02 -1.3000e+02 1.5565e+00
1.2000e+02 -1.2000e+02 -9.3048e-01
1.2000e+02 -1.1000e+02 -8.7577e-01
1.2000e+02 -1.0000e+02 1.7907e+00
1.2000e+02 -9.0000e+01 -1.4701e+00
1.2000e+02 -8.0000e+01 9.2175e-02
1.2000e+02 -7.0000e+01 3.3622e-01
1.2000e+02 -6.0000e+01 1.9327e-01
1.2000e+02 -5.0000e+01 -4.9878e+00
1.2000e+02 -4.0000e+01 6.8328e-01
1.2000e+02 -3.0000e+01 -2.2719e+00
1.2000e+02 -2.0000e+01 -3.1562e+00
1.2000e+02 -1.0000e+01 -1.1056e+00
1.2000e+02 0.0000e+00 -1.9114e+00
1.2000e+02 1.0000e+01 -5.0054e-01
1.2000e+02 2.0000e+01 7.7507e-01
1.2000e+02 3.0000e+01 -1.0276e+00
1.2000e+02 4.0000e+01 1.0826e+00
1.2000e+02 5.0000e+01 -1.2730e+00
1.2000e+02 6.0000e+01 -1.5427e+00
1.2000e+02 7.0000e+01 -7.1679e-01
1.2000e+02 8.0000e+01 1.6918e+00
1.2000e+02 9.0000e+01 -4.0226e-01
1.2000e+02 1.0000e+02 -7.2987e-01
1.2000e+02 1.1000e+02 2.6194e-01
1.2000e+02 1.2000e+02 -2.4467e+00
1.2000e+02 1.3000e+02 -8.6004e-01
1.2000e+02 1.4000e+02 -9.1442e-01
1.2000e+02 1.5000e+02 -9.7781e-01
1.2000e+02 1.6000e+02 2.2495e+00
1.2000e+02 1.7000e+02 2.2819e-01
1.2000e+02 1.8000e+02 1.3006e+00
1.2000e+02 1.9000e+02 -1.1021e+00
1.2000e+02 2.0000e+02 1.0716e+00
1.3000e+02 -2.0000e+02 5.3782e-01
1.3000e+02 -1.9000e+02 2.0220e+00
1.3000e+02 -1.8000e+02 2.3842e-01
1.3000e+02 -1.7000e+02 4.5596e-01
1.3000e+02 -1.6000e+02 -5.9531e-01
1.3000e+02 -1.5000e+02 -1.1151e+00
1.3000e+02 -1.4000e+02 1.7424e+00
1.3000e+02 -1.3000e+02 1.2378e+00
1.3000e+02 -1.2000e+02 2.0764e+00
1.3000e+02 -1.1000e+02 2.0492e+00
1.3000e+02 -1.0000e+02 5.9787e-01
1.3000e+02 -9.0000e+01 -1.2507e+00
1.3000e+02 -8.0000e+01 -2.2032e+00
1.3000e+02 -7.0000e+01 -4.5015e-01
1.3000e+02 -6.0000e+01 -3.3602e+00
1.3000e+02 -5.0000e+01 -2.3219e+00
1.3000e+02 -4.0000e+01 -9.7986e-01
1.3000e+02 -3.0000e+01 -3.7421e-02
1.3000e+02 -2.0000e+01 -5.0134e-02
1.3000e+02 -1.0000e+01 1.1234e+00
1.3000e+02 0.0000e+00 -1.2940e+00
1.3000e+02 1.0000e+01 -1.1982e+00
1.3000e+02 2.0000e+01 7.2338e-02
1.3000e+02 3.0000e+01 -1.0763e+00
1.3000e+02 4.0000e+01 -2.5665e+00
1.3000e+02 5.0000e+01 -1.9613e+00
1.3000e+02 6.0000e+01 -2.7214e-01
1.3000e+02 7.0000e+01 3.0020e-01
1.3000e+02 8.0000e+01 -2.8403e+00
1.3000e+02 9.0000e+01 -1.0845e+00
1.3000e+02 1.0000e+02 -2.4904e+00
1.3000e+02 1.1000e+02 -4.8932e-01
1.3000e+02 1.2000e+02 1.0955e+00
1.3000e+02 1.3000e+02 -3.9616e-01
1.3000e+02 1.4000e+02 -2.9804e-01
1.3000e+02 1.5000e+02 2.0539e+00
1.3000e+02 1.6000e+02 -8.7115e-01
1.3000e+02 1.7000e+02 -2.4553e-01
1.3000e+02 1.8000e+02 -5.4598e-01
1.3000e+02 1.9000e+02 1.0561e+00
1.3000e+02 2.0000e+02 -1.1466e+00
1.4000e+02 -2.0000e+02 1.2247e+00
1.4000e+02 -1.9000e+02 1.4017e+00
1.4000e+02 -1.8000e+02 -4.4227e-01
1.4000e+02 -1.7000e+02 -1.1433e+00
1.4000e+02 -1.6000e+02 2.7125e-01
1.4000e+02 -1.5000e+02 -1.1025e+00
1.4000e+02 -1.4000e+02 -4.7750e-01
1.4000e+02 -1.3000e+02 -1.5593e+00
1.4000e+02 -1.2000e+02 4.4708e-01
1.4000e+02 -1.1000e+02 3.1341e+00
1.4000e+02 -1.0000e+02 1.5240e+00
1.4000e+02 -9.0000e+01 1.4057e+00
1.4000e+02 -8.0000e+01 7.3625e-01
1.4000e+02 -7.0000e+01 -3.5275e+00
1.4000e+02 -6.0000e+01 -2.8763e+00
1.4000e+02 -5.0000e+01 -3.2334e-01
1.4000e+02 -4.0000e+01 1.2510e+00
1.4000e+02 -3.0000e+01 -1.4642e+00
1.4000e+02 -2.0000e+01 2.0249e+00
1.4000e+02 -1.0000e+01 8.7659e-01
1.4000e+02 0.0000e+00 -1.5389e+00
1.4000e+02 1.0000e+01 -2.5870e+00
1.4000e+02 2.0000e+01 -1.0280e+00
1.4000e+02 3.0000e+01 1.5233e+00
1.4000e+02 4.0000e+01 -3.0402e-02
1.4000e+02 5.0000e+01 -2.4167e-01
1.4000e+02 6.0000e+01 -2.7623e+00
1.4000e+02 7.0000e+01 -2.2891e+00
1.4000e+02 8.0000e+01 -1.6965e+00
1.4000e+02 9.0000e+01 -1.8180e+00
1.4000e+02 1.0000e+02 -1.5140e+00
1.4000e+02 1.1000e+02 3.8487e-01
1.4000e+02 1.2000e+02 -1.2370e+00
1.4000e+02 1.3000e+02 1.0544e-01
1.4000e+02 1.4000e+02 1.9435e+00
1.4000e+02 1.5000e+02 3.6076e-01
1.4000e+02 1.6000e+02 1.8119e+00
1.4000e+02 1.7000e+02 1.6220e+00
1.4000e+02 1.8000e+02 1.6221e+00
1.4000e+02 1.9000e+02 1.2841e+00
1.4000e+02 2.0000e+02 1.4809e+00
1.5000e+02 -2.0000e+02 8.2784e-01
1.5000e+02 -1.9000e+02 -7.9443e-01
1.5000e+02 -1.8000e+02 -6.5686e-01
1.5000e+02 -1.7000e+02 1.3931e+00
1.5000e+02 -1.6000e+02 1.6789e+00
1.5000e+02 -1.5000e+02 1.9122e+00
1.5000e+02 -1.4000e+02 -1.8662e+00
1.5000e+02 -1.3000e+02 -1.3076e+00
1.5000e+02 -1.2000e+02 -5.4111e-01
1.5000e+02 -1.1000e+02 3.5579e-01
1.5000e+02 -1.0000e+02 -1.2287e+00
1.5000e+02 -9.0000e+01 -8.6807e-01
1.5000e+02 -8.0000e+01 -2.1032e+00
1.5000e+02 -7.0000e+01 6.7805e-01
1.5000e+02 -6.0000e+01 -1.0866e+00
1.5000e+02 -5.0000e+01 -1.0722e-01
1.5000e+02 -4.0000e+01 -3.3342e-01
1.5000e+02 -3.0000e+01 -1.4472e+00
1.5000e+02 -2.0000e+01 -8.3162e-01
1.5000e+02 -1.0000e+01 8.4419e-01
1.5000e+02 0.0000e+00 -1.0227e+00
1.5000e+02 1.0000e+01 -9.3605e-01
1.5000e+02 2.0000e+01 -2.6069e+00
1.5000e+02 3.0000e+01 -2.8682e-01
1.5000e+02 4.0000e+01 -2.7265e+00
1.5000e+02 5.0000e+01 2.8225e-01
1.5000e+02 6.0000e+01 1.3421e+00
1.5000e+02 7.0000e+01 2.2841e+00
1.5000e+02 8.0000e+01 5.0378e-01
1.5000e+02 9.0000e+01 1.8109e-01
1.5000e+02 1.0000e+02 -2.2099e+00
1.5000e+02 1.1000e+02 1.4608e+00
1.5000e+02 1.2000e+02 6.8585e-01
1.5000e+02 1.3000e+02 -1.2851e+00
1.5000e+02 1.4000e+02 2.1621e+00
1.5000e+02 1.5000e+02 -7.4354e-01
1.5000e+02 1.6000e+02 -2.1532e+00
1.5000e+02 1.7000e+02 2.4911e+00
1.5000e+02 1.8000e+02 -5.0750e-01
1.5000e+02 1.9000e+02 1.1389e+00
1.5000e+02 2.0000e+02 -8.3983e-01
1.6000e+02 -2.0000e+02 -9.2742e-01
1.6000e+02 -1.9000e+02 9.8284e-01
1.6000e+02 -1.8000e+02 -5.2455e-01
1.6000e+02 -1.7000e+02 3.4780e-01
1.6000e+02 -1.6000e+02 7.0122e-01
1.6000e+02 -1.5000e+02 3.9305e-01
1.6000e+02 -1.4000e+02 3.2852e+00
1.6000e+02 -1.3000e+02 -1.6464e+00
1.6000e+02 -1.2000e+02 9.4065e-01
1.6000e+02 -1.1000e+02 5.6043e-01
1.6000e+02 -1.0000e+02 -1.2137e+00
1.6000e+02 -9.0000e+01 -3.5126e+00
1.6000e+02 -8.0000e+01 -3.1534e+00
1.6000e+02 -7.0000e+01 1.6139e+00
1.6000e+02 -6.0000e+01 -1.2088e+00
1.6000e+02 -5.0000e+01 -2.7751e+00
1.6000e+02 -4.0000e+01 -1.3312e-01
1.6000e+02 -3.0000e+01 -1.5411e+00
1.6000e+02 -2.0000e+01 2.3370e+00
1.6000e+02 -1.0000e+01 -3.2728e+00
1.6000e+02 0.0000e+00 -1.0072e+00
1.6000e+02 1.0000e+01 -2.0952e+00
1.6000e+02 2.0000e+01 2.5883e+00
1.6000e+02 3.0000e+01 3.5735e-01
1.6000e+02 4.0000e+01 -9.4336e-01
1.6000e+02 5.0000e+01 2.6579e+00
1.6000e+02 6.0000e+01 -1.7995e+00
1.6000e+02 7.0000e+01 -1.6250e+00
1.6000e+02 8.0000e+01 1.0848e+00
1.6000e+02 9.0000e+01 1.6248e+00
1.6000e+02 1.0000e+02 1.2074e+00
1.6000e+02 1.1000e+02 1.4288e+00
1.6000e+02 1.2000e+02 2.8332e-01
1.6000e+02 1.3000e+02 -4.8336e-01
1.6000e+02 1.4000e+02 -6.6132e-01
1.6000e+02 1.5000e+02 1.7238e-01
1.6000e+02 1.6000e+02 1.8241e+00
1.6000e+02 1.7000e+02 -1.1669e+00
1.6000e+02 1.8000e+02 2.1930e+00
1.6000e+02 1.9000e+02 1.4898e+00
1.6000e+02 2.0000e+02 1.0049e+00
1.7000e+02 -2.0000e+02 2.0090e-01
1.7000e+02 -1.9000e+02 -1.1127e+00
1.7000e+02 -1.8000e+02 -7.3499e-01
1.7000e+02 -1.7000e+02 5.4595e-02
1.7000e+02 -1.6000e+02 -6.2369e-01
1.7000e+02 -1.5000e+02 1.4079e+00
1.7000e+02 -1.4000e+02 6.1355e-01
1.7000e+02 -1.3000e+02 -1.2328e+00
1.7000e+02 -1.2000e+02 -1.4711e+00
1.7000e+02 -1.1000e+02 2.3688e-01
1.7000e+02 -1.0000e+02 1.3236e+00
1.7000e+02 -9.0000e+01 -2.3697e+00
1.7000e+02 -8.0000e+01 2.6872e+00
1.7000e+02 -7.0000e+01 1.4320e+00
1.7000e+02 -6.0000e+01 -3.0435e-01
1.7000e+02 -5.0000e+01 -2.7276e+00
1.7000e+02 -4.0000e+01 9.1423e-01
1.7000e+02 -3.0000e+01 -8.0665e-01
1.7000e+02 -2.0000e+01 2.6718e-01
1.7000e+02 -1.0000e+01 -6.7134e-01
1.7000e+02 0.0000e+00 -8.7309e-01
1.7000e+02 1.0000e+01 1.1160e-01
1.7000e+02 2.0000e+01 -2.0149e+00
1.7000e+02 3.0000e+01 -2.0350e+00
1.7000e+02 4.0000e+01 -1.3994e-01
1.7000e+02 5.0000e+01 -1.9479e+00
1.7000e+02 6.0000e+01 -1.9212e+00
1.7000e+02 7.0000e+01 -3.2005e+00
1.7000e+02 8.0000e+01 -2.4360e+00
1.7000e+02 9.0000e+01 4.2588e+00
1.7000e+02 1.0000e+02 -7.4024e-01
1.7000e+02 1.1000e+02 -1.1602e-01
1.7000e+02 1.2000e+02 4.4407e-01
1.7000e+02 1.3000e+02 1.2225e+00
1.7000e+02 1.4000e+02 1.5780e-01
1.7000e+02 1.5000e+02 -1.5635e-01
1.7000e+02 1.6000e+02 -1.5567e+00
1.7000e+02 1.7000e+02 -2.0493e+00
1.7000e+02 1.8000e+02 -1.1031e+00
1.7000e+02 1.9000e+02 1.0830e+00
1.7000e+02 2.0000e+02 -1.0628e+00
1.8000e+02 -2.0000e+02 1.1038e+00
1.8000e+02 -1.9000e+02 1.6915e+00
1.8000e+02 -1.8000e+02 -1.1332e+00
1.8000e+02 -1.7000e+02 1.0185e+00
1.8000e+02 -1.6000e+02 -1.2260e+00
1.8000e+02 -1.5000e+02 1.6348e-01
1.8000e+02 -1.4000e+02 -2.6132e+00
1.8000e+02 -1.3000e+02 -3.1812e+00
1.8000e+02 -1.2000e+02 -1.5183e+00
1.8000e+02 -1.1000e+02 -2.2597e+00
1.8000e+02 -1.0000e+02 -1.2973e+00
1.8000e+02 -9.0000e+01 -9.6793e-02
1.8000e+02 -8.0000e+01 9.9157e-01
1.8000e+02 -7.0000e+01 1.4885e+00
1.8000e+02 -6.0000e+01 5.7358e-01
1.8000e+02 -5.0000e+01 1.0300e+00
1.8000e+02 -4.0000e+01 -4.0514e-01
1.8000e+02 -3.0000e+01 9.9782e-01
1.8000e+02 -2.0000e+01 1.7482e+00
1.8000e+02 -1.0000e+01 5.7236e-01
1.8000e+02 0.0000e+00 -1.4095e+00
1.8000e+02 1.0000e+01 -2.1576e+00
1.8000e+02 2.0000e+01 -1.7203e+00
1.8000e+02 3.0000e+01 1.1636e+00
1.8000e+02 4.0000e+01 -7.1172e-01
1.8000e+02 5.0000e+01 -1.1585e+00
1.8000e+02 6.0000e+01 1.7151e+00
1.8000e+02 7.0000e+01 6.3543e-01
1.8000e+02 8.0000e+01 1.7981e+00
1.8000e+02 9.0000e+01 -7.5697e-01
1.8000e+02 1.0000e+02 -4.2709e-01
1.8000e+02 1.1000e+02 -1.3462e+00
1.8000e+02 1.2000e+02 -1.9526e+00
1.8000e+02 1.3000e+02 -1.6059e+00
1.8000e+02 1.4000e+02 -1.4883e-01
1.8000e+02 1.5000e+02 -3.0893e+00
1.8000e+02 1.6000e+02 1.3632e+00
1.8000e+02 1.7000e+02 5.0306e-01
1.8000e+02 1.8000e+02 1.2377e+00
1.8000e+02 1.9000e+02 -9.4207e-01
1.8000e+02 2.0000e+02 -9.8233e-01
1.9000e+02 -2.0000e+02 9.8817e-01
1.9000e+02 -1.9000e+02 -2.5420e+00
1.9000e+02 -1.8000e+02 -1.1356e-01
1.9000e+02 -1.7000e+02 1.5575e+00
1.9000e+02 -1.6000e+02 2.9294e+00
1.9000e+02 -1.5000e+02 4.2472e-01
1.9000e+02 -1.4000e+02 -1.1109e+00
1.9000e+02 -1.3000e+02 2.6773e-01
1.9000e+02 -1.2000e+02 6.6845e-01
1.9000e+02 -1.1000e+02 -2.3039e+00
1.9000e+02 -1.0000e+02 -2.0555e+00
1.9000e+02 -9.0000e+01 1.4988e+00
1.9000e+02 -8.0000e+01 -1.4712e+00
1.9000e+02 -7.0000e+01 -4.1522e+00
1.9000e+02 -6.0000e+01 -1.1652e+00
1.9000e+02 -5.0000e+01 3.2713e-01
1.9000e+02 -4.0000e+01 -1.3414e+00
1.9000e+02 -3.0000e+01 -5.3049e-01
1.9000e+02 -2.0000e+01 6.0201e-01
1.9000e+02 -1.0000e+01 -5.3131e-01
1.9000e+02 0.0000e+00 -1.4933e-01
1.9000e+02 1.0000e+01 -7.3824e-01
1.9000e+02 2.0000e+01 5.6051e-01
1.9000e+02 3.0000e+01 2.4112e+00
1.9000e+02 4.0000e+01 2.1796e-01
1.9000e+02 5.0000e+01 -1.5944e+00
1.9000e+02 6.0000e+01 -3.6532e-01
1.9000e+02 7.0000e+01 -9.1762e-01
1.9000e+02 8.0000e+01 9.7525e-01
1.9000e+02 9.0000e+01 5.9661e-01
1.9000e+02 1.0000e+02 2.2246e+00
1.9000e+02 1.1000e+02 9.0292e-01
1.9000e+02 1.2000e+02 1.6358e-01
1.9000e+02 1.3000e+02 1.7264e+00
1.9000e+02 1.4000e+02 -2.1956e+00
1.9000e+02 1.5000e+02 -2.4500e-01
1.9000e+02 1.6000e+02 -1.2738e+00
1.9000e+02 1.7000e+02 -2.8580e+00
1.9000e+02 1.8000e+02 -1.2305e+00
1.9000e+02 1.9000e+02 1.8633e+00
1.9000e+02 2.0000e+02 1.8819e+00
2.0000e+02 -2.0000e+02 3.2070e-01
2.0000e+02 -1.9000e+02 2.7586e+00
2.0000e+02 -1.8000e+02 2.6782e-01
2.0000e+02 -1.7000e+02 -9.0999e-01
2.0000e+02 -1.6000e+02 2.5773e-01
2.0000e+02 -1.5000e+02 -1.1170e+00
2.0000e+02 -1.4000e+02 9.4104e-01
2.0000e+02 -1.3000e+02 -2.8787e-01
2.0000e+02 -1.2000e+02 -1.6729e+00
2.0000e+02 -1.1000e+02 5.9891e-01
2.0000e+02 -1.0000e+02 -1.3098e+00
2.0000e+02 -9.0000e+01 -6.1810e-01
2.0000e+02 -8.0000e+01 -2.7859e-01
2.0000e+02 -7.0000e+01 2.6267e+00
2.0000e+02 -6.0000e+01 1.3407e+00
2.0000e+02 -5.0000e+01 -2.6012e+00
2.0000e+02 -4.0000e+01 1.0791e-01
2.0000e+02 -3.0000e+01 -1.3009e+00
2.0000e+02 -2.0000e+01 9.5829e-01
2.0000e+02 -1.0000e+01 -2.3116e-01
2.0000e+02 0.0000e+00 -1.3453e+00
2.0000e+02 1.0000e+01 -4.1737e-01
2.0000e+02 2.0000e+01 -2.0820e+00
2.0000e+02 3.0000e+01 4.0055e-02
2.0000e+02 4.0000e+01 -1.0164e+00
2.0000e+02 5.0000e+01 -9.5431e-01
2.0000e+02 6.0000e+01 -2.0809e+00
2.0000e+02 7.0000e+01 -1.1775e+00
2.0000e+02 8.0000e+01 2.7258e+00
2.0000e+02 9.0000e+01 1.0241e+00
2.0000e+02 1.0000e+02 7.7803e-01
2.0000e+02 1.1000e+02 4.5561e-01
2.0000e+02 1.2000e+02 8.8920e-01
2.0000e+02 1.3000e+02 8.8559e-01
2.0000e+02 1.4000e+02 -3.5626e+00
2.0000e+02 1.5000e+02 3.9269e-01
2.0000e+02 1.6000e+02 6.3852e-01
2.0000e+02 1.7000e+02 -1.6558e+00
2.0000e+02 1.8000e+02 2.4524e-01
2.0000e+02 1.9000e+02 1.2007e+00
2.0000e+02 2.0000e+02 1.2495e-01
