-2.0000e+02 -2.0000e+02 1.9603e+00
-2.0000e+02 -1.9000e+02 -1.6328e+00
-2.0000e+02 -1.8000e+02 8.7856e-01
-2.0000e+02 -1.7000e+02 1.7751e+00
-2.0000e+02 -1.6000e+02 -2.7915e+00
-2.0000e+02 -1.5000e+02 -4.7704e-01
-2.0000e+02 -1.4000e+02 4.5195e-01
-2.0000e+02 -1.3000e+02 8.6895e-01
-2.0000e+02 -1.2000e+02 5.6973e-01
-2.0000e+02 -1.1000e+02 1.2472e+00
-2.0000e+02 -1.0000e+02 -1.4947e+00
-2.0000e+02 -9.0000e+01 5.5792e-01
-2.0000e+02 -8.0000e+01 1.9474e+00
-2.0000e+02 -7.0000e+01 8.6932e-01
-2.0000e+02 -6.0000e+01 -1.0014e-01
-2.0000e+02 -5.0000e+01 -2.7038e+00
-2.0000e+02 -4.0000e+01 4.8800e-01
-2.0000e+02 -3.0000e+01 -1.1004e+00
-2.0000e+02 -2.0000e+01 4.4197e-01
-2.0000e+02 -1.0000e+01 -2.2342e+00
-2.0000e+02 0.0000e+00 -2.6548e+00
-2.0000e+02 1.0000e+01 -1.0283e-01
-2.0000e+02 2.0000e+01 -8.7823e-01
-2.0000e+02 3.0000e+01 8.9201e-01
-2.0000e+02 4.0000e+01 3.5196e-01
-2.0000e+02 5.0000e+01 5.7483e-01
-2.0000e+02 6.0000e+01 -1.4785e+00
-2.0000e+02 7.0000e+01 2.4365e-01
-2.0000e+02 8.0000e+01 1.4592e+00
-2.0000e+02 9.0000e+01 -3.5292e+00
-2.0000e+02 1.0000e+02 -5.4809e-02
-2.0000e+02 1.1000e+02 7.9286e-01
-2.0000e+02 1.2000e+02 1.1165e-01
-2.0000e+02 1.3000e+02 -2.6686e+00
-2.0000e+02 1.4000e+02 8.1266e-01
-2.0000e+02 1.5000e+02 1.2706e+00
-2.0000e+02 1.6000e+02 -8.3987e-01
-2.0000e+02 1.7000e+02 -2.6807e+00
-2.0000e+02 1.8000e+02 -1.8510e+00
-2.0000e+02 1.9000e+02 1.0284e+00
-2.0000e+02 2.0000e+02 -2.8692e-01
-1.9000e+02 -2.0000e+02 -5.9465e-01
-1.9000e+02 -1.9000e+02 -6.6612e-01
-1.9000e+02 -1.8000e+02 4.7175e-01
-1.9000e+02 -1.7000e+02 6.4913e-01
-1.9000e+02 -1.6000e+02 2.5413e+00
-1.9000e+02 -1.5000e+02 -1.3332e+00
-1.9000e+02 -1.4000e+02 4.4822e-01
-1.9000e+02 -1.3000e+02 -1.3809e+00
-1.9000e+02 -1.2000e+02 -6.6579e-01
-1.9000e+02 -1.1000e+02 2.6832e+00
-1.9000e+02 -1.0000e+02 7.7991e-01
-1.9000e+02 -9.0000e+01 4.6357e-01
-1.9000e+02 -8.0000e+01 1.1214e+00
-1.9000e+02 -7.0000e+01 -3.3700e-01
-1.9000e+02 -6.0000e+01 2.0232e+00
-1.9000e+02 -5.0000e+01 3.6371e+00
-1.9000e+02 -4.0000e+01 -1.2408e+00
-1.9000e+02 -3.0000e+01 -6.5137e-01
-1.9000e+02 -2.0000e+01 -6.0069e-01
-1.9000e+02 -1.0000e+01 -2.0964e+00
-1.9000e+02 0.0000e+00 1.8238e-01
-1.9000e+02 1.0000e+01 1.0885e+00
-1.9000e+02 2.0000e+01 1.1308e+00
-1.9000e+02 3.0000e+01 -7.2185e-01
-1.9000e+02 4.0000e+01 -5.0215e-01
-1.9000e+02 5.0000e+01 -6.7658e-01
-1.9000e+02 6.0000e+01 -2.0322e-01
-1.9000e+02 7.0000e+01 -2.5443e-01
-1.9000e+02 8.0000e+01 3.5729e-01
-1.9000e+02 9.0000e+01 -1.3473e-01
-1.9000e+02 1.0000e+02 3.7589e+00
-1.9000e+02 1.1000e+02 -1.5323e+00
-1.9000e+02 1.2000e+02 1.6118e-01
-1.9000e+02 1.3000e+02 -1.9624e-01
-1.9000e+02 1.4000e+02 -4.8760e-02
-1.9000e+02 1.5000e+02 2.6086e+00
-1.9000e+02 1.6000e+02 9.7515e-01
-1.9000e+02 1.7000e+02 -1.1695e+00
-1.9000e+02 1.8000e+02 1.3781e+00
-1.9000e+02 1.9000e+02 -2.4278e-01
-1.9000e+02 2.0000e+02 1.0628e+00
-1.8000e+02 -2.0000e+02 1.5683e+00
-1.8000e+02 -1.9000e+02 -1.0002e-01
-1.8000e+02 -1.8000e+02 1.4499e+00
-1.8000e+02 -1.7000e+02 -2.3532e-01
-1.8000e+02 -1.6000e+02 -2.7965e-02
-1.8000e+02 -1.5000e+02 3.2765e+00
-1.8000e+02 -1.4000e+02 -1.1917e+00
-1.8000e+02 -1.3000e+02 3.7161e-01
-1.8000e+02 -1.2000e+02 -1.7646e+00
-1.8000e+02 -1.1000e+02 1.1371e+00
-1.8000e+02 -1.0000e+02 -2.6082e+00
-1.8000e+02 -9.0000e+01 1.1014e+00
-1.8000e+02 -8.0000e+01 1.1874e-01
-1.8000e+02 -7.0000e+01 -2.3799e+00
-1.8000e+02 -6.0000e+01 1.0302e-01
-1.8000e+02 -5.0000e+01 -1.1102e+00
-1.8000e+02 -4.0000e+01 1.2599e+00
-1.8000e+02 -3.0000e+01 -1.6800e+00
-1.8000e+02 -2.0000e+01 -8.4744e-01
-1.8000e+02 -1.0000e+01 -2.0856e+00
-1.8000e+02 0.0000e+00 2.5116e-01
-1.8000e+02 1.0000e+01 6.5487e-01
-1.8000e+02 2.0000e+01 2.6940e+00
-1.8000e+02 3.0000e+01 2.6426e-01
-1.8000e+02 4.0000e+01 -1.0548e+00
-1.8000e+02 5.0000e+01 -1.0086e+00
-1.8000e+02 6.0000e+01 5.9061e-01
-1.8000e+02 7.0000e+01 7.9558e-01
-1.8000e+02 8.0000e+01 7.0463e-01
-1.8000e+02 9.0000e+01 1.8389e-01
-1.8000e+02 1.0000e+02 -5.8608e-01
-1.8000e+02 1.1000e+02 2.1726e+00
-1.8000e+02 1.2000e+02 -2.3928e-01
-1.8000e+02 1.3000e+02 -1.2688e-01
-1.8000e+02 1.4000e+02 -4.6535e-01
-1.8000e+02 1.5000e+02 1.9436e+00
-1.8000e+02 1.6000e+02 -5.7351e-01
-1.8000e+02 1.7000e+02 5.8864e-01
-1.8000e+02 1.8000e+02 -1.7382e+00
-1.8000e+02 1.9000e+02 -5.7319e-01
-1.8000e+02 2.0000e+02 4.6949e-01
-1.7000e+02 -2.0000e+02 -9.6720e-01
-1.7000e+02 -1.9000e+02 -1.0658e-01
-1.7000e+02 -1.8000e+02 -6.7581e-01
-1.7000e+02 -1.7000e+02 -2.1650e+00
-1.7000e+02 -1.6000e+02 7.1838e-01
-1.7000e+02 -1.5000e+02 -1.5458e+00
-1.7000e+02 -1.4000e+02 -1.5800e+00
-1.7000e+02 -1.3000e+02 1.7911e-01
-1.7000e+02 -1.2000e+02 2.1014e+00
-1.7000e+02 -1.1000e+02 4.5156e-01
-1.7000e+02 -1.0000e+02 -1.2844e+00
-1.7000e+02 -9.0000e+01 -9.6700e-01
-1.7000e+02 -8.0000e+01 -2.2716e+00
-1.7000e+02 -7.0000e+01 3.3455e+00
-1.7000e+02 -6.0000e+01 -4.0792e-01
-1.7000e+02 -5.0000e+01 -1.1025e+00
-1.7000e+02 -4.0000e+01 -1.2173e+00
-1.7000e+02 -3.0000e+01 1.5172e+00
-1.7000e+02 -2.0000e+01 1.3039e+00
-1.7000e+02 -1.0000e+01 6.3182e-01
-1.7000e+02 0.0000e+00 1.1152e+00
-1.7000e+02 1.0000e+01 1.8686e+00
-1.7000e+02 2.0000e+01 -1.4518e+00
-1.7000e+02 3.0000e+01 5.5826e-01
-1.7000e+02 4.0000e+01 -3.8409e+00
-1.7000e+02 5.0000e+01 -1.3204e-01
-1.7000e+02 6.0000e+01 5.7700e-01
-1.7000e+02 7.0000e+01 1.3864e+00
-1.7000e+02 8.0000e+01 -2.6422e-01
-1.7000e+02 9.0000e+01 3.5420e-01
-1.7000e+02 1.0000e+02 9.6798e-01
-1.7000e+02 1.1000e+02 2.7810e+00
-1.7000e+02 1.2000e+02 -2.9907e-01
-1.7000e+02 1.3000e+02 -7.2627e-01
-1.7000e+02 1.4000e+02 -6.8967e-02
-1.7000e+02 1.5000e+02 1.9165e-02
-1.7000e+02 1.6000e+02 4.6701e-01
-1.7000e+02 1.7000e+02 9.2877e-02
-1.7000e+02 1.8000e+02 -1.8786e+00
-1.7000e+02 1.9000e+02 2.2389e-01
-1.7000e+02 2.0000e+02 1.8125e+00
-1.6000e+02 -2.0000e+02 -5.1279e-01
-1.6000e+02 -1.9000e+02 4.1697e-02
-1.6000e+02 -1.8000e+02 -3.6819e-01
-1.6000e+02 -1.7000e+02 -1.5250e+00
-1.6000e+02 -1.6000e+02 5.3001e-01
-1.6000e+02 -1.5000e+02 2.8551e+00
-1.6000e+02 -1.4000e+02 7.1427e-01
-1.6000e+02 -1.3000e+02 -1.2603e+00
-1.6000e+02 -1.2000e+02 1.6276e+00
-1.6000e+02 -1.1000e+02 -9.6877e-01
-1.6000e+02 -1.0000e+02 1.0719e-01
-1.6000e+02 -9.0000e+01 2.0789e+00
-1.6000e+02 -8.0000e+01 3.3634e-01
-1.6000e+02 -7.0000e+01 1.5560e+00
-1.6000e+02 -6.0000e+01 -2.3560e-01
-1.6000e+02 -5.0000e+01 -8.3504e-01
-1.6000e+02 -4.0000e+01 -9.7820e-01
-1.6000e+02 -3.0000e+01 4.1245e-01
-1.6000e+02 -2.0000e+01 1.5739e+00
-1.6000e+02 -1.0000e+01 -2.8157e-01
-1.6000e+02 0.0000e+00 -3.8714e+00
-1.6000e+02 1.0000e+01 1.0117e+00
-1.6000e+02 2.0000e+01 1.0799e+00
-1.6000e+02 3.0000e+01 -1.8146e-01
-1.6000e+02 4.0000e+01 -1.6530e+00
-1.6000e+02 5.0000e+01 1.5660e+00
-1.6000e+02 6.0000e+01 -4.3420e-01
-1.6000e+02 7.0000e+01 -2.2260e+00
-1.6000e+02 8.0000e+01 -6.1207e-01
-1.6000e+02 9.0000e+01 1.0899e+00
-1.6000e+02 1.0000e+02 -3.5990e-01
-1.6000e+02 1.1000e+02 1.9976e+00
-1.6000e+02 1.2000e+02 2.9407e-01
-1.6000e+02 1.3000e+02 -1.4483e+00
-1.6000e+02 1.4000e+02 1.2781e+00
-1.6000e+02 1.5000e+02 -2.8101e-01
-1.6000e+02 1.6000e+02 2.5315e-01
-1.6000e+02 1.7000e+02 -1.2097e+00
-1.6000e+02 1.8000e+02 1.6318e+00
-1.6000e+02 1.9000e+02 7.3295e-01
-1.6000e+02 2.0000e+02 -2.1211e+00
-1.5000e+02 -2.0000e+02 -1.1829e+00
-1.5000e+02 -1.9000e+02 -1.0997e+00
-1.5000e+02 -1.8000e+02 -1.3601e+00
-1.5000e+02 -1.7000e+02 1.0185e+00
-1.5000e+02 -1.6000e+02 -2.3363e+00
-1.5000e+02 -1.5000e+02 1.0730e-02
-1.5000e+02 -1.4000e+02 1.9518e+00
-1.5000e+02 -1.3000e+02 -1.1055e+00
-1.5000e+02 -1.2000e+02 -1.0148e+00
-1.5000e+02 -1.1000e+02 4.3212e-01
-1.5000e+02 -1.0000e+02 -7.8578e-03
-1.5000e+02 -9.0000e+01 -1.8896e+00
-1.5000e+02 -8.0000e+01 -1.5905e-01
-1.5000e+02 -7.0000e+01 -1.2146e+00
-1.5000e+02 -6.0000e+01 -1.2058e-01
-1.5000e+02 -5.0000e+01 6.6300e-02
-1.5000e+02 -4.0000e+01 -8.5541e-01
-1.5000e+02 -3.0000e+01 -2.8270e+00
-1.5000e+02 -2.0000e+01 -1.1161e+00
-1.5000e+02 -1.0000e+01 -2.5868e-01
-1.5000e+02 0.0000e+00 1.3232e+00
-1.5000e+02 1.0000e+01 -1.9523e+00
-1.5000e+02 2.0000e+01 -1.2169e+00
-1.5000e+02 3.0000e+01 8.7565e-01
-1.5000e+02 4.0000e+01 -9.9449e-01
-1.5000e+02 5.0000e+01 -2.0350e-01
-1.5000e+02 6.0000e+01 -2.4679e+00
-1.5000e+02 7.0000e+01 -1.1505e+00
-1.5000e+02 8.0000e+01 1.0131e-02
-1.5000e+02 9.0000e+01 -5.8447e-01
-1.5000e+02 1.0000e+02 1.8343e+00
-1.5000e+02 1.1000e+02 -5.0941e-01
-1.5000e+02 1.2000e+02 2.1948e-01
-1.5000e+02 1.3000e+02 3.1855e+00
-1.5000e+02 1.4000e+02 1.4172e+00
-1.5000e+02 1.5000e+02 3.3569e-01
-1.5000e+02 1.6000e+02 -9.5737e-01
-1.5000e+02 1.7000e+02 4.3873e-01
-1.5000e+02 1.8000e+02 -1.8819e+00
-1.5000e+02 1.9000e+02 1.7669e+00
-1.5000e+02 2.0000e+02 -1.1076e+00
-1.4000e+02 -2.0000e+02 -2.0669e+00
-1.4000e+02 -1.9000e+02 -5.5495e-01
-1.4000e+02 -1.8000e+02 -1.4732e+00
-1.4000e+02 -1.7000e+02 -5.5156e-01
-1.4000e+02 -1.6000e+02 -1.8495e+00
-1.4000e+02 -1.5000e+02 2.1685e+00
-1.4000e+02 -1.4000e+02 1.2253e+00
-1.4000e+02 -1.3000e+02 9.0751e-02
-1.4000e+02 -1.2000e+02 -2.9615e+00
-1.4000e+02 -1.1000e+02 5.3875e-01
-1.4000e+02 -1.0000e+02 2.1271e-01
-1.4000e+02 -9.0000e+01 -1.2186e+00
-1.4000e+02 -8.0000e+01 -1.0877e+00
-1.4000e+02 -7.0000e+01 -3.1996e+00
-1.4000e+02 -6.0000e+01 -8.3031e-01
-1.4000e+02 -5.0000e+01 1.8518e+00
-1.4000e+02 -4.0000e+01 -4.6692e-01
-1.4000e+02 -3.0000e+01 5.7045e-01
-1.4000e+02 -2.0000e+01 4.5559e+00
-1.4000e+02 -1.0000e+01 -3.6162e-01
-1.4000e+02 0.0000e+00 -8.6033e-01
-1.4000e+02 1.0000e+01 -1.5257e+00
-1.4000e+02 2.0000e+01 9.4783e-01
-1.4000e+02 3.0000e+01 -9.2259e-01
-1.4000e+02 4.0000e+01 -4.1989e-01
-1.4000e+02 5.0000e+01 -9.5689e-01
-1.4000e+02 6.0000e+01 -3.3959e-01
-1.4000e+02 7.0000e+01 1.0312e+00
-1.4000e+02 8.0000e+01 9.9730e-02
-1.4000e+02 9.0000e+01 -8.7901e-01
-1.4000e+02 1.0000e+02 -4.4922e-02
-1.4000e+02 1.1000e+02 -2.1550e-01
-1.4000e+02 1.2000e+02 2.2046e-01
-1.4000e+02 1.3000e+02 1.8465e+00
-1.4000e+02 1.4000e+02 -7.3582e-01
-1.4000e+02 1.5000e+02 -9.4837e-01
-1.4000e+02 1.6000e+02 -3.7052e-01
-1.4000e+02 1.7000e+02 4.4228e-02
-1.4000e+02 1.8000e+02 -1.1672e+00
-1.4000e+02 1.9000e+02 1.9915e-01
-1.4000e+02 2.0000e+02 6.4552e-01
-1.3000e+02 -2.0000e+02 6.8555e-01
-1.3000e+02 -1.9000e+02 2.4185e+00
-1.3000e+02 -1.8000e+02 -1.1547e+00
-1.3000e+02 -1.7000e+02 2.7006e-01
-1.3000e+02 -1.6000e+02 2.2200e-02
-1.3000e+02 -1.5000e+02 -9.1356e-01
-1.3000e+02 -1.4000e+02 -2.2563e+00
-1.3000e+02 -1.3000e+02 1.9693e+00
-1.3000e+02 -1.2000e+02 4.6390e-01
-1.3000e+02 -1.1000e+02 -2.3278e+00
-1.3000e+02 -1.0000e+02 -7.4579e-01
-1.3000e+02 -9.0000e+01 -2.7610e-01
-1.3000e+02 -8.0000e+01 1.2712e+00
-1.3000e+02 -7.0000e+01 -5.1870e-01
-1.3000e+02 -6.0000e+01 -2.9881e-03
-1.3000e+02 -5.0000e+01 -2.3321e+00
-1.3000e+02 -4.0000e+01 6.8974e-01
-1.3000e+02 -3.0000e+01 -3.3320e+00
-1.3000e+02 -2.0000e+01 1.0080e+00
-1.3000e+02 -1.0000e+01 -5.3998e-01
-1.3000e+02 0.0000e+00 -1.3727e+00
-1.3000e+02 1.0000e+01 -1.3148e+00
-1.3000e+02 2.0000e+01 -1.2754e+00
-1.3000e+02 3.0000e+01 -3.6529e+00
-1.3000e+02 4.0000e+01 -2.5137e+00
-1.3000e+02 5.0000e+01 1.5259e-01
-1.3000e+02 6.0000e+01 -7.5717e-01
-1.3000e+02 7.0000e+01 -2.2510e+00
-1.3000e+02 8.0000e+01 1.2867e+00
-1.3000e+02 9.0000e+01 -1.0498e+00
-1.3000e+02 1.0000e+02 -9.3503e-01
-1.3000e+02 1.1000e+02 -1.4017e+00
-1.3000e+02 1.2000e+02 2.0815e+00
-1.3000e+02 1.3000e+02 2.7532e+00
-1.3000e+02 1.4000e+02 -7.4718e-01
-1.3000e+02 1.5000e+02 1.4376e+00
-1.3000e+02 1.6000e+02 -9.5246e-02
-1.3000e+02 1.7000e+02 -1.1906e+00
-1.3000e+02 1.8000e+02 -3.1710e-01
-1.3000e+02 1.9000e+02 2.3512e+00
-1.3000e+02 2.0000e+02 -1.5459e+00
-1.2000e+02 -2.0000e+02 -1.6633e+00
-1.2000e+02 -1.9000e+02 1.2105e+00
-1.2000e+02 -1.8000e+02 -7.9416e-01
-1.2000e+02 -1.7000e+02 2.0200e+00
-1.2000e+02 -1.6000e+02 -1.9316e+00
-1.2000e+02 -1.5000e+02 1.4696e+00
-1.2000e+02 -1.4000e+02 -1.9063e+00
-1.2000e+02 -1.3000e+02 1.6252e+00
-1.2000e+02 -1.2000e+02 5.1848e-02
-1.2000e+02 -1.1000e+02 -9.9973e-01
-1.2000e+02 -1.0000e+02 1.0711e+00
-1.2000e+02 -9.0000e+01 -9.2373e-01
-1.2000e+02 -8.0000e+01 9.2001e-01
-1.2000e+02 -7.0000e+01 -3.3095e-01
-1.2000e+02 -6.0000e+01 -2.7370e+00
-1.2000e+02 -5.0000e+01 -1.1549e+00
-1.2000e+02 -4.0000e+01 -3.0740e+00
-1.2000e+02 -3.0000e+01 -1.7554e+00
-1.2000e+02 -2.0000e+01 -1.9433e+00
-1.2000e+02 -1.0000e+01 9.7113e-01
-1.2000e+02 0.0000e+00 -2.1862e+00
-1.2000e+02 1.0000e+01 -6.2953e-01
-1.2000e+02 2.0000e+01 -1.3804e+00
-1.2000e+02 3.0000e+01 -1.7317e+00
-1.2000e+02 4.0000e+01 -1.5135e+00
-1.2000e+02 5.0000e+01 -1.4286e+00
-1.2000e+02 6.0000e+01 6.8188e-02
-1.2000e+02 7.0000e+01 -3.2833e-01
-1.2000e+02 8.0000e+01 1.5694e+00
-1.2000e+02 9.0000e+01 1.0258e+00
-1.2000e+02 1.0000e+02 -2.9731e+00
-1.2000e+02 1.1000e+02 -1.4594e+00
-1.2000e+02 1.2000e+02 1.0036e+00
-1.2000e+02 1.3000e+02 -2.5152e+00
-1.2000e+02 1.4000e+02 4.4414e-01
-1.2000e+02 1.5000e+02 1.0037e-01
-1.2000e+02 1.6000e+02 -2.5674e+00
-1.2000e+02 1.7000e+02 1.3123e+00
-1.2000e+02 1.8000e+02 -1.3231e+00
-1.2000e+02 1.9000e+02 -2.3122e-01
-1.2000e+02 2.0000e+02 -6.3025e-01
-1.1000e+02 -2.0000e+02 -1.8077e+00
-1.1000e+02 -1.9000e+02 5.1842e-01
-1.1000e+02 -1.8000e+02 -9.3171e-01
-1.1000e+02 -1.7000e+02 -4.6683e-01
-1.1000e+02 -1.6000e+02 -2.8137e-01
-1.1000e+02 -1.5000e+02 -8.2206e-02
-1.1000e+02 -1.4000e+02 -1.4129e+00
-1.1000e+02 -1.3000e+02 -1.8579e+00
-1.1000e+02 -1.2000e+02 -1.7071e+00
-1.1000e+02 -1.1000e+02 2.2278e+00
-1.1000e+02 -1.0000e+02 -5.1667e-01
-1.1000e+02 -9.0000e+01 -1.3501e+00
-1.1000e+02 -8.0000e+01 -1.9369e+00
-1.1000e+02 -7.0000e+01 -1.6149e+00
-1.1000e+02 -6.0000e+01 2.8932e-01
-1.1000e+02 -5.0000e+01 -5.6329e-02
-1.1000e+02 -4.0000e+01 3.7959e-01
-1.1000e+02 -3.0000e+01 -2.8836e+00
-1.1000e+02 -2.0000e+01 -2.1312e+00
-1.1000e+02 -1.0000e+01 -2.7302e+00
-1.1000e+02 0.0000e+00 7.4331e-01
-1.1000e+02 1.0000e+01 -1.7071e+00
-1.1000e+02 2.0000e+01 -1.0393e+00
-1.1000e+02 3.0000e+01 -1.5374e+00
-1.1000e+02 4.0000e+01 -2.2228e+00
-1.1000e+02 5.0000e+01 -1.8695e+00
-1.1000e+02 6.0000e+01 -2.0604e+00
-1.1000e+02 7.0000e+01 -8.4821e-01
-1.1000e+02 8.0000e+01 2.3359e-01
-1.1000e+02 9.0000e+01 1.3191e+00
-1.1000e+02 1.0000e+02 -2.8441e-01
-1.1000e+02 1.1000e+02 3.9995e-01
-1.1000e+02 1.2000e+02 1.6989e+00
-1.1000e+02 1.3000e+02 -3.1339e-01
-1.1000e+02 1.4000e+02 -1.3037e+00
-1.1000e+02 1.5000e+02 2.8291e-01
-1.1000e+02 1.6000e+02 4.2078e-01
-1.1000e+02 1.7000e+02 -2.1314e+00
-1.1000e+02 1.8000e+02 1.5985e+00
-1.1000e+02 1.9000e+02 1.1329e-01
-1.1000e+02 2.0000e+02 4.8552e-01
-1.0000e+02 -2.0000e+02 7.6687e-01
-1.0000e+02 -1.9000e+02 -9.4586e-01
-1.0000e+02 -1.8000e+02 -1.3889e+00
-1.0000e+02 -1.7000e+02 -3.3697e+00
-1.0000e+02 -1.6000e+02 3.0261e+00
-1.0000e+02 -1.5000e+02 -2.3021e-01
-1.0000e+02 -1.4000e+02 2.2387e+00
-1.0000e+02 -1.3000e+02 -3.6549e-01
-1.0000e+02 -1.2000e+02 -2.2429e+00
-1.0000e+02 -1.1000e+02 -5.9410e-01
-1.0000e+02 -1.0000e+02 -1.8054e-01
-1.0000e+02 -9.0000e+01 -9.2854e-01
-1.0000e+02 -8.0000e+01 -1.0472e+00
-1.0000e+02 -7.0000e+01 -9.4244e-01
-1.0000e+02 -6.0000e+01 -2.5277e+00
-1.0000e+02 -5.0000e+01 -2.4619e+00
-1.0000e+02 -4.0000e+01 -1.7681e+00
-1.0000e+02 -3.0000e+01 -2.4729e+00
-1.0000e+02 -2.0000e+01 -3.2837e+00
-1.0000e+02 -1.0000e+01 -3.0422e-01
-1.0000e+02 0.0000e+00 -9.5901e-01
-1.0000e+02 1.0000e+01 -6.0050e+00
-1.0000e+02 2.0000e+01 -5.2296e+00
-1.0000e+02 3.0000e+01 -3.3253e+00
-1.0000e+02 4.0000e+01 -2.2246e+00
-1.0000e+02 5.0000e+01 -1.6201e+00
-1.0000e+02 6.0000e+01 -1.3084e+00
-1.0000e+02 7.0000e+01 -4.6485e+00
-1.0000e+02 8.0000e+01 -2.3907e+00
-1.0000e+02 9.0000e+01 -9.3576e-01
-1.0000e+02 1.0000e+02 4.8392e-01
-1.0000e+02 1.1000e+02 -1.9882e+00
-1.0000e+02 1.2000e+02 8.5351e-01
-1.0000e+02 1.3000e+02 -1.1949e+00
-1.0000e+02 1.4000e+02 -4.3822e-02
-1.0000e+02 1.5000e+02 1.4272e+00
-1.0000e+02 1.6000e+02 8.7007e-01
-1.0000e+02 1.7000e+02 -2.1432e+00
-1.0000e+02 1.8000e+02 -1.9742e+00
-1.0000e+02 1.9000e+02 1.9465e+00
-1.0000e+02 2.0000e+02 1.0784e+00
-9.0000e+01 -2.0000e+02 -2.7899e+00
-9.0000e+01 -1.9000e+02 -8.1478e-01
-9.0000e+01 -1.8000e+02 1.5832e+00
-9.0000e+01 -1.7000e+02 -1.0302e+00
-9.0000e+01 -1.6000e+02 -7.1895e-01
-9.0000e+01 -1.5000e+02 1.7553e+00
-9.0000e+01 -1.4000e+02 1.2919e+00
-9.0000e+01 -1.3000e+02 -1.0743e+00
-9.0000e+01 -1.2000e+02 -1.1164e+00
-9.0000e+01 -1.1000e+02 1.3321e+00
-9.0000e+01 -1.0000e+02 4.3972e-02
-9.0000e+01 -9.0000e+01 -5.2738e-01
-9.0000e+01 -8.0000e+01 -1.2896e+00
-9.0000e+01 -7.0000e+01 1.1517e+00
-9.0000e+01 -6.0000e+01 -2.8028e+00
-9.0000e+01 -5.0000e+01 -1.4911e+00
-9.0000e+01 -4.0000e+01 -3.8416e+00
-9.0000e+01 -3.0000e+01 -3.1403e+00
-9.0000e+01 -2.0000e+01 -2.2534e+00
-9.0000e+01 -1.0000e+01 -6.1097e+00
-9.0000e+01 0.0000e+00 -4.2592e+00
-9.0000e+01 1.0000e+01 -5.5586e+00
-9.0000e+01 2.0000e+01 -3.2743e+00
-9.0000e+01 3.0000e+01 -3.9768e+00
-9.0000e+01 4.0000e+01 -4.3524e+00
-9.0000e+01 5.0000e+01 -5.2923e+00
-9.0000e+01 6.0000e+01 -5.8121e-01
-9.0000e+01 7.0000e+01 -7.7712e-01
-9.0000e+01 8.0000e+01 -2.6319e+00
-9.0000e+01 9.0000e+01 -1.7106e+00
-9.0000e+01 1.0000e+02 -1.2769e+00
-9.0000e+01 1.1000e+02 -4.7811e-01
-9.0000e+01 1.2000e+02 -5.2235e-01
-9.0000e+01 1.3000e+02 8.9249e-01
-9.0000e+01 1.4000e+02 -1.6050e-01
-9.0000e+01 1.5000e+02 1.3733e+00
-9.0000e+01 1.6000e+02 -5.1738e-01
-9.0000e+01 1.7000e+02 -1.6288e+00
-9.0000e+01 1.8000e+02 1.3480e+00
-9.0000e+01 1.9000e+02 1.4323e+00
-9.0000e+01 2.0000e+02 -1.5302e-01
-8.0000e+01 -2.0000e+02 1.8679e+00
-8.0000e+01 -1.9000e+02 7.6456e-01
-8.0000e+01 -1.8000e+02 -1.2269e-01
-8.0000e+01 -1.7000e+02 1.2508e+00
-8.0000e+01 -1.6000e+02 2.2148e+00
-8.0000e+01 -1.5000e+02 1.1170e+00
-8.0000e+01 -1.4000e+02 -7.6018e-01
-8.0000e+01 -1.3000e+02 -1.1970e+00
-8.0000e+01 -1.2000e+02 1.2289e+00
-8.0000e+01 -1.1000e+02 -1.8955e-01
-8.0000e+01 -1.0000e+02 -3.6506e+00
-8.0000e+01 -9.0000e+01 -1.2753e+00
-8.0000e+01 -8.0000e+01 3.8898e-01
-8.0000e+01 -7.0000e+01 -1.2549e+00
-8.0000e+01 -6.0000e+01 -4.9601e+00
-8.0000e+01 -5.0000e+01 -3.1800e+00
-8.0000e+01 -4.0000e+01 -3.9339e+00
-8.0000e+01 -3.0000e+01 -5.3260e+00
-8.0000e+01 -2.0000e+01 -5.9024e+00
-8.0000e+01 -1.0000e+01 -4.3798e+00
-8.0000e+01 0.0000e+00 -5.4703e+00
-8.0000e+01 1.0000e+01 -4.8128e+00
-8.0000e+01 2.0000e+01 -2.2535e+00
-8.0000e+01 3.0000e+01 -3.7588e+00
-8.0000e+01 4.0000e+01 -4.1922e+00
-8.0000e+01 5.0000e+01 -5.7468e+00
-8.0000e+01 6.0000e+01 -1.2103e+00
-8.0000e+01 7.0000e+01 -1.9746e+00
-8.0000e+01 8.0000e+01 -1.9527e+00
-8.0000e+01 9.0000e+01 -7.5610e-01
-8.0000e+01 1.0000e+02 -2.3176e+00
-8.0000e+01 1.1000e+02 5.7487e-01
-8.0000e+01 1.2000e+02 -2.0196e+00
-8.0000e+01 1.3000e+02 6.4372e-01
-8.0000e+01 1.4000e+02 -6.1508e-01
-8.0000e+01 1.5000e+02 2.3750e-02
-8.0000e+01 1.6000e+02 -9.5341e-01
-8.0000e+01 1.7000e+02 -5.6104e-01
-8.0000e+01 1.8000e+02 8.5606e-01
-8.0000e+01 1.9000e+02 -1.3283e+00
-8.0000e+01 2.0000e+02 6.3904e-01
-7.0000e+01 -2.0000e+02 1.1804e+00
-7.0000e+01 -1.9000e+02 3.2400e-01
-7.0000e+01 -1.8000e+02 1.6409e+00
-7.0000e+01 -1.7000e+02 3.0793e+00
-7.0000e+01 -1.6000e+02 2.7126e-02
-7.0000e+01 -1.5000e+02 6.0618e-01
-7.0000e+01 -1.4000e+02 -4.9392e-01
-7.0000e+01 -1.3000e+02 5.7233e-01
-7.0000e+01 -1.2000e+02 -2.5722e+00
-7.0000e+01 -1.1000e+02 -1.0620e+00
-7.0000e+01 -1.0000e+02 4.5482e-01
-7.0000e+01 -9.0000e+01 -3.8942e+00
-7.0000e+01 -8.0000e+01 -4.2373e+00
-7.0000e+01 -7.0000e+01 -5.1658e+00
-7.0000e+01 -6.0000e+01 -1.9689e+00
-7.0000e+01 -5.0000e+01 -5.4402e+00
-7.0000e+01 -4.0000e+01 -4.8105e+00
-7.0000e+01 -3.0000e+01 -4.3165e+00
-7.0000e+01 -2.0000e+01 -6.6167e+00
-7.0000e+01 -1.0000e+01 -6.6405e+00
-7.0000e+01 0.0000e+00 -9.6891e+00
-7.0000e+01 1.0000e+01 -7.0050e+00
-7.0000e+01 2.0000e+01 -3.9835e+00
-7.0000e+01 3.0000e+01 -4.5319e+00
-7.0000e+01 4.0000e+01 -3.7143e+00
-7.0000e+01 5.0000e+01 -5.9396e+00
-7.0000e+01 6.0000e+01 2.7639e-01
-7.0000e+01 7.0000e+01 -4.8426e+00
-7.0000e+01 8.0000e+01 -9.2540e-01
-7.0000e+01 9.0000e+01 -9.5729e-01
-7.0000e+01 1.0000e+02 -2.8900e+00
-7.0000e+01 1.1000e+02 -2.4210e+00
-7.0000e+01 1.2000e+02 6.0359e-01
-7.0000e+01 1.3000e+02 -2.8141e+00
-7.0000e+01 1.4000e+02 7.3241e-01
-7.0000e+01 1.5000e+02 2.1649e+00
-7.0000e+01 1.6000e+02 1.3553e-02
-7.0000e+01 1.7000e+02 -7.2847e-01
-7.0000e+01 1.8000e+02 3.3256e-01
-7.0000e+01 1.9000e+02 -5.8516e-02
-7.0000e+01 2.0000e+02 -8.1472e-01
-6.0000e+01 -2.0000e+02 -1.3350e+00
-6.0000e+01 -1.9000e+02 -6.8919e-01
-6.0000e+01 -1.8000e+02 2.6658e+00
-6.0000e+01 -1.7000e+02 1.1497e-01
-6.0000e+01 -1.6000e+02 -7.0999e-02
-6.0000e+01 -1.5000e+02 -2.6332e+00
-6.0000e+01 -1.4000e+02 -7.1290e-02
-6.0000e+01 -1.3000e+02 -1.3742e+00
-6.0000e+01 -1.2000e+02 -1.8400e-01
-6.0000e+01 -1.1000e+02 -1.4143e+00
-6.0000e+01 -1.0000e+02 -5.4390e-01
-6.0000e+01 -9.0000e+01 -2.4146e+00
-6.0000e+01 -8.0000e+01 -7.9976e-01
-6.0000e+01 -7.0000e+01 -4.3036e+00
-6.0000e+01 -6.0000e+01 -5.0252e+00
-6.0000e+01 -5.0000e+01 -7.4420e+00
-6.0000e+01 -4.0000e+01 -8.2973e+00
-6.0000e+01 -3.0000e+01 -5.9493e+00
-6.0000e+01 -2.0000e+01 -6.5858e+00
-6.0000e+01 -1.0000e+01 -6.2705e+00
-6.0000e+01 0.0000e+00 -1.0628e+01
-6.0000e+01 1.0000e+01 -9.0693e+00
-6.0000e+01 2.0000e+01 -9.0492e+00
-6.0000e+01 3.0000e+01 -7.9190e+00
-6.0000e+01 4.0000e+01 -4.7747e+00
-6.0000e+01 5.0000e+01 -7.2528e+00
-6.0000e+01 6.0000e+01 -4.3043e+00
-6.0000e+01 7.0000e+01 -4.1634e+00
-6.0000e+01 8.0000e+01 -3.3584e+00
-6.0000e+01 9.0000e+01 -1.0940e+00
-6.0000e+01 1.0000e+02 -3.6087e+00
-6.0000e+01 1.1000e+02 -2.3959e+00
-6.0000e+01 1.2000e+02 8.6961e-01
-6.0000e+01 1.3000e+02 -2.5743e+00
-6.0000e+01 1.4000e+02 1.4947e+00
-6.0000e+01 1.5000e+02 -7.0558e-04
-6.0000e+01 1.6000e+02 -2.1880e+00
-6.0000e+01 1.7000e+02 -8.7169e-01
-6.0000e+01 1.8000e+02 6.1401e-01
-6.0000e+01 1.9000e+02 6.8012e-01
-6.0000e+01 2.0000e+02 1.7571e+00
-5.0000e+01 -2.0000e+02 1.8064e+00
-5.0000e+01 -1.9000e+02 -1.0813e+00
-5.0000e+01 -1.8000e+02 -1.0034e+00
-5.0000e+01 -1.7000e+02 -9.2635e-01
-5.0000e+01 -1.6000e+02 2.4411e+00
-5.0000e+01 -1.5000e+02 -4.2845e+00
-5.0000e+01 -1.4000e+02 7.5555e-01
-5.0000e+01 -1.3000e+02 2.9682e-01
-5.0000e+01 -1.2000e+02 1.5715e+00
-5.0000e+01 -1.1000e+02 -1.2522e+00
-5.0000e+01 -1.0000e+02 -1.2014e+00
-5.0000e+01 -9.0000e+01 4.9242e-01
-5.0000e+01 -8.0000e+01 -6.6053e+00
-5.0000e+01 -7.0000e+01 -5.1033e+00
-5.0000e+01 -6.0000e+01 -4.3815e+00
-5.0000e+01 -5.0000e+01 -8.3719e+00
-5.0000e+01 -4.0000e+01 -8.2065e+00
-5.0000e+01 -3.0000e+01 -9.2258e+00
-5.0000e+01 -2.0000e+01 -8.1679e+00
-5.0000e+01 -1.0000e+01 -9.0999e+00
-5.0000e+01 0.0000e+00 -9.4074e+00
-5.0000e+01 1.0000e+01 -1.0616e+01
-5.0000e+01 2.0000e+01 -9.6664e+00
-5.0000e+01 3.0000e+01 -8.8977e+00
-5.0000e+01 4.0000e+01 -7.8263e+00
-5.0000e+01 5.0000e+01 -9.2182e+00
-5.0000e+01 6.0000e+01 -6.8318e+00
-5.0000e+01 7.0000e+01 -3.2266e+00
-5.0000e+01 8.0000e+01 -5.1652e+00
-5.0000e+01 9.0000e+01 -2.0887e+00
-5.0000e+01 1.0000e+02 -2.0905e+00
-5.0000e+01 1.1000e+02 -1.1918e+00
-5.0000e+01 1.2000e+02 -5.7631e-01
-5.0000e+01 1.3000e+02 -2.7210e+00
-5.0000e+01 1.4000e+02 -1.6359e+00
-5.0000e+01 1.5000e+02 -1.7362e+00
-5.0000e+01 1.6000e+02 6.2740e-01
-5.0000e+01 1.7000e+02 -5.0575e-01
-5.0000e+01 1.8000e+02 -2.3164e-01
-5.0000e+01 1.9000e+02 4.2661e+00
-5.0000e+01 2.0000e+02 -1.9509e+00
-4.0000e+01 -2.0000e+02 -1.5317e+00
-4.0000e+01 -1.9000e+02 6.6390e-01
-4.0000e+01 -1.8000e+02 2.0188e+00
-4.0000e+01 -1.7000e+02 -1.9894e+00
-4.0000e+01 -1.6000e+02 1.2272e+00
-4.0000e+01 -1.5000e+02 1.1995e+00
-4.0000e+01 -1.4000e+02 -7.0024e-01
-4.0000e+01 -1.3000e+02 -1.3641e+00
-4.0000e+01 -1.2000e+02 -1.3275e+00
-4.0000e+01 -1.1000e+02 1.7029e+00
-4.0000e+01 -1.0000e+02 -2.5797e+00
-4.0000e+01 -9.0000e+01 -4.4493e+00
-4.0000e+01 -8.0000e+01 -3.0181e+00
-4.0000e+01 -7.0000e+01 -5.1419e+00
-4.0000e+01 -6.0000e+01 -5.8869e+00
-4.0000e+01 -5.0000e+01 -5.9964e+00
-4.0000e+01 -4.0000e+01 -1.0787e+01
-4.0000e+01 -3.0000e+01 -8.0935e+00
-4.0000e+01 -2.0000e+01 -1.0727e+01
-4.0000e+01 -1.0000e+01 -9.6434e+00
-4.0000e+01 0.0000e+00 -1.3526e+01
-4.0000e+01 1.0000e+01 -1.3750e+01
-4.0000e+01 2.0000e+01 -7.5480e+00
-4.0000e+01 3.0000e+01 -8.3574e+00
-4.0000e+01 4.0000e+01 -8.1203e+00
-4.0000e+01 5.0000e+01 -7.0872e+00
-4.0000e+01 6.0000e+01 -3.8492e+00
-4.0000e+01 7.0000e+01 -6.0246e+00
-4.0000e+01 8.0000e+01 -3.8009e+00
-4.0000e+01 9.0000e+01 -4.1081e+00
-4.0000e+01 1.0000e+02 -7.8348e-01
-4.0000e+01 1.1000e+02 -1.1858e-02
-4.0000e+01 1.2000e+02 -2.7969e+00
-4.0000e+01 1.3000e+02 -1.7694e+00
-4.0000e+01 1.4000e+02 -1.5603e+00
-4.0000e+01 1.5000e+02 -1.1081e+00
-4.0000e+01 1.6000e+02 -9.3513e-01
-4.0000e+01 1.7000e+02 -1.9188e-02
-4.0000e+01 1.8000e+02 -9.3956e-01
-4.0000e+01 1.9000e+02 1.8320e+00
-4.0000e+01 2.0000e+02 -2.5455e+00
-3.0000e+01 -2.0000e+02 2.1061e+00
-3.0000e+01 -1.9000e+02 -9.8399e-01
-3.0000e+01 -1.8000e+02 2.0819e+00
-3.0000e+01 -1.7000e+02 -8.4004e-03
-3.0000e+01 -1.6000e+02 1.9254e+00
-3.0000e+01 -1.5000e+02 -3.0943e-01
-3.0000e+01 -1.4000e+02 -1.4322e+00
-3.0000e+01 -1.3000e+02 -9.5916e-01
-3.0000e+01 -1.2000e+02 -1.3610e+00
-3.0000e+01 -1.1000e+02 -1.5220e+00
-3.0000e+01 -1.0000e+02 -2.9003e+00
-3.0000e+01 -9.0000e+01 -4.7890e+00
-3.0000e+01 -8.0000e+01 -4.6564e+00
-3.0000e+01 -7.0000e+01 -4.8995e+00
-3.0000e+01 -6.0000e+01 -5.4221e+00
-3.0000e+01 -5.0000e+01 -8.3577e+00
-3.0000e+01 -4.0000e+01 -1.4011e+01
-3.0000e+01 -3.0000e+01 -1.0726e+01
-3.0000e+01 -2.0000e+01 -1.2383e+01
-3.0000e+01 -1.0000e+01 -1.1297e+01
-3.0000e+01 0.0000e+00 -1.3272e+01
-3.0000e+01 1.0000e+01 -1.4266e+01
-3.0000e+01 2.0000e+01 -1.4619e+01
-3.0000e+01 3.0000e+01 -1.0897e+01
-3.0000e+01 4.0000e+01 -1.0191e+01
-3.0000e+01 5.0000e+01 -8.4069e+00
-3.0000e+01 6.0000e+01 -8.7452e+00
-3.0000e+01 7.0000e+01 -7.9097e+00
-3.0000e+01 8.0000e+01 -4.1131e+00
-3.0000e+01 9.0000e+01 -4.9372e+00
-3.0000e+01 1.0000e+02 -1.4126e+00
-3.0000e+01 1.1000e+02 -3.5273e+00
-3.0000e+01 1.2000e+02 -5.2932e+00
-3.0000e+01 1.3000e+02 -1.6885e+00
-3.0000e+01 1.4000e+02 8.9153e-01
-3.0000e+01 1.5000e+02 -2.2896e+00
-3.0000e+01 1.6000e+02 9.2391e-01
-3.0000e+01 1.7000e+02 -2.1869e+00
-3.0000e+01 1.8000e+02 -1.1327e-01
-3.0000e+01 1.9000e+02 -5.5896e-01
-3.0000e+01 2.0000e+02 1.2142e+00
-2.0000e+01 -2.0000e+02 9.0829e-01
-2.0000e+01 -1.9000e+02 1.0853e-01
-2.0000e+01 -1.8000e+02 2.1981e-01
-2.0000e+01 -1.7000e+02 -3.3909e+00
-2.0000e+01 -1.6000e+02 8.1077e-01
-2.0000e+01 -1.5000e+02 1.4359e+00
-2.0000e+01 -1.4000e+02 1.4099e-01
-2.0000e+01 -1.3000e+02 -1.9258e+00
-2.0000e+01 -1.2000e+02 -2.6370e+00
-2.0000e+01 -1.1000e+02 -2.2744e+00
-2.0000e+01 -1.0000e+02 -4.6926e+00
-2.0000e+01 -9.0000e+01 -4.7843e+00
-2.0000e+01 -8.0000e+01 -8.0464e+00
-2.0000e+01 -7.0000e+01 -7.3807e+00
-2.0000e+01 -6.0000e+01 -8.1652e+00
-2.0000e+01 -5.0000e+01 -1.0474e+01
-2.0000e+01 -4.0000e+01 -1.1452e+01
-2.0000e+01 -3.0000e+01 -1.4889e+01
-2.0000e+01 -2.0000e+01 -1.3975e+01
-2.0000e+01 -1.0000e+01 -1.5624e+01
-2.0000e+01 0.0000e+00 -1.3971e+01
-2.0000e+01 1.0000e+01 -1.4263e+01
-2.0000e+01 2.0000e+01 -1.1335e+01
-2.0000e+01 3.0000e+01 -1.0451e+01
-2.0000e+01 4.0000e+01 -1.0390e+01
-2.0000e+01 5.0000e+01 -1.1765e+01
-2.0000e+01 6.0000e+01 -1.0647e+01
-2.0000e+01 7.0000e+01 -6.0699e+00
-2.0000e+01 8.0000e+01 -4.5386e+00
-2.0000e+01 9.0000e+01 -2.9731e+00
-2.0000e+01 1.0000e+02 -1.0309e+00
-2.0000e+01 1.1000e+02 -5.3293e+00
-2.0000e+01 1.2000e+02 2.9164e-01
-2.0000e+01 1.3000e+02 -1.5216e+00
-2.0000e+01 1.4000e+02 -9.4514e-01
-2.0000e+01 1.5000e+02 -2.2299e-01
-2.0000e+01 1.6000e+02 1.4548e+00
-2.0000e+01 1.7000e+02 6.3423e-01
-2.0000e+01 1.8000e+02 5.8204e-01
-2.0000e+01 1.9000e+02 2.0429e+00
-2.0000e+01 2.0000e+02 -3.9805e-01
-1.0000e+01 -2.0000e+02 1.5585e+00
-1.0000e+01 -1.9000e+02 -5.7771e-01
-1.0000e+01 -1.8000e+02 2.5686e+00
-1.0000e+01 -1.7000e+02 -8.5404e-01
-1.0000e+01 -1.6000e+02 -9.1100e-01
-1.0000e+01 -1.5000e+02 -1.2979e+00
-1.0000e+01 -1.4000e+02 -1.6027e+00
-1.0000e+01 -1.3000e+02 3.1158e-01
-1.0000e+01 -1.2000e+02 -2.0916e+00
-1.0000e+01 -1.1000e+02 2.4456e-02
-1.0000e+01 -1.0000e+02 -3.2317e+00
-1.0000e+01 -9.0000e+01 -3.3840e+00
-1.0000e+01 -8.0000e+01 -5.2540e+00
-1.0000e+01 -7.0000e+01 -7.7249e+00
-1.0000e+01 -6.0000e+01 -1.0367e+01
-1.0000e+01 -5.0000e+01 -8.1895e+00
-1.0000e+01 -4.0000e+01 -1.4478e+01
-1.0000e+01 -3.0000e+01 -1.3687e+01
-1.0000e+01 -2.0000e+01 -1.2604e+01
-1.0000e+01 -1.0000e+01 -1.5135e+01
-1.0000e+01 0.0000e+00 -1.3093e+01
-1.0000e+01 1.0000e+01 -1.2515e+01
-1.0000e+01 2.0000e+01 -1.3555e+01
-1.0000e+01 3.0000e+01 -1.3390e+01
-1.0000e+01 4.0000e+01 -1.0797e+01
-1.0000e+01 5.0000e+01 -1.0352e+01
-1.0000e+01 6.0000e+01 -9.7730e+00
-1.0000e+01 7.0000e+01 -8.8356e+00
-1.0000e+01 8.0000e+01 -7.0651e+00
-1.0000e+01 9.0000e+01 -3.4295e+00
-1.0000e+01 1.0000e+02 -1.6147e+00
-1.0000e+01 1.1000e+02 -3.4342e+00
-1.0000e+01 1.2000e+02 -1.0182e+00
-1.0000e+01 1.3000e+02 -2.7256e+00
-1.0000e+01 1.4000e+02 -1.0187e+00
-1.0000e+01 1.5000e+02 -1.8597e+00
-1.0000e+01 1.6000e+02 -2.3571e+00
-1.0000e+01 1.7000e+02 -2.9022e-01
-1.0000e+01 1.8000e+02 1.3827e+00
-1.0000e+01 1.9000e+02 -1.6278e+00
-1.0000e+01 2.0000e+02 -1.5649e-01
0.0000e+00 -2.0000e+02 1.0987e-01
0.0000e+00 -1.9000e+02 -2.7965e-01
0.0000e+00 -1.8000e+02 -2.3115e+00
0.0000e+00 -1.7000e+02 5.1465e-01
0.0000e+00 -1.6000e+02 -2.1320e-01
0.0000e+00 -1.5000e+02 1.3950e-02
0.0000e+00 -1.4000e+02 1.4401e-01
0.0000e+00 -1.3000e+02 -1.1638e+00
0.0000e+00 -1.2000e+02 -2.3036e+00
0.0000e+00 -1.1000e+02 -3.8710e+00
0.0000e+00 -1.0000e+02 -9.1736e-01
0.0000e+00 -9.0000e+01 -2.3392e+00
0.0000e+00 -8.0000e+01 -5.2167e+00
0.0000e+00 -7.0000e+01 -6.1809e+00
0.0000e+00 -6.0000e+01 -7.5661e+00
0.0000e+00 -5.0000e+01 -9.7961e+00
0.0000e+00 -4.0000e+01 -9.6423e+00
0.0000e+00 -3.0000e+01 -1.1849e+01
0.0000e+00 -2.0000e+01 -1.3746e+01
0.0000e+00 -1.0000e+01 -1.4294e+01
0.0000e+00 0.0000e+00 -1.3824e+01
0.0000e+00 1.0000e+01 -1.6633e+01
0.0000e+00 2.0000e+01 -1.3186e+01
0.0000e+00 3.0000e+01 -1.2783e+01
0.0000e+00 4.0000e+01 -1.1635e+01
0.0000e+00 5.0000e+01 -1.2049e+01
0.0000e+00 6.0000e+01 -9.9515e+00
0.0000e+00 7.0000e+01 -7.5161e+00
0.0000e+00 8.0000e+01 -5.0604e+00
0.0000e+00 9.0000e+01 -3.7145e+00
0.0000e+00 1.0000e+02 -3.8980e+00
0.0000e+00 1.1000e+02 -8.6407e-01
0.0000e+00 1.2000e+02 -2.9872e-01
0.0000e+00 1.3000e+02 -1.4721e+00
0.0000e+00 1.4000e+02 -2.3823e+00
0.0000e+00 1.5000e+02 -1.5854e-01
0.0000e+00 1.6000e+02 -1.6213e-01
0.0000e+00 1.7000e+02 -2.5367e-01
0.0000e+00 1.8000e+02 4.9967e-01
0.0000e+00 1.9000e+02 -4.0403e-01
0.0000e+00 2.0000e+02 3.3153e-02
1.0000e+01 -2.0000e+02 -2.6802e+00
1.0000e+01 -1.9000e+02 -1.0853e-01
1.0000e+01 -1.8000e+02 2.7159e-01
1.0000e+01 -1.7000e+02 -2.1512e-01
1.0000e+01 -1.6000e+02 2.5338e+00
1.0000e+01 -1.5000e+02 8.9991e-01
1.0000e+01 -1.4000e+02 -1.4563e+00
1.0000e+01 -1.3000e+02 -1.3156e+00
1.0000e+01 -1.2000e+02 -1.1287e-01
1.0000e+01 -1.1000e+02 -3.0395e-01
1.0000e+01 -1.0000e+02 -4.0450e+00
1.0000e+01 -9.0000e+01 -4.4732e+00
1.0000e+01 -8.0000e+01 -5.4143e+00
1.0000e+01 -7.0000e+01 -5.2730e+00
1.0000e+01 -6.0000e+01 -8.0978e+00
1.0000e+01 -5.0000e+01 -1.2130e+01
1.0000e+01 -4.0000e+01 -8.8903e+00
1.0000e+01 -3.0000e+01 -1.5097e+01
1.0000e+01 -2.0000e+01 -1.3785e+01
1.0000e+01 -1.0000e+01 -1.3088e+01
1.0000e+01 0.0000e+00 -1.3908e+01
1.0000e+01 1.0000e+01 -1.4716e+01
1.0000e+01 2.0000e+01 -1.3078e+01
1.0000e+01 3.0000e+01 -1.2062e+01
1.0000e+01 4.0000e+01 -1.0899e+01
1.0000e+01 5.0000e+01 -6.3099e+00
1.0000e+01 6.0000e+01 -7.2330e+00
1.0000e+01 7.0000e+01 -6.7167e+00
1.0000e+01 8.0000e+01 -5.0550e+00
1.0000e+01 9.0000e+01 -1.5480e+00
1.0000e+01 1.0000e+02 -4.5225e-01
1.0000e+01 1.1000e+02 -1.7287e+00
1.0000e+01 1.2000e+02 -3.3601e+00
1.0000e+01 1.3000e+02 -1.6320e+00
1.0000e+01 1.4000e+02 2.7041e+00
1.0000e+01 1.5000e+02 -1.4000e+00
1.0000e+01 1.6000e+02 -2.2502e+00
1.0000e+01 1.7000e+02 -1.3940e-01
1.0000e+01 1.8000e+02 -1.4279e+00
1.0000e+01 1.9000e+02 1.8245e+00
1.0000e+01 2.0000e+02 -2.3985e-01
2.0000e+01 -2.0000e+02 1.4921e+00
2.0000e+01 -1.9000e+02 -7.9546e-01
2.0000e+01 -1.8000e+02 -4.2297e-01
2.0000e+01 -1.7000e+02 4.6331e-01
2.0000e+01 -1.6000e+02 6.2208e-01
2.0000e+01 -1.5000e+02 -1.9506e+00
2.0000e+01 -1.4000e+02 -1.0211e+00
2.0000e+01 -1.3000e+02 -1.7491e+00
2.0000e+01 -1.2000e+02 -2.9395e-02
2.0000e+01 -1.1000e+02 -5.2136e-01
2.0000e+01 -1.0000e+02 -2.4087e+00
2.0000e+01 -9.0000e+01 -2.7038e+00
2.0000e+01 -8.0000e+01 -4.5294e+00
2.0000e+01 -7.0000e+01 -6.7628e+00
2.0000e+01 -6.0000e+01 -7.5817e+00
2.0000e+01 -5.0000e+01 -7.5546e+00
2.0000e+01 -4.0000e+01 -1.1636e+01
2.0000e+01 -3.0000e+01 -1.2139e+01
2.0000e+01 -2.0000e+01 -1.4473e+01
2.0000e+01 -1.0000e+01 -1.2086e+01
2.0000e+01 0.0000e+00 -1.1950e+01
2.0000e+01 1.0000e+01 -1.6137e+01
2.0000e+01 2.0000e+01 -1.1868e+01
2.0000e+01 3.0000e+01 -1.2386e+01
2.0000e+01 4.0000e+01 -1.0840e+01
2.0000e+01 5.0000e+01 -8.9909e+00
2.0000e+01 6.0000e+01 -8.5969e+00
2.0000e+01 7.0000e+01 -4.2421e+00
2.0000e+01 8.0000e+01 -5.5800e+00
2.0000e+01 9.0000e+01 -4.5947e+00
2.0000e+01 1.0000e+02 -3.4623e+00
2.0000e+01 1.1000e+02 -3.2269e+00
2.0000e+01 1.2000e+02 -1.7107e+00
2.0000e+01 1.3000e+02 -4.1938e+00
2.0000e+01 1.4000e+02 -1.8356e+00
2.0000e+01 1.5000e+02 -2.1281e+00
2.0000e+01 1.6000e+02 -3.1876e+00
2.0000e+01 1.7000e+02 -3.8535e-01
2.0000e+01 1.8000e+02 3.1427e-01
2.0000e+01 1.9000e+02 2.1987e-01
2.0000e+01 2.0000e+02 1.0801e+00
3.0000e+01 -2.0000e+02 7.0067e-01
3.0000e+01 -1.9000e+02 -2.3355e+00
3.0000e+01 -1.8000e+02 6.8895e-01
3.0000e+01 -1.7000e+02 2.1220e+00
3.0000e+01 -1.6000e+02 -3.0175e-01
3.0000e+01 -1.5000e+02 -7.4322e-01
3.0000e+01 -1.4000e+02 8.9816e-01
3.0000e+01 -1.3000e+02 -2.5151e+00
3.0000e+01 -1.2000e+02 -1.9924e-01
3.0000e+01 -1.1000e+02 -1.7325e+00
3.0000e+01 -1.0000e+02 -2.0817e+00
3.0000e+01 -9.0000e+01 -2.9381e+00
3.0000e+01 -8.0000e+01 -7.1591e+00
3.0000e+01 -7.0000e+01 -6.1350e+00
3.0000e+01 -6.0000e+01 -7.2102e+00
3.0000e+01 -5.0000e+01 -8.2210e+00
3.0000e+01 -4.0000e+01 -7.3459e+00
3.0000e+01 -3.0000e+01 -1.2361e+01
3.0000e+01 -2.0000e+01 -1.3167e+01
3.0000e+01 -1.0000e+01 -1.1384e+01
3.0000e+01 0.0000e+00 -1.1469e+01
3.0000e+01 1.0000e+01 -1.0666e+01
3.0000e+01 2.0000e+01 -1.2983e+01
3.0000e+01 3.0000e+01 -8.1034e+00
3.0000e+01 4.0000e+01 -7.0688e+00
3.0000e+01 5.0000e+01 -1.1282e+01
3.0000e+01 6.0000e+01 -8.0704e+00
3.0000e+01 7.0000e+01 -4.5386e+00
3.0000e+01 8.0000e+01 -3.8001e+00
3.0000e+01 9.0000e+01 -2.9292e+00
3.0000e+01 1.0000e+02 -2.2040e+00
3.0000e+01 1.1000e+02 -3.5190e+00
3.0000e+01 1.2000e+02 -7.5655e-01
3.0000e+01 1.3000e+02 -3.3910e+00
3.0000e+01 1.4000e+02 -1.5897e+00
3.0000e+01 1.5000e+02 4.2496e-01
3.0000e+01 1.6000e+02 6.6921e-01
3.0000e+01 1.7000e+02 -2.8964e-01
3.0000e+01 1.8000e+02 2.0143e+00
3.0000e+01 1.9000e+02 -1.7651e+00
3.0000e+01 2.0000e+02 -2.3449e-01
4.0000e+01 -2.0000e+02 -2.4233e+00
4.0000e+01 -1.9000e+02 1.0610e+00
4.0000e+01 -1.8000e+02 -4.3898e-01
4.0000e+01 -1.7000e+02 -1.9129e+00
4.0000e+01 -1.6000e+02 -2.0919e+00
4.0000e+01 -1.5000e+02 -3.1602e+00
4.0000e+01 -1.4000e+02 -2.5160e+00
4.0000e+01 -1.3000e+02 -1.1938e+00
4.0000e+01 -1.2000e+02 -7.9044e-01
4.0000e+01 -1.1000e+02 -1.9405e+00
4.0000e+01 -1.0000e+02 -2.9053e+00
4.0000e+01 -9.0000e+01 -1.6516e+00
4.0000e+01 -8.0000e+01 -3.7178e+00
4.0000e+01 -7.0000e+01 -3.1819e+00
4.0000e+01 -6.0000e+01 -6.6451e+00
4.0000e+01 -5.0000e+01 -9.6945e+00
4.0000e+01 -4.0000e+01 -8.5663e+00
4.0000e+01 -3.0000e+01 -1.2466e+01
4.0000e+01 -2.0000e+01 -1.0004e+01
4.0000e+01 -1.0000e+01 -1.2953e+01
4.0000e+01 0.0000e+00 -1.1290e+01
4.0000e+01 1.0000e+01 -1.1061e+01
4.0000e+01 2.0000e+01 -1.0149e+01
4.0000e+01 3.0000e+01 -1.1727e+01
4.0000e+01 4.0000e+01 -9.7971e+00
4.0000e+01 5.0000e+01 -7.6944e+00
4.0000e+01 6.0000e+01 -7.9485e+00
4.0000e+01 7.0000e+01 -7.5434e+00
4.0000e+01 8.0000e+01 -6.8334e+00
4.0000e+01 9.0000e+01 -3.4357e+00
4.0000e+01 1.0000e+02 -2.6253e+00
4.0000e+01 1.1000e+02 -3.3553e+00
4.0000e+01 1.2000e+02 -1.8932e+00
4.0000e+01 1.3000e+02 -1.8495e+00
4.0000e+01 1.4000e+02 -1.1552e+00
4.0000e+01 1.5000e+02 -1.3187e+00
4.0000e+01 1.6000e+02 -1.5752e+00
4.0000e+01 1.7000e+02 -6.6209e-02
4.0000e+01 1.8000e+02 2.1370e+00
4.0000e+01 1.9000e+02 -2.7355e-01
4.0000e+01 2.0000e+02 3.1577e-01
5.0000e+01 -2.0000e+02 -3.8227e-01
5.0000e+01 -1.9000e+02 -2.2462e+00
5.0000e+01 -1.8000e+02 -1.1272e+00
5.0000e+01 -1.7000e+02 -1.3346e-01
5.0000e+01 -1.6000e+02 -1.1523e+00
5.0000e+01 -1.5000e+02 -4.0227e+00
5.0000e+01 -1.4000e+02 8.1972e-01
5.0000e+01 -1.3000e+02 -2.6366e+00
5.0000e+01 -1.2000e+02 3.4996e-01
5.0000e+01 -1.1000e+02 -1.2777e+00
5.0000e+01 -1.0000e+02 -1.3417e+00
5.0000e+01 -9.0000e+01 -2.2800e+00
5.0000e+01 -8.0000e+01 -1.9436e+00
5.0000e+01 -7.0000e+01 -3.5959e+00
5.0000e+01 -6.0000e+01 -5.6167e+00
5.0000e+01 -5.0000e+01 -7.0966e+00
5.0000e+01 -4.0000e+01 -1.0148e+01
5.0000e+01 -3.0000e+01 -8.4234e+00
5.0000e+01 -2.0000e+01 -9.1456e+00
5.0000e+01 -1.0000e+01 -1.0298e+01
5.0000e+01 0.0000e+00 -7.6803e+00
5.0000e+01 1.0000e+01 -1.0846e+01
5.0000e+01 2.0000e+01 -1.2374e+01
5.0000e+01 3.0000e+01 -1.0894e+01
5.0000e+01 4.0000e+01 -5.0639e+00
5.0000e+01 5.0000e+01 -8.4892e+00
5.0000e+01 6.0000e+01 -1.4459e+00
5.0000e+01 7.0000e+01 -7.1372e+00
5.0000e+01 8.0000e+01 -3.5373e+00
5.0000e+01 9.0000e+01 -3.4321e+00
5.0000e+01 1.0000e+02 -2.7897e+00
5.0000e+01 1.1000e+02 1.2737e+00
5.0000e+01 1.2000e+02 -1.2949e+00
5.0000e+01 1.3000e+02 4.8900e-01
5.0000e+01 1.4000e+02 1.6129e+00
5.0000e+01 1.5000e+02 -7.1808e-01
5.0000e+01 1.6000e+02 -2.0814e+00
5.0000e+01 1.7000e+02 -3.5310e+00
5.0000e+01 1.8000e+02 -4.9692e-01
5.0000e+01 1.9000e+02 1.0900e+00
5.0000e+01 2.0000e+02 1.5390e+00
6.0000e+01 -2.0000e+02 1.5977e+00
6.0000e+01 -1.9000e+02 -4.9778e-01
6.0000e+01 -1.8000e+02 6.2254e-01
6.0000e+01 -1.7000e+02 -1.6605e+00
6.0000e+01 -1.6000e+02 1.0891e+00
6.0000e+01 -1.5000e+02 5.9866e-01
6.0000e+01 -1.4000e+02 -5.8273e-01
6.0000e+01 -1.3000e+02 -9.6922e-02
6.0000e+01 -1.2000e+02 -2.6923e+00
6.0000e+01 -1.1000e+02 8.1364e-01
6.0000e+01 -1.0000e+02 -1.6751e+00
6.0000e+01 -9.0000e+01 -4.5505e+00
6.0000e+01 -8.0000e+01 -2.3316e+00
6.0000e+01 -7.0000e+01 -1.4831e+00
6.0000e+01 -6.0000e+01 -6.0363e+00
6.0000e+01 -5.0000e+01 -5.6098e+00
6.0000e+01 -4.0000e+01 -6.2305e+00
6.0000e+01 -3.0000e+01 -6.2569e+00
6.0000e+01 -2.0000e+01 -8.0454e+00
6.0000e+01 -1.0000e+01 -1.0582e+01
6.0000e+01 0.0000e+00 -9.4182e+00
6.0000e+01 1.0000e+01 -8.6517e+00
6.0000e+01 2.0000e+01 -6.7497e+00
6.0000e+01 3.0000e+01 -8.2014e+00
6.0000e+01 4.0000e+01 -5.1211e+00
6.0000e+01 5.0000e+01 -6.4823e+00
6.0000e+01 6.0000e+01 -6.3668e+00
6.0000e+01 7.0000e+01 -3.9304e+00
6.0000e+01 8.0000e+01 -7.5960e-01
6.0000e+01 9.0000e+01 -4.3275e+00
6.0000e+01 1.0000e+02 -2.1124e+00
6.0000e+01 1.1000e+02 -1.5652e+00
6.0000e+01 1.2000e+02 1.3058e+00
6.0000e+01 1.3000e+02 -1.4985e+00
6.0000e+01 1.4000e+02 -2.9520e+00
6.0000e+01 1.5000e+02 3.4092e+00
6.0000e+01 1.6000e+02 1.6628e+00
6.0000e+01 1.7000e+02 -3.2089e-01
6.0000e+01 1.8000e+02 2.2436e+00
6.0000e+01 1.9000e+02 6.5511e-01
6.0000e+01 2.0000e+02 -9.6927e-01
7.0000e+01 -2.0000e+02 2.7887e-01
7.0000e+01 -1.9000e+02 -8.6392e-01
7.0000e+01 -1.8000e+02 2.7705e-01
7.0000e+01 -1.7000e+02 -1.9458e+00
7.0000e+01 -1.6000e+02 -2.9855e-01
7.0000e+01 -1.5000e+02 -2.2072e+00
7.0000e+01 -1.4000e+02 -9.2968e-01
7.0000e+01 -1.3000e+02 2.2835e+00
7.0000e+01 -1.2000e+02 1.8402e+00
7.0000e+01 -1.1000e+02 -9.6999e-01
7.0000e+01 -1.0000e+02 1.5459e-03
7.0000e+01 -9.0000e+01 -1.0999e+00
7.0000e+01 -8.0000e+01 -4.8620e-01
7.0000e+01 -7.0000e+01 -1.9687e+00
7.0000e+01 -6.0000e+01 -3.1340e+00
7.0000e+01 -5.0000e+01 -2.6322e+00
7.0000e+01 -4.0000e+01 -6.1351e+00
7.0000e+01 -3.0000e+01 -7.8023e+00
7.0000e+01 -2.0000e+01 -6.0433e+00
7.0000e+01 -1.0000e+01 -6.7932e+00
7.0000e+01 0.0000e+00 -7.7451e+00
7.0000e+01 1.0000e+01 -8.0489e+00
7.0000e+01 2.0000e+01 -5.7562e+00
7.0000e+01 3.0000e+01 -4.7464e+00
7.0000e+01 4.0000e+01 -4.3906e+00
7.0000e+01 5.0000e+01 -4.4531e+00
7.0000e+01 6.0000e+01 -4.5129e+00
7.0000e+01 7.0000e+01 -3.1919e+00
7.0000e+01 8.0000e+01 -2.1867e+00
7.0000e+01 9.0000e+01 -4.8353e+00
7.0000e+01 1.0000e+02 -2.3336e+00
7.0000e+01 1.1000e+02 -1.3975e+00
7.0000e+01 1.2000e+02 -5.0062e-01
7.0000e+01 1.3000e+02 -6.6588e-01
7.0000e+01 1.4000e+02 -3.9994e-01
7.0000e+01 1.5000e+02 2.5955e+00
7.0000e+01 1.6000e+02 -9.2436e-01
7.0000e+01 1.7000e+02 1.1392e+00
7.0000e+01 1.8000e+02 -1.2894e+00
7.0000e+01 1.9000e+02 -4.6160e-01
7.0000e+01 2.0000e+02 -1.2322e+00
8.0000e+01 -2.0000e+02 -3.9224e-01
8.0000e+01 -1.9000e+02 3.2783e-01
8.0000e+01 -1.8000e+02 -1.2294e+00
8.0000e+01 -1.7000e+02 -2.8876e+00
8.0000e+01 -1.6000e+02 3.3979e+00
8.0000e+01 -1.5000e+02 -1.2844e+00
8.0000e+01 -1.4000e+02 -4.7968e-01
8.0000e+01 -1.3000e+02 -3.9019e-01
8.0000e+01 -1.2000e+02 -2.9877e-02
8.0000e+01 -1.1000e+02 -1.8582e-01
8.0000e+01 -1.0000e+02 1.6598e+00
8.0000e+01 -9.0000e+01 -3.4554e+00
8.0000e+01 -8.0000e+01 -2.5822e+00
8.0000e+01 -7.0000e+01 -5.4337e+00
8.0000e+01 -6.0000e+01 2.0013e+00
8.0000e+01 -5.0000e+01 -3.1457e+00
8.0000e+01 -4.0000e+01 -3.2099e+00
8.0000e+01 -3.0000e+01 -4.4647e+00
8.0000e+01 -2.0000e+01 -6.8748e+00
8.0000e+01 -1.0000e+01 -4.5286e+00
8.0000e+01 0.0000e+00 -4.8091e+00
8.0000e+01 1.0000e+01 -5.8828e+00
8.0000e+01 2.0000e+01 -4.0696e+00
8.0000e+01 3.0000e+01 -1.6671e+00
8.0000e+01 4.0000e+01 -4.9576e+00
8.0000e+01 5.0000e+01 -1.1040e+00
8.0000e+01 6.0000e+01 -4.5072e+00
8.0000e+01 7.0000e+01 1.9575e+00
8.0000e+01 8.0000e+01 -2.6259e+00
8.0000e+01 9.0000e+01 -2.3755e+00
8.0000e+01 1.0000e+02 -5.1127e-01
8.0000e+01 1.1000e+02 -1.9196e+00
8.0000e+01 1.2000e+02 -1.3839e+00
8.0000e+01 1.3000e+02 3.5545e-01
8.0000e+01 1.4000e+02 1.3782e+00
8.0000e+01 1.5000e+02 -1.3549e+00
8.0000e+01 1.6000e+02 2.4327e+00
8.0000e+01 1.7000e+02 2.1955e-01
8.0000e+01 1.8000e+02 6.4322e-01
8.0000e+01 1.9000e+02 2.3631e+00
8.0000e+01 2.0000e+02 -2.0865e-01
9.0000e+01 -2.0000e+02 -2.4274e+00
9.0000e+01 -1.9000e+02 1.7379e+00
9.0000e+01 -1.8000e+02 9.8138e-01
9.0000e+01 -1.7000e+02 9.9142e-01
9.0000e+01 -1.6000e+02 -5.6388e-01
9.0000e+01 -1.5000e+02 6.5199e-01
9.0000e+01 -1.4000e+02 8.2133e-01
9.0000e+01 -1.3000e+02 1.3330e+00
9.0000e+01 -1.2000e+02 -4.5598e-01
9.0000e+01 -1.1000e+02 1.2018e+00
9.0000e+01 -1.0000e+02 -6.3327e-01
9.0000e+01 -9.0000e+01 -2.2804e+00
9.0000e+01 -8.0000e+01 -2.5741e+00
9.0000e+01 -7.0000e+01 -2.2287e+00
9.0000e+01 -6.0000e+01 -1.0932e+00
9.0000e+01 -5.0000e+01 -2.0353e+00
9.0000e+01 -4.0000e+01 -3.8686e+00
9.0000e+01 -3.0000e+01 -3.0585e+00
9.0000e+01 -2.0000e+01 -4.7924e+00
9.0000e+01 -1.0000e+01 -7.0300e+00
9.0000e+01 0.0000e+00 -5.0371e+00
9.0000e+01 1.0000e+01 -4.2436e+00
9.0000e+01 2.0000e+01 -1.7382e+00
9.0000e+01 3.0000e+01 -5.2587e+00
9.0000e+01 4.0000e+01 -1.9116e+00
9.0000e+01 5.0000e+01 -4.4704e+00
9.0000e+01 6.0000e+01 -2.9053e+00
9.0000e+01 7.0000e+01 -7.1756e-01
9.0000e+01 8.0000e+01 -8.1860e-01
9.0000e+01 9.0000e+01 1.8333e+00
9.0000e+01 1.0000e+02 -1.7988e+00
9.0000e+01 1.1000e+02 -5.8791e-01
9.0000e+01 1.2000e+02 8.1615e-02
9.0000e+01 1.3000e+02 2.2734e+00
9.0000e+01 1.4000e+02 -1.7844e+00
9.0000e+01 1.5000e+02 -3.4735e+00
9.0000e+01 1.6000e+02 -1.4351e+00
9.0000e+01 1.7000e+02 -4.9622e-01
9.0000e+01 1.8000e+02 -4.1629e-01
9.0000e+01 1.9000e+02 -8.1556e-01
9.0000e+01 2.0000e+02 9.0076e-01
1.0000e+02 -2.0000e+02 -3.8556e-01
1.0000e+02 -1.9000e+02 7.9382e-01
1.0000e+02 -1.8000e+02 -8.7108e-02
1.0000e+02 -1.7000e+02 -7.1482e-01
1.0000e+02 -1.6000e+02 3.8420e-02
1.0000e+02 -1.5000e+02 -7.1943e-01
1.0000e+02 -1.4000e+02 2.2971e+00
1.0000e+02 -1.3000e+02 5.8564e-01
1.0000e+02 -1.2000e+02 -1.4025e+00
1.0000e+02 -1.1000e+02 1.0596e+00
1.0000e+02 -1.0000e+02 -2.3264e+00
1.0000e+02 -9.0000e+01 -3.9109e+00
1.0000e+02 -8.0000e+01 -1.2903e+00
1.0000e+02 -7.0000e+01 -1.2561e+00
1.0000e+02 -6.0000e+01 -3.1400e+00
1.0000e+02 -5.0000e+01 -2.9265e+00
1.0000e+02 -4.0000e+01 -3.4853e+00
1.0000e+02 -3.0000e+01 -4.5528e+00
1.0000e+02 -2.0000e+01 -4.5758e+00
1.0000e+02 -1.0000e+01 -3.3380e+00
1.0000e+02 0.0000e+00 -5.6468e-01
1.0000e+02 1.0000e+01 -5.0549e+00
1.0000e+02 2.0000e+01 -4.9886e+00
1.0000e+02 3.0000e+01 -1.6206e+00
1.0000e+02 4.0000e+01 -1.7032e+00
1.0000e+02 5.0000e+01 -1.4971e+00
1.0000e+02 6.0000e+01 -1.5223e+00
1.0000e+02 7.0000e+01 -2.9178e+00
1.0000e+02 8.0000e+01 -2.2330e+00
1.0000e+02 9.0000e+01 -1.2804e+00
1.0000e+02 1.0000e+02 -2.4897e+00
1.0000e+02 1.1000e+02 -1.9406e+00
1.0000e+02 1.2000e+02 -2.4322e+00
1.0000e+02 1.3000e+02 -4.1287e+00
1.0000e+02 1.4000e+02 -1.7741e+00
1.0000e+02 1.5000e+02 -2.9350e+00
1.0000e+02 1.6000e+02 -1.2024e+00
1.0000e+02 1.7000e+02 1.1698e+00
1.0000e+02 1.8000e+02 2.8743e+00
1.0000e+02 1.9000e+02 1.5855e-01
1.0000e+02 2.0000e+02 1.7687e+00
1.1000e+02 -2.0000e+02 8.5460e-01
1.1000e+02 -1.9000e+02 -9.1398e-01
1.1000e+02 -1.8000e+02 -1.4669e+00
1.1000e+02 -1.7000e+02 -1.2431e+00
1.1000e+02 -1.6000e+02 8.6465e-01
1.1000e+02 -1.5000e+02 -6.7401e-01
1.1000e+02 -1.4000e+02 -2.2241e-01
1.1000e+02 -1.3000e+02 1.9608e+00
1.1000e+02 -1.2000e+02 -2.9336e-01
1.1000e+02 -1.1000e+02 -1.0805e-01
1.1000e+02 -1.0000e+02 -1.5630e+00
1.1000e+02 -9.0000e+01 -3.0445e+00
1.1000e+02 -8.0000e+01 -1.4627e-01
1.1000e+02 -7.0000e+01 -3.1032e+00
1.1000e+02 -6.0000e+01 -1.8184e+00
1.1000e+02 -5.0000e+01 6.7938e-01
1.1000e+02 -4.0000e+01 -2.4829e+00
1.1000e+02 -3.0000e+01 -9.0249e-01
1.1000e+02 -2.0000e+01 -4.0224e+00
1.1000e+02 -1.0000e+01 -3.6065e+00
1.1000e+02 0.0000e+00 -9.8165e-01
1.1000e+02 1.0000e+01 -4.5221e-01
1.1000e+02 2.0000e+01 -2.9402e+00
1.1000e+02 3.0000e+01 -1.0618e+00
1.1000e+02 4.0000e+01 -1.5263e+00
1.1000e+02 5.0000e+01 -2.2890e+00
1.1000e+02 6.0000e+01 -2.0941e+00
1.1000e+02 7.0000e+01 -2.6033e+00
1.1000e+02 8.0000e+01 8.7930e-01
1.1000e+02 9.0000e+01 -1.3131e+00
1.1000e+02 1.0000e+02 2.2680e+00
1.1000e+02 1.1000e+02 2.3720e-01
1.1000e+02 1.2000e+02 -1.6138e+00
1.1000e+02 1.3000e+02 -1.5100e+00
1.1000e+02 1.4000e+02 1.8985e+00
1.1000e+02 1.5000e+02 2.9899e-01
1.1000e+02 1.6000e+02 3.1479e-01
1.1000e+02 1.7000e+02 -2.0756e+00
1.1000e+02 1.8000e+02 1.7868e+00
1.1000e+02 1.9000e+02 -5.2325e-01
1.1000e+02 2.0000e+02 7.6856e-01
1.2000e+02 -2.0000e+02 -1.0092e+00
1.2000e+02 -1.9000e+02 1.2675e-01
1.2000e+02 -1.8000e+02 -9.9510e-02
1.2000e+02 -1.7000e+02 1.5047e+00
1.2000e+02 -1.6000e+02 9.9946e-01
1.2000e+02 -1.5000e+02 -1.5764e-01
1.2000e+02 -1.4000e+02 2.8681e-01
1.2000e+02 -1.3000e+02 -6.0634e-01
1.2000e+02 -1.2000e+02 -2.1406e+00
1.2000e+02 -1.1000e+02 6.8341e-01
1.2000e+02 -1.0000e+02 1.9396e+00
1.2000e+02 -9.0000e+01 7.9266e-01
1.2000e+02 -8.0000e+01 -2.4512e-01
1.2000e+02 -7.0000e+01 2.8323e-01
1.2000e+02 -6.0000e+01 -1.2652e+00
1.2000e+02 -5.0000e+01 1.4585e+00
1.2000e+02 -4.0000e+01 -7.4550e-01
1.2000e+02 -3.0000e+01 -5.5090e-01
1.2000e+02 -2.0000e+01 8.5052e-01
1.2000e+02 -1.0000e+01 -1.1292e+00
1.2000e+02 0.0000e+00 1.0486e+00
1.2000e+02 1.0000e+01 -9.4202e-01
1.2000e+02 2.0000e+01 -1.6244e+00
1.2000e+02 3.0000e+01 -1.6429e+00
1.2000e+02 4.0000e+01 -1.6435e+00
1.2000e+02 5.0000e+01 2.8162e-01
1.2000e+02 6.0000e+01 -1.3597e+00
1.2000e+02 7.0000e+01 -1.4323e+00
1.2000e+02 8.0000e+01 -4.4976e-01
1.2000e+02 9.0000e+01 -7.4931e-01
1.2000e+02 1.0000e+02 -2.5275e+00
1.2000e+02 1.1000e+02 -1.0583e+00
1.2000e+02 1.2000e+02 -2.1633e-01
1.2000e+02 1.3000e+02 -9.8925e-01
1.2000e+02 1.4000e+02 7.3189e-01
1.2000e+02 1.5000e+02 2.9332e-01
1.2000e+02 1.6000e+02 1.7311e+00
1.2000e+02 1.7000e+02 1.9529e-01
1.2000e+02 1.8000e+02 -9.9483e-01
1.2000e+02 1.9000e+02 -1.5921e-01
1.2000e+02 2.0000e+02 2.6554e+00
1.3000e+02 -2.0000e+02 -9.4300e-01
1.3000e+02 -1.9000e+02 -5.8848e-01
1.3000e+02 -1.8000e+02 1.5667e+00
1.3000e+02 -1.7000e+02 -1.5674e-01
1.3000e+02 -1.6000e+02 -1.4181e+00
1.3000e+02 -1.5000e+02 1.3304e-01
1.3000e+02 -1.4000e+02 2.2296e-01
1.3000e+02 -1.3000e+02 6.8507e-01
1.3000e+02 -1.2000e+02 7.8463e-01
1.3000e+02 -1.1000e+02 1.5028e+00
1.3000e+02 -1.0000e+02 6.8145e-02
1.3000e+02 -9.0000e+01 -1.2965e+00
1.3000e+02 -8.0000e+01 1.4571e+00
1.3000e+02 -7.0000e+01 7.0971e-01
1.3000e+02 -6.0000e+01 -3.1026e+00
1.3000e+02 -5.0000e+01 -7.3886e-01
1.3000e+02 -4.0000e+01 1.1907e+00
1.3000e+02 -3.0000e+01 -1.1279e+00
1.3000e+02 -2.0000e+01 -8.6200e-01
1.3000e+02 -1.0000e+01 -3.8079e+00
1.3000e+02 0.0000e+00 -2.6045e+00
1.3000e+02 1.0000e+01 -3.9211e+00
1.3000e+02 2.0000e+01 -1.2983e+00
1.3000e+02 3.0000e+01 1.6238e-01
1.3000e+02 4.0000e+01 2.8565e+00
1.3000e+02 5.0000e+01 3.6436e-01
1.3000e+02 6.0000e+01 -1.2267e+00
1.3000e+02 7.0000e+01 4.5482e-01
1.3000e+02 8.0000e+01 5.5507e-01
1.3000e+02 9.0000e+01 -5.6508e-01
1.3000e+02 1.0000e+02 -3.2688e+00
1.3000e+02 1.1000e+02 -1.1224e+00
1.3000e+02 1.2000e+02 -9.2811e-01
1.3000e+02 1.3000e+02 -6.0158e-01
1.3000e+02 1.4000e+02 1.4342e+00
1.3000e+02 1.5000e+02 3.6317e-01
1.3000e+02 1.6000e+02 2.3709e+00
1.3000e+02 1.7000e+02 1.0434e+00
1.3000e+02 1.8000e+02 -9.8694e-01
1.3000e+02 1.9000e+02 -8.6104e-01
1.3000e+02 2.0000e+02 -1.4716e-01
1.4000e+02 -2.0000e+02 -3.9801e-01
1.4000e+02 -1.9000e+02 -8.5115e-01
1.4000e+02 -1.8000e+02 1.1338e+00
1.4000e+02 -1.7000e+02 -1.2561e+00
1.4000e+02 -1.6000e+02 7.3805e-01
1.4000e+02 -1.5000e+02 -2.5915e+00
1.4000e+02 -1.4000e+02 -5.3663e-01
1.4000e+02 -1.3000e+02 -1.6249e-01
1.4000e+02 -1.2000e+02 -2.6250e+00
1.4000e+02 -1.1000e+02 3.8407e-01
1.4000e+02 -1.0000e+02 5.0707e-02
1.4000e+02 -9.0000e+01 -1.6999e-01
1.4000e+02 -8.0000e+01 2.6176e-01
1.4000e+02 -7.0000e+01 -2.6350e+00
1.4000e+02 -6.0000e+01 -1.4219e+00
1.4000e+02 -5.0000e+01 -2.3919e-01
1.4000e+02 -4.0000e+01 5.5241e-01
1.4000e+02 -3.0000e+01 -3.7717e+00
1.4000e+02 -2.0000e+01 2.2725e+00
1.4000e+02 -1.0000e+01 -1.1344e+00
1.4000e+02 0.0000e+00 -5.4324e-02
1.4000e+02 1.0000e+01 9.6830e-01
1.4000e+02 2.0000e+01 -2.8050e+00
1.4000e+02 3.0000e+01 7.6631e-01
1.4000e+02 4.0000e+01 -2.1989e+00
1.4000e+02 5.0000e+01 -1.6842e+00
1.4000e+02 6.0000e+01 2.1173e+00
1.4000e+02 7.0000e+01 -2.8718e-01
1.4000e+02 8.0000e+01 1.1766e+00
1.4000e+02 9.0000e+01 -2.7528e+00
1.4000e+02 1.0000e+02 -6.4047e-01
1.4000e+02 1.1000e+02 1.8629e+00
1.4000e+02 1.2000e+02 -3.8149e-02
1.4000e+02 1.3000e+02 2.3028e+00
1.4000e+02 1.4000e+02 1.5466e+00
1.4000e+02 1.5000e+02 4.5660e-01
1.4000e+02 1.6000e+02 -1.2661e+00
1.4000e+02 1.7000e+02 4.7841e-01
1.4000e+02 1.8000e+02 5.8165e-01
1.4000e+02 1.9000e+02 3.4817e-01
1.4000e+02 2.0000e+02 3.7571e-01
1.5000e+02 -2.0000e+02 -2.1438e-01
1.5000e+02 -1.9000e+02 -2.5325e-02
1.5000e+02 -1.8000e+02 -2.6890e+00
1.5000e+02 -1.7000e+02 -4.4748e-02
1.5000e+02 -1.6000e+02 -1.5550e-01
1.5000e+02 -1.5000e+02 1.0382e+00
1.5000e+02 -1.4000e+02 2.0780e+00
1.5000e+02 -1.3000e+02 6.2458e-01
1.5000e+02 -1.2000e+02 1.1287e+00
1.5000e+02 -1.1000e+02 2.1450e+00
1.5000e+02 -1.0000e+02 1.6710e-01
1.5000e+02 -9.0000e+01 6.6197e-01
1.5000e+02 -8.0000e+01 2.3830e+00
1.5000e+02 -7.0000e+01 -2.5666e+00
1.5000e+02 -6.0000e+01 8.2789e-01
1.5000e+02 -5.0000e+01 -7.8117e-02
1.5000e+02 -4.0000e+01 -3.5085e+00
1.5000e+02 -3.0000e+01 2.9023e+00
1.5000e+02 -2.0000e+01 -2.1858e+00
1.5000e+02 -1.0000e+01 4.9785e-01
1.5000e+02 0.0000e+00 -2.7023e+00
1.5000e+02 1.0000e+01 2.0801e+00
1.5000e+02 2.0000e+01 -8.3147e-01
1.5000e+02 3.0000e+01 1.4927e-01
1.5000e+02 4.0000e+01 -5.7313e-01
1.5000e+02 5.0000e+01 -1.0020e+00
1.5000e+02 6.0000e+01 2.5847e+00
1.5000e+02 7.0000e+01 1.9881e-01
1.5000e+02 8.0000e+01 -2.5345e+00
1.5000e+02 9.0000e+01 -7.5668e-01
1.5000e+02 1.0000e+02 6.3640e-01
1.5000e+02 1.1000e+02 1.0905e+00
1.5000e+02 1.2000e+02 1.2097e+00
1.5000e+02 1.3000e+02 -6.8330e-01
1.5000e+02 1.4000e+02 -1.5513e+00
1.5000e+02 1.5000e+02 2.1745e-01
1.5000e+02 1.6000e+02 7.2710e-01
1.5000e+02 1.7000e+02 -8.1642e-02
1.5000e+02 1.8000e+02 3.4047e+00
1.5000e+02 1.9000e+02 1.1035e+00
1.5000e+02 2.0000e+02 -1.5173e+00
1.6000e+02 -2.0000e+02 -1.0614e+00
1.6000e+02 -1.9000e+02 -1.3836e+00
1.6000e+02 -1.8000e+02 -1.1968e+00
1.6000e+02 -1.7000e+02 -2.2353e-01
1.6000e+02 -1.6000e+02 7.6151e-01
1.6000e+02 -1.5000e+02 4.3159e+00
1.6000e+02 -1.4000e+02 1.5787e+00
1.6000e+02 -1.3000e+02 -4.0938e-01
1.6000e+02 -1.2000e+02 -5.0980e-01
1.6000e+02 -1.1000e+02 5.3895e-01
1.6000e+02 -1.0000e+02 -3.4380e+00
1.6000e+02 -9.0000e+01 1.8644e+00
1.6000e+02 -8.0000e+01 1.4098e+00
1.6000e+02 -7.0000e+01 2.3350e-01
1.6000e+02 -6.0000e+01 -2.3789e+00
1.6000e+02 -5.0000e+01 -1.0591e+00
1.6000e+02 -4.0000e+01 -4.9752e-01
1.6000e+02 -3.0000e+01 2.4531e+00
1.6000e+02 -2.0000e+01 -6.5202e-01
1.6000e+02 -1.0000e+01 1.1023e+00
1.6000e+02 0.0000e+00 -4.1495e-01
1.6000e+02 1.0000e+01 -3.3638e+00
1.6000e+02 2.0000e+01 2.0874e+00
1.6000e+02 3.0000e+01 -1.1185e+00
1.6000e+02 4.0000e+01 2.9372e-01
1.6000e+02 5.0000e+01 -2.2937e+00
1.6000e+02 6.0000e+01 -2.5904e+00
1.6000e+02 7.0000e+01 7.3088e-02
1.6000e+02 8.0000e+01 2.5945e-01
1.6000e+02 9.0000e+01 -1.1022e+00
1.6000e+02 1.0000e+02 1.9914e-03
1.6000e+02 1.1000e+02 3.7131e+00
1.6000e+02 1.2000e+02 -1.4246e-01
1.6000e+02 1.3000e+02 2.4436e+00
1.6000e+02 1.4000e+02 2.1951e+00
1.6000e+02 1.5000e+02 -2.4438e+00
1.6000e+02 1.6000e+02 -1.5898e+00
1.6000e+02 1.7000e+02 2.8474e-01
1.6000e+02 1.8000e+02 -8.4939e-01
1.6000e+02 1.9000e+02 1.1438e+00
1.6000e+02 2.0000e+02 -3.0451e-01
1.7000e+02 -2.0000e+02 1.1730e+00
1.7000e+02 -1.9000e+02 1.1585e-01
1.7000e+02 -1.8000e+02 -1.6909e+00
1.7000e+02 -1.7000e+02 -8.6383e-01
1.7000e+02 -1.6000e+02 9.9683e-01
1.7000e+02 -1.5000e+02 8.8721e-01
1.7000e+02 -1.4000e+02 -2.3337e+00
1.7000e+02 -1.3000e+02 -1.2485e+00
1.7000e+02 -1.2000e+02 -2.1198e+00
1.7000e+02 -1.1000e+02 -2.0968e-01
1.7000e+02 -1.0000e+02 3.8715e-01
1.7000e+02 -9.0000e+01 2.1058e-01
1.7000e+02 -8.0000e+01 1.8017e+00
1.7000e+02 -7.0000e+01 5.6380e-01
1.7000e+02 -6.0000e+01 -1.9963e+00
1.7000e+02 -5.0000e+01 8.2327e-01
1.7000e+02 -4.0000e+01 6.2529e-01
1.7000e+02 -3.0000e+01 2.0973e+00
1.7000e+02 -2.0000e+01 2.7459e+00
1.7000e+02 -1.0000e+01 2.1435e-01
1.7000e+02 0.0000e+00 -2.0439e+00
1.7000e+02 1.0000e+01 1.6577e+00
1.7000e+02 2.0000e+01 2.6196e+00
1.7000e+02 3.0000e+01 1.3449e+00
1.7000e+02 4.0000e+01 4.6635e-01
1.7000e+02 5.0000e+01 -5.5338e-01
1.7000e+02 6.0000e+01 -1.2341e+00
1.7000e+02 7.0000e+01 -1.3003e+00
1.7000e+02 8.0000e+01 -3.8821e+00
1.7000e+02 9.0000e+01 -9.3595e-01
1.7000e+02 1.0000e+02 1.7587e+00
1.7000e+02 1.1000e+02 1.2391e+00
1.7000e+02 1.2000e+02 -5.9693e-02
1.7000e+02 1.3000e+02 1.8781e+00
1.7000e+02 1.4000e+02 4.2034e-01
1.7000e+02 1.5000e+02 -1.2156e+00
1.7000e+02 1.6000e+02 4.6148e+00
1.7000e+02 1.7000e+02 -6.4421e-01
1.7000e+02 1.8000e+02 2.5041e+00
1.7000e+02 1.9000e+02 -2.9816e+00
1.7000e+02 2.0000e+02 2.6722e+00
1.8000e+02 -2.0000e+02 2.5291e-01
1.8000e+02 -1.9000e+02 -1.1283e+00
1.8000e+02 -1.8000e+02 9.9003e-01
1.8000e+02 -1.7000e+02 -2.0076e+00
1.8000e+02 -1.6000e+02 -5.9839e-01
1.8000e+02 -1.5000e+02 -4.7595e-01
1.8000e+02 -1.4000e+02 -1.1497e+00
1.8000e+02 -1.3000e+02 -8.9630e-01
1.8000e+02 -1.2000e+02 -4.8725e-01
1.8000e+02 -1.1000e+02 7.1302e-01
1.8000e+02 -1.0000e+02 3.4600e-02
1.8000e+02 -9.0000e+01 -3.0585e-01
1.8000e+02 -8.0000e+01 1.9725e+00
1.8000e+02 -7.0000e+01 -7.0553e-01
1.8000e+02 -6.0000e+01 -1.8665e+00
1.8000e+02 -5.0000e+01 1.5247e+00
1.8000e+02 -4.0000e+01 8.3169e-01
1.8000e+02 -3.0000e+01 -1.0454e-01
1.8000e+02 -2.0000e+01 -1.5809e+00
1.8000e+02 -1.0000e+01 1.7659e+00
1.8000e+02 0.0000e+00 3.7956e-01
1.8000e+02 1.0000e+01 -1.0848e+00
1.8000e+02 2.0000e+01 3.3915e-01
1.8000e+02 3.0000e+01 -2.2790e-01
1.8000e+02 4.0000e+01 -1.8801e+00
1.8000e+02 5.0000e+01 4.0289e-02
1.8000e+02 6.0000e+01 1.9239e-01
1.8000e+02 7.0000e+01 -8.0371e-01
1.8000e+02 8.0000e+01 2.3861e+00
1.8000e+02 9.0000e+01 -1.3300e+00
1.8000e+02 1.0000e+02 4.1748e-01
1.8000e+02 1.1000e+02 3.2099e-01
1.8000e+02 1.2000e+02 -2.1089e+00
1.8000e+02 1.3000e+02 1.4974e+00
1.8000e+02 1.4000e+02 -1.7996e-01
1.8000e+02 1.5000e+02 -1.1289e+00
1.8000e+02 1.6000e+02 1.3079e+00
1.8000e+02 1.7000e+02 2.0399e-01
1.8000e+02 1.8000e+02 6.0377e-01
1.8000e+02 1.9000e+02 -1.6668e+00
1.8000e+02 2.0000e+02 -3.5888e-01
1.9000e+02 -2.0000e+02 1.1389e-01
1.9000e+02 -1.9000e+02 -2.2904e+00
1.9000e+02 -1.8000e+02 2.3123e-01
1.9000e+02 -1.7000e+02 1.3194e+00
1.9000e+02 -1.6000e+02 -1.3907e-01
1.9000e+02 -1.5000e+02 -5.9271e-01
1.9000e+02 -1.4000e+02 -8.0232e-01
1.9000e+02 -1.3000e+02 -1.8687e-01
1.9000e+02 -1.2000e+02 1.5799e+00
1.9000e+02 -1.1000e+02 7.5858e-01
1.9000e+02 -1.0000e+02 2.1242e-01
1.9000e+02 -9.0000e+01 8.8388e-01
1.9000e+02 -8.0000e+01 1.3747e+00
1.9000e+02 -7.0000e+01 -2.3041e-01
1.9000e+02 -6.0000e+01 -1.0913e+00
1.9000e+02 -5.0000e+01 -9.3069e-01
1.9000e+02 -4.0000e+01 1.9485e-01
1.9000e+02 -3.0000e+01 -1.3062e+00
1.9000e+02 -2.0000e+01 1.6875e+00
1.9000e+02 -1.0000e+01 2.9167e+00
1.9000e+02 0.0000e+00 -9.1847e-01
1.9000e+02 1.0000e+01 2.7592e-01
1.9000e+02 2.0000e+01 -1.3557e+00
1.9000e+02 3.0000e+01 4.0887e-01
1.9000e+02 4.0000e+01 -1.0502e+00
1.9000e+02 5.0000e+01 1.2047e+00
1.9000e+02 6.0000e+01 4.6750e-01
1.9000e+02 7.0000e+01 2.0101e+00
1.9000e+02 8.0000e+01 1.8173e+00
1.9000e+02 9.0000e+01 2.0034e+00
1.9000e+02 1.0000e+02 2.4145e+00
1.9000e+02 1.1000e+02 6.6633e-01
1.9000e+02 1.2000e+02 1.6854e+00
1.9000e+02 1.3000e+02 7.2096e-01
1.9000e+02 1.4000e+02 1.1187e+00
1.9000e+02 1.5000e+02 1.6871e+00
1.9000e+02 1.6000e+02 -6.0219e-01
1.9000e+02 1.7000e+02 -5.2337e-01
1.9000e+02 1.8000e+02 1.8097e+00
1.9000e+02 1.9000e+02 2.0930e+00
1.9000e+02 2.0000e+02 -3.3620e-01
2.0000e+02 -2.0000e+02 -7.1411e-01
2.0000e+02 -1.9000e+02 -1.7881e+00
2.0000e+02 -1.8000e+02 -1.5658e-01
2.0000e+02 -1.7000e+02 -2.0886e+00
2.0000e+02 -1.6000e+02 4.4160e-01
2.0000e+02 -1.5000e+02 -4.5984e-01
2.0000e+02 -1.4000e+02 1.7629e+00
2.0000e+02 -1.3000e+02 7.2813e-01
2.0000e+02 -1.2000e+02 1.3529e-01
2.0000e+02 -1.1000e+02 7.9658e-01
2.0000e+02 -1.0000e+02 1.0920e+00
2.0000e+02 -9.0000e+01 4.4621e-01
2.0000e+02 -8.0000e+01 8.1245e-01
2.0000e+02 -7.0000e+01 -1.1776e+00
2.0000e+02 -6.0000e+01 2.2758e+00
2.0000e+02 -5.0000e+01 9.2423e-01
2.0000e+02 -4.0000e+01 9.9449e-01
2.0000e+02 -3.0000e+01 1.6906e+00
2.0000e+02 -2.0000e+01 3.5101e-01
2.0000e+02 -1.0000e+01 2.6660e+00
2.0000e+02 0.0000e+00 2.2359e+00
2.0000e+02 1.0000e+01 -2.0278e+00
2.0000e+02 2.0000e+01 4.1616e-01
2.0000e+02 3.0000e+01 -1.4310e+00
2.0000e+02 4.0000e+01 1.4283e+00
2.0000e+02 5.0000e+01 3.7242e-01
2.0000e+02 6.0000e+01 2.9014e-01
2.0000e+02 7.0000e+01 7.4606e-01
2.0000e+02 8.0000e+01 -6.3854e-01
2.0000e+02 9.0000e+01 -7.6084e-01
2.0000e+02 1.0000e+02 5.5393e+00
2.0000e+02 1.1000e+02 2.9851e-01
2.0000e+02 1.2000e+02 -3.0940e-01
2.0000e+02 1.3000e+02 -2.1346e-01
2.0000e+02 1.4000e+02 9.2925e-01
2.0000e+02 1.5000e+02 -1.7463e+00
2.0000e+02 1.6000e+02 -5.0841e-01
2.0000e+02 1.7000e+02 3.4424e-01
2.0000e+02 1.8000e+02 -1.1797e+00
2.0000e+02 1.9000e+02 7.0729e-01
2.0000e+02 2.0000e+02 5.1342e-01
