-2.0000e+02 -2.0000e+02 -1.6835e+00
-2.0000e+02 -1.9000e+02 -5.6808e-01
-2.0000e+02 -1.8000e+02 -9.7682e-01
-2.0000e+02 -1.7000e+02 -2.9274e-01
-2.0000e+02 -1.6000e+02 -4.7447e-01
-2.0000e+02 -1.5000e+02 -1.7383e-01
-2.0000e+02 -1.4000e+02 -2.5859e+00
-2.0000e+02 -1.3000e+02 1.0393e+00
-2.0000e+02 -1.2000e+02 -1.8851e+00
-2.0000e+02 -1.1000e+02 1.1609e+00
-2.0000e+02 -1.0000e+02 7.3301e-01
-2.0000e+02 -9.0000e+01 3.0820e-02
-2.0000e+02 -8.0000e+01 9.0470e-01
-2.0000e+02 -7.0000e+01 3.9253e-01
-2.0000e+02 -6.0000e+01 3.0372e+00
-2.0000e+02 -5.0000e+01 1.0205e+00
-2.0000e+02 -4.0000e+01 -7.2132e-01
-2.0000e+02 -3.0000e+01 5.1776e-01
-2.0000e+02 -2.0000e+01 3.1441e+00
-2.0000e+02 -1.0000e+01 -2.3755e+00
-2.0000e+02 0.0000e+00 3.4009e-01
-2.0000e+02 1.0000e+01 -1.7510e+00
-2.0000e+02 2.0000e+01 7.3913e-02
-2.0000e+02 3.0000e+01 -2.2424e-01
-2.0000e+02 4.0000e+01 -1.9176e+00
-2.0000e+02 5.0000e+01 1.7692e+00
-2.0000e+02 6.0000e+01 -1.3257e+00
-2.0000e+02 7.0000e+01 -1.3217e+00
-2.0000e+02 8.0000e+01 -3.7680e-01
-2.0000e+02 9.0000e+01 -1.7919e+00
-2.0000e+02 1.0000e+02 1.2636e+00
-2.0000e+02 1.1000e+02 -9.1620e-01
-2.0000e+02 1.2000e+02 2.3071e+00
-2.0000e+02 1.3000e+02 -1.0933e+00
-2.0000e+02 1.4000e+02 1.3579e+00
-2.0000e+02 1.5000e+02 7.5216e-01
-2.0000e+02 1.6000e+02 1.4754e-01
-2.0000e+02 1.7000e+02 1.3616e-01
-2.0000e+02 1.8000e+02 3.0405e+00
-2.0000e+02 1.9000e+02 -2.4144e+00
-2.0000e+02 2.0000e+02 6.5221e-01
-1.9000e+02 -2.0000e+02 1.4242e+00
-1.9000e+02 -1.9000e+02 1.4522e+00
-1.9000e+02 -1.8000e+02 -3.0592e+00
-1.9000e+02 -1.7000e+02 5.9376e-02
-1.9000e+02 -1.6000e+02 8.6325e-01
-1.9000e+02 -1.5000e+02 1.1588e-01
-1.9000e+02 -1.4000e+02 -2.1234e-01
-1.9000e+02 -1.3000e+02 7.1806e-01
-1.9000e+02 -1.2000e+02 -1.7054e+00
-1.9000e+02 -1.1000e+02 -1.5260e+00
-1.9000e+02 -1.0000e+02 1.3758e+00
-1.9000e+02 -9.0000e+01 -1.7006e+00
-1.9000e+02 -8.0000e+01 -2.4396e+00
-1.9000e+02 -7.0000e+01 -2.1771e+00
-1.9000e+02 -6.0000e+01 -1.3195e+00
-1.9000e+02 -5.0000e+01 2.4316e-01
-1.9000e+02 -4.0000e+01 1.3095e+00
-1.9000e+02 -3.0000e+01 7.2397e-01
-1.9000e+02 -2.0000e+01 1.3183e+00
-1.9000e+02 -1.0000e+01 -9.9114e-01
-1.9000e+02 0.0000e+00 1.9810e+00
-1.9000e+02 1.0000e+01 1.3177e+00
-1.9000e+02 2.0000e+01 1.5816e+00
-1.9000e+02 3.0000e+01 -4.1774e-01
-1.9000e+02 4.0000e+01 1.4473e+00
-1.9000e+02 5.0000e+01 -4.8472e-01
-1.9000e+02 6.0000e+01 2.0237e+00
-1.9000e+02 7.0000e+01 1.9073e+00
-1.9000e+02 8.0000e+01 1.6710e+00
-1.9000e+02 9.0000e+01 -7.1519e-02
-1.9000e+02 1.0000e+02 -1.0825e+00
-1.9000e+02 1.1000e+02 2.4894e+00
-1.9000e+02 1.2000e+02 2.1164e+00
-1.9000e+02 1.3000e+02 2.5957e+00
-1.9000e+02 1.4000e+02 -8.1753e-01
-1.9000e+02 1.5000e+02 -1.0050e-01
-1.9000e+02 1.6000e+02 -1.8122e+00
-1.9000e+02 1.7000e+02 -1.5099e-03
-1.9000e+02 1.8000e+02 -5.3905e-01
-1.9000e+02 1.9000e+02 -5.9281e-01
-1.9000e+02 2.0000e+02 9.0593e-01
-1.8000e+02 -2.0000e+02 -9.5501e-01
-1.8000e+02 -1.9000e+02 1.9445e+00
-1.8000e+02 -1.8000e+02 -6.1843e-01
-1.8000e+02 -1.7000e+02 -6.2788e-01
-1.8000e+02 -1.6000e+02 1.4312e+00
-1.8000e+02 -1.5000e+02 -6.5951e-01
-1.8000e+02 -1.4000e+02 3.1188e+00
-1.8000e+02 -1.3000e+02 1.2818e+00
-1.8000e+02 -1.2000e+02 1.9449e-01
-1.8000e+02 -1.1000e+02 1.0625e+00
-1.8000e+02 -1.0000e+02 -5.1779e-01
-1.8000e+02 -9.0000e+01 -1.1471e+00
-1.8000e+02 -8.0000e+01 1.8182e+00
-1.8000e+02 -7.0000e+01 -2.2518e+00
-1.8000e+02 -6.0000e+01 2.4508e+00
-1.8000e+02 -5.0000e+01 -1.2791e+00
-1.8000e+02 -4.0000e+01 -1.9694e+00
-1.8000e+02 -3.0000e+01 2.9948e+00
-1.8000e+02 -2.0000e+01 -8.5386e-01
-1.8000e+02 -1.0000e+01 7.1535e-01
-1.8000e+02 0.0000e+00 -3.0774e-01
-1.8000e+02 1.0000e+01 -3.0968e+00
-1.8000e+02 2.0000e+01 2.6689e+00
-1.8000e+02 3.0000e+01 8.4381e-01
-1.8000e+02 4.0000e+01 -4.3684e-01
-1.8000e+02 5.0000e+01 -1.9341e+00
-1.8000e+02 6.0000e+01 -1.0515e+00
-1.8000e+02 7.0000e+01 1.9470e-01
-1.8000e+02 8.0000e+01 -1.4431e+00
-1.8000e+02 9.0000e+01 -6.4298e-01
-1.8000e+02 1.0000e+02 -3.5721e+00
-1.8000e+02 1.1000e+02 9.6995e-01
-1.8000e+02 1.2000e+02 -6.6082e-01
-1.8000e+02 1.3000e+02 -3.1682e-01
-1.8000e+02 1.4000e+02 -1.0815e+00
-1.8000e+02 1.5000e+02 -5.2980e-01
-1.8000e+02 1.6000e+02 -2.2404e+00
-1.8000e+02 1.7000e+02 1.5824e+00
-1.8000e+02 1.8000e+02 8.1230e-01
-1.8000e+02 1.9000e+02 -7.9563e-02
-1.8000e+02 2.0000e+02 -1.0262e-01
-1.7000e+02 -2.0000e+02 -1.8155e-01
-1.7000e+02 -1.9000e+02 2.7768e+00
-1.7000e+02 -1.8000e+02 -3.1207e+00
-1.7000e+02 -1.7000e+02 2.6536e+00
-1.7000e+02 -1.6000e+02 6.0142e-01
-1.7000e+02 -1.5000e+02 -1.6124e+00
-1.7000e+02 -1.4000e+02 1.2813e+00
-1.7000e+02 -1.3000e+02 1.3219e+00
-1.7000e+02 -1.2000e+02 -5.5643e-01
-1.7000e+02 -1.1000e+02 1.2680e-01
-1.7000e+02 -1.0000e+02 6.9148e-02
-1.7000e+02 -9.0000e+01 -9.0229e-01
-1.7000e+02 -8.0000e+01 3.8618e+00
-1.7000e+02 -7.0000e+01 3.4437e+00
-1.7000e+02 -6.0000e+01 7.2932e-01
-1.7000e+02 -5.0000e+01 8.9454e-01
-1.7000e+02 -4.0000e+01 -2.5544e+00
-1.7000e+02 -3.0000e+01 -5.6970e-01
-1.7000e+02 -2.0000e+01 1.7401e+00
-1.7000e+02 -1.0000e+01 1.4638e-01
-1.7000e+02 0.0000e+00 1.2771e+00
-1.7000e+02 1.0000e+01 -5.2649e-01
-1.7000e+02 2.0000e+01 -1.1470e+00
-1.7000e+02 3.0000e+01 -1.4412e-01
-1.7000e+02 4.0000e+01 -1.4530e+00
-1.7000e+02 5.0000e+01 1.2528e+00
-1.7000e+02 6.0000e+01 7.4205e-01
-1.7000e+02 7.0000e+01 -1.7642e+00
-1.7000e+02 8.0000e+01 1.5255e+00
-1.7000e+02 9.0000e+01 1.8830e-01
-1.7000e+02 1.0000e+02 -1.1413e+00
-1.7000e+02 1.1000e+02 1.7313e+00
-1.7000e+02 1.2000e+02 3.9547e-01
-1.7000e+02 1.3000e+02 2.3284e+00
-1.7000e+02 1.4000e+02 -2.6187e-01
-1.7000e+02 1.5000e+02 -1.0409e-01
-1.7000e+02 1.6000e+02 3.1026e-01
-1.7000e+02 1.7000e+02 2.3154e+00
-1.7000e+02 1.8000e+02 -3.0121e-02
-1.7000e+02 1.9000e+02 6.2934e-01
-1.7000e+02 2.0000e+02 -4.9704e-01
-1.6000e+02 -2.0000e+02 -2.3324e-01
-1.6000e+02 -1.9000e+02 -8.9726e-01
-1.6000e+02 -1.8000e+02 4.3561e-03
-1.6000e+02 -1.7000e+02 8.5424e-01
-1.6000e+02 -1.6000e+02 -8.2330e-02
-1.6000e+02 -1.5000e+02 4.1234e-01
-1.6000e+02 -1.4000e+02 -2.6819e+00
-1.6000e+02 -1.3000e+02 -5.1708e-01
-1.6000e+02 -1.2000e+02 -1.0388e+00
-1.6000e+02 -1.1000e+02 1.2684e-01
-1.6000e+02 -1.0000e+02 -1.1371e+00
-1.6000e+02 -9.0000e+01 -1.9703e+00
-1.6000e+02 -8.0000e+01 2.8631e-01
-1.6000e+02 -7.0000e+01 2.6840e+00
-1.6000e+02 -6.0000e+01 -2.0700e+00
-1.6000e+02 -5.0000e+01 1.8194e+00
-1.6000e+02 -4.0000e+01 1.7451e+00
-1.6000e+02 -3.0000e+01 -3.9947e+00
-1.6000e+02 -2.0000e+01 2.8512e-01
-1.6000e+02 -1.0000e+01 2.9528e-01
-1.6000e+02 0.0000e+00 1.1707e+00
-1.6000e+02 1.0000e+01 -1.1583e+00
-1.6000e+02 2.0000e+01 -1.1091e+00
-1.6000e+02 3.0000e+01 -3.3280e+00
-1.6000e+02 4.0000e+01 1.6872e+00
-1.6000e+02 5.0000e+01 1.3004e-01
-1.6000e+02 6.0000e+01 1.6569e+00
-1.6000e+02 7.0000e+01 -9.2465e-01
-1.6000e+02 8.0000e+01 -5.3729e-01
-1.6000e+02 9.0000e+01 -2.3499e-01
-1.6000e+02 1.0000e+02 1.3954e+00
-1.6000e+02 1.1000e+02 1.5326e+00
-1.6000e+02 1.2000e+02 -1.2203e+00
-1.6000e+02 1.3000e+02 -4.2367e-01
-1.6000e+02 1.4000e+02 6.0183e-01
-1.6000e+02 1.5000e+02 1.5220e-01
-1.6000e+02 1.6000e+02 -9.8704e-01
-1.6000e+02 1.7000e+02 9.7734e-01
-1.6000e+02 1.8000e+02 -1.7596e+00
-1.6000e+02 1.9000e+02 -3.5704e-01
-1.6000e+02 2.0000e+02 -2.2065e+00
-1.5000e+02 -2.0000e+02 -1.3357e+00
-1.5000e+02 -1.9000e+02 -4.0980e-01
-1.5000e+02 -1.8000e+02 -4.0404e+00
-1.5000e+02 -1.7000e+02 -2.5382e+00
-1.5000e+02 -1.6000e+02 -4.0515e-01
-1.5000e+02 -1.5000e+02 -4.5913e-02
-1.5000e+02 -1.4000e+02 1.0353e-01
-1.5000e+02 -1.3000e+02 -1.8359e+00
-1.5000e+02 -1.2000e+02 4.5295e-01
-1.5000e+02 -1.1000e+02 -2.2409e+00
-1.5000e+02 -1.0000e+02 7.2721e-01
-1.5000e+02 -9.0000e+01 -5.8090e-01
-1.5000e+02 -8.0000e+01 -3.0420e+00
-1.5000e+02 -7.0000e+01 -2.1100e+00
-1.5000e+02 -6.0000e+01 1.9748e+00
-1.5000e+02 -5.0000e+01 -9.8421e-01
-1.5000e+02 -4.0000e+01 -2.6862e+00
-1.5000e+02 -3.0000e+01 -1.4830e+00
-1.5000e+02 -2.0000e+01 8.7842e-01
-1.5000e+02 -1.0000e+01 2.2024e-01
-1.5000e+02 0.0000e+00 -1.6818e+00
-1.5000e+02 1.0000e+01 5.3380e-01
-1.5000e+02 2.0000e+01 -3.1803e+00
-1.5000e+02 3.0000e+01 -2.6460e-02
-1.5000e+02 4.0000e+01 2.7903e+00
-1.5000e+02 5.0000e+01 -1.2107e+00
-1.5000e+02 6.0000e+01 -2.3570e+00
-1.5000e+02 7.0000e+01 -7.8142e-02
-1.5000e+02 8.0000e+01 1.4308e-01
-1.5000e+02 9.0000e+01 -1.1596e+00
-1.5000e+02 1.0000e+02 -1.7018e+00
-1.5000e+02 1.1000e+02 -2.8312e-01
-1.5000e+02 1.2000e+02 1.7114e+00
-1.5000e+02 1.3000e+02 -6.4924e-01
-1.5000e+02 1.4000e+02 -1.1980e+00
-1.5000e+02 1.5000e+02 -3.4787e-01
-1.5000e+02 1.6000e+02 -5.5646e-01
-1.5000e+02 1.7000e+02 5.2086e-01
-1.5000e+02 1.8000e+02 -1.2491e-01
-1.5000e+02 1.9000e+02 -3.3107e-02
-1.5000e+02 2.0000e+02 -4.1790e-01
-1.4000e+02 -2.0000e+02 -3.6450e-01
-1.4000e+02 -1.9000e+02 -2.4092e+00
-1.4000e+02 -1.8000e+02 -1.7057e+00
-1.4000e+02 -1.7000e+02 -1.1167e+00
-1.4000e+02 -1.6000e+02 6.4591e-01
-1.4000e+02 -1.5000e+02 -1.1022e+00
-1.4000e+02 -1.4000e+02 -1.2604e+00
-1.4000e+02 -1.3000e+02 3.4767e+00
-1.4000e+02 -1.2000e+02 -1.1230e+00
-1.4000e+02 -1.1000e+02 1.7479e-01
-1.4000e+02 -1.0000e+02 -1.0364e+00
-1.4000e+02 -9.0000e+01 -4.0705e-01
-1.4000e+02 -8.0000e+01 -1.8953e+00
-1.4000e+02 -7.0000e+01 -5.7169e-01
-1.4000e+02 -6.0000e+01 1.1406e+00
-1.4000e+02 -5.0000e+01 -3.0637e-01
-1.4000e+02 -4.0000e+01 -7.2177e-01
-1.4000e+02 -3.0000e+01 -2.4360e+00
-1.4000e+02 -2.0000e+01 2.9288e-01
-1.4000e+02 -1.0000e+01 -1.2207e+00
-1.4000e+02 0.0000e+00 2.1228e+00
-1.4000e+02 1.0000e+01 1.4355e+00
-1.4000e+02 2.0000e+01 -1.9925e+00
-1.4000e+02 3.0000e+01 -1.1583e+00
-1.4000e+02 4.0000e+01 3.5864e-01
-1.4000e+02 5.0000e+01 -6.3887e-01
-1.4000e+02 6.0000e+01 7.8642e-01
-1.4000e+02 7.0000e+01 -2.7140e+00
-1.4000e+02 8.0000e+01 -9.6900e-01
-1.4000e+02 9.0000e+01 1.4038e+00
-1.4000e+02 1.0000e+02 -2.8381e+00
-1.4000e+02 1.1000e+02 -5.5212e-01
-1.4000e+02 1.2000e+02 -1.2544e+00
-1.4000e+02 1.3000e+02 -4.4704e-02
-1.4000e+02 1.4000e+02 6.4220e-01
-1.4000e+02 1.5000e+02 2.3755e+00
-1.4000e+02 1.6000e+02 -4.0881e-01
-1.4000e+02 1.7000e+02 5.1426e-01
-1.4000e+02 1.8000e+02 1.2918e+00
-1.4000e+02 1.9000e+02 -1.1556e+00
-1.4000e+02 2.0000e+02 2.2770e+00
-1.3000e+02 -2.0000e+02 7.7903e-01
-1.3000e+02 -1.9000e+02 1.8314e+00
-1.3000e+02 -1.8000e+02 2.4365e+00
-1.3000e+02 -1.7000e+02 -1.9247e+00
-1.3000e+02 -1.6000e+02 1.5232e+00
-1.3000e+02 -1.5000e+02 -4.2764e-01
-1.3000e+02 -1.4000e+02 -7.3197e-01
-1.3000e+02 -1.3000e+02 -2.6082e+00
-1.3000e+02 -1.2000e+02 1.9545e+00
-1.3000e+02 -1.1000e+02 -1.5351e-01
-1.3000e+02 -1.0000e+02 2.0265e+00
-1.3000e+02 -9.0000e+01 -2.6767e+00
-1.3000e+02 -8.0000e+01 8.3951e-01
-1.3000e+02 -7.0000e+01 -2.1360e+00
-1.3000e+02 -6.0000e+01 -1.1728e+00
-1.3000e+02 -5.0000e+01 -3.1776e+00
-1.3000e+02 -4.0000e+01 -9.8688e-01
-1.3000e+02 -3.0000e+01 -4.2796e-01
-1.3000e+02 -2.0000e+01 -2.8663e+00
-1.3000e+02 -1.0000e+01 2.2121e+00
-1.3000e+02 0.0000e+00 8.7034e-01
-1.3000e+02 1.0000e+01 -2.4236e+00
-1.3000e+02 2.0000e+01 -1.4106e+00
-1.3000e+02 3.0000e+01 -1.9862e+00
-1.3000e+02 4.0000e+01 -8.1969e-01
-1.3000e+02 5.0000e+01 -1.6343e+00
-1.3000e+02 6.0000e+01 1.3440e+00
-1.3000e+02 7.0000e+01 -5.4680e-01
-1.3000e+02 8.0000e+01 -2.4133e+00
-1.3000e+02 9.0000e+01 -3.0499e+00
-1.3000e+02 1.0000e+02 1.9334e+00
-1.3000e+02 1.1000e+02 -1.0292e+00
-1.3000e+02 1.2000e+02 -8.3939e-01
-1.3000e+02 1.3000e+02 -7.4898e-01
-1.3000e+02 1.4000e+02 -1.1818e+00
-1.3000e+02 1.5000e+02 1.6485e+00
-1.3000e+02 1.6000e+02 1.7743e+00
-1.3000e+02 1.7000e+02 3.5659e-01
-1.3000e+02 1.8000e+02 3.4516e-02
-1.3000e+02 1.9000e+02 -2.9523e-02
-1.3000e+02 2.0000e+02 -4.2706e+00
-1.2000e+02 -2.0000e+02 -4.9235e-02
-1.2000e+02 -1.9000e+02 -1.1684e+00
-1.2000e+02 -1.8000e+02 2.1218e+00
-1.2000e+02 -1.7000e+02 1.0034e+00
-1.2000e+02 -1.6000e+02 2.7360e+00
-1.2000e+02 -1.5000e+02 2.6130e+00
-1.2000e+02 -1.4000e+02 -1.1316e+00
-1.2000e+02 -1.3000e+02 7.6530e-01
-1.2000e+02 -1.2000e+02 2.1508e+00
-1.2000e+02 -1.1000e+02 -5.7524e-01
-1.2000e+02 -1.0000e+02 2.1640e+00
-1.2000e+02 -9.0000e+01 9.8537e-01
-1.2000e+02 -8.0000e+01 -1.0065e+00
-1.2000e+02 -7.0000e+01 -9.6954e-01
-1.2000e+02 -6.0000e+01 -2.8434e-01
-1.2000e+02 -5.0000e+01 -3.2212e+00
-1.2000e+02 -4.0000e+01 -2.5929e+00
-1.2000e+02 -3.0000e+01 -3.4028e+00
-1.2000e+02 -2.0000e+01 2.0527e+00
-1.2000e+02 -1.0000e+01 -1.6092e+00
-1.2000e+02 0.0000e+00 2.5692e-02
-1.2000e+02 1.0000e+01 -2.0163e+00
-1.2000e+02 2.0000e+01 -1.4899e+00
-1.2000e+02 3.0000e+01 -5.3081e+00
-1.2000e+02 4.0000e+01 -1.2917e+00
-1.2000e+02 5.0000e+01 -1.9809e+00
-1.2000e+02 6.0000e+01 -3.3674e-02
-1.2000e+02 7.0000e+01 6.8193e-01
-1.2000e+02 8.0000e+01 -1.3772e+00
-1.2000e+02 9.0000e+01 2.2158e+00
-1.2000e+02 1.0000e+02 -6.3730e-01
-1.2000e+02 1.1000e+02 -1.0117e+00
-1.2000e+02 1.2000e+02 1.1653e+00
-1.2000e+02 1.3000e+02 9.3262e-01
-1.2000e+02 1.4000e+02 -5.2168e-02
-1.2000e+02 1.5000e+02 1.8505e+00
-1.2000e+02 1.6000e+02 1.6734e+00
-1.2000e+02 1.7000e+02 -6.6366e-01
-1.2000e+02 1.8000e+02 8.9904e-01
-1.2000e+02 1.9000e+02 -6.4492e-01
-1.2000e+02 2.0000e+02 3.3288e+00
-1.1000e+02 -2.0000e+02 -1.5042e+00
-1.1000e+02 -1.9000e+02 9.5300e-02
-1.1000e+02 -1.8000e+02 -2.5394e-02
-1.1000e+02 -1.7000e+02 -4.3211e-01
-1.1000e+02 -1.6000e+02 3.8485e-01
-1.1000e+02 -1.5000e+02 -3.2867e-01
-1.1000e+02 -1.4000e+02 -2.7181e-02
-1.1000e+02 -1.3000e+02 -1.6170e-01
-1.1000e+02 -1.2000e+02 -9.4031e-01
-1.1000e+02 -1.1000e+02 1.6770e+00
-1.1000e+02 -1.0000e+02 -3.0650e-01
-1.1000e+02 -9.0000e+01 -2.9335e+00
-1.1000e+02 -8.0000e+01 -3.1591e+00
-1.1000e+02 -7.0000e+01 -6.8749e-01
-1.1000e+02 -6.0000e+01 -1.9829e+00
-1.1000e+02 -5.0000e+01 -1.0421e+00
-1.1000e+02 -4.0000e+01 -1.3679e+00
-1.1000e+02 -3.0000e+01 -2.0682e+00
-1.1000e+02 -2.0000e+01 -1.8786e+00
-1.1000e+02 -1.0000e+01 -3.5269e+00
-1.1000e+02 0.0000e+00 -2.2342e+00
-1.1000e+02 1.0000e+01 -2.2706e+00
-1.1000e+02 2.0000e+01 -1.1770e+00
-1.1000e+02 3.0000e+01 -2.1101e-01
-1.1000e+02 4.0000e+01 -3.2509e+00
-1.1000e+02 5.0000e+01 -1.1631e+00
-1.1000e+02 6.0000e+01 -5.0014e+00
-1.1000e+02 7.0000e+01 -2.1794e+00
-1.1000e+02 8.0000e+01 7.3217e-01
-1.1000e+02 9.0000e+01 1.6908e+00
-1.1000e+02 1.0000e+02 -1.8192e-01
-1.1000e+02 1.1000e+02 -3.3576e+00
-1.1000e+02 1.2000e+02 2.0958e+00
-1.1000e+02 1.3000e+02 -8.7836e-01
-1.1000e+02 1.4000e+02 -8.2901e-01
-1.1000e+02 1.5000e+02 6.9507e-01
-1.1000e+02 1.6000e+02 -9.2912e-01
-1.1000e+02 1.7000e+02 1.8370e+00
-1.1000e+02 1.8000e+02 1.2188e+00
-1.1000e+02 1.9000e+02 2.0698e+00
-1.1000e+02 2.0000e+02 1.5145e+00
-1.0000e+02 -2.0000e+02 5.3193e-01
-1.0000e+02 -1.9000e+02 -1.5759e+00
-1.0000e+02 -1.8000e+02 1.5096e-01
-1.0000e+02 -1.7000e+02 2.9571e-02
-1.0000e+02 -1.6000e+02 -7.9752e-01
-1.0000e+02 -1.5000e+02 -5.6226e-01
-1.0000e+02 -1.4000e+02 3.2349e-01
-1.0000e+02 -1.3000e+02 1.0932e+00
-1.0000e+02 -1.2000e+02 -1.7227e+00
-1.0000e+02 -1.1000e+02 -1.5375e+00
-1.0000e+02 -1.0000e+02 -3.1769e+00
-1.0000e+02 -9.0000e+01 4.8461e-01
-1.0000e+02 -8.0000e+01 -1.5495e+00
-1.0000e+02 -7.0000e+01 -2.3247e+00
-1.0000e+02 -6.0000e+01 -3.8101e+00
-1.0000e+02 -5.0000e+01 -1.9520e+00
-1.0000e+02 -4.0000e+01 -1.8338e+00
-1.0000e+02 -3.0000e+01 -3.0212e+00
-1.0000e+02 -2.0000e+01 -5.2392e+00
-1.0000e+02 -1.0000e+01 -6.7778e+00
-1.0000e+02 0.0000e+00 -7.7600e+00
-1.0000e+02 1.0000e+01 -2.5592e+00
-1.0000e+02 2.0000e+01 -1.9351e+00
-1.0000e+02 3.0000e+01 -1.8694e+00
-1.0000e+02 4.0000e+01 -3.3563e+00
-1.0000e+02 5.0000e+01 -1.9237e+00
-1.0000e+02 6.0000e+01 -4.3023e-03
-1.0000e+02 7.0000e+01 -2.6565e+00
-1.0000e+02 8.0000e+01 -9.7097e-01
-1.0000e+02 9.0000e+01 -1.2156e+00
-1.0000e+02 1.0000e+02 5.2297e-01
-1.0000e+02 1.1000e+02 -6.3641e-01
-1.0000e+02 1.2000e+02 -3.1356e+00
-1.0000e+02 1.3000e+02 -5.5936e-01
-1.0000e+02 1.4000e+02 -7.0037e-01
-1.0000e+02 1.5000e+02 -1.5662e+00
-1.0000e+02 1.6000e+02 -8.5945e-01
-1.0000e+02 1.7000e+02 -1.8869e-01
-1.0000e+02 1.8000e+02 1.2981e+00
-1.0000e+02 1.9000e+02 7.0825e-01
-1.0000e+02 2.0000e+02 3.0669e-02
-9.0000e+01 -2.0000e+02 1.0376e+00
-9.0000e+01 -1.9000e+02 -2.0853e-01
-9.0000e+01 -1.8000e+02 1.2160e+00
-9.0000e+01 -1.7000e+02 5.6259e-01
-9.0000e+01 -1.6000e+02 1.3434e+00
-9.0000e+01 -1.5000e+02 9.4898e-01
-9.0000e+01 -1.4000e+02 -2.4432e+00
-9.0000e+01 -1.3000e+02 5.2713e-02
-9.0000e+01 -1.2000e+02 -1.0777e+00
-9.0000e+01 -1.1000e+02 3.2870e-01
-9.0000e+01 -1.0000e+02 4.2094e-01
-9.0000e+01 -9.0000e+01 -1.5430e+00
-9.0000e+01 -8.0000e+01 -3.8197e+00
-9.0000e+01 -7.0000e+01 -4.9888e+00
-9.0000e+01 -6.0000e+01 -3.7479e+00
-9.0000e+01 -5.0000e+01 -3.1879e+00
-9.0000e+01 -4.0000e+01 -4.1215e+00
-9.0000e+01 -3.0000e+01 -1.8461e+00
-9.0000e+01 -2.0000e+01 -5.7656e+00
-9.0000e+01 -1.0000e+01 -5.4891e+00
-9.0000e+01 0.0000e+00 -4.5548e+00
-9.0000e+01 1.0000e+01 -3.9693e+00
-9.0000e+01 2.0000e+01 -3.3353e+00
-9.0000e+01 3.0000e+01 -4.8249e+00
-9.0000e+01 4.0000e+01 -2.2239e+00
-9.0000e+01 5.0000e+01 -4.2926e-01
-9.0000e+01 6.0000e+01 -3.6086e+00
-9.0000e+01 7.0000e+01 -3.8318e+00
-9.0000e+01 8.0000e+01 -3.4091e+00
-9.0000e+01 9.0000e+01 -1.7430e+00
-9.0000e+01 1.0000e+02 3.8026e-02
-9.0000e+01 1.1000e+02 -9.6330e-01
-9.0000e+01 1.2000e+02 -1.9808e+00
-9.0000e+01 1.3000e+02 3.2150e+00
-9.0000e+01 1.4000e+02 -1.0697e+00
-9.0000e+01 1.5000e+02 2.8080e-02
-9.0000e+01 1.6000e+02 6.9745e-01
-9.0000e+01 1.7000e+02 4.6546e+00
-9.0000e+01 1.8000e+02 3.7791e-01
-9.0000e+01 1.9000e+02 -7.8487e-02
-9.0000e+01 2.0000e+02 -2.5677e+00
-8.0000e+01 -2.0000e+02 1.5691e+00
-8.0000e+01 -1.9000e+02 1.8581e+00
-8.0000e+01 -1.8000e+02 -4.2439e-01
-8.0000e+01 -1.7000e+02 7.5760e-01
-8.0000e+01 -1.6000e+02 -1.3276e+00
-8.0000e+01 -1.5000e+02 -3.4380e+00
-8.0000e+01 -1.4000e+02 -1.5521e+00
-8.0000e+01 -1.3000e+02 1.1469e+00
-8.0000e+01 -1.2000e+02 1.3621e+00
-8.0000e+01 -1.1000e+02 -1.3875e+00
-8.0000e+01 -1.0000e+02 -1.4758e+00
-8.0000e+01 -9.0000e+01 1.2938e+00
-8.0000e+01 -8.0000e+01 -3.7714e+00
-8.0000e+01 -7.0000e+01 -2.8078e+00
-8.0000e+01 -6.0000e+01 -6.2713e-01
-8.0000e+01 -5.0000e+01 -3.3749e+00
-8.0000e+01 -4.0000e+01 -3.9241e+00
-8.0000e+01 -3.0000e+01 -3.5879e+00
-8.0000e+01 -2.0000e+01 -7.6670e+00
-8.0000e+01 -1.0000e+01 -6.5194e+00
-8.0000e+01 0.0000e+00 -4.8963e+00
-8.0000e+01 1.0000e+01 -4.6523e+00
-8.0000e+01 2.0000e+01 -3.9965e+00
-8.0000e+01 3.0000e+01 -2.7847e+00
-8.0000e+01 4.0000e+01 -5.1681e+00
-8.0000e+01 5.0000e+01 -3.8695e+00
-8.0000e+01 6.0000e+01 -2.4546e+00
-8.0000e+01 7.0000e+01 -2.3480e+00
-8.0000e+01 8.0000e+01 -8.3500e-01
-8.0000e+01 9.0000e+01 -2.3372e+00
-8.0000e+01 1.0000e+02 1.3758e+00
-8.0000e+01 1.1000e+02 -1.1680e+00
-8.0000e+01 1.2000e+02 4.7371e-01
-8.0000e+01 1.3000e+02 5.7029e-01
-8.0000e+01 1.4000e+02 1.5917e-01
-8.0000e+01 1.5000e+02 1.0486e+00
-8.0000e+01 1.6000e+02 -2.0044e+00
-8.0000e+01 1.7000e+02 -3.1339e+00
-8.0000e+01 1.8000e+02 -2.8635e+00
-8.0000e+01 1.9000e+02 -2.3498e+00
-8.0000e+01 2.0000e+02 3.8985e-01
-7.0000e+01 -2.0000e+02 -5.9707e-01
-7.0000e+01 -1.9000e+02 -7.9925e-01
-7.0000e+01 -1.8000e+02 1.7871e+00
-7.0000e+01 -1.7000e+02 -5.2769e-01
-7.0000e+01 -1.6000e+02 4.2608e-01
-7.0000e+01 -1.5000e+02 3.5324e-01
-7.0000e+01 -1.4000e+02 -1.2988e+00
-7.0000e+01 -1.3000e+02 -3.8814e+00
-7.0000e+01 -1.2000e+02 5.9045e-01
-7.0000e+01 -1.1000e+02 -2.3449e+00
-7.0000e+01 -1.0000e+02 1.4401e+00
-7.0000e+01 -9.0000e+01 -4.3355e-01
-7.0000e+01 -8.0000e+01 8.6229e-01
-7.0000e+01 -7.0000e+01 -2.3172e+00
-7.0000e+01 -6.0000e+01 -4.6464e+00
-7.0000e+01 -5.0000e+01 -4.7402e+00
-7.0000e+01 -4.0000e+01 -8.7759e+00
-7.0000e+01 -3.0000e+01 -6.2988e+00
-7.0000e+01 -2.0000e+01 -5.3824e+00
-7.0000e+01 -1.0000e+01 -5.3711e+00
-7.0000e+01 0.0000e+00 -4.6496e+00
-7.0000e+01 1.0000e+01 -5.2445e+00
-7.0000e+01 2.0000e+01 -9.1977e+00
-7.0000e+01 3.0000e+01 -6.2383e+00
-7.0000e+01 4.0000e+01 -5.5173e+00
-7.0000e+01 5.0000e+01 -3.0635e+00
-7.0000e+01 6.0000e+01 -4.6547e+00
-7.0000e+01 7.0000e+01 -3.1694e+00
-7.0000e+01 8.0000e+01 -2.7924e+00
-7.0000e+01 9.0000e+01 -3.3684e+00
-7.0000e+01 1.0000e+02 -1.6393e+00
-7.0000e+01 1.1000e+02 -9.0758e-01
-7.0000e+01 1.2000e+02 -1.6020e-01
-7.0000e+01 1.3000e+02 -2.0814e+00
-7.0000e+01 1.4000e+02 -5.7674e-01
-7.0000e+01 1.5000e+02 -1.1110e+00
-7.0000e+01 1.6000e+02 -1.8292e+00
-7.0000e+01 1.7000e+02 2.6341e-01
-7.0000e+01 1.8000e+02 6.7929e-01
-7.0000e+01 1.9000e+02 -6.8608e-01
-7.0000e+01 2.0000e+02 1.2105e-01
-6.0000e+01 -2.0000e+02 -8.5433e-01
-6.0000e+01 -1.9000e+02 6.9587e-01
-6.0000e+01 -1.8000e+02 -2.0062e-01
-6.0000e+01 -1.7000e+02 2.6458e-01
-6.0000e+01 -1.6000e+02 -1.2535e-01
-6.0000e+01 -1.5000e+02 -4.2511e-01
-6.0000e+01 -1.4000e+02 1.9104e-02
-6.0000e+01 -1.3000e+02 1.9795e+00
-6.0000e+01 -1.2000e+02 3.0304e-01
-6.0000e+01 -1.1000e+02 3.4971e-01
-6.0000e+01 -1.0000e+02 -2.4382e+00
-6.0000e+01 -9.0000e+01 -1.5676e+00
-6.0000e+01 -8.0000e+01 -3.8741e+00
-6.0000e+01 -7.0000e+01 -7.0728e-01
-6.0000e+01 -6.0000e+01 -6.0728e+00
-6.0000e+01 -5.0000e+01 -3.8465e+00
-6.0000e+01 -4.0000e+01 -8.1949e+00
-6.0000e+01 -3.0000e+01 -7.1931e+00
-6.0000e+01 -2.0000e+01 -7.9092e+00
-6.0000e+01 -1.0000e+01 -8.3757e+00
-6.0000e+01 0.0000e+00 -7.7840e+00
-6.0000e+01 1.0000e+01 -8.3726e+00
-6.0000e+01 2.0000e+01 -4.3746e+00
-6.0000e+01 3.0000e+01 -7.6193e+00
-6.0000e+01 4.0000e+01 -6.2100e+00
-6.0000e+01 5.0000e+01 -6.8892e+00
-6.0000e+01 6.0000e+01 -4.2411e+00
-6.0000e+01 7.0000e+01 -5.1103e+00
-6.0000e+01 8.0000e+01 -2.4604e+00
-6.0000e+01 9.0000e+01 -9.3766e-02
-6.0000e+01 1.0000e+02 -2.2664e+00
-6.0000e+01 1.1000e+02 -3.0570e+00
-6.0000e+01 1.2000e+02 -5.7323e-01
-6.0000e+01 1.3000e+02 1.2229e+00
-6.0000e+01 1.4000e+02 -6.2386e-01
-6.0000e+01 1.5000e+02 3.9672e-01
-6.0000e+01 1.6000e+02 -6.9683e-01
-6.0000e+01 1.7000e+02 3.6213e-01
-6.0000e+01 1.8000e+02 -4.6429e-01
-6.0000e+01 1.9000e+02 -1.2240e+00
-6.0000e+01 2.0000e+02 -1.1888e+00
-5.0000e+01 -2.0000e+02 4.4682e-01
-5.0000e+01 -1.9000e+02 -1.4287e+00
-5.0000e+01 -1.8000e+02 2.3498e+00
-5.0000e+01 -1.7000e+02 3.0843e+00
-5.0000e+01 -1.6000e+02 7.9030e-01
-5.0000e+01 -1.5000e+02 -8.2508e-01
-5.0000e+01 -1.4000e+02 2.9786e-01
-5.0000e+01 -1.3000e+02 -1.1376e-01
-5.0000e+01 -1.2000e+02 1.4540e+00
-5.0000e+01 -1.1000e+02 -1.9448e+00
-5.0000e+01 -1.0000e+02 -1.2201e+00
-5.0000e+01 -9.0000e+01 -8.0118e-01
-5.0000e+01 -8.0000e+01 -4.0834e+00
-5.0000e+01 -7.0000e+01 -7.3497e+00
-5.0000e+01 -6.0000e+01 -5.0799e+00
-5.0000e+01 -5.0000e+01 -9.6261e+00
-5.0000e+01 -4.0000e+01 -6.2517e+00
-5.0000e+01 -3.0000e+01 -7.5224e+00
-5.0000e+01 -2.0000e+01 -9.0521e+00
-5.0000e+01 -1.0000e+01 -9.2904e+00
-5.0000e+01 0.0000e+00 -1.0730e+01
-5.0000e+01 1.0000e+01 -1.2875e+01
-5.0000e+01 2.0000e+01 -9.5345e+00
-5.0000e+01 3.0000e+01 -9.3361e+00
-5.0000e+01 4.0000e+01 -7.5134e+00
-5.0000e+01 5.0000e+01 -7.6898e+00
-5.0000e+01 6.0000e+01 -6.1435e+00
-5.0000e+01 7.0000e+01 -5.4653e+00
-5.0000e+01 8.0000e+01 -3.4361e+00
-5.0000e+01 9.0000e+01 -2.4825e+00
-5.0000e+01 1.0000e+02 -2.3862e+00
-5.0000e+01 1.1000e+02 -3.2780e+00
-5.0000e+01 1.2000e+02 9.5647e-01
-5.0000e+01 1.3000e+02 -2.5349e+00
-5.0000e+01 1.4000e+02 -6.4140e-01
-5.0000e+01 1.5000e+02 1.9786e+00
-5.0000e+01 1.6000e+02 -6.3881e-01
-5.0000e+01 1.7000e+02 -1.7595e+00
-5.0000e+01 1.8000e+02 -3.8541e+00
-5.0000e+01 1.9000e+02 2.3545e-01
-5.0000e+01 2.0000e+02 7.3357e-01
-4.0000e+01 -2.0000e+02 1.3517e+00
-4.0000e+01 -1.9000e+02 -1.0739e+00
-4.0000e+01 -1.8000e+02 -1.1935e-01
-4.0000e+01 -1.7000e+02 -8.8806e-01
-4.0000e+01 -1.6000e+02 4.0249e-01
-4.0000e+01 -1.5000e+02 -2.5645e-01
-4.0000e+01 -1.4000e+02 -1.7494e-01
-4.0000e+01 -1.3000e+02 -1.1328e-01
-4.0000e+01 -1.2000e+02 -1.4208e+00
-4.0000e+01 -1.1000e+02 -1.2563e-01
-4.0000e+01 -1.0000e+02 -2.3027e+00
-4.0000e+01 -9.0000e+01 -3.1974e+00
-4.0000e+01 -8.0000e+01 -5.0209e+00
-4.0000e+01 -7.0000e+01 -4.9690e+00
-4.0000e+01 -6.0000e+01 -5.4409e+00
-4.0000e+01 -5.0000e+01 -7.2058e+00
-4.0000e+01 -4.0000e+01 -9.4734e+00
-4.0000e+01 -3.0000e+01 -1.0051e+01
-4.0000e+01 -2.0000e+01 -1.0460e+01
-4.0000e+01 -1.0000e+01 -1.1957e+01
-4.0000e+01 0.0000e+00 -1.1771e+01
-4.0000e+01 1.0000e+01 -1.2694e+01
-4.0000e+01 2.0000e+01 -1.1787e+01
-4.0000e+01 3.0000e+01 -1.0681e+01
-4.0000e+01 4.0000e+01 -8.4972e+00
-4.0000e+01 5.0000e+01 -1.0987e+01
-4.0000e+01 6.0000e+01 -7.4395e+00
-4.0000e+01 7.0000e+01 -6.8460e+00
-4.0000e+01 8.0000e+01 -5.1991e+00
-4.0000e+01 9.0000e+01 -5.0368e+00
-4.0000e+01 1.0000e+02 -2.2032e+00
-4.0000e+01 1.1000e+02 -1.8416e+00
-4.0000e+01 1.2000e+02 -5.7961e-02
-4.0000e+01 1.3000e+02 2.7968e+00
-4.0000e+01 1.4000e+02 -1.8254e+00
-4.0000e+01 1.5000e+02 1.7277e+00
-4.0000e+01 1.6000e+02 -1.4226e+00
-4.0000e+01 1.7000e+02 -2.8532e-01
-4.0000e+01 1.8000e+02 2.8756e+00
-4.0000e+01 1.9000e+02 -1.1926e+00
-4.0000e+01 2.0000e+02 -6.0493e-01
-3.0000e+01 -2.0000e+02 8.0370e-01
-3.0000e+01 -1.9000e+02 -7.4922e-01
-3.0000e+01 -1.8000e+02 1.7308e+00
-3.0000e+01 -1.7000e+02 -2.4097e-01
-3.0000e+01 -1.6000e+02 -1.0702e+00
-3.0000e+01 -1.5000e+02 -1.4402e-01
-3.0000e+01 -1.4000e+02 -9.0307e-01
-3.0000e+01 -1.3000e+02 1.6608e+00
-3.0000e+01 -1.2000e+02 -1.9969e-02
-3.0000e+01 -1.1000e+02 1.8830e+00
-3.0000e+01 -1.0000e+02 -4.1371e+00
-3.0000e+01 -9.0000e+01 -4.6740e+00
-3.0000e+01 -8.0000e+01 -3.8925e+00
-3.0000e+01 -7.0000e+01 -6.8659e+00
-3.0000e+01 -6.0000e+01 -5.0501e+00
-3.0000e+01 -5.0000e+01 -9.1756e+00
-3.0000e+01 -4.0000e+01 -1.1803e+01
-3.0000e+01 -3.0000e+01 -8.7344e+00
-3.0000e+01 -2.0000e+01 -1.1096e+01
-3.0000e+01 -1.0000e+01 -9.7202e+00
-3.0000e+01 0.0000e+00 -1.3978e+01
-3.0000e+01 1.0000e+01 -1.3071e+01
-3.0000e+01 2.0000e+01 -1.2320e+01
-3.0000e+01 3.0000e+01 -1.3603e+01
-3.0000e+01 4.0000e+01 -8.7233e+00
-3.0000e+01 5.0000e+01 -1.1285e+01
-3.0000e+01 6.0000e+01 -5.8302e+00
-3.0000e+01 7.0000e+01 -6.0458e+00
-3.0000e+01 8.0000e+01 -3.9895e+00
-3.0000e+01 9.0000e+01 -2.3274e+00
-3.0000e+01 1.0000e+02 -3.2204e+00
-3.0000e+01 1.1000e+02 -1.2732e+00
-3.0000e+01 1.2000e+02 -1.9250e+00
-3.0000e+01 1.3000e+02 -3.5161e+00
-3.0000e+01 1.4000e+02 -1.1469e+00
-3.0000e+01 1.5000e+02 1.2044e+00
-3.0000e+01 1.6000e+02 2.5395e-01
-3.0000e+01 1.7000e+02 -2.8038e+00
-3.0000e+01 1.8000e+02 9.0231e-01
-3.0000e+01 1.9000e+02 -1.7006e+00
-3.0000e+01 2.0000e+02 -5.0985e-01
-2.0000e+01 -2.0000e+02 2.5606e-01
-2.0000e+01 -1.9000e+02 5.6455e-01
-2.0000e+01 -1.8000e+02 9.8500e-01
-2.0000e+01 -1.7000e+02 -9.1124e-01
-2.0000e+01 -1.6000e+02 2.3263e+00
-2.0000e+01 -1.5000e+02 1.9970e-01
-2.0000e+01 -1.4000e+02 1.4965e+00
-2.0000e+01 -1.3000e+02 9.7857e-01
-2.0000e+01 -1.2000e+02 -5.0251e+00
-2.0000e+01 -1.1000e+02 7.5001e-01
-2.0000e+01 -1.0000e+02 -8.1202e-01
-2.0000e+01 -9.0000e+01 -4.5139e+00
-2.0000e+01 -8.0000e+01 -4.5542e+00
-2.0000e+01 -7.0000e+01 -4.8151e+00
-2.0000e+01 -6.0000e+01 -8.2702e+00
-2.0000e+01 -5.0000e+01 -1.0405e+01
-2.0000e+01 -4.0000e+01 -1.1377e+01
-2.0000e+01 -3.0000e+01 -1.1626e+01
-2.0000e+01 -2.0000e+01 -1.3982e+01
-2.0000e+01 -1.0000e+01 -1.3682e+01
-2.0000e+01 0.0000e+00 -1.4296e+01
-2.0000e+01 1.0000e+01 -1.6346e+01
-2.0000e+01 2.0000e+01 -1.2686e+01
-2.0000e+01 3.0000e+01 -1.3608e+01
-2.0000e+01 4.0000e+01 -9.1364e+00
-2.0000e+01 5.0000e+01 -1.0300e+01
-2.0000e+01 6.0000e+01 -6.1723e+00
-2.0000e+01 7.0000e+01 -7.3735e+00
-2.0000e+01 8.0000e+01 -3.7942e+00
-2.0000e+01 9.0000e+01 -4.4276e+00
-2.0000e+01 1.0000e+02 -1.2984e+00
-2.0000e+01 1.1000e+02 -2.4558e+00
-2.0000e+01 1.2000e+02 -1.8620e+00
-2.0000e+01 1.3000e+02 -1.1687e-01
-2.0000e+01 1.4000e+02 -5.5904e-01
-2.0000e+01 1.5000e+02 -5.2373e-01
-2.0000e+01 1.6000e+02 3.1030e-01
-2.0000e+01 1.7000e+02 -2.1992e+00
-2.0000e+01 1.8000e+02 1.8740e-01
-2.0000e+01 1.9000e+02 -1.6743e+00
-2.0000e+01 2.0000e+02 -6.5764e-02
-1.0000e+01 -2.0000e+02 -1.7868e+00
-1.0000e+01 -1.9000e+02 -8.5154e-01
-1.0000e+01 -1.8000e+02 -1.2965e+00
-1.0000e+01 -1.7000e+02 1.4197e+00
-1.0000e+01 -1.6000e+02 1.0875e+00
-1.0000e+01 -1.5000e+02 1.2135e+00
-1.0000e+01 -1.4000e+02 -5.7451e-01
-1.0000e+01 -1.3000e+02 -3.5407e+00
-1.0000e+01 -1.2000e+02 -2.2699e+00
-1.0000e+01 -1.1000e+02 -2.7327e+00
-1.0000e+01 -1.0000e+02 -6.3879e+00
-1.0000e+01 -9.0000e+01 -3.0070e+00
-1.0000e+01 -8.0000e+01 -4.8275e+00
-1.0000e+01 -7.0000e+01 -3.4629e+00
-1.0000e+01 -6.0000e+01 -5.8899e+00
-1.0000e+01 -5.0000e+01 -8.4026e+00
-1.0000e+01 -4.0000e+01 -1.4041e+01
-1.0000e+01 -3.0000e+01 -1.0767e+01
-1.0000e+01 -2.0000e+01 -1.2507e+01
-1.0000e+01 -1.0000e+01 -1.4158e+01
-1.0000e+01 0.0000e+00 -1.5233e+01
-1.0000e+01 1.0000e+01 -1.4442e+01
-1.0000e+01 2.0000e+01 -1.1155e+01
-1.0000e+01 3.0000e+01 -1.3788e+01
-1.0000e+01 4.0000e+01 -1.0543e+01
-1.0000e+01 5.0000e+01 -1.1102e+01
-1.0000e+01 6.0000e+01 -9.1072e+00
-1.0000e+01 7.0000e+01 -6.7008e+00
-1.0000e+01 8.0000e+01 -7.3883e+00
-1.0000e+01 9.0000e+01 -3.7428e+00
-1.0000e+01 1.0000e+02 -3.1700e+00
-1.0000e+01 1.1000e+02 5.7769e-01
-1.0000e+01 1.2000e+02 -2.1645e+00
-1.0000e+01 1.3000e+02 -1.2664e+00
-1.0000e+01 1.4000e+02 -5.5395e-01
-1.0000e+01 1.5000e+02 1.1540e-02
-1.0000e+01 1.6000e+02 -2.0597e-01
-1.0000e+01 1.7000e+02 -1.3277e+00
-1.0000e+01 1.8000e+02 -1.3791e+00
-1.0000e+01 1.9000e+02 -8.6336e-01
-1.0000e+01 2.0000e+02 1.1098e+00
0.0000e+00 -2.0000e+02 -1.0734e+00
0.0000e+00 -1.9000e+02 1.8494e+00
0.0000e+00 -1.8000e+02 1.4724e+00
0.0000e+00 -1.7000e+02 5.4177e-01
0.0000e+00 -1.6000e+02 -1.3263e+00
0.0000e+00 -1.5000e+02 -1.3812e-01
0.0000e+00 -1.4000e+02 -1.3851e-01
0.0000e+00 -1.3000e+02 -1.1853e+00
0.0000e+00 -1.2000e+02 -2.6299e+00
0.0000e+00 -1.1000e+02 -3.8359e+00
0.0000e+00 -1.0000e+02 -2.1228e+00
0.0000e+00 -9.0000e+01 -1.2353e+00
0.0000e+00 -8.0000e+01 -5.5539e+00
0.0000e+00 -7.0000e+01 -6.9248e+00
0.0000e+00 -6.0000e+01 -8.4451e+00
0.0000e+00 -5.0000e+01 -1.0804e+01
0.0000e+00 -4.0000e+01 -1.1240e+01
0.0000e+00 -3.0000e+01 -1.3383e+01
0.0000e+00 -2.0000e+01 -9.4609e+00
0.0000e+00 -1.0000e+01 -1.1767e+01
0.0000e+00 0.0000e+00 -1.4490e+01
0.0000e+00 1.0000e+01 -1.6112e+01
0.0000e+00 2.0000e+01 -1.3445e+01
0.0000e+00 3.0000e+01 -1.3266e+01
0.0000e+00 4.0000e+01 -1.2368e+01
0.0000e+00 5.0000e+01 -1.0376e+01
0.0000e+00 6.0000e+01 -6.6408e+00
0.0000e+00 7.0000e+01 -4.9279e+00
0.0000e+00 8.0000e+01 -7.2054e+00
0.0000e+00 9.0000e+01 -6.1964e+00
0.0000e+00 1.0000e+02 -3.8687e+00
0.0000e+00 1.1000e+02 -2.5441e+00
0.0000e+00 1.2000e+02 -4.7473e+00
0.0000e+00 1.3000e+02 5.3507e-01
0.0000e+00 1.4000e+02 -2.6639e+00
0.0000e+00 1.5000e+02 -8.2301e-01
0.0000e+00 1.6000e+02 9.8823e-01
0.0000e+00 1.7000e+02 -2.0131e+00
0.0000e+00 1.8000e+02 5.4473e-01
0.0000e+00 1.9000e+02 7.7520e-01
0.0000e+00 2.0000e+02 -6.2774e-01
1.0000e+01 -2.0000e+02 7.4578e-02
1.0000e+01 -1.9000e+02 1.7245e+00
1.0000e+01 -1.8000e+02 4.8360e-01
1.0000e+01 -1.7000e+02 -1.6997e+00
1.0000e+01 -1.6000e+02 1.4761e+00
1.0000e+01 -1.5000e+02 9.1562e-01
1.0000e+01 -1.4000e+02 -2.2216e+00
1.0000e+01 -1.3000e+02 -1.5479e-02
1.0000e+01 -1.2000e+02 -1.4517e+00
1.0000e+01 -1.1000e+02 -1.7681e+00
1.0000e+01 -1.0000e+02 -7.0769e-01
1.0000e+01 -9.0000e+01 -3.9979e+00
1.0000e+01 -8.0000e+01 -7.1104e+00
1.0000e+01 -7.0000e+01 -6.6426e+00
1.0000e+01 -6.0000e+01 -7.7504e+00
1.0000e+01 -5.0000e+01 -9.7377e+00
1.0000e+01 -4.0000e+01 -1.0966e+01
1.0000e+01 -3.0000e+01 -9.2940e+00
1.0000e+01 -2.0000e+01 -1.2989e+01
1.0000e+01 -1.0000e+01 -1.7455e+01
1.0000e+01 0.0000e+00 -1.0727e+01
1.0000e+01 1.0000e+01 -1.6671e+01
1.0000e+01 2.0000e+01 -1.2853e+01
1.0000e+01 3.0000e+01 -1.0344e+01
1.0000e+01 4.0000e+01 -8.2338e+00
1.0000e+01 5.0000e+01 -9.3977e+00
1.0000e+01 6.0000e+01 -8.7886e+00
1.0000e+01 7.0000e+01 -9.3910e+00
1.0000e+01 8.0000e+01 -5.0395e+00
1.0000e+01 9.0000e+01 -3.4766e+00
1.0000e+01 1.0000e+02 -7.3938e-01
1.0000e+01 1.1000e+02 -1.6249e+00
1.0000e+01 1.2000e+02 -3.7850e+00
1.0000e+01 1.3000e+02 7.1769e-01
1.0000e+01 1.4000e+02 -9.8572e-01
1.0000e+01 1.5000e+02 1.6719e+00
1.0000e+01 1.6000e+02 1.3397e-01
1.0000e+01 1.7000e+02 -1.6279e+00
1.0000e+01 1.8000e+02 4.2099e-01
1.0000e+01 1.9000e+02 9.6298e-01
1.0000e+01 2.0000e+02 -1.1833e+00
2.0000e+01 -2.0000e+02 1.1202e+00
2.0000e+01 -1.9000e+02 -5.8170e-01
2.0000e+01 -1.8000e+02 1.8678e+00
2.0000e+01 -1.7000e+02 -1.3394e+00
2.0000e+01 -1.6000e+02 -7.4800e-01
2.0000e+01 -1.5000e+02 8.8981e-01
2.0000e+01 -1.4000e+02 -4.3490e-01
2.0000e+01 -1.3000e+02 -7.5829e-01
2.0000e+01 -1.2000e+02 -4.1171e+00
2.0000e+01 -1.1000e+02 -5.7138e-01
2.0000e+01 -1.0000e+02 -3.7932e+00
2.0000e+01 -9.0000e+01 -4.4542e+00
2.0000e+01 -8.0000e+01 -3.9783e+00
2.0000e+01 -7.0000e+01 -6.3280e+00
2.0000e+01 -6.0000e+01 -7.8236e+00
2.0000e+01 -5.0000e+01 -8.9535e+00
2.0000e+01 -4.0000e+01 -8.9646e+00
2.0000e+01 -3.0000e+01 -1.3948e+01
2.0000e+01 -2.0000e+01 -1.3505e+01
2.0000e+01 -1.0000e+01 -1.2989e+01
2.0000e+01 0.0000e+00 -1.3769e+01
2.0000e+01 1.0000e+01 -1.2903e+01
2.0000e+01 2.0000e+01 -1.2224e+01
2.0000e+01 3.0000e+01 -1.2887e+01
2.0000e+01 4.0000e+01 -1.3028e+01
2.0000e+01 5.0000e+01 -9.6061e+00
2.0000e+01 6.0000e+01 -8.6046e+00
2.0000e+01 7.0000e+01 -5.4095e+00
2.0000e+01 8.0000e+01 -3.5653e+00
2.0000e+01 9.0000e+01 -2.6029e+00
2.0000e+01 1.0000e+02 -2.8869e+00
2.0000e+01 1.1000e+02 -1.3388e+00
2.0000e+01 1.2000e+02 -3.1670e+00
2.0000e+01 1.3000e+02 -1.7528e-01
2.0000e+01 1.4000e+02 7.8896e-01
2.0000e+01 1.5000e+02 -2.7393e+00
2.0000e+01 1.6000e+02 1.0304e+00
2.0000e+01 1.7000e+02 -1.8575e+00
2.0000e+01 1.8000e+02 3.8567e+00
2.0000e+01 1.9000e+02 1.6798e+00
2.0000e+01 2.0000e+02 -1.4286e+00
3.0000e+01 -2.0000e+02 1.4554e+00
3.0000e+01 -1.9000e+02 7.6899e-01
3.0000e+01 -1.8000e+02 6.3353e-01
3.0000e+01 -1.7000e+02 -5.8175e-01
3.0000e+01 -1.6000e+02 -1.4698e+00
3.0000e+01 -1.5000e+02 5.1037e-01
3.0000e+01 -1.4000e+02 -2.3995e+00
3.0000e+01 -1.3000e+02 1.3498e-01
3.0000e+01 -1.2000e+02 -4.0778e+00
3.0000e+01 -1.1000e+02 -3.7256e+00
3.0000e+01 -1.0000e+02 -2.9063e+00
3.0000e+01 -9.0000e+01 -2.4219e+00
3.0000e+01 -8.0000e+01 -5.0343e+00
3.0000e+01 -7.0000e+01 -7.5029e+00
3.0000e+01 -6.0000e+01 -8.7078e+00
3.0000e+01 -5.0000e+01 -7.8534e+00
3.0000e+01 -4.0000e+01 -9.5427e+00
3.0000e+01 -3.0000e+01 -1.2304e+01
3.0000e+01 -2.0000e+01 -1.2283e+01
3.0000e+01 -1.0000e+01 -1.2921e+01
3.0000e+01 0.0000e+00 -1.3979e+01
3.0000e+01 1.0000e+01 -1.4253e+01
3.0000e+01 2.0000e+01 -1.2492e+01
3.0000e+01 3.0000e+01 -1.1882e+01
3.0000e+01 4.0000e+01 -1.1346e+01
3.0000e+01 5.0000e+01 -7.6889e+00
3.0000e+01 6.0000e+01 -7.8477e+00
3.0000e+01 7.0000e+01 -5.8865e+00
3.0000e+01 8.0000e+01 -4.3266e+00
3.0000e+01 9.0000e+01 -5.9393e+00
3.0000e+01 1.0000e+02 -1.4320e+00
3.0000e+01 1.1000e+02 -4.2784e+00
3.0000e+01 1.2000e+02 -1.8665e+00
3.0000e+01 1.3000e+02 -1.8892e+00
3.0000e+01 1.4000e+02 2.8450e-01
3.0000e+01 1.5000e+02 -6.2421e-01
3.0000e+01 1.6000e+02 -1.1378e+00
3.0000e+01 1.7000e+02 -9.3587e-01
3.0000e+01 1.8000e+02 -8.0975e-01
3.0000e+01 1.9000e+02 -6.9234e-01
3.0000e+01 2.0000e+02 -3.0042e-01
4.0000e+01 -2.0000e+02 7.9618e-01
4.0000e+01 -1.9000e+02 -3.3211e+00
4.0000e+01 -1.8000e+02 -2.3910e-01
4.0000e+01 -1.7000e+02 -2.8263e+00
4.0000e+01 -1.6000e+02 -7.8717e-03
4.0000e+01 -1.5000e+02 -4.1938e-01
4.0000e+01 -1.4000e+02 1.6997e+00
4.0000e+01 -1.3000e+02 -1.9215e+00
4.0000e+01 -1.2000e+02 -3.9333e-01
4.0000e+01 -1.1000e+02 -2.9113e+00
4.0000e+01 -1.0000e+02 -4.2003e+00
4.0000e+01 -9.0000e+01 -2.7764e+00
4.0000e+01 -8.0000e+01 -5.7480e+00
4.0000e+01 -7.0000e+01 -6.8018e+00
4.0000e+01 -6.0000e+01 -5.9969e+00
4.0000e+01 -5.0000e+01 -7.6739e+00
4.0000e+01 -4.0000e+01 -9.6001e+00
4.0000e+01 -3.0000e+01 -1.1337e+01
4.0000e+01 -2.0000e+01 -1.0927e+01
4.0000e+01 -1.0000e+01 -1.0924e+01
4.0000e+01 0.0000e+00 -1.4185e+01
4.0000e+01 1.0000e+01 -1.2869e+01
4.0000e+01 2.0000e+01 -1.2767e+01
4.0000e+01 3.0000e+01 -7.3378e+00
4.0000e+01 4.0000e+01 -8.7705e+00
4.0000e+01 5.0000e+01 -8.3532e+00
4.0000e+01 6.0000e+01 -6.8179e+00
4.0000e+01 7.0000e+01 -7.3533e+00
4.0000e+01 8.0000e+01 -4.1447e+00
4.0000e+01 9.0000e+01 -3.3990e+00
4.0000e+01 1.0000e+02 -1.8655e+00
4.0000e+01 1.1000e+02 -4.8430e+00
4.0000e+01 1.2000e+02 -1.9979e+00
4.0000e+01 1.3000e+02 -2.7718e+00
4.0000e+01 1.4000e+02 3.2608e+00
4.0000e+01 1.5000e+02 -2.7953e+00
4.0000e+01 1.6000e+02 -7.4850e-01
4.0000e+01 1.7000e+02 1.3705e+00
4.0000e+01 1.8000e+02 -2.3253e+00
4.0000e+01 1.9000e+02 -7.1049e-01
4.0000e+01 2.0000e+02 -3.1182e+00
5.0000e+01 -2.0000e+02 5.4651e-01
5.0000e+01 -1.9000e+02 -1.1258e+00
5.0000e+01 -1.8000e+02 -1.4038e+00
5.0000e+01 -1.7000e+02 -2.2228e+00
5.0000e+01 -1.6000e+02 2.2346e+00
5.0000e+01 -1.5000e+02 2.7534e+00
5.0000e+01 -1.4000e+02 5.3505e-01
5.0000e+01 -1.3000e+02 -9.0076e-01
5.0000e+01 -1.2000e+02 2.6207e-01
5.0000e+01 -1.1000e+02 -3.2958e-01
5.0000e+01 -1.0000e+02 -2.8159e+00
5.0000e+01 -9.0000e+01 -2.7459e+00
5.0000e+01 -8.0000e+01 -1.6320e+00
5.0000e+01 -7.0000e+01 -5.0253e+00
5.0000e+01 -6.0000e+01 -4.9408e+00
5.0000e+01 -5.0000e+01 -9.2942e+00
5.0000e+01 -4.0000e+01 -4.4127e+00
5.0000e+01 -3.0000e+01 -6.9730e+00
5.0000e+01 -2.0000e+01 -1.1793e+01
5.0000e+01 -1.0000e+01 -1.2051e+01
5.0000e+01 0.0000e+00 -1.0391e+01
5.0000e+01 1.0000e+01 -1.0069e+01
5.0000e+01 2.0000e+01 -9.1942e+00
5.0000e+01 3.0000e+01 -8.5325e+00
5.0000e+01 4.0000e+01 -1.0099e+01
5.0000e+01 5.0000e+01 -5.6604e+00
5.0000e+01 6.0000e+01 -4.7011e+00
5.0000e+01 7.0000e+01 -5.0140e+00
5.0000e+01 8.0000e+01 -3.2143e+00
5.0000e+01 9.0000e+01 -3.3884e+00
5.0000e+01 1.0000e+02 -2.1999e-01
5.0000e+01 1.1000e+02 -6.4814e-01
5.0000e+01 1.2000e+02 2.6974e-01
5.0000e+01 1.3000e+02 -1.8502e+00
5.0000e+01 1.4000e+02 3.0570e-01
5.0000e+01 1.5000e+02 1.2401e+00
5.0000e+01 1.6000e+02 7.0041e-02
5.0000e+01 1.7000e+02 4.0328e-01
5.0000e+01 1.8000e+02 -3.2910e-01
5.0000e+01 1.9000e+02 1.1430e+00
5.0000e+01 2.0000e+02 -1.8346e+00
6.0000e+01 -2.0000e+02 2.3360e+00
6.0000e+01 -1.9000e+02 1.9798e-01
6.0000e+01 -1.8000e+02 2.4210e+00
6.0000e+01 -1.7000e+02 -1.6455e+00
6.0000e+01 -1.6000e+02 -7.8802e-01
6.0000e+01 -1.5000e+02 -8.5938e-01
6.0000e+01 -1.4000e+02 -9.3884e-02
6.0000e+01 -1.3000e+02 -1.7040e+00
6.0000e+01 -1.2000e+02 -1.5129e+00
6.0000e+01 -1.1000e+02 -1.1759e+00
6.0000e+01 -1.0000e+02 -7.3498e-02
6.0000e+01 -9.0000e+01 -3.2022e+00
6.0000e+01 -8.0000e+01 -3.2538e+00
6.0000e+01 -7.0000e+01 -3.0074e+00
6.0000e+01 -6.0000e+01 -3.0522e+00
6.0000e+01 -5.0000e+01 -4.1539e+00
6.0000e+01 -4.0000e+01 -6.8210e+00
6.0000e+01 -3.0000e+01 -6.2158e+00
6.0000e+01 -2.0000e+01 -5.1525e+00
6.0000e+01 -1.0000e+01 -7.2991e+00
6.0000e+01 0.0000e+00 -7.3136e+00
6.0000e+01 1.0000e+01 -8.7448e+00
6.0000e+01 2.0000e+01 -5.5856e+00
6.0000e+01 3.0000e+01 -8.2358e+00
6.0000e+01 4.0000e+01 -6.1754e+00
6.0000e+01 5.0000e+01 -4.7916e+00
6.0000e+01 6.0000e+01 -5.6384e+00
6.0000e+01 7.0000e+01 -6.6469e+00
6.0000e+01 8.0000e+01 -2.9593e+00
6.0000e+01 9.0000e+01 -1.2680e+00
6.0000e+01 1.0000e+02 -2.0952e+00
6.0000e+01 1.1000e+02 -2.6021e+00
6.0000e+01 1.2000e+02 2.4516e-01
6.0000e+01 1.3000e+02 -1.1023e+00
6.0000e+01 1.4000e+02 7.0004e-02
6.0000e+01 1.5000e+02 1.7343e+00
6.0000e+01 1.6000e+02 -3.5819e-01
6.0000e+01 1.7000e+02 -8.0377e-01
6.0000e+01 1.8000e+02 -5.6458e-01
6.0000e+01 1.9000e+02 -3.2681e+00
6.0000e+01 2.0000e+02 1.5798e+00
7.0000e+01 -2.0000e+02 4.2432e-01
7.0000e+01 -1.9000e+02 -1.8300e+00
7.0000e+01 -1.8000e+02 -1.6107e+00
7.0000e+01 -1.7000e+02 -3.4655e-01
7.0000e+01 -1.6000e+02 -3.6618e-02
7.0000e+01 -1.5000e+02 1.8454e+00
7.0000e+01 -1.4000e+02 -5.7478e-01
7.0000e+01 -1.3000e+02 -1.4461e+00
7.0000e+01 -1.2000e+02 -1.5245e+00
7.0000e+01 -1.1000e+02 -3.1842e+00
7.0000e+01 -1.0000e+02 -1.4195e+00
7.0000e+01 -9.0000e+01 -2.7482e+00
7.0000e+01 -8.0000e+01 -2.3120e+00
7.0000e+01 -7.0000e+01 -6.6563e-01
7.0000e+01 -6.0000e+01 -2.9543e+00
7.0000e+01 -5.0000e+01 -4.7001e+00
7.0000e+01 -4.0000e+01 -7.7879e+00
7.0000e+01 -3.0000e+01 -6.3291e+00
7.0000e+01 -2.0000e+01 -6.1749e+00
7.0000e+01 -1.0000e+01 -7.5140e+00
7.0000e+01 0.0000e+00 -8.8730e+00
7.0000e+01 1.0000e+01 -1.1155e+01
7.0000e+01 2.0000e+01 -6.4062e+00
7.0000e+01 3.0000e+01 -6.8541e+00
7.0000e+01 4.0000e+01 -3.3963e+00
7.0000e+01 5.0000e+01 -5.7794e+00
7.0000e+01 6.0000e+01 -1.4858e+00
7.0000e+01 7.0000e+01 -3.8658e+00
7.0000e+01 8.0000e+01 -2.8610e+00
7.0000e+01 9.0000e+01 1.0593e-01
7.0000e+01 1.0000e+02 -2.1783e+00
7.0000e+01 1.1000e+02 1.0912e+00
7.0000e+01 1.2000e+02 1.9865e+00
7.0000e+01 1.3000e+02 -7.6553e-01
7.0000e+01 1.4000e+02 -7.3524e-01
7.0000e+01 1.5000e+02 1.2373e+00
7.0000e+01 1.6000e+02 -9.1891e-02
7.0000e+01 1.7000e+02 -5.7800e-01
7.0000e+01 1.8000e+02 1.4686e-01
7.0000e+01 1.9000e+02 9.8042e-01
7.0000e+01 2.0000e+02 1.8399e+00
8.0000e+01 -2.0000e+02 1.9851e+00
8.0000e+01 -1.9000e+02 1.0671e+00
8.0000e+01 -1.8000e+02 -9.7244e-01
8.0000e+01 -1.7000e+02 -4.2680e-01
8.0000e+01 -1.6000e+02 1.9043e+00
8.0000e+01 -1.5000e+02 -5.3023e-01
8.0000e+01 -1.4000e+02 9.6662e-01
8.0000e+01 -1.3000e+02 -6.8041e-01
8.0000e+01 -1.2000e+02 2.1875e-01
8.0000e+01 -1.1000e+02 -3.6829e+00
8.0000e+01 -1.0000e+02 -1.9328e-01
8.0000e+01 -9.0000e+01 -1.1876e+00
8.0000e+01 -8.0000e+01 -3.0896e+00
8.0000e+01 -7.0000e+01 -4.4615e+00
8.0000e+01 -6.0000e+01 -3.2862e+00
8.0000e+01 -5.0000e+01 -5.0313e+00
8.0000e+01 -4.0000e+01 -3.2577e+00
8.0000e+01 -3.0000e+01 -3.0527e+00
8.0000e+01 -2.0000e+01 -6.1763e+00
8.0000e+01 -1.0000e+01 -2.5392e+00
8.0000e+01 0.0000e+00 -4.9377e+00
8.0000e+01 1.0000e+01 -3.7083e+00
8.0000e+01 2.0000e+01 -4.5897e+00
8.0000e+01 3.0000e+01 -3.6472e+00
8.0000e+01 4.0000e+01 -2.4019e+00
8.0000e+01 5.0000e+01 -1.8076e+00
8.0000e+01 6.0000e+01 -4.6253e-01
8.0000e+01 7.0000e+01 2.3718e-01
8.0000e+01 8.0000e+01 -1.9021e+00
8.0000e+01 9.0000e+01 -2.4021e+00
8.0000e+01 1.0000e+02 -2.3844e-01
8.0000e+01 1.1000e+02 -7.2757e-01
8.0000e+01 1.2000e+02 2.2777e+00
8.0000e+01 1.3000e+02 4.5371e-01
8.0000e+01 1.4000e+02 -1.0559e+00
8.0000e+01 1.5000e+02 -7.3037e-01
8.0000e+01 1.6000e+02 -2.3317e-01
8.0000e+01 1.7000e+02 -1.5900e+00
8.0000e+01 1.8000e+02 -2.2017e+00
8.0000e+01 1.9000e+02 -1.9002e+00
8.0000e+01 2.0000e+02 9.7791e-01
9.0000e+01 -2.0000e+02 -2.5061e-01
9.0000e+01 -1.9000e+02 -8.6383e-01
9.0000e+01 -1.8000e+02 1.1888e+00
9.0000e+01 -1.7000e+02 3.1007e-01
9.0000e+01 -1.6000e+02 7.6275e-01
9.0000e+01 -1.5000e+02 -2.0530e+00
9.0000e+01 -1.4000e+02 -2.8383e-01
9.0000e+01 -1.3000e+02 -8.8327e-01
9.0000e+01 -1.2000e+02 -2.2116e+00
9.0000e+01 -1.1000e+02 1.9680e+00
9.0000e+01 -1.0000e+02 4.4446e-01
9.0000e+01 -9.0000e+01 -9.1098e-02
9.0000e+01 -8.0000e+01 -1.6087e+00
9.0000e+01 -7.0000e+01 -2.3188e+00
9.0000e+01 -6.0000e+01 -3.0710e+00
9.0000e+01 -5.0000e+01 -8.0055e-02
9.0000e+01 -4.0000e+01 -3.3158e+00
9.0000e+01 -3.0000e+01 -3.9390e-01
9.0000e+01 -2.0000e+01 -3.9470e+00
9.0000e+01 -1.0000e+01 -3.3735e+00
9.0000e+01 0.0000e+00 -4.6470e+00
9.0000e+01 1.0000e+01 -5.8034e+00
9.0000e+01 2.0000e+01 -3.9523e+00
9.0000e+01 3.0000e+01 -2.2021e+00
9.0000e+01 4.0000e+01 -2.2495e+00
9.0000e+01 5.0000e+01 -4.0043e+00
9.0000e+01 6.0000e+01 -1.9335e-01
9.0000e+01 7.0000e+01 -2.3849e+00
9.0000e+01 8.0000e+01 -1.3355e+00
9.0000e+01 9.0000e+01 -1.8630e+00
9.0000e+01 1.0000e+02 -4.2466e+00
9.0000e+01 1.1000e+02 7.6788e-01
9.0000e+01 1.2000e+02 -3.0444e+00
9.0000e+01 1.3000e+02 3.9293e-01
9.0000e+01 1.4000e+02 -1.3255e+00
9.0000e+01 1.5000e+02 1.4388e+00
9.0000e+01 1.6000e+02 -2.4141e+00
9.0000e+01 1.7000e+02 -2.0916e+00
9.0000e+01 1.8000e+02 1.9917e-01
9.0000e+01 1.9000e+02 2.3534e+00
9.0000e+01 2.0000e+02 -5.4961e-01
1.0000e+02 -2.0000e+02 -5.5402e-01
1.0000e+02 -1.9000e+02 -7.9383e-02
1.0000e+02 -1.8000e+02 7.9093e-01
1.0000e+02 -1.7000e+02 4.1841e-01
1.0000e+02 -1.6000e+02 -3.5433e+00
1.0000e+02 -1.5000e+02 -1.3490e+00
1.0000e+02 -1.4000e+02 -4.0044e-01
1.0000e+02 -1.3000e+02 -2.2212e+00
1.0000e+02 -1.2000e+02 -2.0506e-01
1.0000e+02 -1.1000e+02 1.5840e-01
1.0000e+02 -1.0000e+02 -1.2554e+00
1.0000e+02 -9.0000e+01 3.7019e-01
1.0000e+02 -8.0000e+01 7.3806e-01
1.0000e+02 -7.0000e+01 -1.1733e-02
1.0000e+02 -6.0000e+01 -3.1400e+00
1.0000e+02 -5.0000e+01 -1.2624e+00
1.0000e+02 -4.0000e+01 -6.6298e+00
1.0000e+02 -3.0000e+01 -1.4144e+00
1.0000e+02 -2.0000e+01 -3.5096e+00
1.0000e+02 -1.0000e+01 -4.5563e+00
1.0000e+02 0.0000e+00 -2.7322e+00
1.0000e+02 1.0000e+01 -1.4349e+00
1.0000e+02 2.0000e+01 -3.1564e+00
1.0000e+02 3.0000e+01 -3.3883e+00
1.0000e+02 4.0000e+01 -2.2163e+00
1.0000e+02 5.0000e+01 -2.0765e+00
1.0000e+02 6.0000e+01 -3.4994e+00
1.0000e+02 7.0000e+01 -1.4343e+00
1.0000e+02 8.0000e+01 -8.3173e-01
1.0000e+02 9.0000e+01 3.7234e-01
1.0000e+02 1.0000e+02 2.1730e+00
1.0000e+02 1.1000e+02 -1.4361e+00
1.0000e+02 1.2000e+02 3.1926e+00
1.0000e+02 1.3000e+02 2.9092e-01
1.0000e+02 1.4000e+02 4.9126e-01
1.0000e+02 1.5000e+02 1.1563e+00
1.0000e+02 1.6000e+02 6.2111e-01
1.0000e+02 1.7000e+02 1.5783e+00
1.0000e+02 1.8000e+02 1.0549e+00
1.0000e+02 1.9000e+02 -1.1765e+00
1.0000e+02 2.0000e+02 -7.6208e-01
1.1000e+02 -2.0000e+02 -3.8240e-01
1.1000e+02 -1.9000e+02 -4.0065e-01
1.1000e+02 -1.8000e+02 -9.3735e-01
1.1000e+02 -1.7000e+02 -1.7268e+00
1.1000e+02 -1.6000e+02 -8.4612e-01
1.1000e+02 -1.5000e+02 -1.2213e-02
1.1000e+02 -1.4000e+02 3.8319e-02
1.1000e+02 -1.3000e+02 -1.3819e-01
1.1000e+02 -1.2000e+02 3.7382e-01
1.1000e+02 -1.1000e+02 4.9682e-01
1.1000e+02 -1.0000e+02 9.8215e-01
1.1000e+02 -9.0000e+01 -2.3044e+00
1.1000e+02 -8.0000e+01 1.5317e+00
1.1000e+02 -7.0000e+01 -7.8644e-01
1.1000e+02 -6.0000e+01 -1.0041e+00
1.1000e+02 -5.0000e+01 -1.0735e+00
1.1000e+02 -4.0000e+01 -7.2032e-01
1.1000e+02 -3.0000e+01 -2.5144e+00
1.1000e+02 -2.0000e+01 -4.4539e+00
1.1000e+02 -1.0000e+01 -4.4583e+00
1.1000e+02 0.0000e+00 -3.1449e+00
1.1000e+02 1.0000e+01 -5.4040e-01
1.1000e+02 2.0000e+01 -2.1192e+00
1.1000e+02 3.0000e+01 -8.8803e-01
1.1000e+02 4.0000e+01 -3.3679e-01
1.1000e+02 5.0000e+01 -2.1594e+00
1.1000e+02 6.0000e+01 -1.1186e+00
1.1000e+02 7.0000e+01 7.7238e-01
1.1000e+02 8.0000e+01 1.1198e+00
1.1000e+02 9.0000e+01 -2.4741e-01
1.1000e+02 1.0000e+02 1.3323e-01
1.1000e+02 1.1000e+02 3.4230e+00
1.1000e+02 1.2000e+02 -9.1537e-01
1.1000e+02 1.3000e+02 2.2563e-01
1.1000e+02 1.4000e+02 -4.1394e+00
1.1000e+02 1.5000e+02 -1.8067e+00
1.1000e+02 1.6000e+02 7.0808e-01
1.1000e+02 1.7000e+02 1.3310e+00
1.1000e+02 1.8000e+02 2.5771e+00
1.1000e+02 1.9000e+02 -1.4720e+00
1.1000e+02 2.0000e+02 -1.3038e+00
1.2000e+02 -2.0000e+02 -5.4403e-01
1.2000e+02 -1.9000e+02 -3.9440e-01
1.2000e+02 -1.8000e+02 1.5964e-01
1.2000e+02 -1.7000e+02 1.4042e-01
1.2000e+02 -1.6000e+02 2.4611e+00
1.2000e+02 -1.5000e+02 -2.1305e+00
1.2000e+02 -1.4000e+02 -3.6378e-01
1.2000e+02 -1.3000e+02 4.5509e-01
1.2000e+02 -1.2000e+02 -1.0562e+00
1.2000e+02 -1.1000e+02 1.0477e+00
1.2000e+02 -1.0000e+02 -2.2326e+00
1.2000e+02 -9.0000e+01 -9.5298e-01
1.2000e+02 -8.0000e+01 -1.1511e+00
1.2000e+02 -7.0000e+01 -4.1866e-01
1.2000e+02 -6.0000e+01 -1.1887e+00
1.2000e+02 -5.0000e+01 9.8758e-02
1.2000e+02 -4.0000e+01 -2.6915e+00
1.2000e+02 -3.0000e+01 5.4621e-01
1.2000e+02 -2.0000e+01 -6.5169e-02
1.2000e+02 -1.0000e+01 -1.3548e+00
1.2000e+02 0.0000e+00 -1.9724e+00
1.2000e+02 1.0000e+01 -1.1100e+00
1.2000e+02 2.0000e+01 1.2808e+00
1.2000e+02 3.0000e+01 -3.5254e+00
1.2000e+02 4.0000e+01 -1.0067e+00
1.2000e+02 5.0000e+01 -1.2517e+00
1.2000e+02 6.0000e+01 -1.4689e+00
1.2000e+02 7.0000e+01 2.2423e-01
1.2000e+02 8.0000e+01 1.6928e-01
1.2000e+02 9.0000e+01 1.9076e+00
1.2000e+02 1.0000e+02 3.0789e-01
1.2000e+02 1.1000e+02 -1.3108e+00
1.2000e+02 1.2000e+02 2.9444e+00
1.2000e+02 1.3000e+02 -2.2108e+00
1.2000e+02 1.4000e+02 -5.2275e-01
1.2000e+02 1.5000e+02 -2.7369e+00
1.2000e+02 1.6000e+02 -3.7153e-01
1.2000e+02 1.7000e+02 1.4341e+00
1.2000e+02 1.8000e+02 1.2833e+00
1.2000e+02 1.9000e+02 -5.2535e-01
1.2000e+02 2.0000e+02 7.2055e-01
1.3000e+02 -2.0000e+02 -9.7770e-01
1.3000e+02 -1.9000e+02 -5.2122e-01
1.3000e+02 -1.8000e+02 -1.8144e+00
1.3000e+02 -1.7000e+02 8.8653e-02
1.3000e+02 -1.6000e+02 -1.0867e+00
1.3000e+02 -1.5000e+02 -5.2341e-01
1.3000e+02 -1.4000e+02 -1.5341e+00
1.3000e+02 -1.3000e+02 5.8693e-01
1.3000e+02 -1.2000e+02 -3.3253e+00
1.3000e+02 -1.1000e+02 -1.7363e+00
1.3000e+02 -1.0000e+02 -9.1599e-01
1.3000e+02 -9.0000e+01 -8.2576e-03
1.3000e+02 -8.0000e+01 7.8582e-01
1.3000e+02 -7.0000e+01 -1.1954e+00
1.3000e+02 -6.0000e+01 1.2782e-01
1.3000e+02 -5.0000e+01 1.3319e+00
1.3000e+02 -4.0000e+01 8.9846e-01
1.3000e+02 -3.0000e+01 -5.7463e-01
1.3000e+02 -2.0000e+01 -2.7636e+00
1.3000e+02 -1.0000e+01 -7.8219e-01
1.3000e+02 0.0000e+00 -6.9962e-01
1.3000e+02 1.0000e+01 -1.9391e+00
1.3000e+02 2.0000e+01 2.4797e-01
1.3000e+02 3.0000e+01 1.1618e+00
1.3000e+02 4.0000e+01 1.0972e+00
1.3000e+02 5.0000e+01 -1.7484e+00
1.3000e+02 6.0000e+01 -7.2707e-01
1.3000e+02 7.0000e+01 4.8809e-01
1.3000e+02 8.0000e+01 -2.9407e+00
1.3000e+02 9.0000e+01 1.6342e+00
1.3000e+02 1.0000e+02 1.9742e+00
1.3000e+02 1.1000e+02 -9.3698e-01
1.3000e+02 1.2000e+02 -1.6032e+00
1.3000e+02 1.3000e+02 -8.4881e-01
1.3000e+02 1.4000e+02 -9.4978e-01
1.3000e+02 1.5000e+02 -1.1111e+00
1.3000e+02 1.6000e+02 1.6092e+00
1.3000e+02 1.7000e+02 6.6032e-01
1.3000e+02 1.8000e+02 6.3929e-02
1.3000e+02 1.9000e+02 1.7406e+00
1.3000e+02 2.0000e+02 3.8589e-01
1.4000e+02 -2.0000e+02 -6.4775e-01
1.4000e+02 -1.9000e+02 -3.0924e+00
1.4000e+02 -1.8000e+02 -1.7053e+00
1.4000e+02 -1.7000e+02 -1.3589e+00
1.4000e+02 -1.6000e+02 -2.5662e+00
1.4000e+02 -1.5000e+02 1.1321e+00
1.4000e+02 -1.4000e+02 -8.2260e-01
1.4000e+02 -1.3000e+02 3.2155e-01
1.4000e+02 -1.2000e+02 2.2788e-01
1.4000e+02 -1.1000e+02 -1.7891e+00
1.4000e+02 -1.0000e+02 -2.0479e+00
1.4000e+02 -9.0000e+01 1.1194e+00
1.4000e+02 -8.0000e+01 -2.4325e-01
1.4000e+02 -7.0000e+01 -5.8078e-01
1.4000e+02 -6.0000e+01 -8.7625e-03
1.4000e+02 -5.0000e+01 -2.7342e+00
1.4000e+02 -4.0000e+01 2.3034e+00
1.4000e+02 -3.0000e+01 -4.3014e+00
1.4000e+02 -2.0000e+01 -2.4695e+00
1.4000e+02 -1.0000e+01 2.2580e-01
1.4000e+02 0.0000e+00 -1.4503e+00
1.4000e+02 1.0000e+01 -1.3671e+00
1.4000e+02 2.0000e+01 7.5584e-01
1.4000e+02 3.0000e+01 -1.7171e+00
1.4000e+02 4.0000e+01 -2.2453e-01
1.4000e+02 5.0000e+01 9.7399e-01
1.4000e+02 6.0000e+01 1.0905e+00
1.4000e+02 7.0000e+01 4.2103e-01
1.4000e+02 8.0000e+01 -6.6529e-01
1.4000e+02 9.0000e+01 -3.2364e-01
1.4000e+02 1.0000e+02 -1.9856e+00
1.4000e+02 1.1000e+02 6.2262e-01
1.4000e+02 1.2000e+02 6.7125e-01
1.4000e+02 1.3000e+02 -5.1742e-01
1.4000e+02 1.4000e+02 1.5303e+00
1.4000e+02 1.5000e+02 1.5919e-01
1.4000e+02 1.6000e+02 -1.1872e+00
1.4000e+02 1.7000e+02 -1.5802e+00
1.4000e+02 1.8000e+02 1.8265e+00
1.4000e+02 1.9000e+02 1.3993e+00
1.4000e+02 2.0000e+02 -2.7954e-01
1.5000e+02 -2.0000e+02 -5.7972e-03
1.5000e+02 -1.9000e+02 -9.8853e-01
1.5000e+02 -1.8000e+02 -1.1126e+00
1.5000e+02 -1.7000e+02 -1.2656e+00
1.5000e+02 -1.6000e+02 3.1827e+00
1.5000e+02 -1.5000e+02 2.4174e+00
1.5000e+02 -1.4000e+02 -8.7103e-01
1.5000e+02 -1.3000e+02 -8.3663e-01
1.5000e+02 -1.2000e+02 1.7767e+00
1.5000e+02 -1.1000e+02 4.6587e+00
1.5000e+02 -1.0000e+02 1.2585e+00
1.5000e+02 -9.0000e+01 -8.9916e-01
1.5000e+02 -8.0000e+01 9.4069e-01
1.5000e+02 -7.0000e+01 2.0716e+00
1.5000e+02 -6.0000e+01 -2.5084e+00
1.5000e+02 -5.0000e+01 -1.6544e+00
1.5000e+02 -4.0000e+01 -1.7492e+00
1.5000e+02 -3.0000e+01 1.9800e-01
1.5000e+02 -2.0000e+01 -2.1267e+00
1.5000e+02 -1.0000e+01 -3.7939e+00
1.5000e+02 0.0000e+00 1.1439e+00
1.5000e+02 1.0000e+01 5.0376e-01
1.5000e+02 2.0000e+01 -1.1290e+00
1.5000e+02 3.0000e+01 -1.4416e+00
1.5000e+02 4.0000e+01 -8.3704e-01
1.5000e+02 5.0000e+01 -1.3772e+00
1.5000e+02 6.0000e+01 5.0530e-01
1.5000e+02 7.0000e+01 1.3608e+00
1.5000e+02 8.0000e+01 -1.7280e+00
1.5000e+02 9.0000e+01 1.6019e-01
1.5000e+02 1.0000e+02 6.5129e-01
1.5000e+02 1.1000e+02 -2.1329e+00
1.5000e+02 1.2000e+02 -4.2879e-02
1.5000e+02 1.3000e+02 -5.6318e-01
1.5000e+02 1.4000e+02 -2.2571e+00
1.5000e+02 1.5000e+02 -7.5434e-01
1.5000e+02 1.6000e+02 1.2069e-01
1.5000e+02 1.7000e+02 -8.6728e-01
1.5000e+02 1.8000e+02 2.4496e+00
1.5000e+02 1.9000e+02 -1.0413e+00
1.5000e+02 2.0000e+02 1.1703e+00
1.6000e+02 -2.0000e+02 1.7736e-01
1.6000e+02 -1.9000e+02 -2.4954e+00
1.6000e+02 -1.8000e+02 -1.4651e+00
1.6000e+02 -1.7000e+02 9.6750e-01
1.6000e+02 -1.6000e+02 3.1441e+00
1.6000e+02 -1.5000e+02 -2.2227e+00
1.6000e+02 -1.4000e+02 2.1097e-02
1.6000e+02 -1.3000e+02 2.6445e+00
1.6000e+02 -1.2000e+02 -1.0293e+00
1.6000e+02 -1.1000e+02 -1.9144e+00
1.6000e+02 -1.0000e+02 -3.1010e+00
1.6000e+02 -9.0000e+01 2.9010e+00
1.6000e+02 -8.0000e+01 -2.2079e+00
1.6000e+02 -7.0000e+01 -6.9175e-01
1.6000e+02 -6.0000e+01 4.8623e-01
1.6000e+02 -5.0000e+01 -1.3492e+00
1.6000e+02 -4.0000e+01 1.5499e+00
1.6000e+02 -3.0000e+01 -2.8019e-01
1.6000e+02 -2.0000e+01 -1.3522e+00
1.6000e+02 -1.0000e+01 -9.7331e-01
1.6000e+02 0.0000e+00 -1.4889e-01
1.6000e+02 1.0000e+01 1.2355e+00
1.6000e+02 2.0000e+01 5.0637e-01
1.6000e+02 3.0000e+01 -3.6322e+00
1.6000e+02 4.0000e+01 -1.6170e+00
1.6000e+02 5.0000e+01 -1.5190e-01
1.6000e+02 6.0000e+01 -1.2591e-01
1.6000e+02 7.0000e+01 5.8926e-01
1.6000e+02 8.0000e+01 -9.4577e-01
1.6000e+02 9.0000e+01 1.2283e+00
1.6000e+02 1.0000e+02 1.0733e+00
1.6000e+02 1.1000e+02 -8.3707e-01
1.6000e+02 1.2000e+02 2.0256e-01
1.6000e+02 1.3000e+02 7.0440e-01
1.6000e+02 1.4000e+02 -2.4866e+00
1.6000e+02 1.5000e+02 -2.7880e-01
1.6000e+02 1.6000e+02 -2.5464e+00
1.6000e+02 1.7000e+02 9.6309e-01
1.6000e+02 1.8000e+02 7.6677e-01
1.6000e+02 1.9000e+02 -2.7501e+00
1.6000e+02 2.0000e+02 1.3105e+00
1.7000e+02 -2.0000e+02 -2.0742e+00
1.7000e+02 -1.9000e+02 7.5794e-01
1.7000e+02 -1.8000e+02 9.8939e-01
1.7000e+02 -1.7000e+02 -1.7389e+00
1.7000e+02 -1.6000e+02 -2.2602e-01
1.7000e+02 -1.5000e+02 -3.3011e+00
1.7000e+02 -1.4000e+02 1.9912e+00
1.7000e+02 -1.3000e+02 2.4785e+00
1.7000e+02 -1.2000e+02 -1.9179e+00
1.7000e+02 -1.1000e+02 -2.0874e+00
1.7000e+02 -1.0000e+02 2.2156e+00
1.7000e+02 -9.0000e+01 4.9425e-02
1.7000e+02 -8.0000e+01 -2.2372e+00
1.7000e+02 -7.0000e+01 -2.5710e+00
1.7000e+02 -6.0000e+01 -3.9259e-01
1.7000e+02 -5.0000e+01 -2.3405e+00
1.7000e+02 -4.0000e+01 -2.2253e+00
1.7000e+02 -3.0000e+01 2.1902e+00
1.7000e+02 -2.0000e+01 4.5661e-01
1.7000e+02 -1.0000e+01 -2.4072e+00
1.7000e+02 0.0000e+00 -1.4636e+00
1.7000e+02 1.0000e+01 3.3125e-01
1.7000e+02 2.0000e+01 -7.8585e-01
1.7000e+02 3.0000e+01 -2.0759e+00
1.7000e+02 4.0000e+01 1.3976e+00
1.7000e+02 5.0000e+01 2.0930e+00
1.7000e+02 6.0000e+01 -1.0400e+00
1.7000e+02 7.0000e+01 1.0652e+00
1.7000e+02 8.0000e+01 1.6432e+00
1.7000e+02 9.0000e+01 -1.5084e+00
1.7000e+02 1.0000e+02 1.2731e+00
1.7000e+02 1.1000e+02 -2.0685e+00
1.7000e+02 1.2000e+02 2.0430e-01
1.7000e+02 1.3000e+02 -1.7965e+00
1.7000e+02 1.4000e+02 1.3615e+00
1.7000e+02 1.5000e+02 2.8046e+00
1.7000e+02 1.6000e+02 2.6273e+00
1.7000e+02 1.7000e+02 -7.3028e-01
1.7000e+02 1.8000e+02 8.8583e-01
1.7000e+02 1.9000e+02 1.6957e+00
1.7000e+02 2.0000e+02 -1.5142e-01
1.8000e+02 -2.0000e+02 -2.8269e+00
1.8000e+02 -1.9000e+02 -2.8515e+00
1.8000e+02 -1.8000e+02 1.8281e-01
1.8000e+02 -1.7000e+02 -2.6438e-01
1.8000e+02 -1.6000e+02 1.0416e+00
1.8000e+02 -1.5000e+02 -2.6502e-01
1.8000e+02 -1.4000e+02 -5.9965e-01
1.8000e+02 -1.3000e+02 2.5049e+00
1.8000e+02 -1.2000e+02 -3.4149e-01
1.8000e+02 -1.1000e+02 2.5418e-01
1.8000e+02 -1.0000e+02 2.0012e-01
1.8000e+02 -9.0000e+01 5.6181e-01
1.8000e+02 -8.0000e+01 1.0044e+00
1.8000e+02 -7.0000e+01 1.9405e+00
1.8000e+02 -6.0000e+01 -1.8362e+00
1.8000e+02 -5.0000e+01 1.1871e+00
1.8000e+02 -4.0000e+01 6.8664e-01
1.8000e+02 -3.0000e+01 2.2047e+00
1.8000e+02 -2.0000e+01 1.6223e+00
1.8000e+02 -1.0000e+01 -9.3843e-01
1.8000e+02 0.0000e+00 -1.2687e+00
1.8000e+02 1.0000e+01 -1.6420e+00
1.8000e+02 2.0000e+01 7.8912e-01
1.8000e+02 3.0000e+01 7.7029e-01
1.8000e+02 4.0000e+01 -3.8452e+00
1.8000e+02 5.0000e+01 -1.1538e+00
1.8000e+02 6.0000e+01 6.8238e-01
1.8000e+02 7.0000e+01 3.2603e-01
1.8000e+02 8.0000e+01 -1.8719e+00
1.8000e+02 9.0000e+01 1.8419e+00
1.8000e+02 1.0000e+02 1.3539e+00
1.8000e+02 1.1000e+02 -3.1568e+00
1.8000e+02 1.2000e+02 1.3523e+00
1.8000e+02 1.3000e+02 -1.1199e+00
1.8000e+02 1.4000e+02 -2.0211e+00
1.8000e+02 1.5000e+02 1.5878e+00
1.8000e+02 1.6000e+02 5.9980e-01
1.8000e+02 1.7000e+02 8.8166e-02
1.8000e+02 1.8000e+02 9.2894e-01
1.8000e+02 1.9000e+02 1.7919e-01
1.8000e+02 2.0000e+02 7.3626e-02
1.9000e+02 -2.0000e+02 -8.8744e-01
1.9000e+02 -1.9000e+02 -7.8105e-01
1.9000e+02 -1.8000e+02 -2.5815e+00
1.9000e+02 -1.7000e+02 -2.4603e+00
1.9000e+02 -1.6000e+02 -1.8205e+00
1.9000e+02 -1.5000e+02 9.1242e-01
1.9000e+02 -1.4000e+02 -6.8581e-01
1.9000e+02 -1.3000e+02 -2.2791e-01
1.9000e+02 -1.2000e+02 -1.3995e-02
1.9000e+02 -1.1000e+02 1.2718e+00
1.9000e+02 -1.0000e+02 2.9947e+00
1.9000e+02 -9.0000e+01 -1.2808e+00
1.9000e+02 -8.0000e+01 -2.6137e-01
1.9000e+02 -7.0000e+01 1.5477e+00
1.9000e+02 -6.0000e+01 1.4755e-01
1.9000e+02 -5.0000e+01 2.4947e+00
1.9000e+02 -4.0000e+01 -6.4113e-01
1.9000e+02 -3.0000e+01 1.8076e+00
1.9000e+02 -2.0000e+01 -7.6983e-01
1.9000e+02 -1.0000e+01 2.4835e-01
1.9000e+02 0.0000e+00 2.6674e+00
1.9000e+02 1.0000e+01 -2.0518e-01
1.9000e+02 2.0000e+01 1.1265e+00
1.9000e+02 3.0000e+01 2.2164e+00
1.9000e+02 4.0000e+01 -3.0081e-01
1.9000e+02 5.0000e+01 8.8953e-01
1.9000e+02 6.0000e+01 -6.6503e-02
1.9000e+02 7.0000e+01 8.7596e-01
1.9000e+02 8.0000e+01 3.8190e-01
1.9000e+02 9.0000e+01 1.0480e+00
1.9000e+02 1.0000e+02 -3.4903e-01
1.9000e+02 1.1000e+02 1.8004e+00
1.9000e+02 1.2000e+02 9.2786e-01
1.9000e+02 1.3000e+02 9.5959e-01
1.9000e+02 1.4000e+02 -3.5739e-01
1.9000e+02 1.5000e+02 -3.7717e+00
1.9000e+02 1.6000e+02 -4.9888e-01
1.9000e+02 1.7000e+02 -1.4199e+00
1.9000e+02 1.8000e+02 6.1356e-01
1.9000e+02 1.9000e+02 -5.4779e-01
1.9000e+02 2.0000e+02 2.3065e-01
2.0000e+02 -2.0000e+02 -2.2000e+00
2.0000e+02 -1.9000e+02 1.3564e+00
2.0000e+02 -1.8000e+02 6.2165e-01
2.0000e+02 -1.7000e+02 5.7937e-01
2.0000e+02 -1.6000e+02 2.1962e+00
2.0000e+02 -1.5000e+02 -9.6166e-01
2.0000e+02 -1.4000e+02 -4.7948e+00
2.0000e+02 -1.3000e+02 1.4472e+00
2.0000e+02 -1.2000e+02 3.7372e-01
2.0000e+02 -1.1000e+02 1.8254e-01
2.0000e+02 -1.0000e+02 -1.2863e+00
2.0000e+02 -9.0000e+01 1.4709e+00
2.0000e+02 -8.0000e+01 -6.9168e-01
2.0000e+02 -7.0000e+01 -7.8559e-01
2.0000e+02 -6.0000e+01 -3.6133e-01
2.0000e+02 -5.0000e+01 1.0840e+00
2.0000e+02 -4.0000e+01 -5.5012e-01
2.0000e+02 -3.0000e+01 -2.9145e+00
2.0000e+02 -2.0000e+01 -1.8508e+00
2.0000e+02 -1.0000e+01 -9.2393e-02
2.0000e+02 0.0000e+00 1.9162e+00
2.0000e+02 1.0000e+01 4.7218e-01
2.0000e+02 2.0000e+01 2.6299e+00
2.0000e+02 3.0000e+01 2.8045e-01
2.0000e+02 4.0000e+01 1.6759e+00
2.0000e+02 5.0000e+01 1.3067e+00
2.0000e+02 6.0000e+01 -1.6734e-01
2.0000e+02 7.0000e+01 9.1018e-01
2.0000e+02 8.0000e+01 7.2148e-01
2.0000e+02 9.0000e+01 1.0545e+00
2.0000e+02 1.0000e+02 -1.7587e+00
2.0000e+02 1.1000e+02 -1.0643e+00
2.0000e+02 1.2000e+02 7.2633e-01
2.0000e+02 1.3000e+02 1.8066e+00
2.0000e+02 1.4000e+02 3.6585e-01
2.0000e+02 1.5000e+02 6.7300e-01
2.0000e+02 1.6000e+02 7.5699e-01
2.0000e+02 1.7000e+02 3.0466e-01
2.0000e+02 1.8000e+02 -1.5818e+00
2.0000e+02 1.9000e+02 -2.2225e-01
2.0000e+02 2.0000e+02 3.6305e-01
