-2.0000e+02 -2.0000e+02 7.4098e-01
-2.0000e+02 -1.9000e+02 7.2340e-01
-2.0000e+02 -1.8000e+02 7.7576e-01
-2.0000e+02 -1.7000e+02 5.6745e-01
-2.0000e+02 -1.6000e+02 -3.8838e-01
-2.0000e+02 -1.5000e+02 1.7196e-02
-2.0000e+02 -1.4000e+02 1.7822e+00
-2.0000e+02 -1.3000e+02 -2.8641e+00
-2.0000e+02 -1.2000e+02 -3.6406e-01
-2.0000e+02 -1.1000e+02 -1.7296e-01
-2.0000e+02 -1.0000e+02 -8.5414e-01
-2.0000e+02 -9.0000e+01 -1.9516e+00
-2.0000e+02 -8.0000e+01 -4.1223e-01
-2.0000e+02 -7.0000e+01 -3.0440e-01
-2.0000e+02 -6.0000e+01 -1.5118e-01
-2.0000e+02 -5.0000e+01 4.2309e-01
-2.0000e+02 -4.0000e+01 5.3760e-01
-2.0000e+02 -3.0000e+01 4.2939e-01
-2.0000e+02 -2.0000e+01 4.0523e+00
-2.0000e+02 -1.0000e+01 -1.2337e+00
-2.0000e+02 0.0000e+00 4.3725e-01
-2.0000e+02 1.0000e+01 9.4745e-01
-2.0000e+02 2.0000e+01 2.9487e+00
-2.0000e+02 3.0000e+01 -1.3989e+00
-2.0000e+02 4.0000e+01 1.4296e+00
-2.0000e+02 5.0000e+01 1.5074e+00
-2.0000e+02 6.0000e+01 8.9598e-01
-2.0000e+02 7.0000e+01 9.3672e-01
-2.0000e+02 8.0000e+01 2.5059e-01
-2.0000e+02 9.0000e+01 -1.4852e-01
-2.0000e+02 1.0000e+02 1.1253e+00
-2.0000e+02 1.1000e+02 3.5248e-01
-2.0000e+02 1.2000e+02 -1.6018e+00
-2.0000e+02 1.3000e+02 -1.7373e+00
-2.0000e+02 1.4000e+02 -3.2914e+00
-2.0000e+02 1.5000e+02 4.5139e-01
-2.0000e+02 1.6000e+02 -1.1941e+00
-2.0000e+02 1.7000e+02 1.6993e+00
-2.0000e+02 1.8000e+02 1.7924e+00
-2.0000e+02 1.9000e+02 -4.1617e-01
-2.0000e+02 2.0000e+02 -1.2849e+00
-1.9000e+02 -2.0000e+02 -2.3328e+00
-1.9000e+02 -1.9000e+02 -3.5356e-01
-1.9000e+02 -1.8000e+02 2.5472e-01
-1.9000e+02 -1.7000e+02 1.0748e+00
-1.9000e+02 -1.6000e+02 4.1326e-01
-1.9000e+02 -1.5000e+02 -6.8931e-01
-1.9000e+02 -1.4000e+02 4.6437e-01
-1.9000e+02 -1.3000e+02 1.7710e-01
-1.9000e+02 -1.2000e+02 -1.8797e+00
-1.9000e+02 -1.1000e+02 1.2747e+00
-1.9000e+02 -1.0000e+02 -1.6095e-01
-1.9000e+02 -9.0000e+01 1.5856e+00
-1.9000e+02 -8.0000e+01 1.0540e+00
-1.9000e+02 -7.0000e+01 1.7609e+00
-1.9000e+02 -6.0000e+01 -2.2662e+00
-1.9000e+02 -5.0000e+01 -7.3965e-01
-1.9000e+02 -4.0000e+01 1.3810e+00
-1.9000e+02 -3.0000e+01 -2.5645e+00
-1.9000e+02 -2.0000e+01 3.1323e+00
-1.9000e+02 -1.0000e+01 1.6945e+00
-1.9000e+02 0.0000e+00 -1.6239e+00
-1.9000e+02 1.0000e+01 -1.0432e+00
-1.9000e+02 2.0000e+01 1.5413e+00
-1.9000e+02 3.0000e+01 -1.7911e+00
-1.9000e+02 4.0000e+01 -1.9511e-01
-1.9000e+02 5.0000e+01 -1.2883e+00
-1.9000e+02 6.0000e+01 4.3553e-01
-1.9000e+02 7.0000e+01 -3.5410e-01
-1.9000e+02 8.0000e+01 -3.3031e+00
-1.9000e+02 9.0000e+01 2.4001e+00
-1.9000e+02 1.0000e+02 -9.1277e-01
-1.9000e+02 1.1000e+02 -3.2726e+00
-1.9000e+02 1.2000e+02 2.7477e-02
-1.9000e+02 1.3000e+02 -2.4340e-01
-1.9000e+02 1.4000e+02 8.0996e-01
-1.9000e+02 1.5000e+02 6.3028e-01
-1.9000e+02 1.6000e+02 -1.3939e+00
-1.9000e+02 1.7000e+02 2.3085e+00
-1.9000e+02 1.8000e+02 2.8862e+00
-1.9000e+02 1.9000e+02 9.4804e-01
-1.9000e+02 2.0000e+02 1.0442e+00
-1.8000e+02 -2.0000e+02 -3.8083e-01
-1.8000e+02 -1.9000e+02 3.1375e+00
-1.8000e+02 -1.8000e+02 -4.3333e+00
-1.8000e+02 -1.7000e+02 -8.4318e-01
-1.8000e+02 -1.6000e+02 -1.1130e+00
-1.8000e+02 -1.5000e+02 -6.6865e-01
-1.8000e+02 -1.4000e+02 -2.8364e-02
-1.8000e+02 -1.3000e+02 -2.7644e+00
-1.8000e+02 -1.2000e+02 -3.1372e-01
-1.8000e+02 -1.1000e+02 -6.2674e-01
-1.8000e+02 -1.0000e+02 1.0196e+00
-1.8000e+02 -9.0000e+01 5.4075e+00
-1.8000e+02 -8.0000e+01 -5.7599e-01
-1.8000e+02 -7.0000e+01 5.9187e+00
-1.8000e+02 -6.0000e+01 -1.2458e+00
-1.8000e+02 -5.0000e+01 2.4461e-01
-1.8000e+02 -4.0000e+01 1.2378e+00
-1.8000e+02 -3.0000e+01 1.4639e+00
-1.8000e+02 -2.0000e+01 1.3896e+00
-1.8000e+02 -1.0000e+01 1.9712e-02
-1.8000e+02 0.0000e+00 -3.8433e-01
-1.8000e+02 1.0000e+01 -1.2794e+00
-1.8000e+02 2.0000e+01 -1.4576e-01
-1.8000e+02 3.0000e+01 -1.3361e+00
-1.8000e+02 4.0000e+01 -1.5367e+00
-1.8000e+02 5.0000e+01 1.4404e+00
-1.8000e+02 6.0000e+01 -1.3091e+00
-1.8000e+02 7.0000e+01 3.8633e-01
-1.8000e+02 8.0000e+01 -1.7373e+00
-1.8000e+02 9.0000e+01 7.8450e-01
-1.8000e+02 1.0000e+02 -4.3874e-01
-1.8000e+02 1.1000e+02 1.2172e+00
-1.8000e+02 1.2000e+02 -1.3877e+00
-1.8000e+02 1.3000e+02 -1.6697e+00
-1.8000e+02 1.4000e+02 -2.1653e-01
-1.8000e+02 1.5000e+02 -5.8060e-01
-1.8000e+02 1.6000e+02 1.5041e-02
-1.8000e+02 1.7000e+02 6.4292e-02
-1.8000e+02 1.8000e+02 -5.9900e-01
-1.8000e+02 1.9000e+02 6.1874e-02
-1.8000e+02 2.0000e+02 -1.2595e+00
-1.7000e+02 -2.0000e+02 -1.0289e+00
-1.7000e+02 -1.9000e+02 -1.4384e+00
-1.7000e+02 -1.8000e+02 -9.1682e-01
-1.7000e+02 -1.7000e+02 -4.1357e+00
-1.7000e+02 -1.6000e+02 -1.3496e+00
-1.7000e+02 -1.5000e+02 3.2200e-01
-1.7000e+02 -1.4000e+02 1.5471e-01
-1.7000e+02 -1.3000e+02 1.0552e+00
-1.7000e+02 -1.2000e+02 1.0193e+00
-1.7000e+02 -1.1000e+02 -2.6166e+00
-1.7000e+02 -1.0000e+02 1.1241e+00
-1.7000e+02 -9.0000e+01 3.1443e-01
-1.7000e+02 -8.0000e+01 1.0377e+00
-1.7000e+02 -7.0000e+01 1.3777e-01
-1.7000e+02 -6.0000e+01 1.0863e+00
-1.7000e+02 -5.0000e+01 -1.1202e+00
-1.7000e+02 -4.0000e+01 7.1823e-01
-1.7000e+02 -3.0000e+01 2.2021e+00
-1.7000e+02 -2.0000e+01 -1.8858e+00
-1.7000e+02 -1.0000e+01 -6.5697e-02
-1.7000e+02 0.0000e+00 1.3311e+00
-1.7000e+02 1.0000e+01 1.6232e+00
-1.7000e+02 2.0000e+01 -4.9233e-02
-1.7000e+02 3.0000e+01 -1.3232e+00
-1.7000e+02 4.0000e+01 -1.1327e+00
-1.7000e+02 5.0000e+01 -1.4057e+00
-1.7000e+02 6.0000e+01 2.4396e+00
-1.7000e+02 7.0000e+01 -1.4999e-01
-1.7000e+02 8.0000e+01 -1.0237e+00
-1.7000e+02 9.0000e+01 8.5788e-01
-1.7000e+02 1.0000e+02 -1.4920e+00
-1.7000e+02 1.1000e+02 -2.9603e+00
-1.7000e+02 1.2000e+02 1.1860e+00
-1.7000e+02 1.3000e+02 -1.4926e+00
-1.7000e+02 1.4000e+02 1.2285e-01
-1.7000e+02 1.5000e+02 -4.2471e+00
-1.7000e+02 1.6000e+02 -1.2138e+00
-1.7000e+02 1.7000e+02 4.6477e-01
-1.7000e+02 1.8000e+02 -4.6814e-01
-1.7000e+02 1.9000e+02 -6.7610e-01
-1.7000e+02 2.0000e+02 -2.9504e-01
-1.6000e+02 -2.0000e+02 -1.0867e+00
-1.6000e+02 -1.9000e+02 9.4812e-01
-1.6000e+02 -1.8000e+02 6.1116e-01
-1.6000e+02 -1.7000e+02 -8.2796e-01
-1.6000e+02 -1.6000e+02 8.9308e-01
-1.6000e+02 -1.5000e+02 1.5128e+00
-1.6000e+02 -1.4000e+02 -1.0739e+00
-1.6000e+02 -1.3000e+02 -1.3473e-01
-1.6000e+02 -1.2000e+02 9.0616e-01
-1.6000e+02 -1.1000e+02 -2.7845e-01
-1.6000e+02 -1.0000e+02 8.8661e-01
-1.6000e+02 -9.0000e+01 4.9546e-02
-1.6000e+02 -8.0000e+01 4.6312e+00
-1.6000e+02 -7.0000e+01 1.2233e+00
-1.6000e+02 -6.0000e+01 -7.9145e-01
-1.6000e+02 -5.0000e+01 2.2952e+00
-1.6000e+02 -4.0000e+01 -6.6495e-01
-1.6000e+02 -3.0000e+01 -2.6818e+00
-1.6000e+02 -2.0000e+01 1.0371e+00
-1.6000e+02 -1.0000e+01 7.1062e-01
-1.6000e+02 0.0000e+00 -2.1369e+00
-1.6000e+02 1.0000e+01 -6.6515e-01
-1.6000e+02 2.0000e+01 -1.7955e+00
-1.6000e+02 3.0000e+01 -9.3762e-02
-1.6000e+02 4.0000e+01 1.1211e+00
-1.6000e+02 5.0000e+01 1.7896e+00
-1.6000e+02 6.0000e+01 1.2956e+00
-1.6000e+02 7.0000e+01 -3.4214e+00
-1.6000e+02 8.0000e+01 -9.6651e-01
-1.6000e+02 9.0000e+01 -1.5083e+00
-1.6000e+02 1.0000e+02 2.7737e-01
-1.6000e+02 1.1000e+02 -3.6844e-01
-1.6000e+02 1.2000e+02 -3.8446e-01
-1.6000e+02 1.3000e+02 -7.3758e-01
-1.6000e+02 1.4000e+02 -1.5160e+00
-1.6000e+02 1.5000e+02 1.0177e+00
-1.6000e+02 1.6000e+02 -1.9097e+00
-1.6000e+02 1.7000e+02 2.7342e+00
-1.6000e+02 1.8000e+02 -1.3192e+00
-1.6000e+02 1.9000e+02 -3.5554e-01
-1.6000e+02 2.0000e+02 1.6690e+00
-1.5000e+02 -2.0000e+02 4.7719e-01
-1.5000e+02 -1.9000e+02 -4.2710e-01
-1.5000e+02 -1.8000e+02 1.1342e+00
-1.5000e+02 -1.7000e+02 -9.1055e-01
-1.5000e+02 -1.6000e+02 5.5180e-01
-1.5000e+02 -1.5000e+02 1.0722e+00
-1.5000e+02 -1.4000e+02 7.3009e-01
-1.5000e+02 -1.3000e+02 -1.7720e+00
-1.5000e+02 -1.2000e+02 7.5330e-01
-1.5000e+02 -1.1000e+02 -6.3354e-01
-1.5000e+02 -1.0000e+02 -1.5265e+00
-1.5000e+02 -9.0000e+01 1.8294e+00
-1.5000e+02 -8.0000e+01 2.8130e-01
-1.5000e+02 -7.0000e+01 -1.3465e+00
-1.5000e+02 -6.0000e+01 9.4882e-01
-1.5000e+02 -5.0000e+01 -1.2511e+00
-1.5000e+02 -4.0000e+01 6.7876e-01
-1.5000e+02 -3.0000e+01 -4.1949e-01
-1.5000e+02 -2.0000e+01 1.1084e+00
-1.5000e+02 -1.0000e+01 2.3443e-01
-1.5000e+02 0.0000e+00 -3.0721e+00
-1.5000e+02 1.0000e+01 -1.4682e+00
-1.5000e+02 2.0000e+01 2.6462e+00
-1.5000e+02 3.0000e+01 -2.7014e-02
-1.5000e+02 4.0000e+01 -4.3085e-01
-1.5000e+02 5.0000e+01 -2.7819e-01
-1.5000e+02 6.0000e+01 2.8521e+00
-1.5000e+02 7.0000e+01 -2.1787e-01
-1.5000e+02 8.0000e+01 -2.0761e+00
-1.5000e+02 9.0000e+01 -3.9313e-01
-1.5000e+02 1.0000e+02 -3.1350e-01
-1.5000e+02 1.1000e+02 -1.1389e+00
-1.5000e+02 1.2000e+02 4.2298e-01
-1.5000e+02 1.3000e+02 -1.6020e+00
-1.5000e+02 1.4000e+02 1.0608e+00
-1.5000e+02 1.5000e+02 1.5628e+00
-1.5000e+02 1.6000e+02 -1.1019e+00
-1.5000e+02 1.7000e+02 5.8958e-02
-1.5000e+02 1.8000e+02 -2.0227e+00
-1.5000e+02 1.9000e+02 -1.2692e+00
-1.5000e+02 2.0000e+02 1.9799e+00
-1.4000e+02 -2.0000e+02 3.3818e-02
-1.4000e+02 -1.9000e+02 1.9141e+00
-1.4000e+02 -1.8000e+02 -1.3807e+00
-1.4000e+02 -1.7000e+02 7.5017e-01
-1.4000e+02 -1.6000e+02 3.4417e-01
-1.4000e+02 -1.5000e+02 -2.9477e+00
-1.4000e+02 -1.4000e+02 -8.7055e-01
-1.4000e+02 -1.3000e+02 3.0307e+00
-1.4000e+02 -1.2000e+02 -3.0792e+00
-1.4000e+02 -1.1000e+02 1.4232e-01
-1.4000e+02 -1.0000e+02 -1.4096e+00
-1.4000e+02 -9.0000e+01 -1.2536e+00
-1.4000e+02 -8.0000e+01 -7.5747e-01
-1.4000e+02 -7.0000e+01 -3.8546e+00
-1.4000e+02 -6.0000e+01 2.6033e+00
-1.4000e+02 -5.0000e+01 -1.7330e+00
-1.4000e+02 -4.0000e+01 2.2436e+00
-1.4000e+02 -3.0000e+01 6.4285e-01
-1.4000e+02 -2.0000e+01 1.4140e+00
-1.4000e+02 -1.0000e+01 -1.8533e+00
-1.4000e+02 0.0000e+00 -1.8144e+00
-1.4000e+02 1.0000e+01 -3.6068e+00
-1.4000e+02 2.0000e+01 -3.4491e+00
-1.4000e+02 3.0000e+01 -1.9981e+00
-1.4000e+02 4.0000e+01 1.0201e+00
-1.4000e+02 5.0000e+01 -1.9491e+00
-1.4000e+02 6.0000e+01 1.1864e+00
-1.4000e+02 7.0000e+01 -1.3943e+00
-1.4000e+02 8.0000e+01 1.0892e-01
-1.4000e+02 9.0000e+01 1.7902e+00
-1.4000e+02 1.0000e+02 -1.8310e+00
-1.4000e+02 1.1000e+02 1.6636e+00
-1.4000e+02 1.2000e+02 -2.2139e-01
-1.4000e+02 1.3000e+02 1.0678e+00
-1.4000e+02 1.4000e+02 -1.3893e+00
-1.4000e+02 1.5000e+02 3.0527e-01
-1.4000e+02 1.6000e+02 -2.7503e+00
-1.4000e+02 1.7000e+02 -7.1105e-01
-1.4000e+02 1.8000e+02 -5.9401e-01
-1.4000e+02 1.9000e+02 -6.9865e-01
-1.4000e+02 2.0000e+02 2.8076e-01
-1.3000e+02 -2.0000e+02 4.2837e-01
-1.3000e+02 -1.9000e+02 -6.1399e-01
-1.3000e+02 -1.8000e+02 3.6650e-02
-1.3000e+02 -1.7000e+02 -8.5429e-01
-1.3000e+02 -1.6000e+02 8.9828e-01
-1.3000e+02 -1.5000e+02 -7.9404e-01
-1.3000e+02 -1.4000e+02 -6.8665e-01
-1.3000e+02 -1.3000e+02 4.0542e-02
-1.3000e+02 -1.2000e+02 -1.0641e+00
-1.3000e+02 -1.1000e+02 -7.6534e-01
-1.3000e+02 -1.0000e+02 1.2540e+00
-1.3000e+02 -9.0000e+01 -1.4356e+00
-1.3000e+02 -8.0000e+01 -1.0964e+00
-1.3000e+02 -7.0000e+01 2.2543e+00
-1.3000e+02 -6.0000e+01 -2.3388e+00
-1.3000e+02 -5.0000e+01 8.9226e-01
-1.3000e+02 -4.0000e+01 9.1628e-01
-1.3000e+02 -3.0000e+01 -1.7808e+00
-1.3000e+02 -2.0000e+01 -2.3647e+00
-1.3000e+02 -1.0000e+01 -3.2574e+00
-1.3000e+02 0.0000e+00 -4.2471e-01
-1.3000e+02 1.0000e+01 -2.6977e-01
-1.3000e+02 2.0000e+01 -1.7845e+00
-1.3000e+02 3.0000e+01 -1.1767e+00
-1.3000e+02 4.0000e+01 -1.5404e-01
-1.3000e+02 5.0000e+01 1.6331e+00
-1.3000e+02 6.0000e+01 1.7003e+00
-1.3000e+02 7.0000e+01 -1.7452e+00
-1.3000e+02 8.0000e+01 -2.3767e+00
-1.3000e+02 9.0000e+01 -3.6750e+00
-1.3000e+02 1.0000e+02 -7.3090e-01
-1.3000e+02 1.1000e+02 3.9915e-01
-1.3000e+02 1.2000e+02 2.0045e-01
-1.3000e+02 1.3000e+02 -1.7127e+00
-1.3000e+02 1.4000e+02 -2.1469e+00
-1.3000e+02 1.5000e+02 -1.5539e+00
-1.3000e+02 1.6000e+02 -1.4567e+00
-1.3000e+02 1.7000e+02 1.7931e+00
-1.3000e+02 1.8000e+02 -4.8329e-01
-1.3000e+02 1.9000e+02 -6.9476e-01
-1.3000e+02 2.0000e+02 1.3837e+00
-1.2000e+02 -2.0000e+02 5.1919e-02
-1.2000e+02 -1.9000e+02 1.0930e+00
-1.2000e+02 -1.8000e+02 3.4061e-01
-1.2000e+02 -1.7000e+02 5.5957e-01
-1.2000e+02 -1.6000e+02 1.3842e-01
-1.2000e+02 -1.5000e+02 -1.7233e+00
-1.2000e+02 -1.4000e+02 1.4878e+00
-1.2000e+02 -1.3000e+02 -8.0644e-01
-1.2000e+02 -1.2000e+02 -7.9201e-01
-1.2000e+02 -1.1000e+02 8.7982e-01
-1.2000e+02 -1.0000e+02 2.0135e+00
-1.2000e+02 -9.0000e+01 -6.9799e-01
-1.2000e+02 -8.0000e+01 -1.2499e+00
-1.2000e+02 -7.0000e+01 -1.0721e+00
-1.2000e+02 -6.0000e+01 -1.4070e+00
-1.2000e+02 -5.0000e+01 -2.0617e+00
-1.2000e+02 -4.0000e+01 3.6075e-02
-1.2000e+02 -3.0000e+01 -8.2207e-01
-1.2000e+02 -2.0000e+01 -1.5500e+00
-1.2000e+02 -1.0000e+01 -2.6152e+00
-1.2000e+02 0.0000e+00 -2.7885e+00
-1.2000e+02 1.0000e+01 -3.2893e+00
-1.2000e+02 2.0000e+01 -1.4135e+00
-1.2000e+02 3.0000e+01 -1.4667e+00
-1.2000e+02 4.0000e+01 7.1089e-01
-1.2000e+02 5.0000e+01 -1.3843e+00
-1.2000e+02 6.0000e+01 1.3271e-01
-1.2000e+02 7.0000e+01 1.7484e+00
-1.2000e+02 8.0000e+01 -1.1500e+00
-1.2000e+02 9.0000e+01 4.9045e-01
-1.2000e+02 1.0000e+02 1.2099e+00
-1.2000e+02 1.1000e+02 -3.3283e+00
-1.2000e+02 1.2000e+02 5.2238e-01
-1.2000e+02 1.3000e+02 1.7539e+00
-1.2000e+02 1.4000e+02 4.9600e-01
-1.2000e+02 1.5000e+02 -3.5247e-01
-1.2000e+02 1.6000e+02 1.8612e+00
-1.2000e+02 1.7000e+02 2.1082e-01
-1.2000e+02 1.8000e+02 -2.7925e+00
-1.2000e+02 1.9000e+02 -1.0655e+00
-1.2000e+02 2.0000e+02 2.6246e-01
-1.1000e+02 -2.0000e+02 -5.4084e-01
-1.1000e+02 -1.9000e+02 -1.1073e-01
-1.1000e+02 -1.8000e+02 1.4128e+00
-1.1000e+02 -1.7000e+02 -1.3357e-01
-1.1000e+02 -1.6000e+02 -1.4082e-01
-1.1000e+02 -1.5000e+02 3.7611e-01
-1.1000e+02 -1.4000e+02 -8.4719e-01
-1.1000e+02 -1.3000e+02 -8.2922e-01
-1.1000e+02 -1.2000e+02 -2.7237e+00
-1.1000e+02 -1.1000e+02 3.7756e-01
-1.1000e+02 -1.0000e+02 -2.2171e-01
-1.1000e+02 -9.0000e+01 -9.1554e-01
-1.1000e+02 -8.0000e+01 -2.7653e+00
-1.1000e+02 -7.0000e+01 -2.1137e+00
-1.1000e+02 -6.0000e+01 -1.3424e+00
-1.1000e+02 -5.0000e+01 -1.9552e+00
-1.1000e+02 -4.0000e+01 -1.0298e+00
-1.1000e+02 -3.0000e+01 -4.0481e+00
-1.1000e+02 -2.0000e+01 -2.9021e+00
-1.1000e+02 -1.0000e+01 -2.9560e+00
-1.1000e+02 0.0000e+00 -4.2880e+00
-1.1000e+02 1.0000e+01 -1.6610e+00
-1.1000e+02 2.0000e+01 -2.9502e+00
-1.1000e+02 3.0000e+01 -1.8867e+00
-1.1000e+02 4.0000e+01 -3.4234e-01
-1.1000e+02 5.0000e+01 -2.7071e+00
-1.1000e+02 6.0000e+01 -2.2803e+00
-1.1000e+02 7.0000e+01 -3.6938e+00
-1.1000e+02 8.0000e+01 -2.0092e+00
-1.1000e+02 9.0000e+01 -2.4961e+00
-1.1000e+02 1.0000e+02 -1.7100e+00
-1.1000e+02 1.1000e+02 -5.3858e-02
-1.1000e+02 1.2000e+02 8.6454e-01
-1.1000e+02 1.3000e+02 6.8013e-01
-1.1000e+02 1.4000e+02 -3.4063e+00
-1.1000e+02 1.5000e+02 1.9473e+00
-1.1000e+02 1.6000e+02 9.9962e-01
-1.1000e+02 1.7000e+02 4.2066e-01
-1.1000e+02 1.8000e+02 -1.0030e+00
-1.1000e+02 1.9000e+02 -1.4605e+00
-1.1000e+02 2.0000e+02 1.1829e-01
-1.0000e+02 -2.0000e+02 5.4206e-03
-1.0000e+02 -1.9000e+02 1.7778e+00
-1.0000e+02 -1.8000e+02 2.1343e+00
-1.0000e+02 -1.7000e+02 1.7354e+00
-1.0000e+02 -1.6000e+02 -6.5684e-01
-1.0000e+02 -1.5000e+02 -6.7090e-01
-1.0000e+02 -1.4000e+02 1.4321e+00
-1.0000e+02 -1.3000e+02 -4.2975e-01
-1.0000e+02 -1.2000e+02 -2.6154e+00
-1.0000e+02 -1.1000e+02 -1.7173e+00
-1.0000e+02 -1.0000e+02 -1.6216e+00
-1.0000e+02 -9.0000e+01 -4.1641e-01
-1.0000e+02 -8.0000e+01 -1.7219e+00
-1.0000e+02 -7.0000e+01 -9.8195e-01
-1.0000e+02 -6.0000e+01 -4.3188e+00
-1.0000e+02 -5.0000e+01 -2.4440e+00
-1.0000e+02 -4.0000e+01 -4.3589e+00
-1.0000e+02 -3.0000e+01 -4.3933e+00
-1.0000e+02 -2.0000e+01 -1.6776e+00
-1.0000e+02 -1.0000e+01 -2.6978e+00
-1.0000e+02 0.0000e+00 -1.0744e-01
-1.0000e+02 1.0000e+01 -1.8781e+00
-1.0000e+02 2.0000e+01 -3.6602e+00
-1.0000e+02 3.0000e+01 -1.2519e+00
-1.0000e+02 4.0000e+01 -1.2565e+00
-1.0000e+02 5.0000e+01 -2.2354e+00
-1.0000e+02 6.0000e+01 -2.2673e+00
-1.0000e+02 7.0000e+01 -1.0810e-01
-1.0000e+02 8.0000e+01 -8.8712e-01
-1.0000e+02 9.0000e+01 -1.5282e+00
-1.0000e+02 1.0000e+02 -5.2571e-01
-1.0000e+02 1.1000e+02 -2.3155e+00
-1.0000e+02 1.2000e+02 -7.1318e-01
-1.0000e+02 1.3000e+02 -7.6113e-01
-1.0000e+02 1.4000e+02 -1.2821e+00
-1.0000e+02 1.5000e+02 -2.6600e+00
-1.0000e+02 1.6000e+02 2.9521e+00
-1.0000e+02 1.7000e+02 -1.2914e+00
-1.0000e+02 1.8000e+02 -2.8020e-01
-1.0000e+02 1.9000e+02 2.5385e+00
-1.0000e+02 2.0000e+02 -6.3760e-01
-9.0000e+01 -2.0000e+02 -4.8934e-01
-9.0000e+01 -1.9000e+02 1.3855e+00
-9.0000e+01 -1.8000e+02 -1.5288e+00
-9.0000e+01 -1.7000e+02 1.1280e-01
-9.0000e+01 -1.6000e+02 -1.2065e+00
-9.0000e+01 -1.5000e+02 -2.0173e+00
-9.0000e+01 -1.4000e+02 1.1387e+00
-9.0000e+01 -1.3000e+02 3.2897e+00
-9.0000e+01 -1.2000e+02 1.3886e-01
-9.0000e+01 -1.1000e+02 -9.9871e-01
-9.0000e+01 -1.0000e+02 -1.6235e-01
-9.0000e+01 -9.0000e+01 -1.2878e+00
-9.0000e+01 -8.0000e+01 -1.1296e+00
-9.0000e+01 -7.0000e+01 -7.2890e-01
-9.0000e+01 -6.0000e+01 -2.1806e+00
-9.0000e+01 -5.0000e+01 -3.3488e+00
-9.0000e+01 -4.0000e+01 -6.0214e+00
-9.0000e+01 -3.0000e+01 -2.1668e+00
-9.0000e+01 -2.0000e+01 -2.7574e+00
-9.0000e+01 -1.0000e+01 -5.7841e+00
-9.0000e+01 0.0000e+00 -5.3969e+00
-9.0000e+01 1.0000e+01 -6.4263e+00
-9.0000e+01 2.0000e+01 -4.0074e+00
-9.0000e+01 3.0000e+01 -6.2010e+00
-9.0000e+01 4.0000e+01 -2.4970e+00
-9.0000e+01 5.0000e+01 -3.1233e+00
-9.0000e+01 6.0000e+01 -3.1293e+00
-9.0000e+01 7.0000e+01 -1.8983e+00
-9.0000e+01 8.0000e+01 -4.0930e-01
-9.0000e+01 9.0000e+01 -1.4038e+00
-9.0000e+01 1.0000e+02 -1.0496e+00
-9.0000e+01 1.1000e+02 -1.1399e+00
-9.0000e+01 1.2000e+02 3.1611e-01
-9.0000e+01 1.3000e+02 1.1345e+00
-9.0000e+01 1.4000e+02 -7.7676e-01
-9.0000e+01 1.5000e+02 -2.9955e+00
-9.0000e+01 1.6000e+02 -1.6583e+00
-9.0000e+01 1.7000e+02 -5.9029e-02
-9.0000e+01 1.8000e+02 -1.3448e-01
-9.0000e+01 1.9000e+02 -9.9032e-03
-9.0000e+01 2.0000e+02 2.6594e+00
-8.0000e+01 -2.0000e+02 3.3681e+00
-8.0000e+01 -1.9000e+02 7.1557e-01
-8.0000e+01 -1.8000e+02 -2.0672e+00
-8.0000e+01 -1.7000e+02 -2.7325e+00
-8.0000e+01 -1.6000e+02 -6.0032e-02
-8.0000e+01 -1.5000e+02 1.5584e+00
-8.0000e+01 -1.4000e+02 5.0820e-01
-8.0000e+01 -1.3000e+02 -6.8429e-01
-8.0000e+01 -1.2000e+02 -1.8871e+00
-8.0000e+01 -1.1000e+02 -8.7369e-02
-8.0000e+01 -1.0000e+02 -2.0206e+00
-8.0000e+01 -9.0000e+01 -2.7872e+00
-8.0000e+01 -8.0000e+01 2.1237e-01
-8.0000e+01 -7.0000e+01 5.2532e-01
-8.0000e+01 -6.0000e+01 -4.8893e+00
-8.0000e+01 -5.0000e+01 -9.0409e-01
-8.0000e+01 -4.0000e+01 -2.8648e-01
-8.0000e+01 -3.0000e+01 -3.4050e+00
-8.0000e+01 -2.0000e+01 -6.2348e+00
-8.0000e+01 -1.0000e+01 -4.1992e+00
-8.0000e+01 0.0000e+00 -4.9312e+00
-8.0000e+01 1.0000e+01 -5.5065e+00
-8.0000e+01 2.0000e+01 -2.9727e+00
-8.0000e+01 3.0000e+01 -3.4000e+00
-8.0000e+01 4.0000e+01 -3.9162e+00
-8.0000e+01 5.0000e+01 -4.2825e+00
-8.0000e+01 6.0000e+01 -4.2981e+00
-8.0000e+01 7.0000e+01 -4.8443e+00
-8.0000e+01 8.0000e+01 -3.1617e+00
-8.0000e+01 9.0000e+01 -2.9957e+00
-8.0000e+01 1.0000e+02 -2.8232e-01
-8.0000e+01 1.1000e+02 -5.9086e-01
-8.0000e+01 1.2000e+02 1.6329e+00
-8.0000e+01 1.3000e+02 6.8668e-03
-8.0000e+01 1.4000e+02 2.9720e-01
-8.0000e+01 1.5000e+02 1.0070e-01
-8.0000e+01 1.6000e+02 4.8375e-01
-8.0000e+01 1.7000e+02 1.2212e+00
-8.0000e+01 1.8000e+02 -2.0606e+00
-8.0000e+01 1.9000e+02 -2.2793e-01
-8.0000e+01 2.0000e+02 -1.8959e+00
-7.0000e+01 -2.0000e+02 -2.2904e-01
-7.0000e+01 -1.9000e+02 9.0571e-01
-7.0000e+01 -1.8000e+02 4.9021e-01
-7.0000e+01 -1.7000e+02 1.1490e+00
-7.0000e+01 -1.6000e+02 1.4988e-01
-7.0000e+01 -1.5000e+02 -1.0457e+00
-7.0000e+01 -1.4000e+02 -4.4616e-01
-7.0000e+01 -1.3000e+02 -2.0076e+00
-7.0000e+01 -1.2000e+02 6.8757e-01
-7.0000e+01 -1.1000e+02 -3.3814e+00
-7.0000e+01 -1.0000e+02 -2.2390e+00
-7.0000e+01 -9.0000e+01 -2.1454e+00
-7.0000e+01 -8.0000e+01 -4.7906e+00
-7.0000e+01 -7.0000e+01 -3.3514e+00
-7.0000e+01 -6.0000e+01 -6.4587e+00
-7.0000e+01 -5.0000e+01 -6.6691e+00
-7.0000e+01 -4.0000e+01 -2.1705e+00
-7.0000e+01 -3.0000e+01 -5.8019e+00
-7.0000e+01 -2.0000e+01 -5.5611e+00
-7.0000e+01 -1.0000e+01 -5.9320e+00
-7.0000e+01 0.0000e+00 -6.0269e+00
-7.0000e+01 1.0000e+01 -7.6599e+00
-7.0000e+01 2.0000e+01 -7.7191e+00
-7.0000e+01 3.0000e+01 -5.1242e+00
-7.0000e+01 4.0000e+01 -5.4175e+00
-7.0000e+01 5.0000e+01 -6.3934e+00
-7.0000e+01 6.0000e+01 -1.7820e+00
-7.0000e+01 7.0000e+01 -4.8901e+00
-7.0000e+01 8.0000e+01 -2.9120e+00
-7.0000e+01 9.0000e+01 -1.4403e+00
-7.0000e+01 1.0000e+02 -7.2285e-01
-7.0000e+01 1.1000e+02 -4.7643e+00
-7.0000e+01 1.2000e+02 7.4892e-01
-7.0000e+01 1.3000e+02 1.6462e+00
-7.0000e+01 1.4000e+02 1.0323e+00
-7.0000e+01 1.5000e+02 3.6267e-01
-7.0000e+01 1.6000e+02 -6.0362e-01
-7.0000e+01 1.7000e+02 -3.4647e-01
-7.0000e+01 1.8000e+02 -5.7465e-01
-7.0000e+01 1.9000e+02 6.8609e-03
-7.0000e+01 2.0000e+02 2.0122e+00
-6.0000e+01 -2.0000e+02 -1.5307e+00
-6.0000e+01 -1.9000e+02 1.2846e+00
-6.0000e+01 -1.8000e+02 1.0796e+00
-6.0000e+01 -1.7000e+02 2.3372e+00
-6.0000e+01 -1.6000e+02 -1.0681e+00
-6.0000e+01 -1.5000e+02 -3.0776e+00
-6.0000e+01 -1.4000e+02 -1.8349e+00
-6.0000e+01 -1.3000e+02 1.1021e+00
-6.0000e+01 -1.2000e+02 1.8471e+00
-6.0000e+01 -1.1000e+02 -2.4683e+00
-6.0000e+01 -1.0000e+02 -2.8621e+00
-6.0000e+01 -9.0000e+01 -1.0095e+00
-6.0000e+01 -8.0000e+01 -2.8021e+00
-6.0000e+01 -7.0000e+01 -6.0455e+00
-6.0000e+01 -6.0000e+01 -4.9772e+00
-6.0000e+01 -5.0000e+01 -6.8284e+00
-6.0000e+01 -4.0000e+01 -5.7448e+00
-6.0000e+01 -3.0000e+01 -8.8558e+00
-6.0000e+01 -2.0000e+01 -9.8219e+00
-6.0000e+01 -1.0000e+01 -9.2678e+00
-6.0000e+01 0.0000e+00 -9.3465e+00
-6.0000e+01 1.0000e+01 -7.4261e+00
-6.0000e+01 2.0000e+01 -6.8600e+00
-6.0000e+01 3.0000e+01 -9.5640e+00
-6.0000e+01 4.0000e+01 -8.7968e+00
-6.0000e+01 5.0000e+01 -4.9865e+00
-6.0000e+01 6.0000e+01 -5.4400e+00
-6.0000e+01 7.0000e+01 -2.7531e+00
-6.0000e+01 8.0000e+01 -4.4432e+00
-6.0000e+01 9.0000e+01 -2.5651e+00
-6.0000e+01 1.0000e+02 -4.2844e+00
-6.0000e+01 1.1000e+02 -1.6368e-02
-6.0000e+01 1.2000e+02 -2.9477e+00
-6.0000e+01 1.3000e+02 2.7565e-01
-6.0000e+01 1.4000e+02 -9.9831e-01
-6.0000e+01 1.5000e+02 -2.2819e-01
-6.0000e+01 1.6000e+02 2.2725e+00
-6.0000e+01 1.7000e+02 -1.6166e+00
-6.0000e+01 1.8000e+02 -2.6169e+00
-6.0000e+01 1.9000e+02 1.3170e+00
-6.0000e+01 2.0000e+02 5.0932e-01
-5.0000e+01 -2.0000e+02 1.9162e+00
-5.0000e+01 -1.9000e+02 1.5353e+00
-5.0000e+01 -1.8000e+02 9.2076e-02
-5.0000e+01 -1.7000e+02 7.1454e-01
-5.0000e+01 -1.6000e+02 -2.6147e+00
-5.0000e+01 -1.5000e+02 2.3094e+00
-5.0000e+01 -1.4000e+02 -7.0810e-01
-5.0000e+01 -1.3000e+02 -1.3600e+00
-5.0000e+01 -1.2000e+02 -2.2088e+00
-5.0000e+01 -1.1000e+02 -3.0676e+00
-5.0000e+01 -1.0000e+02 -1.1722e+00
-5.0000e+01 -9.0000e+01 -2.9640e+00
-5.0000e+01 -8.0000e+01 -1.7456e+00
-5.0000e+01 -7.0000e+01 -4.9851e+00
-5.0000e+01 -6.0000e+01 -7.9813e+00
-5.0000e+01 -5.0000e+01 -9.2066e+00
-5.0000e+01 -4.0000e+01 -7.3997e+00
-5.0000e+01 -3.0000e+01 -7.9723e+00
-5.0000e+01 -2.0000e+01 -9.1527e+00
-5.0000e+01 -1.0000e+01 -1.0045e+01
-5.0000e+01 0.0000e+00 -1.1094e+01
-5.0000e+01 1.0000e+01 -1.1984e+01
-5.0000e+01 2.0000e+01 -8.0884e+00
-5.0000e+01 3.0000e+01 -9.2308e+00
-5.0000e+01 4.0000e+01 -8.8703e+00
-5.0000e+01 5.0000e+01 -5.9099e+00
-5.0000e+01 6.0000e+01 -7.3938e+00
-5.0000e+01 7.0000e+01 -7.3657e+00
-5.0000e+01 8.0000e+01 -2.7054e+00
-5.0000e+01 9.0000e+01 -2.2049e+00
-5.0000e+01 1.0000e+02 -3.2551e+00
-5.0000e+01 1.1000e+02 1.2247e-01
-5.0000e+01 1.2000e+02 -2.5241e+00
-5.0000e+01 1.3000e+02 1.4280e-01
-5.0000e+01 1.4000e+02 -3.0489e+00
-5.0000e+01 1.5000e+02 -1.2683e+00
-5.0000e+01 1.6000e+02 -1.4863e+00
-5.0000e+01 1.7000e+02 1.3829e+00
-5.0000e+01 1.8000e+02 -1.0928e+00
-5.0000e+01 1.9000e+02 -4.3662e+00
-5.0000e+01 2.0000e+02 -1.5002e+00
-4.0000e+01 -2.0000e+02 1.4343e+00
-4.0000e+01 -1.9000e+02 1.6583e+00
-4.0000e+01 -1.8000e+02 1.2956e+00
-4.0000e+01 -1.7000e+02 -2.1680e+00
-4.0000e+01 -1.6000e+02 -5.7366e-01
-4.0000e+01 -1.5000e+02 -1.1642e+00
-4.0000e+01 -1.4000e+02 -1.3271e+00
-4.0000e+01 -1.3000e+02 2.2094e-01
-4.0000e+01 -1.2000e+02 -2.5345e+00
-4.0000e+01 -1.1000e+02 -8.1885e-01
-4.0000e+01 -1.0000e+02 -1.4756e+00
-4.0000e+01 -9.0000e+01 -4.2666e+00
-4.0000e+01 -8.0000e+01 -2.1539e+00
-4.0000e+01 -7.0000e+01 -7.0454e+00
-4.0000e+01 -6.0000e+01 -6.4533e+00
-4.0000e+01 -5.0000e+01 -7.4704e+00
-4.0000e+01 -4.0000e+01 -1.1894e+01
-4.0000e+01 -3.0000e+01 -1.0264e+01
-4.0000e+01 -2.0000e+01 -9.6488e+00
-4.0000e+01 -1.0000e+01 -1.2931e+01
-4.0000e+01 0.0000e+00 -9.9969e+00
-4.0000e+01 1.0000e+01 -1.0361e+01
-4.0000e+01 2.0000e+01 -1.1420e+01
-4.0000e+01 3.0000e+01 -1.3981e+01
-4.0000e+01 4.0000e+01 -9.6027e+00
-4.0000e+01 5.0000e+01 -9.5562e+00
-4.0000e+01 6.0000e+01 -5.6532e+00
-4.0000e+01 7.0000e+01 -5.6067e+00
-4.0000e+01 8.0000e+01 -3.2611e+00
-4.0000e+01 9.0000e+01 -8.6179e-02
-4.0000e+01 1.0000e+02 -3.2139e+00
-4.0000e+01 1.1000e+02 -1.9300e+00
-4.0000e+01 1.2000e+02 -5.6624e-01
-4.0000e+01 1.3000e+02 1.1431e+00
-4.0000e+01 1.4000e+02 -2.2692e+00
-4.0000e+01 1.5000e+02 1.0587e+00
-4.0000e+01 1.6000e+02 -3.2462e-01
-4.0000e+01 1.7000e+02 -3.0665e+00
-4.0000e+01 1.8000e+02 2.5148e-01
-4.0000e+01 1.9000e+02 1.0063e+00
-4.0000e+01 2.0000e+02 2.5031e+00
-3.0000e+01 -2.0000e+02 5.2237e-01
-3.0000e+01 -1.9000e+02 2.0057e+00
-3.0000e+01 -1.8000e+02 -2.2592e+00
-3.0000e+01 -1.7000e+02 -1.4199e+00
-3.0000e+01 -1.6000e+02 -2.1906e-01
-3.0000e+01 -1.5000e+02 -1.4182e-01
-3.0000e+01 -1.4000e+02 6.4190e-01
-3.0000e+01 -1.3000e+02 -4.4478e-01
-3.0000e+01 -1.2000e+02 -2.8310e+00
-3.0000e+01 -1.1000e+02 -1.1905e+00
-3.0000e+01 -1.0000e+02 -5.2994e-01
-3.0000e+01 -9.0000e+01 -4.1472e+00
-3.0000e+01 -8.0000e+01 -4.0407e+00
-3.0000e+01 -7.0000e+01 -5.8516e+00
-3.0000e+01 -6.0000e+01 -9.1644e+00
-3.0000e+01 -5.0000e+01 -1.1288e+01
-3.0000e+01 -4.0000e+01 -1.1231e+01
-3.0000e+01 -3.0000e+01 -1.2244e+01
-3.0000e+01 -2.0000e+01 -1.1542e+01
-3.0000e+01 -1.0000e+01 -1.3553e+01
-3.0000e+01 0.0000e+00 -1.3295e+01
-3.0000e+01 1.0000e+01 -1.2749e+01
-3.0000e+01 2.0000e+01 -1.0817e+01
-3.0000e+01 3.0000e+01 -1.1176e+01
-3.0000e+01 4.0000e+01 -1.0074e+01
-3.0000e+01 5.0000e+01 -1.1078e+01
-3.0000e+01 6.0000e+01 -6.5781e+00
-3.0000e+01 7.0000e+01 -3.7577e+00
-3.0000e+01 8.0000e+01 -5.6777e+00
-3.0000e+01 9.0000e+01 -6.8747e+00
-3.0000e+01 1.0000e+02 -2.6656e+00
-3.0000e+01 1.1000e+02 -2.0822e+00
-3.0000e+01 1.2000e+02 -1.5126e+00
-3.0000e+01 1.3000e+02 1.5772e+00
-3.0000e+01 1.4000e+02 -6.3849e-01
-3.0000e+01 1.5000e+02 1.3855e+00
-3.0000e+01 1.6000e+02 -2.3814e+00
-3.0000e+01 1.7000e+02 1.3759e+00
-3.0000e+01 1.8000e+02 -4.3296e-01
-3.0000e+01 1.9000e+02 4.9147e+00
-3.0000e+01 2.0000e+02 5.2650e-01
-2.0000e+01 -2.0000e+02 -1.0243e-01
-2.0000e+01 -1.9000e+02 -8.5283e-01
-2.0000e+01 -1.8000e+02 -2.9289e+00
-2.0000e+01 -1.7000e+02 -2.2098e+00
-2.0000e+01 -1.6000e+02 5.2241e-01
-2.0000e+01 -1.5000e+02 -7.0504e-01
-2.0000e+01 -1.4000e+02 2.2652e+00
-2.0000e+01 -1.3000e+02 -7.1803e-01
-2.0000e+01 -1.2000e+02 -2.2262e-01
-2.0000e+01 -1.1000e+02 1.4976e+00
-2.0000e+01 -1.0000e+02 -3.5054e+00
-2.0000e+01 -9.0000e+01 -2.8532e+00
-2.0000e+01 -8.0000e+01 -7.5306e+00
-2.0000e+01 -7.0000e+01 -8.3785e+00
-2.0000e+01 -6.0000e+01 -7.2776e+00
-2.0000e+01 -5.0000e+01 -1.0356e+01
-2.0000e+01 -4.0000e+01 -1.2360e+01
-2.0000e+01 -3.0000e+01 -1.0541e+01
-2.0000e+01 -2.0000e+01 -1.2329e+01
-2.0000e+01 -1.0000e+01 -1.3324e+01
-2.0000e+01 0.0000e+00 -1.3226e+01
-2.0000e+01 1.0000e+01 -1.5894e+01
-2.0000e+01 2.0000e+01 -1.3334e+01
-2.0000e+01 3.0000e+01 -1.2044e+01
-2.0000e+01 4.0000e+01 -8.9761e+00
-2.0000e+01 5.0000e+01 -1.0796e+01
-2.0000e+01 6.0000e+01 -6.1080e+00
-2.0000e+01 7.0000e+01 -5.5298e+00
-2.0000e+01 8.0000e+01 -5.1757e+00
-2.0000e+01 9.0000e+01 -2.3140e+00
-2.0000e+01 1.0000e+02 -1.8143e+00
-2.0000e+01 1.1000e+02 -2.2196e+00
-2.0000e+01 1.2000e+02 -2.8931e+00
-2.0000e+01 1.3000e+02 -4.8901e-01
-2.0000e+01 1.4000e+02 -7.1055e-01
-2.0000e+01 1.5000e+02 -1.1534e+00
-2.0000e+01 1.6000e+02 -3.1976e-01
-2.0000e+01 1.7000e+02 5.0453e-01
-2.0000e+01 1.8000e+02 -6.5814e-01
-2.0000e+01 1.9000e+02 -2.7050e+00
-2.0000e+01 2.0000e+02 -1.6129e+00
-1.0000e+01 -2.0000e+02 1.3080e+00
-1.0000e+01 -1.9000e+02 1.1947e-01
-1.0000e+01 -1.8000e+02 2.3088e+00
-1.0000e+01 -1.7000e+02 -2.7363e-01
-1.0000e+01 -1.6000e+02 -2.0978e-01
-1.0000e+01 -1.5000e+02 -1.0331e+00
-1.0000e+01 -1.4000e+02 -9.8810e-01
-1.0000e+01 -1.3000e+02 -7.6735e-01
-1.0000e+01 -1.2000e+02 -2.7704e+00
-1.0000e+01 -1.1000e+02 -1.8948e+00
-1.0000e+01 -1.0000e+02 -4.2257e+00
-1.0000e+01 -9.0000e+01 -4.2379e+00
-1.0000e+01 -8.0000e+01 -5.2322e+00
-1.0000e+01 -7.0000e+01 -6.2043e+00
-1.0000e+01 -6.0000e+01 -9.0958e+00
-1.0000e+01 -5.0000e+01 -9.3633e+00
-1.0000e+01 -4.0000e+01 -1.4120e+01
-1.0000e+01 -3.0000e+01 -1.1862e+01
-1.0000e+01 -2.0000e+01 -1.1534e+01
-1.0000e+01 -1.0000e+01 -1.3382e+01
-1.0000e+01 0.0000e+00 -1.4718e+01
-1.0000e+01 1.0000e+01 -1.6986e+01
-1.0000e+01 2.0000e+01 -1.4961e+01
-1.0000e+01 3.0000e+01 -1.3077e+01
-1.0000e+01 4.0000e+01 -1.1475e+01
-1.0000e+01 5.0000e+01 -1.1111e+01
-1.0000e+01 6.0000e+01 -8.8388e+00
-1.0000e+01 7.0000e+01 -5.6573e+00
-1.0000e+01 8.0000e+01 -7.9121e+00
-1.0000e+01 9.0000e+01 -2.7362e+00
-1.0000e+01 1.0000e+02 -4.2458e+00
-1.0000e+01 1.1000e+02 -4.3971e-01
-1.0000e+01 1.2000e+02 -1.2533e+00
-1.0000e+01 1.3000e+02 -8.0280e-01
-1.0000e+01 1.4000e+02 -2.0013e+00
-1.0000e+01 1.5000e+02 -2.0287e+00
-1.0000e+01 1.6000e+02 -7.3242e-01
-1.0000e+01 1.7000e+02 -3.2886e-01
-1.0000e+01 1.8000e+02 1.2309e+00
-1.0000e+01 1.9000e+02 -1.8851e+00
-1.0000e+01 2.0000e+02 3.6539e+00
0.0000e+00 -2.0000e+02 -3.0012e-01
0.0000e+00 -1.9000e+02 -1.4101e+00
0.0000e+00 -1.8000e+02 -1.6922e+00
0.0000e+00 -1.7000e+02 7.3629e-01
0.0000e+00 -1.6000e+02 4.8702e-03
0.0000e+00 -1.5000e+02 -2.0224e-01
0.0000e+00 -1.4000e+02 -1.4476e+00
0.0000e+00 -1.3000e+02 -1.3273e+00
0.0000e+00 -1.2000e+02 -2.8354e+00
0.0000e+00 -1.1000e+02 -1.1651e+00
0.0000e+00 -1.0000e+02 -1.6967e+00
0.0000e+00 -9.0000e+01 -2.9240e+00
0.0000e+00 -8.0000e+01 -7.0398e+00
0.0000e+00 -7.0000e+01 -7.2368e+00
0.0000e+00 -6.0000e+01 -7.1679e+00
0.0000e+00 -5.0000e+01 -1.0089e+01
0.0000e+00 -4.0000e+01 -1.0807e+01
0.0000e+00 -3.0000e+01 -1.2159e+01
0.0000e+00 -2.0000e+01 -1.1580e+01
0.0000e+00 -1.0000e+01 -1.3252e+01
0.0000e+00 0.0000e+00 -1.6903e+01
0.0000e+00 1.0000e+01 -1.4340e+01
0.0000e+00 2.0000e+01 -1.5550e+01
0.0000e+00 3.0000e+01 -1.3179e+01
0.0000e+00 4.0000e+01 -1.3373e+01
0.0000e+00 5.0000e+01 -1.0702e+01
0.0000e+00 6.0000e+01 -1.2802e+01
0.0000e+00 7.0000e+01 -5.6514e+00
0.0000e+00 8.0000e+01 -3.8185e+00
0.0000e+00 9.0000e+01 -4.5282e+00
0.0000e+00 1.0000e+02 -4.7228e+00
0.0000e+00 1.1000e+02 -2.8311e+00
0.0000e+00 1.2000e+02 -2.0926e+00
0.0000e+00 1.3000e+02 -1.3902e+00
0.0000e+00 1.4000e+02 -6.4269e-02
0.0000e+00 1.5000e+02 1.0292e+00
0.0000e+00 1.6000e+02 -8.4347e-01
0.0000e+00 1.7000e+02 1.8388e+00
0.0000e+00 1.8000e+02 -4.5196e-01
0.0000e+00 1.9000e+02 1.1246e+00
0.0000e+00 2.0000e+02 -6.4544e-01
1.0000e+01 -2.0000e+02 3.8549e-01
1.0000e+01 -1.9000e+02 -1.2779e+00
1.0000e+01 -1.8000e+02 2.8545e+00
1.0000e+01 -1.7000e+02 1.2094e+00
1.0000e+01 -1.6000e+02 -1.3268e+00
1.0000e+01 -1.5000e+02 6.4946e-01
1.0000e+01 -1.4000e+02 -9.5711e-01
1.0000e+01 -1.3000e+02 -1.5241e+00
1.0000e+01 -1.2000e+02 -1.1997e+00
1.0000e+01 -1.1000e+02 -2.5185e+00
1.0000e+01 -1.0000e+02 -3.9823e+00
1.0000e+01 -9.0000e+01 -6.8099e+00
1.0000e+01 -8.0000e+01 -4.5601e+00
1.0000e+01 -7.0000e+01 -6.3551e+00
1.0000e+01 -6.0000e+01 -1.0264e+01
1.0000e+01 -5.0000e+01 -8.8504e+00
1.0000e+01 -4.0000e+01 -1.0324e+01
1.0000e+01 -3.0000e+01 -1.4253e+01
1.0000e+01 -2.0000e+01 -1.5126e+01
1.0000e+01 -1.0000e+01 -1.6316e+01
1.0000e+01 0.0000e+00 -1.6969e+01
1.0000e+01 1.0000e+01 -1.1193e+01
1.0000e+01 2.0000e+01 -1.5357e+01
1.0000e+01 3.0000e+01 -1.0384e+01
1.0000e+01 4.0000e+01 -1.4722e+01
1.0000e+01 5.0000e+01 -8.9403e+00
1.0000e+01 6.0000e+01 -7.4967e+00
1.0000e+01 7.0000e+01 -6.5137e+00
1.0000e+01 8.0000e+01 -5.0846e+00
1.0000e+01 9.0000e+01 -5.9040e+00
1.0000e+01 1.0000e+02 -3.3814e+00
1.0000e+01 1.1000e+02 -2.5283e+00
1.0000e+01 1.2000e+02 -5.2682e-01
1.0000e+01 1.3000e+02 -1.0938e+00
1.0000e+01 1.4000e+02 -1.5284e+00
1.0000e+01 1.5000e+02 2.1747e+00
1.0000e+01 1.6000e+02 -1.9518e-01
1.0000e+01 1.7000e+02 -5.8615e-01
1.0000e+01 1.8000e+02 7.7175e-01
1.0000e+01 1.9000e+02 1.1758e+00
1.0000e+01 2.0000e+02 -1.3023e-01
2.0000e+01 -2.0000e+02 -3.2932e-01
2.0000e+01 -1.9000e+02 -9.4650e-02
2.0000e+01 -1.8000e+02 2.0529e+00
2.0000e+01 -1.7000e+02 9.1537e-01
2.0000e+01 -1.6000e+02 1.1016e+00
2.0000e+01 -1.5000e+02 9.5385e-02
2.0000e+01 -1.4000e+02 -9.7478e-01
2.0000e+01 -1.3000e+02 -3.1648e+00
2.0000e+01 -1.2000e+02 -1.2976e+00
2.0000e+01 -1.1000e+02 -1.1898e+00
2.0000e+01 -1.0000e+02 -4.3184e+00
2.0000e+01 -9.0000e+01 -6.6011e+00
2.0000e+01 -8.0000e+01 -5.6393e+00
2.0000e+01 -7.0000e+01 -7.0572e+00
2.0000e+01 -6.0000e+01 -7.7233e+00
2.0000e+01 -5.0000e+01 -1.0835e+01
2.0000e+01 -4.0000e+01 -1.1852e+01
2.0000e+01 -3.0000e+01 -1.3844e+01
2.0000e+01 -2.0000e+01 -1.1989e+01
2.0000e+01 -1.0000e+01 -1.4542e+01
2.0000e+01 0.0000e+00 -1.3993e+01
2.0000e+01 1.0000e+01 -1.3029e+01
2.0000e+01 2.0000e+01 -1.0820e+01
2.0000e+01 3.0000e+01 -1.3118e+01
2.0000e+01 4.0000e+01 -1.0794e+01
2.0000e+01 5.0000e+01 -8.4724e+00
2.0000e+01 6.0000e+01 -9.1100e+00
2.0000e+01 7.0000e+01 -4.8698e+00
2.0000e+01 8.0000e+01 -2.8853e+00
2.0000e+01 9.0000e+01 -1.8759e+00
2.0000e+01 1.0000e+02 -3.5183e+00
2.0000e+01 1.1000e+02 -1.4886e+00
2.0000e+01 1.2000e+02 -4.1645e+00
2.0000e+01 1.3000e+02 -1.0564e+00
2.0000e+01 1.4000e+02 1.0998e+00
2.0000e+01 1.5000e+02 2.4834e-02
2.0000e+01 1.6000e+02 1.0076e+00
2.0000e+01 1.7000e+02 1.1198e+00
2.0000e+01 1.8000e+02 1.8546e+00
2.0000e+01 1.9000e+02 3.1492e+00
2.0000e+01 2.0000e+02 5.5454e-01
3.0000e+01 -2.0000e+02 6.3039e-01
3.0000e+01 -1.9000e+02 4.4247e-01
3.0000e+01 -1.8000e+02 -1.0521e+00
3.0000e+01 -1.7000e+02 -1.3335e+00
3.0000e+01 -1.6000e+02 -8.8883e-01
3.0000e+01 -1.5000e+02 -7.2833e-01
3.0000e+01 -1.4000e+02 -2.5616e+00
3.0000e+01 -1.3000e+02 -1.0127e-01
3.0000e+01 -1.2000e+02 -2.5989e+00
3.0000e+01 -1.1000e+02 -2.9156e-01
3.0000e+01 -1.0000e+02 -1.5621e+00
3.0000e+01 -9.0000e+01 -1.7552e+00
3.0000e+01 -8.0000e+01 -3.8752e+00
3.0000e+01 -7.0000e+01 -6.1338e+00
3.0000e+01 -6.0000e+01 -5.6731e+00
3.0000e+01 -5.0000e+01 -8.6536e+00
3.0000e+01 -4.0000e+01 -1.0502e+01
3.0000e+01 -3.0000e+01 -1.1723e+01
3.0000e+01 -2.0000e+01 -1.0953e+01
3.0000e+01 -1.0000e+01 -1.3194e+01
3.0000e+01 0.0000e+00 -1.3239e+01
3.0000e+01 1.0000e+01 -1.3794e+01
3.0000e+01 2.0000e+01 -1.2372e+01
3.0000e+01 3.0000e+01 -1.1362e+01
3.0000e+01 4.0000e+01 -1.3337e+01
3.0000e+01 5.0000e+01 -8.5737e+00
3.0000e+01 6.0000e+01 -6.2264e+00
3.0000e+01 7.0000e+01 -4.4820e+00
3.0000e+01 8.0000e+01 -5.9553e+00
3.0000e+01 9.0000e+01 -3.7761e+00
3.0000e+01 1.0000e+02 -2.6893e+00
3.0000e+01 1.1000e+02 -3.0838e-01
3.0000e+01 1.2000e+02 -1.6045e+00
3.0000e+01 1.3000e+02 1.4211e+00
3.0000e+01 1.4000e+02 -5.8796e-01
3.0000e+01 1.5000e+02 -2.2579e+00
3.0000e+01 1.6000e+02 -2.8043e+00
3.0000e+01 1.7000e+02 -1.0656e+00
3.0000e+01 1.8000e+02 9.6810e-01
3.0000e+01 1.9000e+02 -2.5359e+00
3.0000e+01 2.0000e+02 -1.2651e+00
4.0000e+01 -2.0000e+02 -3.3076e+00
4.0000e+01 -1.9000e+02 -9.6966e-02
4.0000e+01 -1.8000e+02 -4.0554e-01
4.0000e+01 -1.7000e+02 -6.8037e-01
4.0000e+01 -1.6000e+02 -8.6087e-01
4.0000e+01 -1.5000e+02 -2.2534e+00
4.0000e+01 -1.4000e+02 1.3519e+00
4.0000e+01 -1.3000e+02 -8.9659e-01
4.0000e+01 -1.2000e+02 -2.4339e+00
4.0000e+01 -1.1000e+02 1.2675e+00
4.0000e+01 -1.0000e+02 -3.3110e+00
4.0000e+01 -9.0000e+01 -1.1839e+00
4.0000e+01 -8.0000e+01 -2.9745e+00
4.0000e+01 -7.0000e+01 -3.7379e+00
4.0000e+01 -6.0000e+01 -8.9125e+00
4.0000e+01 -5.0000e+01 -9.9862e+00
4.0000e+01 -4.0000e+01 -1.0449e+01
4.0000e+01 -3.0000e+01 -1.2015e+01
4.0000e+01 -2.0000e+01 -1.0657e+01
4.0000e+01 -1.0000e+01 -1.1511e+01
4.0000e+01 0.0000e+00 -1.1083e+01
4.0000e+01 1.0000e+01 -7.1067e+00
4.0000e+01 2.0000e+01 -1.1173e+01
4.0000e+01 3.0000e+01 -9.9505e+00
4.0000e+01 4.0000e+01 -7.5480e+00
4.0000e+01 5.0000e+01 -7.6196e+00
4.0000e+01 6.0000e+01 -8.3024e+00
4.0000e+01 7.0000e+01 -3.9280e+00
4.0000e+01 8.0000e+01 -4.4411e+00
4.0000e+01 9.0000e+01 -1.3856e+00
4.0000e+01 1.0000e+02 -4.4814e+00
4.0000e+01 1.1000e+02 -2.1289e+00
4.0000e+01 1.2000e+02 -1.8401e+00
4.0000e+01 1.3000e+02 7.7321e-01
4.0000e+01 1.4000e+02 -4.2289e+00
4.0000e+01 1.5000e+02 -9.1183e-01
4.0000e+01 1.6000e+02 -6.1639e-01
4.0000e+01 1.7000e+02 -1.7189e+00
4.0000e+01 1.8000e+02 2.8044e+00
4.0000e+01 1.9000e+02 8.1897e-01
4.0000e+01 2.0000e+02 -1.5005e+00
5.0000e+01 -2.0000e+02 2.4655e+00
5.0000e+01 -1.9000e+02 -5.7685e-01
5.0000e+01 -1.8000e+02 -1.7754e+00
5.0000e+01 -1.7000e+02 -8.0135e-01
5.0000e+01 -1.6000e+02 5.2701e-02
5.0000e+01 -1.5000e+02 -1.0948e+00
5.0000e+01 -1.4000e+02 -1.5848e+00
5.0000e+01 -1.3000e+02 -1.5078e+00
5.0000e+01 -1.2000e+02 -7.8874e-01
5.0000e+01 -1.1000e+02 8.1812e-01
5.0000e+01 -1.0000e+02 -4.4335e-01
5.0000e+01 -9.0000e+01 -7.2124e-01
5.0000e+01 -8.0000e+01 -5.1396e+00
5.0000e+01 -7.0000e+01 -2.8105e+00
5.0000e+01 -6.0000e+01 -8.8851e+00
5.0000e+01 -5.0000e+01 -6.8432e+00
5.0000e+01 -4.0000e+01 -8.2911e+00
5.0000e+01 -3.0000e+01 -8.6297e+00
5.0000e+01 -2.0000e+01 -1.0752e+01
5.0000e+01 -1.0000e+01 -1.1139e+01
5.0000e+01 0.0000e+00 -1.1067e+01
5.0000e+01 1.0000e+01 -8.8447e+00
5.0000e+01 2.0000e+01 -1.1050e+01
5.0000e+01 3.0000e+01 -8.0814e+00
5.0000e+01 4.0000e+01 -8.5889e+00
5.0000e+01 5.0000e+01 -6.2079e+00
5.0000e+01 6.0000e+01 -3.8914e+00
5.0000e+01 7.0000e+01 -5.6699e+00
5.0000e+01 8.0000e+01 -2.3634e+00
5.0000e+01 9.0000e+01 -9.8056e-01
5.0000e+01 1.0000e+02 -1.8848e+00
5.0000e+01 1.1000e+02 -1.0505e+00
5.0000e+01 1.2000e+02 -8.8261e-01
5.0000e+01 1.3000e+02 -2.8576e+00
5.0000e+01 1.4000e+02 2.4056e+00
5.0000e+01 1.5000e+02 -2.5784e+00
5.0000e+01 1.6000e+02 1.6843e+00
5.0000e+01 1.7000e+02 6.8442e-01
5.0000e+01 1.8000e+02 -2.0786e+00
5.0000e+01 1.9000e+02 6.0778e-01
5.0000e+01 2.0000e+02 7.9369e-01
6.0000e+01 -2.0000e+02 7.3261e-01
6.0000e+01 -1.9000e+02 1.9066e-01
6.0000e+01 -1.8000e+02 1.4099e+00
6.0000e+01 -1.7000e+02 4.5601e-01
6.0000e+01 -1.6000e+02 -1.7971e+00
6.0000e+01 -1.5000e+02 -3.8162e-01
6.0000e+01 -1.4000e+02 -2.0045e+00
6.0000e+01 -1.3000e+02 -2.2680e+00
6.0000e+01 -1.2000e+02 1.1063e+00
6.0000e+01 -1.1000e+02 -2.5472e+00
6.0000e+01 -1.0000e+02 -4.2126e-01
6.0000e+01 -9.0000e+01 -9.5353e-01
6.0000e+01 -8.0000e+01 -2.1696e+00
6.0000e+01 -7.0000e+01 -3.5174e+00
6.0000e+01 -6.0000e+01 -5.8908e+00
6.0000e+01 -5.0000e+01 -5.8222e+00
6.0000e+01 -4.0000e+01 -6.5980e+00
6.0000e+01 -3.0000e+01 -8.0925e+00
6.0000e+01 -2.0000e+01 -8.7775e+00
6.0000e+01 -1.0000e+01 -1.0042e+01
6.0000e+01 0.0000e+00 -1.1466e+01
6.0000e+01 1.0000e+01 -6.8185e+00
6.0000e+01 2.0000e+01 -6.7725e+00
6.0000e+01 3.0000e+01 -8.4759e+00
6.0000e+01 4.0000e+01 -1.0670e+01
6.0000e+01 5.0000e+01 -6.7808e+00
6.0000e+01 6.0000e+01 -4.4074e+00
6.0000e+01 7.0000e+01 -5.1776e+00
6.0000e+01 8.0000e+01 -1.9547e+00
6.0000e+01 9.0000e+01 -3.2957e+00
6.0000e+01 1.0000e+02 -4.0945e+00
6.0000e+01 1.1000e+02 -1.2306e+00
6.0000e+01 1.2000e+02 -4.0887e+00
6.0000e+01 1.3000e+02 -1.9825e+00
6.0000e+01 1.4000e+02 1.4130e+00
6.0000e+01 1.5000e+02 -1.0203e+00
6.0000e+01 1.6000e+02 -1.8016e-01
6.0000e+01 1.7000e+02 1.1978e+00
6.0000e+01 1.8000e+02 1.2259e+00
6.0000e+01 1.9000e+02 5.7055e-01
6.0000e+01 2.0000e+02 6.4998e-01
7.0000e+01 -2.0000e+02 2.0291e-01
7.0000e+01 -1.9000e+02 -1.9176e+00
7.0000e+01 -1.8000e+02 -9.0349e-02
7.0000e+01 -1.7000e+02 1.2308e+00
7.0000e+01 -1.6000e+02 -6.7300e-01
7.0000e+01 -1.5000e+02 -7.7927e-01
7.0000e+01 -1.4000e+02 -3.6104e-01
7.0000e+01 -1.3000e+02 3.8197e-01
7.0000e+01 -1.2000e+02 -1.6633e+00
7.0000e+01 -1.1000e+02 -2.8660e+00
7.0000e+01 -1.0000e+02 -2.0180e+00
7.0000e+01 -9.0000e+01 -1.9991e+00
7.0000e+01 -8.0000e+01 -3.1808e+00
7.0000e+01 -7.0000e+01 -3.3947e+00
7.0000e+01 -6.0000e+01 -6.9584e+00
7.0000e+01 -5.0000e+01 -5.7297e+00
7.0000e+01 -4.0000e+01 -5.6015e+00
7.0000e+01 -3.0000e+01 -4.9578e+00
7.0000e+01 -2.0000e+01 -8.2161e+00
7.0000e+01 -1.0000e+01 -6.6933e+00
7.0000e+01 0.0000e+00 -4.4982e+00
7.0000e+01 1.0000e+01 -7.6358e+00
7.0000e+01 2.0000e+01 -7.9387e+00
7.0000e+01 3.0000e+01 -4.9456e+00
7.0000e+01 4.0000e+01 -6.8260e+00
7.0000e+01 5.0000e+01 -4.6843e+00
7.0000e+01 6.0000e+01 -5.0230e+00
7.0000e+01 7.0000e+01 -4.0692e+00
7.0000e+01 8.0000e+01 -3.4229e+00
7.0000e+01 9.0000e+01 -6.7769e-01
7.0000e+01 1.0000e+02 -1.9452e+00
7.0000e+01 1.1000e+02 1.8497e+00
7.0000e+01 1.2000e+02 -5.6031e-03
7.0000e+01 1.3000e+02 1.3450e+00
7.0000e+01 1.4000e+02 -2.5345e+00
7.0000e+01 1.5000e+02 1.7011e+00
7.0000e+01 1.6000e+02 1.1028e+00
7.0000e+01 1.7000e+02 -8.1307e-01
7.0000e+01 1.8000e+02 8.8660e-01
7.0000e+01 1.9000e+02 -2.5635e+00
7.0000e+01 2.0000e+02 -2.6395e+00
8.0000e+01 -2.0000e+02 9.1700e-01
8.0000e+01 -1.9000e+02 9.9109e-01
8.0000e+01 -1.8000e+02 -2.1000e+00
8.0000e+01 -1.7000e+02 3.8698e+00
8.0000e+01 -1.6000e+02 4.9888e-01
8.0000e+01 -1.5000e+02 2.4157e+00
8.0000e+01 -1.4000e+02 -1.7157e+00
8.0000e+01 -1.3000e+02 1.5367e+00
8.0000e+01 -1.2000e+02 1.8366e+00
8.0000e+01 -1.1000e+02 -1.7329e+00
8.0000e+01 -1.0000e+02 -1.9539e-01
8.0000e+01 -9.0000e+01 -1.7542e+00
8.0000e+01 -8.0000e+01 -3.4431e+00
8.0000e+01 -7.0000e+01 -1.6430e+00
8.0000e+01 -6.0000e+01 -2.9529e+00
8.0000e+01 -5.0000e+01 -9.5490e-01
8.0000e+01 -4.0000e+01 -2.1685e+00
8.0000e+01 -3.0000e+01 -2.4192e+00
8.0000e+01 -2.0000e+01 -5.3799e+00
8.0000e+01 -1.0000e+01 -4.2416e+00
8.0000e+01 0.0000e+00 -6.7359e+00
8.0000e+01 1.0000e+01 -7.5978e+00
8.0000e+01 2.0000e+01 -3.5206e+00
8.0000e+01 3.0000e+01 -4.1642e+00
8.0000e+01 4.0000e+01 -5.1270e+00
8.0000e+01 5.0000e+01 -3.7605e+00
8.0000e+01 6.0000e+01 -4.1164e+00
8.0000e+01 7.0000e+01 -6.4241e+00
8.0000e+01 8.0000e+01 -1.0287e+00
8.0000e+01 9.0000e+01 -4.0684e+00
8.0000e+01 1.0000e+02 -2.5229e+00
8.0000e+01 1.1000e+02 -6.5323e-02
8.0000e+01 1.2000e+02 -2.1384e+00
8.0000e+01 1.3000e+02 -6.4047e-01
8.0000e+01 1.4000e+02 1.6574e+00
8.0000e+01 1.5000e+02 -9.9030e-02
8.0000e+01 1.6000e+02 7.0813e-01
8.0000e+01 1.7000e+02 1.3611e+00
8.0000e+01 1.8000e+02 -8.7668e-01
8.0000e+01 1.9000e+02 1.1325e-01
8.0000e+01 2.0000e+02 1.5908e+00
9.0000e+01 -2.0000e+02 -1.0401e+00
9.0000e+01 -1.9000e+02 3.7260e+00
9.0000e+01 -1.8000e+02 -5.5980e-01
9.0000e+01 -1.7000e+02 1.0063e-01
9.0000e+01 -1.6000e+02 -1.5722e+00
9.0000e+01 -1.5000e+02 -1.4588e+00
9.0000e+01 -1.4000e+02 -1.1043e+00
9.0000e+01 -1.3000e+02 -3.8569e+00
9.0000e+01 -1.2000e+02 -5.4085e-01
9.0000e+01 -1.1000e+02 4.5485e+00
9.0000e+01 -1.0000e+02 -1.8149e+00
9.0000e+01 -9.0000e+01 1.9283e-01
9.0000e+01 -8.0000e+01 -8.4027e-01
9.0000e+01 -7.0000e+01 -5.1006e-01
9.0000e+01 -6.0000e+01 -5.7854e+00
9.0000e+01 -5.0000e+01 -1.2890e+00
9.0000e+01 -4.0000e+01 -3.0286e+00
9.0000e+01 -3.0000e+01 -5.6526e+00
9.0000e+01 -2.0000e+01 -8.9254e+00
9.0000e+01 -1.0000e+01 -2.8350e+00
9.0000e+01 0.0000e+00 -5.8390e+00
9.0000e+01 1.0000e+01 -5.2670e+00
9.0000e+01 2.0000e+01 -3.7760e+00
9.0000e+01 3.0000e+01 -2.5384e+00
9.0000e+01 4.0000e+01 -3.5686e+00
9.0000e+01 5.0000e+01 -5.0215e+00
9.0000e+01 6.0000e+01 -2.9194e+00
9.0000e+01 7.0000e+01 -4.3846e+00
9.0000e+01 8.0000e+01 5.0913e-01
9.0000e+01 9.0000e+01 8.7238e-01
9.0000e+01 1.0000e+02 -1.0062e+00
9.0000e+01 1.1000e+02 -3.1931e-01
9.0000e+01 1.2000e+02 6.6007e-02
9.0000e+01 1.3000e+02 -3.6576e-01
9.0000e+01 1.4000e+02 2.0775e+00
9.0000e+01 1.5000e+02 1.9271e+00
9.0000e+01 1.6000e+02 2.0740e+00
9.0000e+01 1.7000e+02 3.5143e-01
9.0000e+01 1.8000e+02 -1.9494e+00
9.0000e+01 1.9000e+02 -1.6083e+00
9.0000e+01 2.0000e+02 2.0673e+00
1.0000e+02 -2.0000e+02 -2.0839e+00
1.0000e+02 -1.9000e+02 -9.8115e-01
1.0000e+02 -1.8000e+02 9.8138e-02
1.0000e+02 -1.7000e+02 6.8395e-01
1.0000e+02 -1.6000e+02 -1.6869e+00
1.0000e+02 -1.5000e+02 2.4597e-01
1.0000e+02 -1.4000e+02 2.2072e+00
1.0000e+02 -1.3000e+02 9.4692e-01
1.0000e+02 -1.2000e+02 -9.6484e-01
1.0000e+02 -1.1000e+02 2.4450e-02
1.0000e+02 -1.0000e+02 1.0996e-01
1.0000e+02 -9.0000e+01 -2.6718e-01
1.0000e+02 -8.0000e+01 -2.5377e+00
1.0000e+02 -7.0000e+01 -1.8890e+00
1.0000e+02 -6.0000e+01 -1.7187e+00
1.0000e+02 -5.0000e+01 -9.9448e-01
1.0000e+02 -4.0000e+01 7.8227e-01
1.0000e+02 -3.0000e+01 -3.5296e+00
1.0000e+02 -2.0000e+01 -2.5244e+00
1.0000e+02 -1.0000e+01 -4.1118e+00
1.0000e+02 0.0000e+00 -5.0259e+00
1.0000e+02 1.0000e+01 -2.3836e+00
1.0000e+02 2.0000e+01 -1.1350e+00
1.0000e+02 3.0000e+01 -2.3152e+00
1.0000e+02 4.0000e+01 -3.9628e+00
1.0000e+02 5.0000e+01 -3.3549e+00
1.0000e+02 6.0000e+01 -2.5748e+00
1.0000e+02 7.0000e+01 3.2432e-01
1.0000e+02 8.0000e+01 -2.6321e+00
1.0000e+02 9.0000e+01 2.8769e-02
1.0000e+02 1.0000e+02 -9.8507e-01
1.0000e+02 1.1000e+02 -3.5574e+00
1.0000e+02 1.2000e+02 -2.6752e-01
1.0000e+02 1.3000e+02 -8.7115e-01
1.0000e+02 1.4000e+02 -5.7651e-02
1.0000e+02 1.5000e+02 -6.3218e-01
1.0000e+02 1.6000e+02 -3.6970e-01
1.0000e+02 1.7000e+02 -1.8001e+00
1.0000e+02 1.8000e+02 -1.2036e+00
1.0000e+02 1.9000e+02 -3.3262e-01
1.0000e+02 2.0000e+02 -1.9720e+00
1.1000e+02 -2.0000e+02 -9.5373e-01
1.1000e+02 -1.9000e+02 2.4467e+00
1.1000e+02 -1.8000e+02 -1.2579e+00
1.1000e+02 -1.7000e+02 -1.3354e+00
1.1000e+02 -1.6000e+02 -1.4677e+00
1.1000e+02 -1.5000e+02 -6.8456e-01
1.1000e+02 -1.4000e+02 -1.6220e+00
1.1000e+02 -1.3000e+02 -2.4221e+00
1.1000e+02 -1.2000e+02 -4.7276e-02
1.1000e+02 -1.1000e+02 1.4078e+00
1.1000e+02 -1.0000e+02 4.7713e-01
1.1000e+02 -9.0000e+01 8.2462e-01
1.1000e+02 -8.0000e+01 -1.4412e+00
1.1000e+02 -7.0000e+01 -8.1635e-01
1.1000e+02 -6.0000e+01 -2.0067e+00
1.1000e+02 -5.0000e+01 1.4502e+00
1.1000e+02 -4.0000e+01 -2.7405e+00
1.1000e+02 -3.0000e+01 -1.9157e+00
1.1000e+02 -2.0000e+01 8.3884e-02
1.1000e+02 -1.0000e+01 -2.7205e+00
1.1000e+02 0.0000e+00 -2.7202e+00
1.1000e+02 1.0000e+01 -1.4136e+00
1.1000e+02 2.0000e+01 -1.4545e+00
1.1000e+02 3.0000e+01 -1.6720e+00
1.1000e+02 4.0000e+01 -2.0321e+00
1.1000e+02 5.0000e+01 -2.5398e+00
1.1000e+02 6.0000e+01 -2.8092e-01
1.1000e+02 7.0000e+01 -6.9750e-01
1.1000e+02 8.0000e+01 -6.8161e-01
1.1000e+02 9.0000e+01 -2.2662e+00
1.1000e+02 1.0000e+02 1.3434e+00
1.1000e+02 1.1000e+02 -1.0175e+00
1.1000e+02 1.2000e+02 -1.2248e+00
1.1000e+02 1.3000e+02 7.0904e-01
1.1000e+02 1.4000e+02 6.1394e-01
1.1000e+02 1.5000e+02 9.2236e-01
1.1000e+02 1.6000e+02 -2.0735e+00
1.1000e+02 1.7000e+02 1.3416e-01
1.1000e+02 1.8000e+02 1.4683e+00
1.1000e+02 1.9000e+02 -3.5449e-01
1.1000e+02 2.0000e+02 1.1862e-01
1.2000e+02 -2.0000e+02 -4.8757e-01
1.2000e+02 -1.9000e+02 -9.0189e-01
1.2000e+02 -1.8000e+02 -1.6210e+00
1.2000e+02 -1.7000e+02 1.7838e+00
1.2000e+02 -1.6000e+02 -1.3070e+00
1.2000e+02 -1.5000e+02 3.0348e+00
1.2000e+02 -1.4000e+02 -5.3437e-01
1.2000e+02 -1.3000e+02 -2.0695e+00
1.2000e+02 -1.2000e+02 -5.3617e-01
1.2000e+02 -1.1000e+02 1.9285e+00
1.2000e+02 -1.0000e+02 1.2318e+00
1.2000e+02 -9.0000e+01 1.1428e+00
1.2000e+02 -8.0000e+01 -4.6877e-01
1.2000e+02 -7.0000e+01 -1.1724e+00
1.2000e+02 -6.0000e+01 -1.4735e+00
1.2000e+02 -5.0000e+01 -3.1079e+00
1.2000e+02 -4.0000e+01 -1.7078e+00
1.2000e+02 -3.0000e+01 -1.1466e+00
1.2000e+02 -2.0000e+01 -1.3771e+00
1.2000e+02 -1.0000e+01 2.2903e-01
1.2000e+02 0.0000e+00 -2.0360e+00
1.2000e+02 1.0000e+01 -1.5890e+00
1.2000e+02 2.0000e+01 -2.1557e+00
1.2000e+02 3.0000e+01 -2.7194e+00
1.2000e+02 4.0000e+01 -8.1253e-01
1.2000e+02 5.0000e+01 -1.1356e+00
1.2000e+02 6.0000e+01 4.9219e-01
1.2000e+02 7.0000e+01 -1.7213e+00
1.2000e+02 8.0000e+01 1.6226e+00
1.2000e+02 9.0000e+01 1.5141e+00
1.2000e+02 1.0000e+02 8.7524e-01
1.2000e+02 1.1000e+02 1.5966e+00
1.2000e+02 1.2000e+02 -3.4677e+00
1.2000e+02 1.3000e+02 2.3196e-01
1.2000e+02 1.4000e+02 -1.8380e-01
1.2000e+02 1.5000e+02 1.6057e-01
1.2000e+02 1.6000e+02 1.9738e+00
1.2000e+02 1.7000e+02 -6.9586e-01
1.2000e+02 1.8000e+02 1.2754e+00
1.2000e+02 1.9000e+02 1.5359e+00
1.2000e+02 2.0000e+02 -2.6498e+00
1.3000e+02 -2.0000e+02 -8.6009e-01
1.3000e+02 -1.9000e+02 1.0619e+00
1.3000e+02 -1.8000e+02 7.7297e-01
1.3000e+02 -1.7000e+02 1.3789e+00
1.3000e+02 -1.6000e+02 8.1775e-01
1.3000e+02 -1.5000e+02 1.0292e+00
1.3000e+02 -1.4000e+02 -3.2193e-01
1.3000e+02 -1.3000e+02 9.6842e-01
1.3000e+02 -1.2000e+02 1.0444e+00
1.3000e+02 -1.1000e+02 -2.6658e+00
1.3000e+02 -1.0000e+02 5.8618e-01
1.3000e+02 -9.0000e+01 8.0727e-01
1.3000e+02 -8.0000e+01 -2.2376e-02
1.3000e+02 -7.0000e+01 -1.0942e+00
1.3000e+02 -6.0000e+01 -3.9146e-01
1.3000e+02 -5.0000e+01 -5.9873e-01
1.3000e+02 -4.0000e+01 5.2989e-01
1.3000e+02 -3.0000e+01 -1.4739e+00
1.3000e+02 -2.0000e+01 -1.3685e+00
1.3000e+02 -1.0000e+01 -2.3988e+00
1.3000e+02 0.0000e+00 -1.6867e+00
1.3000e+02 1.0000e+01 -9.2465e-01
1.3000e+02 2.0000e+01 -2.1386e+00
1.3000e+02 3.0000e+01 -1.2564e+00
1.3000e+02 4.0000e+01 -2.8766e+00
1.3000e+02 5.0000e+01 -1.8736e+00
1.3000e+02 6.0000e+01 1.9642e-01
1.3000e+02 7.0000e+01 3.2844e+00
1.3000e+02 8.0000e+01 -3.0721e-01
1.3000e+02 9.0000e+01 -9.1372e-01
1.3000e+02 1.0000e+02 -1.3472e+00
1.3000e+02 1.1000e+02 6.3863e-02
1.3000e+02 1.2000e+02 -7.3773e-01
1.3000e+02 1.3000e+02 6.5354e-01
1.3000e+02 1.4000e+02 -8.6198e-01
1.3000e+02 1.5000e+02 3.4619e-01
1.3000e+02 1.6000e+02 2.0437e+00
1.3000e+02 1.7000e+02 -1.1092e+00
1.3000e+02 1.8000e+02 -2.4474e+00
1.3000e+02 1.9000e+02 -4.7033e-01
1.3000e+02 2.0000e+02 1.2463e+00
1.4000e+02 -2.0000e+02 1.4646e+00
1.4000e+02 -1.9000e+02 -8.4782e-01
1.4000e+02 -1.8000e+02 -4.6397e-01
1.4000e+02 -1.7000e+02 -1.6309e+00
1.4000e+02 -1.6000e+02 2.1772e+00
1.4000e+02 -1.5000e+02 -1.0922e+00
1.4000e+02 -1.4000e+02 5.9305e-01
1.4000e+02 -1.3000e+02 -1.6023e+00
1.4000e+02 -1.2000e+02 7.9618e-01
1.4000e+02 -1.1000e+02 -1.3315e-01
1.4000e+02 -1.0000e+02 2.3687e+00
1.4000e+02 -9.0000e+01 1.2064e+00
1.4000e+02 -8.0000e+01 1.3351e+00
1.4000e+02 -7.0000e+01 6.2768e-01
1.4000e+02 -6.0000e+01 -3.5122e+00
1.4000e+02 -5.0000e+01 -2.9290e+00
1.4000e+02 -4.0000e+01 -1.8315e+00
1.4000e+02 -3.0000e+01 -3.4248e+00
1.4000e+02 -2.0000e+01 -4.9135e+00
1.4000e+02 -1.0000e+01 -1.5905e+00
1.4000e+02 0.0000e+00 5.3236e-01
1.4000e+02 1.0000e+01 9.4634e-01
1.4000e+02 2.0000e+01 2.0847e+00
1.4000e+02 3.0000e+01 -1.4854e+00
1.4000e+02 4.0000e+01 -1.9449e+00
1.4000e+02 5.0000e+01 -2.3641e+00
1.4000e+02 6.0000e+01 -2.6123e-01
1.4000e+02 7.0000e+01 5.6136e-01
1.4000e+02 8.0000e+01 2.2769e+00
1.4000e+02 9.0000e+01 -2.9915e+00
1.4000e+02 1.0000e+02 7.2980e-01
1.4000e+02 1.1000e+02 2.7255e+00
1.4000e+02 1.2000e+02 -1.1660e+00
1.4000e+02 1.3000e+02 -1.7376e-01
1.4000e+02 1.4000e+02 -1.7349e+00
1.4000e+02 1.5000e+02 -1.7904e+00
1.4000e+02 1.6000e+02 1.3820e+00
1.4000e+02 1.7000e+02 -3.3130e-01
1.4000e+02 1.8000e+02 -5.4842e-02
1.4000e+02 1.9000e+02 -5.5052e-01
1.4000e+02 2.0000e+02 -3.0181e-02
1.5000e+02 -2.0000e+02 1.3565e-01
1.5000e+02 -1.9000e+02 1.1229e+00
1.5000e+02 -1.8000e+02 -2.6481e+00
1.5000e+02 -1.7000e+02 3.6744e-01
1.5000e+02 -1.6000e+02 3.6137e-01
1.5000e+02 -1.5000e+02 -1.7972e+00
1.5000e+02 -1.4000e+02 6.5131e-02
1.5000e+02 -1.3000e+02 -2.1752e+00
1.5000e+02 -1.2000e+02 1.9311e+00
1.5000e+02 -1.1000e+02 -5.7939e-03
1.5000e+02 -1.0000e+02 8.6083e-01
1.5000e+02 -9.0000e+01 -1.2635e-01
1.5000e+02 -8.0000e+01 7.9761e-01
1.5000e+02 -7.0000e+01 1.2446e+00
1.5000e+02 -6.0000e+01 -1.8631e+00
1.5000e+02 -5.0000e+01 -5.5461e-01
1.5000e+02 -4.0000e+01 1.4920e+00
1.5000e+02 -3.0000e+01 5.5795e-01
1.5000e+02 -2.0000e+01 -4.3520e-01
1.5000e+02 -1.0000e+01 1.0574e+00
1.5000e+02 0.0000e+00 -1.4029e+00
1.5000e+02 1.0000e+01 -6.7867e-01
1.5000e+02 2.0000e+01 6.4031e-01
1.5000e+02 3.0000e+01 -1.1803e+00
1.5000e+02 4.0000e+01 -1.2463e-01
1.5000e+02 5.0000e+01 -3.5440e-01
1.5000e+02 6.0000e+01 -1.5878e+00
1.5000e+02 7.0000e+01 7.1081e-01
1.5000e+02 8.0000e+01 -3.6105e+00
1.5000e+02 9.0000e+01 -3.7616e+00
1.5000e+02 1.0000e+02 -1.6921e+00
1.5000e+02 1.1000e+02 -1.8267e+00
1.5000e+02 1.2000e+02 1.3818e+00
1.5000e+02 1.3000e+02 3.8911e-02
1.5000e+02 1.4000e+02 1.7755e+00
1.5000e+02 1.5000e+02 6.0965e-01
1.5000e+02 1.6000e+02 3.6487e-01
1.5000e+02 1.7000e+02 1.5994e+00
1.5000e+02 1.8000e+02 -2.0842e+00
1.5000e+02 1.9000e+02 -1.0089e+00
1.5000e+02 2.0000e+02 1.3521e+00
1.6000e+02 -2.0000e+02 8.1027e-02
1.6000e+02 -1.9000e+02 -2.9389e+00
1.6000e+02 -1.8000e+02 -1.0688e+00
1.6000e+02 -1.7000e+02 -3.7734e-02
1.6000e+02 -1.6000e+02 1.1859e+00
1.6000e+02 -1.5000e+02 2.0857e+00
1.6000e+02 -1.4000e+02 7.5874e-01
1.6000e+02 -1.3000e+02 2.9399e+00
1.6000e+02 -1.2000e+02 -1.1517e-01
1.6000e+02 -1.1000e+02 5.7546e-03
1.6000e+02 -1.0000e+02 -1.7281e+00
1.6000e+02 -9.0000e+01 -2.7320e+00
1.6000e+02 -8.0000e+01 1.6000e+00
1.6000e+02 -7.0000e+01 1.3484e+00
1.6000e+02 -6.0000e+01 1.7367e-01
1.6000e+02 -5.0000e+01 8.3477e-02
1.6000e+02 -4.0000e+01 3.2156e-01
1.6000e+02 -3.0000e+01 6.1760e-01
1.6000e+02 -2.0000e+01 -7.4917e-01
1.6000e+02 -1.0000e+01 -2.9943e+00
1.6000e+02 0.0000e+00 1.5489e+00
1.6000e+02 1.0000e+01 1.2258e+00
1.6000e+02 2.0000e+01 1.3107e+00
1.6000e+02 3.0000e+01 -7.4618e-01
1.6000e+02 4.0000e+01 5.5590e-01
1.6000e+02 5.0000e+01 -1.5198e+00
1.6000e+02 6.0000e+01 5.6519e-01
1.6000e+02 7.0000e+01 -1.1749e+00
1.6000e+02 8.0000e+01 1.6037e+00
1.6000e+02 9.0000e+01 1.9512e-01
1.6000e+02 1.0000e+02 5.6896e-01
1.6000e+02 1.1000e+02 8.4384e-01
1.6000e+02 1.2000e+02 7.6189e-01
1.6000e+02 1.3000e+02 -8.9806e-01
1.6000e+02 1.4000e+02 -2.3930e+00
1.6000e+02 1.5000e+02 -5.4640e-01
1.6000e+02 1.6000e+02 -2.7527e+00
1.6000e+02 1.7000e+02 -1.5236e+00
1.6000e+02 1.8000e+02 -2.4373e+00
1.6000e+02 1.9000e+02 8.0088e-02
1.6000e+02 2.0000e+02 2.5275e+00
1.7000e+02 -2.0000e+02 -1.8851e+00
1.7000e+02 -1.9000e+02 1.3635e+00
1.7000e+02 -1.8000e+02 1.9557e+00
1.7000e+02 -1.7000e+02 -1.6388e+00
1.7000e+02 -1.6000e+02 -2.0271e+00
1.7000e+02 -1.5000e+02 9.5168e-01
1.7000e+02 -1.4000e+02 -2.8908e+00
1.7000e+02 -1.3000e+02 -1.0885e+00
1.7000e+02 -1.2000e+02 -1.3947e+00
1.7000e+02 -1.1000e+02 -1.3142e-01
1.7000e+02 -1.0000e+02 9.8396e-01
1.7000e+02 -9.0000e+01 1.3003e+00
1.7000e+02 -8.0000e+01 -6.5033e-01
1.7000e+02 -7.0000e+01 -1.5628e+00
1.7000e+02 -6.0000e+01 1.9132e-01
1.7000e+02 -5.0000e+01 8.8637e-01
1.7000e+02 -4.0000e+01 -2.5127e-01
1.7000e+02 -3.0000e+01 -7.5479e-01
1.7000e+02 -2.0000e+01 3.4136e-01
1.7000e+02 -1.0000e+01 6.3865e-01
1.7000e+02 0.0000e+00 1.0514e-01
1.7000e+02 1.0000e+01 -2.8310e+00
1.7000e+02 2.0000e+01 -9.6593e-01
1.7000e+02 3.0000e+01 -2.3614e+00
1.7000e+02 4.0000e+01 1.1224e+00
1.7000e+02 5.0000e+01 -7.6821e-01
1.7000e+02 6.0000e+01 -2.0185e+00
1.7000e+02 7.0000e+01 1.2339e+00
1.7000e+02 8.0000e+01 5.6666e-01
1.7000e+02 9.0000e+01 7.1230e-01
1.7000e+02 1.0000e+02 8.8128e-01
1.7000e+02 1.1000e+02 2.0360e-01
1.7000e+02 1.2000e+02 2.1260e-01
1.7000e+02 1.3000e+02 -2.1352e+00
1.7000e+02 1.4000e+02 -2.3824e+00
1.7000e+02 1.5000e+02 1.6729e+00
1.7000e+02 1.6000e+02 7.3862e-01
1.7000e+02 1.7000e+02 -2.0216e+00
1.7000e+02 1.8000e+02 -2.4482e+00
1.7000e+02 1.9000e+02 -1.3343e+00
1.7000e+02 2.0000e+02 -2.5731e-01
1.8000e+02 -2.0000e+02 -1.7868e+00
1.8000e+02 -1.9000e+02 1.5205e+00
1.8000e+02 -1.8000e+02 -5.0317e-01
1.8000e+02 -1.7000e+02 -1.0583e+00
1.8000e+02 -1.6000e+02 7.9498e-01
1.8000e+02 -1.5000e+02 1.9450e-01
1.8000e+02 -1.4000e+02 8.5961e-01
1.8000e+02 -1.3000e+02 -9.4320e-02
1.8000e+02 -1.2000e+02 -1.7113e+00
1.8000e+02 -1.1000e+02 1.8332e+00
1.8000e+02 -1.0000e+02 -2.0166e+00
1.8000e+02 -9.0000e+01 -5.6053e-01
1.8000e+02 -8.0000e+01 5.8481e-01
1.8000e+02 -7.0000e+01 4.8530e-01
1.8000e+02 -6.0000e+01 -9.9432e-01
1.8000e+02 -5.0000e+01 -4.5443e+00
1.8000e+02 -4.0000e+01 6.9819e-01
1.8000e+02 -3.0000e+01 1.3954e+00
1.8000e+02 -2.0000e+01 -1.8570e+00
1.8000e+02 -1.0000e+01 1.8360e+00
1.8000e+02 0.0000e+00 5.7480e-01
1.8000e+02 1.0000e+01 -2.7698e+00
1.8000e+02 2.0000e+01 -2.3388e+00
1.8000e+02 3.0000e+01 1.5895e+00
1.8000e+02 4.0000e+01 2.2287e-01
1.8000e+02 5.0000e+01 -8.8468e-01
1.8000e+02 6.0000e+01 9.3779e-01
1.8000e+02 7.0000e+01 -2.2236e+00
1.8000e+02 8.0000e+01 -2.2329e+00
1.8000e+02 9.0000e+01 1.3599e+00
1.8000e+02 1.0000e+02 -5.2605e-01
1.8000e+02 1.1000e+02 8.5552e-01
1.8000e+02 1.2000e+02 7.9977e-01
1.8000e+02 1.3000e+02 1.2345e-01
1.8000e+02 1.4000e+02 3.3763e+00
1.8000e+02 1.5000e+02 5.3446e-01
1.8000e+02 1.6000e+02 -9.6187e-01
1.8000e+02 1.7000e+02 -5.7939e-01
1.8000e+02 1.8000e+02 6.0445e-01
1.8000e+02 1.9000e+02 1.5423e+00
1.8000e+02 2.0000e+02 5.4369e-01
1.9000e+02 -2.0000e+02 -4.1610e+00
1.9000e+02 -1.9000e+02 -5.9207e-01
1.9000e+02 -1.8000e+02 7.1579e-01
1.9000e+02 -1.7000e+02 -6.2807e-01
1.9000e+02 -1.6000e+02 -1.9874e+00
1.9000e+02 -1.5000e+02 2.7674e-02
1.9000e+02 -1.4000e+02 1.5344e+00
1.9000e+02 -1.3000e+02 1.7074e+00
1.9000e+02 -1.2000e+02 1.7199e+00
1.9000e+02 -1.1000e+02 -8.9040e-01
1.9000e+02 -1.0000e+02 2.9494e-01
1.9000e+02 -9.0000e+01 -7.7153e-01
1.9000e+02 -8.0000e+01 -2.0049e+00
1.9000e+02 -7.0000e+01 3.4395e+00
1.9000e+02 -6.0000e+01 1.0220e-01
1.9000e+02 -5.0000e+01 -6.9578e-01
1.9000e+02 -4.0000e+01 -1.0593e+00
1.9000e+02 -3.0000e+01 -9.8093e-01
1.9000e+02 -2.0000e+01 6.1286e-01
1.9000e+02 -1.0000e+01 -3.7897e-01
1.9000e+02 0.0000e+00 1.5828e-01
1.9000e+02 1.0000e+01 -7.5722e-01
1.9000e+02 2.0000e+01 -2.3023e+00
1.9000e+02 3.0000e+01 -9.8138e-01
1.9000e+02 4.0000e+01 2.9659e-02
1.9000e+02 5.0000e+01 -2.9526e+00
1.9000e+02 6.0000e+01 -1.6031e+00
1.9000e+02 7.0000e+01 6.9167e-01
1.9000e+02 8.0000e+01 1.7116e+00
1.9000e+02 9.0000e+01 -8.8043e-01
1.9000e+02 1.0000e+02 -7.1571e-02
1.9000e+02 1.1000e+02 2.5936e+00
1.9000e+02 1.2000e+02 2.6103e+00
1.9000e+02 1.3000e+02 3.6605e+00
1.9000e+02 1.4000e+02 -1.0239e+00
1.9000e+02 1.5000e+02 9.7223e-01
1.9000e+02 1.6000e+02 2.0980e+00
1.9000e+02 1.7000e+02 -2.5709e+00
1.9000e+02 1.8000e+02 -3.1634e+00
1.9000e+02 1.9000e+02 3.6069e-02
1.9000e+02 2.0000e+02 -1.5175e-01
2.0000e+02 -2.0000e+02 -3.1170e-01
2.0000e+02 -1.9000e+02 -9.2928e-01
2.0000e+02 -1.8000e+02 5.8516e-01
2.0000e+02 -1.7000e+02 1.3271e+00
2.0000e+02 -1.6000e+02 -2.8401e-01
2.0000e+02 -1.5000e+02 9.6667e-01
2.0000e+02 -1.4000e+02 -6.5259e-01
2.0000e+02 -1.3000e+02 -1.3822e-01
2.0000e+02 -1.2000e+02 5.9599e-02
2.0000e+02 -1.1000e+02 -2.2249e-01
2.0000e+02 -1.0000e+02 1.4910e+00
2.0000e+02 -9.0000e+01 -1.8712e+00
2.0000e+02 -8.0000e+01 1.5139e+00
2.0000e+02 -7.0000e+01 2.4396e+00
2.0000e+02 -6.0000e+01 -1.7429e+00
2.0000e+02 -5.0000e+01 -2.3476e+00
2.0000e+02 -4.0000e+01 -1.3400e+00
2.0000e+02 -3.0000e+01 -1.0097e+00
2.0000e+02 -2.0000e+01 -1.4603e+00
2.0000e+02 -1.0000e+01 1.9200e+00
2.0000e+02 0.0000e+00 1.4211e+00
2.0000e+02 1.0000e+01 -7.4081e-01
2.0000e+02 2.0000e+01 6.9651e-01
2.0000e+02 3.0000e+01 1.8330e+00
2.0000e+02 4.0000e+01 -6.1311e-01
2.0000e+02 5.0000e+01 -2.9779e-01
2.0000e+02 6.0000e+01 -6.4708e-01
2.0000e+02 7.0000e+01 1.7944e+00
2.0000e+02 8.0000e+01 9.3556e-01
2.0000e+02 9.0000e+01 -1.0038e+00
2.0000e+02 1.0000e+02 8.0391e-01
2.0000e+02 1.1000e+02 -2.9259e+00
2.0000e+02 1.2000e+02 -1.6376e+00
2.0000e+02 1.3000e+02 1.1290e+00
2.0000e+02 1.4000e+02 2.4697e+00
2.0000e+02 1.5000e+02 -1.4008e+00
2.0000e+02 1.6000e+02 -6.2713e-01
2.0000e+02 1.7000e+02 9.3257e-01
2.0000e+02 1.8000e+02 1.1840e+00
2.0000e+02 1.9000e+02 2.1266e+00
2.0000e+02 2.0000e+02 8.4770e-01
