-2.0000e+02 -2.0000e+02 2.8698e-01
-2.0000e+02 -1.9000e+02 -1.8142e+00
-2.0000e+02 -1.8000e+02 1.3666e-01
-2.0000e+02 -1.7000e+02 -7.7875e-01
-2.0000e+02 -1.6000e+02 5.0569e-01
-2.0000e+02 -1.5000e+02 -3.7726e-01
-2.0000e+02 -1.4000e+02 3.4637e-01
-2.0000e+02 -1.3000e+02 -2.1626e+00
-2.0000e+02 -1.2000e+02 7.9138e-01
-2.0000e+02 -1.1000e+02 1.9836e+00
-2.0000e+02 -1.0000e+02 1.2244e+00
-2.0000e+02 -9.0000e+01 -1.4717e+00
-2.0000e+02 -8.0000e+01 7.3661e-01
-2.0000e+02 -7.0000e+01 -2.3597e+00
-2.0000e+02 -6.0000e+01 -1.2767e+00
-2.0000e+02 -5.0000e+01 -5.1541e-01
-2.0000e+02 -4.0000e+01 1.5790e+00
-2.0000e+02 -3.0000e+01 -1.5963e+00
-2.0000e+02 -2.0000e+01 1.9207e-01
-2.0000e+02 -1.0000e+01 -1.0854e+00
-2.0000e+02 0.0000e+00 1.2366e+00
-2.0000e+02 1.0000e+01 -2.2605e+00
-2.0000e+02 2.0000e+01 1.3807e+00
-2.0000e+02 3.0000e+01 -5.5683e-01
-2.0000e+02 4.0000e+01 2.0717e+00
-2.0000e+02 5.0000e+01 2.8707e+00
-2.0000e+02 6.0000e+01 2.5035e+00
-2.0000e+02 7.0000e+01 3.9561e+00
-2.0000e+02 8.0000e+01 1.5210e+00
-2.0000e+02 9.0000e+01 -9.5941e-01
-2.0000e+02 1.0000e+02 -4.7065e-01
-2.0000e+02 1.1000e+02 -4.5799e-02
-2.0000e+02 1.2000e+02 3.9225e-01
-2.0000e+02 1.3000e+02 4.8062e+00
-2.0000e+02 1.4000e+02 -8.8011e-01
-2.0000e+02 1.5000e+02 -2.0570e+00
-2.0000e+02 1.6000e+02 -7.9944e-01
-2.0000e+02 1.7000e+02 1.3948e+00
-2.0000e+02 1.8000e+02 -2.3362e-01
-2.0000e+02 1.9000e+02 -1.3446e+00
-2.0000e+02 2.0000e+02 3.4161e-01
-1.9000e+02 -2.0000e+02 1.2059e-01
-1.9000e+02 -1.9000e+02 7.0066e-01
-1.9000e+02 -1.8000e+02 -3.4732e-01
-1.9000e+02 -1.7000e+02 2.9021e+00
-1.9000e+02 -1.6000e+02 -1.6752e-01
-1.9000e+02 -1.5000e+02 1.8121e+00
-1.9000e+02 -1.4000e+02 5.9149e-01
-1.9000e+02 -1.3000e+02 -7.6912e-01
-1.9000e+02 -1.2000e+02 -7.1095e-02
-1.9000e+02 -1.1000e+02 -4.5394e-01
-1.9000e+02 -1.0000e+02 2.1286e+00
-1.9000e+02 -9.0000e+01 2.2491e+00
-1.9000e+02 -8.0000e+01 6.1950e-02
-1.9000e+02 -7.0000e+01 8.4652e-01
-1.9000e+02 -6.0000e+01 -3.1243e-01
-1.9000e+02 -5.0000e+01 -9.3569e-01
-1.9000e+02 -4.0000e+01 -1.7958e+00
-1.9000e+02 -3.0000e+01 2.2756e+00
-1.9000e+02 -2.0000e+01 2.1284e+00
-1.9000e+02 -1.0000e+01 -1.6615e+00
-1.9000e+02 0.0000e+00 6.3886e-01
-1.9000e+02 1.0000e+01 1.4328e+00
-1.9000e+02 2.0000e+01 -7.2926e-01
-1.9000e+02 3.0000e+01 3.8671e-01
-1.9000e+02 4.0000e+01 1.0782e+00
-1.9000e+02 5.0000e+01 8.5932e-01
-1.9000e+02 6.0000e+01 2.7280e+00
-1.9000e+02 7.0000e+01 6.9412e-01
-1.9000e+02 8.0000e+01 -7.6555e-01
-1.9000e+02 9.0000e+01 5.9524e-01
-1.9000e+02 1.0000e+02 -7.3439e-01
-1.9000e+02 1.1000e+02 7.3181e-01
-1.9000e+02 1.2000e+02 -8.8927e-02
-1.9000e+02 1.3000e+02 4.0495e-01
-1.9000e+02 1.4000e+02 1.1579e+00
-1.9000e+02 1.5000e+02 -1.5668e+00
-1.9000e+02 1.6000e+02 1.5820e+00
-1.9000e+02 1.7000e+02 2.2960e+00
-1.9000e+02 1.8000e+02 1.8124e+00
-1.9000e+02 1.9000e+02 -2.2232e-01
-1.9000e+02 2.0000e+02 2.0389e+00
-1.8000e+02 -2.0000e+02 -3.5774e+00
-1.8000e+02 -1.9000e+02 -2.0080e+00
-1.8000e+02 -1.8000e+02 -1.2245e+00
-1.8000e+02 -1.7000e+02 2.3361e+00
-1.8000e+02 -1.6000e+02 -3.7093e-01
-1.8000e+02 -1.5000e+02 -1.1143e+00
-1.8000e+02 -1.4000e+02 -3.6090e-01
-1.8000e+02 -1.3000e+02 5.0367e-01
-1.8000e+02 -1.2000e+02 2.7654e+00
-1.8000e+02 -1.1000e+02 -1.3482e+00
-1.8000e+02 -1.0000e+02 3.5565e-01
-1.8000e+02 -9.0000e+01 1.1891e+00
-1.8000e+02 -8.0000e+01 3.0395e-01
-1.8000e+02 -7.0000e+01 -9.3726e-01
-1.8000e+02 -6.0000e+01 1.4065e+00
-1.8000e+02 -5.0000e+01 -9.1914e-01
-1.8000e+02 -4.0000e+01 -4.8003e-01
-1.8000e+02 -3.0000e+01 1.5230e+00
-1.8000e+02 -2.0000e+01 -2.8251e-01
-1.8000e+02 -1.0000e+01 -4.5359e+00
-1.8000e+02 0.0000e+00 5.2538e-01
-1.8000e+02 1.0000e+01 7.7786e-01
-1.8000e+02 2.0000e+01 -2.9380e+00
-1.8000e+02 3.0000e+01 -1.9259e+00
-1.8000e+02 4.0000e+01 -9.8570e-02
-1.8000e+02 5.0000e+01 2.5134e+00
-1.8000e+02 6.0000e+01 -2.8505e+00
-1.8000e+02 7.0000e+01 2.9540e-01
-1.8000e+02 8.0000e+01 -1.4975e+00
-1.8000e+02 9.0000e+01 2.9602e+00
-1.8000e+02 1.0000e+02 9.6446e-01
-1.8000e+02 1.1000e+02 9.9402e-01
-1.8000e+02 1.2000e+02 1.3197e+00
-1.8000e+02 1.3000e+02 8.8101e-01
-1.8000e+02 1.4000e+02 -7.1277e-01
-1.8000e+02 1.5000e+02 1.2700e+00
-1.8000e+02 1.6000e+02 2.0133e+00
-1.8000e+02 1.7000e+02 3.5690e-01
-1.8000e+02 1.8000e+02 2.6809e+00
-1.8000e+02 1.9000e+02 1.9995e+00
-1.8000e+02 2.0000e+02 2.0695e+00
-1.7000e+02 -2.0000e+02 1.4201e+00
-1.7000e+02 -1.9000e+02 -3.9577e-01
-1.7000e+02 -1.8000e+02 1.2776e-01
-1.7000e+02 -1.7000e+02 -3.6772e-02
-1.7000e+02 -1.6000e+02 8.6333e-01
-1.7000e+02 -1.5000e+02 -1.3649e+00
-1.7000e+02 -1.4000e+02 2.0892e+00
-1.7000e+02 -1.3000e+02 -1.9167e-01
-1.7000e+02 -1.2000e+02 -7.4520e-01
-1.7000e+02 -1.1000e+02 -3.1707e+00
-1.7000e+02 -1.0000e+02 -5.6162e-01
-1.7000e+02 -9.0000e+01 -6.7625e-01
-1.7000e+02 -8.0000e+01 4.5838e-01
-1.7000e+02 -7.0000e+01 -1.9991e+00
-1.7000e+02 -6.0000e+01 4.3820e-01
-1.7000e+02 -5.0000e+01 2.4523e+00
-1.7000e+02 -4.0000e+01 -2.0570e-01
-1.7000e+02 -3.0000e+01 -4.3106e-01
-1.7000e+02 -2.0000e+01 -3.3008e+00
-1.7000e+02 -1.0000e+01 -2.9151e-01
-1.7000e+02 0.0000e+00 9.7221e-01
-1.7000e+02 1.0000e+01 -3.4968e+00
-1.7000e+02 2.0000e+01 2.3831e-01
-1.7000e+02 3.0000e+01 1.7209e+00
-1.7000e+02 4.0000e+01 -1.0477e+00
-1.7000e+02 5.0000e+01 -8.4695e-01
-1.7000e+02 6.0000e+01 3.1259e-01
-1.7000e+02 7.0000e+01 -4.0176e-01
-1.7000e+02 8.0000e+01 -1.3887e-01
-1.7000e+02 9.0000e+01 2.7244e-01
-1.7000e+02 1.0000e+02 -3.2695e-01
-1.7000e+02 1.1000e+02 1.5254e+00
-1.7000e+02 1.2000e+02 -5.8933e-01
-1.7000e+02 1.3000e+02 1.5201e+00
-1.7000e+02 1.4000e+02 -9.0040e-01
-1.7000e+02 1.5000e+02 -6.5428e-01
-1.7000e+02 1.6000e+02 -1.9014e+00
-1.7000e+02 1.7000e+02 1.9052e+00
-1.7000e+02 1.8000e+02 3.7028e-01
-1.7000e+02 1.9000e+02 -2.0012e-01
-1.7000e+02 2.0000e+02 -1.7375e-01
-1.6000e+02 -2.0000e+02 1.4002e+00
-1.6000e+02 -1.9000e+02 6.4413e-01
-1.6000e+02 -1.8000e+02 -2.1378e+00
-1.6000e+02 -1.7000e+02 1.1582e+00
-1.6000e+02 -1.6000e+02 2.1166e+00
-1.6000e+02 -1.5000e+02 -2.7115e+00
-1.6000e+02 -1.4000e+02 -1.0029e-01
-1.6000e+02 -1.3000e+02 1.1801e+00
-1.6000e+02 -1.2000e+02 -4.8218e-01
-1.6000e+02 -1.1000e+02 8.1982e-02
-1.6000e+02 -1.0000e+02 2.6289e+00
-1.6000e+02 -9.0000e+01 3.0422e+00
-1.6000e+02 -8.0000e+01 -4.9703e-01
-1.6000e+02 -7.0000e+01 -1.7040e+00
-1.6000e+02 -6.0000e+01 7.1860e-01
-1.6000e+02 -5.0000e+01 1.7814e+00
-1.6000e+02 -4.0000e+01 -1.9223e-01
-1.6000e+02 -3.0000e+01 -2.0415e+00
-1.6000e+02 -2.0000e+01 6.9769e-01
-1.6000e+02 -1.0000e+01 1.5947e+00
-1.6000e+02 0.0000e+00 3.4308e+00
-1.6000e+02 1.0000e+01 2.1189e+00
-1.6000e+02 2.0000e+01 1.0058e-01
-1.6000e+02 3.0000e+01 7.2757e-01
-1.6000e+02 4.0000e+01 -8.2287e-01
-1.6000e+02 5.0000e+01 -1.6283e+00
-1.6000e+02 6.0000e+01 5.1229e-01
-1.6000e+02 7.0000e+01 -5.3183e-01
-1.6000e+02 8.0000e+01 2.5019e+00
-1.6000e+02 9.0000e+01 -1.3858e-01
-1.6000e+02 1.0000e+02 -1.2221e+00
-1.6000e+02 1.1000e+02 -1.8505e+00
-1.6000e+02 1.2000e+02 -2.7888e+00
-1.6000e+02 1.3000e+02 5.8931e-01
-1.6000e+02 1.4000e+02 -1.9371e+00
-1.6000e+02 1.5000e+02 1.3529e+00
-1.6000e+02 1.6000e+02 -1.0197e+00
-1.6000e+02 1.7000e+02 5.6221e-01
-1.6000e+02 1.8000e+02 1.7007e+00
-1.6000e+02 1.9000e+02 -1.5526e-01
-1.6000e+02 2.0000e+02 1.3884e+00
-1.5000e+02 -2.0000e+02 -3.3914e+00
-1.5000e+02 -1.9000e+02 3.6778e-01
-1.5000e+02 -1.8000e+02 -1.0843e+00
-1.5000e+02 -1.7000e+02 4.7566e-01
-1.5000e+02 -1.6000e+02 9.5546e-01
-1.5000e+02 -1.5000e+02 -2.2929e-02
-1.5000e+02 -1.4000e+02 -9.6394e-01
-1.5000e+02 -1.3000e+02 -9.0834e-01
-1.5000e+02 -1.2000e+02 1.3683e+00
-1.5000e+02 -1.1000e+02 1.4020e+00
-1.5000e+02 -1.0000e+02 -1.9940e+00
-1.5000e+02 -9.0000e+01 -5.9769e-01
-1.5000e+02 -8.0000e+01 -9.6539e-01
-1.5000e+02 -7.0000e+01 -5.6995e-02
-1.5000e+02 -6.0000e+01 -1.5851e+00
-1.5000e+02 -5.0000e+01 -8.0480e-01
-1.5000e+02 -4.0000e+01 -1.0109e+00
-1.5000e+02 -3.0000e+01 -2.4445e+00
-1.5000e+02 -2.0000e+01 -1.1446e+00
-1.5000e+02 -1.0000e+01 6.6048e-01
-1.5000e+02 0.0000e+00 -1.9825e+00
-1.5000e+02 1.0000e+01 5.0387e-01
-1.5000e+02 2.0000e+01 2.0035e+00
-1.5000e+02 3.0000e+01 9.5655e-01
-1.5000e+02 4.0000e+01 9.2180e-01
-1.5000e+02 5.0000e+01 -8.4382e-01
-1.5000e+02 6.0000e+01 1.0185e+00
-1.5000e+02 7.0000e+01 -3.1306e+00
-1.5000e+02 8.0000e+01 7.0765e-01
-1.5000e+02 9.0000e+01 1.6462e+00
-1.5000e+02 1.0000e+02 -9.5021e-01
-1.5000e+02 1.1000e+02 4.5854e-01
-1.5000e+02 1.2000e+02 -3.4428e-01
-1.5000e+02 1.3000e+02 -1.0140e+00
-1.5000e+02 1.4000e+02 2.4226e+00
-1.5000e+02 1.5000e+02 -1.8186e+00
-1.5000e+02 1.6000e+02 -3.3780e-01
-1.5000e+02 1.7000e+02 4.6905e-01
-1.5000e+02 1.8000e+02 -3.0379e+00
-1.5000e+02 1.9000e+02 1.8398e+00
-1.5000e+02 2.0000e+02 -3.3448e-01
-1.4000e+02 -2.0000e+02 -3.0781e-01
-1.4000e+02 -1.9000e+02 -1.6038e+00
-1.4000e+02 -1.8000e+02 -2.9220e-01
-1.4000e+02 -1.7000e+02 1.8572e+00
-1.4000e+02 -1.6000e+02 -5.2133e-01
-1.4000e+02 -1.5000e+02 -1.4724e+00
-1.4000e+02 -1.4000e+02 -7.8194e-02
-1.4000e+02 -1.3000e+02 1.2405e+00
-1.4000e+02 -1.2000e+02 1.0341e+00
-1.4000e+02 -1.1000e+02 1.8832e+00
-1.4000e+02 -1.0000e+02 -1.8182e+00
-1.4000e+02 -9.0000e+01 -1.5199e+00
-1.4000e+02 -8.0000e+01 -1.8420e+00
-1.4000e+02 -7.0000e+01 8.7967e-01
-1.4000e+02 -6.0000e+01 1.9047e+00
-1.4000e+02 -5.0000e+01 -1.5557e+00
-1.4000e+02 -4.0000e+01 -7.3563e-01
-1.4000e+02 -3.0000e+01 -2.2160e+00
-1.4000e+02 -2.0000e+01 -1.0586e+00
-1.4000e+02 -1.0000e+01 1.4183e-01
-1.4000e+02 0.0000e+00 -1.1656e+00
-1.4000e+02 1.0000e+01 -4.6021e+00
-1.4000e+02 2.0000e+01 8.4741e-01
-1.4000e+02 3.0000e+01 1.3706e+00
-1.4000e+02 4.0000e+01 -1.0862e+00
-1.4000e+02 5.0000e+01 -2.1363e+00
-1.4000e+02 6.0000e+01 -3.0277e-01
-1.4000e+02 7.0000e+01 4.7866e-01
-1.4000e+02 8.0000e+01 -7.3693e-01
-1.4000e+02 9.0000e+01 -3.0201e+00
-1.4000e+02 1.0000e+02 -3.0905e+00
-1.4000e+02 1.1000e+02 -1.1590e+00
-1.4000e+02 1.2000e+02 -5.4634e+00
-1.4000e+02 1.3000e+02 1.9558e+00
-1.4000e+02 1.4000e+02 -2.5215e+00
-1.4000e+02 1.5000e+02 -1.4236e+00
-1.4000e+02 1.6000e+02 1.4526e+00
-1.4000e+02 1.7000e+02 1.2932e+00
-1.4000e+02 1.8000e+02 -2.0557e+00
-1.4000e+02 1.9000e+02 2.2087e+00
-1.4000e+02 2.0000e+02 -1.6825e+00
-1.3000e+02 -2.0000e+02 4.8569e-01
-1.3000e+02 -1.9000e+02 2.8916e+00
-1.3000e+02 -1.8000e+02 -9.6738e-01
-1.3000e+02 -1.7000e+02 3.3592e-01
-1.3000e+02 -1.6000e+02 -9.9605e-01
-1.3000e+02 -1.5000e+02 -9.5085e-01
-1.3000e+02 -1.4000e+02 3.0515e+00
-1.3000e+02 -1.3000e+02 -1.2321e+00
-1.3000e+02 -1.2000e+02 -9.4826e-01
-1.3000e+02 -1.1000e+02 1.5066e+00
-1.3000e+02 -1.0000e+02 1.2347e+00
-1.3000e+02 -9.0000e+01 -2.0376e+00
-1.3000e+02 -8.0000e+01 1.1911e+00
-1.3000e+02 -7.0000e+01 2.9523e+00
-1.3000e+02 -6.0000e+01 -1.2182e+00
-1.3000e+02 -5.0000e+01 -4.1455e-02
-1.3000e+02 -4.0000e+01 -1.8583e+00
-1.3000e+02 -3.0000e+01 -7.7459e-01
-1.3000e+02 -2.0000e+01 7.4619e-01
-1.3000e+02 -1.0000e+01 -1.3618e+00
-1.3000e+02 0.0000e+00 -3.2696e-01
-1.3000e+02 1.0000e+01 -1.0726e+00
-1.3000e+02 2.0000e+01 -2.3169e+00
-1.3000e+02 3.0000e+01 -2.4877e+00
-1.3000e+02 4.0000e+01 5.8266e-01
-1.3000e+02 5.0000e+01 2.5566e+00
-1.3000e+02 6.0000e+01 1.2651e+00
-1.3000e+02 7.0000e+01 2.6673e-01
-1.3000e+02 8.0000e+01 -1.6540e+00
-1.3000e+02 9.0000e+01 2.9672e+00
-1.3000e+02 1.0000e+02 -5.9562e-01
-1.3000e+02 1.1000e+02 -2.7484e-01
-1.3000e+02 1.2000e+02 -1.2475e+00
-1.3000e+02 1.3000e+02 7.5322e-02
-1.3000e+02 1.4000e+02 -5.0465e-01
-1.3000e+02 1.5000e+02 -1.2075e+00
-1.3000e+02 1.6000e+02 -5.3576e-01
-1.3000e+02 1.7000e+02 -1.3862e+00
-1.3000e+02 1.8000e+02 1.6420e+00
-1.3000e+02 1.9000e+02 1.3599e+00
-1.3000e+02 2.0000e+02 5.6481e-01
-1.2000e+02 -2.0000e+02 -1.8423e+00
-1.2000e+02 -1.9000e+02 1.1246e+00
-1.2000e+02 -1.8000e+02 1.3157e+00
-1.2000e+02 -1.7000e+02 -3.5155e-01
-1.2000e+02 -1.6000e+02 1.8619e+00
-1.2000e+02 -1.5000e+02 -4.5768e+00
-1.2000e+02 -1.4000e+02 1.6879e+00
-1.2000e+02 -1.3000e+02 6.7973e-02
-1.2000e+02 -1.2000e+02 -1.0693e+00
-1.2000e+02 -1.1000e+02 -9.2617e-01
-1.2000e+02 -1.0000e+02 2.1400e-01
-1.2000e+02 -9.0000e+01 1.7447e+00
-1.2000e+02 -8.0000e+01 2.9901e-01
-1.2000e+02 -7.0000e+01 -3.8480e+00
-1.2000e+02 -6.0000e+01 1.8461e-02
-1.2000e+02 -5.0000e+01 -2.3536e+00
-1.2000e+02 -4.0000e+01 4.7243e-01
-1.2000e+02 -3.0000e+01 -2.7523e+00
-1.2000e+02 -2.0000e+01 -2.5581e+00
-1.2000e+02 -1.0000e+01 3.5427e-01
-1.2000e+02 0.0000e+00 -2.1192e+00
-1.2000e+02 1.0000e+01 2.2828e+00
-1.2000e+02 2.0000e+01 -3.2694e+00
-1.2000e+02 3.0000e+01 -3.4819e+00
-1.2000e+02 4.0000e+01 1.1156e+00
-1.2000e+02 5.0000e+01 -1.2696e+00
-1.2000e+02 6.0000e+01 1.0499e-01
-1.2000e+02 7.0000e+01 -1.4208e+00
-1.2000e+02 8.0000e+01 1.2356e+00
-1.2000e+02 9.0000e+01 4.0005e-01
-1.2000e+02 1.0000e+02 -8.3276e-01
-1.2000e+02 1.1000e+02 1.1712e+00
-1.2000e+02 1.2000e+02 -8.4561e-01
-1.2000e+02 1.3000e+02 -3.3113e-01
-1.2000e+02 1.4000e+02 4.2539e-01
-1.2000e+02 1.5000e+02 -1.9367e+00
-1.2000e+02 1.6000e+02 6.3961e-01
-1.2000e+02 1.7000e+02 -2.2141e+00
-1.2000e+02 1.8000e+02 2.6429e+00
-1.2000e+02 1.9000e+02 -1.9515e+00
-1.2000e+02 2.0000e+02 -9.7116e-01
-1.1000e+02 -2.0000e+02 -3.8448e+00
-1.1000e+02 -1.9000e+02 8.0315e-01
-1.1000e+02 -1.8000e+02 2.4449e+00
-1.1000e+02 -1.7000e+02 2.7487e+00
-1.1000e+02 -1.6000e+02 -8.8327e-01
-1.1000e+02 -1.5000e+02 3.9070e-01
-1.1000e+02 -1.4000e+02 -2.5560e+00
-1.1000e+02 -1.3000e+02 -1.8523e+00
-1.1000e+02 -1.2000e+02 2.0689e+00
-1.1000e+02 -1.1000e+02 1.2975e+00
-1.1000e+02 -1.0000e+02 -2.5854e+00
-1.1000e+02 -9.0000e+01 -1.9231e+00
-1.1000e+02 -8.0000e+01 -1.3627e+00
-1.1000e+02 -7.0000e+01 -2.1439e+00
-1.1000e+02 -6.0000e+01 -1.5723e+00
-1.1000e+02 -5.0000e+01 -3.2622e+00
-1.1000e+02 -4.0000e+01 1.6860e+00
-1.1000e+02 -3.0000e+01 -9.7264e-01
-1.1000e+02 -2.0000e+01 -2.8687e+00
-1.1000e+02 -1.0000e+01 4.0269e-01
-1.1000e+02 0.0000e+00 -3.5840e+00
-1.1000e+02 1.0000e+01 -2.7593e+00
-1.1000e+02 2.0000e+01 -3.4409e+00
-1.1000e+02 3.0000e+01 -2.8726e+00
-1.1000e+02 4.0000e+01 -2.3791e+00
-1.1000e+02 5.0000e+01 -2.1031e+00
-1.1000e+02 6.0000e+01 -2.0014e+00
-1.1000e+02 7.0000e+01 -4.5688e-01
-1.1000e+02 8.0000e+01 5.8795e-01
-1.1000e+02 9.0000e+01 -9.3500e-01
-1.1000e+02 1.0000e+02 1.7269e+00
-1.1000e+02 1.1000e+02 1.3107e+00
-1.1000e+02 1.2000e+02 -2.6632e+00
-1.1000e+02 1.3000e+02 -1.4109e+00
-1.1000e+02 1.4000e+02 -7.1345e-01
-1.1000e+02 1.5000e+02 4.9996e-01
-1.1000e+02 1.6000e+02 -1.1234e+00
-1.1000e+02 1.7000e+02 -1.0129e+00
-1.1000e+02 1.8000e+02 -1.1888e-01
-1.1000e+02 1.9000e+02 -1.1962e-01
-1.1000e+02 2.0000e+02 -2.1445e+00
-1.0000e+02 -2.0000e+02 -1.3226e+00
-1.0000e+02 -1.9000e+02 2.0399e+00
-1.0000e+02 -1.8000e+02 4.9947e-01
-1.0000e+02 -1.7000e+02 9.0459e-01
-1.0000e+02 -1.6000e+02 2.4736e+00
-1.0000e+02 -1.5000e+02 1.7306e+00
-1.0000e+02 -1.4000e+02 -4.7962e-01
-1.0000e+02 -1.3000e+02 -4.0125e-01
-1.0000e+02 -1.2000e+02 5.6889e-01
-1.0000e+02 -1.1000e+02 1.5812e-01
-1.0000e+02 -1.0000e+02 -3.4583e+00
-1.0000e+02 -9.0000e+01 -1.0437e+00
-1.0000e+02 -8.0000e+01 -2.3347e+00
-1.0000e+02 -7.0000e+01 -2.4433e+00
-1.0000e+02 -6.0000e+01 -1.5583e-02
-1.0000e+02 -5.0000e+01 2.2427e-02
-1.0000e+02 -4.0000e+01 -3.3160e+00
-1.0000e+02 -3.0000e+01 -4.4362e+00
-1.0000e+02 -2.0000e+01 -4.1254e+00
-1.0000e+02 -1.0000e+01 -1.0824e+00
-1.0000e+02 0.0000e+00 -4.3348e+00
-1.0000e+02 1.0000e+01 -2.6875e+00
-1.0000e+02 2.0000e+01 -3.8953e+00
-1.0000e+02 3.0000e+01 -2.1564e+00
-1.0000e+02 4.0000e+01 -4.7110e+00
-1.0000e+02 5.0000e+01 -1.3458e+00
-1.0000e+02 6.0000e+01 -1.6420e+00
-1.0000e+02 7.0000e+01 -1.6470e+00
-1.0000e+02 8.0000e+01 -7.8874e-01
-1.0000e+02 9.0000e+01 6.5480e-01
-1.0000e+02 1.0000e+02 -1.2749e+00
-1.0000e+02 1.1000e+02 -4.1465e-01
-1.0000e+02 1.2000e+02 -3.3834e+00
-1.0000e+02 1.3000e+02 -7.4864e-01
-1.0000e+02 1.4000e+02 -1.2033e+00
-1.0000e+02 1.5000e+02 -1.7084e+00
-1.0000e+02 1.6000e+02 -4.2772e-01
-1.0000e+02 1.7000e+02 1.1238e+00
-1.0000e+02 1.8000e+02 3.8672e-01
-1.0000e+02 1.9000e+02 -8.7972e-01
-1.0000e+02 2.0000e+02 -1.9843e+00
-9.0000e+01 -2.0000e+02 2.4535e-01
-9.0000e+01 -1.9000e+02 1.3368e+00
-9.0000e+01 -1.8000e+02 5.8513e-01
-9.0000e+01 -1.7000e+02 6.2411e-01
-9.0000e+01 -1.6000e+02 -3.4808e-01
-9.0000e+01 -1.5000e+02 3.3378e+00
-9.0000e+01 -1.4000e+02 -2.0430e-01
-9.0000e+01 -1.3000e+02 2.8010e+00
-9.0000e+01 -1.2000e+02 1.3988e+00
-9.0000e+01 -1.1000e+02 2.8472e-01
-9.0000e+01 -1.0000e+02 -2.8356e-01
-9.0000e+01 -9.0000e+01 -8.6021e-02
-9.0000e+01 -8.0000e+01 -6.1552e-01
-9.0000e+01 -7.0000e+01 -1.5343e+00
-9.0000e+01 -6.0000e+01 -5.0544e-02
-9.0000e+01 -5.0000e+01 -1.5399e+00
-9.0000e+01 -4.0000e+01 -2.7603e+00
-9.0000e+01 -3.0000e+01 -5.6079e-01
-9.0000e+01 -2.0000e+01 -1.8824e+00
-9.0000e+01 -1.0000e+01 -6.4827e+00
-9.0000e+01 0.0000e+00 -4.5661e+00
-9.0000e+01 1.0000e+01 -3.7149e+00
-9.0000e+01 2.0000e+01 -1.4762e+00
-9.0000e+01 3.0000e+01 -4.4771e+00
-9.0000e+01 4.0000e+01 -2.4814e+00
-9.0000e+01 5.0000e+01 -1.2854e+00
-9.0000e+01 6.0000e+01 -4.0628e+00
-9.0000e+01 7.0000e+01 -4.6660e+00
-9.0000e+01 8.0000e+01 -2.2467e+00
-9.0000e+01 9.0000e+01 -9.5316e-01
-9.0000e+01 1.0000e+02 9.6685e-01
-9.0000e+01 1.1000e+02 -2.7394e+00
-9.0000e+01 1.2000e+02 -2.2520e+00
-9.0000e+01 1.3000e+02 -1.9414e+00
-9.0000e+01 1.4000e+02 -1.6678e+00
-9.0000e+01 1.5000e+02 1.1027e+00
-9.0000e+01 1.6000e+02 1.1540e+00
-9.0000e+01 1.7000e+02 -9.6895e-01
-9.0000e+01 1.8000e+02 -4.5676e-01
-9.0000e+01 1.9000e+02 3.1247e-01
-9.0000e+01 2.0000e+02 -8.8847e-01
-8.0000e+01 -2.0000e+02 -3.6438e-01
-8.0000e+01 -1.9000e+02 -2.3871e+00
-8.0000e+01 -1.8000e+02 1.6141e-01
-8.0000e+01 -1.7000e+02 1.5331e+00
-8.0000e+01 -1.6000e+02 1.2249e+00
-8.0000e+01 -1.5000e+02 -3.2310e-02
-8.0000e+01 -1.4000e+02 2.0252e+00
-8.0000e+01 -1.3000e+02 -9.5427e-01
-8.0000e+01 -1.2000e+02 -3.4643e+00
-8.0000e+01 -1.1000e+02 -1.9645e+00
-8.0000e+01 -1.0000e+02 -4.3850e+00
-8.0000e+01 -9.0000e+01 -1.3533e+00
-8.0000e+01 -8.0000e+01 -3.2622e+00
-8.0000e+01 -7.0000e+01 -3.9001e+00
-8.0000e+01 -6.0000e+01 -6.6931e+00
-8.0000e+01 -5.0000e+01 -1.1202e+00
-8.0000e+01 -4.0000e+01 -3.2968e+00
-8.0000e+01 -3.0000e+01 -7.5674e+00
-8.0000e+01 -2.0000e+01 -5.9770e+00
-8.0000e+01 -1.0000e+01 -5.0067e+00
-8.0000e+01 0.0000e+00 -5.6513e+00
-8.0000e+01 1.0000e+01 -2.3217e+00
-8.0000e+01 2.0000e+01 -7.3940e+00
-8.0000e+01 3.0000e+01 -4.8640e+00
-8.0000e+01 4.0000e+01 -4.2903e+00
-8.0000e+01 5.0000e+01 -3.4489e+00
-8.0000e+01 6.0000e+01 -3.5552e+00
-8.0000e+01 7.0000e+01 -3.3819e+00
-8.0000e+01 8.0000e+01 -2.1285e+00
-8.0000e+01 9.0000e+01 -2.0605e+00
-8.0000e+01 1.0000e+02 -3.0302e-01
-8.0000e+01 1.1000e+02 -2.4800e-01
-8.0000e+01 1.2000e+02 2.6470e-01
-8.0000e+01 1.3000e+02 -3.0884e-01
-8.0000e+01 1.4000e+02 -1.9381e+00
-8.0000e+01 1.5000e+02 -1.8863e+00
-8.0000e+01 1.6000e+02 1.0017e+00
-8.0000e+01 1.7000e+02 -7.5133e-01
-8.0000e+01 1.8000e+02 8.6169e-01
-8.0000e+01 1.9000e+02 1.3354e+00
-8.0000e+01 2.0000e+02 4.5238e-01
-7.0000e+01 -2.0000e+02 -2.0016e-01
-7.0000e+01 -1.9000e+02 -9.2771e-01
-7.0000e+01 -1.8000e+02 -1.4129e+00
-7.0000e+01 -1.7000e+02 5.5038e-01
-7.0000e+01 -1.6000e+02 5.1304e-01
-7.0000e+01 -1.5000e+02 -1.8140e+00
-7.0000e+01 -1.4000e+02 9.2582e-01
-7.0000e+01 -1.3000e+02 -4.3878e-01
-7.0000e+01 -1.2000e+02 1.1065e+00
-7.0000e+01 -1.1000e+02 -1.6054e+00
-7.0000e+01 -1.0000e+02 7.7481e-01
-7.0000e+01 -9.0000e+01 -2.6241e+00
-7.0000e+01 -8.0000e+01 -2.1035e+00
-7.0000e+01 -7.0000e+01 -1.5368e+00
-7.0000e+01 -6.0000e+01 -5.6533e+00
-7.0000e+01 -5.0000e+01 -6.2845e+00
-7.0000e+01 -4.0000e+01 -5.9576e+00
-7.0000e+01 -3.0000e+01 -6.4863e+00
-7.0000e+01 -2.0000e+01 -6.3350e+00
-7.0000e+01 -1.0000e+01 -4.3967e+00
-7.0000e+01 0.0000e+00 -4.8009e+00
-7.0000e+01 1.0000e+01 -1.1182e+01
-7.0000e+01 2.0000e+01 -4.2578e+00
-7.0000e+01 3.0000e+01 -5.8900e+00
-7.0000e+01 4.0000e+01 -6.3480e+00
-7.0000e+01 5.0000e+01 -3.7603e+00
-7.0000e+01 6.0000e+01 -3.9907e+00
-7.0000e+01 7.0000e+01 -3.8936e+00
-7.0000e+01 8.0000e+01 -5.1495e+00
-7.0000e+01 9.0000e+01 -9.8664e-01
-7.0000e+01 1.0000e+02 -2.6239e+00
-7.0000e+01 1.1000e+02 3.7543e-01
-7.0000e+01 1.2000e+02 -7.7562e-01
-7.0000e+01 1.3000e+02 -2.5137e+00
-7.0000e+01 1.4000e+02 -2.3687e+00
-7.0000e+01 1.5000e+02 -5.8355e-01
-7.0000e+01 1.6000e+02 -3.5203e+00
-7.0000e+01 1.7000e+02 7.4765e-01
-7.0000e+01 1.8000e+02 7.8548e-01
-7.0000e+01 1.9000e+02 1.8547e+00
-7.0000e+01 2.0000e+02 -8.1111e-01
-6.0000e+01 -2.0000e+02 1.4591e+00
-6.0000e+01 -1.9000e+02 2.1788e+00
-6.0000e+01 -1.8000e+02 -2.6207e+00
-6.0000e+01 -1.7000e+02 -9.8117e-01
-6.0000e+01 -1.6000e+02 -4.4849e-01
-6.0000e+01 -1.5000e+02 1.9616e+00
-6.0000e+01 -1.4000e+02 -1.6576e+00
-6.0000e+01 -1.3000e+02 -1.3916e+00
-6.0000e+01 -1.2000e+02 -2.2110e-01
-6.0000e+01 -1.1000e+02 -2.1985e+00
-6.0000e+01 -1.0000e+02 9.0372e-01
-6.0000e+01 -9.0000e+01 -3.2372e-01
-6.0000e+01 -8.0000e+01 -2.5265e+00
-6.0000e+01 -7.0000e+01 -1.8357e+00
-6.0000e+01 -6.0000e+01 -4.3771e+00
-6.0000e+01 -5.0000e+01 -6.9771e+00
-6.0000e+01 -4.0000e+01 -6.1796e+00
-6.0000e+01 -3.0000e+01 -8.9381e+00
-6.0000e+01 -2.0000e+01 -8.2284e+00
-6.0000e+01 -1.0000e+01 -9.5266e+00
-6.0000e+01 0.0000e+00 -6.7137e+00
-6.0000e+01 1.0000e+01 -9.1037e+00
-6.0000e+01 2.0000e+01 -8.4002e+00
-6.0000e+01 3.0000e+01 -8.0753e+00
-6.0000e+01 4.0000e+01 -9.1185e+00
-6.0000e+01 5.0000e+01 -6.6799e+00
-6.0000e+01 6.0000e+01 -3.3269e+00
-6.0000e+01 7.0000e+01 -4.2053e+00
-6.0000e+01 8.0000e+01 -1.9831e+00
-6.0000e+01 9.0000e+01 5.2429e-01
-6.0000e+01 1.0000e+02 -1.3729e+00
-6.0000e+01 1.1000e+02 -5.7328e-01
-6.0000e+01 1.2000e+02 -8.1910e-01
-6.0000e+01 1.3000e+02 -1.4541e+00
-6.0000e+01 1.4000e+02 -6.0096e-01
-6.0000e+01 1.5000e+02 -1.2462e+00
-6.0000e+01 1.6000e+02 -5.7357e-01
-6.0000e+01 1.7000e+02 1.4953e+00
-6.0000e+01 1.8000e+02 6.5592e-01
-6.0000e+01 1.9000e+02 -1.5905e-01
-6.0000e+01 2.0000e+02 1.1437e-01
-5.0000e+01 -2.0000e+02 8.3303e-01
-5.0000e+01 -1.9000e+02 5.1042e-01
-5.0000e+01 -1.8000e+02 -2.2825e+00
-5.0000e+01 -1.7000e+02 5.0628e-01
-5.0000e+01 -1.6000e+02 9.8218e-01
-5.0000e+01 -1.5000e+02 5.3448e-01
-5.0000e+01 -1.4000e+02 9.6247e-01
-5.0000e+01 -1.3000e+02 -8.6926e-01
-5.0000e+01 -1.2000e+02 -1.9309e+00
-5.0000e+01 -1.1000e+02 -1.9401e+00
-5.0000e+01 -1.0000e+02 -2.7624e-01
-5.0000e+01 -9.0000e+01 -3.4744e+00
-5.0000e+01 -8.0000e+01 -2.0377e+00
-5.0000e+01 -7.0000e+01 -4.0920e+00
-5.0000e+01 -6.0000e+01 -6.4304e+00
-5.0000e+01 -5.0000e+01 -5.8728e+00
-5.0000e+01 -4.0000e+01 -7.0273e+00
-5.0000e+01 -3.0000e+01 -9.3332e+00
-5.0000e+01 -2.0000e+01 -9.7867e+00
-5.0000e+01 -1.0000e+01 -8.3265e+00
-5.0000e+01 0.0000e+00 -1.1144e+01
-5.0000e+01 1.0000e+01 -1.0299e+01
-5.0000e+01 2.0000e+01 -1.1060e+01
-5.0000e+01 3.0000e+01 -7.2330e+00
-5.0000e+01 4.0000e+01 -8.7675e+00
-5.0000e+01 5.0000e+01 -9.7827e+00
-5.0000e+01 6.0000e+01 -7.9003e+00
-5.0000e+01 7.0000e+01 -5.4625e+00
-5.0000e+01 8.0000e+01 -4.4983e-01
-5.0000e+01 9.0000e+01 -3.5424e+00
-5.0000e+01 1.0000e+02 -7.5738e-01
-5.0000e+01 1.1000e+02 -1.1704e+00
-5.0000e+01 1.2000e+02 -1.3337e+00
-5.0000e+01 1.3000e+02 1.2542e+00
-5.0000e+01 1.4000e+02 2.3335e+00
-5.0000e+01 1.5000e+02 -7.9801e-01
-5.0000e+01 1.6000e+02 -1.5792e+00
-5.0000e+01 1.7000e+02 1.3101e-01
-5.0000e+01 1.8000e+02 2.3360e+00
-5.0000e+01 1.9000e+02 -5.7764e-01
-5.0000e+01 2.0000e+02 5.5517e-01
-4.0000e+01 -2.0000e+02 -1.0912e+00
-4.0000e+01 -1.9000e+02 -2.3621e+00
-4.0000e+01 -1.8000e+02 5.4818e-01
-4.0000e+01 -1.7000e+02 1.0880e+00
-4.0000e+01 -1.6000e+02 -7.5929e-01
-4.0000e+01 -1.5000e+02 6.9274e-01
-4.0000e+01 -1.4000e+02 -1.0992e+00
-4.0000e+01 -1.3000e+02 5.9319e-01
-4.0000e+01 -1.2000e+02 -2.0506e+00
-4.0000e+01 -1.1000e+02 1.3818e+00
-4.0000e+01 -1.0000e+02 -2.6750e+00
-4.0000e+01 -9.0000e+01 -1.0977e+00
-4.0000e+01 -8.0000e+01 -6.7397e-01
-4.0000e+01 -7.0000e+01 -6.0766e+00
-4.0000e+01 -6.0000e+01 -8.2863e+00
-4.0000e+01 -5.0000e+01 -6.5434e+00
-4.0000e+01 -4.0000e+01 -7.8803e+00
-4.0000e+01 -3.0000e+01 -1.0402e+01
-4.0000e+01 -2.0000e+01 -1.0100e+01
-4.0000e+01 -1.0000e+01 -1.3817e+01
-4.0000e+01 0.0000e+00 -1.3889e+01
-4.0000e+01 1.0000e+01 -1.0418e+01
-4.0000e+01 2.0000e+01 -9.5952e+00
-4.0000e+01 3.0000e+01 -9.4960e+00
-4.0000e+01 4.0000e+01 -9.8536e+00
-4.0000e+01 5.0000e+01 -6.5695e+00
-4.0000e+01 6.0000e+01 -4.7719e+00
-4.0000e+01 7.0000e+01 -5.6008e+00
-4.0000e+01 8.0000e+01 -2.0757e+00
-4.0000e+01 9.0000e+01 -3.0335e+00
-4.0000e+01 1.0000e+02 -3.0238e+00
-4.0000e+01 1.1000e+02 -3.3091e+00
-4.0000e+01 1.2000e+02 -8.3481e-02
-4.0000e+01 1.3000e+02 1.7265e+00
-4.0000e+01 1.4000e+02 1.4781e+00
-4.0000e+01 1.5000e+02 2.6184e+00
-4.0000e+01 1.6000e+02 2.8769e-01
-4.0000e+01 1.7000e+02 -3.0387e+00
-4.0000e+01 1.8000e+02 1.7973e-01
-4.0000e+01 1.9000e+02 8.1565e-02
-4.0000e+01 2.0000e+02 -2.3982e+00
-3.0000e+01 -2.0000e+02 1.4258e+00
-3.0000e+01 -1.9000e+02 -2.4853e-01
-3.0000e+01 -1.8000e+02 2.1504e+00
-3.0000e+01 -1.7000e+02 -7.1127e-01
-3.0000e+01 -1.6000e+02 2.5108e+00
-3.0000e+01 -1.5000e+02 -5.1055e-01
-3.0000e+01 -1.4000e+02 -1.1277e+00
-3.0000e+01 -1.3000e+02 -9.7745e-01
-3.0000e+01 -1.2000e+02 -3.1426e-01
-3.0000e+01 -1.1000e+02 -1.8502e+00
-3.0000e+01 -1.0000e+02 -4.6495e+00
-3.0000e+01 -9.0000e+01 -5.0891e+00
-3.0000e+01 -8.0000e+01 -8.2620e+00
-3.0000e+01 -7.0000e+01 -6.7487e+00
-3.0000e+01 -6.0000e+01 -8.1819e+00
-3.0000e+01 -5.0000e+01 -7.0466e+00
-3.0000e+01 -4.0000e+01 -1.1186e+01
-3.0000e+01 -3.0000e+01 -1.2392e+01
-3.0000e+01 -2.0000e+01 -1.4820e+01
-3.0000e+01 -1.0000e+01 -1.2661e+01
-3.0000e+01 0.0000e+00 -1.1736e+01
-3.0000e+01 1.0000e+01 -1.4070e+01
-3.0000e+01 2.0000e+01 -1.1006e+01
-3.0000e+01 3.0000e+01 -1.1454e+01
-3.0000e+01 4.0000e+01 -8.9833e+00
-3.0000e+01 5.0000e+01 -9.3350e+00
-3.0000e+01 6.0000e+01 -6.9273e+00
-3.0000e+01 7.0000e+01 -5.8125e+00
-3.0000e+01 8.0000e+01 -4.6954e+00
-3.0000e+01 9.0000e+01 -2.4479e+00
-3.0000e+01 1.0000e+02 -3.0222e+00
-3.0000e+01 1.1000e+02 -1.3983e+00
-3.0000e+01 1.2000e+02 -2.1719e+00
-3.0000e+01 1.3000e+02 8.8224e-02
-3.0000e+01 1.4000e+02 -8.0929e-02
-3.0000e+01 1.5000e+02 1.3013e+00
-3.0000e+01 1.6000e+02 -2.4628e+00
-3.0000e+01 1.7000e+02 -1.1828e+00
-3.0000e+01 1.8000e+02 -8.9474e-01
-3.0000e+01 1.9000e+02 3.4817e-01
-3.0000e+01 2.0000e+02 1.6064e+00
-2.0000e+01 -2.0000e+02 8.2337e-01
-2.0000e+01 -1.9000e+02 4.3507e-01
-2.0000e+01 -1.8000e+02 -7.5897e-01
-2.0000e+01 -1.7000e+02 1.0080e+00
-2.0000e+01 -1.6000e+02 -1.4710e-01
-2.0000e+01 -1.5000e+02 -2.1279e-01
-2.0000e+01 -1.4000e+02 -2.4728e+00
-2.0000e+01 -1.3000e+02 -1.9891e+00
-2.0000e+01 -1.2000e+02 1.1129e+00
-2.0000e+01 -1.1000e+02 -1.4177e+00
-2.0000e+01 -1.0000e+02 -4.1121e+00
-2.0000e+01 -9.0000e+01 -3.6135e+00
-2.0000e+01 -8.0000e+01 -2.8982e+00
-2.0000e+01 -7.0000e+01 -6.1771e+00
-2.0000e+01 -6.0000e+01 -8.9710e+00
-2.0000e+01 -5.0000e+01 -1.3194e+01
-2.0000e+01 -4.0000e+01 -1.0016e+01
-2.0000e+01 -3.0000e+01 -1.4008e+01
-2.0000e+01 -2.0000e+01 -1.2579e+01
-2.0000e+01 -1.0000e+01 -1.1809e+01
-2.0000e+01 0.0000e+00 -1.4687e+01
-2.0000e+01 1.0000e+01 -1.3802e+01
-2.0000e+01 2.0000e+01 -1.4543e+01
-2.0000e+01 3.0000e+01 -1.4362e+01
-2.0000e+01 4.0000e+01 -1.0292e+01
-2.0000e+01 5.0000e+01 -9.2933e+00
-2.0000e+01 6.0000e+01 -6.4457e+00
-2.0000e+01 7.0000e+01 -7.9154e+00
-2.0000e+01 8.0000e+01 -4.5110e+00
-2.0000e+01 9.0000e+01 -4.4515e+00
-2.0000e+01 1.0000e+02 -2.4255e+00
-2.0000e+01 1.1000e+02 -7.8667e-01
-2.0000e+01 1.2000e+02 -3.9069e+00
-2.0000e+01 1.3000e+02 1.4256e+00
-2.0000e+01 1.4000e+02 9.5110e-01
-2.0000e+01 1.5000e+02 -1.8581e+00
-2.0000e+01 1.6000e+02 3.2193e-01
-2.0000e+01 1.7000e+02 1.6008e+00
-2.0000e+01 1.8000e+02 -3.3352e+00
-2.0000e+01 1.9000e+02 2.0053e+00
-2.0000e+01 2.0000e+02 -1.4617e+00
-1.0000e+01 -2.0000e+02 -1.0904e+00
-1.0000e+01 -1.9000e+02 2.6735e-02
-1.0000e+01 -1.8000e+02 5.7068e-01
-1.0000e+01 -1.7000e+02 2.0799e+00
-1.0000e+01 -1.6000e+02 1.2657e+00
-1.0000e+01 -1.5000e+02 7.4073e-01
-1.0000e+01 -1.4000e+02 -1.4492e+00
-1.0000e+01 -1.3000e+02 -1.7326e+00
-1.0000e+01 -1.2000e+02 -1.1836e+00
-1.0000e+01 -1.1000e+02 -1.7741e+00
-1.0000e+01 -1.0000e+02 -2.4687e+00
-1.0000e+01 -9.0000e+01 -4.9242e+00
-1.0000e+01 -8.0000e+01 -3.4164e+00
-1.0000e+01 -7.0000e+01 -9.7862e+00
-1.0000e+01 -6.0000e+01 -9.0987e+00
-1.0000e+01 -5.0000e+01 -1.0008e+01
-1.0000e+01 -4.0000e+01 -1.1075e+01
-1.0000e+01 -3.0000e+01 -1.2633e+01
-1.0000e+01 -2.0000e+01 -1.3084e+01
-1.0000e+01 -1.0000e+01 -1.3476e+01
-1.0000e+01 0.0000e+00 -1.6415e+01
-1.0000e+01 1.0000e+01 -1.4524e+01
-1.0000e+01 2.0000e+01 -1.1939e+01
-1.0000e+01 3.0000e+01 -9.7004e+00
-1.0000e+01 4.0000e+01 -1.0791e+01
-1.0000e+01 5.0000e+01 -9.4382e+00
-1.0000e+01 6.0000e+01 -9.1350e+00
-1.0000e+01 7.0000e+01 -8.1418e+00
-1.0000e+01 8.0000e+01 -7.8237e+00
-1.0000e+01 9.0000e+01 -5.3142e+00
-1.0000e+01 1.0000e+02 -2.6926e+00
-1.0000e+01 1.1000e+02 -4.4397e+00
-1.0000e+01 1.2000e+02 -1.6153e+00
-1.0000e+01 1.3000e+02 -1.2937e+00
-1.0000e+01 1.4000e+02 1.5660e+00
-1.0000e+01 1.5000e+02 -6.1156e-01
-1.0000e+01 1.6000e+02 9.3059e-01
-1.0000e+01 1.7000e+02 -4.4593e-01
-1.0000e+01 1.8000e+02 -1.2626e+00
-1.0000e+01 1.9000e+02 -1.0516e+00
-1.0000e+01 2.0000e+02 1.1139e+00
0.0000e+00 -2.0000e+02 -2.7506e-01
0.0000e+00 -1.9000e+02 -7.9311e-01
0.0000e+00 -1.8000e+02 3.5836e-01
0.0000e+00 -1.7000e+02 6.7375e-01
0.0000e+00 -1.6000e+02 -1.4626e+00
0.0000e+00 -1.5000e+02 -1.6297e+00
0.0000e+00 -1.4000e+02 3.9454e-01
0.0000e+00 -1.3000e+02 -2.0556e+00
0.0000e+00 -1.2000e+02 -1.4242e+00
0.0000e+00 -1.1000e+02 -2.5223e+00
0.0000e+00 -1.0000e+02 -4.3426e+00
0.0000e+00 -9.0000e+01 -4.8892e+00
0.0000e+00 -8.0000e+01 -3.6643e+00
0.0000e+00 -7.0000e+01 -8.3294e+00
0.0000e+00 -6.0000e+01 -7.8811e+00
0.0000e+00 -5.0000e+01 -1.1335e+01
0.0000e+00 -4.0000e+01 -1.5482e+01
0.0000e+00 -3.0000e+01 -1.4060e+01
0.0000e+00 -2.0000e+01 -1.4920e+01
0.0000e+00 -1.0000e+01 -1.4008e+01
0.0000e+00 0.0000e+00 -1.6054e+01
0.0000e+00 1.0000e+01 -1.4434e+01
0.0000e+00 2.0000e+01 -1.3062e+01
0.0000e+00 3.0000e+01 -9.8144e+00
0.0000e+00 4.0000e+01 -1.1506e+01
0.0000e+00 5.0000e+01 -8.7545e+00
0.0000e+00 6.0000e+01 -9.1893e+00
0.0000e+00 7.0000e+01 -9.1974e+00
0.0000e+00 8.0000e+01 -7.7258e+00
0.0000e+00 9.0000e+01 -3.4967e+00
0.0000e+00 1.0000e+02 -4.2788e+00
0.0000e+00 1.1000e+02 -3.3913e+00
0.0000e+00 1.2000e+02 -4.9865e+00
0.0000e+00 1.3000e+02 -2.8760e+00
0.0000e+00 1.4000e+02 1.7332e+00
0.0000e+00 1.5000e+02 3.0686e+00
0.0000e+00 1.6000e+02 -5.8980e-01
0.0000e+00 1.7000e+02 1.8555e+00
0.0000e+00 1.8000e+02 -1.4702e-01
0.0000e+00 1.9000e+02 -8.7601e-02
0.0000e+00 2.0000e+02 3.6831e-01
1.0000e+01 -2.0000e+02 9.2706e-01
1.0000e+01 -1.9000e+02 -2.4930e-01
1.0000e+01 -1.8000e+02 1.1626e-01
1.0000e+01 -1.7000e+02 6.6230e-02
1.0000e+01 -1.6000e+02 -1.5274e+00
1.0000e+01 -1.5000e+02 -8.8219e-01
1.0000e+01 -1.4000e+02 -2.3619e-01
1.0000e+01 -1.3000e+02 -8.0947e-01
1.0000e+01 -1.2000e+02 -3.0303e+00
1.0000e+01 -1.1000e+02 -2.5702e+00
1.0000e+01 -1.0000e+02 -1.0206e+00
1.0000e+01 -9.0000e+01 -7.5816e+00
1.0000e+01 -8.0000e+01 -6.8318e+00
1.0000e+01 -7.0000e+01 -6.7577e+00
1.0000e+01 -6.0000e+01 -9.9876e+00
1.0000e+01 -5.0000e+01 -1.0168e+01
1.0000e+01 -4.0000e+01 -9.1327e+00
1.0000e+01 -3.0000e+01 -1.5857e+01
1.0000e+01 -2.0000e+01 -1.1999e+01
1.0000e+01 -1.0000e+01 -1.4084e+01
1.0000e+01 0.0000e+00 -1.5012e+01
1.0000e+01 1.0000e+01 -1.5154e+01
1.0000e+01 2.0000e+01 -1.3830e+01
1.0000e+01 3.0000e+01 -1.2925e+01
1.0000e+01 4.0000e+01 -1.1287e+01
1.0000e+01 5.0000e+01 -1.2392e+01
1.0000e+01 6.0000e+01 -7.5235e+00
1.0000e+01 7.0000e+01 -4.1916e+00
1.0000e+01 8.0000e+01 -4.6363e+00
1.0000e+01 9.0000e+01 -6.8542e+00
1.0000e+01 1.0000e+02 -1.6696e+00
1.0000e+01 1.1000e+02 -2.5183e+00
1.0000e+01 1.2000e+02 -1.6155e+00
1.0000e+01 1.3000e+02 -3.3452e+00
1.0000e+01 1.4000e+02 -7.4617e-01
1.0000e+01 1.5000e+02 7.9209e-01
1.0000e+01 1.6000e+02 -2.6232e-01
1.0000e+01 1.7000e+02 1.4176e+00
1.0000e+01 1.8000e+02 -2.6335e+00
1.0000e+01 1.9000e+02 -1.5791e+00
1.0000e+01 2.0000e+02 3.3760e+00
2.0000e+01 -2.0000e+02 -1.5123e-01
2.0000e+01 -1.9000e+02 1.4297e+00
2.0000e+01 -1.8000e+02 1.8398e+00
2.0000e+01 -1.7000e+02 -1.4104e+00
2.0000e+01 -1.6000e+02 -1.6047e+00
2.0000e+01 -1.5000e+02 -1.3437e+00
2.0000e+01 -1.4000e+02 -6.7119e-01
2.0000e+01 -1.3000e+02 3.9116e+00
2.0000e+01 -1.2000e+02 1.4373e+00
2.0000e+01 -1.1000e+02 -2.3871e+00
2.0000e+01 -1.0000e+02 -4.3368e+00
2.0000e+01 -9.0000e+01 -3.6712e+00
2.0000e+01 -8.0000e+01 -3.2029e+00
2.0000e+01 -7.0000e+01 -5.5021e+00
2.0000e+01 -6.0000e+01 -9.0963e+00
2.0000e+01 -5.0000e+01 -1.0718e+01
2.0000e+01 -4.0000e+01 -1.0495e+01
2.0000e+01 -3.0000e+01 -1.1920e+01
2.0000e+01 -2.0000e+01 -1.2573e+01
2.0000e+01 -1.0000e+01 -1.2999e+01
2.0000e+01 0.0000e+00 -1.4920e+01
2.0000e+01 1.0000e+01 -1.3853e+01
2.0000e+01 2.0000e+01 -1.1794e+01
2.0000e+01 3.0000e+01 -8.7564e+00
2.0000e+01 4.0000e+01 -9.3208e+00
2.0000e+01 5.0000e+01 -8.1584e+00
2.0000e+01 6.0000e+01 -8.6455e+00
2.0000e+01 7.0000e+01 -7.3577e+00
2.0000e+01 8.0000e+01 -6.0850e+00
2.0000e+01 9.0000e+01 -4.9094e+00
2.0000e+01 1.0000e+02 -3.7846e+00
2.0000e+01 1.1000e+02 -5.7187e+00
2.0000e+01 1.2000e+02 -1.7907e+00
2.0000e+01 1.3000e+02 -1.1983e+00
2.0000e+01 1.4000e+02 -8.7354e-01
2.0000e+01 1.5000e+02 -1.5881e+00
2.0000e+01 1.6000e+02 6.2061e-01
2.0000e+01 1.7000e+02 1.0484e+00
2.0000e+01 1.8000e+02 1.5016e+00
2.0000e+01 1.9000e+02 -6.4939e-02
2.0000e+01 2.0000e+02 -1.2128e-01
3.0000e+01 -2.0000e+02 -9.3160e-01
3.0000e+01 -1.9000e+02 1.6084e+00
3.0000e+01 -1.8000e+02 1.8111e-02
3.0000e+01 -1.7000e+02 1.1827e+00
3.0000e+01 -1.6000e+02 3.6165e-01
3.0000e+01 -1.5000e+02 -1.8833e+00
3.0000e+01 -1.4000e+02 1.9910e+00
3.0000e+01 -1.3000e+02 9.4733e-02
3.0000e+01 -1.2000e+02 -3.2629e+00
3.0000e+01 -1.1000e+02 -2.1105e+00
3.0000e+01 -1.0000e+02 -3.3206e+00
3.0000e+01 -9.0000e+01 -5.3468e+00
3.0000e+01 -8.0000e+01 -2.6337e+00
3.0000e+01 -7.0000e+01 -5.4744e+00
3.0000e+01 -6.0000e+01 -6.5560e+00
3.0000e+01 -5.0000e+01 -9.3913e+00
3.0000e+01 -4.0000e+01 -9.0529e+00
3.0000e+01 -3.0000e+01 -1.6150e+01
3.0000e+01 -2.0000e+01 -1.1065e+01
3.0000e+01 -1.0000e+01 -9.0057e+00
3.0000e+01 0.0000e+00 -1.1832e+01
3.0000e+01 1.0000e+01 -8.8585e+00
3.0000e+01 2.0000e+01 -1.3059e+01
3.0000e+01 3.0000e+01 -9.0980e+00
3.0000e+01 4.0000e+01 -7.2034e+00
3.0000e+01 5.0000e+01 -5.3082e+00
3.0000e+01 6.0000e+01 -7.1252e+00
3.0000e+01 7.0000e+01 -6.4669e+00
3.0000e+01 8.0000e+01 -6.1161e+00
3.0000e+01 9.0000e+01 -2.1324e+00
3.0000e+01 1.0000e+02 -2.1870e+00
3.0000e+01 1.1000e+02 -2.7027e+00
3.0000e+01 1.2000e+02 -2.6294e-01
3.0000e+01 1.3000e+02 -1.1222e+00
3.0000e+01 1.4000e+02 -2.2549e+00
3.0000e+01 1.5000e+02 -1.1043e+00
3.0000e+01 1.6000e+02 -2.3968e+00
3.0000e+01 1.7000e+02 -8.0690e-01
3.0000e+01 1.8000e+02 1.3380e+00
3.0000e+01 1.9000e+02 -1.2222e+00
3.0000e+01 2.0000e+02 6.5095e-01
4.0000e+01 -2.0000e+02 1.2779e+00
4.0000e+01 -1.9000e+02 1.5964e+00
4.0000e+01 -1.8000e+02 1.8999e+00
4.0000e+01 -1.7000e+02 6.1347e-02
4.0000e+01 -1.6000e+02 -1.2914e+00
4.0000e+01 -1.5000e+02 -3.2895e+00
4.0000e+01 -1.4000e+02 -4.8385e-01
4.0000e+01 -1.3000e+02 -1.5019e+00
4.0000e+01 -1.2000e+02 -1.9030e+00
4.0000e+01 -1.1000e+02 5.7959e-02
4.0000e+01 -1.0000e+02 -3.1602e+00
4.0000e+01 -9.0000e+01 -5.4779e+00
4.0000e+01 -8.0000e+01 -3.1049e+00
4.0000e+01 -7.0000e+01 -7.0844e+00
4.0000e+01 -6.0000e+01 -7.2275e+00
4.0000e+01 -5.0000e+01 -7.6199e+00
4.0000e+01 -4.0000e+01 -8.1474e+00
4.0000e+01 -3.0000e+01 -1.1636e+01
4.0000e+01 -2.0000e+01 -8.9792e+00
4.0000e+01 -1.0000e+01 -1.0494e+01
4.0000e+01 0.0000e+00 -1.1458e+01
4.0000e+01 1.0000e+01 -1.1407e+01
4.0000e+01 2.0000e+01 -1.0397e+01
4.0000e+01 3.0000e+01 -1.2452e+01
4.0000e+01 4.0000e+01 -8.8821e+00
4.0000e+01 5.0000e+01 -6.3429e+00
4.0000e+01 6.0000e+01 -7.3578e+00
4.0000e+01 7.0000e+01 -6.1055e+00
4.0000e+01 8.0000e+01 -4.9621e+00
4.0000e+01 9.0000e+01 -3.8405e+00
4.0000e+01 1.0000e+02 -1.2353e+00
4.0000e+01 1.1000e+02 -6.8078e-01
4.0000e+01 1.2000e+02 -3.2390e+00
4.0000e+01 1.3000e+02 -3.1732e+00
4.0000e+01 1.4000e+02 -1.7066e+00
4.0000e+01 1.5000e+02 -9.9193e-01
4.0000e+01 1.6000e+02 -5.2567e-01
4.0000e+01 1.7000e+02 7.3300e-01
4.0000e+01 1.8000e+02 1.4764e+00
4.0000e+01 1.9000e+02 2.1986e-01
4.0000e+01 2.0000e+02 1.2253e+00
5.0000e+01 -2.0000e+02 1.2251e-01
5.0000e+01 -1.9000e+02 1.1486e+00
5.0000e+01 -1.8000e+02 1.6114e+00
5.0000e+01 -1.7000e+02 2.1447e+00
5.0000e+01 -1.6000e+02 2.3859e+00
5.0000e+01 -1.5000e+02 -1.0121e+00
5.0000e+01 -1.4000e+02 -2.1914e-01
5.0000e+01 -1.3000e+02 -7.6867e-01
5.0000e+01 -1.2000e+02 -2.3705e+00
5.0000e+01 -1.1000e+02 -6.9391e-01
5.0000e+01 -1.0000e+02 -1.9480e+00
5.0000e+01 -9.0000e+01 -1.8960e+00
5.0000e+01 -8.0000e+01 -6.1443e+00
5.0000e+01 -7.0000e+01 -4.6546e+00
5.0000e+01 -6.0000e+01 -5.6790e+00
5.0000e+01 -5.0000e+01 -5.5555e+00
5.0000e+01 -4.0000e+01 -5.3342e+00
5.0000e+01 -3.0000e+01 -8.0611e+00
5.0000e+01 -2.0000e+01 -8.5874e+00
5.0000e+01 -1.0000e+01 -1.1040e+01
5.0000e+01 0.0000e+00 -8.6424e+00
5.0000e+01 1.0000e+01 -1.1491e+01
5.0000e+01 2.0000e+01 -9.6240e+00
5.0000e+01 3.0000e+01 -1.1287e+01
5.0000e+01 4.0000e+01 -6.0009e+00
5.0000e+01 5.0000e+01 -6.0028e+00
5.0000e+01 6.0000e+01 -5.4166e+00
5.0000e+01 7.0000e+01 -3.4070e+00
5.0000e+01 8.0000e+01 -6.4825e+00
5.0000e+01 9.0000e+01 -3.9411e+00
5.0000e+01 1.0000e+02 -2.3755e+00
5.0000e+01 1.1000e+02 -1.4927e+00
5.0000e+01 1.2000e+02 -2.7606e+00
5.0000e+01 1.3000e+02 -2.1638e+00
5.0000e+01 1.4000e+02 -1.2907e+00
5.0000e+01 1.5000e+02 5.7891e-01
5.0000e+01 1.6000e+02 -1.6331e-01
5.0000e+01 1.7000e+02 -2.7240e+00
5.0000e+01 1.8000e+02 1.5166e+00
5.0000e+01 1.9000e+02 -4.8712e-01
5.0000e+01 2.0000e+02 1.4037e+00
6.0000e+01 -2.0000e+02 2.3214e+00
6.0000e+01 -1.9000e+02 -1.9193e+00
6.0000e+01 -1.8000e+02 -5.1730e-01
6.0000e+01 -1.7000e+02 -5.9327e-01
6.0000e+01 -1.6000e+02 3.1270e-01
6.0000e+01 -1.5000e+02 -1.1085e+00
6.0000e+01 -1.4000e+02 -2.1561e+00
6.0000e+01 -1.3000e+02 -6.4384e-01
6.0000e+01 -1.2000e+02 7.1414e-01
6.0000e+01 -1.1000e+02 -1.9053e-01
6.0000e+01 -1.0000e+02 -1.3976e+00
6.0000e+01 -9.0000e+01 -3.5822e+00
6.0000e+01 -8.0000e+01 -3.5685e+00
6.0000e+01 -7.0000e+01 -3.6164e+00
6.0000e+01 -6.0000e+01 -3.1505e+00
6.0000e+01 -5.0000e+01 -4.7657e+00
6.0000e+01 -4.0000e+01 -4.2729e+00
6.0000e+01 -3.0000e+01 -7.6741e+00
6.0000e+01 -2.0000e+01 -8.0351e+00
6.0000e+01 -1.0000e+01 -5.4523e+00
6.0000e+01 0.0000e+00 -8.6734e+00
6.0000e+01 1.0000e+01 -6.1619e+00
6.0000e+01 2.0000e+01 -8.8850e+00
6.0000e+01 3.0000e+01 -8.2650e+00
6.0000e+01 4.0000e+01 -7.7285e+00
6.0000e+01 5.0000e+01 -5.1119e+00
6.0000e+01 6.0000e+01 -4.9368e+00
6.0000e+01 7.0000e+01 -1.8211e+00
6.0000e+01 8.0000e+01 -5.0298e+00
6.0000e+01 9.0000e+01 4.6594e-02
6.0000e+01 1.0000e+02 -4.2987e-01
6.0000e+01 1.1000e+02 1.0904e+00
6.0000e+01 1.2000e+02 -5.5675e-01
6.0000e+01 1.3000e+02 -2.2189e-01
6.0000e+01 1.4000e+02 -4.3258e-01
6.0000e+01 1.5000e+02 -2.5355e+00
6.0000e+01 1.6000e+02 1.0969e+00
6.0000e+01 1.7000e+02 -3.1102e-01
6.0000e+01 1.8000e+02 8.9009e-01
6.0000e+01 1.9000e+02 1.4179e+00
6.0000e+01 2.0000e+02 -1.0450e+00
7.0000e+01 -2.0000e+02 -3.0240e+00
7.0000e+01 -1.9000e+02 -2.2000e+00
7.0000e+01 -1.8000e+02 -3.0904e-01
7.0000e+01 -1.7000e+02 8.1691e-01
7.0000e+01 -1.6000e+02 -5.3083e-01
7.0000e+01 -1.5000e+02 2.3769e+00
7.0000e+01 -1.4000e+02 -3.4178e-01
7.0000e+01 -1.3000e+02 -3.9556e-01
7.0000e+01 -1.2000e+02 -5.7295e-01
7.0000e+01 -1.1000e+02 -1.9241e+00
7.0000e+01 -1.0000e+02 -2.8328e+00
7.0000e+01 -9.0000e+01 -2.0557e+00
7.0000e+01 -8.0000e+01 -2.5083e+00
7.0000e+01 -7.0000e+01 -4.8855e+00
7.0000e+01 -6.0000e+01 -1.9352e+00
7.0000e+01 -5.0000e+01 -2.8974e+00
7.0000e+01 -4.0000e+01 -2.8984e+00
7.0000e+01 -3.0000e+01 -6.4751e+00
7.0000e+01 -2.0000e+01 -7.7725e+00
7.0000e+01 -1.0000e+01 -6.8278e+00
7.0000e+01 0.0000e+00 -7.1348e+00
7.0000e+01 1.0000e+01 -9.4196e+00
7.0000e+01 2.0000e+01 -6.6597e+00
7.0000e+01 3.0000e+01 -8.1393e+00
7.0000e+01 4.0000e+01 -4.8399e+00
7.0000e+01 5.0000e+01 -4.7168e+00
7.0000e+01 6.0000e+01 -3.9238e+00
7.0000e+01 7.0000e+01 3.6375e-02
7.0000e+01 8.0000e+01 -3.9791e+00
7.0000e+01 9.0000e+01 -2.8877e+00
7.0000e+01 1.0000e+02 -4.6649e-01
7.0000e+01 1.1000e+02 -3.7324e-01
7.0000e+01 1.2000e+02 1.1322e+00
7.0000e+01 1.3000e+02 -1.7481e+00
7.0000e+01 1.4000e+02 -1.5086e+00
7.0000e+01 1.5000e+02 -6.6062e-01
7.0000e+01 1.6000e+02 -1.4246e+00
7.0000e+01 1.7000e+02 -1.2886e+00
7.0000e+01 1.8000e+02 -1.7033e+00
7.0000e+01 1.9000e+02 -1.0940e+00
7.0000e+01 2.0000e+02 -7.0136e-01
8.0000e+01 -2.0000e+02 -1.5177e+00
8.0000e+01 -1.9000e+02 -7.0518e-01
8.0000e+01 -1.8000e+02 1.7381e+00
8.0000e+01 -1.7000e+02 -3.8452e+00
8.0000e+01 -1.6000e+02 -3.0920e+00
8.0000e+01 -1.5000e+02 -2.3439e+00
8.0000e+01 -1.4000e+02 -4.3154e+00
8.0000e+01 -1.3000e+02 2.0187e-01
8.0000e+01 -1.2000e+02 -2.4478e-01
8.0000e+01 -1.1000e+02 -1.7606e+00
8.0000e+01 -1.0000e+02 -3.3524e+00
8.0000e+01 -9.0000e+01 -7.8501e-01
8.0000e+01 -8.0000e+01 -3.5501e+00
8.0000e+01 -7.0000e+01 -3.6763e+00
8.0000e+01 -6.0000e+01 -1.6121e+00
8.0000e+01 -5.0000e+01 -5.8408e+00
8.0000e+01 -4.0000e+01 -2.0508e+00
8.0000e+01 -3.0000e+01 -5.2974e+00
8.0000e+01 -2.0000e+01 -6.2152e+00
8.0000e+01 -1.0000e+01 -3.0662e+00
8.0000e+01 0.0000e+00 -4.4927e+00
8.0000e+01 1.0000e+01 -5.4079e+00
8.0000e+01 2.0000e+01 -5.4275e+00
8.0000e+01 3.0000e+01 -4.1211e+00
8.0000e+01 4.0000e+01 -5.7312e+00
8.0000e+01 5.0000e+01 -2.3669e+00
8.0000e+01 6.0000e+01 -5.4501e-01
8.0000e+01 7.0000e+01 -3.0514e+00
8.0000e+01 8.0000e+01 -4.1598e+00
8.0000e+01 9.0000e+01 -1.4879e-01
8.0000e+01 1.0000e+02 4.6137e-01
8.0000e+01 1.1000e+02 -1.6672e-01
8.0000e+01 1.2000e+02 -1.0757e+00
8.0000e+01 1.3000e+02 -5.5129e-01
8.0000e+01 1.4000e+02 1.4321e+00
8.0000e+01 1.5000e+02 -2.6577e+00
8.0000e+01 1.6000e+02 2.7138e-01
8.0000e+01 1.7000e+02 -1.2594e+00
8.0000e+01 1.8000e+02 -2.9045e+00
8.0000e+01 1.9000e+02 -8.3787e-01
8.0000e+01 2.0000e+02 1.0951e+00
9.0000e+01 -2.0000e+02 -5.3505e-01
9.0000e+01 -1.9000e+02 3.7158e-01
9.0000e+01 -1.8000e+02 1.8834e+00
9.0000e+01 -1.7000e+02 6.4594e-01
9.0000e+01 -1.6000e+02 -6.2475e-01
9.0000e+01 -1.5000e+02 2.9585e-01
9.0000e+01 -1.4000e+02 1.3225e+00
9.0000e+01 -1.3000e+02 -9.1538e-01
9.0000e+01 -1.2000e+02 3.0648e+00
9.0000e+01 -1.1000e+02 -1.3567e+00
9.0000e+01 -1.0000e+02 -2.9267e-01
9.0000e+01 -9.0000e+01 -2.2393e+00
9.0000e+01 -8.0000e+01 -3.1315e+00
9.0000e+01 -7.0000e+01 -3.4436e+00
9.0000e+01 -6.0000e+01 -2.1919e+00
9.0000e+01 -5.0000e+01 -2.0269e+00
9.0000e+01 -4.0000e+01 -4.6087e+00
9.0000e+01 -3.0000e+01 -2.5231e+00
9.0000e+01 -2.0000e+01 -3.7247e+00
9.0000e+01 -1.0000e+01 -3.3745e+00
9.0000e+01 0.0000e+00 -1.7856e+00
9.0000e+01 1.0000e+01 -4.6229e+00
9.0000e+01 2.0000e+01 -1.7212e+00
9.0000e+01 3.0000e+01 -4.6798e+00
9.0000e+01 4.0000e+01 -2.1091e+00
9.0000e+01 5.0000e+01 -3.1186e+00
9.0000e+01 6.0000e+01 -8.7626e-01
9.0000e+01 7.0000e+01 -2.3814e+00
9.0000e+01 8.0000e+01 7.1505e-02
9.0000e+01 9.0000e+01 -1.7003e+00
9.0000e+01 1.0000e+02 -1.8887e+00
9.0000e+01 1.1000e+02 -2.7406e+00
9.0000e+01 1.2000e+02 6.8528e-01
9.0000e+01 1.3000e+02 5.5498e-02
9.0000e+01 1.4000e+02 -1.9213e+00
9.0000e+01 1.5000e+02 4.6087e-01
9.0000e+01 1.6000e+02 -1.1192e+00
9.0000e+01 1.7000e+02 -6.7411e-01
9.0000e+01 1.8000e+02 -2.3899e+00
9.0000e+01 1.9000e+02 1.2907e+00
9.0000e+01 2.0000e+02 6.9673e-01
1.0000e+02 -2.0000e+02 8.2787e-01
1.0000e+02 -1.9000e+02 8.4481e-01
1.0000e+02 -1.8000e+02 -1.4928e+00
1.0000e+02 -1.7000e+02 1.6220e+00
1.0000e+02 -1.6000e+02 -4.6301e-01
1.0000e+02 -1.5000e+02 8.5361e-01
1.0000e+02 -1.4000e+02 -5.1642e+00
1.0000e+02 -1.3000e+02 1.0884e+00
1.0000e+02 -1.2000e+02 6.1728e-01
1.0000e+02 -1.1000e+02 2.5330e-01
1.0000e+02 -1.0000e+02 -1.8888e+00
1.0000e+02 -9.0000e+01 -3.6764e+00
1.0000e+02 -8.0000e+01 1.0735e-01
1.0000e+02 -7.0000e+01 1.1989e+00
1.0000e+02 -6.0000e+01 -3.5371e-02
1.0000e+02 -5.0000e+01 -1.7468e+00
1.0000e+02 -4.0000e+01 -2.0812e+00
1.0000e+02 -3.0000e+01 -2.1054e+00
1.0000e+02 -2.0000e+01 -1.4322e-01
1.0000e+02 -1.0000e+01 -3.3543e+00
1.0000e+02 0.0000e+00 -2.0342e+00
1.0000e+02 1.0000e+01 -2.8885e-01
1.0000e+02 2.0000e+01 -5.0277e+00
1.0000e+02 3.0000e+01 -1.0548e+00
1.0000e+02 4.0000e+01 -2.3076e+00
1.0000e+02 5.0000e+01 -3.5929e+00
1.0000e+02 6.0000e+01 -1.1157e+00
1.0000e+02 7.0000e+01 -1.1739e+00
1.0000e+02 8.0000e+01 -1.2208e+00
1.0000e+02 9.0000e+01 1.0889e-01
1.0000e+02 1.0000e+02 1.7536e+00
1.0000e+02 1.1000e+02 -5.6284e-01
1.0000e+02 1.2000e+02 -9.6195e-01
1.0000e+02 1.3000e+02 1.0679e-02
1.0000e+02 1.4000e+02 -1.1167e+00
1.0000e+02 1.5000e+02 -6.0807e-01
1.0000e+02 1.6000e+02 7.7138e-01
1.0000e+02 1.7000e+02 -2.1245e+00
1.0000e+02 1.8000e+02 1.0249e+00
1.0000e+02 1.9000e+02 -5.3274e-01
1.0000e+02 2.0000e+02 -7.5270e-02
1.1000e+02 -2.0000e+02 1.9595e+00
1.1000e+02 -1.9000e+02 5.4252e-01
1.1000e+02 -1.8000e+02 -7.2406e-01
1.1000e+02 -1.7000e+02 -1.1218e+00
1.1000e+02 -1.6000e+02 -1.7334e-01
1.1000e+02 -1.5000e+02 -2.4510e-01
1.1000e+02 -1.4000e+02 2.4692e+00
1.1000e+02 -1.3000e+02 1.6488e+00
1.1000e+02 -1.2000e+02 1.0489e-01
1.1000e+02 -1.1000e+02 1.3849e+00
1.1000e+02 -1.0000e+02 -1.6107e+00
1.1000e+02 -9.0000e+01 4.2279e-02
1.1000e+02 -8.0000e+01 -4.3665e+00
1.1000e+02 -7.0000e+01 -1.4847e+00
1.1000e+02 -6.0000e+01 -8.5020e-01
1.1000e+02 -5.0000e+01 -1.8440e+00
1.1000e+02 -4.0000e+01 -2.2368e+00
1.1000e+02 -3.0000e+01 -4.6389e+00
1.1000e+02 -2.0000e+01 -4.6310e+00
1.1000e+02 -1.0000e+01 -2.1217e-01
1.1000e+02 0.0000e+00 -3.0923e+00
1.1000e+02 1.0000e+01 -2.6804e+00
1.1000e+02 2.0000e+01 -3.0599e+00
1.1000e+02 3.0000e+01 -2.1452e+00
1.1000e+02 4.0000e+01 -4.4345e+00
1.1000e+02 5.0000e+01 -1.7019e+00
1.1000e+02 6.0000e+01 -3.6317e+00
1.1000e+02 7.0000e+01 -1.4732e+00
1.1000e+02 8.0000e+01 -2.5109e+00
1.1000e+02 9.0000e+01 -1.2155e+00
1.1000e+02 1.0000e+02 8.8900e-03
1.1000e+02 1.1000e+02 9.8934e-01
1.1000e+02 1.2000e+02 -1.6448e-01
1.1000e+02 1.3000e+02 7.4761e-01
1.1000e+02 1.4000e+02 -9.0132e-01
1.1000e+02 1.5000e+02 -3.4673e-01
1.1000e+02 1.6000e+02 2.9430e-02
1.1000e+02 1.7000e+02 1.9629e+00
1.1000e+02 1.8000e+02 1.0439e+00
1.1000e+02 1.9000e+02 1.9115e+00
1.1000e+02 2.0000e+02 7.3314e-01
1.2000e+02 -2.0000e+02 1.1112e-01
1.2000e+02 -1.9000e+02 1.2572e+00
1.2000e+02 -1.8000e+02 1.0096e+00
1.2000e+02 -1.7000e+02 3.3001e+00
1.2000e+02 -1.6000e+02 1.4102e+00
1.2000e+02 -1.5000e+02 -9.1741e-01
1.2000e+02 -1.4000e+02 -1.9635e-01
1.2000e+02 -1.3000e+02 1.5286e+00
1.2000e+02 -1.2000e+02 8.0225e-01
1.2000e+02 -1.1000e+02 -1.5815e+00
1.2000e+02 -1.0000e+02 3.6738e-01
1.2000e+02 -9.0000e+01 -3.4558e-01
1.2000e+02 -8.0000e+01 -1.8800e-01
1.2000e+02 -7.0000e+01 1.9622e+00
1.2000e+02 -6.0000e+01 -3.3631e-01
1.2000e+02 -5.0000e+01 -1.8921e+00
1.2000e+02 -4.0000e+01 -9.8510e-01
1.2000e+02 -3.0000e+01 1.3299e+00
1.2000e+02 -2.0000e+01 -2.3867e+00
1.2000e+02 -1.0000e+01 -2.1547e+00
1.2000e+02 0.0000e+00 -3.0775e+00
1.2000e+02 1.0000e+01 -7.9881e-01
1.2000e+02 2.0000e+01 -2.8309e+00
1.2000e+02 3.0000e+01 -1.3684e+00
1.2000e+02 4.0000e+01 -4.9702e-01
1.2000e+02 5.0000e+01 -5.4531e-01
1.2000e+02 6.0000e+01 -1.3788e+00
1.2000e+02 7.0000e+01 -2.4354e+00
1.2000e+02 8.0000e+01 -1.2388e+00
1.2000e+02 9.0000e+01 -1.2484e-01
1.2000e+02 1.0000e+02 1.1392e+00
1.2000e+02 1.1000e+02 -4.6244e+00
1.2000e+02 1.2000e+02 -6.7490e-01
1.2000e+02 1.3000e+02 1.9573e+00
1.2000e+02 1.4000e+02 -2.3984e+00
1.2000e+02 1.5000e+02 3.6804e-01
1.2000e+02 1.6000e+02 -3.9290e-01
1.2000e+02 1.7000e+02 -9.0269e-01
1.2000e+02 1.8000e+02 1.2893e-01
1.2000e+02 1.9000e+02 6.7255e-01
1.2000e+02 2.0000e+02 1.6951e+00
1.3000e+02 -2.0000e+02 -1.6096e+00
1.3000e+02 -1.9000e+02 2.7889e-01
1.3000e+02 -1.8000e+02 -5.5547e-01
1.3000e+02 -1.7000e+02 3.9035e-01
1.3000e+02 -1.6000e+02 -1.5354e+00
1.3000e+02 -1.5000e+02 2.2846e+00
1.3000e+02 -1.4000e+02 -3.0877e+00
1.3000e+02 -1.3000e+02 -1.5306e+00
1.3000e+02 -1.2000e+02 1.1718e-01
1.3000e+02 -1.1000e+02 -1.5052e-01
1.3000e+02 -1.0000e+02 -2.8957e-01
1.3000e+02 -9.0000e+01 8.6394e-01
1.3000e+02 -8.0000e+01 -1.8026e+00
1.3000e+02 -7.0000e+01 1.7602e-01
1.3000e+02 -6.0000e+01 -2.0339e-01
1.3000e+02 -5.0000e+01 -1.7292e+00
1.3000e+02 -4.0000e+01 -2.1899e+00
1.3000e+02 -3.0000e+01 -1.6285e+00
1.3000e+02 -2.0000e+01 -1.7121e+00
1.3000e+02 -1.0000e+01 -2.1109e+00
1.3000e+02 0.0000e+00 -3.5153e+00
1.3000e+02 1.0000e+01 2.3442e+00
1.3000e+02 2.0000e+01 7.4363e-01
1.3000e+02 3.0000e+01 3.7512e-01
1.3000e+02 4.0000e+01 -6.5578e-01
1.3000e+02 5.0000e+01 -3.7944e+00
1.3000e+02 6.0000e+01 -6.9000e-01
1.3000e+02 7.0000e+01 2.0989e+00
1.3000e+02 8.0000e+01 4.7938e+00
1.3000e+02 9.0000e+01 1.6413e+00
1.3000e+02 1.0000e+02 9.6110e-01
1.3000e+02 1.1000e+02 1.0743e+00
1.3000e+02 1.2000e+02 -1.1281e+00
1.3000e+02 1.3000e+02 1.1128e+00
1.3000e+02 1.4000e+02 -3.7584e-01
1.3000e+02 1.5000e+02 -1.0909e+00
1.3000e+02 1.6000e+02 1.1157e+00
1.3000e+02 1.7000e+02 -1.5428e+00
1.3000e+02 1.8000e+02 3.6041e+00
1.3000e+02 1.9000e+02 9.6395e-01
1.3000e+02 2.0000e+02 1.0112e+00
1.4000e+02 -2.0000e+02 3.0331e+00
1.4000e+02 -1.9000e+02 4.7975e-01
1.4000e+02 -1.8000e+02 -1.1244e+00
1.4000e+02 -1.7000e+02 1.5471e+00
1.4000e+02 -1.6000e+02 2.4259e+00
1.4000e+02 -1.5000e+02 -1.0433e+00
1.4000e+02 -1.4000e+02 -1.2371e+00
1.4000e+02 -1.3000e+02 -6.6921e-01
1.4000e+02 -1.2000e+02 -7.3768e-01
1.4000e+02 -1.1000e+02 6.0394e-01
1.4000e+02 -1.0000e+02 9.1864e-01
1.4000e+02 -9.0000e+01 -2.4366e+00
1.4000e+02 -8.0000e+01 -2.1769e+00
1.4000e+02 -7.0000e+01 1.3274e-01
1.4000e+02 -6.0000e+01 -2.6903e+00
1.4000e+02 -5.0000e+01 -7.9508e-01
1.4000e+02 -4.0000e+01 1.3220e+00
1.4000e+02 -3.0000e+01 1.7826e+00
1.4000e+02 -2.0000e+01 -6.7744e-01
1.4000e+02 -1.0000e+01 2.7341e+00
1.4000e+02 0.0000e+00 7.0236e-01
1.4000e+02 1.0000e+01 -9.3617e-01
1.4000e+02 2.0000e+01 -2.4058e+00
1.4000e+02 3.0000e+01 -2.1049e-01
1.4000e+02 4.0000e+01 -1.6209e+00
1.4000e+02 5.0000e+01 -1.8153e-01
1.4000e+02 6.0000e+01 -2.6348e+00
1.4000e+02 7.0000e+01 -2.0610e+00
1.4000e+02 8.0000e+01 -9.0319e-01
1.4000e+02 9.0000e+01 1.1427e+00
1.4000e+02 1.0000e+02 1.3540e+00
1.4000e+02 1.1000e+02 2.8741e-02
1.4000e+02 1.2000e+02 1.7295e+00
1.4000e+02 1.3000e+02 1.6487e+00
1.4000e+02 1.4000e+02 8.3637e-01
1.4000e+02 1.5000e+02 9.7732e-01
1.4000e+02 1.6000e+02 1.1533e+00
1.4000e+02 1.7000e+02 2.4822e+00
1.4000e+02 1.8000e+02 -1.7682e+00
1.4000e+02 1.9000e+02 3.8942e-01
1.4000e+02 2.0000e+02 -2.1225e+00
1.5000e+02 -2.0000e+02 -1.5237e+00
1.5000e+02 -1.9000e+02 -1.6447e+00
1.5000e+02 -1.8000e+02 -7.0047e-01
1.5000e+02 -1.7000e+02 -4.9985e-01
1.5000e+02 -1.6000e+02 -1.0086e+00
1.5000e+02 -1.5000e+02 2.8814e+00
1.5000e+02 -1.4000e+02 -6.6508e-01
1.5000e+02 -1.3000e+02 -2.4111e-01
1.5000e+02 -1.2000e+02 2.0837e+00
1.5000e+02 -1.1000e+02 -1.0827e+00
1.5000e+02 -1.0000e+02 -3.1480e+00
1.5000e+02 -9.0000e+01 1.0011e-01
1.5000e+02 -8.0000e+01 2.1652e+00
1.5000e+02 -7.0000e+01 -5.0458e-01
1.5000e+02 -6.0000e+01 1.0556e+00
1.5000e+02 -5.0000e+01 2.4742e+00
1.5000e+02 -4.0000e+01 2.2763e+00
1.5000e+02 -3.0000e+01 2.9599e-01
1.5000e+02 -2.0000e+01 -1.3523e-02
1.5000e+02 -1.0000e+01 1.6792e+00
1.5000e+02 0.0000e+00 -6.8368e-01
1.5000e+02 1.0000e+01 1.7375e-01
1.5000e+02 2.0000e+01 -6.0238e-01
1.5000e+02 3.0000e+01 -1.5044e+00
1.5000e+02 4.0000e+01 1.3743e+00
1.5000e+02 5.0000e+01 1.1687e+00
1.5000e+02 6.0000e+01 2.5298e+00
1.5000e+02 7.0000e+01 -2.3396e+00
1.5000e+02 8.0000e+01 -1.0315e+00
1.5000e+02 9.0000e+01 1.0567e+00
1.5000e+02 1.0000e+02 -3.0509e+00
1.5000e+02 1.1000e+02 -1.5243e-01
1.5000e+02 1.2000e+02 -1.0982e-01
1.5000e+02 1.3000e+02 1.1545e+00
1.5000e+02 1.4000e+02 3.4078e-01
1.5000e+02 1.5000e+02 3.7076e-01
1.5000e+02 1.6000e+02 -3.6593e+00
1.5000e+02 1.7000e+02 -4.4625e-01
1.5000e+02 1.8000e+02 6.4872e-01
1.5000e+02 1.9000e+02 1.8994e+00
1.5000e+02 2.0000e+02 1.1969e+00
1.6000e+02 -2.0000e+02 -1.0528e+00
1.6000e+02 -1.9000e+02 -1.6237e-01
1.6000e+02 -1.8000e+02 -2.1785e+00
1.6000e+02 -1.7000e+02 -1.9140e-02
1.6000e+02 -1.6000e+02 1.1769e+00
1.6000e+02 -1.5000e+02 -3.8126e-01
1.6000e+02 -1.4000e+02 -3.7455e-01
1.6000e+02 -1.3000e+02 -1.1173e+00
1.6000e+02 -1.2000e+02 -8.8642e-01
1.6000e+02 -1.1000e+02 -1.2786e+00
1.6000e+02 -1.0000e+02 -1.8266e+00
1.6000e+02 -9.0000e+01 1.7625e+00
1.6000e+02 -8.0000e+01 6.7948e-01
1.6000e+02 -7.0000e+01 1.7415e+00
1.6000e+02 -6.0000e+01 9.4081e-01
1.6000e+02 -5.0000e+01 -3.4092e-01
1.6000e+02 -4.0000e+01 1.8813e+00
1.6000e+02 -3.0000e+01 8.7089e-01
1.6000e+02 -2.0000e+01 -9.8440e-02
1.6000e+02 -1.0000e+01 1.6946e+00
1.6000e+02 0.0000e+00 1.7709e+00
1.6000e+02 1.0000e+01 -8.9770e-01
1.6000e+02 2.0000e+01 -3.2347e-01
1.6000e+02 3.0000e+01 -8.0930e-01
1.6000e+02 4.0000e+01 4.8338e-01
1.6000e+02 5.0000e+01 -2.0134e+00
1.6000e+02 6.0000e+01 -9.8463e-01
1.6000e+02 7.0000e+01 1.2972e+00
1.6000e+02 8.0000e+01 1.5468e+00
1.6000e+02 9.0000e+01 1.1283e+00
1.6000e+02 1.0000e+02 2.5997e-01
1.6000e+02 1.1000e+02 -1.4874e+00
1.6000e+02 1.2000e+02 4.3409e-01
1.6000e+02 1.3000e+02 1.6030e+00
1.6000e+02 1.4000e+02 -2.2911e+00
1.6000e+02 1.5000e+02 -2.2961e+00
1.6000e+02 1.6000e+02 1.2747e+00
1.6000e+02 1.7000e+02 2.0139e+00
1.6000e+02 1.8000e+02 -3.1459e+00
1.6000e+02 1.9000e+02 -5.4251e-01
1.6000e+02 2.0000e+02 -4.2312e-01
1.7000e+02 -2.0000e+02 -6.0445e-03
1.7000e+02 -1.9000e+02 2.9873e-01
1.7000e+02 -1.8000e+02 5.7677e-01
1.7000e+02 -1.7000e+02 1.0643e+00
1.7000e+02 -1.6000e+02 1.0025e+00
1.7000e+02 -1.5000e+02 1.1781e+00
1.7000e+02 -1.4000e+02 -1.2219e+00
1.7000e+02 -1.3000e+02 2.2629e+00
1.7000e+02 -1.2000e+02 -1.1413e+00
1.7000e+02 -1.1000e+02 -4.0661e-01
1.7000e+02 -1.0000e+02 -3.5267e-01
1.7000e+02 -9.0000e+01 -1.3729e+00
1.7000e+02 -8.0000e+01 1.6776e-01
1.7000e+02 -7.0000e+01 -9.7632e-01
1.7000e+02 -6.0000e+01 -4.3272e-01
1.7000e+02 -5.0000e+01 -5.5964e-02
1.7000e+02 -4.0000e+01 -3.8564e-01
1.7000e+02 -3.0000e+01 1.2846e-01
1.7000e+02 -2.0000e+01 -2.6264e+00
1.7000e+02 -1.0000e+01 -1.5782e+00
1.7000e+02 0.0000e+00 -7.3291e-01
1.7000e+02 1.0000e+01 -3.7463e+00
1.7000e+02 2.0000e+01 6.0852e-01
1.7000e+02 3.0000e+01 -1.4170e-01
1.7000e+02 4.0000e+01 -3.0856e-01
1.7000e+02 5.0000e+01 1.0399e+00
1.7000e+02 6.0000e+01 1.9201e-01
1.7000e+02 7.0000e+01 1.0876e+00
1.7000e+02 8.0000e+01 -1.7598e-01
1.7000e+02 9.0000e+01 1.7335e+00
1.7000e+02 1.0000e+02 -9.3047e-01
1.7000e+02 1.1000e+02 -1.4994e+00
1.7000e+02 1.2000e+02 -2.3441e-01
1.7000e+02 1.3000e+02 6.5581e-01
1.7000e+02 1.4000e+02 8.1325e-01
1.7000e+02 1.5000e+02 1.4587e+00
1.7000e+02 1.6000e+02 5.3424e-01
1.7000e+02 1.7000e+02 1.8746e+00
1.7000e+02 1.8000e+02 -1.9032e+00
1.7000e+02 1.9000e+02 1.7780e+00
1.7000e+02 2.0000e+02 -9.0677e-01
1.8000e+02 -2.0000e+02 -1.5115e-01
1.8000e+02 -1.9000e+02 -8.9584e-01
1.8000e+02 -1.8000e+02 -5.4561e-01
1.8000e+02 -1.7000e+02 -2.2418e+00
1.8000e+02 -1.6000e+02 -1.9839e+00
1.8000e+02 -1.5000e+02 -3.8437e+00
1.8000e+02 -1.4000e+02 -3.1231e+00
1.8000e+02 -1.3000e+02 -3.6011e-01
1.8000e+02 -1.2000e+02 -2.3014e-01
1.8000e+02 -1.1000e+02 3.0025e-01
1.8000e+02 -1.0000e+02 1.1414e+00
1.8000e+02 -9.0000e+01 1.4361e+00
1.8000e+02 -8.0000e+01 2.3978e-01
1.8000e+02 -7.0000e+01 -1.8761e+00
1.8000e+02 -6.0000e+01 2.0192e+00
1.8000e+02 -5.0000e+01 3.4613e+00
1.8000e+02 -4.0000e+01 6.2608e-01
1.8000e+02 -3.0000e+01 -6.6087e-01
1.8000e+02 -2.0000e+01 1.5713e+00
1.8000e+02 -1.0000e+01 4.5855e-01
1.8000e+02 0.0000e+00 -9.9815e-02
1.8000e+02 1.0000e+01 -3.2792e-01
1.8000e+02 2.0000e+01 -1.6054e+00
1.8000e+02 3.0000e+01 -7.4372e-02
1.8000e+02 4.0000e+01 -8.8911e-01
1.8000e+02 5.0000e+01 -2.5250e+00
1.8000e+02 6.0000e+01 1.5298e+00
1.8000e+02 7.0000e+01 2.8146e-01
1.8000e+02 8.0000e+01 3.3477e-01
1.8000e+02 9.0000e+01 -5.0879e-02
1.8000e+02 1.0000e+02 -1.8782e-01
1.8000e+02 1.1000e+02 3.8675e-01
1.8000e+02 1.2000e+02 8.4966e-02
1.8000e+02 1.3000e+02 1.1570e+00
1.8000e+02 1.4000e+02 6.0558e-02
1.8000e+02 1.5000e+02 -4.4577e-01
1.8000e+02 1.6000e+02 -4.5112e-01
1.8000e+02 1.7000e+02 -4.1821e-01
1.8000e+02 1.8000e+02 2.3888e+00
1.8000e+02 1.9000e+02 9.0168e-01
1.8000e+02 2.0000e+02 -1.3989e+00
1.9000e+02 -2.0000e+02 -4.6266e-01
1.9000e+02 -1.9000e+02 -7.7808e-01
1.9000e+02 -1.8000e+02 -1.6492e+00
1.9000e+02 -1.7000e+02 1.9589e+00
1.9000e+02 -1.6000e+02 1.8908e+00
1.9000e+02 -1.5000e+02 -9.1536e-01
1.9000e+02 -1.4000e+02 -1.0636e+00
1.9000e+02 -1.3000e+02 -5.0650e-01
1.9000e+02 -1.2000e+02 -1.4834e+00
1.9000e+02 -1.1000e+02 -1.7340e-01
1.9000e+02 -1.0000e+02 -1.6634e-01
1.9000e+02 -9.0000e+01 4.4189e-01
1.9000e+02 -8.0000e+01 -1.6035e+00
1.9000e+02 -7.0000e+01 5.4278e-01
1.9000e+02 -6.0000e+01 2.0605e+00
1.9000e+02 -5.0000e+01 -1.2750e+00
1.9000e+02 -4.0000e+01 -2.5477e-01
1.9000e+02 -3.0000e+01 1.4605e+00
1.9000e+02 -2.0000e+01 -2.2712e-01
1.9000e+02 -1.0000e+01 -1.2412e-01
1.9000e+02 0.0000e+00 -1.8587e+00
1.9000e+02 1.0000e+01 6.8215e-01
1.9000e+02 2.0000e+01 5.4070e-01
1.9000e+02 3.0000e+01 -8.8872e-01
1.9000e+02 4.0000e+01 6.3757e-01
1.9000e+02 5.0000e+01 -1.3374e+00
1.9000e+02 6.0000e+01 -1.1027e+00
1.9000e+02 7.0000e+01 -1.3611e+00
1.9000e+02 8.0000e+01 2.9493e-01
1.9000e+02 9.0000e+01 3.7965e+00
1.9000e+02 1.0000e+02 -2.8990e+00
1.9000e+02 1.1000e+02 -1.6392e+00
1.9000e+02 1.2000e+02 1.2124e+00
1.9000e+02 1.3000e+02 -2.4873e-02
1.9000e+02 1.4000e+02 -1.9876e+00
1.9000e+02 1.5000e+02 1.6941e-01
1.9000e+02 1.6000e+02 6.9832e-02
1.9000e+02 1.7000e+02 9.1730e-02
1.9000e+02 1.8000e+02 2.7251e+00
1.9000e+02 1.9000e+02 -1.6137e-01
1.9000e+02 2.0000e+02 1.3602e+00
2.0000e+02 -2.0000e+02 -1.8624e+00
2.0000e+02 -1.9000e+02 -2.1977e+00
2.0000e+02 -1.8000e+02 8.5176e-01
2.0000e+02 -1.7000e+02 -1.3884e+00
2.0000e+02 -1.6000e+02 -1.5343e+00
2.0000e+02 -1.5000e+02 2.2607e+00
2.0000e+02 -1.4000e+02 6.3861e-01
2.0000e+02 -1.3000e+02 3.7513e-01
2.0000e+02 -1.2000e+02 -2.7751e-01
2.0000e+02 -1.1000e+02 -2.0428e-01
2.0000e+02 -1.0000e+02 7.8115e-01
2.0000e+02 -9.0000e+01 -1.6052e-01
2.0000e+02 -8.0000e+01 -1.4165e+00
2.0000e+02 -7.0000e+01 -1.2577e+00
2.0000e+02 -6.0000e+01 -6.2736e-01
2.0000e+02 -5.0000e+01 2.3223e+00
2.0000e+02 -4.0000e+01 1.2054e+00
2.0000e+02 -3.0000e+01 1.0567e+00
2.0000e+02 -2.0000e+01 -7.0002e-01
2.0000e+02 -1.0000e+01 -1.5615e+00
2.0000e+02 0.0000e+00 -2.2511e+00
2.0000e+02 1.0000e+01 1.1955e-01
2.0000e+02 2.0000e+01 -1.8679e+00
2.0000e+02 3.0000e+01 2.4528e+00
2.0000e+02 4.0000e+01 1.0150e+00
2.0000e+02 5.0000e+01 -3.3652e-02
2.0000e+02 6.0000e+01 8.2254e-01
2.0000e+02 7.0000e+01 -1.1857e-01
2.0000e+02 8.0000e+01 5.3480e-01
2.0000e+02 9.0000e+01 2.0938e+00
2.0000e+02 1.0000e+02 -9.4101e-01
2.0000e+02 1.1000e+02 2.7320e+00
2.0000e+02 1.2000e+02 8.9381e-01
2.0000e+02 1.3000e+02 -2.3473e+00
2.0000e+02 1.4000e+02 2.3461e+00
2.0000e+02 1.5000e+02 1.5407e-01
2.0000e+02 1.6000e+02 -1.8259e+00
2.0000e+02 1.7000e+02 -3.0653e-01
2.0000e+02 1.8000e+02 1.9638e-01
2.0000e+02 1.9000e+02 -5.3431e-01
2.0000e+02 2.0000e+02 -5.4848e-01
