-2.0000e+02 -2.0000e+02 -9.7425e-01
-2.0000e+02 -1.9000e+02 7.6369e-01
-2.0000e+02 -1.8000e+02 -1.0966e+00
-2.0000e+02 -1.7000e+02 -1.5714e+00
-2.0000e+02 -1.6000e+02 5.0348e-01
-2.0000e+02 -1.5000e+02 -3.2352e-01
-2.0000e+02 -1.4000e+02 4.9650e-01
-2.0000e+02 -1.3000e+02 -5.6646e-01
-2.0000e+02 -1.2000e+02 -1.7194e+00
-2.0000e+02 -1.1000e+02 -3.8476e-01
-2.0000e+02 -1.0000e+02 -8.0682e-01
-2.0000e+02 -9.0000e+01 7.7174e-01
-2.0000e+02 -8.0000e+01 -6.0656e-02
-2.0000e+02 -7.0000e+01 4.3846e-01
-2.0000e+02 -6.0000e+01 -7.5365e-01
-2.0000e+02 -5.0000e+01 1.2367e+00
-2.0000e+02 -4.0000e+01 -4.5190e+00
-2.0000e+02 -3.0000e+01 4.9443e-02
-2.0000e+02 -2.0000e+01 -1.3361e+00
-2.0000e+02 -1.0000e+01 3.0381e+00
-2.0000e+02 0.0000e+00 6.7675e-01
-2.0000e+02 1.0000e+01 -7.1824e-01
-2.0000e+02 2.0000e+01 -1.3194e+00
-2.0000e+02 3.0000e+01 1.8401e+00
-2.0000e+02 4.0000e+01 -3.6936e-01
-2.0000e+02 5.0000e+01 -1.3196e+00
-2.0000e+02 6.0000e+01 -1.6353e+00
-2.0000e+02 7.0000e+01 1.0892e+00
-2.0000e+02 8.0000e+01 -8.0993e-01
-2.0000e+02 9.0000e+01 -1.1795e+00
-2.0000e+02 1.0000e+02 2.9237e+00
-2.0000e+02 1.1000e+02 2.7095e+00
-2.0000e+02 1.2000e+02 -2.0079e-01
-2.0000e+02 1.3000e+02 -3.4435e-01
-2.0000e+02 1.4000e+02 6.2148e-01
-2.0000e+02 1.5000e+02 1.4434e+00
-2.0000e+02 1.6000e+02 -2.5231e+00
-2.0000e+02 1.7000e+02 1.3966e+00
-2.0000e+02 1.8000e+02 4.0503e-01
-2.0000e+02 1.9000e+02 1.0451e+00
-2.0000e+02 2.0000e+02 1.4482e+00
-1.9000e+02 -2.0000e+02 -2.0878e+00
-1.9000e+02 -1.9000e+02 5.0550e-01
-1.9000e+02 -1.8000e+02 5.7784e-01
-1.9000e+02 -1.7000e+02 1.4982e-01
-1.9000e+02 -1.6000e+02 1.6241e+00
-1.9000e+02 -1.5000e+02 -1.3207e+00
-1.9000e+02 -1.4000e+02 1.8243e+00
-1.9000e+02 -1.3000e+02 -1.3555e+00
-1.9000e+02 -1.2000e+02 7.4074e-01
-1.9000e+02 -1.1000e+02 2.0495e+00
-1.9000e+02 -1.0000e+02 -3.9022e+00
-1.9000e+02 -9.0000e+01 6.3377e-01
-1.9000e+02 -8.0000e+01 1.9042e+00
-1.9000e+02 -7.0000e+01 2.4496e-01
-1.9000e+02 -6.0000e+01 1.7517e-01
-1.9000e+02 -5.0000e+01 6.0500e-01
-1.9000e+02 -4.0000e+01 1.1168e+00
-1.9000e+02 -3.0000e+01 -2.0288e-01
-1.9000e+02 -2.0000e+01 -4.7380e-01
-1.9000e+02 -1.0000e+01 -8.0705e-01
-1.9000e+02 0.0000e+00 2.4840e+00
-1.9000e+02 1.0000e+01 -1.9264e+00
-1.9000e+02 2.0000e+01 3.0985e-01
-1.9000e+02 3.0000e+01 1.8998e+00
-1.9000e+02 4.0000e+01 -7.9926e-01
-1.9000e+02 5.0000e+01 1.2242e+00
-1.9000e+02 6.0000e+01 -2.0481e+00
-1.9000e+02 7.0000e+01 -2.4874e-01
-1.9000e+02 8.0000e+01 3.9348e-03
-1.9000e+02 9.0000e+01 8.9930e-01
-1.9000e+02 1.0000e+02 -5.6187e-01
-1.9000e+02 1.1000e+02 1.2998e+00
-1.9000e+02 1.2000e+02 -6.3533e-01
-1.9000e+02 1.3000e+02 -1.1006e+00
-1.9000e+02 1.4000e+02 1.4055e+00
-1.9000e+02 1.5000e+02 2.3233e+00
-1.9000e+02 1.6000e+02 4.3482e-01
-1.9000e+02 1.7000e+02 -1.5254e-02
-1.9000e+02 1.8000e+02 1.9723e+00
-1.9000e+02 1.9000e+02 -9.4378e-01
-1.9000e+02 2.0000e+02 -2.6999e-01
-1.8000e+02 -2.0000e+02 1.9742e+00
-1.8000e+02 -1.9000e+02 -7.8720e-01
-1.8000e+02 -1.8000e+02 -3.8153e-01
-1.8000e+02 -1.7000e+02 1.1987e+00
-1.8000e+02 -1.6000e+02 -1.7516e+00
-1.8000e+02 -1.5000e+02 -5.1389e-01
-1.8000e+02 -1.4000e+02 -9.5238e-01
-1.8000e+02 -1.3000e+02 4.4877e-01
-1.8000e+02 -1.2000e+02 1.7578e+00
-1.8000e+02 -1.1000e+02 -6.0834e-03
-1.8000e+02 -1.0000e+02 1.8187e-02
-1.8000e+02 -9.0000e+01 4.5968e-01
-1.8000e+02 -8.0000e+01 1.2984e+00
-1.8000e+02 -7.0000e+01 -4.7381e-01
-1.8000e+02 -6.0000e+01 5.7424e-01
-1.8000e+02 -5.0000e+01 -1.0578e+00
-1.8000e+02 -4.0000e+01 -1.0074e+00
-1.8000e+02 -3.0000e+01 -1.8314e+00
-1.8000e+02 -2.0000e+01 -4.3510e-01
-1.8000e+02 -1.0000e+01 -2.0431e+00
-1.8000e+02 0.0000e+00 -1.4441e-01
-1.8000e+02 1.0000e+01 -4.3263e-01
-1.8000e+02 2.0000e+01 -9.6882e-01
-1.8000e+02 3.0000e+01 1.2129e+00
-1.8000e+02 4.0000e+01 1.2899e+00
-1.8000e+02 5.0000e+01 2.1023e+00
-1.8000e+02 6.0000e+01 -7.7667e-01
-1.8000e+02 7.0000e+01 1.6351e+00
-1.8000e+02 8.0000e+01 -2.8550e-01
-1.8000e+02 9.0000e+01 -1.0636e+00
-1.8000e+02 1.0000e+02 -8.3504e-01
-1.8000e+02 1.1000e+02 -9.9920e-01
-1.8000e+02 1.2000e+02 -3.4878e+00
-1.8000e+02 1.3000e+02 1.5237e+00
-1.8000e+02 1.4000e+02 1.4191e+00
-1.8000e+02 1.5000e+02 5.7360e-01
-1.8000e+02 1.6000e+02 -2.6102e+00
-1.8000e+02 1.7000e+02 -1.2469e+00
-1.8000e+02 1.8000e+02 -1.7185e+00
-1.8000e+02 1.9000e+02 7.3152e-01
-1.8000e+02 2.0000e+02 -1.2931e+00
-1.7000e+02 -2.0000e+02 2.0255e+00
-1.7000e+02 -1.9000e+02 1.0558e+00
-1.7000e+02 -1.8000e+02 -4.3436e-01
-1.7000e+02 -1.7000e+02 1.2134e+00
-1.7000e+02 -1.6000e+02 -2.0560e+00
-1.7000e+02 -1.5000e+02 4.3673e-01
-1.7000e+02 -1.4000e+02 7.5140e-01
-1.7000e+02 -1.3000e+02 -7.1016e-01
-1.7000e+02 -1.2000e+02 5.4561e-01
-1.7000e+02 -1.1000e+02 -3.5714e+00
-1.7000e+02 -1.0000e+02 4.0090e-01
-1.7000e+02 -9.0000e+01 2.8200e-01
-1.7000e+02 -8.0000e+01 2.1467e+00
-1.7000e+02 -7.0000e+01 -8.8000e-01
-1.7000e+02 -6.0000e+01 5.5446e-01
-1.7000e+02 -5.0000e+01 -2.1605e+00
-1.7000e+02 -4.0000e+01 -2.7489e-01
-1.7000e+02 -3.0000e+01 1.3503e+00
-1.7000e+02 -2.0000e+01 -7.3571e-01
-1.7000e+02 -1.0000e+01 -3.5041e+00
-1.7000e+02 0.0000e+00 -1.7991e+00
-1.7000e+02 1.0000e+01 -1.0562e-01
-1.7000e+02 2.0000e+01 -4.3012e-01
-1.7000e+02 3.0000e+01 1.7379e+00
-1.7000e+02 4.0000e+01 -1.5483e+00
-1.7000e+02 5.0000e+01 -8.8628e-01
-1.7000e+02 6.0000e+01 3.2625e-01
-1.7000e+02 7.0000e+01 1.3339e+00
-1.7000e+02 8.0000e+01 1.0900e+00
-1.7000e+02 9.0000e+01 2.9861e+00
-1.7000e+02 1.0000e+02 2.3339e+00
-1.7000e+02 1.1000e+02 -5.0134e-01
-1.7000e+02 1.2000e+02 -9.4687e-01
-1.7000e+02 1.3000e+02 -1.7818e-01
-1.7000e+02 1.4000e+02 -8.4695e-01
-1.7000e+02 1.5000e+02 6.4635e-01
-1.7000e+02 1.6000e+02 1.5052e+00
-1.7000e+02 1.7000e+02 1.1910e-01
-1.7000e+02 1.8000e+02 4.3142e+00
-1.7000e+02 1.9000e+02 -2.7300e+00
-1.7000e+02 2.0000e+02 1.4068e+00
-1.6000e+02 -2.0000e+02 3.3150e-01
-1.6000e+02 -1.9000e+02 -1.4457e+00
-1.6000e+02 -1.8000e+02 -5.0819e-03
-1.6000e+02 -1.7000e+02 -2.9856e-01
-1.6000e+02 -1.6000e+02 -6.7637e-01
-1.6000e+02 -1.5000e+02 6.4835e-01
-1.6000e+02 -1.4000e+02 -2.4636e-01
-1.6000e+02 -1.3000e+02 1.5451e+00
-1.6000e+02 -1.2000e+02 8.8809e-01
-1.6000e+02 -1.1000e+02 -6.4500e-01
-1.6000e+02 -1.0000e+02 9.4086e-01
-1.6000e+02 -9.0000e+01 1.0879e+00
-1.6000e+02 -8.0000e+01 -3.3598e-01
-1.6000e+02 -7.0000e+01 -2.4643e+00
-1.6000e+02 -6.0000e+01 -7.7615e-01
-1.6000e+02 -5.0000e+01 -1.9586e+00
-1.6000e+02 -4.0000e+01 -8.4206e-01
-1.6000e+02 -3.0000e+01 2.4857e+00
-1.6000e+02 -2.0000e+01 2.1056e+00
-1.6000e+02 -1.0000e+01 -2.8205e+00
-1.6000e+02 0.0000e+00 -1.9393e-01
-1.6000e+02 1.0000e+01 -2.2923e-01
-1.6000e+02 2.0000e+01 1.6472e+00
-1.6000e+02 3.0000e+01 2.0068e+00
-1.6000e+02 4.0000e+01 -4.3765e-01
-1.6000e+02 5.0000e+01 -2.0269e+00
-1.6000e+02 6.0000e+01 -8.7941e-02
-1.6000e+02 7.0000e+01 1.7337e+00
-1.6000e+02 8.0000e+01 -2.6015e+00
-1.6000e+02 9.0000e+01 2.0806e+00
-1.6000e+02 1.0000e+02 2.5685e+00
-1.6000e+02 1.1000e+02 1.8589e+00
-1.6000e+02 1.2000e+02 1.6041e+00
-1.6000e+02 1.3000e+02 -6.1713e-01
-1.6000e+02 1.4000e+02 -8.7795e-01
-1.6000e+02 1.5000e+02 2.2525e+00
-1.6000e+02 1.6000e+02 1.2085e+00
-1.6000e+02 1.7000e+02 -2.2843e+00
-1.6000e+02 1.8000e+02 -8.2930e-01
-1.6000e+02 1.9000e+02 1.6525e+00
-1.6000e+02 2.0000e+02 -4.9176e-01
-1.5000e+02 -2.0000e+02 -1.7478e+00
-1.5000e+02 -1.9000e+02 -5.7879e-01
-1.5000e+02 -1.8000e+02 1.3785e-01
-1.5000e+02 -1.7000e+02 2.4270e+00
-1.5000e+02 -1.6000e+02 1.2579e-02
-1.5000e+02 -1.5000e+02 8.1539e-01
-1.5000e+02 -1.4000e+02 -1.5611e+00
-1.5000e+02 -1.3000e+02 -2.0654e-01
-1.5000e+02 -1.2000e+02 2.8297e-01
-1.5000e+02 -1.1000e+02 3.4643e-01
-1.5000e+02 -1.0000e+02 1.5840e+00
-1.5000e+02 -9.0000e+01 -2.9465e+00
-1.5000e+02 -8.0000e+01 -2.0966e+00
-1.5000e+02 -7.0000e+01 -3.4955e-01
-1.5000e+02 -6.0000e+01 -4.2387e+00
-1.5000e+02 -5.0000e+01 -5.1593e-01
-1.5000e+02 -4.0000e+01 1.6588e+00
-1.5000e+02 -3.0000e+01 -3.2568e-01
-1.5000e+02 -2.0000e+01 9.1437e-01
-1.5000e+02 -1.0000e+01 -1.4365e+00
-1.5000e+02 0.0000e+00 -2.6533e-01
-1.5000e+02 1.0000e+01 1.5749e+00
-1.5000e+02 2.0000e+01 1.5333e-01
-1.5000e+02 3.0000e+01 -3.9699e+00
-1.5000e+02 4.0000e+01 6.5548e-01
-1.5000e+02 5.0000e+01 -3.4400e-01
-1.5000e+02 6.0000e+01 4.8995e-01
-1.5000e+02 7.0000e+01 -3.6743e+00
-1.5000e+02 8.0000e+01 -2.0267e+00
-1.5000e+02 9.0000e+01 3.3768e-02
-1.5000e+02 1.0000e+02 -3.2305e+00
-1.5000e+02 1.1000e+02 -8.8032e-01
-1.5000e+02 1.2000e+02 7.1654e-01
-1.5000e+02 1.3000e+02 -6.8628e-01
-1.5000e+02 1.4000e+02 -2.4323e-01
-1.5000e+02 1.5000e+02 -1.7769e+00
-1.5000e+02 1.6000e+02 7.8209e-01
-1.5000e+02 1.7000e+02 2.3418e+00
-1.5000e+02 1.8000e+02 1.4023e+00
-1.5000e+02 1.9000e+02 3.7409e-02
-1.5000e+02 2.0000e+02 5.0606e-01
-1.4000e+02 -2.0000e+02 -1.0948e+00
-1.4000e+02 -1.9000e+02 -2.6922e+00
-1.4000e+02 -1.8000e+02 1.4997e+00
-1.4000e+02 -1.7000e+02 -6.5627e-01
-1.4000e+02 -1.6000e+02 -6.8910e-02
-1.4000e+02 -1.5000e+02 2.5421e+00
-1.4000e+02 -1.4000e+02 1.0592e-01
-1.4000e+02 -1.3000e+02 -1.8705e+00
-1.4000e+02 -1.2000e+02 1.5510e+00
-1.4000e+02 -1.1000e+02 8.2073e-01
-1.4000e+02 -1.0000e+02 2.8936e-01
-1.4000e+02 -9.0000e+01 6.2523e-01
-1.4000e+02 -8.0000e+01 9.4455e-01
-1.4000e+02 -7.0000e+01 -2.4575e+00
-1.4000e+02 -6.0000e+01 -5.8927e-02
-1.4000e+02 -5.0000e+01 -1.5081e+00
-1.4000e+02 -4.0000e+01 -1.4852e+00
-1.4000e+02 -3.0000e+01 -3.2747e-01
-1.4000e+02 -2.0000e+01 -6.2737e-01
-1.4000e+02 -1.0000e+01 -1.9216e+00
-1.4000e+02 0.0000e+00 -6.4258e-01
-1.4000e+02 1.0000e+01 -1.1100e-01
-1.4000e+02 2.0000e+01 -3.6688e-01
-1.4000e+02 3.0000e+01 2.4724e+00
-1.4000e+02 4.0000e+01 -9.9607e-01
-1.4000e+02 5.0000e+01 1.1694e-01
-1.4000e+02 6.0000e+01 5.7462e-01
-1.4000e+02 7.0000e+01 -6.4595e-01
-1.4000e+02 8.0000e+01 -1.8044e+00
-1.4000e+02 9.0000e+01 -1.8459e+00
-1.4000e+02 1.0000e+02 -1.7411e+00
-1.4000e+02 1.1000e+02 9.3025e-02
-1.4000e+02 1.2000e+02 1.8337e+00
-1.4000e+02 1.3000e+02 -2.2046e+00
-1.4000e+02 1.4000e+02 -4.7248e-01
-1.4000e+02 1.5000e+02 5.0181e-01
-1.4000e+02 1.6000e+02 8.8728e-01
-1.4000e+02 1.7000e+02 -6.4939e-01
-1.4000e+02 1.8000e+02 2.3504e-01
-1.4000e+02 1.9000e+02 7.4828e-01
-1.4000e+02 2.0000e+02 2.6018e-01
-1.3000e+02 -2.0000e+02 1.0343e+00
-1.3000e+02 -1.9000e+02 8.0878e-01
-1.3000e+02 -1.8000e+02 -8.4860e-01
-1.3000e+02 -1.7000e+02 1.6345e+00
-1.3000e+02 -1.6000e+02 -7.3013e-03
-1.3000e+02 -1.5000e+02 7.6012e-01
-1.3000e+02 -1.4000e+02 -7.3669e-01
-1.3000e+02 -1.3000e+02 -1.0830e-01
-1.3000e+02 -1.2000e+02 -2.5886e+00
-1.3000e+02 -1.1000e+02 -2.0749e+00
-1.3000e+02 -1.0000e+02 -1.5404e+00
-1.3000e+02 -9.0000e+01 2.2022e+00
-1.3000e+02 -8.0000e+01 -1.1599e+00
-1.3000e+02 -7.0000e+01 -3.3446e+00
-1.3000e+02 -6.0000e+01 2.3451e-01
-1.3000e+02 -5.0000e+01 -2.0011e-02
-1.3000e+02 -4.0000e+01 1.2341e+00
-1.3000e+02 -3.0000e+01 -1.0498e+00
-1.3000e+02 -2.0000e+01 2.0746e-01
-1.3000e+02 -1.0000e+01 -1.2073e+00
-1.3000e+02 0.0000e+00 1.1270e+00
-1.3000e+02 1.0000e+01 -1.5367e+00
-1.3000e+02 2.0000e+01 4.6849e-01
-1.3000e+02 3.0000e+01 -2.0405e-01
-1.3000e+02 4.0000e+01 3.3187e-01
-1.3000e+02 5.0000e+01 1.1831e+00
-1.3000e+02 6.0000e+01 -2.8866e+00
-1.3000e+02 7.0000e+01 -1.2884e+00
-1.3000e+02 8.0000e+01 -2.3876e-01
-1.3000e+02 9.0000e+01 -8.4609e-03
-1.3000e+02 1.0000e+02 -1.3414e-01
-1.3000e+02 1.1000e+02 -2.0178e+00
-1.3000e+02 1.2000e+02 -2.3901e+00
-1.3000e+02 1.3000e+02 1.5775e+00
-1.3000e+02 1.4000e+02 8.9543e-01
-1.3000e+02 1.5000e+02 7.5417e-01
-1.3000e+02 1.6000e+02 -1.7933e+00
-1.3000e+02 1.7000e+02 3.1980e-01
-1.3000e+02 1.8000e+02 1.1724e+00
-1.3000e+02 1.9000e+02 -1.1695e+00
-1.3000e+02 2.0000e+02 9.3523e-01
-1.2000e+02 -2.0000e+02 3.3980e-01
-1.2000e+02 -1.9000e+02 -1.6964e+00
-1.2000e+02 -1.8000e+02 -3.2033e+00
-1.2000e+02 -1.7000e+02 -2.5676e+00
-1.2000e+02 -1.6000e+02 -6.8260e-01
-1.2000e+02 -1.5000e+02 1.3150e+00
-1.2000e+02 -1.4000e+02 -2.1142e+00
-1.2000e+02 -1.3000e+02 -3.0675e-01
-1.2000e+02 -1.2000e+02 -8.9510e-01
-1.2000e+02 -1.1000e+02 -4.2158e-01
-1.2000e+02 -1.0000e+02 -2.0542e+00
-1.2000e+02 -9.0000e+01 -3.6844e+00
-1.2000e+02 -8.0000e+01 -7.6820e-01
-1.2000e+02 -7.0000e+01 -2.0240e+00
-1.2000e+02 -6.0000e+01 -2.5210e+00
-1.2000e+02 -5.0000e+01 -6.3159e-01
-1.2000e+02 -4.0000e+01 -1.9269e+00
-1.2000e+02 -3.0000e+01 -1.6449e+00
-1.2000e+02 -2.0000e+01 -1.7871e+00
-1.2000e+02 -1.0000e+01 -1.7546e+00
-1.2000e+02 0.0000e+00 -5.2166e+00
-1.2000e+02 1.0000e+01 -5.6727e+00
-1.2000e+02 2.0000e+01 -5.4284e-01
-1.2000e+02 3.0000e+01 -4.8802e-01
-1.2000e+02 4.0000e+01 -8.2164e-01
-1.2000e+02 5.0000e+01 1.8346e-01
-1.2000e+02 6.0000e+01 -1.9262e-01
-1.2000e+02 7.0000e+01 -2.0102e+00
-1.2000e+02 8.0000e+01 -1.6956e+00
-1.2000e+02 9.0000e+01 8.0268e-01
-1.2000e+02 1.0000e+02 8.8934e-02
-1.2000e+02 1.1000e+02 5.3416e-01
-1.2000e+02 1.2000e+02 2.0152e-01
-1.2000e+02 1.3000e+02 -4.3009e-01
-1.2000e+02 1.4000e+02 -2.5636e+00
-1.2000e+02 1.5000e+02 -1.7392e+00
-1.2000e+02 1.6000e+02 5.7651e-01
-1.2000e+02 1.7000e+02 -8.4669e-01
-1.2000e+02 1.8000e+02 -3.3199e-02
-1.2000e+02 1.9000e+02 -4.8408e-01
-1.2000e+02 2.0000e+02 1.5858e+00
-1.1000e+02 -2.0000e+02 -6.3309e-02
-1.1000e+02 -1.9000e+02 1.1607e+00
-1.1000e+02 -1.8000e+02 7.6358e-01
-1.1000e+02 -1.7000e+02 -1.3437e+00
-1.1000e+02 -1.6000e+02 3.5530e+00
-1.1000e+02 -1.5000e+02 -1.5547e-01
-1.1000e+02 -1.4000e+02 1.1905e+00
-1.1000e+02 -1.3000e+02 1.2900e-01
-1.1000e+02 -1.2000e+02 -9.4781e-01
-1.1000e+02 -1.1000e+02 4.9029e-01
-1.1000e+02 -1.0000e+02 2.7113e+00
-1.1000e+02 -9.0000e+01 -1.1113e+00
-1.1000e+02 -8.0000e+01 -9.3363e-02
-1.1000e+02 -7.0000e+01 5.0072e-01
-1.1000e+02 -6.0000e+01 -3.1229e-01
-1.1000e+02 -5.0000e+01 -3.3450e+00
-1.1000e+02 -4.0000e+01 -1.2561e+00
-1.1000e+02 -3.0000e+01 -9.9239e-01
-1.1000e+02 -2.0000e+01 -3.6629e+00
-1.1000e+02 -1.0000e+01 -2.5631e+00
-1.1000e+02 0.0000e+00 -2.4964e+00
-1.1000e+02 1.0000e+01 -2.5376e+00
-1.1000e+02 2.0000e+01 -4.2268e-01
-1.1000e+02 3.0000e+01 -3.5860e+00
-1.1000e+02 4.0000e+01 -8.0745e-01
-1.1000e+02 5.0000e+01 -2.0905e+00
-1.1000e+02 6.0000e+01 -2.3116e+00
-1.1000e+02 7.0000e+01 -3.8306e+00
-1.1000e+02 8.0000e+01 -1.3823e+00
-1.1000e+02 9.0000e+01 1.4710e+00
-1.1000e+02 1.0000e+02 -3.7145e+00
-1.1000e+02 1.1000e+02 1.5869e+00
-1.1000e+02 1.2000e+02 1.2577e-01
-1.1000e+02 1.3000e+02 -2.0559e+00
-1.1000e+02 1.4000e+02 -9.2260e-01
-1.1000e+02 1.5000e+02 -1.4855e-01
-1.1000e+02 1.6000e+02 9.2943e-01
-1.1000e+02 1.7000e+02 -2.4500e+00
-1.1000e+02 1.8000e+02 -1.0692e-01
-1.1000e+02 1.9000e+02 -8.6393e-01
-1.1000e+02 2.0000e+02 1.7018e+00
-1.0000e+02 -2.0000e+02 -9.2419e-01
-1.0000e+02 -1.9000e+02 -4.2325e-01
-1.0000e+02 -1.8000e+02 -8.9168e-01
-1.0000e+02 -1.7000e+02 2.6848e+00
-1.0000e+02 -1.6000e+02 1.0847e+00
-1.0000e+02 -1.5000e+02 -1.9889e+00
-1.0000e+02 -1.4000e+02 2.9217e+00
-1.0000e+02 -1.3000e+02 -1.9644e+00
-1.0000e+02 -1.2000e+02 -1.9659e+00
-1.0000e+02 -1.1000e+02 -2.6370e+00
-1.0000e+02 -1.0000e+02 -1.6506e+00
-1.0000e+02 -9.0000e+01 1.9168e-01
-1.0000e+02 -8.0000e+01 -1.7976e+00
-1.0000e+02 -7.0000e+01 -2.5150e+00
-1.0000e+02 -6.0000e+01 -5.3134e+00
-1.0000e+02 -5.0000e+01 -1.9546e+00
-1.0000e+02 -4.0000e+01 -1.4535e+00
-1.0000e+02 -3.0000e+01 -3.4538e+00
-1.0000e+02 -2.0000e+01 -7.9113e-01
-1.0000e+02 -1.0000e+01 -1.8219e+00
-1.0000e+02 0.0000e+00 -2.0674e+00
-1.0000e+02 1.0000e+01 -3.6446e+00
-1.0000e+02 2.0000e+01 -3.3902e+00
-1.0000e+02 3.0000e+01 -2.8907e+00
-1.0000e+02 4.0000e+01 -4.3669e-01
-1.0000e+02 5.0000e+01 -7.0676e-02
-1.0000e+02 6.0000e+01 -1.6777e+00
-1.0000e+02 7.0000e+01 -3.5121e+00
-1.0000e+02 8.0000e+01 -2.4091e+00
-1.0000e+02 9.0000e+01 -2.8889e-02
-1.0000e+02 1.0000e+02 9.4857e-01
-1.0000e+02 1.1000e+02 -5.9163e-01
-1.0000e+02 1.2000e+02 1.7283e+00
-1.0000e+02 1.3000e+02 -1.5699e+00
-1.0000e+02 1.4000e+02 -1.3714e+00
-1.0000e+02 1.5000e+02 -6.6511e-01
-1.0000e+02 1.6000e+02 5.5496e-01
-1.0000e+02 1.7000e+02 3.7747e+00
-1.0000e+02 1.8000e+02 -5.0551e-01
-1.0000e+02 1.9000e+02 -1.4359e+00
-1.0000e+02 2.0000e+02 8.0311e-01
-9.0000e+01 -2.0000e+02 -6.1626e-01
-9.0000e+01 -1.9000e+02 1.1236e-01
-9.0000e+01 -1.8000e+02 -1.0063e+00
-9.0000e+01 -1.7000e+02 1.4517e-01
-9.0000e+01 -1.6000e+02 -1.5407e+00
-9.0000e+01 -1.5000e+02 -1.8309e+00
-9.0000e+01 -1.4000e+02 -1.8203e+00
-9.0000e+01 -1.3000e+02 8.9185e-01
-9.0000e+01 -1.2000e+02 -5.9927e-01
-9.0000e+01 -1.1000e+02 -6.7907e-01
-9.0000e+01 -1.0000e+02 -1.5284e+00
-9.0000e+01 -9.0000e+01 -2.5245e+00
-9.0000e+01 -8.0000e+01 -3.1735e+00
-9.0000e+01 -7.0000e+01 -1.7461e+00
-9.0000e+01 -6.0000e+01 -2.8309e+00
-9.0000e+01 -5.0000e+01 -3.6714e+00
-9.0000e+01 -4.0000e+01 -3.7635e+00
-9.0000e+01 -3.0000e+01 -4.5264e+00
-9.0000e+01 -2.0000e+01 -4.9064e+00
-9.0000e+01 -1.0000e+01 -1.3084e+00
-9.0000e+01 0.0000e+00 -3.0361e+00
-9.0000e+01 1.0000e+01 -2.9403e+00
-9.0000e+01 2.0000e+01 -5.6550e+00
-9.0000e+01 3.0000e+01 -2.1880e+00
-9.0000e+01 4.0000e+01 -5.4484e+00
-9.0000e+01 5.0000e+01 -6.5860e+00
-9.0000e+01 6.0000e+01 -2.3774e+00
-9.0000e+01 7.0000e+01 -1.7401e+00
-9.0000e+01 8.0000e+01 -1.8797e+00
-9.0000e+01 9.0000e+01 -5.1838e-01
-9.0000e+01 1.0000e+02 -1.9478e+00
-9.0000e+01 1.1000e+02 -2.6895e+00
-9.0000e+01 1.2000e+02 -2.5679e+00
-9.0000e+01 1.3000e+02 -1.7022e+00
-9.0000e+01 1.4000e+02 8.4817e-01
-9.0000e+01 1.5000e+02 2.0285e+00
-9.0000e+01 1.6000e+02 -1.0216e+00
-9.0000e+01 1.7000e+02 1.9894e+00
-9.0000e+01 1.8000e+02 -1.2524e+00
-9.0000e+01 1.9000e+02 -1.8538e-01
-9.0000e+01 2.0000e+02 4.4629e-01
-8.0000e+01 -2.0000e+02 -4.0869e+00
-8.0000e+01 -1.9000e+02 -2.8526e-01
-8.0000e+01 -1.8000e+02 -4.6535e-01
-8.0000e+01 -1.7000e+02 -3.4102e-01
-8.0000e+01 -1.6000e+02 -3.8042e-01
-8.0000e+01 -1.5000e+02 9.2811e-01
-8.0000e+01 -1.4000e+02 -2.0460e+00
-8.0000e+01 -1.3000e+02 1.5258e+00
-8.0000e+01 -1.2000e+02 -4.3430e+00
-8.0000e+01 -1.1000e+02 -5.3905e-01
-8.0000e+01 -1.0000e+02 7.5723e-01
-8.0000e+01 -9.0000e+01 -2.9103e+00
-8.0000e+01 -8.0000e+01 -2.2593e+00
-8.0000e+01 -7.0000e+01 -4.2293e+00
-8.0000e+01 -6.0000e+01 -5.7192e+00
-8.0000e+01 -5.0000e+01 -6.3409e+00
-8.0000e+01 -4.0000e+01 -4.5189e+00
-8.0000e+01 -3.0000e+01 -5.2391e+00
-8.0000e+01 -2.0000e+01 -5.4662e+00
-8.0000e+01 -1.0000e+01 -4.3391e+00
-8.0000e+01 0.0000e+00 -5.7114e+00
-8.0000e+01 1.0000e+01 -6.1711e+00
-8.0000e+01 2.0000e+01 -2.9609e+00
-8.0000e+01 3.0000e+01 -3.1812e+00
-8.0000e+01 4.0000e+01 -3.5770e+00
-8.0000e+01 5.0000e+01 -5.2436e+00
-8.0000e+01 6.0000e+01 -4.0190e+00
-8.0000e+01 7.0000e+01 -5.1869e+00
-8.0000e+01 8.0000e+01 -1.2732e-02
-8.0000e+01 9.0000e+01 2.3946e-01
-8.0000e+01 1.0000e+02 7.7456e-01
-8.0000e+01 1.1000e+02 1.6377e+00
-8.0000e+01 1.2000e+02 1.3529e+00
-8.0000e+01 1.3000e+02 -1.4503e+00
-8.0000e+01 1.4000e+02 -3.3762e-01
-8.0000e+01 1.5000e+02 7.9996e-01
-8.0000e+01 1.6000e+02 8.0620e-01
-8.0000e+01 1.7000e+02 -7.5579e-01
-8.0000e+01 1.8000e+02 -1.5884e+00
-8.0000e+01 1.9000e+02 4.8249e-01
-8.0000e+01 2.0000e+02 -1.3263e+00
-7.0000e+01 -2.0000e+02 -3.5900e+00
-7.0000e+01 -1.9000e+02 2.1336e-01
-7.0000e+01 -1.8000e+02 3.8888e-01
-7.0000e+01 -1.7000e+02 1.1681e+00
-7.0000e+01 -1.6000e+02 -2.4388e-01
-7.0000e+01 -1.5000e+02 1.2811e+00
-7.0000e+01 -1.4000e+02 -4.9408e-01
-7.0000e+01 -1.3000e+02 -2.5168e-01
-7.0000e+01 -1.2000e+02 -1.4012e+00
-7.0000e+01 -1.1000e+02 -1.5430e+00
-7.0000e+01 -1.0000e+02 -1.3050e+00
-7.0000e+01 -9.0000e+01 -3.5004e+00
-7.0000e+01 -8.0000e+01 -6.0708e+00
-7.0000e+01 -7.0000e+01 -2.3675e+00
-7.0000e+01 -6.0000e+01 -1.9115e+00
-7.0000e+01 -5.0000e+01 -4.6829e+00
-7.0000e+01 -4.0000e+01 -6.2961e+00
-7.0000e+01 -3.0000e+01 -4.8123e+00
-7.0000e+01 -2.0000e+01 -5.6965e+00
-7.0000e+01 -1.0000e+01 -5.5570e+00
-7.0000e+01 0.0000e+00 -5.0940e+00
-7.0000e+01 1.0000e+01 -8.0141e+00
-7.0000e+01 2.0000e+01 -1.0017e+01
-7.0000e+01 3.0000e+01 -4.7729e+00
-7.0000e+01 4.0000e+01 -4.7241e+00
-7.0000e+01 5.0000e+01 -3.5130e+00
-7.0000e+01 6.0000e+01 -3.0386e+00
-7.0000e+01 7.0000e+01 -2.7391e+00
-7.0000e+01 8.0000e+01 -3.9682e+00
-7.0000e+01 9.0000e+01 -2.9290e+00
-7.0000e+01 1.0000e+02 -4.0845e-03
-7.0000e+01 1.1000e+02 8.3336e-02
-7.0000e+01 1.2000e+02 -2.5379e+00
-7.0000e+01 1.3000e+02 -1.6248e+00
-7.0000e+01 1.4000e+02 2.7236e+00
-7.0000e+01 1.5000e+02 -1.0600e+00
-7.0000e+01 1.6000e+02 3.5198e-01
-7.0000e+01 1.7000e+02 1.9376e+00
-7.0000e+01 1.8000e+02 3.9605e-01
-7.0000e+01 1.9000e+02 -2.4966e+00
-7.0000e+01 2.0000e+02 -1.1229e+00
-6.0000e+01 -2.0000e+02 4.4344e-01
-6.0000e+01 -1.9000e+02 -2.3326e+00
-6.0000e+01 -1.8000e+02 -8.9275e-01
-6.0000e+01 -1.7000e+02 -3.6315e-01
-6.0000e+01 -1.6000e+02 -1.0380e+00
-6.0000e+01 -1.5000e+02 -2.3536e+00
-6.0000e+01 -1.4000e+02 -1.9618e+00
-6.0000e+01 -1.3000e+02 4.5244e-01
-6.0000e+01 -1.2000e+02 8.6493e-01
-6.0000e+01 -1.1000e+02 -3.6146e+00
-6.0000e+01 -1.0000e+02 -1.9987e+00
-6.0000e+01 -9.0000e+01 -4.5406e+00
-6.0000e+01 -8.0000e+01 -1.0476e+00
-6.0000e+01 -7.0000e+01 -3.7443e+00
-6.0000e+01 -6.0000e+01 -5.7420e+00
-6.0000e+01 -5.0000e+01 -9.2814e+00
-6.0000e+01 -4.0000e+01 -6.1448e+00
-6.0000e+01 -3.0000e+01 -6.0970e+00
-6.0000e+01 -2.0000e+01 -8.4132e+00
-6.0000e+01 -1.0000e+01 -8.7551e+00
-6.0000e+01 0.0000e+00 -7.2703e+00
-6.0000e+01 1.0000e+01 -6.3223e+00
-6.0000e+01 2.0000e+01 -7.4842e+00
-6.0000e+01 3.0000e+01 -8.1450e+00
-6.0000e+01 4.0000e+01 -2.4731e+00
-6.0000e+01 5.0000e+01 -3.1831e+00
-6.0000e+01 6.0000e+01 -3.3708e+00
-6.0000e+01 7.0000e+01 -6.0800e+00
-6.0000e+01 8.0000e+01 -6.2070e+00
-6.0000e+01 9.0000e+01 -3.6287e+00
-6.0000e+01 1.0000e+02 -1.4394e+00
-6.0000e+01 1.1000e+02 -1.5767e+00
-6.0000e+01 1.2000e+02 1.2335e+00
-6.0000e+01 1.3000e+02 1.4345e+00
-6.0000e+01 1.4000e+02 -4.3793e-01
-6.0000e+01 1.5000e+02 2.0175e-01
-6.0000e+01 1.6000e+02 4.4245e-01
-6.0000e+01 1.7000e+02 -1.0061e+00
-6.0000e+01 1.8000e+02 -3.6874e+00
-6.0000e+01 1.9000e+02 -2.6660e-01
-6.0000e+01 2.0000e+02 -1.2009e+00
-5.0000e+01 -2.0000e+02 1.2022e-02
-5.0000e+01 -1.9000e+02 -8.2092e-01
-5.0000e+01 -1.8000e+02 -1.2098e+00
-5.0000e+01 -1.7000e+02 -3.2025e-01
-5.0000e+01 -1.6000e+02 1.5689e+00
-5.0000e+01 -1.5000e+02 -5.5017e-01
-5.0000e+01 -1.4000e+02 1.2611e+00
-5.0000e+01 -1.3000e+02 2.9310e-01
-5.0000e+01 -1.2000e+02 -2.2894e+00
-5.0000e+01 -1.1000e+02 -1.5643e+00
-5.0000e+01 -1.0000e+02 -5.2204e-01
-5.0000e+01 -9.0000e+01 -8.0705e-01
-5.0000e+01 -8.0000e+01 -3.1835e+00
-5.0000e+01 -7.0000e+01 -1.2139e+00
-5.0000e+01 -6.0000e+01 -5.2688e+00
-5.0000e+01 -5.0000e+01 -5.2463e+00
-5.0000e+01 -4.0000e+01 -9.2163e+00
-5.0000e+01 -3.0000e+01 -5.7437e+00
-5.0000e+01 -2.0000e+01 -9.2873e+00
-5.0000e+01 -1.0000e+01 -1.1633e+01
-5.0000e+01 0.0000e+00 -1.0956e+01
-5.0000e+01 1.0000e+01 -8.3526e+00
-5.0000e+01 2.0000e+01 -1.0454e+01
-5.0000e+01 3.0000e+01 -6.8256e+00
-5.0000e+01 4.0000e+01 -5.5611e+00
-5.0000e+01 5.0000e+01 -7.8803e+00
-5.0000e+01 6.0000e+01 -7.3516e+00
-5.0000e+01 7.0000e+01 -7.0319e+00
-5.0000e+01 8.0000e+01 -2.6251e+00
-5.0000e+01 9.0000e+01 -4.7046e+00
-5.0000e+01 1.0000e+02 -2.5067e+00
-5.0000e+01 1.1000e+02 -1.6065e+00
-5.0000e+01 1.2000e+02 -9.1725e-01
-5.0000e+01 1.3000e+02 1.0217e+00
-5.0000e+01 1.4000e+02 -8.0402e-01
-5.0000e+01 1.5000e+02 6.8564e-01
-5.0000e+01 1.6000e+02 -1.0212e+00
-5.0000e+01 1.7000e+02 5.1407e-02
-5.0000e+01 1.8000e+02 -4.0198e+00
-5.0000e+01 1.9000e+02 7.3987e-01
-5.0000e+01 2.0000e+02 5.4878e-01
-4.0000e+01 -2.0000e+02 1.6811e+00
-4.0000e+01 -1.9000e+02 2.1846e-01
-4.0000e+01 -1.8000e+02 -2.9032e+00
-4.0000e+01 -1.7000e+02 -1.2811e-01
-4.0000e+01 -1.6000e+02 -2.0602e+00
-4.0000e+01 -1.5000e+02 -1.6118e-01
-4.0000e+01 -1.4000e+02 -1.6102e+00
-4.0000e+01 -1.3000e+02 7.0431e-01
-4.0000e+01 -1.2000e+02 -4.3947e+00
-4.0000e+01 -1.1000e+02 -2.0004e+00
-4.0000e+01 -1.0000e+02 -1.8142e+00
-4.0000e+01 -9.0000e+01 -4.1408e+00
-4.0000e+01 -8.0000e+01 -3.5268e+00
-4.0000e+01 -7.0000e+01 -4.1550e+00
-4.0000e+01 -6.0000e+01 -5.0417e+00
-4.0000e+01 -5.0000e+01 -6.8080e+00
-4.0000e+01 -4.0000e+01 -1.2005e+01
-4.0000e+01 -3.0000e+01 -8.3316e+00
-4.0000e+01 -2.0000e+01 -1.1058e+01
-4.0000e+01 -1.0000e+01 -1.0759e+01
-4.0000e+01 0.0000e+00 -9.3954e+00
-4.0000e+01 1.0000e+01 -1.1892e+01
-4.0000e+01 2.0000e+01 -1.1804e+01
-4.0000e+01 3.0000e+01 -1.0890e+01
-4.0000e+01 4.0000e+01 -5.2471e+00
-4.0000e+01 5.0000e+01 -6.4021e+00
-4.0000e+01 6.0000e+01 -8.2512e+00
-4.0000e+01 7.0000e+01 -5.9687e+00
-4.0000e+01 8.0000e+01 -2.0954e+00
-4.0000e+01 9.0000e+01 -2.8498e+00
-4.0000e+01 1.0000e+02 -1.8160e+00
-4.0000e+01 1.1000e+02 -3.3449e+00
-4.0000e+01 1.2000e+02 -2.0563e+00
-4.0000e+01 1.3000e+02 6.1021e-01
-4.0000e+01 1.4000e+02 2.0125e-01
-4.0000e+01 1.5000e+02 -1.8852e+00
-4.0000e+01 1.6000e+02 -5.6890e-01
-4.0000e+01 1.7000e+02 3.4409e+00
-4.0000e+01 1.8000e+02 5.8240e-01
-4.0000e+01 1.9000e+02 2.1661e+00
-4.0000e+01 2.0000e+02 7.3724e-01
-3.0000e+01 -2.0000e+02 7.7938e-02
-3.0000e+01 -1.9000e+02 -1.0300e+00
-3.0000e+01 -1.8000e+02 9.9672e-01
-3.0000e+01 -1.7000e+02 -2.3805e+00
-3.0000e+01 -1.6000e+02 2.0289e+00
-3.0000e+01 -1.5000e+02 5.5559e-01
-3.0000e+01 -1.4000e+02 2.1515e-01
-3.0000e+01 -1.3000e+02 8.3131e-01
-3.0000e+01 -1.2000e+02 -4.3124e+00
-3.0000e+01 -1.1000e+02 -2.7989e+00
-3.0000e+01 -1.0000e+02 -1.5503e+00
-3.0000e+01 -9.0000e+01 -9.1063e-01
-3.0000e+01 -8.0000e+01 -6.3513e+00
-3.0000e+01 -7.0000e+01 -6.2203e+00
-3.0000e+01 -6.0000e+01 -7.0361e+00
-3.0000e+01 -5.0000e+01 -1.1066e+01
-3.0000e+01 -4.0000e+01 -1.2608e+01
-3.0000e+01 -3.0000e+01 -1.2257e+01
-3.0000e+01 -2.0000e+01 -1.0970e+01
-3.0000e+01 -1.0000e+01 -1.4129e+01
-3.0000e+01 0.0000e+00 -1.1212e+01
-3.0000e+01 1.0000e+01 -1.2422e+01
-3.0000e+01 2.0000e+01 -1.4103e+01
-3.0000e+01 3.0000e+01 -7.2582e+00
-3.0000e+01 4.0000e+01 -8.6924e+00
-3.0000e+01 5.0000e+01 -8.4052e+00
-3.0000e+01 6.0000e+01 -8.3954e+00
-3.0000e+01 7.0000e+01 -5.6231e+00
-3.0000e+01 8.0000e+01 -3.0823e+00
-3.0000e+01 9.0000e+01 -2.4129e+00
-3.0000e+01 1.0000e+02 -1.3807e+00
-3.0000e+01 1.1000e+02 -2.3210e+00
-3.0000e+01 1.2000e+02 -1.5849e+00
-3.0000e+01 1.3000e+02 -2.0450e+00
-3.0000e+01 1.4000e+02 4.7402e-01
-3.0000e+01 1.5000e+02 -7.8433e-01
-3.0000e+01 1.6000e+02 -6.4780e-01
-3.0000e+01 1.7000e+02 -1.6250e+00
-3.0000e+01 1.8000e+02 -2.6450e-01
-3.0000e+01 1.9000e+02 -3.0373e+00
-3.0000e+01 2.0000e+02 -1.3924e-01
-2.0000e+01 -2.0000e+02 1.1188e+00
-2.0000e+01 -1.9000e+02 2.0722e-01
-2.0000e+01 -1.8000e+02 -1.4972e+00
-2.0000e+01 -1.7000e+02 -2.5060e+00
-2.0000e+01 -1.6000e+02 -2.7548e-01
-2.0000e+01 -1.5000e+02 -2.1317e+00
-2.0000e+01 -1.4000e+02 -1.0422e+00
-2.0000e+01 -1.3000e+02 -2.0939e+00
-2.0000e+01 -1.2000e+02 -3.4078e+00
-2.0000e+01 -1.1000e+02 -2.2540e+00
-2.0000e+01 -1.0000e+02 -4.7918e+00
-2.0000e+01 -9.0000e+01 -5.7295e+00
-2.0000e+01 -8.0000e+01 -7.6562e+00
-2.0000e+01 -7.0000e+01 -7.2432e+00
-2.0000e+01 -6.0000e+01 -7.4953e+00
-2.0000e+01 -5.0000e+01 -5.5628e+00
-2.0000e+01 -4.0000e+01 -1.4944e+01
-2.0000e+01 -3.0000e+01 -1.1978e+01
-2.0000e+01 -2.0000e+01 -1.0897e+01
-2.0000e+01 -1.0000e+01 -1.1543e+01
-2.0000e+01 0.0000e+00 -1.4706e+01
-2.0000e+01 1.0000e+01 -1.0800e+01
-2.0000e+01 2.0000e+01 -1.4156e+01
-2.0000e+01 3.0000e+01 -1.3977e+01
-2.0000e+01 4.0000e+01 -9.5680e+00
-2.0000e+01 5.0000e+01 -8.4340e+00
-2.0000e+01 6.0000e+01 -7.3975e+00
-2.0000e+01 7.0000e+01 -7.3122e+00
-2.0000e+01 8.0000e+01 -8.5556e+00
-2.0000e+01 9.0000e+01 -4.3664e+00
-2.0000e+01 1.0000e+02 -8.6440e-01
-2.0000e+01 1.1000e+02 -4.2668e+00
-2.0000e+01 1.2000e+02 -2.2118e+00
-2.0000e+01 1.3000e+02 1.2243e+00
-2.0000e+01 1.4000e+02 -1.8609e+00
-2.0000e+01 1.5000e+02 7.2221e-01
-2.0000e+01 1.6000e+02 1.0752e-01
-2.0000e+01 1.7000e+02 -2.7087e+00
-2.0000e+01 1.8000e+02 1.4768e+00
-2.0000e+01 1.9000e+02 2.4033e+00
-2.0000e+01 2.0000e+02 -1.8733e+00
-1.0000e+01 -2.0000e+02 -1.0860e+00
-1.0000e+01 -1.9000e+02 1.3638e-01
-1.0000e+01 -1.8000e+02 1.2296e+00
-1.0000e+01 -1.7000e+02 -7.7319e-01
-1.0000e+01 -1.6000e+02 -4.4562e-01
-1.0000e+01 -1.5000e+02 -2.0111e+00
-1.0000e+01 -1.4000e+02 7.0800e-01
-1.0000e+01 -1.3000e+02 -1.1965e+00
-1.0000e+01 -1.2000e+02 1.0881e+00
-1.0000e+01 -1.1000e+02 -4.8818e+00
-1.0000e+01 -1.0000e+02 -1.4967e+00
-1.0000e+01 -9.0000e+01 -5.6320e+00
-1.0000e+01 -8.0000e+01 -6.9913e+00
-1.0000e+01 -7.0000e+01 -8.6582e+00
-1.0000e+01 -6.0000e+01 -9.3806e+00
-1.0000e+01 -5.0000e+01 -1.0935e+01
-1.0000e+01 -4.0000e+01 -9.5484e+00
-1.0000e+01 -3.0000e+01 -1.3880e+01
-1.0000e+01 -2.0000e+01 -1.1749e+01
-1.0000e+01 -1.0000e+01 -1.4954e+01
-1.0000e+01 0.0000e+00 -1.1967e+01
-1.0000e+01 1.0000e+01 -1.3401e+01
-1.0000e+01 2.0000e+01 -1.5309e+01
-1.0000e+01 3.0000e+01 -1.4467e+01
-1.0000e+01 4.0000e+01 -1.3677e+01
-1.0000e+01 5.0000e+01 -1.1257e+01
-1.0000e+01 6.0000e+01 -6.9098e+00
-1.0000e+01 7.0000e+01 -7.4203e+00
-1.0000e+01 8.0000e+01 -5.2166e+00
-1.0000e+01 9.0000e+01 -6.3028e+00
-1.0000e+01 1.0000e+02 -3.7279e+00
-1.0000e+01 1.1000e+02 -2.5943e+00
-1.0000e+01 1.2000e+02 -2.5225e+00
-1.0000e+01 1.3000e+02 -1.8799e-01
-1.0000e+01 1.4000e+02 -2.8395e+00
-1.0000e+01 1.5000e+02 -1.5052e+00
-1.0000e+01 1.6000e+02 -1.6285e+00
-1.0000e+01 1.7000e+02 -5.5046e-01
-1.0000e+01 1.8000e+02 -1.3619e+00
-1.0000e+01 1.9000e+02 -1.6216e-01
-1.0000e+01 2.0000e+02 1.7019e+00
0.0000e+00 -2.0000e+02 1.9351e+00
0.0000e+00 -1.9000e+02 -3.9970e-02
0.0000e+00 -1.8000e+02 1.6809e-01
0.0000e+00 -1.7000e+02 -6.8222e-01
0.0000e+00 -1.6000e+02 2.4681e-01
0.0000e+00 -1.5000e+02 -2.3729e+00
0.0000e+00 -1.4000e+02 9.2680e-01
0.0000e+00 -1.3000e+02 -2.8992e-01
0.0000e+00 -1.2000e+02 7.3079e-01
0.0000e+00 -1.1000e+02 1.0716e-01
0.0000e+00 -1.0000e+02 -3.3145e+00
0.0000e+00 -9.0000e+01 -2.1324e+00
0.0000e+00 -8.0000e+01 -6.2298e+00
0.0000e+00 -7.0000e+01 -7.5565e+00
0.0000e+00 -6.0000e+01 -7.6029e+00
0.0000e+00 -5.0000e+01 -8.7593e+00
0.0000e+00 -4.0000e+01 -1.5608e+01
0.0000e+00 -3.0000e+01 -1.5243e+01
0.0000e+00 -2.0000e+01 -1.4391e+01
0.0000e+00 -1.0000e+01 -1.2425e+01
0.0000e+00 0.0000e+00 -1.3873e+01
0.0000e+00 1.0000e+01 -1.5661e+01
0.0000e+00 2.0000e+01 -1.3697e+01
0.0000e+00 3.0000e+01 -1.5074e+01
0.0000e+00 4.0000e+01 -1.0726e+01
0.0000e+00 5.0000e+01 -1.1712e+01
0.0000e+00 6.0000e+01 -7.7369e+00
0.0000e+00 7.0000e+01 -7.2161e+00
0.0000e+00 8.0000e+01 -6.5366e+00
0.0000e+00 9.0000e+01 -3.3239e+00
0.0000e+00 1.0000e+02 -9.6990e-01
0.0000e+00 1.1000e+02 -4.0774e+00
0.0000e+00 1.2000e+02 -1.5787e+00
0.0000e+00 1.3000e+02 -2.6669e+00
0.0000e+00 1.4000e+02 7.2726e-01
0.0000e+00 1.5000e+02 -1.8420e+00
0.0000e+00 1.6000e+02 -9.0210e-01
0.0000e+00 1.7000e+02 -5.9463e-01
0.0000e+00 1.8000e+02 6.4857e-01
0.0000e+00 1.9000e+02 -2.6301e-01
0.0000e+00 2.0000e+02 1.8078e+00
1.0000e+01 -2.0000e+02 4.6116e-01
1.0000e+01 -1.9000e+02 3.1463e-01
1.0000e+01 -1.8000e+02 -1.2553e+00
1.0000e+01 -1.7000e+02 1.3208e+00
1.0000e+01 -1.6000e+02 -3.4729e+00
1.0000e+01 -1.5000e+02 -1.1819e+00
1.0000e+01 -1.4000e+02 -5.2921e-01
1.0000e+01 -1.3000e+02 6.9447e-01
1.0000e+01 -1.2000e+02 -1.5592e+00
1.0000e+01 -1.1000e+02 -1.7629e-01
1.0000e+01 -1.0000e+02 -3.3984e+00
1.0000e+01 -9.0000e+01 -2.0940e+00
1.0000e+01 -8.0000e+01 -5.4344e+00
1.0000e+01 -7.0000e+01 -4.3607e+00
1.0000e+01 -6.0000e+01 -5.6282e+00
1.0000e+01 -5.0000e+01 -9.7704e+00
1.0000e+01 -4.0000e+01 -1.1891e+01
1.0000e+01 -3.0000e+01 -1.3021e+01
1.0000e+01 -2.0000e+01 -1.3869e+01
1.0000e+01 -1.0000e+01 -1.6049e+01
1.0000e+01 0.0000e+00 -1.3978e+01
1.0000e+01 1.0000e+01 -1.5601e+01
1.0000e+01 2.0000e+01 -1.3288e+01
1.0000e+01 3.0000e+01 -1.4188e+01
1.0000e+01 4.0000e+01 -9.7771e+00
1.0000e+01 5.0000e+01 -8.6881e+00
1.0000e+01 6.0000e+01 -6.3251e+00
1.0000e+01 7.0000e+01 -6.4452e+00
1.0000e+01 8.0000e+01 -5.0099e+00
1.0000e+01 9.0000e+01 -4.1667e+00
1.0000e+01 1.0000e+02 -2.6114e+00
1.0000e+01 1.1000e+02 -1.7360e+00
1.0000e+01 1.2000e+02 -2.2101e+00
1.0000e+01 1.3000e+02 -4.1153e+00
1.0000e+01 1.4000e+02 1.9006e+00
1.0000e+01 1.5000e+02 -1.6228e+00
1.0000e+01 1.6000e+02 -1.2696e+00
1.0000e+01 1.7000e+02 -8.8484e-01
1.0000e+01 1.8000e+02 -4.0086e-01
1.0000e+01 1.9000e+02 4.8053e-01
1.0000e+01 2.0000e+02 1.1581e+00
2.0000e+01 -2.0000e+02 -1.9126e+00
2.0000e+01 -1.9000e+02 9.0982e-01
2.0000e+01 -1.8000e+02 6.2784e-01
2.0000e+01 -1.7000e+02 -8.5221e-01
2.0000e+01 -1.6000e+02 -7.6781e-01
2.0000e+01 -1.5000e+02 -6.5872e-01
2.0000e+01 -1.4000e+02 -3.5640e+00
2.0000e+01 -1.3000e+02 -3.4767e+00
2.0000e+01 -1.2000e+02 1.7361e+00
2.0000e+01 -1.1000e+02 -3.4897e+00
2.0000e+01 -1.0000e+02 -2.8719e+00
2.0000e+01 -9.0000e+01 -3.7819e+00
2.0000e+01 -8.0000e+01 -4.5972e+00
2.0000e+01 -7.0000e+01 -9.8071e+00
2.0000e+01 -6.0000e+01 -8.2066e+00
2.0000e+01 -5.0000e+01 -1.2553e+01
2.0000e+01 -4.0000e+01 -1.1067e+01
2.0000e+01 -3.0000e+01 -1.2466e+01
2.0000e+01 -2.0000e+01 -1.1682e+01
2.0000e+01 -1.0000e+01 -1.3190e+01
2.0000e+01 0.0000e+00 -1.3637e+01
2.0000e+01 1.0000e+01 -1.3375e+01
2.0000e+01 2.0000e+01 -1.3443e+01
2.0000e+01 3.0000e+01 -1.1345e+01
2.0000e+01 4.0000e+01 -1.1285e+01
2.0000e+01 5.0000e+01 -1.0944e+01
2.0000e+01 6.0000e+01 -6.3841e+00
2.0000e+01 7.0000e+01 -5.1913e+00
2.0000e+01 8.0000e+01 -5.7414e+00
2.0000e+01 9.0000e+01 -3.8410e+00
2.0000e+01 1.0000e+02 -4.0586e+00
2.0000e+01 1.1000e+02 -3.1895e+00
2.0000e+01 1.2000e+02 -1.8965e+00
2.0000e+01 1.3000e+02 -9.0296e-01
2.0000e+01 1.4000e+02 -1.4775e+00
2.0000e+01 1.5000e+02 4.4265e+00
2.0000e+01 1.6000e+02 -8.6243e-01
2.0000e+01 1.7000e+02 -1.6626e+00
2.0000e+01 1.8000e+02 5.2614e-01
2.0000e+01 1.9000e+02 -1.7395e-01
2.0000e+01 2.0000e+02 3.1714e+00
3.0000e+01 -2.0000e+02 -5.0123e-01
3.0000e+01 -1.9000e+02 1.3935e+00
3.0000e+01 -1.8000e+02 -1.1496e-01
3.0000e+01 -1.7000e+02 -3.5302e+00
3.0000e+01 -1.6000e+02 3.9550e-01
3.0000e+01 -1.5000e+02 -2.2990e+00
3.0000e+01 -1.4000e+02 5.7127e-01
3.0000e+01 -1.3000e+02 -5.3143e-01
3.0000e+01 -1.2000e+02 -3.1039e+00
3.0000e+01 -1.1000e+02 -1.9252e+00
3.0000e+01 -1.0000e+02 -2.3195e+00
3.0000e+01 -9.0000e+01 -5.0795e+00
3.0000e+01 -8.0000e+01 -4.4551e+00
3.0000e+01 -7.0000e+01 -7.6371e+00
3.0000e+01 -6.0000e+01 -5.9404e+00
3.0000e+01 -5.0000e+01 -8.8990e+00
3.0000e+01 -4.0000e+01 -1.1195e+01
3.0000e+01 -3.0000e+01 -1.2078e+01
3.0000e+01 -2.0000e+01 -1.0914e+01
3.0000e+01 -1.0000e+01 -8.9303e+00
3.0000e+01 0.0000e+00 -1.2200e+01
3.0000e+01 1.0000e+01 -1.4498e+01
3.0000e+01 2.0000e+01 -1.4057e+01
3.0000e+01 3.0000e+01 -1.0553e+01
3.0000e+01 4.0000e+01 -9.6945e+00
3.0000e+01 5.0000e+01 -6.8096e+00
3.0000e+01 6.0000e+01 -6.6930e+00
3.0000e+01 7.0000e+01 -6.3244e+00
3.0000e+01 8.0000e+01 -6.4231e+00
3.0000e+01 9.0000e+01 -4.5993e+00
3.0000e+01 1.0000e+02 -3.4632e+00
3.0000e+01 1.1000e+02 -1.2371e+00
3.0000e+01 1.2000e+02 -1.2039e+00
3.0000e+01 1.3000e+02 -2.2411e+00
3.0000e+01 1.4000e+02 4.3158e-01
3.0000e+01 1.5000e+02 -1.5447e+00
3.0000e+01 1.6000e+02 -5.3344e-01
3.0000e+01 1.7000e+02 2.1459e-01
3.0000e+01 1.8000e+02 -3.5364e+00
3.0000e+01 1.9000e+02 -7.5457e-01
3.0000e+01 2.0000e+02 -2.6550e+00
4.0000e+01 -2.0000e+02 7.5975e-01
4.0000e+01 -1.9000e+02 1.6976e-01
4.0000e+01 -1.8000e+02 7.4374e-01
4.0000e+01 -1.7000e+02 -3.9071e-01
4.0000e+01 -1.6000e+02 -8.4762e-01
4.0000e+01 -1.5000e+02 9.2933e-01
4.0000e+01 -1.4000e+02 -1.8068e+00
4.0000e+01 -1.3000e+02 3.9363e-01
4.0000e+01 -1.2000e+02 3.5709e-01
4.0000e+01 -1.1000e+02 2.1764e-01
4.0000e+01 -1.0000e+02 -5.4403e-01
4.0000e+01 -9.0000e+01 -1.7056e+00
4.0000e+01 -8.0000e+01 -2.4401e+00
4.0000e+01 -7.0000e+01 -3.8144e+00
4.0000e+01 -6.0000e+01 -4.7125e+00
4.0000e+01 -5.0000e+01 -6.8910e+00
4.0000e+01 -4.0000e+01 -7.6719e+00
4.0000e+01 -3.0000e+01 -1.1647e+01
4.0000e+01 -2.0000e+01 -1.2902e+01
4.0000e+01 -1.0000e+01 -1.4250e+01
4.0000e+01 0.0000e+00 -9.0034e+00
4.0000e+01 1.0000e+01 -1.2582e+01
4.0000e+01 2.0000e+01 -1.0049e+01
4.0000e+01 3.0000e+01 -1.1754e+01
4.0000e+01 4.0000e+01 -9.5034e+00
4.0000e+01 5.0000e+01 -9.6767e+00
4.0000e+01 6.0000e+01 -8.3577e+00
4.0000e+01 7.0000e+01 -6.6325e+00
4.0000e+01 8.0000e+01 -4.4614e+00
4.0000e+01 9.0000e+01 -4.4718e+00
4.0000e+01 1.0000e+02 -4.0899e+00
4.0000e+01 1.1000e+02 -1.1303e+00
4.0000e+01 1.2000e+02 1.8295e+00
4.0000e+01 1.3000e+02 -2.9366e+00
4.0000e+01 1.4000e+02 1.0919e+00
4.0000e+01 1.5000e+02 -3.6413e+00
4.0000e+01 1.6000e+02 -7.1244e-01
4.0000e+01 1.7000e+02 8.3448e-01
4.0000e+01 1.8000e+02 -8.2416e-01
4.0000e+01 1.9000e+02 2.5132e+00
4.0000e+01 2.0000e+02 1.4803e+00
5.0000e+01 -2.0000e+02 2.5262e+00
5.0000e+01 -1.9000e+02 8.9830e-01
5.0000e+01 -1.8000e+02 3.8156e-01
5.0000e+01 -1.7000e+02 -1.7079e-01
5.0000e+01 -1.6000e+02 4.5693e-01
5.0000e+01 -1.5000e+02 -1.4519e+00
5.0000e+01 -1.4000e+02 -2.6854e+00
5.0000e+01 -1.3000e+02 -3.3673e-02
5.0000e+01 -1.2000e+02 -2.8876e+00
5.0000e+01 -1.1000e+02 -1.1097e+00
5.0000e+01 -1.0000e+02 -3.2245e+00
5.0000e+01 -9.0000e+01 -1.8749e+00
5.0000e+01 -8.0000e+01 -3.2641e+00
5.0000e+01 -7.0000e+01 -4.4158e+00
5.0000e+01 -6.0000e+01 -6.1426e+00
5.0000e+01 -5.0000e+01 -7.3869e+00
5.0000e+01 -4.0000e+01 -9.6166e+00
5.0000e+01 -3.0000e+01 -7.6281e+00
5.0000e+01 -2.0000e+01 -9.6568e+00
5.0000e+01 -1.0000e+01 -1.0123e+01
5.0000e+01 0.0000e+00 -6.4202e+00
5.0000e+01 1.0000e+01 -1.0954e+01
5.0000e+01 2.0000e+01 -8.7368e+00
5.0000e+01 3.0000e+01 -1.0406e+01
5.0000e+01 4.0000e+01 -9.7180e+00
5.0000e+01 5.0000e+01 -5.3933e+00
5.0000e+01 6.0000e+01 -7.2491e+00
5.0000e+01 7.0000e+01 -3.8073e+00
5.0000e+01 8.0000e+01 -5.3088e+00
5.0000e+01 9.0000e+01 -8.9940e-01
5.0000e+01 1.0000e+02 -2.3789e+00
5.0000e+01 1.1000e+02 -5.7809e+00
5.0000e+01 1.2000e+02 -1.9882e+00
5.0000e+01 1.3000e+02 7.1709e-01
5.0000e+01 1.4000e+02 3.5881e+00
5.0000e+01 1.5000e+02 2.6955e+00
5.0000e+01 1.6000e+02 -3.3077e+00
5.0000e+01 1.7000e+02 -2.0247e+00
5.0000e+01 1.8000e+02 1.5142e+00
5.0000e+01 1.9000e+02 1.8675e+00
5.0000e+01 2.0000e+02 1.1857e+00
6.0000e+01 -2.0000e+02 5.1465e-01
6.0000e+01 -1.9000e+02 1.4980e+00
6.0000e+01 -1.8000e+02 1.3173e+00
6.0000e+01 -1.7000e+02 -9.8321e-01
6.0000e+01 -1.6000e+02 8.5798e-01
6.0000e+01 -1.5000e+02 1.0852e+00
6.0000e+01 -1.4000e+02 1.4242e-02
6.0000e+01 -1.3000e+02 3.2194e+00
6.0000e+01 -1.2000e+02 -3.1565e+00
6.0000e+01 -1.1000e+02 -7.2965e-01
6.0000e+01 -1.0000e+02 -1.8475e+00
6.0000e+01 -9.0000e+01 -5.3129e-01
6.0000e+01 -8.0000e+01 -4.8798e+00
6.0000e+01 -7.0000e+01 -3.5094e+00
6.0000e+01 -6.0000e+01 -5.5853e+00
6.0000e+01 -5.0000e+01 -5.6417e+00
6.0000e+01 -4.0000e+01 -2.9404e+00
6.0000e+01 -3.0000e+01 -6.5348e+00
6.0000e+01 -2.0000e+01 -7.9892e+00
6.0000e+01 -1.0000e+01 -7.0691e+00
6.0000e+01 0.0000e+00 -5.4923e+00
6.0000e+01 1.0000e+01 -6.3273e+00
6.0000e+01 2.0000e+01 -8.2116e+00
6.0000e+01 3.0000e+01 -6.3799e+00
6.0000e+01 4.0000e+01 -6.3244e+00
6.0000e+01 5.0000e+01 -5.9684e+00
6.0000e+01 6.0000e+01 -7.2553e+00
6.0000e+01 7.0000e+01 -5.6372e+00
6.0000e+01 8.0000e+01 -3.5003e+00
6.0000e+01 9.0000e+01 -4.3590e+00
6.0000e+01 1.0000e+02 -8.2488e-01
6.0000e+01 1.1000e+02 -1.7420e+00
6.0000e+01 1.2000e+02 -2.5097e+00
6.0000e+01 1.3000e+02 -2.6187e+00
6.0000e+01 1.4000e+02 -3.5273e+00
6.0000e+01 1.5000e+02 -9.7846e-01
6.0000e+01 1.6000e+02 -7.6476e-01
6.0000e+01 1.7000e+02 1.5342e-02
6.0000e+01 1.8000e+02 -9.3049e-01
6.0000e+01 1.9000e+02 -1.3291e+00
6.0000e+01 2.0000e+02 -6.4487e-01
7.0000e+01 -2.0000e+02 2.6230e+00
7.0000e+01 -1.9000e+02 2.7090e-01
7.0000e+01 -1.8000e+02 2.5700e-01
7.0000e+01 -1.7000e+02 1.3796e+00
7.0000e+01 -1.6000e+02 -1.1828e+00
7.0000e+01 -1.5000e+02 1.2036e+00
7.0000e+01 -1.4000e+02 6.5176e-01
7.0000e+01 -1.3000e+02 2.0219e+00
7.0000e+01 -1.2000e+02 1.5474e+00
7.0000e+01 -1.1000e+02 1.7289e-01
7.0000e+01 -1.0000e+02 -4.1165e+00
7.0000e+01 -9.0000e+01 -3.4181e+00
7.0000e+01 -8.0000e+01 -2.8049e+00
7.0000e+01 -7.0000e+01 -3.5889e+00
7.0000e+01 -6.0000e+01 -2.7111e+00
7.0000e+01 -5.0000e+01 -2.1533e+00
7.0000e+01 -4.0000e+01 -5.5534e+00
7.0000e+01 -3.0000e+01 -6.2630e+00
7.0000e+01 -2.0000e+01 -9.2860e+00
7.0000e+01 -1.0000e+01 -7.0722e+00
7.0000e+01 0.0000e+00 -8.1982e+00
7.0000e+01 1.0000e+01 -7.1815e+00
7.0000e+01 2.0000e+01 -6.6643e+00
7.0000e+01 3.0000e+01 -6.0200e+00
7.0000e+01 4.0000e+01 -4.0732e+00
7.0000e+01 5.0000e+01 -3.2296e+00
7.0000e+01 6.0000e+01 -7.6078e+00
7.0000e+01 7.0000e+01 -6.8891e+00
7.0000e+01 8.0000e+01 -2.9489e+00
7.0000e+01 9.0000e+01 -1.4649e+00
7.0000e+01 1.0000e+02 -1.7789e+00
7.0000e+01 1.1000e+02 -1.8987e+00
7.0000e+01 1.2000e+02 -2.4257e-01
7.0000e+01 1.3000e+02 2.3673e+00
7.0000e+01 1.4000e+02 5.4370e-01
7.0000e+01 1.5000e+02 -1.3607e+00
7.0000e+01 1.6000e+02 -2.7818e+00
7.0000e+01 1.7000e+02 -1.0769e+00
7.0000e+01 1.8000e+02 -1.1201e+00
7.0000e+01 1.9000e+02 -6.1659e-01
7.0000e+01 2.0000e+02 1.4104e+00
8.0000e+01 -2.0000e+02 -6.2468e-01
8.0000e+01 -1.9000e+02 -1.3410e+00
8.0000e+01 -1.8000e+02 6.7675e-01
8.0000e+01 -1.7000e+02 -3.7712e-01
8.0000e+01 -1.6000e+02 -1.0929e+00
8.0000e+01 -1.5000e+02 -4.9464e-02
8.0000e+01 -1.4000e+02 -1.6873e+00
8.0000e+01 -1.3000e+02 1.3425e+00
8.0000e+01 -1.2000e+02 -1.7478e+00
8.0000e+01 -1.1000e+02 -8.7279e-01
8.0000e+01 -1.0000e+02 1.0194e-03
8.0000e+01 -9.0000e+01 -4.0620e-01
8.0000e+01 -8.0000e+01 -1.9913e+00
8.0000e+01 -7.0000e+01 -4.0677e+00
8.0000e+01 -6.0000e+01 -2.1793e+00
8.0000e+01 -5.0000e+01 -4.6007e+00
8.0000e+01 -4.0000e+01 -5.5811e+00
8.0000e+01 -3.0000e+01 -7.7391e+00
8.0000e+01 -2.0000e+01 -8.5673e+00
8.0000e+01 -1.0000e+01 -6.6791e+00
8.0000e+01 0.0000e+00 -5.8216e+00
8.0000e+01 1.0000e+01 -5.2380e+00
8.0000e+01 2.0000e+01 -4.9790e+00
8.0000e+01 3.0000e+01 -1.9261e+00
8.0000e+01 4.0000e+01 -3.8918e+00
8.0000e+01 5.0000e+01 -5.1046e+00
8.0000e+01 6.0000e+01 -2.8841e+00
8.0000e+01 7.0000e+01 -4.3862e+00
8.0000e+01 8.0000e+01 -3.0630e+00
8.0000e+01 9.0000e+01 8.6824e-01
8.0000e+01 1.0000e+02 4.2925e-01
8.0000e+01 1.1000e+02 -4.0998e-01
8.0000e+01 1.2000e+02 -2.5102e-01
8.0000e+01 1.3000e+02 -1.6772e+00
8.0000e+01 1.4000e+02 -4.3398e-02
8.0000e+01 1.5000e+02 -1.2718e+00
8.0000e+01 1.6000e+02 -1.1940e+00
8.0000e+01 1.7000e+02 2.6728e+00
8.0000e+01 1.8000e+02 -1.0041e+00
8.0000e+01 1.9000e+02 -2.4890e+00
8.0000e+01 2.0000e+02 2.2671e+00
9.0000e+01 -2.0000e+02 5.4494e-01
9.0000e+01 -1.9000e+02 -2.0192e+00
9.0000e+01 -1.8000e+02 2.0739e+00
9.0000e+01 -1.7000e+02 1.0059e+00
9.0000e+01 -1.6000e+02 -8.1744e-01
9.0000e+01 -1.5000e+02 -3.2755e+00
9.0000e+01 -1.4000e+02 -1.4621e-01
9.0000e+01 -1.3000e+02 5.2616e-01
9.0000e+01 -1.2000e+02 -2.7656e+00
9.0000e+01 -1.1000e+02 4.4132e-01
9.0000e+01 -1.0000e+02 2.2262e-01
9.0000e+01 -9.0000e+01 -1.3578e+00
9.0000e+01 -8.0000e+01 -4.4041e-02
9.0000e+01 -7.0000e+01 -2.7891e+00
9.0000e+01 -6.0000e+01 -4.8031e+00
9.0000e+01 -5.0000e+01 3.8900e-01
9.0000e+01 -4.0000e+01 -3.2602e+00
9.0000e+01 -3.0000e+01 -4.1029e+00
9.0000e+01 -2.0000e+01 -3.3571e+00
9.0000e+01 -1.0000e+01 -6.5134e+00
9.0000e+01 0.0000e+00 -4.0704e+00
9.0000e+01 1.0000e+01 -4.7868e+00
9.0000e+01 2.0000e+01 -2.2698e+00
9.0000e+01 3.0000e+01 -4.4311e+00
9.0000e+01 4.0000e+01 -4.6419e+00
9.0000e+01 5.0000e+01 -7.1047e-01
9.0000e+01 6.0000e+01 -9.3208e-01
9.0000e+01 7.0000e+01 -3.8545e-01
9.0000e+01 8.0000e+01 -2.3759e+00
9.0000e+01 9.0000e+01 -9.0890e-01
9.0000e+01 1.0000e+02 -9.1620e-01
9.0000e+01 1.1000e+02 -7.1519e-01
9.0000e+01 1.2000e+02 -1.4623e+00
9.0000e+01 1.3000e+02 -2.2750e+00
9.0000e+01 1.4000e+02 1.0201e+00
9.0000e+01 1.5000e+02 -1.1343e-02
9.0000e+01 1.6000e+02 7.4820e-01
9.0000e+01 1.7000e+02 -1.0837e+00
9.0000e+01 1.8000e+02 -1.3429e+00
9.0000e+01 1.9000e+02 -9.9225e-01
9.0000e+01 2.0000e+02 -2.4711e+00
1.0000e+02 -2.0000e+02 -2.4103e-01
1.0000e+02 -1.9000e+02 -2.3235e+00
1.0000e+02 -1.8000e+02 5.1768e-01
1.0000e+02 -1.7000e+02 2.3625e+00
1.0000e+02 -1.6000e+02 2.0037e+00
1.0000e+02 -1.5000e+02 1.2213e+00
1.0000e+02 -1.4000e+02 -1.6489e+00
1.0000e+02 -1.3000e+02 3.7701e-02
1.0000e+02 -1.2000e+02 3.0197e+00
1.0000e+02 -1.1000e+02 -2.6545e+00
1.0000e+02 -1.0000e+02 3.6801e-01
1.0000e+02 -9.0000e+01 7.0978e-02
1.0000e+02 -8.0000e+01 -3.3272e+00
1.0000e+02 -7.0000e+01 -1.8532e+00
1.0000e+02 -6.0000e+01 -2.6243e+00
1.0000e+02 -5.0000e+01 -5.9318e-02
1.0000e+02 -4.0000e+01 -4.4906e+00
1.0000e+02 -3.0000e+01 -2.0673e+00
1.0000e+02 -2.0000e+01 -4.1782e+00
1.0000e+02 -1.0000e+01 -1.3898e-01
1.0000e+02 0.0000e+00 -2.3818e+00
1.0000e+02 1.0000e+01 -1.8421e+00
1.0000e+02 2.0000e+01 -2.7264e+00
1.0000e+02 3.0000e+01 -7.4045e+00
1.0000e+02 4.0000e+01 -3.9427e+00
1.0000e+02 5.0000e+01 -1.8421e+00
1.0000e+02 6.0000e+01 -3.4311e+00
1.0000e+02 7.0000e+01 -2.1131e+00
1.0000e+02 8.0000e+01 -1.7805e+00
1.0000e+02 9.0000e+01 3.0604e-01
1.0000e+02 1.0000e+02 1.0772e+00
1.0000e+02 1.1000e+02 -3.5022e-01
1.0000e+02 1.2000e+02 -6.4969e-01
1.0000e+02 1.3000e+02 2.5130e-01
1.0000e+02 1.4000e+02 1.1987e+00
1.0000e+02 1.5000e+02 -2.2499e-01
1.0000e+02 1.6000e+02 1.7192e-01
1.0000e+02 1.7000e+02 -1.7254e+00
1.0000e+02 1.8000e+02 -1.9293e-01
1.0000e+02 1.9000e+02 -2.4613e+00
1.0000e+02 2.0000e+02 -2.7117e+00
1.1000e+02 -2.0000e+02 -2.3059e+00
1.1000e+02 -1.9000e+02 2.5759e+00
1.1000e+02 -1.8000e+02 -6.9906e-01
1.1000e+02 -1.7000e+02 -1.7421e-01
1.1000e+02 -1.6000e+02 -5.4724e-01
1.1000e+02 -1.5000e+02 6.9351e-01
1.1000e+02 -1.4000e+02 -2.4041e-01
1.1000e+02 -1.3000e+02 -9.4157e-01
1.1000e+02 -1.2000e+02 8.6966e-01
1.1000e+02 -1.1000e+02 2.4246e+00
1.1000e+02 -1.0000e+02 -7.2056e-01
1.1000e+02 -9.0000e+01 -1.3493e+00
1.1000e+02 -8.0000e+01 -1.4384e+00
1.1000e+02 -7.0000e+01 -2.6765e+00
1.1000e+02 -6.0000e+01 -1.0862e+00
1.1000e+02 -5.0000e+01 -3.0725e+00
1.1000e+02 -4.0000e+01 6.3761e-01
1.1000e+02 -3.0000e+01 -1.0729e+00
1.1000e+02 -2.0000e+01 8.1493e-01
1.1000e+02 -1.0000e+01 -6.0001e+00
1.1000e+02 0.0000e+00 -1.1259e+00
1.1000e+02 1.0000e+01 -4.3406e+00
1.1000e+02 2.0000e+01 -1.3213e+00
1.1000e+02 3.0000e+01 -2.0615e+00
1.1000e+02 4.0000e+01 -2.4037e+00
1.1000e+02 5.0000e+01 -1.0106e+00
1.1000e+02 6.0000e+01 -1.0370e+00
1.1000e+02 7.0000e+01 -6.6461e-01
1.1000e+02 8.0000e+01 -1.4454e+00
1.1000e+02 9.0000e+01 -1.7769e+00
1.1000e+02 1.0000e+02 -1.2053e+00
1.1000e+02 1.1000e+02 -2.1716e+00
1.1000e+02 1.2000e+02 1.2158e+00
1.1000e+02 1.3000e+02 7.2742e-01
1.1000e+02 1.4000e+02 3.3658e+00
1.1000e+02 1.5000e+02 -2.3481e-01
1.1000e+02 1.6000e+02 1.8391e+00
1.1000e+02 1.7000e+02 7.2471e-01
1.1000e+02 1.8000e+02 3.2080e-01
1.1000e+02 1.9000e+02 1.2307e-01
1.1000e+02 2.0000e+02 -7.5584e-02
1.2000e+02 -2.0000e+02 7.7778e-01
1.2000e+02 -1.9000e+02 1.7908e-03
1.2000e+02 -1.8000e+02 1.2870e+00
1.2000e+02 -1.7000e+02 -1.1645e+00
1.2000e+02 -1.6000e+02 2.1967e-01
1.2000e+02 -1.5000e+02 -1.1643e+00
1.2000e+02 -1.4000e+02 1.8875e+00
1.2000e+02 -1.3000e+02 1.1457e+00
1.2000e+02 -1.2000e+02 -5.1186e-01
1.2000e+02 -1.1000e+02 -7.7988e-01
1.2000e+02 -1.0000e+02 1.0012e+00
1.2000e+02 -9.0000e+01 -3.5890e-01
1.2000e+02 -8.0000e+01 2.5735e-02
1.2000e+02 -7.0000e+01 -4.8243e-01
1.2000e+02 -6.0000e+01 -1.0059e+00
1.2000e+02 -5.0000e+01 -2.7035e-01
1.2000e+02 -4.0000e+01 3.2828e-01
1.2000e+02 -3.0000e+01 -2.2920e+00
1.2000e+02 -2.0000e+01 -2.2710e+00
1.2000e+02 -1.0000e+01 -1.7254e+00
1.2000e+02 0.0000e+00 1.6109e-02
1.2000e+02 1.0000e+01 -2.0386e+00
1.2000e+02 2.0000e+01 4.7041e-01
1.2000e+02 3.0000e+01 -3.7572e+00
1.2000e+02 4.0000e+01 -8.3503e-01
1.2000e+02 5.0000e+01 -6.3094e-01
1.2000e+02 6.0000e+01 -1.6982e+00
1.2000e+02 7.0000e+01 -1.7096e+00
1.2000e+02 8.0000e+01 -2.1738e+00
1.2000e+02 9.0000e+01 1.0564e+00
1.2000e+02 1.0000e+02 2.0116e-01
1.2000e+02 1.1000e+02 -1.9046e+00
1.2000e+02 1.2000e+02 -3.4947e+00
1.2000e+02 1.3000e+02 1.4736e+00
1.2000e+02 1.4000e+02 4.0607e-01
1.2000e+02 1.5000e+02 8.5089e-01
1.2000e+02 1.6000e+02 7.6194e-01
1.2000e+02 1.7000e+02 -9.1543e-01
1.2000e+02 1.8000e+02 -1.8080e-01
1.2000e+02 1.9000e+02 1.7863e+00
1.2000e+02 2.0000e+02 5.7891e-01
1.3000e+02 -2.0000e+02 -4.0926e+00
1.3000e+02 -1.9000e+02 -4.1817e-01
1.3000e+02 -1.8000e+02 -1.6169e+00
1.3000e+02 -1.7000e+02 -7.4496e-01
1.3000e+02 -1.6000e+02 -1.3370e+00
1.3000e+02 -1.5000e+02 1.3446e+00
1.3000e+02 -1.4000e+02 8.1297e-01
1.3000e+02 -1.3000e+02 5.3312e-01
1.3000e+02 -1.2000e+02 -5.3388e-01
1.3000e+02 -1.1000e+02 2.3510e-01
1.3000e+02 -1.0000e+02 -2.6424e+00
1.3000e+02 -9.0000e+01 -4.7028e-02
1.3000e+02 -8.0000e+01 1.2459e+00
1.3000e+02 -7.0000e+01 -7.1359e-01
1.3000e+02 -6.0000e+01 -1.5165e+00
1.3000e+02 -5.0000e+01 -6.1478e-01
1.3000e+02 -4.0000e+01 -5.6871e-01
1.3000e+02 -3.0000e+01 1.9858e+00
1.3000e+02 -2.0000e+01 -1.6547e+00
1.3000e+02 -1.0000e+01 2.1895e+00
1.3000e+02 0.0000e+00 -1.1420e+00
1.3000e+02 1.0000e+01 -8.5641e-02
1.3000e+02 2.0000e+01 -1.6724e+00
1.3000e+02 3.0000e+01 -5.6832e-02
1.3000e+02 4.0000e+01 1.4721e+00
1.3000e+02 5.0000e+01 -9.5462e-01
1.3000e+02 6.0000e+01 9.2051e-01
1.3000e+02 7.0000e+01 2.9287e+00
1.3000e+02 8.0000e+01 -8.2465e-01
1.3000e+02 9.0000e+01 3.7147e-03
1.3000e+02 1.0000e+02 6.2732e-01
1.3000e+02 1.1000e+02 7.1953e-01
1.3000e+02 1.2000e+02 -1.9904e+00
1.3000e+02 1.3000e+02 -5.1066e-01
1.3000e+02 1.4000e+02 -6.7508e-01
1.3000e+02 1.5000e+02 5.8200e-01
1.3000e+02 1.6000e+02 2.4394e+00
1.3000e+02 1.7000e+02 1.7950e+00
1.3000e+02 1.8000e+02 5.7609e-01
1.3000e+02 1.9000e+02 1.5949e+00
1.3000e+02 2.0000e+02 1.2278e+00
1.4000e+02 -2.0000e+02 2.1970e+00
1.4000e+02 -1.9000e+02 2.5804e-01
1.4000e+02 -1.8000e+02 2.8417e+00
1.4000e+02 -1.7000e+02 7.1265e-01
1.4000e+02 -1.6000e+02 1.8262e+00
1.4000e+02 -1.5000e+02 -7.9606e-01
1.4000e+02 -1.4000e+02 3.4579e+00
1.4000e+02 -1.3000e+02 3.3097e+00
1.4000e+02 -1.2000e+02 1.3248e+00
1.4000e+02 -1.1000e+02 2.3259e+00
1.4000e+02 -1.0000e+02 3.2402e+00
1.4000e+02 -9.0000e+01 -4.2112e+00
1.4000e+02 -8.0000e+01 -1.0937e+00
1.4000e+02 -7.0000e+01 -5.9376e-01
1.4000e+02 -6.0000e+01 3.6070e-01
1.4000e+02 -5.0000e+01 8.1551e-01
1.4000e+02 -4.0000e+01 -3.1059e+00
1.4000e+02 -3.0000e+01 -2.5269e+00
1.4000e+02 -2.0000e+01 -1.8704e+00
1.4000e+02 -1.0000e+01 6.8433e-01
1.4000e+02 0.0000e+00 -1.9210e+00
1.4000e+02 1.0000e+01 -4.1274e+00
1.4000e+02 2.0000e+01 1.5931e+00
1.4000e+02 3.0000e+01 1.8493e+00
1.4000e+02 4.0000e+01 1.7148e-01
1.4000e+02 5.0000e+01 -4.5316e-01
1.4000e+02 6.0000e+01 -8.4955e-01
1.4000e+02 7.0000e+01 -1.5632e+00
1.4000e+02 8.0000e+01 3.4608e+00
1.4000e+02 9.0000e+01 1.7909e+00
1.4000e+02 1.0000e+02 -2.3334e+00
1.4000e+02 1.1000e+02 3.1213e-01
1.4000e+02 1.2000e+02 9.1351e-01
1.4000e+02 1.3000e+02 1.2991e+00
1.4000e+02 1.4000e+02 -1.3618e+00
1.4000e+02 1.5000e+02 -1.3496e+00
1.4000e+02 1.6000e+02 -1.4319e-01
1.4000e+02 1.7000e+02 -4.6421e-01
1.4000e+02 1.8000e+02 -5.0138e-01
1.4000e+02 1.9000e+02 1.1582e+00
1.4000e+02 2.0000e+02 -8.2063e-01
1.5000e+02 -2.0000e+02 9.1767e-02
1.5000e+02 -1.9000e+02 -2.8600e-01
1.5000e+02 -1.8000e+02 5.9519e-01
1.5000e+02 -1.7000e+02 -9.2993e-01
1.5000e+02 -1.6000e+02 -3.1785e+00
1.5000e+02 -1.5000e+02 3.8306e+00
1.5000e+02 -1.4000e+02 7.8429e-01
1.5000e+02 -1.3000e+02 -1.1145e+00
1.5000e+02 -1.2000e+02 1.3202e+00
1.5000e+02 -1.1000e+02 -1.5662e-02
1.5000e+02 -1.0000e+02 -7.5705e-01
1.5000e+02 -9.0000e+01 9.1231e-01
1.5000e+02 -8.0000e+01 -2.1380e+00
1.5000e+02 -7.0000e+01 -1.9834e+00
1.5000e+02 -6.0000e+01 -1.1385e+00
1.5000e+02 -5.0000e+01 -2.2143e+00
1.5000e+02 -4.0000e+01 1.8172e+00
1.5000e+02 -3.0000e+01 -1.4610e+00
1.5000e+02 -2.0000e+01 -2.3653e+00
1.5000e+02 -1.0000e+01 1.6755e+00
1.5000e+02 0.0000e+00 -2.1363e+00
1.5000e+02 1.0000e+01 6.3385e-01
1.5000e+02 2.0000e+01 -9.7652e-01
1.5000e+02 3.0000e+01 4.8285e-02
1.5000e+02 4.0000e+01 -1.2346e+00
1.5000e+02 5.0000e+01 1.2175e+00
1.5000e+02 6.0000e+01 -1.4171e+00
1.5000e+02 7.0000e+01 -2.9960e+00
1.5000e+02 8.0000e+01 -1.4210e-01
1.5000e+02 9.0000e+01 1.4973e+00
1.5000e+02 1.0000e+02 1.4814e+00
1.5000e+02 1.1000e+02 1.0970e+00
1.5000e+02 1.2000e+02 1.6341e-01
1.5000e+02 1.3000e+02 1.3964e+00
1.5000e+02 1.4000e+02 -8.9370e-01
1.5000e+02 1.5000e+02 2.5951e+00
1.5000e+02 1.6000e+02 -2.0608e+00
1.5000e+02 1.7000e+02 9.5533e-01
1.5000e+02 1.8000e+02 3.2138e-02
1.5000e+02 1.9000e+02 -2.2121e-01
1.5000e+02 2.0000e+02 -1.8635e+00
1.6000e+02 -2.0000e+02 2.1846e-02
1.6000e+02 -1.9000e+02 1.0041e+00
1.6000e+02 -1.8000e+02 -3.5097e-01
1.6000e+02 -1.7000e+02 -6.0923e-01
1.6000e+02 -1.6000e+02 -2.4157e-01
1.6000e+02 -1.5000e+02 -2.1277e+00
1.6000e+02 -1.4000e+02 2.2202e+00
1.6000e+02 -1.3000e+02 -1.2412e+00
1.6000e+02 -1.2000e+02 1.9725e-01
1.6000e+02 -1.1000e+02 -1.7632e+00
1.6000e+02 -1.0000e+02 -5.6629e-01
1.6000e+02 -9.0000e+01 -1.6013e+00
1.6000e+02 -8.0000e+01 1.2918e+00
1.6000e+02 -7.0000e+01 -2.6628e+00
1.6000e+02 -6.0000e+01 -2.3018e-01
1.6000e+02 -5.0000e+01 2.3587e+00
1.6000e+02 -4.0000e+01 2.0958e+00
1.6000e+02 -3.0000e+01 -2.0368e-02
1.6000e+02 -2.0000e+01 2.3437e+00
1.6000e+02 -1.0000e+01 -1.3777e+00
1.6000e+02 0.0000e+00 -8.8305e-01
1.6000e+02 1.0000e+01 -3.0433e+00
1.6000e+02 2.0000e+01 -9.6664e-01
1.6000e+02 3.0000e+01 -6.0824e-01
1.6000e+02 4.0000e+01 1.5471e+00
1.6000e+02 5.0000e+01 -2.7718e+00
1.6000e+02 6.0000e+01 -1.7092e+00
1.6000e+02 7.0000e+01 8.5057e-02
1.6000e+02 8.0000e+01 -3.5465e-01
1.6000e+02 9.0000e+01 -1.8158e-01
1.6000e+02 1.0000e+02 2.7412e+00
1.6000e+02 1.1000e+02 -2.9260e-01
1.6000e+02 1.2000e+02 -3.0522e+00
1.6000e+02 1.3000e+02 6.9521e-01
1.6000e+02 1.4000e+02 -1.7068e+00
1.6000e+02 1.5000e+02 1.7336e-01
1.6000e+02 1.6000e+02 -7.8317e-01
1.6000e+02 1.7000e+02 5.6850e-01
1.6000e+02 1.8000e+02 2.7258e+00
1.6000e+02 1.9000e+02 1.2516e+00
1.6000e+02 2.0000e+02 2.9231e+00
1.7000e+02 -2.0000e+02 1.3300e+00
1.7000e+02 -1.9000e+02 1.6652e-01
1.7000e+02 -1.8000e+02 1.9056e+00
1.7000e+02 -1.7000e+02 7.3057e-01
1.7000e+02 -1.6000e+02 4.5032e-01
1.7000e+02 -1.5000e+02 1.9971e+00
1.7000e+02 -1.4000e+02 3.4406e-01
1.7000e+02 -1.3000e+02 -3.9096e-01
1.7000e+02 -1.2000e+02 2.0265e-01
1.7000e+02 -1.1000e+02 1.5123e+00
1.7000e+02 -1.0000e+02 -5.8131e-01
1.7000e+02 -9.0000e+01 -2.5968e+00
1.7000e+02 -8.0000e+01 -3.9354e-01
1.7000e+02 -7.0000e+01 5.6604e-02
1.7000e+02 -6.0000e+01 -1.1596e+00
1.7000e+02 -5.0000e+01 1.8850e+00
1.7000e+02 -4.0000e+01 -1.7997e+00
1.7000e+02 -3.0000e+01 -8.0121e-01
1.7000e+02 -2.0000e+01 -1.2045e+00
1.7000e+02 -1.0000e+01 1.3369e+00
1.7000e+02 0.0000e+00 9.9541e-01
1.7000e+02 1.0000e+01 -1.1096e+00
1.7000e+02 2.0000e+01 -2.3150e+00
1.7000e+02 3.0000e+01 9.3702e-03
1.7000e+02 4.0000e+01 -1.3902e+00
1.7000e+02 5.0000e+01 -7.3228e-01
1.7000e+02 6.0000e+01 -1.5109e+00
1.7000e+02 7.0000e+01 6.4497e-01
1.7000e+02 8.0000e+01 -8.4220e-01
1.7000e+02 9.0000e+01 1.6196e-01
1.7000e+02 1.0000e+02 5.9757e-01
1.7000e+02 1.1000e+02 -1.5152e+00
1.7000e+02 1.2000e+02 -1.6908e+00
1.7000e+02 1.3000e+02 -4.0030e-01
1.7000e+02 1.4000e+02 1.4216e-02
1.7000e+02 1.5000e+02 -2.3706e+00
1.7000e+02 1.6000e+02 -4.7009e-01
1.7000e+02 1.7000e+02 -4.4748e-02
1.7000e+02 1.8000e+02 2.6659e-01
1.7000e+02 1.9000e+02 -3.1198e+00
1.7000e+02 2.0000e+02 -1.5481e-01
1.8000e+02 -2.0000e+02 2.3727e+00
1.8000e+02 -1.9000e+02 1.5040e+00
1.8000e+02 -1.8000e+02 1.6265e+00
1.8000e+02 -1.7000e+02 -1.3897e+00
1.8000e+02 -1.6000e+02 -2.8897e+00
1.8000e+02 -1.5000e+02 2.2858e+00
1.8000e+02 -1.4000e+02 -1.2485e+00
1.8000e+02 -1.3000e+02 1.2071e+00
1.8000e+02 -1.2000e+02 4.6423e+00
1.8000e+02 -1.1000e+02 -2.7658e+00
1.8000e+02 -1.0000e+02 -4.2363e-02
1.8000e+02 -9.0000e+01 -1.0851e+00
1.8000e+02 -8.0000e+01 2.6303e+00
1.8000e+02 -7.0000e+01 -1.8965e+00
1.8000e+02 -6.0000e+01 3.0532e+00
1.8000e+02 -5.0000e+01 -1.3264e+00
1.8000e+02 -4.0000e+01 1.0967e+00
1.8000e+02 -3.0000e+01 -1.4159e+00
1.8000e+02 -2.0000e+01 1.6583e+00
1.8000e+02 -1.0000e+01 -6.6689e-01
1.8000e+02 0.0000e+00 6.8681e-02
1.8000e+02 1.0000e+01 -7.7256e-01
1.8000e+02 2.0000e+01 1.8845e+00
1.8000e+02 3.0000e+01 -3.0331e+00
1.8000e+02 4.0000e+01 -1.1884e+00
1.8000e+02 5.0000e+01 4.3684e-02
1.8000e+02 6.0000e+01 4.2974e-02
1.8000e+02 7.0000e+01 -2.4538e+00
1.8000e+02 8.0000e+01 -1.1931e+00
1.8000e+02 9.0000e+01 7.0333e-01
1.8000e+02 1.0000e+02 1.8479e+00
1.8000e+02 1.1000e+02 -2.5323e+00
1.8000e+02 1.2000e+02 -1.4132e+00
1.8000e+02 1.3000e+02 -4.8244e-01
1.8000e+02 1.4000e+02 4.6282e-01
1.8000e+02 1.5000e+02 -1.4051e+00
1.8000e+02 1.6000e+02 1.7039e+00
1.8000e+02 1.7000e+02 1.3828e+00
1.8000e+02 1.8000e+02 -2.8007e+00
1.8000e+02 1.9000e+02 6.3933e-01
1.8000e+02 2.0000e+02 1.0398e+00
1.9000e+02 -2.0000e+02 5.5892e-01
1.9000e+02 -1.9000e+02 -2.7613e+00
1.9000e+02 -1.8000e+02 2.5699e+00
1.9000e+02 -1.7000e+02 -2.2599e+00
1.9000e+02 -1.6000e+02 3.1198e-01
1.9000e+02 -1.5000e+02 5.9652e-01
1.9000e+02 -1.4000e+02 3.6361e-03
1.9000e+02 -1.3000e+02 -4.8800e-01
1.9000e+02 -1.2000e+02 -2.2434e-02
1.9000e+02 -1.1000e+02 -2.2952e+00
1.9000e+02 -1.0000e+02 -3.0114e+00
1.9000e+02 -9.0000e+01 -6.9929e-03
1.9000e+02 -8.0000e+01 -1.0895e+00
1.9000e+02 -7.0000e+01 -2.7004e+00
1.9000e+02 -6.0000e+01 -1.2243e+00
1.9000e+02 -5.0000e+01 9.2533e-01
1.9000e+02 -4.0000e+01 -1.1830e+00
1.9000e+02 -3.0000e+01 3.0414e-02
1.9000e+02 -2.0000e+01 -7.4888e-01
1.9000e+02 -1.0000e+01 -2.8100e-01
1.9000e+02 0.0000e+00 -8.1832e-01
1.9000e+02 1.0000e+01 2.7070e+00
1.9000e+02 2.0000e+01 -3.3952e+00
1.9000e+02 3.0000e+01 -4.6213e-01
1.9000e+02 4.0000e+01 2.3215e-01
1.9000e+02 5.0000e+01 1.9235e+00
1.9000e+02 6.0000e+01 8.4763e-01
1.9000e+02 7.0000e+01 -2.0216e+00
1.9000e+02 8.0000e+01 -1.8910e+00
1.9000e+02 9.0000e+01 2.3595e-01
1.9000e+02 1.0000e+02 1.6354e+00
1.9000e+02 1.1000e+02 1.6235e+00
1.9000e+02 1.2000e+02 -1.0758e+00
1.9000e+02 1.3000e+02 1.8717e-01
1.9000e+02 1.4000e+02 -2.7010e+00
1.9000e+02 1.5000e+02 -2.6539e+00
1.9000e+02 1.6000e+02 -1.0214e-01
1.9000e+02 1.7000e+02 2.7261e-01
1.9000e+02 1.8000e+02 2.3559e-01
1.9000e+02 1.9000e+02 -2.6838e-01
1.9000e+02 2.0000e+02 -1.8927e+00
2.0000e+02 -2.0000e+02 1.4714e+00
2.0000e+02 -1.9000e+02 1.0775e+00
2.0000e+02 -1.8000e+02 1.5661e+00
2.0000e+02 -1.7000e+02 -5.7192e-01
2.0000e+02 -1.6000e+02 8.5673e-02
2.0000e+02 -1.5000e+02 1.2639e+00
2.0000e+02 -1.4000e+02 1.5363e+00
2.0000e+02 -1.3000e+02 -1.9334e+00
2.0000e+02 -1.2000e+02 -9.2314e-01
2.0000e+02 -1.1000e+02 2.8866e-01
2.0000e+02 -1.0000e+02 1.6967e+00
2.0000e+02 -9.0000e+01 -1.6499e+00
2.0000e+02 -8.0000e+01 -1.1105e+00
2.0000e+02 -7.0000e+01 6.5760e-02
2.0000e+02 -6.0000e+01 -2.6256e-02
2.0000e+02 -5.0000e+01 -2.0565e-01
2.0000e+02 -4.0000e+01 4.9969e-01
2.0000e+02 -3.0000e+01 1.5685e+00
2.0000e+02 -2.0000e+01 -4.1554e-01
2.0000e+02 -1.0000e+01 6.4017e-01
2.0000e+02 0.0000e+00 -1.2328e+00
2.0000e+02 1.0000e+01 -1.6145e+00
2.0000e+02 2.0000e+01 1.3725e+00
2.0000e+02 3.0000e+01 2.9052e+00
2.0000e+02 4.0000e+01 -4.4025e-01
2.0000e+02 5.0000e+01 -6.6974e-01
2.0000e+02 6.0000e+01 1.6283e+00
2.0000e+02 7.0000e+01 1.1776e+00
2.0000e+02 8.0000e+01 -1.1942e+00
2.0000e+02 9.0000e+01 1.2760e+00
2.0000e+02 1.0000e+02 -3.6580e-01
2.0000e+02 1.1000e+02 3.0394e+00
2.0000e+02 1.2000e+02 -7.0132e-01
2.0000e+02 1.3000e+02 -1.1370e+00
2.0000e+02 1.4000e+02 1.5259e+00
2.0000e+02 1.5000e+02 -3.7316e+00
2.0000e+02 1.6000e+02 -8.6331e-01
2.0000e+02 1.7000e+02 -1.9020e+00
2.0000e+02 1.8000e+02 -1.9893e-02
2.0000e+02 1.9000e+02 4.1670e-02
2.0000e+02 2.0000e+02 -1.5120e+00
