-2.0000e+02 -2.0000e+02 -4.9783e-02
-2.0000e+02 -1.9000e+02 -3.6615e-02
-2.0000e+02 -1.8000e+02 1.0499e+00
-2.0000e+02 -1.7000e+02 -2.6581e+00
-2.0000e+02 -1.6000e+02 -2.2637e-01
-2.0000e+02 -1.5000e+02 1.4507e+00
-2.0000e+02 -1.4000e+02 1.3344e+00
-2.0000e+02 -1.3000e+02 5.9736e-01
-2.0000e+02 -1.2000e+02 5.5912e-01
-2.0000e+02 -1.1000e+02 -1.1662e-01
-2.0000e+02 -1.0000e+02 -6.8760e-01
-2.0000e+02 -9.0000e+01 -1.3571e+00
-2.0000e+02 -8.0000e+01 7.7625e-02
-2.0000e+02 -7.0000e+01 -1.1071e+00
-2.0000e+02 -6.0000e+01 -3.5917e-01
-2.0000e+02 -5.0000e+01 2.9101e-01
-2.0000e+02 -4.0000e+01 2.3534e+00
-2.0000e+02 -3.0000e+01 -2.3506e+00
-2.0000e+02 -2.0000e+01 3.1111e-01
-2.0000e+02 -1.0000e+01 2.6045e-01
-2.0000e+02 0.0000e+00 5.5988e-02
-2.0000e+02 1.0000e+01 -2.6275e+00
-2.0000e+02 2.0000e+01 -1.1900e+00
-2.0000e+02 3.0000e+01 -1.0615e-01
-2.0000e+02 4.0000e+01 4.0600e-01
-2.0000e+02 5.0000e+01 1.9384e+00
-2.0000e+02 6.0000e+01 5.1514e-01
-2.0000e+02 7.0000e+01 9.4440e-01
-2.0000e+02 8.0000e+01 1.1009e+00
-2.0000e+02 9.0000e+01 -1.5028e+00
-2.0000e+02 1.0000e+02 -6.3656e-01
-2.0000e+02 1.1000e+02 -1.0929e+00
-2.0000e+02 1.2000e+02 4.8700e-01
-2.0000e+02 1.3000e+02 -7.2627e-01
-2.0000e+02 1.4000e+02 -8.5066e-01
-2.0000e+02 1.5000e+02 4.4215e-01
-2.0000e+02 1.6000e+02 -1.3801e+00
-2.0000e+02 1.7000e+02 4.7080e+00
-2.0000e+02 1.8000e+02 -2.3758e+00
-2.0000e+02 1.9000e+02 2.0849e+00
-2.0000e+02 2.0000e+02 3.6066e+00
-1.9000e+02 -2.0000e+02 -1.5058e+00
-1.9000e+02 -1.9000e+02 3.5260e-01
-1.9000e+02 -1.8000e+02 4.3226e-01
-1.9000e+02 -1.7000e+02 2.4542e+00
-1.9000e+02 -1.6000e+02 8.8239e-02
-1.9000e+02 -1.5000e+02 4.0238e-01
-1.9000e+02 -1.4000e+02 -2.1560e-01
-1.9000e+02 -1.3000e+02 1.5041e+00
-1.9000e+02 -1.2000e+02 1.6682e+00
-1.9000e+02 -1.1000e+02 -4.8386e-01
-1.9000e+02 -1.0000e+02 -2.7602e+00
-1.9000e+02 -9.0000e+01 -1.0308e+00
-1.9000e+02 -8.0000e+01 -4.0140e-01
-1.9000e+02 -7.0000e+01 -8.3019e-02
-1.9000e+02 -6.0000e+01 1.2176e+00
-1.9000e+02 -5.0000e+01 -1.7589e+00
-1.9000e+02 -4.0000e+01 1.0588e+00
-1.9000e+02 -3.0000e+01 9.9162e-01
-1.9000e+02 -2.0000e+01 9.6381e-02
-1.9000e+02 -1.0000e+01 1.4858e+00
-1.9000e+02 0.0000e+00 2.3513e-01
-1.9000e+02 1.0000e+01 1.7856e+00
-1.9000e+02 2.0000e+01 -2.6508e-01
-1.9000e+02 3.0000e+01 -2.8359e+00
-1.9000e+02 4.0000e+01 -1.5610e+00
-1.9000e+02 5.0000e+01 4.7074e-01
-1.9000e+02 6.0000e+01 8.9328e-02
-1.9000e+02 7.0000e+01 1.6231e+00
-1.9000e+02 8.0000e+01 2.6899e-01
-1.9000e+02 9.0000e+01 -1.3346e+00
-1.9000e+02 1.0000e+02 -1.4493e+00
-1.9000e+02 1.1000e+02 1.5130e+00
-1.9000e+02 1.2000e+02 1.0096e+00
-1.9000e+02 1.3000e+02 1.2187e+00
-1.9000e+02 1.4000e+02 2.0602e+00
-1.9000e+02 1.5000e+02 3.2044e-01
-1.9000e+02 1.6000e+02 -7.9852e-01
-1.9000e+02 1.7000e+02 1.8427e-01
-1.9000e+02 1.8000e+02 -1.8630e+00
-1.9000e+02 1.9000e+02 5.5571e-01
-1.9000e+02 2.0000e+02 5.7211e-01
-1.8000e+02 -2.0000e+02 1.2285e+00
-1.8000e+02 -1.9000e+02 -1.0231e+00
-1.8000e+02 -1.8000e+02 -5.6929e-01
-1.8000e+02 -1.7000e+02 -1.0234e+00
-1.8000e+02 -1.6000e+02 4.6046e+00
-1.8000e+02 -1.5000e+02 -2.3411e+00
-1.8000e+02 -1.4000e+02 2.2727e+00
-1.8000e+02 -1.3000e+02 -5.1215e-01
-1.8000e+02 -1.2000e+02 -1.0696e+00
-1.8000e+02 -1.1000e+02 -1.3234e+00
-1.8000e+02 -1.0000e+02 2.0719e+00
-1.8000e+02 -9.0000e+01 -2.2000e+00
-1.8000e+02 -8.0000e+01 -9.8863e-01
-1.8000e+02 -7.0000e+01 6.7671e-01
-1.8000e+02 -6.0000e+01 -1.1951e+00
-1.8000e+02 -5.0000e+01 -9.3505e-01
-1.8000e+02 -4.0000e+01 1.8780e+00
-1.8000e+02 -3.0000e+01 -1.0334e+00
-1.8000e+02 -2.0000e+01 -1.4181e+00
-1.8000e+02 -1.0000e+01 2.6712e-01
-1.8000e+02 0.0000e+00 -1.7566e+00
-1.8000e+02 1.0000e+01 1.1650e+00
-1.8000e+02 2.0000e+01 3.9081e-01
-1.8000e+02 3.0000e+01 -2.7298e+00
-1.8000e+02 4.0000e+01 -6.3634e-01
-1.8000e+02 5.0000e+01 -1.3558e+00
-1.8000e+02 6.0000e+01 -1.1949e+00
-1.8000e+02 7.0000e+01 -7.9849e-01
-1.8000e+02 8.0000e+01 2.8833e+00
-1.8000e+02 9.0000e+01 -4.7782e-01
-1.8000e+02 1.0000e+02 5.6354e-01
-1.8000e+02 1.1000e+02 -3.0474e+00
-1.8000e+02 1.2000e+02 2.1840e+00
-1.8000e+02 1.3000e+02 1.6441e+00
-1.8000e+02 1.4000e+02 -3.7301e-01
-1.8000e+02 1.5000e+02 1.6397e+00
-1.8000e+02 1.6000e+02 -1.4058e+00
-1.8000e+02 1.7000e+02 1.0698e+00
-1.8000e+02 1.8000e+02 3.5272e-01
-1.8000e+02 1.9000e+02 1.3047e+00
-1.8000e+02 2.0000e+02 -5.4812e-01
-1.7000e+02 -2.0000e+02 -6.9209e-01
-1.7000e+02 -1.9000e+02 -1.9895e+00
-1.7000e+02 -1.8000e+02 -2.1646e+00
-1.7000e+02 -1.7000e+02 -8.7662e-02
-1.7000e+02 -1.6000e+02 -3.3847e-01
-1.7000e+02 -1.5000e+02 -2.4585e-01
-1.7000e+02 -1.4000e+02 -1.1126e+00
-1.7000e+02 -1.3000e+02 1.1169e+00
-1.7000e+02 -1.2000e+02 -1.6446e+00
-1.7000e+02 -1.1000e+02 -8.8302e-01
-1.7000e+02 -1.0000e+02 5.8122e-01
-1.7000e+02 -9.0000e+01 -3.1265e-01
-1.7000e+02 -8.0000e+01 -2.4508e+00
-1.7000e+02 -7.0000e+01 -2.8384e+00
-1.7000e+02 -6.0000e+01 9.6423e-01
-1.7000e+02 -5.0000e+01 5.3605e-03
-1.7000e+02 -4.0000e+01 4.7333e-01
-1.7000e+02 -3.0000e+01 1.0064e+00
-1.7000e+02 -2.0000e+01 -1.0972e-01
-1.7000e+02 -1.0000e+01 -8.0463e-01
-1.7000e+02 0.0000e+00 -4.1134e+00
-1.7000e+02 1.0000e+01 2.2779e-01
-1.7000e+02 2.0000e+01 6.1493e-02
-1.7000e+02 3.0000e+01 2.3191e+00
-1.7000e+02 4.0000e+01 1.2198e+00
-1.7000e+02 5.0000e+01 -9.4414e-01
-1.7000e+02 6.0000e+01 3.6220e-01
-1.7000e+02 7.0000e+01 1.9925e+00
-1.7000e+02 8.0000e+01 7.5719e-01
-1.7000e+02 9.0000e+01 -6.7161e-01
-1.7000e+02 1.0000e+02 1.3701e-01
-1.7000e+02 1.1000e+02 -1.0482e+00
-1.7000e+02 1.2000e+02 1.4881e+00
-1.7000e+02 1.3000e+02 1.5039e+00
-1.7000e+02 1.4000e+02 2.0956e+00
-1.7000e+02 1.5000e+02 -9.3878e-01
-1.7000e+02 1.6000e+02 2.2297e+00
-1.7000e+02 1.7000e+02 1.1749e+00
-1.7000e+02 1.8000e+02 6.7474e-01
-1.7000e+02 1.9000e+02 1.6227e-01
-1.7000e+02 2.0000e+02 -4.5093e-01
-1.6000e+02 -2.0000e+02 8.2426e-02
-1.6000e+02 -1.9000e+02 -8.0065e-01
-1.6000e+02 -1.8000e+02 4.0666e+00
-1.6000e+02 -1.7000e+02 -3.5788e-01
-1.6000e+02 -1.6000e+02 -5.0609e-01
-1.6000e+02 -1.5000e+02 -8.3048e-01
-1.6000e+02 -1.4000e+02 1.1437e+00
-1.6000e+02 -1.3000e+02 1.5991e+00
-1.6000e+02 -1.2000e+02 -7.1577e-01
-1.6000e+02 -1.1000e+02 1.4176e+00
-1.6000e+02 -1.0000e+02 1.0827e+00
-1.6000e+02 -9.0000e+01 -5.5678e-01
-1.6000e+02 -8.0000e+01 -1.9136e+00
-1.6000e+02 -7.0000e+01 -5.4762e-01
-1.6000e+02 -6.0000e+01 -9.8775e-02
-1.6000e+02 -5.0000e+01 -2.0169e+00
-1.6000e+02 -4.0000e+01 1.0929e+00
-1.6000e+02 -3.0000e+01 -2.0715e+00
-1.6000e+02 -2.0000e+01 -1.3320e+00
-1.6000e+02 -1.0000e+01 -3.0864e+00
-1.6000e+02 0.0000e+00 5.0422e-01
-1.6000e+02 1.0000e+01 -1.2169e+00
-1.6000e+02 2.0000e+01 6.8102e-01
-1.6000e+02 3.0000e+01 -4.8886e-01
-1.6000e+02 4.0000e+01 -2.1028e+00
-1.6000e+02 5.0000e+01 5.3299e-01
-1.6000e+02 6.0000e+01 3.1770e+00
-1.6000e+02 7.0000e+01 8.6731e-01
-1.6000e+02 8.0000e+01 2.5138e-01
-1.6000e+02 9.0000e+01 -5.1117e-02
-1.6000e+02 1.0000e+02 -1.5272e+00
-1.6000e+02 1.1000e+02 2.9824e+00
-1.6000e+02 1.2000e+02 -4.1857e-01
-1.6000e+02 1.3000e+02 1.2243e+00
-1.6000e+02 1.4000e+02 -1.1110e+00
-1.6000e+02 1.5000e+02 -1.4659e+00
-1.6000e+02 1.6000e+02 -8.9403e-01
-1.6000e+02 1.7000e+02 2.2055e+00
-1.6000e+02 1.8000e+02 3.9484e-01
-1.6000e+02 1.9000e+02 -3.8402e-01
-1.6000e+02 2.0000e+02 4.4909e-01
-1.5000e+02 -2.0000e+02 -2.3506e-01
-1.5000e+02 -1.9000e+02 1.4435e-01
-1.5000e+02 -1.8000e+02 1.3764e+00
-1.5000e+02 -1.7000e+02 -8.3107e-01
-1.5000e+02 -1.6000e+02 1.8393e+00
-1.5000e+02 -1.5000e+02 -2.9164e+00
-1.5000e+02 -1.4000e+02 -5.1768e-01
-1.5000e+02 -1.3000e+02 5.1947e-01
-1.5000e+02 -1.2000e+02 6.4528e-01
-1.5000e+02 -1.1000e+02 1.7347e-02
-1.5000e+02 -1.0000e+02 -4.6203e-02
-1.5000e+02 -9.0000e+01 -3.5843e-01
-1.5000e+02 -8.0000e+01 -1.6439e-01
-1.5000e+02 -7.0000e+01 2.9575e-01
-1.5000e+02 -6.0000e+01 4.8640e-01
-1.5000e+02 -5.0000e+01 4.0082e+00
-1.5000e+02 -4.0000e+01 1.6176e+00
-1.5000e+02 -3.0000e+01 9.9200e-01
-1.5000e+02 -2.0000e+01 -1.9312e+00
-1.5000e+02 -1.0000e+01 -1.2534e+00
-1.5000e+02 0.0000e+00 2.1515e-01
-1.5000e+02 1.0000e+01 -1.3062e-01
-1.5000e+02 2.0000e+01 -1.4917e+00
-1.5000e+02 3.0000e+01 -5.6399e-01
-1.5000e+02 4.0000e+01 -2.3071e+00
-1.5000e+02 5.0000e+01 1.4748e+00
-1.5000e+02 6.0000e+01 1.9818e+00
-1.5000e+02 7.0000e+01 -1.0973e+00
-1.5000e+02 8.0000e+01 9.3831e-01
-1.5000e+02 9.0000e+01 -1.8772e+00
-1.5000e+02 1.0000e+02 -2.5272e+00
-1.5000e+02 1.1000e+02 2.3895e-01
-1.5000e+02 1.2000e+02 3.2036e-01
-1.5000e+02 1.3000e+02 1.3133e+00
-1.5000e+02 1.4000e+02 -1.2189e+00
-1.5000e+02 1.5000e+02 2.9959e-01
-1.5000e+02 1.6000e+02 -1.9675e-01
-1.5000e+02 1.7000e+02 1.1874e+00
-1.5000e+02 1.8000e+02 2.4705e+00
-1.5000e+02 1.9000e+02 3.9997e-01
-1.5000e+02 2.0000e+02 1.5264e+00
-1.4000e+02 -2.0000e+02 -1.3220e-01
-1.4000e+02 -1.9000e+02 5.6140e-01
-1.4000e+02 -1.8000e+02 1.1512e+00
-1.4000e+02 -1.7000e+02 -9.6652e-01
-1.4000e+02 -1.6000e+02 2.8709e+00
-1.4000e+02 -1.5000e+02 1.8521e+00
-1.4000e+02 -1.4000e+02 9.3098e-01
-1.4000e+02 -1.3000e+02 1.3493e+00
-1.4000e+02 -1.2000e+02 3.7801e-01
-1.4000e+02 -1.1000e+02 1.6234e+00
-1.4000e+02 -1.0000e+02 -1.7631e+00
-1.4000e+02 -9.0000e+01 1.4972e+00
-1.4000e+02 -8.0000e+01 -6.5841e-02
-1.4000e+02 -7.0000e+01 2.1600e-01
-1.4000e+02 -6.0000e+01 1.7598e+00
-1.4000e+02 -5.0000e+01 -2.0982e+00
-1.4000e+02 -4.0000e+01 -3.6997e-01
-1.4000e+02 -3.0000e+01 -2.9144e+00
-1.4000e+02 -2.0000e+01 -3.9233e-01
-1.4000e+02 -1.0000e+01 1.3984e-01
-1.4000e+02 0.0000e+00 5.0599e-02
-1.4000e+02 1.0000e+01 -6.3515e-02
-1.4000e+02 2.0000e+01 -8.6091e-01
-1.4000e+02 3.0000e+01 -7.8139e-01
-1.4000e+02 4.0000e+01 1.2940e+00
-1.4000e+02 5.0000e+01 -9.8212e-01
-1.4000e+02 6.0000e+01 -3.8968e+00
-1.4000e+02 7.0000e+01 -2.3829e+00
-1.4000e+02 8.0000e+01 2.2647e+00
-1.4000e+02 9.0000e+01 1.0379e-01
-1.4000e+02 1.0000e+02 -2.9827e-01
-1.4000e+02 1.1000e+02 -2.2764e+00
-1.4000e+02 1.2000e+02 -1.8768e+00
-1.4000e+02 1.3000e+02 9.5594e-01
-1.4000e+02 1.4000e+02 3.4135e-01
-1.4000e+02 1.5000e+02 -8.3030e-03
-1.4000e+02 1.6000e+02 -1.2602e+00
-1.4000e+02 1.7000e+02 -1.4365e+00
-1.4000e+02 1.8000e+02 2.3263e+00
-1.4000e+02 1.9000e+02 6.3365e-01
-1.4000e+02 2.0000e+02 -4.6125e-01
-1.3000e+02 -2.0000e+02 -6.0869e-01
-1.3000e+02 -1.9000e+02 -6.9493e-01
-1.3000e+02 -1.8000e+02 2.5142e-01
-1.3000e+02 -1.7000e+02 -8.2165e-01
-1.3000e+02 -1.6000e+02 1.7010e+00
-1.3000e+02 -1.5000e+02 -6.8576e-01
-1.3000e+02 -1.4000e+02 -1.2301e+00
-1.3000e+02 -1.3000e+02 2.6618e+00
-1.3000e+02 -1.2000e+02 -1.4228e+00
-1.3000e+02 -1.1000e+02 7.5362e-02
-1.3000e+02 -1.0000e+02 -2.5179e+00
-1.3000e+02 -9.0000e+01 -1.3003e+00
-1.3000e+02 -8.0000e+01 -1.2966e+00
-1.3000e+02 -7.0000e+01 1.6878e+00
-1.3000e+02 -6.0000e+01 -1.8008e+00
-1.3000e+02 -5.0000e+01 6.4892e-01
-1.3000e+02 -4.0000e+01 -1.3026e+00
-1.3000e+02 -3.0000e+01 -1.3199e+00
-1.3000e+02 -2.0000e+01 -1.9550e+00
-1.3000e+02 -1.0000e+01 1.7198e+00
-1.3000e+02 0.0000e+00 -5.3718e-01
-1.3000e+02 1.0000e+01 -1.1443e+00
-1.3000e+02 2.0000e+01 -2.5602e+00
-1.3000e+02 3.0000e+01 -2.3788e-01
-1.3000e+02 4.0000e+01 -1.0940e+00
-1.3000e+02 5.0000e+01 -1.9658e+00
-1.3000e+02 6.0000e+01 -3.5292e+00
-1.3000e+02 7.0000e+01 1.5296e+00
-1.3000e+02 8.0000e+01 3.0134e+00
-1.3000e+02 9.0000e+01 -2.1365e-01
-1.3000e+02 1.0000e+02 -9.5614e-01
-1.3000e+02 1.1000e+02 -4.8718e-01
-1.3000e+02 1.2000e+02 -7.9083e-01
-1.3000e+02 1.3000e+02 4.7820e-01
-1.3000e+02 1.4000e+02 2.4063e+00
-1.3000e+02 1.5000e+02 2.4327e+00
-1.3000e+02 1.6000e+02 -4.2776e+00
-1.3000e+02 1.7000e+02 -1.4624e+00
-1.3000e+02 1.8000e+02 7.1336e-01
-1.3000e+02 1.9000e+02 -1.2133e+00
-1.3000e+02 2.0000e+02 -1.7362e+00
-1.2000e+02 -2.0000e+02 -9.4186e-01
-1.2000e+02 -1.9000e+02 -3.8012e+00
-1.2000e+02 -1.8000e+02 -8.3275e-01
-1.2000e+02 -1.7000e+02 7.1763e-01
-1.2000e+02 -1.6000e+02 -8.1837e-02
-1.2000e+02 -1.5000e+02 2.2693e+00
-1.2000e+02 -1.4000e+02 1.1041e+00
-1.2000e+02 -1.3000e+02 5.0537e-02
-1.2000e+02 -1.2000e+02 -2.9827e+00
-1.2000e+02 -1.1000e+02 3.8990e-01
-1.2000e+02 -1.0000e+02 -1.1563e-01
-1.2000e+02 -9.0000e+01 1.5185e+00
-1.2000e+02 -8.0000e+01 -2.2910e+00
-1.2000e+02 -7.0000e+01 8.1343e-01
-1.2000e+02 -6.0000e+01 -2.5337e+00
-1.2000e+02 -5.0000e+01 -1.5517e+00
-1.2000e+02 -4.0000e+01 -7.2228e-01
-1.2000e+02 -3.0000e+01 -1.9796e-01
-1.2000e+02 -2.0000e+01 -5.5219e-01
-1.2000e+02 -1.0000e+01 -1.5275e+00
-1.2000e+02 0.0000e+00 -1.9237e+00
-1.2000e+02 1.0000e+01 -1.0662e+00
-1.2000e+02 2.0000e+01 -2.8810e+00
-1.2000e+02 3.0000e+01 -1.3670e+00
-1.2000e+02 4.0000e+01 -1.1254e+00
-1.2000e+02 5.0000e+01 -4.4957e-01
-1.2000e+02 6.0000e+01 -3.6786e+00
-1.2000e+02 7.0000e+01 -1.5997e+00
-1.2000e+02 8.0000e+01 2.0173e+00
-1.2000e+02 9.0000e+01 7.6406e-01
-1.2000e+02 1.0000e+02 -1.0501e-01
-1.2000e+02 1.1000e+02 3.7604e-01
-1.2000e+02 1.2000e+02 -2.1117e+00
-1.2000e+02 1.3000e+02 -2.0347e+00
-1.2000e+02 1.4000e+02 -6.0467e-01
-1.2000e+02 1.5000e+02 1.2309e+00
-1.2000e+02 1.6000e+02 2.5860e+00
-1.2000e+02 1.7000e+02 -1.5754e+00
-1.2000e+02 1.8000e+02 -1.3773e+00
-1.2000e+02 1.9000e+02 1.5436e+00
-1.2000e+02 2.0000e+02 -1.1370e+00
-1.1000e+02 -2.0000e+02 3.7972e-01
-1.1000e+02 -1.9000e+02 2.0135e+00
-1.1000e+02 -1.8000e+02 1.5142e+00
-1.1000e+02 -1.7000e+02 8.4679e-02
-1.1000e+02 -1.6000e+02 -3.8679e-01
-1.1000e+02 -1.5000e+02 -8.2937e-01
-1.1000e+02 -1.4000e+02 1.5799e+00
-1.1000e+02 -1.3000e+02 -1.8908e+00
-1.1000e+02 -1.2000e+02 -1.2952e+00
-1.1000e+02 -1.1000e+02 -1.4162e+00
-1.1000e+02 -1.0000e+02 -1.9281e+00
-1.1000e+02 -9.0000e+01 -3.5989e+00
-1.1000e+02 -8.0000e+01 -6.7042e-01
-1.1000e+02 -7.0000e+01 -2.2261e+00
-1.1000e+02 -6.0000e+01 5.0625e-01
-1.1000e+02 -5.0000e+01 -1.5978e+00
-1.1000e+02 -4.0000e+01 -1.3414e+00
-1.1000e+02 -3.0000e+01 -3.1960e+00
-1.1000e+02 -2.0000e+01 -3.5561e+00
-1.1000e+02 -1.0000e+01 -9.5763e-01
-1.1000e+02 0.0000e+00 -2.7436e+00
-1.1000e+02 1.0000e+01 -3.8861e+00
-1.1000e+02 2.0000e+01 -3.1488e-01
-1.1000e+02 3.0000e+01 -3.7743e+00
-1.1000e+02 4.0000e+01 3.4788e-01
-1.1000e+02 5.0000e+01 3.3658e-02
-1.1000e+02 6.0000e+01 -1.0927e+00
-1.1000e+02 7.0000e+01 -2.0820e+00
-1.1000e+02 8.0000e+01 -1.1786e+00
-1.1000e+02 9.0000e+01 -7.9309e-01
-1.1000e+02 1.0000e+02 -1.3078e+00
-1.1000e+02 1.1000e+02 -4.2435e-01
-1.1000e+02 1.2000e+02 -1.3097e+00
-1.1000e+02 1.3000e+02 -6.7708e-01
-1.1000e+02 1.4000e+02 -5.6609e-02
-1.1000e+02 1.5000e+02 -1.9308e+00
-1.1000e+02 1.6000e+02 1.3622e-01
-1.1000e+02 1.7000e+02 1.4190e+00
-1.1000e+02 1.8000e+02 -1.4975e+00
-1.1000e+02 1.9000e+02 -2.6464e+00
-1.1000e+02 2.0000e+02 -1.6239e-01
-1.0000e+02 -2.0000e+02 -3.7416e-01
-1.0000e+02 -1.9000e+02 -1.6875e-01
-1.0000e+02 -1.8000e+02 5.4538e-01
-1.0000e+02 -1.7000e+02 -9.1569e-01
-1.0000e+02 -1.6000e+02 -2.3678e+00
-1.0000e+02 -1.5000e+02 -2.5037e-01
-1.0000e+02 -1.4000e+02 -1.3051e+00
-1.0000e+02 -1.3000e+02 4.0410e+00
-1.0000e+02 -1.2000e+02 -6.4696e-02
-1.0000e+02 -1.1000e+02 -9.0796e-01
-1.0000e+02 -1.0000e+02 -2.1473e+00
-1.0000e+02 -9.0000e+01 -2.6975e+00
-1.0000e+02 -8.0000e+01 8.9047e-01
-1.0000e+02 -7.0000e+01 -1.4162e+00
-1.0000e+02 -6.0000e+01 6.1137e-01
-1.0000e+02 -5.0000e+01 1.2797e+00
-1.0000e+02 -4.0000e+01 -4.4616e-01
-1.0000e+02 -3.0000e+01 -4.0245e+00
-1.0000e+02 -2.0000e+01 -2.7783e+00
-1.0000e+02 -1.0000e+01 -4.6710e+00
-1.0000e+02 0.0000e+00 -5.7455e+00
-1.0000e+02 1.0000e+01 -3.7176e+00
-1.0000e+02 2.0000e+01 -3.4419e+00
-1.0000e+02 3.0000e+01 -2.2721e+00
-1.0000e+02 4.0000e+01 -4.1699e+00
-1.0000e+02 5.0000e+01 -3.0188e+00
-1.0000e+02 6.0000e+01 -4.7209e+00
-1.0000e+02 7.0000e+01 -1.8914e+00
-1.0000e+02 8.0000e+01 7.4308e-01
-1.0000e+02 9.0000e+01 -1.7188e+00
-1.0000e+02 1.0000e+02 -6.8693e-01
-1.0000e+02 1.1000e+02 1.8869e-01
-1.0000e+02 1.2000e+02 -1.8067e+00
-1.0000e+02 1.3000e+02 -1.1903e+00
-1.0000e+02 1.4000e+02 -2.3380e-02
-1.0000e+02 1.5000e+02 -9.9619e-01
-1.0000e+02 1.6000e+02 2.1629e+00
-1.0000e+02 1.7000e+02 -1.8388e+00
-1.0000e+02 1.8000e+02 2.7137e+00
-1.0000e+02 1.9000e+02 4.7209e-01
-1.0000e+02 2.0000e+02 3.2207e-01
-9.0000e+01 -2.0000e+02 -3.3254e-01
-9.0000e+01 -1.9000e+02 -1.4327e-01
-9.0000e+01 -1.8000e+02 2.5170e+00
-9.0000e+01 -1.7000e+02 -1.9123e+00
-9.0000e+01 -1.6000e+02 -1.2275e+00
-9.0000e+01 -1.5000e+02 2.3928e+00
-9.0000e+01 -1.4000e+02 1.9873e+00
-9.0000e+01 -1.3000e+02 1.9449e-01
-9.0000e+01 -1.2000e+02 -1.9977e+00
-9.0000e+01 -1.1000e+02 -1.2657e+00
-9.0000e+01 -1.0000e+02 -1.3561e+00
-9.0000e+01 -9.0000e+01 1.5556e-02
-9.0000e+01 -8.0000e+01 -1.4195e-01
-9.0000e+01 -7.0000e+01 -2.3347e+00
-9.0000e+01 -6.0000e+01 -4.0846e+00
-9.0000e+01 -5.0000e+01 -8.5685e-01
-9.0000e+01 -4.0000e+01 -9.6399e-01
-9.0000e+01 -3.0000e+01 -3.9084e+00
-9.0000e+01 -2.0000e+01 -3.2464e+00
-9.0000e+01 -1.0000e+01 -4.0830e+00
-9.0000e+01 0.0000e+00 -4.9345e+00
-9.0000e+01 1.0000e+01 -2.5992e+00
-9.0000e+01 2.0000e+01 -4.2696e+00
-9.0000e+01 3.0000e+01 -1.3003e+00
-9.0000e+01 4.0000e+01 -4.5518e+00
-9.0000e+01 5.0000e+01 -3.6001e+00
-9.0000e+01 6.0000e+01 -4.7210e+00
-9.0000e+01 7.0000e+01 -4.3589e-01
-9.0000e+01 8.0000e+01 -1.4340e+00
-9.0000e+01 9.0000e+01 3.5375e-01
-9.0000e+01 1.0000e+02 1.0811e-01
-9.0000e+01 1.1000e+02 -1.1703e+00
-9.0000e+01 1.2000e+02 1.1156e+00
-9.0000e+01 1.3000e+02 2.9336e+00
-9.0000e+01 1.4000e+02 -2.9785e+00
-9.0000e+01 1.5000e+02 2.5089e-01
-9.0000e+01 1.6000e+02 1.6771e-01
-9.0000e+01 1.7000e+02 -2.6802e-01
-9.0000e+01 1.8000e+02 3.8772e-01
-9.0000e+01 1.9000e+02 -1.0273e-01
-9.0000e+01 2.0000e+02 2.6001e+00
-8.0000e+01 -2.0000e+02 9.8264e-01
-8.0000e+01 -1.9000e+02 5.1032e-01
-8.0000e+01 -1.8000e+02 -3.1822e+00
-8.0000e+01 -1.7000e+02 -5.5276e-01
-8.0000e+01 -1.6000e+02 -1.3086e+00
-8.0000e+01 -1.5000e+02 1.3910e+00
-8.0000e+01 -1.4000e+02 6.7681e-01
-8.0000e+01 -1.3000e+02 -2.2967e+00
-8.0000e+01 -1.2000e+02 -7.3704e-01
-8.0000e+01 -1.1000e+02 -3.6341e+00
-8.0000e+01 -1.0000e+02 -1.0393e+00
-8.0000e+01 -9.0000e+01 -1.4349e+00
-8.0000e+01 -8.0000e+01 -2.2436e+00
-8.0000e+01 -7.0000e+01 -2.8587e+00
-8.0000e+01 -6.0000e+01 -5.2460e+00
-8.0000e+01 -5.0000e+01 -2.9430e+00
-8.0000e+01 -4.0000e+01 -2.6425e+00
-8.0000e+01 -3.0000e+01 -4.8396e+00
-8.0000e+01 -2.0000e+01 -5.1789e+00
-8.0000e+01 -1.0000e+01 -5.5985e+00
-8.0000e+01 0.0000e+00 -6.1359e+00
-8.0000e+01 1.0000e+01 -4.4042e+00
-8.0000e+01 2.0000e+01 -3.8369e+00
-8.0000e+01 3.0000e+01 -5.2091e+00
-8.0000e+01 4.0000e+01 -4.0457e+00
-8.0000e+01 5.0000e+01 -2.3002e+00
-8.0000e+01 6.0000e+01 -1.9223e+00
-8.0000e+01 7.0000e+01 -1.8090e+00
-8.0000e+01 8.0000e+01 -2.6704e+00
-8.0000e+01 9.0000e+01 -4.7065e+00
-8.0000e+01 1.0000e+02 2.6043e-01
-8.0000e+01 1.1000e+02 -1.9304e+00
-8.0000e+01 1.2000e+02 -1.4851e+00
-8.0000e+01 1.3000e+02 3.0356e-01
-8.0000e+01 1.4000e+02 -4.9033e-01
-8.0000e+01 1.5000e+02 -1.0844e+00
-8.0000e+01 1.6000e+02 -2.0668e-01
-8.0000e+01 1.7000e+02 4.1774e-01
-8.0000e+01 1.8000e+02 5.1505e-01
-8.0000e+01 1.9000e+02 1.7312e+00
-8.0000e+01 2.0000e+02 9.3872e-01
-7.0000e+01 -2.0000e+02 1.3699e+00
-7.0000e+01 -1.9000e+02 1.1627e+00
-7.0000e+01 -1.8000e+02 2.2164e+00
-7.0000e+01 -1.7000e+02 -5.9580e-02
-7.0000e+01 -1.6000e+02 8.4133e-01
-7.0000e+01 -1.5000e+02 -1.2667e-01
-7.0000e+01 -1.4000e+02 3.7683e+00
-7.0000e+01 -1.3000e+02 -5.6269e-01
-7.0000e+01 -1.2000e+02 -7.1025e-03
-7.0000e+01 -1.1000e+02 -2.7488e+00
-7.0000e+01 -1.0000e+02 -6.3527e-01
-7.0000e+01 -9.0000e+01 -3.5156e+00
-7.0000e+01 -8.0000e+01 -2.2184e+00
-7.0000e+01 -7.0000e+01 -3.8521e+00
-7.0000e+01 -6.0000e+01 -6.1839e+00
-7.0000e+01 -5.0000e+01 -3.2690e+00
-7.0000e+01 -4.0000e+01 -4.6734e+00
-7.0000e+01 -3.0000e+01 -3.0186e+00
-7.0000e+01 -2.0000e+01 -6.3085e+00
-7.0000e+01 -1.0000e+01 -9.1448e+00
-7.0000e+01 0.0000e+00 -7.9299e+00
-7.0000e+01 1.0000e+01 -8.6101e+00
-7.0000e+01 2.0000e+01 -4.8893e+00
-7.0000e+01 3.0000e+01 -5.7220e+00
-7.0000e+01 4.0000e+01 -4.7117e+00
-7.0000e+01 5.0000e+01 -5.0577e+00
-7.0000e+01 6.0000e+01 -3.8386e+00
-7.0000e+01 7.0000e+01 -5.0809e+00
-7.0000e+01 8.0000e+01 -2.9124e+00
-7.0000e+01 9.0000e+01 -4.2999e+00
-7.0000e+01 1.0000e+02 -8.1178e-01
-7.0000e+01 1.1000e+02 2.3900e+00
-7.0000e+01 1.2000e+02 -1.6798e+00
-7.0000e+01 1.3000e+02 -8.4090e-01
-7.0000e+01 1.4000e+02 7.0740e-01
-7.0000e+01 1.5000e+02 8.9052e-01
-7.0000e+01 1.6000e+02 -1.2826e+00
-7.0000e+01 1.7000e+02 1.4889e+00
-7.0000e+01 1.8000e+02 1.4413e+00
-7.0000e+01 1.9000e+02 7.0194e-01
-7.0000e+01 2.0000e+02 -1.0461e+00
-6.0000e+01 -2.0000e+02 -1.2443e+00
-6.0000e+01 -1.9000e+02 1.6123e+00
-6.0000e+01 -1.8000e+02 -1.2273e-01
-6.0000e+01 -1.7000e+02 8.7719e-01
-6.0000e+01 -1.6000e+02 -1.3740e+00
-6.0000e+01 -1.5000e+02 1.6021e+00
-6.0000e+01 -1.4000e+02 9.2756e-01
-6.0000e+01 -1.3000e+02 -1.3789e+00
-6.0000e+01 -1.2000e+02 -2.4926e+00
-6.0000e+01 -1.1000e+02 -2.7120e-02
-6.0000e+01 -1.0000e+02 -1.3343e+00
-6.0000e+01 -9.0000e+01 -1.4835e+00
-6.0000e+01 -8.0000e+01 -2.5491e+00
-6.0000e+01 -7.0000e+01 -2.8009e+00
-6.0000e+01 -6.0000e+01 -2.1786e+00
-6.0000e+01 -5.0000e+01 -7.3648e+00
-6.0000e+01 -4.0000e+01 -5.6135e+00
-6.0000e+01 -3.0000e+01 -6.8236e+00
-6.0000e+01 -2.0000e+01 -8.9423e+00
-6.0000e+01 -1.0000e+01 -8.2548e+00
-6.0000e+01 0.0000e+00 -1.0700e+01
-6.0000e+01 1.0000e+01 -5.4685e+00
-6.0000e+01 2.0000e+01 -6.7031e+00
-6.0000e+01 3.0000e+01 -7.4316e+00
-6.0000e+01 4.0000e+01 -4.4486e+00
-6.0000e+01 5.0000e+01 -4.5845e+00
-6.0000e+01 6.0000e+01 -4.9179e+00
-6.0000e+01 7.0000e+01 -3.7033e+00
-6.0000e+01 8.0000e+01 -6.9471e-02
-6.0000e+01 9.0000e+01 -6.3936e-01
-6.0000e+01 1.0000e+02 -4.1084e+00
-6.0000e+01 1.1000e+02 -2.8713e+00
-6.0000e+01 1.2000e+02 1.0189e+00
-6.0000e+01 1.3000e+02 1.3119e+00
-6.0000e+01 1.4000e+02 -3.4794e-01
-6.0000e+01 1.5000e+02 -5.2684e-01
-6.0000e+01 1.6000e+02 -2.3161e+00
-6.0000e+01 1.7000e+02 -5.6800e-02
-6.0000e+01 1.8000e+02 -6.8359e-01
-6.0000e+01 1.9000e+02 2.5060e+00
-6.0000e+01 2.0000e+02 4.2418e-01
-5.0000e+01 -2.0000e+02 -1.5508e+00
-5.0000e+01 -1.9000e+02 -4.1843e-02
-5.0000e+01 -1.8000e+02 7.1495e-01
-5.0000e+01 -1.7000e+02 -1.5325e+00
-5.0000e+01 -1.6000e+02 -1.4797e+00
-5.0000e+01 -1.5000e+02 -1.4223e+00
-5.0000e+01 -1.4000e+02 8.0441e-01
-5.0000e+01 -1.3000e+02 1.4674e+00
-5.0000e+01 -1.2000e+02 -1.7171e+00
-5.0000e+01 -1.1000e+02 -3.8524e+00
-5.0000e+01 -1.0000e+02 -3.3525e+00
-5.0000e+01 -9.0000e+01 -3.9004e+00
-5.0000e+01 -8.0000e+01 -3.4219e+00
-5.0000e+01 -7.0000e+01 -6.3714e+00
-5.0000e+01 -6.0000e+01 -6.5309e+00
-5.0000e+01 -5.0000e+01 -5.6185e+00
-5.0000e+01 -4.0000e+01 -8.1754e+00
-5.0000e+01 -3.0000e+01 -8.4134e+00
-5.0000e+01 -2.0000e+01 -1.0592e+01
-5.0000e+01 -1.0000e+01 -8.9656e+00
-5.0000e+01 0.0000e+00 -8.5695e+00
-5.0000e+01 1.0000e+01 -9.4576e+00
-5.0000e+01 2.0000e+01 -9.6000e+00
-5.0000e+01 3.0000e+01 -1.0199e+01
-5.0000e+01 4.0000e+01 -8.9080e+00
-5.0000e+01 5.0000e+01 -7.4149e+00
-5.0000e+01 6.0000e+01 -7.5222e+00
-5.0000e+01 7.0000e+01 -8.0448e+00
-5.0000e+01 8.0000e+01 -2.8427e+00
-5.0000e+01 9.0000e+01 -2.7778e+00
-5.0000e+01 1.0000e+02 -3.8460e+00
-5.0000e+01 1.1000e+02 -6.1834e-01
-5.0000e+01 1.2000e+02 -1.6015e+00
-5.0000e+01 1.3000e+02 -3.1854e+00
-5.0000e+01 1.4000e+02 -1.2476e+00
-5.0000e+01 1.5000e+02 1.0948e+00
-5.0000e+01 1.6000e+02 -1.3688e+00
-5.0000e+01 1.7000e+02 -7.4388e-01
-5.0000e+01 1.8000e+02 -3.1015e-01
-5.0000e+01 1.9000e+02 -8.8664e-01
-5.0000e+01 2.0000e+02 1.2497e+00
-4.0000e+01 -2.0000e+02 -4.4534e-01
-4.0000e+01 -1.9000e+02 -3.8192e-02
-4.0000e+01 -1.8000e+02 1.4143e+00
-4.0000e+01 -1.7000e+02 1.5994e+00
-4.0000e+01 -1.6000e+02 7.8375e-01
-4.0000e+01 -1.5000e+02 1.4528e+00
-4.0000e+01 -1.4000e+02 1.4193e+00
-4.0000e+01 -1.3000e+02 2.5430e+00
-4.0000e+01 -1.2000e+02 -2.3403e+00
-4.0000e+01 -1.1000e+02 1.9724e+00
-4.0000e+01 -1.0000e+02 -2.2737e+00
-4.0000e+01 -9.0000e+01 -4.1121e+00
-4.0000e+01 -8.0000e+01 -2.8357e+00
-4.0000e+01 -7.0000e+01 -3.5308e+00
-4.0000e+01 -6.0000e+01 -5.4461e+00
-4.0000e+01 -5.0000e+01 -1.0504e+01
-4.0000e+01 -4.0000e+01 -8.0779e+00
-4.0000e+01 -3.0000e+01 -1.1216e+01
-4.0000e+01 -2.0000e+01 -1.1280e+01
-4.0000e+01 -1.0000e+01 -1.5201e+01
-4.0000e+01 0.0000e+00 -1.2001e+01
-4.0000e+01 1.0000e+01 -1.0448e+01
-4.0000e+01 2.0000e+01 -1.0983e+01
-4.0000e+01 3.0000e+01 -9.7122e+00
-4.0000e+01 4.0000e+01 -1.0086e+01
-4.0000e+01 5.0000e+01 -8.4027e+00
-4.0000e+01 6.0000e+01 -6.8079e+00
-4.0000e+01 7.0000e+01 -5.3405e+00
-4.0000e+01 8.0000e+01 -5.9454e+00
-4.0000e+01 9.0000e+01 -2.9542e+00
-4.0000e+01 1.0000e+02 -1.8404e+00
-4.0000e+01 1.1000e+02 -1.8813e+00
-4.0000e+01 1.2000e+02 -5.4014e-01
-4.0000e+01 1.3000e+02 1.5815e+00
-4.0000e+01 1.4000e+02 -1.4973e+00
-4.0000e+01 1.5000e+02 -8.8277e-01
-4.0000e+01 1.6000e+02 8.4190e-01
-4.0000e+01 1.7000e+02 -1.1926e+00
-4.0000e+01 1.8000e+02 4.0018e+00
-4.0000e+01 1.9000e+02 2.0622e-02
-4.0000e+01 2.0000e+02 9.9197e-01
-3.0000e+01 -2.0000e+02 -2.2052e+00
-3.0000e+01 -1.9000e+02 -2.0173e-01
-3.0000e+01 -1.8000e+02 -1.0772e+00
-3.0000e+01 -1.7000e+02 -6.4533e-01
-3.0000e+01 -1.6000e+02 -2.2561e-01
-3.0000e+01 -1.5000e+02 -2.2538e+00
-3.0000e+01 -1.4000e+02 -1.6064e-01
-3.0000e+01 -1.3000e+02 1.2190e-01
-3.0000e+01 -1.2000e+02 -2.1459e+00
-3.0000e+01 -1.1000e+02 -8.5898e-01
-3.0000e+01 -1.0000e+02 -5.2454e-01
-3.0000e+01 -9.0000e+01 -6.2160e+00
-3.0000e+01 -8.0000e+01 -3.2659e+00
-3.0000e+01 -7.0000e+01 -6.3466e+00
-3.0000e+01 -6.0000e+01 -4.8484e+00
-3.0000e+01 -5.0000e+01 -7.8007e+00
-3.0000e+01 -4.0000e+01 -1.0697e+01
-3.0000e+01 -3.0000e+01 -9.9919e+00
-3.0000e+01 -2.0000e+01 -1.3360e+01
-3.0000e+01 -1.0000e+01 -1.2362e+01
-3.0000e+01 0.0000e+00 -1.2456e+01
-3.0000e+01 1.0000e+01 -1.2741e+01
-3.0000e+01 2.0000e+01 -1.2889e+01
-3.0000e+01 3.0000e+01 -1.1013e+01
-3.0000e+01 4.0000e+01 -9.6772e+00
-3.0000e+01 5.0000e+01 -1.0727e+01
-3.0000e+01 6.0000e+01 -7.5811e+00
-3.0000e+01 7.0000e+01 -7.2873e+00
-3.0000e+01 8.0000e+01 -4.7604e+00
-3.0000e+01 9.0000e+01 -3.5139e+00
-3.0000e+01 1.0000e+02 -4.2010e+00
-3.0000e+01 1.1000e+02 -3.4034e+00
-3.0000e+01 1.2000e+02 -1.4071e+00
-3.0000e+01 1.3000e+02 -2.2499e+00
-3.0000e+01 1.4000e+02 3.1789e-01
-3.0000e+01 1.5000e+02 -2.3384e-01
-3.0000e+01 1.6000e+02 2.8786e+00
-3.0000e+01 1.7000e+02 -9.8590e-01
-3.0000e+01 1.8000e+02 1.7525e+00
-3.0000e+01 1.9000e+02 -2.1588e-01
-3.0000e+01 2.0000e+02 -6.7928e-02
-2.0000e+01 -2.0000e+02 -1.4859e-01
-2.0000e+01 -1.9000e+02 -1.0642e+00
-2.0000e+01 -1.8000e+02 8.9545e-01
-2.0000e+01 -1.7000e+02 2.9231e-01
-2.0000e+01 -1.6000e+02 -2.8107e-01
-2.0000e+01 -1.5000e+02 -1.7651e-01
-2.0000e+01 -1.4000e+02 -2.1607e+00
-2.0000e+01 -1.3000e+02 6.3170e-01
-2.0000e+01 -1.2000e+02 2.8301e+00
-2.0000e+01 -1.1000e+02 -1.7606e+00
-2.0000e+01 -1.0000e+02 -4.5594e+00
-2.0000e+01 -9.0000e+01 -4.5646e+00
-2.0000e+01 -8.0000e+01 -3.9139e+00
-2.0000e+01 -7.0000e+01 -7.5468e+00
-2.0000e+01 -6.0000e+01 -9.5060e+00
-2.0000e+01 -5.0000e+01 -9.7740e+00
-2.0000e+01 -4.0000e+01 -1.2260e+01
-2.0000e+01 -3.0000e+01 -9.6663e+00
-2.0000e+01 -2.0000e+01 -1.5664e+01
-2.0000e+01 -1.0000e+01 -1.2776e+01
-2.0000e+01 0.0000e+00 -1.3162e+01
-2.0000e+01 1.0000e+01 -1.4288e+01
-2.0000e+01 2.0000e+01 -1.4750e+01
-2.0000e+01 3.0000e+01 -1.2362e+01
-2.0000e+01 4.0000e+01 -9.0304e+00
-2.0000e+01 5.0000e+01 -7.7560e+00
-2.0000e+01 6.0000e+01 -1.0501e+01
-2.0000e+01 7.0000e+01 -6.6834e+00
-2.0000e+01 8.0000e+01 -5.4050e+00
-2.0000e+01 9.0000e+01 -4.8230e+00
-2.0000e+01 1.0000e+02 -4.1372e+00
-2.0000e+01 1.1000e+02 -2.3890e+00
-2.0000e+01 1.2000e+02 -3.3837e-01
-2.0000e+01 1.3000e+02 -1.0285e+00
-2.0000e+01 1.4000e+02 -1.2765e+00
-2.0000e+01 1.5000e+02 -7.2444e-01
-2.0000e+01 1.6000e+02 -3.1648e-01
-2.0000e+01 1.7000e+02 2.3990e+00
-2.0000e+01 1.8000e+02 -1.0032e+00
-2.0000e+01 1.9000e+02 -1.3458e+00
-2.0000e+01 2.0000e+02 -1.8254e+00
-1.0000e+01 -2.0000e+02 -1.0105e+00
-1.0000e+01 -1.9000e+02 -6.3372e-01
-1.0000e+01 -1.8000e+02 -6.1890e-01
-1.0000e+01 -1.7000e+02 -8.6977e-01
-1.0000e+01 -1.6000e+02 -7.3709e-01
-1.0000e+01 -1.5000e+02 -1.0267e+00
-1.0000e+01 -1.4000e+02 -7.3285e-01
-1.0000e+01 -1.3000e+02 3.7192e-01
-1.0000e+01 -1.2000e+02 -1.7579e+00
-1.0000e+01 -1.1000e+02 -2.7950e+00
-1.0000e+01 -1.0000e+02 -2.3271e+00
-1.0000e+01 -9.0000e+01 -2.5725e+00
-1.0000e+01 -8.0000e+01 -5.7105e+00
-1.0000e+01 -7.0000e+01 -9.2191e+00
-1.0000e+01 -6.0000e+01 -9.8441e+00
-1.0000e+01 -5.0000e+01 -1.0291e+01
-1.0000e+01 -4.0000e+01 -9.9657e+00
-1.0000e+01 -3.0000e+01 -1.2868e+01
-1.0000e+01 -2.0000e+01 -1.4723e+01
-1.0000e+01 -1.0000e+01 -1.5191e+01
-1.0000e+01 0.0000e+00 -1.3322e+01
-1.0000e+01 1.0000e+01 -1.3785e+01
-1.0000e+01 2.0000e+01 -1.2135e+01
-1.0000e+01 3.0000e+01 -1.3890e+01
-1.0000e+01 4.0000e+01 -1.2201e+01
-1.0000e+01 5.0000e+01 -1.1834e+01
-1.0000e+01 6.0000e+01 -7.4141e+00
-1.0000e+01 7.0000e+01 -7.7415e+00
-1.0000e+01 8.0000e+01 -5.0729e+00
-1.0000e+01 9.0000e+01 -5.6909e+00
-1.0000e+01 1.0000e+02 -4.7684e+00
-1.0000e+01 1.1000e+02 -1.5896e+00
-1.0000e+01 1.2000e+02 -1.2797e+00
-1.0000e+01 1.3000e+02 -9.1662e-01
-1.0000e+01 1.4000e+02 -1.1643e+00
-1.0000e+01 1.5000e+02 -9.9046e-01
-1.0000e+01 1.6000e+02 -2.4227e+00
-1.0000e+01 1.7000e+02 -1.2829e+00
-1.0000e+01 1.8000e+02 -1.7477e-01
-1.0000e+01 1.9000e+02 -2.1107e-01
-1.0000e+01 2.0000e+02 2.4334e-01
0.0000e+00 -2.0000e+02 -1.1359e+00
0.0000e+00 -1.9000e+02 -2.6142e+00
0.0000e+00 -1.8000e+02 -5.4085e-01
0.0000e+00 -1.7000e+02 -3.7794e-02
0.0000e+00 -1.6000e+02 -6.0817e-01
0.0000e+00 -1.5000e+02 -1.3882e+00
0.0000e+00 -1.4000e+02 1.0554e-02
0.0000e+00 -1.3000e+02 -9.9841e-01
0.0000e+00 -1.2000e+02 -3.5829e+00
0.0000e+00 -1.1000e+02 -6.6438e-01
0.0000e+00 -1.0000e+02 -1.9226e+00
0.0000e+00 -9.0000e+01 -2.7321e+00
0.0000e+00 -8.0000e+01 -6.3997e+00
0.0000e+00 -7.0000e+01 -5.9823e+00
0.0000e+00 -6.0000e+01 -9.8487e+00
0.0000e+00 -5.0000e+01 -1.2865e+01
0.0000e+00 -4.0000e+01 -1.3502e+01
0.0000e+00 -3.0000e+01 -1.2805e+01
0.0000e+00 -2.0000e+01 -1.2048e+01
0.0000e+00 -1.0000e+01 -1.5167e+01
0.0000e+00 0.0000e+00 -1.5272e+01
0.0000e+00 1.0000e+01 -1.3713e+01
0.0000e+00 2.0000e+01 -1.1436e+01
0.0000e+00 3.0000e+01 -1.3829e+01
0.0000e+00 4.0000e+01 -1.2975e+01
0.0000e+00 5.0000e+01 -6.7457e+00
0.0000e+00 6.0000e+01 -8.5625e+00
0.0000e+00 7.0000e+01 -5.9705e+00
0.0000e+00 8.0000e+01 -5.9802e+00
0.0000e+00 9.0000e+01 -5.1019e+00
0.0000e+00 1.0000e+02 -1.3234e+00
0.0000e+00 1.1000e+02 -1.9347e+00
0.0000e+00 1.2000e+02 -2.0941e+00
0.0000e+00 1.3000e+02 -9.4935e-01
0.0000e+00 1.4000e+02 -2.0754e-02
0.0000e+00 1.5000e+02 1.6979e-01
0.0000e+00 1.6000e+02 5.9598e-01
0.0000e+00 1.7000e+02 -1.5427e+00
0.0000e+00 1.8000e+02 -1.1065e+00
0.0000e+00 1.9000e+02 2.8109e+00
0.0000e+00 2.0000e+02 2.6975e+00
1.0000e+01 -2.0000e+02 -9.3196e-01
1.0000e+01 -1.9000e+02 -7.5946e-01
1.0000e+01 -1.8000e+02 7.0604e-02
1.0000e+01 -1.7000e+02 -1.1415e+00
1.0000e+01 -1.6000e+02 2.0323e+00
1.0000e+01 -1.5000e+02 -7.8941e-01
1.0000e+01 -1.4000e+02 6.4441e-02
1.0000e+01 -1.3000e+02 -2.1737e+00
1.0000e+01 -1.2000e+02 -2.4697e+00
1.0000e+01 -1.1000e+02 -8.4315e-02
1.0000e+01 -1.0000e+02 -4.7753e+00
1.0000e+01 -9.0000e+01 -6.0125e+00
1.0000e+01 -8.0000e+01 -5.0340e+00
1.0000e+01 -7.0000e+01 -6.0843e+00
1.0000e+01 -6.0000e+01 -8.2441e+00
1.0000e+01 -5.0000e+01 -1.2214e+01
1.0000e+01 -4.0000e+01 -1.0778e+01
1.0000e+01 -3.0000e+01 -1.1388e+01
1.0000e+01 -2.0000e+01 -1.5493e+01
1.0000e+01 -1.0000e+01 -1.1575e+01
1.0000e+01 0.0000e+00 -1.3182e+01
1.0000e+01 1.0000e+01 -1.3592e+01
1.0000e+01 2.0000e+01 -1.3581e+01
1.0000e+01 3.0000e+01 -1.1395e+01
1.0000e+01 4.0000e+01 -1.1788e+01
1.0000e+01 5.0000e+01 -9.8955e+00
1.0000e+01 6.0000e+01 -8.6348e+00
1.0000e+01 7.0000e+01 -3.7253e+00
1.0000e+01 8.0000e+01 -6.0255e+00
1.0000e+01 9.0000e+01 -5.5844e+00
1.0000e+01 1.0000e+02 -5.1397e+00
1.0000e+01 1.1000e+02 -3.9114e+00
1.0000e+01 1.2000e+02 1.1503e+00
1.0000e+01 1.3000e+02 -3.1545e+00
1.0000e+01 1.4000e+02 2.4398e-01
1.0000e+01 1.5000e+02 8.1186e-01
1.0000e+01 1.6000e+02 1.4641e+00
1.0000e+01 1.7000e+02 -9.9418e-01
1.0000e+01 1.8000e+02 -1.3359e+00
1.0000e+01 1.9000e+02 -1.7958e+00
1.0000e+01 2.0000e+02 -1.3619e+00
2.0000e+01 -2.0000e+02 -9.8352e-01
2.0000e+01 -1.9000e+02 2.5835e-01
2.0000e+01 -1.8000e+02 -1.5060e+00
2.0000e+01 -1.7000e+02 -7.7808e-01
2.0000e+01 -1.6000e+02 3.8546e-01
2.0000e+01 -1.5000e+02 -3.3558e+00
2.0000e+01 -1.4000e+02 1.2926e+00
2.0000e+01 -1.3000e+02 -8.8534e-01
2.0000e+01 -1.2000e+02 -5.1463e-01
2.0000e+01 -1.1000e+02 -1.5431e+00
2.0000e+01 -1.0000e+02 -5.0702e+00
2.0000e+01 -9.0000e+01 -1.7307e+00
2.0000e+01 -8.0000e+01 -1.0412e+01
2.0000e+01 -7.0000e+01 -5.9879e+00
2.0000e+01 -6.0000e+01 -3.7034e+00
2.0000e+01 -5.0000e+01 -8.7558e+00
2.0000e+01 -4.0000e+01 -1.0913e+01
2.0000e+01 -3.0000e+01 -1.2642e+01
2.0000e+01 -2.0000e+01 -1.2141e+01
2.0000e+01 -1.0000e+01 -1.3631e+01
2.0000e+01 0.0000e+00 -1.3432e+01
2.0000e+01 1.0000e+01 -1.4463e+01
2.0000e+01 2.0000e+01 -1.3589e+01
2.0000e+01 3.0000e+01 -1.2950e+01
2.0000e+01 4.0000e+01 -1.1132e+01
2.0000e+01 5.0000e+01 -9.0762e+00
2.0000e+01 6.0000e+01 -8.5142e+00
2.0000e+01 7.0000e+01 -7.4229e+00
2.0000e+01 8.0000e+01 -4.5172e+00
2.0000e+01 9.0000e+01 -3.6326e+00
2.0000e+01 1.0000e+02 -3.6226e+00
2.0000e+01 1.1000e+02 -2.1588e+00
2.0000e+01 1.2000e+02 -2.1454e-01
2.0000e+01 1.3000e+02 -3.2257e+00
2.0000e+01 1.4000e+02 1.2109e-01
2.0000e+01 1.5000e+02 -6.7595e-01
2.0000e+01 1.6000e+02 -2.2637e+00
2.0000e+01 1.7000e+02 2.2008e+00
2.0000e+01 1.8000e+02 -4.4102e-01
2.0000e+01 1.9000e+02 2.6696e+00
2.0000e+01 2.0000e+02 -3.7834e-01
3.0000e+01 -2.0000e+02 2.1971e-01
3.0000e+01 -1.9000e+02 8.3977e-01
3.0000e+01 -1.8000e+02 8.7681e-01
3.0000e+01 -1.7000e+02 -1.0998e+00
3.0000e+01 -1.6000e+02 1.5791e+00
3.0000e+01 -1.5000e+02 -1.0356e+00
3.0000e+01 -1.4000e+02 -4.8671e-01
3.0000e+01 -1.3000e+02 -3.6003e+00
3.0000e+01 -1.2000e+02 4.2959e-01
3.0000e+01 -1.1000e+02 -2.9667e+00
3.0000e+01 -1.0000e+02 -8.3799e-01
3.0000e+01 -9.0000e+01 -3.6244e+00
3.0000e+01 -8.0000e+01 -5.4755e+00
3.0000e+01 -7.0000e+01 -7.5667e+00
3.0000e+01 -6.0000e+01 -9.6265e+00
3.0000e+01 -5.0000e+01 -8.0721e+00
3.0000e+01 -4.0000e+01 -1.0275e+01
3.0000e+01 -3.0000e+01 -1.1745e+01
3.0000e+01 -2.0000e+01 -1.2025e+01
3.0000e+01 -1.0000e+01 -1.2413e+01
3.0000e+01 0.0000e+00 -1.1975e+01
3.0000e+01 1.0000e+01 -1.4197e+01
3.0000e+01 2.0000e+01 -1.4644e+01
3.0000e+01 3.0000e+01 -1.1693e+01
3.0000e+01 4.0000e+01 -9.8104e+00
3.0000e+01 5.0000e+01 -1.2230e+01
3.0000e+01 6.0000e+01 -4.8705e+00
3.0000e+01 7.0000e+01 -9.3408e+00
3.0000e+01 8.0000e+01 -5.3026e+00
3.0000e+01 9.0000e+01 -3.8806e+00
3.0000e+01 1.0000e+02 -5.0280e+00
3.0000e+01 1.1000e+02 -8.5659e-01
3.0000e+01 1.2000e+02 2.7261e-01
3.0000e+01 1.3000e+02 -4.2746e+00
3.0000e+01 1.4000e+02 -4.1730e-01
3.0000e+01 1.5000e+02 -2.5309e+00
3.0000e+01 1.6000e+02 9.9849e-01
3.0000e+01 1.7000e+02 -1.2761e+00
3.0000e+01 1.8000e+02 -2.6963e-01
3.0000e+01 1.9000e+02 -2.0150e+00
3.0000e+01 2.0000e+02 -9.3882e-01
4.0000e+01 -2.0000e+02 -1.5389e+00
4.0000e+01 -1.9000e+02 -1.0639e+00
4.0000e+01 -1.8000e+02 -4.3632e-01
4.0000e+01 -1.7000e+02 -1.4837e+00
4.0000e+01 -1.6000e+02 4.3832e-01
4.0000e+01 -1.5000e+02 -1.0476e+00
4.0000e+01 -1.4000e+02 -3.5008e-01
4.0000e+01 -1.3000e+02 1.9330e-01
4.0000e+01 -1.2000e+02 -1.8359e+00
4.0000e+01 -1.1000e+02 1.0844e+00
4.0000e+01 -1.0000e+02 -1.8863e+00
4.0000e+01 -9.0000e+01 -1.6862e+00
4.0000e+01 -8.0000e+01 -5.1649e+00
4.0000e+01 -7.0000e+01 -3.5731e+00
4.0000e+01 -6.0000e+01 -5.5258e+00
4.0000e+01 -5.0000e+01 -8.1534e+00
4.0000e+01 -4.0000e+01 -9.8909e+00
4.0000e+01 -3.0000e+01 -1.2565e+01
4.0000e+01 -2.0000e+01 -1.1372e+01
4.0000e+01 -1.0000e+01 -1.1173e+01
4.0000e+01 0.0000e+00 -1.0019e+01
4.0000e+01 1.0000e+01 -1.2840e+01
4.0000e+01 2.0000e+01 -1.4229e+01
4.0000e+01 3.0000e+01 -9.1302e+00
4.0000e+01 4.0000e+01 -9.6811e+00
4.0000e+01 5.0000e+01 -6.3036e+00
4.0000e+01 6.0000e+01 -7.4283e+00
4.0000e+01 7.0000e+01 -4.1537e+00
4.0000e+01 8.0000e+01 -2.2085e+00
4.0000e+01 9.0000e+01 -5.4923e+00
4.0000e+01 1.0000e+02 -3.4665e+00
4.0000e+01 1.1000e+02 -2.6171e+00
4.0000e+01 1.2000e+02 -2.9402e-01
4.0000e+01 1.3000e+02 -2.8457e+00
4.0000e+01 1.4000e+02 6.8966e-02
4.0000e+01 1.5000e+02 1.1891e+00
4.0000e+01 1.6000e+02 8.1956e-01
4.0000e+01 1.7000e+02 -1.5636e+00
4.0000e+01 1.8000e+02 -6.9061e-01
4.0000e+01 1.9000e+02 -2.4051e+00
4.0000e+01 2.0000e+02 1.5100e+00
5.0000e+01 -2.0000e+02 -6.1515e-01
5.0000e+01 -1.9000e+02 -9.3744e-01
5.0000e+01 -1.8000e+02 -3.4653e+00
5.0000e+01 -1.7000e+02 -1.1618e+00
5.0000e+01 -1.6000e+02 -1.5683e-01
5.0000e+01 -1.5000e+02 -1.4856e+00
5.0000e+01 -1.4000e+02 -7.0173e-01
5.0000e+01 -1.3000e+02 -2.4475e+00
5.0000e+01 -1.2000e+02 -3.5389e+00
5.0000e+01 -1.1000e+02 -2.2971e+00
5.0000e+01 -1.0000e+02 -3.1006e+00
5.0000e+01 -9.0000e+01 -2.4975e+00
5.0000e+01 -8.0000e+01 -3.8933e+00
5.0000e+01 -7.0000e+01 -3.8468e+00
5.0000e+01 -6.0000e+01 -5.8660e+00
5.0000e+01 -5.0000e+01 -1.2570e+01
5.0000e+01 -4.0000e+01 -5.8057e+00
5.0000e+01 -3.0000e+01 -8.6114e+00
5.0000e+01 -2.0000e+01 -5.6635e+00
5.0000e+01 -1.0000e+01 -8.8148e+00
5.0000e+01 0.0000e+00 -7.9854e+00
5.0000e+01 1.0000e+01 -9.2996e+00
5.0000e+01 2.0000e+01 -1.0121e+01
5.0000e+01 3.0000e+01 -5.9067e+00
5.0000e+01 4.0000e+01 -6.6242e+00
5.0000e+01 5.0000e+01 -8.1124e+00
5.0000e+01 6.0000e+01 -6.0819e+00
5.0000e+01 7.0000e+01 -7.0118e+00
5.0000e+01 8.0000e+01 -3.4735e+00
5.0000e+01 9.0000e+01 -2.0050e-01
5.0000e+01 1.0000e+02 -2.1354e+00
5.0000e+01 1.1000e+02 -3.4950e+00
5.0000e+01 1.2000e+02 -3.8403e+00
5.0000e+01 1.3000e+02 -2.6379e+00
5.0000e+01 1.4000e+02 -7.4198e-01
5.0000e+01 1.5000e+02 2.3174e-02
5.0000e+01 1.6000e+02 1.4748e+00
5.0000e+01 1.7000e+02 -1.9272e+00
5.0000e+01 1.8000e+02 -1.0807e+00
5.0000e+01 1.9000e+02 -5.4365e-01
5.0000e+01 2.0000e+02 1.5161e+00
6.0000e+01 -2.0000e+02 -1.7096e+00
6.0000e+01 -1.9000e+02 3.2878e+00
6.0000e+01 -1.8000e+02 2.5342e+00
6.0000e+01 -1.7000e+02 7.3264e-01
6.0000e+01 -1.6000e+02 1.1035e-01
6.0000e+01 -1.5000e+02 2.1015e+00
6.0000e+01 -1.4000e+02 -1.3382e+00
6.0000e+01 -1.3000e+02 2.9132e-01
6.0000e+01 -1.2000e+02 -1.4140e+00
6.0000e+01 -1.1000e+02 -1.8492e+00
6.0000e+01 -1.0000e+02 -2.9299e+00
6.0000e+01 -9.0000e+01 -2.9353e+00
6.0000e+01 -8.0000e+01 -4.4780e+00
6.0000e+01 -7.0000e+01 -1.2010e+00
6.0000e+01 -6.0000e+01 -6.3450e+00
6.0000e+01 -5.0000e+01 -5.6563e+00
6.0000e+01 -4.0000e+01 -7.5153e+00
6.0000e+01 -3.0000e+01 -8.5231e+00
6.0000e+01 -2.0000e+01 -6.4963e+00
6.0000e+01 -1.0000e+01 -1.0026e+01
6.0000e+01 0.0000e+00 -7.9909e+00
6.0000e+01 1.0000e+01 -8.5803e+00
6.0000e+01 2.0000e+01 -8.0655e+00
6.0000e+01 3.0000e+01 -7.3876e+00
6.0000e+01 4.0000e+01 -7.2554e+00
6.0000e+01 5.0000e+01 -5.7524e+00
6.0000e+01 6.0000e+01 -3.6253e+00
6.0000e+01 7.0000e+01 -2.3444e+00
6.0000e+01 8.0000e+01 -4.1424e+00
6.0000e+01 9.0000e+01 -2.3063e-01
6.0000e+01 1.0000e+02 -1.4937e+00
6.0000e+01 1.1000e+02 5.3085e-01
6.0000e+01 1.2000e+02 -3.3349e-01
6.0000e+01 1.3000e+02 -1.5585e+00
6.0000e+01 1.4000e+02 -7.1713e-01
6.0000e+01 1.5000e+02 -7.0191e-01
6.0000e+01 1.6000e+02 2.1013e+00
6.0000e+01 1.7000e+02 -3.0479e+00
6.0000e+01 1.8000e+02 -2.1501e-01
6.0000e+01 1.9000e+02 -1.2681e-01
6.0000e+01 2.0000e+02 -1.3646e+00
7.0000e+01 -2.0000e+02 -3.1920e-01
7.0000e+01 -1.9000e+02 4.9356e-01
7.0000e+01 -1.8000e+02 2.6516e+00
7.0000e+01 -1.7000e+02 1.2914e+00
7.0000e+01 -1.6000e+02 2.6283e+00
7.0000e+01 -1.5000e+02 1.9557e-01
7.0000e+01 -1.4000e+02 -3.0510e+00
7.0000e+01 -1.3000e+02 1.8890e+00
7.0000e+01 -1.2000e+02 4.9854e-01
7.0000e+01 -1.1000e+02 -3.8937e+00
7.0000e+01 -1.0000e+02 -2.7117e+00
7.0000e+01 -9.0000e+01 -7.2080e-01
7.0000e+01 -8.0000e+01 -2.5641e+00
7.0000e+01 -7.0000e+01 -2.6609e+00
7.0000e+01 -6.0000e+01 -4.8603e+00
7.0000e+01 -5.0000e+01 -2.0155e+00
7.0000e+01 -4.0000e+01 -4.5470e+00
7.0000e+01 -3.0000e+01 -6.8263e+00
7.0000e+01 -2.0000e+01 -8.6972e+00
7.0000e+01 -1.0000e+01 -8.3353e+00
7.0000e+01 0.0000e+00 -6.2692e+00
7.0000e+01 1.0000e+01 -8.6313e+00
7.0000e+01 2.0000e+01 -6.1439e+00
7.0000e+01 3.0000e+01 -7.1672e+00
7.0000e+01 4.0000e+01 -3.9272e+00
7.0000e+01 5.0000e+01 -6.9948e+00
7.0000e+01 6.0000e+01 -5.0183e+00
7.0000e+01 7.0000e+01 -5.4659e+00
7.0000e+01 8.0000e+01 -3.2643e+00
7.0000e+01 9.0000e+01 -3.1867e+00
7.0000e+01 1.0000e+02 -2.3011e+00
7.0000e+01 1.1000e+02 -7.2502e-01
7.0000e+01 1.2000e+02 -2.4540e+00
7.0000e+01 1.3000e+02 -2.4995e+00
7.0000e+01 1.4000e+02 -7.4823e-01
7.0000e+01 1.5000e+02 -1.9906e+00
7.0000e+01 1.6000e+02 1.5405e+00
7.0000e+01 1.7000e+02 -8.1116e-01
7.0000e+01 1.8000e+02 -2.3317e+00
7.0000e+01 1.9000e+02 1.3565e-01
7.0000e+01 2.0000e+02 -1.2795e+00
8.0000e+01 -2.0000e+02 9.8702e-01
8.0000e+01 -1.9000e+02 1.5515e+00
8.0000e+01 -1.8000e+02 1.0083e+00
8.0000e+01 -1.7000e+02 7.9980e-01
8.0000e+01 -1.6000e+02 -1.1317e+00
8.0000e+01 -1.5000e+02 6.6034e-01
8.0000e+01 -1.4000e+02 -5.0311e-01
8.0000e+01 -1.3000e+02 -9.8014e-01
8.0000e+01 -1.2000e+02 -8.7969e-01
8.0000e+01 -1.1000e+02 1.0343e+00
8.0000e+01 -1.0000e+02 -1.9115e+00
8.0000e+01 -9.0000e+01 -2.8263e+00
8.0000e+01 -8.0000e+01 -2.0123e+00
8.0000e+01 -7.0000e+01 -3.0937e+00
8.0000e+01 -6.0000e+01 -2.4902e+00
8.0000e+01 -5.0000e+01 -2.9756e+00
8.0000e+01 -4.0000e+01 -3.2173e+00
8.0000e+01 -3.0000e+01 -3.3569e+00
8.0000e+01 -2.0000e+01 -5.7103e+00
8.0000e+01 -1.0000e+01 -8.9458e+00
8.0000e+01 0.0000e+00 -4.3656e+00
8.0000e+01 1.0000e+01 -6.0082e+00
8.0000e+01 2.0000e+01 -4.1880e+00
8.0000e+01 3.0000e+01 -6.8664e+00
8.0000e+01 4.0000e+01 -5.2647e+00
8.0000e+01 5.0000e+01 -2.0407e+00
8.0000e+01 6.0000e+01 -3.4690e+00
8.0000e+01 7.0000e+01 -2.7411e+00
8.0000e+01 8.0000e+01 -1.2991e+00
8.0000e+01 9.0000e+01 -1.2805e+00
8.0000e+01 1.0000e+02 1.3187e+00
8.0000e+01 1.1000e+02 9.7902e-02
8.0000e+01 1.2000e+02 3.0629e-01
8.0000e+01 1.3000e+02 -2.6454e+00
8.0000e+01 1.4000e+02 -3.5816e+00
8.0000e+01 1.5000e+02 1.3632e+00
8.0000e+01 1.6000e+02 6.6557e-01
8.0000e+01 1.7000e+02 7.6066e-01
8.0000e+01 1.8000e+02 -1.1689e+00
8.0000e+01 1.9000e+02 -1.2402e+00
8.0000e+01 2.0000e+02 -1.6919e+00
9.0000e+01 -2.0000e+02 6.2899e-02
9.0000e+01 -1.9000e+02 -6.2498e-01
9.0000e+01 -1.8000e+02 -2.2408e+00
9.0000e+01 -1.7000e+02 3.0951e-01
9.0000e+01 -1.6000e+02 -1.7150e+00
9.0000e+01 -1.5000e+02 1.4947e+00
9.0000e+01 -1.4000e+02 -3.5020e-01
9.0000e+01 -1.3000e+02 -7.4333e-01
9.0000e+01 -1.2000e+02 1.2581e+00
9.0000e+01 -1.1000e+02 -3.6383e-01
9.0000e+01 -1.0000e+02 1.1656e+00
9.0000e+01 -9.0000e+01 4.5248e-01
9.0000e+01 -8.0000e+01 -1.9679e+00
9.0000e+01 -7.0000e+01 -2.9881e+00
9.0000e+01 -6.0000e+01 -1.8284e+00
9.0000e+01 -5.0000e+01 -4.0629e+00
9.0000e+01 -4.0000e+01 -5.0732e+00
9.0000e+01 -3.0000e+01 -7.9829e+00
9.0000e+01 -2.0000e+01 -1.2893e+00
9.0000e+01 -1.0000e+01 -2.7209e+00
9.0000e+01 0.0000e+00 -4.6141e+00
9.0000e+01 1.0000e+01 -3.0033e+00
9.0000e+01 2.0000e+01 -9.2295e-01
9.0000e+01 3.0000e+01 -3.9821e+00
9.0000e+01 4.0000e+01 -2.0160e+00
9.0000e+01 5.0000e+01 2.2014e-01
9.0000e+01 6.0000e+01 -1.1596e+00
9.0000e+01 7.0000e+01 -1.0308e+00
9.0000e+01 8.0000e+01 -1.7051e+00
9.0000e+01 9.0000e+01 -1.9382e+00
9.0000e+01 1.0000e+02 -1.8016e+00
9.0000e+01 1.1000e+02 1.3600e+00
9.0000e+01 1.2000e+02 -2.8384e+00
9.0000e+01 1.3000e+02 -1.2261e+00
9.0000e+01 1.4000e+02 9.9128e-01
9.0000e+01 1.5000e+02 1.8666e+00
9.0000e+01 1.6000e+02 -9.0814e-01
9.0000e+01 1.7000e+02 -3.6242e-01
9.0000e+01 1.8000e+02 -3.1629e-01
9.0000e+01 1.9000e+02 -3.2409e-01
9.0000e+01 2.0000e+02 2.1060e-01
1.0000e+02 -2.0000e+02 1.8126e+00
1.0000e+02 -1.9000e+02 2.3010e-01
1.0000e+02 -1.8000e+02 -3.0074e-02
1.0000e+02 -1.7000e+02 1.7176e+00
1.0000e+02 -1.6000e+02 -9.1420e-01
1.0000e+02 -1.5000e+02 -9.6058e-01
1.0000e+02 -1.4000e+02 -1.7250e-01
1.0000e+02 -1.3000e+02 2.9444e-01
1.0000e+02 -1.2000e+02 4.1470e-02
1.0000e+02 -1.1000e+02 -2.9272e+00
1.0000e+02 -1.0000e+02 -2.3524e-01
1.0000e+02 -9.0000e+01 -2.8925e+00
1.0000e+02 -8.0000e+01 -1.7469e-01
1.0000e+02 -7.0000e+01 -1.3282e+00
1.0000e+02 -6.0000e+01 -3.0171e+00
1.0000e+02 -5.0000e+01 -2.8555e+00
1.0000e+02 -4.0000e+01 -1.0375e+00
1.0000e+02 -3.0000e+01 -2.8545e+00
1.0000e+02 -2.0000e+01 -4.4580e-01
1.0000e+02 -1.0000e+01 -2.6174e+00
1.0000e+02 0.0000e+00 -6.0345e+00
1.0000e+02 1.0000e+01 -1.8851e+00
1.0000e+02 2.0000e+01 -2.3036e+00
1.0000e+02 3.0000e+01 -3.0688e+00
1.0000e+02 4.0000e+01 -5.7366e+00
1.0000e+02 5.0000e+01 -9.0122e-01
1.0000e+02 6.0000e+01 -5.5608e-01
1.0000e+02 7.0000e+01 1.4781e-01
1.0000e+02 8.0000e+01 -1.1045e+00
1.0000e+02 9.0000e+01 -2.1325e+00
1.0000e+02 1.0000e+02 -9.7715e-01
1.0000e+02 1.1000e+02 7.0722e-01
1.0000e+02 1.2000e+02 -1.0045e+00
1.0000e+02 1.3000e+02 -2.6175e+00
1.0000e+02 1.4000e+02 -2.7509e-01
1.0000e+02 1.5000e+02 9.3356e-01
1.0000e+02 1.6000e+02 2.3957e+00
1.0000e+02 1.7000e+02 2.0998e-01
1.0000e+02 1.8000e+02 -1.4484e+00
1.0000e+02 1.9000e+02 4.2409e-01
1.0000e+02 2.0000e+02 -1.6793e+00
1.1000e+02 -2.0000e+02 6.5285e-01
1.1000e+02 -1.9000e+02 -2.0231e+00
1.1000e+02 -1.8000e+02 -3.3432e-01
1.1000e+02 -1.7000e+02 1.3784e-01
1.1000e+02 -1.6000e+02 5.0737e-01
1.1000e+02 -1.5000e+02 -1.0155e+00
1.1000e+02 -1.4000e+02 4.4848e-01
1.1000e+02 -1.3000e+02 -6.7051e-01
1.1000e+02 -1.2000e+02 -7.4614e-01
1.1000e+02 -1.1000e+02 -1.6841e+00
1.1000e+02 -1.0000e+02 3.4716e-01
1.1000e+02 -9.0000e+01 -2.3633e+00
1.1000e+02 -8.0000e+01 -1.7634e-02
1.1000e+02 -7.0000e+01 1.3223e+00
1.1000e+02 -6.0000e+01 -1.8573e-01
1.1000e+02 -5.0000e+01 -3.5425e+00
1.1000e+02 -4.0000e+01 -3.1408e+00
1.1000e+02 -3.0000e+01 -1.2431e-01
1.1000e+02 -2.0000e+01 -4.8062e+00
1.1000e+02 -1.0000e+01 -8.0678e-01
1.1000e+02 0.0000e+00 -1.1954e-02
1.1000e+02 1.0000e+01 -1.2563e+00
1.1000e+02 2.0000e+01 -2.9607e+00
1.1000e+02 3.0000e+01 -6.6949e+00
1.1000e+02 4.0000e+01 -2.4272e+00
1.1000e+02 5.0000e+01 -2.7099e+00
1.1000e+02 6.0000e+01 -2.2440e+00
1.1000e+02 7.0000e+01 -1.0601e+00
1.1000e+02 8.0000e+01 -1.8492e+00
1.1000e+02 9.0000e+01 7.3426e-02
1.1000e+02 1.0000e+02 7.7320e-01
1.1000e+02 1.1000e+02 -1.0353e+00
1.1000e+02 1.2000e+02 6.6468e-01
1.1000e+02 1.3000e+02 -6.5436e-01
1.1000e+02 1.4000e+02 -2.6803e-01
1.1000e+02 1.5000e+02 -4.8092e-01
1.1000e+02 1.6000e+02 3.8057e+00
1.1000e+02 1.7000e+02 -5.9977e-01
1.1000e+02 1.8000e+02 1.4707e+00
1.1000e+02 1.9000e+02 -2.2353e+00
1.1000e+02 2.0000e+02 1.1295e+00
1.2000e+02 -2.0000e+02 -7.3102e-01
1.2000e+02 -1.9000e+02 -2.5543e+00
1.2000e+02 -1.8000e+02 2.2021e-01
1.2000e+02 -1.7000e+02 -2.7155e-01
1.2000e+02 -1.6000e+02 -3.0174e-01
1.2000e+02 -1.5000e+02 1.7732e-02
1.2000e+02 -1.4000e+02 1.0606e+00
1.2000e+02 -1.3000e+02 -1.1396e+00
1.2000e+02 -1.2000e+02 -2.5165e-01
1.2000e+02 -1.1000e+02 3.3884e-01
1.2000e+02 -1.0000e+02 2.2398e+00
1.2000e+02 -9.0000e+01 1.1574e+00
1.2000e+02 -8.0000e+01 -1.8852e+00
1.2000e+02 -7.0000e+01 -3.3795e+00
1.2000e+02 -6.0000e+01 -2.8390e-02
1.2000e+02 -5.0000e+01 2.5768e-02
1.2000e+02 -4.0000e+01 1.0842e-01
1.2000e+02 -3.0000e+01 1.7565e+00
1.2000e+02 -2.0000e+01 -9.5364e-02
1.2000e+02 -1.0000e+01 -3.0850e+00
1.2000e+02 0.0000e+00 -1.2264e+00
1.2000e+02 1.0000e+01 -2.6069e+00
1.2000e+02 2.0000e+01 -2.8722e+00
1.2000e+02 3.0000e+01 -1.1005e+00
1.2000e+02 4.0000e+01 1.9997e+00
1.2000e+02 5.0000e+01 7.7393e-02
1.2000e+02 6.0000e+01 1.7144e+00
1.2000e+02 7.0000e+01 5.8604e-01
1.2000e+02 8.0000e+01 2.9929e-01
1.2000e+02 9.0000e+01 -4.1079e-03
1.2000e+02 1.0000e+02 -2.0523e-01
1.2000e+02 1.1000e+02 1.1228e+00
1.2000e+02 1.2000e+02 1.0946e+00
1.2000e+02 1.3000e+02 -2.3242e+00
1.2000e+02 1.4000e+02 -9.2862e-01
1.2000e+02 1.5000e+02 -6.5129e-01
1.2000e+02 1.6000e+02 7.1478e-01
1.2000e+02 1.7000e+02 2.0815e+00
1.2000e+02 1.8000e+02 9.4161e-01
1.2000e+02 1.9000e+02 -1.1774e+00
1.2000e+02 2.0000e+02 -9.5659e-01
1.3000e+02 -2.0000e+02 2.5407e+00
1.3000e+02 -1.9000e+02 1.1394e-01
1.3000e+02 -1.8000e+02 -6.4765e-01
1.3000e+02 -1.7000e+02 -1.5088e-01
1.3000e+02 -1.6000e+02 -1.0503e+00
1.3000e+02 -1.5000e+02 3.0326e+00
1.3000e+02 -1.4000e+02 -3.9071e+00
1.3000e+02 -1.3000e+02 -1.6351e+00
1.3000e+02 -1.2000e+02 7.8125e-02
1.3000e+02 -1.1000e+02 2.2571e+00
1.3000e+02 -1.0000e+02 8.6579e-01
1.3000e+02 -9.0000e+01 -2.8706e+00
1.3000e+02 -8.0000e+01 -3.8491e-01
1.3000e+02 -7.0000e+01 -1.1826e+00
1.3000e+02 -6.0000e+01 -2.0114e+00
1.3000e+02 -5.0000e+01 -5.6280e-01
1.3000e+02 -4.0000e+01 -4.0457e+00
1.3000e+02 -3.0000e+01 -1.5215e+00
1.3000e+02 -2.0000e+01 -2.4530e+00
1.3000e+02 -1.0000e+01 1.0694e+00
1.3000e+02 0.0000e+00 4.7158e-01
1.3000e+02 1.0000e+01 1.2928e+00
1.3000e+02 2.0000e+01 -1.1451e+00
1.3000e+02 3.0000e+01 -6.2841e-01
1.3000e+02 4.0000e+01 7.7903e-01
1.3000e+02 5.0000e+01 -3.1811e+00
1.3000e+02 6.0000e+01 1.0785e-01
1.3000e+02 7.0000e+01 -1.1116e+00
1.3000e+02 8.0000e+01 -2.0006e+00
1.3000e+02 9.0000e+01 -2.6209e+00
1.3000e+02 1.0000e+02 5.4747e-01
1.3000e+02 1.1000e+02 -2.7159e+00
1.3000e+02 1.2000e+02 -1.1000e+00
1.3000e+02 1.3000e+02 -2.4216e+00
1.3000e+02 1.4000e+02 3.9481e-01
1.3000e+02 1.5000e+02 5.7354e-01
1.3000e+02 1.6000e+02 -2.9953e+00
1.3000e+02 1.7000e+02 2.0830e+00
1.3000e+02 1.8000e+02 -5.2481e-01
1.3000e+02 1.9000e+02 2.7996e+00
1.3000e+02 2.0000e+02 -1.4014e+00
1.4000e+02 -2.0000e+02 -1.5147e-01
1.4000e+02 -1.9000e+02 -4.2676e+00
1.4000e+02 -1.8000e+02 1.6536e+00
1.4000e+02 -1.7000e+02 -1.0439e+00
1.4000e+02 -1.6000e+02 -1.6128e+00
1.4000e+02 -1.5000e+02 -4.0732e-01
1.4000e+02 -1.4000e+02 9.6053e-02
1.4000e+02 -1.3000e+02 1.5107e+00
1.4000e+02 -1.2000e+02 -1.1864e+00
1.4000e+02 -1.1000e+02 7.5598e-01
1.4000e+02 -1.0000e+02 -7.7407e-01
1.4000e+02 -9.0000e+01 -2.8099e+00
1.4000e+02 -8.0000e+01 -2.9447e+00
1.4000e+02 -7.0000e+01 1.0795e+00
1.4000e+02 -6.0000e+01 4.2771e-01
1.4000e+02 -5.0000e+01 2.3627e-01
1.4000e+02 -4.0000e+01 -3.1422e-01
1.4000e+02 -3.0000e+01 9.6108e-01
1.4000e+02 -2.0000e+01 -7.5509e-01
1.4000e+02 -1.0000e+01 -5.1838e-01
1.4000e+02 0.0000e+00 -3.4741e-01
1.4000e+02 1.0000e+01 2.7976e-01
1.4000e+02 2.0000e+01 -8.3534e-01
1.4000e+02 3.0000e+01 2.2176e+00
1.4000e+02 4.0000e+01 -3.2546e-03
1.4000e+02 5.0000e+01 1.3149e-01
1.4000e+02 6.0000e+01 -1.6415e-01
1.4000e+02 7.0000e+01 -1.9614e+00
1.4000e+02 8.0000e+01 -4.5843e-01
1.4000e+02 9.0000e+01 -2.3726e+00
1.4000e+02 1.0000e+02 9.3732e-01
1.4000e+02 1.1000e+02 1.0029e-02
1.4000e+02 1.2000e+02 1.3699e+00
1.4000e+02 1.3000e+02 4.4063e-01
1.4000e+02 1.4000e+02 -1.3852e+00
1.4000e+02 1.5000e+02 1.8146e+00
1.4000e+02 1.6000e+02 1.0604e+00
1.4000e+02 1.7000e+02 -3.0896e-01
1.4000e+02 1.8000e+02 -9.3456e-01
1.4000e+02 1.9000e+02 -1.1090e+00
1.4000e+02 2.0000e+02 2.4426e+00
1.5000e+02 -2.0000e+02 9.1021e-01
1.5000e+02 -1.9000e+02 5.4832e-01
1.5000e+02 -1.8000e+02 1.7762e+00
1.5000e+02 -1.7000e+02 1.3717e+00
1.5000e+02 -1.6000e+02 1.6242e+00
1.5000e+02 -1.5000e+02 3.4213e-01
1.5000e+02 -1.4000e+02 1.0412e+00
1.5000e+02 -1.3000e+02 -5.0627e-01
1.5000e+02 -1.2000e+02 2.4495e+00
1.5000e+02 -1.1000e+02 -1.0209e+00
1.5000e+02 -1.0000e+02 -1.8241e+00
1.5000e+02 -9.0000e+01 7.5828e-01
1.5000e+02 -8.0000e+01 -2.1362e-02
1.5000e+02 -7.0000e+01 -1.4609e+00
1.5000e+02 -6.0000e+01 1.7825e+00
1.5000e+02 -5.0000e+01 3.7508e-02
1.5000e+02 -4.0000e+01 -2.8763e+00
1.5000e+02 -3.0000e+01 -3.0575e+00
1.5000e+02 -2.0000e+01 -1.9481e+00
1.5000e+02 -1.0000e+01 1.2427e+00
1.5000e+02 0.0000e+00 -5.6002e-01
1.5000e+02 1.0000e+01 9.4800e-01
1.5000e+02 2.0000e+01 5.1970e-01
1.5000e+02 3.0000e+01 -3.3912e+00
1.5000e+02 4.0000e+01 -5.0570e-01
1.5000e+02 5.0000e+01 3.6865e-01
1.5000e+02 6.0000e+01 -1.2402e-01
1.5000e+02 7.0000e+01 3.0162e-01
1.5000e+02 8.0000e+01 -4.3559e-01
1.5000e+02 9.0000e+01 5.9178e-01
1.5000e+02 1.0000e+02 -4.9356e+00
1.5000e+02 1.1000e+02 -4.0351e+00
1.5000e+02 1.2000e+02 2.9604e-01
1.5000e+02 1.3000e+02 9.4573e-01
1.5000e+02 1.4000e+02 2.0330e+00
1.5000e+02 1.5000e+02 1.3070e+00
1.5000e+02 1.6000e+02 -8.9568e-01
1.5000e+02 1.7000e+02 -9.2013e-01
1.5000e+02 1.8000e+02 1.3926e+00
1.5000e+02 1.9000e+02 2.5416e+00
1.5000e+02 2.0000e+02 6.5220e-01
1.6000e+02 -2.0000e+02 1.5476e+00
1.6000e+02 -1.9000e+02 8.1724e-02
1.6000e+02 -1.8000e+02 2.0168e+00
1.6000e+02 -1.7000e+02 -1.4815e+00
1.6000e+02 -1.6000e+02 -2.6035e-01
1.6000e+02 -1.5000e+02 1.1704e+00
1.6000e+02 -1.4000e+02 2.8042e-01
1.6000e+02 -1.3000e+02 -8.9680e-01
1.6000e+02 -1.2000e+02 3.1345e-01
1.6000e+02 -1.1000e+02 2.3285e+00
1.6000e+02 -1.0000e+02 3.0602e-01
1.6000e+02 -9.0000e+01 1.5230e+00
1.6000e+02 -8.0000e+01 -1.5722e+00
1.6000e+02 -7.0000e+01 -3.2541e+00
1.6000e+02 -6.0000e+01 -5.0429e-01
1.6000e+02 -5.0000e+01 1.9894e-01
1.6000e+02 -4.0000e+01 -1.7538e+00
1.6000e+02 -3.0000e+01 -8.4929e-01
1.6000e+02 -2.0000e+01 6.3843e-02
1.6000e+02 -1.0000e+01 1.4268e+00
1.6000e+02 0.0000e+00 -2.9672e+00
1.6000e+02 1.0000e+01 -7.6665e-01
1.6000e+02 2.0000e+01 -2.1260e+00
1.6000e+02 3.0000e+01 2.7133e+00
1.6000e+02 4.0000e+01 1.4734e+00
1.6000e+02 5.0000e+01 -2.7400e+00
1.6000e+02 6.0000e+01 2.4582e-01
1.6000e+02 7.0000e+01 2.5712e+00
1.6000e+02 8.0000e+01 9.8796e-01
1.6000e+02 9.0000e+01 1.7647e-01
1.6000e+02 1.0000e+02 -1.0723e+00
1.6000e+02 1.1000e+02 7.1357e-01
1.6000e+02 1.2000e+02 -6.5472e-01
1.6000e+02 1.3000e+02 3.3101e+00
1.6000e+02 1.4000e+02 5.7661e-01
1.6000e+02 1.5000e+02 -2.5854e+00
1.6000e+02 1.6000e+02 -2.1579e+00
1.6000e+02 1.7000e+02 4.1513e-01
1.6000e+02 1.8000e+02 -5.9322e-01
1.6000e+02 1.9000e+02 -5.2921e-01
1.6000e+02 2.0000e+02 -2.3561e-01
1.7000e+02 -2.0000e+02 3.5986e-01
1.7000e+02 -1.9000e+02 1.6505e+00
1.7000e+02 -1.8000e+02 1.7317e+00
1.7000e+02 -1.7000e+02 1.6050e+00
1.7000e+02 -1.6000e+02 -2.4813e-01
1.7000e+02 -1.5000e+02 1.0188e+00
1.7000e+02 -1.4000e+02 -8.9302e-01
1.7000e+02 -1.3000e+02 3.6431e+00
1.7000e+02 -1.2000e+02 -4.3633e-01
1.7000e+02 -1.1000e+02 8.2818e-01
1.7000e+02 -1.0000e+02 1.2074e+00
1.7000e+02 -9.0000e+01 1.3584e+00
1.7000e+02 -8.0000e+01 -1.7267e+00
1.7000e+02 -7.0000e+01 1.9391e-01
1.7000e+02 -6.0000e+01 1.5968e+00
1.7000e+02 -5.0000e+01 -4.2701e+00
1.7000e+02 -4.0000e+01 6.1423e-01
1.7000e+02 -3.0000e+01 -1.1766e+00
1.7000e+02 -2.0000e+01 1.4259e-01
1.7000e+02 -1.0000e+01 1.5090e+00
1.7000e+02 0.0000e+00 -1.0989e+00
1.7000e+02 1.0000e+01 1.8006e+00
1.7000e+02 2.0000e+01 -2.7039e-01
1.7000e+02 3.0000e+01 -2.3100e+00
1.7000e+02 4.0000e+01 1.1291e+00
1.7000e+02 5.0000e+01 1.1155e+00
1.7000e+02 6.0000e+01 2.1694e+00
1.7000e+02 7.0000e+01 -4.1077e-01
1.7000e+02 8.0000e+01 5.1422e-01
1.7000e+02 9.0000e+01 1.8263e+00
1.7000e+02 1.0000e+02 1.6661e+00
1.7000e+02 1.1000e+02 3.5483e-01
1.7000e+02 1.2000e+02 2.2373e+00
1.7000e+02 1.3000e+02 -3.1927e-01
1.7000e+02 1.4000e+02 3.0596e-01
1.7000e+02 1.5000e+02 -3.3586e+00
1.7000e+02 1.6000e+02 -4.0970e-01
1.7000e+02 1.7000e+02 5.3929e-01
1.7000e+02 1.8000e+02 4.3624e-01
1.7000e+02 1.9000e+02 -1.8512e+00
1.7000e+02 2.0000e+02 1.7340e+00
1.8000e+02 -2.0000e+02 1.5605e-01
1.8000e+02 -1.9000e+02 7.6480e-01
1.8000e+02 -1.8000e+02 -2.5237e+00
1.8000e+02 -1.7000e+02 -1.1038e+00
1.8000e+02 -1.6000e+02 3.0247e-01
1.8000e+02 -1.5000e+02 -2.7358e+00
1.8000e+02 -1.4000e+02 1.0970e+00
1.8000e+02 -1.3000e+02 -5.7422e-01
1.8000e+02 -1.2000e+02 -1.5119e+00
1.8000e+02 -1.1000e+02 -1.8401e-01
1.8000e+02 -1.0000e+02 -2.4576e+00
1.8000e+02 -9.0000e+01 -1.5606e+00
1.8000e+02 -8.0000e+01 -4.5945e-01
1.8000e+02 -7.0000e+01 -3.7469e-01
1.8000e+02 -6.0000e+01 2.2636e+00
1.8000e+02 -5.0000e+01 -2.9190e+00
1.8000e+02 -4.0000e+01 2.3383e+00
1.8000e+02 -3.0000e+01 -5.6737e-01
1.8000e+02 -2.0000e+01 -7.4652e-01
1.8000e+02 -1.0000e+01 -1.0041e+00
1.8000e+02 0.0000e+00 -1.6043e+00
1.8000e+02 1.0000e+01 8.8879e-02
1.8000e+02 2.0000e+01 1.5308e+00
1.8000e+02 3.0000e+01 -4.9619e+00
1.8000e+02 4.0000e+01 2.5414e-01
1.8000e+02 5.0000e+01 -4.6107e-01
1.8000e+02 6.0000e+01 9.5478e-01
1.8000e+02 7.0000e+01 2.6495e-01
1.8000e+02 8.0000e+01 1.7359e-01
1.8000e+02 9.0000e+01 -1.7960e+00
1.8000e+02 1.0000e+02 2.0621e-01
1.8000e+02 1.1000e+02 -1.7881e+00
1.8000e+02 1.2000e+02 9.2797e-01
1.8000e+02 1.3000e+02 -2.9987e-01
1.8000e+02 1.4000e+02 9.4235e-02
1.8000e+02 1.5000e+02 2.9587e+00
1.8000e+02 1.6000e+02 -1.0000e-01
1.8000e+02 1.7000e+02 1.6555e+00
1.8000e+02 1.8000e+02 4.4546e-02
1.8000e+02 1.9000e+02 3.9774e+00
1.8000e+02 2.0000e+02 2.8151e+00
1.9000e+02 -2.0000e+02 9.5278e-01
1.9000e+02 -1.9000e+02 -4.4845e+00
1.9000e+02 -1.8000e+02 1.8129e+00
1.9000e+02 -1.7000e+02 -1.6186e+00
1.9000e+02 -1.6000e+02 -2.2764e-03
1.9000e+02 -1.5000e+02 1.3317e+00
1.9000e+02 -1.4000e+02 3.4875e-01
1.9000e+02 -1.3000e+02 9.1114e-01
1.9000e+02 -1.2000e+02 3.6628e-02
1.9000e+02 -1.1000e+02 1.2243e+00
1.9000e+02 -1.0000e+02 -2.8620e+00
1.9000e+02 -9.0000e+01 -1.7885e+00
1.9000e+02 -8.0000e+01 1.1031e+00
1.9000e+02 -7.0000e+01 7.9351e-01
1.9000e+02 -6.0000e+01 -1.9353e+00
1.9000e+02 -5.0000e+01 5.0093e-01
1.9000e+02 -4.0000e+01 1.0062e+00
1.9000e+02 -3.0000e+01 -5.9195e-01
1.9000e+02 -2.0000e+01 5.4645e-01
1.9000e+02 -1.0000e+01 2.5925e+00
1.9000e+02 0.0000e+00 1.9231e-01
1.9000e+02 1.0000e+01 -3.4590e-01
1.9000e+02 2.0000e+01 -1.1105e+00
1.9000e+02 3.0000e+01 -1.6415e+00
1.9000e+02 4.0000e+01 -1.2223e+00
1.9000e+02 5.0000e+01 -4.3076e-02
1.9000e+02 6.0000e+01 1.0891e+00
1.9000e+02 7.0000e+01 -7.3630e-02
1.9000e+02 8.0000e+01 -5.4432e-02
1.9000e+02 9.0000e+01 7.8161e-01
1.9000e+02 1.0000e+02 -1.6048e+00
1.9000e+02 1.1000e+02 -6.2203e-01
1.9000e+02 1.2000e+02 -1.2499e-01
1.9000e+02 1.3000e+02 -1.4894e+00
1.9000e+02 1.4000e+02 -2.0712e+00
1.9000e+02 1.5000e+02 1.8391e+00
1.9000e+02 1.6000e+02 -1.6532e-02
1.9000e+02 1.7000e+02 1.7799e-01
1.9000e+02 1.8000e+02 -2.9108e+00
1.9000e+02 1.9000e+02 -2.6621e+00
1.9000e+02 2.0000e+02 6.5601e-01
2.0000e+02 -2.0000e+02 -1.8949e+00
2.0000e+02 -1.9000e+02 -5.9074e-01
2.0000e+02 -1.8000e+02 -6.4495e-01
2.0000e+02 -1.7000e+02 -1.2125e+00
2.0000e+02 -1.6000e+02 -1.4995e+00
2.0000e+02 -1.5000e+02 -8.0330e-01
2.0000e+02 -1.4000e+02 -1.5864e-01
2.0000e+02 -1.3000e+02 -8.9741e-01
2.0000e+02 -1.2000e+02 3.6497e-01
2.0000e+02 -1.1000e+02 -2.9652e+00
2.0000e+02 -1.0000e+02 -2.5114e+00
2.0000e+02 -9.0000e+01 1.7248e+00
2.0000e+02 -8.0000e+01 1.2512e-01
2.0000e+02 -7.0000e+01 5.9085e-01
2.0000e+02 -6.0000e+01 1.4280e-01
2.0000e+02 -5.0000e+01 4.7977e-02
2.0000e+02 -4.0000e+01 -1.4684e+00
2.0000e+02 -3.0000e+01 2.4189e+00
2.0000e+02 -2.0000e+01 4.5297e-01
2.0000e+02 -1.0000e+01 -2.8693e+00
2.0000e+02 0.0000e+00 1.0399e+00
2.0000e+02 1.0000e+01 1.1208e+00
2.0000e+02 2.0000e+01 -2.3137e+00
2.0000e+02 3.0000e+01 -3.2788e-01
2.0000e+02 4.0000e+01 -1.1302e+00
2.0000e+02 5.0000e+01 4.6117e-01
2.0000e+02 6.0000e+01 8.0801e-01
2.0000e+02 7.0000e+01 -9.0489e-01
2.0000e+02 8.0000e+01 1.6645e-01
2.0000e+02 9.0000e+01 -1.3036e+00
2.0000e+02 1.0000e+02 4.4503e-01
2.0000e+02 1.1000e+02 -1.7362e+00
2.0000e+02 1.2000e+02 -8.2889e-01
2.0000e+02 1.3000e+02 2.8819e-01
2.0000e+02 1.4000e+02 -3.5175e+00
2.0000e+02 1.5000e+02 3.0199e-01
2.0000e+02 1.6000e+02 -1.7974e-01
2.0000e+02 1.7000e+02 -1.7098e-01
2.0000e+02 1.8000e+02 -1.0049e+00
2.0000e+02 1.9000e+02 -3.0348e-01
2.0000e+02 2.0000e+02 2.6364e+00
