-2.0000e+02 -2.0000e+02 -4.2700e-01
-2.0000e+02 -1.9000e+02 -1.2605e+00
-2.0000e+02 -1.8000e+02 -2.6565e+00
-2.0000e+02 -1.7000e+02 -6.1342e-01
-2.0000e+02 -1.6000e+02 -1.4534e+00
-2.0000e+02 -1.5000e+02 3.9640e-02
-2.0000e+02 -1.4000e+02 8.8867e-01
-2.0000e+02 -1.3000e+02 -5.0572e-01
-2.0000e+02 -1.2000e+02 -5.3827e-01
-2.0000e+02 -1.1000e+02 -3.7130e-01
-2.0000e+02 -1.0000e+02 -6.4090e-01
-2.0000e+02 -9.0000e+01 1.9132e+00
-2.0000e+02 -8.0000e+01 1.9645e+00
-2.0000e+02 -7.0000e+01 -1.3671e+00
-2.0000e+02 -6.0000e+01 1.2491e+00
-2.0000e+02 -5.0000e+01 1.5468e+00
-2.0000e+02 -4.0000e+01 1.9844e+00
-2.0000e+02 -3.0000e+01 1.5739e+00
-2.0000e+02 -2.0000e+01 -1.6966e+00
-2.0000e+02 -1.0000e+01 -2.5103e+00
-2.0000e+02 0.0000e+00 -2.2868e+00
-2.0000e+02 1.0000e+01 8.9910e-01
-2.0000e+02 2.0000e+01 1.3803e+00
-2.0000e+02 3.0000e+01 2.8449e+00
-2.0000e+02 4.0000e+01 4.0275e-01
-2.0000e+02 5.0000e+01 1.1877e+00
-2.0000e+02 6.0000e+01 -4.7083e-02
-2.0000e+02 7.0000e+01 -4.7439e-01
-2.0000e+02 8.0000e+01 -2.1030e+00
-2.0000e+02 9.0000e+01 1.5397e+00
-2.0000e+02 1.0000e+02 4.0924e-01
-2.0000e+02 1.1000e+02 -3.9055e+00
-2.0000e+02 1.2000e+02 1.0158e+00
-2.0000e+02 1.3000e+02 -1.7242e+00
-2.0000e+02 1.4000e+02 -2.3273e+00
-2.0000e+02 1.5000e+02 -4.9181e-01
-2.0000e+02 1.6000e+02 1.4810e+00
-2.0000e+02 1.7000e+02 1.5682e+00
-2.0000e+02 1.8000e+02 -1.3372e+00
-2.0000e+02 1.9000e+02 -3.2092e-01
-2.0000e+02 2.0000e+02 -8.3038e-01
-1.9000e+02 -2.0000e+02 4.5637e-01
-1.9000e+02 -1.9000e+02 3.4496e-01
-1.9000e+02 -1.8000e+02 -4.0501e-01
-1.9000e+02 -1.7000e+02 3.9830e+00
-1.9000e+02 -1.6000e+02 -1.2028e+00
-1.9000e+02 -1.5000e+02 1.7160e+00
-1.9000e+02 -1.4000e+02 -1.3604e+00
-1.9000e+02 -1.3000e+02 4.1141e-01
-1.9000e+02 -1.2000e+02 2.5308e-03
-1.9000e+02 -1.1000e+02 -1.0819e+00
-1.9000e+02 -1.0000e+02 -1.0310e+00
-1.9000e+02 -9.0000e+01 -1.1838e+00
-1.9000e+02 -8.0000e+01 -1.4507e+00
-1.9000e+02 -7.0000e+01 -4.5735e-01
-1.9000e+02 -6.0000e+01 9.1589e-01
-1.9000e+02 -5.0000e+01 6.5506e-01
-1.9000e+02 -4.0000e+01 5.1021e-01
-1.9000e+02 -3.0000e+01 -3.0556e-01
-1.9000e+02 -2.0000e+01 1.3997e-01
-1.9000e+02 -1.0000e+01 1.7375e+00
-1.9000e+02 0.0000e+00 3.1704e+00
-1.9000e+02 1.0000e+01 3.1643e+00
-1.9000e+02 2.0000e+01 3.0922e+00
-1.9000e+02 3.0000e+01 -2.0053e-01
-1.9000e+02 4.0000e+01 5.9230e-01
-1.9000e+02 5.0000e+01 1.7758e+00
-1.9000e+02 6.0000e+01 3.4721e-01
-1.9000e+02 7.0000e+01 1.0292e+00
-1.9000e+02 8.0000e+01 1.2986e-01
-1.9000e+02 9.0000e+01 3.7754e-01
-1.9000e+02 1.0000e+02 -5.2265e-01
-1.9000e+02 1.1000e+02 4.1009e-01
-1.9000e+02 1.2000e+02 -7.8799e-01
-1.9000e+02 1.3000e+02 1.0010e+00
-1.9000e+02 1.4000e+02 -1.6875e-02
-1.9000e+02 1.5000e+02 2.5444e+00
-1.9000e+02 1.6000e+02 1.1806e+00
-1.9000e+02 1.7000e+02 2.8315e+00
-1.9000e+02 1.8000e+02 1.0466e+00
-1.9000e+02 1.9000e+02 -1.7582e+00
-1.9000e+02 2.0000e+02 -2.6485e+00
-1.8000e+02 -2.0000e+02 -4.8197e-01
-1.8000e+02 -1.9000e+02 5.1424e-01
-1.8000e+02 -1.8000e+02 1.4821e+00
-1.8000e+02 -1.7000e+02 6.8776e-02
-1.8000e+02 -1.6000e+02 -2.4890e+00
-1.8000e+02 -1.5000e+02 -1.3752e+00
-1.8000e+02 -1.4000e+02 9.3552e-01
-1.8000e+02 -1.3000e+02 -8.2371e-01
-1.8000e+02 -1.2000e+02 -2.7997e-01
-1.8000e+02 -1.1000e+02 4.6012e-01
-1.8000e+02 -1.0000e+02 1.9305e+00
-1.8000e+02 -9.0000e+01 1.3696e+00
-1.8000e+02 -8.0000e+01 9.0415e-01
-1.8000e+02 -7.0000e+01 5.9234e-01
-1.8000e+02 -6.0000e+01 3.3445e-02
-1.8000e+02 -5.0000e+01 1.3156e+00
-1.8000e+02 -4.0000e+01 7.9003e-01
-1.8000e+02 -3.0000e+01 -2.9846e+00
-1.8000e+02 -2.0000e+01 2.6489e+00
-1.8000e+02 -1.0000e+01 -2.6991e+00
-1.8000e+02 0.0000e+00 -1.4113e-02
-1.8000e+02 1.0000e+01 -2.4713e+00
-1.8000e+02 2.0000e+01 1.4675e+00
-1.8000e+02 3.0000e+01 1.3618e+00
-1.8000e+02 4.0000e+01 -3.8746e+00
-1.8000e+02 5.0000e+01 -1.8791e+00
-1.8000e+02 6.0000e+01 -7.9690e-01
-1.8000e+02 7.0000e+01 1.5092e+00
-1.8000e+02 8.0000e+01 7.0664e-01
-1.8000e+02 9.0000e+01 -1.4418e+00
-1.8000e+02 1.0000e+02 -7.9839e-01
-1.8000e+02 1.1000e+02 -6.4348e-01
-1.8000e+02 1.2000e+02 2.3098e+00
-1.8000e+02 1.3000e+02 1.4016e+00
-1.8000e+02 1.4000e+02 -3.1737e+00
-1.8000e+02 1.5000e+02 6.2513e-01
-1.8000e+02 1.6000e+02 -7.1769e-02
-1.8000e+02 1.7000e+02 -1.3595e-01
-1.8000e+02 1.8000e+02 -8.8578e-01
-1.8000e+02 1.9000e+02 -2.2820e-01
-1.8000e+02 2.0000e+02 3.5282e+00
-1.7000e+02 -2.0000e+02 -2.0490e+00
-1.7000e+02 -1.9000e+02 1.2132e+00
-1.7000e+02 -1.8000e+02 -1.5835e+00
-1.7000e+02 -1.7000e+02 -3.5025e+00
-1.7000e+02 -1.6000e+02 -4.6593e-02
-1.7000e+02 -1.5000e+02 -2.9312e+00
-1.7000e+02 -1.4000e+02 -4.3407e-01
-1.7000e+02 -1.3000e+02 -3.5486e+00
-1.7000e+02 -1.2000e+02 -4.7773e-01
-1.7000e+02 -1.1000e+02 -9.2529e-01
-1.7000e+02 -1.0000e+02 1.9004e+00
-1.7000e+02 -9.0000e+01 -1.2651e+00
-1.7000e+02 -8.0000e+01 -2.3325e+00
-1.7000e+02 -7.0000e+01 -5.9679e-01
-1.7000e+02 -6.0000e+01 4.8591e-01
-1.7000e+02 -5.0000e+01 -1.5812e+00
-1.7000e+02 -4.0000e+01 -5.3327e-01
-1.7000e+02 -3.0000e+01 5.9284e-01
-1.7000e+02 -2.0000e+01 -2.0847e+00
-1.7000e+02 -1.0000e+01 -8.4590e-01
-1.7000e+02 0.0000e+00 8.6264e-01
-1.7000e+02 1.0000e+01 -1.8559e+00
-1.7000e+02 2.0000e+01 1.7319e+00
-1.7000e+02 3.0000e+01 -1.3291e+00
-1.7000e+02 4.0000e+01 1.5542e+00
-1.7000e+02 5.0000e+01 1.6452e+00
-1.7000e+02 6.0000e+01 -3.3061e+00
-1.7000e+02 7.0000e+01 9.4930e-01
-1.7000e+02 8.0000e+01 -1.6712e+00
-1.7000e+02 9.0000e+01 4.5369e-01
-1.7000e+02 1.0000e+02 -9.9436e-02
-1.7000e+02 1.1000e+02 -2.1403e-01
-1.7000e+02 1.2000e+02 -2.5567e+00
-1.7000e+02 1.3000e+02 -2.0243e+00
-1.7000e+02 1.4000e+02 -1.2787e+00
-1.7000e+02 1.5000e+02 -1.2460e+00
-1.7000e+02 1.6000e+02 1.7741e+00
-1.7000e+02 1.7000e+02 -1.1397e+00
-1.7000e+02 1.8000e+02 -1.5100e+00
-1.7000e+02 1.9000e+02 -1.1582e+00
-1.7000e+02 2.0000e+02 -5.1099e-01
-1.6000e+02 -2.0000e+02 1.2182e+00
-1.6000e+02 -1.9000e+02 -1.3702e+00
-1.6000e+02 -1.8000e+02 1.2924e+00
-1.6000e+02 -1.7000e+02 9.6152e-01
-1.6000e+02 -1.6000e+02 8.0407e-01
-1.6000e+02 -1.5000e+02 5.0036e-01
-1.6000e+02 -1.4000e+02 -1.6672e+00
-1.6000e+02 -1.3000e+02 9.6481e-01
-1.6000e+02 -1.2000e+02 6.4432e-01
-1.6000e+02 -1.1000e+02 1.8110e+00
-1.6000e+02 -1.0000e+02 -9.2060e-01
-1.6000e+02 -9.0000e+01 8.1626e-01
-1.6000e+02 -8.0000e+01 1.0914e-01
-1.6000e+02 -7.0000e+01 -1.3287e+00
-1.6000e+02 -6.0000e+01 -1.4955e+00
-1.6000e+02 -5.0000e+01 -2.4693e+00
-1.6000e+02 -4.0000e+01 -1.7276e+00
-1.6000e+02 -3.0000e+01 3.6804e+00
-1.6000e+02 -2.0000e+01 2.5070e-01
-1.6000e+02 -1.0000e+01 4.0766e-01
-1.6000e+02 0.0000e+00 1.7855e+00
-1.6000e+02 1.0000e+01 9.8482e-01
-1.6000e+02 2.0000e+01 -2.0581e+00
-1.6000e+02 3.0000e+01 3.4919e+00
-1.6000e+02 4.0000e+01 -4.8141e-01
-1.6000e+02 5.0000e+01 6.4570e-01
-1.6000e+02 6.0000e+01 2.0470e-01
-1.6000e+02 7.0000e+01 1.2475e-01
-1.6000e+02 8.0000e+01 -3.3006e+00
-1.6000e+02 9.0000e+01 -9.4934e-01
-1.6000e+02 1.0000e+02 -1.5993e+00
-1.6000e+02 1.1000e+02 -2.6440e-02
-1.6000e+02 1.2000e+02 -7.6672e-01
-1.6000e+02 1.3000e+02 1.3595e+00
-1.6000e+02 1.4000e+02 1.1926e+00
-1.6000e+02 1.5000e+02 -4.0858e-01
-1.6000e+02 1.6000e+02 -1.1703e+00
-1.6000e+02 1.7000e+02 2.9841e+00
-1.6000e+02 1.8000e+02 -9.7259e-01
-1.6000e+02 1.9000e+02 2.6045e-01
-1.6000e+02 2.0000e+02 -2.6984e+00
-1.5000e+02 -2.0000e+02 -2.9322e+00
-1.5000e+02 -1.9000e+02 2.2515e+00
-1.5000e+02 -1.8000e+02 -1.7405e-01
-1.5000e+02 -1.7000e+02 -2.8863e-01
-1.5000e+02 -1.6000e+02 2.1964e+00
-1.5000e+02 -1.5000e+02 1.9728e-01
-1.5000e+02 -1.4000e+02 -3.5877e-01
-1.5000e+02 -1.3000e+02 -1.0763e+00
-1.5000e+02 -1.2000e+02 -1.7471e+00
-1.5000e+02 -1.1000e+02 2.5937e+00
-1.5000e+02 -1.0000e+02 -2.6876e+00
-1.5000e+02 -9.0000e+01 2.6577e+00
-1.5000e+02 -8.0000e+01 -9.3649e-01
-1.5000e+02 -7.0000e+01 -3.4754e-01
-1.5000e+02 -6.0000e+01 -1.1789e+00
-1.5000e+02 -5.0000e+01 5.5095e-01
-1.5000e+02 -4.0000e+01 1.1043e+00
-1.5000e+02 -3.0000e+01 1.4853e+00
-1.5000e+02 -2.0000e+01 -1.6899e+00
-1.5000e+02 -1.0000e+01 -3.9392e-01
-1.5000e+02 0.0000e+00 -5.4294e-01
-1.5000e+02 1.0000e+01 -1.8543e+00
-1.5000e+02 2.0000e+01 -1.5594e+00
-1.5000e+02 3.0000e+01 2.5317e-01
-1.5000e+02 4.0000e+01 2.9046e+00
-1.5000e+02 5.0000e+01 -4.1764e-01
-1.5000e+02 6.0000e+01 -1.5312e+00
-1.5000e+02 7.0000e+01 -9.1458e-01
-1.5000e+02 8.0000e+01 -5.5845e+00
-1.5000e+02 9.0000e+01 -2.7837e+00
-1.5000e+02 1.0000e+02 -5.1565e-01
-1.5000e+02 1.1000e+02 2.2763e+00
-1.5000e+02 1.2000e+02 7.8310e-01
-1.5000e+02 1.3000e+02 2.2492e+00
-1.5000e+02 1.4000e+02 -1.0692e+00
-1.5000e+02 1.5000e+02 -2.8911e-01
-1.5000e+02 1.6000e+02 -2.0998e+00
-1.5000e+02 1.7000e+02 -1.2817e+00
-1.5000e+02 1.8000e+02 -8.7502e-01
-1.5000e+02 1.9000e+02 -8.6232e-01
-1.5000e+02 2.0000e+02 -1.7583e-01
-1.4000e+02 -2.0000e+02 3.9471e-01
-1.4000e+02 -1.9000e+02 -1.9858e+00
-1.4000e+02 -1.8000e+02 2.2122e+00
-1.4000e+02 -1.7000e+02 3.4872e+00
-1.4000e+02 -1.6000e+02 -1.8646e+00
-1.4000e+02 -1.5000e+02 -5.7702e-01
-1.4000e+02 -1.4000e+02 1.1420e+00
-1.4000e+02 -1.3000e+02 3.6429e-01
-1.4000e+02 -1.2000e+02 -1.1461e+00
-1.4000e+02 -1.1000e+02 1.3070e+00
-1.4000e+02 -1.0000e+02 3.9455e-01
-1.4000e+02 -9.0000e+01 -1.3534e+00
-1.4000e+02 -8.0000e+01 1.8166e+00
-1.4000e+02 -7.0000e+01 6.0042e-01
-1.4000e+02 -6.0000e+01 7.9849e-01
-1.4000e+02 -5.0000e+01 -1.6834e+00
-1.4000e+02 -4.0000e+01 8.9333e-01
-1.4000e+02 -3.0000e+01 -8.0801e-01
-1.4000e+02 -2.0000e+01 -7.8804e-01
-1.4000e+02 -1.0000e+01 -7.3877e-01
-1.4000e+02 0.0000e+00 2.5551e-01
-1.4000e+02 1.0000e+01 -1.4314e+00
-1.4000e+02 2.0000e+01 -2.7150e+00
-1.4000e+02 3.0000e+01 1.6128e+00
-1.4000e+02 4.0000e+01 2.7161e+00
-1.4000e+02 5.0000e+01 3.4469e+00
-1.4000e+02 6.0000e+01 -1.0131e+00
-1.4000e+02 7.0000e+01 -1.2612e+00
-1.4000e+02 8.0000e+01 3.7332e-01
-1.4000e+02 9.0000e+01 6.1910e-01
-1.4000e+02 1.0000e+02 -4.0468e-01
-1.4000e+02 1.1000e+02 5.8925e-01
-1.4000e+02 1.2000e+02 1.0300e+00
-1.4000e+02 1.3000e+02 -2.1462e+00
-1.4000e+02 1.4000e+02 1.7438e+00
-1.4000e+02 1.5000e+02 7.5819e-01
-1.4000e+02 1.6000e+02 -2.5840e-01
-1.4000e+02 1.7000e+02 -1.6844e+00
-1.4000e+02 1.8000e+02 -2.6038e+00
-1.4000e+02 1.9000e+02 1.3914e+00
-1.4000e+02 2.0000e+02 -1.6482e+00
-1.3000e+02 -2.0000e+02 -1.4320e+00
-1.3000e+02 -1.9000e+02 2.0810e+00
-1.3000e+02 -1.8000e+02 -1.3575e+00
-1.3000e+02 -1.7000e+02 -2.8935e-01
-1.3000e+02 -1.6000e+02 1.6498e+00
-1.3000e+02 -1.5000e+02 -7.8476e-01
-1.3000e+02 -1.4000e+02 -9.1064e-01
-1.3000e+02 -1.3000e+02 7.0262e-01
-1.3000e+02 -1.2000e+02 -2.2299e+00
-1.3000e+02 -1.1000e+02 1.7665e+00
-1.3000e+02 -1.0000e+02 7.8269e-01
-1.3000e+02 -9.0000e+01 3.9041e-01
-1.3000e+02 -8.0000e+01 -4.4573e-01
-1.3000e+02 -7.0000e+01 -9.2429e-01
-1.3000e+02 -6.0000e+01 -2.1026e+00
-1.3000e+02 -5.0000e+01 -2.1596e-01
-1.3000e+02 -4.0000e+01 5.9014e-01
-1.3000e+02 -3.0000e+01 7.6466e-01
-1.3000e+02 -2.0000e+01 -5.5051e-01
-1.3000e+02 -1.0000e+01 -1.4359e+00
-1.3000e+02 0.0000e+00 -5.0959e-01
-1.3000e+02 1.0000e+01 -1.4220e+00
-1.3000e+02 2.0000e+01 -9.2604e-01
-1.3000e+02 3.0000e+01 -2.4568e-01
-1.3000e+02 4.0000e+01 1.5263e+00
-1.3000e+02 5.0000e+01 -7.3959e-01
-1.3000e+02 6.0000e+01 -1.4958e+00
-1.3000e+02 7.0000e+01 1.4179e-01
-1.3000e+02 8.0000e+01 7.9778e-01
-1.3000e+02 9.0000e+01 1.4679e+00
-1.3000e+02 1.0000e+02 -1.6808e-01
-1.3000e+02 1.1000e+02 -8.3387e-01
-1.3000e+02 1.2000e+02 1.7389e+00
-1.3000e+02 1.3000e+02 -1.0638e+00
-1.3000e+02 1.4000e+02 -3.2113e+00
-1.3000e+02 1.5000e+02 -1.1519e+00
-1.3000e+02 1.6000e+02 1.3746e+00
-1.3000e+02 1.7000e+02 1.5697e+00
-1.3000e+02 1.8000e+02 9.3042e-02
-1.3000e+02 1.9000e+02 -3.8801e+00
-1.3000e+02 2.0000e+02 -4.0903e+00
-1.2000e+02 -2.0000e+02 -2.6788e+00
-1.2000e+02 -1.9000e+02 -7.7957e-01
-1.2000e+02 -1.8000e+02 2.0066e+00
-1.2000e+02 -1.7000e+02 -6.4480e-02
-1.2000e+02 -1.6000e+02 3.8638e-01
-1.2000e+02 -1.5000e+02 1.2936e-01
-1.2000e+02 -1.4000e+02 -9.3308e-02
-1.2000e+02 -1.3000e+02 -1.7054e-01
-1.2000e+02 -1.2000e+02 -2.2445e+00
-1.2000e+02 -1.1000e+02 7.5003e-01
-1.2000e+02 -1.0000e+02 -5.2864e-01
-1.2000e+02 -9.0000e+01 1.3779e-01
-1.2000e+02 -8.0000e+01 2.4444e+00
-1.2000e+02 -7.0000e+01 1.7743e+00
-1.2000e+02 -6.0000e+01 -1.5792e+00
-1.2000e+02 -5.0000e+01 3.5521e-01
-1.2000e+02 -4.0000e+01 -1.7735e+00
-1.2000e+02 -3.0000e+01 -3.3144e-01
-1.2000e+02 -2.0000e+01 -2.1522e+00
-1.2000e+02 -1.0000e+01 -3.9513e+00
-1.2000e+02 0.0000e+00 -2.8129e+00
-1.2000e+02 1.0000e+01 -5.0784e-01
-1.2000e+02 2.0000e+01 -2.7270e+00
-1.2000e+02 3.0000e+01 -2.1233e+00
-1.2000e+02 4.0000e+01 2.3200e-02
-1.2000e+02 5.0000e+01 -9.9560e-02
-1.2000e+02 6.0000e+01 -8.1646e-01
-1.2000e+02 7.0000e+01 -1.4353e-01
-1.2000e+02 8.0000e+01 -1.6359e+00
-1.2000e+02 9.0000e+01 -7.0927e-01
-1.2000e+02 1.0000e+02 -1.3567e+00
-1.2000e+02 1.1000e+02 3.8921e+00
-1.2000e+02 1.2000e+02 -1.2294e-02
-1.2000e+02 1.3000e+02 2.1422e+00
-1.2000e+02 1.4000e+02 4.4393e-01
-1.2000e+02 1.5000e+02 3.4075e-02
-1.2000e+02 1.6000e+02 1.1327e+00
-1.2000e+02 1.7000e+02 3.2859e-03
-1.2000e+02 1.8000e+02 3.6508e-01
-1.2000e+02 1.9000e+02 2.3141e+00
-1.2000e+02 2.0000e+02 1.8907e+00
-1.1000e+02 -2.0000e+02 1.9353e+00
-1.1000e+02 -1.9000e+02 3.4187e-01
-1.1000e+02 -1.8000e+02 -1.6487e+00
-1.1000e+02 -1.7000e+02 -1.4474e+00
-1.1000e+02 -1.6000e+02 -1.8965e+00
-1.1000e+02 -1.5000e+02 -1.1282e+00
-1.1000e+02 -1.4000e+02 3.1545e-01
-1.1000e+02 -1.3000e+02 -2.2553e-01
-1.1000e+02 -1.2000e+02 -5.5635e-01
-1.1000e+02 -1.1000e+02 2.3870e+00
-1.1000e+02 -1.0000e+02 9.1932e-01
-1.1000e+02 -9.0000e+01 -2.9770e+00
-1.1000e+02 -8.0000e+01 3.7699e-01
-1.1000e+02 -7.0000e+01 -5.0883e+00
-1.1000e+02 -6.0000e+01 -2.8804e+00
-1.1000e+02 -5.0000e+01 -4.4558e+00
-1.1000e+02 -4.0000e+01 -1.3400e+00
-1.1000e+02 -3.0000e+01 -1.6562e+00
-1.1000e+02 -2.0000e+01 -4.1002e+00
-1.1000e+02 -1.0000e+01 -3.3191e+00
-1.1000e+02 0.0000e+00 -1.1352e+00
-1.1000e+02 1.0000e+01 -1.3932e+00
-1.1000e+02 2.0000e+01 -2.6209e+00
-1.1000e+02 3.0000e+01 -4.5974e+00
-1.1000e+02 4.0000e+01 8.0840e-01
-1.1000e+02 5.0000e+01 -1.7044e+00
-1.1000e+02 6.0000e+01 -5.8214e-01
-1.1000e+02 7.0000e+01 -8.1908e-01
-1.1000e+02 8.0000e+01 -8.5137e-01
-1.1000e+02 9.0000e+01 -2.5229e+00
-1.1000e+02 1.0000e+02 -6.7130e-01
-1.1000e+02 1.1000e+02 -1.0183e+00
-1.1000e+02 1.2000e+02 -1.8446e+00
-1.1000e+02 1.3000e+02 -7.5954e-01
-1.1000e+02 1.4000e+02 2.1283e+00
-1.1000e+02 1.5000e+02 -1.4940e+00
-1.1000e+02 1.6000e+02 4.7914e-01
-1.1000e+02 1.7000e+02 1.3091e+00
-1.1000e+02 1.8000e+02 -1.6694e-01
-1.1000e+02 1.9000e+02 -1.8131e+00
-1.1000e+02 2.0000e+02 -1.6326e+00
-1.0000e+02 -2.0000e+02 2.4229e+00
-1.0000e+02 -1.9000e+02 -7.1412e-01
-1.0000e+02 -1.8000e+02 1.1005e+00
-1.0000e+02 -1.7000e+02 -1.0613e+00
-1.0000e+02 -1.6000e+02 1.2237e+00
-1.0000e+02 -1.5000e+02 8.6664e-01
-1.0000e+02 -1.4000e+02 -1.1081e+00
-1.0000e+02 -1.3000e+02 -1.1648e+00
-1.0000e+02 -1.2000e+02 -5.0012e-01
-1.0000e+02 -1.1000e+02 5.2138e-01
-1.0000e+02 -1.0000e+02 -1.1308e+00
-1.0000e+02 -9.0000e+01 -1.3746e+00
-1.0000e+02 -8.0000e+01 2.0229e+00
-1.0000e+02 -7.0000e+01 1.1683e+00
-1.0000e+02 -6.0000e+01 -2.6208e+00
-1.0000e+02 -5.0000e+01 -3.1759e+00
-1.0000e+02 -4.0000e+01 -6.4437e+00
-1.0000e+02 -3.0000e+01 -3.5301e+00
-1.0000e+02 -2.0000e+01 -3.4729e+00
-1.0000e+02 -1.0000e+01 -2.1035e+00
-1.0000e+02 0.0000e+00 -2.6530e+00
-1.0000e+02 1.0000e+01 -2.4506e+00
-1.0000e+02 2.0000e+01 -2.9358e+00
-1.0000e+02 3.0000e+01 -5.0454e+00
-1.0000e+02 4.0000e+01 -1.7860e+00
-1.0000e+02 5.0000e+01 -5.1149e+00
-1.0000e+02 6.0000e+01 -9.3754e-01
-1.0000e+02 7.0000e+01 -3.2241e+00
-1.0000e+02 8.0000e+01 -4.9853e-01
-1.0000e+02 9.0000e+01 -8.1212e-01
-1.0000e+02 1.0000e+02 -1.4487e+00
-1.0000e+02 1.1000e+02 -3.1951e+00
-1.0000e+02 1.2000e+02 1.6420e+00
-1.0000e+02 1.3000e+02 -2.3708e+00
-1.0000e+02 1.4000e+02 1.3278e+00
-1.0000e+02 1.5000e+02 1.0222e+00
-1.0000e+02 1.6000e+02 1.0553e+00
-1.0000e+02 1.7000e+02 2.0322e+00
-1.0000e+02 1.8000e+02 -8.2127e-01
-1.0000e+02 1.9000e+02 5.1527e-01
-1.0000e+02 2.0000e+02 6.7248e-01
-9.0000e+01 -2.0000e+02 -5.5667e-02
-9.0000e+01 -1.9000e+02 1.6510e+00
-9.0000e+01 -1.8000e+02 -2.0549e+00
-9.0000e+01 -1.7000e+02 2.6404e+00
-9.0000e+01 -1.6000e+02 2.7797e+00
-9.0000e+01 -1.5000e+02 -3.0751e-01
-9.0000e+01 -1.4000e+02 -5.0079e-01
-9.0000e+01 -1.3000e+02 -1.0316e+00
-9.0000e+01 -1.2000e+02 -3.1853e+00
-9.0000e+01 -1.1000e+02 -2.0017e+00
-9.0000e+01 -1.0000e+02 -3.2982e+00
-9.0000e+01 -9.0000e+01 -2.9073e+00
-9.0000e+01 -8.0000e+01 -9.0793e-01
-9.0000e+01 -7.0000e+01 -3.6218e+00
-9.0000e+01 -6.0000e+01 -4.1730e+00
-9.0000e+01 -5.0000e+01 -2.6099e+00
-9.0000e+01 -4.0000e+01 -3.8238e+00
-9.0000e+01 -3.0000e+01 -6.6131e-01
-9.0000e+01 -2.0000e+01 -2.5563e+00
-9.0000e+01 -1.0000e+01 -6.2047e+00
-9.0000e+01 0.0000e+00 -4.9503e+00
-9.0000e+01 1.0000e+01 -4.3296e+00
-9.0000e+01 2.0000e+01 -6.2990e+00
-9.0000e+01 3.0000e+01 -4.4878e+00
-9.0000e+01 4.0000e+01 -3.3920e+00
-9.0000e+01 5.0000e+01 -4.9255e+00
-9.0000e+01 6.0000e+01 -3.1453e+00
-9.0000e+01 7.0000e+01 -2.1517e+00
-9.0000e+01 8.0000e+01 2.4444e-01
-9.0000e+01 9.0000e+01 -1.5779e+00
-9.0000e+01 1.0000e+02 5.8385e-01
-9.0000e+01 1.1000e+02 -1.9103e+00
-9.0000e+01 1.2000e+02 3.0137e+00
-9.0000e+01 1.3000e+02 1.5003e+00
-9.0000e+01 1.4000e+02 -7.6052e-02
-9.0000e+01 1.5000e+02 1.5419e+00
-9.0000e+01 1.6000e+02 1.0098e+00
-9.0000e+01 1.7000e+02 -1.0457e-01
-9.0000e+01 1.8000e+02 1.3690e+00
-9.0000e+01 1.9000e+02 1.5005e+00
-9.0000e+01 2.0000e+02 1.1939e+00
-8.0000e+01 -2.0000e+02 -2.0081e+00
-8.0000e+01 -1.9000e+02 -2.9416e-01
-8.0000e+01 -1.8000e+02 -3.2867e+00
-8.0000e+01 -1.7000e+02 -1.6800e-01
-8.0000e+01 -1.6000e+02 -4.1401e-01
-8.0000e+01 -1.5000e+02 1.8581e+00
-8.0000e+01 -1.4000e+02 -3.1962e-01
-8.0000e+01 -1.3000e+02 1.0818e+00
-8.0000e+01 -1.2000e+02 -2.8060e+00
-8.0000e+01 -1.1000e+02 -1.0240e+00
-8.0000e+01 -1.0000e+02 -7.6408e-01
-8.0000e+01 -9.0000e+01 -2.8976e-01
-8.0000e+01 -8.0000e+01 -3.7657e+00
-8.0000e+01 -7.0000e+01 -2.5510e+00
-8.0000e+01 -6.0000e+01 -2.7635e+00
-8.0000e+01 -5.0000e+01 -1.2760e-01
-8.0000e+01 -4.0000e+01 -5.5734e+00
-8.0000e+01 -3.0000e+01 -4.0521e+00
-8.0000e+01 -2.0000e+01 -6.9752e+00
-8.0000e+01 -1.0000e+01 -4.3424e+00
-8.0000e+01 0.0000e+00 -7.5793e+00
-8.0000e+01 1.0000e+01 -5.0027e+00
-8.0000e+01 2.0000e+01 -4.4687e+00
-8.0000e+01 3.0000e+01 -7.4941e+00
-8.0000e+01 4.0000e+01 -2.6537e+00
-8.0000e+01 5.0000e+01 -5.6022e+00
-8.0000e+01 6.0000e+01 -2.6810e+00
-8.0000e+01 7.0000e+01 -2.3378e+00
-8.0000e+01 8.0000e+01 -3.6657e+00
-8.0000e+01 9.0000e+01 -7.7932e-01
-8.0000e+01 1.0000e+02 -2.8537e+00
-8.0000e+01 1.1000e+02 -2.1646e+00
-8.0000e+01 1.2000e+02 8.6379e-01
-8.0000e+01 1.3000e+02 -2.8071e+00
-8.0000e+01 1.4000e+02 -8.5512e-01
-8.0000e+01 1.5000e+02 7.6714e-01
-8.0000e+01 1.6000e+02 -1.2163e+00
-8.0000e+01 1.7000e+02 1.3301e+00
-8.0000e+01 1.8000e+02 1.2391e+00
-8.0000e+01 1.9000e+02 -1.2498e+00
-8.0000e+01 2.0000e+02 -1.0932e+00
-7.0000e+01 -2.0000e+02 2.4104e+00
-7.0000e+01 -1.9000e+02 6.1164e-02
-7.0000e+01 -1.8000e+02 1.1378e-01
-7.0000e+01 -1.7000e+02 -2.2007e+00
-7.0000e+01 -1.6000e+02 1.0746e+00
-7.0000e+01 -1.5000e+02 1.0484e+00
-7.0000e+01 -1.4000e+02 -2.7987e-01
-7.0000e+01 -1.3000e+02 8.6919e-02
-7.0000e+01 -1.2000e+02 -2.7681e-01
-7.0000e+01 -1.1000e+02 1.9870e+00
-7.0000e+01 -1.0000e+02 -5.2971e-01
-7.0000e+01 -9.0000e+01 -1.6644e+00
-7.0000e+01 -8.0000e+01 -4.5970e+00
-7.0000e+01 -7.0000e+01 -4.9274e+00
-7.0000e+01 -6.0000e+01 -2.6178e+00
-7.0000e+01 -5.0000e+01 -2.9341e+00
-7.0000e+01 -4.0000e+01 -3.2618e+00
-7.0000e+01 -3.0000e+01 -6.5626e+00
-7.0000e+01 -2.0000e+01 -8.9938e+00
-7.0000e+01 -1.0000e+01 -6.2362e+00
-7.0000e+01 0.0000e+00 -8.9492e+00
-7.0000e+01 1.0000e+01 -6.8051e+00
-7.0000e+01 2.0000e+01 -8.5338e+00
-7.0000e+01 3.0000e+01 -6.5571e+00
-7.0000e+01 4.0000e+01 -4.8476e+00
-7.0000e+01 5.0000e+01 -4.0336e+00
-7.0000e+01 6.0000e+01 -4.8686e+00
-7.0000e+01 7.0000e+01 -4.4337e+00
-7.0000e+01 8.0000e+01 -2.5423e-01
-7.0000e+01 9.0000e+01 -2.3924e+00
-7.0000e+01 1.0000e+02 -2.1684e+00
-7.0000e+01 1.1000e+02 -1.2214e+00
-7.0000e+01 1.2000e+02 -4.1310e+00
-7.0000e+01 1.3000e+02 -4.0727e-01
-7.0000e+01 1.4000e+02 -9.2752e-01
-7.0000e+01 1.5000e+02 -1.2477e+00
-7.0000e+01 1.6000e+02 5.7606e-01
-7.0000e+01 1.7000e+02 -1.1273e-01
-7.0000e+01 1.8000e+02 1.5994e+00
-7.0000e+01 1.9000e+02 -5.5478e-01
-7.0000e+01 2.0000e+02 -1.1783e+00
-6.0000e+01 -2.0000e+02 7.0643e-02
-6.0000e+01 -1.9000e+02 1.4333e-01
-6.0000e+01 -1.8000e+02 -3.8943e-01
-6.0000e+01 -1.7000e+02 -2.7660e+00
-6.0000e+01 -1.6000e+02 1.2949e+00
-6.0000e+01 -1.5000e+02 -6.6086e-01
-6.0000e+01 -1.4000e+02 -1.5038e+00
-6.0000e+01 -1.3000e+02 4.0905e-01
-6.0000e+01 -1.2000e+02 -1.2222e+00
-6.0000e+01 -1.1000e+02 -4.4716e+00
-6.0000e+01 -1.0000e+02 -3.1728e+00
-6.0000e+01 -9.0000e+01 -3.4989e+00
-6.0000e+01 -8.0000e+01 -3.0335e+00
-6.0000e+01 -7.0000e+01 -4.4130e+00
-6.0000e+01 -6.0000e+01 -3.4220e+00
-6.0000e+01 -5.0000e+01 -5.1068e+00
-6.0000e+01 -4.0000e+01 -9.1328e+00
-6.0000e+01 -3.0000e+01 -9.7966e+00
-6.0000e+01 -2.0000e+01 -8.0942e+00
-6.0000e+01 -1.0000e+01 -4.8932e+00
-6.0000e+01 0.0000e+00 -7.5026e+00
-6.0000e+01 1.0000e+01 -8.9932e+00
-6.0000e+01 2.0000e+01 -8.6263e+00
-6.0000e+01 3.0000e+01 -5.9280e+00
-6.0000e+01 4.0000e+01 -6.8889e+00
-6.0000e+01 5.0000e+01 -7.5761e+00
-6.0000e+01 6.0000e+01 -5.5613e+00
-6.0000e+01 7.0000e+01 -3.5255e+00
-6.0000e+01 8.0000e+01 -2.9955e+00
-6.0000e+01 9.0000e+01 -1.9108e+00
-6.0000e+01 1.0000e+02 -2.1588e+00
-6.0000e+01 1.1000e+02 -1.4144e+00
-6.0000e+01 1.2000e+02 3.8001e-01
-6.0000e+01 1.3000e+02 -2.9036e+00
-6.0000e+01 1.4000e+02 8.4711e-01
-6.0000e+01 1.5000e+02 3.2512e+00
-6.0000e+01 1.6000e+02 -7.0940e-01
-6.0000e+01 1.7000e+02 1.4474e+00
-6.0000e+01 1.8000e+02 8.8861e-01
-6.0000e+01 1.9000e+02 -1.2144e-02
-6.0000e+01 2.0000e+02 -1.4238e+00
-5.0000e+01 -2.0000e+02 2.1121e+00
-5.0000e+01 -1.9000e+02 -8.2165e-02
-5.0000e+01 -1.8000e+02 1.0474e+00
-5.0000e+01 -1.7000e+02 8.4754e-01
-5.0000e+01 -1.6000e+02 1.5388e-01
-5.0000e+01 -1.5000e+02 -7.8965e-01
-5.0000e+01 -1.4000e+02 -2.1639e+00
-5.0000e+01 -1.3000e+02 -2.4208e+00
-5.0000e+01 -1.2000e+02 3.8939e-02
-5.0000e+01 -1.1000e+02 -1.4265e+00
-5.0000e+01 -1.0000e+02 -2.0986e+00
-5.0000e+01 -9.0000e+01 -9.1250e-01
-5.0000e+01 -8.0000e+01 -3.3334e+00
-5.0000e+01 -7.0000e+01 -5.2650e+00
-5.0000e+01 -6.0000e+01 -5.7708e+00
-5.0000e+01 -5.0000e+01 -8.4149e+00
-5.0000e+01 -4.0000e+01 -9.0424e+00
-5.0000e+01 -3.0000e+01 -9.5030e+00
-5.0000e+01 -2.0000e+01 -8.8762e+00
-5.0000e+01 -1.0000e+01 -1.0849e+01
-5.0000e+01 0.0000e+00 -8.3060e+00
-5.0000e+01 1.0000e+01 -1.2017e+01
-5.0000e+01 2.0000e+01 -8.5053e+00
-5.0000e+01 3.0000e+01 -7.4180e+00
-5.0000e+01 4.0000e+01 -7.6031e+00
-5.0000e+01 5.0000e+01 -2.4277e+00
-5.0000e+01 6.0000e+01 -5.8434e+00
-5.0000e+01 7.0000e+01 -4.8748e+00
-5.0000e+01 8.0000e+01 -5.8205e+00
-5.0000e+01 9.0000e+01 -3.1618e+00
-5.0000e+01 1.0000e+02 -2.0985e+00
-5.0000e+01 1.1000e+02 -2.6691e+00
-5.0000e+01 1.2000e+02 -2.0592e+00
-5.0000e+01 1.3000e+02 -2.3315e+00
-5.0000e+01 1.4000e+02 -8.1646e-01
-5.0000e+01 1.5000e+02 -1.5857e+00
-5.0000e+01 1.6000e+02 -6.4008e-01
-5.0000e+01 1.7000e+02 2.6542e+00
-5.0000e+01 1.8000e+02 1.9252e+00
-5.0000e+01 1.9000e+02 -8.3786e-01
-5.0000e+01 2.0000e+02 -4.1094e-01
-4.0000e+01 -2.0000e+02 1.8814e+00
-4.0000e+01 -1.9000e+02 3.9548e+00
-4.0000e+01 -1.8000e+02 6.1188e-01
-4.0000e+01 -1.7000e+02 -6.2780e-01
-4.0000e+01 -1.6000e+02 -1.2486e+00
-4.0000e+01 -1.5000e+02 8.4269e-01
-4.0000e+01 -1.4000e+02 1.3471e+00
-4.0000e+01 -1.3000e+02 -2.2628e+00
-4.0000e+01 -1.2000e+02 -4.2334e-01
-4.0000e+01 -1.1000e+02 -1.8542e+00
-4.0000e+01 -1.0000e+02 -1.8857e+00
-4.0000e+01 -9.0000e+01 -4.2930e+00
-4.0000e+01 -8.0000e+01 -7.9107e+00
-4.0000e+01 -7.0000e+01 -2.9077e+00
-4.0000e+01 -6.0000e+01 -5.0917e+00
-4.0000e+01 -5.0000e+01 -7.4599e+00
-4.0000e+01 -4.0000e+01 -6.7102e+00
-4.0000e+01 -3.0000e+01 -9.1221e+00
-4.0000e+01 -2.0000e+01 -9.9359e+00
-4.0000e+01 -1.0000e+01 -1.3455e+01
-4.0000e+01 0.0000e+00 -1.1307e+01
-4.0000e+01 1.0000e+01 -1.1034e+01
-4.0000e+01 2.0000e+01 -1.1338e+01
-4.0000e+01 3.0000e+01 -1.0289e+01
-4.0000e+01 4.0000e+01 -7.8619e+00
-4.0000e+01 5.0000e+01 -9.1553e+00
-4.0000e+01 6.0000e+01 -4.5375e+00
-4.0000e+01 7.0000e+01 -8.1811e+00
-4.0000e+01 8.0000e+01 -2.6204e+00
-4.0000e+01 9.0000e+01 -3.8477e+00
-4.0000e+01 1.0000e+02 -3.5309e+00
-4.0000e+01 1.1000e+02 -4.1328e+00
-4.0000e+01 1.2000e+02 -3.2865e+00
-4.0000e+01 1.3000e+02 -1.5704e+00
-4.0000e+01 1.4000e+02 -1.1575e+00
-4.0000e+01 1.5000e+02 -1.9465e+00
-4.0000e+01 1.6000e+02 -7.7804e-01
-4.0000e+01 1.7000e+02 -3.1538e+00
-4.0000e+01 1.8000e+02 2.3542e+00
-4.0000e+01 1.9000e+02 1.2252e+00
-4.0000e+01 2.0000e+02 1.3860e+00
-3.0000e+01 -2.0000e+02 2.3886e-01
-3.0000e+01 -1.9000e+02 -2.4020e-01
-3.0000e+01 -1.8000e+02 3.0016e-01
-3.0000e+01 -1.7000e+02 1.8085e+00
-3.0000e+01 -1.6000e+02 -2.2376e+00
-3.0000e+01 -1.5000e+02 2.3130e-01
-3.0000e+01 -1.4000e+02 -5.6798e-01
-3.0000e+01 -1.3000e+02 -1.2038e+00
-3.0000e+01 -1.2000e+02 -2.0337e+00
-3.0000e+01 -1.1000e+02 -3.2189e+00
-3.0000e+01 -1.0000e+02 -1.9929e+00
-3.0000e+01 -9.0000e+01 -4.7872e+00
-3.0000e+01 -8.0000e+01 -3.3102e+00
-3.0000e+01 -7.0000e+01 -5.2425e+00
-3.0000e+01 -6.0000e+01 -7.5930e+00
-3.0000e+01 -5.0000e+01 -7.9036e+00
-3.0000e+01 -4.0000e+01 -9.7772e+00
-3.0000e+01 -3.0000e+01 -1.1904e+01
-3.0000e+01 -2.0000e+01 -1.0987e+01
-3.0000e+01 -1.0000e+01 -1.0472e+01
-3.0000e+01 0.0000e+00 -1.3190e+01
-3.0000e+01 1.0000e+01 -1.2720e+01
-3.0000e+01 2.0000e+01 -1.3113e+01
-3.0000e+01 3.0000e+01 -1.1283e+01
-3.0000e+01 4.0000e+01 -1.4057e+01
-3.0000e+01 5.0000e+01 -8.2291e+00
-3.0000e+01 6.0000e+01 -9.1036e+00
-3.0000e+01 7.0000e+01 -6.2190e+00
-3.0000e+01 8.0000e+01 -4.1824e+00
-3.0000e+01 9.0000e+01 -3.5160e+00
-3.0000e+01 1.0000e+02 -2.6184e+00
-3.0000e+01 1.1000e+02 -1.2321e-01
-3.0000e+01 1.2000e+02 1.3850e+00
-3.0000e+01 1.3000e+02 -4.2669e-01
-3.0000e+01 1.4000e+02 -6.7415e-01
-3.0000e+01 1.5000e+02 2.1530e+00
-3.0000e+01 1.6000e+02 -2.4030e-02
-3.0000e+01 1.7000e+02 1.6348e+00
-3.0000e+01 1.8000e+02 8.1284e-01
-3.0000e+01 1.9000e+02 8.4589e-01
-3.0000e+01 2.0000e+02 2.2260e+00
-2.0000e+01 -2.0000e+02 -3.9706e-01
-2.0000e+01 -1.9000e+02 -1.9444e+00
-2.0000e+01 -1.8000e+02 3.6519e-01
-2.0000e+01 -1.7000e+02 2.9384e-01
-2.0000e+01 -1.6000e+02 2.1897e+00
-2.0000e+01 -1.5000e+02 -1.0850e+00
-2.0000e+01 -1.4000e+02 -1.0210e+00
-2.0000e+01 -1.3000e+02 -1.8228e+00
-2.0000e+01 -1.2000e+02 7.6463e-01
-2.0000e+01 -1.1000e+02 -3.3918e-01
-2.0000e+01 -1.0000e+02 -2.0159e+00
-2.0000e+01 -9.0000e+01 -2.5181e+00
-2.0000e+01 -8.0000e+01 -4.9964e+00
-2.0000e+01 -7.0000e+01 -6.8629e+00
-2.0000e+01 -6.0000e+01 -6.8141e+00
-2.0000e+01 -5.0000e+01 -1.0695e+01
-2.0000e+01 -4.0000e+01 -1.2508e+01
-2.0000e+01 -3.0000e+01 -1.2567e+01
-2.0000e+01 -2.0000e+01 -1.4043e+01
-2.0000e+01 -1.0000e+01 -1.3871e+01
-2.0000e+01 0.0000e+00 -1.5340e+01
-2.0000e+01 1.0000e+01 -1.4172e+01
-2.0000e+01 2.0000e+01 -1.4091e+01
-2.0000e+01 3.0000e+01 -1.2518e+01
-2.0000e+01 4.0000e+01 -1.6456e+01
-2.0000e+01 5.0000e+01 -8.1260e+00
-2.0000e+01 6.0000e+01 -6.0399e+00
-2.0000e+01 7.0000e+01 -6.6938e+00
-2.0000e+01 8.0000e+01 -3.0452e+00
-2.0000e+01 9.0000e+01 -3.4230e+00
-2.0000e+01 1.0000e+02 -2.4968e+00
-2.0000e+01 1.1000e+02 -2.2220e+00
-2.0000e+01 1.2000e+02 -2.2715e+00
-2.0000e+01 1.3000e+02 -1.2076e+00
-2.0000e+01 1.4000e+02 -2.8209e+00
-2.0000e+01 1.5000e+02 1.6348e-01
-2.0000e+01 1.6000e+02 9.0657e-01
-2.0000e+01 1.7000e+02 -1.7755e+00
-2.0000e+01 1.8000e+02 -2.6550e+00
-2.0000e+01 1.9000e+02 2.4191e+00
-2.0000e+01 2.0000e+02 1.1618e+00
-1.0000e+01 -2.0000e+02 2.0609e+00
-1.0000e+01 -1.9000e+02 7.4737e-01
-1.0000e+01 -1.8000e+02 -8.8089e-01
-1.0000e+01 -1.7000e+02 1.1611e+00
-1.0000e+01 -1.6000e+02 1.4198e+00
-1.0000e+01 -1.5000e+02 -2.9615e+00
-1.0000e+01 -1.4000e+02 1.0682e+00
-1.0000e+01 -1.3000e+02 -3.2869e-01
-1.0000e+01 -1.2000e+02 -1.9603e-01
-1.0000e+01 -1.1000e+02 -3.7305e+00
-1.0000e+01 -1.0000e+02 -2.0966e+00
-1.0000e+01 -9.0000e+01 -5.3492e+00
-1.0000e+01 -8.0000e+01 -5.8180e+00
-1.0000e+01 -7.0000e+01 -6.7461e+00
-1.0000e+01 -6.0000e+01 -9.8210e+00
-1.0000e+01 -5.0000e+01 -9.5190e+00
-1.0000e+01 -4.0000e+01 -1.0935e+01
-1.0000e+01 -3.0000e+01 -1.4775e+01
-1.0000e+01 -2.0000e+01 -1.1944e+01
-1.0000e+01 -1.0000e+01 -1.3804e+01
-1.0000e+01 0.0000e+00 -1.4751e+01
-1.0000e+01 1.0000e+01 -1.6265e+01
-1.0000e+01 2.0000e+01 -1.3065e+01
-1.0000e+01 3.0000e+01 -1.4173e+01
-1.0000e+01 4.0000e+01 -1.4022e+01
-1.0000e+01 5.0000e+01 -1.0449e+01
-1.0000e+01 6.0000e+01 -7.6582e+00
-1.0000e+01 7.0000e+01 -6.9616e+00
-1.0000e+01 8.0000e+01 -3.7745e+00
-1.0000e+01 9.0000e+01 -3.3617e+00
-1.0000e+01 1.0000e+02 -2.3147e+00
-1.0000e+01 1.1000e+02 -1.6259e+00
-1.0000e+01 1.2000e+02 -7.6331e-01
-1.0000e+01 1.3000e+02 -3.7936e+00
-1.0000e+01 1.4000e+02 -2.5117e+00
-1.0000e+01 1.5000e+02 7.4249e-01
-1.0000e+01 1.6000e+02 -1.3672e+00
-1.0000e+01 1.7000e+02 5.3832e-01
-1.0000e+01 1.8000e+02 4.9192e-01
-1.0000e+01 1.9000e+02 1.2561e+00
-1.0000e+01 2.0000e+02 2.3811e+00
0.0000e+00 -2.0000e+02 -1.0920e-01
0.0000e+00 -1.9000e+02 -4.7617e-01
0.0000e+00 -1.8000e+02 -1.7179e+00
0.0000e+00 -1.7000e+02 1.7750e+00
0.0000e+00 -1.6000e+02 2.4153e+00
0.0000e+00 -1.5000e+02 2.5463e+00
0.0000e+00 -1.4000e+02 -2.8845e-01
0.0000e+00 -1.3000e+02 -4.1977e-01
0.0000e+00 -1.2000e+02 -1.7846e+00
0.0000e+00 -1.1000e+02 -2.7116e+00
0.0000e+00 -1.0000e+02 -2.7773e+00
0.0000e+00 -9.0000e+01 -6.1470e+00
0.0000e+00 -8.0000e+01 -5.1618e+00
0.0000e+00 -7.0000e+01 -8.8404e+00
0.0000e+00 -6.0000e+01 -1.0412e+01
0.0000e+00 -5.0000e+01 -9.0172e+00
0.0000e+00 -4.0000e+01 -1.1423e+01
0.0000e+00 -3.0000e+01 -1.5336e+01
0.0000e+00 -2.0000e+01 -1.3029e+01
0.0000e+00 -1.0000e+01 -1.4045e+01
0.0000e+00 0.0000e+00 -1.2872e+01
0.0000e+00 1.0000e+01 -1.2785e+01
0.0000e+00 2.0000e+01 -1.5381e+01
0.0000e+00 3.0000e+01 -1.3874e+01
0.0000e+00 4.0000e+01 -1.1752e+01
0.0000e+00 5.0000e+01 -6.5304e+00
0.0000e+00 6.0000e+01 -6.8177e+00
0.0000e+00 7.0000e+01 -5.5209e+00
0.0000e+00 8.0000e+01 -6.3941e+00
0.0000e+00 9.0000e+01 -5.2140e+00
0.0000e+00 1.0000e+02 -4.4021e+00
0.0000e+00 1.1000e+02 -1.4501e+00
0.0000e+00 1.2000e+02 1.1022e+00
0.0000e+00 1.3000e+02 -6.3096e+00
0.0000e+00 1.4000e+02 2.9232e-01
0.0000e+00 1.5000e+02 1.3023e+00
0.0000e+00 1.6000e+02 2.1450e+00
0.0000e+00 1.7000e+02 4.5646e-01
0.0000e+00 1.8000e+02 -2.2640e+00
0.0000e+00 1.9000e+02 1.8913e+00
0.0000e+00 2.0000e+02 -1.7824e+00
1.0000e+01 -2.0000e+02 1.4515e+00
1.0000e+01 -1.9000e+02 1.9417e+00
1.0000e+01 -1.8000e+02 1.6610e+00
1.0000e+01 -1.7000e+02 -2.3517e+00
1.0000e+01 -1.6000e+02 -1.5055e+00
1.0000e+01 -1.5000e+02 -9.0880e-02
1.0000e+01 -1.4000e+02 -2.6050e+00
1.0000e+01 -1.3000e+02 -1.2905e+00
1.0000e+01 -1.2000e+02 2.3579e-01
1.0000e+01 -1.1000e+02 -1.3294e+00
1.0000e+01 -1.0000e+02 -2.8757e+00
1.0000e+01 -9.0000e+01 -3.3507e+00
1.0000e+01 -8.0000e+01 -9.1316e+00
1.0000e+01 -7.0000e+01 -6.8382e+00
1.0000e+01 -6.0000e+01 -9.0622e+00
1.0000e+01 -5.0000e+01 -8.0539e+00
1.0000e+01 -4.0000e+01 -1.3067e+01
1.0000e+01 -3.0000e+01 -1.1617e+01
1.0000e+01 -2.0000e+01 -1.4409e+01
1.0000e+01 -1.0000e+01 -1.3553e+01
1.0000e+01 0.0000e+00 -1.4836e+01
1.0000e+01 1.0000e+01 -1.3712e+01
1.0000e+01 2.0000e+01 -1.2346e+01
1.0000e+01 3.0000e+01 -1.5685e+01
1.0000e+01 4.0000e+01 -1.3009e+01
1.0000e+01 5.0000e+01 -8.8830e+00
1.0000e+01 6.0000e+01 -9.9928e+00
1.0000e+01 7.0000e+01 -7.8686e+00
1.0000e+01 8.0000e+01 -2.0082e+00
1.0000e+01 9.0000e+01 -3.5814e+00
1.0000e+01 1.0000e+02 -2.7657e+00
1.0000e+01 1.1000e+02 -5.0375e+00
1.0000e+01 1.2000e+02 -9.9512e-01
1.0000e+01 1.3000e+02 -1.2197e+00
1.0000e+01 1.4000e+02 -5.8984e-01
1.0000e+01 1.5000e+02 5.3464e-01
1.0000e+01 1.6000e+02 -2.3926e+00
1.0000e+01 1.7000e+02 -1.0894e+00
1.0000e+01 1.8000e+02 1.7729e-02
1.0000e+01 1.9000e+02 1.9313e+00
1.0000e+01 2.0000e+02 4.5449e-01
2.0000e+01 -2.0000e+02 -5.9956e-01
2.0000e+01 -1.9000e+02 3.5524e-01
2.0000e+01 -1.8000e+02 -8.0365e-01
2.0000e+01 -1.7000e+02 -1.4967e-01
2.0000e+01 -1.6000e+02 9.3088e-01
2.0000e+01 -1.5000e+02 -3.8186e-01
2.0000e+01 -1.4000e+02 -4.2016e-01
2.0000e+01 -1.3000e+02 4.3029e-01
2.0000e+01 -1.2000e+02 -1.8842e+00
2.0000e+01 -1.1000e+02 -4.0868e-01
2.0000e+01 -1.0000e+02 -2.2842e+00
2.0000e+01 -9.0000e+01 -5.4409e+00
2.0000e+01 -8.0000e+01 -3.3243e+00
2.0000e+01 -7.0000e+01 -5.9879e+00
2.0000e+01 -6.0000e+01 -7.7589e+00
2.0000e+01 -5.0000e+01 -1.0829e+01
2.0000e+01 -4.0000e+01 -7.2206e+00
2.0000e+01 -3.0000e+01 -1.3435e+01
2.0000e+01 -2.0000e+01 -1.2398e+01
2.0000e+01 -1.0000e+01 -1.2690e+01
2.0000e+01 0.0000e+00 -1.1809e+01
2.0000e+01 1.0000e+01 -1.5959e+01
2.0000e+01 2.0000e+01 -9.5221e+00
2.0000e+01 3.0000e+01 -1.1971e+01
2.0000e+01 4.0000e+01 -1.3779e+01
2.0000e+01 5.0000e+01 -1.2405e+01
2.0000e+01 6.0000e+01 -9.8248e+00
2.0000e+01 7.0000e+01 -4.9617e+00
2.0000e+01 8.0000e+01 -3.3552e+00
2.0000e+01 9.0000e+01 -3.1209e+00
2.0000e+01 1.0000e+02 -5.9819e+00
2.0000e+01 1.1000e+02 -4.4708e+00
2.0000e+01 1.2000e+02 -1.7789e+00
2.0000e+01 1.3000e+02 -1.6959e+00
2.0000e+01 1.4000e+02 1.1214e+00
2.0000e+01 1.5000e+02 1.2715e+00
2.0000e+01 1.6000e+02 -5.8633e-01
2.0000e+01 1.7000e+02 -3.9290e-01
2.0000e+01 1.8000e+02 -1.8327e+00
2.0000e+01 1.9000e+02 1.0606e-01
2.0000e+01 2.0000e+02 6.7593e-01
3.0000e+01 -2.0000e+02 1.2655e+00
3.0000e+01 -1.9000e+02 5.0645e-01
3.0000e+01 -1.8000e+02 1.8414e+00
3.0000e+01 -1.7000e+02 1.2758e+00
3.0000e+01 -1.6000e+02 1.5648e+00
3.0000e+01 -1.5000e+02 2.6324e-02
3.0000e+01 -1.4000e+02 -8.1921e-01
3.0000e+01 -1.3000e+02 -1.0862e+00
3.0000e+01 -1.2000e+02 -1.0936e+00
3.0000e+01 -1.1000e+02 -1.9870e+00
3.0000e+01 -1.0000e+02 -3.7918e+00
3.0000e+01 -9.0000e+01 -3.5331e+00
3.0000e+01 -8.0000e+01 -5.1829e+00
3.0000e+01 -7.0000e+01 -7.7633e+00
3.0000e+01 -6.0000e+01 -8.1947e+00
3.0000e+01 -5.0000e+01 -9.1944e+00
3.0000e+01 -4.0000e+01 -8.5942e+00
3.0000e+01 -3.0000e+01 -1.1191e+01
3.0000e+01 -2.0000e+01 -1.2468e+01
3.0000e+01 -1.0000e+01 -1.4236e+01
3.0000e+01 0.0000e+00 -1.3788e+01
3.0000e+01 1.0000e+01 -1.4594e+01
3.0000e+01 2.0000e+01 -1.4015e+01
3.0000e+01 3.0000e+01 -1.1957e+01
3.0000e+01 4.0000e+01 -1.3075e+01
3.0000e+01 5.0000e+01 -7.1623e+00
3.0000e+01 6.0000e+01 -6.7350e+00
3.0000e+01 7.0000e+01 -5.7681e+00
3.0000e+01 8.0000e+01 -3.2434e+00
3.0000e+01 9.0000e+01 -3.9004e+00
3.0000e+01 1.0000e+02 -3.0790e+00
3.0000e+01 1.1000e+02 -3.6558e+00
3.0000e+01 1.2000e+02 -2.0145e+00
3.0000e+01 1.3000e+02 -4.5128e-01
3.0000e+01 1.4000e+02 -9.3798e-01
3.0000e+01 1.5000e+02 -2.1351e+00
3.0000e+01 1.6000e+02 -1.7970e+00
3.0000e+01 1.7000e+02 1.7116e+00
3.0000e+01 1.8000e+02 1.0507e+00
3.0000e+01 1.9000e+02 -2.1316e-01
3.0000e+01 2.0000e+02 1.2137e+00
4.0000e+01 -2.0000e+02 2.4624e+00
4.0000e+01 -1.9000e+02 -2.1338e+00
4.0000e+01 -1.8000e+02 5.2561e-01
4.0000e+01 -1.7000e+02 -2.3881e+00
4.0000e+01 -1.6000e+02 -2.6610e+00
4.0000e+01 -1.5000e+02 -1.9870e+00
4.0000e+01 -1.4000e+02 1.5993e+00
4.0000e+01 -1.3000e+02 -3.2150e-01
4.0000e+01 -1.2000e+02 -2.0147e+00
4.0000e+01 -1.1000e+02 -3.0517e+00
4.0000e+01 -1.0000e+02 -2.3448e+00
4.0000e+01 -9.0000e+01 -5.7437e-01
4.0000e+01 -8.0000e+01 -4.7980e+00
4.0000e+01 -7.0000e+01 -2.7992e+00
4.0000e+01 -6.0000e+01 -5.8709e+00
4.0000e+01 -5.0000e+01 -6.1704e+00
4.0000e+01 -4.0000e+01 -1.0123e+01
4.0000e+01 -3.0000e+01 -1.0992e+01
4.0000e+01 -2.0000e+01 -1.1619e+01
4.0000e+01 -1.0000e+01 -1.0472e+01
4.0000e+01 0.0000e+00 -1.2372e+01
4.0000e+01 1.0000e+01 -1.4054e+01
4.0000e+01 2.0000e+01 -9.9788e+00
4.0000e+01 3.0000e+01 -9.9377e+00
4.0000e+01 4.0000e+01 -1.1892e+01
4.0000e+01 5.0000e+01 -5.8667e+00
4.0000e+01 6.0000e+01 -1.0347e+01
4.0000e+01 7.0000e+01 -3.6508e+00
4.0000e+01 8.0000e+01 -5.0878e+00
4.0000e+01 9.0000e+01 -6.7972e+00
4.0000e+01 1.0000e+02 -3.3546e+00
4.0000e+01 1.1000e+02 -1.7619e+00
4.0000e+01 1.2000e+02 3.1795e-01
4.0000e+01 1.3000e+02 -1.4159e+00
4.0000e+01 1.4000e+02 -1.9835e+00
4.0000e+01 1.5000e+02 -1.1671e+00
4.0000e+01 1.6000e+02 3.4339e-01
4.0000e+01 1.7000e+02 5.9581e-01
4.0000e+01 1.8000e+02 -2.0818e+00
4.0000e+01 1.9000e+02 3.4589e+00
4.0000e+01 2.0000e+02 7.3568e-01
5.0000e+01 -2.0000e+02 5.6354e-02
5.0000e+01 -1.9000e+02 -2.7486e+00
5.0000e+01 -1.8000e+02 1.1011e-01
5.0000e+01 -1.7000e+02 2.1787e+00
5.0000e+01 -1.6000e+02 2.3982e+00
5.0000e+01 -1.5000e+02 1.0954e+00
5.0000e+01 -1.4000e+02 -8.8551e-01
5.0000e+01 -1.3000e+02 -9.9825e-01
5.0000e+01 -1.2000e+02 -8.5715e-01
5.0000e+01 -1.1000e+02 -1.1198e+00
5.0000e+01 -1.0000e+02 -2.0268e+00
5.0000e+01 -9.0000e+01 -3.8823e+00
5.0000e+01 -8.0000e+01 -2.3897e+00
5.0000e+01 -7.0000e+01 -6.3370e+00
5.0000e+01 -6.0000e+01 -4.3638e+00
5.0000e+01 -5.0000e+01 -6.2001e+00
5.0000e+01 -4.0000e+01 -8.0267e+00
5.0000e+01 -3.0000e+01 -1.0205e+01
5.0000e+01 -2.0000e+01 -7.2338e+00
5.0000e+01 -1.0000e+01 -1.0991e+01
5.0000e+01 0.0000e+00 -8.1831e+00
5.0000e+01 1.0000e+01 -8.4172e+00
5.0000e+01 2.0000e+01 -8.1225e+00
5.0000e+01 3.0000e+01 -8.6117e+00
5.0000e+01 4.0000e+01 -9.7114e+00
5.0000e+01 5.0000e+01 -7.1299e+00
5.0000e+01 6.0000e+01 -5.8673e+00
5.0000e+01 7.0000e+01 -6.0332e+00
5.0000e+01 8.0000e+01 -3.8100e+00
5.0000e+01 9.0000e+01 -3.5969e+00
5.0000e+01 1.0000e+02 -2.9210e+00
5.0000e+01 1.1000e+02 6.9760e-01
5.0000e+01 1.2000e+02 -2.5374e+00
5.0000e+01 1.3000e+02 1.7936e+00
5.0000e+01 1.4000e+02 2.1679e+00
5.0000e+01 1.5000e+02 -4.5185e+00
5.0000e+01 1.6000e+02 1.3122e+00
5.0000e+01 1.7000e+02 -1.3170e+00
5.0000e+01 1.8000e+02 5.1414e-01
5.0000e+01 1.9000e+02 -1.0266e+00
5.0000e+01 2.0000e+02 -2.8780e+00
6.0000e+01 -2.0000e+02 8.9545e-01
6.0000e+01 -1.9000e+02 4.3159e-01
6.0000e+01 -1.8000e+02 3.0826e+00
6.0000e+01 -1.7000e+02 -3.0712e-01
6.0000e+01 -1.6000e+02 -9.6582e-01
6.0000e+01 -1.5000e+02 2.0596e+00
6.0000e+01 -1.4000e+02 -6.5375e-01
6.0000e+01 -1.3000e+02 4.4739e-01
6.0000e+01 -1.2000e+02 -2.5331e+00
6.0000e+01 -1.1000e+02 -2.1733e+00
6.0000e+01 -1.0000e+02 -2.4132e+00
6.0000e+01 -9.0000e+01 -5.2968e-01
6.0000e+01 -8.0000e+01 -4.1691e+00
6.0000e+01 -7.0000e+01 -5.9603e+00
6.0000e+01 -6.0000e+01 -5.9309e+00
6.0000e+01 -5.0000e+01 -3.3180e+00
6.0000e+01 -4.0000e+01 -8.4099e+00
6.0000e+01 -3.0000e+01 -5.8588e+00
6.0000e+01 -2.0000e+01 -5.4721e+00
6.0000e+01 -1.0000e+01 -9.9763e+00
6.0000e+01 0.0000e+00 -8.7147e+00
6.0000e+01 1.0000e+01 -8.0262e+00
6.0000e+01 2.0000e+01 -9.3074e+00
6.0000e+01 3.0000e+01 -1.0117e+01
6.0000e+01 4.0000e+01 -4.2908e+00
6.0000e+01 5.0000e+01 -5.8451e+00
6.0000e+01 6.0000e+01 -3.7897e+00
6.0000e+01 7.0000e+01 -3.8855e+00
6.0000e+01 8.0000e+01 -2.0486e+00
6.0000e+01 9.0000e+01 -3.6507e+00
6.0000e+01 1.0000e+02 -4.4190e+00
6.0000e+01 1.1000e+02 -2.7315e+00
6.0000e+01 1.2000e+02 1.1770e+00
6.0000e+01 1.3000e+02 -1.4566e+00
6.0000e+01 1.4000e+02 -2.1482e+00
6.0000e+01 1.5000e+02 1.3339e-01
6.0000e+01 1.6000e+02 3.7597e-02
6.0000e+01 1.7000e+02 -1.1901e+00
6.0000e+01 1.8000e+02 -1.5518e+00
6.0000e+01 1.9000e+02 1.4273e+00
6.0000e+01 2.0000e+02 -1.7721e+00
7.0000e+01 -2.0000e+02 -4.3821e+00
7.0000e+01 -1.9000e+02 7.2255e-01
7.0000e+01 -1.8000e+02 6.8877e-01
7.0000e+01 -1.7000e+02 2.3908e+00
7.0000e+01 -1.6000e+02 -2.1461e+00
7.0000e+01 -1.5000e+02 -1.1184e+00
7.0000e+01 -1.4000e+02 4.4162e-01
7.0000e+01 -1.3000e+02 -5.9326e-01
7.0000e+01 -1.2000e+02 2.7902e-01
7.0000e+01 -1.1000e+02 -1.4954e+00
7.0000e+01 -1.0000e+02 4.5918e-01
7.0000e+01 -9.0000e+01 -3.5984e+00
7.0000e+01 -8.0000e+01 -4.5176e+00
7.0000e+01 -7.0000e+01 -1.7394e+00
7.0000e+01 -6.0000e+01 -3.3597e+00
7.0000e+01 -5.0000e+01 -4.0071e+00
7.0000e+01 -4.0000e+01 -2.8441e+00
7.0000e+01 -3.0000e+01 -5.7487e+00
7.0000e+01 -2.0000e+01 -6.1273e+00
7.0000e+01 -1.0000e+01 -7.3812e+00
7.0000e+01 0.0000e+00 -8.8436e+00
7.0000e+01 1.0000e+01 -5.9629e+00
7.0000e+01 2.0000e+01 -6.4509e+00
7.0000e+01 3.0000e+01 -6.3577e+00
7.0000e+01 4.0000e+01 -4.6388e+00
7.0000e+01 5.0000e+01 -5.3535e+00
7.0000e+01 6.0000e+01 -6.5374e+00
7.0000e+01 7.0000e+01 -3.1425e+00
7.0000e+01 8.0000e+01 -3.2512e+00
7.0000e+01 9.0000e+01 -8.4335e-01
7.0000e+01 1.0000e+02 -4.2268e-01
7.0000e+01 1.1000e+02 1.3355e+00
7.0000e+01 1.2000e+02 7.5161e-01
7.0000e+01 1.3000e+02 1.6449e+00
7.0000e+01 1.4000e+02 -1.4898e+00
7.0000e+01 1.5000e+02 4.7023e-01
7.0000e+01 1.6000e+02 -9.2680e-01
7.0000e+01 1.7000e+02 -2.5614e+00
7.0000e+01 1.8000e+02 3.2795e+00
7.0000e+01 1.9000e+02 4.2386e-01
7.0000e+01 2.0000e+02 -1.0831e+00
8.0000e+01 -2.0000e+02 -9.4002e-01
8.0000e+01 -1.9000e+02 -1.2589e+00
8.0000e+01 -1.8000e+02 2.9295e+00
8.0000e+01 -1.7000e+02 -2.8857e+00
8.0000e+01 -1.6000e+02 -1.8606e+00
8.0000e+01 -1.5000e+02 -9.0791e-01
8.0000e+01 -1.4000e+02 -3.0108e+00
8.0000e+01 -1.3000e+02 8.3582e-01
8.0000e+01 -1.2000e+02 1.0088e+00
8.0000e+01 -1.1000e+02 -2.2265e+00
8.0000e+01 -1.0000e+02 -1.2171e+00
8.0000e+01 -9.0000e+01 -4.2642e-01
8.0000e+01 -8.0000e+01 -4.9634e+00
8.0000e+01 -7.0000e+01 7.4504e-02
8.0000e+01 -6.0000e+01 -1.8730e+00
8.0000e+01 -5.0000e+01 -3.1281e+00
8.0000e+01 -4.0000e+01 -6.2003e+00
8.0000e+01 -3.0000e+01 -8.0004e+00
8.0000e+01 -2.0000e+01 -5.2144e+00
8.0000e+01 -1.0000e+01 -3.9222e+00
8.0000e+01 0.0000e+00 -8.6098e+00
8.0000e+01 1.0000e+01 -4.8774e+00
8.0000e+01 2.0000e+01 -6.7602e+00
8.0000e+01 3.0000e+01 -3.8902e+00
8.0000e+01 4.0000e+01 -6.6600e-01
8.0000e+01 5.0000e+01 -1.8980e+00
8.0000e+01 6.0000e+01 -2.1749e+00
8.0000e+01 7.0000e+01 -1.7618e+00
8.0000e+01 8.0000e+01 -1.6991e+00
8.0000e+01 9.0000e+01 -4.8749e+00
8.0000e+01 1.0000e+02 -8.4590e-01
8.0000e+01 1.1000e+02 7.2072e-01
8.0000e+01 1.2000e+02 3.6721e+00
8.0000e+01 1.3000e+02 1.5406e+00
8.0000e+01 1.4000e+02 -9.9785e-01
8.0000e+01 1.5000e+02 -2.6531e+00
8.0000e+01 1.6000e+02 2.0098e+00
8.0000e+01 1.7000e+02 -1.3854e-01
8.0000e+01 1.8000e+02 -1.3994e+00
8.0000e+01 1.9000e+02 -1.0614e+00
8.0000e+01 2.0000e+02 -1.0786e+00
9.0000e+01 -2.0000e+02 3.9357e-01
9.0000e+01 -1.9000e+02 1.5541e+00
9.0000e+01 -1.8000e+02 2.4584e+00
9.0000e+01 -1.7000e+02 2.2339e+00
9.0000e+01 -1.6000e+02 -7.0125e-01
9.0000e+01 -1.5000e+02 1.1367e-01
9.0000e+01 -1.4000e+02 -5.1897e-01
9.0000e+01 -1.3000e+02 1.0031e+00
9.0000e+01 -1.2000e+02 6.5201e-01
9.0000e+01 -1.1000e+02 -3.1506e+00
9.0000e+01 -1.0000e+02 -4.5082e+00
9.0000e+01 -9.0000e+01 -3.7388e+00
9.0000e+01 -8.0000e+01 1.5823e+00
9.0000e+01 -7.0000e+01 -1.7429e+00
9.0000e+01 -6.0000e+01 -2.8657e+00
9.0000e+01 -5.0000e+01 -1.2385e+00
9.0000e+01 -4.0000e+01 -3.3384e+00
9.0000e+01 -3.0000e+01 -5.3424e+00
9.0000e+01 -2.0000e+01 -3.8035e+00
9.0000e+01 -1.0000e+01 -3.4908e+00
9.0000e+01 0.0000e+00 -3.5075e+00
9.0000e+01 1.0000e+01 -3.4761e+00
9.0000e+01 2.0000e+01 -3.7303e+00
9.0000e+01 3.0000e+01 -4.3944e+00
9.0000e+01 4.0000e+01 -3.3461e+00
9.0000e+01 5.0000e+01 -3.0677e+00
9.0000e+01 6.0000e+01 -4.0283e+00
9.0000e+01 7.0000e+01 -7.4399e-02
9.0000e+01 8.0000e+01 -1.2821e+00
9.0000e+01 9.0000e+01 -3.2655e+00
9.0000e+01 1.0000e+02 -1.7757e+00
9.0000e+01 1.1000e+02 1.4615e+00
9.0000e+01 1.2000e+02 -1.4108e+00
9.0000e+01 1.3000e+02 2.5145e-01
9.0000e+01 1.4000e+02 -1.0021e+00
9.0000e+01 1.5000e+02 -3.1376e+00
9.0000e+01 1.6000e+02 -1.5452e+00
9.0000e+01 1.7000e+02 -1.3065e+00
9.0000e+01 1.8000e+02 1.2911e+00
9.0000e+01 1.9000e+02 7.7301e-01
9.0000e+01 2.0000e+02 -3.4893e-01
1.0000e+02 -2.0000e+02 2.4452e+00
1.0000e+02 -1.9000e+02 1.7651e+00
1.0000e+02 -1.8000e+02 6.8087e-02
1.0000e+02 -1.7000e+02 1.1602e+00
1.0000e+02 -1.6000e+02 1.6954e+00
1.0000e+02 -1.5000e+02 -4.9349e-01
1.0000e+02 -1.4000e+02 -5.6376e-01
1.0000e+02 -1.3000e+02 -4.7396e-01
1.0000e+02 -1.2000e+02 -5.3224e-01
1.0000e+02 -1.1000e+02 -6.5211e-01
1.0000e+02 -1.0000e+02 1.1281e+00
1.0000e+02 -9.0000e+01 3.5098e-01
1.0000e+02 -8.0000e+01 -1.6643e+00
1.0000e+02 -7.0000e+01 -4.9770e+00
1.0000e+02 -6.0000e+01 3.1997e-01
1.0000e+02 -5.0000e+01 3.7149e-01
1.0000e+02 -4.0000e+01 -3.0804e+00
1.0000e+02 -3.0000e+01 -1.7954e+00
1.0000e+02 -2.0000e+01 -3.8421e+00
1.0000e+02 -1.0000e+01 -4.9001e+00
1.0000e+02 0.0000e+00 -3.0726e+00
1.0000e+02 1.0000e+01 -1.2219e+00
1.0000e+02 2.0000e+01 -2.3287e+00
1.0000e+02 3.0000e+01 -3.2020e+00
1.0000e+02 4.0000e+01 -4.0980e+00
1.0000e+02 5.0000e+01 -1.7019e+00
1.0000e+02 6.0000e+01 -1.1276e+00
1.0000e+02 7.0000e+01 -3.3801e+00
1.0000e+02 8.0000e+01 -2.6756e+00
1.0000e+02 9.0000e+01 2.0299e+00
1.0000e+02 1.0000e+02 1.1602e+00
1.0000e+02 1.1000e+02 7.0825e-01
1.0000e+02 1.2000e+02 1.1757e+00
1.0000e+02 1.3000e+02 -3.3490e+00
1.0000e+02 1.4000e+02 1.7387e+00
1.0000e+02 1.5000e+02 -3.4929e+00
1.0000e+02 1.6000e+02 -1.1098e+00
1.0000e+02 1.7000e+02 2.3107e-01
1.0000e+02 1.8000e+02 3.1917e-01
1.0000e+02 1.9000e+02 -1.8837e-01
1.0000e+02 2.0000e+02 -3.8719e-02
1.1000e+02 -2.0000e+02 5.6055e-01
1.1000e+02 -1.9000e+02 2.0621e+00
1.1000e+02 -1.8000e+02 -3.6425e-01
1.1000e+02 -1.7000e+02 5.8506e-01
1.1000e+02 -1.6000e+02 2.1155e+00
1.1000e+02 -1.5000e+02 -7.9056e-01
1.1000e+02 -1.4000e+02 -7.2063e-01
1.1000e+02 -1.3000e+02 -2.8031e+00
1.1000e+02 -1.2000e+02 -1.2933e+00
1.1000e+02 -1.1000e+02 -7.5559e-01
1.1000e+02 -1.0000e+02 8.4372e-01
1.1000e+02 -9.0000e+01 -9.5173e-01
1.1000e+02 -8.0000e+01 -1.4583e+00
1.1000e+02 -7.0000e+01 -3.2336e+00
1.1000e+02 -6.0000e+01 -2.5711e+00
1.1000e+02 -5.0000e+01 -2.5058e+00
1.1000e+02 -4.0000e+01 -2.9988e-01
1.1000e+02 -3.0000e+01 -4.4079e+00
1.1000e+02 -2.0000e+01 -2.6831e+00
1.1000e+02 -1.0000e+01 -2.7342e+00
1.1000e+02 0.0000e+00 -5.1127e+00
1.1000e+02 1.0000e+01 -3.3970e+00
1.1000e+02 2.0000e+01 -1.7344e+00
1.1000e+02 3.0000e+01 -1.7187e+00
1.1000e+02 4.0000e+01 -1.1046e+00
1.1000e+02 5.0000e+01 -2.6044e-01
1.1000e+02 6.0000e+01 -2.1611e+00
1.1000e+02 7.0000e+01 -1.0423e+00
1.1000e+02 8.0000e+01 -1.1564e+00
1.1000e+02 9.0000e+01 -1.7128e+00
1.1000e+02 1.0000e+02 1.1069e+00
1.1000e+02 1.1000e+02 -1.8801e-01
1.1000e+02 1.2000e+02 1.0992e+00
1.1000e+02 1.3000e+02 1.6658e-01
1.1000e+02 1.4000e+02 -1.3350e+00
1.1000e+02 1.5000e+02 -9.5108e-01
1.1000e+02 1.6000e+02 -2.0192e-02
1.1000e+02 1.7000e+02 2.7107e-01
1.1000e+02 1.8000e+02 1.3988e+00
1.1000e+02 1.9000e+02 2.3766e+00
1.1000e+02 2.0000e+02 -1.1646e+00
1.2000e+02 -2.0000e+02 -1.3858e+00
1.2000e+02 -1.9000e+02 1.0517e+00
1.2000e+02 -1.8000e+02 -4.1259e-01
1.2000e+02 -1.7000e+02 3.7472e-01
1.2000e+02 -1.6000e+02 -4.6475e+00
1.2000e+02 -1.5000e+02 -1.7558e+00
1.2000e+02 -1.4000e+02 1.5794e+00
1.2000e+02 -1.3000e+02 -1.8690e+00
1.2000e+02 -1.2000e+02 -5.3923e-01
1.2000e+02 -1.1000e+02 -1.7655e+00
1.2000e+02 -1.0000e+02 -7.1823e-01
1.2000e+02 -9.0000e+01 -2.8522e+00
1.2000e+02 -8.0000e+01 5.4652e-02
1.2000e+02 -7.0000e+01 5.2833e-01
1.2000e+02 -6.0000e+01 -1.5845e+00
1.2000e+02 -5.0000e+01 -1.5056e+00
1.2000e+02 -4.0000e+01 -2.7740e+00
1.2000e+02 -3.0000e+01 2.1725e-01
1.2000e+02 -2.0000e+01 8.1825e-01
1.2000e+02 -1.0000e+01 -6.9594e-01
1.2000e+02 0.0000e+00 -2.5304e+00
1.2000e+02 1.0000e+01 6.3665e-01
1.2000e+02 2.0000e+01 -1.2902e+00
1.2000e+02 3.0000e+01 -7.7820e-01
1.2000e+02 4.0000e+01 -6.0882e-02
1.2000e+02 5.0000e+01 -3.9267e+00
1.2000e+02 6.0000e+01 -1.1130e+00
1.2000e+02 7.0000e+01 -7.9413e-01
1.2000e+02 8.0000e+01 -3.6799e+00
1.2000e+02 9.0000e+01 -4.7778e-01
1.2000e+02 1.0000e+02 -1.1321e+00
1.2000e+02 1.1000e+02 -7.6157e-01
1.2000e+02 1.2000e+02 1.5762e-01
1.2000e+02 1.3000e+02 -3.8833e+00
1.2000e+02 1.4000e+02 -2.9334e+00
1.2000e+02 1.5000e+02 1.5048e+00
1.2000e+02 1.6000e+02 1.9392e+00
1.2000e+02 1.7000e+02 -1.1561e+00
1.2000e+02 1.8000e+02 -3.7922e-01
1.2000e+02 1.9000e+02 2.2209e-01
1.2000e+02 2.0000e+02 1.7103e+00
1.3000e+02 -2.0000e+02 -2.3083e-01
1.3000e+02 -1.9000e+02 9.4383e-01
1.3000e+02 -1.8000e+02 -9.7943e-01
1.3000e+02 -1.7000e+02 -5.8321e-01
1.3000e+02 -1.6000e+02 9.3892e-01
1.3000e+02 -1.5000e+02 -9.4797e-01
1.3000e+02 -1.4000e+02 5.3646e-01
1.3000e+02 -1.3000e+02 -1.5178e+00
1.3000e+02 -1.2000e+02 -1.5446e+00
1.3000e+02 -1.1000e+02 -8.1757e-01
1.3000e+02 -1.0000e+02 2.7538e-01
1.3000e+02 -9.0000e+01 -2.2836e+00
1.3000e+02 -8.0000e+01 -1.8634e+00
1.3000e+02 -7.0000e+01 -1.2879e+00
1.3000e+02 -6.0000e+01 -1.1985e+00
1.3000e+02 -5.0000e+01 -1.6496e-01
1.3000e+02 -4.0000e+01 7.7466e-01
1.3000e+02 -3.0000e+01 -1.5294e+00
1.3000e+02 -2.0000e+01 -1.8677e+00
1.3000e+02 -1.0000e+01 -1.3766e+00
1.3000e+02 0.0000e+00 -3.5283e+00
1.3000e+02 1.0000e+01 -5.9625e-01
1.3000e+02 2.0000e+01 -1.7750e-01
1.3000e+02 3.0000e+01 -3.6458e+00
1.3000e+02 4.0000e+01 1.5523e+00
1.3000e+02 5.0000e+01 1.6040e+00
1.3000e+02 6.0000e+01 -2.1605e+00
1.3000e+02 7.0000e+01 1.3231e-01
1.3000e+02 8.0000e+01 -1.7542e+00
1.3000e+02 9.0000e+01 -1.0669e+00
1.3000e+02 1.0000e+02 -1.0542e+00
1.3000e+02 1.1000e+02 -7.0846e-01
1.3000e+02 1.2000e+02 1.4441e+00
1.3000e+02 1.3000e+02 -1.3589e+00
1.3000e+02 1.4000e+02 1.5625e+00
1.3000e+02 1.5000e+02 -1.1653e-01
1.3000e+02 1.6000e+02 -9.6894e-01
1.3000e+02 1.7000e+02 -1.8813e+00
1.3000e+02 1.8000e+02 3.5308e-01
1.3000e+02 1.9000e+02 5.1761e-01
1.3000e+02 2.0000e+02 -5.5870e-01
1.4000e+02 -2.0000e+02 -1.5572e-01
1.4000e+02 -1.9000e+02 2.2678e+00
1.4000e+02 -1.8000e+02 -3.0888e+00
1.4000e+02 -1.7000e+02 3.0316e+00
1.4000e+02 -1.6000e+02 -1.8073e+00
1.4000e+02 -1.5000e+02 1.5881e+00
1.4000e+02 -1.4000e+02 -3.4617e-02
1.4000e+02 -1.3000e+02 3.9273e-01
1.4000e+02 -1.2000e+02 -1.5351e+00
1.4000e+02 -1.1000e+02 -1.0749e+00
1.4000e+02 -1.0000e+02 -1.3845e+00
1.4000e+02 -9.0000e+01 4.5665e-01
1.4000e+02 -8.0000e+01 -2.1075e+00
1.4000e+02 -7.0000e+01 -2.0671e-01
1.4000e+02 -6.0000e+01 -1.7633e+00
1.4000e+02 -5.0000e+01 -9.8019e-01
1.4000e+02 -4.0000e+01 -1.2009e+00
1.4000e+02 -3.0000e+01 1.0774e+00
1.4000e+02 -2.0000e+01 -9.6213e-01
1.4000e+02 -1.0000e+01 -1.2849e+00
1.4000e+02 0.0000e+00 -3.5661e+00
1.4000e+02 1.0000e+01 2.1900e-02
1.4000e+02 2.0000e+01 -3.4315e+00
1.4000e+02 3.0000e+01 -1.6747e+00
1.4000e+02 4.0000e+01 -2.4202e+00
1.4000e+02 5.0000e+01 6.5915e-02
1.4000e+02 6.0000e+01 4.1445e-01
1.4000e+02 7.0000e+01 5.5418e-01
1.4000e+02 8.0000e+01 1.1399e+00
1.4000e+02 9.0000e+01 -1.9111e+00
1.4000e+02 1.0000e+02 -1.3502e+00
1.4000e+02 1.1000e+02 -1.5360e+00
1.4000e+02 1.2000e+02 -4.3979e-01
1.4000e+02 1.3000e+02 -1.1131e+00
1.4000e+02 1.4000e+02 -2.1046e+00
1.4000e+02 1.5000e+02 -3.6400e-01
1.4000e+02 1.6000e+02 -1.0757e+00
1.4000e+02 1.7000e+02 -7.8435e-01
1.4000e+02 1.8000e+02 8.3335e-01
1.4000e+02 1.9000e+02 -2.9872e+00
1.4000e+02 2.0000e+02 -1.5106e-01
1.5000e+02 -2.0000e+02 -5.7182e-01
1.5000e+02 -1.9000e+02 -6.8846e-01
1.5000e+02 -1.8000e+02 8.5202e-01
1.5000e+02 -1.7000e+02 8.0703e-01
1.5000e+02 -1.6000e+02 -1.7192e+00
1.5000e+02 -1.5000e+02 1.4676e-01
1.5000e+02 -1.4000e+02 3.3189e-02
1.5000e+02 -1.3000e+02 -8.3206e-01
1.5000e+02 -1.2000e+02 1.9320e+00
1.5000e+02 -1.1000e+02 -8.9421e-01
1.5000e+02 -1.0000e+02 -5.9552e-01
1.5000e+02 -9.0000e+01 -7.0496e-01
1.5000e+02 -8.0000e+01 8.3711e-01
1.5000e+02 -7.0000e+01 2.9522e+00
1.5000e+02 -6.0000e+01 -3.6565e-01
1.5000e+02 -5.0000e+01 2.4334e+00
1.5000e+02 -4.0000e+01 1.2934e+00
1.5000e+02 -3.0000e+01 1.2012e+00
1.5000e+02 -2.0000e+01 -8.9463e-01
1.5000e+02 -1.0000e+01 8.5070e-04
1.5000e+02 0.0000e+00 -5.4414e-01
1.5000e+02 1.0000e+01 -9.7901e-01
1.5000e+02 2.0000e+01 -3.1299e-01
1.5000e+02 3.0000e+01 -1.4861e+00
1.5000e+02 4.0000e+01 -3.8897e-01
1.5000e+02 5.0000e+01 -1.0057e+00
1.5000e+02 6.0000e+01 8.7058e-02
1.5000e+02 7.0000e+01 1.1764e+00
1.5000e+02 8.0000e+01 -2.0891e-01
1.5000e+02 9.0000e+01 6.2918e-01
1.5000e+02 1.0000e+02 2.0194e+00
1.5000e+02 1.1000e+02 2.0689e+00
1.5000e+02 1.2000e+02 3.4141e-02
1.5000e+02 1.3000e+02 -1.2403e+00
1.5000e+02 1.4000e+02 1.9323e+00
1.5000e+02 1.5000e+02 -2.3762e+00
1.5000e+02 1.6000e+02 -2.1529e+00
1.5000e+02 1.7000e+02 5.8441e-01
1.5000e+02 1.8000e+02 -1.6913e+00
1.5000e+02 1.9000e+02 2.8679e+00
1.5000e+02 2.0000e+02 -1.0816e+00
1.6000e+02 -2.0000e+02 -1.1273e+00
1.6000e+02 -1.9000e+02 -3.3080e-01
1.6000e+02 -1.8000e+02 -1.8930e-01
1.6000e+02 -1.7000e+02 -1.8770e+00
1.6000e+02 -1.6000e+02 1.9205e+00
1.6000e+02 -1.5000e+02 -2.4168e+00
1.6000e+02 -1.4000e+02 1.7715e+00
1.6000e+02 -1.3000e+02 4.9792e-01
1.6000e+02 -1.2000e+02 -2.0080e+00
1.6000e+02 -1.1000e+02 2.7984e+00
1.6000e+02 -1.0000e+02 8.9228e-02
1.6000e+02 -9.0000e+01 4.1174e-01
1.6000e+02 -8.0000e+01 1.4127e-01
1.6000e+02 -7.0000e+01 -1.8755e+00
1.6000e+02 -6.0000e+01 1.1878e+00
1.6000e+02 -5.0000e+01 1.1002e+00
1.6000e+02 -4.0000e+01 1.6178e-01
1.6000e+02 -3.0000e+01 -2.0634e-02
1.6000e+02 -2.0000e+01 8.3804e-01
1.6000e+02 -1.0000e+01 -2.7291e+00
1.6000e+02 0.0000e+00 2.5346e+00
1.6000e+02 1.0000e+01 6.5626e-01
1.6000e+02 2.0000e+01 -1.2120e+00
1.6000e+02 3.0000e+01 3.7072e-01
1.6000e+02 4.0000e+01 2.3922e-01
1.6000e+02 5.0000e+01 -1.7570e+00
1.6000e+02 6.0000e+01 -5.1150e-01
1.6000e+02 7.0000e+01 2.0667e-01
1.6000e+02 8.0000e+01 3.1226e+00
1.6000e+02 9.0000e+01 2.1116e+00
1.6000e+02 1.0000e+02 2.0528e-01
1.6000e+02 1.1000e+02 1.8922e+00
1.6000e+02 1.2000e+02 1.0474e+00
1.6000e+02 1.3000e+02 3.5355e+00
1.6000e+02 1.4000e+02 -8.6184e-01
1.6000e+02 1.5000e+02 6.1762e-01
1.6000e+02 1.6000e+02 6.8292e-01
1.6000e+02 1.7000e+02 1.2985e+00
1.6000e+02 1.8000e+02 -1.8843e+00
1.6000e+02 1.9000e+02 2.5490e+00
1.6000e+02 2.0000e+02 -1.1329e+00
1.7000e+02 -2.0000e+02 1.0935e+00
1.7000e+02 -1.9000e+02 -1.3348e+00
1.7000e+02 -1.8000e+02 1.5545e-01
1.7000e+02 -1.7000e+02 -2.1994e+00
1.7000e+02 -1.6000e+02 7.0676e-01
1.7000e+02 -1.5000e+02 -1.3748e+00
1.7000e+02 -1.4000e+02 -1.2610e+00
1.7000e+02 -1.3000e+02 1.0023e+00
1.7000e+02 -1.2000e+02 2.2247e+00
1.7000e+02 -1.1000e+02 2.6956e+00
1.7000e+02 -1.0000e+02 6.7646e-01
1.7000e+02 -9.0000e+01 2.3724e-01
1.7000e+02 -8.0000e+01 -1.5467e+00
1.7000e+02 -7.0000e+01 1.0526e+00
1.7000e+02 -6.0000e+01 2.4628e+00
1.7000e+02 -5.0000e+01 7.2785e-01
1.7000e+02 -4.0000e+01 -8.8114e-01
1.7000e+02 -3.0000e+01 7.4808e-01
1.7000e+02 -2.0000e+01 5.7085e-01
1.7000e+02 -1.0000e+01 2.1461e+00
1.7000e+02 0.0000e+00 -1.6077e+00
1.7000e+02 1.0000e+01 -1.9829e-01
1.7000e+02 2.0000e+01 2.9241e-01
1.7000e+02 3.0000e+01 -7.5176e-01
1.7000e+02 4.0000e+01 1.6267e+00
1.7000e+02 5.0000e+01 1.9525e+00
1.7000e+02 6.0000e+01 1.3815e+00
1.7000e+02 7.0000e+01 2.7990e+00
1.7000e+02 8.0000e+01 -4.6906e-03
1.7000e+02 9.0000e+01 5.0021e-01
1.7000e+02 1.0000e+02 -1.6291e+00
1.7000e+02 1.1000e+02 1.1723e+00
1.7000e+02 1.2000e+02 -1.2386e+00
1.7000e+02 1.3000e+02 -6.0024e-01
1.7000e+02 1.4000e+02 3.0506e-01
1.7000e+02 1.5000e+02 2.2863e+00
1.7000e+02 1.6000e+02 1.3276e+00
1.7000e+02 1.7000e+02 1.6485e-01
1.7000e+02 1.8000e+02 1.6716e+00
1.7000e+02 1.9000e+02 1.8512e+00
1.7000e+02 2.0000e+02 1.2055e+00
1.8000e+02 -2.0000e+02 1.9817e-01
1.8000e+02 -1.9000e+02 5.1012e-01
1.8000e+02 -1.8000e+02 2.5540e+00
1.8000e+02 -1.7000e+02 3.5309e-01
1.8000e+02 -1.6000e+02 -1.5447e+00
1.8000e+02 -1.5000e+02 1.4442e+00
1.8000e+02 -1.4000e+02 1.0561e+00
1.8000e+02 -1.3000e+02 7.7793e-01
1.8000e+02 -1.2000e+02 7.2307e-01
1.8000e+02 -1.1000e+02 -1.0447e+00
1.8000e+02 -1.0000e+02 -9.0784e-01
1.8000e+02 -9.0000e+01 3.2269e+00
1.8000e+02 -8.0000e+01 -2.1298e+00
1.8000e+02 -7.0000e+01 -7.8224e-01
1.8000e+02 -6.0000e+01 -6.2049e-01
1.8000e+02 -5.0000e+01 -1.4986e+00
1.8000e+02 -4.0000e+01 -1.8829e+00
1.8000e+02 -3.0000e+01 2.1373e+00
1.8000e+02 -2.0000e+01 5.3990e-01
1.8000e+02 -1.0000e+01 -9.0337e-01
1.8000e+02 0.0000e+00 -1.4129e+00
1.8000e+02 1.0000e+01 5.5276e-01
1.8000e+02 2.0000e+01 3.0955e+00
1.8000e+02 3.0000e+01 -2.0707e+00
1.8000e+02 4.0000e+01 -7.2896e-01
1.8000e+02 5.0000e+01 -4.9143e-01
1.8000e+02 6.0000e+01 1.1799e+00
1.8000e+02 7.0000e+01 -2.0284e-01
1.8000e+02 8.0000e+01 8.8816e-01
1.8000e+02 9.0000e+01 7.4313e-01
1.8000e+02 1.0000e+02 -8.0193e-01
1.8000e+02 1.1000e+02 -2.1241e+00
1.8000e+02 1.2000e+02 -1.4030e-03
1.8000e+02 1.3000e+02 1.2204e+00
1.8000e+02 1.4000e+02 -1.1515e+00
1.8000e+02 1.5000e+02 -1.7381e+00
1.8000e+02 1.6000e+02 -6.3070e-01
1.8000e+02 1.7000e+02 -8.5087e-01
1.8000e+02 1.8000e+02 -2.8178e-01
1.8000e+02 1.9000e+02 5.9895e-01
1.8000e+02 2.0000e+02 1.0016e+00
1.9000e+02 -2.0000e+02 -1.4919e+00
1.9000e+02 -1.9000e+02 2.1209e-01
1.9000e+02 -1.8000e+02 -9.3956e-01
1.9000e+02 -1.7000e+02 2.2372e+00
1.9000e+02 -1.6000e+02 9.8841e-01
1.9000e+02 -1.5000e+02 -3.1273e+00
1.9000e+02 -1.4000e+02 1.7678e+00
1.9000e+02 -1.3000e+02 1.1687e+00
1.9000e+02 -1.2000e+02 1.4812e+00
1.9000e+02 -1.1000e+02 3.1230e-01
1.9000e+02 -1.0000e+02 -3.5085e+00
1.9000e+02 -9.0000e+01 1.0693e+00
1.9000e+02 -8.0000e+01 2.3535e+00
1.9000e+02 -7.0000e+01 -1.1787e+00
1.9000e+02 -6.0000e+01 2.7467e+00
1.9000e+02 -5.0000e+01 -2.2522e+00
1.9000e+02 -4.0000e+01 6.4530e-02
1.9000e+02 -3.0000e+01 -9.5253e-01
1.9000e+02 -2.0000e+01 2.7527e-01
1.9000e+02 -1.0000e+01 1.0027e+00
1.9000e+02 0.0000e+00 -7.7057e-01
1.9000e+02 1.0000e+01 1.4937e+00
1.9000e+02 2.0000e+01 -9.5379e-01
1.9000e+02 3.0000e+01 1.7303e-01
1.9000e+02 4.0000e+01 -5.6243e-01
1.9000e+02 5.0000e+01 -2.4529e+00
1.9000e+02 6.0000e+01 -5.9383e-01
1.9000e+02 7.0000e+01 8.9852e-01
1.9000e+02 8.0000e+01 1.4013e+00
1.9000e+02 9.0000e+01 5.8201e-01
1.9000e+02 1.0000e+02 3.5575e-01
1.9000e+02 1.1000e+02 2.4610e+00
1.9000e+02 1.2000e+02 1.7438e+00
1.9000e+02 1.3000e+02 -2.7348e-01
1.9000e+02 1.4000e+02 -2.5480e+00
1.9000e+02 1.5000e+02 -4.1292e-01
1.9000e+02 1.6000e+02 5.8182e-01
1.9000e+02 1.7000e+02 8.0617e-01
1.9000e+02 1.8000e+02 -9.0485e-02
1.9000e+02 1.9000e+02 2.9371e+00
1.9000e+02 2.0000e+02 1.3331e+00
2.0000e+02 -2.0000e+02 -2.0651e+00
2.0000e+02 -1.9000e+02 -2.6822e+00
2.0000e+02 -1.8000e+02 1.3265e+00
2.0000e+02 -1.7000e+02 1.1946e+00
2.0000e+02 -1.6000e+02 -1.3770e+00
2.0000e+02 -1.5000e+02 1.1411e+00
2.0000e+02 -1.4000e+02 1.2090e-01
2.0000e+02 -1.3000e+02 -4.6779e-01
2.0000e+02 -1.2000e+02 -6.3131e-01
2.0000e+02 -1.1000e+02 6.2807e-01
2.0000e+02 -1.0000e+02 2.2327e-01
2.0000e+02 -9.0000e+01 -1.6853e+00
2.0000e+02 -8.0000e+01 -1.1469e+00
2.0000e+02 -7.0000e+01 -9.4433e-01
2.0000e+02 -6.0000e+01 -1.0039e+00
2.0000e+02 -5.0000e+01 -9.4812e-02
2.0000e+02 -4.0000e+01 -2.0856e+00
2.0000e+02 -3.0000e+01 1.4420e-01
2.0000e+02 -2.0000e+01 8.1886e-01
2.0000e+02 -1.0000e+01 -1.6384e+00
2.0000e+02 0.0000e+00 -9.3124e-01
2.0000e+02 1.0000e+01 2.2087e+00
2.0000e+02 2.0000e+01 -8.4327e-01
2.0000e+02 3.0000e+01 3.0368e+00
2.0000e+02 4.0000e+01 1.0369e+00
2.0000e+02 5.0000e+01 6.4111e-01
2.0000e+02 6.0000e+01 -2.5849e+00
2.0000e+02 7.0000e+01 1.0020e+00
2.0000e+02 8.0000e+01 1.2324e+00
2.0000e+02 9.0000e+01 4.1691e-01
2.0000e+02 1.0000e+02 -2.8518e+00
2.0000e+02 1.1000e+02 -2.2363e-02
2.0000e+02 1.2000e+02 -1.1085e+00
2.0000e+02 1.3000e+02 8.4947e-01
2.0000e+02 1.4000e+02 -3.5957e-01
2.0000e+02 1.5000e+02 -1.8196e+00
2.0000e+02 1.6000e+02 -4.8409e-02
2.0000e+02 1.7000e+02 4.3073e-01
2.0000e+02 1.8000e+02 -3.8749e-01
2.0000e+02 1.9000e+02 -7.0674e-01
2.0000e+02 2.0000e+02 -1.7471e+00
