-2.0000e+02 -2.0000e+02 -3.5333e-01
-2.0000e+02 -1.9000e+02 2.1173e+00
-2.0000e+02 -1.8000e+02 -2.0779e-01
-2.0000e+02 -1.7000e+02 -1.3706e+00
-2.0000e+02 -1.6000e+02 -5.2994e-01
-2.0000e+02 -1.5000e+02 -4.4456e-01
-2.0000e+02 -1.4000e+02 -7.2287e-01
-2.0000e+02 -1.3000e+02 6.0919e-01
-2.0000e+02 -1.2000e+02 2.5916e+00
-2.0000e+02 -1.1000e+02 -1.5439e-01
-2.0000e+02 -1.0000e+02 1.3914e+00
-2.0000e+02 -9.0000e+01 -1.9538e+00
-2.0000e+02 -8.0000e+01 1.1695e+00
-2.0000e+02 -7.0000e+01 -4.5395e-02
-2.0000e+02 -6.0000e+01 2.9051e-01
-2.0000e+02 -5.0000e+01 8.2243e-01
-2.0000e+02 -4.0000e+01 1.7495e+00
-2.0000e+02 -3.0000e+01 2.0073e+00
-2.0000e+02 -2.0000e+01 -4.1004e-01
-2.0000e+02 -1.0000e+01 -9.4350e-01
-2.0000e+02 0.0000e+00 1.5696e+00
-2.0000e+02 1.0000e+01 3.2625e+00
-2.0000e+02 2.0000e+01 1.2904e+00
-2.0000e+02 3.0000e+01 2.3808e+00
-2.0000e+02 4.0000e+01 3.1032e+00
-2.0000e+02 5.0000e+01 5.8592e-01
-2.0000e+02 6.0000e+01 -7.1906e-01
-2.0000e+02 7.0000e+01 -6.5632e-02
-2.0000e+02 8.0000e+01 -1.4487e+00
-2.0000e+02 9.0000e+01 1.5841e-01
-2.0000e+02 1.0000e+02 1.1803e+00
-2.0000e+02 1.1000e+02 -1.4298e+00
-2.0000e+02 1.2000e+02 -2.3369e+00
-2.0000e+02 1.3000e+02 2.8559e+00
-2.0000e+02 1.4000e+02 4.0852e-01
-2.0000e+02 1.5000e+02 -2.8455e+00
-2.0000e+02 1.6000e+02 1.5492e-01
-2.0000e+02 1.7000e+02 1.8790e-01
-2.0000e+02 1.8000e+02 -3.1468e-01
-2.0000e+02 1.9000e+02 -2.9709e-01
-2.0000e+02 2.0000e+02 -1.1460e+00
-1.9000e+02 -2.0000e+02 -4.5988e+00
-1.9000e+02 -1.9000e+02 4.1814e-01
-1.9000e+02 -1.8000e+02 -3.8292e-01
-1.9000e+02 -1.7000e+02 -9.9280e-01
-1.9000e+02 -1.6000e+02 -5.5866e-01
-1.9000e+02 -1.5000e+02 -4.7288e-01
-1.9000e+02 -1.4000e+02 -2.9293e+00
-1.9000e+02 -1.3000e+02 8.0992e-02
-1.9000e+02 -1.2000e+02 -1.5793e+00
-1.9000e+02 -1.1000e+02 5.4329e-01
-1.9000e+02 -1.0000e+02 -8.3601e-01
-1.9000e+02 -9.0000e+01 -2.0199e+00
-1.9000e+02 -8.0000e+01 -1.1157e+00
-1.9000e+02 -7.0000e+01 1.8792e-01
-1.9000e+02 -6.0000e+01 -5.1844e-01
-1.9000e+02 -5.0000e+01 1.0785e+00
-1.9000e+02 -4.0000e+01 -1.0499e+00
-1.9000e+02 -3.0000e+01 -2.4599e+00
-1.9000e+02 -2.0000e+01 2.9647e-01
-1.9000e+02 -1.0000e+01 1.4597e+00
-1.9000e+02 0.0000e+00 -3.1957e+00
-1.9000e+02 1.0000e+01 1.1790e+00
-1.9000e+02 2.0000e+01 -2.3326e-01
-1.9000e+02 3.0000e+01 1.5383e+00
-1.9000e+02 4.0000e+01 8.0888e-01
-1.9000e+02 5.0000e+01 2.5016e+00
-1.9000e+02 6.0000e+01 -6.7276e-01
-1.9000e+02 7.0000e+01 1.0697e+00
-1.9000e+02 8.0000e+01 -8.5339e-01
-1.9000e+02 9.0000e+01 1.3591e+00
-1.9000e+02 1.0000e+02 1.0447e+00
-1.9000e+02 1.1000e+02 2.9688e+00
-1.9000e+02 1.2000e+02 2.1261e+00
-1.9000e+02 1.3000e+02 6.8459e-01
-1.9000e+02 1.4000e+02 5.4723e-01
-1.9000e+02 1.5000e+02 -3.8925e-01
-1.9000e+02 1.6000e+02 -2.1510e+00
-1.9000e+02 1.7000e+02 1.9240e+00
-1.9000e+02 1.8000e+02 -1.3400e+00
-1.9000e+02 1.9000e+02 2.4462e+00
-1.9000e+02 2.0000e+02 -4.1099e+00
-1.8000e+02 -2.0000e+02 -3.5635e-01
-1.8000e+02 -1.9000e+02 -6.2569e-01
-1.8000e+02 -1.8000e+02 -2.5253e+00
-1.8000e+02 -1.7000e+02 7.0927e-01
-1.8000e+02 -1.6000e+02 -1.5880e+00
-1.8000e+02 -1.5000e+02 -1.8493e+00
-1.8000e+02 -1.4000e+02 1.2891e+00
-1.8000e+02 -1.3000e+02 -1.0296e+00
-1.8000e+02 -1.2000e+02 4.1642e+00
-1.8000e+02 -1.1000e+02 -1.0527e+00
-1.8000e+02 -1.0000e+02 1.6522e+00
-1.8000e+02 -9.0000e+01 -3.0609e+00
-1.8000e+02 -8.0000e+01 -7.8389e-01
-1.8000e+02 -7.0000e+01 -1.0828e+00
-1.8000e+02 -6.0000e+01 -6.1968e-01
-1.8000e+02 -5.0000e+01 -6.2529e-01
-1.8000e+02 -4.0000e+01 -1.7880e+00
-1.8000e+02 -3.0000e+01 -1.4310e+00
-1.8000e+02 -2.0000e+01 3.0919e-01
-1.8000e+02 -1.0000e+01 2.0787e+00
-1.8000e+02 0.0000e+00 -1.6533e+00
-1.8000e+02 1.0000e+01 8.8709e-01
-1.8000e+02 2.0000e+01 -6.3599e-02
-1.8000e+02 3.0000e+01 2.8240e-01
-1.8000e+02 4.0000e+01 -3.6230e+00
-1.8000e+02 5.0000e+01 -1.1173e-01
-1.8000e+02 6.0000e+01 -2.7154e+00
-1.8000e+02 7.0000e+01 1.3266e+00
-1.8000e+02 8.0000e+01 -6.9218e-01
-1.8000e+02 9.0000e+01 2.4001e+00
-1.8000e+02 1.0000e+02 4.6808e-01
-1.8000e+02 1.1000e+02 -1.4785e+00
-1.8000e+02 1.2000e+02 -3.3469e+00
-1.8000e+02 1.3000e+02 5.2660e-01
-1.8000e+02 1.4000e+02 9.3582e-01
-1.8000e+02 1.5000e+02 -1.1611e-01
-1.8000e+02 1.6000e+02 2.5586e+00
-1.8000e+02 1.7000e+02 1.2275e+00
-1.8000e+02 1.8000e+02 -8.3840e-02
-1.8000e+02 1.9000e+02 -1.1507e+00
-1.8000e+02 2.0000e+02 -1.8816e+00
-1.7000e+02 -2.0000e+02 3.3039e+00
-1.7000e+02 -1.9000e+02 2.2320e-01
-1.7000e+02 -1.8000e+02 -1.7742e+00
-1.7000e+02 -1.7000e+02 -1.6045e-03
-1.7000e+02 -1.6000e+02 -5.2307e-01
-1.7000e+02 -1.5000e+02 -3.1511e-01
-1.7000e+02 -1.4000e+02 1.5422e+00
-1.7000e+02 -1.3000e+02 -2.9610e-01
-1.7000e+02 -1.2000e+02 -1.9278e+00
-1.7000e+02 -1.1000e+02 -2.0401e+00
-1.7000e+02 -1.0000e+02 6.1315e-01
-1.7000e+02 -9.0000e+01 -1.3370e+00
-1.7000e+02 -8.0000e+01 9.5518e-01
-1.7000e+02 -7.0000e+01 2.6037e-01
-1.7000e+02 -6.0000e+01 -1.1679e+00
-1.7000e+02 -5.0000e+01 1.4064e-01
-1.7000e+02 -4.0000e+01 9.2015e-01
-1.7000e+02 -3.0000e+01 1.4718e-02
-1.7000e+02 -2.0000e+01 7.6911e-01
-1.7000e+02 -1.0000e+01 -9.0027e-01
-1.7000e+02 0.0000e+00 -3.6523e-01
-1.7000e+02 1.0000e+01 1.3896e+00
-1.7000e+02 2.0000e+01 -2.1157e+00
-1.7000e+02 3.0000e+01 -1.7603e+00
-1.7000e+02 4.0000e+01 1.8058e+00
-1.7000e+02 5.0000e+01 3.7184e+00
-1.7000e+02 6.0000e+01 1.2110e+00
-1.7000e+02 7.0000e+01 -9.2786e-01
-1.7000e+02 8.0000e+01 -8.2953e-01
-1.7000e+02 9.0000e+01 7.7818e-01
-1.7000e+02 1.0000e+02 -1.0566e+00
-1.7000e+02 1.1000e+02 1.1609e+00
-1.7000e+02 1.2000e+02 6.4839e-01
-1.7000e+02 1.3000e+02 -4.2266e-01
-1.7000e+02 1.4000e+02 1.3184e+00
-1.7000e+02 1.5000e+02 -1.2050e+00
-1.7000e+02 1.6000e+02 -5.1842e-01
-1.7000e+02 1.7000e+02 -2.8739e+00
-1.7000e+02 1.8000e+02 -8.4584e-01
-1.7000e+02 1.9000e+02 -1.0024e+00
-1.7000e+02 2.0000e+02 -3.0034e+00
-1.6000e+02 -2.0000e+02 -7.6493e-01
-1.6000e+02 -1.9000e+02 -1.1351e+00
-1.6000e+02 -1.8000e+02 -4.8353e-01
-1.6000e+02 -1.7000e+02 -2.2968e+00
-1.6000e+02 -1.6000e+02 1.4131e+00
-1.6000e+02 -1.5000e+02 -9.7178e-01
-1.6000e+02 -1.4000e+02 6.8559e-01
-1.6000e+02 -1.3000e+02 -7.9843e-01
-1.6000e+02 -1.2000e+02 3.6081e+00
-1.6000e+02 -1.1000e+02 1.3353e-02
-1.6000e+02 -1.0000e+02 5.1053e-01
-1.6000e+02 -9.0000e+01 -1.3713e-01
-1.6000e+02 -8.0000e+01 3.1726e+00
-1.6000e+02 -7.0000e+01 4.2855e-01
-1.6000e+02 -6.0000e+01 3.5649e-02
-1.6000e+02 -5.0000e+01 8.2560e-01
-1.6000e+02 -4.0000e+01 8.8940e-01
-1.6000e+02 -3.0000e+01 6.1913e-01
-1.6000e+02 -2.0000e+01 7.2878e-02
-1.6000e+02 -1.0000e+01 -1.7435e+00
-1.6000e+02 0.0000e+00 -1.9768e+00
-1.6000e+02 1.0000e+01 3.1371e-01
-1.6000e+02 2.0000e+01 -1.3652e+00
-1.6000e+02 3.0000e+01 -2.9649e+00
-1.6000e+02 4.0000e+01 -1.1100e+00
-1.6000e+02 5.0000e+01 1.9634e+00
-1.6000e+02 6.0000e+01 1.2793e+00
-1.6000e+02 7.0000e+01 1.5090e+00
-1.6000e+02 8.0000e+01 8.0050e-01
-1.6000e+02 9.0000e+01 7.0742e-01
-1.6000e+02 1.0000e+02 6.8280e-01
-1.6000e+02 1.1000e+02 1.4109e+00
-1.6000e+02 1.2000e+02 6.1854e-01
-1.6000e+02 1.3000e+02 -4.1334e-01
-1.6000e+02 1.4000e+02 5.8037e-01
-1.6000e+02 1.5000e+02 -4.3009e-01
-1.6000e+02 1.6000e+02 1.7636e-01
-1.6000e+02 1.7000e+02 8.9072e-02
-1.6000e+02 1.8000e+02 -1.8798e+00
-1.6000e+02 1.9000e+02 3.2179e+00
-1.6000e+02 2.0000e+02 2.5303e+00
-1.5000e+02 -2.0000e+02 1.1682e+00
-1.5000e+02 -1.9000e+02 -6.2597e-01
-1.5000e+02 -1.8000e+02 -3.9851e-01
-1.5000e+02 -1.7000e+02 -2.2923e-01
-1.5000e+02 -1.6000e+02 -2.2235e+00
-1.5000e+02 -1.5000e+02 -1.1726e+00
-1.5000e+02 -1.4000e+02 -1.7833e+00
-1.5000e+02 -1.3000e+02 -3.7074e-01
-1.5000e+02 -1.2000e+02 5.0317e-01
-1.5000e+02 -1.1000e+02 -3.4598e+00
-1.5000e+02 -1.0000e+02 -2.2228e-01
-1.5000e+02 -9.0000e+01 -7.5584e-01
-1.5000e+02 -8.0000e+01 2.5564e+00
-1.5000e+02 -7.0000e+01 -4.8200e-01
-1.5000e+02 -6.0000e+01 -1.3941e-01
-1.5000e+02 -5.0000e+01 1.8400e+00
-1.5000e+02 -4.0000e+01 -1.5298e+00
-1.5000e+02 -3.0000e+01 1.6102e+00
-1.5000e+02 -2.0000e+01 8.3277e-01
-1.5000e+02 -1.0000e+01 2.9986e+00
-1.5000e+02 0.0000e+00 -2.4254e+00
-1.5000e+02 1.0000e+01 1.6230e+00
-1.5000e+02 2.0000e+01 1.7650e+00
-1.5000e+02 3.0000e+01 1.1101e+00
-1.5000e+02 4.0000e+01 -8.5402e-01
-1.5000e+02 5.0000e+01 -9.5813e-01
-1.5000e+02 6.0000e+01 6.6467e-01
-1.5000e+02 7.0000e+01 -1.9045e+00
-1.5000e+02 8.0000e+01 1.5218e+00
-1.5000e+02 9.0000e+01 -3.6764e-01
-1.5000e+02 1.0000e+02 -2.5250e+00
-1.5000e+02 1.1000e+02 -1.4624e+00
-1.5000e+02 1.2000e+02 2.4781e+00
-1.5000e+02 1.3000e+02 1.2646e+00
-1.5000e+02 1.4000e+02 6.0876e-01
-1.5000e+02 1.5000e+02 1.0787e+00
-1.5000e+02 1.6000e+02 -2.2732e-02
-1.5000e+02 1.7000e+02 1.6967e+00
-1.5000e+02 1.8000e+02 -1.5185e+00
-1.5000e+02 1.9000e+02 2.2407e-01
-1.5000e+02 2.0000e+02 -1.1025e-01
-1.4000e+02 -2.0000e+02 1.3196e-01
-1.4000e+02 -1.9000e+02 2.1492e+00
-1.4000e+02 -1.8000e+02 -7.2425e-01
-1.4000e+02 -1.7000e+02 -1.1868e+00
-1.4000e+02 -1.6000e+02 3.7122e-01
-1.4000e+02 -1.5000e+02 -1.0284e+00
-1.4000e+02 -1.4000e+02 6.0223e-01
-1.4000e+02 -1.3000e+02 1.3057e+00
-1.4000e+02 -1.2000e+02 -6.1926e-01
-1.4000e+02 -1.1000e+02 8.4108e-01
-1.4000e+02 -1.0000e+02 2.6382e-01
-1.4000e+02 -9.0000e+01 -1.6505e+00
-1.4000e+02 -8.0000e+01 -1.4195e+00
-1.4000e+02 -7.0000e+01 3.1040e+00
-1.4000e+02 -6.0000e+01 -7.5595e-01
-1.4000e+02 -5.0000e+01 6.3541e-01
-1.4000e+02 -4.0000e+01 -3.1184e-01
-1.4000e+02 -3.0000e+01 -7.7719e-01
-1.4000e+02 -2.0000e+01 5.7242e-01
-1.4000e+02 -1.0000e+01 9.2519e-02
-1.4000e+02 0.0000e+00 2.4453e+00
-1.4000e+02 1.0000e+01 1.6600e+00
-1.4000e+02 2.0000e+01 7.4130e-01
-1.4000e+02 3.0000e+01 -5.8049e-01
-1.4000e+02 4.0000e+01 1.9589e+00
-1.4000e+02 5.0000e+01 1.8839e+00
-1.4000e+02 6.0000e+01 -9.3618e-01
-1.4000e+02 7.0000e+01 2.9434e-01
-1.4000e+02 8.0000e+01 -1.6601e-01
-1.4000e+02 9.0000e+01 -2.6830e+00
-1.4000e+02 1.0000e+02 -2.3129e-01
-1.4000e+02 1.1000e+02 -1.3031e+00
-1.4000e+02 1.2000e+02 -1.8900e+00
-1.4000e+02 1.3000e+02 -3.0158e+00
-1.4000e+02 1.4000e+02 4.0255e-01
-1.4000e+02 1.5000e+02 1.9272e+00
-1.4000e+02 1.6000e+02 6.1420e-01
-1.4000e+02 1.7000e+02 4.1980e-01
-1.4000e+02 1.8000e+02 8.3808e-01
-1.4000e+02 1.9000e+02 -2.8234e+00
-1.4000e+02 2.0000e+02 -1.4081e+00
-1.3000e+02 -2.0000e+02 6.4522e-02
-1.3000e+02 -1.9000e+02 -2.9346e+00
-1.3000e+02 -1.8000e+02 -2.2224e+00
-1.3000e+02 -1.7000e+02 3.3257e+00
-1.3000e+02 -1.6000e+02 3.4079e+00
-1.3000e+02 -1.5000e+02 -4.0123e-01
-1.3000e+02 -1.4000e+02 -9.1012e-01
-1.3000e+02 -1.3000e+02 -1.2973e+00
-1.3000e+02 -1.2000e+02 -1.1980e+00
-1.3000e+02 -1.1000e+02 -4.2621e-01
-1.3000e+02 -1.0000e+02 9.3328e-01
-1.3000e+02 -9.0000e+01 -4.3928e-01
-1.3000e+02 -8.0000e+01 9.0260e-01
-1.3000e+02 -7.0000e+01 1.0249e+00
-1.3000e+02 -6.0000e+01 1.9604e-01
-1.3000e+02 -5.0000e+01 5.5087e-01
-1.3000e+02 -4.0000e+01 -4.4794e-01
-1.3000e+02 -3.0000e+01 5.0494e-01
-1.3000e+02 -2.0000e+01 6.3790e-01
-1.3000e+02 -1.0000e+01 -8.3584e-01
-1.3000e+02 0.0000e+00 -4.6301e-01
-1.3000e+02 1.0000e+01 -2.4506e+00
-1.3000e+02 2.0000e+01 -1.4356e+00
-1.3000e+02 3.0000e+01 -5.3072e-01
-1.3000e+02 4.0000e+01 -2.7269e+00
-1.3000e+02 5.0000e+01 -2.4807e+00
-1.3000e+02 6.0000e+01 3.0697e-01
-1.3000e+02 7.0000e+01 -1.0701e+00
-1.3000e+02 8.0000e+01 -8.6373e-01
-1.3000e+02 9.0000e+01 -9.3866e-01
-1.3000e+02 1.0000e+02 1.2064e+00
-1.3000e+02 1.1000e+02 -1.5065e-01
-1.3000e+02 1.2000e+02 5.7256e-01
-1.3000e+02 1.3000e+02 1.9576e+00
-1.3000e+02 1.4000e+02 1.0633e+00
-1.3000e+02 1.5000e+02 -6.5870e-01
-1.3000e+02 1.6000e+02 2.7083e-01
-1.3000e+02 1.7000e+02 -2.4722e-01
-1.3000e+02 1.8000e+02 -9.3163e-01
-1.3000e+02 1.9000e+02 -5.3249e-01
-1.3000e+02 2.0000e+02 1.7981e+00
-1.2000e+02 -2.0000e+02 7.3148e-01
-1.2000e+02 -1.9000e+02 1.3361e-01
-1.2000e+02 -1.8000e+02 -3.4457e-01
-1.2000e+02 -1.7000e+02 -2.3831e+00
-1.2000e+02 -1.6000e+02 2.1020e+00
-1.2000e+02 -1.5000e+02 2.3598e-01
-1.2000e+02 -1.4000e+02 1.6110e+00
-1.2000e+02 -1.3000e+02 -2.4905e+00
-1.2000e+02 -1.2000e+02 -1.5467e+00
-1.2000e+02 -1.1000e+02 -6.4592e-01
-1.2000e+02 -1.0000e+02 -7.5044e-01
-1.2000e+02 -9.0000e+01 1.5344e+00
-1.2000e+02 -8.0000e+01 -1.8828e+00
-1.2000e+02 -7.0000e+01 -5.6466e-01
-1.2000e+02 -6.0000e+01 -9.4776e-01
-1.2000e+02 -5.0000e+01 -1.6945e+00
-1.2000e+02 -4.0000e+01 -2.6950e-01
-1.2000e+02 -3.0000e+01 -3.3709e+00
-1.2000e+02 -2.0000e+01 -8.4595e-01
-1.2000e+02 -1.0000e+01 -2.9823e+00
-1.2000e+02 0.0000e+00 -4.1271e+00
-1.2000e+02 1.0000e+01 8.4305e-01
-1.2000e+02 2.0000e+01 -1.2159e+00
-1.2000e+02 3.0000e+01 -3.6731e+00
-1.2000e+02 4.0000e+01 -2.0627e+00
-1.2000e+02 5.0000e+01 -6.8317e-01
-1.2000e+02 6.0000e+01 -3.9877e+00
-1.2000e+02 7.0000e+01 -3.8913e-01
-1.2000e+02 8.0000e+01 1.1479e+00
-1.2000e+02 9.0000e+01 -2.3605e-01
-1.2000e+02 1.0000e+02 4.3536e-01
-1.2000e+02 1.1000e+02 -6.3865e-01
-1.2000e+02 1.2000e+02 3.7753e+00
-1.2000e+02 1.3000e+02 1.5393e+00
-1.2000e+02 1.4000e+02 6.0448e-01
-1.2000e+02 1.5000e+02 8.1529e-01
-1.2000e+02 1.6000e+02 -1.9275e+00
-1.2000e+02 1.7000e+02 2.8875e+00
-1.2000e+02 1.8000e+02 -2.6455e+00
-1.2000e+02 1.9000e+02 -1.5840e+00
-1.2000e+02 2.0000e+02 -1.0677e+00
-1.1000e+02 -2.0000e+02 -1.7635e+00
-1.1000e+02 -1.9000e+02 -5.6253e-02
-1.1000e+02 -1.8000e+02 -1.7603e+00
-1.1000e+02 -1.7000e+02 -2.1396e-01
-1.1000e+02 -1.6000e+02 9.4679e-01
-1.1000e+02 -1.5000e+02 -1.1567e+00
-1.1000e+02 -1.4000e+02 -1.0090e+00
-1.1000e+02 -1.3000e+02 -4.9460e-01
-1.1000e+02 -1.2000e+02 -1.8186e+00
-1.1000e+02 -1.1000e+02 -1.8889e+00
-1.1000e+02 -1.0000e+02 -2.1192e+00
-1.1000e+02 -9.0000e+01 3.3830e-01
-1.1000e+02 -8.0000e+01 -9.7166e-01
-1.1000e+02 -7.0000e+01 -9.8199e-03
-1.1000e+02 -6.0000e+01 -1.0456e+00
-1.1000e+02 -5.0000e+01 -1.4410e+00
-1.1000e+02 -4.0000e+01 -2.9012e+00
-1.1000e+02 -3.0000e+01 -2.0003e+00
-1.1000e+02 -2.0000e+01 -1.1320e+00
-1.1000e+02 -1.0000e+01 -6.3865e-01
-1.1000e+02 0.0000e+00 -5.4461e+00
-1.1000e+02 1.0000e+01 -4.9648e+00
-1.1000e+02 2.0000e+01 -2.7583e+00
-1.1000e+02 3.0000e+01 -2.2169e+00
-1.1000e+02 4.0000e+01 -1.0234e+00
-1.1000e+02 5.0000e+01 -3.4185e-01
-1.1000e+02 6.0000e+01 -8.4102e-01
-1.1000e+02 7.0000e+01 -5.6061e-01
-1.1000e+02 8.0000e+01 -2.2885e+00
-1.1000e+02 9.0000e+01 -2.4206e-01
-1.1000e+02 1.0000e+02 -1.0750e+00
-1.1000e+02 1.1000e+02 1.2287e+00
-1.1000e+02 1.2000e+02 -4.2273e-02
-1.1000e+02 1.3000e+02 -1.4265e+00
-1.1000e+02 1.4000e+02 -4.5658e-01
-1.1000e+02 1.5000e+02 -1.0017e+00
-1.1000e+02 1.6000e+02 -4.3099e-01
-1.1000e+02 1.7000e+02 -1.1778e+00
-1.1000e+02 1.8000e+02 2.6481e+00
-1.1000e+02 1.9000e+02 -1.9885e+00
-1.1000e+02 2.0000e+02 -1.3874e-01
-1.0000e+02 -2.0000e+02 -9.4433e-01
-1.0000e+02 -1.9000e+02 -9.9232e-01
-1.0000e+02 -1.8000e+02 8.2574e-02
-1.0000e+02 -1.7000e+02 -4.1445e-01
-1.0000e+02 -1.6000e+02 6.8372e-01
-1.0000e+02 -1.5000e+02 -6.6966e-02
-1.0000e+02 -1.4000e+02 -2.5332e+00
-1.0000e+02 -1.3000e+02 -2.1720e+00
-1.0000e+02 -1.2000e+02 -1.6457e+00
-1.0000e+02 -1.1000e+02 8.4551e-01
-1.0000e+02 -1.0000e+02 -8.7647e-01
-1.0000e+02 -9.0000e+01 -6.9092e-01
-1.0000e+02 -8.0000e+01 4.8463e-02
-1.0000e+02 -7.0000e+01 -1.2723e+00
-1.0000e+02 -6.0000e+01 -5.2113e-01
-1.0000e+02 -5.0000e+01 -3.1398e+00
-1.0000e+02 -4.0000e+01 -8.5520e-01
-1.0000e+02 -3.0000e+01 -3.1425e+00
-1.0000e+02 -2.0000e+01 -3.4982e+00
-1.0000e+02 -1.0000e+01 -5.3184e+00
-1.0000e+02 0.0000e+00 -3.2519e+00
-1.0000e+02 1.0000e+01 -2.9849e+00
-1.0000e+02 2.0000e+01 -1.5340e+00
-1.0000e+02 3.0000e+01 -2.8766e+00
-1.0000e+02 4.0000e+01 -1.3865e+00
-1.0000e+02 5.0000e+01 -2.9060e+00
-1.0000e+02 6.0000e+01 -1.9673e+00
-1.0000e+02 7.0000e+01 -1.6730e+00
-1.0000e+02 8.0000e+01 -1.5303e+00
-1.0000e+02 9.0000e+01 -2.7724e+00
-1.0000e+02 1.0000e+02 -1.9830e+00
-1.0000e+02 1.1000e+02 6.2624e-01
-1.0000e+02 1.2000e+02 -2.1175e+00
-1.0000e+02 1.3000e+02 6.9971e-01
-1.0000e+02 1.4000e+02 1.1705e+00
-1.0000e+02 1.5000e+02 -9.3158e-01
-1.0000e+02 1.6000e+02 -1.6568e-01
-1.0000e+02 1.7000e+02 2.8655e-01
-1.0000e+02 1.8000e+02 1.3223e-01
-1.0000e+02 1.9000e+02 -1.3496e-01
-1.0000e+02 2.0000e+02 -8.6039e-01
-9.0000e+01 -2.0000e+02 1.0572e+00
-9.0000e+01 -1.9000e+02 9.9657e-01
-9.0000e+01 -1.8000e+02 -8.6545e-02
-9.0000e+01 -1.7000e+02 6.9940e-01
-9.0000e+01 -1.6000e+02 -2.7422e+00
-9.0000e+01 -1.5000e+02 -1.2882e+00
-9.0000e+01 -1.4000e+02 3.6375e+00
-9.0000e+01 -1.3000e+02 -3.8225e+00
-9.0000e+01 -1.2000e+02 -1.2464e+00
-9.0000e+01 -1.1000e+02 -1.7092e+00
-9.0000e+01 -1.0000e+02 -8.5074e-01
-9.0000e+01 -9.0000e+01 -3.9561e-02
-9.0000e+01 -8.0000e+01 -1.1311e+00
-9.0000e+01 -7.0000e+01 -3.6730e+00
-9.0000e+01 -6.0000e+01 -4.2294e+00
-9.0000e+01 -5.0000e+01 -5.4361e+00
-9.0000e+01 -4.0000e+01 -5.7413e+00
-9.0000e+01 -3.0000e+01 -2.2864e+00
-9.0000e+01 -2.0000e+01 -1.2043e+00
-9.0000e+01 -1.0000e+01 -4.7239e+00
-9.0000e+01 0.0000e+00 -5.9249e+00
-9.0000e+01 1.0000e+01 -3.9682e+00
-9.0000e+01 2.0000e+01 -3.5588e+00
-9.0000e+01 3.0000e+01 -2.6001e+00
-9.0000e+01 4.0000e+01 -2.5365e+00
-9.0000e+01 5.0000e+01 -5.0920e+00
-9.0000e+01 6.0000e+01 -2.3984e+00
-9.0000e+01 7.0000e+01 -1.0704e+00
-9.0000e+01 8.0000e+01 -2.2064e+00
-9.0000e+01 9.0000e+01 -1.0942e+00
-9.0000e+01 1.0000e+02 -1.6446e-01
-9.0000e+01 1.1000e+02 3.9296e-01
-9.0000e+01 1.2000e+02 -1.0277e+00
-9.0000e+01 1.3000e+02 -1.5953e+00
-9.0000e+01 1.4000e+02 -1.9533e+00
-9.0000e+01 1.5000e+02 -6.1423e-01
-9.0000e+01 1.6000e+02 1.5420e+00
-9.0000e+01 1.7000e+02 1.5980e+00
-9.0000e+01 1.8000e+02 1.8062e+00
-9.0000e+01 1.9000e+02 1.7306e+00
-9.0000e+01 2.0000e+02 -1.7118e+00
-8.0000e+01 -2.0000e+02 -6.7897e-01
-8.0000e+01 -1.9000e+02 9.6966e-01
-8.0000e+01 -1.8000e+02 1.2586e+00
-8.0000e+01 -1.7000e+02 -2.1281e+00
-8.0000e+01 -1.6000e+02 4.0259e-01
-8.0000e+01 -1.5000e+02 8.0046e-01
-8.0000e+01 -1.4000e+02 -7.9534e-01
-8.0000e+01 -1.3000e+02 -3.0358e+00
-8.0000e+01 -1.2000e+02 -4.8336e-01
-8.0000e+01 -1.1000e+02 7.2077e-01
-8.0000e+01 -1.0000e+02 -6.6679e-01
-8.0000e+01 -9.0000e+01 -7.8885e-01
-8.0000e+01 -8.0000e+01 -1.0849e+00
-8.0000e+01 -7.0000e+01 -1.5137e+00
-8.0000e+01 -6.0000e+01 -5.4556e+00
-8.0000e+01 -5.0000e+01 -3.7521e+00
-8.0000e+01 -4.0000e+01 -4.1556e+00
-8.0000e+01 -3.0000e+01 -4.5063e+00
-8.0000e+01 -2.0000e+01 -5.0024e+00
-8.0000e+01 -1.0000e+01 -4.2816e+00
-8.0000e+01 0.0000e+00 -6.1222e+00
-8.0000e+01 1.0000e+01 -8.0794e+00
-8.0000e+01 2.0000e+01 -5.2342e+00
-8.0000e+01 3.0000e+01 -5.5066e+00
-8.0000e+01 4.0000e+01 -5.4257e+00
-8.0000e+01 5.0000e+01 -4.3183e+00
-8.0000e+01 6.0000e+01 -2.6807e+00
-8.0000e+01 7.0000e+01 -8.6518e-01
-8.0000e+01 8.0000e+01 -1.6598e+00
-8.0000e+01 9.0000e+01 -2.4103e+00
-8.0000e+01 1.0000e+02 -1.4236e+00
-8.0000e+01 1.1000e+02 1.4074e+00
-8.0000e+01 1.2000e+02 5.4435e-01
-8.0000e+01 1.3000e+02 -1.5797e+00
-8.0000e+01 1.4000e+02 -1.3788e+00
-8.0000e+01 1.5000e+02 7.4169e-01
-8.0000e+01 1.6000e+02 -3.2285e+00
-8.0000e+01 1.7000e+02 1.2376e+00
-8.0000e+01 1.8000e+02 -1.0673e+00
-8.0000e+01 1.9000e+02 9.8998e-01
-8.0000e+01 2.0000e+02 2.0543e+00
-7.0000e+01 -2.0000e+02 7.3031e-01
-7.0000e+01 -1.9000e+02 1.4529e+00
-7.0000e+01 -1.8000e+02 2.3790e-01
-7.0000e+01 -1.7000e+02 3.6889e-01
-7.0000e+01 -1.6000e+02 7.6915e-01
-7.0000e+01 -1.5000e+02 1.1550e+00
-7.0000e+01 -1.4000e+02 -2.0027e+00
-7.0000e+01 -1.3000e+02 5.6629e-02
-7.0000e+01 -1.2000e+02 -3.0742e+00
-7.0000e+01 -1.1000e+02 -1.2667e-02
-7.0000e+01 -1.0000e+02 -2.0959e+00
-7.0000e+01 -9.0000e+01 -2.2226e-01
-7.0000e+01 -8.0000e+01 -4.3797e+00
-7.0000e+01 -7.0000e+01 -3.7169e+00
-7.0000e+01 -6.0000e+01 -4.1733e+00
-7.0000e+01 -5.0000e+01 -4.7290e+00
-7.0000e+01 -4.0000e+01 -6.4066e+00
-7.0000e+01 -3.0000e+01 -8.7008e+00
-7.0000e+01 -2.0000e+01 -6.4796e+00
-7.0000e+01 -1.0000e+01 -5.9663e+00
-7.0000e+01 0.0000e+00 -7.5050e+00
-7.0000e+01 1.0000e+01 -5.8483e+00
-7.0000e+01 2.0000e+01 -6.0772e+00
-7.0000e+01 3.0000e+01 -6.5796e+00
-7.0000e+01 4.0000e+01 -3.7145e+00
-7.0000e+01 5.0000e+01 -2.8605e+00
-7.0000e+01 6.0000e+01 -3.2207e+00
-7.0000e+01 7.0000e+01 -2.7321e+00
-7.0000e+01 8.0000e+01 -1.3044e+00
-7.0000e+01 9.0000e+01 -1.5860e+00
-7.0000e+01 1.0000e+02 2.8018e-01
-7.0000e+01 1.1000e+02 -1.5485e+00
-7.0000e+01 1.2000e+02 -1.1703e+00
-7.0000e+01 1.3000e+02 -2.3723e+00
-7.0000e+01 1.4000e+02 -1.8602e-01
-7.0000e+01 1.5000e+02 -6.4458e-01
-7.0000e+01 1.6000e+02 -1.9316e+00
-7.0000e+01 1.7000e+02 3.9954e+00
-7.0000e+01 1.8000e+02 -6.6621e-01
-7.0000e+01 1.9000e+02 -1.7070e+00
-7.0000e+01 2.0000e+02 -1.2877e+00
-6.0000e+01 -2.0000e+02 -8.2858e-01
-6.0000e+01 -1.9000e+02 -4.7544e-01
-6.0000e+01 -1.8000e+02 3.5665e-01
-6.0000e+01 -1.7000e+02 3.8843e+00
-6.0000e+01 -1.6000e+02 1.1528e+00
-6.0000e+01 -1.5000e+02 1.6962e+00
-6.0000e+01 -1.4000e+02 -1.4200e+00
-6.0000e+01 -1.3000e+02 -1.0702e+00
-6.0000e+01 -1.2000e+02 -5.0066e-01
-6.0000e+01 -1.1000e+02 -2.2147e+00
-6.0000e+01 -1.0000e+02 -1.2677e+00
-6.0000e+01 -9.0000e+01 -1.1622e+00
-6.0000e+01 -8.0000e+01 -1.8952e+00
-6.0000e+01 -7.0000e+01 -4.5547e+00
-6.0000e+01 -6.0000e+01 -6.3228e+00
-6.0000e+01 -5.0000e+01 -5.5563e+00
-6.0000e+01 -4.0000e+01 -6.0159e+00
-6.0000e+01 -3.0000e+01 -7.6201e+00
-6.0000e+01 -2.0000e+01 -9.7551e+00
-6.0000e+01 -1.0000e+01 -6.4994e+00
-6.0000e+01 0.0000e+00 -7.5323e+00
-6.0000e+01 1.0000e+01 -1.0670e+01
-6.0000e+01 2.0000e+01 -1.0259e+01
-6.0000e+01 3.0000e+01 -6.8141e+00
-6.0000e+01 4.0000e+01 -8.5444e+00
-6.0000e+01 5.0000e+01 -5.9599e+00
-6.0000e+01 6.0000e+01 -5.1015e+00
-6.0000e+01 7.0000e+01 -4.9771e+00
-6.0000e+01 8.0000e+01 -3.6254e+00
-6.0000e+01 9.0000e+01 -3.4423e+00
-6.0000e+01 1.0000e+02 -1.6296e+00
-6.0000e+01 1.1000e+02 -1.3465e+00
-6.0000e+01 1.2000e+02 3.4358e+00
-6.0000e+01 1.3000e+02 -3.7561e+00
-6.0000e+01 1.4000e+02 -4.2091e+00
-6.0000e+01 1.5000e+02 -8.2292e-01
-6.0000e+01 1.6000e+02 -9.6540e-01
-6.0000e+01 1.7000e+02 1.5837e+00
-6.0000e+01 1.8000e+02 -1.2113e-02
-6.0000e+01 1.9000e+02 -7.1909e-02
-6.0000e+01 2.0000e+02 5.4330e-01
-5.0000e+01 -2.0000e+02 -1.2555e-01
-5.0000e+01 -1.9000e+02 -1.6998e+00
-5.0000e+01 -1.8000e+02 1.9946e+00
-5.0000e+01 -1.7000e+02 -1.7546e+00
-5.0000e+01 -1.6000e+02 3.6543e+00
-5.0000e+01 -1.5000e+02 -6.6494e-01
-5.0000e+01 -1.4000e+02 -1.2388e+00
-5.0000e+01 -1.3000e+02 -1.6046e+00
-5.0000e+01 -1.2000e+02 -3.0129e+00
-5.0000e+01 -1.1000e+02 -1.8220e+00
-5.0000e+01 -1.0000e+02 -2.1490e+00
-5.0000e+01 -9.0000e+01 -1.9853e+00
-5.0000e+01 -8.0000e+01 -4.8845e+00
-5.0000e+01 -7.0000e+01 -5.7434e+00
-5.0000e+01 -6.0000e+01 -4.0722e+00
-5.0000e+01 -5.0000e+01 -6.4888e+00
-5.0000e+01 -4.0000e+01 -6.2446e+00
-5.0000e+01 -3.0000e+01 -9.5778e+00
-5.0000e+01 -2.0000e+01 -1.1761e+01
-5.0000e+01 -1.0000e+01 -8.8691e+00
-5.0000e+01 0.0000e+00 -1.1195e+01
-5.0000e+01 1.0000e+01 -1.0110e+01
-5.0000e+01 2.0000e+01 -7.2988e+00
-5.0000e+01 3.0000e+01 -9.8135e+00
-5.0000e+01 4.0000e+01 -7.8228e+00
-5.0000e+01 5.0000e+01 -6.3646e+00
-5.0000e+01 6.0000e+01 -5.8642e+00
-5.0000e+01 7.0000e+01 -5.7579e+00
-5.0000e+01 8.0000e+01 -3.4333e+00
-5.0000e+01 9.0000e+01 -2.1772e+00
-5.0000e+01 1.0000e+02 -1.3640e+00
-5.0000e+01 1.1000e+02 -3.1386e+00
-5.0000e+01 1.2000e+02 -1.5662e+00
-5.0000e+01 1.3000e+02 -2.0116e+00
-5.0000e+01 1.4000e+02 -1.8724e+00
-5.0000e+01 1.5000e+02 -1.7283e+00
-5.0000e+01 1.6000e+02 -1.6761e+00
-5.0000e+01 1.7000e+02 5.6442e-01
-5.0000e+01 1.8000e+02 -2.4306e-01
-5.0000e+01 1.9000e+02 -1.0075e+00
-5.0000e+01 2.0000e+02 1.7242e-01
-4.0000e+01 -2.0000e+02 1.7958e-01
-4.0000e+01 -1.9000e+02 4.0985e+00
-4.0000e+01 -1.8000e+02 -6.7741e-01
-4.0000e+01 -1.7000e+02 -5.8426e-01
-4.0000e+01 -1.6000e+02 1.9961e+00
-4.0000e+01 -1.5000e+02 -1.4001e+00
-4.0000e+01 -1.4000e+02 -9.9044e-01
-4.0000e+01 -1.3000e+02 -2.9655e+00
-4.0000e+01 -1.2000e+02 3.8185e-01
-4.0000e+01 -1.1000e+02 -2.6822e+00
-4.0000e+01 -1.0000e+02 -2.1027e+00
-4.0000e+01 -9.0000e+01 -3.5022e+00
-4.0000e+01 -8.0000e+01 -4.0896e+00
-4.0000e+01 -7.0000e+01 -8.8504e+00
-4.0000e+01 -6.0000e+01 -8.7517e+00
-4.0000e+01 -5.0000e+01 -1.0607e+01
-4.0000e+01 -4.0000e+01 -9.1945e+00
-4.0000e+01 -3.0000e+01 -1.0536e+01
-4.0000e+01 -2.0000e+01 -1.0151e+01
-4.0000e+01 -1.0000e+01 -1.2676e+01
-4.0000e+01 0.0000e+00 -9.2043e+00
-4.0000e+01 1.0000e+01 -1.2325e+01
-4.0000e+01 2.0000e+01 -1.1817e+01
-4.0000e+01 3.0000e+01 -1.1711e+01
-4.0000e+01 4.0000e+01 -8.0460e+00
-4.0000e+01 5.0000e+01 -7.5803e+00
-4.0000e+01 6.0000e+01 -7.0345e+00
-4.0000e+01 7.0000e+01 -5.8037e+00
-4.0000e+01 8.0000e+01 -3.2787e+00
-4.0000e+01 9.0000e+01 -2.9693e+00
-4.0000e+01 1.0000e+02 -3.8047e+00
-4.0000e+01 1.1000e+02 -8.7164e-01
-4.0000e+01 1.2000e+02 -3.7484e+00
-4.0000e+01 1.3000e+02 8.4981e-01
-4.0000e+01 1.4000e+02 -2.5433e+00
-4.0000e+01 1.5000e+02 -1.4276e+00
-4.0000e+01 1.6000e+02 1.2177e+00
-4.0000e+01 1.7000e+02 -7.7655e-01
-4.0000e+01 1.8000e+02 -1.5628e+00
-4.0000e+01 1.9000e+02 8.3515e-01
-4.0000e+01 2.0000e+02 -2.5812e-01
-3.0000e+01 -2.0000e+02 1.6549e+00
-3.0000e+01 -1.9000e+02 2.2383e-01
-3.0000e+01 -1.8000e+02 2.2849e-01
-3.0000e+01 -1.7000e+02 -1.6680e+00
-3.0000e+01 -1.6000e+02 -1.6980e+00
-3.0000e+01 -1.5000e+02 -2.2759e+00
-3.0000e+01 -1.4000e+02 -3.0040e+00
-3.0000e+01 -1.3000e+02 -5.7508e-01
-3.0000e+01 -1.2000e+02 -2.4866e+00
-3.0000e+01 -1.1000e+02 5.0466e-01
-3.0000e+01 -1.0000e+02 -2.0224e+00
-3.0000e+01 -9.0000e+01 -3.9068e+00
-3.0000e+01 -8.0000e+01 -4.3210e+00
-3.0000e+01 -7.0000e+01 -5.7074e+00
-3.0000e+01 -6.0000e+01 -7.5763e+00
-3.0000e+01 -5.0000e+01 -9.2544e+00
-3.0000e+01 -4.0000e+01 -8.8289e+00
-3.0000e+01 -3.0000e+01 -1.1614e+01
-3.0000e+01 -2.0000e+01 -1.3670e+01
-3.0000e+01 -1.0000e+01 -9.4540e+00
-3.0000e+01 0.0000e+00 -1.4332e+01
-3.0000e+01 1.0000e+01 -1.2050e+01
-3.0000e+01 2.0000e+01 -1.2193e+01
-3.0000e+01 3.0000e+01 -1.2645e+01
-3.0000e+01 4.0000e+01 -9.1536e+00
-3.0000e+01 5.0000e+01 -6.6893e+00
-3.0000e+01 6.0000e+01 -5.3996e+00
-3.0000e+01 7.0000e+01 -5.8491e+00
-3.0000e+01 8.0000e+01 -4.4327e+00
-3.0000e+01 9.0000e+01 -4.0800e+00
-3.0000e+01 1.0000e+02 -1.1020e+00
-3.0000e+01 1.1000e+02 -1.1859e+00
-3.0000e+01 1.2000e+02 -2.0466e+00
-3.0000e+01 1.3000e+02 4.8411e-01
-3.0000e+01 1.4000e+02 1.6542e+00
-3.0000e+01 1.5000e+02 -1.1671e+00
-3.0000e+01 1.6000e+02 -9.3809e-01
-3.0000e+01 1.7000e+02 7.6861e-01
-3.0000e+01 1.8000e+02 9.0882e-01
-3.0000e+01 1.9000e+02 -9.5377e-02
-3.0000e+01 2.0000e+02 -1.6731e+00
-2.0000e+01 -2.0000e+02 1.7925e-01
-2.0000e+01 -1.9000e+02 -1.9412e+00
-2.0000e+01 -1.8000e+02 -1.2669e+00
-2.0000e+01 -1.7000e+02 2.9818e+00
-2.0000e+01 -1.6000e+02 -3.1735e+00
-2.0000e+01 -1.5000e+02 -3.2888e+00
-2.0000e+01 -1.4000e+02 1.1522e-01
-2.0000e+01 -1.3000e+02 2.2741e-01
-2.0000e+01 -1.2000e+02 -1.5321e+00
-2.0000e+01 -1.1000e+02 -2.4457e+00
-2.0000e+01 -1.0000e+02 -3.2682e+00
-2.0000e+01 -9.0000e+01 -5.4596e+00
-2.0000e+01 -8.0000e+01 -6.8407e+00
-2.0000e+01 -7.0000e+01 -7.7352e+00
-2.0000e+01 -6.0000e+01 -9.2570e+00
-2.0000e+01 -5.0000e+01 -9.9257e+00
-2.0000e+01 -4.0000e+01 -7.8077e+00
-2.0000e+01 -3.0000e+01 -1.1256e+01
-2.0000e+01 -2.0000e+01 -1.3333e+01
-2.0000e+01 -1.0000e+01 -1.3713e+01
-2.0000e+01 0.0000e+00 -1.4177e+01
-2.0000e+01 1.0000e+01 -1.4021e+01
-2.0000e+01 2.0000e+01 -1.1600e+01
-2.0000e+01 3.0000e+01 -1.1115e+01
-2.0000e+01 4.0000e+01 -1.1494e+01
-2.0000e+01 5.0000e+01 -8.8478e+00
-2.0000e+01 6.0000e+01 -6.2206e+00
-2.0000e+01 7.0000e+01 -6.7269e+00
-2.0000e+01 8.0000e+01 -4.0823e+00
-2.0000e+01 9.0000e+01 -5.6445e+00
-2.0000e+01 1.0000e+02 -9.8813e-01
-2.0000e+01 1.1000e+02 -1.4505e+00
-2.0000e+01 1.2000e+02 -3.4389e+00
-2.0000e+01 1.3000e+02 -3.0916e+00
-2.0000e+01 1.4000e+02 2.3913e-01
-2.0000e+01 1.5000e+02 -1.4524e-01
-2.0000e+01 1.6000e+02 1.5263e+00
-2.0000e+01 1.7000e+02 -4.0886e-01
-2.0000e+01 1.8000e+02 -2.2605e+00
-2.0000e+01 1.9000e+02 3.3217e+00
-2.0000e+01 2.0000e+02 1.1455e+00
-1.0000e+01 -2.0000e+02 1.2776e+00
-1.0000e+01 -1.9000e+02 -9.9794e-01
-1.0000e+01 -1.8000e+02 -3.4173e+00
-1.0000e+01 -1.7000e+02 -6.1031e-01
-1.0000e+01 -1.6000e+02 -1.3096e+00
-1.0000e+01 -1.5000e+02 -9.5929e-01
-1.0000e+01 -1.4000e+02 -1.5122e+00
-1.0000e+01 -1.3000e+02 -1.8143e+00
-1.0000e+01 -1.2000e+02 1.8440e-01
-1.0000e+01 -1.1000e+02 -1.2063e+00
-1.0000e+01 -1.0000e+02 -1.2027e+00
-1.0000e+01 -9.0000e+01 -4.4509e+00
-1.0000e+01 -8.0000e+01 -5.0910e+00
-1.0000e+01 -7.0000e+01 -8.8579e+00
-1.0000e+01 -6.0000e+01 -7.3494e+00
-1.0000e+01 -5.0000e+01 -8.5123e+00
-1.0000e+01 -4.0000e+01 -1.1921e+01
-1.0000e+01 -3.0000e+01 -1.3501e+01
-1.0000e+01 -2.0000e+01 -1.2668e+01
-1.0000e+01 -1.0000e+01 -1.3944e+01
-1.0000e+01 0.0000e+00 -1.2767e+01
-1.0000e+01 1.0000e+01 -1.2704e+01
-1.0000e+01 2.0000e+01 -1.4838e+01
-1.0000e+01 3.0000e+01 -1.0829e+01
-1.0000e+01 4.0000e+01 -1.1221e+01
-1.0000e+01 5.0000e+01 -1.0665e+01
-1.0000e+01 6.0000e+01 -7.8106e+00
-1.0000e+01 7.0000e+01 -7.3733e+00
-1.0000e+01 8.0000e+01 -4.7510e+00
-1.0000e+01 9.0000e+01 -2.7274e+00
-1.0000e+01 1.0000e+02 -2.1652e+00
-1.0000e+01 1.1000e+02 -2.4017e+00
-1.0000e+01 1.2000e+02 2.1268e-01
-1.0000e+01 1.3000e+02 -5.1891e-02
-1.0000e+01 1.4000e+02 -8.2290e-01
-1.0000e+01 1.5000e+02 -2.0550e-01
-1.0000e+01 1.6000e+02 3.4340e-01
-1.0000e+01 1.7000e+02 -8.7788e-01
-1.0000e+01 1.8000e+02 1.3007e+00
-1.0000e+01 1.9000e+02 2.0942e-02
-1.0000e+01 2.0000e+02 -4.4333e-01
0.0000e+00 -2.0000e+02 2.5507e+00
0.0000e+00 -1.9000e+02 1.0437e+00
0.0000e+00 -1.8000e+02 2.0609e+00
0.0000e+00 -1.7000e+02 -1.0844e+00
0.0000e+00 -1.6000e+02 1.8654e-01
0.0000e+00 -1.5000e+02 -7.8066e-01
0.0000e+00 -1.4000e+02 -5.0395e-01
0.0000e+00 -1.3000e+02 -1.6228e+00
0.0000e+00 -1.2000e+02 -1.8040e+00
0.0000e+00 -1.1000e+02 -1.5328e+00
0.0000e+00 -1.0000e+02 -3.3690e+00
0.0000e+00 -9.0000e+01 -5.2630e+00
0.0000e+00 -8.0000e+01 -4.4615e+00
0.0000e+00 -7.0000e+01 -6.6306e+00
0.0000e+00 -6.0000e+01 -7.2068e+00
0.0000e+00 -5.0000e+01 -1.0447e+01
0.0000e+00 -4.0000e+01 -1.2326e+01
0.0000e+00 -3.0000e+01 -1.2147e+01
0.0000e+00 -2.0000e+01 -1.3970e+01
0.0000e+00 -1.0000e+01 -1.0492e+01
0.0000e+00 0.0000e+00 -1.6343e+01
0.0000e+00 1.0000e+01 -1.6594e+01
0.0000e+00 2.0000e+01 -1.3540e+01
0.0000e+00 3.0000e+01 -1.2480e+01
0.0000e+00 4.0000e+01 -9.1261e+00
0.0000e+00 5.0000e+01 -9.5654e+00
0.0000e+00 6.0000e+01 -9.5698e+00
0.0000e+00 7.0000e+01 -8.6318e+00
0.0000e+00 8.0000e+01 -2.8264e+00
0.0000e+00 9.0000e+01 -4.1369e+00
0.0000e+00 1.0000e+02 -1.4912e+00
0.0000e+00 1.1000e+02 -2.5609e+00
0.0000e+00 1.2000e+02 -2.2255e+00
0.0000e+00 1.3000e+02 -3.6797e+00
0.0000e+00 1.4000e+02 -4.3270e+00
0.0000e+00 1.5000e+02 -3.1180e+00
0.0000e+00 1.6000e+02 -2.5726e-01
0.0000e+00 1.7000e+02 -1.8029e+00
0.0000e+00 1.8000e+02 8.8435e-01
0.0000e+00 1.9000e+02 -2.0772e+00
0.0000e+00 2.0000e+02 2.0154e+00
1.0000e+01 -2.0000e+02 1.3659e+00
1.0000e+01 -1.9000e+02 -7.6354e-02
1.0000e+01 -1.8000e+02 1.2791e+00
1.0000e+01 -1.7000e+02 2.1211e-01
1.0000e+01 -1.6000e+02 -4.8800e-01
1.0000e+01 -1.5000e+02 -1.5514e+00
1.0000e+01 -1.4000e+02 -3.1790e+00
1.0000e+01 -1.3000e+02 -1.2198e+00
1.0000e+01 -1.2000e+02 -1.4164e+00
1.0000e+01 -1.1000e+02 -4.5911e+00
1.0000e+01 -1.0000e+02 -2.5988e+00
1.0000e+01 -9.0000e+01 -4.3727e+00
1.0000e+01 -8.0000e+01 -6.8625e+00
1.0000e+01 -7.0000e+01 -9.5959e+00
1.0000e+01 -6.0000e+01 -7.3281e+00
1.0000e+01 -5.0000e+01 -1.1604e+01
1.0000e+01 -4.0000e+01 -1.0614e+01
1.0000e+01 -3.0000e+01 -1.4205e+01
1.0000e+01 -2.0000e+01 -1.5059e+01
1.0000e+01 -1.0000e+01 -1.3392e+01
1.0000e+01 0.0000e+00 -1.4167e+01
1.0000e+01 1.0000e+01 -1.4548e+01
1.0000e+01 2.0000e+01 -9.9583e+00
1.0000e+01 3.0000e+01 -1.0862e+01
1.0000e+01 4.0000e+01 -1.2847e+01
1.0000e+01 5.0000e+01 -9.7898e+00
1.0000e+01 6.0000e+01 -1.0123e+01
1.0000e+01 7.0000e+01 -7.1023e+00
1.0000e+01 8.0000e+01 -4.5130e+00
1.0000e+01 9.0000e+01 -2.4519e+00
1.0000e+01 1.0000e+02 -4.5681e+00
1.0000e+01 1.1000e+02 -2.8026e+00
1.0000e+01 1.2000e+02 -1.1502e-01
1.0000e+01 1.3000e+02 7.8213e-02
1.0000e+01 1.4000e+02 7.4876e-01
1.0000e+01 1.5000e+02 -1.1826e+00
1.0000e+01 1.6000e+02 1.9157e+00
1.0000e+01 1.7000e+02 3.3026e+00
1.0000e+01 1.8000e+02 1.2733e+00
1.0000e+01 1.9000e+02 -1.5022e+00
1.0000e+01 2.0000e+02 -8.0559e-01
2.0000e+01 -2.0000e+02 -2.4158e+00
2.0000e+01 -1.9000e+02 -1.7789e+00
2.0000e+01 -1.8000e+02 8.8973e-01
2.0000e+01 -1.7000e+02 -1.3237e+00
2.0000e+01 -1.6000e+02 -1.3968e+00
2.0000e+01 -1.5000e+02 -1.4102e+00
2.0000e+01 -1.4000e+02 -1.2022e+00
2.0000e+01 -1.3000e+02 1.4402e+00
2.0000e+01 -1.2000e+02 -2.6326e+00
2.0000e+01 -1.1000e+02 -3.1148e+00
2.0000e+01 -1.0000e+02 -3.3953e+00
2.0000e+01 -9.0000e+01 -3.9619e+00
2.0000e+01 -8.0000e+01 -5.9321e+00
2.0000e+01 -7.0000e+01 -5.9895e+00
2.0000e+01 -6.0000e+01 -6.9390e+00
2.0000e+01 -5.0000e+01 -8.7968e+00
2.0000e+01 -4.0000e+01 -1.2438e+01
2.0000e+01 -3.0000e+01 -1.2605e+01
2.0000e+01 -2.0000e+01 -1.4054e+01
2.0000e+01 -1.0000e+01 -1.3592e+01
2.0000e+01 0.0000e+00 -1.7151e+01
2.0000e+01 1.0000e+01 -1.5382e+01
2.0000e+01 2.0000e+01 -1.1770e+01
2.0000e+01 3.0000e+01 -1.4783e+01
2.0000e+01 4.0000e+01 -1.0155e+01
2.0000e+01 5.0000e+01 -1.0467e+01
2.0000e+01 6.0000e+01 -9.2559e+00
2.0000e+01 7.0000e+01 -6.9048e+00
2.0000e+01 8.0000e+01 -4.5688e+00
2.0000e+01 9.0000e+01 -4.9318e+00
2.0000e+01 1.0000e+02 -3.7634e+00
2.0000e+01 1.1000e+02 6.2950e-01
2.0000e+01 1.2000e+02 -4.5572e-01
2.0000e+01 1.3000e+02 1.7279e-01
2.0000e+01 1.4000e+02 -1.2953e+00
2.0000e+01 1.5000e+02 1.7254e+00
2.0000e+01 1.6000e+02 1.7227e+00
2.0000e+01 1.7000e+02 2.4791e+00
2.0000e+01 1.8000e+02 -4.0206e-01
2.0000e+01 1.9000e+02 6.6929e-01
2.0000e+01 2.0000e+02 -1.4096e-01
3.0000e+01 -2.0000e+02 -1.2483e+00
3.0000e+01 -1.9000e+02 -5.4303e-01
3.0000e+01 -1.8000e+02 1.4997e+00
3.0000e+01 -1.7000e+02 -1.3116e-01
3.0000e+01 -1.6000e+02 -1.8532e+00
3.0000e+01 -1.5000e+02 4.2161e-01
3.0000e+01 -1.4000e+02 -1.5380e+00
3.0000e+01 -1.3000e+02 -1.4788e+00
3.0000e+01 -1.2000e+02 -2.2220e+00
3.0000e+01 -1.1000e+02 9.2408e-02
3.0000e+01 -1.0000e+02 -3.4512e+00
3.0000e+01 -9.0000e+01 -2.8053e+00
3.0000e+01 -8.0000e+01 -4.2505e+00
3.0000e+01 -7.0000e+01 -5.5591e+00
3.0000e+01 -6.0000e+01 -9.3435e+00
3.0000e+01 -5.0000e+01 -7.7169e+00
3.0000e+01 -4.0000e+01 -1.1080e+01
3.0000e+01 -3.0000e+01 -8.1068e+00
3.0000e+01 -2.0000e+01 -1.0002e+01
3.0000e+01 -1.0000e+01 -1.1106e+01
3.0000e+01 0.0000e+00 -1.2997e+01
3.0000e+01 1.0000e+01 -1.5974e+01
3.0000e+01 2.0000e+01 -1.1281e+01
3.0000e+01 3.0000e+01 -9.7116e+00
3.0000e+01 4.0000e+01 -1.0831e+01
3.0000e+01 5.0000e+01 -8.4805e+00
3.0000e+01 6.0000e+01 -7.6781e+00
3.0000e+01 7.0000e+01 -5.5814e+00
3.0000e+01 8.0000e+01 -4.0812e+00
3.0000e+01 9.0000e+01 -3.9158e+00
3.0000e+01 1.0000e+02 -2.7930e+00
3.0000e+01 1.1000e+02 -2.6245e+00
3.0000e+01 1.2000e+02 -3.3055e+00
3.0000e+01 1.3000e+02 8.1572e-01
3.0000e+01 1.4000e+02 4.6883e-01
3.0000e+01 1.5000e+02 -7.6414e-01
3.0000e+01 1.6000e+02 -5.8550e-02
3.0000e+01 1.7000e+02 -1.8736e+00
3.0000e+01 1.8000e+02 -2.9416e-01
3.0000e+01 1.9000e+02 -7.2779e-01
3.0000e+01 2.0000e+02 -5.8808e-01
4.0000e+01 -2.0000e+02 1.3016e-01
4.0000e+01 -1.9000e+02 -2.5400e+00
4.0000e+01 -1.8000e+02 3.8594e-01
4.0000e+01 -1.7000e+02 1.3142e+00
4.0000e+01 -1.6000e+02 -8.3046e-02
4.0000e+01 -1.5000e+02 -1.7687e-01
4.0000e+01 -1.4000e+02 1.3995e-01
4.0000e+01 -1.3000e+02 -1.8083e+00
4.0000e+01 -1.2000e+02 -4.1397e+00
4.0000e+01 -1.1000e+02 8.1745e-01
4.0000e+01 -1.0000e+02 -2.7294e+00
4.0000e+01 -9.0000e+01 -2.8581e+00
4.0000e+01 -8.0000e+01 -2.4489e+00
4.0000e+01 -7.0000e+01 -5.1974e+00
4.0000e+01 -6.0000e+01 -5.3355e+00
4.0000e+01 -5.0000e+01 -1.0056e+01
4.0000e+01 -4.0000e+01 -9.0905e+00
4.0000e+01 -3.0000e+01 -1.0876e+01
4.0000e+01 -2.0000e+01 -8.6187e+00
4.0000e+01 -1.0000e+01 -1.0778e+01
4.0000e+01 0.0000e+00 -1.1290e+01
4.0000e+01 1.0000e+01 -9.9140e+00
4.0000e+01 2.0000e+01 -7.5101e+00
4.0000e+01 3.0000e+01 -1.4218e+01
4.0000e+01 4.0000e+01 -7.6134e+00
4.0000e+01 5.0000e+01 -8.8951e+00
4.0000e+01 6.0000e+01 -5.5787e+00
4.0000e+01 7.0000e+01 -7.6766e+00
4.0000e+01 8.0000e+01 -4.2367e+00
4.0000e+01 9.0000e+01 -5.6385e+00
4.0000e+01 1.0000e+02 -1.1418e+00
4.0000e+01 1.1000e+02 -4.0481e+00
4.0000e+01 1.2000e+02 -1.6764e+00
4.0000e+01 1.3000e+02 -1.4025e+00
4.0000e+01 1.4000e+02 1.4667e+00
4.0000e+01 1.5000e+02 -9.7922e-01
4.0000e+01 1.6000e+02 -1.1550e+00
4.0000e+01 1.7000e+02 -1.4562e+00
4.0000e+01 1.8000e+02 7.9165e-01
4.0000e+01 1.9000e+02 1.7317e+00
4.0000e+01 2.0000e+02 -3.3861e-01
5.0000e+01 -2.0000e+02 -5.8866e-01
5.0000e+01 -1.9000e+02 -5.7872e-01
5.0000e+01 -1.8000e+02 -2.7176e+00
5.0000e+01 -1.7000e+02 1.2575e-01
5.0000e+01 -1.6000e+02 -2.0799e+00
5.0000e+01 -1.5000e+02 -1.5844e+00
5.0000e+01 -1.4000e+02 -5.4365e-01
5.0000e+01 -1.3000e+02 -8.2008e-01
5.0000e+01 -1.2000e+02 -1.0612e+00
5.0000e+01 -1.1000e+02 7.1978e-01
5.0000e+01 -1.0000e+02 3.6629e-03
5.0000e+01 -9.0000e+01 -2.3573e+00
5.0000e+01 -8.0000e+01 -5.5682e+00
5.0000e+01 -7.0000e+01 -4.8846e+00
5.0000e+01 -6.0000e+01 -7.1975e+00
5.0000e+01 -5.0000e+01 -7.1470e+00
5.0000e+01 -4.0000e+01 -7.7109e+00
5.0000e+01 -3.0000e+01 -1.0272e+01
5.0000e+01 -2.0000e+01 -1.0390e+01
5.0000e+01 -1.0000e+01 -1.0481e+01
5.0000e+01 0.0000e+00 -1.2610e+01
5.0000e+01 1.0000e+01 -1.0321e+01
5.0000e+01 2.0000e+01 -1.0430e+01
5.0000e+01 3.0000e+01 -5.9967e+00
5.0000e+01 4.0000e+01 -9.9772e+00
5.0000e+01 5.0000e+01 -7.0957e+00
5.0000e+01 6.0000e+01 -6.3454e+00
5.0000e+01 7.0000e+01 -2.9519e+00
5.0000e+01 8.0000e+01 -4.7963e+00
5.0000e+01 9.0000e+01 -2.0741e+00
5.0000e+01 1.0000e+02 -3.3561e+00
5.0000e+01 1.1000e+02 -1.7901e+00
5.0000e+01 1.2000e+02 -2.7915e-01
5.0000e+01 1.3000e+02 -1.1883e+00
5.0000e+01 1.4000e+02 -1.9594e+00
5.0000e+01 1.5000e+02 -2.0712e-01
5.0000e+01 1.6000e+02 -6.4079e-01
5.0000e+01 1.7000e+02 -4.4639e-02
5.0000e+01 1.8000e+02 2.3301e+00
5.0000e+01 1.9000e+02 7.3530e-03
5.0000e+01 2.0000e+02 -1.9027e-01
6.0000e+01 -2.0000e+02 -3.4666e-01
6.0000e+01 -1.9000e+02 1.9658e+00
6.0000e+01 -1.8000e+02 5.5023e-01
6.0000e+01 -1.7000e+02 -1.4963e+00
6.0000e+01 -1.6000e+02 4.3422e-01
6.0000e+01 -1.5000e+02 -1.3638e+00
6.0000e+01 -1.4000e+02 1.2462e+00
6.0000e+01 -1.3000e+02 -1.1010e+00
6.0000e+01 -1.2000e+02 -1.9057e+00
6.0000e+01 -1.1000e+02 -3.6003e+00
6.0000e+01 -1.0000e+02 -3.1301e+00
6.0000e+01 -9.0000e+01 -1.7163e+00
6.0000e+01 -8.0000e+01 -1.4690e+00
6.0000e+01 -7.0000e+01 -4.0877e-01
6.0000e+01 -6.0000e+01 -6.6138e+00
6.0000e+01 -5.0000e+01 -5.8798e+00
6.0000e+01 -4.0000e+01 -4.6598e+00
6.0000e+01 -3.0000e+01 -9.9210e+00
6.0000e+01 -2.0000e+01 -8.8030e+00
6.0000e+01 -1.0000e+01 -1.0604e+01
6.0000e+01 0.0000e+00 -1.0642e+01
6.0000e+01 1.0000e+01 -9.3497e+00
6.0000e+01 2.0000e+01 -7.9802e+00
6.0000e+01 3.0000e+01 -4.1364e+00
6.0000e+01 4.0000e+01 -9.0312e+00
6.0000e+01 5.0000e+01 -6.9014e+00
6.0000e+01 6.0000e+01 -4.2066e+00
6.0000e+01 7.0000e+01 -2.5974e+00
6.0000e+01 8.0000e+01 -5.1269e+00
6.0000e+01 9.0000e+01 -1.4657e+00
6.0000e+01 1.0000e+02 -1.6552e+00
6.0000e+01 1.1000e+02 -1.6664e+00
6.0000e+01 1.2000e+02 -1.4436e+00
6.0000e+01 1.3000e+02 -7.9593e-01
6.0000e+01 1.4000e+02 1.6920e+00
6.0000e+01 1.5000e+02 -1.2828e+00
6.0000e+01 1.6000e+02 -9.6313e-01
6.0000e+01 1.7000e+02 -8.6931e-02
6.0000e+01 1.8000e+02 2.4654e+00
6.0000e+01 1.9000e+02 3.1834e-01
6.0000e+01 2.0000e+02 -9.9998e-01
7.0000e+01 -2.0000e+02 2.9744e+00
7.0000e+01 -1.9000e+02 -2.9199e+00
7.0000e+01 -1.8000e+02 7.1878e-01
7.0000e+01 -1.7000e+02 -1.5087e+00
7.0000e+01 -1.6000e+02 -6.5040e-01
7.0000e+01 -1.5000e+02 7.3218e-01
7.0000e+01 -1.4000e+02 -2.4253e-01
7.0000e+01 -1.3000e+02 4.4935e-01
7.0000e+01 -1.2000e+02 -2.7062e+00
7.0000e+01 -1.1000e+02 -2.3976e+00
7.0000e+01 -1.0000e+02 -5.1435e-01
7.0000e+01 -9.0000e+01 -1.2457e-02
7.0000e+01 -8.0000e+01 -4.8624e+00
7.0000e+01 -7.0000e+01 -2.5439e+00
7.0000e+01 -6.0000e+01 -4.6711e+00
7.0000e+01 -5.0000e+01 -3.9817e+00
7.0000e+01 -4.0000e+01 -4.6927e+00
7.0000e+01 -3.0000e+01 -4.5962e+00
7.0000e+01 -2.0000e+01 -8.2001e+00
7.0000e+01 -1.0000e+01 -4.0198e+00
7.0000e+01 0.0000e+00 -5.1406e+00
7.0000e+01 1.0000e+01 -7.8232e+00
7.0000e+01 2.0000e+01 -5.6884e+00
7.0000e+01 3.0000e+01 -6.0523e+00
7.0000e+01 4.0000e+01 -5.0078e+00
7.0000e+01 5.0000e+01 -5.8461e+00
7.0000e+01 6.0000e+01 -3.4951e+00
7.0000e+01 7.0000e+01 -1.1591e+00
7.0000e+01 8.0000e+01 -3.6751e+00
7.0000e+01 9.0000e+01 -1.9026e+00
7.0000e+01 1.0000e+02 -2.6384e+00
7.0000e+01 1.1000e+02 -1.0852e+00
7.0000e+01 1.2000e+02 2.1457e+00
7.0000e+01 1.3000e+02 -1.5939e-01
7.0000e+01 1.4000e+02 -1.8493e+00
7.0000e+01 1.5000e+02 -4.2398e-01
7.0000e+01 1.6000e+02 2.8100e-01
7.0000e+01 1.7000e+02 2.1819e+00
7.0000e+01 1.8000e+02 -5.6451e-01
7.0000e+01 1.9000e+02 1.6453e+00
7.0000e+01 2.0000e+02 1.4278e+00
8.0000e+01 -2.0000e+02 1.1783e+00
8.0000e+01 -1.9000e+02 -1.6820e+00
8.0000e+01 -1.8000e+02 -6.1553e-02
8.0000e+01 -1.7000e+02 -1.2403e+00
8.0000e+01 -1.6000e+02 -6.2512e-01
8.0000e+01 -1.5000e+02 -4.6808e+00
8.0000e+01 -1.4000e+02 -1.4193e+00
8.0000e+01 -1.3000e+02 4.3423e-01
8.0000e+01 -1.2000e+02 -1.2948e+00
8.0000e+01 -1.1000e+02 2.2913e+00
8.0000e+01 -1.0000e+02 -2.5326e+00
8.0000e+01 -9.0000e+01 -1.4494e+00
8.0000e+01 -8.0000e+01 -2.2759e+00
8.0000e+01 -7.0000e+01 -5.9366e+00
8.0000e+01 -6.0000e+01 -6.3180e+00
8.0000e+01 -5.0000e+01 -4.3447e+00
8.0000e+01 -4.0000e+01 -3.3666e+00
8.0000e+01 -3.0000e+01 -3.8186e+00
8.0000e+01 -2.0000e+01 -5.8000e+00
8.0000e+01 -1.0000e+01 -5.7322e+00
8.0000e+01 0.0000e+00 -4.6118e+00
8.0000e+01 1.0000e+01 -6.3207e+00
8.0000e+01 2.0000e+01 -4.6913e+00
8.0000e+01 3.0000e+01 -5.6163e+00
8.0000e+01 4.0000e+01 -3.3205e+00
8.0000e+01 5.0000e+01 -2.5923e+00
8.0000e+01 6.0000e+01 -1.6674e+00
8.0000e+01 7.0000e+01 7.5200e-01
8.0000e+01 8.0000e+01 -3.5819e+00
8.0000e+01 9.0000e+01 -1.4686e+00
8.0000e+01 1.0000e+02 -1.7552e+00
8.0000e+01 1.1000e+02 1.2613e-01
8.0000e+01 1.2000e+02 5.2231e-01
8.0000e+01 1.3000e+02 1.0690e+00
8.0000e+01 1.4000e+02 1.9595e+00
8.0000e+01 1.5000e+02 -4.0447e+00
8.0000e+01 1.6000e+02 -2.0096e+00
8.0000e+01 1.7000e+02 -4.2496e-01
8.0000e+01 1.8000e+02 2.9009e-01
8.0000e+01 1.9000e+02 2.4209e+00
8.0000e+01 2.0000e+02 2.5704e-01
9.0000e+01 -2.0000e+02 9.2040e-01
9.0000e+01 -1.9000e+02 -6.0530e-01
9.0000e+01 -1.8000e+02 8.1480e-01
9.0000e+01 -1.7000e+02 -2.4478e+00
9.0000e+01 -1.6000e+02 -6.0274e-01
9.0000e+01 -1.5000e+02 -1.0271e+00
9.0000e+01 -1.4000e+02 -3.0146e-01
9.0000e+01 -1.3000e+02 2.1050e-01
9.0000e+01 -1.2000e+02 1.2076e+00
9.0000e+01 -1.1000e+02 -8.0939e-02
9.0000e+01 -1.0000e+02 -3.5063e+00
9.0000e+01 -9.0000e+01 -3.9791e-01
9.0000e+01 -8.0000e+01 -3.1512e+00
9.0000e+01 -7.0000e+01 -8.2725e-01
9.0000e+01 -6.0000e+01 -2.0533e+00
9.0000e+01 -5.0000e+01 -1.9884e+00
9.0000e+01 -4.0000e+01 -3.1556e+00
9.0000e+01 -3.0000e+01 -4.8765e+00
9.0000e+01 -2.0000e+01 -4.5433e+00
9.0000e+01 -1.0000e+01 -4.6687e+00
9.0000e+01 0.0000e+00 -2.6272e+00
9.0000e+01 1.0000e+01 -5.5791e+00
9.0000e+01 2.0000e+01 -2.6240e+00
9.0000e+01 3.0000e+01 -2.6654e+00
9.0000e+01 4.0000e+01 -1.5303e+00
9.0000e+01 5.0000e+01 -1.8862e+00
9.0000e+01 6.0000e+01 -2.9944e+00
9.0000e+01 7.0000e+01 4.8185e-01
9.0000e+01 8.0000e+01 -2.0876e+00
9.0000e+01 9.0000e+01 -2.5703e+00
9.0000e+01 1.0000e+02 2.4027e-01
9.0000e+01 1.1000e+02 1.8619e+00
9.0000e+01 1.2000e+02 -2.1907e+00
9.0000e+01 1.3000e+02 -2.0024e+00
9.0000e+01 1.4000e+02 1.9044e+00
9.0000e+01 1.5000e+02 -9.5743e-01
9.0000e+01 1.6000e+02 -4.0435e-03
9.0000e+01 1.7000e+02 -1.2278e+00
9.0000e+01 1.8000e+02 -1.5528e+00
9.0000e+01 1.9000e+02 -1.1244e+00
9.0000e+01 2.0000e+02 3.5241e-01
1.0000e+02 -2.0000e+02 -5.6179e-01
1.0000e+02 -1.9000e+02 3.5258e+00
1.0000e+02 -1.8000e+02 9.5831e-01
1.0000e+02 -1.7000e+02 -1.0996e+00
1.0000e+02 -1.6000e+02 -1.5731e+00
1.0000e+02 -1.5000e+02 -5.5661e-01
1.0000e+02 -1.4000e+02 -1.2027e+00
1.0000e+02 -1.3000e+02 -3.8486e-01
1.0000e+02 -1.2000e+02 4.7689e-01
1.0000e+02 -1.1000e+02 4.1896e-01
1.0000e+02 -1.0000e+02 -2.9102e-01
1.0000e+02 -9.0000e+01 -2.0409e+00
1.0000e+02 -8.0000e+01 -1.1224e+00
1.0000e+02 -7.0000e+01 -1.6648e+00
1.0000e+02 -6.0000e+01 3.7016e-01
1.0000e+02 -5.0000e+01 -2.0199e+00
1.0000e+02 -4.0000e+01 -2.3992e+00
1.0000e+02 -3.0000e+01 -1.8472e+00
1.0000e+02 -2.0000e+01 -3.9965e+00
1.0000e+02 -1.0000e+01 -3.5825e+00
1.0000e+02 0.0000e+00 -2.3310e+00
1.0000e+02 1.0000e+01 -6.3491e+00
1.0000e+02 2.0000e+01 -1.1496e+00
1.0000e+02 3.0000e+01 -4.4193e+00
1.0000e+02 4.0000e+01 -6.5485e-01
1.0000e+02 5.0000e+01 -1.4767e+00
1.0000e+02 6.0000e+01 -2.1457e+00
1.0000e+02 7.0000e+01 -4.3837e+00
1.0000e+02 8.0000e+01 -1.8695e+00
1.0000e+02 9.0000e+01 -1.5983e-01
1.0000e+02 1.0000e+02 -1.5210e-01
1.0000e+02 1.1000e+02 -1.5400e+00
1.0000e+02 1.2000e+02 -1.8310e+00
1.0000e+02 1.3000e+02 2.0146e-01
1.0000e+02 1.4000e+02 -1.1168e+00
1.0000e+02 1.5000e+02 1.9108e+00
1.0000e+02 1.6000e+02 -7.7460e-01
1.0000e+02 1.7000e+02 9.2493e-01
1.0000e+02 1.8000e+02 -7.5078e-01
1.0000e+02 1.9000e+02 -1.7265e+00
1.0000e+02 2.0000e+02 -1.1997e-01
1.1000e+02 -2.0000e+02 2.1734e+00
1.1000e+02 -1.9000e+02 8.5923e-01
1.1000e+02 -1.8000e+02 -1.3611e+00
1.1000e+02 -1.7000e+02 -4.0079e-01
1.1000e+02 -1.6000e+02 -8.1862e-01
1.1000e+02 -1.5000e+02 -2.2209e+00
1.1000e+02 -1.4000e+02 1.4341e+00
1.1000e+02 -1.3000e+02 -2.3219e+00
1.1000e+02 -1.2000e+02 7.3310e-01
1.1000e+02 -1.1000e+02 -3.4726e-01
1.1000e+02 -1.0000e+02 -2.3444e+00
1.1000e+02 -9.0000e+01 -3.5629e+00
1.1000e+02 -8.0000e+01 -1.3956e+00
1.1000e+02 -7.0000e+01 -7.2880e-01
1.1000e+02 -6.0000e+01 -1.9723e+00
1.1000e+02 -5.0000e+01 -1.3673e+00
1.1000e+02 -4.0000e+01 -3.1968e+00
1.1000e+02 -3.0000e+01 -3.5916e+00
1.1000e+02 -2.0000e+01 -5.0867e+00
1.1000e+02 -1.0000e+01 6.0984e-02
1.1000e+02 0.0000e+00 -1.5628e+00
1.1000e+02 1.0000e+01 -8.1285e-01
1.1000e+02 2.0000e+01 -4.6759e+00
1.1000e+02 3.0000e+01 -3.1586e+00
1.1000e+02 4.0000e+01 -3.6802e-01
1.1000e+02 5.0000e+01 -1.8489e+00
1.1000e+02 6.0000e+01 -2.6760e+00
1.1000e+02 7.0000e+01 -1.7898e+00
1.1000e+02 8.0000e+01 -4.9034e-01
1.1000e+02 9.0000e+01 -2.6355e+00
1.1000e+02 1.0000e+02 -1.9153e+00
1.1000e+02 1.1000e+02 1.9852e+00
1.1000e+02 1.2000e+02 1.5832e-01
1.1000e+02 1.3000e+02 8.9203e-01
1.1000e+02 1.4000e+02 1.7603e-01
1.1000e+02 1.5000e+02 -1.0485e+00
1.1000e+02 1.6000e+02 2.8396e-01
1.1000e+02 1.7000e+02 1.1688e+00
1.1000e+02 1.8000e+02 7.6177e-02
1.1000e+02 1.9000e+02 4.1791e-01
1.1000e+02 2.0000e+02 2.4295e+00
1.2000e+02 -2.0000e+02 -1.5148e+00
1.2000e+02 -1.9000e+02 1.5516e+00
1.2000e+02 -1.8000e+02 -9.6127e-01
1.2000e+02 -1.7000e+02 -1.2761e+00
1.2000e+02 -1.6000e+02 -2.0317e+00
1.2000e+02 -1.5000e+02 1.2188e+00
1.2000e+02 -1.4000e+02 -1.6778e+00
1.2000e+02 -1.3000e+02 -2.8343e+00
1.2000e+02 -1.2000e+02 1.7413e+00
1.2000e+02 -1.1000e+02 -1.4559e+00
1.2000e+02 -1.0000e+02 -3.2567e+00
1.2000e+02 -9.0000e+01 -1.9822e+00
1.2000e+02 -8.0000e+01 8.7889e-01
1.2000e+02 -7.0000e+01 -2.7045e-01
1.2000e+02 -6.0000e+01 -7.8969e-01
1.2000e+02 -5.0000e+01 -1.8098e+00
1.2000e+02 -4.0000e+01 1.5371e-01
1.2000e+02 -3.0000e+01 -1.0958e+00
1.2000e+02 -2.0000e+01 -6.2747e-02
1.2000e+02 -1.0000e+01 -5.3528e+00
1.2000e+02 0.0000e+00 -7.6724e-01
1.2000e+02 1.0000e+01 8.1668e-01
1.2000e+02 2.0000e+01 -5.5995e-01
1.2000e+02 3.0000e+01 -1.9086e+00
1.2000e+02 4.0000e+01 -2.2855e-02
1.2000e+02 5.0000e+01 -8.5945e-01
1.2000e+02 6.0000e+01 -3.4461e+00
1.2000e+02 7.0000e+01 7.9324e-02
1.2000e+02 8.0000e+01 2.4000e-01
1.2000e+02 9.0000e+01 9.5987e-02
1.2000e+02 1.0000e+02 -2.6946e+00
1.2000e+02 1.1000e+02 1.2531e-01
1.2000e+02 1.2000e+02 -1.1627e+00
1.2000e+02 1.3000e+02 1.0936e+00
1.2000e+02 1.4000e+02 1.2458e-01
1.2000e+02 1.5000e+02 -1.8845e+00
1.2000e+02 1.6000e+02 2.0443e-01
1.2000e+02 1.7000e+02 4.1348e-01
1.2000e+02 1.8000e+02 1.1496e+00
1.2000e+02 1.9000e+02 2.1478e+00
1.2000e+02 2.0000e+02 6.3123e-01
1.3000e+02 -2.0000e+02 -4.0653e-01
1.3000e+02 -1.9000e+02 -7.8332e-01
1.3000e+02 -1.8000e+02 -1.5089e-01
1.3000e+02 -1.7000e+02 -1.0924e-01
1.3000e+02 -1.6000e+02 4.1059e-01
1.3000e+02 -1.5000e+02 -1.0991e+00
1.3000e+02 -1.4000e+02 1.8443e+00
1.3000e+02 -1.3000e+02 -5.5671e-01
1.3000e+02 -1.2000e+02 1.0105e-01
1.3000e+02 -1.1000e+02 -8.9743e-01
1.3000e+02 -1.0000e+02 6.8587e-01
1.3000e+02 -9.0000e+01 -4.0155e+00
1.3000e+02 -8.0000e+01 -2.6888e+00
1.3000e+02 -7.0000e+01 -1.1199e+00
1.3000e+02 -6.0000e+01 -2.9325e+00
1.3000e+02 -5.0000e+01 -1.6741e+00
1.3000e+02 -4.0000e+01 -2.5538e+00
1.3000e+02 -3.0000e+01 -7.4251e-01
1.3000e+02 -2.0000e+01 -3.9708e-01
1.3000e+02 -1.0000e+01 -2.8858e+00
1.3000e+02 0.0000e+00 4.6689e-01
1.3000e+02 1.0000e+01 -1.7144e+00
1.3000e+02 2.0000e+01 -2.3199e-01
1.3000e+02 3.0000e+01 -2.5217e+00
1.3000e+02 4.0000e+01 3.6408e-03
1.3000e+02 5.0000e+01 -4.8726e-01
1.3000e+02 6.0000e+01 2.5320e+00
1.3000e+02 7.0000e+01 -1.2136e+00
1.3000e+02 8.0000e+01 -1.9233e-01
1.3000e+02 9.0000e+01 1.3701e-01
1.3000e+02 1.0000e+02 -4.8480e-01
1.3000e+02 1.1000e+02 -2.2250e+00
1.3000e+02 1.2000e+02 -9.4712e-01
1.3000e+02 1.3000e+02 1.8729e-01
1.3000e+02 1.4000e+02 -5.7047e-01
1.3000e+02 1.5000e+02 -3.4142e-01
1.3000e+02 1.6000e+02 -1.8533e-01
1.3000e+02 1.7000e+02 1.0795e+00
1.3000e+02 1.8000e+02 -1.2037e+00
1.3000e+02 1.9000e+02 -1.1656e+00
1.3000e+02 2.0000e+02 4.5099e-01
1.4000e+02 -2.0000e+02 -1.7498e+00
1.4000e+02 -1.9000e+02 -1.7783e-01
1.4000e+02 -1.8000e+02 -3.1203e-01
1.4000e+02 -1.7000e+02 9.2271e-01
1.4000e+02 -1.6000e+02 8.2393e-01
1.4000e+02 -1.5000e+02 8.2895e-01
1.4000e+02 -1.4000e+02 9.7515e-02
1.4000e+02 -1.3000e+02 3.4450e-02
1.4000e+02 -1.2000e+02 -1.4075e-01
1.4000e+02 -1.1000e+02 -8.6636e-01
1.4000e+02 -1.0000e+02 1.4469e-01
1.4000e+02 -9.0000e+01 -3.3904e-01
1.4000e+02 -8.0000e+01 8.9929e-01
1.4000e+02 -7.0000e+01 -2.1783e+00
1.4000e+02 -6.0000e+01 -1.5959e+00
1.4000e+02 -5.0000e+01 -2.4857e+00
1.4000e+02 -4.0000e+01 -2.9022e+00
1.4000e+02 -3.0000e+01 -9.4471e-01
1.4000e+02 -2.0000e+01 -1.6102e+00
1.4000e+02 -1.0000e+01 8.9180e-01
1.4000e+02 0.0000e+00 -2.2554e+00
1.4000e+02 1.0000e+01 -1.0090e+00
1.4000e+02 2.0000e+01 -4.6749e-01
1.4000e+02 3.0000e+01 6.1036e-01
1.4000e+02 4.0000e+01 9.1051e-01
1.4000e+02 5.0000e+01 1.1149e+00
1.4000e+02 6.0000e+01 -8.1859e-01
1.4000e+02 7.0000e+01 -8.2935e-01
1.4000e+02 8.0000e+01 -8.4286e-01
1.4000e+02 9.0000e+01 9.6797e-01
1.4000e+02 1.0000e+02 -2.4575e+00
1.4000e+02 1.1000e+02 -6.3442e-01
1.4000e+02 1.2000e+02 -7.9821e-01
1.4000e+02 1.3000e+02 -2.3553e+00
1.4000e+02 1.4000e+02 -1.2905e+00
1.4000e+02 1.5000e+02 -2.7829e-01
1.4000e+02 1.6000e+02 -1.0685e+00
1.4000e+02 1.7000e+02 -8.3557e-01
1.4000e+02 1.8000e+02 -1.7655e+00
1.4000e+02 1.9000e+02 -7.1233e-01
1.4000e+02 2.0000e+02 -2.5786e+00
1.5000e+02 -2.0000e+02 7.4492e-02
1.5000e+02 -1.9000e+02 4.3012e-01
1.5000e+02 -1.8000e+02 4.2073e-01
1.5000e+02 -1.7000e+02 1.1395e+00
1.5000e+02 -1.6000e+02 2.7184e+00
1.5000e+02 -1.5000e+02 -1.6708e-01
1.5000e+02 -1.4000e+02 6.0893e-01
1.5000e+02 -1.3000e+02 -1.2224e+00
1.5000e+02 -1.2000e+02 -9.8716e-01
1.5000e+02 -1.1000e+02 1.6092e+00
1.5000e+02 -1.0000e+02 1.4025e+00
1.5000e+02 -9.0000e+01 -1.5597e+00
1.5000e+02 -8.0000e+01 1.2670e+00
1.5000e+02 -7.0000e+01 1.6677e+00
1.5000e+02 -6.0000e+01 8.9261e-01
1.5000e+02 -5.0000e+01 -3.8979e-01
1.5000e+02 -4.0000e+01 5.3604e-01
1.5000e+02 -3.0000e+01 -2.4466e+00
1.5000e+02 -2.0000e+01 -1.3054e+00
1.5000e+02 -1.0000e+01 3.9975e+00
1.5000e+02 0.0000e+00 -2.3358e+00
1.5000e+02 1.0000e+01 -3.0568e+00
1.5000e+02 2.0000e+01 1.8687e+00
1.5000e+02 3.0000e+01 2.3453e+00
1.5000e+02 4.0000e+01 2.2507e-01
1.5000e+02 5.0000e+01 -1.9928e-02
1.5000e+02 6.0000e+01 3.3029e-01
1.5000e+02 7.0000e+01 -3.1202e+00
1.5000e+02 8.0000e+01 -3.0195e+00
1.5000e+02 9.0000e+01 -7.1188e-01
1.5000e+02 1.0000e+02 -1.2354e+00
1.5000e+02 1.1000e+02 1.4976e+00
1.5000e+02 1.2000e+02 -7.4329e-01
1.5000e+02 1.3000e+02 5.0966e-01
1.5000e+02 1.4000e+02 -2.2163e+00
1.5000e+02 1.5000e+02 -1.0113e+00
1.5000e+02 1.6000e+02 -3.8493e+00
1.5000e+02 1.7000e+02 -1.4683e+00
1.5000e+02 1.8000e+02 6.8771e-01
1.5000e+02 1.9000e+02 -1.2854e+00
1.5000e+02 2.0000e+02 -1.3552e-01
1.6000e+02 -2.0000e+02 2.0842e+00
1.6000e+02 -1.9000e+02 1.4053e+00
1.6000e+02 -1.8000e+02 1.1762e+00
1.6000e+02 -1.7000e+02 -2.0816e+00
1.6000e+02 -1.6000e+02 1.1903e+00
1.6000e+02 -1.5000e+02 1.0610e+00
1.6000e+02 -1.4000e+02 1.7986e-01
1.6000e+02 -1.3000e+02 -1.3708e+00
1.6000e+02 -1.2000e+02 -1.3589e+00
1.6000e+02 -1.1000e+02 -1.1078e+00
1.6000e+02 -1.0000e+02 6.8703e-01
1.6000e+02 -9.0000e+01 8.1286e-01
1.6000e+02 -8.0000e+01 2.0225e-01
1.6000e+02 -7.0000e+01 -1.9169e+00
1.6000e+02 -6.0000e+01 -6.2081e-01
1.6000e+02 -5.0000e+01 -1.8534e+00
1.6000e+02 -4.0000e+01 -1.6521e+00
1.6000e+02 -3.0000e+01 -5.5658e-01
1.6000e+02 -2.0000e+01 -1.2836e+00
1.6000e+02 -1.0000e+01 3.1027e+00
1.6000e+02 0.0000e+00 -4.1403e-02
1.6000e+02 1.0000e+01 1.1025e+00
1.6000e+02 2.0000e+01 -8.0429e-01
1.6000e+02 3.0000e+01 -7.3203e-01
1.6000e+02 4.0000e+01 5.9587e-01
1.6000e+02 5.0000e+01 1.9566e+00
1.6000e+02 6.0000e+01 -1.5340e-01
1.6000e+02 7.0000e+01 -2.9741e-01
1.6000e+02 8.0000e+01 1.5153e+00
1.6000e+02 9.0000e+01 -9.3211e-01
1.6000e+02 1.0000e+02 -2.9344e+00
1.6000e+02 1.1000e+02 6.2447e-01
1.6000e+02 1.2000e+02 1.2852e-01
1.6000e+02 1.3000e+02 1.0452e-01
1.6000e+02 1.4000e+02 6.7352e-01
1.6000e+02 1.5000e+02 4.3214e-01
1.6000e+02 1.6000e+02 -2.1875e+00
1.6000e+02 1.7000e+02 6.2468e-01
1.6000e+02 1.8000e+02 3.2767e+00
1.6000e+02 1.9000e+02 -4.9869e-01
1.6000e+02 2.0000e+02 2.0897e+00
1.7000e+02 -2.0000e+02 7.6808e-02
1.7000e+02 -1.9000e+02 -5.4722e-01
1.7000e+02 -1.8000e+02 1.5287e+00
1.7000e+02 -1.7000e+02 1.7707e+00
1.7000e+02 -1.6000e+02 -1.5313e+00
1.7000e+02 -1.5000e+02 1.2921e+00
1.7000e+02 -1.4000e+02 -1.5579e+00
1.7000e+02 -1.3000e+02 8.9472e-03
1.7000e+02 -1.2000e+02 8.5284e-01
1.7000e+02 -1.1000e+02 -1.2182e-01
1.7000e+02 -1.0000e+02 4.7399e-01
1.7000e+02 -9.0000e+01 1.1228e+00
1.7000e+02 -8.0000e+01 9.8916e-01
1.7000e+02 -7.0000e+01 -1.0238e+00
1.7000e+02 -6.0000e+01 -1.0852e+00
1.7000e+02 -5.0000e+01 1.3210e+00
1.7000e+02 -4.0000e+01 2.6581e+00
1.7000e+02 -3.0000e+01 -5.3989e-01
1.7000e+02 -2.0000e+01 -1.7754e+00
1.7000e+02 -1.0000e+01 1.6438e+00
1.7000e+02 0.0000e+00 -4.5370e-01
1.7000e+02 1.0000e+01 6.7288e-01
1.7000e+02 2.0000e+01 6.3098e-01
1.7000e+02 3.0000e+01 -8.1144e-01
1.7000e+02 4.0000e+01 -1.5471e+00
1.7000e+02 5.0000e+01 1.0613e+00
1.7000e+02 6.0000e+01 -5.6789e-01
1.7000e+02 7.0000e+01 1.3733e+00
1.7000e+02 8.0000e+01 7.7696e-01
1.7000e+02 9.0000e+01 9.1161e-01
1.7000e+02 1.0000e+02 -3.9662e-02
1.7000e+02 1.1000e+02 6.5043e-01
1.7000e+02 1.2000e+02 -1.1711e+00
1.7000e+02 1.3000e+02 5.4050e-03
1.7000e+02 1.4000e+02 -1.1393e+00
1.7000e+02 1.5000e+02 -2.5863e+00
1.7000e+02 1.6000e+02 -1.2415e+00
1.7000e+02 1.7000e+02 1.0663e-01
1.7000e+02 1.8000e+02 -6.3824e-01
1.7000e+02 1.9000e+02 -2.0513e+00
1.7000e+02 2.0000e+02 5.0484e-01
1.8000e+02 -2.0000e+02 -1.9966e+00
1.8000e+02 -1.9000e+02 1.1644e+00
1.8000e+02 -1.8000e+02 8.0580e-01
1.8000e+02 -1.7000e+02 1.0757e+00
1.8000e+02 -1.6000e+02 -1.5137e+00
1.8000e+02 -1.5000e+02 1.2459e+00
1.8000e+02 -1.4000e+02 -4.8788e-01
1.8000e+02 -1.3000e+02 9.5098e-01
1.8000e+02 -1.2000e+02 8.4184e-01
1.8000e+02 -1.1000e+02 1.4099e-01
1.8000e+02 -1.0000e+02 -3.4510e-01
1.8000e+02 -9.0000e+01 -1.0979e+00
1.8000e+02 -8.0000e+01 -4.3325e-01
1.8000e+02 -7.0000e+01 -1.8989e+00
1.8000e+02 -6.0000e+01 1.9794e+00
1.8000e+02 -5.0000e+01 -1.3069e+00
1.8000e+02 -4.0000e+01 -5.4881e-01
1.8000e+02 -3.0000e+01 -5.0534e-02
1.8000e+02 -2.0000e+01 2.2704e+00
1.8000e+02 -1.0000e+01 1.7845e+00
1.8000e+02 0.0000e+00 1.9868e+00
1.8000e+02 1.0000e+01 1.3450e+00
1.8000e+02 2.0000e+01 2.8546e-01
1.8000e+02 3.0000e+01 1.3271e+00
1.8000e+02 4.0000e+01 3.2572e+00
1.8000e+02 5.0000e+01 2.1109e+00
1.8000e+02 6.0000e+01 -2.6438e-01
1.8000e+02 7.0000e+01 1.4056e+00
1.8000e+02 8.0000e+01 -1.9927e+00
1.8000e+02 9.0000e+01 8.9231e-01
1.8000e+02 1.0000e+02 -3.4258e+00
1.8000e+02 1.1000e+02 8.4571e-01
1.8000e+02 1.2000e+02 -1.5103e+00
1.8000e+02 1.3000e+02 -7.2538e-02
1.8000e+02 1.4000e+02 1.1598e+00
1.8000e+02 1.5000e+02 2.3615e+00
1.8000e+02 1.6000e+02 -6.2138e-02
1.8000e+02 1.7000e+02 1.5021e+00
1.8000e+02 1.8000e+02 -2.4706e+00
1.8000e+02 1.9000e+02 1.7403e-01
1.8000e+02 2.0000e+02 -1.6467e+00
1.9000e+02 -2.0000e+02 2.9104e+00
1.9000e+02 -1.9000e+02 -2.4712e+00
1.9000e+02 -1.8000e+02 1.1083e+00
1.9000e+02 -1.7000e+02 -1.9067e+00
1.9000e+02 -1.6000e+02 -3.7531e+00
1.9000e+02 -1.5000e+02 3.6596e-01
1.9000e+02 -1.4000e+02 -1.3626e+00
1.9000e+02 -1.3000e+02 1.8029e+00
1.9000e+02 -1.2000e+02 3.1001e-01
1.9000e+02 -1.1000e+02 -7.7500e-01
1.9000e+02 -1.0000e+02 -1.2175e+00
1.9000e+02 -9.0000e+01 -9.5589e-01
1.9000e+02 -8.0000e+01 1.2661e+00
1.9000e+02 -7.0000e+01 1.6279e-01
1.9000e+02 -6.0000e+01 -1.8349e+00
1.9000e+02 -5.0000e+01 2.0176e+00
1.9000e+02 -4.0000e+01 -1.0124e+00
1.9000e+02 -3.0000e+01 -1.2575e+00
1.9000e+02 -2.0000e+01 -1.7395e+00
1.9000e+02 -1.0000e+01 1.3945e+00
1.9000e+02 0.0000e+00 -2.8234e+00
1.9000e+02 1.0000e+01 -4.5250e-01
1.9000e+02 2.0000e+01 -1.1393e+00
1.9000e+02 3.0000e+01 -1.6882e+00
1.9000e+02 4.0000e+01 3.0095e+00
1.9000e+02 5.0000e+01 6.0048e-01
1.9000e+02 6.0000e+01 -2.0432e+00
1.9000e+02 7.0000e+01 2.3103e+00
1.9000e+02 8.0000e+01 -1.9990e+00
1.9000e+02 9.0000e+01 9.0463e-01
1.9000e+02 1.0000e+02 1.8570e-04
1.9000e+02 1.1000e+02 -4.2928e-01
1.9000e+02 1.2000e+02 -2.3001e+00
1.9000e+02 1.3000e+02 -6.6442e-01
1.9000e+02 1.4000e+02 -1.4022e+00
1.9000e+02 1.5000e+02 -2.9800e+00
1.9000e+02 1.6000e+02 3.3223e-01
1.9000e+02 1.7000e+02 4.2264e-01
1.9000e+02 1.8000e+02 1.1622e+00
1.9000e+02 1.9000e+02 1.8691e+00
1.9000e+02 2.0000e+02 -3.3555e-01
2.0000e+02 -2.0000e+02 -2.2582e+00
2.0000e+02 -1.9000e+02 -1.4528e+00
2.0000e+02 -1.8000e+02 -5.8398e-01
2.0000e+02 -1.7000e+02 -8.2050e-01
2.0000e+02 -1.6000e+02 1.0136e+00
2.0000e+02 -1.5000e+02 -9.7389e-01
2.0000e+02 -1.4000e+02 4.1579e-01
2.0000e+02 -1.3000e+02 -1.6162e+00
2.0000e+02 -1.2000e+02 -1.9068e+00
2.0000e+02 -1.1000e+02 -3.1274e-03
2.0000e+02 -1.0000e+02 -1.0665e+00
2.0000e+02 -9.0000e+01 -2.1358e+00
2.0000e+02 -8.0000e+01 -1.8291e+00
2.0000e+02 -7.0000e+01 3.9915e-01
2.0000e+02 -6.0000e+01 3.7492e-01
2.0000e+02 -5.0000e+01 3.3410e-01
2.0000e+02 -4.0000e+01 -2.1480e+00
2.0000e+02 -3.0000e+01 -2.7742e+00
2.0000e+02 -2.0000e+01 -1.1042e+00
2.0000e+02 -1.0000e+01 1.5676e-01
2.0000e+02 0.0000e+00 -3.4116e-01
2.0000e+02 1.0000e+01 3.1472e-01
2.0000e+02 2.0000e+01 5.4343e-01
2.0000e+02 3.0000e+01 1.5282e+00
2.0000e+02 4.0000e+01 5.3007e-01
2.0000e+02 5.0000e+01 2.6177e+00
2.0000e+02 6.0000e+01 -1.5769e+00
2.0000e+02 7.0000e+01 -7.6532e-01
2.0000e+02 8.0000e+01 -9.0766e-01
2.0000e+02 9.0000e+01 7.2527e-01
2.0000e+02 1.0000e+02 1.1574e-01
2.0000e+02 1.1000e+02 -1.1484e+00
2.0000e+02 1.2000e+02 3.9195e+00
2.0000e+02 1.3000e+02 -1.5973e+00
2.0000e+02 1.4000e+02 -3.1928e+00
2.0000e+02 1.5000e+02 -6.8336e-02
2.0000e+02 1.6000e+02 -1.3133e+00
2.0000e+02 1.7000e+02 4.0151e-01
2.0000e+02 1.8000e+02 -1.1950e+00
2.0000e+02 1.9000e+02 -5.7620e-01
2.0000e+02 2.0000e+02 -1.9880e+00
