-2.0000e+02 -2.0000e+02 -2.4353e-01
-2.0000e+02 -1.9000e+02 -1.9559e-01
-2.0000e+02 -1.8000e+02 2.0973e+00
-2.0000e+02 -1.7000e+02 2.5405e+00
-2.0000e+02 -1.6000e+02 -4.0106e-01
-2.0000e+02 -1.5000e+02 3.0749e-01
-2.0000e+02 -1.4000e+02 -5.6627e-01
-2.0000e+02 -1.3000e+02 -6.4149e-01
-2.0000e+02 -1.2000e+02 1.8071e-01
-2.0000e+02 -1.1000e+02 2.2712e+00
-2.0000e+02 -1.0000e+02 -4.1218e-01
-2.0000e+02 -9.0000e+01 -1.5953e+00
-2.0000e+02 -8.0000e+01 -2.6506e+00
-2.0000e+02 -7.0000e+01 3.2819e-01
-2.0000e+02 -6.0000e+01 1.4858e-01
-2.0000e+02 -5.0000e+01 -1.0379e+00
-2.0000e+02 -4.0000e+01 -1.1210e+00
-2.0000e+02 -3.0000e+01 1.2902e+00
-2.0000e+02 -2.0000e+01 4.0723e-01
-2.0000e+02 -1.0000e+01 1.0560e+00
-2.0000e+02 0.0000e+00 1.2719e-01
-2.0000e+02 1.0000e+01 9.8599e-01
-2.0000e+02 2.0000e+01 7.3471e-01
-2.0000e+02 3.0000e+01 8.5283e-01
-2.0000e+02 4.0000e+01 -1.0656e+00
-2.0000e+02 5.0000e+01 2.7494e+00
-2.0000e+02 6.0000e+01 -1.7599e+00
-2.0000e+02 7.0000e+01 1.4492e+00
-2.0000e+02 8.0000e+01 5.3607e-01
-2.0000e+02 9.0000e+01 7.1708e-01
-2.0000e+02 1.0000e+02 -3.0039e+00
-2.0000e+02 1.1000e+02 3.4985e+00
-2.0000e+02 1.2000e+02 -9.8033e-01
-2.0000e+02 1.3000e+02 1.9649e-01
-2.0000e+02 1.4000e+02 -2.9467e-01
-2.0000e+02 1.5000e+02 1.0203e+00
-2.0000e+02 1.6000e+02 4.8721e-01
-2.0000e+02 1.7000e+02 6.4121e-01
-2.0000e+02 1.8000e+02 2.4011e+00
-2.0000e+02 1.9000e+02 -2.8122e+00
-2.0000e+02 2.0000e+02 3.6870e-01
-1.9000e+02 -2.0000e+02 -1.3306e+00
-1.9000e+02 -1.9000e+02 5.0056e-01
-1.9000e+02 -1.8000e+02 3.4447e-01
-1.9000e+02 -1.7000e+02 -5.9341e-01
-1.9000e+02 -1.6000e+02 1.6081e-01
-1.9000e+02 -1.5000e+02 1.4535e+00
-1.9000e+02 -1.4000e+02 -6.6470e-01
-1.9000e+02 -1.3000e+02 1.0953e+00
-1.9000e+02 -1.2000e+02 1.8932e+00
-1.9000e+02 -1.1000e+02 -2.3985e+00
-1.9000e+02 -1.0000e+02 -2.0103e+00
-1.9000e+02 -9.0000e+01 -1.2253e+00
-1.9000e+02 -8.0000e+01 -7.3474e-01
-1.9000e+02 -7.0000e+01 -2.5317e-01
-1.9000e+02 -6.0000e+01 -3.6492e-01
-1.9000e+02 -5.0000e+01 -1.5265e+00
-1.9000e+02 -4.0000e+01 -1.2040e+00
-1.9000e+02 -3.0000e+01 2.1986e+00
-1.9000e+02 -2.0000e+01 -1.5258e+00
-1.9000e+02 -1.0000e+01 1.0017e+00
-1.9000e+02 0.0000e+00 1.4330e-01
-1.9000e+02 1.0000e+01 7.5923e-01
-1.9000e+02 2.0000e+01 1.3006e-01
-1.9000e+02 3.0000e+01 -2.9056e-01
-1.9000e+02 4.0000e+01 -3.2956e-01
-1.9000e+02 5.0000e+01 1.1877e+00
-1.9000e+02 6.0000e+01 -1.9423e+00
-1.9000e+02 7.0000e+01 -3.0730e+00
-1.9000e+02 8.0000e+01 2.2485e-01
-1.9000e+02 9.0000e+01 -2.2096e-01
-1.9000e+02 1.0000e+02 -6.2875e-01
-1.9000e+02 1.1000e+02 1.2145e-01
-1.9000e+02 1.2000e+02 -1.8617e+00
-1.9000e+02 1.3000e+02 -4.7977e-01
-1.9000e+02 1.4000e+02 -3.8147e-01
-1.9000e+02 1.5000e+02 5.8027e-01
-1.9000e+02 1.6000e+02 -2.2246e+00
-1.9000e+02 1.7000e+02 -1.1589e+00
-1.9000e+02 1.8000e+02 1.5631e+00
-1.9000e+02 1.9000e+02 9.0538e-01
-1.9000e+02 2.0000e+02 -2.2060e+00
-1.8000e+02 -2.0000e+02 -8.8850e-01
-1.8000e+02 -1.9000e+02 2.9557e+00
-1.8000e+02 -1.8000e+02 2.5689e+00
-1.8000e+02 -1.7000e+02 2.4054e+00
-1.8000e+02 -1.6000e+02 -1.2056e+00
-1.8000e+02 -1.5000e+02 9.4224e-02
-1.8000e+02 -1.4000e+02 5.2761e-01
-1.8000e+02 -1.3000e+02 -2.1364e+00
-1.8000e+02 -1.2000e+02 2.5866e+00
-1.8000e+02 -1.1000e+02 1.4371e+00
-1.8000e+02 -1.0000e+02 4.2061e-01
-1.8000e+02 -9.0000e+01 -7.4487e-02
-1.8000e+02 -8.0000e+01 1.4303e+00
-1.8000e+02 -7.0000e+01 7.1436e-01
-1.8000e+02 -6.0000e+01 -1.0470e+00
-1.8000e+02 -5.0000e+01 -2.0412e+00
-1.8000e+02 -4.0000e+01 -1.8561e-01
-1.8000e+02 -3.0000e+01 1.0564e+00
-1.8000e+02 -2.0000e+01 -8.6060e-01
-1.8000e+02 -1.0000e+01 -6.9127e-01
-1.8000e+02 0.0000e+00 -1.6794e+00
-1.8000e+02 1.0000e+01 -1.8884e-01
-1.8000e+02 2.0000e+01 -3.3363e+00
-1.8000e+02 3.0000e+01 -5.8821e-01
-1.8000e+02 4.0000e+01 -1.4368e+00
-1.8000e+02 5.0000e+01 -2.2964e+00
-1.8000e+02 6.0000e+01 -8.8274e-01
-1.8000e+02 7.0000e+01 9.8483e-01
-1.8000e+02 8.0000e+01 1.1362e+00
-1.8000e+02 9.0000e+01 2.2320e-01
-1.8000e+02 1.0000e+02 2.4942e+00
-1.8000e+02 1.1000e+02 2.8561e-02
-1.8000e+02 1.2000e+02 -5.0592e-01
-1.8000e+02 1.3000e+02 -5.1390e-01
-1.8000e+02 1.4000e+02 -7.7076e-01
-1.8000e+02 1.5000e+02 -4.2773e-03
-1.8000e+02 1.6000e+02 1.7183e+00
-1.8000e+02 1.7000e+02 -3.9240e-01
-1.8000e+02 1.8000e+02 -3.1074e+00
-1.8000e+02 1.9000e+02 -8.0392e-01
-1.8000e+02 2.0000e+02 3.2673e-01
-1.7000e+02 -2.0000e+02 2.1855e+00
-1.7000e+02 -1.9000e+02 2.5490e+00
-1.7000e+02 -1.8000e+02 6.1761e-01
-1.7000e+02 -1.7000e+02 1.0036e+00
-1.7000e+02 -1.6000e+02 8.3697e-01
-1.7000e+02 -1.5000e+02 7.5359e-01
-1.7000e+02 -1.4000e+02 -1.8437e+00
-1.7000e+02 -1.3000e+02 -2.6526e-02
-1.7000e+02 -1.2000e+02 4.8087e-01
-1.7000e+02 -1.1000e+02 3.3076e-01
-1.7000e+02 -1.0000e+02 -7.0223e-01
-1.7000e+02 -9.0000e+01 2.9326e+00
-1.7000e+02 -8.0000e+01 -5.8411e-01
-1.7000e+02 -7.0000e+01 -2.1675e+00
-1.7000e+02 -6.0000e+01 -1.7010e+00
-1.7000e+02 -5.0000e+01 5.5251e-01
-1.7000e+02 -4.0000e+01 -5.6004e-01
-1.7000e+02 -3.0000e+01 -9.8321e-01
-1.7000e+02 -2.0000e+01 -2.7331e+00
-1.7000e+02 -1.0000e+01 4.0160e-01
-1.7000e+02 0.0000e+00 3.3924e-01
-1.7000e+02 1.0000e+01 -1.4797e+00
-1.7000e+02 2.0000e+01 -2.0775e-01
-1.7000e+02 3.0000e+01 1.4246e+00
-1.7000e+02 4.0000e+01 -9.8788e-01
-1.7000e+02 5.0000e+01 -1.6697e-01
-1.7000e+02 6.0000e+01 4.3271e-01
-1.7000e+02 7.0000e+01 -9.7600e-01
-1.7000e+02 8.0000e+01 -5.5293e-01
-1.7000e+02 9.0000e+01 -7.1968e-01
-1.7000e+02 1.0000e+02 -1.7833e+00
-1.7000e+02 1.1000e+02 9.4687e-02
-1.7000e+02 1.2000e+02 3.3198e-01
-1.7000e+02 1.3000e+02 1.0843e+00
-1.7000e+02 1.4000e+02 1.7100e+00
-1.7000e+02 1.5000e+02 -1.2980e+00
-1.7000e+02 1.6000e+02 9.3594e-01
-1.7000e+02 1.7000e+02 -7.9515e-01
-1.7000e+02 1.8000e+02 1.5292e+00
-1.7000e+02 1.9000e+02 -1.7637e+00
-1.7000e+02 2.0000e+02 4.9166e-01
-1.6000e+02 -2.0000e+02 -1.2978e+00
-1.6000e+02 -1.9000e+02 -1.3753e-01
-1.6000e+02 -1.8000e+02 -1.6899e-02
-1.6000e+02 -1.7000e+02 -6.7832e-01
-1.6000e+02 -1.6000e+02 -1.1385e+00
-1.6000e+02 -1.5000e+02 -4.8632e-01
-1.6000e+02 -1.4000e+02 -2.5223e+00
-1.6000e+02 -1.3000e+02 -4.8871e-01
-1.6000e+02 -1.2000e+02 -2.3351e+00
-1.6000e+02 -1.1000e+02 -2.1301e+00
-1.6000e+02 -1.0000e+02 5.0060e-01
-1.6000e+02 -9.0000e+01 2.7010e+00
-1.6000e+02 -8.0000e+01 -2.0198e+00
-1.6000e+02 -7.0000e+01 -2.5134e+00
-1.6000e+02 -6.0000e+01 -5.0526e-02
-1.6000e+02 -5.0000e+01 2.1287e-01
-1.6000e+02 -4.0000e+01 3.8372e-01
-1.6000e+02 -3.0000e+01 -1.5344e+00
-1.6000e+02 -2.0000e+01 -9.5122e-02
-1.6000e+02 -1.0000e+01 -2.1449e-01
-1.6000e+02 0.0000e+00 -7.0466e-02
-1.6000e+02 1.0000e+01 5.3420e-02
-1.6000e+02 2.0000e+01 -3.2590e+00
-1.6000e+02 3.0000e+01 3.0829e+00
-1.6000e+02 4.0000e+01 -8.7840e-02
-1.6000e+02 5.0000e+01 -1.4220e+00
-1.6000e+02 6.0000e+01 1.8746e+00
-1.6000e+02 7.0000e+01 8.7849e-04
-1.6000e+02 8.0000e+01 1.0913e+00
-1.6000e+02 9.0000e+01 -3.1863e-01
-1.6000e+02 1.0000e+02 -9.3544e-01
-1.6000e+02 1.1000e+02 -8.0236e-01
-1.6000e+02 1.2000e+02 4.7504e-01
-1.6000e+02 1.3000e+02 -4.6885e-01
-1.6000e+02 1.4000e+02 -1.6450e+00
-1.6000e+02 1.5000e+02 -2.2229e+00
-1.6000e+02 1.6000e+02 -5.4348e-01
-1.6000e+02 1.7000e+02 1.1078e+00
-1.6000e+02 1.8000e+02 5.9998e-01
-1.6000e+02 1.9000e+02 -1.0375e+00
-1.6000e+02 2.0000e+02 -1.1625e+00
-1.5000e+02 -2.0000e+02 -2.9752e-01
-1.5000e+02 -1.9000e+02 1.3698e-01
-1.5000e+02 -1.8000e+02 -5.9378e-01
-1.5000e+02 -1.7000e+02 -2.0546e-01
-1.5000e+02 -1.6000e+02 -2.5336e+00
-1.5000e+02 -1.5000e+02 -5.8343e-01
-1.5000e+02 -1.4000e+02 4.1045e-01
-1.5000e+02 -1.3000e+02 -2.3902e+00
-1.5000e+02 -1.2000e+02 2.1150e+00
-1.5000e+02 -1.1000e+02 1.4812e+00
-1.5000e+02 -1.0000e+02 3.0214e+00
-1.5000e+02 -9.0000e+01 -1.1155e-01
-1.5000e+02 -8.0000e+01 -1.1508e+00
-1.5000e+02 -7.0000e+01 -8.0233e-02
-1.5000e+02 -6.0000e+01 2.0204e+00
-1.5000e+02 -5.0000e+01 -2.5181e-01
-1.5000e+02 -4.0000e+01 1.3691e+00
-1.5000e+02 -3.0000e+01 -3.8474e+00
-1.5000e+02 -2.0000e+01 1.6091e+00
-1.5000e+02 -1.0000e+01 -1.2648e+00
-1.5000e+02 0.0000e+00 1.8412e+00
-1.5000e+02 1.0000e+01 3.0348e-01
-1.5000e+02 2.0000e+01 1.3130e+00
-1.5000e+02 3.0000e+01 4.9496e-02
-1.5000e+02 4.0000e+01 2.0118e+00
-1.5000e+02 5.0000e+01 -6.3756e-01
-1.5000e+02 6.0000e+01 4.1483e-01
-1.5000e+02 7.0000e+01 -4.4860e-01
-1.5000e+02 8.0000e+01 -2.4164e+00
-1.5000e+02 9.0000e+01 6.9450e-01
-1.5000e+02 1.0000e+02 -2.0127e+00
-1.5000e+02 1.1000e+02 -2.2089e+00
-1.5000e+02 1.2000e+02 -2.7894e+00
-1.5000e+02 1.3000e+02 -2.1804e+00
-1.5000e+02 1.4000e+02 -4.9295e-01
-1.5000e+02 1.5000e+02 6.2242e-01
-1.5000e+02 1.6000e+02 -3.2913e+00
-1.5000e+02 1.7000e+02 3.1892e+00
-1.5000e+02 1.8000e+02 5.3447e-01
-1.5000e+02 1.9000e+02 -1.8472e+00
-1.5000e+02 2.0000e+02 -1.9051e+00
-1.4000e+02 -2.0000e+02 -1.2807e+00
-1.4000e+02 -1.9000e+02 2.2358e+00
-1.4000e+02 -1.8000e+02 3.9691e-01
-1.4000e+02 -1.7000e+02 5.8564e-01
-1.4000e+02 -1.6000e+02 -1.5915e+00
-1.4000e+02 -1.5000e+02 -1.6004e+00
-1.4000e+02 -1.4000e+02 5.3052e-01
-1.4000e+02 -1.3000e+02 -1.8976e+00
-1.4000e+02 -1.2000e+02 2.1089e+00
-1.4000e+02 -1.1000e+02 -1.2404e+00
-1.4000e+02 -1.0000e+02 -2.1990e-01
-1.4000e+02 -9.0000e+01 -2.4197e+00
-1.4000e+02 -8.0000e+01 2.4495e+00
-1.4000e+02 -7.0000e+01 1.1623e+00
-1.4000e+02 -6.0000e+01 9.1834e-02
-1.4000e+02 -5.0000e+01 1.3639e+00
-1.4000e+02 -4.0000e+01 -6.1595e-01
-1.4000e+02 -3.0000e+01 7.0994e-01
-1.4000e+02 -2.0000e+01 -1.6839e+00
-1.4000e+02 -1.0000e+01 -1.4901e+00
-1.4000e+02 0.0000e+00 -6.0842e-02
-1.4000e+02 1.0000e+01 1.7711e-01
-1.4000e+02 2.0000e+01 6.5154e-01
-1.4000e+02 3.0000e+01 -1.2648e+00
-1.4000e+02 4.0000e+01 -8.3080e-01
-1.4000e+02 5.0000e+01 7.5499e-02
-1.4000e+02 6.0000e+01 -1.8866e-02
-1.4000e+02 7.0000e+01 3.3984e-01
-1.4000e+02 8.0000e+01 2.5640e+00
-1.4000e+02 9.0000e+01 -6.8677e-01
-1.4000e+02 1.0000e+02 1.9804e+00
-1.4000e+02 1.1000e+02 1.7801e+00
-1.4000e+02 1.2000e+02 -1.0926e+00
-1.4000e+02 1.3000e+02 -2.2665e+00
-1.4000e+02 1.4000e+02 6.0109e-01
-1.4000e+02 1.5000e+02 2.9078e-01
-1.4000e+02 1.6000e+02 -1.4134e+00
-1.4000e+02 1.7000e+02 -5.0889e-01
-1.4000e+02 1.8000e+02 -6.6727e-01
-1.4000e+02 1.9000e+02 -3.6229e+00
-1.4000e+02 2.0000e+02 2.6151e+00
-1.3000e+02 -2.0000e+02 -2.1549e+00
-1.3000e+02 -1.9000e+02 -1.2227e+00
-1.3000e+02 -1.8000e+02 -8.2535e-01
-1.3000e+02 -1.7000e+02 5.8555e-01
-1.3000e+02 -1.6000e+02 -2.5098e+00
-1.3000e+02 -1.5000e+02 5.3669e-01
-1.3000e+02 -1.4000e+02 1.1098e+00
-1.3000e+02 -1.3000e+02 -1.7491e+00
-1.3000e+02 -1.2000e+02 -1.3146e+00
-1.3000e+02 -1.1000e+02 5.1049e-01
-1.3000e+02 -1.0000e+02 -2.2614e+00
-1.3000e+02 -9.0000e+01 1.3715e+00
-1.3000e+02 -8.0000e+01 -1.1959e+00
-1.3000e+02 -7.0000e+01 -2.1264e-01
-1.3000e+02 -6.0000e+01 1.0419e-01
-1.3000e+02 -5.0000e+01 -1.7340e+00
-1.3000e+02 -4.0000e+01 6.4061e-01
-1.3000e+02 -3.0000e+01 -3.2208e-01
-1.3000e+02 -2.0000e+01 -2.6783e+00
-1.3000e+02 -1.0000e+01 -2.6556e+00
-1.3000e+02 0.0000e+00 -3.0022e+00
-1.3000e+02 1.0000e+01 -1.0153e+00
-1.3000e+02 2.0000e+01 -8.3265e-01
-1.3000e+02 3.0000e+01 -2.3064e-01
-1.3000e+02 4.0000e+01 -1.3281e+00
-1.3000e+02 5.0000e+01 -5.0092e-01
-1.3000e+02 6.0000e+01 -9.8761e-01
-1.3000e+02 7.0000e+01 -1.7211e+00
-1.3000e+02 8.0000e+01 -2.6212e-01
-1.3000e+02 9.0000e+01 5.3878e-01
-1.3000e+02 1.0000e+02 -2.7291e+00
-1.3000e+02 1.1000e+02 -3.5044e-01
-1.3000e+02 1.2000e+02 -2.6273e+00
-1.3000e+02 1.3000e+02 -1.4582e-02
-1.3000e+02 1.4000e+02 -8.7200e-01
-1.3000e+02 1.5000e+02 -1.1915e+00
-1.3000e+02 1.6000e+02 -1.2236e+00
-1.3000e+02 1.7000e+02 9.2167e-01
-1.3000e+02 1.8000e+02 2.4233e+00
-1.3000e+02 1.9000e+02 -1.2257e+00
-1.3000e+02 2.0000e+02 7.2131e-01
-1.2000e+02 -2.0000e+02 2.1932e+00
-1.2000e+02 -1.9000e+02 -1.3265e+00
-1.2000e+02 -1.8000e+02 -4.0114e+00
-1.2000e+02 -1.7000e+02 -8.0661e-01
-1.2000e+02 -1.6000e+02 1.0311e+00
-1.2000e+02 -1.5000e+02 -3.8221e-01
-1.2000e+02 -1.4000e+02 3.9045e-01
-1.2000e+02 -1.3000e+02 -2.4587e+00
-1.2000e+02 -1.2000e+02 -9.8882e-01
-1.2000e+02 -1.1000e+02 9.1451e-01
-1.2000e+02 -1.0000e+02 -1.7358e+00
-1.2000e+02 -9.0000e+01 1.2228e+00
-1.2000e+02 -8.0000e+01 -2.2573e+00
-1.2000e+02 -7.0000e+01 -4.8665e+00
-1.2000e+02 -6.0000e+01 -1.6293e+00
-1.2000e+02 -5.0000e+01 -4.5891e-01
-1.2000e+02 -4.0000e+01 -7.8321e-01
-1.2000e+02 -3.0000e+01 -2.4699e+00
-1.2000e+02 -2.0000e+01 -5.0525e-01
-1.2000e+02 -1.0000e+01 -2.0122e+00
-1.2000e+02 0.0000e+00 -1.6196e+00
-1.2000e+02 1.0000e+01 4.8504e-01
-1.2000e+02 2.0000e+01 -2.3589e+00
-1.2000e+02 3.0000e+01 -2.9503e-01
-1.2000e+02 4.0000e+01 -1.2416e+00
-1.2000e+02 5.0000e+01 -1.1223e+00
-1.2000e+02 6.0000e+01 -3.0643e+00
-1.2000e+02 7.0000e+01 -7.9774e-01
-1.2000e+02 8.0000e+01 9.4295e-02
-1.2000e+02 9.0000e+01 -1.7263e+00
-1.2000e+02 1.0000e+02 -2.8267e-02
-1.2000e+02 1.1000e+02 -1.3435e+00
-1.2000e+02 1.2000e+02 1.2571e+00
-1.2000e+02 1.3000e+02 3.3430e-01
-1.2000e+02 1.4000e+02 5.9248e-01
-1.2000e+02 1.5000e+02 -1.1738e+00
-1.2000e+02 1.6000e+02 1.3132e+00
-1.2000e+02 1.7000e+02 1.2702e-01
-1.2000e+02 1.8000e+02 -9.7352e-01
-1.2000e+02 1.9000e+02 1.4852e+00
-1.2000e+02 2.0000e+02 -2.0438e+00
-1.1000e+02 -2.0000e+02 -1.0667e-01
-1.1000e+02 -1.9000e+02 4.2311e+00
-1.1000e+02 -1.8000e+02 2.0671e+00
-1.1000e+02 -1.7000e+02 2.9531e+00
-1.1000e+02 -1.6000e+02 2.6342e-01
-1.1000e+02 -1.5000e+02 8.8045e-01
-1.1000e+02 -1.4000e+02 2.1137e+00
-1.1000e+02 -1.3000e+02 -1.4988e+00
-1.1000e+02 -1.2000e+02 -1.7259e+00
-1.1000e+02 -1.1000e+02 -3.1613e+00
-1.1000e+02 -1.0000e+02 -7.4609e-01
-1.1000e+02 -9.0000e+01 5.0340e-03
-1.1000e+02 -8.0000e+01 4.0993e-01
-1.1000e+02 -7.0000e+01 -1.0157e+00
-1.1000e+02 -6.0000e+01 -1.2020e+00
-1.1000e+02 -5.0000e+01 -1.3066e+00
-1.1000e+02 -4.0000e+01 1.0638e-01
-1.1000e+02 -3.0000e+01 -8.7428e-01
-1.1000e+02 -2.0000e+01 -2.5355e+00
-1.1000e+02 -1.0000e+01 -2.1057e+00
-1.1000e+02 0.0000e+00 -1.7285e+00
-1.1000e+02 1.0000e+01 -2.7557e+00
-1.1000e+02 2.0000e+01 -1.5144e+00
-1.1000e+02 3.0000e+01 -2.7575e+00
-1.1000e+02 4.0000e+01 5.8903e-01
-1.1000e+02 5.0000e+01 -3.7916e+00
-1.1000e+02 6.0000e+01 1.0549e+00
-1.1000e+02 7.0000e+01 4.6077e-01
-1.1000e+02 8.0000e+01 -3.0024e+00
-1.1000e+02 9.0000e+01 6.2464e-01
-1.1000e+02 1.0000e+02 -1.4254e+00
-1.1000e+02 1.1000e+02 -7.4001e-01
-1.1000e+02 1.2000e+02 1.3267e+00
-1.1000e+02 1.3000e+02 -1.3722e+00
-1.1000e+02 1.4000e+02 -1.8801e+00
-1.1000e+02 1.5000e+02 1.5481e+00
-1.1000e+02 1.6000e+02 -5.4581e-01
-1.1000e+02 1.7000e+02 -1.0692e-01
-1.1000e+02 1.8000e+02 -1.1435e+00
-1.1000e+02 1.9000e+02 -1.9205e-01
-1.1000e+02 2.0000e+02 -2.6393e+00
-1.0000e+02 -2.0000e+02 -1.3390e+00
-1.0000e+02 -1.9000e+02 1.8011e+00
-1.0000e+02 -1.8000e+02 -6.0757e-01
-1.0000e+02 -1.7000e+02 -2.4357e+00
-1.0000e+02 -1.6000e+02 -2.1300e+00
-1.0000e+02 -1.5000e+02 4.3284e-01
-1.0000e+02 -1.4000e+02 -9.0208e-01
-1.0000e+02 -1.3000e+02 -1.1132e+00
-1.0000e+02 -1.2000e+02 1.8779e+00
-1.0000e+02 -1.1000e+02 1.0679e-01
-1.0000e+02 -1.0000e+02 -1.9040e-01
-1.0000e+02 -9.0000e+01 -6.4425e-01
-1.0000e+02 -8.0000e+01 3.7205e-01
-1.0000e+02 -7.0000e+01 1.7937e+00
-1.0000e+02 -6.0000e+01 -2.7765e+00
-1.0000e+02 -5.0000e+01 -3.0309e+00
-1.0000e+02 -4.0000e+01 -2.0606e+00
-1.0000e+02 -3.0000e+01 -3.2695e+00
-1.0000e+02 -2.0000e+01 -3.0545e+00
-1.0000e+02 -1.0000e+01 -2.8237e+00
-1.0000e+02 0.0000e+00 -4.9216e+00
-1.0000e+02 1.0000e+01 -1.9436e+00
-1.0000e+02 2.0000e+01 -6.3506e-01
-1.0000e+02 3.0000e+01 -2.2177e+00
-1.0000e+02 4.0000e+01 -9.7894e-01
-1.0000e+02 5.0000e+01 -2.0351e+00
-1.0000e+02 6.0000e+01 -2.2683e+00
-1.0000e+02 7.0000e+01 -4.3634e-01
-1.0000e+02 8.0000e+01 -2.0741e+00
-1.0000e+02 9.0000e+01 6.2337e-01
-1.0000e+02 1.0000e+02 3.0374e-01
-1.0000e+02 1.1000e+02 -4.5581e-01
-1.0000e+02 1.2000e+02 -2.2291e+00
-1.0000e+02 1.3000e+02 2.5205e+00
-1.0000e+02 1.4000e+02 -2.1246e+00
-1.0000e+02 1.5000e+02 -2.4773e-01
-1.0000e+02 1.6000e+02 -2.4589e-01
-1.0000e+02 1.7000e+02 -2.6976e+00
-1.0000e+02 1.8000e+02 -6.4830e-01
-1.0000e+02 1.9000e+02 1.9186e+00
-1.0000e+02 2.0000e+02 4.8656e-01
-9.0000e+01 -2.0000e+02 3.2932e-01
-9.0000e+01 -1.9000e+02 6.7443e-01
-9.0000e+01 -1.8000e+02 4.8511e-02
-9.0000e+01 -1.7000e+02 3.7122e-01
-9.0000e+01 -1.6000e+02 -1.9586e-02
-9.0000e+01 -1.5000e+02 6.3934e-01
-9.0000e+01 -1.4000e+02 1.7847e+00
-9.0000e+01 -1.3000e+02 -1.9364e+00
-9.0000e+01 -1.2000e+02 1.4947e+00
-9.0000e+01 -1.1000e+02 -1.1611e+00
-9.0000e+01 -1.0000e+02 -1.5191e+00
-9.0000e+01 -9.0000e+01 -6.1785e-01
-9.0000e+01 -8.0000e+01 -1.4905e+00
-9.0000e+01 -7.0000e+01 -1.2524e+00
-9.0000e+01 -6.0000e+01 -3.9817e+00
-9.0000e+01 -5.0000e+01 -5.2512e+00
-9.0000e+01 -4.0000e+01 -2.9102e+00
-9.0000e+01 -3.0000e+01 -3.9301e+00
-9.0000e+01 -2.0000e+01 -5.4029e+00
-9.0000e+01 -1.0000e+01 -5.5213e+00
-9.0000e+01 0.0000e+00 -4.9863e+00
-9.0000e+01 1.0000e+01 -2.5936e+00
-9.0000e+01 2.0000e+01 -1.9470e+00
-9.0000e+01 3.0000e+01 -2.6340e+00
-9.0000e+01 4.0000e+01 -2.8740e+00
-9.0000e+01 5.0000e+01 -2.5663e+00
-9.0000e+01 6.0000e+01 -1.9855e+00
-9.0000e+01 7.0000e+01 -2.4901e+00
-9.0000e+01 8.0000e+01 -1.3001e+00
-9.0000e+01 9.0000e+01 -5.3221e+00
-9.0000e+01 1.0000e+02 -1.6891e+00
-9.0000e+01 1.1000e+02 -1.9177e+00
-9.0000e+01 1.2000e+02 -3.1562e-01
-9.0000e+01 1.3000e+02 6.2210e-01
-9.0000e+01 1.4000e+02 -5.3003e-01
-9.0000e+01 1.5000e+02 -2.3379e+00
-9.0000e+01 1.6000e+02 3.1797e+00
-9.0000e+01 1.7000e+02 3.2520e-01
-9.0000e+01 1.8000e+02 7.7997e-01
-9.0000e+01 1.9000e+02 -1.1456e+00
-9.0000e+01 2.0000e+02 -5.0772e-01
-8.0000e+01 -2.0000e+02 1.5059e+00
-8.0000e+01 -1.9000e+02 1.3816e+00
-8.0000e+01 -1.8000e+02 -1.5328e+00
-8.0000e+01 -1.7000e+02 -1.8994e-01
-8.0000e+01 -1.6000e+02 -1.7360e+00
-8.0000e+01 -1.5000e+02 -1.0449e+00
-8.0000e+01 -1.4000e+02 2.5870e-01
-8.0000e+01 -1.3000e+02 -1.7956e+00
-8.0000e+01 -1.2000e+02 5.8546e-01
-8.0000e+01 -1.1000e+02 -4.5959e-01
-8.0000e+01 -1.0000e+02 6.1606e-01
-8.0000e+01 -9.0000e+01 -3.2889e+00
-8.0000e+01 -8.0000e+01 -1.0533e+00
-8.0000e+01 -7.0000e+01 -1.2456e+00
-8.0000e+01 -6.0000e+01 -3.6000e+00
-8.0000e+01 -5.0000e+01 -2.6062e+00
-8.0000e+01 -4.0000e+01 -2.7704e+00
-8.0000e+01 -3.0000e+01 -3.2030e+00
-8.0000e+01 -2.0000e+01 -3.9086e+00
-8.0000e+01 -1.0000e+01 -4.8430e+00
-8.0000e+01 0.0000e+00 -6.3236e+00
-8.0000e+01 1.0000e+01 -5.6844e+00
-8.0000e+01 2.0000e+01 -4.8828e+00
-8.0000e+01 3.0000e+01 -4.9301e+00
-8.0000e+01 4.0000e+01 -4.0147e+00
-8.0000e+01 5.0000e+01 -3.3630e+00
-8.0000e+01 6.0000e+01 -2.6287e+00
-8.0000e+01 7.0000e+01 -3.6410e+00
-8.0000e+01 8.0000e+01 -1.9810e+00
-8.0000e+01 9.0000e+01 -2.9158e+00
-8.0000e+01 1.0000e+02 -2.0634e+00
-8.0000e+01 1.1000e+02 3.1510e-01
-8.0000e+01 1.2000e+02 -5.9821e-01
-8.0000e+01 1.3000e+02 -3.9860e-01
-8.0000e+01 1.4000e+02 8.2675e-01
-8.0000e+01 1.5000e+02 1.2707e-02
-8.0000e+01 1.6000e+02 6.7922e-01
-8.0000e+01 1.7000e+02 9.5126e-01
-8.0000e+01 1.8000e+02 1.1505e+00
-8.0000e+01 1.9000e+02 9.3345e-01
-8.0000e+01 2.0000e+02 -6.1050e-01
-7.0000e+01 -2.0000e+02 1.0143e+00
-7.0000e+01 -1.9000e+02 8.3343e-01
-7.0000e+01 -1.8000e+02 2.4109e-01
-7.0000e+01 -1.7000e+02 -4.9725e-01
-7.0000e+01 -1.6000e+02 -5.5817e-02
-7.0000e+01 -1.5000e+02 -1.2463e+00
-7.0000e+01 -1.4000e+02 -2.1260e-01
-7.0000e+01 -1.3000e+02 -1.4661e+00
-7.0000e+01 -1.2000e+02 -1.4787e+00
-7.0000e+01 -1.1000e+02 -2.5359e+00
-7.0000e+01 -1.0000e+02 -2.9366e+00
-7.0000e+01 -9.0000e+01 -1.7686e+00
-7.0000e+01 -8.0000e+01 -8.6609e-01
-7.0000e+01 -7.0000e+01 -4.5241e+00
-7.0000e+01 -6.0000e+01 -4.0003e+00
-7.0000e+01 -5.0000e+01 -4.5770e+00
-7.0000e+01 -4.0000e+01 -6.3864e+00
-7.0000e+01 -3.0000e+01 -6.3412e+00
-7.0000e+01 -2.0000e+01 -7.4067e+00
-7.0000e+01 -1.0000e+01 -8.6947e+00
-7.0000e+01 0.0000e+00 -8.4196e+00
-7.0000e+01 1.0000e+01 -9.8782e+00
-7.0000e+01 2.0000e+01 -8.7082e+00
-7.0000e+01 3.0000e+01 -3.9188e+00
-7.0000e+01 4.0000e+01 -5.8000e+00
-7.0000e+01 5.0000e+01 -5.3092e+00
-7.0000e+01 6.0000e+01 -3.3425e+00
-7.0000e+01 7.0000e+01 -2.2749e+00
-7.0000e+01 8.0000e+01 -2.3403e+00
-7.0000e+01 9.0000e+01 -5.3106e+00
-7.0000e+01 1.0000e+02 -5.6573e-01
-7.0000e+01 1.1000e+02 1.0209e+00
-7.0000e+01 1.2000e+02 1.7359e+00
-7.0000e+01 1.3000e+02 -1.8261e+00
-7.0000e+01 1.4000e+02 1.8425e+00
-7.0000e+01 1.5000e+02 -6.1308e-01
-7.0000e+01 1.6000e+02 1.1282e+00
-7.0000e+01 1.7000e+02 1.4361e+00
-7.0000e+01 1.8000e+02 2.1663e+00
-7.0000e+01 1.9000e+02 1.0582e+00
-7.0000e+01 2.0000e+02 1.0360e+00
-6.0000e+01 -2.0000e+02 -6.0698e-01
-6.0000e+01 -1.9000e+02 -1.5070e+00
-6.0000e+01 -1.8000e+02 8.6294e-01
-6.0000e+01 -1.7000e+02 9.2625e-02
-6.0000e+01 -1.6000e+02 -2.8012e+00
-6.0000e+01 -1.5000e+02 -1.0529e+00
-6.0000e+01 -1.4000e+02 -1.2905e+00
-6.0000e+01 -1.3000e+02 7.1629e-01
-6.0000e+01 -1.2000e+02 -3.4597e+00
-6.0000e+01 -1.1000e+02 -1.4658e+00
-6.0000e+01 -1.0000e+02 -1.2359e+00
-6.0000e+01 -9.0000e+01 -6.9887e-01
-6.0000e+01 -8.0000e+01 -2.9815e+00
-6.0000e+01 -7.0000e+01 -5.8333e+00
-6.0000e+01 -6.0000e+01 -4.2389e+00
-6.0000e+01 -5.0000e+01 -6.3807e+00
-6.0000e+01 -4.0000e+01 -9.0619e+00
-6.0000e+01 -3.0000e+01 -8.1080e+00
-6.0000e+01 -2.0000e+01 -6.8136e+00
-6.0000e+01 -1.0000e+01 -8.7593e+00
-6.0000e+01 0.0000e+00 -7.7555e+00
-6.0000e+01 1.0000e+01 -7.5051e+00
-6.0000e+01 2.0000e+01 -8.4523e+00
-6.0000e+01 3.0000e+01 -5.6756e+00
-6.0000e+01 4.0000e+01 -3.8604e+00
-6.0000e+01 5.0000e+01 -3.5569e+00
-6.0000e+01 6.0000e+01 -4.1697e+00
-6.0000e+01 7.0000e+01 -5.4820e+00
-6.0000e+01 8.0000e+01 -5.5922e+00
-6.0000e+01 9.0000e+01 -3.5219e+00
-6.0000e+01 1.0000e+02 -2.8400e+00
-6.0000e+01 1.1000e+02 -1.2310e+00
-6.0000e+01 1.2000e+02 -4.2903e-01
-6.0000e+01 1.3000e+02 8.7624e-01
-6.0000e+01 1.4000e+02 2.3316e-01
-6.0000e+01 1.5000e+02 -1.0788e+00
-6.0000e+01 1.6000e+02 -2.2103e-01
-6.0000e+01 1.7000e+02 -5.2035e-01
-6.0000e+01 1.8000e+02 1.9825e+00
-6.0000e+01 1.9000e+02 -1.4015e+00
-6.0000e+01 2.0000e+02 1.6427e+00
-5.0000e+01 -2.0000e+02 4.1240e-01
-5.0000e+01 -1.9000e+02 2.4008e-01
-5.0000e+01 -1.8000e+02 1.4725e+00
-5.0000e+01 -1.7000e+02 -4.1723e-02
-5.0000e+01 -1.6000e+02 -7.5612e-01
-5.0000e+01 -1.5000e+02 4.7657e-01
-5.0000e+01 -1.4000e+02 -5.0287e-01
-5.0000e+01 -1.3000e+02 -1.8665e-01
-5.0000e+01 -1.2000e+02 -1.5692e+00
-5.0000e+01 -1.1000e+02 -4.7280e+00
-5.0000e+01 -1.0000e+02 -6.0430e-01
-5.0000e+01 -9.0000e+01 -2.7322e+00
-5.0000e+01 -8.0000e+01 -5.7068e+00
-5.0000e+01 -7.0000e+01 -2.7865e+00
-5.0000e+01 -6.0000e+01 -4.3253e+00
-5.0000e+01 -5.0000e+01 -1.0867e+01
-5.0000e+01 -4.0000e+01 -7.4127e+00
-5.0000e+01 -3.0000e+01 -7.7297e+00
-5.0000e+01 -2.0000e+01 -9.3141e+00
-5.0000e+01 -1.0000e+01 -1.2603e+01
-5.0000e+01 0.0000e+00 -9.4905e+00
-5.0000e+01 1.0000e+01 -1.1694e+01
-5.0000e+01 2.0000e+01 -1.1906e+01
-5.0000e+01 3.0000e+01 -6.5399e+00
-5.0000e+01 4.0000e+01 -5.2839e+00
-5.0000e+01 5.0000e+01 -6.0630e+00
-5.0000e+01 6.0000e+01 -6.2096e+00
-5.0000e+01 7.0000e+01 -6.3871e+00
-5.0000e+01 8.0000e+01 -1.9335e+00
-5.0000e+01 9.0000e+01 -1.7588e+00
-5.0000e+01 1.0000e+02 -2.4986e+00
-5.0000e+01 1.1000e+02 -2.1650e+00
-5.0000e+01 1.2000e+02 -1.3498e+00
-5.0000e+01 1.3000e+02 -3.7779e+00
-5.0000e+01 1.4000e+02 4.1798e+00
-5.0000e+01 1.5000e+02 8.2027e-01
-5.0000e+01 1.6000e+02 -1.1969e+00
-5.0000e+01 1.7000e+02 4.6720e-01
-5.0000e+01 1.8000e+02 -2.1560e-01
-5.0000e+01 1.9000e+02 1.5398e+00
-5.0000e+01 2.0000e+02 2.2158e+00
-4.0000e+01 -2.0000e+02 7.2600e-01
-4.0000e+01 -1.9000e+02 1.0629e+00
-4.0000e+01 -1.8000e+02 -6.9587e-01
-4.0000e+01 -1.7000e+02 1.6861e+00
-4.0000e+01 -1.6000e+02 -1.9016e-01
-4.0000e+01 -1.5000e+02 1.3268e+00
-4.0000e+01 -1.4000e+02 -3.3812e-01
-4.0000e+01 -1.3000e+02 -1.2346e+00
-4.0000e+01 -1.2000e+02 -1.3044e+00
-4.0000e+01 -1.1000e+02 -1.3492e+00
-4.0000e+01 -1.0000e+02 -4.0752e+00
-4.0000e+01 -9.0000e+01 -3.7004e+00
-4.0000e+01 -8.0000e+01 -3.4185e+00
-4.0000e+01 -7.0000e+01 -3.3120e+00
-4.0000e+01 -6.0000e+01 -5.8126e+00
-4.0000e+01 -5.0000e+01 -8.6902e+00
-4.0000e+01 -4.0000e+01 -6.9981e+00
-4.0000e+01 -3.0000e+01 -1.0917e+01
-4.0000e+01 -2.0000e+01 -1.0440e+01
-4.0000e+01 -1.0000e+01 -1.1180e+01
-4.0000e+01 0.0000e+00 -1.1424e+01
-4.0000e+01 1.0000e+01 -1.1156e+01
-4.0000e+01 2.0000e+01 -1.2119e+01
-4.0000e+01 3.0000e+01 -1.0833e+01
-4.0000e+01 4.0000e+01 -9.3909e+00
-4.0000e+01 5.0000e+01 -8.6133e+00
-4.0000e+01 6.0000e+01 -6.2180e+00
-4.0000e+01 7.0000e+01 -8.0760e+00
-4.0000e+01 8.0000e+01 -4.2542e+00
-4.0000e+01 9.0000e+01 -2.5207e+00
-4.0000e+01 1.0000e+02 -2.0403e+00
-4.0000e+01 1.1000e+02 -1.8376e+00
-4.0000e+01 1.2000e+02 -1.2123e+00
-4.0000e+01 1.3000e+02 -4.4973e-01
-4.0000e+01 1.4000e+02 -2.2839e+00
-4.0000e+01 1.5000e+02 2.5296e-01
-4.0000e+01 1.6000e+02 -1.1441e+00
-4.0000e+01 1.7000e+02 -1.5888e+00
-4.0000e+01 1.8000e+02 -2.2693e+00
-4.0000e+01 1.9000e+02 -1.0112e+00
-4.0000e+01 2.0000e+02 -2.3812e+00
-3.0000e+01 -2.0000e+02 -2.4017e-01
-3.0000e+01 -1.9000e+02 -1.6980e+00
-3.0000e+01 -1.8000e+02 2.8671e-01
-3.0000e+01 -1.7000e+02 -7.0188e-01
-3.0000e+01 -1.6000e+02 -1.7314e+00
-3.0000e+01 -1.5000e+02 -1.5353e+00
-3.0000e+01 -1.4000e+02 -1.5501e+00
-3.0000e+01 -1.3000e+02 -1.5943e+00
-3.0000e+01 -1.2000e+02 -4.9451e-01
-3.0000e+01 -1.1000e+02 -2.3119e+00
-3.0000e+01 -1.0000e+02 6.4674e-01
-3.0000e+01 -9.0000e+01 -2.1468e+00
-3.0000e+01 -8.0000e+01 -5.7896e+00
-3.0000e+01 -7.0000e+01 -4.7473e+00
-3.0000e+01 -6.0000e+01 -8.1128e+00
-3.0000e+01 -5.0000e+01 -1.1155e+01
-3.0000e+01 -4.0000e+01 -6.0108e+00
-3.0000e+01 -3.0000e+01 -9.5810e+00
-3.0000e+01 -2.0000e+01 -1.2287e+01
-3.0000e+01 -1.0000e+01 -1.1095e+01
-3.0000e+01 0.0000e+00 -1.2727e+01
-3.0000e+01 1.0000e+01 -1.2380e+01
-3.0000e+01 2.0000e+01 -1.5408e+01
-3.0000e+01 3.0000e+01 -1.5164e+01
-3.0000e+01 4.0000e+01 -1.0544e+01
-3.0000e+01 5.0000e+01 -7.6944e+00
-3.0000e+01 6.0000e+01 -6.3818e+00
-3.0000e+01 7.0000e+01 -8.2473e+00
-3.0000e+01 8.0000e+01 -4.6731e+00
-3.0000e+01 9.0000e+01 -1.6283e+00
-3.0000e+01 1.0000e+02 -1.3278e+00
-3.0000e+01 1.1000e+02 7.9023e-01
-3.0000e+01 1.2000e+02 -4.6186e-01
-3.0000e+01 1.3000e+02 8.5245e-01
-3.0000e+01 1.4000e+02 5.1645e-02
-3.0000e+01 1.5000e+02 -3.5377e-01
-3.0000e+01 1.6000e+02 -1.2294e+00
-3.0000e+01 1.7000e+02 -6.1183e-01
-3.0000e+01 1.8000e+02 8.4256e-01
-3.0000e+01 1.9000e+02 -9.8789e-01
-3.0000e+01 2.0000e+02 -1.2526e+00
-2.0000e+01 -2.0000e+02 -7.2440e-01
-2.0000e+01 -1.9000e+02 3.2555e-01
-2.0000e+01 -1.8000e+02 -9.1446e-01
-2.0000e+01 -1.7000e+02 -8.4640e-01
-2.0000e+01 -1.6000e+02 -7.1641e-01
-2.0000e+01 -1.5000e+02 -1.1573e+00
-2.0000e+01 -1.4000e+02 -1.1860e+00
-2.0000e+01 -1.3000e+02 -2.9107e-01
-2.0000e+01 -1.2000e+02 -1.1463e+00
-2.0000e+01 -1.1000e+02 -3.7565e+00
-2.0000e+01 -1.0000e+02 -6.4158e+00
-2.0000e+01 -9.0000e+01 -2.1671e+00
-2.0000e+01 -8.0000e+01 -3.8210e+00
-2.0000e+01 -7.0000e+01 -5.3288e+00
-2.0000e+01 -6.0000e+01 -1.0231e+01
-2.0000e+01 -5.0000e+01 -9.7204e+00
-2.0000e+01 -4.0000e+01 -1.1734e+01
-2.0000e+01 -3.0000e+01 -1.2702e+01
-2.0000e+01 -2.0000e+01 -1.3597e+01
-2.0000e+01 -1.0000e+01 -1.4521e+01
-2.0000e+01 0.0000e+00 -1.1913e+01
-2.0000e+01 1.0000e+01 -1.1551e+01
-2.0000e+01 2.0000e+01 -1.3249e+01
-2.0000e+01 3.0000e+01 -1.5215e+01
-2.0000e+01 4.0000e+01 -8.9827e+00
-2.0000e+01 5.0000e+01 -9.7411e+00
-2.0000e+01 6.0000e+01 -7.6564e+00
-2.0000e+01 7.0000e+01 -5.7606e+00
-2.0000e+01 8.0000e+01 -4.0904e+00
-2.0000e+01 9.0000e+01 -2.8907e+00
-2.0000e+01 1.0000e+02 -7.0980e-01
-2.0000e+01 1.1000e+02 -6.6418e-01
-2.0000e+01 1.2000e+02 1.6604e+00
-2.0000e+01 1.3000e+02 -1.6185e-01
-2.0000e+01 1.4000e+02 -8.6759e-01
-2.0000e+01 1.5000e+02 4.9390e-02
-2.0000e+01 1.6000e+02 -7.0949e-01
-2.0000e+01 1.7000e+02 -3.4209e+00
-2.0000e+01 1.8000e+02 -4.7856e-01
-2.0000e+01 1.9000e+02 3.0219e+00
-2.0000e+01 2.0000e+02 -2.7277e-02
-1.0000e+01 -2.0000e+02 2.3039e+00
-1.0000e+01 -1.9000e+02 1.2916e+00
-1.0000e+01 -1.8000e+02 -1.3888e+00
-1.0000e+01 -1.7000e+02 -1.0840e+00
-1.0000e+01 -1.6000e+02 -3.5036e-01
-1.0000e+01 -1.5000e+02 2.9670e-01
-1.0000e+01 -1.4000e+02 -4.1920e-01
-1.0000e+01 -1.3000e+02 -1.3087e-01
-1.0000e+01 -1.2000e+02 -2.1041e+00
-1.0000e+01 -1.1000e+02 -1.6635e+00
-1.0000e+01 -1.0000e+02 -4.2465e+00
-1.0000e+01 -9.0000e+01 -4.6886e+00
-1.0000e+01 -8.0000e+01 -5.5534e+00
-1.0000e+01 -7.0000e+01 -6.2672e+00
-1.0000e+01 -6.0000e+01 -7.6205e+00
-1.0000e+01 -5.0000e+01 -1.0533e+01
-1.0000e+01 -4.0000e+01 -1.2457e+01
-1.0000e+01 -3.0000e+01 -1.2738e+01
-1.0000e+01 -2.0000e+01 -1.4615e+01
-1.0000e+01 -1.0000e+01 -1.5905e+01
-1.0000e+01 0.0000e+00 -1.5694e+01
-1.0000e+01 1.0000e+01 -1.5441e+01
-1.0000e+01 2.0000e+01 -1.5894e+01
-1.0000e+01 3.0000e+01 -1.2825e+01
-1.0000e+01 4.0000e+01 -1.4319e+01
-1.0000e+01 5.0000e+01 -1.1947e+01
-1.0000e+01 6.0000e+01 -8.3016e+00
-1.0000e+01 7.0000e+01 -5.2300e+00
-1.0000e+01 8.0000e+01 -5.2633e+00
-1.0000e+01 9.0000e+01 -4.2792e+00
-1.0000e+01 1.0000e+02 -5.7303e+00
-1.0000e+01 1.1000e+02 -1.0005e+00
-1.0000e+01 1.2000e+02 -1.1210e+00
-1.0000e+01 1.3000e+02 -2.9624e+00
-1.0000e+01 1.4000e+02 -1.0409e+00
-1.0000e+01 1.5000e+02 1.1813e+00
-1.0000e+01 1.6000e+02 2.0632e+00
-1.0000e+01 1.7000e+02 1.5753e+00
-1.0000e+01 1.8000e+02 1.8432e+00
-1.0000e+01 1.9000e+02 -1.2155e+00
-1.0000e+01 2.0000e+02 -1.8280e+00
0.0000e+00 -2.0000e+02 3.0188e-01
0.0000e+00 -1.9000e+02 1.7605e+00
0.0000e+00 -1.8000e+02 1.0331e+00
0.0000e+00 -1.7000e+02 2.2956e+00
0.0000e+00 -1.6000e+02 7.9904e-01
0.0000e+00 -1.5000e+02 1.4908e+00
0.0000e+00 -1.4000e+02 1.3159e+00
0.0000e+00 -1.3000e+02 -1.6181e+00
0.0000e+00 -1.2000e+02 -5.5619e+00
0.0000e+00 -1.1000e+02 8.6802e-01
0.0000e+00 -1.0000e+02 -5.3030e+00
0.0000e+00 -9.0000e+01 -6.1735e+00
0.0000e+00 -8.0000e+01 -5.6302e+00
0.0000e+00 -7.0000e+01 -7.0577e+00
0.0000e+00 -6.0000e+01 -7.2755e+00
0.0000e+00 -5.0000e+01 -8.4400e+00
0.0000e+00 -4.0000e+01 -1.0662e+01
0.0000e+00 -3.0000e+01 -1.5871e+01
0.0000e+00 -2.0000e+01 -1.6056e+01
0.0000e+00 -1.0000e+01 -1.4254e+01
0.0000e+00 0.0000e+00 -1.7227e+01
0.0000e+00 1.0000e+01 -1.2600e+01
0.0000e+00 2.0000e+01 -1.4040e+01
0.0000e+00 3.0000e+01 -1.1677e+01
0.0000e+00 4.0000e+01 -1.3151e+01
0.0000e+00 5.0000e+01 -1.1174e+01
0.0000e+00 6.0000e+01 -9.0692e+00
0.0000e+00 7.0000e+01 -9.9414e+00
0.0000e+00 8.0000e+01 -3.2521e+00
0.0000e+00 9.0000e+01 -5.5933e+00
0.0000e+00 1.0000e+02 -6.0263e+00
0.0000e+00 1.1000e+02 -3.6408e+00
0.0000e+00 1.2000e+02 6.0232e-01
0.0000e+00 1.3000e+02 2.3030e-01
0.0000e+00 1.4000e+02 -1.2918e+00
0.0000e+00 1.5000e+02 -3.7943e-01
0.0000e+00 1.6000e+02 -2.3634e+00
0.0000e+00 1.7000e+02 1.9354e-01
0.0000e+00 1.8000e+02 5.7963e-01
0.0000e+00 1.9000e+02 2.1040e+00
0.0000e+00 2.0000e+02 1.2660e+00
1.0000e+01 -2.0000e+02 7.9697e-01
1.0000e+01 -1.9000e+02 -1.1842e-01
1.0000e+01 -1.8000e+02 4.9097e-01
1.0000e+01 -1.7000e+02 -9.7422e-01
1.0000e+01 -1.6000e+02 1.3260e+00
1.0000e+01 -1.5000e+02 2.7393e+00
1.0000e+01 -1.4000e+02 -3.1712e-01
1.0000e+01 -1.3000e+02 -1.6899e+00
1.0000e+01 -1.2000e+02 -2.6995e-01
1.0000e+01 -1.1000e+02 -1.9688e+00
1.0000e+01 -1.0000e+02 -4.2007e+00
1.0000e+01 -9.0000e+01 -9.4365e-01
1.0000e+01 -8.0000e+01 -7.5626e+00
1.0000e+01 -7.0000e+01 -8.8731e+00
1.0000e+01 -6.0000e+01 -6.1652e+00
1.0000e+01 -5.0000e+01 -8.9582e+00
1.0000e+01 -4.0000e+01 -1.1517e+01
1.0000e+01 -3.0000e+01 -1.5408e+01
1.0000e+01 -2.0000e+01 -1.0083e+01
1.0000e+01 -1.0000e+01 -1.6068e+01
1.0000e+01 0.0000e+00 -1.1645e+01
1.0000e+01 1.0000e+01 -1.4595e+01
1.0000e+01 2.0000e+01 -1.4214e+01
1.0000e+01 3.0000e+01 -1.0520e+01
1.0000e+01 4.0000e+01 -1.1720e+01
1.0000e+01 5.0000e+01 -1.0079e+01
1.0000e+01 6.0000e+01 -1.0275e+01
1.0000e+01 7.0000e+01 -7.8349e+00
1.0000e+01 8.0000e+01 -3.6345e+00
1.0000e+01 9.0000e+01 -4.0658e+00
1.0000e+01 1.0000e+02 -4.1531e-06
1.0000e+01 1.1000e+02 -1.1651e+00
1.0000e+01 1.2000e+02 7.0321e-01
1.0000e+01 1.3000e+02 1.5714e-01
1.0000e+01 1.4000e+02 -3.5533e+00
1.0000e+01 1.5000e+02 -2.5567e+00
1.0000e+01 1.6000e+02 -6.3209e-01
1.0000e+01 1.7000e+02 -1.0821e+00
1.0000e+01 1.8000e+02 3.0390e-01
1.0000e+01 1.9000e+02 3.0970e-01
1.0000e+01 2.0000e+02 5.3010e-01
2.0000e+01 -2.0000e+02 -1.5636e+00
2.0000e+01 -1.9000e+02 -1.1520e-01
2.0000e+01 -1.8000e+02 4.0820e+00
2.0000e+01 -1.7000e+02 2.8697e+00
2.0000e+01 -1.6000e+02 -5.8762e-01
2.0000e+01 -1.5000e+02 1.7772e+00
2.0000e+01 -1.4000e+02 -6.6280e-01
2.0000e+01 -1.3000e+02 -2.7504e-01
2.0000e+01 -1.2000e+02 -2.7288e+00
2.0000e+01 -1.1000e+02 -1.2551e+00
2.0000e+01 -1.0000e+02 -2.0797e+00
2.0000e+01 -9.0000e+01 -2.7130e+00
2.0000e+01 -8.0000e+01 -3.1449e+00
2.0000e+01 -7.0000e+01 -6.3825e+00
2.0000e+01 -6.0000e+01 -6.1245e+00
2.0000e+01 -5.0000e+01 -1.0367e+01
2.0000e+01 -4.0000e+01 -8.1391e+00
2.0000e+01 -3.0000e+01 -1.2602e+01
2.0000e+01 -2.0000e+01 -1.2786e+01
2.0000e+01 -1.0000e+01 -1.5321e+01
2.0000e+01 0.0000e+00 -1.3543e+01
2.0000e+01 1.0000e+01 -1.1963e+01
2.0000e+01 2.0000e+01 -1.3675e+01
2.0000e+01 3.0000e+01 -1.3620e+01
2.0000e+01 4.0000e+01 -1.1198e+01
2.0000e+01 5.0000e+01 -9.3191e+00
2.0000e+01 6.0000e+01 -9.3449e+00
2.0000e+01 7.0000e+01 -5.9834e+00
2.0000e+01 8.0000e+01 -3.3858e+00
2.0000e+01 9.0000e+01 -1.4151e+00
2.0000e+01 1.0000e+02 -4.8898e+00
2.0000e+01 1.1000e+02 -2.9533e+00
2.0000e+01 1.2000e+02 -2.7476e+00
2.0000e+01 1.3000e+02 9.0812e-01
2.0000e+01 1.4000e+02 4.5936e-01
2.0000e+01 1.5000e+02 -7.7437e-01
2.0000e+01 1.6000e+02 -1.1090e+00
2.0000e+01 1.7000e+02 -1.6094e+00
2.0000e+01 1.8000e+02 -1.6788e+00
2.0000e+01 1.9000e+02 1.7663e-01
2.0000e+01 2.0000e+02 2.6406e+00
3.0000e+01 -2.0000e+02 -2.4258e+00
3.0000e+01 -1.9000e+02 -3.2185e-01
3.0000e+01 -1.8000e+02 1.4892e+00
3.0000e+01 -1.7000e+02 -1.0985e+00
3.0000e+01 -1.6000e+02 -1.2882e+00
3.0000e+01 -1.5000e+02 -1.0708e-01
3.0000e+01 -1.4000e+02 -9.3469e-01
3.0000e+01 -1.3000e+02 4.9922e-01
3.0000e+01 -1.2000e+02 -7.6901e-01
3.0000e+01 -1.1000e+02 -3.5509e+00
3.0000e+01 -1.0000e+02 -4.1191e+00
3.0000e+01 -9.0000e+01 -2.9020e+00
3.0000e+01 -8.0000e+01 -3.7053e+00
3.0000e+01 -7.0000e+01 -6.1082e+00
3.0000e+01 -6.0000e+01 -9.6371e+00
3.0000e+01 -5.0000e+01 -7.3766e+00
3.0000e+01 -4.0000e+01 -1.1419e+01
3.0000e+01 -3.0000e+01 -1.2463e+01
3.0000e+01 -2.0000e+01 -1.1052e+01
3.0000e+01 -1.0000e+01 -1.1893e+01
3.0000e+01 0.0000e+00 -1.3522e+01
3.0000e+01 1.0000e+01 -1.3175e+01
3.0000e+01 2.0000e+01 -1.2620e+01
3.0000e+01 3.0000e+01 -1.1332e+01
3.0000e+01 4.0000e+01 -9.1951e+00
3.0000e+01 5.0000e+01 -7.3714e+00
3.0000e+01 6.0000e+01 -6.5144e+00
3.0000e+01 7.0000e+01 -8.0589e+00
3.0000e+01 8.0000e+01 -5.0465e+00
3.0000e+01 9.0000e+01 -6.1919e+00
3.0000e+01 1.0000e+02 -2.0907e+00
3.0000e+01 1.1000e+02 1.1089e+00
3.0000e+01 1.2000e+02 -1.9665e+00
3.0000e+01 1.3000e+02 -2.4645e+00
3.0000e+01 1.4000e+02 -3.1870e-01
3.0000e+01 1.5000e+02 2.6566e+00
3.0000e+01 1.6000e+02 -6.9805e-02
3.0000e+01 1.7000e+02 5.0467e-01
3.0000e+01 1.8000e+02 -3.9385e+00
3.0000e+01 1.9000e+02 -6.7558e-02
3.0000e+01 2.0000e+02 4.7410e-01
4.0000e+01 -2.0000e+02 1.8577e+00
4.0000e+01 -1.9000e+02 -4.1705e-02
4.0000e+01 -1.8000e+02 1.2615e+00
4.0000e+01 -1.7000e+02 3.9667e-01
4.0000e+01 -1.6000e+02 -9.0171e-01
4.0000e+01 -1.5000e+02 -7.3450e-01
4.0000e+01 -1.4000e+02 -2.8010e+00
4.0000e+01 -1.3000e+02 -2.3509e+00
4.0000e+01 -1.2000e+02 -1.1943e+00
4.0000e+01 -1.1000e+02 2.8364e-01
4.0000e+01 -1.0000e+02 -2.3900e+00
4.0000e+01 -9.0000e+01 -8.0579e+00
4.0000e+01 -8.0000e+01 -4.9656e+00
4.0000e+01 -7.0000e+01 -3.9536e+00
4.0000e+01 -6.0000e+01 -8.0355e+00
4.0000e+01 -5.0000e+01 -7.1319e+00
4.0000e+01 -4.0000e+01 -8.4250e+00
4.0000e+01 -3.0000e+01 -1.1489e+01
4.0000e+01 -2.0000e+01 -1.1120e+01
4.0000e+01 -1.0000e+01 -1.3910e+01
4.0000e+01 0.0000e+00 -1.0094e+01
4.0000e+01 1.0000e+01 -1.1907e+01
4.0000e+01 2.0000e+01 -1.0187e+01
4.0000e+01 3.0000e+01 -9.0874e+00
4.0000e+01 4.0000e+01 -9.7255e+00
4.0000e+01 5.0000e+01 -6.9708e+00
4.0000e+01 6.0000e+01 -4.3019e+00
4.0000e+01 7.0000e+01 -6.4952e+00
4.0000e+01 8.0000e+01 -6.4161e+00
4.0000e+01 9.0000e+01 -5.5502e-01
4.0000e+01 1.0000e+02 -4.9767e-01
4.0000e+01 1.1000e+02 -1.2597e+00
4.0000e+01 1.2000e+02 -1.4985e+00
4.0000e+01 1.3000e+02 2.0520e+00
4.0000e+01 1.4000e+02 -2.3940e+00
4.0000e+01 1.5000e+02 -1.4978e+00
4.0000e+01 1.6000e+02 -5.9324e-01
4.0000e+01 1.7000e+02 1.2875e+00
4.0000e+01 1.8000e+02 -1.3405e+00
4.0000e+01 1.9000e+02 1.7650e+00
4.0000e+01 2.0000e+02 -1.4276e+00
5.0000e+01 -2.0000e+02 4.7302e-01
5.0000e+01 -1.9000e+02 -7.6487e-01
5.0000e+01 -1.8000e+02 -5.0417e-01
5.0000e+01 -1.7000e+02 2.5224e-01
5.0000e+01 -1.6000e+02 4.0358e-01
5.0000e+01 -1.5000e+02 -2.9128e+00
5.0000e+01 -1.4000e+02 -9.3245e-01
5.0000e+01 -1.3000e+02 -6.4405e-01
5.0000e+01 -1.2000e+02 -2.5534e+00
5.0000e+01 -1.1000e+02 -2.0371e+00
5.0000e+01 -1.0000e+02 -2.6964e+00
5.0000e+01 -9.0000e+01 -1.6813e+00
5.0000e+01 -8.0000e+01 -4.4091e+00
5.0000e+01 -7.0000e+01 -4.9462e+00
5.0000e+01 -6.0000e+01 -5.9759e+00
5.0000e+01 -5.0000e+01 -5.3775e+00
5.0000e+01 -4.0000e+01 -5.5993e+00
5.0000e+01 -3.0000e+01 -7.0752e+00
5.0000e+01 -2.0000e+01 -1.0466e+01
5.0000e+01 -1.0000e+01 -7.5466e+00
5.0000e+01 0.0000e+00 -9.7650e+00
5.0000e+01 1.0000e+01 -7.5532e+00
5.0000e+01 2.0000e+01 -1.1251e+01
5.0000e+01 3.0000e+01 -9.9768e+00
5.0000e+01 4.0000e+01 -8.2966e+00
5.0000e+01 5.0000e+01 -4.8549e+00
5.0000e+01 6.0000e+01 -4.6100e+00
5.0000e+01 7.0000e+01 -4.7275e+00
5.0000e+01 8.0000e+01 -4.7105e+00
5.0000e+01 9.0000e+01 -1.6652e+00
5.0000e+01 1.0000e+02 -4.0967e+00
5.0000e+01 1.1000e+02 1.3059e+00
5.0000e+01 1.2000e+02 -2.3727e+00
5.0000e+01 1.3000e+02 -2.2508e+00
5.0000e+01 1.4000e+02 2.2333e+00
5.0000e+01 1.5000e+02 -1.3465e+00
5.0000e+01 1.6000e+02 1.6977e-01
5.0000e+01 1.7000e+02 6.4039e-01
5.0000e+01 1.8000e+02 2.0217e-01
5.0000e+01 1.9000e+02 3.1322e+00
5.0000e+01 2.0000e+02 7.0478e-01
6.0000e+01 -2.0000e+02 -1.3680e+00
6.0000e+01 -1.9000e+02 -2.0454e+00
6.0000e+01 -1.8000e+02 -1.2152e+00
6.0000e+01 -1.7000e+02 -2.2659e+00
6.0000e+01 -1.6000e+02 1.5181e+00
6.0000e+01 -1.5000e+02 -2.5503e+00
6.0000e+01 -1.4000e+02 -6.0224e-01
6.0000e+01 -1.3000e+02 1.9948e+00
6.0000e+01 -1.2000e+02 -1.0095e+00
6.0000e+01 -1.1000e+02 -1.2961e+00
6.0000e+01 -1.0000e+02 -8.0829e-01
6.0000e+01 -9.0000e+01 -2.4758e+00
6.0000e+01 -8.0000e+01 -5.4361e+00
6.0000e+01 -7.0000e+01 -5.9326e+00
6.0000e+01 -6.0000e+01 -3.5630e+00
6.0000e+01 -5.0000e+01 -7.3103e+00
6.0000e+01 -4.0000e+01 -8.1690e+00
6.0000e+01 -3.0000e+01 -7.9928e+00
6.0000e+01 -2.0000e+01 -4.6390e+00
6.0000e+01 -1.0000e+01 -8.4740e+00
6.0000e+01 0.0000e+00 -9.8943e+00
6.0000e+01 1.0000e+01 -8.1839e+00
6.0000e+01 2.0000e+01 -9.5499e+00
6.0000e+01 3.0000e+01 -7.9266e+00
6.0000e+01 4.0000e+01 -4.8643e+00
6.0000e+01 5.0000e+01 -4.7640e+00
6.0000e+01 6.0000e+01 -5.4940e+00
6.0000e+01 7.0000e+01 -6.3880e+00
6.0000e+01 8.0000e+01 -6.9109e-01
6.0000e+01 9.0000e+01 -4.0185e+00
6.0000e+01 1.0000e+02 -1.1666e+00
6.0000e+01 1.1000e+02 -1.1587e+00
6.0000e+01 1.2000e+02 5.0854e-01
6.0000e+01 1.3000e+02 -1.5599e+00
6.0000e+01 1.4000e+02 1.1785e+00
6.0000e+01 1.5000e+02 -1.0421e+00
6.0000e+01 1.6000e+02 1.2586e+00
6.0000e+01 1.7000e+02 -9.2611e-01
6.0000e+01 1.8000e+02 -1.1103e+00
6.0000e+01 1.9000e+02 -7.4083e-01
6.0000e+01 2.0000e+02 -2.7349e+00
7.0000e+01 -2.0000e+02 1.8669e+00
7.0000e+01 -1.9000e+02 -1.1909e+00
7.0000e+01 -1.8000e+02 -6.0474e-01
7.0000e+01 -1.7000e+02 5.1354e-01
7.0000e+01 -1.6000e+02 6.3803e-01
7.0000e+01 -1.5000e+02 -5.7921e-01
7.0000e+01 -1.4000e+02 -6.8158e-01
7.0000e+01 -1.3000e+02 2.2489e+00
7.0000e+01 -1.2000e+02 -2.6176e-01
7.0000e+01 -1.1000e+02 -2.5641e-01
7.0000e+01 -1.0000e+02 -3.1669e+00
7.0000e+01 -9.0000e+01 5.4994e-01
7.0000e+01 -8.0000e+01 -3.4106e+00
7.0000e+01 -7.0000e+01 -5.4436e+00
7.0000e+01 -6.0000e+01 -5.9484e+00
7.0000e+01 -5.0000e+01 -6.8021e+00
7.0000e+01 -4.0000e+01 -5.6988e+00
7.0000e+01 -3.0000e+01 -5.0878e+00
7.0000e+01 -2.0000e+01 -7.6001e+00
7.0000e+01 -1.0000e+01 -6.0639e+00
7.0000e+01 0.0000e+00 -3.8493e+00
7.0000e+01 1.0000e+01 -7.4196e+00
7.0000e+01 2.0000e+01 -8.1432e+00
7.0000e+01 3.0000e+01 -1.0163e+01
7.0000e+01 4.0000e+01 -5.6386e+00
7.0000e+01 5.0000e+01 -7.0350e+00
7.0000e+01 6.0000e+01 -5.4306e+00
7.0000e+01 7.0000e+01 -1.1237e+00
7.0000e+01 8.0000e+01 -3.2477e-01
7.0000e+01 9.0000e+01 -4.7425e-01
7.0000e+01 1.0000e+02 -9.8952e-01
7.0000e+01 1.1000e+02 -1.2088e+00
7.0000e+01 1.2000e+02 1.4598e-01
7.0000e+01 1.3000e+02 -8.0526e-01
7.0000e+01 1.4000e+02 -1.3149e+00
7.0000e+01 1.5000e+02 1.4370e+00
7.0000e+01 1.6000e+02 -6.7846e-01
7.0000e+01 1.7000e+02 3.0558e+00
7.0000e+01 1.8000e+02 1.0089e+00
7.0000e+01 1.9000e+02 -9.6753e-01
7.0000e+01 2.0000e+02 1.8829e+00
8.0000e+01 -2.0000e+02 -2.5256e-01
8.0000e+01 -1.9000e+02 -1.4430e+00
8.0000e+01 -1.8000e+02 -5.2467e-01
8.0000e+01 -1.7000e+02 -1.7997e+00
8.0000e+01 -1.6000e+02 2.4645e-01
8.0000e+01 -1.5000e+02 1.5688e+00
8.0000e+01 -1.4000e+02 3.6040e-01
8.0000e+01 -1.3000e+02 -5.3739e-01
8.0000e+01 -1.2000e+02 1.1523e+00
8.0000e+01 -1.1000e+02 4.9205e-01
8.0000e+01 -1.0000e+02 -1.1478e+00
8.0000e+01 -9.0000e+01 -1.9914e+00
8.0000e+01 -8.0000e+01 7.3247e-02
8.0000e+01 -7.0000e+01 -4.1372e+00
8.0000e+01 -6.0000e+01 -2.1665e+00
8.0000e+01 -5.0000e+01 -3.8284e+00
8.0000e+01 -4.0000e+01 -4.1347e+00
8.0000e+01 -3.0000e+01 -5.5684e+00
8.0000e+01 -2.0000e+01 -7.5268e+00
8.0000e+01 -1.0000e+01 -4.9178e+00
8.0000e+01 0.0000e+00 -5.1133e+00
8.0000e+01 1.0000e+01 -6.3107e+00
8.0000e+01 2.0000e+01 -3.6387e+00
8.0000e+01 3.0000e+01 -4.5600e+00
8.0000e+01 4.0000e+01 -2.6980e+00
8.0000e+01 5.0000e+01 -4.1259e+00
8.0000e+01 6.0000e+01 -3.7651e+00
8.0000e+01 7.0000e+01 -3.8617e+00
8.0000e+01 8.0000e+01 -2.6827e+00
8.0000e+01 9.0000e+01 -9.0361e-01
8.0000e+01 1.0000e+02 -2.4167e-01
8.0000e+01 1.1000e+02 -1.6896e+00
8.0000e+01 1.2000e+02 8.7197e-01
8.0000e+01 1.3000e+02 -3.4776e+00
8.0000e+01 1.4000e+02 1.3305e+00
8.0000e+01 1.5000e+02 2.6936e+00
8.0000e+01 1.6000e+02 -8.2208e-01
8.0000e+01 1.7000e+02 3.1610e+00
8.0000e+01 1.8000e+02 2.3219e+00
8.0000e+01 1.9000e+02 -1.5157e+00
8.0000e+01 2.0000e+02 9.6084e-01
9.0000e+01 -2.0000e+02 -4.3059e-01
9.0000e+01 -1.9000e+02 1.5832e+00
9.0000e+01 -1.8000e+02 -4.1106e+00
9.0000e+01 -1.7000e+02 -2.2652e+00
9.0000e+01 -1.6000e+02 1.7888e+00
9.0000e+01 -1.5000e+02 -8.9098e-01
9.0000e+01 -1.4000e+02 -3.3922e-01
9.0000e+01 -1.3000e+02 -9.5082e-01
9.0000e+01 -1.2000e+02 1.1703e-02
9.0000e+01 -1.1000e+02 -2.1560e+00
9.0000e+01 -1.0000e+02 -5.0125e-01
9.0000e+01 -9.0000e+01 -1.5276e+00
9.0000e+01 -8.0000e+01 -2.4206e+00
9.0000e+01 -7.0000e+01 -3.7402e+00
9.0000e+01 -6.0000e+01 -2.3143e+00
9.0000e+01 -5.0000e+01 -1.0676e-01
9.0000e+01 -4.0000e+01 -3.0086e+00
9.0000e+01 -3.0000e+01 -4.0135e+00
9.0000e+01 -2.0000e+01 -4.9749e-01
9.0000e+01 -1.0000e+01 -2.9641e+00
9.0000e+01 0.0000e+00 -1.4765e+00
9.0000e+01 1.0000e+01 -5.4661e+00
9.0000e+01 2.0000e+01 -2.6743e+00
9.0000e+01 3.0000e+01 -2.9384e+00
9.0000e+01 4.0000e+01 -2.2695e+00
9.0000e+01 5.0000e+01 -6.3305e+00
9.0000e+01 6.0000e+01 -5.8618e+00
9.0000e+01 7.0000e+01 -2.5231e+00
9.0000e+01 8.0000e+01 -1.3820e+00
9.0000e+01 9.0000e+01 5.1673e-02
9.0000e+01 1.0000e+02 -5.3293e+00
9.0000e+01 1.1000e+02 -1.6151e+00
9.0000e+01 1.2000e+02 -1.1702e+00
9.0000e+01 1.3000e+02 -2.0810e+00
9.0000e+01 1.4000e+02 -3.2759e+00
9.0000e+01 1.5000e+02 -6.5055e-02
9.0000e+01 1.6000e+02 2.2491e+00
9.0000e+01 1.7000e+02 2.0241e+00
9.0000e+01 1.8000e+02 -1.3611e+00
9.0000e+01 1.9000e+02 2.6119e+00
9.0000e+01 2.0000e+02 1.8171e+00
1.0000e+02 -2.0000e+02 -1.0259e+00
1.0000e+02 -1.9000e+02 -2.7073e+00
1.0000e+02 -1.8000e+02 2.6352e-01
1.0000e+02 -1.7000e+02 2.2692e+00
1.0000e+02 -1.6000e+02 1.5082e+00
1.0000e+02 -1.5000e+02 9.2294e-01
1.0000e+02 -1.4000e+02 -7.5193e-02
1.0000e+02 -1.3000e+02 -2.6002e+00
1.0000e+02 -1.2000e+02 -1.2570e+00
1.0000e+02 -1.1000e+02 6.4217e-01
1.0000e+02 -1.0000e+02 1.2028e+00
1.0000e+02 -9.0000e+01 -3.9085e+00
1.0000e+02 -8.0000e+01 -2.6736e+00
1.0000e+02 -7.0000e+01 -1.7607e+00
1.0000e+02 -6.0000e+01 -2.5020e-01
1.0000e+02 -5.0000e+01 -4.0736e+00
1.0000e+02 -4.0000e+01 -2.9649e+00
1.0000e+02 -3.0000e+01 -5.0288e+00
1.0000e+02 -2.0000e+01 -4.6617e+00
1.0000e+02 -1.0000e+01 -1.5176e+00
1.0000e+02 0.0000e+00 -4.4390e+00
1.0000e+02 1.0000e+01 1.7446e+00
1.0000e+02 2.0000e+01 -1.1569e-01
1.0000e+02 3.0000e+01 -3.3114e+00
1.0000e+02 4.0000e+01 -5.1252e+00
1.0000e+02 5.0000e+01 -2.3446e+00
1.0000e+02 6.0000e+01 9.3838e-01
1.0000e+02 7.0000e+01 -4.3367e+00
1.0000e+02 8.0000e+01 -7.1409e-01
1.0000e+02 9.0000e+01 -2.3297e+00
1.0000e+02 1.0000e+02 -1.3449e+00
1.0000e+02 1.1000e+02 2.7523e+00
1.0000e+02 1.2000e+02 -5.6664e-01
1.0000e+02 1.3000e+02 -1.8997e-01
1.0000e+02 1.4000e+02 2.0931e+00
1.0000e+02 1.5000e+02 7.4486e-01
1.0000e+02 1.6000e+02 -1.7161e+00
1.0000e+02 1.7000e+02 -4.6289e-01
1.0000e+02 1.8000e+02 8.0623e-01
1.0000e+02 1.9000e+02 4.2864e+00
1.0000e+02 2.0000e+02 1.7785e+00
1.1000e+02 -2.0000e+02 3.4262e-01
1.1000e+02 -1.9000e+02 -5.3254e-01
1.1000e+02 -1.8000e+02 -1.6868e+00
1.1000e+02 -1.7000e+02 2.6637e+00
1.1000e+02 -1.6000e+02 1.3939e+00
1.1000e+02 -1.5000e+02 3.3132e-01
1.1000e+02 -1.4000e+02 1.2054e+00
1.1000e+02 -1.3000e+02 1.6813e+00
1.1000e+02 -1.2000e+02 -6.4895e-01
1.1000e+02 -1.1000e+02 6.5404e-01
1.1000e+02 -1.0000e+02 -2.1752e+00
1.1000e+02 -9.0000e+01 -1.6386e+00
1.1000e+02 -8.0000e+01 -1.6656e+00
1.1000e+02 -7.0000e+01 -7.4684e-01
1.1000e+02 -6.0000e+01 -1.2964e+00
1.1000e+02 -5.0000e+01 5.7514e-02
1.1000e+02 -4.0000e+01 -1.1726e+00
1.1000e+02 -3.0000e+01 -2.3553e+00
1.1000e+02 -2.0000e+01 -4.8449e+00
1.1000e+02 -1.0000e+01 -3.0646e-01
1.1000e+02 0.0000e+00 -7.9700e-01
1.1000e+02 1.0000e+01 -2.0030e+00
1.1000e+02 2.0000e+01 -8.4761e-01
1.1000e+02 3.0000e+01 -1.5503e-01
1.1000e+02 4.0000e+01 -2.1316e+00
1.1000e+02 5.0000e+01 -4.1201e+00
1.1000e+02 6.0000e+01 -1.1557e+00
1.1000e+02 7.0000e+01 -1.3930e+00
1.1000e+02 8.0000e+01 -1.2091e+00
1.1000e+02 9.0000e+01 -4.6872e+00
1.1000e+02 1.0000e+02 -1.2007e+00
1.1000e+02 1.1000e+02 1.7404e+00
1.1000e+02 1.2000e+02 -2.2332e+00
1.1000e+02 1.3000e+02 1.5988e+00
1.1000e+02 1.4000e+02 9.9840e-01
1.1000e+02 1.5000e+02 -1.3308e+00
1.1000e+02 1.6000e+02 -1.3246e+00
1.1000e+02 1.7000e+02 2.2927e+00
1.1000e+02 1.8000e+02 -5.2876e-01
1.1000e+02 1.9000e+02 -8.4108e-02
1.1000e+02 2.0000e+02 -1.6811e+00
1.2000e+02 -2.0000e+02 7.4701e-01
1.2000e+02 -1.9000e+02 -1.2246e-01
1.2000e+02 -1.8000e+02 8.6028e-01
1.2000e+02 -1.7000e+02 5.3018e-01
1.2000e+02 -1.6000e+02 -3.4267e-01
1.2000e+02 -1.5000e+02 -1.5731e+00
1.2000e+02 -1.4000e+02 1.7605e+00
1.2000e+02 -1.3000e+02 -1.0603e+00
1.2000e+02 -1.2000e+02 -6.3484e-01
1.2000e+02 -1.1000e+02 -2.7863e-01
1.2000e+02 -1.0000e+02 -1.7762e+00
1.2000e+02 -9.0000e+01 -1.1511e+00
1.2000e+02 -8.0000e+01 3.8262e-01
1.2000e+02 -7.0000e+01 8.1280e-01
1.2000e+02 -6.0000e+01 4.7425e-01
1.2000e+02 -5.0000e+01 3.1692e-01
1.2000e+02 -4.0000e+01 2.7197e-01
1.2000e+02 -3.0000e+01 -5.6815e-01
1.2000e+02 -2.0000e+01 -4.7345e+00
1.2000e+02 -1.0000e+01 -8.3251e-01
1.2000e+02 0.0000e+00 -1.7668e+00
1.2000e+02 1.0000e+01 2.9623e+00
1.2000e+02 2.0000e+01 -1.9288e+00
1.2000e+02 3.0000e+01 -7.8007e-01
1.2000e+02 4.0000e+01 6.6020e-01
1.2000e+02 5.0000e+01 -2.0053e+00
1.2000e+02 6.0000e+01 -2.7799e-02
1.2000e+02 7.0000e+01 -1.9409e+00
1.2000e+02 8.0000e+01 2.8276e-01
1.2000e+02 9.0000e+01 -6.7664e-01
1.2000e+02 1.0000e+02 1.1418e+00
1.2000e+02 1.1000e+02 1.4446e+00
1.2000e+02 1.2000e+02 -9.6836e-01
1.2000e+02 1.3000e+02 -1.8554e+00
1.2000e+02 1.4000e+02 9.0342e-01
1.2000e+02 1.5000e+02 2.8106e-01
1.2000e+02 1.6000e+02 5.5944e-01
1.2000e+02 1.7000e+02 -6.5715e-01
1.2000e+02 1.8000e+02 -1.6247e-01
1.2000e+02 1.9000e+02 -1.5837e+00
1.2000e+02 2.0000e+02 8.2864e-01
1.3000e+02 -2.0000e+02 -7.9118e-01
1.3000e+02 -1.9000e+02 1.2036e+00
1.3000e+02 -1.8000e+02 1.9190e+00
1.3000e+02 -1.7000e+02 -4.0670e-01
1.3000e+02 -1.6000e+02 7.8140e-01
1.3000e+02 -1.5000e+02 -2.1411e-01
1.3000e+02 -1.4000e+02 -1.4774e+00
1.3000e+02 -1.3000e+02 -1.3992e+00
1.3000e+02 -1.2000e+02 -2.8319e-02
1.3000e+02 -1.1000e+02 1.7220e+00
1.3000e+02 -1.0000e+02 -2.4099e-02
1.3000e+02 -9.0000e+01 2.6108e+00
1.3000e+02 -8.0000e+01 2.1478e+00
1.3000e+02 -7.0000e+01 3.4177e-01
1.3000e+02 -6.0000e+01 -3.5206e-01
1.3000e+02 -5.0000e+01 -4.9482e-01
1.3000e+02 -4.0000e+01 -2.5130e+00
1.3000e+02 -3.0000e+01 -2.6515e+00
1.3000e+02 -2.0000e+01 1.0031e+00
1.3000e+02 -1.0000e+01 -1.3472e+00
1.3000e+02 0.0000e+00 -1.9471e+00
1.3000e+02 1.0000e+01 -2.5559e+00
1.3000e+02 2.0000e+01 -3.9482e-01
1.3000e+02 3.0000e+01 1.1437e+00
1.3000e+02 4.0000e+01 1.0568e-01
1.3000e+02 5.0000e+01 8.7550e-01
1.3000e+02 6.0000e+01 -4.7537e-01
1.3000e+02 7.0000e+01 3.3495e+00
1.3000e+02 8.0000e+01 -1.5221e+00
1.3000e+02 9.0000e+01 -8.2052e-01
1.3000e+02 1.0000e+02 3.4325e-02
1.3000e+02 1.1000e+02 2.5683e-01
1.3000e+02 1.2000e+02 2.9072e-01
1.3000e+02 1.3000e+02 9.2205e-01
1.3000e+02 1.4000e+02 -1.3370e+00
1.3000e+02 1.5000e+02 -1.9788e-01
1.3000e+02 1.6000e+02 -1.2059e+00
1.3000e+02 1.7000e+02 -1.5647e+00
1.3000e+02 1.8000e+02 -1.0103e+00
1.3000e+02 1.9000e+02 -4.2574e+00
1.3000e+02 2.0000e+02 -2.5014e-01
1.4000e+02 -2.0000e+02 -1.7115e+00
1.4000e+02 -1.9000e+02 -9.6666e-01
1.4000e+02 -1.8000e+02 7.4537e-01
1.4000e+02 -1.7000e+02 4.4329e-01
1.4000e+02 -1.6000e+02 3.0906e-02
1.4000e+02 -1.5000e+02 -6.6519e-01
1.4000e+02 -1.4000e+02 -1.8486e+00
1.4000e+02 -1.3000e+02 -1.7340e-01
1.4000e+02 -1.2000e+02 -8.6368e-01
1.4000e+02 -1.1000e+02 1.7909e+00
1.4000e+02 -1.0000e+02 -7.3921e-02
1.4000e+02 -9.0000e+01 2.0363e+00
1.4000e+02 -8.0000e+01 -2.1032e+00
1.4000e+02 -7.0000e+01 -2.5157e+00
1.4000e+02 -6.0000e+01 -1.4996e+00
1.4000e+02 -5.0000e+01 -4.4723e-01
1.4000e+02 -4.0000e+01 -1.5965e+00
1.4000e+02 -3.0000e+01 -2.1238e+00
1.4000e+02 -2.0000e+01 1.6212e+00
1.4000e+02 -1.0000e+01 1.2233e+00
1.4000e+02 0.0000e+00 -1.5183e+00
1.4000e+02 1.0000e+01 1.6159e+00
1.4000e+02 2.0000e+01 -1.7419e+00
1.4000e+02 3.0000e+01 -3.0602e-01
1.4000e+02 4.0000e+01 -1.2872e+00
1.4000e+02 5.0000e+01 -3.4083e+00
1.4000e+02 6.0000e+01 2.4399e+00
1.4000e+02 7.0000e+01 8.8894e-01
1.4000e+02 8.0000e+01 -1.7990e+00
1.4000e+02 9.0000e+01 -1.5971e+00
1.4000e+02 1.0000e+02 -2.1425e+00
1.4000e+02 1.1000e+02 -2.4667e+00
1.4000e+02 1.2000e+02 2.2564e-01
1.4000e+02 1.3000e+02 1.7225e+00
1.4000e+02 1.4000e+02 -5.4418e-01
1.4000e+02 1.5000e+02 5.5397e-02
1.4000e+02 1.6000e+02 6.7861e-01
1.4000e+02 1.7000e+02 8.7261e-01
1.4000e+02 1.8000e+02 -8.9779e-01
1.4000e+02 1.9000e+02 -2.9872e+00
1.4000e+02 2.0000e+02 -6.6185e-01
1.5000e+02 -2.0000e+02 -1.0006e+00
1.5000e+02 -1.9000e+02 7.2389e-01
1.5000e+02 -1.8000e+02 -1.3404e+00
1.5000e+02 -1.7000e+02 1.6868e+00
1.5000e+02 -1.6000e+02 2.9259e+00
1.5000e+02 -1.5000e+02 5.3627e-02
1.5000e+02 -1.4000e+02 1.7715e+00
1.5000e+02 -1.3000e+02 2.8616e-01
1.5000e+02 -1.2000e+02 -2.4528e+00
1.5000e+02 -1.1000e+02 -1.0826e+00
1.5000e+02 -1.0000e+02 -1.0338e-01
1.5000e+02 -9.0000e+01 -1.0747e+00
1.5000e+02 -8.0000e+01 -7.4337e-01
1.5000e+02 -7.0000e+01 8.8563e-01
1.5000e+02 -6.0000e+01 -4.5198e+00
1.5000e+02 -5.0000e+01 -1.6623e+00
1.5000e+02 -4.0000e+01 -2.9466e+00
1.5000e+02 -3.0000e+01 -3.1367e+00
1.5000e+02 -2.0000e+01 -8.3643e-01
1.5000e+02 -1.0000e+01 -7.5955e-01
1.5000e+02 0.0000e+00 -3.0376e-01
1.5000e+02 1.0000e+01 -2.2656e+00
1.5000e+02 2.0000e+01 -3.3600e+00
1.5000e+02 3.0000e+01 2.9865e+00
1.5000e+02 4.0000e+01 -1.0292e+00
1.5000e+02 5.0000e+01 9.8684e-01
1.5000e+02 6.0000e+01 6.0506e-01
1.5000e+02 7.0000e+01 9.8686e-01
1.5000e+02 8.0000e+01 3.7007e+00
1.5000e+02 9.0000e+01 -1.0940e+00
1.5000e+02 1.0000e+02 -1.4115e+00
1.5000e+02 1.1000e+02 -1.1518e+00
1.5000e+02 1.2000e+02 1.1580e+00
1.5000e+02 1.3000e+02 -1.3752e+00
1.5000e+02 1.4000e+02 -3.4610e-01
1.5000e+02 1.5000e+02 -1.1305e+00
1.5000e+02 1.6000e+02 -1.5323e-01
1.5000e+02 1.7000e+02 1.4475e+00
1.5000e+02 1.8000e+02 -1.8845e+00
1.5000e+02 1.9000e+02 -1.8208e+00
1.5000e+02 2.0000e+02 1.0567e+00
1.6000e+02 -2.0000e+02 -1.9959e+00
1.6000e+02 -1.9000e+02 -2.2980e-01
1.6000e+02 -1.8000e+02 -7.2810e-01
1.6000e+02 -1.7000e+02 -3.7053e-01
1.6000e+02 -1.6000e+02 4.8226e-01
1.6000e+02 -1.5000e+02 -1.6953e+00
1.6000e+02 -1.4000e+02 1.5323e+00
1.6000e+02 -1.3000e+02 1.0480e+00
1.6000e+02 -1.2000e+02 4.2868e-01
1.6000e+02 -1.1000e+02 1.0709e+00
1.6000e+02 -1.0000e+02 7.1903e-01
1.6000e+02 -9.0000e+01 1.7100e-01
1.6000e+02 -8.0000e+01 -2.4297e+00
1.6000e+02 -7.0000e+01 1.5815e+00
1.6000e+02 -6.0000e+01 9.4313e-01
1.6000e+02 -5.0000e+01 -1.6848e+00
1.6000e+02 -4.0000e+01 -2.5163e+00
1.6000e+02 -3.0000e+01 3.2154e-01
1.6000e+02 -2.0000e+01 -3.8522e-01
1.6000e+02 -1.0000e+01 2.1122e-01
1.6000e+02 0.0000e+00 8.5964e-02
1.6000e+02 1.0000e+01 -7.9850e-01
1.6000e+02 2.0000e+01 8.4455e-01
1.6000e+02 3.0000e+01 2.9753e-01
1.6000e+02 4.0000e+01 -6.4284e-01
1.6000e+02 5.0000e+01 -1.3593e+00
1.6000e+02 6.0000e+01 2.6702e+00
1.6000e+02 7.0000e+01 3.9911e-01
1.6000e+02 8.0000e+01 -2.2684e+00
1.6000e+02 9.0000e+01 -3.3627e-01
1.6000e+02 1.0000e+02 -6.6098e-02
1.6000e+02 1.1000e+02 1.2009e+00
1.6000e+02 1.2000e+02 8.9882e-01
1.6000e+02 1.3000e+02 -7.3050e-01
1.6000e+02 1.4000e+02 1.0735e+00
1.6000e+02 1.5000e+02 1.8244e+00
1.6000e+02 1.6000e+02 -2.2011e+00
1.6000e+02 1.7000e+02 2.8154e+00
1.6000e+02 1.8000e+02 1.1292e+00
1.6000e+02 1.9000e+02 -3.1077e-01
1.6000e+02 2.0000e+02 2.3826e+00
1.7000e+02 -2.0000e+02 -2.5638e+00
1.7000e+02 -1.9000e+02 -2.4392e+00
1.7000e+02 -1.8000e+02 2.8971e-01
1.7000e+02 -1.7000e+02 -1.6275e+00
1.7000e+02 -1.6000e+02 -1.3122e-01
1.7000e+02 -1.5000e+02 1.6481e+00
1.7000e+02 -1.4000e+02 1.3302e+00
1.7000e+02 -1.3000e+02 -3.5105e-01
1.7000e+02 -1.2000e+02 7.3035e-01
1.7000e+02 -1.1000e+02 -8.3513e-01
1.7000e+02 -1.0000e+02 5.3400e-01
1.7000e+02 -9.0000e+01 5.9356e-01
1.7000e+02 -8.0000e+01 -1.9708e+00
1.7000e+02 -7.0000e+01 7.3797e-01
1.7000e+02 -6.0000e+01 -6.7331e-01
1.7000e+02 -5.0000e+01 7.5899e-01
1.7000e+02 -4.0000e+01 3.5986e+00
1.7000e+02 -3.0000e+01 2.8821e+00
1.7000e+02 -2.0000e+01 -2.1340e+00
1.7000e+02 -1.0000e+01 -1.4940e+00
1.7000e+02 0.0000e+00 2.5411e-01
1.7000e+02 1.0000e+01 -1.5252e+00
1.7000e+02 2.0000e+01 1.3571e+00
1.7000e+02 3.0000e+01 -1.7643e+00
1.7000e+02 4.0000e+01 1.5734e+00
1.7000e+02 5.0000e+01 1.8022e+00
1.7000e+02 6.0000e+01 1.9114e-01
1.7000e+02 7.0000e+01 1.5250e+00
1.7000e+02 8.0000e+01 -1.3442e+00
1.7000e+02 9.0000e+01 1.8419e+00
1.7000e+02 1.0000e+02 1.7641e+00
1.7000e+02 1.1000e+02 -1.3791e-01
1.7000e+02 1.2000e+02 -1.3049e+00
1.7000e+02 1.3000e+02 2.2053e+00
1.7000e+02 1.4000e+02 -3.4795e-01
1.7000e+02 1.5000e+02 5.8533e-01
1.7000e+02 1.6000e+02 1.7009e-01
1.7000e+02 1.7000e+02 -1.6591e+00
1.7000e+02 1.8000e+02 2.1687e+00
1.7000e+02 1.9000e+02 -9.0443e-01
1.7000e+02 2.0000e+02 3.0311e-01
1.8000e+02 -2.0000e+02 -2.1614e+00
1.8000e+02 -1.9000e+02 1.5496e+00
1.8000e+02 -1.8000e+02 -9.0788e-01
1.8000e+02 -1.7000e+02 -1.1027e+00
1.8000e+02 -1.6000e+02 -1.8512e-01
1.8000e+02 -1.5000e+02 -3.3529e+00
1.8000e+02 -1.4000e+02 4.8818e-03
1.8000e+02 -1.3000e+02 -1.2289e+00
1.8000e+02 -1.2000e+02 8.7137e-01
1.8000e+02 -1.1000e+02 -9.8863e-02
1.8000e+02 -1.0000e+02 -6.8862e-01
1.8000e+02 -9.0000e+01 1.5013e+00
1.8000e+02 -8.0000e+01 -4.5589e+00
1.8000e+02 -7.0000e+01 1.3244e+00
1.8000e+02 -6.0000e+01 -2.3437e+00
1.8000e+02 -5.0000e+01 2.3249e+00
1.8000e+02 -4.0000e+01 8.4524e-01
1.8000e+02 -3.0000e+01 -1.4113e-01
1.8000e+02 -2.0000e+01 2.0925e+00
1.8000e+02 -1.0000e+01 2.4926e+00
1.8000e+02 0.0000e+00 1.4101e+00
1.8000e+02 1.0000e+01 -1.8329e-01
1.8000e+02 2.0000e+01 2.2562e+00
1.8000e+02 3.0000e+01 1.0307e+00
1.8000e+02 4.0000e+01 1.0513e+00
1.8000e+02 5.0000e+01 6.1122e-01
1.8000e+02 6.0000e+01 -8.1292e-01
1.8000e+02 7.0000e+01 1.2055e+00
1.8000e+02 8.0000e+01 2.5777e+00
1.8000e+02 9.0000e+01 1.1516e+00
1.8000e+02 1.0000e+02 5.6485e-01
1.8000e+02 1.1000e+02 -4.5458e-01
1.8000e+02 1.2000e+02 2.1063e+00
1.8000e+02 1.3000e+02 2.3549e+00
1.8000e+02 1.4000e+02 -1.1635e+00
1.8000e+02 1.5000e+02 7.2440e-01
1.8000e+02 1.6000e+02 -1.7123e+00
1.8000e+02 1.7000e+02 3.3541e-01
1.8000e+02 1.8000e+02 -9.8132e-01
1.8000e+02 1.9000e+02 8.5810e-01
1.8000e+02 2.0000e+02 3.6723e-01
1.9000e+02 -2.0000e+02 1.7028e+00
1.9000e+02 -1.9000e+02 2.0708e+00
1.9000e+02 -1.8000e+02 -2.1459e+00
1.9000e+02 -1.7000e+02 1.3153e+00
1.9000e+02 -1.6000e+02 6.9211e-01
1.9000e+02 -1.5000e+02 3.9003e+00
1.9000e+02 -1.4000e+02 -2.0217e-01
1.9000e+02 -1.3000e+02 -1.2666e+00
1.9000e+02 -1.2000e+02 -1.4933e-01
1.9000e+02 -1.1000e+02 4.2837e-01
1.9000e+02 -1.0000e+02 -9.5260e-01
1.9000e+02 -9.0000e+01 9.9572e-01
1.9000e+02 -8.0000e+01 1.8779e+00
1.9000e+02 -7.0000e+01 2.1757e+00
1.9000e+02 -6.0000e+01 8.9911e-01
1.9000e+02 -5.0000e+01 6.0217e-02
1.9000e+02 -4.0000e+01 1.1717e+00
1.9000e+02 -3.0000e+01 1.5877e+00
1.9000e+02 -2.0000e+01 5.2845e-01
1.9000e+02 -1.0000e+01 -2.7763e-01
1.9000e+02 0.0000e+00 -3.8351e-01
1.9000e+02 1.0000e+01 9.8552e-01
1.9000e+02 2.0000e+01 3.8291e-02
1.9000e+02 3.0000e+01 5.0025e-01
1.9000e+02 4.0000e+01 -1.2252e+00
1.9000e+02 5.0000e+01 8.8117e-02
1.9000e+02 6.0000e+01 6.9116e-01
1.9000e+02 7.0000e+01 -1.3702e+00
1.9000e+02 8.0000e+01 -1.2021e+00
1.9000e+02 9.0000e+01 -1.9268e+00
1.9000e+02 1.0000e+02 1.2937e+00
1.9000e+02 1.1000e+02 1.3865e+00
1.9000e+02 1.2000e+02 8.2850e-01
1.9000e+02 1.3000e+02 1.3568e+00
1.9000e+02 1.4000e+02 1.7085e-01
1.9000e+02 1.5000e+02 -6.6561e-01
1.9000e+02 1.6000e+02 7.0248e-02
1.9000e+02 1.7000e+02 -1.1632e+00
1.9000e+02 1.8000e+02 9.3743e-01
1.9000e+02 1.9000e+02 1.1710e+00
1.9000e+02 2.0000e+02 -1.8356e+00
2.0000e+02 -2.0000e+02 1.6447e-01
2.0000e+02 -1.9000e+02 -1.0823e+00
2.0000e+02 -1.8000e+02 -5.5856e-02
2.0000e+02 -1.7000e+02 1.5833e+00
2.0000e+02 -1.6000e+02 1.6169e+00
2.0000e+02 -1.5000e+02 2.6497e+00
2.0000e+02 -1.4000e+02 -3.8424e+00
2.0000e+02 -1.3000e+02 2.8029e+00
2.0000e+02 -1.2000e+02 4.9269e-01
2.0000e+02 -1.1000e+02 -1.2005e+00
2.0000e+02 -1.0000e+02 -2.8368e+00
2.0000e+02 -9.0000e+01 -6.3133e-01
2.0000e+02 -8.0000e+01 2.5532e+00
2.0000e+02 -7.0000e+01 5.1879e-01
2.0000e+02 -6.0000e+01 8.2690e-01
2.0000e+02 -5.0000e+01 4.1035e+00
2.0000e+02 -4.0000e+01 -5.7715e-02
2.0000e+02 -3.0000e+01 -7.6779e-02
2.0000e+02 -2.0000e+01 1.1165e+00
2.0000e+02 -1.0000e+01 1.5979e+00
2.0000e+02 0.0000e+00 9.7119e-01
2.0000e+02 1.0000e+01 1.9032e+00
2.0000e+02 2.0000e+01 -1.8122e+00
2.0000e+02 3.0000e+01 3.7148e-01
2.0000e+02 4.0000e+01 -6.3225e-01
2.0000e+02 5.0000e+01 -2.6623e+00
2.0000e+02 6.0000e+01 -2.5165e+00
2.0000e+02 7.0000e+01 -1.0405e+00
2.0000e+02 8.0000e+01 1.1201e+00
2.0000e+02 9.0000e+01 -1.4555e+00
2.0000e+02 1.0000e+02 -1.3483e-01
2.0000e+02 1.1000e+02 1.5495e+00
2.0000e+02 1.2000e+02 5.5042e-01
2.0000e+02 1.3000e+02 -6.3076e-01
2.0000e+02 1.4000e+02 3.8229e-01
2.0000e+02 1.5000e+02 1.4884e+00
2.0000e+02 1.6000e+02 7.8804e-02
2.0000e+02 1.7000e+02 -1.8981e-01
2.0000e+02 1.8000e+02 -5.1881e-01
2.0000e+02 1.9000e+02 -8.0313e-01
2.0000e+02 2.0000e+02 -7.4836e-02
