-2.0000e+02 -2.0000e+02 5.8327e-01
-2.0000e+02 -1.9000e+02 -3.6401e-02
-2.0000e+02 -1.8000e+02 -3.3487e-01
-2.0000e+02 -1.7000e+02 7.8695e-01
-2.0000e+02 -1.6000e+02 -2.6985e+00
-2.0000e+02 -1.5000e+02 8.9932e-01
-2.0000e+02 -1.4000e+02 -2.1859e+00
-2.0000e+02 -1.3000e+02 7.9858e-01
-2.0000e+02 -1.2000e+02 6.5214e-01
-2.0000e+02 -1.1000e+02 6.8704e-02
-2.0000e+02 -1.0000e+02 -1.5380e+00
-2.0000e+02 -9.0000e+01 -9.6876e-01
-2.0000e+02 -8.0000e+01 -4.4654e-01
-2.0000e+02 -7.0000e+01 -1.4589e+00
-2.0000e+02 -6.0000e+01 9.2754e-01
-2.0000e+02 -5.0000e+01 2.5756e-01
-2.0000e+02 -4.0000e+01 -1.2193e+00
-2.0000e+02 -3.0000e+01 3.2419e-01
-2.0000e+02 -2.0000e+01 2.1091e-01
-2.0000e+02 -1.0000e+01 -2.7526e-01
-2.0000e+02 0.0000e+00 2.1350e+00
-2.0000e+02 1.0000e+01 -1.4506e+00
-2.0000e+02 2.0000e+01 -7.4509e-02
-2.0000e+02 3.0000e+01 -4.7305e-01
-2.0000e+02 4.0000e+01 -6.2071e-01
-2.0000e+02 5.0000e+01 1.7332e+00
-2.0000e+02 6.0000e+01 6.0581e-01
-2.0000e+02 7.0000e+01 7.2975e-02
-2.0000e+02 8.0000e+01 -7.3672e-01
-2.0000e+02 9.0000e+01 2.2108e+00
-2.0000e+02 1.0000e+02 1.2903e+00
-2.0000e+02 1.1000e+02 -5.5589e-01
-2.0000e+02 1.2000e+02 -6.2100e-01
-2.0000e+02 1.3000e+02 2.3705e+00
-2.0000e+02 1.4000e+02 -1.6734e+00
-2.0000e+02 1.5000e+02 -3.1872e+00
-2.0000e+02 1.6000e+02 2.7035e+00
-2.0000e+02 1.7000e+02 1.5117e+00
-2.0000e+02 1.8000e+02 -1.3217e+00
-2.0000e+02 1.9000e+02 -4.9392e-01
-2.0000e+02 2.0000e+02 -1.6398e+00
-1.9000e+02 -2.0000e+02 -1.3362e+00
-1.9000e+02 -1.9000e+02 -9.9457e-01
-1.9000e+02 -1.8000e+02 1.3656e+00
-1.9000e+02 -1.7000e+02 1.9606e+00
-1.9000e+02 -1.6000e+02 -3.0556e-01
-1.9000e+02 -1.5000e+02 -1.5591e+00
-1.9000e+02 -1.4000e+02 5.9966e-01
-1.9000e+02 -1.3000e+02 6.1176e-01
-1.9000e+02 -1.2000e+02 -1.0381e+00
-1.9000e+02 -1.1000e+02 8.8576e-01
-1.9000e+02 -1.0000e+02 -7.0645e-02
-1.9000e+02 -9.0000e+01 -2.5470e+00
-1.9000e+02 -8.0000e+01 4.6379e-01
-1.9000e+02 -7.0000e+01 7.3106e-01
-1.9000e+02 -6.0000e+01 -1.2794e+00
-1.9000e+02 -5.0000e+01 -2.5461e+00
-1.9000e+02 -4.0000e+01 -6.2213e-01
-1.9000e+02 -3.0000e+01 -2.1300e+00
-1.9000e+02 -2.0000e+01 9.4650e-01
-1.9000e+02 -1.0000e+01 4.0975e+00
-1.9000e+02 0.0000e+00 -3.3997e-01
-1.9000e+02 1.0000e+01 5.3357e-01
-1.9000e+02 2.0000e+01 4.8541e-01
-1.9000e+02 3.0000e+01 9.2302e-01
-1.9000e+02 4.0000e+01 -3.8678e-01
-1.9000e+02 5.0000e+01 -2.8144e-01
-1.9000e+02 6.0000e+01 6.8882e-01
-1.9000e+02 7.0000e+01 -1.6189e+00
-1.9000e+02 8.0000e+01 1.0747e+00
-1.9000e+02 9.0000e+01 8.8265e-01
-1.9000e+02 1.0000e+02 1.2449e+00
-1.9000e+02 1.1000e+02 1.9776e+00
-1.9000e+02 1.2000e+02 -1.0141e+00
-1.9000e+02 1.3000e+02 2.6439e-01
-1.9000e+02 1.4000e+02 9.2213e-02
-1.9000e+02 1.5000e+02 1.7521e+00
-1.9000e+02 1.6000e+02 1.8021e+00
-1.9000e+02 1.7000e+02 -2.4288e-01
-1.9000e+02 1.8000e+02 4.3003e-01
-1.9000e+02 1.9000e+02 -5.3965e-01
-1.9000e+02 2.0000e+02 1.4603e+00
-1.8000e+02 -2.0000e+02 2.9575e-01
-1.8000e+02 -1.9000e+02 2.5191e-01
-1.8000e+02 -1.8000e+02 3.6048e-01
-1.8000e+02 -1.7000e+02 1.2839e+00
-1.8000e+02 -1.6000e+02 -2.9480e-01
-1.8000e+02 -1.5000e+02 8.9559e-01
-1.8000e+02 -1.4000e+02 9.1167e-01
-1.8000e+02 -1.3000e+02 -1.7083e+00
-1.8000e+02 -1.2000e+02 1.6233e+00
-1.8000e+02 -1.1000e+02 -5.9351e-01
-1.8000e+02 -1.0000e+02 -1.1838e+00
-1.8000e+02 -9.0000e+01 -3.9839e-01
-1.8000e+02 -8.0000e+01 1.3922e+00
-1.8000e+02 -7.0000e+01 6.6808e-01
-1.8000e+02 -6.0000e+01 -2.0371e+00
-1.8000e+02 -5.0000e+01 6.7542e-01
-1.8000e+02 -4.0000e+01 2.4470e+00
-1.8000e+02 -3.0000e+01 1.2492e-01
-1.8000e+02 -2.0000e+01 -1.4584e-01
-1.8000e+02 -1.0000e+01 -3.7837e+00
-1.8000e+02 0.0000e+00 -3.3994e-01
-1.8000e+02 1.0000e+01 -6.4581e-01
-1.8000e+02 2.0000e+01 1.7522e-01
-1.8000e+02 3.0000e+01 -8.8290e-01
-1.8000e+02 4.0000e+01 -8.5875e-01
-1.8000e+02 5.0000e+01 -4.0413e-02
-1.8000e+02 6.0000e+01 5.0158e-01
-1.8000e+02 7.0000e+01 9.0545e-01
-1.8000e+02 8.0000e+01 3.5595e-01
-1.8000e+02 9.0000e+01 -1.9697e+00
-1.8000e+02 1.0000e+02 -1.5915e+00
-1.8000e+02 1.1000e+02 2.4082e+00
-1.8000e+02 1.2000e+02 1.0529e+00
-1.8000e+02 1.3000e+02 2.6227e-01
-1.8000e+02 1.4000e+02 1.5969e+00
-1.8000e+02 1.5000e+02 2.1527e+00
-1.8000e+02 1.6000e+02 2.4061e+00
-1.8000e+02 1.7000e+02 1.1662e+00
-1.8000e+02 1.8000e+02 1.6659e+00
-1.8000e+02 1.9000e+02 1.1162e+00
-1.8000e+02 2.0000e+02 7.1710e-01
-1.7000e+02 -2.0000e+02 2.5797e+00
-1.7000e+02 -1.9000e+02 -1.3511e+00
-1.7000e+02 -1.8000e+02 2.2620e+00
-1.7000e+02 -1.7000e+02 -8.4322e-01
-1.7000e+02 -1.6000e+02 -6.7197e-01
-1.7000e+02 -1.5000e+02 9.5920e-01
-1.7000e+02 -1.4000e+02 2.4900e+00
-1.7000e+02 -1.3000e+02 -1.2132e-01
-1.7000e+02 -1.2000e+02 -1.7282e+00
-1.7000e+02 -1.1000e+02 2.3695e-01
-1.7000e+02 -1.0000e+02 -3.4365e+00
-1.7000e+02 -9.0000e+01 -1.4378e+00
-1.7000e+02 -8.0000e+01 1.0271e+00
-1.7000e+02 -7.0000e+01 -4.4738e-02
-1.7000e+02 -6.0000e+01 -2.3835e+00
-1.7000e+02 -5.0000e+01 -2.4055e-01
-1.7000e+02 -4.0000e+01 -1.9924e+00
-1.7000e+02 -3.0000e+01 1.8498e-01
-1.7000e+02 -2.0000e+01 -1.3037e-01
-1.7000e+02 -1.0000e+01 1.2137e+00
-1.7000e+02 0.0000e+00 2.7883e-01
-1.7000e+02 1.0000e+01 2.7027e+00
-1.7000e+02 2.0000e+01 2.2188e+00
-1.7000e+02 3.0000e+01 -9.5691e-01
-1.7000e+02 4.0000e+01 -1.8379e+00
-1.7000e+02 5.0000e+01 -1.7525e+00
-1.7000e+02 6.0000e+01 7.4228e-01
-1.7000e+02 7.0000e+01 1.3528e+00
-1.7000e+02 8.0000e+01 -1.4891e+00
-1.7000e+02 9.0000e+01 -1.8486e-01
-1.7000e+02 1.0000e+02 1.3052e+00
-1.7000e+02 1.1000e+02 -1.3610e-02
-1.7000e+02 1.2000e+02 6.5513e-01
-1.7000e+02 1.3000e+02 -1.0804e+00
-1.7000e+02 1.4000e+02 -3.3727e-01
-1.7000e+02 1.5000e+02 -4.3784e-01
-1.7000e+02 1.6000e+02 -1.9368e-01
-1.7000e+02 1.7000e+02 2.0651e-01
-1.7000e+02 1.8000e+02 2.1368e+00
-1.7000e+02 1.9000e+02 8.9251e-01
-1.7000e+02 2.0000e+02 -8.6328e-01
-1.6000e+02 -2.0000e+02 -2.8090e-01
-1.6000e+02 -1.9000e+02 2.4950e+00
-1.6000e+02 -1.8000e+02 2.1486e-01
-1.6000e+02 -1.7000e+02 1.4700e+00
-1.6000e+02 -1.6000e+02 -6.5582e-01
-1.6000e+02 -1.5000e+02 -8.0930e-01
-1.6000e+02 -1.4000e+02 -1.5086e+00
-1.6000e+02 -1.3000e+02 -1.7160e+00
-1.6000e+02 -1.2000e+02 2.7534e+00
-1.6000e+02 -1.1000e+02 -1.9399e+00
-1.6000e+02 -1.0000e+02 1.3531e+00
-1.6000e+02 -9.0000e+01 3.2078e-01
-1.6000e+02 -8.0000e+01 -5.2434e-01
-1.6000e+02 -7.0000e+01 -8.5012e-01
-1.6000e+02 -6.0000e+01 -2.7089e+00
-1.6000e+02 -5.0000e+01 -9.7879e-01
-1.6000e+02 -4.0000e+01 6.6306e-01
-1.6000e+02 -3.0000e+01 -2.6588e-01
-1.6000e+02 -2.0000e+01 -2.1844e+00
-1.6000e+02 -1.0000e+01 2.8752e+00
-1.6000e+02 0.0000e+00 -2.4037e+00
-1.6000e+02 1.0000e+01 -1.8218e+00
-1.6000e+02 2.0000e+01 1.5047e+00
-1.6000e+02 3.0000e+01 2.4400e+00
-1.6000e+02 4.0000e+01 -1.3712e+00
-1.6000e+02 5.0000e+01 -2.2766e+00
-1.6000e+02 6.0000e+01 -4.7684e-01
-1.6000e+02 7.0000e+01 3.0854e+00
-1.6000e+02 8.0000e+01 -2.1231e+00
-1.6000e+02 9.0000e+01 -6.5813e-01
-1.6000e+02 1.0000e+02 8.4680e-01
-1.6000e+02 1.1000e+02 -2.9937e-01
-1.6000e+02 1.2000e+02 7.3847e-01
-1.6000e+02 1.3000e+02 -4.0529e-01
-1.6000e+02 1.4000e+02 1.6803e+00
-1.6000e+02 1.5000e+02 1.8703e+00
-1.6000e+02 1.6000e+02 -1.1310e+00
-1.6000e+02 1.7000e+02 1.3136e+00
-1.6000e+02 1.8000e+02 -1.9884e+00
-1.6000e+02 1.9000e+02 -3.8784e-01
-1.6000e+02 2.0000e+02 -4.6078e-01
-1.5000e+02 -2.0000e+02 1.2523e-01
-1.5000e+02 -1.9000e+02 -2.4986e+00
-1.5000e+02 -1.8000e+02 -2.2971e+00
-1.5000e+02 -1.7000e+02 2.8380e-01
-1.5000e+02 -1.6000e+02 -7.2854e-01
-1.5000e+02 -1.5000e+02 1.7071e+00
-1.5000e+02 -1.4000e+02 6.0110e-01
-1.5000e+02 -1.3000e+02 -8.1739e-01
-1.5000e+02 -1.2000e+02 2.0274e+00
-1.5000e+02 -1.1000e+02 -1.1238e+00
-1.5000e+02 -1.0000e+02 2.0379e+00
-1.5000e+02 -9.0000e+01 -7.9174e-01
-1.5000e+02 -8.0000e+01 -2.3441e-01
-1.5000e+02 -7.0000e+01 6.8145e-01
-1.5000e+02 -6.0000e+01 -1.2210e+00
-1.5000e+02 -5.0000e+01 1.9170e+00
-1.5000e+02 -4.0000e+01 2.0418e-01
-1.5000e+02 -3.0000e+01 -7.7469e-01
-1.5000e+02 -2.0000e+01 3.1503e+00
-1.5000e+02 -1.0000e+01 -7.0901e-01
-1.5000e+02 0.0000e+00 -1.5032e+00
-1.5000e+02 1.0000e+01 -3.2716e-01
-1.5000e+02 2.0000e+01 1.6727e-01
-1.5000e+02 3.0000e+01 7.2287e-01
-1.5000e+02 4.0000e+01 -3.4007e-01
-1.5000e+02 5.0000e+01 2.7004e+00
-1.5000e+02 6.0000e+01 1.2974e-01
-1.5000e+02 7.0000e+01 1.2082e+00
-1.5000e+02 8.0000e+01 2.2447e+00
-1.5000e+02 9.0000e+01 -3.7733e-01
-1.5000e+02 1.0000e+02 -1.7491e+00
-1.5000e+02 1.1000e+02 2.0825e-01
-1.5000e+02 1.2000e+02 1.3463e+00
-1.5000e+02 1.3000e+02 -5.7174e-01
-1.5000e+02 1.4000e+02 2.4273e+00
-1.5000e+02 1.5000e+02 2.5513e-01
-1.5000e+02 1.6000e+02 -4.2079e-02
-1.5000e+02 1.7000e+02 -1.2361e+00
-1.5000e+02 1.8000e+02 1.4000e+00
-1.5000e+02 1.9000e+02 -8.7414e-01
-1.5000e+02 2.0000e+02 -1.1470e+00
-1.4000e+02 -2.0000e+02 5.9325e-01
-1.4000e+02 -1.9000e+02 2.5503e+00
-1.4000e+02 -1.8000e+02 -1.2841e+00
-1.4000e+02 -1.7000e+02 -1.3408e+00
-1.4000e+02 -1.6000e+02 7.6100e-02
-1.4000e+02 -1.5000e+02 2.2838e+00
-1.4000e+02 -1.4000e+02 -9.5741e-01
-1.4000e+02 -1.3000e+02 1.3713e+00
-1.4000e+02 -1.2000e+02 -1.6593e+00
-1.4000e+02 -1.1000e+02 4.1319e+00
-1.4000e+02 -1.0000e+02 1.7840e-01
-1.4000e+02 -9.0000e+01 4.5282e-01
-1.4000e+02 -8.0000e+01 8.9915e-01
-1.4000e+02 -7.0000e+01 2.1699e+00
-1.4000e+02 -6.0000e+01 -1.2083e+00
-1.4000e+02 -5.0000e+01 -2.8350e+00
-1.4000e+02 -4.0000e+01 -1.3621e+00
-1.4000e+02 -3.0000e+01 2.4037e+00
-1.4000e+02 -2.0000e+01 2.0493e-01
-1.4000e+02 -1.0000e+01 2.4883e+00
-1.4000e+02 0.0000e+00 -2.6535e+00
-1.4000e+02 1.0000e+01 5.8642e-01
-1.4000e+02 2.0000e+01 8.8623e-01
-1.4000e+02 3.0000e+01 -1.9439e+00
-1.4000e+02 4.0000e+01 5.1413e-01
-1.4000e+02 5.0000e+01 2.1224e+00
-1.4000e+02 6.0000e+01 -2.5296e+00
-1.4000e+02 7.0000e+01 -1.7395e+00
-1.4000e+02 8.0000e+01 -1.8995e+00
-1.4000e+02 9.0000e+01 8.3858e-01
-1.4000e+02 1.0000e+02 -3.0928e+00
-1.4000e+02 1.1000e+02 -3.0074e-01
-1.4000e+02 1.2000e+02 -1.2890e+00
-1.4000e+02 1.3000e+02 -2.4430e+00
-1.4000e+02 1.4000e+02 4.7466e-01
-1.4000e+02 1.5000e+02 -3.0202e+00
-1.4000e+02 1.6000e+02 -2.3314e+00
-1.4000e+02 1.7000e+02 -9.7028e-01
-1.4000e+02 1.8000e+02 -5.5266e-01
-1.4000e+02 1.9000e+02 -4.1062e+00
-1.4000e+02 2.0000e+02 -1.0169e+00
-1.3000e+02 -2.0000e+02 -1.7850e+00
-1.3000e+02 -1.9000e+02 1.9575e+00
-1.3000e+02 -1.8000e+02 -2.4334e+00
-1.3000e+02 -1.7000e+02 1.2785e+00
-1.3000e+02 -1.6000e+02 -5.4390e-01
-1.3000e+02 -1.5000e+02 3.4289e+00
-1.3000e+02 -1.4000e+02 -1.4059e+00
-1.3000e+02 -1.3000e+02 1.2223e+00
-1.3000e+02 -1.2000e+02 -1.4730e+00
-1.3000e+02 -1.1000e+02 -2.4744e-01
-1.3000e+02 -1.0000e+02 1.6584e+00
-1.3000e+02 -9.0000e+01 -1.2216e+00
-1.3000e+02 -8.0000e+01 -2.9191e-01
-1.3000e+02 -7.0000e+01 2.4093e-01
-1.3000e+02 -6.0000e+01 -7.4888e-01
-1.3000e+02 -5.0000e+01 -5.0628e-01
-1.3000e+02 -4.0000e+01 2.8186e-01
-1.3000e+02 -3.0000e+01 -4.1063e-01
-1.3000e+02 -2.0000e+01 -2.6118e+00
-1.3000e+02 -1.0000e+01 -7.3126e-01
-1.3000e+02 0.0000e+00 9.3860e-01
-1.3000e+02 1.0000e+01 -1.1454e+00
-1.3000e+02 2.0000e+01 5.1621e-01
-1.3000e+02 3.0000e+01 -3.2240e+00
-1.3000e+02 4.0000e+01 -1.0381e+00
-1.3000e+02 5.0000e+01 -1.4771e+00
-1.3000e+02 6.0000e+01 -3.3218e+00
-1.3000e+02 7.0000e+01 -6.0075e-01
-1.3000e+02 8.0000e+01 -5.8359e-01
-1.3000e+02 9.0000e+01 -5.1978e-01
-1.3000e+02 1.0000e+02 -3.5441e-01
-1.3000e+02 1.1000e+02 1.6248e+00
-1.3000e+02 1.2000e+02 1.8298e+00
-1.3000e+02 1.3000e+02 -2.2903e+00
-1.3000e+02 1.4000e+02 9.2686e-01
-1.3000e+02 1.5000e+02 -1.2239e+00
-1.3000e+02 1.6000e+02 1.1645e+00
-1.3000e+02 1.7000e+02 2.4789e+00
-1.3000e+02 1.8000e+02 -8.8091e-01
-1.3000e+02 1.9000e+02 -2.9390e-01
-1.3000e+02 2.0000e+02 2.0393e+00
-1.2000e+02 -2.0000e+02 -1.6855e+00
-1.2000e+02 -1.9000e+02 -3.5995e+00
-1.2000e+02 -1.8000e+02 -9.7011e-01
-1.2000e+02 -1.7000e+02 -1.6083e+00
-1.2000e+02 -1.6000e+02 1.6196e+00
-1.2000e+02 -1.5000e+02 -2.6074e+00
-1.2000e+02 -1.4000e+02 -6.3365e-01
-1.2000e+02 -1.3000e+02 -9.6657e-01
-1.2000e+02 -1.2000e+02 3.5902e-01
-1.2000e+02 -1.1000e+02 -9.3032e-01
-1.2000e+02 -1.0000e+02 3.6693e-01
-1.2000e+02 -9.0000e+01 -1.5017e-01
-1.2000e+02 -8.0000e+01 -7.9856e-01
-1.2000e+02 -7.0000e+01 -3.0316e+00
-1.2000e+02 -6.0000e+01 -4.1615e+00
-1.2000e+02 -5.0000e+01 2.6143e-01
-1.2000e+02 -4.0000e+01 -1.7456e+00
-1.2000e+02 -3.0000e+01 -1.8057e+00
-1.2000e+02 -2.0000e+01 -2.3581e+00
-1.2000e+02 -1.0000e+01 6.6862e-01
-1.2000e+02 0.0000e+00 -1.1539e+00
-1.2000e+02 1.0000e+01 -8.4917e-01
-1.2000e+02 2.0000e+01 -1.8545e+00
-1.2000e+02 3.0000e+01 -1.9206e+00
-1.2000e+02 4.0000e+01 -2.6859e+00
-1.2000e+02 5.0000e+01 -2.3496e+00
-1.2000e+02 6.0000e+01 -2.6516e+00
-1.2000e+02 7.0000e+01 1.3586e+00
-1.2000e+02 8.0000e+01 -2.0060e+00
-1.2000e+02 9.0000e+01 8.6399e-01
-1.2000e+02 1.0000e+02 -2.2648e+00
-1.2000e+02 1.1000e+02 6.7076e-01
-1.2000e+02 1.2000e+02 -4.0362e-01
-1.2000e+02 1.3000e+02 2.2467e+00
-1.2000e+02 1.4000e+02 2.0645e+00
-1.2000e+02 1.5000e+02 9.6056e-01
-1.2000e+02 1.6000e+02 1.9843e+00
-1.2000e+02 1.7000e+02 8.8651e-01
-1.2000e+02 1.8000e+02 -1.2517e+00
-1.2000e+02 1.9000e+02 -1.7189e+00
-1.2000e+02 2.0000e+02 1.0452e+00
-1.1000e+02 -2.0000e+02 -5.8053e-01
-1.1000e+02 -1.9000e+02 -1.9040e+00
-1.1000e+02 -1.8000e+02 -1.5328e-01
-1.1000e+02 -1.7000e+02 1.0345e+00
-1.1000e+02 -1.6000e+02 -1.3580e+00
-1.1000e+02 -1.5000e+02 -4.4795e-01
-1.1000e+02 -1.4000e+02 1.2695e+00
-1.1000e+02 -1.3000e+02 -8.9427e-01
-1.1000e+02 -1.2000e+02 2.0945e+00
-1.1000e+02 -1.1000e+02 -2.8539e-01
-1.1000e+02 -1.0000e+02 -9.2276e-01
-1.1000e+02 -9.0000e+01 -7.3716e-01
-1.1000e+02 -8.0000e+01 -2.2059e+00
-1.1000e+02 -7.0000e+01 -1.9052e-01
-1.1000e+02 -6.0000e+01 -3.0632e+00
-1.1000e+02 -5.0000e+01 -1.3180e+00
-1.1000e+02 -4.0000e+01 -5.3864e+00
-1.1000e+02 -3.0000e+01 -2.4514e+00
-1.1000e+02 -2.0000e+01 -1.0716e+00
-1.1000e+02 -1.0000e+01 -2.0380e+00
-1.1000e+02 0.0000e+00 -3.6637e+00
-1.1000e+02 1.0000e+01 -1.2298e+00
-1.1000e+02 2.0000e+01 -2.2123e+00
-1.1000e+02 3.0000e+01 -1.1505e-01
-1.1000e+02 4.0000e+01 2.1634e-01
-1.1000e+02 5.0000e+01 -2.5956e+00
-1.1000e+02 6.0000e+01 -2.5356e+00
-1.1000e+02 7.0000e+01 9.5749e-01
-1.1000e+02 8.0000e+01 -2.5370e+00
-1.1000e+02 9.0000e+01 6.8726e-01
-1.1000e+02 1.0000e+02 -2.0070e+00
-1.1000e+02 1.1000e+02 5.7650e-02
-1.1000e+02 1.2000e+02 -7.3583e-01
-1.1000e+02 1.3000e+02 -9.8394e-01
-1.1000e+02 1.4000e+02 1.4050e+00
-1.1000e+02 1.5000e+02 -2.9073e+00
-1.1000e+02 1.6000e+02 -5.4027e-01
-1.1000e+02 1.7000e+02 1.4880e+00
-1.1000e+02 1.8000e+02 1.6369e-01
-1.1000e+02 1.9000e+02 -2.5514e+00
-1.1000e+02 2.0000e+02 1.6351e-01
-1.0000e+02 -2.0000e+02 8.1268e-01
-1.0000e+02 -1.9000e+02 1.2194e-01
-1.0000e+02 -1.8000e+02 1.1272e+00
-1.0000e+02 -1.7000e+02 -2.7499e+00
-1.0000e+02 -1.6000e+02 -3.6245e+00
-1.0000e+02 -1.5000e+02 2.3129e-01
-1.0000e+02 -1.4000e+02 -1.7998e+00
-1.0000e+02 -1.3000e+02 -1.6186e+00
-1.0000e+02 -1.2000e+02 2.8206e+00
-1.0000e+02 -1.1000e+02 2.7227e+00
-1.0000e+02 -1.0000e+02 -1.0387e+00
-1.0000e+02 -9.0000e+01 7.0281e-01
-1.0000e+02 -8.0000e+01 -8.4667e-01
-1.0000e+02 -7.0000e+01 -1.9726e+00
-1.0000e+02 -6.0000e+01 -1.2985e+00
-1.0000e+02 -5.0000e+01 -3.5946e+00
-1.0000e+02 -4.0000e+01 -5.0544e+00
-1.0000e+02 -3.0000e+01 -3.6080e+00
-1.0000e+02 -2.0000e+01 -3.3235e+00
-1.0000e+02 -1.0000e+01 -3.2979e+00
-1.0000e+02 0.0000e+00 -1.9245e+00
-1.0000e+02 1.0000e+01 -3.9927e-01
-1.0000e+02 2.0000e+01 -6.9107e-01
-1.0000e+02 3.0000e+01 -7.5202e-01
-1.0000e+02 4.0000e+01 -1.9062e+00
-1.0000e+02 5.0000e+01 -3.3429e+00
-1.0000e+02 6.0000e+01 -1.9916e+00
-1.0000e+02 7.0000e+01 1.8295e+00
-1.0000e+02 8.0000e+01 -7.2448e-01
-1.0000e+02 9.0000e+01 -7.4693e-01
-1.0000e+02 1.0000e+02 1.3575e+00
-1.0000e+02 1.1000e+02 7.1604e-01
-1.0000e+02 1.2000e+02 -2.2993e+00
-1.0000e+02 1.3000e+02 -6.4083e-02
-1.0000e+02 1.4000e+02 8.8462e-01
-1.0000e+02 1.5000e+02 -5.7557e-01
-1.0000e+02 1.6000e+02 -3.6147e+00
-1.0000e+02 1.7000e+02 -3.5405e+00
-1.0000e+02 1.8000e+02 -1.3266e+00
-1.0000e+02 1.9000e+02 -9.3841e-02
-1.0000e+02 2.0000e+02 -2.4605e-01
-9.0000e+01 -2.0000e+02 3.2937e-01
-9.0000e+01 -1.9000e+02 -8.1573e-01
-9.0000e+01 -1.8000e+02 -2.8212e-01
-9.0000e+01 -1.7000e+02 2.0680e+00
-9.0000e+01 -1.6000e+02 9.4914e-01
-9.0000e+01 -1.5000e+02 -2.7983e-01
-9.0000e+01 -1.4000e+02 -3.2379e-01
-9.0000e+01 -1.3000e+02 -2.7742e-01
-9.0000e+01 -1.2000e+02 1.9187e+00
-9.0000e+01 -1.1000e+02 2.4154e+00
-9.0000e+01 -1.0000e+02 9.1991e-01
-9.0000e+01 -9.0000e+01 -6.1388e+00
-9.0000e+01 -8.0000e+01 -3.4538e-02
-9.0000e+01 -7.0000e+01 1.2927e-01
-9.0000e+01 -6.0000e+01 -4.8361e+00
-9.0000e+01 -5.0000e+01 -1.7608e+00
-9.0000e+01 -4.0000e+01 -3.7712e+00
-9.0000e+01 -3.0000e+01 -4.3803e+00
-9.0000e+01 -2.0000e+01 -2.4528e+00
-9.0000e+01 -1.0000e+01 -5.7672e+00
-9.0000e+01 0.0000e+00 -5.2340e+00
-9.0000e+01 1.0000e+01 -4.1303e+00
-9.0000e+01 2.0000e+01 -1.6024e+00
-9.0000e+01 3.0000e+01 -4.4829e+00
-9.0000e+01 4.0000e+01 -2.6908e+00
-9.0000e+01 5.0000e+01 -2.6538e+00
-9.0000e+01 6.0000e+01 4.2311e-02
-9.0000e+01 7.0000e+01 -5.3054e+00
-9.0000e+01 8.0000e+01 -2.6562e+00
-9.0000e+01 9.0000e+01 8.9628e-01
-9.0000e+01 1.0000e+02 -2.5982e+00
-9.0000e+01 1.1000e+02 -2.3652e+00
-9.0000e+01 1.2000e+02 -8.4808e-01
-9.0000e+01 1.3000e+02 -1.9999e+00
-9.0000e+01 1.4000e+02 2.4298e+00
-9.0000e+01 1.5000e+02 -1.2156e-02
-9.0000e+01 1.6000e+02 2.3929e+00
-9.0000e+01 1.7000e+02 1.0938e+00
-9.0000e+01 1.8000e+02 -1.5010e+00
-9.0000e+01 1.9000e+02 -4.2851e-02
-9.0000e+01 2.0000e+02 -2.0135e+00
-8.0000e+01 -2.0000e+02 1.5484e+00
-8.0000e+01 -1.9000e+02 -9.9045e-02
-8.0000e+01 -1.8000e+02 -7.8352e-01
-8.0000e+01 -1.7000e+02 -1.3589e+00
-8.0000e+01 -1.6000e+02 -1.9012e+00
-8.0000e+01 -1.5000e+02 -6.6662e-03
-8.0000e+01 -1.4000e+02 2.8300e+00
-8.0000e+01 -1.3000e+02 -1.9732e+00
-8.0000e+01 -1.2000e+02 -2.5308e+00
-8.0000e+01 -1.1000e+02 -1.6174e+00
-8.0000e+01 -1.0000e+02 -8.7761e-01
-8.0000e+01 -9.0000e+01 1.1850e+00
-8.0000e+01 -8.0000e+01 -3.9588e+00
-8.0000e+01 -7.0000e+01 -5.0783e-01
-8.0000e+01 -6.0000e+01 -1.6890e+00
-8.0000e+01 -5.0000e+01 -4.0161e+00
-8.0000e+01 -4.0000e+01 -1.4542e+00
-8.0000e+01 -3.0000e+01 -5.2561e+00
-8.0000e+01 -2.0000e+01 -2.0498e+00
-8.0000e+01 -1.0000e+01 -6.4735e+00
-8.0000e+01 0.0000e+00 -5.4700e+00
-8.0000e+01 1.0000e+01 -5.2900e+00
-8.0000e+01 2.0000e+01 -5.8583e+00
-8.0000e+01 3.0000e+01 -3.3820e+00
-8.0000e+01 4.0000e+01 -6.1413e+00
-8.0000e+01 5.0000e+01 -2.3560e+00
-8.0000e+01 6.0000e+01 -3.2083e+00
-8.0000e+01 7.0000e+01 -1.1779e+00
-8.0000e+01 8.0000e+01 -1.5858e+00
-8.0000e+01 9.0000e+01 7.7101e-01
-8.0000e+01 1.0000e+02 -3.9745e+00
-8.0000e+01 1.1000e+02 -7.7592e-01
-8.0000e+01 1.2000e+02 -1.4934e+00
-8.0000e+01 1.3000e+02 2.1660e+00
-8.0000e+01 1.4000e+02 -2.5503e+00
-8.0000e+01 1.5000e+02 -1.3137e+00
-8.0000e+01 1.6000e+02 -5.8518e-01
-8.0000e+01 1.7000e+02 1.8521e+00
-8.0000e+01 1.8000e+02 3.0457e-01
-8.0000e+01 1.9000e+02 -2.2820e+00
-8.0000e+01 2.0000e+02 -1.4831e+00
-7.0000e+01 -2.0000e+02 -4.8544e+00
-7.0000e+01 -1.9000e+02 9.9268e-01
-7.0000e+01 -1.8000e+02 -6.5677e-01
-7.0000e+01 -1.7000e+02 -4.0353e-01
-7.0000e+01 -1.6000e+02 1.5004e+00
-7.0000e+01 -1.5000e+02 -4.5592e-01
-7.0000e+01 -1.4000e+02 8.3433e-01
-7.0000e+01 -1.3000e+02 -2.9163e+00
-7.0000e+01 -1.2000e+02 -1.0705e+00
-7.0000e+01 -1.1000e+02 1.2983e-01
-7.0000e+01 -1.0000e+02 -2.5746e+00
-7.0000e+01 -9.0000e+01 -3.5864e+00
-7.0000e+01 -8.0000e+01 -2.3565e+00
-7.0000e+01 -7.0000e+01 -3.6021e+00
-7.0000e+01 -6.0000e+01 -5.4384e+00
-7.0000e+01 -5.0000e+01 -3.3699e+00
-7.0000e+01 -4.0000e+01 -2.1147e+00
-7.0000e+01 -3.0000e+01 -8.0464e+00
-7.0000e+01 -2.0000e+01 -6.0394e+00
-7.0000e+01 -1.0000e+01 -5.7609e+00
-7.0000e+01 0.0000e+00 -5.8188e+00
-7.0000e+01 1.0000e+01 -7.2679e+00
-7.0000e+01 2.0000e+01 -8.5978e+00
-7.0000e+01 3.0000e+01 -6.6601e+00
-7.0000e+01 4.0000e+01 -4.4135e+00
-7.0000e+01 5.0000e+01 -4.0276e+00
-7.0000e+01 6.0000e+01 -4.3491e+00
-7.0000e+01 7.0000e+01 -5.4619e-01
-7.0000e+01 8.0000e+01 -1.9556e+00
-7.0000e+01 9.0000e+01 -1.0887e+00
-7.0000e+01 1.0000e+02 -7.0880e-01
-7.0000e+01 1.1000e+02 -8.5895e-01
-7.0000e+01 1.2000e+02 -3.3488e-01
-7.0000e+01 1.3000e+02 1.4225e-01
-7.0000e+01 1.4000e+02 4.1536e-01
-7.0000e+01 1.5000e+02 5.5224e-02
-7.0000e+01 1.6000e+02 7.8898e-01
-7.0000e+01 1.7000e+02 -1.6482e+00
-7.0000e+01 1.8000e+02 1.4995e+00
-7.0000e+01 1.9000e+02 -6.1839e-01
-7.0000e+01 2.0000e+02 -1.5260e+00
-6.0000e+01 -2.0000e+02 -2.2901e-01
-6.0000e+01 -1.9000e+02 -1.0823e-02
-6.0000e+01 -1.8000e+02 2.2556e-01
-6.0000e+01 -1.7000e+02 1.2346e+00
-6.0000e+01 -1.6000e+02 1.2689e+00
-6.0000e+01 -1.5000e+02 2.1109e-01
-6.0000e+01 -1.4000e+02 -1.0637e+00
-6.0000e+01 -1.3000e+02 -9.4658e-01
-6.0000e+01 -1.2000e+02 3.9140e-01
-6.0000e+01 -1.1000e+02 -1.4716e+00
-6.0000e+01 -1.0000e+02 -4.6027e+00
-6.0000e+01 -9.0000e+01 -5.8509e+00
-6.0000e+01 -8.0000e+01 -1.0711e+00
-6.0000e+01 -7.0000e+01 -2.8737e-01
-6.0000e+01 -6.0000e+01 -3.9369e+00
-6.0000e+01 -5.0000e+01 -3.4220e+00
-6.0000e+01 -4.0000e+01 -5.4472e+00
-6.0000e+01 -3.0000e+01 -7.4562e+00
-6.0000e+01 -2.0000e+01 -5.8629e+00
-6.0000e+01 -1.0000e+01 -8.2794e+00
-6.0000e+01 0.0000e+00 -6.6532e+00
-6.0000e+01 1.0000e+01 -9.5338e+00
-6.0000e+01 2.0000e+01 -7.0354e+00
-6.0000e+01 3.0000e+01 -9.2749e+00
-6.0000e+01 4.0000e+01 -6.4059e+00
-6.0000e+01 5.0000e+01 -9.4460e+00
-6.0000e+01 6.0000e+01 -3.8956e+00
-6.0000e+01 7.0000e+01 -4.0600e+00
-6.0000e+01 8.0000e+01 -3.1362e+00
-6.0000e+01 9.0000e+01 -1.6246e+00
-6.0000e+01 1.0000e+02 7.2018e-01
-6.0000e+01 1.1000e+02 -9.0045e-01
-6.0000e+01 1.2000e+02 -3.4609e+00
-6.0000e+01 1.3000e+02 1.7528e+00
-6.0000e+01 1.4000e+02 -1.9445e+00
-6.0000e+01 1.5000e+02 1.9036e+00
-6.0000e+01 1.6000e+02 -1.5868e+00
-6.0000e+01 1.7000e+02 3.3204e+00
-6.0000e+01 1.8000e+02 1.2049e+00
-6.0000e+01 1.9000e+02 -8.4691e-01
-6.0000e+01 2.0000e+02 6.1044e-01
-5.0000e+01 -2.0000e+02 -1.1777e+00
-5.0000e+01 -1.9000e+02 3.9815e-01
-5.0000e+01 -1.8000e+02 -1.1234e+00
-5.0000e+01 -1.7000e+02 1.4063e+00
-5.0000e+01 -1.6000e+02 4.0484e-01
-5.0000e+01 -1.5000e+02 1.8863e-01
-5.0000e+01 -1.4000e+02 5.4377e-01
-5.0000e+01 -1.3000e+02 -7.4126e-01
-5.0000e+01 -1.2000e+02 -2.4962e+00
-5.0000e+01 -1.1000e+02 -3.7828e-01
-5.0000e+01 -1.0000e+02 -4.8226e+00
-5.0000e+01 -9.0000e+01 -3.6646e+00
-5.0000e+01 -8.0000e+01 -4.9876e+00
-5.0000e+01 -7.0000e+01 -3.9169e+00
-5.0000e+01 -6.0000e+01 -4.3118e+00
-5.0000e+01 -5.0000e+01 -8.6802e+00
-5.0000e+01 -4.0000e+01 -4.7969e+00
-5.0000e+01 -3.0000e+01 -1.0645e+01
-5.0000e+01 -2.0000e+01 -1.1057e+01
-5.0000e+01 -1.0000e+01 -8.2466e+00
-5.0000e+01 0.0000e+00 -7.6467e+00
-5.0000e+01 1.0000e+01 -1.3962e+01
-5.0000e+01 2.0000e+01 -9.4352e+00
-5.0000e+01 3.0000e+01 -9.3371e+00
-5.0000e+01 4.0000e+01 -7.0985e+00
-5.0000e+01 5.0000e+01 -5.2328e+00
-5.0000e+01 6.0000e+01 -4.8238e+00
-5.0000e+01 7.0000e+01 -5.5332e+00
-5.0000e+01 8.0000e+01 -3.2564e+00
-5.0000e+01 9.0000e+01 -1.4319e+00
-5.0000e+01 1.0000e+02 -2.3538e+00
-5.0000e+01 1.1000e+02 -2.6180e+00
-5.0000e+01 1.2000e+02 3.6126e-01
-5.0000e+01 1.3000e+02 -1.4888e+00
-5.0000e+01 1.4000e+02 -2.7166e+00
-5.0000e+01 1.5000e+02 -2.6462e-01
-5.0000e+01 1.6000e+02 7.6296e-01
-5.0000e+01 1.7000e+02 -7.7214e-01
-5.0000e+01 1.8000e+02 1.1084e+00
-5.0000e+01 1.9000e+02 5.7369e-01
-5.0000e+01 2.0000e+02 -1.6090e+00
-4.0000e+01 -2.0000e+02 1.3999e+00
-4.0000e+01 -1.9000e+02 -8.0080e-01
-4.0000e+01 -1.8000e+02 1.5462e+00
-4.0000e+01 -1.7000e+02 -5.8832e-01
-4.0000e+01 -1.6000e+02 -3.6815e-01
-4.0000e+01 -1.5000e+02 -1.5018e+00
-4.0000e+01 -1.4000e+02 7.9204e-02
-4.0000e+01 -1.3000e+02 -3.8933e+00
-4.0000e+01 -1.2000e+02 -5.2367e-01
-4.0000e+01 -1.1000e+02 -1.5070e+00
-4.0000e+01 -1.0000e+02 -2.9194e+00
-4.0000e+01 -9.0000e+01 -2.9032e+00
-4.0000e+01 -8.0000e+01 -2.0987e+00
-4.0000e+01 -7.0000e+01 -5.0014e+00
-4.0000e+01 -6.0000e+01 -6.3977e+00
-4.0000e+01 -5.0000e+01 -6.7987e+00
-4.0000e+01 -4.0000e+01 -8.2490e+00
-4.0000e+01 -3.0000e+01 -1.2087e+01
-4.0000e+01 -2.0000e+01 -1.1556e+01
-4.0000e+01 -1.0000e+01 -1.3527e+01
-4.0000e+01 0.0000e+00 -1.4244e+01
-4.0000e+01 1.0000e+01 -1.1088e+01
-4.0000e+01 2.0000e+01 -1.1941e+01
-4.0000e+01 3.0000e+01 -1.0571e+01
-4.0000e+01 4.0000e+01 -8.5744e+00
-4.0000e+01 5.0000e+01 -9.5622e+00
-4.0000e+01 6.0000e+01 -8.9719e+00
-4.0000e+01 7.0000e+01 -5.8860e+00
-4.0000e+01 8.0000e+01 -5.2369e+00
-4.0000e+01 9.0000e+01 -7.5933e-01
-4.0000e+01 1.0000e+02 9.3180e-02
-4.0000e+01 1.1000e+02 -2.7302e+00
-4.0000e+01 1.2000e+02 -2.6330e+00
-4.0000e+01 1.3000e+02 -1.4622e+00
-4.0000e+01 1.4000e+02 -2.0472e+00
-4.0000e+01 1.5000e+02 -3.4594e-01
-4.0000e+01 1.6000e+02 -1.7328e+00
-4.0000e+01 1.7000e+02 1.5161e+00
-4.0000e+01 1.8000e+02 6.1738e-01
-4.0000e+01 1.9000e+02 -1.1183e+00
-4.0000e+01 2.0000e+02 1.3243e+00
-3.0000e+01 -2.0000e+02 -1.5683e+00
-3.0000e+01 -1.9000e+02 -2.4206e+00
-3.0000e+01 -1.8000e+02 1.5452e+00
-3.0000e+01 -1.7000e+02 -8.1931e-01
-3.0000e+01 -1.6000e+02 -7.8168e-03
-3.0000e+01 -1.5000e+02 -2.1644e-01
-3.0000e+01 -1.4000e+02 -3.1004e+00
-3.0000e+01 -1.3000e+02 -2.3609e-01
-3.0000e+01 -1.2000e+02 -3.8098e+00
-3.0000e+01 -1.1000e+02 2.2239e-01
-3.0000e+01 -1.0000e+02 -2.1713e+00
-3.0000e+01 -9.0000e+01 -3.9246e+00
-3.0000e+01 -8.0000e+01 -6.2852e+00
-3.0000e+01 -7.0000e+01 -4.4989e+00
-3.0000e+01 -6.0000e+01 -8.1840e+00
-3.0000e+01 -5.0000e+01 -3.8721e+00
-3.0000e+01 -4.0000e+01 -1.0393e+01
-3.0000e+01 -3.0000e+01 -1.2993e+01
-3.0000e+01 -2.0000e+01 -1.0021e+01
-3.0000e+01 -1.0000e+01 -9.6181e+00
-3.0000e+01 0.0000e+00 -1.1513e+01
-3.0000e+01 1.0000e+01 -1.4255e+01
-3.0000e+01 2.0000e+01 -9.9458e+00
-3.0000e+01 3.0000e+01 -1.0631e+01
-3.0000e+01 4.0000e+01 -1.1802e+01
-3.0000e+01 5.0000e+01 -1.0442e+01
-3.0000e+01 6.0000e+01 -7.4536e+00
-3.0000e+01 7.0000e+01 -6.5691e+00
-3.0000e+01 8.0000e+01 -7.0729e+00
-3.0000e+01 9.0000e+01 -2.8938e+00
-3.0000e+01 1.0000e+02 -3.5862e+00
-3.0000e+01 1.1000e+02 -2.3178e+00
-3.0000e+01 1.2000e+02 -1.6350e+00
-3.0000e+01 1.3000e+02 -1.6968e-01
-3.0000e+01 1.4000e+02 8.3738e-01
-3.0000e+01 1.5000e+02 -1.9516e+00
-3.0000e+01 1.6000e+02 -6.9276e-01
-3.0000e+01 1.7000e+02 -5.6719e-01
-3.0000e+01 1.8000e+02 -7.0371e-01
-3.0000e+01 1.9000e+02 -1.2075e+00
-3.0000e+01 2.0000e+02 -1.3887e+00
-2.0000e+01 -2.0000e+02 -3.1643e+00
-2.0000e+01 -1.9000e+02 -5.5458e-01
-2.0000e+01 -1.8000e+02 2.8089e-01
-2.0000e+01 -1.7000e+02 -2.3240e+00
-2.0000e+01 -1.6000e+02 -4.9995e-01
-2.0000e+01 -1.5000e+02 2.6476e-02
-2.0000e+01 -1.4000e+02 1.4273e+00
-2.0000e+01 -1.3000e+02 -2.2327e+00
-2.0000e+01 -1.2000e+02 -9.4037e-01
-2.0000e+01 -1.1000e+02 4.7853e-01
-2.0000e+01 -1.0000e+02 -2.5243e+00
-2.0000e+01 -9.0000e+01 -5.6866e+00
-2.0000e+01 -8.0000e+01 -6.3807e+00
-2.0000e+01 -7.0000e+01 -4.9919e+00
-2.0000e+01 -6.0000e+01 -8.1486e+00
-2.0000e+01 -5.0000e+01 -1.0441e+01
-2.0000e+01 -4.0000e+01 -9.4540e+00
-2.0000e+01 -3.0000e+01 -1.2190e+01
-2.0000e+01 -2.0000e+01 -1.3921e+01
-2.0000e+01 -1.0000e+01 -1.4387e+01
-2.0000e+01 0.0000e+00 -1.4239e+01
-2.0000e+01 1.0000e+01 -1.4660e+01
-2.0000e+01 2.0000e+01 -1.3322e+01
-2.0000e+01 3.0000e+01 -1.3488e+01
-2.0000e+01 4.0000e+01 -1.0397e+01
-2.0000e+01 5.0000e+01 -1.0350e+01
-2.0000e+01 6.0000e+01 -4.6705e+00
-2.0000e+01 7.0000e+01 -5.3486e+00
-2.0000e+01 8.0000e+01 -2.5016e+00
-2.0000e+01 9.0000e+01 -2.5553e+00
-2.0000e+01 1.0000e+02 -2.9121e+00
-2.0000e+01 1.1000e+02 -1.0877e+00
-2.0000e+01 1.2000e+02 -2.3590e+00
-2.0000e+01 1.3000e+02 -5.4234e+00
-2.0000e+01 1.4000e+02 2.3289e-01
-2.0000e+01 1.5000e+02 -1.5544e-01
-2.0000e+01 1.6000e+02 5.2801e-01
-2.0000e+01 1.7000e+02 -1.0943e+00
-2.0000e+01 1.8000e+02 1.3184e+00
-2.0000e+01 1.9000e+02 -7.9023e-02
-2.0000e+01 2.0000e+02 -2.7033e+00
-1.0000e+01 -2.0000e+02 2.1622e-01
-1.0000e+01 -1.9000e+02 1.4093e+00
-1.0000e+01 -1.8000e+02 -2.5382e-01
-1.0000e+01 -1.7000e+02 -3.0943e-01
-1.0000e+01 -1.6000e+02 -1.5426e+00
-1.0000e+01 -1.5000e+02 1.2445e+00
-1.0000e+01 -1.4000e+02 -2.0284e+00
-1.0000e+01 -1.3000e+02 -2.2311e+00
-1.0000e+01 -1.2000e+02 -5.3569e-01
-1.0000e+01 -1.1000e+02 -3.8312e+00
-1.0000e+01 -1.0000e+02 -3.5025e+00
-1.0000e+01 -9.0000e+01 -3.6717e+00
-1.0000e+01 -8.0000e+01 -8.6224e+00
-1.0000e+01 -7.0000e+01 -7.8226e+00
-1.0000e+01 -6.0000e+01 -8.0733e+00
-1.0000e+01 -5.0000e+01 -1.1173e+01
-1.0000e+01 -4.0000e+01 -1.2501e+01
-1.0000e+01 -3.0000e+01 -1.3257e+01
-1.0000e+01 -2.0000e+01 -1.3720e+01
-1.0000e+01 -1.0000e+01 -1.4447e+01
-1.0000e+01 0.0000e+00 -1.6279e+01
-1.0000e+01 1.0000e+01 -1.5229e+01
-1.0000e+01 2.0000e+01 -1.3036e+01
-1.0000e+01 3.0000e+01 -1.2316e+01
-1.0000e+01 4.0000e+01 -8.4720e+00
-1.0000e+01 5.0000e+01 -1.0284e+01
-1.0000e+01 6.0000e+01 -1.0452e+01
-1.0000e+01 7.0000e+01 -9.0233e+00
-1.0000e+01 8.0000e+01 -5.2118e+00
-1.0000e+01 9.0000e+01 -5.8765e+00
-1.0000e+01 1.0000e+02 -1.7700e+00
-1.0000e+01 1.1000e+02 -7.0489e+00
-1.0000e+01 1.2000e+02 1.2004e-01
-1.0000e+01 1.3000e+02 -2.1385e+00
-1.0000e+01 1.4000e+02 -3.2336e+00
-1.0000e+01 1.5000e+02 3.0075e-01
-1.0000e+01 1.6000e+02 -9.7957e-01
-1.0000e+01 1.7000e+02 1.5470e+00
-1.0000e+01 1.8000e+02 -2.3241e+00
-1.0000e+01 1.9000e+02 9.1065e-01
-1.0000e+01 2.0000e+02 -9.7680e-01
0.0000e+00 -2.0000e+02 1.9858e+00
0.0000e+00 -1.9000e+02 1.5087e+00
0.0000e+00 -1.8000e+02 4.0661e-01
0.0000e+00 -1.7000e+02 2.4663e-01
0.0000e+00 -1.6000e+02 -3.2230e+00
0.0000e+00 -1.5000e+02 -3.7171e+00
0.0000e+00 -1.4000e+02 -9.8503e-02
0.0000e+00 -1.3000e+02 5.9278e-01
0.0000e+00 -1.2000e+02 -2.2632e+00
0.0000e+00 -1.1000e+02 -9.8989e-01
0.0000e+00 -1.0000e+02 -5.4177e+00
0.0000e+00 -9.0000e+01 -7.3690e-01
0.0000e+00 -8.0000e+01 -7.8214e+00
0.0000e+00 -7.0000e+01 -5.9856e+00
0.0000e+00 -6.0000e+01 -8.2803e+00
0.0000e+00 -5.0000e+01 -8.1060e+00
0.0000e+00 -4.0000e+01 -1.4094e+01
0.0000e+00 -3.0000e+01 -1.3253e+01
0.0000e+00 -2.0000e+01 -1.4687e+01
0.0000e+00 -1.0000e+01 -1.6737e+01
0.0000e+00 0.0000e+00 -1.5093e+01
0.0000e+00 1.0000e+01 -1.4921e+01
0.0000e+00 2.0000e+01 -1.4522e+01
0.0000e+00 3.0000e+01 -1.0556e+01
0.0000e+00 4.0000e+01 -1.2633e+01
0.0000e+00 5.0000e+01 -8.0953e+00
0.0000e+00 6.0000e+01 -5.6497e+00
0.0000e+00 7.0000e+01 -7.4957e+00
0.0000e+00 8.0000e+01 -7.1662e+00
0.0000e+00 9.0000e+01 -6.6831e+00
0.0000e+00 1.0000e+02 -3.6774e+00
0.0000e+00 1.1000e+02 -2.7268e+00
0.0000e+00 1.2000e+02 -1.5644e+00
0.0000e+00 1.3000e+02 1.3771e+00
0.0000e+00 1.4000e+02 -4.1461e+00
0.0000e+00 1.5000e+02 1.0380e-01
0.0000e+00 1.6000e+02 3.6423e-01
0.0000e+00 1.7000e+02 4.0674e-01
0.0000e+00 1.8000e+02 -3.2751e-01
0.0000e+00 1.9000e+02 1.6337e+00
0.0000e+00 2.0000e+02 -5.8314e-02
1.0000e+01 -2.0000e+02 -1.3268e+00
1.0000e+01 -1.9000e+02 4.6450e-01
1.0000e+01 -1.8000e+02 1.2279e+00
1.0000e+01 -1.7000e+02 -1.0908e+00
1.0000e+01 -1.6000e+02 -1.5050e+00
1.0000e+01 -1.5000e+02 -1.6190e+00
1.0000e+01 -1.4000e+02 -1.2735e+00
1.0000e+01 -1.3000e+02 -4.1303e+00
1.0000e+01 -1.2000e+02 -3.6867e+00
1.0000e+01 -1.1000e+02 -2.4712e+00
1.0000e+01 -1.0000e+02 -2.4455e+00
1.0000e+01 -9.0000e+01 -4.1427e+00
1.0000e+01 -8.0000e+01 -4.1472e+00
1.0000e+01 -7.0000e+01 -7.3702e+00
1.0000e+01 -6.0000e+01 -7.6391e+00
1.0000e+01 -5.0000e+01 -9.2098e+00
1.0000e+01 -4.0000e+01 -1.0750e+01
1.0000e+01 -3.0000e+01 -1.2410e+01
1.0000e+01 -2.0000e+01 -1.4595e+01
1.0000e+01 -1.0000e+01 -1.3361e+01
1.0000e+01 0.0000e+00 -1.2603e+01
1.0000e+01 1.0000e+01 -1.3351e+01
1.0000e+01 2.0000e+01 -1.1452e+01
1.0000e+01 3.0000e+01 -1.1908e+01
1.0000e+01 4.0000e+01 -1.1513e+01
1.0000e+01 5.0000e+01 -1.0261e+01
1.0000e+01 6.0000e+01 -7.5914e+00
1.0000e+01 7.0000e+01 -9.3242e+00
1.0000e+01 8.0000e+01 -5.0415e+00
1.0000e+01 9.0000e+01 -4.2085e+00
1.0000e+01 1.0000e+02 -8.0509e-01
1.0000e+01 1.1000e+02 -1.2893e-01
1.0000e+01 1.2000e+02 -1.6815e+00
1.0000e+01 1.3000e+02 -3.6157e+00
1.0000e+01 1.4000e+02 1.4770e-01
1.0000e+01 1.5000e+02 -3.7452e+00
1.0000e+01 1.6000e+02 -9.3345e-01
1.0000e+01 1.7000e+02 4.1253e-01
1.0000e+01 1.8000e+02 1.2879e+00
1.0000e+01 1.9000e+02 5.7088e-01
1.0000e+01 2.0000e+02 -1.8394e+00
2.0000e+01 -2.0000e+02 -1.0824e+00
2.0000e+01 -1.9000e+02 8.7038e-01
2.0000e+01 -1.8000e+02 -1.1449e-01
2.0000e+01 -1.7000e+02 -5.8374e-01
2.0000e+01 -1.6000e+02 -2.4100e+00
2.0000e+01 -1.5000e+02 -1.0640e+00
2.0000e+01 -1.4000e+02 -8.6232e-02
2.0000e+01 -1.3000e+02 1.6601e-01
2.0000e+01 -1.2000e+02 1.0406e+00
2.0000e+01 -1.1000e+02 -1.2239e-01
2.0000e+01 -1.0000e+02 -1.8433e+00
2.0000e+01 -9.0000e+01 -5.3438e+00
2.0000e+01 -8.0000e+01 -5.5653e+00
2.0000e+01 -7.0000e+01 -7.8039e+00
2.0000e+01 -6.0000e+01 -8.7750e+00
2.0000e+01 -5.0000e+01 -7.6810e+00
2.0000e+01 -4.0000e+01 -1.0285e+01
2.0000e+01 -3.0000e+01 -1.2548e+01
2.0000e+01 -2.0000e+01 -1.2687e+01
2.0000e+01 -1.0000e+01 -1.3584e+01
2.0000e+01 0.0000e+00 -1.3406e+01
2.0000e+01 1.0000e+01 -1.6842e+01
2.0000e+01 2.0000e+01 -1.1746e+01
2.0000e+01 3.0000e+01 -1.0485e+01
2.0000e+01 4.0000e+01 -1.2171e+01
2.0000e+01 5.0000e+01 -1.0501e+01
2.0000e+01 6.0000e+01 -9.7271e+00
2.0000e+01 7.0000e+01 -4.0416e+00
2.0000e+01 8.0000e+01 -4.0657e+00
2.0000e+01 9.0000e+01 -2.4238e+00
2.0000e+01 1.0000e+02 -2.5744e+00
2.0000e+01 1.1000e+02 -2.0854e+00
2.0000e+01 1.2000e+02 -3.9367e+00
2.0000e+01 1.3000e+02 -1.5857e+00
2.0000e+01 1.4000e+02 -1.7840e+00
2.0000e+01 1.5000e+02 2.9191e+00
2.0000e+01 1.6000e+02 -1.3950e+00
2.0000e+01 1.7000e+02 -6.3413e-01
2.0000e+01 1.8000e+02 9.1121e-01
2.0000e+01 1.9000e+02 2.2988e+00
2.0000e+01 2.0000e+02 1.1568e+00
3.0000e+01 -2.0000e+02 -1.3644e+00
3.0000e+01 -1.9000e+02 1.1718e+00
3.0000e+01 -1.8000e+02 -2.1232e+00
3.0000e+01 -1.7000e+02 -1.3439e+00
3.0000e+01 -1.6000e+02 -9.6702e-01
3.0000e+01 -1.5000e+02 -4.6431e-01
3.0000e+01 -1.4000e+02 -9.5110e-01
3.0000e+01 -1.3000e+02 3.5423e-01
3.0000e+01 -1.2000e+02 -3.8547e+00
3.0000e+01 -1.1000e+02 -3.0371e+00
3.0000e+01 -1.0000e+02 -1.6777e+00
3.0000e+01 -9.0000e+01 -4.9800e+00
3.0000e+01 -8.0000e+01 -2.9889e+00
3.0000e+01 -7.0000e+01 -4.7357e+00
3.0000e+01 -6.0000e+01 -6.3481e+00
3.0000e+01 -5.0000e+01 -1.0815e+01
3.0000e+01 -4.0000e+01 -8.0860e+00
3.0000e+01 -3.0000e+01 -1.0970e+01
3.0000e+01 -2.0000e+01 -1.6092e+01
3.0000e+01 -1.0000e+01 -1.3319e+01
3.0000e+01 0.0000e+00 -1.0875e+01
3.0000e+01 1.0000e+01 -1.2386e+01
3.0000e+01 2.0000e+01 -1.4157e+01
3.0000e+01 3.0000e+01 -1.3362e+01
3.0000e+01 4.0000e+01 -1.0321e+01
3.0000e+01 5.0000e+01 -9.8730e+00
3.0000e+01 6.0000e+01 -9.5531e+00
3.0000e+01 7.0000e+01 -6.1818e+00
3.0000e+01 8.0000e+01 -4.0100e+00
3.0000e+01 9.0000e+01 -3.5068e+00
3.0000e+01 1.0000e+02 -2.5194e+00
3.0000e+01 1.1000e+02 -4.7781e+00
3.0000e+01 1.2000e+02 -4.6010e+00
3.0000e+01 1.3000e+02 -3.6053e-01
3.0000e+01 1.4000e+02 -2.9392e+00
3.0000e+01 1.5000e+02 -2.6593e+00
3.0000e+01 1.6000e+02 -3.6517e-01
3.0000e+01 1.7000e+02 -8.5546e-01
3.0000e+01 1.8000e+02 1.1485e-01
3.0000e+01 1.9000e+02 -8.7499e-01
3.0000e+01 2.0000e+02 2.0186e+00
4.0000e+01 -2.0000e+02 1.6722e+00
4.0000e+01 -1.9000e+02 1.9521e+00
4.0000e+01 -1.8000e+02 -1.0958e+00
4.0000e+01 -1.7000e+02 2.2188e+00
4.0000e+01 -1.6000e+02 -1.2018e+00
4.0000e+01 -1.5000e+02 3.6975e-02
4.0000e+01 -1.4000e+02 -1.0274e+00
4.0000e+01 -1.3000e+02 -2.2390e-01
4.0000e+01 -1.2000e+02 2.7318e-01
4.0000e+01 -1.1000e+02 3.2118e-03
4.0000e+01 -1.0000e+02 -2.0037e+00
4.0000e+01 -9.0000e+01 -6.0634e+00
4.0000e+01 -8.0000e+01 -5.1853e+00
4.0000e+01 -7.0000e+01 -7.2795e+00
4.0000e+01 -6.0000e+01 -7.3539e+00
4.0000e+01 -5.0000e+01 -7.1900e+00
4.0000e+01 -4.0000e+01 -6.6869e+00
4.0000e+01 -3.0000e+01 -1.2628e+01
4.0000e+01 -2.0000e+01 -1.0160e+01
4.0000e+01 -1.0000e+01 -1.1683e+01
4.0000e+01 0.0000e+00 -1.0655e+01
4.0000e+01 1.0000e+01 -1.2955e+01
4.0000e+01 2.0000e+01 -1.4004e+01
4.0000e+01 3.0000e+01 -1.0388e+01
4.0000e+01 4.0000e+01 -8.4074e+00
4.0000e+01 5.0000e+01 -5.8403e+00
4.0000e+01 6.0000e+01 -4.4802e+00
4.0000e+01 7.0000e+01 -6.8423e+00
4.0000e+01 8.0000e+01 -4.5663e+00
4.0000e+01 9.0000e+01 1.6398e-01
4.0000e+01 1.0000e+02 -1.1220e+00
4.0000e+01 1.1000e+02 -2.0893e+00
4.0000e+01 1.2000e+02 2.8669e+00
4.0000e+01 1.3000e+02 -7.1481e-01
4.0000e+01 1.4000e+02 9.7745e-01
4.0000e+01 1.5000e+02 2.7141e+00
4.0000e+01 1.6000e+02 -1.3806e+00
4.0000e+01 1.7000e+02 -4.8486e-01
4.0000e+01 1.8000e+02 1.8291e+00
4.0000e+01 1.9000e+02 -2.0621e+00
4.0000e+01 2.0000e+02 -8.3297e-01
5.0000e+01 -2.0000e+02 -9.1366e-01
5.0000e+01 -1.9000e+02 8.9669e-01
5.0000e+01 -1.8000e+02 -1.2670e+00
5.0000e+01 -1.7000e+02 -8.1379e-02
5.0000e+01 -1.6000e+02 7.1804e-01
5.0000e+01 -1.5000e+02 9.9905e-02
5.0000e+01 -1.4000e+02 -1.8575e+00
5.0000e+01 -1.3000e+02 5.0566e-01
5.0000e+01 -1.2000e+02 -6.7100e-01
5.0000e+01 -1.1000e+02 -3.9630e+00
5.0000e+01 -1.0000e+02 -2.6076e+00
5.0000e+01 -9.0000e+01 -3.0215e+00
5.0000e+01 -8.0000e+01 -4.3437e+00
5.0000e+01 -7.0000e+01 -5.5565e+00
5.0000e+01 -6.0000e+01 -2.7456e+00
5.0000e+01 -5.0000e+01 -8.1967e+00
5.0000e+01 -4.0000e+01 -8.4620e+00
5.0000e+01 -3.0000e+01 -8.5081e+00
5.0000e+01 -2.0000e+01 -8.2748e+00
5.0000e+01 -1.0000e+01 -1.0581e+01
5.0000e+01 0.0000e+00 -1.0184e+01
5.0000e+01 1.0000e+01 -8.7786e+00
5.0000e+01 2.0000e+01 -1.2655e+01
5.0000e+01 3.0000e+01 -9.7042e+00
5.0000e+01 4.0000e+01 -5.0480e+00
5.0000e+01 5.0000e+01 -5.9911e+00
5.0000e+01 6.0000e+01 -5.8655e+00
5.0000e+01 7.0000e+01 -5.2429e+00
5.0000e+01 8.0000e+01 -3.5953e+00
5.0000e+01 9.0000e+01 -4.4767e+00
5.0000e+01 1.0000e+02 -5.1512e+00
5.0000e+01 1.1000e+02 -2.8775e+00
5.0000e+01 1.2000e+02 -5.6965e-01
5.0000e+01 1.3000e+02 3.3060e-01
5.0000e+01 1.4000e+02 9.1839e-01
5.0000e+01 1.5000e+02 -2.2564e+00
5.0000e+01 1.6000e+02 1.6430e+00
5.0000e+01 1.7000e+02 6.1968e-01
5.0000e+01 1.8000e+02 -5.4299e-01
5.0000e+01 1.9000e+02 1.8032e+00
5.0000e+01 2.0000e+02 1.5830e-01
6.0000e+01 -2.0000e+02 7.7776e-01
6.0000e+01 -1.9000e+02 1.5654e+00
6.0000e+01 -1.8000e+02 1.2403e+00
6.0000e+01 -1.7000e+02 2.9554e-01
6.0000e+01 -1.6000e+02 -1.1960e+00
6.0000e+01 -1.5000e+02 -8.8628e-01
6.0000e+01 -1.4000e+02 4.5841e-01
6.0000e+01 -1.3000e+02 -8.2691e-01
6.0000e+01 -1.2000e+02 2.2617e+00
6.0000e+01 -1.1000e+02 -1.3976e+00
6.0000e+01 -1.0000e+02 -1.6247e+00
6.0000e+01 -9.0000e+01 -1.3355e+00
6.0000e+01 -8.0000e+01 -2.6316e+00
6.0000e+01 -7.0000e+01 -3.1849e+00
6.0000e+01 -6.0000e+01 -5.3486e+00
6.0000e+01 -5.0000e+01 -6.6874e+00
6.0000e+01 -4.0000e+01 -8.4053e+00
6.0000e+01 -3.0000e+01 -9.9146e+00
6.0000e+01 -2.0000e+01 -9.0426e+00
6.0000e+01 -1.0000e+01 -6.5265e+00
6.0000e+01 0.0000e+00 -9.7641e+00
6.0000e+01 1.0000e+01 -6.4071e+00
6.0000e+01 2.0000e+01 -8.9436e+00
6.0000e+01 3.0000e+01 -6.7366e+00
6.0000e+01 4.0000e+01 -7.0768e+00
6.0000e+01 5.0000e+01 -4.8451e+00
6.0000e+01 6.0000e+01 -3.6904e+00
6.0000e+01 7.0000e+01 -5.9172e+00
6.0000e+01 8.0000e+01 -4.8289e+00
6.0000e+01 9.0000e+01 -3.4102e+00
6.0000e+01 1.0000e+02 -1.5588e+00
6.0000e+01 1.1000e+02 -5.8661e-01
6.0000e+01 1.2000e+02 1.2526e+00
6.0000e+01 1.3000e+02 -3.9344e+00
6.0000e+01 1.4000e+02 2.9247e-01
6.0000e+01 1.5000e+02 3.7360e+00
6.0000e+01 1.6000e+02 4.6541e-01
6.0000e+01 1.7000e+02 -3.2389e+00
6.0000e+01 1.8000e+02 2.8546e+00
6.0000e+01 1.9000e+02 -5.9235e-01
6.0000e+01 2.0000e+02 4.2219e+00
7.0000e+01 -2.0000e+02 1.0036e+00
7.0000e+01 -1.9000e+02 2.0059e+00
7.0000e+01 -1.8000e+02 -1.1129e+00
7.0000e+01 -1.7000e+02 -3.5366e-01
7.0000e+01 -1.6000e+02 -9.3470e-01
7.0000e+01 -1.5000e+02 -2.8494e+00
7.0000e+01 -1.4000e+02 1.4376e+00
7.0000e+01 -1.3000e+02 -1.2770e+00
7.0000e+01 -1.2000e+02 -3.7248e+00
7.0000e+01 -1.1000e+02 1.5253e+00
7.0000e+01 -1.0000e+02 -1.9477e+00
7.0000e+01 -9.0000e+01 -1.5990e+00
7.0000e+01 -8.0000e+01 -1.3881e+00
7.0000e+01 -7.0000e+01 -2.3149e+00
7.0000e+01 -6.0000e+01 -4.6274e+00
7.0000e+01 -5.0000e+01 -3.4005e+00
7.0000e+01 -4.0000e+01 -5.7553e+00
7.0000e+01 -3.0000e+01 -6.0409e+00
7.0000e+01 -2.0000e+01 -7.6588e+00
7.0000e+01 -1.0000e+01 -5.7502e+00
7.0000e+01 0.0000e+00 -6.3282e+00
7.0000e+01 1.0000e+01 -5.7645e+00
7.0000e+01 2.0000e+01 -6.0596e+00
7.0000e+01 3.0000e+01 -5.2956e+00
7.0000e+01 4.0000e+01 -4.9679e+00
7.0000e+01 5.0000e+01 -5.1939e+00
7.0000e+01 6.0000e+01 -3.3453e+00
7.0000e+01 7.0000e+01 -4.0430e+00
7.0000e+01 8.0000e+01 -2.0346e+00
7.0000e+01 9.0000e+01 -2.4134e+00
7.0000e+01 1.0000e+02 -3.5451e+00
7.0000e+01 1.1000e+02 -3.6950e+00
7.0000e+01 1.2000e+02 -6.7479e-01
7.0000e+01 1.3000e+02 1.9007e+00
7.0000e+01 1.4000e+02 -2.7384e+00
7.0000e+01 1.5000e+02 1.9476e+00
7.0000e+01 1.6000e+02 3.3203e-01
7.0000e+01 1.7000e+02 -1.6037e+00
7.0000e+01 1.8000e+02 7.3954e-01
7.0000e+01 1.9000e+02 1.3706e+00
7.0000e+01 2.0000e+02 4.1373e+00
8.0000e+01 -2.0000e+02 -6.8459e-01
8.0000e+01 -1.9000e+02 6.4021e-01
8.0000e+01 -1.8000e+02 -6.1645e-01
8.0000e+01 -1.7000e+02 1.6265e+00
8.0000e+01 -1.6000e+02 -2.9099e+00
8.0000e+01 -1.5000e+02 1.3186e-01
8.0000e+01 -1.4000e+02 -8.8395e-01
8.0000e+01 -1.3000e+02 -1.1689e+00
8.0000e+01 -1.2000e+02 -1.3399e+00
8.0000e+01 -1.1000e+02 -8.1079e-01
8.0000e+01 -1.0000e+02 1.9640e+00
8.0000e+01 -9.0000e+01 -3.7829e-01
8.0000e+01 -8.0000e+01 -6.1558e-01
8.0000e+01 -7.0000e+01 -4.7644e+00
8.0000e+01 -6.0000e+01 -4.4045e+00
8.0000e+01 -5.0000e+01 -3.0835e+00
8.0000e+01 -4.0000e+01 -2.5547e+00
8.0000e+01 -3.0000e+01 -3.7234e+00
8.0000e+01 -2.0000e+01 -3.7495e+00
8.0000e+01 -1.0000e+01 -5.9435e+00
8.0000e+01 0.0000e+00 -7.1203e+00
8.0000e+01 1.0000e+01 -6.8717e+00
8.0000e+01 2.0000e+01 -3.3932e+00
8.0000e+01 3.0000e+01 -4.1024e+00
8.0000e+01 4.0000e+01 -3.4697e+00
8.0000e+01 5.0000e+01 -5.7667e+00
8.0000e+01 6.0000e+01 -1.5000e+00
8.0000e+01 7.0000e+01 -1.1475e+00
8.0000e+01 8.0000e+01 -8.0299e-01
8.0000e+01 9.0000e+01 -3.1240e+00
8.0000e+01 1.0000e+02 -1.1129e+00
8.0000e+01 1.1000e+02 -1.9938e+00
8.0000e+01 1.2000e+02 3.6400e-01
8.0000e+01 1.3000e+02 -8.9719e-01
8.0000e+01 1.4000e+02 7.7105e-02
8.0000e+01 1.5000e+02 1.3189e+00
8.0000e+01 1.6000e+02 -8.8590e-01
8.0000e+01 1.7000e+02 4.6395e-02
8.0000e+01 1.8000e+02 -1.6604e+00
8.0000e+01 1.9000e+02 -2.1182e+00
8.0000e+01 2.0000e+02 -1.3283e+00
9.0000e+01 -2.0000e+02 -1.1677e+00
9.0000e+01 -1.9000e+02 -1.2195e+00
9.0000e+01 -1.8000e+02 9.8109e-01
9.0000e+01 -1.7000e+02 -1.7269e+00
9.0000e+01 -1.6000e+02 -3.1680e+00
9.0000e+01 -1.5000e+02 2.6599e+00
9.0000e+01 -1.4000e+02 3.5125e-01
9.0000e+01 -1.3000e+02 4.4402e+00
9.0000e+01 -1.2000e+02 -1.2495e+00
9.0000e+01 -1.1000e+02 6.3231e-01
9.0000e+01 -1.0000e+02 -1.0913e+00
9.0000e+01 -9.0000e+01 -1.9085e+00
9.0000e+01 -8.0000e+01 5.0857e-01
9.0000e+01 -7.0000e+01 -3.5808e+00
9.0000e+01 -6.0000e+01 -1.6099e+00
9.0000e+01 -5.0000e+01 -3.3702e+00
9.0000e+01 -4.0000e+01 -1.3097e+00
9.0000e+01 -3.0000e+01 -8.6621e-01
9.0000e+01 -2.0000e+01 -4.9501e+00
9.0000e+01 -1.0000e+01 -5.8395e+00
9.0000e+01 0.0000e+00 -5.0180e+00
9.0000e+01 1.0000e+01 -4.5385e+00
9.0000e+01 2.0000e+01 -6.0336e+00
9.0000e+01 3.0000e+01 -2.7838e+00
9.0000e+01 4.0000e+01 -3.6188e+00
9.0000e+01 5.0000e+01 -3.2472e+00
9.0000e+01 6.0000e+01 -3.2369e+00
9.0000e+01 7.0000e+01 -7.4054e-02
9.0000e+01 8.0000e+01 -2.0378e+00
9.0000e+01 9.0000e+01 -2.5928e+00
9.0000e+01 1.0000e+02 2.6497e-01
9.0000e+01 1.1000e+02 -4.5757e-01
9.0000e+01 1.2000e+02 -1.5977e+00
9.0000e+01 1.3000e+02 -1.3081e+00
9.0000e+01 1.4000e+02 -1.0429e+00
9.0000e+01 1.5000e+02 -1.0078e+00
9.0000e+01 1.6000e+02 -2.2571e+00
9.0000e+01 1.7000e+02 -2.2910e+00
9.0000e+01 1.8000e+02 6.2144e-01
9.0000e+01 1.9000e+02 -1.5320e-01
9.0000e+01 2.0000e+02 -1.9463e+00
1.0000e+02 -2.0000e+02 1.9183e-01
1.0000e+02 -1.9000e+02 2.7291e+00
1.0000e+02 -1.8000e+02 -1.9562e+00
1.0000e+02 -1.7000e+02 1.6028e+00
1.0000e+02 -1.6000e+02 -4.9337e-01
1.0000e+02 -1.5000e+02 -1.5071e+00
1.0000e+02 -1.4000e+02 7.9869e-01
1.0000e+02 -1.3000e+02 8.3050e-01
1.0000e+02 -1.2000e+02 1.7613e+00
1.0000e+02 -1.1000e+02 4.9635e-01
1.0000e+02 -1.0000e+02 -3.3004e+00
1.0000e+02 -9.0000e+01 -2.7160e+00
1.0000e+02 -8.0000e+01 1.4171e+00
1.0000e+02 -7.0000e+01 -1.6526e+00
1.0000e+02 -6.0000e+01 -2.1162e+00
1.0000e+02 -5.0000e+01 -4.6505e+00
1.0000e+02 -4.0000e+01 -2.4551e-01
1.0000e+02 -3.0000e+01 -1.6953e+00
1.0000e+02 -2.0000e+01 -4.1756e+00
1.0000e+02 -1.0000e+01 -2.7805e+00
1.0000e+02 0.0000e+00 -2.8913e+00
1.0000e+02 1.0000e+01 -9.9130e-01
1.0000e+02 2.0000e+01 -4.4927e+00
1.0000e+02 3.0000e+01 -5.0948e+00
1.0000e+02 4.0000e+01 -1.1090e+00
1.0000e+02 5.0000e+01 -2.5543e+00
1.0000e+02 6.0000e+01 -2.2639e+00
1.0000e+02 7.0000e+01 -4.3573e+00
1.0000e+02 8.0000e+01 1.5904e+00
1.0000e+02 9.0000e+01 -1.8528e+00
1.0000e+02 1.0000e+02 -2.3975e+00
1.0000e+02 1.1000e+02 -4.8347e-01
1.0000e+02 1.2000e+02 -4.2012e-01
1.0000e+02 1.3000e+02 8.0678e-01
1.0000e+02 1.4000e+02 7.4464e-01
1.0000e+02 1.5000e+02 5.4972e-01
1.0000e+02 1.6000e+02 -1.8843e+00
1.0000e+02 1.7000e+02 1.1385e+00
1.0000e+02 1.8000e+02 1.4362e-02
1.0000e+02 1.9000e+02 2.4704e+00
1.0000e+02 2.0000e+02 1.6254e+00
1.1000e+02 -2.0000e+02 9.7154e-02
1.1000e+02 -1.9000e+02 8.6621e-01
1.1000e+02 -1.8000e+02 -1.0992e+00
1.1000e+02 -1.7000e+02 -2.0145e+00
1.1000e+02 -1.6000e+02 -1.0540e+00
1.1000e+02 -1.5000e+02 5.7054e-01
1.1000e+02 -1.4000e+02 9.8492e-01
1.1000e+02 -1.3000e+02 1.6164e+00
1.1000e+02 -1.2000e+02 1.0511e+00
1.1000e+02 -1.1000e+02 2.5857e+00
1.1000e+02 -1.0000e+02 -6.2008e-01
1.1000e+02 -9.0000e+01 -6.1930e-01
1.1000e+02 -8.0000e+01 -1.5770e+00
1.1000e+02 -7.0000e+01 -2.2233e+00
1.1000e+02 -6.0000e+01 -7.4430e-01
1.1000e+02 -5.0000e+01 -1.8900e+00
1.1000e+02 -4.0000e+01 -2.4810e+00
1.1000e+02 -3.0000e+01 -3.0697e+00
1.1000e+02 -2.0000e+01 -1.9375e+00
1.1000e+02 -1.0000e+01 -1.9774e+00
1.1000e+02 0.0000e+00 -8.5906e-01
1.1000e+02 1.0000e+01 -3.3734e+00
1.1000e+02 2.0000e+01 -2.1512e+00
1.1000e+02 3.0000e+01 -2.2548e+00
1.1000e+02 4.0000e+01 1.3967e+00
1.1000e+02 5.0000e+01 -1.8388e-01
1.1000e+02 6.0000e+01 5.5057e-01
1.1000e+02 7.0000e+01 -1.9311e+00
1.1000e+02 8.0000e+01 1.9759e+00
1.1000e+02 9.0000e+01 -2.1027e+00
1.1000e+02 1.0000e+02 -6.4472e-01
1.1000e+02 1.1000e+02 -2.1953e+00
1.1000e+02 1.2000e+02 1.5439e+00
1.1000e+02 1.3000e+02 4.0040e+00
1.1000e+02 1.4000e+02 8.7415e-02
1.1000e+02 1.5000e+02 -2.1574e+00
1.1000e+02 1.6000e+02 7.7649e-01
1.1000e+02 1.7000e+02 8.5382e-02
1.1000e+02 1.8000e+02 -7.3778e-01
1.1000e+02 1.9000e+02 3.7919e-01
1.1000e+02 2.0000e+02 -3.3651e+00
1.2000e+02 -2.0000e+02 -1.6247e+00
1.2000e+02 -1.9000e+02 1.4105e-01
1.2000e+02 -1.8000e+02 3.3299e-01
1.2000e+02 -1.7000e+02 3.3147e+00
1.2000e+02 -1.6000e+02 3.3479e+00
1.2000e+02 -1.5000e+02 -6.6124e-01
1.2000e+02 -1.4000e+02 -1.5044e+00
1.2000e+02 -1.3000e+02 3.0267e+00
1.2000e+02 -1.2000e+02 -1.5076e+00
1.2000e+02 -1.1000e+02 -4.4975e-01
1.2000e+02 -1.0000e+02 1.5668e+00
1.2000e+02 -9.0000e+01 -3.6628e+00
1.2000e+02 -8.0000e+01 -2.5926e+00
1.2000e+02 -7.0000e+01 4.2960e-01
1.2000e+02 -6.0000e+01 1.2309e-01
1.2000e+02 -5.0000e+01 1.2805e-01
1.2000e+02 -4.0000e+01 -1.1757e-01
1.2000e+02 -3.0000e+01 -1.0905e+00
1.2000e+02 -2.0000e+01 1.2158e+00
1.2000e+02 -1.0000e+01 6.9091e-01
1.2000e+02 0.0000e+00 -2.5254e+00
1.2000e+02 1.0000e+01 -2.8808e+00
1.2000e+02 2.0000e+01 -1.2262e+00
1.2000e+02 3.0000e+01 1.6396e-01
1.2000e+02 4.0000e+01 -1.9317e+00
1.2000e+02 5.0000e+01 -1.4106e+00
1.2000e+02 6.0000e+01 -1.0396e+00
1.2000e+02 7.0000e+01 -2.3970e+00
1.2000e+02 8.0000e+01 -1.0303e+00
1.2000e+02 9.0000e+01 -2.6490e+00
1.2000e+02 1.0000e+02 -2.2788e+00
1.2000e+02 1.1000e+02 1.1834e+00
1.2000e+02 1.2000e+02 1.5146e+00
1.2000e+02 1.3000e+02 -1.7585e+00
1.2000e+02 1.4000e+02 7.8147e-01
1.2000e+02 1.5000e+02 -3.7125e-01
1.2000e+02 1.6000e+02 -5.4048e-01
1.2000e+02 1.7000e+02 2.1623e+00
1.2000e+02 1.8000e+02 1.7129e+00
1.2000e+02 1.9000e+02 -2.9236e+00
1.2000e+02 2.0000e+02 -2.0741e+00
1.3000e+02 -2.0000e+02 -2.5481e-02
1.3000e+02 -1.9000e+02 -1.7923e+00
1.3000e+02 -1.8000e+02 -1.7072e+00
1.3000e+02 -1.7000e+02 1.2798e+00
1.3000e+02 -1.6000e+02 1.1173e-01
1.3000e+02 -1.5000e+02 1.9250e+00
1.3000e+02 -1.4000e+02 1.0728e+00
1.3000e+02 -1.3000e+02 -4.3623e-01
1.3000e+02 -1.2000e+02 1.2062e+00
1.3000e+02 -1.1000e+02 -1.5529e+00
1.3000e+02 -1.0000e+02 -1.8223e+00
1.3000e+02 -9.0000e+01 -1.3817e+00
1.3000e+02 -8.0000e+01 -1.3624e+00
1.3000e+02 -7.0000e+01 6.5937e-01
1.3000e+02 -6.0000e+01 3.7862e-01
1.3000e+02 -5.0000e+01 -2.2899e+00
1.3000e+02 -4.0000e+01 -1.3332e+00
1.3000e+02 -3.0000e+01 -3.1847e+00
1.3000e+02 -2.0000e+01 -1.5188e+00
1.3000e+02 -1.0000e+01 -7.0702e-01
1.3000e+02 0.0000e+00 -9.9866e-01
1.3000e+02 1.0000e+01 1.3353e+00
1.3000e+02 2.0000e+01 -9.5731e-01
1.3000e+02 3.0000e+01 -2.4565e+00
1.3000e+02 4.0000e+01 -1.2632e+00
1.3000e+02 5.0000e+01 -2.6799e+00
1.3000e+02 6.0000e+01 3.4154e-01
1.3000e+02 7.0000e+01 -1.5298e+00
1.3000e+02 8.0000e+01 3.6233e+00
1.3000e+02 9.0000e+01 -8.2874e-01
1.3000e+02 1.0000e+02 2.9432e-01
1.3000e+02 1.1000e+02 -1.8888e+00
1.3000e+02 1.2000e+02 2.0182e+00
1.3000e+02 1.3000e+02 2.5625e-01
1.3000e+02 1.4000e+02 1.2405e+00
1.3000e+02 1.5000e+02 -1.0288e-01
1.3000e+02 1.6000e+02 -1.4478e+00
1.3000e+02 1.7000e+02 -1.6735e+00
1.3000e+02 1.8000e+02 1.9488e+00
1.3000e+02 1.9000e+02 1.0319e-01
1.3000e+02 2.0000e+02 2.7744e+00
1.4000e+02 -2.0000e+02 -1.1605e+00
1.4000e+02 -1.9000e+02 -1.5570e+00
1.4000e+02 -1.8000e+02 4.5125e-02
1.4000e+02 -1.7000e+02 -3.1788e-01
1.4000e+02 -1.6000e+02 9.3720e-02
1.4000e+02 -1.5000e+02 -4.8440e-01
1.4000e+02 -1.4000e+02 8.1448e-01
1.4000e+02 -1.3000e+02 6.7730e-01
1.4000e+02 -1.2000e+02 8.1144e-01
1.4000e+02 -1.1000e+02 -2.2379e-01
1.4000e+02 -1.0000e+02 5.1801e-01
1.4000e+02 -9.0000e+01 1.0307e+00
1.4000e+02 -8.0000e+01 -5.6669e-01
1.4000e+02 -7.0000e+01 -1.4493e-01
1.4000e+02 -6.0000e+01 1.6889e+00
1.4000e+02 -5.0000e+01 -2.0884e+00
1.4000e+02 -4.0000e+01 6.1005e-01
1.4000e+02 -3.0000e+01 -9.1309e-01
1.4000e+02 -2.0000e+01 1.1821e+00
1.4000e+02 -1.0000e+01 -1.8903e+00
1.4000e+02 0.0000e+00 -5.2893e-01
1.4000e+02 1.0000e+01 -1.9596e+00
1.4000e+02 2.0000e+01 1.1517e+00
1.4000e+02 3.0000e+01 4.5570e-01
1.4000e+02 4.0000e+01 8.0013e-01
1.4000e+02 5.0000e+01 -2.8062e+00
1.4000e+02 6.0000e+01 8.4124e-01
1.4000e+02 7.0000e+01 -3.9003e-01
1.4000e+02 8.0000e+01 -8.4383e-01
1.4000e+02 9.0000e+01 5.3294e-01
1.4000e+02 1.0000e+02 7.0527e-01
1.4000e+02 1.1000e+02 -8.5890e-01
1.4000e+02 1.2000e+02 -3.1268e-01
1.4000e+02 1.3000e+02 8.8701e-01
1.4000e+02 1.4000e+02 -1.7417e+00
1.4000e+02 1.5000e+02 1.2998e+00
1.4000e+02 1.6000e+02 9.8457e-01
1.4000e+02 1.7000e+02 2.4886e-01
1.4000e+02 1.8000e+02 1.6065e+00
1.4000e+02 1.9000e+02 1.8391e+00
1.4000e+02 2.0000e+02 -4.6584e-01
1.5000e+02 -2.0000e+02 -1.1482e+00
1.5000e+02 -1.9000e+02 4.1386e-01
1.5000e+02 -1.8000e+02 2.3876e+00
1.5000e+02 -1.7000e+02 -5.9986e-01
1.5000e+02 -1.6000e+02 -3.1523e+00
1.5000e+02 -1.5000e+02 2.1253e+00
1.5000e+02 -1.4000e+02 7.8122e-01
1.5000e+02 -1.3000e+02 -1.4879e+00
1.5000e+02 -1.2000e+02 -7.7922e-01
1.5000e+02 -1.1000e+02 -2.6811e-01
1.5000e+02 -1.0000e+02 3.3772e-01
1.5000e+02 -9.0000e+01 1.0900e+00
1.5000e+02 -8.0000e+01 -1.7018e+00
1.5000e+02 -7.0000e+01 8.2756e-02
1.5000e+02 -6.0000e+01 -2.8101e+00
1.5000e+02 -5.0000e+01 -3.0316e+00
1.5000e+02 -4.0000e+01 -1.8593e+00
1.5000e+02 -3.0000e+01 4.0803e-01
1.5000e+02 -2.0000e+01 -2.4202e+00
1.5000e+02 -1.0000e+01 -7.8755e-01
1.5000e+02 0.0000e+00 -2.1425e+00
1.5000e+02 1.0000e+01 1.1791e+00
1.5000e+02 2.0000e+01 7.5364e-01
1.5000e+02 3.0000e+01 7.4807e-01
1.5000e+02 4.0000e+01 4.4362e-01
1.5000e+02 5.0000e+01 2.6853e+00
1.5000e+02 6.0000e+01 -7.3732e-01
1.5000e+02 7.0000e+01 -8.7229e-01
1.5000e+02 8.0000e+01 -1.3002e+00
1.5000e+02 9.0000e+01 -6.5696e-01
1.5000e+02 1.0000e+02 -8.2051e-01
1.5000e+02 1.1000e+02 1.2350e+00
1.5000e+02 1.2000e+02 3.2488e-01
1.5000e+02 1.3000e+02 2.0724e+00
1.5000e+02 1.4000e+02 2.9203e-01
1.5000e+02 1.5000e+02 4.1861e-01
1.5000e+02 1.6000e+02 -2.0800e+00
1.5000e+02 1.7000e+02 -1.0341e+00
1.5000e+02 1.8000e+02 -2.0391e+00
1.5000e+02 1.9000e+02 4.7292e-01
1.5000e+02 2.0000e+02 3.3000e+00
1.6000e+02 -2.0000e+02 -6.1936e-01
1.6000e+02 -1.9000e+02 3.0430e-01
1.6000e+02 -1.8000e+02 -1.0760e+00
1.6000e+02 -1.7000e+02 -3.1588e+00
1.6000e+02 -1.6000e+02 -2.9567e-01
1.6000e+02 -1.5000e+02 2.8850e-01
1.6000e+02 -1.4000e+02 1.0923e+00
1.6000e+02 -1.3000e+02 1.6091e+00
1.6000e+02 -1.2000e+02 -9.4636e-01
1.6000e+02 -1.1000e+02 1.7211e+00
1.6000e+02 -1.0000e+02 1.6665e-02
1.6000e+02 -9.0000e+01 1.7036e+00
1.6000e+02 -8.0000e+01 -6.8983e-01
1.6000e+02 -7.0000e+01 1.4494e+00
1.6000e+02 -6.0000e+01 2.0752e+00
1.6000e+02 -5.0000e+01 -7.5881e-01
1.6000e+02 -4.0000e+01 1.7473e+00
1.6000e+02 -3.0000e+01 8.3270e-01
1.6000e+02 -2.0000e+01 1.9473e+00
1.6000e+02 -1.0000e+01 -1.7731e+00
1.6000e+02 0.0000e+00 -2.9196e+00
1.6000e+02 1.0000e+01 -5.7192e-01
1.6000e+02 2.0000e+01 2.4973e-01
1.6000e+02 3.0000e+01 -8.7641e-01
1.6000e+02 4.0000e+01 -2.0241e+00
1.6000e+02 5.0000e+01 2.6318e+00
1.6000e+02 6.0000e+01 -5.3972e-01
1.6000e+02 7.0000e+01 -5.2273e-02
1.6000e+02 8.0000e+01 -7.5367e-01
1.6000e+02 9.0000e+01 1.4953e+00
1.6000e+02 1.0000e+02 2.4692e-02
1.6000e+02 1.1000e+02 -2.8809e-01
1.6000e+02 1.2000e+02 -2.0527e+00
1.6000e+02 1.3000e+02 2.4840e+00
1.6000e+02 1.4000e+02 -2.1113e+00
1.6000e+02 1.5000e+02 7.7951e-02
1.6000e+02 1.6000e+02 -2.9591e+00
1.6000e+02 1.7000e+02 7.3014e-01
1.6000e+02 1.8000e+02 -1.6584e+00
1.6000e+02 1.9000e+02 -4.8424e-01
1.6000e+02 2.0000e+02 1.4327e+00
1.7000e+02 -2.0000e+02 2.7005e+00
1.7000e+02 -1.9000e+02 1.5938e+00
1.7000e+02 -1.8000e+02 1.5499e-01
1.7000e+02 -1.7000e+02 -2.1823e+00
1.7000e+02 -1.6000e+02 3.5309e-01
1.7000e+02 -1.5000e+02 9.2080e-01
1.7000e+02 -1.4000e+02 1.0641e+00
1.7000e+02 -1.3000e+02 -1.0300e+00
1.7000e+02 -1.2000e+02 2.6041e+00
1.7000e+02 -1.1000e+02 -1.3207e-01
1.7000e+02 -1.0000e+02 -6.5570e-01
1.7000e+02 -9.0000e+01 4.7757e-01
1.7000e+02 -8.0000e+01 -1.9048e+00
1.7000e+02 -7.0000e+01 -1.4714e+00
1.7000e+02 -6.0000e+01 -3.0355e-01
1.7000e+02 -5.0000e+01 1.8985e+00
1.7000e+02 -4.0000e+01 -2.1530e+00
1.7000e+02 -3.0000e+01 -7.2016e-01
1.7000e+02 -2.0000e+01 -7.3416e-01
1.7000e+02 -1.0000e+01 8.8424e-01
1.7000e+02 0.0000e+00 1.2228e+00
1.7000e+02 1.0000e+01 -3.0463e+00
1.7000e+02 2.0000e+01 -3.6802e+00
1.7000e+02 3.0000e+01 -1.9195e+00
1.7000e+02 4.0000e+01 6.9166e-01
1.7000e+02 5.0000e+01 -5.6919e-01
1.7000e+02 6.0000e+01 -1.0827e-01
1.7000e+02 7.0000e+01 -1.3155e+00
1.7000e+02 8.0000e+01 -3.9549e-03
1.7000e+02 9.0000e+01 -5.4988e-01
1.7000e+02 1.0000e+02 1.0515e+00
1.7000e+02 1.1000e+02 1.1355e+00
1.7000e+02 1.2000e+02 2.1316e+00
1.7000e+02 1.3000e+02 -8.2821e-02
1.7000e+02 1.4000e+02 9.8978e-01
1.7000e+02 1.5000e+02 -1.0862e+00
1.7000e+02 1.6000e+02 -8.2660e-01
1.7000e+02 1.7000e+02 -9.3322e-02
1.7000e+02 1.8000e+02 -1.6271e+00
1.7000e+02 1.9000e+02 9.2972e-01
1.7000e+02 2.0000e+02 -2.4635e+00
1.8000e+02 -2.0000e+02 2.3133e+00
1.8000e+02 -1.9000e+02 7.1519e-01
1.8000e+02 -1.8000e+02 -8.4180e-01
1.8000e+02 -1.7000e+02 -2.3465e+00
1.8000e+02 -1.6000e+02 -1.8221e+00
1.8000e+02 -1.5000e+02 1.1740e+00
1.8000e+02 -1.4000e+02 8.9565e-02
1.8000e+02 -1.3000e+02 1.9126e+00
1.8000e+02 -1.2000e+02 -2.3032e-01
1.8000e+02 -1.1000e+02 5.8514e-01
1.8000e+02 -1.0000e+02 -1.4567e+00
1.8000e+02 -9.0000e+01 8.5774e-01
1.8000e+02 -8.0000e+01 2.1864e+00
1.8000e+02 -7.0000e+01 -1.3928e+00
1.8000e+02 -6.0000e+01 -8.3699e-01
1.8000e+02 -5.0000e+01 1.0697e+00
1.8000e+02 -4.0000e+01 3.6151e-02
1.8000e+02 -3.0000e+01 -1.5925e+00
1.8000e+02 -2.0000e+01 -5.7620e-01
1.8000e+02 -1.0000e+01 1.3668e+00
1.8000e+02 0.0000e+00 -8.7784e-01
1.8000e+02 1.0000e+01 -1.9952e+00
1.8000e+02 2.0000e+01 -3.1349e-01
1.8000e+02 3.0000e+01 2.2357e+00
1.8000e+02 4.0000e+01 -1.1000e+00
1.8000e+02 5.0000e+01 -6.3124e-01
1.8000e+02 6.0000e+01 9.6739e-01
1.8000e+02 7.0000e+01 -7.9211e-03
1.8000e+02 8.0000e+01 6.2681e-01
1.8000e+02 9.0000e+01 1.1751e+00
1.8000e+02 1.0000e+02 -7.9261e-01
1.8000e+02 1.1000e+02 -5.5280e-01
1.8000e+02 1.2000e+02 -9.1354e-01
1.8000e+02 1.3000e+02 6.4787e-02
1.8000e+02 1.4000e+02 -2.6146e+00
1.8000e+02 1.5000e+02 1.0657e+00
1.8000e+02 1.6000e+02 3.5429e-01
1.8000e+02 1.7000e+02 1.7502e+00
1.8000e+02 1.8000e+02 8.9457e-01
1.8000e+02 1.9000e+02 -8.7385e-02
1.8000e+02 2.0000e+02 -7.4287e-01
1.9000e+02 -2.0000e+02 -1.5031e-01
1.9000e+02 -1.9000e+02 -8.8527e-01
1.9000e+02 -1.8000e+02 1.1094e+00
1.9000e+02 -1.7000e+02 2.9764e+00
1.9000e+02 -1.6000e+02 2.9789e-01
1.9000e+02 -1.5000e+02 1.5030e+00
1.9000e+02 -1.4000e+02 -2.8406e-01
1.9000e+02 -1.3000e+02 4.1816e-01
1.9000e+02 -1.2000e+02 -6.0230e-01
1.9000e+02 -1.1000e+02 4.1371e+00
1.9000e+02 -1.0000e+02 2.6708e+00
1.9000e+02 -9.0000e+01 -1.5302e+00
1.9000e+02 -8.0000e+01 2.6014e+00
1.9000e+02 -7.0000e+01 2.6861e-01
1.9000e+02 -6.0000e+01 -9.0739e-01
1.9000e+02 -5.0000e+01 -4.4381e-01
1.9000e+02 -4.0000e+01 -1.7331e+00
1.9000e+02 -3.0000e+01 1.0514e+00
1.9000e+02 -2.0000e+01 1.1339e+00
1.9000e+02 -1.0000e+01 -5.9793e-01
1.9000e+02 0.0000e+00 -2.8733e-01
1.9000e+02 1.0000e+01 7.1249e-01
1.9000e+02 2.0000e+01 -1.5939e+00
1.9000e+02 3.0000e+01 1.8212e+00
1.9000e+02 4.0000e+01 -5.1520e-01
1.9000e+02 5.0000e+01 -9.2323e-01
1.9000e+02 6.0000e+01 -7.7797e-01
1.9000e+02 7.0000e+01 1.9879e+00
1.9000e+02 8.0000e+01 8.9418e-01
1.9000e+02 9.0000e+01 -8.2237e-02
1.9000e+02 1.0000e+02 -2.8751e+00
1.9000e+02 1.1000e+02 1.8668e+00
1.9000e+02 1.2000e+02 -3.6030e-01
1.9000e+02 1.3000e+02 2.9652e+00
1.9000e+02 1.4000e+02 -5.6870e-01
1.9000e+02 1.5000e+02 -1.3146e+00
1.9000e+02 1.6000e+02 6.9549e-01
1.9000e+02 1.7000e+02 -1.7024e+00
1.9000e+02 1.8000e+02 -2.6213e+00
1.9000e+02 1.9000e+02 -1.8346e+00
1.9000e+02 2.0000e+02 -1.6351e+00
2.0000e+02 -2.0000e+02 -6.0653e-01
2.0000e+02 -1.9000e+02 -1.4091e+00
2.0000e+02 -1.8000e+02 2.3251e-01
2.0000e+02 -1.7000e+02 -3.8118e-01
2.0000e+02 -1.6000e+02 2.0790e+00
2.0000e+02 -1.5000e+02 1.9693e+00
2.0000e+02 -1.4000e+02 4.5370e-01
2.0000e+02 -1.3000e+02 8.6881e-01
2.0000e+02 -1.2000e+02 -5.2821e-01
2.0000e+02 -1.1000e+02 -1.7132e+00
2.0000e+02 -1.0000e+02 -2.5797e-01
2.0000e+02 -9.0000e+01 -5.9793e-02
2.0000e+02 -8.0000e+01 -9.2101e-01
2.0000e+02 -7.0000e+01 1.1641e+00
2.0000e+02 -6.0000e+01 -2.5706e-01
2.0000e+02 -5.0000e+01 -1.4355e+00
2.0000e+02 -4.0000e+01 -1.7485e+00
2.0000e+02 -3.0000e+01 -7.9969e-02
2.0000e+02 -2.0000e+01 -1.8578e-01
2.0000e+02 -1.0000e+01 -2.4625e-01
2.0000e+02 0.0000e+00 1.6010e+00
2.0000e+02 1.0000e+01 1.1750e-01
2.0000e+02 2.0000e+01 -3.9087e-01
2.0000e+02 3.0000e+01 -2.0560e+00
2.0000e+02 4.0000e+01 1.9547e+00
2.0000e+02 5.0000e+01 2.0922e+00
2.0000e+02 6.0000e+01 2.1933e+00
2.0000e+02 7.0000e+01 1.2863e+00
2.0000e+02 8.0000e+01 -8.9598e-01
2.0000e+02 9.0000e+01 -1.2339e+00
2.0000e+02 1.0000e+02 -1.1099e+00
2.0000e+02 1.1000e+02 5.4630e-02
2.0000e+02 1.2000e+02 -3.2649e+00
2.0000e+02 1.3000e+02 -6.8835e-01
2.0000e+02 1.4000e+02 5.3185e-01
2.0000e+02 1.5000e+02 -7.5145e-01
2.0000e+02 1.6000e+02 -1.5791e+00
2.0000e+02 1.7000e+02 -3.2906e+00
2.0000e+02 1.8000e+02 2.4003e+00
2.0000e+02 1.9000e+02 3.3033e+00
2.0000e+02 2.0000e+02 3.5230e+00
