-2.0000e+02 -2.0000e+02 -1.8860e-01
-2.0000e+02 -1.9000e+02 1.0871e+00
-2.0000e+02 -1.8000e+02 1.0058e+00
-2.0000e+02 -1.7000e+02 -1.4762e+00
-2.0000e+02 -1.6000e+02 -7.0391e-01
-2.0000e+02 -1.5000e+02 1.6154e+00
-2.0000e+02 -1.4000e+02 1.2931e+00
-2.0000e+02 -1.3000e+02 6.5251e-01
-2.0000e+02 -1.2000e+02 -7.7237e-02
-2.0000e+02 -1.1000e+02 1.2453e+00
-2.0000e+02 -1.0000e+02 -2.0963e+00
-2.0000e+02 -9.0000e+01 -3.0888e+00
-2.0000e+02 -8.0000e+01 1.4201e-01
-2.0000e+02 -7.0000e+01 -6.0878e-01
-2.0000e+02 -6.0000e+01 8.3513e-01
-2.0000e+02 -5.0000e+01 -8.4289e-01
-2.0000e+02 -4.0000e+01 -2.5911e+00
-2.0000e+02 -3.0000e+01 -9.3269e-02
-2.0000e+02 -2.0000e+01 -1.0694e+00
-2.0000e+02 -1.0000e+01 2.2289e+00
-2.0000e+02 0.0000e+00 8.6134e-01
-2.0000e+02 1.0000e+01 1.2001e+00
-2.0000e+02 2.0000e+01 9.5060e-01
-2.0000e+02 3.0000e+01 -2.0595e-01
-2.0000e+02 4.0000e+01 2.9068e+00
-2.0000e+02 5.0000e+01 -6.9778e-01
-2.0000e+02 6.0000e+01 4.9849e-01
-2.0000e+02 7.0000e+01 3.8510e+00
-2.0000e+02 8.0000e+01 4.8959e-02
-2.0000e+02 9.0000e+01 1.0548e+00
-2.0000e+02 1.0000e+02 -2.8480e+00
-2.0000e+02 1.1000e+02 -1.0084e+00
-2.0000e+02 1.2000e+02 -3.1600e+00
-2.0000e+02 1.3000e+02 1.7059e-01
-2.0000e+02 1.4000e+02 1.9599e-03
-2.0000e+02 1.5000e+02 6.5850e-02
-2.0000e+02 1.6000e+02 4.2205e-01
-2.0000e+02 1.7000e+02 -1.4871e+00
-2.0000e+02 1.8000e+02 8.0853e-01
-2.0000e+02 1.9000e+02 9.5807e-01
-2.0000e+02 2.0000e+02 2.9798e+00
-1.9000e+02 -2.0000e+02 -2.0471e+00
-1.9000e+02 -1.9000e+02 -2.9169e+00
-1.9000e+02 -1.8000e+02 3.7885e-01
-1.9000e+02 -1.7000e+02 -4.1406e-01
-1.9000e+02 -1.6000e+02 6.5364e-01
-1.9000e+02 -1.5000e+02 -2.7448e+00
-1.9000e+02 -1.4000e+02 7.0540e-01
-1.9000e+02 -1.3000e+02 6.5585e-02
-1.9000e+02 -1.2000e+02 -1.8096e+00
-1.9000e+02 -1.1000e+02 1.9397e+00
-1.9000e+02 -1.0000e+02 -1.4438e+00
-1.9000e+02 -9.0000e+01 1.2743e-01
-1.9000e+02 -8.0000e+01 -9.9097e-02
-1.9000e+02 -7.0000e+01 -2.2431e+00
-1.9000e+02 -6.0000e+01 -2.9441e+00
-1.9000e+02 -5.0000e+01 4.7059e-01
-1.9000e+02 -4.0000e+01 -1.7440e+00
-1.9000e+02 -3.0000e+01 2.1393e+00
-1.9000e+02 -2.0000e+01 2.5711e+00
-1.9000e+02 -1.0000e+01 5.9829e-01
-1.9000e+02 0.0000e+00 4.6648e-01
-1.9000e+02 1.0000e+01 6.1996e-02
-1.9000e+02 2.0000e+01 1.0787e+00
-1.9000e+02 3.0000e+01 -1.3399e-01
-1.9000e+02 4.0000e+01 -2.7776e+00
-1.9000e+02 5.0000e+01 1.3053e-01
-1.9000e+02 6.0000e+01 -7.2491e-01
-1.9000e+02 7.0000e+01 -2.9390e+00
-1.9000e+02 8.0000e+01 -8.1221e-01
-1.9000e+02 9.0000e+01 2.8012e-01
-1.9000e+02 1.0000e+02 -1.8395e+00
-1.9000e+02 1.1000e+02 -3.4422e+00
-1.9000e+02 1.2000e+02 5.8405e-01
-1.9000e+02 1.3000e+02 7.6062e-01
-1.9000e+02 1.4000e+02 1.4230e+00
-1.9000e+02 1.5000e+02 -2.0298e-01
-1.9000e+02 1.6000e+02 -4.9880e-02
-1.9000e+02 1.7000e+02 4.9746e-01
-1.9000e+02 1.8000e+02 4.5073e-01
-1.9000e+02 1.9000e+02 1.8683e+00
-1.9000e+02 2.0000e+02 2.2717e+00
-1.8000e+02 -2.0000e+02 -1.0246e+00
-1.8000e+02 -1.9000e+02 2.4604e-01
-1.8000e+02 -1.8000e+02 7.8835e-01
-1.8000e+02 -1.7000e+02 1.7579e+00
-1.8000e+02 -1.6000e+02 -6.1223e-01
-1.8000e+02 -1.5000e+02 -2.2443e+00
-1.8000e+02 -1.4000e+02 -9.6949e-01
-1.8000e+02 -1.3000e+02 -5.1453e-01
-1.8000e+02 -1.2000e+02 -2.3856e+00
-1.8000e+02 -1.1000e+02 8.3764e-02
-1.8000e+02 -1.0000e+02 -3.3614e-01
-1.8000e+02 -9.0000e+01 -3.2809e-01
-1.8000e+02 -8.0000e+01 4.1313e-01
-1.8000e+02 -7.0000e+01 -4.6373e-01
-1.8000e+02 -6.0000e+01 2.7055e+00
-1.8000e+02 -5.0000e+01 1.0170e+00
-1.8000e+02 -4.0000e+01 -1.8356e+00
-1.8000e+02 -3.0000e+01 -2.6764e-01
-1.8000e+02 -2.0000e+01 3.9566e+00
-1.8000e+02 -1.0000e+01 7.6037e-01
-1.8000e+02 0.0000e+00 -3.9122e-01
-1.8000e+02 1.0000e+01 1.7131e+00
-1.8000e+02 2.0000e+01 1.3643e+00
-1.8000e+02 3.0000e+01 2.5729e-01
-1.8000e+02 4.0000e+01 -4.0863e-01
-1.8000e+02 5.0000e+01 -3.3982e+00
-1.8000e+02 6.0000e+01 2.1976e+00
-1.8000e+02 7.0000e+01 1.3589e+00
-1.8000e+02 8.0000e+01 4.1459e-01
-1.8000e+02 9.0000e+01 -8.2678e-01
-1.8000e+02 1.0000e+02 -2.1673e+00
-1.8000e+02 1.1000e+02 1.5120e+00
-1.8000e+02 1.2000e+02 7.8117e-01
-1.8000e+02 1.3000e+02 2.2173e+00
-1.8000e+02 1.4000e+02 2.0660e+00
-1.8000e+02 1.5000e+02 1.2537e+00
-1.8000e+02 1.6000e+02 -2.1934e+00
-1.8000e+02 1.7000e+02 2.4743e+00
-1.8000e+02 1.8000e+02 2.3107e-01
-1.8000e+02 1.9000e+02 1.7383e+00
-1.8000e+02 2.0000e+02 4.9223e-02
-1.7000e+02 -2.0000e+02 -2.6745e-01
-1.7000e+02 -1.9000e+02 1.8426e-01
-1.7000e+02 -1.8000e+02 7.5899e-02
-1.7000e+02 -1.7000e+02 1.8129e-01
-1.7000e+02 -1.6000e+02 1.1935e+00
-1.7000e+02 -1.5000e+02 -3.6742e-01
-1.7000e+02 -1.4000e+02 -1.0653e+00
-1.7000e+02 -1.3000e+02 4.4008e-01
-1.7000e+02 -1.2000e+02 -1.9585e+00
-1.7000e+02 -1.1000e+02 2.4214e+00
-1.7000e+02 -1.0000e+02 -6.4062e-02
-1.7000e+02 -9.0000e+01 9.2720e-01
-1.7000e+02 -8.0000e+01 2.1538e+00
-1.7000e+02 -7.0000e+01 8.2826e-01
-1.7000e+02 -6.0000e+01 1.6098e+00
-1.7000e+02 -5.0000e+01 -6.9722e-01
-1.7000e+02 -4.0000e+01 1.1045e+00
-1.7000e+02 -3.0000e+01 9.3565e-01
-1.7000e+02 -2.0000e+01 -1.8010e+00
-1.7000e+02 -1.0000e+01 1.3852e+00
-1.7000e+02 0.0000e+00 -1.3633e+00
-1.7000e+02 1.0000e+01 -5.9917e-01
-1.7000e+02 2.0000e+01 4.9754e-01
-1.7000e+02 3.0000e+01 1.1291e-02
-1.7000e+02 4.0000e+01 -2.6232e+00
-1.7000e+02 5.0000e+01 1.9301e+00
-1.7000e+02 6.0000e+01 1.0286e+00
-1.7000e+02 7.0000e+01 8.6347e-01
-1.7000e+02 8.0000e+01 -5.9699e-01
-1.7000e+02 9.0000e+01 8.3990e-03
-1.7000e+02 1.0000e+02 -1.6575e+00
-1.7000e+02 1.1000e+02 8.5480e-01
-1.7000e+02 1.2000e+02 -3.2997e-01
-1.7000e+02 1.3000e+02 -3.0897e-01
-1.7000e+02 1.4000e+02 -1.1281e+00
-1.7000e+02 1.5000e+02 2.9839e+00
-1.7000e+02 1.6000e+02 -1.4792e+00
-1.7000e+02 1.7000e+02 9.3577e-01
-1.7000e+02 1.8000e+02 -3.7145e-01
-1.7000e+02 1.9000e+02 1.4064e-01
-1.7000e+02 2.0000e+02 3.5822e-01
-1.6000e+02 -2.0000e+02 -1.5497e-01
-1.6000e+02 -1.9000e+02 1.3245e+00
-1.6000e+02 -1.8000e+02 -5.2369e-01
-1.6000e+02 -1.7000e+02 -9.4475e-01
-1.6000e+02 -1.6000e+02 2.6016e+00
-1.6000e+02 -1.5000e+02 6.7942e-01
-1.6000e+02 -1.4000e+02 -4.0866e-01
-1.6000e+02 -1.3000e+02 -1.4830e+00
-1.6000e+02 -1.2000e+02 5.9770e-01
-1.6000e+02 -1.1000e+02 2.0277e-01
-1.6000e+02 -1.0000e+02 -6.7149e-01
-1.6000e+02 -9.0000e+01 -3.0811e+00
-1.6000e+02 -8.0000e+01 9.6462e-01
-1.6000e+02 -7.0000e+01 -2.6582e-01
-1.6000e+02 -6.0000e+01 -1.0650e+00
-1.6000e+02 -5.0000e+01 -7.4458e-01
-1.6000e+02 -4.0000e+01 1.7927e+00
-1.6000e+02 -3.0000e+01 1.4136e+00
-1.6000e+02 -2.0000e+01 -2.0179e+00
-1.6000e+02 -1.0000e+01 -1.2007e+00
-1.6000e+02 0.0000e+00 1.2697e+00
-1.6000e+02 1.0000e+01 -1.3812e+00
-1.6000e+02 2.0000e+01 -1.8667e+00
-1.6000e+02 3.0000e+01 -4.7421e-01
-1.6000e+02 4.0000e+01 1.2859e+00
-1.6000e+02 5.0000e+01 -7.8599e-01
-1.6000e+02 6.0000e+01 3.2774e+00
-1.6000e+02 7.0000e+01 -1.0843e+00
-1.6000e+02 8.0000e+01 -4.6033e-01
-1.6000e+02 9.0000e+01 2.0559e+00
-1.6000e+02 1.0000e+02 -5.0446e-01
-1.6000e+02 1.1000e+02 -1.2876e+00
-1.6000e+02 1.2000e+02 -1.8302e+00
-1.6000e+02 1.3000e+02 1.8891e+00
-1.6000e+02 1.4000e+02 -3.3300e+00
-1.6000e+02 1.5000e+02 2.9516e+00
-1.6000e+02 1.6000e+02 -6.9723e-01
-1.6000e+02 1.7000e+02 -2.3020e+00
-1.6000e+02 1.8000e+02 -1.9792e-01
-1.6000e+02 1.9000e+02 1.5898e+00
-1.6000e+02 2.0000e+02 -1.6316e+00
-1.5000e+02 -2.0000e+02 1.3546e+00
-1.5000e+02 -1.9000e+02 1.2068e-01
-1.5000e+02 -1.8000e+02 -1.4783e+00
-1.5000e+02 -1.7000e+02 -2.8119e-01
-1.5000e+02 -1.6000e+02 1.2580e+00
-1.5000e+02 -1.5000e+02 -2.1754e+00
-1.5000e+02 -1.4000e+02 1.2386e+00
-1.5000e+02 -1.3000e+02 -2.8118e-01
-1.5000e+02 -1.2000e+02 5.8406e-01
-1.5000e+02 -1.1000e+02 -1.4001e-01
-1.5000e+02 -1.0000e+02 7.7124e-01
-1.5000e+02 -9.0000e+01 7.5936e-01
-1.5000e+02 -8.0000e+01 -2.3040e+00
-1.5000e+02 -7.0000e+01 2.2819e+00
-1.5000e+02 -6.0000e+01 -2.4192e-01
-1.5000e+02 -5.0000e+01 3.1603e+00
-1.5000e+02 -4.0000e+01 -2.5130e+00
-1.5000e+02 -3.0000e+01 -5.2843e-01
-1.5000e+02 -2.0000e+01 -6.4280e-01
-1.5000e+02 -1.0000e+01 -2.8013e+00
-1.5000e+02 0.0000e+00 -1.7253e+00
-1.5000e+02 1.0000e+01 -4.8778e-01
-1.5000e+02 2.0000e+01 1.0360e+00
-1.5000e+02 3.0000e+01 -8.9771e-01
-1.5000e+02 4.0000e+01 3.4412e-01
-1.5000e+02 5.0000e+01 -6.5693e-01
-1.5000e+02 6.0000e+01 -2.9438e+00
-1.5000e+02 7.0000e+01 -8.1438e-01
-1.5000e+02 8.0000e+01 -7.3689e-03
-1.5000e+02 9.0000e+01 -1.4186e+00
-1.5000e+02 1.0000e+02 -2.4511e-01
-1.5000e+02 1.1000e+02 -1.6335e+00
-1.5000e+02 1.2000e+02 5.7019e-01
-1.5000e+02 1.3000e+02 9.1183e-01
-1.5000e+02 1.4000e+02 -9.7079e-01
-1.5000e+02 1.5000e+02 3.6370e+00
-1.5000e+02 1.6000e+02 2.4571e+00
-1.5000e+02 1.7000e+02 1.7236e+00
-1.5000e+02 1.8000e+02 -3.6373e-01
-1.5000e+02 1.9000e+02 -8.6390e-01
-1.5000e+02 2.0000e+02 -2.3108e+00
-1.4000e+02 -2.0000e+02 -1.6497e+00
-1.4000e+02 -1.9000e+02 -7.3400e-01
-1.4000e+02 -1.8000e+02 9.0171e-01
-1.4000e+02 -1.7000e+02 -1.0581e+00
-1.4000e+02 -1.6000e+02 -1.4432e+00
-1.4000e+02 -1.5000e+02 4.9048e-02
-1.4000e+02 -1.4000e+02 1.1365e+00
-1.4000e+02 -1.3000e+02 -9.1041e-01
-1.4000e+02 -1.2000e+02 -5.6125e-01
-1.4000e+02 -1.1000e+02 -1.0834e+00
-1.4000e+02 -1.0000e+02 -1.4919e+00
-1.4000e+02 -9.0000e+01 -1.5967e+00
-1.4000e+02 -8.0000e+01 1.9420e+00
-1.4000e+02 -7.0000e+01 2.7279e+00
-1.4000e+02 -6.0000e+01 1.1815e+00
-1.4000e+02 -5.0000e+01 -2.0227e+00
-1.4000e+02 -4.0000e+01 1.1640e-01
-1.4000e+02 -3.0000e+01 -7.7182e-01
-1.4000e+02 -2.0000e+01 -5.6046e-01
-1.4000e+02 -1.0000e+01 -1.4073e+00
-1.4000e+02 0.0000e+00 1.7225e-01
-1.4000e+02 1.0000e+01 8.6699e-02
-1.4000e+02 2.0000e+01 2.4097e+00
-1.4000e+02 3.0000e+01 7.3393e-01
-1.4000e+02 4.0000e+01 -2.5261e-01
-1.4000e+02 5.0000e+01 -1.5915e+00
-1.4000e+02 6.0000e+01 7.1528e-01
-1.4000e+02 7.0000e+01 2.8569e-01
-1.4000e+02 8.0000e+01 4.4964e-01
-1.4000e+02 9.0000e+01 1.4818e+00
-1.4000e+02 1.0000e+02 -5.8503e-01
-1.4000e+02 1.1000e+02 -2.6976e+00
-1.4000e+02 1.2000e+02 1.3920e+00
-1.4000e+02 1.3000e+02 -1.6105e+00
-1.4000e+02 1.4000e+02 2.9560e-01
-1.4000e+02 1.5000e+02 1.1519e+00
-1.4000e+02 1.6000e+02 -1.2820e+00
-1.4000e+02 1.7000e+02 3.3950e-01
-1.4000e+02 1.8000e+02 -9.5358e-01
-1.4000e+02 1.9000e+02 1.0110e+00
-1.4000e+02 2.0000e+02 -1.3732e-01
-1.3000e+02 -2.0000e+02 1.6243e-01
-1.3000e+02 -1.9000e+02 1.3152e+00
-1.3000e+02 -1.8000e+02 -3.2694e+00
-1.3000e+02 -1.7000e+02 2.1303e+00
-1.3000e+02 -1.6000e+02 -1.1152e+00
-1.3000e+02 -1.5000e+02 -1.9855e+00
-1.3000e+02 -1.4000e+02 -2.2047e+00
-1.3000e+02 -1.3000e+02 1.1317e-01
-1.3000e+02 -1.2000e+02 1.8736e+00
-1.3000e+02 -1.1000e+02 5.9067e-01
-1.3000e+02 -1.0000e+02 -6.0317e-01
-1.3000e+02 -9.0000e+01 1.0166e+00
-1.3000e+02 -8.0000e+01 1.7624e+00
-1.3000e+02 -7.0000e+01 -2.2866e-01
-1.3000e+02 -6.0000e+01 2.6668e+00
-1.3000e+02 -5.0000e+01 1.9573e+00
-1.3000e+02 -4.0000e+01 -6.4416e-01
-1.3000e+02 -3.0000e+01 1.4797e-01
-1.3000e+02 -2.0000e+01 -1.4959e+00
-1.3000e+02 -1.0000e+01 -1.0285e+00
-1.3000e+02 0.0000e+00 -2.3101e+00
-1.3000e+02 1.0000e+01 2.0529e+00
-1.3000e+02 2.0000e+01 -1.4276e+00
-1.3000e+02 3.0000e+01 -2.5437e+00
-1.3000e+02 4.0000e+01 -2.0277e+00
-1.3000e+02 5.0000e+01 1.4970e+00
-1.3000e+02 6.0000e+01 -2.9493e+00
-1.3000e+02 7.0000e+01 -1.6150e+00
-1.3000e+02 8.0000e+01 6.7784e-01
-1.3000e+02 9.0000e+01 -1.0643e+00
-1.3000e+02 1.0000e+02 -5.5469e-01
-1.3000e+02 1.1000e+02 9.3175e-01
-1.3000e+02 1.2000e+02 -3.6916e+00
-1.3000e+02 1.3000e+02 -1.9060e+00
-1.3000e+02 1.4000e+02 1.6295e+00
-1.3000e+02 1.5000e+02 4.6538e-01
-1.3000e+02 1.6000e+02 7.2000e-01
-1.3000e+02 1.7000e+02 -6.5991e-01
-1.3000e+02 1.8000e+02 2.1587e-01
-1.3000e+02 1.9000e+02 -2.7066e+00
-1.3000e+02 2.0000e+02 -1.0057e+00
-1.2000e+02 -2.0000e+02 6.6651e-02
-1.2000e+02 -1.9000e+02 8.6463e-01
-1.2000e+02 -1.8000e+02 1.4601e+00
-1.2000e+02 -1.7000e+02 5.3873e-01
-1.2000e+02 -1.6000e+02 5.9307e-01
-1.2000e+02 -1.5000e+02 1.5326e+00
-1.2000e+02 -1.4000e+02 -3.6107e+00
-1.2000e+02 -1.3000e+02 8.9163e-01
-1.2000e+02 -1.2000e+02 1.1289e+00
-1.2000e+02 -1.1000e+02 1.3298e-01
-1.2000e+02 -1.0000e+02 -1.3072e+00
-1.2000e+02 -9.0000e+01 -1.7178e+00
-1.2000e+02 -8.0000e+01 -4.4516e-01
-1.2000e+02 -7.0000e+01 1.6812e+00
-1.2000e+02 -6.0000e+01 -6.1435e-01
-1.2000e+02 -5.0000e+01 1.2197e+00
-1.2000e+02 -4.0000e+01 1.6477e+00
-1.2000e+02 -3.0000e+01 -1.1259e+00
-1.2000e+02 -2.0000e+01 -1.5658e+00
-1.2000e+02 -1.0000e+01 -2.2349e+00
-1.2000e+02 0.0000e+00 -4.8957e-01
-1.2000e+02 1.0000e+01 -4.3185e-01
-1.2000e+02 2.0000e+01 -3.6462e+00
-1.2000e+02 3.0000e+01 -2.9854e+00
-1.2000e+02 4.0000e+01 -3.7302e+00
-1.2000e+02 5.0000e+01 -2.8977e+00
-1.2000e+02 6.0000e+01 -2.3199e+00
-1.2000e+02 7.0000e+01 -2.2126e+00
-1.2000e+02 8.0000e+01 1.6842e-01
-1.2000e+02 9.0000e+01 -1.8058e+00
-1.2000e+02 1.0000e+02 -8.2340e-01
-1.2000e+02 1.1000e+02 -1.0291e+00
-1.2000e+02 1.2000e+02 6.6471e-01
-1.2000e+02 1.3000e+02 -2.3129e+00
-1.2000e+02 1.4000e+02 -3.7159e+00
-1.2000e+02 1.5000e+02 -1.8815e+00
-1.2000e+02 1.6000e+02 -2.8387e+00
-1.2000e+02 1.7000e+02 -4.5091e-02
-1.2000e+02 1.8000e+02 -7.4807e-01
-1.2000e+02 1.9000e+02 -1.2508e+00
-1.2000e+02 2.0000e+02 -8.5613e-01
-1.1000e+02 -2.0000e+02 8.4316e-01
-1.1000e+02 -1.9000e+02 1.0623e+00
-1.1000e+02 -1.8000e+02 2.2413e+00
-1.1000e+02 -1.7000e+02 -1.2055e+00
-1.1000e+02 -1.6000e+02 -3.4543e+00
-1.1000e+02 -1.5000e+02 2.0192e-01
-1.1000e+02 -1.4000e+02 -1.4662e+00
-1.1000e+02 -1.3000e+02 7.4625e-02
-1.1000e+02 -1.2000e+02 2.2701e+00
-1.1000e+02 -1.1000e+02 -9.0473e-01
-1.1000e+02 -1.0000e+02 4.4122e-01
-1.1000e+02 -9.0000e+01 1.6998e+00
-1.1000e+02 -8.0000e+01 1.1570e-01
-1.1000e+02 -7.0000e+01 -2.5335e+00
-1.1000e+02 -6.0000e+01 -7.8505e-01
-1.1000e+02 -5.0000e+01 -1.2815e+00
-1.1000e+02 -4.0000e+01 -1.6875e+00
-1.1000e+02 -3.0000e+01 -1.2668e+00
-1.1000e+02 -2.0000e+01 4.9757e-01
-1.1000e+02 -1.0000e+01 -3.6840e+00
-1.1000e+02 0.0000e+00 -5.4066e-01
-1.1000e+02 1.0000e+01 -1.5896e+00
-1.1000e+02 2.0000e+01 -2.0912e+00
-1.1000e+02 3.0000e+01 -3.0233e+00
-1.1000e+02 4.0000e+01 -5.4569e+00
-1.1000e+02 5.0000e+01 -2.1834e+00
-1.1000e+02 6.0000e+01 -1.0150e+00
-1.1000e+02 7.0000e+01 -1.3981e+00
-1.1000e+02 8.0000e+01 -3.0392e-01
-1.1000e+02 9.0000e+01 -2.7401e+00
-1.1000e+02 1.0000e+02 1.4867e+00
-1.1000e+02 1.1000e+02 -7.7994e-01
-1.1000e+02 1.2000e+02 -2.1100e+00
-1.1000e+02 1.3000e+02 -1.6307e+00
-1.1000e+02 1.4000e+02 2.8817e-01
-1.1000e+02 1.5000e+02 -1.6422e+00
-1.1000e+02 1.6000e+02 -5.9589e-01
-1.1000e+02 1.7000e+02 1.2088e+00
-1.1000e+02 1.8000e+02 -9.7259e-01
-1.1000e+02 1.9000e+02 2.6644e+00
-1.1000e+02 2.0000e+02 -9.8125e-01
-1.0000e+02 -2.0000e+02 1.4838e+00
-1.0000e+02 -1.9000e+02 -1.2750e+00
-1.0000e+02 -1.8000e+02 -2.0452e+00
-1.0000e+02 -1.7000e+02 -4.8518e-01
-1.0000e+02 -1.6000e+02 1.0062e+00
-1.0000e+02 -1.5000e+02 -1.5669e+00
-1.0000e+02 -1.4000e+02 -7.6722e-01
-1.0000e+02 -1.3000e+02 1.8633e+00
-1.0000e+02 -1.2000e+02 -6.4815e-01
-1.0000e+02 -1.1000e+02 -3.9049e-01
-1.0000e+02 -1.0000e+02 7.1429e-02
-1.0000e+02 -9.0000e+01 -8.3523e-02
-1.0000e+02 -8.0000e+01 -2.3298e+00
-1.0000e+02 -7.0000e+01 1.1928e+00
-1.0000e+02 -6.0000e+01 -2.0219e+00
-1.0000e+02 -5.0000e+01 -3.1405e+00
-1.0000e+02 -4.0000e+01 -3.2516e+00
-1.0000e+02 -3.0000e+01 -2.5736e+00
-1.0000e+02 -2.0000e+01 -3.0837e+00
-1.0000e+02 -1.0000e+01 -7.8346e-01
-1.0000e+02 0.0000e+00 -3.6943e+00
-1.0000e+02 1.0000e+01 -2.0429e+00
-1.0000e+02 2.0000e+01 -3.3382e+00
-1.0000e+02 3.0000e+01 -1.3475e+00
-1.0000e+02 4.0000e+01 -2.2710e+00
-1.0000e+02 5.0000e+01 -9.4610e-01
-1.0000e+02 6.0000e+01 -4.1520e+00
-1.0000e+02 7.0000e+01 -6.1058e-01
-1.0000e+02 8.0000e+01 -5.7995e-01
-1.0000e+02 9.0000e+01 -8.4757e-01
-1.0000e+02 1.0000e+02 9.3215e-02
-1.0000e+02 1.1000e+02 7.1228e-01
-1.0000e+02 1.2000e+02 -1.6464e+00
-1.0000e+02 1.3000e+02 1.4910e+00
-1.0000e+02 1.4000e+02 -2.8562e+00
-1.0000e+02 1.5000e+02 5.0451e-01
-1.0000e+02 1.6000e+02 1.5691e-01
-1.0000e+02 1.7000e+02 -6.0230e-01
-1.0000e+02 1.8000e+02 -8.9667e-01
-1.0000e+02 1.9000e+02 -1.7362e+00
-1.0000e+02 2.0000e+02 -2.9492e-01
-9.0000e+01 -2.0000e+02 1.2107e+00
-9.0000e+01 -1.9000e+02 -1.7074e+00
-9.0000e+01 -1.8000e+02 -1.0226e+00
-9.0000e+01 -1.7000e+02 -1.4600e+00
-9.0000e+01 -1.6000e+02 -6.0799e-01
-9.0000e+01 -1.5000e+02 1.6175e+00
-9.0000e+01 -1.4000e+02 1.4008e+00
-9.0000e+01 -1.3000e+02 6.7659e-01
-9.0000e+01 -1.2000e+02 -2.2937e+00
-9.0000e+01 -1.1000e+02 -1.7978e+00
-9.0000e+01 -1.0000e+02 -2.1645e+00
-9.0000e+01 -9.0000e+01 6.8543e-01
-9.0000e+01 -8.0000e+01 -3.8146e-02
-9.0000e+01 -7.0000e+01 -2.5063e-01
-9.0000e+01 -6.0000e+01 -2.9500e+00
-9.0000e+01 -5.0000e+01 -1.8510e+00
-9.0000e+01 -4.0000e+01 -5.2671e+00
-9.0000e+01 -3.0000e+01 -1.9980e+00
-9.0000e+01 -2.0000e+01 -7.8613e+00
-9.0000e+01 -1.0000e+01 -3.4037e+00
-9.0000e+01 0.0000e+00 -3.6298e+00
-9.0000e+01 1.0000e+01 -1.7564e+00
-9.0000e+01 2.0000e+01 -4.8708e+00
-9.0000e+01 3.0000e+01 -2.3880e+00
-9.0000e+01 4.0000e+01 -7.0297e-01
-9.0000e+01 5.0000e+01 -4.4342e+00
-9.0000e+01 6.0000e+01 7.0921e-01
-9.0000e+01 7.0000e+01 4.7704e-01
-9.0000e+01 8.0000e+01 -1.3150e+00
-9.0000e+01 9.0000e+01 -2.2332e+00
-9.0000e+01 1.0000e+02 -1.4071e+00
-9.0000e+01 1.1000e+02 -3.3054e+00
-9.0000e+01 1.2000e+02 -1.0837e+00
-9.0000e+01 1.3000e+02 -3.4205e+00
-9.0000e+01 1.4000e+02 -6.6497e-01
-9.0000e+01 1.5000e+02 9.7036e-01
-9.0000e+01 1.6000e+02 -1.0490e+00
-9.0000e+01 1.7000e+02 -2.9037e-01
-9.0000e+01 1.8000e+02 -1.1065e-01
-9.0000e+01 1.9000e+02 7.5316e-01
-9.0000e+01 2.0000e+02 -2.1353e+00
-8.0000e+01 -2.0000e+02 -8.7276e-01
-8.0000e+01 -1.9000e+02 2.4008e+00
-8.0000e+01 -1.8000e+02 -9.7749e-01
-8.0000e+01 -1.7000e+02 1.7068e-03
-8.0000e+01 -1.6000e+02 -4.9157e-01
-8.0000e+01 -1.5000e+02 2.2673e+00
-8.0000e+01 -1.4000e+02 -1.0303e+00
-8.0000e+01 -1.3000e+02 -3.1465e+00
-8.0000e+01 -1.2000e+02 9.9437e-01
-8.0000e+01 -1.1000e+02 1.0695e-01
-8.0000e+01 -1.0000e+02 -8.9416e-01
-8.0000e+01 -9.0000e+01 -7.5355e-01
-8.0000e+01 -8.0000e+01 -1.3514e+00
-8.0000e+01 -7.0000e+01 -2.5230e+00
-8.0000e+01 -6.0000e+01 -5.6125e+00
-8.0000e+01 -5.0000e+01 -3.1717e+00
-8.0000e+01 -4.0000e+01 -3.8528e+00
-8.0000e+01 -3.0000e+01 -6.3061e+00
-8.0000e+01 -2.0000e+01 -5.2407e+00
-8.0000e+01 -1.0000e+01 -3.8653e+00
-8.0000e+01 0.0000e+00 -9.9772e+00
-8.0000e+01 1.0000e+01 -4.8262e+00
-8.0000e+01 2.0000e+01 -5.2224e+00
-8.0000e+01 3.0000e+01 -2.9193e+00
-8.0000e+01 4.0000e+01 -4.7415e+00
-8.0000e+01 5.0000e+01 -3.1203e+00
-8.0000e+01 6.0000e+01 -5.3031e+00
-8.0000e+01 7.0000e+01 -6.1351e+00
-8.0000e+01 8.0000e+01 -5.9554e-01
-8.0000e+01 9.0000e+01 -1.4447e+00
-8.0000e+01 1.0000e+02 -3.2223e+00
-8.0000e+01 1.1000e+02 -3.3603e+00
-8.0000e+01 1.2000e+02 -1.1147e+00
-8.0000e+01 1.3000e+02 -3.6152e+00
-8.0000e+01 1.4000e+02 -8.0180e-01
-8.0000e+01 1.5000e+02 -2.3396e+00
-8.0000e+01 1.6000e+02 2.0258e-01
-8.0000e+01 1.7000e+02 -3.3839e+00
-8.0000e+01 1.8000e+02 -1.4641e+00
-8.0000e+01 1.9000e+02 1.1843e+00
-8.0000e+01 2.0000e+02 1.6010e+00
-7.0000e+01 -2.0000e+02 -4.1965e-01
-7.0000e+01 -1.9000e+02 4.9285e-01
-7.0000e+01 -1.8000e+02 5.2479e-02
-7.0000e+01 -1.7000e+02 1.4695e+00
-7.0000e+01 -1.6000e+02 -2.0323e+00
-7.0000e+01 -1.5000e+02 1.3176e+00
-7.0000e+01 -1.4000e+02 2.1070e+00
-7.0000e+01 -1.3000e+02 -1.3996e+00
-7.0000e+01 -1.2000e+02 -5.1321e-01
-7.0000e+01 -1.1000e+02 7.7053e-01
-7.0000e+01 -1.0000e+02 -1.2318e+00
-7.0000e+01 -9.0000e+01 4.2026e-01
-7.0000e+01 -8.0000e+01 -3.9897e+00
-7.0000e+01 -7.0000e+01 -4.0119e+00
-7.0000e+01 -6.0000e+01 -4.9917e+00
-7.0000e+01 -5.0000e+01 -3.7093e+00
-7.0000e+01 -4.0000e+01 -5.1578e+00
-7.0000e+01 -3.0000e+01 -4.2415e+00
-7.0000e+01 -2.0000e+01 -4.2828e+00
-7.0000e+01 -1.0000e+01 -6.2437e+00
-7.0000e+01 0.0000e+00 -5.9581e+00
-7.0000e+01 1.0000e+01 -8.8114e+00
-7.0000e+01 2.0000e+01 -4.6597e+00
-7.0000e+01 3.0000e+01 -6.5031e+00
-7.0000e+01 4.0000e+01 -5.6402e+00
-7.0000e+01 5.0000e+01 -4.5792e+00
-7.0000e+01 6.0000e+01 -3.9924e+00
-7.0000e+01 7.0000e+01 -3.6275e+00
-7.0000e+01 8.0000e+01 -3.0872e+00
-7.0000e+01 9.0000e+01 -2.8962e+00
-7.0000e+01 1.0000e+02 -9.9145e-01
-7.0000e+01 1.1000e+02 -6.4075e-01
-7.0000e+01 1.2000e+02 -2.6946e-01
-7.0000e+01 1.3000e+02 -1.1470e-01
-7.0000e+01 1.4000e+02 2.2630e-01
-7.0000e+01 1.5000e+02 -2.5706e+00
-7.0000e+01 1.6000e+02 3.3587e+00
-7.0000e+01 1.7000e+02 -1.7452e+00
-7.0000e+01 1.8000e+02 -1.9423e+00
-7.0000e+01 1.9000e+02 8.1591e-01
-7.0000e+01 2.0000e+02 1.9055e+00
-6.0000e+01 -2.0000e+02 -2.5521e-01
-6.0000e+01 -1.9000e+02 1.9929e+00
-6.0000e+01 -1.8000e+02 4.1361e-01
-6.0000e+01 -1.7000e+02 -5.4442e-01
-6.0000e+01 -1.6000e+02 -2.8510e-01
-6.0000e+01 -1.5000e+02 1.9760e+00
-6.0000e+01 -1.4000e+02 -2.0470e+00
-6.0000e+01 -1.3000e+02 2.0815e+00
-6.0000e+01 -1.2000e+02 9.5830e-02
-6.0000e+01 -1.1000e+02 7.2528e-01
-6.0000e+01 -1.0000e+02 -1.7652e+00
-6.0000e+01 -9.0000e+01 -2.5546e+00
-6.0000e+01 -8.0000e+01 -3.1354e+00
-6.0000e+01 -7.0000e+01 -5.5267e+00
-6.0000e+01 -6.0000e+01 -4.5500e+00
-6.0000e+01 -5.0000e+01 -6.5147e+00
-6.0000e+01 -4.0000e+01 -9.2889e+00
-6.0000e+01 -3.0000e+01 -6.7475e+00
-6.0000e+01 -2.0000e+01 -6.8552e+00
-6.0000e+01 -1.0000e+01 -6.4079e+00
-6.0000e+01 0.0000e+00 -9.8404e+00
-6.0000e+01 1.0000e+01 -8.4920e+00
-6.0000e+01 2.0000e+01 -7.0186e+00
-6.0000e+01 3.0000e+01 -6.5824e+00
-6.0000e+01 4.0000e+01 -4.7443e+00
-6.0000e+01 5.0000e+01 -5.4291e+00
-6.0000e+01 6.0000e+01 -4.3083e+00
-6.0000e+01 7.0000e+01 -6.4775e+00
-6.0000e+01 8.0000e+01 -1.3507e+00
-6.0000e+01 9.0000e+01 -1.9591e+00
-6.0000e+01 1.0000e+02 -3.8341e+00
-6.0000e+01 1.1000e+02 -1.7935e-01
-6.0000e+01 1.2000e+02 -1.5298e+00
-6.0000e+01 1.3000e+02 -9.9180e-01
-6.0000e+01 1.4000e+02 -1.9174e+00
-6.0000e+01 1.5000e+02 -5.9658e-01
-6.0000e+01 1.6000e+02 -1.2724e+00
-6.0000e+01 1.7000e+02 1.3042e+00
-6.0000e+01 1.8000e+02 1.6021e+00
-6.0000e+01 1.9000e+02 2.1386e+00
-6.0000e+01 2.0000e+02 -2.4831e+00
-5.0000e+01 -2.0000e+02 8.8744e-01
-5.0000e+01 -1.9000e+02 -1.1660e+00
-5.0000e+01 -1.8000e+02 -2.1721e+00
-5.0000e+01 -1.7000e+02 -4.0392e-01
-5.0000e+01 -1.6000e+02 -1.7571e+00
-5.0000e+01 -1.5000e+02 -2.0522e+00
-5.0000e+01 -1.4000e+02 2.5965e-01
-5.0000e+01 -1.3000e+02 -9.4012e-01
-5.0000e+01 -1.2000e+02 -8.7804e-01
-5.0000e+01 -1.1000e+02 -9.0525e-01
-5.0000e+01 -1.0000e+02 -3.6029e+00
-5.0000e+01 -9.0000e+01 -3.0942e+00
-5.0000e+01 -8.0000e+01 -3.7818e+00
-5.0000e+01 -7.0000e+01 -7.0784e+00
-5.0000e+01 -6.0000e+01 -6.3511e+00
-5.0000e+01 -5.0000e+01 -6.4387e+00
-5.0000e+01 -4.0000e+01 -5.0210e+00
-5.0000e+01 -3.0000e+01 -1.0892e+01
-5.0000e+01 -2.0000e+01 -9.1506e+00
-5.0000e+01 -1.0000e+01 -1.2329e+01
-5.0000e+01 0.0000e+00 -9.2648e+00
-5.0000e+01 1.0000e+01 -9.4818e+00
-5.0000e+01 2.0000e+01 -1.1371e+01
-5.0000e+01 3.0000e+01 -9.3687e+00
-5.0000e+01 4.0000e+01 -8.4333e+00
-5.0000e+01 5.0000e+01 -9.5479e+00
-5.0000e+01 6.0000e+01 -3.8622e+00
-5.0000e+01 7.0000e+01 -5.9813e+00
-5.0000e+01 8.0000e+01 -3.2668e+00
-5.0000e+01 9.0000e+01 -2.0090e+00
-5.0000e+01 1.0000e+02 -4.4998e+00
-5.0000e+01 1.1000e+02 -3.8295e+00
-5.0000e+01 1.2000e+02 -1.5808e+00
-5.0000e+01 1.3000e+02 -5.3446e-01
-5.0000e+01 1.4000e+02 -1.4106e-01
-5.0000e+01 1.5000e+02 1.3487e+00
-5.0000e+01 1.6000e+02 -2.0537e-02
-5.0000e+01 1.7000e+02 1.3646e+00
-5.0000e+01 1.8000e+02 -1.1164e+00
-5.0000e+01 1.9000e+02 7.2966e-01
-5.0000e+01 2.0000e+02 -4.1349e-01
-4.0000e+01 -2.0000e+02 -1.3436e+00
-4.0000e+01 -1.9000e+02 4.3145e-01
-4.0000e+01 -1.8000e+02 -8.8866e-01
-4.0000e+01 -1.7000e+02 -9.3320e-02
-4.0000e+01 -1.6000e+02 2.6139e-01
-4.0000e+01 -1.5000e+02 1.9683e+00
-4.0000e+01 -1.4000e+02 -3.0758e+00
-4.0000e+01 -1.3000e+02 -6.6971e-01
-4.0000e+01 -1.2000e+02 4.2755e-01
-4.0000e+01 -1.1000e+02 -2.6950e+00
-4.0000e+01 -1.0000e+02 -2.3675e+00
-4.0000e+01 -9.0000e+01 -3.3654e+00
-4.0000e+01 -8.0000e+01 -4.6156e+00
-4.0000e+01 -7.0000e+01 -5.1495e+00
-4.0000e+01 -6.0000e+01 -5.8151e+00
-4.0000e+01 -5.0000e+01 -8.3455e+00
-4.0000e+01 -4.0000e+01 -9.5181e+00
-4.0000e+01 -3.0000e+01 -1.2134e+01
-4.0000e+01 -2.0000e+01 -9.8372e+00
-4.0000e+01 -1.0000e+01 -1.2327e+01
-4.0000e+01 0.0000e+00 -1.1645e+01
-4.0000e+01 1.0000e+01 -1.2456e+01
-4.0000e+01 2.0000e+01 -1.3019e+01
-4.0000e+01 3.0000e+01 -9.2797e+00
-4.0000e+01 4.0000e+01 -1.0846e+01
-4.0000e+01 5.0000e+01 -9.3327e+00
-4.0000e+01 6.0000e+01 -5.2951e+00
-4.0000e+01 7.0000e+01 -4.0765e+00
-4.0000e+01 8.0000e+01 -2.6603e+00
-4.0000e+01 9.0000e+01 -8.7997e-01
-4.0000e+01 1.0000e+02 -2.3037e+00
-4.0000e+01 1.1000e+02 -9.7968e-01
-4.0000e+01 1.2000e+02 -1.3766e+00
-4.0000e+01 1.3000e+02 1.5702e+00
-4.0000e+01 1.4000e+02 -2.0496e+00
-4.0000e+01 1.5000e+02 -1.8005e+00
-4.0000e+01 1.6000e+02 7.9991e-01
-4.0000e+01 1.7000e+02 9.5820e-01
-4.0000e+01 1.8000e+02 2.7583e+00
-4.0000e+01 1.9000e+02 3.2565e-01
-4.0000e+01 2.0000e+02 3.6720e+00
-3.0000e+01 -2.0000e+02 -1.1398e+00
-3.0000e+01 -1.9000e+02 -1.2212e+00
-3.0000e+01 -1.8000e+02 7.7050e-01
-3.0000e+01 -1.7000e+02 1.0589e-01
-3.0000e+01 -1.6000e+02 -8.6674e-02
-3.0000e+01 -1.5000e+02 9.6459e-01
-3.0000e+01 -1.4000e+02 4.9558e-01
-3.0000e+01 -1.3000e+02 -9.7244e-01
-3.0000e+01 -1.2000e+02 -1.9163e+00
-3.0000e+01 -1.1000e+02 -7.1111e-01
-3.0000e+01 -1.0000e+02 -2.7074e+00
-3.0000e+01 -9.0000e+01 -4.6762e+00
-3.0000e+01 -8.0000e+01 -2.8962e+00
-3.0000e+01 -7.0000e+01 -6.1911e+00
-3.0000e+01 -6.0000e+01 -5.9016e+00
-3.0000e+01 -5.0000e+01 -1.0717e+01
-3.0000e+01 -4.0000e+01 -1.0308e+01
-3.0000e+01 -3.0000e+01 -9.8650e+00
-3.0000e+01 -2.0000e+01 -1.1487e+01
-3.0000e+01 -1.0000e+01 -1.4313e+01
-3.0000e+01 0.0000e+00 -1.3777e+01
-3.0000e+01 1.0000e+01 -1.2785e+01
-3.0000e+01 2.0000e+01 -1.2183e+01
-3.0000e+01 3.0000e+01 -1.0873e+01
-3.0000e+01 4.0000e+01 -1.0819e+01
-3.0000e+01 5.0000e+01 -6.7968e+00
-3.0000e+01 6.0000e+01 -1.1616e+01
-3.0000e+01 7.0000e+01 -6.4953e+00
-3.0000e+01 8.0000e+01 -2.8644e+00
-3.0000e+01 9.0000e+01 -7.0227e+00
-3.0000e+01 1.0000e+02 -3.9425e+00
-3.0000e+01 1.1000e+02 -3.4575e+00
-3.0000e+01 1.2000e+02 9.5991e-01
-3.0000e+01 1.3000e+02 -4.4032e+00
-3.0000e+01 1.4000e+02 -1.6964e+00
-3.0000e+01 1.5000e+02 -4.8410e-01
-3.0000e+01 1.6000e+02 1.0721e+00
-3.0000e+01 1.7000e+02 1.6775e+00
-3.0000e+01 1.8000e+02 -3.0538e-01
-3.0000e+01 1.9000e+02 -4.5044e+00
-3.0000e+01 2.0000e+02 8.5333e-01
-2.0000e+01 -2.0000e+02 3.9969e-01
-2.0000e+01 -1.9000e+02 4.7398e+00
-2.0000e+01 -1.8000e+02 -1.8243e+00
-2.0000e+01 -1.7000e+02 -1.0845e+00
-2.0000e+01 -1.6000e+02 1.7846e+00
-2.0000e+01 -1.5000e+02 -1.2695e+00
-2.0000e+01 -1.4000e+02 -6.8951e-01
-2.0000e+01 -1.3000e+02 -1.4942e+00
-2.0000e+01 -1.2000e+02 -1.6714e+00
-2.0000e+01 -1.1000e+02 -2.9832e-01
-2.0000e+01 -1.0000e+02 -5.9973e+00
-2.0000e+01 -9.0000e+01 -3.0837e+00
-2.0000e+01 -8.0000e+01 -8.5304e+00
-2.0000e+01 -7.0000e+01 -5.5868e+00
-2.0000e+01 -6.0000e+01 -6.7092e+00
-2.0000e+01 -5.0000e+01 -8.7621e+00
-2.0000e+01 -4.0000e+01 -1.2312e+01
-2.0000e+01 -3.0000e+01 -1.1907e+01
-2.0000e+01 -2.0000e+01 -1.2177e+01
-2.0000e+01 -1.0000e+01 -1.4091e+01
-2.0000e+01 0.0000e+00 -1.2925e+01
-2.0000e+01 1.0000e+01 -1.2542e+01
-2.0000e+01 2.0000e+01 -1.2146e+01
-2.0000e+01 3.0000e+01 -1.2693e+01
-2.0000e+01 4.0000e+01 -9.3078e+00
-2.0000e+01 5.0000e+01 -9.7797e+00
-2.0000e+01 6.0000e+01 -7.1038e+00
-2.0000e+01 7.0000e+01 -5.5216e+00
-2.0000e+01 8.0000e+01 -5.3918e+00
-2.0000e+01 9.0000e+01 -5.4924e+00
-2.0000e+01 1.0000e+02 -2.0246e+00
-2.0000e+01 1.1000e+02 -3.9614e-01
-2.0000e+01 1.2000e+02 -1.4405e+00
-2.0000e+01 1.3000e+02 -7.4598e-01
-2.0000e+01 1.4000e+02 1.6083e+00
-2.0000e+01 1.5000e+02 -1.8115e+00
-2.0000e+01 1.6000e+02 -2.5377e-01
-2.0000e+01 1.7000e+02 1.2152e+00
-2.0000e+01 1.8000e+02 -1.9457e+00
-2.0000e+01 1.9000e+02 1.1601e+00
-2.0000e+01 2.0000e+02 -6.4074e-01
-1.0000e+01 -2.0000e+02 7.9189e-01
-1.0000e+01 -1.9000e+02 -8.2385e-01
-1.0000e+01 -1.8000e+02 3.6130e-01
-1.0000e+01 -1.7000e+02 1.5638e+00
-1.0000e+01 -1.6000e+02 -5.1350e-01
-1.0000e+01 -1.5000e+02 -2.9325e+00
-1.0000e+01 -1.4000e+02 1.6967e-01
-1.0000e+01 -1.3000e+02 -2.4691e-03
-1.0000e+01 -1.2000e+02 1.7933e-01
-1.0000e+01 -1.1000e+02 -4.8527e+00
-1.0000e+01 -1.0000e+02 -5.8792e+00
-1.0000e+01 -9.0000e+01 -7.2172e-01
-1.0000e+01 -8.0000e+01 -7.8933e+00
-1.0000e+01 -7.0000e+01 -7.2856e+00
-1.0000e+01 -6.0000e+01 -8.1308e+00
-1.0000e+01 -5.0000e+01 -9.9893e+00
-1.0000e+01 -4.0000e+01 -1.0768e+01
-1.0000e+01 -3.0000e+01 -1.2606e+01
-1.0000e+01 -2.0000e+01 -1.3122e+01
-1.0000e+01 -1.0000e+01 -1.4082e+01
-1.0000e+01 0.0000e+00 -1.5619e+01
-1.0000e+01 1.0000e+01 -1.5095e+01
-1.0000e+01 2.0000e+01 -1.1396e+01
-1.0000e+01 3.0000e+01 -1.3320e+01
-1.0000e+01 4.0000e+01 -1.1517e+01
-1.0000e+01 5.0000e+01 -1.0069e+01
-1.0000e+01 6.0000e+01 -7.3857e+00
-1.0000e+01 7.0000e+01 -5.8274e+00
-1.0000e+01 8.0000e+01 -7.3503e+00
-1.0000e+01 9.0000e+01 -5.3577e+00
-1.0000e+01 1.0000e+02 -2.3700e+00
-1.0000e+01 1.1000e+02 -3.4385e+00
-1.0000e+01 1.2000e+02 -1.5164e+00
-1.0000e+01 1.3000e+02 1.8262e-01
-1.0000e+01 1.4000e+02 -1.8214e+00
-1.0000e+01 1.5000e+02 1.6257e+00
-1.0000e+01 1.6000e+02 1.0188e+00
-1.0000e+01 1.7000e+02 -7.9246e-01
-1.0000e+01 1.8000e+02 3.3835e+00
-1.0000e+01 1.9000e+02 -1.4024e-01
-1.0000e+01 2.0000e+02 6.7039e-01
0.0000e+00 -2.0000e+02 -2.4311e-01
0.0000e+00 -1.9000e+02 -2.3546e-02
0.0000e+00 -1.8000e+02 6.1198e-01
0.0000e+00 -1.7000e+02 3.4849e-01
0.0000e+00 -1.6000e+02 -2.2842e+00
0.0000e+00 -1.5000e+02 -5.8301e-01
0.0000e+00 -1.4000e+02 1.0974e+00
0.0000e+00 -1.3000e+02 1.9461e-01
0.0000e+00 -1.2000e+02 -1.1631e+00
0.0000e+00 -1.1000e+02 -2.7079e+00
0.0000e+00 -1.0000e+02 -1.8088e+00
0.0000e+00 -9.0000e+01 -9.3529e-01
0.0000e+00 -8.0000e+01 -4.9701e+00
0.0000e+00 -7.0000e+01 -5.7699e+00
0.0000e+00 -6.0000e+01 -7.2297e+00
0.0000e+00 -5.0000e+01 -1.1650e+01
0.0000e+00 -4.0000e+01 -9.8891e+00
0.0000e+00 -3.0000e+01 -1.3170e+01
0.0000e+00 -2.0000e+01 -1.4560e+01
0.0000e+00 -1.0000e+01 -1.5581e+01
0.0000e+00 0.0000e+00 -1.5496e+01
0.0000e+00 1.0000e+01 -1.4722e+01
0.0000e+00 2.0000e+01 -1.3702e+01
0.0000e+00 3.0000e+01 -1.1593e+01
0.0000e+00 4.0000e+01 -1.3058e+01
0.0000e+00 5.0000e+01 -1.1878e+01
0.0000e+00 6.0000e+01 -5.7373e+00
0.0000e+00 7.0000e+01 -4.6355e+00
0.0000e+00 8.0000e+01 -8.1377e+00
0.0000e+00 9.0000e+01 -3.6242e+00
0.0000e+00 1.0000e+02 -3.6340e+00
0.0000e+00 1.1000e+02 -3.0334e+00
0.0000e+00 1.2000e+02 -5.5697e-01
0.0000e+00 1.3000e+02 -1.1155e-01
0.0000e+00 1.4000e+02 -3.1308e-01
0.0000e+00 1.5000e+02 1.5058e+00
0.0000e+00 1.6000e+02 1.2894e-01
0.0000e+00 1.7000e+02 -2.2052e+00
0.0000e+00 1.8000e+02 8.3489e-01
0.0000e+00 1.9000e+02 1.2694e+00
0.0000e+00 2.0000e+02 4.7917e-01
1.0000e+01 -2.0000e+02 -5.4253e-01
1.0000e+01 -1.9000e+02 -1.4219e+00
1.0000e+01 -1.8000e+02 2.3327e-01
1.0000e+01 -1.7000e+02 -1.8812e+00
1.0000e+01 -1.6000e+02 2.7849e-01
1.0000e+01 -1.5000e+02 1.9976e-01
1.0000e+01 -1.4000e+02 -1.7400e+00
1.0000e+01 -1.3000e+02 7.6286e-02
1.0000e+01 -1.2000e+02 -3.7522e+00
1.0000e+01 -1.1000e+02 -2.7727e+00
1.0000e+01 -1.0000e+02 -2.3880e+00
1.0000e+01 -9.0000e+01 -3.5981e+00
1.0000e+01 -8.0000e+01 -6.8605e+00
1.0000e+01 -7.0000e+01 -4.8041e+00
1.0000e+01 -6.0000e+01 -1.1484e+01
1.0000e+01 -5.0000e+01 -8.2455e+00
1.0000e+01 -4.0000e+01 -1.0028e+01
1.0000e+01 -3.0000e+01 -1.2933e+01
1.0000e+01 -2.0000e+01 -1.3300e+01
1.0000e+01 -1.0000e+01 -1.7969e+01
1.0000e+01 0.0000e+00 -1.3515e+01
1.0000e+01 1.0000e+01 -1.5334e+01
1.0000e+01 2.0000e+01 -1.4787e+01
1.0000e+01 3.0000e+01 -1.1763e+01
1.0000e+01 4.0000e+01 -1.0555e+01
1.0000e+01 5.0000e+01 -9.1530e+00
1.0000e+01 6.0000e+01 -8.0312e+00
1.0000e+01 7.0000e+01 -5.6390e+00
1.0000e+01 8.0000e+01 -5.3086e+00
1.0000e+01 9.0000e+01 -3.1241e+00
1.0000e+01 1.0000e+02 -2.9853e+00
1.0000e+01 1.1000e+02 -1.9819e+00
1.0000e+01 1.2000e+02 -1.5057e+00
1.0000e+01 1.3000e+02 -1.0278e-01
1.0000e+01 1.4000e+02 -6.4337e-01
1.0000e+01 1.5000e+02 -3.2300e-01
1.0000e+01 1.6000e+02 -4.7404e-01
1.0000e+01 1.7000e+02 1.6527e-01
1.0000e+01 1.8000e+02 9.8756e-01
1.0000e+01 1.9000e+02 2.4447e+00
1.0000e+01 2.0000e+02 -1.8076e+00
2.0000e+01 -2.0000e+02 -2.8051e-01
2.0000e+01 -1.9000e+02 -8.2185e-03
2.0000e+01 -1.8000e+02 -1.1432e+00
2.0000e+01 -1.7000e+02 -2.6803e+00
2.0000e+01 -1.6000e+02 4.4455e-01
2.0000e+01 -1.5000e+02 -7.3347e-01
2.0000e+01 -1.4000e+02 -2.2896e+00
2.0000e+01 -1.3000e+02 -3.7104e+00
2.0000e+01 -1.2000e+02 -3.1276e+00
2.0000e+01 -1.1000e+02 -3.0131e+00
2.0000e+01 -1.0000e+02 -5.5044e+00
2.0000e+01 -9.0000e+01 -5.1645e+00
2.0000e+01 -8.0000e+01 -2.0127e+00
2.0000e+01 -7.0000e+01 -4.9233e+00
2.0000e+01 -6.0000e+01 -8.2684e+00
2.0000e+01 -5.0000e+01 -1.1748e+01
2.0000e+01 -4.0000e+01 -1.0802e+01
2.0000e+01 -3.0000e+01 -1.2261e+01
2.0000e+01 -2.0000e+01 -1.3847e+01
2.0000e+01 -1.0000e+01 -1.2225e+01
2.0000e+01 0.0000e+00 -1.6328e+01
2.0000e+01 1.0000e+01 -1.1926e+01
2.0000e+01 2.0000e+01 -1.2688e+01
2.0000e+01 3.0000e+01 -1.0554e+01
2.0000e+01 4.0000e+01 -1.2392e+01
2.0000e+01 5.0000e+01 -8.5775e+00
2.0000e+01 6.0000e+01 -8.0752e+00
2.0000e+01 7.0000e+01 -6.0509e+00
2.0000e+01 8.0000e+01 -4.6478e+00
2.0000e+01 9.0000e+01 -5.3744e+00
2.0000e+01 1.0000e+02 -3.5448e+00
2.0000e+01 1.1000e+02 -7.2284e-01
2.0000e+01 1.2000e+02 -2.0181e+00
2.0000e+01 1.3000e+02 -3.4566e+00
2.0000e+01 1.4000e+02 -4.1241e-01
2.0000e+01 1.5000e+02 1.6662e-01
2.0000e+01 1.6000e+02 6.4944e-01
2.0000e+01 1.7000e+02 -1.4863e+00
2.0000e+01 1.8000e+02 -9.5199e-01
2.0000e+01 1.9000e+02 1.0467e+00
2.0000e+01 2.0000e+02 -1.9792e+00
3.0000e+01 -2.0000e+02 -1.4464e+00
3.0000e+01 -1.9000e+02 -1.7026e-01
3.0000e+01 -1.8000e+02 2.2270e+00
3.0000e+01 -1.7000e+02 -4.6076e-01
3.0000e+01 -1.6000e+02 5.3035e-01
3.0000e+01 -1.5000e+02 -9.0898e-01
3.0000e+01 -1.4000e+02 3.3669e-01
3.0000e+01 -1.3000e+02 -2.0013e+00
3.0000e+01 -1.2000e+02 -5.2749e-01
3.0000e+01 -1.1000e+02 9.0865e-02
3.0000e+01 -1.0000e+02 -2.5223e+00
3.0000e+01 -9.0000e+01 -5.1137e+00
3.0000e+01 -8.0000e+01 -4.4990e+00
3.0000e+01 -7.0000e+01 -7.0234e+00
3.0000e+01 -6.0000e+01 -5.2764e+00
3.0000e+01 -5.0000e+01 -6.1617e+00
3.0000e+01 -4.0000e+01 -9.9214e+00
3.0000e+01 -3.0000e+01 -1.1799e+01
3.0000e+01 -2.0000e+01 -1.4659e+01
3.0000e+01 -1.0000e+01 -1.3162e+01
3.0000e+01 0.0000e+00 -1.2025e+01
3.0000e+01 1.0000e+01 -1.1426e+01
3.0000e+01 2.0000e+01 -1.0187e+01
3.0000e+01 3.0000e+01 -1.3576e+01
3.0000e+01 4.0000e+01 -9.2214e+00
3.0000e+01 5.0000e+01 -1.1799e+01
3.0000e+01 6.0000e+01 -5.2863e+00
3.0000e+01 7.0000e+01 -3.6189e+00
3.0000e+01 8.0000e+01 -2.2882e+00
3.0000e+01 9.0000e+01 -2.4074e+00
3.0000e+01 1.0000e+02 -2.6956e+00
3.0000e+01 1.1000e+02 -1.4980e+00
3.0000e+01 1.2000e+02 1.1504e+00
3.0000e+01 1.3000e+02 -1.8391e-01
3.0000e+01 1.4000e+02 -4.2604e+00
3.0000e+01 1.5000e+02 1.5570e+00
3.0000e+01 1.6000e+02 -2.9899e-01
3.0000e+01 1.7000e+02 6.4906e-01
3.0000e+01 1.8000e+02 -1.7147e+00
3.0000e+01 1.9000e+02 -2.5795e+00
3.0000e+01 2.0000e+02 -4.5498e-01
4.0000e+01 -2.0000e+02 -5.5199e-01
4.0000e+01 -1.9000e+02 1.2107e+00
4.0000e+01 -1.8000e+02 1.4849e+00
4.0000e+01 -1.7000e+02 -1.5937e+00
4.0000e+01 -1.6000e+02 -6.4950e-02
4.0000e+01 -1.5000e+02 -1.9623e+00
4.0000e+01 -1.4000e+02 1.6435e+00
4.0000e+01 -1.3000e+02 -1.3550e+00
4.0000e+01 -1.2000e+02 1.1934e+00
4.0000e+01 -1.1000e+02 -8.4969e-01
4.0000e+01 -1.0000e+02 -2.2330e+00
4.0000e+01 -9.0000e+01 -6.5533e+00
4.0000e+01 -8.0000e+01 -7.0693e+00
4.0000e+01 -7.0000e+01 -7.1245e+00
4.0000e+01 -6.0000e+01 -6.5549e+00
4.0000e+01 -5.0000e+01 -8.6183e+00
4.0000e+01 -4.0000e+01 -9.1185e+00
4.0000e+01 -3.0000e+01 -9.9397e+00
4.0000e+01 -2.0000e+01 -9.7072e+00
4.0000e+01 -1.0000e+01 -9.1107e+00
4.0000e+01 0.0000e+00 -1.1197e+01
4.0000e+01 1.0000e+01 -9.9178e+00
4.0000e+01 2.0000e+01 -8.2201e+00
4.0000e+01 3.0000e+01 -1.0535e+01
4.0000e+01 4.0000e+01 -7.6029e+00
4.0000e+01 5.0000e+01 -7.3798e+00
4.0000e+01 6.0000e+01 -6.0188e+00
4.0000e+01 7.0000e+01 -4.7938e+00
4.0000e+01 8.0000e+01 -6.2963e+00
4.0000e+01 9.0000e+01 -4.8745e+00
4.0000e+01 1.0000e+02 -1.1123e+00
4.0000e+01 1.1000e+02 -1.6865e+00
4.0000e+01 1.2000e+02 -3.3055e-01
4.0000e+01 1.3000e+02 -1.6897e+00
4.0000e+01 1.4000e+02 -1.3210e-01
4.0000e+01 1.5000e+02 1.8307e+00
4.0000e+01 1.6000e+02 -1.4621e+00
4.0000e+01 1.7000e+02 -1.2523e+00
4.0000e+01 1.8000e+02 4.1204e-01
4.0000e+01 1.9000e+02 1.5969e-01
4.0000e+01 2.0000e+02 1.7414e+00
5.0000e+01 -2.0000e+02 1.5629e+00
5.0000e+01 -1.9000e+02 -2.0983e+00
5.0000e+01 -1.8000e+02 -3.0301e+00
5.0000e+01 -1.7000e+02 5.8986e-01
5.0000e+01 -1.6000e+02 4.2843e-01
5.0000e+01 -1.5000e+02 5.8029e-01
5.0000e+01 -1.4000e+02 -3.3455e-01
5.0000e+01 -1.3000e+02 8.7561e-01
5.0000e+01 -1.2000e+02 1.6875e+00
5.0000e+01 -1.1000e+02 4.5195e-02
5.0000e+01 -1.0000e+02 -3.4564e+00
5.0000e+01 -9.0000e+01 -5.9090e+00
5.0000e+01 -8.0000e+01 -5.0306e+00
5.0000e+01 -7.0000e+01 -6.0289e+00
5.0000e+01 -6.0000e+01 -4.6520e+00
5.0000e+01 -5.0000e+01 -7.4226e+00
5.0000e+01 -4.0000e+01 -8.3462e+00
5.0000e+01 -3.0000e+01 -7.9145e+00
5.0000e+01 -2.0000e+01 -9.1229e+00
5.0000e+01 -1.0000e+01 -7.3952e+00
5.0000e+01 0.0000e+00 -9.2610e+00
5.0000e+01 1.0000e+01 -9.2783e+00
5.0000e+01 2.0000e+01 -1.0473e+01
5.0000e+01 3.0000e+01 -7.3482e+00
5.0000e+01 4.0000e+01 -8.4556e+00
5.0000e+01 5.0000e+01 -6.8822e+00
5.0000e+01 6.0000e+01 -6.2287e+00
5.0000e+01 7.0000e+01 -3.5951e+00
5.0000e+01 8.0000e+01 -1.9530e+00
5.0000e+01 9.0000e+01 -2.4112e+00
5.0000e+01 1.0000e+02 -1.4027e+00
5.0000e+01 1.1000e+02 -1.1036e+00
5.0000e+01 1.2000e+02 -1.2070e+00
5.0000e+01 1.3000e+02 1.2120e+00
5.0000e+01 1.4000e+02 -1.2986e+00
5.0000e+01 1.5000e+02 -1.0117e+00
5.0000e+01 1.6000e+02 -1.6811e+00
5.0000e+01 1.7000e+02 -2.2043e-01
5.0000e+01 1.8000e+02 -1.2205e+00
5.0000e+01 1.9000e+02 3.2811e-01
5.0000e+01 2.0000e+02 -1.3595e+00
6.0000e+01 -2.0000e+02 -1.6479e+00
6.0000e+01 -1.9000e+02 8.5222e-01
6.0000e+01 -1.8000e+02 -1.1028e+00
6.0000e+01 -1.7000e+02 9.6102e-01
6.0000e+01 -1.6000e+02 -9.2356e-01
6.0000e+01 -1.5000e+02 -1.3930e+00
6.0000e+01 -1.4000e+02 2.4249e+00
6.0000e+01 -1.3000e+02 -1.9466e+00
6.0000e+01 -1.2000e+02 -3.6399e+00
6.0000e+01 -1.1000e+02 -1.2480e+00
6.0000e+01 -1.0000e+02 -2.4703e+00
6.0000e+01 -9.0000e+01 -3.1188e+00
6.0000e+01 -8.0000e+01 -4.2885e+00
6.0000e+01 -7.0000e+01 -3.1979e+00
6.0000e+01 -6.0000e+01 -3.7568e+00
6.0000e+01 -5.0000e+01 -4.3052e+00
6.0000e+01 -4.0000e+01 -7.2370e+00
6.0000e+01 -3.0000e+01 -7.5545e+00
6.0000e+01 -2.0000e+01 -8.4760e+00
6.0000e+01 -1.0000e+01 -8.8386e+00
6.0000e+01 0.0000e+00 -7.1713e+00
6.0000e+01 1.0000e+01 -1.1143e+01
6.0000e+01 2.0000e+01 -7.7618e+00
6.0000e+01 3.0000e+01 -7.7210e+00
6.0000e+01 4.0000e+01 -6.0832e+00
6.0000e+01 5.0000e+01 -6.5233e+00
6.0000e+01 6.0000e+01 -4.3837e+00
6.0000e+01 7.0000e+01 -3.0319e+00
6.0000e+01 8.0000e+01 -3.3846e+00
6.0000e+01 9.0000e+01 -4.8142e+00
6.0000e+01 1.0000e+02 -5.0327e+00
6.0000e+01 1.1000e+02 1.1277e+00
6.0000e+01 1.2000e+02 -2.9321e+00
6.0000e+01 1.3000e+02 1.4329e+00
6.0000e+01 1.4000e+02 -3.9738e-01
6.0000e+01 1.5000e+02 -1.4791e+00
6.0000e+01 1.6000e+02 -3.2873e-01
6.0000e+01 1.7000e+02 1.4637e+00
6.0000e+01 1.8000e+02 -9.6036e-01
6.0000e+01 1.9000e+02 -9.9233e-01
6.0000e+01 2.0000e+02 1.3220e+00
7.0000e+01 -2.0000e+02 -4.0675e-01
7.0000e+01 -1.9000e+02 -1.5735e+00
7.0000e+01 -1.8000e+02 -1.2590e+00
7.0000e+01 -1.7000e+02 2.2914e+00
7.0000e+01 -1.6000e+02 4.1914e-01
7.0000e+01 -1.5000e+02 -3.1049e+00
7.0000e+01 -1.4000e+02 -5.4397e-01
7.0000e+01 -1.3000e+02 7.8926e-01
7.0000e+01 -1.2000e+02 -1.0517e+00
7.0000e+01 -1.1000e+02 -2.2607e+00
7.0000e+01 -1.0000e+02 -2.9514e+00
7.0000e+01 -9.0000e+01 -1.0347e-01
7.0000e+01 -8.0000e+01 -3.7377e+00
7.0000e+01 -7.0000e+01 -4.3301e+00
7.0000e+01 -6.0000e+01 -1.6357e+00
7.0000e+01 -5.0000e+01 -5.3385e+00
7.0000e+01 -4.0000e+01 -4.1958e+00
7.0000e+01 -3.0000e+01 -9.5476e+00
7.0000e+01 -2.0000e+01 -8.9597e+00
7.0000e+01 -1.0000e+01 -7.4486e+00
7.0000e+01 0.0000e+00 -5.4333e+00
7.0000e+01 1.0000e+01 -6.8499e+00
7.0000e+01 2.0000e+01 -5.6590e+00
7.0000e+01 3.0000e+01 -8.8346e+00
7.0000e+01 4.0000e+01 -7.6602e+00
7.0000e+01 5.0000e+01 -4.0401e+00
7.0000e+01 6.0000e+01 -3.1321e+00
7.0000e+01 7.0000e+01 -9.6264e-01
7.0000e+01 8.0000e+01 -3.2202e+00
7.0000e+01 9.0000e+01 -3.1345e+00
7.0000e+01 1.0000e+02 -2.1688e+00
7.0000e+01 1.1000e+02 -3.1441e-01
7.0000e+01 1.2000e+02 -5.6072e+00
7.0000e+01 1.3000e+02 -2.6627e+00
7.0000e+01 1.4000e+02 -4.8047e-01
7.0000e+01 1.5000e+02 4.0651e-01
7.0000e+01 1.6000e+02 -2.6249e-01
7.0000e+01 1.7000e+02 9.7474e-01
7.0000e+01 1.8000e+02 2.0554e-01
7.0000e+01 1.9000e+02 -1.6799e+00
7.0000e+01 2.0000e+02 2.8607e-01
8.0000e+01 -2.0000e+02 2.4875e+00
8.0000e+01 -1.9000e+02 1.2731e+00
8.0000e+01 -1.8000e+02 -1.8314e+00
8.0000e+01 -1.7000e+02 -1.2814e+00
8.0000e+01 -1.6000e+02 1.0757e+00
8.0000e+01 -1.5000e+02 -6.3511e-02
8.0000e+01 -1.4000e+02 6.8378e-01
8.0000e+01 -1.3000e+02 5.7821e-01
8.0000e+01 -1.2000e+02 -1.4675e-01
8.0000e+01 -1.1000e+02 -3.0181e-01
8.0000e+01 -1.0000e+02 -7.8781e-01
8.0000e+01 -9.0000e+01 -3.9487e+00
8.0000e+01 -8.0000e+01 -1.7818e+00
8.0000e+01 -7.0000e+01 -1.7127e+00
8.0000e+01 -6.0000e+01 4.2226e-01
8.0000e+01 -5.0000e+01 -1.2050e+00
8.0000e+01 -4.0000e+01 -5.4083e+00
8.0000e+01 -3.0000e+01 -3.7411e+00
8.0000e+01 -2.0000e+01 -2.7240e+00
8.0000e+01 -1.0000e+01 -4.6344e+00
8.0000e+01 0.0000e+00 -5.1227e+00
8.0000e+01 1.0000e+01 -6.8876e+00
8.0000e+01 2.0000e+01 -5.1508e+00
8.0000e+01 3.0000e+01 -3.1938e+00
8.0000e+01 4.0000e+01 -4.2505e+00
8.0000e+01 5.0000e+01 -5.6886e+00
8.0000e+01 6.0000e+01 7.3335e-01
8.0000e+01 7.0000e+01 -3.1373e+00
8.0000e+01 8.0000e+01 -2.2021e-01
8.0000e+01 9.0000e+01 -2.2382e+00
8.0000e+01 1.0000e+02 -3.3238e+00
8.0000e+01 1.1000e+02 -4.1714e+00
8.0000e+01 1.2000e+02 -1.4349e+00
8.0000e+01 1.3000e+02 -1.4284e+00
8.0000e+01 1.4000e+02 -8.8404e-02
8.0000e+01 1.5000e+02 -1.4209e+00
8.0000e+01 1.6000e+02 8.9846e-01
8.0000e+01 1.7000e+02 -2.0222e-03
8.0000e+01 1.8000e+02 -1.6985e+00
8.0000e+01 1.9000e+02 2.7368e-01
8.0000e+01 2.0000e+02 2.2663e+00
9.0000e+01 -2.0000e+02 2.2841e+00
9.0000e+01 -1.9000e+02 1.2237e+00
9.0000e+01 -1.8000e+02 -6.0360e-01
9.0000e+01 -1.7000e+02 2.6634e+00
9.0000e+01 -1.6000e+02 -2.5151e+00
9.0000e+01 -1.5000e+02 -1.5230e+00
9.0000e+01 -1.4000e+02 1.7260e-02
9.0000e+01 -1.3000e+02 -2.5822e+00
9.0000e+01 -1.2000e+02 1.8957e+00
9.0000e+01 -1.1000e+02 8.5802e-01
9.0000e+01 -1.0000e+02 -2.1388e-01
9.0000e+01 -9.0000e+01 -1.0982e+00
9.0000e+01 -8.0000e+01 -2.1471e+00
9.0000e+01 -7.0000e+01 -2.2057e+00
9.0000e+01 -6.0000e+01 -4.0135e+00
9.0000e+01 -5.0000e+01 -5.8981e+00
9.0000e+01 -4.0000e+01 -5.8047e+00
9.0000e+01 -3.0000e+01 -4.2439e+00
9.0000e+01 -2.0000e+01 -2.5013e+00
9.0000e+01 -1.0000e+01 -3.2105e+00
9.0000e+01 0.0000e+00 -3.3636e+00
9.0000e+01 1.0000e+01 -2.2475e+00
9.0000e+01 2.0000e+01 -5.0937e+00
9.0000e+01 3.0000e+01 -4.3561e+00
9.0000e+01 4.0000e+01 -2.5556e+00
9.0000e+01 5.0000e+01 -3.8734e+00
9.0000e+01 6.0000e+01 -2.3615e+00
9.0000e+01 7.0000e+01 2.1272e-01
9.0000e+01 8.0000e+01 -6.9232e-01
9.0000e+01 9.0000e+01 -4.7939e-01
9.0000e+01 1.0000e+02 -2.3595e+00
9.0000e+01 1.1000e+02 -8.6579e-01
9.0000e+01 1.2000e+02 -6.7870e-01
9.0000e+01 1.3000e+02 -1.4392e+00
9.0000e+01 1.4000e+02 1.0753e+00
9.0000e+01 1.5000e+02 -4.2656e-01
9.0000e+01 1.6000e+02 1.0094e+00
9.0000e+01 1.7000e+02 -3.4136e+00
9.0000e+01 1.8000e+02 -3.7837e-01
9.0000e+01 1.9000e+02 -2.6613e+00
9.0000e+01 2.0000e+02 1.0418e+00
1.0000e+02 -2.0000e+02 1.6104e+00
1.0000e+02 -1.9000e+02 1.2399e+00
1.0000e+02 -1.8000e+02 2.0720e+00
1.0000e+02 -1.7000e+02 1.9146e+00
1.0000e+02 -1.6000e+02 -1.4625e+00
1.0000e+02 -1.5000e+02 -7.0985e-01
1.0000e+02 -1.4000e+02 1.6066e+00
1.0000e+02 -1.3000e+02 2.0656e+00
1.0000e+02 -1.2000e+02 -1.2469e+00
1.0000e+02 -1.1000e+02 -1.2796e+00
1.0000e+02 -1.0000e+02 1.3546e+00
1.0000e+02 -9.0000e+01 1.8278e+00
1.0000e+02 -8.0000e+01 -2.2616e+00
1.0000e+02 -7.0000e+01 -2.7556e+00
1.0000e+02 -6.0000e+01 -3.5981e+00
1.0000e+02 -5.0000e+01 -2.6760e+00
1.0000e+02 -4.0000e+01 -3.9993e+00
1.0000e+02 -3.0000e+01 -2.8381e-01
1.0000e+02 -2.0000e+01 -3.6194e+00
1.0000e+02 -1.0000e+01 -8.3344e-01
1.0000e+02 0.0000e+00 7.7681e-01
1.0000e+02 1.0000e+01 -2.7596e+00
1.0000e+02 2.0000e+01 -2.9916e+00
1.0000e+02 3.0000e+01 -7.7684e-01
1.0000e+02 4.0000e+01 -2.5339e+00
1.0000e+02 5.0000e+01 -2.2587e+00
1.0000e+02 6.0000e+01 -1.5381e+00
1.0000e+02 7.0000e+01 -3.5606e+00
1.0000e+02 8.0000e+01 -1.7603e+00
1.0000e+02 9.0000e+01 -5.0204e-02
1.0000e+02 1.0000e+02 -6.2279e-01
1.0000e+02 1.1000e+02 1.3314e+00
1.0000e+02 1.2000e+02 -1.1433e+00
1.0000e+02 1.3000e+02 -5.3266e-02
1.0000e+02 1.4000e+02 -2.8156e+00
1.0000e+02 1.5000e+02 1.0938e+00
1.0000e+02 1.6000e+02 -3.6571e-01
1.0000e+02 1.7000e+02 5.4222e-02
1.0000e+02 1.8000e+02 -1.5706e-02
1.0000e+02 1.9000e+02 -1.0768e+00
1.0000e+02 2.0000e+02 3.6792e-01
1.1000e+02 -2.0000e+02 -3.6105e+00
1.1000e+02 -1.9000e+02 7.8474e-01
1.1000e+02 -1.8000e+02 -8.5906e-01
1.1000e+02 -1.7000e+02 -2.8283e-01
1.1000e+02 -1.6000e+02 -2.4283e+00
1.1000e+02 -1.5000e+02 2.5392e-01
1.1000e+02 -1.4000e+02 1.5693e-01
1.1000e+02 -1.3000e+02 1.8801e+00
1.1000e+02 -1.2000e+02 1.3452e+00
1.1000e+02 -1.1000e+02 3.0576e+00
1.1000e+02 -1.0000e+02 2.4106e+00
1.1000e+02 -9.0000e+01 -2.4175e+00
1.1000e+02 -8.0000e+01 -1.2233e+00
1.1000e+02 -7.0000e+01 8.7745e-01
1.1000e+02 -6.0000e+01 -1.1891e+00
1.1000e+02 -5.0000e+01 -2.5844e+00
1.1000e+02 -4.0000e+01 1.1243e+00
1.1000e+02 -3.0000e+01 -1.7796e+00
1.1000e+02 -2.0000e+01 -3.7876e+00
1.1000e+02 -1.0000e+01 -1.5209e+00
1.1000e+02 0.0000e+00 -2.1214e+00
1.1000e+02 1.0000e+01 -3.1038e+00
1.1000e+02 2.0000e+01 -2.0448e+00
1.1000e+02 3.0000e+01 -3.1228e+00
1.1000e+02 4.0000e+01 -5.6207e-01
1.1000e+02 5.0000e+01 1.1994e-01
1.1000e+02 6.0000e+01 -3.0046e+00
1.1000e+02 7.0000e+01 -1.3669e+00
1.1000e+02 8.0000e+01 -3.6317e-01
1.1000e+02 9.0000e+01 -3.5569e+00
1.1000e+02 1.0000e+02 -1.7136e+00
1.1000e+02 1.1000e+02 3.2244e+00
1.1000e+02 1.2000e+02 3.5314e-01
1.1000e+02 1.3000e+02 -4.8624e-01
1.1000e+02 1.4000e+02 -1.5231e+00
1.1000e+02 1.5000e+02 -1.0388e+00
1.1000e+02 1.6000e+02 -5.1014e-01
1.1000e+02 1.7000e+02 1.1863e+00
1.1000e+02 1.8000e+02 6.0233e-01
1.1000e+02 1.9000e+02 -4.3303e+00
1.1000e+02 2.0000e+02 -1.9034e+00
1.2000e+02 -2.0000e+02 -1.5838e+00
1.2000e+02 -1.9000e+02 1.7089e+00
1.2000e+02 -1.8000e+02 -1.2752e+00
1.2000e+02 -1.7000e+02 3.8809e-01
1.2000e+02 -1.6000e+02 2.8333e-01
1.2000e+02 -1.5000e+02 1.0950e-01
1.2000e+02 -1.4000e+02 -2.1528e+00
1.2000e+02 -1.3000e+02 -9.3890e-01
1.2000e+02 -1.2000e+02 -1.2371e+00
1.2000e+02 -1.1000e+02 -5.0234e-01
1.2000e+02 -1.0000e+02 4.1913e-01
1.2000e+02 -9.0000e+01 1.0098e-01
1.2000e+02 -8.0000e+01 7.8893e-01
1.2000e+02 -7.0000e+01 -5.6055e-01
1.2000e+02 -6.0000e+01 -2.9949e+00
1.2000e+02 -5.0000e+01 -2.0128e+00
1.2000e+02 -4.0000e+01 -1.5418e+00
1.2000e+02 -3.0000e+01 -2.0605e+00
1.2000e+02 -2.0000e+01 -3.2568e+00
1.2000e+02 -1.0000e+01 4.9550e-01
1.2000e+02 0.0000e+00 -3.2853e+00
1.2000e+02 1.0000e+01 -3.9341e+00
1.2000e+02 2.0000e+01 -2.0846e+00
1.2000e+02 3.0000e+01 -2.2019e+00
1.2000e+02 4.0000e+01 -1.2010e+00
1.2000e+02 5.0000e+01 -2.7363e-01
1.2000e+02 6.0000e+01 1.2435e+00
1.2000e+02 7.0000e+01 -4.2753e+00
1.2000e+02 8.0000e+01 -2.3714e+00
1.2000e+02 9.0000e+01 -1.4041e+00
1.2000e+02 1.0000e+02 1.4192e+00
1.2000e+02 1.1000e+02 1.6707e-01
1.2000e+02 1.2000e+02 1.0326e+00
1.2000e+02 1.3000e+02 1.4073e+00
1.2000e+02 1.4000e+02 1.5947e+00
1.2000e+02 1.5000e+02 -8.0438e-01
1.2000e+02 1.6000e+02 -1.4835e+00
1.2000e+02 1.7000e+02 -1.9915e+00
1.2000e+02 1.8000e+02 1.4070e-01
1.2000e+02 1.9000e+02 1.6708e+00
1.2000e+02 2.0000e+02 1.4824e+00
1.3000e+02 -2.0000e+02 -9.1501e-01
1.3000e+02 -1.9000e+02 -2.3708e-01
1.3000e+02 -1.8000e+02 8.8278e-01
1.3000e+02 -1.7000e+02 1.5391e-01
1.3000e+02 -1.6000e+02 -9.4658e-01
1.3000e+02 -1.5000e+02 1.6714e-01
1.3000e+02 -1.4000e+02 5.9574e-01
1.3000e+02 -1.3000e+02 -2.1924e+00
1.3000e+02 -1.2000e+02 -2.8697e-02
1.3000e+02 -1.1000e+02 7.9175e-01
1.3000e+02 -1.0000e+02 -1.5445e+00
1.3000e+02 -9.0000e+01 1.0552e+00
1.3000e+02 -8.0000e+01 -3.5986e-01
1.3000e+02 -7.0000e+01 -7.1955e-01
1.3000e+02 -6.0000e+01 -9.7686e-01
1.3000e+02 -5.0000e+01 -8.0101e-01
1.3000e+02 -4.0000e+01 -5.8389e-01
1.3000e+02 -3.0000e+01 -4.4525e-01
1.3000e+02 -2.0000e+01 -3.4153e+00
1.3000e+02 -1.0000e+01 -1.9663e+00
1.3000e+02 0.0000e+00 3.5742e+00
1.3000e+02 1.0000e+01 -1.7705e+00
1.3000e+02 2.0000e+01 2.7170e-01
1.3000e+02 3.0000e+01 -8.3626e-01
1.3000e+02 4.0000e+01 -5.7512e-01
1.3000e+02 5.0000e+01 1.7747e+00
1.3000e+02 6.0000e+01 1.3315e+00
1.3000e+02 7.0000e+01 -1.7743e+00
1.3000e+02 8.0000e+01 9.5341e-02
1.3000e+02 9.0000e+01 -1.3743e+00
1.3000e+02 1.0000e+02 -1.1815e+00
1.3000e+02 1.1000e+02 -3.7295e+00
1.3000e+02 1.2000e+02 9.3701e-02
1.3000e+02 1.3000e+02 1.0553e+00
1.3000e+02 1.4000e+02 -9.2016e-02
1.3000e+02 1.5000e+02 -2.5732e+00
1.3000e+02 1.6000e+02 2.9763e+00
1.3000e+02 1.7000e+02 7.4590e-01
1.3000e+02 1.8000e+02 1.4089e+00
1.3000e+02 1.9000e+02 -1.4751e+00
1.3000e+02 2.0000e+02 -1.4516e+00
1.4000e+02 -2.0000e+02 -9.7154e-03
1.4000e+02 -1.9000e+02 1.5584e+00
1.4000e+02 -1.8000e+02 5.9573e-01
1.4000e+02 -1.7000e+02 9.2992e-02
1.4000e+02 -1.6000e+02 -1.0647e+00
1.4000e+02 -1.5000e+02 2.2234e+00
1.4000e+02 -1.4000e+02 -2.8370e-01
1.4000e+02 -1.3000e+02 -1.3843e+00
1.4000e+02 -1.2000e+02 1.6493e+00
1.4000e+02 -1.1000e+02 -2.0742e+00
1.4000e+02 -1.0000e+02 -7.4772e-01
1.4000e+02 -9.0000e+01 2.3958e+00
1.4000e+02 -8.0000e+01 3.8808e+00
1.4000e+02 -7.0000e+01 -1.4360e+00
1.4000e+02 -6.0000e+01 -4.0843e+00
1.4000e+02 -5.0000e+01 -1.1512e+00
1.4000e+02 -4.0000e+01 -8.5168e-01
1.4000e+02 -3.0000e+01 1.8252e-01
1.4000e+02 -2.0000e+01 -1.5715e+00
1.4000e+02 -1.0000e+01 -1.9673e+00
1.4000e+02 0.0000e+00 -4.2643e+00
1.4000e+02 1.0000e+01 -5.7037e-01
1.4000e+02 2.0000e+01 -5.8702e-02
1.4000e+02 3.0000e+01 8.4769e-01
1.4000e+02 4.0000e+01 1.9738e+00
1.4000e+02 5.0000e+01 -2.8491e-02
1.4000e+02 6.0000e+01 1.8830e-01
1.4000e+02 7.0000e+01 5.7281e-01
1.4000e+02 8.0000e+01 -9.2091e-01
1.4000e+02 9.0000e+01 2.5023e-01
1.4000e+02 1.0000e+02 -1.0065e+00
1.4000e+02 1.1000e+02 -1.6142e+00
1.4000e+02 1.2000e+02 2.1888e+00
1.4000e+02 1.3000e+02 -4.5109e-02
1.4000e+02 1.4000e+02 7.5380e-01
1.4000e+02 1.5000e+02 1.9320e+00
1.4000e+02 1.6000e+02 8.5037e-01
1.4000e+02 1.7000e+02 -2.0527e+00
1.4000e+02 1.8000e+02 1.8438e+00
1.4000e+02 1.9000e+02 7.8890e-01
1.4000e+02 2.0000e+02 -2.8466e-01
1.5000e+02 -2.0000e+02 -1.9447e-02
1.5000e+02 -1.9000e+02 -9.1100e-01
1.5000e+02 -1.8000e+02 7.4991e-01
1.5000e+02 -1.7000e+02 2.7013e-01
1.5000e+02 -1.6000e+02 1.9299e+00
1.5000e+02 -1.5000e+02 1.4656e+00
1.5000e+02 -1.4000e+02 2.2591e-01
1.5000e+02 -1.3000e+02 3.2591e+00
1.5000e+02 -1.2000e+02 1.4191e+00
1.5000e+02 -1.1000e+02 -2.6244e+00
1.5000e+02 -1.0000e+02 -1.2851e+00
1.5000e+02 -9.0000e+01 -3.0136e+00
1.5000e+02 -8.0000e+01 2.4582e-01
1.5000e+02 -7.0000e+01 -1.6707e+00
1.5000e+02 -6.0000e+01 3.8073e-01
1.5000e+02 -5.0000e+01 -7.2684e-01
1.5000e+02 -4.0000e+01 3.2862e-01
1.5000e+02 -3.0000e+01 3.0758e+00
1.5000e+02 -2.0000e+01 -3.5130e+00
1.5000e+02 -1.0000e+01 -1.7430e+00
1.5000e+02 0.0000e+00 -2.0461e+00
1.5000e+02 1.0000e+01 -1.4162e+00
1.5000e+02 2.0000e+01 4.9180e-01
1.5000e+02 3.0000e+01 1.1051e+00
1.5000e+02 4.0000e+01 -6.0735e-01
1.5000e+02 5.0000e+01 4.3788e-01
1.5000e+02 6.0000e+01 7.2112e-01
1.5000e+02 7.0000e+01 -7.9722e-01
1.5000e+02 8.0000e+01 -3.8653e-02
1.5000e+02 9.0000e+01 -6.8822e-02
1.5000e+02 1.0000e+02 7.7520e-02
1.5000e+02 1.1000e+02 4.6169e-02
1.5000e+02 1.2000e+02 -1.6047e+00
1.5000e+02 1.3000e+02 4.3670e+00
1.5000e+02 1.4000e+02 -1.4795e+00
1.5000e+02 1.5000e+02 -8.0178e-01
1.5000e+02 1.6000e+02 -1.5723e-01
1.5000e+02 1.7000e+02 1.1391e+00
1.5000e+02 1.8000e+02 -3.0046e+00
1.5000e+02 1.9000e+02 6.4192e-01
1.5000e+02 2.0000e+02 -1.7332e+00
1.6000e+02 -2.0000e+02 -3.2159e+00
1.6000e+02 -1.9000e+02 -2.6808e+00
1.6000e+02 -1.8000e+02 -7.6905e-02
1.6000e+02 -1.7000e+02 5.6254e-01
1.6000e+02 -1.6000e+02 -2.9698e+00
1.6000e+02 -1.5000e+02 -1.4625e+00
1.6000e+02 -1.4000e+02 2.8362e-01
1.6000e+02 -1.3000e+02 6.3363e-01
1.6000e+02 -1.2000e+02 -1.4288e+00
1.6000e+02 -1.1000e+02 7.5939e-01
1.6000e+02 -1.0000e+02 -2.4520e-01
1.6000e+02 -9.0000e+01 1.6058e+00
1.6000e+02 -8.0000e+01 1.1707e-01
1.6000e+02 -7.0000e+01 6.9544e-01
1.6000e+02 -6.0000e+01 -1.0628e+00
1.6000e+02 -5.0000e+01 -2.8622e+00
1.6000e+02 -4.0000e+01 5.2116e-01
1.6000e+02 -3.0000e+01 -1.2151e+00
1.6000e+02 -2.0000e+01 3.3353e-01
1.6000e+02 -1.0000e+01 -4.5755e+00
1.6000e+02 0.0000e+00 -2.1293e+00
1.6000e+02 1.0000e+01 3.1391e+00
1.6000e+02 2.0000e+01 7.1777e-01
1.6000e+02 3.0000e+01 -2.6932e+00
1.6000e+02 4.0000e+01 -2.5835e+00
1.6000e+02 5.0000e+01 5.5515e-01
1.6000e+02 6.0000e+01 -5.5639e-01
1.6000e+02 7.0000e+01 1.4621e+00
1.6000e+02 8.0000e+01 -6.8302e-01
1.6000e+02 9.0000e+01 -2.1134e+00
1.6000e+02 1.0000e+02 2.3490e+00
1.6000e+02 1.1000e+02 -1.7578e+00
1.6000e+02 1.2000e+02 -6.9261e-01
1.6000e+02 1.3000e+02 1.3350e+00
1.6000e+02 1.4000e+02 1.6824e+00
1.6000e+02 1.5000e+02 -3.2666e-01
1.6000e+02 1.6000e+02 -1.1679e-01
1.6000e+02 1.7000e+02 1.4000e+00
1.6000e+02 1.8000e+02 2.6118e+00
1.6000e+02 1.9000e+02 1.7850e-01
1.6000e+02 2.0000e+02 -1.2568e+00
1.7000e+02 -2.0000e+02 9.3910e-01
1.7000e+02 -1.9000e+02 -1.3062e+00
1.7000e+02 -1.8000e+02 -1.2543e+00
1.7000e+02 -1.7000e+02 -3.6760e-01
1.7000e+02 -1.6000e+02 4.7021e-01
1.7000e+02 -1.5000e+02 2.4499e+00
1.7000e+02 -1.4000e+02 -3.5494e+00
1.7000e+02 -1.3000e+02 2.3792e-01
1.7000e+02 -1.2000e+02 6.4902e-02
1.7000e+02 -1.1000e+02 -1.6647e+00
1.7000e+02 -1.0000e+02 9.7148e-01
1.7000e+02 -9.0000e+01 7.7721e-01
1.7000e+02 -8.0000e+01 1.4502e-01
1.7000e+02 -7.0000e+01 -1.1658e+00
1.7000e+02 -6.0000e+01 -4.4113e-01
1.7000e+02 -5.0000e+01 1.9378e+00
1.7000e+02 -4.0000e+01 8.8565e-01
1.7000e+02 -3.0000e+01 1.9488e+00
1.7000e+02 -2.0000e+01 -3.9158e-01
1.7000e+02 -1.0000e+01 4.7135e-01
1.7000e+02 0.0000e+00 -1.7028e+00
1.7000e+02 1.0000e+01 -4.5489e-01
1.7000e+02 2.0000e+01 2.1112e-01
1.7000e+02 3.0000e+01 -5.4050e-01
1.7000e+02 4.0000e+01 -2.2236e+00
1.7000e+02 5.0000e+01 -1.5386e+00
1.7000e+02 6.0000e+01 2.6074e+00
1.7000e+02 7.0000e+01 3.2261e+00
1.7000e+02 8.0000e+01 -1.4094e+00
1.7000e+02 9.0000e+01 8.5133e-01
1.7000e+02 1.0000e+02 1.0715e+00
1.7000e+02 1.1000e+02 1.5969e-01
1.7000e+02 1.2000e+02 1.4695e+00
1.7000e+02 1.3000e+02 -1.5593e+00
1.7000e+02 1.4000e+02 -5.0262e-01
1.7000e+02 1.5000e+02 -1.1738e+00
1.7000e+02 1.6000e+02 -7.9807e-01
1.7000e+02 1.7000e+02 -2.3837e+00
1.7000e+02 1.8000e+02 6.5576e-01
1.7000e+02 1.9000e+02 8.1461e-01
1.7000e+02 2.0000e+02 2.8138e+00
1.8000e+02 -2.0000e+02 -1.6641e+00
1.8000e+02 -1.9000e+02 1.7022e+00
1.8000e+02 -1.8000e+02 -1.8804e+00
1.8000e+02 -1.7000e+02 2.8787e-01
1.8000e+02 -1.6000e+02 -6.9359e-01
1.8000e+02 -1.5000e+02 1.8778e+00
1.8000e+02 -1.4000e+02 -2.3441e+00
1.8000e+02 -1.3000e+02 3.4672e-01
1.8000e+02 -1.2000e+02 2.5854e+00
1.8000e+02 -1.1000e+02 -2.3491e+00
1.8000e+02 -1.0000e+02 -2.8353e+00
1.8000e+02 -9.0000e+01 6.0164e-01
1.8000e+02 -8.0000e+01 2.0653e+00
1.8000e+02 -7.0000e+01 -1.8152e+00
1.8000e+02 -6.0000e+01 6.9527e-02
1.8000e+02 -5.0000e+01 -1.2159e-01
1.8000e+02 -4.0000e+01 8.4220e-01
1.8000e+02 -3.0000e+01 -9.2059e-01
1.8000e+02 -2.0000e+01 4.6602e-01
1.8000e+02 -1.0000e+01 2.5834e-02
1.8000e+02 0.0000e+00 -6.9791e-02
1.8000e+02 1.0000e+01 8.6482e-01
1.8000e+02 2.0000e+01 -1.3929e+00
1.8000e+02 3.0000e+01 -4.1600e-02
1.8000e+02 4.0000e+01 1.4939e+00
1.8000e+02 5.0000e+01 -3.0623e-01
1.8000e+02 6.0000e+01 -7.4510e-01
1.8000e+02 7.0000e+01 1.8030e+00
1.8000e+02 8.0000e+01 6.4188e-01
1.8000e+02 9.0000e+01 -2.0297e+00
1.8000e+02 1.0000e+02 -5.1214e-01
1.8000e+02 1.1000e+02 2.8696e+00
1.8000e+02 1.2000e+02 2.5471e+00
1.8000e+02 1.3000e+02 4.1044e-02
1.8000e+02 1.4000e+02 9.3163e-02
1.8000e+02 1.5000e+02 4.9629e-01
1.8000e+02 1.6000e+02 -3.9800e-01
1.8000e+02 1.7000e+02 -8.1978e-01
1.8000e+02 1.8000e+02 -1.1538e+00
1.8000e+02 1.9000e+02 2.0318e+00
1.8000e+02 2.0000e+02 1.6952e+00
1.9000e+02 -2.0000e+02 -8.5299e-01
1.9000e+02 -1.9000e+02 5.1857e-01
1.9000e+02 -1.8000e+02 6.4582e-01
1.9000e+02 -1.7000e+02 -3.3605e-01
1.9000e+02 -1.6000e+02 -1.6013e+00
1.9000e+02 -1.5000e+02 -5.1333e-01
1.9000e+02 -1.4000e+02 4.4608e-01
1.9000e+02 -1.3000e+02 1.3585e+00
1.9000e+02 -1.2000e+02 -1.2859e+00
1.9000e+02 -1.1000e+02 -2.3393e-01
1.9000e+02 -1.0000e+02 6.6016e-01
1.9000e+02 -9.0000e+01 -3.8386e-01
1.9000e+02 -8.0000e+01 -1.2761e+00
1.9000e+02 -7.0000e+01 -4.8631e-01
1.9000e+02 -6.0000e+01 -1.6381e+00
1.9000e+02 -5.0000e+01 -1.6919e+00
1.9000e+02 -4.0000e+01 -6.4216e-01
1.9000e+02 -3.0000e+01 -7.2958e-01
1.9000e+02 -2.0000e+01 4.4382e-02
1.9000e+02 -1.0000e+01 -6.0318e-02
1.9000e+02 0.0000e+00 -5.0902e-01
1.9000e+02 1.0000e+01 -3.1125e+00
1.9000e+02 2.0000e+01 3.2456e+00
1.9000e+02 3.0000e+01 1.2407e+00
1.9000e+02 4.0000e+01 4.6056e-01
1.9000e+02 5.0000e+01 -9.7679e-01
1.9000e+02 6.0000e+01 9.8601e-01
1.9000e+02 7.0000e+01 -7.9228e-01
1.9000e+02 8.0000e+01 -5.4248e-01
1.9000e+02 9.0000e+01 -1.5771e+00
1.9000e+02 1.0000e+02 -1.8619e-01
1.9000e+02 1.1000e+02 -1.0558e-01
1.9000e+02 1.2000e+02 -1.3904e+00
1.9000e+02 1.3000e+02 -3.6494e-01
1.9000e+02 1.4000e+02 5.8872e-01
1.9000e+02 1.5000e+02 -4.9495e-01
1.9000e+02 1.6000e+02 -9.9004e-01
1.9000e+02 1.7000e+02 -1.8811e+00
1.9000e+02 1.8000e+02 -1.0293e-01
1.9000e+02 1.9000e+02 2.5887e-01
1.9000e+02 2.0000e+02 1.0533e+00
2.0000e+02 -2.0000e+02 -2.3422e+00
2.0000e+02 -1.9000e+02 1.0817e+00
2.0000e+02 -1.8000e+02 7.8738e-01
2.0000e+02 -1.7000e+02 -2.2189e+00
2.0000e+02 -1.6000e+02 -3.5182e-02
2.0000e+02 -1.5000e+02 -3.6977e+00
2.0000e+02 -1.4000e+02 3.0095e+00
2.0000e+02 -1.3000e+02 2.4494e+00
2.0000e+02 -1.2000e+02 -8.3532e-01
2.0000e+02 -1.1000e+02 1.1596e+00
2.0000e+02 -1.0000e+02 -3.6989e-01
2.0000e+02 -9.0000e+01 -1.5567e+00
2.0000e+02 -8.0000e+01 2.0899e+00
2.0000e+02 -7.0000e+01 3.1493e+00
2.0000e+02 -6.0000e+01 -1.3793e+00
2.0000e+02 -5.0000e+01 -7.7445e-01
2.0000e+02 -4.0000e+01 -6.0988e-01
2.0000e+02 -3.0000e+01 1.2576e+00
2.0000e+02 -2.0000e+01 -9.4988e-01
2.0000e+02 -1.0000e+01 5.2914e-01
2.0000e+02 0.0000e+00 2.5752e-01
2.0000e+02 1.0000e+01 -1.2066e+00
2.0000e+02 2.0000e+01 -1.5192e+00
2.0000e+02 3.0000e+01 1.2637e-01
2.0000e+02 4.0000e+01 -9.9149e-01
2.0000e+02 5.0000e+01 9.7666e-01
2.0000e+02 6.0000e+01 -2.3141e+00
2.0000e+02 7.0000e+01 1.0528e+00
2.0000e+02 8.0000e+01 2.1460e+00
2.0000e+02 9.0000e+01 2.3574e-01
2.0000e+02 1.0000e+02 1.5058e+00
2.0000e+02 1.1000e+02 -1.6608e+00
2.0000e+02 1.2000e+02 -2.0329e-01
2.0000e+02 1.3000e+02 -8.7967e-01
2.0000e+02 1.4000e+02 8.9353e-01
2.0000e+02 1.5000e+02 -7.8248e-01
2.0000e+02 1.6000e+02 -4.8767e-01
2.0000e+02 1.7000e+02 6.1742e-03
2.0000e+02 1.8000e+02 -2.7044e+00
2.0000e+02 1.9000e+02 8.6601e-01
2.0000e+02 2.0000e+02 -7.6284e-01
