-2.0000e+02 -2.0000e+02 -2.4140e+00
-2.0000e+02 -1.9000e+02 -1.4239e+00
-2.0000e+02 -1.8000e+02 2.7938e+00
-2.0000e+02 -1.7000e+02 1.4796e+00
-2.0000e+02 -1.6000e+02 -2.1285e+00
-2.0000e+02 -1.5000e+02 -1.4530e+00
-2.0000e+02 -1.4000e+02 1.4065e-01
-2.0000e+02 -1.3000e+02 1.9009e-01
-2.0000e+02 -1.2000e+02 -1.5574e+00
-2.0000e+02 -1.1000e+02 -2.9051e+00
-2.0000e+02 -1.0000e+02 2.2387e+00
-2.0000e+02 -9.0000e+01 -5.8350e-01
-2.0000e+02 -8.0000e+01 1.6410e+00
-2.0000e+02 -7.0000e+01 1.0434e+00
-2.0000e+02 -6.0000e+01 1.3601e+00
-2.0000e+02 -5.0000e+01 -8.9899e-01
-2.0000e+02 -4.0000e+01 4.2250e-01
-2.0000e+02 -3.0000e+01 1.6982e+00
-2.0000e+02 -2.0000e+01 -2.5972e+00
-2.0000e+02 -1.0000e+01 5.1701e-02
-2.0000e+02 0.0000e+00 -3.2976e-01
-2.0000e+02 1.0000e+01 1.6593e-02
-2.0000e+02 2.0000e+01 1.3957e+00
-2.0000e+02 3.0000e+01 9.9082e-01
-2.0000e+02 4.0000e+01 1.7368e+00
-2.0000e+02 5.0000e+01 -1.0067e+00
-2.0000e+02 6.0000e+01 3.0279e-01
-2.0000e+02 7.0000e+01 -2.1088e-01
-2.0000e+02 8.0000e+01 -1.8994e+00
-2.0000e+02 9.0000e+01 4.5868e-02
-2.0000e+02 1.0000e+02 -1.6834e+00
-2.0000e+02 1.1000e+02 -6.3973e-02
-2.0000e+02 1.2000e+02 -1.0271e+00
-2.0000e+02 1.3000e+02 -1.5962e+00
-2.0000e+02 1.4000e+02 -1.2833e-01
-2.0000e+02 1.5000e+02 4.5532e-01
-2.0000e+02 1.6000e+02 2.3299e+00
-2.0000e+02 1.7000e+02 -1.1195e+00
-2.0000e+02 1.8000e+02 -1.4328e+00
-2.0000e+02 1.9000e+02 2.8491e+00
-2.0000e+02 2.0000e+02 -2.7754e-01
-1.9000e+02 -2.0000e+02 3.7957e+00
-1.9000e+02 -1.9000e+02 4.9639e-01
-1.9000e+02 -1.8000e+02 -1.2301e+00
-1.9000e+02 -1.7000e+02 -1.2298e+00
-1.9000e+02 -1.6000e+02 -2.2530e+00
-1.9000e+02 -1.5000e+02 -8.8176e-01
-1.9000e+02 -1.4000e+02 -1.7364e+00
-1.9000e+02 -1.3000e+02 -9.0745e-01
-1.9000e+02 -1.2000e+02 -1.4202e+00
-1.9000e+02 -1.1000e+02 -6.4809e-01
-1.9000e+02 -1.0000e+02 -6.1300e-01
-1.9000e+02 -9.0000e+01 5.4630e-01
-1.9000e+02 -8.0000e+01 9.2552e-01
-1.9000e+02 -7.0000e+01 9.0681e-01
-1.9000e+02 -6.0000e+01 -1.9106e+00
-1.9000e+02 -5.0000e+01 -1.1030e+00
-1.9000e+02 -4.0000e+01 1.5824e+00
-1.9000e+02 -3.0000e+01 1.5833e-01
-1.9000e+02 -2.0000e+01 -3.1674e+00
-1.9000e+02 -1.0000e+01 2.0501e+00
-1.9000e+02 0.0000e+00 -1.9561e+00
-1.9000e+02 1.0000e+01 -1.8346e+00
-1.9000e+02 2.0000e+01 3.5200e+00
-1.9000e+02 3.0000e+01 -1.3718e+00
-1.9000e+02 4.0000e+01 -2.3001e+00
-1.9000e+02 5.0000e+01 1.8779e+00
-1.9000e+02 6.0000e+01 1.5142e+00
-1.9000e+02 7.0000e+01 -3.5561e+00
-1.9000e+02 8.0000e+01 1.6422e+00
-1.9000e+02 9.0000e+01 -1.0531e+00
-1.9000e+02 1.0000e+02 -5.2054e-02
-1.9000e+02 1.1000e+02 -3.7528e-01
-1.9000e+02 1.2000e+02 5.1378e-01
-1.9000e+02 1.3000e+02 -1.1846e+00
-1.9000e+02 1.4000e+02 1.9919e+00
-1.9000e+02 1.5000e+02 -4.6852e-01
-1.9000e+02 1.6000e+02 -4.5484e-01
-1.9000e+02 1.7000e+02 -2.1910e-01
-1.9000e+02 1.8000e+02 -1.1166e+00
-1.9000e+02 1.9000e+02 1.4587e+00
-1.9000e+02 2.0000e+02 9.1195e-01
-1.8000e+02 -2.0000e+02 5.8868e-01
-1.8000e+02 -1.9000e+02 6.0944e-01
-1.8000e+02 -1.8000e+02 -1.5151e+00
-1.8000e+02 -1.7000e+02 -8.7068e-01
-1.8000e+02 -1.6000e+02 4.1421e-01
-1.8000e+02 -1.5000e+02 1.2568e+00
-1.8000e+02 -1.4000e+02 -2.9992e-01
-1.8000e+02 -1.3000e+02 -3.0949e-01
-1.8000e+02 -1.2000e+02 -1.1906e+00
-1.8000e+02 -1.1000e+02 1.1450e+00
-1.8000e+02 -1.0000e+02 -4.0396e-01
-1.8000e+02 -9.0000e+01 -1.4018e-01
-1.8000e+02 -8.0000e+01 1.9476e+00
-1.8000e+02 -7.0000e+01 7.2147e-01
-1.8000e+02 -6.0000e+01 3.8767e-01
-1.8000e+02 -5.0000e+01 -1.0517e+00
-1.8000e+02 -4.0000e+01 1.8676e+00
-1.8000e+02 -3.0000e+01 -3.3526e+00
-1.8000e+02 -2.0000e+01 1.9112e+00
-1.8000e+02 -1.0000e+01 3.8455e-01
-1.8000e+02 0.0000e+00 1.0294e-02
-1.8000e+02 1.0000e+01 6.2155e-02
-1.8000e+02 2.0000e+01 -8.9011e-01
-1.8000e+02 3.0000e+01 1.1907e+00
-1.8000e+02 4.0000e+01 -6.0482e-01
-1.8000e+02 5.0000e+01 1.6729e-01
-1.8000e+02 6.0000e+01 -2.4753e-01
-1.8000e+02 7.0000e+01 -8.0508e-01
-1.8000e+02 8.0000e+01 -3.8026e-01
-1.8000e+02 9.0000e+01 3.5554e-01
-1.8000e+02 1.0000e+02 -1.4321e+00
-1.8000e+02 1.1000e+02 -2.1066e+00
-1.8000e+02 1.2000e+02 -2.2025e+00
-1.8000e+02 1.3000e+02 7.5271e-01
-1.8000e+02 1.4000e+02 -1.1890e+00
-1.8000e+02 1.5000e+02 1.8034e+00
-1.8000e+02 1.6000e+02 -4.5918e-01
-1.8000e+02 1.7000e+02 1.0736e+00
-1.8000e+02 1.8000e+02 -5.8272e-01
-1.8000e+02 1.9000e+02 1.7644e+00
-1.8000e+02 2.0000e+02 1.5852e-01
-1.7000e+02 -2.0000e+02 2.7174e-01
-1.7000e+02 -1.9000e+02 5.5497e-02
-1.7000e+02 -1.8000e+02 9.1578e-01
-1.7000e+02 -1.7000e+02 -2.2018e+00
-1.7000e+02 -1.6000e+02 -2.7160e-01
-1.7000e+02 -1.5000e+02 -2.3865e-02
-1.7000e+02 -1.4000e+02 2.2676e+00
-1.7000e+02 -1.3000e+02 1.9096e+00
-1.7000e+02 -1.2000e+02 1.5473e+00
-1.7000e+02 -1.1000e+02 -1.7445e+00
-1.7000e+02 -1.0000e+02 2.2222e-01
-1.7000e+02 -9.0000e+01 -3.9703e+00
-1.7000e+02 -8.0000e+01 6.0752e-01
-1.7000e+02 -7.0000e+01 -9.4716e-01
-1.7000e+02 -6.0000e+01 1.6673e+00
-1.7000e+02 -5.0000e+01 8.7269e-01
-1.7000e+02 -4.0000e+01 -8.1505e-01
-1.7000e+02 -3.0000e+01 4.1013e-01
-1.7000e+02 -2.0000e+01 2.1508e+00
-1.7000e+02 -1.0000e+01 4.1339e-01
-1.7000e+02 0.0000e+00 1.4902e+00
-1.7000e+02 1.0000e+01 -8.0470e-01
-1.7000e+02 2.0000e+01 9.2335e-01
-1.7000e+02 3.0000e+01 -2.8495e+00
-1.7000e+02 4.0000e+01 -1.3767e+00
-1.7000e+02 5.0000e+01 -2.6012e-01
-1.7000e+02 6.0000e+01 2.5642e+00
-1.7000e+02 7.0000e+01 -5.2596e-01
-1.7000e+02 8.0000e+01 -1.0567e+00
-1.7000e+02 9.0000e+01 2.3676e+00
-1.7000e+02 1.0000e+02 3.6367e-01
-1.7000e+02 1.1000e+02 4.4498e-01
-1.7000e+02 1.2000e+02 1.7250e-01
-1.7000e+02 1.3000e+02 2.3687e+00
-1.7000e+02 1.4000e+02 9.4687e-01
-1.7000e+02 1.5000e+02 -3.2424e+00
-1.7000e+02 1.6000e+02 -1.1841e+00
-1.7000e+02 1.7000e+02 1.8706e+00
-1.7000e+02 1.8000e+02 -2.4095e-01
-1.7000e+02 1.9000e+02 1.3466e+00
-1.7000e+02 2.0000e+02 -1.0341e+00
-1.6000e+02 -2.0000e+02 -1.3164e+00
-1.6000e+02 -1.9000e+02 -1.6336e+00
-1.6000e+02 -1.8000e+02 -4.8591e-01
-1.6000e+02 -1.7000e+02 6.4194e-02
-1.6000e+02 -1.6000e+02 2.0522e+00
-1.6000e+02 -1.5000e+02 -1.8240e+00
-1.6000e+02 -1.4000e+02 1.1298e+00
-1.6000e+02 -1.3000e+02 -2.3467e+00
-1.6000e+02 -1.2000e+02 2.2191e-01
-1.6000e+02 -1.1000e+02 1.4906e+00
-1.6000e+02 -1.0000e+02 -1.6351e+00
-1.6000e+02 -9.0000e+01 -1.7708e+00
-1.6000e+02 -8.0000e+01 3.1826e-01
-1.6000e+02 -7.0000e+01 4.1940e-01
-1.6000e+02 -6.0000e+01 1.8366e+00
-1.6000e+02 -5.0000e+01 3.3782e-01
-1.6000e+02 -4.0000e+01 -2.8102e-02
-1.6000e+02 -3.0000e+01 -1.3879e-01
-1.6000e+02 -2.0000e+01 -1.9741e-01
-1.6000e+02 -1.0000e+01 1.4244e+00
-1.6000e+02 0.0000e+00 -2.9259e+00
-1.6000e+02 1.0000e+01 2.7874e+00
-1.6000e+02 2.0000e+01 -3.7443e+00
-1.6000e+02 3.0000e+01 3.1454e+00
-1.6000e+02 4.0000e+01 4.0511e-01
-1.6000e+02 5.0000e+01 1.0774e+00
-1.6000e+02 6.0000e+01 1.6024e+00
-1.6000e+02 7.0000e+01 1.4810e+00
-1.6000e+02 8.0000e+01 -1.4641e-01
-1.6000e+02 9.0000e+01 -1.5142e+00
-1.6000e+02 1.0000e+02 9.8379e-01
-1.6000e+02 1.1000e+02 7.2816e-01
-1.6000e+02 1.2000e+02 -1.0820e+00
-1.6000e+02 1.3000e+02 -1.0589e+00
-1.6000e+02 1.4000e+02 -1.2997e+00
-1.6000e+02 1.5000e+02 -7.7722e-01
-1.6000e+02 1.6000e+02 1.4274e+00
-1.6000e+02 1.7000e+02 3.9406e-02
-1.6000e+02 1.8000e+02 7.4743e-01
-1.6000e+02 1.9000e+02 -3.9978e-01
-1.6000e+02 2.0000e+02 -3.4997e-01
-1.5000e+02 -2.0000e+02 -1.9931e-01
-1.5000e+02 -1.9000e+02 -1.8272e+00
-1.5000e+02 -1.8000e+02 -4.3999e-01
-1.5000e+02 -1.7000e+02 2.2340e-01
-1.5000e+02 -1.6000e+02 -1.2291e+00
-1.5000e+02 -1.5000e+02 -7.0738e-01
-1.5000e+02 -1.4000e+02 1.5417e+00
-1.5000e+02 -1.3000e+02 3.6299e-01
-1.5000e+02 -1.2000e+02 2.1770e+00
-1.5000e+02 -1.1000e+02 2.1304e+00
-1.5000e+02 -1.0000e+02 -1.0856e+00
-1.5000e+02 -9.0000e+01 2.0814e-01
-1.5000e+02 -8.0000e+01 5.1991e-01
-1.5000e+02 -7.0000e+01 6.2851e-01
-1.5000e+02 -6.0000e+01 -4.2157e-01
-1.5000e+02 -5.0000e+01 6.1212e-01
-1.5000e+02 -4.0000e+01 6.8578e-01
-1.5000e+02 -3.0000e+01 2.2115e+00
-1.5000e+02 -2.0000e+01 -3.3270e-01
-1.5000e+02 -1.0000e+01 -1.0269e+00
-1.5000e+02 0.0000e+00 -5.2240e-01
-1.5000e+02 1.0000e+01 6.3331e-01
-1.5000e+02 2.0000e+01 -3.2734e+00
-1.5000e+02 3.0000e+01 -1.9606e+00
-1.5000e+02 4.0000e+01 -4.1184e-02
-1.5000e+02 5.0000e+01 -2.6772e-01
-1.5000e+02 6.0000e+01 8.6042e-01
-1.5000e+02 7.0000e+01 1.7720e+00
-1.5000e+02 8.0000e+01 3.5906e+00
-1.5000e+02 9.0000e+01 1.7047e+00
-1.5000e+02 1.0000e+02 1.9882e+00
-1.5000e+02 1.1000e+02 9.9286e-01
-1.5000e+02 1.2000e+02 -7.1955e-01
-1.5000e+02 1.3000e+02 -1.2714e+00
-1.5000e+02 1.4000e+02 -2.2346e+00
-1.5000e+02 1.5000e+02 3.7912e-01
-1.5000e+02 1.6000e+02 -7.6235e-01
-1.5000e+02 1.7000e+02 2.2099e+00
-1.5000e+02 1.8000e+02 -9.3980e-01
-1.5000e+02 1.9000e+02 -1.0010e-03
-1.5000e+02 2.0000e+02 -9.0738e-01
-1.4000e+02 -2.0000e+02 5.0133e-01
-1.4000e+02 -1.9000e+02 2.4819e-02
-1.4000e+02 -1.8000e+02 7.7622e-02
-1.4000e+02 -1.7000e+02 4.8163e-01
-1.4000e+02 -1.6000e+02 1.2855e+00
-1.4000e+02 -1.5000e+02 1.8378e-01
-1.4000e+02 -1.4000e+02 1.7122e-01
-1.4000e+02 -1.3000e+02 -6.2276e-01
-1.4000e+02 -1.2000e+02 -5.2330e-01
-1.4000e+02 -1.1000e+02 -1.3406e+00
-1.4000e+02 -1.0000e+02 1.7855e+00
-1.4000e+02 -9.0000e+01 1.8001e+00
-1.4000e+02 -8.0000e+01 -1.8928e+00
-1.4000e+02 -7.0000e+01 -3.1863e-01
-1.4000e+02 -6.0000e+01 3.9653e-01
-1.4000e+02 -5.0000e+01 -2.2309e+00
-1.4000e+02 -4.0000e+01 1.2198e+00
-1.4000e+02 -3.0000e+01 -3.3260e+00
-1.4000e+02 -2.0000e+01 1.0130e+00
-1.4000e+02 -1.0000e+01 3.7684e-01
-1.4000e+02 0.0000e+00 6.4307e-01
-1.4000e+02 1.0000e+01 -1.6232e+00
-1.4000e+02 2.0000e+01 2.4627e-01
-1.4000e+02 3.0000e+01 -8.0725e-01
-1.4000e+02 4.0000e+01 1.5469e-01
-1.4000e+02 5.0000e+01 1.0859e+00
-1.4000e+02 6.0000e+01 -1.0048e+00
-1.4000e+02 7.0000e+01 -3.1847e-01
-1.4000e+02 8.0000e+01 1.1210e-01
-1.4000e+02 9.0000e+01 1.1833e+00
-1.4000e+02 1.0000e+02 2.0360e-01
-1.4000e+02 1.1000e+02 2.3641e+00
-1.4000e+02 1.2000e+02 4.7159e-01
-1.4000e+02 1.3000e+02 -8.6293e-01
-1.4000e+02 1.4000e+02 -3.9860e-01
-1.4000e+02 1.5000e+02 3.9037e-01
-1.4000e+02 1.6000e+02 6.0557e-01
-1.4000e+02 1.7000e+02 -1.5931e+00
-1.4000e+02 1.8000e+02 1.3915e+00
-1.4000e+02 1.9000e+02 -2.6455e+00
-1.4000e+02 2.0000e+02 2.0996e+00
-1.3000e+02 -2.0000e+02 1.8902e-02
-1.3000e+02 -1.9000e+02 -1.8145e+00
-1.3000e+02 -1.8000e+02 1.0565e+00
-1.3000e+02 -1.7000e+02 -1.2538e+00
-1.3000e+02 -1.6000e+02 5.5502e-01
-1.3000e+02 -1.5000e+02 -1.5336e+00
-1.3000e+02 -1.4000e+02 -1.2732e+00
-1.3000e+02 -1.3000e+02 -1.1091e+00
-1.3000e+02 -1.2000e+02 -3.2893e-01
-1.3000e+02 -1.1000e+02 -2.2577e+00
-1.3000e+02 -1.0000e+02 -3.7309e-02
-1.3000e+02 -9.0000e+01 8.1908e-02
-1.3000e+02 -8.0000e+01 -2.6832e+00
-1.3000e+02 -7.0000e+01 -2.8527e+00
-1.3000e+02 -6.0000e+01 -3.2532e-01
-1.3000e+02 -5.0000e+01 -1.0761e+00
-1.3000e+02 -4.0000e+01 1.5247e+00
-1.3000e+02 -3.0000e+01 2.5380e-01
-1.3000e+02 -2.0000e+01 -9.2083e-01
-1.3000e+02 -1.0000e+01 -5.2839e-01
-1.3000e+02 0.0000e+00 -2.0643e+00
-1.3000e+02 1.0000e+01 -2.2621e+00
-1.3000e+02 2.0000e+01 4.2130e-01
-1.3000e+02 3.0000e+01 -3.2320e+00
-1.3000e+02 4.0000e+01 1.4710e+00
-1.3000e+02 5.0000e+01 7.1977e-01
-1.3000e+02 6.0000e+01 -2.4186e+00
-1.3000e+02 7.0000e+01 -2.7811e-02
-1.3000e+02 8.0000e+01 -6.6102e-02
-1.3000e+02 9.0000e+01 8.0643e-01
-1.3000e+02 1.0000e+02 -2.4359e+00
-1.3000e+02 1.1000e+02 -1.3614e+00
-1.3000e+02 1.2000e+02 -1.0568e+00
-1.3000e+02 1.3000e+02 1.6023e-01
-1.3000e+02 1.4000e+02 2.1192e+00
-1.3000e+02 1.5000e+02 -1.9662e+00
-1.3000e+02 1.6000e+02 -1.4331e+00
-1.3000e+02 1.7000e+02 -9.6820e-02
-1.3000e+02 1.8000e+02 1.5567e+00
-1.3000e+02 1.9000e+02 2.5065e-01
-1.3000e+02 2.0000e+02 7.3345e-01
-1.2000e+02 -2.0000e+02 -2.0754e+00
-1.2000e+02 -1.9000e+02 4.3881e-01
-1.2000e+02 -1.8000e+02 -1.3246e+00
-1.2000e+02 -1.7000e+02 3.6477e+00
-1.2000e+02 -1.6000e+02 2.5233e+00
-1.2000e+02 -1.5000e+02 -2.7881e+00
-1.2000e+02 -1.4000e+02 -2.8094e+00
-1.2000e+02 -1.3000e+02 7.0238e-01
-1.2000e+02 -1.2000e+02 -1.5884e+00
-1.2000e+02 -1.1000e+02 -9.4093e-01
-1.2000e+02 -1.0000e+02 -2.1620e+00
-1.2000e+02 -9.0000e+01 -5.3385e-01
-1.2000e+02 -8.0000e+01 -2.8800e+00
-1.2000e+02 -7.0000e+01 -2.1762e+00
-1.2000e+02 -6.0000e+01 -7.7845e-01
-1.2000e+02 -5.0000e+01 -3.6412e+00
-1.2000e+02 -4.0000e+01 4.0836e-01
-1.2000e+02 -3.0000e+01 4.7081e-01
-1.2000e+02 -2.0000e+01 -2.1262e+00
-1.2000e+02 -1.0000e+01 -2.4891e+00
-1.2000e+02 0.0000e+00 -1.7487e+00
-1.2000e+02 1.0000e+01 -2.4495e-01
-1.2000e+02 2.0000e+01 -3.1913e+00
-1.2000e+02 3.0000e+01 -1.8537e+00
-1.2000e+02 4.0000e+01 -5.8618e-02
-1.2000e+02 5.0000e+01 -1.1770e+00
-1.2000e+02 6.0000e+01 -1.7898e+00
-1.2000e+02 7.0000e+01 -4.3564e-01
-1.2000e+02 8.0000e+01 1.2567e+00
-1.2000e+02 9.0000e+01 -9.2979e-01
-1.2000e+02 1.0000e+02 1.6756e+00
-1.2000e+02 1.1000e+02 -1.9038e+00
-1.2000e+02 1.2000e+02 1.3300e+00
-1.2000e+02 1.3000e+02 -2.8175e+00
-1.2000e+02 1.4000e+02 1.6512e+00
-1.2000e+02 1.5000e+02 -2.8478e+00
-1.2000e+02 1.6000e+02 -1.2510e+00
-1.2000e+02 1.7000e+02 -1.1239e+00
-1.2000e+02 1.8000e+02 -2.9162e-01
-1.2000e+02 1.9000e+02 1.2109e+00
-1.2000e+02 2.0000e+02 -1.0488e+00
-1.1000e+02 -2.0000e+02 2.4479e+00
-1.1000e+02 -1.9000e+02 9.7903e-01
-1.1000e+02 -1.8000e+02 8.5002e-02
-1.1000e+02 -1.7000e+02 3.3008e-01
-1.1000e+02 -1.6000e+02 1.2160e+00
-1.1000e+02 -1.5000e+02 8.9394e-01
-1.1000e+02 -1.4000e+02 1.5993e+00
-1.1000e+02 -1.3000e+02 -2.8545e-01
-1.1000e+02 -1.2000e+02 2.3393e+00
-1.1000e+02 -1.1000e+02 -2.6214e-01
-1.1000e+02 -1.0000e+02 2.6145e-01
-1.1000e+02 -9.0000e+01 -1.0728e+00
-1.1000e+02 -8.0000e+01 -1.6503e+00
-1.1000e+02 -7.0000e+01 -2.0437e+00
-1.1000e+02 -6.0000e+01 -1.5925e+00
-1.1000e+02 -5.0000e+01 -9.5016e-01
-1.1000e+02 -4.0000e+01 -2.9076e+00
-1.1000e+02 -3.0000e+01 -4.5467e+00
-1.1000e+02 -2.0000e+01 -1.2898e+00
-1.1000e+02 -1.0000e+01 1.1074e+00
-1.1000e+02 0.0000e+00 -1.4481e+00
-1.1000e+02 1.0000e+01 -2.2559e+00
-1.1000e+02 2.0000e+01 -2.8602e+00
-1.1000e+02 3.0000e+01 -1.8397e-02
-1.1000e+02 4.0000e+01 -4.4352e+00
-1.1000e+02 5.0000e+01 -2.8800e+00
-1.1000e+02 6.0000e+01 -4.6521e-01
-1.1000e+02 7.0000e+01 -2.0846e-01
-1.1000e+02 8.0000e+01 1.5074e+00
-1.1000e+02 9.0000e+01 -3.9648e-01
-1.1000e+02 1.0000e+02 7.0405e-01
-1.1000e+02 1.1000e+02 1.8284e+00
-1.1000e+02 1.2000e+02 1.2944e+00
-1.1000e+02 1.3000e+02 -2.7939e+00
-1.1000e+02 1.4000e+02 -3.3731e+00
-1.1000e+02 1.5000e+02 -9.2118e-01
-1.1000e+02 1.6000e+02 2.1144e-01
-1.1000e+02 1.7000e+02 2.5137e+00
-1.1000e+02 1.8000e+02 2.5353e+00
-1.1000e+02 1.9000e+02 8.4820e-01
-1.1000e+02 2.0000e+02 2.0226e+00
-1.0000e+02 -2.0000e+02 -5.0627e-01
-1.0000e+02 -1.9000e+02 -1.8789e+00
-1.0000e+02 -1.8000e+02 1.1032e+00
-1.0000e+02 -1.7000e+02 5.9084e-01
-1.0000e+02 -1.6000e+02 2.8878e+00
-1.0000e+02 -1.5000e+02 -4.2459e+00
-1.0000e+02 -1.4000e+02 -2.5944e+00
-1.0000e+02 -1.3000e+02 1.2720e+00
-1.0000e+02 -1.2000e+02 2.8681e+00
-1.0000e+02 -1.1000e+02 -2.0684e+00
-1.0000e+02 -1.0000e+02 -1.2198e+00
-1.0000e+02 -9.0000e+01 -1.9404e+00
-1.0000e+02 -8.0000e+01 -2.7648e-01
-1.0000e+02 -7.0000e+01 -1.0918e+00
-1.0000e+02 -6.0000e+01 -5.0160e-01
-1.0000e+02 -5.0000e+01 1.0527e+00
-1.0000e+02 -4.0000e+01 -4.0741e-01
-1.0000e+02 -3.0000e+01 -4.7533e+00
-1.0000e+02 -2.0000e+01 -3.1090e+00
-1.0000e+02 -1.0000e+01 -1.5751e+00
-1.0000e+02 0.0000e+00 -1.9587e+00
-1.0000e+02 1.0000e+01 -3.9340e+00
-1.0000e+02 2.0000e+01 -3.0718e+00
-1.0000e+02 3.0000e+01 -4.1636e+00
-1.0000e+02 4.0000e+01 -1.7923e+00
-1.0000e+02 5.0000e+01 -2.2873e+00
-1.0000e+02 6.0000e+01 -1.5586e+00
-1.0000e+02 7.0000e+01 2.1190e+00
-1.0000e+02 8.0000e+01 -2.8988e+00
-1.0000e+02 9.0000e+01 3.9525e-01
-1.0000e+02 1.0000e+02 3.4309e+00
-1.0000e+02 1.1000e+02 -7.5289e-02
-1.0000e+02 1.2000e+02 -2.7373e+00
-1.0000e+02 1.3000e+02 -8.3659e-01
-1.0000e+02 1.4000e+02 1.9421e+00
-1.0000e+02 1.5000e+02 1.5385e+00
-1.0000e+02 1.6000e+02 2.8820e+00
-1.0000e+02 1.7000e+02 1.6027e+00
-1.0000e+02 1.8000e+02 -1.6956e-01
-1.0000e+02 1.9000e+02 -1.2284e+00
-1.0000e+02 2.0000e+02 -8.2838e-01
-9.0000e+01 -2.0000e+02 -6.1138e-02
-9.0000e+01 -1.9000e+02 -3.5996e+00
-9.0000e+01 -1.8000e+02 -2.6584e+00
-9.0000e+01 -1.7000e+02 7.1636e-01
-9.0000e+01 -1.6000e+02 -2.6270e+00
-9.0000e+01 -1.5000e+02 4.8267e-01
-9.0000e+01 -1.4000e+02 3.2244e-02
-9.0000e+01 -1.3000e+02 6.9124e-01
-9.0000e+01 -1.2000e+02 -9.7829e-01
-9.0000e+01 -1.1000e+02 1.5344e+00
-9.0000e+01 -1.0000e+02 6.4723e-01
-9.0000e+01 -9.0000e+01 -3.6731e+00
-9.0000e+01 -8.0000e+01 -2.6383e+00
-9.0000e+01 -7.0000e+01 -2.0973e+00
-9.0000e+01 -6.0000e+01 -8.5647e-01
-9.0000e+01 -5.0000e+01 -4.0063e+00
-9.0000e+01 -4.0000e+01 -5.8136e+00
-9.0000e+01 -3.0000e+01 -4.2890e+00
-9.0000e+01 -2.0000e+01 -2.3979e+00
-9.0000e+01 -1.0000e+01 -4.5022e+00
-9.0000e+01 0.0000e+00 -6.7870e+00
-9.0000e+01 1.0000e+01 -1.5910e+00
-9.0000e+01 2.0000e+01 -3.0191e+00
-9.0000e+01 3.0000e+01 -2.6442e+00
-9.0000e+01 4.0000e+01 -3.5841e+00
-9.0000e+01 5.0000e+01 -2.4413e-01
-9.0000e+01 6.0000e+01 -3.8441e+00
-9.0000e+01 7.0000e+01 -3.0759e+00
-9.0000e+01 8.0000e+01 -1.6289e+00
-9.0000e+01 9.0000e+01 -2.8143e+00
-9.0000e+01 1.0000e+02 -2.2364e+00
-9.0000e+01 1.1000e+02 1.7980e+00
-9.0000e+01 1.2000e+02 1.3113e+00
-9.0000e+01 1.3000e+02 -1.3241e+00
-9.0000e+01 1.4000e+02 -7.6502e-01
-9.0000e+01 1.5000e+02 -1.5290e+00
-9.0000e+01 1.6000e+02 3.2164e+00
-9.0000e+01 1.7000e+02 2.2417e+00
-9.0000e+01 1.8000e+02 6.0383e-01
-9.0000e+01 1.9000e+02 -9.6045e-01
-9.0000e+01 2.0000e+02 -1.0247e-01
-8.0000e+01 -2.0000e+02 1.9231e+00
-8.0000e+01 -1.9000e+02 1.3882e+00
-8.0000e+01 -1.8000e+02 -1.8410e-01
-8.0000e+01 -1.7000e+02 -3.4765e-01
-8.0000e+01 -1.6000e+02 -2.0523e+00
-8.0000e+01 -1.5000e+02 -8.8779e-01
-8.0000e+01 -1.4000e+02 -9.6282e-02
-8.0000e+01 -1.3000e+02 2.3735e+00
-8.0000e+01 -1.2000e+02 -1.6456e+00
-8.0000e+01 -1.1000e+02 -5.9928e-01
-8.0000e+01 -1.0000e+02 -2.4715e+00
-8.0000e+01 -9.0000e+01 -1.0422e+00
-8.0000e+01 -8.0000e+01 1.1995e+00
-8.0000e+01 -7.0000e+01 -3.8453e+00
-8.0000e+01 -6.0000e+01 -1.8806e+00
-8.0000e+01 -5.0000e+01 -1.8529e+00
-8.0000e+01 -4.0000e+01 -6.5591e+00
-8.0000e+01 -3.0000e+01 -4.2204e+00
-8.0000e+01 -2.0000e+01 -7.9918e+00
-8.0000e+01 -1.0000e+01 -7.0624e+00
-8.0000e+01 0.0000e+00 -7.9506e+00
-8.0000e+01 1.0000e+01 -6.2346e+00
-8.0000e+01 2.0000e+01 -3.0551e+00
-8.0000e+01 3.0000e+01 -4.8714e+00
-8.0000e+01 4.0000e+01 -2.4424e+00
-8.0000e+01 5.0000e+01 -3.9999e+00
-8.0000e+01 6.0000e+01 -2.4455e+00
-8.0000e+01 7.0000e+01 -6.1727e+00
-8.0000e+01 8.0000e+01 -3.6483e+00
-8.0000e+01 9.0000e+01 -2.3065e+00
-8.0000e+01 1.0000e+02 1.6855e+00
-8.0000e+01 1.1000e+02 -2.1553e+00
-8.0000e+01 1.2000e+02 -1.3877e-01
-8.0000e+01 1.3000e+02 -2.0915e+00
-8.0000e+01 1.4000e+02 1.8467e-01
-8.0000e+01 1.5000e+02 1.9692e+00
-8.0000e+01 1.6000e+02 -2.0750e+00
-8.0000e+01 1.7000e+02 2.0620e-01
-8.0000e+01 1.8000e+02 9.7088e-01
-8.0000e+01 1.9000e+02 2.6698e+00
-8.0000e+01 2.0000e+02 2.1881e+00
-7.0000e+01 -2.0000e+02 -4.6193e-01
-7.0000e+01 -1.9000e+02 2.9281e-01
-7.0000e+01 -1.8000e+02 -1.5907e+00
-7.0000e+01 -1.7000e+02 2.7781e+00
-7.0000e+01 -1.6000e+02 1.6686e+00
-7.0000e+01 -1.5000e+02 -1.0507e+00
-7.0000e+01 -1.4000e+02 -3.1799e-01
-7.0000e+01 -1.3000e+02 2.2683e-01
-7.0000e+01 -1.2000e+02 -9.8090e-01
-7.0000e+01 -1.1000e+02 -1.3778e+00
-7.0000e+01 -1.0000e+02 -5.6878e-01
-7.0000e+01 -9.0000e+01 -2.3768e+00
-7.0000e+01 -8.0000e+01 -2.0355e+00
-7.0000e+01 -7.0000e+01 -6.1483e+00
-7.0000e+01 -6.0000e+01 -2.2180e+00
-7.0000e+01 -5.0000e+01 -3.0862e+00
-7.0000e+01 -4.0000e+01 -2.2632e+00
-7.0000e+01 -3.0000e+01 -4.3493e+00
-7.0000e+01 -2.0000e+01 -6.1751e+00
-7.0000e+01 -1.0000e+01 -8.1911e+00
-7.0000e+01 0.0000e+00 -5.4339e+00
-7.0000e+01 1.0000e+01 -6.7800e+00
-7.0000e+01 2.0000e+01 -6.7031e+00
-7.0000e+01 3.0000e+01 -5.1314e+00
-7.0000e+01 4.0000e+01 -7.9257e+00
-7.0000e+01 5.0000e+01 -4.3686e+00
-7.0000e+01 6.0000e+01 -4.3572e+00
-7.0000e+01 7.0000e+01 -1.4838e+00
-7.0000e+01 8.0000e+01 -3.8403e+00
-7.0000e+01 9.0000e+01 -2.2510e+00
-7.0000e+01 1.0000e+02 -1.3763e+00
-7.0000e+01 1.1000e+02 -2.0628e+00
-7.0000e+01 1.2000e+02 4.7384e-02
-7.0000e+01 1.3000e+02 -9.5278e-01
-7.0000e+01 1.4000e+02 1.1004e-01
-7.0000e+01 1.5000e+02 1.5632e-01
-7.0000e+01 1.6000e+02 2.7907e-01
-7.0000e+01 1.7000e+02 1.5939e+00
-7.0000e+01 1.8000e+02 5.8664e-01
-7.0000e+01 1.9000e+02 1.5786e+00
-7.0000e+01 2.0000e+02 1.9128e-01
-6.0000e+01 -2.0000e+02 1.0676e+00
-6.0000e+01 -1.9000e+02 -4.0309e-01
-6.0000e+01 -1.8000e+02 -2.0553e+00
-6.0000e+01 -1.7000e+02 5.0180e-01
-6.0000e+01 -1.6000e+02 -1.8991e+00
-6.0000e+01 -1.5000e+02 -6.9338e-01
-6.0000e+01 -1.4000e+02 1.6310e+00
-6.0000e+01 -1.3000e+02 -2.6483e-01
-6.0000e+01 -1.2000e+02 1.0749e+00
-6.0000e+01 -1.1000e+02 1.2849e-01
-6.0000e+01 -1.0000e+02 -3.5922e+00
-6.0000e+01 -9.0000e+01 -2.4319e+00
-6.0000e+01 -8.0000e+01 -3.9685e+00
-6.0000e+01 -7.0000e+01 -5.8296e+00
-6.0000e+01 -6.0000e+01 -6.2246e+00
-6.0000e+01 -5.0000e+01 -6.6894e+00
-6.0000e+01 -4.0000e+01 -7.9249e+00
-6.0000e+01 -3.0000e+01 -5.6617e+00
-6.0000e+01 -2.0000e+01 -6.5729e+00
-6.0000e+01 -1.0000e+01 -9.6955e+00
-6.0000e+01 0.0000e+00 -8.9115e+00
-6.0000e+01 1.0000e+01 -7.5794e+00
-6.0000e+01 2.0000e+01 -6.4775e+00
-6.0000e+01 3.0000e+01 -5.6050e+00
-6.0000e+01 4.0000e+01 -7.1862e+00
-6.0000e+01 5.0000e+01 -5.0102e+00
-6.0000e+01 6.0000e+01 -6.0777e+00
-6.0000e+01 7.0000e+01 -5.6766e+00
-6.0000e+01 8.0000e+01 -4.9232e+00
-6.0000e+01 9.0000e+01 -3.8064e+00
-6.0000e+01 1.0000e+02 -1.9502e+00
-6.0000e+01 1.1000e+02 -1.8036e+00
-6.0000e+01 1.2000e+02 -2.5009e+00
-6.0000e+01 1.3000e+02 -1.4107e+00
-6.0000e+01 1.4000e+02 1.3296e+00
-6.0000e+01 1.5000e+02 -3.8772e-01
-6.0000e+01 1.6000e+02 -7.2150e-01
-6.0000e+01 1.7000e+02 3.6819e-01
-6.0000e+01 1.8000e+02 7.4469e-01
-6.0000e+01 1.9000e+02 -7.2393e-01
-6.0000e+01 2.0000e+02 4.4825e-01
-5.0000e+01 -2.0000e+02 2.3286e+00
-5.0000e+01 -1.9000e+02 2.9793e+00
-5.0000e+01 -1.8000e+02 1.0223e+00
-5.0000e+01 -1.7000e+02 3.7434e-01
-5.0000e+01 -1.6000e+02 -1.5351e+00
-5.0000e+01 -1.5000e+02 -5.6244e-01
-5.0000e+01 -1.4000e+02 4.3178e-02
-5.0000e+01 -1.3000e+02 -1.8628e-01
-5.0000e+01 -1.2000e+02 -2.3888e+00
-5.0000e+01 -1.1000e+02 -3.3866e+00
-5.0000e+01 -1.0000e+02 -2.7237e+00
-5.0000e+01 -9.0000e+01 -1.3790e+00
-5.0000e+01 -8.0000e+01 -4.3413e+00
-5.0000e+01 -7.0000e+01 -5.1155e+00
-5.0000e+01 -6.0000e+01 -9.1076e+00
-5.0000e+01 -5.0000e+01 -7.8418e+00
-5.0000e+01 -4.0000e+01 -5.8410e+00
-5.0000e+01 -3.0000e+01 -8.3796e+00
-5.0000e+01 -2.0000e+01 -1.0087e+01
-5.0000e+01 -1.0000e+01 -9.5040e+00
-5.0000e+01 0.0000e+00 -6.7112e+00
-5.0000e+01 1.0000e+01 -9.1542e+00
-5.0000e+01 2.0000e+01 -9.1283e+00
-5.0000e+01 3.0000e+01 -9.8652e+00
-5.0000e+01 4.0000e+01 -1.0829e+01
-5.0000e+01 5.0000e+01 -9.2764e+00
-5.0000e+01 6.0000e+01 -3.9030e+00
-5.0000e+01 7.0000e+01 -4.7844e+00
-5.0000e+01 8.0000e+01 -3.1147e+00
-5.0000e+01 9.0000e+01 -3.7550e+00
-5.0000e+01 1.0000e+02 -1.1814e+00
-5.0000e+01 1.1000e+02 -2.5716e+00
-5.0000e+01 1.2000e+02 5.0922e-01
-5.0000e+01 1.3000e+02 9.3128e-01
-5.0000e+01 1.4000e+02 -5.3033e-02
-5.0000e+01 1.5000e+02 -2.4176e+00
-5.0000e+01 1.6000e+02 -1.0045e+00
-5.0000e+01 1.7000e+02 -1.3277e-01
-5.0000e+01 1.8000e+02 2.6116e-01
-5.0000e+01 1.9000e+02 -1.8317e+00
-5.0000e+01 2.0000e+02 1.2655e+00
-4.0000e+01 -2.0000e+02 1.2094e+00
-4.0000e+01 -1.9000e+02 2.8777e+00
-4.0000e+01 -1.8000e+02 -6.5807e-01
-4.0000e+01 -1.7000e+02 -6.0507e-01
-4.0000e+01 -1.6000e+02 -1.1212e-01
-4.0000e+01 -1.5000e+02 4.2758e-01
-4.0000e+01 -1.4000e+02 5.4893e-01
-4.0000e+01 -1.3000e+02 3.9534e+00
-4.0000e+01 -1.2000e+02 1.3466e+00
-4.0000e+01 -1.1000e+02 -5.3440e-01
-4.0000e+01 -1.0000e+02 -2.6484e+00
-4.0000e+01 -9.0000e+01 -4.1893e+00
-4.0000e+01 -8.0000e+01 -6.9333e+00
-4.0000e+01 -7.0000e+01 -4.2664e+00
-4.0000e+01 -6.0000e+01 -7.1203e+00
-4.0000e+01 -5.0000e+01 -9.0812e+00
-4.0000e+01 -4.0000e+01 -6.9131e+00
-4.0000e+01 -3.0000e+01 -9.4301e+00
-4.0000e+01 -2.0000e+01 -1.2683e+01
-4.0000e+01 -1.0000e+01 -9.5017e+00
-4.0000e+01 0.0000e+00 -1.2809e+01
-4.0000e+01 1.0000e+01 -1.3537e+01
-4.0000e+01 2.0000e+01 -1.0258e+01
-4.0000e+01 3.0000e+01 -1.1245e+01
-4.0000e+01 4.0000e+01 -7.9307e+00
-4.0000e+01 5.0000e+01 -7.9296e+00
-4.0000e+01 6.0000e+01 -5.9186e+00
-4.0000e+01 7.0000e+01 -4.4001e+00
-4.0000e+01 8.0000e+01 -3.0988e+00
-4.0000e+01 9.0000e+01 -2.4014e+00
-4.0000e+01 1.0000e+02 -1.5052e+00
-4.0000e+01 1.1000e+02 -1.3921e+00
-4.0000e+01 1.2000e+02 -3.0153e+00
-4.0000e+01 1.3000e+02 -1.0543e+00
-4.0000e+01 1.4000e+02 8.3572e-01
-4.0000e+01 1.5000e+02 1.7359e+00
-4.0000e+01 1.6000e+02 4.3528e-01
-4.0000e+01 1.7000e+02 6.4871e-01
-4.0000e+01 1.8000e+02 -2.4748e-01
-4.0000e+01 1.9000e+02 -1.0809e+00
-4.0000e+01 2.0000e+02 -2.4137e-01
-3.0000e+01 -2.0000e+02 -8.2893e-02
-3.0000e+01 -1.9000e+02 -9.0761e-01
-3.0000e+01 -1.8000e+02 8.0430e-01
-3.0000e+01 -1.7000e+02 -1.6806e+00
-3.0000e+01 -1.6000e+02 -5.7099e-02
-3.0000e+01 -1.5000e+02 -2.1958e+00
-3.0000e+01 -1.4000e+02 -6.2689e-01
-3.0000e+01 -1.3000e+02 -2.5034e+00
-3.0000e+01 -1.2000e+02 -1.2743e+00
-3.0000e+01 -1.1000e+02 -1.2222e+00
-3.0000e+01 -1.0000e+02 -1.4455e+00
-3.0000e+01 -9.0000e+01 -6.2461e+00
-3.0000e+01 -8.0000e+01 -6.5255e+00
-3.0000e+01 -7.0000e+01 -6.1270e+00
-3.0000e+01 -6.0000e+01 -8.2238e+00
-3.0000e+01 -5.0000e+01 -7.6754e+00
-3.0000e+01 -4.0000e+01 -1.3883e+01
-3.0000e+01 -3.0000e+01 -1.1276e+01
-3.0000e+01 -2.0000e+01 -1.6138e+01
-3.0000e+01 -1.0000e+01 -1.4271e+01
-3.0000e+01 0.0000e+00 -1.3199e+01
-3.0000e+01 1.0000e+01 -1.1971e+01
-3.0000e+01 2.0000e+01 -1.5596e+01
-3.0000e+01 3.0000e+01 -6.3909e+00
-3.0000e+01 4.0000e+01 -1.0364e+01
-3.0000e+01 5.0000e+01 -1.1722e+01
-3.0000e+01 6.0000e+01 -6.9049e+00
-3.0000e+01 7.0000e+01 -6.6149e+00
-3.0000e+01 8.0000e+01 -6.8286e+00
-3.0000e+01 9.0000e+01 -4.2080e+00
-3.0000e+01 1.0000e+02 -3.7601e+00
-3.0000e+01 1.1000e+02 -3.5940e-01
-3.0000e+01 1.2000e+02 -5.7959e+00
-3.0000e+01 1.3000e+02 2.3502e+00
-3.0000e+01 1.4000e+02 1.6431e+00
-3.0000e+01 1.5000e+02 -1.2870e+00
-3.0000e+01 1.6000e+02 -2.2543e+00
-3.0000e+01 1.7000e+02 -3.1547e+00
-3.0000e+01 1.8000e+02 2.3497e+00
-3.0000e+01 1.9000e+02 -1.0175e+00
-3.0000e+01 2.0000e+02 -1.6818e+00
-2.0000e+01 -2.0000e+02 -3.7536e-02
-2.0000e+01 -1.9000e+02 9.9124e-01
-2.0000e+01 -1.8000e+02 1.3972e+00
-2.0000e+01 -1.7000e+02 -1.1079e+00
-2.0000e+01 -1.6000e+02 -1.5948e+00
-2.0000e+01 -1.5000e+02 -3.6994e+00
-2.0000e+01 -1.4000e+02 -8.9273e-01
-2.0000e+01 -1.3000e+02 -1.2808e+00
-2.0000e+01 -1.2000e+02 -2.4177e+00
-2.0000e+01 -1.1000e+02 -2.3960e+00
-2.0000e+01 -1.0000e+02 -4.2119e+00
-2.0000e+01 -9.0000e+01 -4.1942e+00
-2.0000e+01 -8.0000e+01 -5.1569e+00
-2.0000e+01 -7.0000e+01 -7.1284e+00
-2.0000e+01 -6.0000e+01 -9.0085e+00
-2.0000e+01 -5.0000e+01 -7.9537e+00
-2.0000e+01 -4.0000e+01 -1.0926e+01
-2.0000e+01 -3.0000e+01 -1.2279e+01
-2.0000e+01 -2.0000e+01 -1.4253e+01
-2.0000e+01 -1.0000e+01 -1.3550e+01
-2.0000e+01 0.0000e+00 -1.3945e+01
-2.0000e+01 1.0000e+01 -1.1963e+01
-2.0000e+01 2.0000e+01 -1.2847e+01
-2.0000e+01 3.0000e+01 -1.0777e+01
-2.0000e+01 4.0000e+01 -1.0869e+01
-2.0000e+01 5.0000e+01 -7.9556e+00
-2.0000e+01 6.0000e+01 -8.0541e+00
-2.0000e+01 7.0000e+01 -6.2014e+00
-2.0000e+01 8.0000e+01 -3.6084e+00
-2.0000e+01 9.0000e+01 -4.9487e+00
-2.0000e+01 1.0000e+02 -3.1113e+00
-2.0000e+01 1.1000e+02 -1.8430e+00
-2.0000e+01 1.2000e+02 -3.2420e+00
-2.0000e+01 1.3000e+02 -6.8142e-01
-2.0000e+01 1.4000e+02 -1.5980e+00
-2.0000e+01 1.5000e+02 -1.8407e-01
-2.0000e+01 1.6000e+02 -2.2999e+00
-2.0000e+01 1.7000e+02 2.7151e+00
-2.0000e+01 1.8000e+02 -1.9304e-01
-2.0000e+01 1.9000e+02 -2.4887e-01
-2.0000e+01 2.0000e+02 -1.4668e+00
-1.0000e+01 -2.0000e+02 -2.1685e+00
-1.0000e+01 -1.9000e+02 1.0231e+00
-1.0000e+01 -1.8000e+02 2.3836e+00
-1.0000e+01 -1.7000e+02 -2.0376e+00
-1.0000e+01 -1.6000e+02 -8.2925e-02
-1.0000e+01 -1.5000e+02 -2.0375e+00
-1.0000e+01 -1.4000e+02 -8.3997e-01
-1.0000e+01 -1.3000e+02 1.2689e+00
-1.0000e+01 -1.2000e+02 -2.3401e+00
-1.0000e+01 -1.1000e+02 -2.5616e+00
-1.0000e+01 -1.0000e+02 -4.0348e+00
-1.0000e+01 -9.0000e+01 -4.1170e+00
-1.0000e+01 -8.0000e+01 -5.6410e+00
-1.0000e+01 -7.0000e+01 -6.6815e+00
-1.0000e+01 -6.0000e+01 -8.2936e+00
-1.0000e+01 -5.0000e+01 -1.0342e+01
-1.0000e+01 -4.0000e+01 -1.1696e+01
-1.0000e+01 -3.0000e+01 -1.2923e+01
-1.0000e+01 -2.0000e+01 -1.3431e+01
-1.0000e+01 -1.0000e+01 -1.4284e+01
-1.0000e+01 0.0000e+00 -1.3465e+01
-1.0000e+01 1.0000e+01 -1.4318e+01
-1.0000e+01 2.0000e+01 -1.4159e+01
-1.0000e+01 3.0000e+01 -1.3959e+01
-1.0000e+01 4.0000e+01 -1.2034e+01
-1.0000e+01 5.0000e+01 -9.2750e+00
-1.0000e+01 6.0000e+01 -6.1440e+00
-1.0000e+01 7.0000e+01 -7.0967e+00
-1.0000e+01 8.0000e+01 -4.4389e+00
-1.0000e+01 9.0000e+01 -4.6843e+00
-1.0000e+01 1.0000e+02 -2.1883e+00
-1.0000e+01 1.1000e+02 -4.4214e+00
-1.0000e+01 1.2000e+02 -3.8618e+00
-1.0000e+01 1.3000e+02 1.7965e+00
-1.0000e+01 1.4000e+02 -3.8101e+00
-1.0000e+01 1.5000e+02 -1.3390e+00
-1.0000e+01 1.6000e+02 3.6705e+00
-1.0000e+01 1.7000e+02 6.0936e-02
-1.0000e+01 1.8000e+02 -2.0000e+00
-1.0000e+01 1.9000e+02 2.4327e+00
-1.0000e+01 2.0000e+02 1.7775e+00
0.0000e+00 -2.0000e+02 2.3380e-01
0.0000e+00 -1.9000e+02 -3.3742e-01
0.0000e+00 -1.8000e+02 -2.4416e-01
0.0000e+00 -1.7000e+02 2.0838e+00
0.0000e+00 -1.6000e+02 -2.9866e-01
0.0000e+00 -1.5000e+02 -3.3303e+00
0.0000e+00 -1.4000e+02 8.8879e-01
0.0000e+00 -1.3000e+02 -2.6142e+00
0.0000e+00 -1.2000e+02 1.4018e+00
0.0000e+00 -1.1000e+02 -4.4628e+00
0.0000e+00 -1.0000e+02 -1.0973e+00
0.0000e+00 -9.0000e+01 3.9167e-01
0.0000e+00 -8.0000e+01 -6.6789e+00
0.0000e+00 -7.0000e+01 -7.0677e+00
0.0000e+00 -6.0000e+01 -7.6810e+00
0.0000e+00 -5.0000e+01 -1.0374e+01
0.0000e+00 -4.0000e+01 -9.9644e+00
0.0000e+00 -3.0000e+01 -1.3869e+01
0.0000e+00 -2.0000e+01 -1.5103e+01
0.0000e+00 -1.0000e+01 -1.6583e+01
0.0000e+00 0.0000e+00 -1.7316e+01
0.0000e+00 1.0000e+01 -1.4325e+01
0.0000e+00 2.0000e+01 -1.6469e+01
0.0000e+00 3.0000e+01 -1.1041e+01
0.0000e+00 4.0000e+01 -9.1928e+00
0.0000e+00 5.0000e+01 -1.2247e+01
0.0000e+00 6.0000e+01 -8.0923e+00
0.0000e+00 7.0000e+01 -5.1013e+00
0.0000e+00 8.0000e+01 -8.8133e+00
0.0000e+00 9.0000e+01 -3.4991e+00
0.0000e+00 1.0000e+02 -3.2585e+00
0.0000e+00 1.1000e+02 -1.1383e+00
0.0000e+00 1.2000e+02 -4.6348e-01
0.0000e+00 1.3000e+02 1.1368e+00
0.0000e+00 1.4000e+02 -6.5903e-01
0.0000e+00 1.5000e+02 5.5880e-02
0.0000e+00 1.6000e+02 2.3918e+00
0.0000e+00 1.7000e+02 -1.4117e-01
0.0000e+00 1.8000e+02 1.1407e+00
0.0000e+00 1.9000e+02 -2.0042e+00
0.0000e+00 2.0000e+02 8.3519e-01
1.0000e+01 -2.0000e+02 2.3326e-01
1.0000e+01 -1.9000e+02 -4.2979e-01
1.0000e+01 -1.8000e+02 -4.7949e-01
1.0000e+01 -1.7000e+02 3.1242e+00
1.0000e+01 -1.6000e+02 1.2989e+00
1.0000e+01 -1.5000e+02 -7.6967e-02
1.0000e+01 -1.4000e+02 -2.5390e+00
1.0000e+01 -1.3000e+02 -8.3097e-01
1.0000e+01 -1.2000e+02 -9.8374e-01
1.0000e+01 -1.1000e+02 -4.0959e+00
1.0000e+01 -1.0000e+02 -1.4630e+00
1.0000e+01 -9.0000e+01 -2.0306e+00
1.0000e+01 -8.0000e+01 -6.2874e+00
1.0000e+01 -7.0000e+01 -6.8950e+00
1.0000e+01 -6.0000e+01 -6.9151e+00
1.0000e+01 -5.0000e+01 -1.0086e+01
1.0000e+01 -4.0000e+01 -1.0502e+01
1.0000e+01 -3.0000e+01 -1.0831e+01
1.0000e+01 -2.0000e+01 -1.4439e+01
1.0000e+01 -1.0000e+01 -1.3543e+01
1.0000e+01 0.0000e+00 -1.6304e+01
1.0000e+01 1.0000e+01 -1.4053e+01
1.0000e+01 2.0000e+01 -1.2101e+01
1.0000e+01 3.0000e+01 -1.1936e+01
1.0000e+01 4.0000e+01 -1.4979e+01
1.0000e+01 5.0000e+01 -1.0898e+01
1.0000e+01 6.0000e+01 -8.0003e+00
1.0000e+01 7.0000e+01 -4.4842e+00
1.0000e+01 8.0000e+01 -1.2508e+00
1.0000e+01 9.0000e+01 -3.4701e+00
1.0000e+01 1.0000e+02 -4.1134e+00
1.0000e+01 1.1000e+02 -1.7644e+00
1.0000e+01 1.2000e+02 1.2349e+00
1.0000e+01 1.3000e+02 -4.1613e-01
1.0000e+01 1.4000e+02 1.9753e-02
1.0000e+01 1.5000e+02 -3.5834e-01
1.0000e+01 1.6000e+02 3.8561e-01
1.0000e+01 1.7000e+02 -1.4280e-01
1.0000e+01 1.8000e+02 -2.5236e-01
1.0000e+01 1.9000e+02 -2.1925e+00
1.0000e+01 2.0000e+02 7.0651e-01
2.0000e+01 -2.0000e+02 5.9289e-01
2.0000e+01 -1.9000e+02 5.1415e-01
2.0000e+01 -1.8000e+02 6.5613e-02
2.0000e+01 -1.7000e+02 3.4191e+00
2.0000e+01 -1.6000e+02 -9.8951e-01
2.0000e+01 -1.5000e+02 -5.9598e-02
2.0000e+01 -1.4000e+02 8.5653e-01
2.0000e+01 -1.3000e+02 -1.5423e+00
2.0000e+01 -1.2000e+02 6.1914e-01
2.0000e+01 -1.1000e+02 -2.1102e+00
2.0000e+01 -1.0000e+02 -5.1794e+00
2.0000e+01 -9.0000e+01 -5.4433e+00
2.0000e+01 -8.0000e+01 -5.1232e+00
2.0000e+01 -7.0000e+01 -9.3949e+00
2.0000e+01 -6.0000e+01 -7.7702e+00
2.0000e+01 -5.0000e+01 -9.3212e+00
2.0000e+01 -4.0000e+01 -1.1533e+01
2.0000e+01 -3.0000e+01 -1.2901e+01
2.0000e+01 -2.0000e+01 -1.2075e+01
2.0000e+01 -1.0000e+01 -1.1434e+01
2.0000e+01 0.0000e+00 -1.3152e+01
2.0000e+01 1.0000e+01 -1.4378e+01
2.0000e+01 2.0000e+01 -1.0707e+01
2.0000e+01 3.0000e+01 -1.2311e+01
2.0000e+01 4.0000e+01 -1.0173e+01
2.0000e+01 5.0000e+01 -9.6833e+00
2.0000e+01 6.0000e+01 -9.6440e+00
2.0000e+01 7.0000e+01 -8.6347e+00
2.0000e+01 8.0000e+01 -5.6335e+00
2.0000e+01 9.0000e+01 -4.1991e+00
2.0000e+01 1.0000e+02 -1.8491e+00
2.0000e+01 1.1000e+02 -1.7149e+00
2.0000e+01 1.2000e+02 -1.4309e+00
2.0000e+01 1.3000e+02 1.6524e-01
2.0000e+01 1.4000e+02 -5.6506e-02
2.0000e+01 1.5000e+02 9.2467e-01
2.0000e+01 1.6000e+02 -5.7626e+00
2.0000e+01 1.7000e+02 -3.0564e+00
2.0000e+01 1.8000e+02 -7.4268e-01
2.0000e+01 1.9000e+02 1.2511e+00
2.0000e+01 2.0000e+02 7.1743e-01
3.0000e+01 -2.0000e+02 -1.7478e+00
3.0000e+01 -1.9000e+02 -2.9334e-01
3.0000e+01 -1.8000e+02 -2.1400e+00
3.0000e+01 -1.7000e+02 6.7704e-01
3.0000e+01 -1.6000e+02 5.9220e-01
3.0000e+01 -1.5000e+02 -2.1403e+00
3.0000e+01 -1.4000e+02 -1.1233e+00
3.0000e+01 -1.3000e+02 -3.9127e+00
3.0000e+01 -1.2000e+02 -1.6133e+00
3.0000e+01 -1.1000e+02 -3.6166e+00
3.0000e+01 -1.0000e+02 -2.5365e+00
3.0000e+01 -9.0000e+01 -4.7264e+00
3.0000e+01 -8.0000e+01 -5.7129e+00
3.0000e+01 -7.0000e+01 -7.6774e+00
3.0000e+01 -6.0000e+01 -9.1217e+00
3.0000e+01 -5.0000e+01 -1.1304e+01
3.0000e+01 -4.0000e+01 -1.0518e+01
3.0000e+01 -3.0000e+01 -1.1129e+01
3.0000e+01 -2.0000e+01 -1.2951e+01
3.0000e+01 -1.0000e+01 -1.4267e+01
3.0000e+01 0.0000e+00 -1.2776e+01
3.0000e+01 1.0000e+01 -1.2120e+01
3.0000e+01 2.0000e+01 -1.0990e+01
3.0000e+01 3.0000e+01 -1.2321e+01
3.0000e+01 4.0000e+01 -1.0753e+01
3.0000e+01 5.0000e+01 -9.8075e+00
3.0000e+01 6.0000e+01 -7.7211e+00
3.0000e+01 7.0000e+01 -7.4474e+00
3.0000e+01 8.0000e+01 -4.4638e+00
3.0000e+01 9.0000e+01 -6.3646e+00
3.0000e+01 1.0000e+02 -2.8840e+00
3.0000e+01 1.1000e+02 -1.2162e+00
3.0000e+01 1.2000e+02 -5.1327e-01
3.0000e+01 1.3000e+02 -2.5004e+00
3.0000e+01 1.4000e+02 -2.2180e+00
3.0000e+01 1.5000e+02 -2.5625e+00
3.0000e+01 1.6000e+02 -2.2986e+00
3.0000e+01 1.7000e+02 -3.4059e-01
3.0000e+01 1.8000e+02 -7.2435e-01
3.0000e+01 1.9000e+02 -1.1375e+00
3.0000e+01 2.0000e+02 -9.2466e-01
4.0000e+01 -2.0000e+02 4.6310e-01
4.0000e+01 -1.9000e+02 1.3621e+00
4.0000e+01 -1.8000e+02 -2.5063e+00
4.0000e+01 -1.7000e+02 1.2470e+00
4.0000e+01 -1.6000e+02 -2.5929e-01
4.0000e+01 -1.5000e+02 2.0294e+00
4.0000e+01 -1.4000e+02 -6.5651e-01
4.0000e+01 -1.3000e+02 8.7819e-01
4.0000e+01 -1.2000e+02 -1.4802e+00
4.0000e+01 -1.1000e+02 -1.8823e+00
4.0000e+01 -1.0000e+02 -4.1536e+00
4.0000e+01 -9.0000e+01 -5.1901e+00
4.0000e+01 -8.0000e+01 -4.2021e+00
4.0000e+01 -7.0000e+01 -5.1484e+00
4.0000e+01 -6.0000e+01 -5.7510e+00
4.0000e+01 -5.0000e+01 -8.0911e+00
4.0000e+01 -4.0000e+01 -6.7657e+00
4.0000e+01 -3.0000e+01 -1.0176e+01
4.0000e+01 -2.0000e+01 -1.2531e+01
4.0000e+01 -1.0000e+01 -1.1437e+01
4.0000e+01 0.0000e+00 -1.2386e+01
4.0000e+01 1.0000e+01 -1.0196e+01
4.0000e+01 2.0000e+01 -1.0994e+01
4.0000e+01 3.0000e+01 -1.0651e+01
4.0000e+01 4.0000e+01 -7.0036e+00
4.0000e+01 5.0000e+01 -8.5538e+00
4.0000e+01 6.0000e+01 -6.1683e+00
4.0000e+01 7.0000e+01 -6.4668e+00
4.0000e+01 8.0000e+01 -2.0876e+00
4.0000e+01 9.0000e+01 -2.6264e+00
4.0000e+01 1.0000e+02 -1.5821e+00
4.0000e+01 1.1000e+02 -1.7695e+00
4.0000e+01 1.2000e+02 7.8037e-02
4.0000e+01 1.3000e+02 2.2188e+00
4.0000e+01 1.4000e+02 -1.1121e+00
4.0000e+01 1.5000e+02 -1.8710e+00
4.0000e+01 1.6000e+02 -1.6567e-01
4.0000e+01 1.7000e+02 7.2540e-01
4.0000e+01 1.8000e+02 -8.0751e-01
4.0000e+01 1.9000e+02 4.3689e-01
4.0000e+01 2.0000e+02 2.1077e+00
5.0000e+01 -2.0000e+02 -1.9864e+00
5.0000e+01 -1.9000e+02 -1.4749e-01
5.0000e+01 -1.8000e+02 -2.8244e+00
5.0000e+01 -1.7000e+02 -1.7667e+00
5.0000e+01 -1.6000e+02 -1.5964e+00
5.0000e+01 -1.5000e+02 -7.5195e-01
5.0000e+01 -1.4000e+02 2.1253e+00
5.0000e+01 -1.3000e+02 -2.6820e+00
5.0000e+01 -1.2000e+02 7.7907e-01
5.0000e+01 -1.1000e+02 -1.2235e+00
5.0000e+01 -1.0000e+02 -2.2365e+00
5.0000e+01 -9.0000e+01 1.1026e+00
5.0000e+01 -8.0000e+01 1.2407e+00
5.0000e+01 -7.0000e+01 -4.3120e+00
5.0000e+01 -6.0000e+01 -8.0205e+00
5.0000e+01 -5.0000e+01 -6.9593e+00
5.0000e+01 -4.0000e+01 -6.7033e+00
5.0000e+01 -3.0000e+01 -7.3586e+00
5.0000e+01 -2.0000e+01 -1.0204e+01
5.0000e+01 -1.0000e+01 -1.0604e+01
5.0000e+01 0.0000e+00 -1.1399e+01
5.0000e+01 1.0000e+01 -7.9395e+00
5.0000e+01 2.0000e+01 -9.7737e+00
5.0000e+01 3.0000e+01 -8.4677e+00
5.0000e+01 4.0000e+01 -7.1012e+00
5.0000e+01 5.0000e+01 -8.8984e+00
5.0000e+01 6.0000e+01 -5.1215e+00
5.0000e+01 7.0000e+01 -8.0947e+00
5.0000e+01 8.0000e+01 -3.4345e+00
5.0000e+01 9.0000e+01 -7.7786e-01
5.0000e+01 1.0000e+02 -3.1826e+00
5.0000e+01 1.1000e+02 -1.7707e+00
5.0000e+01 1.2000e+02 -1.7147e+00
5.0000e+01 1.3000e+02 -9.6560e-01
5.0000e+01 1.4000e+02 -3.1050e-01
5.0000e+01 1.5000e+02 2.5684e-01
5.0000e+01 1.6000e+02 1.3730e+00
5.0000e+01 1.7000e+02 1.0385e+00
5.0000e+01 1.8000e+02 -4.6263e-01
5.0000e+01 1.9000e+02 6.1799e-01
5.0000e+01 2.0000e+02 1.9717e+00
6.0000e+01 -2.0000e+02 -2.2838e+00
6.0000e+01 -1.9000e+02 -8.7308e-01
6.0000e+01 -1.8000e+02 -4.4964e-01
6.0000e+01 -1.7000e+02 1.8410e-01
6.0000e+01 -1.6000e+02 1.8345e+00
6.0000e+01 -1.5000e+02 -9.3172e-01
6.0000e+01 -1.4000e+02 -5.5559e-02
6.0000e+01 -1.3000e+02 1.8164e+00
6.0000e+01 -1.2000e+02 -2.3941e+00
6.0000e+01 -1.1000e+02 -2.7134e+00
6.0000e+01 -1.0000e+02 -3.4835e+00
6.0000e+01 -9.0000e+01 -6.5210e-01
6.0000e+01 -8.0000e+01 -4.9570e+00
6.0000e+01 -7.0000e+01 -3.1650e+00
6.0000e+01 -6.0000e+01 -5.4837e+00
6.0000e+01 -5.0000e+01 -6.6024e+00
6.0000e+01 -4.0000e+01 -5.9158e+00
6.0000e+01 -3.0000e+01 -7.7828e+00
6.0000e+01 -2.0000e+01 -9.5372e+00
6.0000e+01 -1.0000e+01 -6.3541e+00
6.0000e+01 0.0000e+00 -7.5924e+00
6.0000e+01 1.0000e+01 -5.7174e+00
6.0000e+01 2.0000e+01 -8.7605e+00
6.0000e+01 3.0000e+01 -7.6481e+00
6.0000e+01 4.0000e+01 -6.4535e+00
6.0000e+01 5.0000e+01 -5.7568e+00
6.0000e+01 6.0000e+01 -4.7051e+00
6.0000e+01 7.0000e+01 -2.2670e+00
6.0000e+01 8.0000e+01 -2.4272e+00
6.0000e+01 9.0000e+01 -3.6767e+00
6.0000e+01 1.0000e+02 1.1694e+00
6.0000e+01 1.1000e+02 -1.0147e+00
6.0000e+01 1.2000e+02 1.4458e+00
6.0000e+01 1.3000e+02 -2.7808e-01
6.0000e+01 1.4000e+02 -6.8357e-01
6.0000e+01 1.5000e+02 -2.7441e+00
6.0000e+01 1.6000e+02 2.1459e+00
6.0000e+01 1.7000e+02 -1.6054e+00
6.0000e+01 1.8000e+02 -1.3011e+00
6.0000e+01 1.9000e+02 -1.1092e+00
6.0000e+01 2.0000e+02 1.3903e+00
7.0000e+01 -2.0000e+02 -5.5362e-01
7.0000e+01 -1.9000e+02 -9.5611e-01
7.0000e+01 -1.8000e+02 -1.9854e+00
7.0000e+01 -1.7000e+02 -3.0268e+00
7.0000e+01 -1.6000e+02 3.1268e+00
7.0000e+01 -1.5000e+02 -2.1438e+00
7.0000e+01 -1.4000e+02 1.2233e+00
7.0000e+01 -1.3000e+02 8.3435e-02
7.0000e+01 -1.2000e+02 -2.3956e+00
7.0000e+01 -1.1000e+02 7.9170e-01
7.0000e+01 -1.0000e+02 -2.5699e+00
7.0000e+01 -9.0000e+01 -3.1732e+00
7.0000e+01 -8.0000e+01 -3.1406e+00
7.0000e+01 -7.0000e+01 -8.0989e-01
7.0000e+01 -6.0000e+01 -6.3921e+00
7.0000e+01 -5.0000e+01 -4.5165e+00
7.0000e+01 -4.0000e+01 -2.8311e+00
7.0000e+01 -3.0000e+01 -6.4411e+00
7.0000e+01 -2.0000e+01 -5.0698e+00
7.0000e+01 -1.0000e+01 -6.7051e+00
7.0000e+01 0.0000e+00 -7.5074e+00
7.0000e+01 1.0000e+01 -9.6004e+00
7.0000e+01 2.0000e+01 -8.2234e+00
7.0000e+01 3.0000e+01 -7.3016e+00
7.0000e+01 4.0000e+01 -4.9831e+00
7.0000e+01 5.0000e+01 -5.1833e+00
7.0000e+01 6.0000e+01 -5.4884e+00
7.0000e+01 7.0000e+01 -5.4693e+00
7.0000e+01 8.0000e+01 -2.4045e+00
7.0000e+01 9.0000e+01 -1.2924e+00
7.0000e+01 1.0000e+02 1.9380e+00
7.0000e+01 1.1000e+02 -5.1313e-01
7.0000e+01 1.2000e+02 7.6839e-01
7.0000e+01 1.3000e+02 5.1616e-02
7.0000e+01 1.4000e+02 1.5634e+00
7.0000e+01 1.5000e+02 -2.3829e+00
7.0000e+01 1.6000e+02 1.5663e+00
7.0000e+01 1.7000e+02 2.2468e+00
7.0000e+01 1.8000e+02 -1.9039e+00
7.0000e+01 1.9000e+02 -6.6850e-02
7.0000e+01 2.0000e+02 -4.3748e-01
8.0000e+01 -2.0000e+02 1.8056e+00
8.0000e+01 -1.9000e+02 4.7355e-01
8.0000e+01 -1.8000e+02 4.7546e-01
8.0000e+01 -1.7000e+02 1.2739e+00
8.0000e+01 -1.6000e+02 -2.2522e+00
8.0000e+01 -1.5000e+02 -6.5459e-01
8.0000e+01 -1.4000e+02 -1.2684e+00
8.0000e+01 -1.3000e+02 -1.3228e+00
8.0000e+01 -1.2000e+02 -1.9153e+00
8.0000e+01 -1.1000e+02 -1.9879e+00
8.0000e+01 -1.0000e+02 -1.7077e-02
8.0000e+01 -9.0000e+01 3.5520e-01
8.0000e+01 -8.0000e+01 -1.1559e+00
8.0000e+01 -7.0000e+01 -4.2630e+00
8.0000e+01 -6.0000e+01 -6.3484e-01
8.0000e+01 -5.0000e+01 -3.8103e+00
8.0000e+01 -4.0000e+01 -1.5979e+00
8.0000e+01 -3.0000e+01 -8.0634e+00
8.0000e+01 -2.0000e+01 -6.0664e+00
8.0000e+01 -1.0000e+01 -7.3606e+00
8.0000e+01 0.0000e+00 -3.7894e+00
8.0000e+01 1.0000e+01 -5.6797e+00
8.0000e+01 2.0000e+01 -4.6665e+00
8.0000e+01 3.0000e+01 -6.5938e+00
8.0000e+01 4.0000e+01 -6.5486e+00
8.0000e+01 5.0000e+01 -1.0431e+00
8.0000e+01 6.0000e+01 -3.1984e+00
8.0000e+01 7.0000e+01 -1.1343e-01
8.0000e+01 8.0000e+01 -2.6714e+00
8.0000e+01 9.0000e+01 -2.4866e+00
8.0000e+01 1.0000e+02 -1.9789e+00
8.0000e+01 1.1000e+02 -3.7108e+00
8.0000e+01 1.2000e+02 -1.1000e+00
8.0000e+01 1.3000e+02 5.0108e-01
8.0000e+01 1.4000e+02 -2.1280e+00
8.0000e+01 1.5000e+02 -1.7165e+00
8.0000e+01 1.6000e+02 -2.0434e-01
8.0000e+01 1.7000e+02 1.7186e+00
8.0000e+01 1.8000e+02 -4.1463e-01
8.0000e+01 1.9000e+02 -1.1108e+00
8.0000e+01 2.0000e+02 1.2818e+00
9.0000e+01 -2.0000e+02 3.1413e-01
9.0000e+01 -1.9000e+02 -3.4425e-01
9.0000e+01 -1.8000e+02 -1.1031e-01
9.0000e+01 -1.7000e+02 3.0231e+00
9.0000e+01 -1.6000e+02 5.2626e+00
9.0000e+01 -1.5000e+02 1.8030e+00
9.0000e+01 -1.4000e+02 1.3913e-01
9.0000e+01 -1.3000e+02 1.1311e+00
9.0000e+01 -1.2000e+02 -9.5235e-01
9.0000e+01 -1.1000e+02 -2.2339e+00
9.0000e+01 -1.0000e+02 -1.6218e+00
9.0000e+01 -9.0000e+01 2.7202e+00
9.0000e+01 -8.0000e+01 1.5156e-01
9.0000e+01 -7.0000e+01 -6.4172e-01
9.0000e+01 -6.0000e+01 -2.7171e+00
9.0000e+01 -5.0000e+01 -3.6642e+00
9.0000e+01 -4.0000e+01 -1.3871e+00
9.0000e+01 -3.0000e+01 -6.7139e+00
9.0000e+01 -2.0000e+01 -4.8810e+00
9.0000e+01 -1.0000e+01 -2.4574e+00
9.0000e+01 0.0000e+00 -5.4045e+00
9.0000e+01 1.0000e+01 -3.7376e+00
9.0000e+01 2.0000e+01 -3.3229e+00
9.0000e+01 3.0000e+01 -2.2025e+00
9.0000e+01 4.0000e+01 -1.6331e+00
9.0000e+01 5.0000e+01 -4.4119e+00
9.0000e+01 6.0000e+01 -1.1109e+00
9.0000e+01 7.0000e+01 -2.2652e+00
9.0000e+01 8.0000e+01 -3.2651e+00
9.0000e+01 9.0000e+01 -4.2675e+00
9.0000e+01 1.0000e+02 7.4282e-01
9.0000e+01 1.1000e+02 -6.1498e-01
9.0000e+01 1.2000e+02 -7.1272e-01
9.0000e+01 1.3000e+02 6.1097e-02
9.0000e+01 1.4000e+02 2.4360e-01
9.0000e+01 1.5000e+02 -2.9532e+00
9.0000e+01 1.6000e+02 -1.5923e+00
9.0000e+01 1.7000e+02 -1.0405e+00
9.0000e+01 1.8000e+02 -2.0111e+00
9.0000e+01 1.9000e+02 -2.2835e+00
9.0000e+01 2.0000e+02 -2.9429e+00
1.0000e+02 -2.0000e+02 2.6700e+00
1.0000e+02 -1.9000e+02 -4.1211e-01
1.0000e+02 -1.8000e+02 -1.2985e+00
1.0000e+02 -1.7000e+02 3.7025e-01
1.0000e+02 -1.6000e+02 -1.2524e+00
1.0000e+02 -1.5000e+02 1.3156e+00
1.0000e+02 -1.4000e+02 -1.4324e+00
1.0000e+02 -1.3000e+02 3.7441e-01
1.0000e+02 -1.2000e+02 -1.3776e+00
1.0000e+02 -1.1000e+02 -3.7521e-01
1.0000e+02 -1.0000e+02 2.2749e+00
1.0000e+02 -9.0000e+01 -1.9028e+00
1.0000e+02 -8.0000e+01 -3.3158e+00
1.0000e+02 -7.0000e+01 1.1154e+00
1.0000e+02 -6.0000e+01 -4.3848e+00
1.0000e+02 -5.0000e+01 -7.8406e-01
1.0000e+02 -4.0000e+01 -3.1093e+00
1.0000e+02 -3.0000e+01 -1.7193e+00
1.0000e+02 -2.0000e+01 -3.2233e+00
1.0000e+02 -1.0000e+01 -1.5838e+00
1.0000e+02 0.0000e+00 -4.0152e+00
1.0000e+02 1.0000e+01 -5.1907e+00
1.0000e+02 2.0000e+01 -3.0979e+00
1.0000e+02 3.0000e+01 8.8572e-01
1.0000e+02 4.0000e+01 -1.4426e+00
1.0000e+02 5.0000e+01 -2.3087e+00
1.0000e+02 6.0000e+01 -4.6817e+00
1.0000e+02 7.0000e+01 -1.7373e+00
1.0000e+02 8.0000e+01 -6.2594e-01
1.0000e+02 9.0000e+01 -2.4381e+00
1.0000e+02 1.0000e+02 9.5767e-02
1.0000e+02 1.1000e+02 2.0719e+00
1.0000e+02 1.2000e+02 -2.6083e+00
1.0000e+02 1.3000e+02 1.0439e+00
1.0000e+02 1.4000e+02 8.4985e-02
1.0000e+02 1.5000e+02 5.4590e-01
1.0000e+02 1.6000e+02 -4.8157e-02
1.0000e+02 1.7000e+02 7.7664e-01
1.0000e+02 1.8000e+02 -9.9407e-01
1.0000e+02 1.9000e+02 2.3126e-01
1.0000e+02 2.0000e+02 -3.6762e-01
1.1000e+02 -2.0000e+02 -5.6348e-01
1.1000e+02 -1.9000e+02 -6.1373e-01
1.1000e+02 -1.8000e+02 4.6925e-01
1.1000e+02 -1.7000e+02 8.4814e-01
1.1000e+02 -1.6000e+02 6.1653e-01
1.1000e+02 -1.5000e+02 -1.5631e+00
1.1000e+02 -1.4000e+02 1.8026e+00
1.1000e+02 -1.3000e+02 -6.2315e-02
1.1000e+02 -1.2000e+02 -1.0525e+00
1.1000e+02 -1.1000e+02 -3.2891e+00
1.1000e+02 -1.0000e+02 3.0128e-01
1.1000e+02 -9.0000e+01 4.6343e-01
1.1000e+02 -8.0000e+01 2.6150e-01
1.1000e+02 -7.0000e+01 -1.9909e+00
1.1000e+02 -6.0000e+01 -5.7920e-01
1.1000e+02 -5.0000e+01 -7.1208e-01
1.1000e+02 -4.0000e+01 -3.9911e+00
1.1000e+02 -3.0000e+01 -1.7512e+00
1.1000e+02 -2.0000e+01 -1.4979e+00
1.1000e+02 -1.0000e+01 -2.9603e+00
1.1000e+02 0.0000e+00 -1.7277e+00
1.1000e+02 1.0000e+01 -2.1482e+00
1.1000e+02 2.0000e+01 -2.9952e+00
1.1000e+02 3.0000e+01 -2.2738e+00
1.1000e+02 4.0000e+01 -1.4110e+00
1.1000e+02 5.0000e+01 -2.0167e+00
1.1000e+02 6.0000e+01 -7.4436e-01
1.1000e+02 7.0000e+01 -1.2835e+00
1.1000e+02 8.0000e+01 -2.8506e+00
1.1000e+02 9.0000e+01 -2.9224e+00
1.1000e+02 1.0000e+02 -1.1625e+00
1.1000e+02 1.1000e+02 -2.6023e+00
1.1000e+02 1.2000e+02 1.1940e+00
1.1000e+02 1.3000e+02 -1.5305e+00
1.1000e+02 1.4000e+02 -8.5112e-01
1.1000e+02 1.5000e+02 -3.2969e-01
1.1000e+02 1.6000e+02 -1.1953e+00
1.1000e+02 1.7000e+02 -1.7580e+00
1.1000e+02 1.8000e+02 -7.2084e-02
1.1000e+02 1.9000e+02 1.8136e+00
1.1000e+02 2.0000e+02 1.7746e+00
1.2000e+02 -2.0000e+02 -7.2735e-01
1.2000e+02 -1.9000e+02 -2.7211e-02
1.2000e+02 -1.8000e+02 9.8511e-01
1.2000e+02 -1.7000e+02 -2.0005e+00
1.2000e+02 -1.6000e+02 6.7205e-01
1.2000e+02 -1.5000e+02 1.4309e+00
1.2000e+02 -1.4000e+02 -1.6610e+00
1.2000e+02 -1.3000e+02 -1.0772e+00
1.2000e+02 -1.2000e+02 -1.3214e+00
1.2000e+02 -1.1000e+02 -1.7516e+00
1.2000e+02 -1.0000e+02 5.5367e-02
1.2000e+02 -9.0000e+01 -7.4886e-01
1.2000e+02 -8.0000e+01 -4.3857e-01
1.2000e+02 -7.0000e+01 -1.6077e+00
1.2000e+02 -6.0000e+01 1.3348e+00
1.2000e+02 -5.0000e+01 -6.6404e-01
1.2000e+02 -4.0000e+01 -2.4889e+00
1.2000e+02 -3.0000e+01 -1.1387e+00
1.2000e+02 -2.0000e+01 -4.2468e+00
1.2000e+02 -1.0000e+01 -7.6391e-01
1.2000e+02 0.0000e+00 -1.5590e+00
1.2000e+02 1.0000e+01 -6.5657e-01
1.2000e+02 2.0000e+01 -1.9399e+00
1.2000e+02 3.0000e+01 -2.0931e+00
1.2000e+02 4.0000e+01 -8.1951e-01
1.2000e+02 5.0000e+01 -8.4088e-01
1.2000e+02 6.0000e+01 2.4032e-01
1.2000e+02 7.0000e+01 -7.5529e-01
1.2000e+02 8.0000e+01 -1.2014e+00
1.2000e+02 9.0000e+01 -3.0473e+00
1.2000e+02 1.0000e+02 -1.7927e+00
1.2000e+02 1.1000e+02 -1.9225e+00
1.2000e+02 1.2000e+02 -9.4758e-01
1.2000e+02 1.3000e+02 -1.6080e+00
1.2000e+02 1.4000e+02 3.0904e-01
1.2000e+02 1.5000e+02 -9.7264e-01
1.2000e+02 1.6000e+02 -7.5707e-01
1.2000e+02 1.7000e+02 8.4365e-02
1.2000e+02 1.8000e+02 3.7222e-01
1.2000e+02 1.9000e+02 -2.2135e-01
1.2000e+02 2.0000e+02 2.2487e+00
1.3000e+02 -2.0000e+02 2.4753e+00
1.3000e+02 -1.9000e+02 -1.2069e+00
1.3000e+02 -1.8000e+02 2.1989e+00
1.3000e+02 -1.7000e+02 -5.3432e-01
1.3000e+02 -1.6000e+02 2.6078e-01
1.3000e+02 -1.5000e+02 -6.6963e-01
1.3000e+02 -1.4000e+02 1.4034e+00
1.3000e+02 -1.3000e+02 2.9153e-01
1.3000e+02 -1.2000e+02 6.4486e-01
1.3000e+02 -1.1000e+02 2.1474e+00
1.3000e+02 -1.0000e+02 -1.5104e+00
1.3000e+02 -9.0000e+01 -1.3851e+00
1.3000e+02 -8.0000e+01 3.9686e-02
1.3000e+02 -7.0000e+01 1.1077e+00
1.3000e+02 -6.0000e+01 2.7923e-01
1.3000e+02 -5.0000e+01 -1.4223e+00
1.3000e+02 -4.0000e+01 -2.6580e-01
1.3000e+02 -3.0000e+01 1.6506e+00
1.3000e+02 -2.0000e+01 -2.0329e+00
1.3000e+02 -1.0000e+01 -1.3280e+00
1.3000e+02 0.0000e+00 -9.2125e-01
1.3000e+02 1.0000e+01 -2.4365e+00
1.3000e+02 2.0000e+01 -1.3424e+00
1.3000e+02 3.0000e+01 -1.2677e+00
1.3000e+02 4.0000e+01 -3.9112e-01
1.3000e+02 5.0000e+01 -2.6018e+00
1.3000e+02 6.0000e+01 -7.3667e-01
1.3000e+02 7.0000e+01 -2.7653e+00
1.3000e+02 8.0000e+01 -5.4045e-01
1.3000e+02 9.0000e+01 3.8769e-01
1.3000e+02 1.0000e+02 -1.7196e+00
1.3000e+02 1.1000e+02 2.1050e+00
1.3000e+02 1.2000e+02 -1.0019e+00
1.3000e+02 1.3000e+02 -2.6937e-01
1.3000e+02 1.4000e+02 -1.1039e+00
1.3000e+02 1.5000e+02 -4.1386e-01
1.3000e+02 1.6000e+02 1.8204e+00
1.3000e+02 1.7000e+02 -1.2175e+00
1.3000e+02 1.8000e+02 1.6206e+00
1.3000e+02 1.9000e+02 -5.1855e-01
1.3000e+02 2.0000e+02 -2.5316e+00
1.4000e+02 -2.0000e+02 -2.4817e+00
1.4000e+02 -1.9000e+02 -3.3374e-01
1.4000e+02 -1.8000e+02 -8.6068e-01
1.4000e+02 -1.7000e+02 -8.0419e-01
1.4000e+02 -1.6000e+02 -1.9856e+00
1.4000e+02 -1.5000e+02 -6.3609e-02
1.4000e+02 -1.4000e+02 5.7599e-01
1.4000e+02 -1.3000e+02 1.6554e+00
1.4000e+02 -1.2000e+02 4.1442e+00
1.4000e+02 -1.1000e+02 4.0525e-01
1.4000e+02 -1.0000e+02 -7.7366e-01
1.4000e+02 -9.0000e+01 -1.2908e+00
1.4000e+02 -8.0000e+01 -7.5441e-01
1.4000e+02 -7.0000e+01 1.1397e+00
1.4000e+02 -6.0000e+01 1.0851e+00
1.4000e+02 -5.0000e+01 -1.3744e+00
1.4000e+02 -4.0000e+01 -4.0315e+00
1.4000e+02 -3.0000e+01 -4.0751e+00
1.4000e+02 -2.0000e+01 -1.9745e+00
1.4000e+02 -1.0000e+01 -1.5738e+00
1.4000e+02 0.0000e+00 -4.4304e-01
1.4000e+02 1.0000e+01 -1.6441e+00
1.4000e+02 2.0000e+01 -5.4192e-01
1.4000e+02 3.0000e+01 2.0646e+00
1.4000e+02 4.0000e+01 -4.2271e-01
1.4000e+02 5.0000e+01 -2.0486e-01
1.4000e+02 6.0000e+01 -7.5399e-01
1.4000e+02 7.0000e+01 1.5989e+00
1.4000e+02 8.0000e+01 -6.8884e-01
1.4000e+02 9.0000e+01 -1.6114e+00
1.4000e+02 1.0000e+02 7.4903e-02
1.4000e+02 1.1000e+02 1.8646e+00
1.4000e+02 1.2000e+02 2.4041e+00
1.4000e+02 1.3000e+02 -3.4602e-02
1.4000e+02 1.4000e+02 -2.1223e+00
1.4000e+02 1.5000e+02 -2.1886e+00
1.4000e+02 1.6000e+02 -6.8966e-01
1.4000e+02 1.7000e+02 -2.5012e+00
1.4000e+02 1.8000e+02 2.1478e+00
1.4000e+02 1.9000e+02 -1.3204e+00
1.4000e+02 2.0000e+02 -7.0761e-01
1.5000e+02 -2.0000e+02 -1.7541e+00
1.5000e+02 -1.9000e+02 -2.4781e+00
1.5000e+02 -1.8000e+02 -1.1440e+00
1.5000e+02 -1.7000e+02 -1.1127e+00
1.5000e+02 -1.6000e+02 -1.4831e+00
1.5000e+02 -1.5000e+02 -5.7422e-01
1.5000e+02 -1.4000e+02 -2.1896e+00
1.5000e+02 -1.3000e+02 -1.5184e+00
1.5000e+02 -1.2000e+02 2.1324e-01
1.5000e+02 -1.1000e+02 2.5910e+00
1.5000e+02 -1.0000e+02 5.0026e-02
1.5000e+02 -9.0000e+01 5.2435e-02
1.5000e+02 -8.0000e+01 1.5451e+00
1.5000e+02 -7.0000e+01 1.5075e+00
1.5000e+02 -6.0000e+01 9.0064e-01
1.5000e+02 -5.0000e+01 -2.0407e-01
1.5000e+02 -4.0000e+01 -9.8962e-01
1.5000e+02 -3.0000e+01 -2.1412e+00
1.5000e+02 -2.0000e+01 2.4261e+00
1.5000e+02 -1.0000e+01 -6.5587e-01
1.5000e+02 0.0000e+00 1.3643e+00
1.5000e+02 1.0000e+01 -8.6608e-01
1.5000e+02 2.0000e+01 6.1778e-02
1.5000e+02 3.0000e+01 2.0036e+00
1.5000e+02 4.0000e+01 2.9228e-01
1.5000e+02 5.0000e+01 1.9305e-01
1.5000e+02 6.0000e+01 9.6349e-01
1.5000e+02 7.0000e+01 -6.9968e-01
1.5000e+02 8.0000e+01 3.4944e-01
1.5000e+02 9.0000e+01 2.0588e+00
1.5000e+02 1.0000e+02 -1.1974e+00
1.5000e+02 1.1000e+02 -1.2165e+00
1.5000e+02 1.2000e+02 2.0876e+00
1.5000e+02 1.3000e+02 6.4372e-01
1.5000e+02 1.4000e+02 -1.0207e+00
1.5000e+02 1.5000e+02 4.1713e-01
1.5000e+02 1.6000e+02 1.8742e+00
1.5000e+02 1.7000e+02 1.4950e+00
1.5000e+02 1.8000e+02 -3.4266e-01
1.5000e+02 1.9000e+02 -9.1575e-01
1.5000e+02 2.0000e+02 -1.5208e-01
1.6000e+02 -2.0000e+02 3.1390e+00
1.6000e+02 -1.9000e+02 -2.9231e-01
1.6000e+02 -1.8000e+02 1.7806e+00
1.6000e+02 -1.7000e+02 -1.3660e-01
1.6000e+02 -1.6000e+02 -2.5370e+00
1.6000e+02 -1.5000e+02 -1.4230e+00
1.6000e+02 -1.4000e+02 -2.0041e+00
1.6000e+02 -1.3000e+02 -9.6176e-01
1.6000e+02 -1.2000e+02 1.7965e+00
1.6000e+02 -1.1000e+02 8.0011e-01
1.6000e+02 -1.0000e+02 -1.5718e+00
1.6000e+02 -9.0000e+01 2.1331e+00
1.6000e+02 -8.0000e+01 3.2099e+00
1.6000e+02 -7.0000e+01 1.3087e+00
1.6000e+02 -6.0000e+01 -1.3383e+00
1.6000e+02 -5.0000e+01 -1.0325e-01
1.6000e+02 -4.0000e+01 3.3910e-01
1.6000e+02 -3.0000e+01 8.9237e-01
1.6000e+02 -2.0000e+01 -5.4561e-01
1.6000e+02 -1.0000e+01 -1.0608e+00
1.6000e+02 0.0000e+00 -1.6792e+00
1.6000e+02 1.0000e+01 9.5390e-01
1.6000e+02 2.0000e+01 -3.7709e-01
1.6000e+02 3.0000e+01 -8.7896e-01
1.6000e+02 4.0000e+01 -1.6101e-02
1.6000e+02 5.0000e+01 -2.2184e+00
1.6000e+02 6.0000e+01 1.2883e+00
1.6000e+02 7.0000e+01 9.7043e-01
1.6000e+02 8.0000e+01 4.8579e-01
1.6000e+02 9.0000e+01 3.6865e-01
1.6000e+02 1.0000e+02 3.9438e+00
1.6000e+02 1.1000e+02 7.4622e-01
1.6000e+02 1.2000e+02 -9.6392e-02
1.6000e+02 1.3000e+02 2.5204e+00
1.6000e+02 1.4000e+02 1.5621e+00
1.6000e+02 1.5000e+02 9.3620e-01
1.6000e+02 1.6000e+02 7.5611e-01
1.6000e+02 1.7000e+02 -2.4388e+00
1.6000e+02 1.8000e+02 9.4121e-01
1.6000e+02 1.9000e+02 -1.2615e+00
1.6000e+02 2.0000e+02 2.0107e-01
1.7000e+02 -2.0000e+02 2.4502e-01
1.7000e+02 -1.9000e+02 -1.7737e+00
1.7000e+02 -1.8000e+02 6.0870e-01
1.7000e+02 -1.7000e+02 2.0452e-01
1.7000e+02 -1.6000e+02 -1.7076e+00
1.7000e+02 -1.5000e+02 1.6861e+00
1.7000e+02 -1.4000e+02 1.4595e+00
1.7000e+02 -1.3000e+02 -7.8258e-01
1.7000e+02 -1.2000e+02 2.3864e-01
1.7000e+02 -1.1000e+02 3.8824e+00
1.7000e+02 -1.0000e+02 -1.7696e+00
1.7000e+02 -9.0000e+01 4.4718e-01
1.7000e+02 -8.0000e+01 -1.3924e+00
1.7000e+02 -7.0000e+01 -5.1128e-01
1.7000e+02 -6.0000e+01 2.0346e+00
1.7000e+02 -5.0000e+01 2.5550e+00
1.7000e+02 -4.0000e+01 -1.4651e+00
1.7000e+02 -3.0000e+01 -2.2364e+00
1.7000e+02 -2.0000e+01 -7.5908e-01
1.7000e+02 -1.0000e+01 -1.7660e+00
1.7000e+02 0.0000e+00 9.1934e-01
1.7000e+02 1.0000e+01 7.2568e-01
1.7000e+02 2.0000e+01 6.2405e-01
1.7000e+02 3.0000e+01 -3.2776e-01
1.7000e+02 4.0000e+01 -1.7071e+00
1.7000e+02 5.0000e+01 -1.0362e+00
1.7000e+02 6.0000e+01 -1.9100e+00
1.7000e+02 7.0000e+01 9.3521e-01
1.7000e+02 8.0000e+01 4.5853e-01
1.7000e+02 9.0000e+01 1.3264e+00
1.7000e+02 1.0000e+02 1.2239e+00
1.7000e+02 1.1000e+02 -3.2633e+00
1.7000e+02 1.2000e+02 3.9550e-01
1.7000e+02 1.3000e+02 3.4908e+00
1.7000e+02 1.4000e+02 1.0485e-01
1.7000e+02 1.5000e+02 -1.6080e+00
1.7000e+02 1.6000e+02 -6.3760e-01
1.7000e+02 1.7000e+02 -4.6224e+00
1.7000e+02 1.8000e+02 1.6607e+00
1.7000e+02 1.9000e+02 -3.4082e-01
1.7000e+02 2.0000e+02 1.9224e-01
1.8000e+02 -2.0000e+02 8.0779e-01
1.8000e+02 -1.9000e+02 -2.8664e-01
1.8000e+02 -1.8000e+02 2.9207e+00
1.8000e+02 -1.7000e+02 4.7563e-01
1.8000e+02 -1.6000e+02 1.0536e+00
1.8000e+02 -1.5000e+02 -5.2179e-01
1.8000e+02 -1.4000e+02 2.7800e-01
1.8000e+02 -1.3000e+02 2.8661e+00
1.8000e+02 -1.2000e+02 6.0127e-01
1.8000e+02 -1.1000e+02 -9.7215e-01
1.8000e+02 -1.0000e+02 -5.6169e-01
1.8000e+02 -9.0000e+01 -2.1026e+00
1.8000e+02 -8.0000e+01 1.4097e+00
1.8000e+02 -7.0000e+01 3.7133e+00
1.8000e+02 -6.0000e+01 -3.0372e+00
1.8000e+02 -5.0000e+01 -6.5949e-01
1.8000e+02 -4.0000e+01 8.2493e-01
1.8000e+02 -3.0000e+01 1.2558e+00
1.8000e+02 -2.0000e+01 -9.3295e-01
1.8000e+02 -1.0000e+01 -2.0382e+00
1.8000e+02 0.0000e+00 -4.7822e-01
1.8000e+02 1.0000e+01 -1.0839e+00
1.8000e+02 2.0000e+01 -8.1220e-01
1.8000e+02 3.0000e+01 1.3796e+00
1.8000e+02 4.0000e+01 -1.3312e+00
1.8000e+02 5.0000e+01 -5.3532e-01
1.8000e+02 6.0000e+01 1.6360e+00
1.8000e+02 7.0000e+01 -5.3348e-02
1.8000e+02 8.0000e+01 -1.5249e-01
1.8000e+02 9.0000e+01 3.0461e+00
1.8000e+02 1.0000e+02 -9.3070e-01
1.8000e+02 1.1000e+02 2.9435e+00
1.8000e+02 1.2000e+02 8.5402e-01
1.8000e+02 1.3000e+02 3.8209e-01
1.8000e+02 1.4000e+02 -1.4854e-02
1.8000e+02 1.5000e+02 1.1703e+00
1.8000e+02 1.6000e+02 -1.6070e-01
1.8000e+02 1.7000e+02 -1.3482e+00
1.8000e+02 1.8000e+02 -6.5720e-01
1.8000e+02 1.9000e+02 -5.1781e-01
1.8000e+02 2.0000e+02 -5.4924e-01
1.9000e+02 -2.0000e+02 3.8741e-01
1.9000e+02 -1.9000e+02 -2.0459e+00
1.9000e+02 -1.8000e+02 2.0370e+00
1.9000e+02 -1.7000e+02 1.8514e+00
1.9000e+02 -1.6000e+02 1.4981e+00
1.9000e+02 -1.5000e+02 5.7859e-01
1.9000e+02 -1.4000e+02 -9.7814e-01
1.9000e+02 -1.3000e+02 -7.6459e-01
1.9000e+02 -1.2000e+02 -1.6326e+00
1.9000e+02 -1.1000e+02 -8.5120e-01
1.9000e+02 -1.0000e+02 -8.5196e-01
1.9000e+02 -9.0000e+01 1.2051e+00
1.9000e+02 -8.0000e+01 -2.7320e-01
1.9000e+02 -7.0000e+01 -1.6381e+00
1.9000e+02 -6.0000e+01 -1.5396e+00
1.9000e+02 -5.0000e+01 -3.9716e+00
1.9000e+02 -4.0000e+01 3.0891e-01
1.9000e+02 -3.0000e+01 8.1213e-01
1.9000e+02 -2.0000e+01 1.2552e+00
1.9000e+02 -1.0000e+01 -8.3596e-02
1.9000e+02 0.0000e+00 -1.0961e+00
1.9000e+02 1.0000e+01 -1.2178e+00
1.9000e+02 2.0000e+01 -6.2456e-01
1.9000e+02 3.0000e+01 -7.7644e-01
1.9000e+02 4.0000e+01 -1.0949e-01
1.9000e+02 5.0000e+01 7.8085e-01
1.9000e+02 6.0000e+01 -1.3974e+00
1.9000e+02 7.0000e+01 1.2254e+00
1.9000e+02 8.0000e+01 -9.1960e-01
1.9000e+02 9.0000e+01 -1.7041e+00
1.9000e+02 1.0000e+02 -2.7478e-01
1.9000e+02 1.1000e+02 -2.9989e-01
1.9000e+02 1.2000e+02 -4.0940e-01
1.9000e+02 1.3000e+02 -8.8802e-01
1.9000e+02 1.4000e+02 -1.1549e+00
1.9000e+02 1.5000e+02 -2.7964e-01
1.9000e+02 1.6000e+02 -3.7620e+00
1.9000e+02 1.7000e+02 7.1061e-01
1.9000e+02 1.8000e+02 1.6380e+00
1.9000e+02 1.9000e+02 -1.9793e+00
1.9000e+02 2.0000e+02 6.5673e-01
2.0000e+02 -2.0000e+02 -1.2401e+00
2.0000e+02 -1.9000e+02 -4.5690e-01
2.0000e+02 -1.8000e+02 -2.3891e+00
2.0000e+02 -1.7000e+02 2.4921e+00
2.0000e+02 -1.6000e+02 -2.1560e-01
2.0000e+02 -1.5000e+02 -2.0306e+00
2.0000e+02 -1.4000e+02 3.0744e-01
2.0000e+02 -1.3000e+02 -8.9530e-01
2.0000e+02 -1.2000e+02 1.9472e-01
2.0000e+02 -1.1000e+02 -1.3992e+00
2.0000e+02 -1.0000e+02 -3.2889e-01
2.0000e+02 -9.0000e+01 1.5839e-02
2.0000e+02 -8.0000e+01 2.9793e+00
2.0000e+02 -7.0000e+01 3.4950e+00
2.0000e+02 -6.0000e+01 -6.7498e-01
2.0000e+02 -5.0000e+01 -2.0121e+00
2.0000e+02 -4.0000e+01 1.2533e+00
2.0000e+02 -3.0000e+01 1.1732e+00
2.0000e+02 -2.0000e+01 1.4590e-01
2.0000e+02 -1.0000e+01 6.1187e-01
2.0000e+02 0.0000e+00 -1.3688e+00
2.0000e+02 1.0000e+01 -9.2754e-01
2.0000e+02 2.0000e+01 4.7236e-01
2.0000e+02 3.0000e+01 2.0103e-01
2.0000e+02 4.0000e+01 3.6706e-01
2.0000e+02 5.0000e+01 -6.2991e-01
2.0000e+02 6.0000e+01 4.0294e-01
2.0000e+02 7.0000e+01 2.1129e-01
2.0000e+02 8.0000e+01 -8.6187e-01
2.0000e+02 9.0000e+01 -1.6292e+00
2.0000e+02 1.0000e+02 2.6812e+00
2.0000e+02 1.1000e+02 2.2757e+00
2.0000e+02 1.2000e+02 -1.0957e+00
2.0000e+02 1.3000e+02 -5.7375e-01
2.0000e+02 1.4000e+02 1.5914e+00
2.0000e+02 1.5000e+02 -2.1347e-01
2.0000e+02 1.6000e+02 5.7198e-01
2.0000e+02 1.7000e+02 1.9368e-02
2.0000e+02 1.8000e+02 6.5081e-01
2.0000e+02 1.9000e+02 -1.5922e+00
2.0000e+02 2.0000e+02 3.1642e+00
